100	0.1	0.16	0.16	0	0	0.1
200	0.12	0.16	0.16	0	0	0.12
300	0.12	0.2	0.2	0	0	0.12
400	0.18	0.2	0.2	0	0	0.18
500	0.22	0.2	0.2	0	0	0.22
600	0.24	0.2	0.2	0	0	0.24
700	0.24	0.24	0.24	0	0	0.24
800	0.24	0.24	0.24	0	0	0.24
900	0.24	0.24	0.24	0	0	0.24
1000	0.28	0.22	0.22	0	0	0.28
1100	0.28	0.22	0.22	0	0	0.28
1200	0.28	0.22	0.22	0	0	0.28
1300	0.28	0.22	0.22	0	0	0.28
1400	0.28	0.24	0.24	0	0	0.28
1500	0.3	0.24	0.24	0	0	0.3
1600	0.26	0.26	0.26	0	0	0.26
1700	0.26	0.26	0.26	0	0	0.26
1800	0.26	0.28	0.28	0	0	0.26
1900	0.26	0.28	0.28	0	0	0.26
2000	0.26	0.28	0.28	0	0	0.26
2100	0.28	0.3	0.3	0	0	0.28
2200	0.3	0.3	0.3	0	0	0.3
2300	0.3	0.3	0.3	0	0	0.3
2400	0.3	0.32	0.32	0	0	0.3
2500	0.3	0.32	0.32	0	0	0.3
2600	0.3	0.34	0.34	0	0	0.3
2700	0.32	0.32	0.32	0	0	0.32
2800	0.32	0.28	0.28	0	0	0.32
2900	0.32	0.28	0.28	0	0	0.32
3000	0.32	0.28	0.28	0	0	0.32
3100	0.34	0.28	0.28	0	0	0.34
3200	0.34	0.3	0.3	0	0	0.34
3300	0.34	0.3	0.3	0	0	0.34
3400	0.34	0.3	0.3	0	0	0.34
3500	0.34	0.3	0.3	0	0	0.34
3600	0.34	0.3	0.3	0	0	0.34
3700	0.34	0.3	0.3	0	0	0.34
3800	0.34	0.3	0.3	0	0	0.34
3900	0.34	0.32	0.32	0	0	0.34
4000	0.34	0.3	0.3	0	0	0.34
4100	0.34	0.3	0.3	0	0	0.34
4200	0.34	0.3	0.3	0	0	0.34
4300	0.34	0.3	0.3	0	0	0.34
4400	0.32	0.3	0.3	0	0	0.32
4500	0.32	0.34	0.34	0	0	0.32
4600	0.32	0.38	0.38	0	0	0.32
4700	0.32	0.38	0.38	0	0	0.32
4800	0.3	0.4	0.4	0	0	0.3
4900	0.3	0.4	0.4	0	0	0.3
5000	0.3	0.4	0.4	0	0	0.3
5100	0.32	0.4	0.4	0	0	0.32
5200	0.32	0.4	0.4	0	0	0.32
5300	0.32	0.4	0.4	0	0	0.32
5400	0.34	0.4	0.4	0	0	0.34
5500	0.34	0.4	0.4	0	0	0.34
5600	0.34	0.4	0.4	0	0	0.34
5700	0.36	0.4	0.4	0	0	0.36
5800	0.36	0.4	0.4	0	0	0.36
5900	0.36	0.42	0.42	0	0	0.36
6000	0.36	0.42	0.42	0	0	0.36
6100	0.36	0.42	0.42	0	0	0.36
6200	0.36	0.42	0.42	0	0	0.36
6300	0.38	0.42	0.42	0	0	0.38
6400	0.38	0.44	0.44	0	0	0.38
6500	0.38	0.44	0.44	0	0	0.38
6600	0.38	0.44	0.44	0	0	0.38
6700	0.38	0.46	0.46	0	0	0.38
6800	0.38	0.46	0.46	0	0	0.38
6900	0.38	0.46	0.46	0	0	0.38
7000	0.38	0.48	0.48	0	0	0.38
7100	0.38	0.46	0.46	0	0	0.38
7200	0.38	0.46	0.46	0	0	0.38
7300	0.38	0.44	0.44	0	0	0.38
7400	0.38	0.44	0.44	0	0	0.38
7500	0.38	0.44	0.44	0	0	0.38
7600	0.38	0.44	0.44	0	0	0.38
7700	0.36	0.44	0.44	0	0	0.36
7800	0.34	0.44	0.44	0	0	0.34
7900	0.34	0.44	0.44	0	0	0.34
8000	0.34	0.44	0.44	0	0	0.34
8100	0.34	0.44	0.44	0	0	0.34
8200	0.34	0.44	0.44	0	0	0.34
8300	0.34	0.44	0.44	0	0	0.34
8400	0.34	0.44	0.44	0	0	0.34
8500	0.36	0.44	0.44	0	0	0.36
8600	0.36	0.44	0.44	0	0	0.36
8700	0.36	0.44	0.44	0	0	0.36
8800	0.34	0.44	0.44	0	0	0.34
8900	0.34	0.44	0.44	0	0	0.34
9000	0.34	0.44	0.44	0	0	0.34
9100	0.34	0.44	0.44	0	0	0.34
9200	0.34	0.46	0.46	0	0	0.34
9300	0.32	0.46	0.46	0	0	0.32
9400	0.32	0.46	0.46	0	0	0.32
9500	0.32	0.46	0.46	0	0	0.32
9600	0.34	0.46	0.46	0	0	0.34
9700	0.34	0.46	0.46	0	0	0.34
9800	0.34	0.46	0.46	0	0	0.34
9900	0.34	0.44	0.44	0	0	0.34
10000	0.34	0.44	0.44	0	0	0.34
10100	0.34	0.44	0.44	0	0	0.34
10200	0.36	0.44	0.44	0	0	0.36
10300	0.36	0.44	0.44	0	0	0.36
10400	0.36	0.44	0.44	0	0	0.36
10500	0.34	0.44	0.44	0	0	0.34
10600	0.34	0.44	0.44	0	0	0.34
10700	0.34	0.44	0.44	0	0	0.34
10800	0.34	0.44	0.44	0	0	0.34
10900	0.34	0.42	0.42	0	0	0.34
11000	0.34	0.42	0.42	0	0	0.34
11100	0.32	0.42	0.42	0	0	0.32
11200	0.32	0.4	0.4	0	0	0.32
11300	0.32	0.4	0.4	0	0	0.32
11400	0.32	0.42	0.42	0	0	0.32
11500	0.32	0.4	0.4	0	0	0.32
11600	0.32	0.4	0.4	0	0	0.32
11700	0.32	0.4	0.4	0	0	0.32
11800	0.32	0.4	0.4	0	0	0.32
11900	0.34	0.4	0.4	0	0	0.34
12000	0.36	0.4	0.4	0	0	0.36
12100	0.36	0.4	0.4	0	0	0.36
12200	0.36	0.4	0.4	0	0	0.36
12300	0.36	0.4	0.4	0	0	0.36
12400	0.36	0.4	0.4	0	0	0.36
12500	0.36	0.4	0.4	0	0	0.36
12600	0.36	0.4	0.4	0	0	0.36
12700	0.36	0.4	0.4	0	0	0.36
12800	0.36	0.4	0.4	0	0	0.36
12900	0.36	0.38	0.38	0	0	0.36
13000	0.36	0.38	0.38	0	0	0.36
13100	0.36	0.4	0.4	0	0	0.36
13200	0.36	0.4	0.4	0	0	0.36
13300	0.4	0.4	0.4	0	0	0.4
13400	0.4	0.4	0.4	0	0	0.4
13500	0.4	0.42	0.42	0	0	0.4
13600	0.38	0.42	0.42	0	0	0.38
13700	0.38	0.42	0.42	0	0	0.38
13800	0.38	0.4	0.4	0	0	0.38
13900	0.38	0.42	0.42	0	0	0.38
14000	0.38	0.4	0.4	0	0	0.38
14100	0.4	0.4	0.4	0	0	0.4
14200	0.4	0.4	0.4	0	0	0.4
14300	0.4	0.4	0.4	0	0	0.4
14400	0.4	0.4	0.4	0	0	0.4
14500	0.4	0.4	0.4	0	0	0.4
14600	0.4	0.4	0.4	0	0	0.4
14700	0.4	0.4	0.4	0	0	0.4
14800	0.4	0.4	0.4	0	0	0.4
14900	0.4	0.4	0.4	0	0	0.4
15000	0.4	0.4	0.4	0	0	0.4
15100	0.4	0.4	0.4	0	0	0.4
15200	0.4	0.4	0.4	0	0	0.4
15300	0.4	0.4	0.4	0	0	0.4
15400	0.38	0.42	0.42	0	0	0.38
15500	0.38	0.4	0.4	0	0	0.38
15600	0.38	0.4	0.4	0	0	0.38
15700	0.38	0.4	0.4	0	0	0.38
15800	0.38	0.4	0.4	0	0	0.38
15900	0.38	0.4	0.4	0	0	0.38
16000	0.38	0.38	0.38	0	0	0.38
16100	0.38	0.38	0.38	0	0	0.38
16200	0.38	0.38	0.38	0	0	0.38
16300	0.4	0.38	0.38	0	0	0.4
16400	0.4	0.38	0.38	0	0	0.4
16500	0.4	0.38	0.38	0	0	0.4
16600	0.42	0.36	0.36	0	0	0.42
16700	0.4	0.38	0.38	0	0	0.4
16800	0.4	0.38	0.38	0	0	0.4
16900	0.4	0.38	0.38	0	0	0.4
17000	0.4	0.38	0.38	0	0	0.4
17100	0.4	0.38	0.38	0	0	0.4
17200	0.4	0.38	0.38	0	0	0.4
17300	0.42	0.38	0.38	0	0	0.42
17400	0.42	0.38	0.38	0	0	0.42
17500	0.42	0.38	0.38	0	0	0.42
17600	0.42	0.38	0.38	0	0	0.42
17700	0.42	0.38	0.38	0	0	0.42
17800	0.42	0.38	0.38	0	0	0.42
17900	0.42	0.38	0.38	0	0	0.42
18000	0.42	0.4	0.4	0	0	0.42
18100	0.42	0.4	0.4	0	0	0.42
18200	0.42	0.4	0.4	0	0	0.42
18300	0.42	0.4	0.4	0	0	0.42
18400	0.4	0.4	0.4	0	0	0.4
18500	0.4	0.4	0.4	0	0	0.4
18600	0.4	0.4	0.4	0	0	0.4
18700	0.42	0.4	0.4	0	0	0.42
18800	0.42	0.4	0.4	0	0	0.42
18900	0.42	0.42	0.42	0	0	0.42
19000	0.42	0.42	0.42	0	0	0.42
19100	0.42	0.42	0.42	0	0	0.42
19200	0.42	0.44	0.44	0	0	0.42
19300	0.42	0.44	0.44	0	0	0.42
19400	0.42	0.44	0.44	0	0	0.42
19500	0.42	0.44	0.44	0	0	0.42
19600	0.42	0.44	0.44	0	0	0.42
19700	0.42	0.44	0.44	0	0	0.42
19800	0.42	0.44	0.44	0	0	0.42
19900	0.42	0.44	0.44	0	0	0.42
20000	0.42	0.46	0.46	0	0	0.42
20100	0.4	0.46	0.46	0	0	0.4
20200	0.4	0.48	0.48	0	0	0.4
20300	0.4	0.48	0.48	0	0	0.4
20400	0.4	0.48	0.48	0	0	0.4
20500	0.4	0.48	0.48	0	0	0.4
20600	0.4	0.48	0.48	0	0	0.4
20700	0.42	0.48	0.48	0	0	0.42
20800	0.42	0.48	0.48	0	0	0.42
20900	0.42	0.48	0.48	0	0	0.42
21000	0.42	0.48	0.48	0	0	0.42
21100	0.42	0.48	0.48	0	0	0.42
21200	0.42	0.48	0.48	0	0	0.42
21300	0.42	0.48	0.48	0	0	0.42
21400	0.42	0.48	0.48	0	0	0.42
21500	0.42	0.48	0.48	0	0	0.42
21600	0.42	0.48	0.48	0	0	0.42
21700	0.44	0.48	0.48	0	0	0.44
21800	0.44	0.48	0.48	0	0	0.44
21900	0.44	0.48	0.48	0	0	0.44
22000	0.46	0.48	0.48	0	0	0.46
22100	0.46	0.48	0.48	0	0	0.46
22200	0.46	0.48	0.48	0	0	0.46
22300	0.44	0.48	0.48	0	0	0.44
22400	0.44	0.48	0.48	0	0	0.44
22500	0.44	0.48	0.48	0	0	0.44
22600	0.46	0.46	0.46	0	0	0.46
22700	0.44	0.46	0.46	0	0	0.44
22800	0.44	0.46	0.46	0	0	0.44
22900	0.44	0.46	0.46	0	0	0.44
23000	0.44	0.46	0.46	0	0	0.44
23100	0.44	0.46	0.46	0	0	0.44
23200	0.44	0.46	0.46	0	0	0.44
23300	0.44	0.46	0.46	0	0	0.44
23400	0.44	0.46	0.46	0	0	0.44
23500	0.44	0.48	0.48	0	0	0.44
23600	0.44	0.48	0.48	0	0	0.44
23700	0.44	0.48	0.48	0	0	0.44
23800	0.44	0.48	0.48	0	0	0.44
23900	0.44	0.46	0.46	0	0	0.44
24000	0.44	0.46	0.46	0	0	0.44
24100	0.44	0.46	0.46	0	0	0.44
24200	0.44	0.46	0.46	0	0	0.44
24300	0.44	0.46	0.46	0	0	0.44
24400	0.44	0.46	0.46	0	0	0.44
24500	0.46	0.46	0.46	0	0	0.46
24600	0.46	0.46	0.46	0	0	0.46
24700	0.46	0.48	0.48	0	0	0.46
24800	0.46	0.46	0.46	0	0	0.46
24900	0.46	0.46	0.46	0	0	0.46
25000	0.46	0.46	0.46	0	0	0.46
25100	0.46	0.46	0.46	0	0	0.46
25200	0.46	0.46	0.46	0	0	0.46
25300	0.46	0.46	0.46	0	0	0.46
25400	0.46	0.46	0.46	0	0	0.46
25500	0.46	0.46	0.46	0	0	0.46
25600	0.46	0.46	0.46	0	0	0.46
25700	0.46	0.46	0.46	0	0	0.46
25800	0.46	0.48	0.48	0	0	0.46
25900	0.46	0.48	0.48	0	0	0.46
26000	0.46	0.48	0.48	0	0	0.46
26100	0.46	0.48	0.48	0	0	0.46
26200	0.46	0.48	0.48	0	0	0.46
26300	0.46	0.5	0.5	0	0	0.46
26400	0.46	0.5	0.5	0	0	0.46
26500	0.46	0.5	0.5	0	0	0.46
26600	0.46	0.48	0.48	0	0	0.46
26700	0.46	0.46	0.46	0	0	0.46
26800	0.46	0.46	0.46	0	0	0.46
26900	0.44	0.44	0.44	0	0	0.44
27000	0.44	0.44	0.44	0	0	0.44
27100	0.44	0.44	0.44	0	0	0.44
27200	0.44	0.44	0.44	0	0	0.44
27300	0.44	0.44	0.44	0	0	0.44
27400	0.44	0.44	0.44	0	0	0.44
27500	0.44	0.44	0.44	0	0	0.44
27600	0.44	0.44	0.44	0	0	0.44
27700	0.44	0.44	0.44	0	0	0.44
27800	0.44	0.44	0.44	0	0	0.44
27900	0.46	0.44	0.44	0	0	0.46
28000	0.46	0.44	0.44	0	0	0.46
28100	0.46	0.44	0.44	0	0	0.46
28200	0.46	0.44	0.44	0	0	0.46
28300	0.48	0.44	0.44	0	0	0.48
28400	0.48	0.44	0.44	0	0	0.48
28500	0.48	0.44	0.44	0	0	0.48
28600	0.48	0.44	0.44	0	0	0.48
28700	0.48	0.44	0.44	0	0	0.48
28800	0.48	0.44	0.44	0	0	0.48
28900	0.48	0.44	0.44	0	0	0.48
29000	0.48	0.44	0.44	0	0	0.48
29100	0.48	0.46	0.46	0	0	0.48
29200	0.48	0.46	0.46	0	0	0.48
29300	0.48	0.46	0.46	0	0	0.48
29400	0.48	0.46	0.46	0	0	0.48
29500	0.48	0.46	0.46	0	0	0.48
29600	0.48	0.46	0.46	0	0	0.48
29700	0.48	0.46	0.46	0	0	0.48
29800	0.48	0.44	0.44	0	0	0.48
29900	0.48	0.44	0.44	0	0	0.48
30000	0.48	0.42	0.42	0	0	0.48
30100	0.48	0.42	0.42	0	0	0.48
30200	0.48	0.42	0.42	0	0	0.48
30300	0.48	0.42	0.42	0	0	0.48
30400	0.48	0.42	0.42	0	0	0.48
30500	0.48	0.42	0.42	0	0	0.48
30600	0.5	0.42	0.42	0	0	0.5
30700	0.52	0.42	0.42	0	0	0.52
30800	0.5	0.42	0.42	0	0	0.5
30900	0.5	0.42	0.42	0	0	0.5
31000	0.5	0.42	0.42	0	0	0.5
31100	0.5	0.42	0.42	0	0	0.5
31200	0.5	0.42	0.42	0	0	0.5
31300	0.52	0.42	0.42	0	0	0.52
31400	0.5	0.42	0.42	0	0	0.5
31500	0.5	0.42	0.42	0	0	0.5
31600	0.5	0.42	0.42	0	0	0.5
31700	0.5	0.42	0.42	0	0	0.5
31800	0.52	0.42	0.42	0	0	0.52
31900	0.52	0.42	0.42	0	0	0.52
32000	0.54	0.42	0.42	0	0	0.54
32100	0.54	0.42	0.42	0	0	0.54
32200	0.54	0.42	0.42	0	0	0.54
32300	0.54	0.42	0.42	0	0	0.54
32400	0.54	0.42	0.42	0	0	0.54
32500	0.54	0.42	0.42	0	0	0.54
32600	0.52	0.42	0.42	0	0	0.52
32700	0.52	0.42	0.42	0	0	0.52
32800	0.52	0.42	0.42	0	0	0.52
32900	0.52	0.42	0.42	0	0	0.52
33000	0.52	0.42	0.42	0	0	0.52
33100	0.52	0.42	0.42	0	0	0.52
33200	0.52	0.42	0.42	0	0	0.52
33300	0.52	0.42	0.42	0	0	0.52
33400	0.54	0.42	0.42	0	0	0.54
33500	0.54	0.42	0.42	0	0	0.54
33600	0.54	0.44	0.44	0	0	0.54
33700	0.54	0.44	0.44	0	0	0.54
33800	0.54	0.44	0.44	0	0	0.54
33900	0.54	0.44	0.44	0	0	0.54
34000	0.54	0.44	0.44	0	0	0.54
34100	0.54	0.44	0.44	0	0	0.54
34200	0.54	0.44	0.44	0	0	0.54
34300	0.54	0.44	0.44	0	0	0.54
34400	0.54	0.44	0.44	0	0	0.54
34500	0.54	0.44	0.44	0	0	0.54
34600	0.54	0.44	0.44	0	0	0.54
34700	0.54	0.44	0.44	0	0	0.54
34800	0.54	0.44	0.44	0	0	0.54
34900	0.54	0.44	0.44	0	0	0.54
35000	0.54	0.44	0.44	0	0	0.54
35100	0.54	0.44	0.44	0	0	0.54
35200	0.54	0.44	0.44	0	0	0.54
35300	0.54	0.44	0.44	0	0	0.54
35400	0.54	0.44	0.44	0	0	0.54
35500	0.54	0.44	0.44	0	0	0.54
35600	0.54	0.44	0.44	0	0	0.54
35700	0.54	0.44	0.44	0	0	0.54
35800	0.54	0.44	0.44	0	0	0.54
35900	0.54	0.44	0.44	0	0	0.54
36000	0.54	0.44	0.44	0	0	0.54
36100	0.54	0.44	0.44	0	0	0.54
36200	0.54	0.44	0.44	0	0	0.54
36300	0.54	0.44	0.44	0	0	0.54
36400	0.54	0.44	0.44	0	0	0.54
36500	0.54	0.44	0.44	0	0	0.54
36600	0.54	0.44	0.44	0	0	0.54
36700	0.54	0.44	0.44	0	0	0.54
36800	0.54	0.44	0.44	0	0	0.54
36900	0.54	0.42	0.42	0	0	0.54
37000	0.54	0.42	0.42	0	0	0.54
37100	0.54	0.42	0.42	0	0	0.54
37200	0.54	0.42	0.42	0	0	0.54
37300	0.54	0.42	0.42	0	0	0.54
37400	0.54	0.42	0.42	0	0	0.54
37500	0.54	0.42	0.42	0	0	0.54
37600	0.54	0.44	0.44	0	0	0.54
37700	0.54	0.44	0.44	0	0	0.54
37800	0.54	0.44	0.44	0	0	0.54
37900	0.54	0.44	0.44	0	0	0.54
38000	0.54	0.44	0.44	0	0	0.54
38100	0.54	0.44	0.44	0	0	0.54
38200	0.54	0.44	0.44	0	0	0.54
38300	0.54	0.44	0.44	0	0	0.54
38400	0.54	0.44	0.44	0	0	0.54
38500	0.54	0.44	0.44	0	0	0.54
38600	0.54	0.44	0.44	0	0	0.54
38700	0.54	0.44	0.44	0	0	0.54
38800	0.54	0.44	0.44	0	0	0.54
38900	0.54	0.44	0.44	0	0	0.54
39000	0.54	0.44	0.44	0	0	0.54
39100	0.54	0.44	0.44	0	0	0.54
39200	0.52	0.44	0.44	0	0	0.52
39300	0.52	0.44	0.44	0	0	0.52
39400	0.52	0.44	0.44	0	0	0.52
39500	0.52	0.44	0.44	0	0	0.52
39600	0.52	0.44	0.44	0	0	0.52
39700	0.5	0.44	0.44	0	0	0.5
39800	0.5	0.44	0.44	0	0	0.5
39900	0.5	0.44	0.44	0	0	0.5
40000	0.5	0.44	0.44	0	0	0.5
40100	0.5	0.46	0.46	0	0	0.5
40200	0.5	0.46	0.46	0	0	0.5
40300	0.5	0.46	0.46	0	0	0.5
40400	0.5	0.46	0.46	0	0	0.5
40500	0.5	0.46	0.46	0	0	0.5
40600	0.5	0.46	0.46	0	0	0.5
40700	0.5	0.46	0.46	0	0	0.5
40800	0.5	0.46	0.46	0	0	0.5
40900	0.5	0.46	0.46	0	0	0.5
41000	0.5	0.46	0.46	0	0	0.5
41100	0.5	0.46	0.46	0	0	0.5
41200	0.5	0.46	0.46	0	0	0.5
41300	0.52	0.46	0.46	0	0	0.52
41400	0.5	0.46	0.46	0	0	0.5
41500	0.5	0.46	0.46	0	0	0.5
41600	0.5	0.46	0.46	0	0	0.5
41700	0.5	0.46	0.46	0	0	0.5
41800	0.5	0.46	0.46	0	0	0.5
41900	0.5	0.46	0.46	0	0	0.5
42000	0.5	0.46	0.46	0	0	0.5
42100	0.5	0.46	0.46	0	0	0.5
42200	0.5	0.46	0.46	0	0	0.5
42300	0.5	0.46	0.46	0	0	0.5
42400	0.5	0.46	0.46	0	0	0.5
42500	0.5	0.46	0.46	0	0	0.5
42600	0.5	0.46	0.46	0	0	0.5
42700	0.5	0.46	0.46	0	0	0.5
42800	0.5	0.46	0.46	0	0	0.5
42900	0.48	0.46	0.46	0	0	0.48
43000	0.48	0.46	0.46	0	0	0.48
43100	0.48	0.46	0.46	0	0	0.48
43200	0.5	0.46	0.46	0	0	0.5
43300	0.5	0.46	0.46	0	0	0.5
43400	0.5	0.46	0.46	0	0	0.5
43500	0.5	0.46	0.46	0	0	0.5
43600	0.5	0.46	0.46	0	0	0.5
43700	0.5	0.46	0.46	0	0	0.5
43800	0.5	0.46	0.46	0	0	0.5
43900	0.5	0.46	0.46	0	0	0.5
44000	0.5	0.44	0.44	0	0	0.5
44100	0.5	0.44	0.44	0	0	0.5
44200	0.5	0.44	0.44	0	0	0.5
44300	0.5	0.44	0.44	0	0	0.5
44400	0.5	0.44	0.44	0	0	0.5
44500	0.5	0.44	0.44	0	0	0.5
44600	0.5	0.44	0.44	0	0	0.5
44700	0.5	0.44	0.44	0	0	0.5
44800	0.48	0.44	0.44	0	0	0.48
44900	0.48	0.44	0.44	0	0	0.48
45000	0.48	0.42	0.42	0	0	0.48
45100	0.48	0.42	0.42	0	0	0.48
45200	0.48	0.42	0.42	0	0	0.48
45300	0.48	0.42	0.42	0	0	0.48
45400	0.48	0.42	0.42	0	0	0.48
45500	0.48	0.42	0.42	0	0	0.48
45600	0.48	0.42	0.42	0	0	0.48
45700	0.48	0.42	0.42	0	0	0.48
45800	0.48	0.42	0.42	0	0	0.48
45900	0.48	0.42	0.42	0	0	0.48
46000	0.48	0.42	0.42	0	0	0.48
46100	0.48	0.42	0.42	0	0	0.48
46200	0.48	0.44	0.44	0	0	0.48
46300	0.48	0.44	0.44	0	0	0.48
46400	0.48	0.44	0.44	0	0	0.48
46500	0.46	0.44	0.44	0	0	0.46
46600	0.46	0.44	0.44	0	0	0.46
46700	0.46	0.44	0.44	0	0	0.46
46800	0.46	0.46	0.46	0	0	0.46
46900	0.46	0.46	0.46	0	0	0.46
47000	0.46	0.46	0.46	0	0	0.46
47100	0.46	0.46	0.46	0	0	0.46
47200	0.46	0.46	0.46	0	0	0.46
47300	0.46	0.46	0.46	0	0	0.46
47400	0.46	0.46	0.46	0	0	0.46
47500	0.46	0.46	0.46	0	0	0.46
47600	0.46	0.46	0.46	0	0	0.46
47700	0.46	0.46	0.46	0	0	0.46
47800	0.46	0.46	0.46	0	0	0.46
47900	0.46	0.46	0.46	0	0	0.46
48000	0.46	0.46	0.46	0	0	0.46
48100	0.46	0.46	0.46	0	0	0.46
48200	0.46	0.46	0.46	0	0	0.46
48300	0.46	0.46	0.46	0	0	0.46
48400	0.46	0.48	0.48	0	0	0.46
48500	0.46	0.48	0.48	0	0	0.46
48600	0.46	0.48	0.48	0	0	0.46
48700	0.46	0.48	0.48	0	0	0.46
48800	0.46	0.48	0.48	0	0	0.46
48900	0.46	0.48	0.48	0	0	0.46
49000	0.46	0.48	0.48	0	0	0.46
49100	0.46	0.48	0.48	0	0	0.46
49200	0.46	0.48	0.48	0	0	0.46
49300	0.46	0.48	0.48	0	0	0.46
49400	0.46	0.48	0.48	0	0	0.46
49500	0.46	0.48	0.48	0	0	0.46
49600	0.46	0.48	0.48	0	0	0.46
49700	0.46	0.48	0.48	0	0	0.46
49800	0.46	0.48	0.48	0	0	0.46
49900	0.46	0.48	0.48	0	0	0.46
50000	0.46	0.48	0.48	0	0	0.46
50100	0.46	0.48	0.48	0	0	0.46
50200	0.46	0.48	0.48	0	0	0.46
50300	0.46	0.48	0.48	0	0	0.46
50400	0.46	0.48	0.48	0	0	0.46
50500	0.46	0.46	0.46	0	0	0.46
50600	0.46	0.46	0.46	0	0	0.46
50700	0.46	0.46	0.46	0	0	0.46
50800	0.46	0.46	0.46	0	0	0.46
50900	0.46	0.46	0.46	0	0	0.46
51000	0.46	0.46	0.46	0	0	0.46
51100	0.46	0.46	0.46	0	0	0.46
51200	0.46	0.46	0.46	0	0	0.46
51300	0.46	0.48	0.48	0	0	0.46
51400	0.46	0.48	0.48	0	0	0.46
51500	0.46	0.48	0.48	0	0	0.46
51600	0.46	0.48	0.48	0	0	0.46
51700	0.46	0.48	0.48	0	0	0.46
51800	0.46	0.48	0.48	0	0	0.46
51900	0.46	0.48	0.48	0	0	0.46
52000	0.46	0.48	0.48	0	0	0.46
52100	0.46	0.48	0.48	0	0	0.46
52200	0.46	0.48	0.48	0	0	0.46
52300	0.46	0.48	0.48	0	0	0.46
52400	0.46	0.48	0.48	0	0	0.46
52500	0.46	0.48	0.48	0	0	0.46
52600	0.46	0.48	0.48	0	0	0.46
52700	0.46	0.48	0.48	0	0	0.46
52800	0.46	0.48	0.48	0	0	0.46
52900	0.46	0.48	0.48	0	0	0.46
53000	0.46	0.48	0.48	0	0	0.46
53100	0.46	0.48	0.48	0	0	0.46
53200	0.46	0.48	0.48	0	0	0.46
53300	0.46	0.48	0.48	0	0	0.46
53400	0.46	0.48	0.48	0	0	0.46
53500	0.46	0.48	0.48	0	0	0.46
53600	0.46	0.48	0.48	0	0	0.46
53700	0.46	0.48	0.48	0	0	0.46
53800	0.48	0.48	0.48	0	0	0.48
53900	0.48	0.48	0.48	0	0	0.48
54000	0.46	0.48	0.48	0	0	0.46
54100	0.46	0.48	0.48	0	0	0.46
54200	0.46	0.48	0.48	0	0	0.46
54300	0.46	0.48	0.48	0	0	0.46
54400	0.46	0.48	0.48	0	0	0.46
54500	0.46	0.48	0.48	0	0	0.46
54600	0.46	0.48	0.48	0	0	0.46
54700	0.46	0.48	0.48	0	0	0.46
54800	0.46	0.48	0.48	0	0	0.46
54900	0.46	0.48	0.48	0	0	0.46
55000	0.46	0.48	0.48	0	0	0.46
55100	0.46	0.48	0.48	0	0	0.46
55200	0.46	0.48	0.48	0	0	0.46
55300	0.46	0.48	0.48	0	0	0.46
55400	0.46	0.48	0.48	0	0	0.46
55500	0.46	0.48	0.48	0	0	0.46
55600	0.46	0.48	0.48	0	0	0.46
55700	0.46	0.48	0.48	0	0	0.46
55800	0.46	0.48	0.48	0	0	0.46
55900	0.46	0.48	0.48	0	0	0.46
56000	0.46	0.48	0.48	0	0	0.46
56100	0.46	0.48	0.48	0	0	0.46
56200	0.44	0.48	0.48	0	0	0.44
56300	0.44	0.48	0.48	0	0	0.44
56400	0.44	0.48	0.48	0	0	0.44
56500	0.46	0.48	0.48	0	0	0.46
56600	0.46	0.48	0.48	0	0	0.46
56700	0.46	0.48	0.48	0	0	0.46
56800	0.48	0.48	0.48	0	0	0.48
56900	0.48	0.48	0.48	0	0	0.48
57000	0.48	0.48	0.48	0	0	0.48
57100	0.48	0.48	0.48	0	0	0.48
57200	0.48	0.48	0.48	0	0	0.48
57300	0.48	0.48	0.48	0	0	0.48
57400	0.48	0.48	0.48	0	0	0.48
57500	0.46	0.48	0.48	0	0	0.46
57600	0.46	0.48	0.48	0	0	0.46
57700	0.46	0.48	0.48	0	0	0.46
57800	0.46	0.48	0.48	0	0	0.46
57900	0.46	0.48	0.48	0	0	0.46
58000	0.46	0.48	0.48	0	0	0.46
58100	0.46	0.48	0.48	0	0	0.46
58200	0.46	0.48	0.48	0	0	0.46
58300	0.48	0.48	0.48	0	0	0.48
58400	0.48	0.48	0.48	0	0	0.48
58500	0.48	0.48	0.48	0	0	0.48
58600	0.48	0.48	0.48	0	0	0.48
58700	0.48	0.48	0.48	0	0	0.48
58800	0.48	0.48	0.48	0	0	0.48
58900	0.48	0.48	0.48	0	0	0.48
59000	0.48	0.48	0.48	0	0	0.48
59100	0.48	0.48	0.48	0	0	0.48
59200	0.48	0.48	0.48	0	0	0.48
59300	0.48	0.48	0.48	0	0	0.48
59400	0.48	0.48	0.48	0	0	0.48
59500	0.48	0.48	0.48	0	0	0.48
59600	0.48	0.48	0.48	0	0	0.48
59700	0.48	0.48	0.48	0	0	0.48
59800	0.46	0.48	0.48	0	0	0.46
59900	0.46	0.48	0.48	0	0	0.46
60000	0.46	0.48	0.48	0	0	0.46
60100	0.46	0.48	0.48	0	0	0.46
60200	0.46	0.48	0.48	0	0	0.46
60300	0.46	0.48	0.48	0	0	0.46
60400	0.46	0.48	0.48	0	0	0.46
60500	0.46	0.48	0.48	0	0	0.46
60600	0.46	0.48	0.48	0	0	0.46
60700	0.46	0.48	0.48	0	0	0.46
60800	0.46	0.48	0.48	0	0	0.46
60900	0.46	0.48	0.48	0	0	0.46
61000	0.46	0.48	0.48	0	0	0.46
61100	0.46	0.48	0.48	0	0	0.46
61200	0.46	0.48	0.48	0	0	0.46
61300	0.46	0.48	0.48	0	0	0.46
61400	0.46	0.48	0.48	0	0	0.46
61500	0.46	0.48	0.48	0	0	0.46
61600	0.46	0.48	0.48	0	0	0.46
61700	0.46	0.48	0.48	0	0	0.46
61800	0.46	0.48	0.48	0	0	0.46
61900	0.46	0.48	0.48	0	0	0.46
62000	0.46	0.48	0.48	0	0	0.46
62100	0.46	0.48	0.48	0	0	0.46
62200	0.46	0.48	0.48	0	0	0.46
62300	0.46	0.48	0.48	0	0	0.46
62400	0.46	0.48	0.48	0	0	0.46
62500	0.46	0.48	0.48	0	0	0.46
62600	0.46	0.48	0.48	0	0	0.46
62700	0.46	0.48	0.48	0	0	0.46
62800	0.46	0.48	0.48	0	0	0.46
62900	0.46	0.48	0.48	0	0	0.46
63000	0.46	0.48	0.48	0	0	0.46
63100	0.46	0.48	0.48	0	0	0.46
63200	0.46	0.46	0.46	0	0	0.46
63300	0.44	0.46	0.46	0	0	0.44
63400	0.44	0.46	0.46	0	0	0.44
63500	0.44	0.46	0.46	0	0	0.44
63600	0.44	0.46	0.46	0	0	0.44
63700	0.44	0.46	0.46	0	0	0.44
63800	0.44	0.46	0.46	0	0	0.44
63900	0.44	0.46	0.46	0	0	0.44
64000	0.46	0.46	0.46	0	0	0.46
64100	0.46	0.46	0.46	0	0	0.46
64200	0.46	0.46	0.46	0	0	0.46
64300	0.46	0.46	0.46	0	0	0.46
64400	0.46	0.46	0.46	0	0	0.46
64500	0.46	0.46	0.46	0	0	0.46
64600	0.46	0.46	0.46	0	0	0.46
64700	0.46	0.46	0.46	0	0	0.46
64800	0.46	0.46	0.46	0	0	0.46
64900	0.46	0.46	0.46	0	0	0.46
65000	0.46	0.46	0.46	0	0	0.46
65100	0.46	0.44	0.44	0	0	0.46
65200	0.46	0.44	0.44	0	0	0.46
65300	0.46	0.44	0.44	0	0	0.46
65400	0.46	0.44	0.44	0	0	0.46
65500	0.46	0.44	0.44	0	0	0.46
65600	0.46	0.44	0.44	0	0	0.46
65700	0.46	0.44	0.44	0	0	0.46
65800	0.46	0.44	0.44	0	0	0.46
65900	0.46	0.44	0.44	0	0	0.46
66000	0.48	0.44	0.44	0	0	0.48
66100	0.48	0.44	0.44	0	0	0.48
66200	0.48	0.44	0.44	0	0	0.48
66300	0.48	0.44	0.44	0	0	0.48
66400	0.48	0.44	0.44	0	0	0.48
66500	0.48	0.44	0.44	0	0	0.48
66600	0.48	0.44	0.44	0	0	0.48
66700	0.48	0.44	0.44	0	0	0.48
66800	0.48	0.44	0.44	0	0	0.48
66900	0.48	0.44	0.44	0	0	0.48
67000	0.48	0.46	0.46	0	0	0.48
67100	0.48	0.46	0.46	0	0	0.48
67200	0.48	0.46	0.46	0	0	0.48
67300	0.48	0.46	0.46	0	0	0.48
67400	0.48	0.46	0.46	0	0	0.48
67500	0.48	0.46	0.46	0	0	0.48
67600	0.48	0.46	0.46	0	0	0.48
67700	0.48	0.46	0.46	0	0	0.48
67800	0.48	0.46	0.46	0	0	0.48
67900	0.48	0.46	0.46	0	0	0.48
68000	0.48	0.46	0.46	0	0	0.48
68100	0.48	0.46	0.46	0	0	0.48
68200	0.48	0.46	0.46	0	0	0.48
68300	0.48	0.46	0.46	0	0	0.48
68400	0.48	0.46	0.46	0	0	0.48
68500	0.48	0.46	0.46	0	0	0.48
68600	0.48	0.46	0.46	0	0	0.48
68700	0.48	0.46	0.46	0	0	0.48
68800	0.48	0.46	0.46	0	0	0.48
68900	0.48	0.46	0.46	0	0	0.48
69000	0.48	0.46	0.46	0	0	0.48
69100	0.48	0.46	0.46	0	0	0.48
69200	0.48	0.46	0.46	0	0	0.48
69300	0.48	0.46	0.46	0	0	0.48
69400	0.48	0.46	0.46	0	0	0.48
69500	0.48	0.46	0.46	0	0	0.48
69600	0.48	0.46	0.46	0	0	0.48
69700	0.48	0.46	0.46	0	0	0.48
69800	0.48	0.46	0.46	0	0	0.48
69900	0.48	0.44	0.44	0	0	0.48
70000	0.48	0.44	0.44	0	0	0.48
70100	0.48	0.44	0.44	0	0	0.48
70200	0.48	0.44	0.44	0	0	0.48
70300	0.48	0.44	0.44	0	0	0.48
70400	0.48	0.44	0.44	0	0	0.48
70500	0.48	0.44	0.44	0	0	0.48
70600	0.48	0.44	0.44	0	0	0.48
70700	0.48	0.44	0.44	0	0	0.48
70800	0.48	0.44	0.44	0	0	0.48
70900	0.48	0.44	0.44	0	0	0.48
71000	0.48	0.44	0.44	0	0	0.48
71100	0.48	0.44	0.44	0	0	0.48
71200	0.48	0.44	0.44	0	0	0.48
71300	0.5	0.44	0.44	0	0	0.5
71400	0.48	0.44	0.44	0	0	0.48
71500	0.48	0.44	0.44	0	0	0.48
71600	0.48	0.44	0.44	0	0	0.48
71700	0.48	0.44	0.44	0	0	0.48
71800	0.48	0.46	0.46	0	0	0.48
71900	0.48	0.46	0.46	0	0	0.48
72000	0.48	0.46	0.46	0	0	0.48
72100	0.48	0.46	0.46	0	0	0.48
72200	0.48	0.46	0.46	0	0	0.48
72300	0.48	0.46	0.46	0	0	0.48
72400	0.48	0.44	0.44	0	0	0.48
72500	0.48	0.44	0.44	0	0	0.48
72600	0.48	0.44	0.44	0	0	0.48
72700	0.48	0.44	0.44	0	0	0.48
72800	0.48	0.44	0.44	0	0	0.48
72900	0.48	0.44	0.44	0	0	0.48
73000	0.48	0.44	0.44	0	0	0.48
73100	0.48	0.44	0.44	0	0	0.48
73200	0.48	0.44	0.44	0	0	0.48
73300	0.48	0.44	0.44	0	0	0.48
73400	0.48	0.44	0.44	0	0	0.48
73500	0.48	0.44	0.44	0	0	0.48
73600	0.48	0.44	0.44	0	0	0.48
73700	0.48	0.44	0.44	0	0	0.48
73800	0.48	0.46	0.46	0	0	0.48
73900	0.48	0.46	0.46	0	0	0.48
74000	0.48	0.46	0.46	0	0	0.48
74100	0.48	0.46	0.46	0	0	0.48
74200	0.48	0.46	0.46	0	0	0.48
74300	0.48	0.46	0.46	0	0	0.48
74400	0.48	0.44	0.44	0	0	0.48
74500	0.48	0.44	0.44	0	0	0.48
74600	0.48	0.44	0.44	0	0	0.48
74700	0.48	0.44	0.44	0	0	0.48
74800	0.48	0.44	0.44	0	0	0.48
74900	0.48	0.44	0.44	0	0	0.48
75000	0.48	0.44	0.44	0	0	0.48
75100	0.48	0.44	0.44	0	0	0.48
75200	0.48	0.44	0.44	0	0	0.48
75300	0.48	0.44	0.44	0	0	0.48
75400	0.48	0.44	0.44	0	0	0.48
75500	0.5	0.44	0.44	0	0	0.5
75600	0.5	0.44	0.44	0	0	0.5
75700	0.5	0.44	0.44	0	0	0.5
75800	0.5	0.44	0.44	0	0	0.5
75900	0.5	0.44	0.44	0	0	0.5
76000	0.48	0.44	0.44	0	0	0.48
76100	0.48	0.44	0.44	0	0	0.48
76200	0.48	0.44	0.44	0	0	0.48
76300	0.48	0.44	0.44	0	0	0.48
76400	0.48	0.44	0.44	0	0	0.48
76500	0.48	0.44	0.44	0	0	0.48
76600	0.48	0.44	0.44	0	0	0.48
76700	0.48	0.44	0.44	0	0	0.48
76800	0.48	0.44	0.44	0	0	0.48
76900	0.48	0.44	0.44	0	0	0.48
77000	0.48	0.44	0.44	0	0	0.48
77100	0.48	0.44	0.44	0	0	0.48
77200	0.48	0.44	0.44	0	0	0.48
77300	0.48	0.44	0.44	0	0	0.48
77400	0.48	0.44	0.44	0	0	0.48
77500	0.48	0.44	0.44	0	0	0.48
77600	0.48	0.44	0.44	0	0	0.48
77700	0.48	0.44	0.44	0	0	0.48
77800	0.48	0.44	0.44	0	0	0.48
77900	0.48	0.44	0.44	0	0	0.48
78000	0.48	0.46	0.46	0	0	0.48
78100	0.48	0.46	0.46	0	0	0.48
78200	0.44	0.46	0.46	0	0	0.44
78300	0.44	0.46	0.46	0	0	0.44
78400	0.44	0.46	0.46	0	0	0.44
78500	0.44	0.46	0.46	0	0	0.44
78600	0.44	0.46	0.46	0	0	0.44
78700	0.44	0.46	0.46	0	0	0.44
78800	0.46	0.46	0.46	0	0	0.46
78900	0.46	0.46	0.46	0	0	0.46
79000	0.46	0.46	0.46	0	0	0.46
79100	0.46	0.46	0.46	0	0	0.46
79200	0.46	0.46	0.46	0	0	0.46
79300	0.46	0.46	0.46	0	0	0.46
79400	0.46	0.44	0.44	0	0	0.46
79500	0.46	0.44	0.44	0	0	0.46
79600	0.46	0.44	0.44	0	0	0.46
79700	0.46	0.44	0.44	0	0	0.46
79800	0.46	0.44	0.44	0	0	0.46
79900	0.46	0.44	0.44	0	0	0.46
80000	0.46	0.44	0.44	0	0	0.46
80100	0.46	0.44	0.44	0	0	0.46
80200	0.46	0.44	0.44	0	0	0.46
80300	0.46	0.44	0.44	0	0	0.46
80400	0.46	0.44	0.44	0	0	0.46
80500	0.46	0.42	0.42	0	0	0.46
80600	0.46	0.42	0.42	0	0	0.46
80700	0.46	0.42	0.42	0	0	0.46
80800	0.46	0.42	0.42	0	0	0.46
80900	0.46	0.42	0.42	0	0	0.46
81000	0.46	0.42	0.42	0	0	0.46
81100	0.46	0.42	0.42	0	0	0.46
81200	0.46	0.42	0.42	0	0	0.46
81300	0.48	0.42	0.42	0	0	0.48
81400	0.48	0.42	0.42	0	0	0.48
81500	0.48	0.42	0.42	0	0	0.48
81600	0.48	0.42	0.42	0	0	0.48
81700	0.48	0.42	0.42	0	0	0.48
81800	0.48	0.42	0.42	0	0	0.48
81900	0.48	0.42	0.42	0	0	0.48
82000	0.48	0.42	0.42	0	0	0.48
82100	0.48	0.42	0.42	0	0	0.48
82200	0.48	0.42	0.42	0	0	0.48
82300	0.48	0.42	0.42	0	0	0.48
82400	0.46	0.42	0.42	0	0	0.46
82500	0.46	0.4	0.4	0	0	0.46
82600	0.46	0.4	0.4	0	0	0.46
82700	0.46	0.4	0.4	0	0	0.46
82800	0.46	0.4	0.4	0	0	0.46
82900	0.46	0.4	0.4	0	0	0.46
83000	0.46	0.4	0.4	0	0	0.46
83100	0.46	0.38	0.38	0	0	0.46
83200	0.46	0.38	0.38	0	0	0.46
83300	0.46	0.38	0.38	0	0	0.46
83400	0.46	0.4	0.4	0	0	0.46
83500	0.46	0.4	0.4	0	0	0.46
83600	0.46	0.4	0.4	0	0	0.46
83700	0.48	0.4	0.4	0	0	0.48
83800	0.48	0.42	0.42	0	0	0.48
83900	0.48	0.42	0.42	0	0	0.48
84000	0.48	0.44	0.44	0	0	0.48
84100	0.48	0.44	0.44	0	0	0.48
84200	0.48	0.44	0.44	0	0	0.48
84300	0.48	0.44	0.44	0	0	0.48
84400	0.48	0.44	0.44	0	0	0.48
84500	0.48	0.44	0.44	0	0	0.48
84600	0.48	0.44	0.44	0	0	0.48
84700	0.48	0.44	0.44	0	0	0.48
84800	0.48	0.44	0.44	0	0	0.48
84900	0.5	0.44	0.44	0	0	0.5
85000	0.5	0.44	0.44	0	0	0.5
85100	0.48	0.44	0.44	0	0	0.48
85200	0.48	0.44	0.44	0	0	0.48
85300	0.5	0.44	0.44	0	0	0.5
85400	0.5	0.44	0.44	0	0	0.5
85500	0.5	0.44	0.44	0	0	0.5
85600	0.5	0.44	0.44	0	0	0.5
85700	0.5	0.44	0.44	0	0	0.5
85800	0.52	0.44	0.44	0	0	0.52
85900	0.52	0.44	0.44	0	0	0.52
86000	0.52	0.44	0.44	0	0	0.52
86100	0.52	0.44	0.44	0	0	0.52
86200	0.52	0.44	0.44	0	0	0.52
86300	0.52	0.44	0.44	0	0	0.52
86400	0.52	0.44	0.44	0	0	0.52
86500	0.52	0.44	0.44	0	0	0.52
86600	0.52	0.44	0.44	0	0	0.52
86700	0.52	0.44	0.44	0	0	0.52
86800	0.52	0.44	0.44	0	0	0.52
86900	0.54	0.44	0.44	0	0	0.54
87000	0.54	0.44	0.44	0	0	0.54
87100	0.54	0.44	0.44	0	0	0.54
87200	0.54	0.44	0.44	0	0	0.54
87300	0.54	0.44	0.44	0	0	0.54
87400	0.54	0.44	0.44	0	0	0.54
87500	0.54	0.44	0.44	0	0	0.54
87600	0.54	0.44	0.44	0	0	0.54
87700	0.54	0.44	0.44	0	0	0.54
87800	0.54	0.44	0.44	0	0	0.54
87900	0.54	0.44	0.44	0	0	0.54
88000	0.54	0.44	0.44	0	0	0.54
88100	0.54	0.44	0.44	0	0	0.54
88200	0.54	0.44	0.44	0	0	0.54
88300	0.54	0.44	0.44	0	0	0.54
88400	0.54	0.44	0.44	0	0	0.54
88500	0.54	0.44	0.44	0	0	0.54
88600	0.54	0.44	0.44	0	0	0.54
88700	0.54	0.44	0.44	0	0	0.54
88800	0.54	0.44	0.44	0	0	0.54
88900	0.54	0.44	0.44	0	0	0.54
89000	0.54	0.44	0.44	0	0	0.54
89100	0.54	0.44	0.44	0	0	0.54
89200	0.54	0.44	0.44	0	0	0.54
89300	0.54	0.44	0.44	0	0	0.54
89400	0.54	0.44	0.44	0	0	0.54
89500	0.54	0.44	0.44	0	0	0.54
89600	0.54	0.44	0.44	0	0	0.54
89700	0.54	0.44	0.44	0	0	0.54
89800	0.54	0.44	0.44	0	0	0.54
89900	0.54	0.44	0.44	0	0	0.54
90000	0.54	0.44	0.44	0	0	0.54
90100	0.54	0.44	0.44	0	0	0.54
90200	0.54	0.44	0.44	0	0	0.54
90300	0.54	0.44	0.44	0	0	0.54
90400	0.54	0.44	0.44	0	0	0.54
90500	0.54	0.44	0.44	0	0	0.54
90600	0.54	0.44	0.44	0	0	0.54
90700	0.54	0.44	0.44	0	0	0.54
90800	0.54	0.44	0.44	0	0	0.54
90900	0.54	0.44	0.44	0	0	0.54
91000	0.54	0.44	0.44	0	0	0.54
91100	0.54	0.44	0.44	0	0	0.54
91200	0.54	0.44	0.44	0	0	0.54
91300	0.54	0.44	0.44	0	0	0.54
91400	0.54	0.44	0.44	0	0	0.54
91500	0.54	0.44	0.44	0	0	0.54
91600	0.54	0.44	0.44	0	0	0.54
91700	0.54	0.44	0.44	0	0	0.54
91800	0.54	0.44	0.44	0	0	0.54
91900	0.54	0.44	0.44	0	0	0.54
92000	0.54	0.44	0.44	0	0	0.54
92100	0.54	0.44	0.44	0	0	0.54
92200	0.54	0.44	0.44	0	0	0.54
92300	0.54	0.44	0.44	0	0	0.54
92400	0.54	0.44	0.44	0	0	0.54
92500	0.54	0.44	0.44	0	0	0.54
92600	0.54	0.44	0.44	0	0	0.54
92700	0.54	0.44	0.44	0	0	0.54
92800	0.54	0.44	0.44	0	0	0.54
92900	0.54	0.44	0.44	0	0	0.54
93000	0.54	0.44	0.44	0	0	0.54
93100	0.54	0.44	0.44	0	0	0.54
93200	0.54	0.44	0.44	0	0	0.54
93300	0.54	0.44	0.44	0	0	0.54
93400	0.54	0.44	0.44	0	0	0.54
93500	0.54	0.44	0.44	0	0	0.54
93600	0.54	0.42	0.42	0	0	0.54
93700	0.54	0.42	0.42	0	0	0.54
93800	0.54	0.42	0.42	0	0	0.54
93900	0.54	0.42	0.42	0	0	0.54
94000	0.54	0.42	0.42	0	0	0.54
94100	0.54	0.42	0.42	0	0	0.54
94200	0.54	0.42	0.42	0	0	0.54
94300	0.54	0.42	0.42	0	0	0.54
94400	0.52	0.42	0.42	0	0	0.52
94500	0.52	0.42	0.42	0	0	0.52
94600	0.52	0.42	0.42	0	0	0.52
94700	0.52	0.42	0.42	0	0	0.52
94800	0.54	0.42	0.42	0	0	0.54
94900	0.54	0.42	0.42	0	0	0.54
95000	0.54	0.42	0.42	0	0	0.54
95100	0.54	0.42	0.42	0	0	0.54
95200	0.54	0.42	0.42	0	0	0.54
95300	0.54	0.42	0.42	0	0	0.54
95400	0.54	0.42	0.42	0	0	0.54
95500	0.54	0.42	0.42	0	0	0.54
95600	0.54	0.42	0.42	0	0	0.54
95700	0.54	0.42	0.42	0	0	0.54
95800	0.54	0.42	0.42	0	0	0.54
95900	0.54	0.42	0.42	0	0	0.54
96000	0.54	0.42	0.42	0	0	0.54
96100	0.54	0.42	0.42	0	0	0.54
96200	0.54	0.42	0.42	0	0	0.54
96300	0.54	0.42	0.42	0	0	0.54
96400	0.54	0.42	0.42	0	0	0.54
96500	0.54	0.42	0.42	0	0	0.54
96600	0.54	0.42	0.42	0	0	0.54
96700	0.54	0.42	0.42	0	0	0.54
96800	0.54	0.42	0.42	0	0	0.54
96900	0.54	0.42	0.42	0	0	0.54
97000	0.54	0.42	0.42	0	0	0.54
97100	0.52	0.42	0.42	0	0	0.52
97200	0.52	0.42	0.42	0	0	0.52
97300	0.52	0.42	0.42	0	0	0.52
97400	0.52	0.42	0.42	0	0	0.52
97500	0.52	0.42	0.42	0	0	0.52
97600	0.52	0.42	0.42	0	0	0.52
97700	0.52	0.44	0.44	0	0	0.52
97800	0.52	0.44	0.44	0	0	0.52
97900	0.52	0.44	0.44	0	0	0.52
98000	0.54	0.44	0.44	0	0	0.54
98100	0.54	0.44	0.44	0	0	0.54
98200	0.54	0.44	0.44	0	0	0.54
98300	0.54	0.44	0.44	0	0	0.54
98400	0.54	0.44	0.44	0	0	0.54
98500	0.54	0.44	0.44	0	0	0.54
98600	0.54	0.44	0.44	0	0	0.54
98700	0.54	0.44	0.44	0	0	0.54
98800	0.54	0.44	0.44	0	0	0.54
98900	0.54	0.44	0.44	0	0	0.54
99000	0.54	0.44	0.44	0	0	0.54
99100	0.54	0.44	0.44	0	0	0.54
99200	0.54	0.44	0.44	0	0	0.54
99300	0.54	0.44	0.44	0	0	0.54
99400	0.54	0.44	0.44	0	0	0.54
99500	0.54	0.44	0.44	0	0	0.54
99600	0.54	0.44	0.44	0	0	0.54
99700	0.54	0.44	0.44	0	0	0.54
99800	0.54	0.44	0.44	0	0	0.54
99900	0.54	0.44	0.44	0	0	0.54
100000	0.54	0.44	0.44	0	0	0.54
