100	0.06	0.12	0.12	0	0	0.06
200	0.08	0.12	0.12	0	0	0.08
300	0.1	0.12	0.12	0	0	0.1
400	0.12	0.12	0.12	0	0	0.12
500	0.14	0.14	0.14	0	0	0.14
600	0.14	0.18	0.18	0	0	0.14
700	0.14	0.18	0.18	0	0	0.14
800	0.14	0.24	0.24	0	0	0.14
900	0.16	0.26	0.26	0	0	0.16
1000	0.16	0.28	0.28	0	0	0.16
1100	0.18	0.3	0.3	0	0	0.18
1200	0.2	0.28	0.28	0	0	0.2
1300	0.2	0.28	0.28	0	0	0.2
1400	0.2	0.28	0.28	0	0	0.2
1500	0.2	0.28	0.28	0	0	0.2
1600	0.22	0.28	0.28	0	0	0.22
1700	0.24	0.28	0.28	0	0	0.24
1800	0.26	0.24	0.24	0	0	0.26
1900	0.28	0.26	0.26	0	0	0.28
2000	0.28	0.26	0.26	0	0	0.28
2100	0.3	0.26	0.26	0	0	0.3
2200	0.32	0.26	0.26	0	0	0.32
2300	0.32	0.26	0.26	0	0	0.32
2400	0.32	0.28	0.28	0	0	0.32
2500	0.3	0.28	0.28	0	0	0.3
2600	0.32	0.28	0.28	0	0	0.32
2700	0.3	0.3	0.3	0	0	0.3
2800	0.3	0.32	0.32	0	0	0.3
2900	0.3	0.36	0.36	0	0	0.3
3000	0.3	0.36	0.36	0	0	0.3
3100	0.3	0.36	0.36	0	0	0.3
3200	0.3	0.36	0.36	0	0	0.3
3300	0.3	0.36	0.36	0	0	0.3
3400	0.32	0.36	0.36	0	0	0.32
3500	0.34	0.38	0.38	0	0	0.34
3600	0.34	0.38	0.38	0	0	0.34
3700	0.34	0.38	0.38	0	0	0.34
3800	0.34	0.38	0.38	0	0	0.34
3900	0.34	0.38	0.38	0	0	0.34
4000	0.34	0.38	0.38	0	0	0.34
4100	0.34	0.38	0.38	0	0	0.34
4200	0.36	0.4	0.4	0	0	0.36
4300	0.36	0.4	0.4	0	0	0.36
4400	0.36	0.38	0.38	0	0	0.36
4500	0.38	0.38	0.38	0	0	0.38
4600	0.38	0.4	0.4	0	0	0.38
4700	0.38	0.4	0.4	0	0	0.38
4800	0.38	0.42	0.42	0	0	0.38
4900	0.38	0.44	0.44	0	0	0.38
5000	0.38	0.44	0.44	0	0	0.38
5100	0.38	0.42	0.42	0	0	0.38
5200	0.38	0.42	0.42	0	0	0.38
5300	0.4	0.4	0.4	0	0	0.4
5400	0.42	0.42	0.42	0	0	0.42
5500	0.38	0.42	0.42	0	0	0.38
5600	0.38	0.42	0.42	0	0	0.38
5700	0.38	0.4	0.4	0	0	0.38
5800	0.38	0.4	0.4	0	0	0.38
5900	0.38	0.4	0.4	0	0	0.38
6000	0.38	0.4	0.4	0	0	0.38
6100	0.38	0.38	0.38	0	0	0.38
6200	0.38	0.38	0.38	0	0	0.38
6300	0.38	0.36	0.36	0	0	0.38
6400	0.4	0.34	0.34	0	0	0.4
6500	0.4	0.34	0.34	0	0	0.4
6600	0.4	0.34	0.34	0	0	0.4
6700	0.4	0.34	0.34	0	0	0.4
6800	0.42	0.38	0.38	0	0	0.42
6900	0.44	0.36	0.36	0	0	0.44
7000	0.44	0.36	0.36	0	0	0.44
7100	0.44	0.36	0.36	0	0	0.44
7200	0.44	0.36	0.36	0	0	0.44
7300	0.44	0.36	0.36	0	0	0.44
7400	0.44	0.36	0.36	0	0	0.44
7500	0.44	0.36	0.36	0	0	0.44
7600	0.44	0.36	0.36	0	0	0.44
7700	0.46	0.36	0.36	0	0	0.46
7800	0.44	0.38	0.38	0	0	0.44
7900	0.44	0.38	0.38	0	0	0.44
8000	0.44	0.38	0.38	0	0	0.44
8100	0.46	0.38	0.38	0	0	0.46
8200	0.46	0.38	0.38	0	0	0.46
8300	0.46	0.38	0.38	0	0	0.46
8400	0.46	0.36	0.36	0	0	0.46
8500	0.46	0.36	0.36	0	0	0.46
8600	0.46	0.36	0.36	0	0	0.46
8700	0.44	0.38	0.38	0	0	0.44
8800	0.44	0.38	0.38	0	0	0.44
8900	0.44	0.38	0.38	0	0	0.44
9000	0.44	0.38	0.38	0	0	0.44
9100	0.42	0.38	0.38	0	0	0.42
9200	0.42	0.38	0.38	0	0	0.42
9300	0.42	0.4	0.4	0	0	0.42
9400	0.42	0.4	0.4	0	0	0.42
9500	0.42	0.4	0.4	0	0	0.42
9600	0.4	0.4	0.4	0	0	0.4
9700	0.4	0.4	0.4	0	0	0.4
9800	0.4	0.4	0.4	0	0	0.4
9900	0.42	0.42	0.42	0	0	0.42
10000	0.42	0.42	0.42	0	0	0.42
10100	0.42	0.42	0.42	0	0	0.42
10200	0.42	0.42	0.42	0	0	0.42
10300	0.42	0.44	0.44	0	0	0.42
10400	0.42	0.44	0.44	0	0	0.42
10500	0.42	0.44	0.44	0	0	0.42
10600	0.42	0.44	0.44	0	0	0.42
10700	0.42	0.44	0.44	0	0	0.42
10800	0.44	0.44	0.44	0	0	0.44
10900	0.44	0.44	0.44	0	0	0.44
11000	0.44	0.44	0.44	0	0	0.44
11100	0.44	0.44	0.44	0	0	0.44
11200	0.44	0.44	0.44	0	0	0.44
11300	0.44	0.46	0.46	0	0	0.44
11400	0.44	0.46	0.46	0	0	0.44
11500	0.44	0.46	0.46	0	0	0.44
11600	0.44	0.46	0.46	0	0	0.44
11700	0.44	0.46	0.46	0	0	0.44
11800	0.44	0.44	0.44	0	0	0.44
11900	0.44	0.44	0.44	0	0	0.44
12000	0.44	0.44	0.44	0	0	0.44
12100	0.44	0.44	0.44	0	0	0.44
12200	0.42	0.44	0.44	0	0	0.42
12300	0.42	0.44	0.44	0	0	0.42
12400	0.44	0.42	0.42	0	0	0.44
12500	0.44	0.42	0.42	0	0	0.44
12600	0.44	0.42	0.42	0	0	0.44
12700	0.44	0.42	0.42	0	0	0.44
12800	0.44	0.46	0.46	0	0	0.44
12900	0.44	0.44	0.44	0	0	0.44
13000	0.44	0.44	0.44	0	0	0.44
13100	0.44	0.46	0.46	0	0	0.44
13200	0.44	0.46	0.46	0	0	0.44
13300	0.44	0.46	0.46	0	0	0.44
13400	0.44	0.46	0.46	0	0	0.44
13500	0.44	0.46	0.46	0	0	0.44
13600	0.44	0.44	0.44	0	0	0.44
13700	0.44	0.44	0.44	0	0	0.44
13800	0.44	0.44	0.44	0	0	0.44
13900	0.44	0.44	0.44	0	0	0.44
14000	0.44	0.44	0.44	0	0	0.44
14100	0.44	0.44	0.44	0	0	0.44
14200	0.44	0.44	0.44	0	0	0.44
14300	0.44	0.42	0.42	0	0	0.44
14400	0.44	0.4	0.4	0	0	0.44
14500	0.44	0.4	0.4	0	0	0.44
14600	0.44	0.4	0.4	0	0	0.44
14700	0.44	0.4	0.4	0	0	0.44
14800	0.44	0.4	0.4	0	0	0.44
14900	0.44	0.42	0.42	0	0	0.44
15000	0.44	0.42	0.42	0	0	0.44
15100	0.44	0.46	0.46	0	0	0.44
15200	0.44	0.46	0.46	0	0	0.44
15300	0.44	0.46	0.46	0	0	0.44
15400	0.44	0.46	0.46	0	0	0.44
15500	0.44	0.46	0.46	0	0	0.44
15600	0.44	0.46	0.46	0	0	0.44
15700	0.44	0.46	0.46	0	0	0.44
15800	0.44	0.46	0.46	0	0	0.44
15900	0.44	0.46	0.46	0	0	0.44
16000	0.44	0.46	0.46	0	0	0.44
16100	0.44	0.48	0.48	0	0	0.44
16200	0.44	0.5	0.5	0	0	0.44
16300	0.44	0.5	0.5	0	0	0.44
16400	0.46	0.5	0.5	0	0	0.46
16500	0.46	0.5	0.5	0	0	0.46
16600	0.46	0.48	0.48	0	0	0.46
16700	0.44	0.48	0.48	0	0	0.44
16800	0.44	0.48	0.48	0	0	0.44
16900	0.44	0.48	0.48	0	0	0.44
17000	0.42	0.48	0.48	0	0	0.42
17100	0.42	0.48	0.48	0	0	0.42
17200	0.42	0.48	0.48	0	0	0.42
17300	0.42	0.5	0.5	0	0	0.42
17400	0.42	0.48	0.48	0	0	0.42
17500	0.42	0.48	0.48	0	0	0.42
17600	0.42	0.46	0.46	0	0	0.42
17700	0.42	0.46	0.46	0	0	0.42
17800	0.42	0.46	0.46	0	0	0.42
17900	0.42	0.46	0.46	0	0	0.42
18000	0.42	0.46	0.46	0	0	0.42
18100	0.42	0.44	0.44	0	0	0.42
18200	0.42	0.44	0.44	0	0	0.42
18300	0.42	0.44	0.44	0	0	0.42
18400	0.42	0.44	0.44	0	0	0.42
18500	0.42	0.44	0.44	0	0	0.42
18600	0.42	0.44	0.44	0	0	0.42
18700	0.42	0.44	0.44	0	0	0.42
18800	0.42	0.44	0.44	0	0	0.42
18900	0.42	0.44	0.44	0	0	0.42
19000	0.42	0.44	0.44	0	0	0.42
19100	0.42	0.44	0.44	0	0	0.42
19200	0.42	0.46	0.46	0	0	0.42
19300	0.42	0.46	0.46	0	0	0.42
19400	0.42	0.46	0.46	0	0	0.42
19500	0.4	0.46	0.46	0	0	0.4
19600	0.42	0.46	0.46	0	0	0.42
19700	0.42	0.46	0.46	0	0	0.42
19800	0.42	0.46	0.46	0	0	0.42
19900	0.42	0.46	0.46	0	0	0.42
20000	0.42	0.46	0.46	0	0	0.42
20100	0.42	0.46	0.46	0	0	0.42
20200	0.44	0.46	0.46	0	0	0.44
20300	0.44	0.48	0.48	0	0	0.44
20400	0.44	0.48	0.48	0	0	0.44
20500	0.44	0.48	0.48	0	0	0.44
20600	0.44	0.48	0.48	0	0	0.44
20700	0.44	0.48	0.48	0	0	0.44
20800	0.44	0.48	0.48	0	0	0.44
20900	0.44	0.48	0.48	0	0	0.44
21000	0.42	0.48	0.48	0	0	0.42
21100	0.44	0.48	0.48	0	0	0.44
21200	0.44	0.48	0.48	0	0	0.44
21300	0.42	0.48	0.48	0	0	0.42
21400	0.42	0.48	0.48	0	0	0.42
21500	0.4	0.48	0.48	0	0	0.4
21600	0.4	0.48	0.48	0	0	0.4
21700	0.4	0.48	0.48	0	0	0.4
21800	0.4	0.48	0.48	0	0	0.4
21900	0.4	0.48	0.48	0	0	0.4
22000	0.4	0.48	0.48	0	0	0.4
22100	0.4	0.48	0.48	0	0	0.4
22200	0.4	0.48	0.48	0	0	0.4
22300	0.4	0.5	0.5	0	0	0.4
22400	0.4	0.5	0.5	0	0	0.4
22500	0.42	0.5	0.5	0	0	0.42
22600	0.42	0.5	0.5	0	0	0.42
22700	0.4	0.5	0.5	0	0	0.4
22800	0.38	0.5	0.5	0	0	0.38
22900	0.4	0.5	0.5	0	0	0.4
23000	0.4	0.5	0.5	0	0	0.4
23100	0.4	0.5	0.5	0	0	0.4
23200	0.38	0.5	0.5	0	0	0.38
23300	0.38	0.5	0.5	0	0	0.38
23400	0.38	0.5	0.5	0	0	0.38
23500	0.38	0.5	0.5	0	0	0.38
23600	0.38	0.5	0.5	0	0	0.38
23700	0.38	0.5	0.5	0	0	0.38
23800	0.38	0.5	0.5	0	0	0.38
23900	0.38	0.5	0.5	0	0	0.38
24000	0.38	0.5	0.5	0	0	0.38
24100	0.38	0.5	0.5	0	0	0.38
24200	0.38	0.5	0.5	0	0	0.38
24300	0.38	0.5	0.5	0	0	0.38
24400	0.38	0.5	0.5	0	0	0.38
24500	0.38	0.5	0.5	0	0	0.38
24600	0.38	0.5	0.5	0	0	0.38
24700	0.38	0.5	0.5	0	0	0.38
24800	0.38	0.5	0.5	0	0	0.38
24900	0.38	0.5	0.5	0	0	0.38
25000	0.38	0.5	0.5	0	0	0.38
25100	0.38	0.5	0.5	0	0	0.38
25200	0.38	0.5	0.5	0	0	0.38
25300	0.38	0.5	0.5	0	0	0.38
25400	0.38	0.5	0.5	0	0	0.38
25500	0.38	0.5	0.5	0	0	0.38
25600	0.4	0.5	0.5	0	0	0.4
25700	0.4	0.5	0.5	0	0	0.4
25800	0.4	0.5	0.5	0	0	0.4
25900	0.4	0.5	0.5	0	0	0.4
26000	0.4	0.48	0.48	0	0	0.4
26100	0.4	0.48	0.48	0	0	0.4
26200	0.4	0.48	0.48	0	0	0.4
26300	0.4	0.48	0.48	0	0	0.4
26400	0.4	0.48	0.48	0	0	0.4
26500	0.4	0.5	0.5	0	0	0.4
26600	0.4	0.5	0.5	0	0	0.4
26700	0.4	0.5	0.5	0	0	0.4
26800	0.4	0.5	0.5	0	0	0.4
26900	0.4	0.5	0.5	0	0	0.4
27000	0.4	0.5	0.5	0	0	0.4
27100	0.4	0.5	0.5	0	0	0.4
27200	0.4	0.5	0.5	0	0	0.4
27300	0.4	0.5	0.5	0	0	0.4
27400	0.4	0.5	0.5	0	0	0.4
27500	0.4	0.5	0.5	0	0	0.4
27600	0.4	0.5	0.5	0	0	0.4
27700	0.4	0.5	0.5	0	0	0.4
27800	0.4	0.5	0.5	0	0	0.4
27900	0.4	0.5	0.5	0	0	0.4
28000	0.4	0.5	0.5	0	0	0.4
28100	0.4	0.5	0.5	0	0	0.4
28200	0.4	0.5	0.5	0	0	0.4
28300	0.4	0.5	0.5	0	0	0.4
28400	0.4	0.5	0.5	0	0	0.4
28500	0.4	0.5	0.5	0	0	0.4
28600	0.4	0.5	0.5	0	0	0.4
28700	0.42	0.5	0.5	0	0	0.42
28800	0.42	0.5	0.5	0	0	0.42
28900	0.42	0.5	0.5	0	0	0.42
29000	0.42	0.5	0.5	0	0	0.42
29100	0.42	0.5	0.5	0	0	0.42
29200	0.42	0.5	0.5	0	0	0.42
29300	0.42	0.5	0.5	0	0	0.42
29400	0.42	0.5	0.5	0	0	0.42
29500	0.42	0.5	0.5	0	0	0.42
29600	0.42	0.5	0.5	0	0	0.42
29700	0.42	0.5	0.5	0	0	0.42
29800	0.42	0.5	0.5	0	0	0.42
29900	0.42	0.5	0.5	0	0	0.42
30000	0.42	0.5	0.5	0	0	0.42
30100	0.42	0.5	0.5	0	0	0.42
30200	0.42	0.5	0.5	0	0	0.42
30300	0.42	0.5	0.5	0	0	0.42
30400	0.42	0.5	0.5	0	0	0.42
30500	0.44	0.5	0.5	0	0	0.44
30600	0.44	0.5	0.5	0	0	0.44
30700	0.44	0.52	0.52	0	0	0.44
30800	0.44	0.5	0.5	0	0	0.44
30900	0.44	0.5	0.5	0	0	0.44
31000	0.46	0.5	0.5	0	0	0.46
31100	0.46	0.5	0.5	0	0	0.46
31200	0.46	0.5	0.5	0	0	0.46
31300	0.46	0.5	0.5	0	0	0.46
31400	0.46	0.5	0.5	0	0	0.46
31500	0.46	0.5	0.5	0	0	0.46
31600	0.46	0.5	0.5	0	0	0.46
31700	0.46	0.5	0.5	0	0	0.46
31800	0.46	0.5	0.5	0	0	0.46
31900	0.46	0.5	0.5	0	0	0.46
32000	0.46	0.5	0.5	0	0	0.46
32100	0.46	0.5	0.5	0	0	0.46
32200	0.46	0.5	0.5	0	0	0.46
32300	0.46	0.5	0.5	0	0	0.46
32400	0.44	0.5	0.5	0	0	0.44
32500	0.44	0.5	0.5	0	0	0.44
32600	0.44	0.5	0.5	0	0	0.44
32700	0.44	0.5	0.5	0	0	0.44
32800	0.44	0.5	0.5	0	0	0.44
32900	0.44	0.5	0.5	0	0	0.44
33000	0.44	0.5	0.5	0	0	0.44
33100	0.44	0.5	0.5	0	0	0.44
33200	0.44	0.5	0.5	0	0	0.44
33300	0.42	0.5	0.5	0	0	0.42
33400	0.42	0.5	0.5	0	0	0.42
33500	0.4	0.5	0.5	0	0	0.4
33600	0.4	0.52	0.52	0	0	0.4
33700	0.4	0.52	0.52	0	0	0.4
33800	0.4	0.52	0.52	0	0	0.4
33900	0.4	0.52	0.52	0	0	0.4
34000	0.4	0.52	0.52	0	0	0.4
34100	0.4	0.52	0.52	0	0	0.4
34200	0.4	0.52	0.52	0	0	0.4
34300	0.4	0.52	0.52	0	0	0.4
34400	0.4	0.52	0.52	0	0	0.4
34500	0.4	0.52	0.52	0	0	0.4
34600	0.4	0.52	0.52	0	0	0.4
34700	0.4	0.52	0.52	0	0	0.4
34800	0.4	0.54	0.54	0	0	0.4
34900	0.4	0.54	0.54	0	0	0.4
35000	0.4	0.54	0.54	0	0	0.4
35100	0.4	0.54	0.54	0	0	0.4
35200	0.4	0.54	0.54	0	0	0.4
35300	0.4	0.54	0.54	0	0	0.4
35400	0.4	0.54	0.54	0	0	0.4
35500	0.4	0.54	0.54	0	0	0.4
35600	0.4	0.54	0.54	0	0	0.4
35700	0.4	0.54	0.54	0	0	0.4
35800	0.4	0.54	0.54	0	0	0.4
35900	0.4	0.54	0.54	0	0	0.4
36000	0.4	0.54	0.54	0	0	0.4
36100	0.4	0.54	0.54	0	0	0.4
36200	0.4	0.54	0.54	0	0	0.4
36300	0.4	0.54	0.54	0	0	0.4
36400	0.42	0.54	0.54	0	0	0.42
36500	0.42	0.54	0.54	0	0	0.42
36600	0.4	0.54	0.54	0	0	0.4
36700	0.4	0.54	0.54	0	0	0.4
36800	0.4	0.54	0.54	0	0	0.4
36900	0.4	0.54	0.54	0	0	0.4
37000	0.4	0.54	0.54	0	0	0.4
37100	0.4	0.54	0.54	0	0	0.4
37200	0.4	0.54	0.54	0	0	0.4
37300	0.4	0.54	0.54	0	0	0.4
37400	0.4	0.54	0.54	0	0	0.4
37500	0.4	0.54	0.54	0	0	0.4
37600	0.4	0.54	0.54	0	0	0.4
37700	0.4	0.54	0.54	0	0	0.4
37800	0.4	0.54	0.54	0	0	0.4
37900	0.4	0.54	0.54	0	0	0.4
38000	0.4	0.54	0.54	0	0	0.4
38100	0.4	0.54	0.54	0	0	0.4
38200	0.4	0.54	0.54	0	0	0.4
38300	0.4	0.54	0.54	0	0	0.4
38400	0.4	0.54	0.54	0	0	0.4
38500	0.4	0.54	0.54	0	0	0.4
38600	0.4	0.54	0.54	0	0	0.4
38700	0.4	0.54	0.54	0	0	0.4
38800	0.4	0.54	0.54	0	0	0.4
38900	0.4	0.54	0.54	0	0	0.4
39000	0.4	0.54	0.54	0	0	0.4
39100	0.4	0.54	0.54	0	0	0.4
39200	0.38	0.54	0.54	0	0	0.38
39300	0.38	0.54	0.54	0	0	0.38
39400	0.38	0.54	0.54	0	0	0.38
39500	0.38	0.54	0.54	0	0	0.38
39600	0.38	0.54	0.54	0	0	0.38
39700	0.38	0.54	0.54	0	0	0.38
39800	0.38	0.54	0.54	0	0	0.38
39900	0.38	0.54	0.54	0	0	0.38
40000	0.38	0.54	0.54	0	0	0.38
40100	0.36	0.54	0.54	0	0	0.36
40200	0.36	0.54	0.54	0	0	0.36
40300	0.36	0.54	0.54	0	0	0.36
40400	0.36	0.54	0.54	0	0	0.36
40500	0.36	0.56	0.56	0	0	0.36
40600	0.36	0.56	0.56	0	0	0.36
40700	0.36	0.56	0.56	0	0	0.36
40800	0.36	0.56	0.56	0	0	0.36
40900	0.36	0.56	0.56	0	0	0.36
41000	0.36	0.56	0.56	0	0	0.36
41100	0.36	0.56	0.56	0	0	0.36
41200	0.36	0.56	0.56	0	0	0.36
41300	0.36	0.56	0.56	0	0	0.36
41400	0.36	0.56	0.56	0	0	0.36
41500	0.36	0.56	0.56	0	0	0.36
41600	0.38	0.56	0.56	0	0	0.38
41700	0.38	0.56	0.56	0	0	0.38
41800	0.38	0.56	0.56	0	0	0.38
41900	0.38	0.56	0.56	0	0	0.38
42000	0.4	0.56	0.56	0	0	0.4
42100	0.36	0.56	0.56	0	0	0.36
42200	0.36	0.56	0.56	0	0	0.36
42300	0.36	0.56	0.56	0	0	0.36
42400	0.36	0.56	0.56	0	0	0.36
42500	0.36	0.56	0.56	0	0	0.36
42600	0.36	0.56	0.56	0	0	0.36
42700	0.36	0.56	0.56	0	0	0.36
42800	0.36	0.56	0.56	0	0	0.36
42900	0.38	0.56	0.56	0	0	0.38
43000	0.38	0.56	0.56	0	0	0.38
43100	0.38	0.56	0.56	0	0	0.38
43200	0.38	0.56	0.56	0	0	0.38
43300	0.38	0.56	0.56	0	0	0.38
43400	0.38	0.58	0.58	0	0	0.38
43500	0.38	0.58	0.58	0	0	0.38
43600	0.38	0.58	0.58	0	0	0.38
43700	0.38	0.58	0.58	0	0	0.38
43800	0.38	0.58	0.58	0	0	0.38
43900	0.38	0.58	0.58	0	0	0.38
44000	0.38	0.58	0.58	0	0	0.38
44100	0.38	0.58	0.58	0	0	0.38
44200	0.38	0.6	0.6	0	0	0.38
44300	0.38	0.6	0.6	0	0	0.38
44400	0.38	0.6	0.6	0	0	0.38
44500	0.38	0.6	0.6	0	0	0.38
44600	0.38	0.6	0.6	0	0	0.38
44700	0.38	0.6	0.6	0	0	0.38
44800	0.38	0.6	0.6	0	0	0.38
44900	0.38	0.6	0.6	0	0	0.38
45000	0.38	0.6	0.6	0	0	0.38
45100	0.38	0.6	0.6	0	0	0.38
45200	0.38	0.6	0.6	0	0	0.38
45300	0.38	0.6	0.6	0	0	0.38
45400	0.38	0.6	0.6	0	0	0.38
45500	0.38	0.6	0.6	0	0	0.38
45600	0.38	0.6	0.6	0	0	0.38
45700	0.38	0.6	0.6	0	0	0.38
45800	0.38	0.6	0.6	0	0	0.38
45900	0.38	0.6	0.6	0	0	0.38
46000	0.38	0.6	0.6	0	0	0.38
46100	0.38	0.6	0.6	0	0	0.38
46200	0.38	0.6	0.6	0	0	0.38
46300	0.38	0.6	0.6	0	0	0.38
46400	0.38	0.6	0.6	0	0	0.38
46500	0.38	0.6	0.6	0	0	0.38
46600	0.38	0.6	0.6	0	0	0.38
46700	0.38	0.6	0.6	0	0	0.38
46800	0.38	0.6	0.6	0	0	0.38
46900	0.38	0.6	0.6	0	0	0.38
47000	0.38	0.6	0.6	0	0	0.38
47100	0.38	0.6	0.6	0	0	0.38
47200	0.38	0.6	0.6	0	0	0.38
47300	0.38	0.6	0.6	0	0	0.38
47400	0.38	0.6	0.6	0	0	0.38
47500	0.38	0.6	0.6	0	0	0.38
47600	0.38	0.6	0.6	0	0	0.38
47700	0.38	0.6	0.6	0	0	0.38
47800	0.38	0.6	0.6	0	0	0.38
47900	0.38	0.6	0.6	0	0	0.38
48000	0.38	0.6	0.6	0	0	0.38
48100	0.38	0.6	0.6	0	0	0.38
48200	0.38	0.6	0.6	0	0	0.38
48300	0.38	0.6	0.6	0	0	0.38
48400	0.38	0.6	0.6	0	0	0.38
48500	0.38	0.6	0.6	0	0	0.38
48600	0.38	0.6	0.6	0	0	0.38
48700	0.38	0.6	0.6	0	0	0.38
48800	0.38	0.6	0.6	0	0	0.38
48900	0.38	0.58	0.58	0	0	0.38
49000	0.38	0.58	0.58	0	0	0.38
49100	0.38	0.58	0.58	0	0	0.38
49200	0.38	0.58	0.58	0	0	0.38
49300	0.38	0.58	0.58	0	0	0.38
49400	0.38	0.58	0.58	0	0	0.38
49500	0.38	0.56	0.56	0	0	0.38
49600	0.38	0.56	0.56	0	0	0.38
49700	0.38	0.56	0.56	0	0	0.38
49800	0.38	0.56	0.56	0	0	0.38
49900	0.38	0.56	0.56	0	0	0.38
50000	0.38	0.56	0.56	0	0	0.38
50100	0.38	0.56	0.56	0	0	0.38
50200	0.38	0.56	0.56	0	0	0.38
50300	0.38	0.56	0.56	0	0	0.38
50400	0.38	0.56	0.56	0	0	0.38
50500	0.38	0.56	0.56	0	0	0.38
50600	0.38	0.56	0.56	0	0	0.38
50700	0.38	0.56	0.56	0	0	0.38
50800	0.38	0.56	0.56	0	0	0.38
50900	0.38	0.56	0.56	0	0	0.38
51000	0.36	0.56	0.56	0	0	0.36
51100	0.36	0.56	0.56	0	0	0.36
51200	0.36	0.56	0.56	0	0	0.36
51300	0.36	0.58	0.58	0	0	0.36
51400	0.36	0.58	0.58	0	0	0.36
51500	0.36	0.58	0.58	0	0	0.36
51600	0.36	0.58	0.58	0	0	0.36
51700	0.36	0.58	0.58	0	0	0.36
51800	0.36	0.58	0.58	0	0	0.36
51900	0.36	0.56	0.56	0	0	0.36
52000	0.36	0.56	0.56	0	0	0.36
52100	0.36	0.56	0.56	0	0	0.36
52200	0.36	0.56	0.56	0	0	0.36
52300	0.36	0.56	0.56	0	0	0.36
52400	0.36	0.56	0.56	0	0	0.36
52500	0.36	0.56	0.56	0	0	0.36
52600	0.36	0.56	0.56	0	0	0.36
52700	0.36	0.56	0.56	0	0	0.36
52800	0.36	0.56	0.56	0	0	0.36
52900	0.36	0.56	0.56	0	0	0.36
53000	0.36	0.58	0.58	0	0	0.36
53100	0.36	0.56	0.56	0	0	0.36
53200	0.36	0.56	0.56	0	0	0.36
53300	0.36	0.56	0.56	0	0	0.36
53400	0.36	0.56	0.56	0	0	0.36
53500	0.36	0.56	0.56	0	0	0.36
53600	0.36	0.56	0.56	0	0	0.36
53700	0.36	0.56	0.56	0	0	0.36
53800	0.38	0.56	0.56	0	0	0.38
53900	0.38	0.56	0.56	0	0	0.38
54000	0.38	0.56	0.56	0	0	0.38
54100	0.38	0.56	0.56	0	0	0.38
54200	0.38	0.56	0.56	0	0	0.38
54300	0.38	0.56	0.56	0	0	0.38
54400	0.38	0.56	0.56	0	0	0.38
54500	0.38	0.56	0.56	0	0	0.38
54600	0.38	0.56	0.56	0	0	0.38
54700	0.38	0.56	0.56	0	0	0.38
54800	0.38	0.56	0.56	0	0	0.38
54900	0.38	0.56	0.56	0	0	0.38
55000	0.38	0.56	0.56	0	0	0.38
55100	0.38	0.56	0.56	0	0	0.38
55200	0.38	0.56	0.56	0	0	0.38
55300	0.38	0.56	0.56	0	0	0.38
55400	0.38	0.56	0.56	0	0	0.38
55500	0.38	0.56	0.56	0	0	0.38
55600	0.38	0.56	0.56	0	0	0.38
55700	0.38	0.56	0.56	0	0	0.38
55800	0.38	0.58	0.58	0	0	0.38
55900	0.38	0.58	0.58	0	0	0.38
56000	0.38	0.58	0.58	0	0	0.38
56100	0.38	0.58	0.58	0	0	0.38
56200	0.38	0.58	0.58	0	0	0.38
56300	0.38	0.58	0.58	0	0	0.38
56400	0.38	0.58	0.58	0	0	0.38
56500	0.38	0.58	0.58	0	0	0.38
56600	0.38	0.58	0.58	0	0	0.38
56700	0.38	0.58	0.58	0	0	0.38
56800	0.38	0.58	0.58	0	0	0.38
56900	0.38	0.58	0.58	0	0	0.38
57000	0.38	0.58	0.58	0	0	0.38
57100	0.38	0.56	0.56	0	0	0.38
57200	0.38	0.56	0.56	0	0	0.38
57300	0.38	0.56	0.56	0	0	0.38
57400	0.38	0.56	0.56	0	0	0.38
57500	0.38	0.56	0.56	0	0	0.38
57600	0.38	0.56	0.56	0	0	0.38
57700	0.38	0.56	0.56	0	0	0.38
57800	0.38	0.56	0.56	0	0	0.38
57900	0.38	0.56	0.56	0	0	0.38
58000	0.38	0.56	0.56	0	0	0.38
58100	0.38	0.56	0.56	0	0	0.38
58200	0.38	0.56	0.56	0	0	0.38
58300	0.38	0.56	0.56	0	0	0.38
58400	0.38	0.56	0.56	0	0	0.38
58500	0.38	0.56	0.56	0	0	0.38
58600	0.38	0.56	0.56	0	0	0.38
58700	0.38	0.56	0.56	0	0	0.38
58800	0.4	0.56	0.56	0	0	0.4
58900	0.38	0.56	0.56	0	0	0.38
59000	0.38	0.56	0.56	0	0	0.38
59100	0.38	0.58	0.58	0	0	0.38
59200	0.38	0.58	0.58	0	0	0.38
59300	0.38	0.58	0.58	0	0	0.38
59400	0.38	0.58	0.58	0	0	0.38
59500	0.38	0.58	0.58	0	0	0.38
59600	0.38	0.58	0.58	0	0	0.38
59700	0.38	0.58	0.58	0	0	0.38
59800	0.38	0.58	0.58	0	0	0.38
59900	0.38	0.58	0.58	0	0	0.38
60000	0.38	0.58	0.58	0	0	0.38
60100	0.38	0.58	0.58	0	0	0.38
60200	0.4	0.58	0.58	0	0	0.4
60300	0.4	0.58	0.58	0	0	0.4
60400	0.4	0.58	0.58	0	0	0.4
60500	0.4	0.58	0.58	0	0	0.4
60600	0.4	0.58	0.58	0	0	0.4
60700	0.4	0.58	0.58	0	0	0.4
60800	0.4	0.58	0.58	0	0	0.4
60900	0.4	0.58	0.58	0	0	0.4
61000	0.4	0.58	0.58	0	0	0.4
61100	0.4	0.58	0.58	0	0	0.4
61200	0.4	0.58	0.58	0	0	0.4
61300	0.4	0.58	0.58	0	0	0.4
61400	0.4	0.58	0.58	0	0	0.4
61500	0.4	0.58	0.58	0	0	0.4
61600	0.4	0.56	0.56	0	0	0.4
61700	0.4	0.56	0.56	0	0	0.4
61800	0.4	0.56	0.56	0	0	0.4
61900	0.4	0.56	0.56	0	0	0.4
62000	0.4	0.56	0.56	0	0	0.4
62100	0.4	0.58	0.58	0	0	0.4
62200	0.4	0.56	0.56	0	0	0.4
62300	0.4	0.56	0.56	0	0	0.4
62400	0.4	0.56	0.56	0	0	0.4
62500	0.4	0.56	0.56	0	0	0.4
62600	0.4	0.56	0.56	0	0	0.4
62700	0.4	0.56	0.56	0	0	0.4
62800	0.4	0.56	0.56	0	0	0.4
62900	0.4	0.56	0.56	0	0	0.4
63000	0.4	0.56	0.56	0	0	0.4
63100	0.4	0.56	0.56	0	0	0.4
63200	0.4	0.56	0.56	0	0	0.4
63300	0.42	0.56	0.56	0	0	0.42
63400	0.42	0.56	0.56	0	0	0.42
63500	0.42	0.56	0.56	0	0	0.42
63600	0.42	0.56	0.56	0	0	0.42
63700	0.42	0.56	0.56	0	0	0.42
63800	0.42	0.56	0.56	0	0	0.42
63900	0.42	0.56	0.56	0	0	0.42
64000	0.42	0.54	0.54	0	0	0.42
64100	0.42	0.54	0.54	0	0	0.42
64200	0.42	0.54	0.54	0	0	0.42
64300	0.42	0.54	0.54	0	0	0.42
64400	0.42	0.54	0.54	0	0	0.42
64500	0.42	0.5	0.5	0	0	0.42
64600	0.4	0.5	0.5	0	0	0.4
64700	0.4	0.5	0.5	0	0	0.4
64800	0.4	0.5	0.5	0	0	0.4
64900	0.4	0.5	0.5	0	0	0.4
65000	0.4	0.5	0.5	0	0	0.4
65100	0.4	0.5	0.5	0	0	0.4
65200	0.4	0.5	0.5	0	0	0.4
65300	0.42	0.5	0.5	0	0	0.42
65400	0.42	0.5	0.5	0	0	0.42
65500	0.42	0.5	0.5	0	0	0.42
65600	0.42	0.5	0.5	0	0	0.42
65700	0.42	0.52	0.52	0	0	0.42
65800	0.42	0.5	0.5	0	0	0.42
65900	0.42	0.5	0.5	0	0	0.42
66000	0.42	0.5	0.5	0	0	0.42
66100	0.42	0.5	0.5	0	0	0.42
66200	0.42	0.5	0.5	0	0	0.42
66300	0.42	0.54	0.54	0	0	0.42
66400	0.42	0.54	0.54	0	0	0.42
66500	0.42	0.54	0.54	0	0	0.42
66600	0.42	0.56	0.56	0	0	0.42
66700	0.42	0.56	0.56	0	0	0.42
66800	0.42	0.56	0.56	0	0	0.42
66900	0.42	0.56	0.56	0	0	0.42
67000	0.42	0.56	0.56	0	0	0.42
67100	0.42	0.56	0.56	0	0	0.42
67200	0.42	0.56	0.56	0	0	0.42
67300	0.42	0.56	0.56	0	0	0.42
67400	0.42	0.56	0.56	0	0	0.42
67500	0.42	0.56	0.56	0	0	0.42
67600	0.42	0.56	0.56	0	0	0.42
67700	0.42	0.56	0.56	0	0	0.42
67800	0.42	0.56	0.56	0	0	0.42
67900	0.42	0.56	0.56	0	0	0.42
68000	0.42	0.56	0.56	0	0	0.42
68100	0.42	0.56	0.56	0	0	0.42
68200	0.42	0.56	0.56	0	0	0.42
68300	0.42	0.56	0.56	0	0	0.42
68400	0.42	0.56	0.56	0	0	0.42
68500	0.42	0.56	0.56	0	0	0.42
68600	0.42	0.56	0.56	0	0	0.42
68700	0.42	0.56	0.56	0	0	0.42
68800	0.42	0.56	0.56	0	0	0.42
68900	0.42	0.56	0.56	0	0	0.42
69000	0.42	0.56	0.56	0	0	0.42
69100	0.4	0.56	0.56	0	0	0.4
69200	0.4	0.56	0.56	0	0	0.4
69300	0.4	0.56	0.56	0	0	0.4
69400	0.4	0.56	0.56	0	0	0.4
69500	0.4	0.56	0.56	0	0	0.4
69600	0.4	0.56	0.56	0	0	0.4
69700	0.4	0.56	0.56	0	0	0.4
69800	0.4	0.56	0.56	0	0	0.4
69900	0.4	0.56	0.56	0	0	0.4
70000	0.4	0.56	0.56	0	0	0.4
70100	0.4	0.56	0.56	0	0	0.4
70200	0.4	0.56	0.56	0	0	0.4
70300	0.4	0.56	0.56	0	0	0.4
70400	0.4	0.56	0.56	0	0	0.4
70500	0.4	0.56	0.56	0	0	0.4
70600	0.4	0.56	0.56	0	0	0.4
70700	0.4	0.56	0.56	0	0	0.4
70800	0.4	0.56	0.56	0	0	0.4
70900	0.4	0.56	0.56	0	0	0.4
71000	0.4	0.56	0.56	0	0	0.4
71100	0.4	0.56	0.56	0	0	0.4
71200	0.4	0.56	0.56	0	0	0.4
71300	0.4	0.56	0.56	0	0	0.4
71400	0.4	0.56	0.56	0	0	0.4
71500	0.4	0.56	0.56	0	0	0.4
71600	0.4	0.56	0.56	0	0	0.4
71700	0.4	0.56	0.56	0	0	0.4
71800	0.4	0.56	0.56	0	0	0.4
71900	0.4	0.56	0.56	0	0	0.4
72000	0.4	0.56	0.56	0	0	0.4
72100	0.4	0.56	0.56	0	0	0.4
72200	0.4	0.56	0.56	0	0	0.4
72300	0.4	0.56	0.56	0	0	0.4
72400	0.4	0.56	0.56	0	0	0.4
72500	0.4	0.56	0.56	0	0	0.4
72600	0.4	0.56	0.56	0	0	0.4
72700	0.4	0.56	0.56	0	0	0.4
72800	0.4	0.56	0.56	0	0	0.4
72900	0.4	0.56	0.56	0	0	0.4
73000	0.4	0.56	0.56	0	0	0.4
73100	0.4	0.56	0.56	0	0	0.4
73200	0.4	0.58	0.58	0	0	0.4
73300	0.4	0.58	0.58	0	0	0.4
73400	0.4	0.58	0.58	0	0	0.4
73500	0.4	0.58	0.58	0	0	0.4
73600	0.4	0.58	0.58	0	0	0.4
73700	0.38	0.58	0.58	0	0	0.38
73800	0.38	0.58	0.58	0	0	0.38
73900	0.38	0.58	0.58	0	0	0.38
74000	0.38	0.58	0.58	0	0	0.38
74100	0.38	0.58	0.58	0	0	0.38
74200	0.38	0.58	0.58	0	0	0.38
74300	0.38	0.58	0.58	0	0	0.38
74400	0.38	0.58	0.58	0	0	0.38
74500	0.38	0.58	0.58	0	0	0.38
74600	0.38	0.58	0.58	0	0	0.38
74700	0.38	0.58	0.58	0	0	0.38
74800	0.38	0.58	0.58	0	0	0.38
74900	0.38	0.58	0.58	0	0	0.38
75000	0.36	0.58	0.58	0	0	0.36
75100	0.36	0.58	0.58	0	0	0.36
75200	0.36	0.58	0.58	0	0	0.36
75300	0.36	0.58	0.58	0	0	0.36
75400	0.36	0.58	0.58	0	0	0.36
75500	0.36	0.6	0.6	0	0	0.36
75600	0.36	0.58	0.58	0	0	0.36
75700	0.36	0.58	0.58	0	0	0.36
75800	0.36	0.58	0.58	0	0	0.36
75900	0.36	0.58	0.58	0	0	0.36
76000	0.36	0.58	0.58	0	0	0.36
76100	0.36	0.58	0.58	0	0	0.36
76200	0.36	0.58	0.58	0	0	0.36
76300	0.36	0.58	0.58	0	0	0.36
76400	0.36	0.58	0.58	0	0	0.36
76500	0.36	0.58	0.58	0	0	0.36
76600	0.36	0.58	0.58	0	0	0.36
76700	0.36	0.6	0.6	0	0	0.36
76800	0.36	0.6	0.6	0	0	0.36
76900	0.36	0.6	0.6	0	0	0.36
77000	0.36	0.6	0.6	0	0	0.36
77100	0.36	0.6	0.6	0	0	0.36
77200	0.36	0.6	0.6	0	0	0.36
77300	0.36	0.6	0.6	0	0	0.36
77400	0.36	0.6	0.6	0	0	0.36
77500	0.36	0.6	0.6	0	0	0.36
77600	0.36	0.6	0.6	0	0	0.36
77700	0.36	0.6	0.6	0	0	0.36
77800	0.36	0.6	0.6	0	0	0.36
77900	0.36	0.6	0.6	0	0	0.36
78000	0.36	0.6	0.6	0	0	0.36
78100	0.36	0.6	0.6	0	0	0.36
78200	0.36	0.6	0.6	0	0	0.36
78300	0.36	0.6	0.6	0	0	0.36
78400	0.36	0.6	0.6	0	0	0.36
78500	0.36	0.6	0.6	0	0	0.36
78600	0.36	0.6	0.6	0	0	0.36
78700	0.36	0.6	0.6	0	0	0.36
78800	0.36	0.6	0.6	0	0	0.36
78900	0.36	0.6	0.6	0	0	0.36
79000	0.36	0.6	0.6	0	0	0.36
79100	0.36	0.6	0.6	0	0	0.36
79200	0.36	0.6	0.6	0	0	0.36
79300	0.36	0.6	0.6	0	0	0.36
79400	0.36	0.6	0.6	0	0	0.36
79500	0.36	0.58	0.58	0	0	0.36
79600	0.36	0.58	0.58	0	0	0.36
79700	0.36	0.58	0.58	0	0	0.36
79800	0.36	0.58	0.58	0	0	0.36
79900	0.36	0.58	0.58	0	0	0.36
80000	0.36	0.58	0.58	0	0	0.36
80100	0.36	0.58	0.58	0	0	0.36
80200	0.36	0.58	0.58	0	0	0.36
80300	0.36	0.58	0.58	0	0	0.36
80400	0.36	0.6	0.6	0	0	0.36
80500	0.36	0.6	0.6	0	0	0.36
80600	0.36	0.6	0.6	0	0	0.36
80700	0.36	0.6	0.6	0	0	0.36
80800	0.38	0.6	0.6	0	0	0.38
80900	0.38	0.6	0.6	0	0	0.38
81000	0.38	0.6	0.6	0	0	0.38
81100	0.38	0.6	0.6	0	0	0.38
81200	0.38	0.6	0.6	0	0	0.38
81300	0.38	0.6	0.6	0	0	0.38
81400	0.38	0.6	0.6	0	0	0.38
81500	0.38	0.6	0.6	0	0	0.38
81600	0.38	0.6	0.6	0	0	0.38
81700	0.38	0.6	0.6	0	0	0.38
81800	0.38	0.6	0.6	0	0	0.38
81900	0.38	0.6	0.6	0	0	0.38
82000	0.38	0.6	0.6	0	0	0.38
82100	0.38	0.6	0.6	0	0	0.38
82200	0.38	0.58	0.58	0	0	0.38
82300	0.38	0.58	0.58	0	0	0.38
82400	0.38	0.58	0.58	0	0	0.38
82500	0.38	0.58	0.58	0	0	0.38
82600	0.38	0.58	0.58	0	0	0.38
82700	0.38	0.58	0.58	0	0	0.38
82800	0.38	0.58	0.58	0	0	0.38
82900	0.38	0.58	0.58	0	0	0.38
83000	0.38	0.58	0.58	0	0	0.38
83100	0.38	0.58	0.58	0	0	0.38
83200	0.38	0.58	0.58	0	0	0.38
83300	0.38	0.58	0.58	0	0	0.38
83400	0.38	0.58	0.58	0	0	0.38
83500	0.38	0.58	0.58	0	0	0.38
83600	0.38	0.58	0.58	0	0	0.38
83700	0.38	0.58	0.58	0	0	0.38
83800	0.38	0.58	0.58	0	0	0.38
83900	0.38	0.58	0.58	0	0	0.38
84000	0.38	0.58	0.58	0	0	0.38
84100	0.38	0.58	0.58	0	0	0.38
84200	0.38	0.56	0.56	0	0	0.38
84300	0.38	0.56	0.56	0	0	0.38
84400	0.38	0.56	0.56	0	0	0.38
84500	0.38	0.56	0.56	0	0	0.38
84600	0.38	0.56	0.56	0	0	0.38
84700	0.38	0.56	0.56	0	0	0.38
84800	0.38	0.54	0.54	0	0	0.38
84900	0.38	0.54	0.54	0	0	0.38
85000	0.38	0.52	0.52	0	0	0.38
85100	0.38	0.52	0.52	0	0	0.38
85200	0.38	0.52	0.52	0	0	0.38
85300	0.38	0.52	0.52	0	0	0.38
85400	0.4	0.52	0.52	0	0	0.4
85500	0.4	0.52	0.52	0	0	0.4
85600	0.4	0.52	0.52	0	0	0.4
85700	0.4	0.52	0.52	0	0	0.4
85800	0.4	0.52	0.52	0	0	0.4
85900	0.4	0.52	0.52	0	0	0.4
86000	0.4	0.52	0.52	0	0	0.4
86100	0.4	0.52	0.52	0	0	0.4
86200	0.42	0.52	0.52	0	0	0.42
86300	0.42	0.52	0.52	0	0	0.42
86400	0.42	0.52	0.52	0	0	0.42
86500	0.44	0.52	0.52	0	0	0.44
86600	0.44	0.54	0.54	0	0	0.44
86700	0.44	0.54	0.54	0	0	0.44
86800	0.44	0.54	0.54	0	0	0.44
86900	0.42	0.54	0.54	0	0	0.42
87000	0.42	0.54	0.54	0	0	0.42
87100	0.42	0.56	0.56	0	0	0.42
87200	0.42	0.56	0.56	0	0	0.42
87300	0.42	0.56	0.56	0	0	0.42
87400	0.42	0.56	0.56	0	0	0.42
87500	0.42	0.56	0.56	0	0	0.42
87600	0.42	0.56	0.56	0	0	0.42
87700	0.42	0.56	0.56	0	0	0.42
87800	0.42	0.56	0.56	0	0	0.42
87900	0.42	0.56	0.56	0	0	0.42
88000	0.42	0.56	0.56	0	0	0.42
88100	0.42	0.56	0.56	0	0	0.42
88200	0.42	0.56	0.56	0	0	0.42
88300	0.42	0.56	0.56	0	0	0.42
88400	0.42	0.56	0.56	0	0	0.42
88500	0.42	0.56	0.56	0	0	0.42
88600	0.42	0.58	0.58	0	0	0.42
88700	0.42	0.58	0.58	0	0	0.42
88800	0.42	0.58	0.58	0	0	0.42
88900	0.42	0.58	0.58	0	0	0.42
89000	0.42	0.58	0.58	0	0	0.42
89100	0.42	0.58	0.58	0	0	0.42
89200	0.42	0.58	0.58	0	0	0.42
89300	0.42	0.58	0.58	0	0	0.42
89400	0.4	0.58	0.58	0	0	0.4
89500	0.4	0.58	0.58	0	0	0.4
89600	0.4	0.58	0.58	0	0	0.4
89700	0.4	0.58	0.58	0	0	0.4
89800	0.4	0.58	0.58	0	0	0.4
89900	0.4	0.58	0.58	0	0	0.4
90000	0.4	0.56	0.56	0	0	0.4
90100	0.4	0.56	0.56	0	0	0.4
90200	0.4	0.56	0.56	0	0	0.4
90300	0.4	0.56	0.56	0	0	0.4
90400	0.4	0.56	0.56	0	0	0.4
90500	0.4	0.56	0.56	0	0	0.4
90600	0.4	0.56	0.56	0	0	0.4
90700	0.4	0.56	0.56	0	0	0.4
90800	0.4	0.56	0.56	0	0	0.4
90900	0.4	0.56	0.56	0	0	0.4
91000	0.4	0.56	0.56	0	0	0.4
91100	0.38	0.56	0.56	0	0	0.38
91200	0.38	0.56	0.56	0	0	0.38
91300	0.38	0.56	0.56	0	0	0.38
91400	0.38	0.56	0.56	0	0	0.38
91500	0.38	0.56	0.56	0	0	0.38
91600	0.38	0.56	0.56	0	0	0.38
91700	0.38	0.56	0.56	0	0	0.38
91800	0.38	0.56	0.56	0	0	0.38
91900	0.38	0.56	0.56	0	0	0.38
92000	0.38	0.56	0.56	0	0	0.38
92100	0.38	0.56	0.56	0	0	0.38
92200	0.38	0.56	0.56	0	0	0.38
92300	0.38	0.56	0.56	0	0	0.38
92400	0.38	0.56	0.56	0	0	0.38
92500	0.38	0.56	0.56	0	0	0.38
92600	0.38	0.56	0.56	0	0	0.38
92700	0.38	0.56	0.56	0	0	0.38
92800	0.38	0.56	0.56	0	0	0.38
92900	0.4	0.56	0.56	0	0	0.4
93000	0.4	0.56	0.56	0	0	0.4
93100	0.4	0.56	0.56	0	0	0.4
93200	0.4	0.56	0.56	0	0	0.4
93300	0.4	0.56	0.56	0	0	0.4
93400	0.4	0.56	0.56	0	0	0.4
93500	0.4	0.56	0.56	0	0	0.4
93600	0.4	0.56	0.56	0	0	0.4
93700	0.4	0.56	0.56	0	0	0.4
93800	0.4	0.56	0.56	0	0	0.4
93900	0.4	0.56	0.56	0	0	0.4
94000	0.4	0.56	0.56	0	0	0.4
94100	0.4	0.58	0.58	0	0	0.4
94200	0.4	0.58	0.58	0	0	0.4
94300	0.4	0.58	0.58	0	0	0.4
94400	0.38	0.58	0.58	0	0	0.38
94500	0.38	0.58	0.58	0	0	0.38
94600	0.38	0.58	0.58	0	0	0.38
94700	0.38	0.58	0.58	0	0	0.38
94800	0.38	0.58	0.58	0	0	0.38
94900	0.38	0.58	0.58	0	0	0.38
95000	0.38	0.58	0.58	0	0	0.38
95100	0.38	0.58	0.58	0	0	0.38
95200	0.38	0.58	0.58	0	0	0.38
95300	0.38	0.58	0.58	0	0	0.38
95400	0.38	0.58	0.58	0	0	0.38
95500	0.38	0.58	0.58	0	0	0.38
95600	0.38	0.58	0.58	0	0	0.38
95700	0.38	0.58	0.58	0	0	0.38
95800	0.38	0.58	0.58	0	0	0.38
95900	0.38	0.58	0.58	0	0	0.38
96000	0.38	0.58	0.58	0	0	0.38
96100	0.38	0.58	0.58	0	0	0.38
96200	0.38	0.58	0.58	0	0	0.38
96300	0.38	0.58	0.58	0	0	0.38
96400	0.38	0.58	0.58	0	0	0.38
96500	0.38	0.58	0.58	0	0	0.38
96600	0.38	0.58	0.58	0	0	0.38
96700	0.38	0.58	0.58	0	0	0.38
96800	0.38	0.58	0.58	0	0	0.38
96900	0.38	0.58	0.58	0	0	0.38
97000	0.38	0.58	0.58	0	0	0.38
97100	0.38	0.58	0.58	0	0	0.38
97200	0.38	0.58	0.58	0	0	0.38
97300	0.38	0.58	0.58	0	0	0.38
97400	0.38	0.58	0.58	0	0	0.38
97500	0.38	0.58	0.58	0	0	0.38
97600	0.38	0.58	0.58	0	0	0.38
97700	0.38	0.58	0.58	0	0	0.38
97800	0.38	0.58	0.58	0	0	0.38
97900	0.38	0.6	0.6	0	0	0.38
98000	0.38	0.6	0.6	0	0	0.38
98100	0.38	0.6	0.6	0	0	0.38
98200	0.38	0.6	0.6	0	0	0.38
98300	0.38	0.6	0.6	0	0	0.38
98400	0.38	0.6	0.6	0	0	0.38
98500	0.38	0.58	0.58	0	0	0.38
98600	0.38	0.58	0.58	0	0	0.38
98700	0.38	0.58	0.58	0	0	0.38
98800	0.38	0.58	0.58	0	0	0.38
98900	0.38	0.58	0.58	0	0	0.38
99000	0.38	0.56	0.56	0	0	0.38
99100	0.38	0.56	0.56	0	0	0.38
99200	0.38	0.56	0.56	0	0	0.38
99300	0.38	0.56	0.56	0	0	0.38
99400	0.38	0.56	0.56	0	0	0.38
99500	0.38	0.56	0.56	0	0	0.38
99600	0.38	0.56	0.56	0	0	0.38
99700	0.38	0.56	0.56	0	0	0.38
99800	0.38	0.56	0.56	0	0	0.38
99900	0.38	0.56	0.56	0	0	0.38
100000	0.38	0.58	0.58	0	0	0.38
