100	0.12	0.14	0.14	0	0	0.12
200	0.12	0.16	0.16	0	0	0.12
300	0.12	0.18	0.18	0	0	0.12
400	0.14	0.2	0.2	0	0	0.14
500	0.14	0.2	0.2	0	0	0.14
600	0.16	0.24	0.24	0	0	0.16
700	0.22	0.24	0.24	0	0	0.22
800	0.26	0.26	0.26	0	0	0.26
900	0.24	0.22	0.22	0	0	0.24
1000	0.24	0.22	0.22	0	0	0.24
1100	0.26	0.22	0.22	0	0	0.26
1200	0.32	0.22	0.22	0	0	0.32
1300	0.32	0.22	0.22	0	0	0.32
1400	0.32	0.22	0.22	0	0	0.32
1500	0.34	0.22	0.22	0	0	0.34
1600	0.34	0.22	0.22	0	0	0.34
1700	0.34	0.22	0.22	0	0	0.34
1800	0.34	0.22	0.22	0	0	0.34
1900	0.38	0.24	0.24	0	0	0.38
2000	0.38	0.22	0.22	0	0	0.38
2100	0.4	0.26	0.26	0	0	0.4
2200	0.38	0.26	0.26	0	0	0.38
2300	0.36	0.26	0.26	0	0	0.36
2400	0.38	0.28	0.28	0	0	0.38
2500	0.38	0.28	0.28	0	0	0.38
2600	0.36	0.3	0.3	0	0	0.36
2700	0.36	0.3	0.3	0	0	0.36
2800	0.36	0.32	0.32	0	0	0.36
2900	0.36	0.32	0.32	0	0	0.36
3000	0.36	0.3	0.3	0	0	0.36
3100	0.36	0.32	0.32	0	0	0.36
3200	0.38	0.32	0.32	0	0	0.38
3300	0.36	0.3	0.3	0	0	0.36
3400	0.36	0.3	0.3	0	0	0.36
3500	0.36	0.3	0.3	0	0	0.36
3600	0.36	0.3	0.3	0	0	0.36
3700	0.34	0.3	0.3	0	0	0.34
3800	0.36	0.3	0.3	0	0	0.36
3900	0.36	0.3	0.3	0	0	0.36
4000	0.36	0.3	0.3	0	0	0.36
4100	0.36	0.3	0.3	0	0	0.36
4200	0.36	0.3	0.3	0	0	0.36
4300	0.38	0.3	0.3	0	0	0.38
4400	0.38	0.3	0.3	0	0	0.38
4500	0.36	0.3	0.3	0	0	0.36
4600	0.38	0.3	0.3	0	0	0.38
4700	0.38	0.3	0.3	0	0	0.38
4800	0.36	0.3	0.3	0	0	0.36
4900	0.36	0.3	0.3	0	0	0.36
5000	0.36	0.3	0.3	0	0	0.36
5100	0.36	0.3	0.3	0	0	0.36
5200	0.36	0.3	0.3	0	0	0.36
5300	0.4	0.28	0.28	0	0	0.4
5400	0.4	0.28	0.28	0	0	0.4
5500	0.4	0.28	0.28	0	0	0.4
5600	0.42	0.28	0.28	0	0	0.42
5700	0.4	0.28	0.28	0	0	0.4
5800	0.42	0.28	0.28	0	0	0.42
5900	0.42	0.28	0.28	0	0	0.42
6000	0.42	0.28	0.28	0	0	0.42
6100	0.42	0.28	0.28	0	0	0.42
6200	0.42	0.3	0.3	0	0	0.42
6300	0.42	0.3	0.3	0	0	0.42
6400	0.44	0.3	0.3	0	0	0.44
6500	0.44	0.3	0.3	0	0	0.44
6600	0.44	0.3	0.3	0	0	0.44
6700	0.44	0.3	0.3	0	0	0.44
6800	0.44	0.3	0.3	0	0	0.44
6900	0.46	0.3	0.3	0	0	0.46
7000	0.46	0.3	0.3	0	0	0.46
7100	0.46	0.32	0.32	0	0	0.46
7200	0.46	0.32	0.32	0	0	0.46
7300	0.46	0.32	0.32	0	0	0.46
7400	0.46	0.32	0.32	0	0	0.46
7500	0.46	0.34	0.34	0	0	0.46
7600	0.46	0.32	0.32	0	0	0.46
7700	0.46	0.32	0.32	0	0	0.46
7800	0.46	0.32	0.32	0	0	0.46
7900	0.46	0.32	0.32	0	0	0.46
8000	0.44	0.32	0.32	0	0	0.44
8100	0.44	0.32	0.32	0	0	0.44
8200	0.44	0.32	0.32	0	0	0.44
8300	0.44	0.34	0.34	0	0	0.44
8400	0.44	0.34	0.34	0	0	0.44
8500	0.44	0.32	0.32	0	0	0.44
8600	0.44	0.32	0.32	0	0	0.44
8700	0.44	0.32	0.32	0	0	0.44
8800	0.46	0.32	0.32	0	0	0.46
8900	0.46	0.34	0.34	0	0	0.46
9000	0.46	0.34	0.34	0	0	0.46
9100	0.44	0.36	0.36	0	0	0.44
9200	0.44	0.36	0.36	0	0	0.44
9300	0.44	0.36	0.36	0	0	0.44
9400	0.44	0.36	0.36	0	0	0.44
9500	0.44	0.36	0.36	0	0	0.44
9600	0.44	0.38	0.38	0	0	0.44
9700	0.46	0.38	0.38	0	0	0.46
9800	0.48	0.38	0.38	0	0	0.48
9900	0.48	0.38	0.38	0	0	0.48
10000	0.48	0.38	0.38	0	0	0.48
10100	0.48	0.38	0.38	0	0	0.48
10200	0.48	0.38	0.38	0	0	0.48
10300	0.5	0.38	0.38	0	0	0.5
10400	0.5	0.38	0.38	0	0	0.5
10500	0.5	0.38	0.38	0	0	0.5
10600	0.5	0.38	0.38	0	0	0.5
10700	0.5	0.38	0.38	0	0	0.5
10800	0.5	0.38	0.38	0	0	0.5
10900	0.5	0.38	0.38	0	0	0.5
11000	0.5	0.38	0.38	0	0	0.5
11100	0.5	0.38	0.38	0	0	0.5
11200	0.48	0.38	0.38	0	0	0.48
11300	0.48	0.38	0.38	0	0	0.48
11400	0.48	0.36	0.36	0	0	0.48
11500	0.48	0.36	0.36	0	0	0.48
11600	0.48	0.36	0.36	0	0	0.48
11700	0.48	0.36	0.36	0	0	0.48
11800	0.48	0.36	0.36	0	0	0.48
11900	0.48	0.36	0.36	0	0	0.48
12000	0.48	0.38	0.38	0	0	0.48
12100	0.46	0.4	0.4	0	0	0.46
12200	0.46	0.4	0.4	0	0	0.46
12300	0.46	0.4	0.4	0	0	0.46
12400	0.46	0.4	0.4	0	0	0.46
12500	0.48	0.4	0.4	0	0	0.48
12600	0.48	0.4	0.4	0	0	0.48
12700	0.48	0.4	0.4	0	0	0.48
12800	0.48	0.42	0.42	0	0	0.48
12900	0.48	0.42	0.42	0	0	0.48
13000	0.48	0.42	0.42	0	0	0.48
13100	0.48	0.42	0.42	0	0	0.48
13200	0.48	0.44	0.44	0	0	0.48
13300	0.48	0.44	0.44	0	0	0.48
13400	0.48	0.44	0.44	0	0	0.48
13500	0.48	0.44	0.44	0	0	0.48
13600	0.48	0.44	0.44	0	0	0.48
13700	0.48	0.46	0.46	0	0	0.48
13800	0.48	0.44	0.44	0	0	0.48
13900	0.48	0.44	0.44	0	0	0.48
14000	0.48	0.44	0.44	0	0	0.48
14100	0.48	0.44	0.44	0	0	0.48
14200	0.48	0.44	0.44	0	0	0.48
14300	0.48	0.44	0.44	0	0	0.48
14400	0.48	0.42	0.42	0	0	0.48
14500	0.48	0.42	0.42	0	0	0.48
14600	0.48	0.42	0.42	0	0	0.48
14700	0.48	0.46	0.46	0	0	0.48
14800	0.48	0.46	0.46	0	0	0.48
14900	0.48	0.46	0.46	0	0	0.48
15000	0.48	0.46	0.46	0	0	0.48
15100	0.48	0.46	0.46	0	0	0.48
15200	0.48	0.46	0.46	0	0	0.48
15300	0.48	0.46	0.46	0	0	0.48
15400	0.48	0.44	0.44	0	0	0.48
15500	0.48	0.44	0.44	0	0	0.48
15600	0.48	0.44	0.44	0	0	0.48
15700	0.48	0.44	0.44	0	0	0.48
15800	0.48	0.44	0.44	0	0	0.48
15900	0.48	0.44	0.44	0	0	0.48
16000	0.48	0.44	0.44	0	0	0.48
16100	0.48	0.44	0.44	0	0	0.48
16200	0.46	0.44	0.44	0	0	0.46
16300	0.46	0.44	0.44	0	0	0.46
16400	0.46	0.44	0.44	0	0	0.46
16500	0.46	0.44	0.44	0	0	0.46
16600	0.46	0.44	0.44	0	0	0.46
16700	0.48	0.44	0.44	0	0	0.48
16800	0.46	0.44	0.44	0	0	0.46
16900	0.46	0.44	0.44	0	0	0.46
17000	0.46	0.44	0.44	0	0	0.46
17100	0.46	0.44	0.44	0	0	0.46
17200	0.46	0.44	0.44	0	0	0.46
17300	0.46	0.44	0.44	0	0	0.46
17400	0.46	0.44	0.44	0	0	0.46
17500	0.46	0.44	0.44	0	0	0.46
17600	0.46	0.44	0.44	0	0	0.46
17700	0.46	0.44	0.44	0	0	0.46
17800	0.46	0.44	0.44	0	0	0.46
17900	0.46	0.44	0.44	0	0	0.46
18000	0.46	0.44	0.44	0	0	0.46
18100	0.46	0.44	0.44	0	0	0.46
18200	0.46	0.44	0.44	0	0	0.46
18300	0.46	0.46	0.46	0	0	0.46
18400	0.46	0.44	0.44	0	0	0.46
18500	0.46	0.44	0.44	0	0	0.46
18600	0.46	0.44	0.44	0	0	0.46
18700	0.46	0.44	0.44	0	0	0.46
18800	0.46	0.46	0.46	0	0	0.46
18900	0.46	0.46	0.46	0	0	0.46
19000	0.46	0.46	0.46	0	0	0.46
19100	0.46	0.46	0.46	0	0	0.46
19200	0.46	0.46	0.46	0	0	0.46
19300	0.46	0.46	0.46	0	0	0.46
19400	0.46	0.46	0.46	0	0	0.46
19500	0.46	0.46	0.46	0	0	0.46
19600	0.46	0.46	0.46	0	0	0.46
19700	0.48	0.46	0.46	0	0	0.48
19800	0.48	0.46	0.46	0	0	0.48
19900	0.48	0.46	0.46	0	0	0.48
20000	0.48	0.46	0.46	0	0	0.48
20100	0.48	0.46	0.46	0	0	0.48
20200	0.48	0.46	0.46	0	0	0.48
20300	0.48	0.46	0.46	0	0	0.48
20400	0.48	0.46	0.46	0	0	0.48
20500	0.48	0.46	0.46	0	0	0.48
20600	0.48	0.44	0.44	0	0	0.48
20700	0.46	0.44	0.44	0	0	0.46
20800	0.46	0.44	0.44	0	0	0.46
20900	0.46	0.44	0.44	0	0	0.46
21000	0.46	0.44	0.44	0	0	0.46
21100	0.46	0.44	0.44	0	0	0.46
21200	0.46	0.44	0.44	0	0	0.46
21300	0.46	0.44	0.44	0	0	0.46
21400	0.44	0.44	0.44	0	0	0.44
21500	0.44	0.44	0.44	0	0	0.44
21600	0.44	0.44	0.44	0	0	0.44
21700	0.44	0.44	0.44	0	0	0.44
21800	0.44	0.44	0.44	0	0	0.44
21900	0.44	0.44	0.44	0	0	0.44
22000	0.44	0.44	0.44	0	0	0.44
22100	0.42	0.42	0.42	0	0	0.42
22200	0.42	0.42	0.42	0	0	0.42
22300	0.42	0.42	0.42	0	0	0.42
22400	0.42	0.42	0.42	0	0	0.42
22500	0.42	0.42	0.42	0	0	0.42
22600	0.42	0.42	0.42	0	0	0.42
22700	0.42	0.42	0.42	0	0	0.42
22800	0.44	0.42	0.42	0	0	0.44
22900	0.44	0.4	0.4	0	0	0.44
23000	0.44	0.4	0.4	0	0	0.44
23100	0.44	0.4	0.4	0	0	0.44
23200	0.44	0.4	0.4	0	0	0.44
23300	0.44	0.42	0.42	0	0	0.44
23400	0.46	0.42	0.42	0	0	0.46
23500	0.46	0.42	0.42	0	0	0.46
23600	0.46	0.42	0.42	0	0	0.46
23700	0.46	0.42	0.42	0	0	0.46
23800	0.46	0.42	0.42	0	0	0.46
23900	0.46	0.42	0.42	0	0	0.46
24000	0.46	0.42	0.42	0	0	0.46
24100	0.46	0.42	0.42	0	0	0.46
24200	0.46	0.42	0.42	0	0	0.46
24300	0.46	0.42	0.42	0	0	0.46
24400	0.46	0.42	0.42	0	0	0.46
24500	0.46	0.44	0.44	0	0	0.46
24600	0.46	0.44	0.44	0	0	0.46
24700	0.48	0.44	0.44	0	0	0.48
24800	0.48	0.44	0.44	0	0	0.48
24900	0.48	0.44	0.44	0	0	0.48
25000	0.48	0.44	0.44	0	0	0.48
25100	0.48	0.44	0.44	0	0	0.48
25200	0.48	0.44	0.44	0	0	0.48
25300	0.48	0.44	0.44	0	0	0.48
25400	0.5	0.44	0.44	0	0	0.5
25500	0.5	0.44	0.44	0	0	0.5
25600	0.5	0.46	0.46	0	0	0.5
25700	0.5	0.46	0.46	0	0	0.5
25800	0.5	0.46	0.46	0	0	0.5
25900	0.48	0.46	0.46	0	0	0.48
26000	0.48	0.46	0.46	0	0	0.48
26100	0.48	0.46	0.46	0	0	0.48
26200	0.48	0.46	0.46	0	0	0.48
26300	0.48	0.46	0.46	0	0	0.48
26400	0.48	0.46	0.46	0	0	0.48
26500	0.48	0.46	0.46	0	0	0.48
26600	0.48	0.46	0.46	0	0	0.48
26700	0.48	0.46	0.46	0	0	0.48
26800	0.48	0.46	0.46	0	0	0.48
26900	0.48	0.46	0.46	0	0	0.48
27000	0.48	0.46	0.46	0	0	0.48
27100	0.48	0.46	0.46	0	0	0.48
27200	0.48	0.46	0.46	0	0	0.48
27300	0.46	0.46	0.46	0	0	0.46
27400	0.46	0.46	0.46	0	0	0.46
27500	0.46	0.46	0.46	0	0	0.46
27600	0.46	0.44	0.44	0	0	0.46
27700	0.46	0.44	0.44	0	0	0.46
27800	0.46	0.44	0.44	0	0	0.46
27900	0.46	0.44	0.44	0	0	0.46
28000	0.46	0.44	0.44	0	0	0.46
28100	0.46	0.44	0.44	0	0	0.46
28200	0.46	0.44	0.44	0	0	0.46
28300	0.46	0.44	0.44	0	0	0.46
28400	0.46	0.42	0.42	0	0	0.46
28500	0.46	0.4	0.4	0	0	0.46
28600	0.46	0.4	0.4	0	0	0.46
28700	0.46	0.4	0.4	0	0	0.46
28800	0.46	0.4	0.4	0	0	0.46
28900	0.46	0.4	0.4	0	0	0.46
29000	0.44	0.4	0.4	0	0	0.44
29100	0.46	0.4	0.4	0	0	0.46
29200	0.46	0.4	0.4	0	0	0.46
29300	0.46	0.4	0.4	0	0	0.46
29400	0.46	0.4	0.4	0	0	0.46
29500	0.46	0.4	0.4	0	0	0.46
29600	0.46	0.4	0.4	0	0	0.46
29700	0.46	0.42	0.42	0	0	0.46
29800	0.46	0.42	0.42	0	0	0.46
29900	0.46	0.42	0.42	0	0	0.46
30000	0.46	0.42	0.42	0	0	0.46
30100	0.46	0.42	0.42	0	0	0.46
30200	0.46	0.42	0.42	0	0	0.46
30300	0.46	0.42	0.42	0	0	0.46
30400	0.46	0.42	0.42	0	0	0.46
30500	0.46	0.42	0.42	0	0	0.46
30600	0.46	0.42	0.42	0	0	0.46
30700	0.46	0.42	0.42	0	0	0.46
30800	0.46	0.44	0.44	0	0	0.46
30900	0.46	0.44	0.44	0	0	0.46
31000	0.46	0.44	0.44	0	0	0.46
31100	0.46	0.44	0.44	0	0	0.46
31200	0.46	0.44	0.44	0	0	0.46
31300	0.46	0.44	0.44	0	0	0.46
31400	0.46	0.44	0.44	0	0	0.46
31500	0.46	0.44	0.44	0	0	0.46
31600	0.46	0.44	0.44	0	0	0.46
31700	0.46	0.44	0.44	0	0	0.46
31800	0.44	0.44	0.44	0	0	0.44
31900	0.46	0.44	0.44	0	0	0.46
32000	0.46	0.44	0.44	0	0	0.46
32100	0.46	0.44	0.44	0	0	0.46
32200	0.46	0.44	0.44	0	0	0.46
32300	0.46	0.42	0.42	0	0	0.46
32400	0.46	0.4	0.4	0	0	0.46
32500	0.46	0.4	0.4	0	0	0.46
32600	0.46	0.4	0.4	0	0	0.46
32700	0.46	0.4	0.4	0	0	0.46
32800	0.46	0.4	0.4	0	0	0.46
32900	0.46	0.4	0.4	0	0	0.46
33000	0.46	0.42	0.42	0	0	0.46
33100	0.46	0.42	0.42	0	0	0.46
33200	0.46	0.42	0.42	0	0	0.46
33300	0.46	0.42	0.42	0	0	0.46
33400	0.48	0.42	0.42	0	0	0.48
33500	0.48	0.42	0.42	0	0	0.48
33600	0.48	0.42	0.42	0	0	0.48
33700	0.5	0.42	0.42	0	0	0.5
33800	0.48	0.42	0.42	0	0	0.48
33900	0.48	0.42	0.42	0	0	0.48
34000	0.48	0.42	0.42	0	0	0.48
34100	0.48	0.42	0.42	0	0	0.48
34200	0.48	0.44	0.44	0	0	0.48
34300	0.48	0.42	0.42	0	0	0.48
34400	0.48	0.42	0.42	0	0	0.48
34500	0.48	0.42	0.42	0	0	0.48
34600	0.48	0.42	0.42	0	0	0.48
34700	0.5	0.42	0.42	0	0	0.5
34800	0.5	0.42	0.42	0	0	0.5
34900	0.5	0.44	0.44	0	0	0.5
35000	0.5	0.44	0.44	0	0	0.5
35100	0.5	0.44	0.44	0	0	0.5
35200	0.5	0.44	0.44	0	0	0.5
35300	0.5	0.44	0.44	0	0	0.5
35400	0.5	0.44	0.44	0	0	0.5
35500	0.5	0.44	0.44	0	0	0.5
35600	0.5	0.44	0.44	0	0	0.5
35700	0.52	0.44	0.44	0	0	0.52
35800	0.52	0.44	0.44	0	0	0.52
35900	0.52	0.44	0.44	0	0	0.52
36000	0.52	0.44	0.44	0	0	0.52
36100	0.52	0.44	0.44	0	0	0.52
36200	0.52	0.44	0.44	0	0	0.52
36300	0.52	0.44	0.44	0	0	0.52
36400	0.52	0.44	0.44	0	0	0.52
36500	0.52	0.46	0.46	0	0	0.52
36600	0.52	0.46	0.46	0	0	0.52
36700	0.52	0.46	0.46	0	0	0.52
36800	0.52	0.46	0.46	0	0	0.52
36900	0.52	0.46	0.46	0	0	0.52
37000	0.52	0.46	0.46	0	0	0.52
37100	0.52	0.46	0.46	0	0	0.52
37200	0.52	0.46	0.46	0	0	0.52
37300	0.52	0.46	0.46	0	0	0.52
37400	0.52	0.46	0.46	0	0	0.52
37500	0.52	0.46	0.46	0	0	0.52
37600	0.52	0.46	0.46	0	0	0.52
37700	0.52	0.46	0.46	0	0	0.52
37800	0.52	0.46	0.46	0	0	0.52
37900	0.52	0.46	0.46	0	0	0.52
38000	0.52	0.46	0.46	0	0	0.52
38100	0.52	0.46	0.46	0	0	0.52
38200	0.52	0.46	0.46	0	0	0.52
38300	0.52	0.46	0.46	0	0	0.52
38400	0.5	0.46	0.46	0	0	0.5
38500	0.5	0.46	0.46	0	0	0.5
38600	0.5	0.46	0.46	0	0	0.5
38700	0.5	0.46	0.46	0	0	0.5
38800	0.5	0.46	0.46	0	0	0.5
38900	0.5	0.46	0.46	0	0	0.5
39000	0.5	0.46	0.46	0	0	0.5
39100	0.5	0.46	0.46	0	0	0.5
39200	0.5	0.46	0.46	0	0	0.5
39300	0.48	0.46	0.46	0	0	0.48
39400	0.48	0.46	0.46	0	0	0.48
39500	0.48	0.46	0.46	0	0	0.48
39600	0.48	0.46	0.46	0	0	0.48
39700	0.5	0.46	0.46	0	0	0.5
39800	0.5	0.46	0.46	0	0	0.5
39900	0.5	0.46	0.46	0	0	0.5
40000	0.5	0.46	0.46	0	0	0.5
40100	0.5	0.46	0.46	0	0	0.5
40200	0.5	0.46	0.46	0	0	0.5
40300	0.5	0.46	0.46	0	0	0.5
40400	0.5	0.46	0.46	0	0	0.5
40500	0.48	0.46	0.46	0	0	0.48
40600	0.48	0.46	0.46	0	0	0.48
40700	0.48	0.46	0.46	0	0	0.48
40800	0.48	0.46	0.46	0	0	0.48
40900	0.48	0.46	0.46	0	0	0.48
41000	0.48	0.46	0.46	0	0	0.48
41100	0.48	0.46	0.46	0	0	0.48
41200	0.48	0.46	0.46	0	0	0.48
41300	0.48	0.46	0.46	0	0	0.48
41400	0.48	0.46	0.46	0	0	0.48
41500	0.48	0.46	0.46	0	0	0.48
41600	0.48	0.46	0.46	0	0	0.48
41700	0.48	0.46	0.46	0	0	0.48
41800	0.48	0.46	0.46	0	0	0.48
41900	0.46	0.46	0.46	0	0	0.46
42000	0.46	0.46	0.46	0	0	0.46
42100	0.46	0.46	0.46	0	0	0.46
42200	0.48	0.46	0.46	0	0	0.48
42300	0.48	0.46	0.46	0	0	0.48
42400	0.48	0.46	0.46	0	0	0.48
42500	0.48	0.46	0.46	0	0	0.48
42600	0.48	0.46	0.46	0	0	0.48
42700	0.5	0.46	0.46	0	0	0.5
42800	0.5	0.46	0.46	0	0	0.5
42900	0.5	0.46	0.46	0	0	0.5
43000	0.5	0.46	0.46	0	0	0.5
43100	0.5	0.46	0.46	0	0	0.5
43200	0.5	0.46	0.46	0	0	0.5
43300	0.5	0.46	0.46	0	0	0.5
43400	0.5	0.46	0.46	0	0	0.5
43500	0.5	0.46	0.46	0	0	0.5
43600	0.48	0.46	0.46	0	0	0.48
43700	0.48	0.46	0.46	0	0	0.48
43800	0.48	0.46	0.46	0	0	0.48
43900	0.48	0.46	0.46	0	0	0.48
44000	0.48	0.46	0.46	0	0	0.48
44100	0.48	0.46	0.46	0	0	0.48
44200	0.48	0.46	0.46	0	0	0.48
44300	0.48	0.46	0.46	0	0	0.48
44400	0.48	0.46	0.46	0	0	0.48
44500	0.48	0.46	0.46	0	0	0.48
44600	0.48	0.46	0.46	0	0	0.48
44700	0.48	0.46	0.46	0	0	0.48
44800	0.48	0.46	0.46	0	0	0.48
44900	0.48	0.46	0.46	0	0	0.48
45000	0.48	0.46	0.46	0	0	0.48
45100	0.48	0.46	0.46	0	0	0.48
45200	0.48	0.46	0.46	0	0	0.48
45300	0.48	0.46	0.46	0	0	0.48
45400	0.48	0.46	0.46	0	0	0.48
45500	0.48	0.46	0.46	0	0	0.48
45600	0.5	0.46	0.46	0	0	0.5
45700	0.5	0.46	0.46	0	0	0.5
45800	0.5	0.48	0.48	0	0	0.5
45900	0.5	0.48	0.48	0	0	0.5
46000	0.48	0.48	0.48	0	0	0.48
46100	0.48	0.48	0.48	0	0	0.48
46200	0.48	0.48	0.48	0	0	0.48
46300	0.48	0.48	0.48	0	0	0.48
46400	0.5	0.48	0.48	0	0	0.5
46500	0.5	0.48	0.48	0	0	0.5
46600	0.5	0.48	0.48	0	0	0.5
46700	0.5	0.48	0.48	0	0	0.5
46800	0.5	0.48	0.48	0	0	0.5
46900	0.5	0.48	0.48	0	0	0.5
47000	0.5	0.48	0.48	0	0	0.5
47100	0.5	0.48	0.48	0	0	0.5
47200	0.5	0.48	0.48	0	0	0.5
47300	0.5	0.48	0.48	0	0	0.5
47400	0.5	0.48	0.48	0	0	0.5
47500	0.5	0.48	0.48	0	0	0.5
47600	0.5	0.48	0.48	0	0	0.5
47700	0.5	0.48	0.48	0	0	0.5
47800	0.5	0.48	0.48	0	0	0.5
47900	0.5	0.48	0.48	0	0	0.5
48000	0.5	0.48	0.48	0	0	0.5
48100	0.5	0.48	0.48	0	0	0.5
48200	0.5	0.48	0.48	0	0	0.5
48300	0.5	0.48	0.48	0	0	0.5
48400	0.5	0.48	0.48	0	0	0.5
48500	0.5	0.48	0.48	0	0	0.5
48600	0.48	0.48	0.48	0	0	0.48
48700	0.48	0.48	0.48	0	0	0.48
48800	0.48	0.48	0.48	0	0	0.48
48900	0.48	0.48	0.48	0	0	0.48
49000	0.46	0.48	0.48	0	0	0.46
49100	0.46	0.48	0.48	0	0	0.46
49200	0.48	0.48	0.48	0	0	0.48
49300	0.48	0.48	0.48	0	0	0.48
49400	0.48	0.48	0.48	0	0	0.48
49500	0.48	0.48	0.48	0	0	0.48
49600	0.48	0.48	0.48	0	0	0.48
49700	0.48	0.48	0.48	0	0	0.48
49800	0.48	0.48	0.48	0	0	0.48
49900	0.48	0.48	0.48	0	0	0.48
50000	0.48	0.48	0.48	0	0	0.48
50100	0.48	0.48	0.48	0	0	0.48
50200	0.46	0.48	0.48	0	0	0.46
50300	0.46	0.48	0.48	0	0	0.46
50400	0.46	0.48	0.48	0	0	0.46
50500	0.46	0.48	0.48	0	0	0.46
50600	0.46	0.48	0.48	0	0	0.46
50700	0.46	0.48	0.48	0	0	0.46
50800	0.46	0.48	0.48	0	0	0.46
50900	0.46	0.48	0.48	0	0	0.46
51000	0.48	0.48	0.48	0	0	0.48
51100	0.48	0.48	0.48	0	0	0.48
51200	0.48	0.48	0.48	0	0	0.48
51300	0.48	0.48	0.48	0	0	0.48
51400	0.48	0.48	0.48	0	0	0.48
51500	0.48	0.48	0.48	0	0	0.48
51600	0.48	0.48	0.48	0	0	0.48
51700	0.48	0.48	0.48	0	0	0.48
51800	0.48	0.48	0.48	0	0	0.48
51900	0.48	0.48	0.48	0	0	0.48
52000	0.48	0.48	0.48	0	0	0.48
52100	0.48	0.48	0.48	0	0	0.48
52200	0.48	0.46	0.46	0	0	0.48
52300	0.46	0.46	0.46	0	0	0.46
52400	0.46	0.46	0.46	0	0	0.46
52500	0.46	0.46	0.46	0	0	0.46
52600	0.46	0.46	0.46	0	0	0.46
52700	0.46	0.48	0.48	0	0	0.46
52800	0.46	0.48	0.48	0	0	0.46
52900	0.46	0.46	0.46	0	0	0.46
53000	0.46	0.46	0.46	0	0	0.46
53100	0.46	0.46	0.46	0	0	0.46
53200	0.46	0.46	0.46	0	0	0.46
53300	0.46	0.46	0.46	0	0	0.46
53400	0.46	0.46	0.46	0	0	0.46
53500	0.46	0.46	0.46	0	0	0.46
53600	0.46	0.46	0.46	0	0	0.46
53700	0.46	0.46	0.46	0	0	0.46
53800	0.46	0.46	0.46	0	0	0.46
53900	0.44	0.48	0.48	0	0	0.44
54000	0.44	0.48	0.48	0	0	0.44
54100	0.44	0.48	0.48	0	0	0.44
54200	0.44	0.48	0.48	0	0	0.44
54300	0.44	0.48	0.48	0	0	0.44
54400	0.44	0.48	0.48	0	0	0.44
54500	0.44	0.48	0.48	0	0	0.44
54600	0.44	0.48	0.48	0	0	0.44
54700	0.44	0.48	0.48	0	0	0.44
54800	0.44	0.48	0.48	0	0	0.44
54900	0.44	0.48	0.48	0	0	0.44
55000	0.44	0.5	0.5	0	0	0.44
55100	0.44	0.5	0.5	0	0	0.44
55200	0.44	0.48	0.48	0	0	0.44
55300	0.44	0.48	0.48	0	0	0.44
55400	0.44	0.48	0.48	0	0	0.44
55500	0.44	0.48	0.48	0	0	0.44
55600	0.44	0.48	0.48	0	0	0.44
55700	0.44	0.48	0.48	0	0	0.44
55800	0.44	0.48	0.48	0	0	0.44
55900	0.44	0.48	0.48	0	0	0.44
56000	0.44	0.48	0.48	0	0	0.44
56100	0.44	0.5	0.5	0	0	0.44
56200	0.44	0.5	0.5	0	0	0.44
56300	0.44	0.5	0.5	0	0	0.44
56400	0.44	0.5	0.5	0	0	0.44
56500	0.44	0.5	0.5	0	0	0.44
56600	0.44	0.5	0.5	0	0	0.44
56700	0.44	0.5	0.5	0	0	0.44
56800	0.44	0.5	0.5	0	0	0.44
56900	0.44	0.5	0.5	0	0	0.44
57000	0.44	0.5	0.5	0	0	0.44
57100	0.44	0.5	0.5	0	0	0.44
57200	0.44	0.5	0.5	0	0	0.44
57300	0.44	0.5	0.5	0	0	0.44
57400	0.44	0.5	0.5	0	0	0.44
57500	0.44	0.5	0.5	0	0	0.44
57600	0.44	0.5	0.5	0	0	0.44
57700	0.44	0.5	0.5	0	0	0.44
57800	0.44	0.5	0.5	0	0	0.44
57900	0.44	0.5	0.5	0	0	0.44
58000	0.44	0.5	0.5	0	0	0.44
58100	0.44	0.5	0.5	0	0	0.44
58200	0.44	0.5	0.5	0	0	0.44
58300	0.44	0.5	0.5	0	0	0.44
58400	0.44	0.5	0.5	0	0	0.44
58500	0.44	0.5	0.5	0	0	0.44
58600	0.44	0.52	0.52	0	0	0.44
58700	0.44	0.52	0.52	0	0	0.44
58800	0.46	0.52	0.52	0	0	0.46
58900	0.44	0.52	0.52	0	0	0.44
59000	0.44	0.52	0.52	0	0	0.44
59100	0.44	0.52	0.52	0	0	0.44
59200	0.44	0.52	0.52	0	0	0.44
59300	0.44	0.52	0.52	0	0	0.44
59400	0.44	0.52	0.52	0	0	0.44
59500	0.44	0.52	0.52	0	0	0.44
59600	0.44	0.52	0.52	0	0	0.44
59700	0.44	0.52	0.52	0	0	0.44
59800	0.44	0.52	0.52	0	0	0.44
59900	0.44	0.52	0.52	0	0	0.44
60000	0.44	0.52	0.52	0	0	0.44
60100	0.44	0.52	0.52	0	0	0.44
60200	0.44	0.52	0.52	0	0	0.44
60300	0.44	0.52	0.52	0	0	0.44
60400	0.44	0.52	0.52	0	0	0.44
60500	0.44	0.52	0.52	0	0	0.44
60600	0.44	0.52	0.52	0	0	0.44
60700	0.44	0.52	0.52	0	0	0.44
60800	0.44	0.52	0.52	0	0	0.44
60900	0.44	0.52	0.52	0	0	0.44
61000	0.44	0.5	0.5	0	0	0.44
61100	0.44	0.5	0.5	0	0	0.44
61200	0.44	0.5	0.5	0	0	0.44
61300	0.44	0.5	0.5	0	0	0.44
61400	0.44	0.5	0.5	0	0	0.44
61500	0.46	0.5	0.5	0	0	0.46
61600	0.46	0.5	0.5	0	0	0.46
61700	0.46	0.5	0.5	0	0	0.46
61800	0.46	0.5	0.5	0	0	0.46
61900	0.46	0.52	0.52	0	0	0.46
62000	0.46	0.5	0.5	0	0	0.46
62100	0.46	0.5	0.5	0	0	0.46
62200	0.46	0.5	0.5	0	0	0.46
62300	0.46	0.5	0.5	0	0	0.46
62400	0.46	0.5	0.5	0	0	0.46
62500	0.46	0.5	0.5	0	0	0.46
62600	0.46	0.52	0.52	0	0	0.46
62700	0.46	0.52	0.52	0	0	0.46
62800	0.46	0.52	0.52	0	0	0.46
62900	0.46	0.52	0.52	0	0	0.46
63000	0.46	0.52	0.52	0	0	0.46
63100	0.48	0.52	0.52	0	0	0.48
63200	0.48	0.52	0.52	0	0	0.48
63300	0.48	0.52	0.52	0	0	0.48
63400	0.48	0.52	0.52	0	0	0.48
63500	0.48	0.52	0.52	0	0	0.48
63600	0.48	0.52	0.52	0	0	0.48
63700	0.48	0.52	0.52	0	0	0.48
63800	0.48	0.52	0.52	0	0	0.48
63900	0.48	0.52	0.52	0	0	0.48
64000	0.48	0.52	0.52	0	0	0.48
64100	0.48	0.52	0.52	0	0	0.48
64200	0.48	0.52	0.52	0	0	0.48
64300	0.48	0.52	0.52	0	0	0.48
64400	0.48	0.52	0.52	0	0	0.48
64500	0.48	0.52	0.52	0	0	0.48
64600	0.48	0.52	0.52	0	0	0.48
64700	0.48	0.52	0.52	0	0	0.48
64800	0.48	0.52	0.52	0	0	0.48
64900	0.48	0.52	0.52	0	0	0.48
65000	0.48	0.52	0.52	0	0	0.48
65100	0.48	0.52	0.52	0	0	0.48
65200	0.48	0.52	0.52	0	0	0.48
65300	0.48	0.52	0.52	0	0	0.48
65400	0.48	0.52	0.52	0	0	0.48
65500	0.48	0.52	0.52	0	0	0.48
65600	0.48	0.52	0.52	0	0	0.48
65700	0.48	0.5	0.5	0	0	0.48
65800	0.48	0.5	0.5	0	0	0.48
65900	0.48	0.5	0.5	0	0	0.48
66000	0.48	0.5	0.5	0	0	0.48
66100	0.48	0.5	0.5	0	0	0.48
66200	0.48	0.5	0.5	0	0	0.48
66300	0.48	0.5	0.5	0	0	0.48
66400	0.48	0.5	0.5	0	0	0.48
66500	0.48	0.5	0.5	0	0	0.48
66600	0.48	0.5	0.5	0	0	0.48
66700	0.48	0.5	0.5	0	0	0.48
66800	0.48	0.5	0.5	0	0	0.48
66900	0.48	0.5	0.5	0	0	0.48
67000	0.48	0.5	0.5	0	0	0.48
67100	0.48	0.5	0.5	0	0	0.48
67200	0.48	0.5	0.5	0	0	0.48
67300	0.46	0.5	0.5	0	0	0.46
67400	0.46	0.5	0.5	0	0	0.46
67500	0.46	0.52	0.52	0	0	0.46
67600	0.46	0.52	0.52	0	0	0.46
67700	0.46	0.52	0.52	0	0	0.46
67800	0.46	0.52	0.52	0	0	0.46
67900	0.46	0.52	0.52	0	0	0.46
68000	0.46	0.52	0.52	0	0	0.46
68100	0.46	0.52	0.52	0	0	0.46
68200	0.46	0.52	0.52	0	0	0.46
68300	0.46	0.52	0.52	0	0	0.46
68400	0.46	0.52	0.52	0	0	0.46
68500	0.46	0.52	0.52	0	0	0.46
68600	0.46	0.52	0.52	0	0	0.46
68700	0.46	0.5	0.5	0	0	0.46
68800	0.46	0.5	0.5	0	0	0.46
68900	0.46	0.5	0.5	0	0	0.46
69000	0.46	0.48	0.48	0	0	0.46
69100	0.46	0.48	0.48	0	0	0.46
69200	0.46	0.48	0.48	0	0	0.46
69300	0.46	0.48	0.48	0	0	0.46
69400	0.46	0.48	0.48	0	0	0.46
69500	0.46	0.48	0.48	0	0	0.46
69600	0.46	0.48	0.48	0	0	0.46
69700	0.46	0.5	0.5	0	0	0.46
69800	0.46	0.5	0.5	0	0	0.46
69900	0.46	0.5	0.5	0	0	0.46
70000	0.46	0.5	0.5	0	0	0.46
70100	0.46	0.5	0.5	0	0	0.46
70200	0.46	0.5	0.5	0	0	0.46
70300	0.46	0.5	0.5	0	0	0.46
70400	0.46	0.5	0.5	0	0	0.46
70500	0.46	0.5	0.5	0	0	0.46
70600	0.46	0.5	0.5	0	0	0.46
70700	0.46	0.5	0.5	0	0	0.46
70800	0.46	0.5	0.5	0	0	0.46
70900	0.46	0.5	0.5	0	0	0.46
71000	0.46	0.5	0.5	0	0	0.46
71100	0.46	0.5	0.5	0	0	0.46
71200	0.46	0.5	0.5	0	0	0.46
71300	0.46	0.48	0.48	0	0	0.46
71400	0.46	0.48	0.48	0	0	0.46
71500	0.46	0.48	0.48	0	0	0.46
71600	0.46	0.48	0.48	0	0	0.46
71700	0.46	0.48	0.48	0	0	0.46
71800	0.46	0.48	0.48	0	0	0.46
71900	0.46	0.48	0.48	0	0	0.46
72000	0.46	0.48	0.48	0	0	0.46
72100	0.46	0.48	0.48	0	0	0.46
72200	0.46	0.48	0.48	0	0	0.46
72300	0.46	0.48	0.48	0	0	0.46
72400	0.46	0.48	0.48	0	0	0.46
72500	0.46	0.48	0.48	0	0	0.46
72600	0.46	0.48	0.48	0	0	0.46
72700	0.46	0.48	0.48	0	0	0.46
72800	0.46	0.48	0.48	0	0	0.46
72900	0.46	0.48	0.48	0	0	0.46
73000	0.46	0.48	0.48	0	0	0.46
73100	0.46	0.48	0.48	0	0	0.46
73200	0.46	0.48	0.48	0	0	0.46
73300	0.46	0.48	0.48	0	0	0.46
73400	0.48	0.48	0.48	0	0	0.48
73500	0.48	0.48	0.48	0	0	0.48
73600	0.48	0.48	0.48	0	0	0.48
73700	0.48	0.5	0.5	0	0	0.48
73800	0.48	0.5	0.5	0	0	0.48
73900	0.46	0.5	0.5	0	0	0.46
74000	0.46	0.5	0.5	0	0	0.46
74100	0.46	0.5	0.5	0	0	0.46
74200	0.46	0.5	0.5	0	0	0.46
74300	0.46	0.5	0.5	0	0	0.46
74400	0.46	0.5	0.5	0	0	0.46
74500	0.46	0.5	0.5	0	0	0.46
74600	0.46	0.5	0.5	0	0	0.46
74700	0.46	0.5	0.5	0	0	0.46
74800	0.46	0.5	0.5	0	0	0.46
74900	0.46	0.5	0.5	0	0	0.46
75000	0.46	0.48	0.48	0	0	0.46
75100	0.46	0.46	0.46	0	0	0.46
75200	0.46	0.46	0.46	0	0	0.46
75300	0.46	0.46	0.46	0	0	0.46
75400	0.46	0.46	0.46	0	0	0.46
75500	0.46	0.46	0.46	0	0	0.46
75600	0.46	0.46	0.46	0	0	0.46
75700	0.46	0.46	0.46	0	0	0.46
75800	0.46	0.46	0.46	0	0	0.46
75900	0.46	0.46	0.46	0	0	0.46
76000	0.46	0.46	0.46	0	0	0.46
76100	0.46	0.46	0.46	0	0	0.46
76200	0.46	0.44	0.44	0	0	0.46
76300	0.46	0.44	0.44	0	0	0.46
76400	0.46	0.44	0.44	0	0	0.46
76500	0.46	0.44	0.44	0	0	0.46
76600	0.46	0.44	0.44	0	0	0.46
76700	0.46	0.44	0.44	0	0	0.46
76800	0.48	0.44	0.44	0	0	0.48
76900	0.46	0.44	0.44	0	0	0.46
77000	0.46	0.44	0.44	0	0	0.46
77100	0.46	0.44	0.44	0	0	0.46
77200	0.46	0.48	0.48	0	0	0.46
77300	0.46	0.48	0.48	0	0	0.46
77400	0.46	0.48	0.48	0	0	0.46
77500	0.48	0.48	0.48	0	0	0.48
77600	0.48	0.48	0.48	0	0	0.48
77700	0.48	0.48	0.48	0	0	0.48
77800	0.48	0.48	0.48	0	0	0.48
77900	0.48	0.48	0.48	0	0	0.48
78000	0.48	0.48	0.48	0	0	0.48
78100	0.48	0.48	0.48	0	0	0.48
78200	0.48	0.48	0.48	0	0	0.48
78300	0.48	0.48	0.48	0	0	0.48
78400	0.48	0.48	0.48	0	0	0.48
78500	0.48	0.48	0.48	0	0	0.48
78600	0.48	0.48	0.48	0	0	0.48
78700	0.48	0.48	0.48	0	0	0.48
78800	0.48	0.48	0.48	0	0	0.48
78900	0.48	0.48	0.48	0	0	0.48
79000	0.48	0.48	0.48	0	0	0.48
79100	0.48	0.48	0.48	0	0	0.48
79200	0.48	0.48	0.48	0	0	0.48
79300	0.48	0.48	0.48	0	0	0.48
79400	0.48	0.48	0.48	0	0	0.48
79500	0.48	0.48	0.48	0	0	0.48
79600	0.48	0.48	0.48	0	0	0.48
79700	0.48	0.48	0.48	0	0	0.48
79800	0.48	0.48	0.48	0	0	0.48
79900	0.46	0.48	0.48	0	0	0.46
80000	0.46	0.48	0.48	0	0	0.46
80100	0.46	0.48	0.48	0	0	0.46
80200	0.46	0.48	0.48	0	0	0.46
80300	0.46	0.48	0.48	0	0	0.46
80400	0.46	0.48	0.48	0	0	0.46
80500	0.46	0.48	0.48	0	0	0.46
80600	0.46	0.48	0.48	0	0	0.46
80700	0.46	0.48	0.48	0	0	0.46
80800	0.46	0.48	0.48	0	0	0.46
80900	0.46	0.48	0.48	0	0	0.46
81000	0.48	0.46	0.46	0	0	0.48
81100	0.48	0.46	0.46	0	0	0.48
81200	0.48	0.46	0.46	0	0	0.48
81300	0.48	0.46	0.46	0	0	0.48
81400	0.48	0.46	0.46	0	0	0.48
81500	0.48	0.46	0.46	0	0	0.48
81600	0.48	0.46	0.46	0	0	0.48
81700	0.48	0.46	0.46	0	0	0.48
81800	0.48	0.46	0.46	0	0	0.48
81900	0.48	0.46	0.46	0	0	0.48
82000	0.48	0.46	0.46	0	0	0.48
82100	0.48	0.46	0.46	0	0	0.48
82200	0.48	0.46	0.46	0	0	0.48
82300	0.48	0.46	0.46	0	0	0.48
82400	0.48	0.46	0.46	0	0	0.48
82500	0.46	0.46	0.46	0	0	0.46
82600	0.46	0.46	0.46	0	0	0.46
82700	0.46	0.46	0.46	0	0	0.46
82800	0.46	0.46	0.46	0	0	0.46
82900	0.46	0.46	0.46	0	0	0.46
83000	0.46	0.46	0.46	0	0	0.46
83100	0.46	0.46	0.46	0	0	0.46
83200	0.46	0.46	0.46	0	0	0.46
83300	0.46	0.46	0.46	0	0	0.46
83400	0.46	0.46	0.46	0	0	0.46
83500	0.46	0.46	0.46	0	0	0.46
83600	0.46	0.46	0.46	0	0	0.46
83700	0.46	0.44	0.44	0	0	0.46
83800	0.46	0.44	0.44	0	0	0.46
83900	0.46	0.44	0.44	0	0	0.46
84000	0.46	0.44	0.44	0	0	0.46
84100	0.46	0.44	0.44	0	0	0.46
84200	0.48	0.44	0.44	0	0	0.48
84300	0.48	0.44	0.44	0	0	0.48
84400	0.48	0.44	0.44	0	0	0.48
84500	0.48	0.44	0.44	0	0	0.48
84600	0.48	0.44	0.44	0	0	0.48
84700	0.48	0.44	0.44	0	0	0.48
84800	0.48	0.44	0.44	0	0	0.48
84900	0.48	0.44	0.44	0	0	0.48
85000	0.48	0.44	0.44	0	0	0.48
85100	0.48	0.44	0.44	0	0	0.48
85200	0.48	0.44	0.44	0	0	0.48
85300	0.48	0.44	0.44	0	0	0.48
85400	0.48	0.44	0.44	0	0	0.48
85500	0.48	0.44	0.44	0	0	0.48
85600	0.48	0.46	0.46	0	0	0.48
85700	0.48	0.46	0.46	0	0	0.48
85800	0.48	0.46	0.46	0	0	0.48
85900	0.48	0.46	0.46	0	0	0.48
86000	0.48	0.46	0.46	0	0	0.48
86100	0.48	0.46	0.46	0	0	0.48
86200	0.5	0.46	0.46	0	0	0.5
86300	0.5	0.46	0.46	0	0	0.5
86400	0.5	0.46	0.46	0	0	0.5
86500	0.5	0.46	0.46	0	0	0.5
86600	0.5	0.46	0.46	0	0	0.5
86700	0.5	0.46	0.46	0	0	0.5
86800	0.5	0.46	0.46	0	0	0.5
86900	0.5	0.46	0.46	0	0	0.5
87000	0.5	0.46	0.46	0	0	0.5
87100	0.5	0.46	0.46	0	0	0.5
87200	0.5	0.46	0.46	0	0	0.5
87300	0.5	0.46	0.46	0	0	0.5
87400	0.5	0.46	0.46	0	0	0.5
87500	0.5	0.46	0.46	0	0	0.5
87600	0.5	0.46	0.46	0	0	0.5
87700	0.5	0.46	0.46	0	0	0.5
87800	0.5	0.46	0.46	0	0	0.5
87900	0.5	0.46	0.46	0	0	0.5
88000	0.5	0.46	0.46	0	0	0.5
88100	0.5	0.46	0.46	0	0	0.5
88200	0.5	0.46	0.46	0	0	0.5
88300	0.5	0.46	0.46	0	0	0.5
88400	0.5	0.46	0.46	0	0	0.5
88500	0.5	0.46	0.46	0	0	0.5
88600	0.5	0.46	0.46	0	0	0.5
88700	0.5	0.46	0.46	0	0	0.5
88800	0.5	0.46	0.46	0	0	0.5
88900	0.5	0.46	0.46	0	0	0.5
89000	0.5	0.44	0.44	0	0	0.5
89100	0.5	0.44	0.44	0	0	0.5
89200	0.5	0.44	0.44	0	0	0.5
89300	0.5	0.44	0.44	0	0	0.5
89400	0.5	0.44	0.44	0	0	0.5
89500	0.5	0.44	0.44	0	0	0.5
89600	0.5	0.44	0.44	0	0	0.5
89700	0.5	0.44	0.44	0	0	0.5
89800	0.5	0.44	0.44	0	0	0.5
89900	0.5	0.44	0.44	0	0	0.5
90000	0.5	0.44	0.44	0	0	0.5
90100	0.5	0.44	0.44	0	0	0.5
90200	0.5	0.44	0.44	0	0	0.5
90300	0.5	0.44	0.44	0	0	0.5
90400	0.5	0.44	0.44	0	0	0.5
90500	0.5	0.44	0.44	0	0	0.5
90600	0.5	0.44	0.44	0	0	0.5
90700	0.5	0.44	0.44	0	0	0.5
90800	0.5	0.44	0.44	0	0	0.5
90900	0.5	0.44	0.44	0	0	0.5
91000	0.5	0.44	0.44	0	0	0.5
91100	0.5	0.44	0.44	0	0	0.5
91200	0.5	0.44	0.44	0	0	0.5
91300	0.52	0.44	0.44	0	0	0.52
91400	0.52	0.44	0.44	0	0	0.52
91500	0.52	0.44	0.44	0	0	0.52
91600	0.52	0.44	0.44	0	0	0.52
91700	0.52	0.44	0.44	0	0	0.52
91800	0.52	0.44	0.44	0	0	0.52
91900	0.52	0.44	0.44	0	0	0.52
92000	0.52	0.44	0.44	0	0	0.52
92100	0.52	0.44	0.44	0	0	0.52
92200	0.52	0.44	0.44	0	0	0.52
92300	0.52	0.44	0.44	0	0	0.52
92400	0.52	0.44	0.44	0	0	0.52
92500	0.52	0.44	0.44	0	0	0.52
92600	0.52	0.44	0.44	0	0	0.52
92700	0.52	0.44	0.44	0	0	0.52
92800	0.52	0.44	0.44	0	0	0.52
92900	0.52	0.46	0.46	0	0	0.52
93000	0.52	0.48	0.48	0	0	0.52
93100	0.52	0.48	0.48	0	0	0.52
93200	0.52	0.48	0.48	0	0	0.52
93300	0.52	0.48	0.48	0	0	0.52
93400	0.52	0.48	0.48	0	0	0.52
93500	0.52	0.48	0.48	0	0	0.52
93600	0.52	0.48	0.48	0	0	0.52
93700	0.52	0.48	0.48	0	0	0.52
93800	0.52	0.48	0.48	0	0	0.52
93900	0.52	0.48	0.48	0	0	0.52
94000	0.52	0.48	0.48	0	0	0.52
94100	0.52	0.48	0.48	0	0	0.52
94200	0.52	0.48	0.48	0	0	0.52
94300	0.52	0.48	0.48	0	0	0.52
94400	0.52	0.48	0.48	0	0	0.52
94500	0.52	0.48	0.48	0	0	0.52
94600	0.52	0.48	0.48	0	0	0.52
94700	0.52	0.48	0.48	0	0	0.52
94800	0.52	0.48	0.48	0	0	0.52
94900	0.52	0.48	0.48	0	0	0.52
95000	0.52	0.48	0.48	0	0	0.52
95100	0.52	0.48	0.48	0	0	0.52
95200	0.52	0.48	0.48	0	0	0.52
95300	0.52	0.48	0.48	0	0	0.52
95400	0.52	0.48	0.48	0	0	0.52
95500	0.52	0.48	0.48	0	0	0.52
95600	0.52	0.48	0.48	0	0	0.52
95700	0.52	0.48	0.48	0	0	0.52
95800	0.52	0.48	0.48	0	0	0.52
95900	0.52	0.48	0.48	0	0	0.52
96000	0.52	0.48	0.48	0	0	0.52
96100	0.52	0.48	0.48	0	0	0.52
96200	0.52	0.48	0.48	0	0	0.52
96300	0.52	0.48	0.48	0	0	0.52
96400	0.52	0.48	0.48	0	0	0.52
96500	0.52	0.48	0.48	0	0	0.52
96600	0.52	0.48	0.48	0	0	0.52
96700	0.52	0.48	0.48	0	0	0.52
96800	0.52	0.48	0.48	0	0	0.52
96900	0.52	0.48	0.48	0	0	0.52
97000	0.52	0.48	0.48	0	0	0.52
97100	0.52	0.48	0.48	0	0	0.52
97200	0.52	0.48	0.48	0	0	0.52
97300	0.52	0.48	0.48	0	0	0.52
97400	0.52	0.48	0.48	0	0	0.52
97500	0.52	0.48	0.48	0	0	0.52
97600	0.52	0.48	0.48	0	0	0.52
97700	0.52	0.48	0.48	0	0	0.52
97800	0.52	0.48	0.48	0	0	0.52
97900	0.52	0.48	0.48	0	0	0.52
98000	0.52	0.48	0.48	0	0	0.52
98100	0.52	0.48	0.48	0	0	0.52
98200	0.52	0.48	0.48	0	0	0.52
98300	0.52	0.48	0.48	0	0	0.52
98400	0.52	0.48	0.48	0	0	0.52
98500	0.52	0.48	0.48	0	0	0.52
98600	0.52	0.48	0.48	0	0	0.52
98700	0.52	0.46	0.46	0	0	0.52
98800	0.52	0.46	0.46	0	0	0.52
98900	0.52	0.46	0.46	0	0	0.52
99000	0.52	0.46	0.46	0	0	0.52
99100	0.52	0.46	0.46	0	0	0.52
99200	0.52	0.46	0.46	0	0	0.52
99300	0.52	0.46	0.46	0	0	0.52
99400	0.52	0.46	0.46	0	0	0.52
99500	0.52	0.46	0.46	0	0	0.52
99600	0.52	0.46	0.46	0	0	0.52
99700	0.52	0.46	0.46	0	0	0.52
99800	0.52	0.46	0.46	0	0	0.52
99900	0.52	0.46	0.46	0	0	0.52
100000	0.54	0.46	0.46	0	0	0.54
