100	0.1	0.08	0.08	0	0	0.1
200	0.16	0.1	0.1	0	0	0.16
300	0.16	0.1	0.1	0	0	0.16
400	0.18	0.1	0.1	0	0	0.18
500	0.18	0.1	0.1	0	0	0.18
600	0.18	0.1	0.1	0	0	0.18
700	0.18	0.14	0.14	0	0	0.18
800	0.18	0.18	0.18	0	0	0.18
900	0.18	0.2	0.2	0	0	0.18
1000	0.2	0.2	0.2	0	0	0.2
1100	0.2	0.22	0.22	0	0	0.2
1200	0.22	0.24	0.24	0	0	0.22
1300	0.26	0.28	0.28	0	0	0.26
1400	0.22	0.28	0.28	0	0	0.22
1500	0.22	0.26	0.26	0	0	0.22
1600	0.24	0.26	0.26	0	0	0.24
1700	0.24	0.28	0.28	0	0	0.24
1800	0.26	0.28	0.28	0	0	0.26
1900	0.26	0.3	0.3	0	0	0.26
2000	0.28	0.3	0.3	0	0	0.28
2100	0.3	0.28	0.28	0	0	0.3
2200	0.32	0.28	0.28	0	0	0.32
2300	0.34	0.3	0.3	0	0	0.34
2400	0.34	0.3	0.3	0	0	0.34
2500	0.34	0.3	0.3	0	0	0.34
2600	0.36	0.3	0.3	0	0	0.36
2700	0.38	0.3	0.3	0	0	0.38
2800	0.38	0.3	0.3	0	0	0.38
2900	0.38	0.3	0.3	0	0	0.38
3000	0.38	0.3	0.3	0	0	0.38
3100	0.38	0.32	0.32	0	0	0.38
3200	0.4	0.32	0.32	0	0	0.4
3300	0.38	0.34	0.34	0	0	0.38
3400	0.36	0.34	0.34	0	0	0.36
3500	0.36	0.36	0.36	0	0	0.36
3600	0.36	0.38	0.38	0	0	0.36
3700	0.36	0.38	0.38	0	0	0.36
3800	0.36	0.36	0.36	0	0	0.36
3900	0.36	0.36	0.36	0	0	0.36
4000	0.36	0.34	0.34	0	0	0.36
4100	0.38	0.34	0.34	0	0	0.38
4200	0.38	0.36	0.36	0	0	0.38
4300	0.38	0.36	0.36	0	0	0.38
4400	0.38	0.36	0.36	0	0	0.38
4500	0.38	0.36	0.36	0	0	0.38
4600	0.38	0.36	0.36	0	0	0.38
4700	0.38	0.36	0.36	0	0	0.38
4800	0.4	0.36	0.36	0	0	0.4
4900	0.4	0.36	0.36	0	0	0.4
5000	0.4	0.36	0.36	0	0	0.4
5100	0.42	0.36	0.36	0	0	0.42
5200	0.42	0.36	0.36	0	0	0.42
5300	0.42	0.36	0.36	0	0	0.42
5400	0.42	0.36	0.36	0	0	0.42
5500	0.4	0.36	0.36	0	0	0.4
5600	0.4	0.36	0.36	0	0	0.4
5700	0.4	0.36	0.36	0	0	0.4
5800	0.4	0.36	0.36	0	0	0.4
5900	0.4	0.36	0.36	0	0	0.4
6000	0.4	0.36	0.36	0	0	0.4
6100	0.4	0.36	0.36	0	0	0.4
6200	0.4	0.38	0.38	0	0	0.4
6300	0.4	0.4	0.4	0	0	0.4
6400	0.4	0.4	0.4	0	0	0.4
6500	0.4	0.38	0.38	0	0	0.4
6600	0.4	0.38	0.38	0	0	0.4
6700	0.4	0.38	0.38	0	0	0.4
6800	0.4	0.4	0.4	0	0	0.4
6900	0.4	0.4	0.4	0	0	0.4
7000	0.42	0.4	0.4	0	0	0.42
7100	0.42	0.4	0.4	0	0	0.42
7200	0.42	0.4	0.4	0	0	0.42
7300	0.42	0.4	0.4	0	0	0.42
7400	0.44	0.4	0.4	0	0	0.44
7500	0.44	0.4	0.4	0	0	0.44
7600	0.44	0.4	0.4	0	0	0.44
7700	0.46	0.4	0.4	0	0	0.46
7800	0.48	0.4	0.4	0	0	0.48
7900	0.48	0.4	0.4	0	0	0.48
8000	0.48	0.38	0.38	0	0	0.48
8100	0.48	0.38	0.38	0	0	0.48
8200	0.48	0.38	0.38	0	0	0.48
8300	0.48	0.38	0.38	0	0	0.48
8400	0.48	0.38	0.38	0	0	0.48
8500	0.48	0.38	0.38	0	0	0.48
8600	0.48	0.38	0.38	0	0	0.48
8700	0.48	0.38	0.38	0	0	0.48
8800	0.48	0.38	0.38	0	0	0.48
8900	0.48	0.38	0.38	0	0	0.48
9000	0.48	0.38	0.38	0	0	0.48
9100	0.48	0.38	0.38	0	0	0.48
9200	0.48	0.38	0.38	0	0	0.48
9300	0.48	0.38	0.38	0	0	0.48
9400	0.48	0.38	0.38	0	0	0.48
9500	0.48	0.38	0.38	0	0	0.48
9600	0.48	0.38	0.38	0	0	0.48
9700	0.48	0.38	0.38	0	0	0.48
9800	0.48	0.38	0.38	0	0	0.48
9900	0.48	0.38	0.38	0	0	0.48
10000	0.48	0.38	0.38	0	0	0.48
10100	0.48	0.38	0.38	0	0	0.48
10200	0.48	0.38	0.38	0	0	0.48
10300	0.48	0.4	0.4	0	0	0.48
10400	0.48	0.38	0.38	0	0	0.48
10500	0.48	0.38	0.38	0	0	0.48
10600	0.48	0.38	0.38	0	0	0.48
10700	0.48	0.38	0.38	0	0	0.48
10800	0.46	0.38	0.38	0	0	0.46
10900	0.46	0.38	0.38	0	0	0.46
11000	0.44	0.38	0.38	0	0	0.44
11100	0.44	0.38	0.38	0	0	0.44
11200	0.44	0.38	0.38	0	0	0.44
11300	0.46	0.38	0.38	0	0	0.46
11400	0.44	0.38	0.38	0	0	0.44
11500	0.44	0.38	0.38	0	0	0.44
11600	0.44	0.38	0.38	0	0	0.44
11700	0.44	0.4	0.4	0	0	0.44
11800	0.44	0.38	0.38	0	0	0.44
11900	0.44	0.38	0.38	0	0	0.44
12000	0.44	0.38	0.38	0	0	0.44
12100	0.42	0.38	0.38	0	0	0.42
12200	0.42	0.4	0.4	0	0	0.42
12300	0.42	0.4	0.4	0	0	0.42
12400	0.42	0.4	0.4	0	0	0.42
12500	0.42	0.4	0.4	0	0	0.42
12600	0.42	0.42	0.42	0	0	0.42
12700	0.42	0.42	0.42	0	0	0.42
12800	0.42	0.44	0.44	0	0	0.42
12900	0.42	0.44	0.44	0	0	0.42
13000	0.42	0.44	0.44	0	0	0.42
13100	0.42	0.44	0.44	0	0	0.42
13200	0.42	0.42	0.42	0	0	0.42
13300	0.42	0.42	0.42	0	0	0.42
13400	0.42	0.46	0.46	0	0	0.42
13500	0.42	0.48	0.48	0	0	0.42
13600	0.42	0.48	0.48	0	0	0.42
13700	0.42	0.46	0.46	0	0	0.42
13800	0.42	0.46	0.46	0	0	0.42
13900	0.42	0.46	0.46	0	0	0.42
14000	0.42	0.46	0.46	0	0	0.42
14100	0.42	0.46	0.46	0	0	0.42
14200	0.42	0.46	0.46	0	0	0.42
14300	0.42	0.46	0.46	0	0	0.42
14400	0.42	0.46	0.46	0	0	0.42
14500	0.42	0.46	0.46	0	0	0.42
14600	0.42	0.46	0.46	0	0	0.42
14700	0.42	0.46	0.46	0	0	0.42
14800	0.42	0.46	0.46	0	0	0.42
14900	0.42	0.48	0.48	0	0	0.42
15000	0.42	0.46	0.46	0	0	0.42
15100	0.42	0.46	0.46	0	0	0.42
15200	0.42	0.46	0.46	0	0	0.42
15300	0.44	0.48	0.48	0	0	0.44
15400	0.46	0.48	0.48	0	0	0.46
15500	0.44	0.46	0.46	0	0	0.44
15600	0.44	0.46	0.46	0	0	0.44
15700	0.44	0.46	0.46	0	0	0.44
15800	0.44	0.46	0.46	0	0	0.44
15900	0.44	0.46	0.46	0	0	0.44
16000	0.44	0.46	0.46	0	0	0.44
16100	0.44	0.46	0.46	0	0	0.44
16200	0.44	0.46	0.46	0	0	0.44
16300	0.44	0.46	0.46	0	0	0.44
16400	0.44	0.46	0.46	0	0	0.44
16500	0.44	0.46	0.46	0	0	0.44
16600	0.44	0.46	0.46	0	0	0.44
16700	0.44	0.46	0.46	0	0	0.44
16800	0.44	0.46	0.46	0	0	0.44
16900	0.44	0.46	0.46	0	0	0.44
17000	0.44	0.46	0.46	0	0	0.44
17100	0.44	0.46	0.46	0	0	0.44
17200	0.44	0.46	0.46	0	0	0.44
17300	0.44	0.46	0.46	0	0	0.44
17400	0.46	0.46	0.46	0	0	0.46
17500	0.46	0.46	0.46	0	0	0.46
17600	0.46	0.46	0.46	0	0	0.46
17700	0.46	0.44	0.44	0	0	0.46
17800	0.46	0.44	0.44	0	0	0.46
17900	0.46	0.44	0.44	0	0	0.46
18000	0.46	0.44	0.44	0	0	0.46
18100	0.46	0.44	0.44	0	0	0.46
18200	0.46	0.44	0.44	0	0	0.46
18300	0.46	0.44	0.44	0	0	0.46
18400	0.46	0.44	0.44	0	0	0.46
18500	0.46	0.44	0.44	0	0	0.46
18600	0.46	0.44	0.44	0	0	0.46
18700	0.46	0.44	0.44	0	0	0.46
18800	0.46	0.44	0.44	0	0	0.46
18900	0.46	0.44	0.44	0	0	0.46
19000	0.46	0.44	0.44	0	0	0.46
19100	0.46	0.44	0.44	0	0	0.46
19200	0.46	0.44	0.44	0	0	0.46
19300	0.46	0.44	0.44	0	0	0.46
19400	0.46	0.44	0.44	0	0	0.46
19500	0.44	0.44	0.44	0	0	0.44
19600	0.44	0.44	0.44	0	0	0.44
19700	0.44	0.46	0.46	0	0	0.44
19800	0.44	0.48	0.48	0	0	0.44
19900	0.44	0.48	0.48	0	0	0.44
20000	0.44	0.48	0.48	0	0	0.44
20100	0.44	0.48	0.48	0	0	0.44
20200	0.46	0.48	0.48	0	0	0.46
20300	0.46	0.48	0.48	0	0	0.46
20400	0.46	0.48	0.48	0	0	0.46
20500	0.48	0.48	0.48	0	0	0.48
20600	0.48	0.48	0.48	0	0	0.48
20700	0.48	0.48	0.48	0	0	0.48
20800	0.48	0.48	0.48	0	0	0.48
20900	0.48	0.48	0.48	0	0	0.48
21000	0.48	0.48	0.48	0	0	0.48
21100	0.5	0.48	0.48	0	0	0.5
21200	0.5	0.48	0.48	0	0	0.5
21300	0.5	0.48	0.48	0	0	0.5
21400	0.5	0.48	0.48	0	0	0.5
21500	0.5	0.48	0.48	0	0	0.5
21600	0.48	0.48	0.48	0	0	0.48
21700	0.46	0.48	0.48	0	0	0.46
21800	0.46	0.48	0.48	0	0	0.46
21900	0.46	0.48	0.48	0	0	0.46
22000	0.44	0.48	0.48	0	0	0.44
22100	0.44	0.48	0.48	0	0	0.44
22200	0.44	0.48	0.48	0	0	0.44
22300	0.44	0.48	0.48	0	0	0.44
22400	0.44	0.48	0.48	0	0	0.44
22500	0.44	0.48	0.48	0	0	0.44
22600	0.44	0.5	0.5	0	0	0.44
22700	0.44	0.5	0.5	0	0	0.44
22800	0.44	0.5	0.5	0	0	0.44
22900	0.46	0.5	0.5	0	0	0.46
23000	0.46	0.5	0.5	0	0	0.46
23100	0.46	0.5	0.5	0	0	0.46
23200	0.46	0.5	0.5	0	0	0.46
23300	0.46	0.5	0.5	0	0	0.46
23400	0.46	0.5	0.5	0	0	0.46
23500	0.46	0.5	0.5	0	0	0.46
23600	0.46	0.5	0.5	0	0	0.46
23700	0.46	0.5	0.5	0	0	0.46
23800	0.46	0.5	0.5	0	0	0.46
23900	0.46	0.5	0.5	0	0	0.46
24000	0.46	0.5	0.5	0	0	0.46
24100	0.46	0.5	0.5	0	0	0.46
24200	0.46	0.5	0.5	0	0	0.46
24300	0.48	0.5	0.5	0	0	0.48
24400	0.48	0.5	0.5	0	0	0.48
24500	0.48	0.5	0.5	0	0	0.48
24600	0.48	0.5	0.5	0	0	0.48
24700	0.48	0.5	0.5	0	0	0.48
24800	0.48	0.5	0.5	0	0	0.48
24900	0.48	0.52	0.52	0	0	0.48
25000	0.48	0.52	0.52	0	0	0.48
25100	0.48	0.52	0.52	0	0	0.48
25200	0.48	0.52	0.52	0	0	0.48
25300	0.48	0.52	0.52	0	0	0.48
25400	0.48	0.52	0.52	0	0	0.48
25500	0.48	0.52	0.52	0	0	0.48
25600	0.48	0.52	0.52	0	0	0.48
25700	0.48	0.52	0.52	0	0	0.48
25800	0.48	0.52	0.52	0	0	0.48
25900	0.48	0.52	0.52	0	0	0.48
26000	0.48	0.52	0.52	0	0	0.48
26100	0.48	0.5	0.5	0	0	0.48
26200	0.48	0.5	0.5	0	0	0.48
26300	0.48	0.5	0.5	0	0	0.48
26400	0.48	0.5	0.5	0	0	0.48
26500	0.48	0.5	0.5	0	0	0.48
26600	0.48	0.5	0.5	0	0	0.48
26700	0.48	0.5	0.5	0	0	0.48
26800	0.46	0.5	0.5	0	0	0.46
26900	0.46	0.5	0.5	0	0	0.46
27000	0.46	0.5	0.5	0	0	0.46
27100	0.46	0.5	0.5	0	0	0.46
27200	0.46	0.5	0.5	0	0	0.46
27300	0.46	0.5	0.5	0	0	0.46
27400	0.46	0.5	0.5	0	0	0.46
27500	0.46	0.5	0.5	0	0	0.46
27600	0.46	0.5	0.5	0	0	0.46
27700	0.46	0.5	0.5	0	0	0.46
27800	0.46	0.5	0.5	0	0	0.46
27900	0.46	0.5	0.5	0	0	0.46
28000	0.46	0.5	0.5	0	0	0.46
28100	0.46	0.5	0.5	0	0	0.46
28200	0.46	0.5	0.5	0	0	0.46
28300	0.46	0.5	0.5	0	0	0.46
28400	0.46	0.5	0.5	0	0	0.46
28500	0.46	0.5	0.5	0	0	0.46
28600	0.46	0.5	0.5	0	0	0.46
28700	0.46	0.5	0.5	0	0	0.46
28800	0.46	0.5	0.5	0	0	0.46
28900	0.46	0.5	0.5	0	0	0.46
29000	0.46	0.5	0.5	0	0	0.46
29100	0.46	0.5	0.5	0	0	0.46
29200	0.46	0.5	0.5	0	0	0.46
29300	0.46	0.5	0.5	0	0	0.46
29400	0.46	0.5	0.5	0	0	0.46
29500	0.46	0.5	0.5	0	0	0.46
29600	0.46	0.52	0.52	0	0	0.46
29700	0.46	0.52	0.52	0	0	0.46
29800	0.46	0.52	0.52	0	0	0.46
29900	0.46	0.52	0.52	0	0	0.46
30000	0.46	0.52	0.52	0	0	0.46
30100	0.46	0.52	0.52	0	0	0.46
30200	0.46	0.52	0.52	0	0	0.46
30300	0.46	0.52	0.52	0	0	0.46
30400	0.46	0.52	0.52	0	0	0.46
30500	0.46	0.52	0.52	0	0	0.46
30600	0.46	0.52	0.52	0	0	0.46
30700	0.46	0.52	0.52	0	0	0.46
30800	0.46	0.52	0.52	0	0	0.46
30900	0.46	0.52	0.52	0	0	0.46
31000	0.46	0.52	0.52	0	0	0.46
31100	0.46	0.52	0.52	0	0	0.46
31200	0.46	0.52	0.52	0	0	0.46
31300	0.46	0.52	0.52	0	0	0.46
31400	0.46	0.52	0.52	0	0	0.46
31500	0.46	0.52	0.52	0	0	0.46
31600	0.46	0.52	0.52	0	0	0.46
31700	0.46	0.52	0.52	0	0	0.46
31800	0.46	0.52	0.52	0	0	0.46
31900	0.46	0.52	0.52	0	0	0.46
32000	0.46	0.52	0.52	0	0	0.46
32100	0.46	0.52	0.52	0	0	0.46
32200	0.46	0.52	0.52	0	0	0.46
32300	0.46	0.52	0.52	0	0	0.46
32400	0.46	0.52	0.52	0	0	0.46
32500	0.46	0.5	0.5	0	0	0.46
32600	0.46	0.5	0.5	0	0	0.46
32700	0.46	0.48	0.48	0	0	0.46
32800	0.46	0.48	0.48	0	0	0.46
32900	0.46	0.48	0.48	0	0	0.46
33000	0.46	0.48	0.48	0	0	0.46
33100	0.46	0.48	0.48	0	0	0.46
33200	0.46	0.48	0.48	0	0	0.46
33300	0.46	0.48	0.48	0	0	0.46
33400	0.46	0.48	0.48	0	0	0.46
33500	0.46	0.48	0.48	0	0	0.46
33600	0.46	0.48	0.48	0	0	0.46
33700	0.46	0.48	0.48	0	0	0.46
33800	0.46	0.48	0.48	0	0	0.46
33900	0.46	0.48	0.48	0	0	0.46
34000	0.46	0.48	0.48	0	0	0.46
34100	0.46	0.48	0.48	0	0	0.46
34200	0.46	0.48	0.48	0	0	0.46
34300	0.46	0.48	0.48	0	0	0.46
34400	0.46	0.48	0.48	0	0	0.46
34500	0.46	0.48	0.48	0	0	0.46
34600	0.46	0.48	0.48	0	0	0.46
34700	0.46	0.48	0.48	0	0	0.46
34800	0.46	0.48	0.48	0	0	0.46
34900	0.46	0.48	0.48	0	0	0.46
35000	0.46	0.48	0.48	0	0	0.46
35100	0.46	0.48	0.48	0	0	0.46
35200	0.46	0.48	0.48	0	0	0.46
35300	0.46	0.48	0.48	0	0	0.46
35400	0.46	0.48	0.48	0	0	0.46
35500	0.46	0.48	0.48	0	0	0.46
35600	0.46	0.48	0.48	0	0	0.46
35700	0.46	0.48	0.48	0	0	0.46
35800	0.46	0.48	0.48	0	0	0.46
35900	0.46	0.48	0.48	0	0	0.46
36000	0.46	0.46	0.46	0	0	0.46
36100	0.46	0.48	0.48	0	0	0.46
36200	0.46	0.48	0.48	0	0	0.46
36300	0.46	0.46	0.46	0	0	0.46
36400	0.46	0.46	0.46	0	0	0.46
36500	0.46	0.46	0.46	0	0	0.46
36600	0.46	0.46	0.46	0	0	0.46
36700	0.46	0.46	0.46	0	0	0.46
36800	0.46	0.46	0.46	0	0	0.46
36900	0.46	0.46	0.46	0	0	0.46
37000	0.46	0.46	0.46	0	0	0.46
37100	0.46	0.46	0.46	0	0	0.46
37200	0.46	0.46	0.46	0	0	0.46
37300	0.46	0.46	0.46	0	0	0.46
37400	0.48	0.44	0.44	0	0	0.48
37500	0.48	0.44	0.44	0	0	0.48
37600	0.48	0.44	0.44	0	0	0.48
37700	0.48	0.44	0.44	0	0	0.48
37800	0.48	0.44	0.44	0	0	0.48
37900	0.48	0.44	0.44	0	0	0.48
38000	0.48	0.44	0.44	0	0	0.48
38100	0.48	0.44	0.44	0	0	0.48
38200	0.48	0.44	0.44	0	0	0.48
38300	0.48	0.44	0.44	0	0	0.48
38400	0.48	0.44	0.44	0	0	0.48
38500	0.48	0.44	0.44	0	0	0.48
38600	0.48	0.44	0.44	0	0	0.48
38700	0.48	0.44	0.44	0	0	0.48
38800	0.48	0.44	0.44	0	0	0.48
38900	0.48	0.44	0.44	0	0	0.48
39000	0.48	0.44	0.44	0	0	0.48
39100	0.48	0.44	0.44	0	0	0.48
39200	0.48	0.42	0.42	0	0	0.48
39300	0.48	0.42	0.42	0	0	0.48
39400	0.48	0.42	0.42	0	0	0.48
39500	0.48	0.4	0.4	0	0	0.48
39600	0.48	0.4	0.4	0	0	0.48
39700	0.48	0.4	0.4	0	0	0.48
39800	0.48	0.4	0.4	0	0	0.48
39900	0.48	0.4	0.4	0	0	0.48
40000	0.48	0.4	0.4	0	0	0.48
40100	0.48	0.4	0.4	0	0	0.48
40200	0.48	0.4	0.4	0	0	0.48
40300	0.48	0.4	0.4	0	0	0.48
40400	0.48	0.4	0.4	0	0	0.48
40500	0.48	0.4	0.4	0	0	0.48
40600	0.48	0.4	0.4	0	0	0.48
40700	0.48	0.4	0.4	0	0	0.48
40800	0.48	0.42	0.42	0	0	0.48
40900	0.48	0.44	0.44	0	0	0.48
41000	0.48	0.44	0.44	0	0	0.48
41100	0.46	0.46	0.46	0	0	0.46
41200	0.46	0.46	0.46	0	0	0.46
41300	0.46	0.46	0.46	0	0	0.46
41400	0.46	0.44	0.44	0	0	0.46
41500	0.46	0.44	0.44	0	0	0.46
41600	0.46	0.44	0.44	0	0	0.46
41700	0.46	0.46	0.46	0	0	0.46
41800	0.46	0.46	0.46	0	0	0.46
41900	0.46	0.46	0.46	0	0	0.46
42000	0.46	0.46	0.46	0	0	0.46
42100	0.46	0.46	0.46	0	0	0.46
42200	0.46	0.46	0.46	0	0	0.46
42300	0.46	0.46	0.46	0	0	0.46
42400	0.46	0.48	0.48	0	0	0.46
42500	0.46	0.48	0.48	0	0	0.46
42600	0.46	0.48	0.48	0	0	0.46
42700	0.46	0.48	0.48	0	0	0.46
42800	0.46	0.48	0.48	0	0	0.46
42900	0.46	0.48	0.48	0	0	0.46
43000	0.46	0.5	0.5	0	0	0.46
43100	0.46	0.5	0.5	0	0	0.46
43200	0.46	0.5	0.5	0	0	0.46
43300	0.46	0.5	0.5	0	0	0.46
43400	0.46	0.5	0.5	0	0	0.46
43500	0.46	0.5	0.5	0	0	0.46
43600	0.46	0.5	0.5	0	0	0.46
43700	0.46	0.5	0.5	0	0	0.46
43800	0.46	0.5	0.5	0	0	0.46
43900	0.46	0.5	0.5	0	0	0.46
44000	0.46	0.5	0.5	0	0	0.46
44100	0.46	0.5	0.5	0	0	0.46
44200	0.46	0.5	0.5	0	0	0.46
44300	0.46	0.5	0.5	0	0	0.46
44400	0.46	0.5	0.5	0	0	0.46
44500	0.46	0.5	0.5	0	0	0.46
44600	0.46	0.5	0.5	0	0	0.46
44700	0.46	0.5	0.5	0	0	0.46
44800	0.46	0.5	0.5	0	0	0.46
44900	0.46	0.5	0.5	0	0	0.46
45000	0.46	0.5	0.5	0	0	0.46
45100	0.46	0.5	0.5	0	0	0.46
45200	0.46	0.48	0.48	0	0	0.46
45300	0.46	0.48	0.48	0	0	0.46
45400	0.46	0.48	0.48	0	0	0.46
45500	0.46	0.48	0.48	0	0	0.46
45600	0.46	0.48	0.48	0	0	0.46
45700	0.46	0.48	0.48	0	0	0.46
45800	0.46	0.48	0.48	0	0	0.46
45900	0.46	0.48	0.48	0	0	0.46
46000	0.46	0.5	0.5	0	0	0.46
46100	0.46	0.5	0.5	0	0	0.46
46200	0.46	0.5	0.5	0	0	0.46
46300	0.46	0.5	0.5	0	0	0.46
46400	0.46	0.5	0.5	0	0	0.46
46500	0.46	0.48	0.48	0	0	0.46
46600	0.46	0.48	0.48	0	0	0.46
46700	0.46	0.48	0.48	0	0	0.46
46800	0.46	0.48	0.48	0	0	0.46
46900	0.46	0.48	0.48	0	0	0.46
47000	0.46	0.48	0.48	0	0	0.46
47100	0.46	0.48	0.48	0	0	0.46
47200	0.48	0.48	0.48	0	0	0.48
47300	0.48	0.48	0.48	0	0	0.48
47400	0.48	0.48	0.48	0	0	0.48
47500	0.48	0.48	0.48	0	0	0.48
47600	0.48	0.48	0.48	0	0	0.48
47700	0.48	0.48	0.48	0	0	0.48
47800	0.48	0.48	0.48	0	0	0.48
47900	0.48	0.48	0.48	0	0	0.48
48000	0.48	0.48	0.48	0	0	0.48
48100	0.48	0.48	0.48	0	0	0.48
48200	0.48	0.48	0.48	0	0	0.48
48300	0.48	0.48	0.48	0	0	0.48
48400	0.48	0.48	0.48	0	0	0.48
48500	0.48	0.48	0.48	0	0	0.48
48600	0.48	0.48	0.48	0	0	0.48
48700	0.48	0.48	0.48	0	0	0.48
48800	0.48	0.48	0.48	0	0	0.48
48900	0.48	0.48	0.48	0	0	0.48
49000	0.48	0.48	0.48	0	0	0.48
49100	0.48	0.48	0.48	0	0	0.48
49200	0.48	0.48	0.48	0	0	0.48
49300	0.48	0.46	0.46	0	0	0.48
49400	0.48	0.46	0.46	0	0	0.48
49500	0.48	0.46	0.46	0	0	0.48
49600	0.48	0.46	0.46	0	0	0.48
49700	0.48	0.46	0.46	0	0	0.48
49800	0.48	0.46	0.46	0	0	0.48
49900	0.48	0.46	0.46	0	0	0.48
50000	0.46	0.46	0.46	0	0	0.46
50100	0.46	0.46	0.46	0	0	0.46
50200	0.46	0.46	0.46	0	0	0.46
50300	0.46	0.46	0.46	0	0	0.46
50400	0.46	0.46	0.46	0	0	0.46
50500	0.46	0.46	0.46	0	0	0.46
50600	0.46	0.46	0.46	0	0	0.46
50700	0.46	0.46	0.46	0	0	0.46
50800	0.46	0.46	0.46	0	0	0.46
50900	0.46	0.46	0.46	0	0	0.46
51000	0.46	0.46	0.46	0	0	0.46
51100	0.46	0.48	0.48	0	0	0.46
51200	0.46	0.48	0.48	0	0	0.46
51300	0.46	0.48	0.48	0	0	0.46
51400	0.46	0.48	0.48	0	0	0.46
51500	0.46	0.48	0.48	0	0	0.46
51600	0.46	0.48	0.48	0	0	0.46
51700	0.44	0.48	0.48	0	0	0.44
51800	0.42	0.48	0.48	0	0	0.42
51900	0.42	0.48	0.48	0	0	0.42
52000	0.42	0.48	0.48	0	0	0.42
52100	0.42	0.48	0.48	0	0	0.42
52200	0.42	0.48	0.48	0	0	0.42
52300	0.42	0.48	0.48	0	0	0.42
52400	0.42	0.48	0.48	0	0	0.42
52500	0.42	0.48	0.48	0	0	0.42
52600	0.42	0.48	0.48	0	0	0.42
52700	0.42	0.48	0.48	0	0	0.42
52800	0.42	0.5	0.5	0	0	0.42
52900	0.42	0.5	0.5	0	0	0.42
53000	0.42	0.5	0.5	0	0	0.42
53100	0.42	0.5	0.5	0	0	0.42
53200	0.42	0.5	0.5	0	0	0.42
53300	0.42	0.5	0.5	0	0	0.42
53400	0.42	0.5	0.5	0	0	0.42
53500	0.42	0.5	0.5	0	0	0.42
53600	0.42	0.5	0.5	0	0	0.42
53700	0.42	0.5	0.5	0	0	0.42
53800	0.42	0.5	0.5	0	0	0.42
53900	0.44	0.5	0.5	0	0	0.44
54000	0.44	0.5	0.5	0	0	0.44
54100	0.44	0.48	0.48	0	0	0.44
54200	0.44	0.48	0.48	0	0	0.44
54300	0.44	0.48	0.48	0	0	0.44
54400	0.44	0.48	0.48	0	0	0.44
54500	0.44	0.48	0.48	0	0	0.44
54600	0.44	0.48	0.48	0	0	0.44
54700	0.44	0.48	0.48	0	0	0.44
54800	0.44	0.48	0.48	0	0	0.44
54900	0.44	0.48	0.48	0	0	0.44
55000	0.44	0.48	0.48	0	0	0.44
55100	0.44	0.48	0.48	0	0	0.44
55200	0.44	0.48	0.48	0	0	0.44
55300	0.44	0.48	0.48	0	0	0.44
55400	0.44	0.46	0.46	0	0	0.44
55500	0.44	0.46	0.46	0	0	0.44
55600	0.44	0.46	0.46	0	0	0.44
55700	0.44	0.46	0.46	0	0	0.44
55800	0.44	0.46	0.46	0	0	0.44
55900	0.44	0.46	0.46	0	0	0.44
56000	0.44	0.46	0.46	0	0	0.44
56100	0.44	0.46	0.46	0	0	0.44
56200	0.44	0.46	0.46	0	0	0.44
56300	0.44	0.46	0.46	0	0	0.44
56400	0.44	0.46	0.46	0	0	0.44
56500	0.44	0.46	0.46	0	0	0.44
56600	0.44	0.46	0.46	0	0	0.44
56700	0.44	0.46	0.46	0	0	0.44
56800	0.44	0.46	0.46	0	0	0.44
56900	0.44	0.46	0.46	0	0	0.44
57000	0.44	0.46	0.46	0	0	0.44
57100	0.44	0.46	0.46	0	0	0.44
57200	0.44	0.46	0.46	0	0	0.44
57300	0.44	0.46	0.46	0	0	0.44
57400	0.44	0.46	0.46	0	0	0.44
57500	0.44	0.46	0.46	0	0	0.44
57600	0.44	0.46	0.46	0	0	0.44
57700	0.44	0.46	0.46	0	0	0.44
57800	0.44	0.46	0.46	0	0	0.44
57900	0.44	0.46	0.46	0	0	0.44
58000	0.44	0.48	0.48	0	0	0.44
58100	0.44	0.48	0.48	0	0	0.44
58200	0.44	0.48	0.48	0	0	0.44
58300	0.44	0.48	0.48	0	0	0.44
58400	0.44	0.48	0.48	0	0	0.44
58500	0.44	0.48	0.48	0	0	0.44
58600	0.44	0.48	0.48	0	0	0.44
58700	0.44	0.48	0.48	0	0	0.44
58800	0.44	0.48	0.48	0	0	0.44
58900	0.44	0.48	0.48	0	0	0.44
59000	0.44	0.48	0.48	0	0	0.44
59100	0.44	0.48	0.48	0	0	0.44
59200	0.44	0.48	0.48	0	0	0.44
59300	0.44	0.48	0.48	0	0	0.44
59400	0.46	0.48	0.48	0	0	0.46
59500	0.46	0.48	0.48	0	0	0.46
59600	0.46	0.48	0.48	0	0	0.46
59700	0.46	0.48	0.48	0	0	0.46
59800	0.46	0.5	0.5	0	0	0.46
59900	0.46	0.5	0.5	0	0	0.46
60000	0.46	0.5	0.5	0	0	0.46
60100	0.46	0.5	0.5	0	0	0.46
60200	0.46	0.5	0.5	0	0	0.46
60300	0.46	0.5	0.5	0	0	0.46
60400	0.46	0.52	0.52	0	0	0.46
60500	0.46	0.52	0.52	0	0	0.46
60600	0.46	0.52	0.52	0	0	0.46
60700	0.46	0.52	0.52	0	0	0.46
60800	0.46	0.52	0.52	0	0	0.46
60900	0.46	0.52	0.52	0	0	0.46
61000	0.46	0.52	0.52	0	0	0.46
61100	0.46	0.52	0.52	0	0	0.46
61200	0.46	0.52	0.52	0	0	0.46
61300	0.46	0.52	0.52	0	0	0.46
61400	0.46	0.5	0.5	0	0	0.46
61500	0.46	0.5	0.5	0	0	0.46
61600	0.46	0.5	0.5	0	0	0.46
61700	0.46	0.5	0.5	0	0	0.46
61800	0.46	0.52	0.52	0	0	0.46
61900	0.46	0.52	0.52	0	0	0.46
62000	0.46	0.52	0.52	0	0	0.46
62100	0.44	0.52	0.52	0	0	0.44
62200	0.44	0.52	0.52	0	0	0.44
62300	0.44	0.52	0.52	0	0	0.44
62400	0.44	0.52	0.52	0	0	0.44
62500	0.44	0.52	0.52	0	0	0.44
62600	0.44	0.52	0.52	0	0	0.44
62700	0.44	0.52	0.52	0	0	0.44
62800	0.44	0.52	0.52	0	0	0.44
62900	0.44	0.52	0.52	0	0	0.44
63000	0.44	0.52	0.52	0	0	0.44
63100	0.44	0.52	0.52	0	0	0.44
63200	0.44	0.52	0.52	0	0	0.44
63300	0.44	0.54	0.54	0	0	0.44
63400	0.44	0.54	0.54	0	0	0.44
63500	0.44	0.54	0.54	0	0	0.44
63600	0.44	0.54	0.54	0	0	0.44
63700	0.44	0.54	0.54	0	0	0.44
63800	0.44	0.54	0.54	0	0	0.44
63900	0.44	0.54	0.54	0	0	0.44
64000	0.44	0.54	0.54	0	0	0.44
64100	0.44	0.54	0.54	0	0	0.44
64200	0.44	0.54	0.54	0	0	0.44
64300	0.44	0.54	0.54	0	0	0.44
64400	0.44	0.54	0.54	0	0	0.44
64500	0.44	0.54	0.54	0	0	0.44
64600	0.44	0.54	0.54	0	0	0.44
64700	0.44	0.54	0.54	0	0	0.44
64800	0.44	0.54	0.54	0	0	0.44
64900	0.44	0.54	0.54	0	0	0.44
65000	0.44	0.54	0.54	0	0	0.44
65100	0.44	0.54	0.54	0	0	0.44
65200	0.44	0.54	0.54	0	0	0.44
65300	0.44	0.54	0.54	0	0	0.44
65400	0.44	0.54	0.54	0	0	0.44
65500	0.44	0.54	0.54	0	0	0.44
65600	0.44	0.54	0.54	0	0	0.44
65700	0.44	0.54	0.54	0	0	0.44
65800	0.44	0.54	0.54	0	0	0.44
65900	0.44	0.54	0.54	0	0	0.44
66000	0.44	0.54	0.54	0	0	0.44
66100	0.44	0.54	0.54	0	0	0.44
66200	0.44	0.54	0.54	0	0	0.44
66300	0.44	0.54	0.54	0	0	0.44
66400	0.44	0.54	0.54	0	0	0.44
66500	0.44	0.54	0.54	0	0	0.44
66600	0.44	0.54	0.54	0	0	0.44
66700	0.44	0.54	0.54	0	0	0.44
66800	0.44	0.54	0.54	0	0	0.44
66900	0.44	0.54	0.54	0	0	0.44
67000	0.44	0.54	0.54	0	0	0.44
67100	0.44	0.54	0.54	0	0	0.44
67200	0.44	0.54	0.54	0	0	0.44
67300	0.44	0.52	0.52	0	0	0.44
67400	0.44	0.52	0.52	0	0	0.44
67500	0.44	0.52	0.52	0	0	0.44
67600	0.44	0.52	0.52	0	0	0.44
67700	0.44	0.48	0.48	0	0	0.44
67800	0.44	0.48	0.48	0	0	0.44
67900	0.44	0.48	0.48	0	0	0.44
68000	0.44	0.48	0.48	0	0	0.44
68100	0.44	0.48	0.48	0	0	0.44
68200	0.44	0.48	0.48	0	0	0.44
68300	0.44	0.48	0.48	0	0	0.44
68400	0.44	0.48	0.48	0	0	0.44
68500	0.44	0.48	0.48	0	0	0.44
68600	0.46	0.48	0.48	0	0	0.46
68700	0.44	0.48	0.48	0	0	0.44
68800	0.44	0.48	0.48	0	0	0.44
68900	0.44	0.48	0.48	0	0	0.44
69000	0.44	0.48	0.48	0	0	0.44
69100	0.44	0.48	0.48	0	0	0.44
69200	0.44	0.48	0.48	0	0	0.44
69300	0.44	0.48	0.48	0	0	0.44
69400	0.44	0.48	0.48	0	0	0.44
69500	0.44	0.5	0.5	0	0	0.44
69600	0.44	0.5	0.5	0	0	0.44
69700	0.44	0.5	0.5	0	0	0.44
69800	0.44	0.48	0.48	0	0	0.44
69900	0.44	0.48	0.48	0	0	0.44
70000	0.44	0.48	0.48	0	0	0.44
70100	0.44	0.48	0.48	0	0	0.44
70200	0.44	0.48	0.48	0	0	0.44
70300	0.44	0.48	0.48	0	0	0.44
70400	0.44	0.48	0.48	0	0	0.44
70500	0.44	0.48	0.48	0	0	0.44
70600	0.44	0.48	0.48	0	0	0.44
70700	0.44	0.48	0.48	0	0	0.44
70800	0.46	0.48	0.48	0	0	0.46
70900	0.46	0.48	0.48	0	0	0.46
71000	0.46	0.48	0.48	0	0	0.46
71100	0.46	0.48	0.48	0	0	0.46
71200	0.46	0.48	0.48	0	0	0.46
71300	0.46	0.48	0.48	0	0	0.46
71400	0.46	0.48	0.48	0	0	0.46
71500	0.44	0.48	0.48	0	0	0.44
71600	0.44	0.48	0.48	0	0	0.44
71700	0.44	0.48	0.48	0	0	0.44
71800	0.44	0.5	0.5	0	0	0.44
71900	0.44	0.5	0.5	0	0	0.44
72000	0.44	0.5	0.5	0	0	0.44
72100	0.44	0.5	0.5	0	0	0.44
72200	0.44	0.5	0.5	0	0	0.44
72300	0.44	0.5	0.5	0	0	0.44
72400	0.44	0.5	0.5	0	0	0.44
72500	0.44	0.5	0.5	0	0	0.44
72600	0.44	0.5	0.5	0	0	0.44
72700	0.44	0.5	0.5	0	0	0.44
72800	0.44	0.5	0.5	0	0	0.44
72900	0.44	0.5	0.5	0	0	0.44
73000	0.44	0.5	0.5	0	0	0.44
73100	0.44	0.5	0.5	0	0	0.44
73200	0.44	0.5	0.5	0	0	0.44
73300	0.44	0.5	0.5	0	0	0.44
73400	0.44	0.5	0.5	0	0	0.44
73500	0.44	0.5	0.5	0	0	0.44
73600	0.44	0.48	0.48	0	0	0.44
73700	0.44	0.48	0.48	0	0	0.44
73800	0.44	0.48	0.48	0	0	0.44
73900	0.44	0.48	0.48	0	0	0.44
74000	0.44	0.46	0.46	0	0	0.44
74100	0.44	0.46	0.46	0	0	0.44
74200	0.44	0.46	0.46	0	0	0.44
74300	0.44	0.46	0.46	0	0	0.44
74400	0.44	0.46	0.46	0	0	0.44
74500	0.44	0.46	0.46	0	0	0.44
74600	0.46	0.46	0.46	0	0	0.46
74700	0.46	0.46	0.46	0	0	0.46
74800	0.46	0.46	0.46	0	0	0.46
74900	0.46	0.46	0.46	0	0	0.46
75000	0.46	0.46	0.46	0	0	0.46
75100	0.46	0.46	0.46	0	0	0.46
75200	0.46	0.46	0.46	0	0	0.46
75300	0.46	0.48	0.48	0	0	0.46
75400	0.46	0.48	0.48	0	0	0.46
75500	0.46	0.48	0.48	0	0	0.46
75600	0.46	0.48	0.48	0	0	0.46
75700	0.46	0.5	0.5	0	0	0.46
75800	0.46	0.5	0.5	0	0	0.46
75900	0.46	0.5	0.5	0	0	0.46
76000	0.46	0.5	0.5	0	0	0.46
76100	0.46	0.5	0.5	0	0	0.46
76200	0.46	0.5	0.5	0	0	0.46
76300	0.46	0.5	0.5	0	0	0.46
76400	0.46	0.5	0.5	0	0	0.46
76500	0.46	0.5	0.5	0	0	0.46
76600	0.46	0.5	0.5	0	0	0.46
76700	0.46	0.5	0.5	0	0	0.46
76800	0.46	0.5	0.5	0	0	0.46
76900	0.46	0.5	0.5	0	0	0.46
77000	0.46	0.48	0.48	0	0	0.46
77100	0.46	0.48	0.48	0	0	0.46
77200	0.46	0.48	0.48	0	0	0.46
77300	0.46	0.48	0.48	0	0	0.46
77400	0.46	0.48	0.48	0	0	0.46
77500	0.46	0.48	0.48	0	0	0.46
77600	0.48	0.46	0.46	0	0	0.48
77700	0.48	0.46	0.46	0	0	0.48
77800	0.48	0.46	0.46	0	0	0.48
77900	0.48	0.46	0.46	0	0	0.48
78000	0.48	0.46	0.46	0	0	0.48
78100	0.48	0.46	0.46	0	0	0.48
78200	0.48	0.48	0.48	0	0	0.48
78300	0.48	0.48	0.48	0	0	0.48
78400	0.48	0.48	0.48	0	0	0.48
78500	0.48	0.48	0.48	0	0	0.48
78600	0.48	0.48	0.48	0	0	0.48
78700	0.48	0.48	0.48	0	0	0.48
78800	0.48	0.48	0.48	0	0	0.48
78900	0.48	0.48	0.48	0	0	0.48
79000	0.48	0.48	0.48	0	0	0.48
79100	0.48	0.48	0.48	0	0	0.48
79200	0.48	0.48	0.48	0	0	0.48
79300	0.48	0.48	0.48	0	0	0.48
79400	0.48	0.48	0.48	0	0	0.48
79500	0.48	0.48	0.48	0	0	0.48
79600	0.46	0.48	0.48	0	0	0.46
79700	0.46	0.48	0.48	0	0	0.46
79800	0.46	0.48	0.48	0	0	0.46
79900	0.46	0.46	0.46	0	0	0.46
80000	0.46	0.44	0.44	0	0	0.46
80100	0.46	0.44	0.44	0	0	0.46
80200	0.46	0.44	0.44	0	0	0.46
80300	0.46	0.44	0.44	0	0	0.46
80400	0.46	0.44	0.44	0	0	0.46
80500	0.46	0.44	0.44	0	0	0.46
80600	0.46	0.44	0.44	0	0	0.46
80700	0.46	0.44	0.44	0	0	0.46
80800	0.46	0.44	0.44	0	0	0.46
80900	0.46	0.44	0.44	0	0	0.46
81000	0.46	0.44	0.44	0	0	0.46
81100	0.46	0.44	0.44	0	0	0.46
81200	0.46	0.44	0.44	0	0	0.46
81300	0.46	0.44	0.44	0	0	0.46
81400	0.46	0.44	0.44	0	0	0.46
81500	0.46	0.44	0.44	0	0	0.46
81600	0.46	0.44	0.44	0	0	0.46
81700	0.46	0.44	0.44	0	0	0.46
81800	0.46	0.46	0.46	0	0	0.46
81900	0.46	0.46	0.46	0	0	0.46
82000	0.48	0.46	0.46	0	0	0.48
82100	0.48	0.46	0.46	0	0	0.48
82200	0.48	0.46	0.46	0	0	0.48
82300	0.48	0.46	0.46	0	0	0.48
82400	0.48	0.44	0.44	0	0	0.48
82500	0.48	0.46	0.46	0	0	0.48
82600	0.48	0.46	0.46	0	0	0.48
82700	0.48	0.46	0.46	0	0	0.48
82800	0.48	0.46	0.46	0	0	0.48
82900	0.48	0.46	0.46	0	0	0.48
83000	0.48	0.46	0.46	0	0	0.48
83100	0.48	0.46	0.46	0	0	0.48
83200	0.5	0.46	0.46	0	0	0.5
83300	0.5	0.46	0.46	0	0	0.5
83400	0.5	0.46	0.46	0	0	0.5
83500	0.5	0.46	0.46	0	0	0.5
83600	0.52	0.46	0.46	0	0	0.52
83700	0.52	0.46	0.46	0	0	0.52
83800	0.52	0.46	0.46	0	0	0.52
83900	0.54	0.46	0.46	0	0	0.54
84000	0.54	0.46	0.46	0	0	0.54
84100	0.54	0.46	0.46	0	0	0.54
84200	0.54	0.46	0.46	0	0	0.54
84300	0.54	0.46	0.46	0	0	0.54
84400	0.54	0.46	0.46	0	0	0.54
84500	0.54	0.46	0.46	0	0	0.54
84600	0.54	0.46	0.46	0	0	0.54
84700	0.54	0.46	0.46	0	0	0.54
84800	0.54	0.46	0.46	0	0	0.54
84900	0.54	0.46	0.46	0	0	0.54
85000	0.54	0.46	0.46	0	0	0.54
85100	0.54	0.46	0.46	0	0	0.54
85200	0.54	0.46	0.46	0	0	0.54
85300	0.54	0.46	0.46	0	0	0.54
85400	0.54	0.46	0.46	0	0	0.54
85500	0.54	0.46	0.46	0	0	0.54
85600	0.54	0.46	0.46	0	0	0.54
85700	0.54	0.46	0.46	0	0	0.54
85800	0.54	0.46	0.46	0	0	0.54
85900	0.54	0.46	0.46	0	0	0.54
86000	0.54	0.46	0.46	0	0	0.54
86100	0.54	0.46	0.46	0	0	0.54
86200	0.54	0.46	0.46	0	0	0.54
86300	0.54	0.46	0.46	0	0	0.54
86400	0.54	0.46	0.46	0	0	0.54
86500	0.54	0.46	0.46	0	0	0.54
86600	0.54	0.46	0.46	0	0	0.54
86700	0.54	0.46	0.46	0	0	0.54
86800	0.54	0.46	0.46	0	0	0.54
86900	0.54	0.46	0.46	0	0	0.54
87000	0.54	0.46	0.46	0	0	0.54
87100	0.54	0.46	0.46	0	0	0.54
87200	0.54	0.46	0.46	0	0	0.54
87300	0.54	0.46	0.46	0	0	0.54
87400	0.54	0.46	0.46	0	0	0.54
87500	0.54	0.46	0.46	0	0	0.54
87600	0.54	0.46	0.46	0	0	0.54
87700	0.54	0.46	0.46	0	0	0.54
87800	0.54	0.46	0.46	0	0	0.54
87900	0.54	0.46	0.46	0	0	0.54
88000	0.54	0.46	0.46	0	0	0.54
88100	0.54	0.46	0.46	0	0	0.54
88200	0.54	0.46	0.46	0	0	0.54
88300	0.54	0.46	0.46	0	0	0.54
88400	0.54	0.46	0.46	0	0	0.54
88500	0.54	0.46	0.46	0	0	0.54
88600	0.54	0.46	0.46	0	0	0.54
88700	0.54	0.46	0.46	0	0	0.54
88800	0.54	0.46	0.46	0	0	0.54
88900	0.54	0.46	0.46	0	0	0.54
89000	0.54	0.46	0.46	0	0	0.54
89100	0.54	0.46	0.46	0	0	0.54
89200	0.54	0.46	0.46	0	0	0.54
89300	0.54	0.46	0.46	0	0	0.54
89400	0.54	0.46	0.46	0	0	0.54
89500	0.54	0.46	0.46	0	0	0.54
89600	0.54	0.46	0.46	0	0	0.54
89700	0.54	0.46	0.46	0	0	0.54
89800	0.54	0.46	0.46	0	0	0.54
89900	0.54	0.46	0.46	0	0	0.54
90000	0.54	0.46	0.46	0	0	0.54
90100	0.54	0.46	0.46	0	0	0.54
90200	0.54	0.46	0.46	0	0	0.54
90300	0.54	0.46	0.46	0	0	0.54
90400	0.54	0.46	0.46	0	0	0.54
90500	0.54	0.46	0.46	0	0	0.54
90600	0.54	0.46	0.46	0	0	0.54
90700	0.54	0.46	0.46	0	0	0.54
90800	0.54	0.46	0.46	0	0	0.54
90900	0.54	0.46	0.46	0	0	0.54
91000	0.54	0.46	0.46	0	0	0.54
91100	0.54	0.46	0.46	0	0	0.54
91200	0.54	0.46	0.46	0	0	0.54
91300	0.54	0.46	0.46	0	0	0.54
91400	0.54	0.46	0.46	0	0	0.54
91500	0.54	0.46	0.46	0	0	0.54
91600	0.54	0.46	0.46	0	0	0.54
91700	0.54	0.46	0.46	0	0	0.54
91800	0.54	0.46	0.46	0	0	0.54
91900	0.54	0.46	0.46	0	0	0.54
92000	0.52	0.46	0.46	0	0	0.52
92100	0.52	0.46	0.46	0	0	0.52
92200	0.52	0.46	0.46	0	0	0.52
92300	0.52	0.46	0.46	0	0	0.52
92400	0.52	0.46	0.46	0	0	0.52
92500	0.52	0.46	0.46	0	0	0.52
92600	0.52	0.46	0.46	0	0	0.52
92700	0.52	0.46	0.46	0	0	0.52
92800	0.52	0.46	0.46	0	0	0.52
92900	0.52	0.46	0.46	0	0	0.52
93000	0.52	0.46	0.46	0	0	0.52
93100	0.52	0.46	0.46	0	0	0.52
93200	0.52	0.46	0.46	0	0	0.52
93300	0.52	0.46	0.46	0	0	0.52
93400	0.52	0.46	0.46	0	0	0.52
93500	0.52	0.46	0.46	0	0	0.52
93600	0.52	0.46	0.46	0	0	0.52
93700	0.52	0.46	0.46	0	0	0.52
93800	0.52	0.46	0.46	0	0	0.52
93900	0.52	0.46	0.46	0	0	0.52
94000	0.52	0.46	0.46	0	0	0.52
94100	0.52	0.46	0.46	0	0	0.52
94200	0.52	0.46	0.46	0	0	0.52
94300	0.52	0.46	0.46	0	0	0.52
94400	0.52	0.46	0.46	0	0	0.52
94500	0.52	0.48	0.48	0	0	0.52
94600	0.52	0.48	0.48	0	0	0.52
94700	0.52	0.46	0.46	0	0	0.52
94800	0.52	0.46	0.46	0	0	0.52
94900	0.52	0.46	0.46	0	0	0.52
95000	0.52	0.46	0.46	0	0	0.52
95100	0.52	0.46	0.46	0	0	0.52
95200	0.52	0.46	0.46	0	0	0.52
95300	0.52	0.46	0.46	0	0	0.52
95400	0.52	0.46	0.46	0	0	0.52
95500	0.52	0.46	0.46	0	0	0.52
95600	0.52	0.46	0.46	0	0	0.52
95700	0.52	0.46	0.46	0	0	0.52
95800	0.52	0.46	0.46	0	0	0.52
95900	0.52	0.46	0.46	0	0	0.52
96000	0.52	0.46	0.46	0	0	0.52
96100	0.52	0.46	0.46	0	0	0.52
96200	0.52	0.46	0.46	0	0	0.52
96300	0.52	0.46	0.46	0	0	0.52
96400	0.52	0.46	0.46	0	0	0.52
96500	0.52	0.46	0.46	0	0	0.52
96600	0.52	0.46	0.46	0	0	0.52
96700	0.52	0.46	0.46	0	0	0.52
96800	0.52	0.46	0.46	0	0	0.52
96900	0.52	0.46	0.46	0	0	0.52
97000	0.54	0.46	0.46	0	0	0.54
97100	0.52	0.46	0.46	0	0	0.52
97200	0.52	0.46	0.46	0	0	0.52
97300	0.52	0.46	0.46	0	0	0.52
97400	0.52	0.46	0.46	0	0	0.52
97500	0.52	0.46	0.46	0	0	0.52
97600	0.52	0.44	0.44	0	0	0.52
97700	0.52	0.44	0.44	0	0	0.52
97800	0.52	0.44	0.44	0	0	0.52
97900	0.52	0.44	0.44	0	0	0.52
98000	0.52	0.44	0.44	0	0	0.52
98100	0.52	0.44	0.44	0	0	0.52
98200	0.52	0.44	0.44	0	0	0.52
98300	0.52	0.44	0.44	0	0	0.52
98400	0.52	0.44	0.44	0	0	0.52
98500	0.52	0.44	0.44	0	0	0.52
98600	0.52	0.44	0.44	0	0	0.52
98700	0.52	0.44	0.44	0	0	0.52
98800	0.52	0.44	0.44	0	0	0.52
98900	0.52	0.44	0.44	0	0	0.52
99000	0.52	0.44	0.44	0	0	0.52
99100	0.52	0.44	0.44	0	0	0.52
99200	0.52	0.44	0.44	0	0	0.52
99300	0.52	0.44	0.44	0	0	0.52
99400	0.52	0.44	0.44	0	0	0.52
99500	0.52	0.44	0.44	0	0	0.52
99600	0.52	0.44	0.44	0	0	0.52
99700	0.52	0.44	0.44	0	0	0.52
99800	0.52	0.44	0.44	0	0	0.52
99900	0.52	0.44	0.44	0	0	0.52
100000	0.52	0.44	0.44	0	0	0.52
