100	0.08	0.04	0.04	0	0	0.08
200	0.14	0.06	0.06	0	0	0.14
300	0.12	0.04	0.04	0	0	0.12
400	0.16	0.04	0.04	0	0	0.16
500	0.16	0.04	0.04	0	0	0.16
600	0.14	0.06	0.06	0	0	0.14
700	0.18	0.06	0.06	0	0	0.18
800	0.2	0.06	0.06	0	0	0.2
900	0.22	0.06	0.06	0	0	0.22
1000	0.24	0.1	0.1	0	0	0.24
1100	0.28	0.12	0.12	0	0	0.28
1200	0.28	0.12	0.12	0	0	0.28
1300	0.28	0.14	0.14	0	0	0.28
1400	0.3	0.14	0.14	0	0	0.3
1500	0.3	0.18	0.18	0	0	0.3
1600	0.32	0.2	0.2	0	0	0.32
1700	0.34	0.22	0.22	0	0	0.34
1800	0.32	0.22	0.22	0	0	0.32
1900	0.32	0.26	0.26	0	0	0.32
2000	0.34	0.26	0.26	0	0	0.34
2100	0.34	0.24	0.24	0	0	0.34
2200	0.34	0.24	0.24	0	0	0.34
2300	0.36	0.24	0.24	0	0	0.36
2400	0.36	0.3	0.3	0	0	0.36
2500	0.36	0.3	0.3	0	0	0.36
2600	0.36	0.28	0.28	0	0	0.36
2700	0.4	0.28	0.28	0	0	0.4
2800	0.42	0.28	0.28	0	0	0.42
2900	0.42	0.28	0.28	0	0	0.42
3000	0.44	0.28	0.28	0	0	0.44
3100	0.44	0.26	0.26	0	0	0.44
3200	0.44	0.26	0.26	0	0	0.44
3300	0.44	0.26	0.26	0	0	0.44
3400	0.44	0.26	0.26	0	0	0.44
3500	0.44	0.26	0.26	0	0	0.44
3600	0.44	0.26	0.26	0	0	0.44
3700	0.44	0.26	0.26	0	0	0.44
3800	0.46	0.26	0.26	0	0	0.46
3900	0.46	0.26	0.26	0	0	0.46
4000	0.46	0.28	0.28	0	0	0.46
4100	0.46	0.28	0.28	0	0	0.46
4200	0.46	0.28	0.28	0	0	0.46
4300	0.46	0.28	0.28	0	0	0.46
4400	0.46	0.28	0.28	0	0	0.46
4500	0.46	0.28	0.28	0	0	0.46
4600	0.46	0.28	0.28	0	0	0.46
4700	0.46	0.28	0.28	0	0	0.46
4800	0.46	0.28	0.28	0	0	0.46
4900	0.48	0.28	0.28	0	0	0.48
5000	0.48	0.28	0.28	0	0	0.48
5100	0.48	0.3	0.3	0	0	0.48
5200	0.5	0.3	0.3	0	0	0.5
5300	0.46	0.28	0.28	0	0	0.46
5400	0.44	0.3	0.3	0	0	0.44
5500	0.44	0.3	0.3	0	0	0.44
5600	0.44	0.3	0.3	0	0	0.44
5700	0.44	0.32	0.32	0	0	0.44
5800	0.44	0.32	0.32	0	0	0.44
5900	0.44	0.32	0.32	0	0	0.44
6000	0.46	0.32	0.32	0	0	0.46
6100	0.46	0.32	0.32	0	0	0.46
6200	0.42	0.32	0.32	0	0	0.42
6300	0.42	0.32	0.32	0	0	0.42
6400	0.42	0.32	0.32	0	0	0.42
6500	0.42	0.34	0.34	0	0	0.42
6600	0.42	0.36	0.36	0	0	0.42
6700	0.44	0.34	0.34	0	0	0.44
6800	0.44	0.34	0.34	0	0	0.44
6900	0.44	0.32	0.32	0	0	0.44
7000	0.42	0.32	0.32	0	0	0.42
7100	0.42	0.32	0.32	0	0	0.42
7200	0.4	0.32	0.32	0	0	0.4
7300	0.38	0.34	0.34	0	0	0.38
7400	0.38	0.34	0.34	0	0	0.38
7500	0.38	0.34	0.34	0	0	0.38
7600	0.38	0.34	0.34	0	0	0.38
7700	0.38	0.34	0.34	0	0	0.38
7800	0.38	0.36	0.36	0	0	0.38
7900	0.38	0.38	0.38	0	0	0.38
8000	0.4	0.4	0.4	0	0	0.4
8100	0.4	0.4	0.4	0	0	0.4
8200	0.4	0.42	0.42	0	0	0.4
8300	0.4	0.42	0.42	0	0	0.4
8400	0.4	0.44	0.44	0	0	0.4
8500	0.4	0.44	0.44	0	0	0.4
8600	0.4	0.44	0.44	0	0	0.4
8700	0.4	0.44	0.44	0	0	0.4
8800	0.4	0.4	0.4	0	0	0.4
8900	0.4	0.4	0.4	0	0	0.4
9000	0.4	0.42	0.42	0	0	0.4
9100	0.4	0.42	0.42	0	0	0.4
9200	0.44	0.42	0.42	0	0	0.44
9300	0.42	0.42	0.42	0	0	0.42
9400	0.42	0.42	0.42	0	0	0.42
9500	0.42	0.4	0.4	0	0	0.42
9600	0.42	0.4	0.4	0	0	0.42
9700	0.42	0.4	0.4	0	0	0.42
9800	0.42	0.4	0.4	0	0	0.42
9900	0.42	0.4	0.4	0	0	0.42
10000	0.42	0.4	0.4	0	0	0.42
10100	0.42	0.4	0.4	0	0	0.42
10200	0.44	0.4	0.4	0	0	0.44
10300	0.44	0.42	0.42	0	0	0.44
10400	0.44	0.42	0.42	0	0	0.44
10500	0.46	0.42	0.42	0	0	0.46
10600	0.44	0.42	0.42	0	0	0.44
10700	0.46	0.42	0.42	0	0	0.46
10800	0.46	0.42	0.42	0	0	0.46
10900	0.44	0.42	0.42	0	0	0.44
11000	0.44	0.42	0.42	0	0	0.44
11100	0.44	0.42	0.42	0	0	0.44
11200	0.44	0.42	0.42	0	0	0.44
11300	0.44	0.42	0.42	0	0	0.44
11400	0.44	0.42	0.42	0	0	0.44
11500	0.44	0.42	0.42	0	0	0.44
11600	0.44	0.42	0.42	0	0	0.44
11700	0.44	0.44	0.44	0	0	0.44
11800	0.44	0.44	0.44	0	0	0.44
11900	0.44	0.44	0.44	0	0	0.44
12000	0.44	0.44	0.44	0	0	0.44
12100	0.44	0.44	0.44	0	0	0.44
12200	0.46	0.44	0.44	0	0	0.46
12300	0.46	0.44	0.44	0	0	0.46
12400	0.46	0.44	0.44	0	0	0.46
12500	0.44	0.46	0.46	0	0	0.44
12600	0.44	0.46	0.46	0	0	0.44
12700	0.46	0.46	0.46	0	0	0.46
12800	0.46	0.46	0.46	0	0	0.46
12900	0.46	0.46	0.46	0	0	0.46
13000	0.46	0.46	0.46	0	0	0.46
13100	0.46	0.46	0.46	0	0	0.46
13200	0.46	0.46	0.46	0	0	0.46
13300	0.46	0.46	0.46	0	0	0.46
13400	0.46	0.46	0.46	0	0	0.46
13500	0.46	0.46	0.46	0	0	0.46
13600	0.46	0.46	0.46	0	0	0.46
13700	0.46	0.46	0.46	0	0	0.46
13800	0.46	0.5	0.5	0	0	0.46
13900	0.46	0.5	0.5	0	0	0.46
14000	0.46	0.5	0.5	0	0	0.46
14100	0.46	0.5	0.5	0	0	0.46
14200	0.44	0.48	0.48	0	0	0.44
14300	0.44	0.48	0.48	0	0	0.44
14400	0.44	0.48	0.48	0	0	0.44
14500	0.46	0.48	0.48	0	0	0.46
14600	0.46	0.48	0.48	0	0	0.46
14700	0.46	0.48	0.48	0	0	0.46
14800	0.46	0.48	0.48	0	0	0.46
14900	0.46	0.48	0.48	0	0	0.46
15000	0.46	0.48	0.48	0	0	0.46
15100	0.46	0.48	0.48	0	0	0.46
15200	0.46	0.48	0.48	0	0	0.46
15300	0.46	0.48	0.48	0	0	0.46
15400	0.46	0.48	0.48	0	0	0.46
15500	0.46	0.48	0.48	0	0	0.46
15600	0.46	0.48	0.48	0	0	0.46
15700	0.44	0.48	0.48	0	0	0.44
15800	0.44	0.5	0.5	0	0	0.44
15900	0.44	0.5	0.5	0	0	0.44
16000	0.44	0.5	0.5	0	0	0.44
16100	0.44	0.48	0.48	0	0	0.44
16200	0.44	0.48	0.48	0	0	0.44
16300	0.44	0.46	0.46	0	0	0.44
16400	0.44	0.48	0.48	0	0	0.44
16500	0.44	0.48	0.48	0	0	0.44
16600	0.44	0.48	0.48	0	0	0.44
16700	0.44	0.48	0.48	0	0	0.44
16800	0.44	0.48	0.48	0	0	0.44
16900	0.44	0.46	0.46	0	0	0.44
17000	0.42	0.46	0.46	0	0	0.42
17100	0.42	0.46	0.46	0	0	0.42
17200	0.42	0.46	0.46	0	0	0.42
17300	0.42	0.46	0.46	0	0	0.42
17400	0.42	0.46	0.46	0	0	0.42
17500	0.42	0.46	0.46	0	0	0.42
17600	0.44	0.46	0.46	0	0	0.44
17700	0.44	0.46	0.46	0	0	0.44
17800	0.44	0.46	0.46	0	0	0.44
17900	0.44	0.46	0.46	0	0	0.44
18000	0.44	0.46	0.46	0	0	0.44
18100	0.42	0.46	0.46	0	0	0.42
18200	0.42	0.46	0.46	0	0	0.42
18300	0.42	0.46	0.46	0	0	0.42
18400	0.42	0.44	0.44	0	0	0.42
18500	0.42	0.44	0.44	0	0	0.42
18600	0.42	0.44	0.44	0	0	0.42
18700	0.42	0.44	0.44	0	0	0.42
18800	0.44	0.44	0.44	0	0	0.44
18900	0.44	0.44	0.44	0	0	0.44
19000	0.44	0.44	0.44	0	0	0.44
19100	0.44	0.44	0.44	0	0	0.44
19200	0.44	0.44	0.44	0	0	0.44
19300	0.44	0.44	0.44	0	0	0.44
19400	0.44	0.44	0.44	0	0	0.44
19500	0.44	0.44	0.44	0	0	0.44
19600	0.44	0.44	0.44	0	0	0.44
19700	0.44	0.44	0.44	0	0	0.44
19800	0.44	0.44	0.44	0	0	0.44
19900	0.44	0.44	0.44	0	0	0.44
20000	0.44	0.44	0.44	0	0	0.44
20100	0.44	0.44	0.44	0	0	0.44
20200	0.44	0.44	0.44	0	0	0.44
20300	0.44	0.44	0.44	0	0	0.44
20400	0.44	0.44	0.44	0	0	0.44
20500	0.46	0.42	0.42	0	0	0.46
20600	0.46	0.42	0.42	0	0	0.46
20700	0.46	0.42	0.42	0	0	0.46
20800	0.46	0.42	0.42	0	0	0.46
20900	0.46	0.42	0.42	0	0	0.46
21000	0.46	0.42	0.42	0	0	0.46
21100	0.46	0.42	0.42	0	0	0.46
21200	0.46	0.42	0.42	0	0	0.46
21300	0.46	0.42	0.42	0	0	0.46
21400	0.46	0.42	0.42	0	0	0.46
21500	0.46	0.42	0.42	0	0	0.46
21600	0.46	0.42	0.42	0	0	0.46
21700	0.46	0.42	0.42	0	0	0.46
21800	0.46	0.42	0.42	0	0	0.46
21900	0.46	0.42	0.42	0	0	0.46
22000	0.46	0.42	0.42	0	0	0.46
22100	0.48	0.42	0.42	0	0	0.48
22200	0.48	0.42	0.42	0	0	0.48
22300	0.48	0.42	0.42	0	0	0.48
22400	0.48	0.42	0.42	0	0	0.48
22500	0.48	0.4	0.4	0	0	0.48
22600	0.48	0.38	0.38	0	0	0.48
22700	0.48	0.38	0.38	0	0	0.48
22800	0.48	0.4	0.4	0	0	0.48
22900	0.48	0.4	0.4	0	0	0.48
23000	0.48	0.4	0.4	0	0	0.48
23100	0.48	0.4	0.4	0	0	0.48
23200	0.48	0.4	0.4	0	0	0.48
23300	0.48	0.42	0.42	0	0	0.48
23400	0.48	0.42	0.42	0	0	0.48
23500	0.48	0.42	0.42	0	0	0.48
23600	0.5	0.44	0.44	0	0	0.5
23700	0.5	0.44	0.44	0	0	0.5
23800	0.5	0.44	0.44	0	0	0.5
23900	0.5	0.44	0.44	0	0	0.5
24000	0.5	0.44	0.44	0	0	0.5
24100	0.5	0.44	0.44	0	0	0.5
24200	0.5	0.44	0.44	0	0	0.5
24300	0.5	0.44	0.44	0	0	0.5
24400	0.5	0.44	0.44	0	0	0.5
24500	0.5	0.44	0.44	0	0	0.5
24600	0.5	0.44	0.44	0	0	0.5
24700	0.5	0.44	0.44	0	0	0.5
24800	0.5	0.42	0.42	0	0	0.5
24900	0.5	0.42	0.42	0	0	0.5
25000	0.5	0.42	0.42	0	0	0.5
25100	0.5	0.42	0.42	0	0	0.5
25200	0.5	0.42	0.42	0	0	0.5
25300	0.52	0.42	0.42	0	0	0.52
25400	0.52	0.42	0.42	0	0	0.52
25500	0.52	0.42	0.42	0	0	0.52
25600	0.52	0.42	0.42	0	0	0.52
25700	0.52	0.42	0.42	0	0	0.52
25800	0.52	0.42	0.42	0	0	0.52
25900	0.52	0.42	0.42	0	0	0.52
26000	0.52	0.42	0.42	0	0	0.52
26100	0.52	0.42	0.42	0	0	0.52
26200	0.52	0.42	0.42	0	0	0.52
26300	0.52	0.42	0.42	0	0	0.52
26400	0.52	0.42	0.42	0	0	0.52
26500	0.5	0.42	0.42	0	0	0.5
26600	0.5	0.42	0.42	0	0	0.5
26700	0.48	0.42	0.42	0	0	0.48
26800	0.48	0.42	0.42	0	0	0.48
26900	0.48	0.42	0.42	0	0	0.48
27000	0.48	0.42	0.42	0	0	0.48
27100	0.48	0.42	0.42	0	0	0.48
27200	0.5	0.42	0.42	0	0	0.5
27300	0.5	0.42	0.42	0	0	0.5
27400	0.5	0.42	0.42	0	0	0.5
27500	0.5	0.42	0.42	0	0	0.5
27600	0.5	0.42	0.42	0	0	0.5
27700	0.5	0.42	0.42	0	0	0.5
27800	0.5	0.44	0.44	0	0	0.5
27900	0.5	0.44	0.44	0	0	0.5
28000	0.5	0.44	0.44	0	0	0.5
28100	0.5	0.44	0.44	0	0	0.5
28200	0.5	0.44	0.44	0	0	0.5
28300	0.5	0.44	0.44	0	0	0.5
28400	0.5	0.44	0.44	0	0	0.5
28500	0.5	0.44	0.44	0	0	0.5
28600	0.5	0.44	0.44	0	0	0.5
28700	0.5	0.44	0.44	0	0	0.5
28800	0.5	0.42	0.42	0	0	0.5
28900	0.5	0.42	0.42	0	0	0.5
29000	0.5	0.42	0.42	0	0	0.5
29100	0.5	0.42	0.42	0	0	0.5
29200	0.5	0.42	0.42	0	0	0.5
29300	0.5	0.42	0.42	0	0	0.5
29400	0.5	0.4	0.4	0	0	0.5
29500	0.52	0.4	0.4	0	0	0.52
29600	0.52	0.4	0.4	0	0	0.52
29700	0.54	0.38	0.38	0	0	0.54
29800	0.54	0.38	0.38	0	0	0.54
29900	0.54	0.38	0.38	0	0	0.54
30000	0.52	0.38	0.38	0	0	0.52
30100	0.52	0.38	0.38	0	0	0.52
30200	0.52	0.38	0.38	0	0	0.52
30300	0.52	0.4	0.4	0	0	0.52
30400	0.52	0.4	0.4	0	0	0.52
30500	0.52	0.4	0.4	0	0	0.52
30600	0.52	0.4	0.4	0	0	0.52
30700	0.52	0.4	0.4	0	0	0.52
30800	0.52	0.4	0.4	0	0	0.52
30900	0.52	0.4	0.4	0	0	0.52
31000	0.52	0.4	0.4	0	0	0.52
31100	0.52	0.4	0.4	0	0	0.52
31200	0.52	0.4	0.4	0	0	0.52
31300	0.52	0.4	0.4	0	0	0.52
31400	0.52	0.4	0.4	0	0	0.52
31500	0.5	0.4	0.4	0	0	0.5
31600	0.5	0.4	0.4	0	0	0.5
31700	0.52	0.4	0.4	0	0	0.52
31800	0.52	0.4	0.4	0	0	0.52
31900	0.52	0.4	0.4	0	0	0.52
32000	0.52	0.4	0.4	0	0	0.52
32100	0.52	0.4	0.4	0	0	0.52
32200	0.5	0.4	0.4	0	0	0.5
32300	0.5	0.4	0.4	0	0	0.5
32400	0.48	0.4	0.4	0	0	0.48
32500	0.48	0.4	0.4	0	0	0.48
32600	0.48	0.4	0.4	0	0	0.48
32700	0.48	0.4	0.4	0	0	0.48
32800	0.48	0.4	0.4	0	0	0.48
32900	0.48	0.4	0.4	0	0	0.48
33000	0.48	0.4	0.4	0	0	0.48
33100	0.48	0.4	0.4	0	0	0.48
33200	0.48	0.4	0.4	0	0	0.48
33300	0.48	0.4	0.4	0	0	0.48
33400	0.48	0.4	0.4	0	0	0.48
33500	0.48	0.4	0.4	0	0	0.48
33600	0.48	0.42	0.42	0	0	0.48
33700	0.48	0.42	0.42	0	0	0.48
33800	0.48	0.44	0.44	0	0	0.48
33900	0.48	0.44	0.44	0	0	0.48
34000	0.48	0.44	0.44	0	0	0.48
34100	0.48	0.44	0.44	0	0	0.48
34200	0.48	0.44	0.44	0	0	0.48
34300	0.48	0.44	0.44	0	0	0.48
34400	0.48	0.44	0.44	0	0	0.48
34500	0.48	0.44	0.44	0	0	0.48
34600	0.48	0.44	0.44	0	0	0.48
34700	0.48	0.44	0.44	0	0	0.48
34800	0.48	0.46	0.46	0	0	0.48
34900	0.48	0.46	0.46	0	0	0.48
35000	0.48	0.46	0.46	0	0	0.48
35100	0.48	0.46	0.46	0	0	0.48
35200	0.48	0.44	0.44	0	0	0.48
35300	0.48	0.44	0.44	0	0	0.48
35400	0.48	0.44	0.44	0	0	0.48
35500	0.48	0.44	0.44	0	0	0.48
35600	0.48	0.44	0.44	0	0	0.48
35700	0.48	0.44	0.44	0	0	0.48
35800	0.48	0.46	0.46	0	0	0.48
35900	0.48	0.48	0.48	0	0	0.48
36000	0.48	0.46	0.46	0	0	0.48
36100	0.48	0.46	0.46	0	0	0.48
36200	0.48	0.46	0.46	0	0	0.48
36300	0.48	0.46	0.46	0	0	0.48
36400	0.48	0.46	0.46	0	0	0.48
36500	0.48	0.46	0.46	0	0	0.48
36600	0.48	0.46	0.46	0	0	0.48
36700	0.48	0.46	0.46	0	0	0.48
36800	0.48	0.46	0.46	0	0	0.48
36900	0.48	0.46	0.46	0	0	0.48
37000	0.48	0.46	0.46	0	0	0.48
37100	0.48	0.46	0.46	0	0	0.48
37200	0.48	0.46	0.46	0	0	0.48
37300	0.48	0.46	0.46	0	0	0.48
37400	0.48	0.46	0.46	0	0	0.48
37500	0.48	0.46	0.46	0	0	0.48
37600	0.46	0.46	0.46	0	0	0.46
37700	0.46	0.46	0.46	0	0	0.46
37800	0.46	0.46	0.46	0	0	0.46
37900	0.46	0.46	0.46	0	0	0.46
38000	0.46	0.46	0.46	0	0	0.46
38100	0.46	0.46	0.46	0	0	0.46
38200	0.46	0.46	0.46	0	0	0.46
38300	0.46	0.46	0.46	0	0	0.46
38400	0.46	0.46	0.46	0	0	0.46
38500	0.46	0.46	0.46	0	0	0.46
38600	0.46	0.46	0.46	0	0	0.46
38700	0.46	0.46	0.46	0	0	0.46
38800	0.46	0.46	0.46	0	0	0.46
38900	0.46	0.46	0.46	0	0	0.46
39000	0.46	0.46	0.46	0	0	0.46
39100	0.46	0.46	0.46	0	0	0.46
39200	0.46	0.46	0.46	0	0	0.46
39300	0.46	0.46	0.46	0	0	0.46
39400	0.46	0.46	0.46	0	0	0.46
39500	0.46	0.46	0.46	0	0	0.46
39600	0.46	0.46	0.46	0	0	0.46
39700	0.46	0.46	0.46	0	0	0.46
39800	0.46	0.46	0.46	0	0	0.46
39900	0.46	0.46	0.46	0	0	0.46
40000	0.44	0.46	0.46	0	0	0.44
40100	0.44	0.46	0.46	0	0	0.44
40200	0.44	0.46	0.46	0	0	0.44
40300	0.44	0.46	0.46	0	0	0.44
40400	0.44	0.46	0.46	0	0	0.44
40500	0.46	0.46	0.46	0	0	0.46
40600	0.46	0.46	0.46	0	0	0.46
40700	0.46	0.44	0.44	0	0	0.46
40800	0.46	0.44	0.44	0	0	0.46
40900	0.46	0.44	0.44	0	0	0.46
41000	0.46	0.44	0.44	0	0	0.46
41100	0.46	0.44	0.44	0	0	0.46
41200	0.46	0.44	0.44	0	0	0.46
41300	0.46	0.44	0.44	0	0	0.46
41400	0.46	0.44	0.44	0	0	0.46
41500	0.46	0.44	0.44	0	0	0.46
41600	0.46	0.44	0.44	0	0	0.46
41700	0.46	0.44	0.44	0	0	0.46
41800	0.46	0.44	0.44	0	0	0.46
41900	0.46	0.44	0.44	0	0	0.46
42000	0.46	0.44	0.44	0	0	0.46
42100	0.48	0.44	0.44	0	0	0.48
42200	0.48	0.44	0.44	0	0	0.48
42300	0.48	0.44	0.44	0	0	0.48
42400	0.46	0.44	0.44	0	0	0.46
42500	0.46	0.44	0.44	0	0	0.46
42600	0.46	0.44	0.44	0	0	0.46
42700	0.46	0.44	0.44	0	0	0.46
42800	0.46	0.44	0.44	0	0	0.46
42900	0.46	0.44	0.44	0	0	0.46
43000	0.46	0.44	0.44	0	0	0.46
43100	0.46	0.44	0.44	0	0	0.46
43200	0.46	0.44	0.44	0	0	0.46
43300	0.46	0.44	0.44	0	0	0.46
43400	0.46	0.44	0.44	0	0	0.46
43500	0.46	0.44	0.44	0	0	0.46
43600	0.46	0.44	0.44	0	0	0.46
43700	0.46	0.44	0.44	0	0	0.46
43800	0.46	0.44	0.44	0	0	0.46
43900	0.46	0.44	0.44	0	0	0.46
44000	0.46	0.44	0.44	0	0	0.46
44100	0.48	0.44	0.44	0	0	0.48
44200	0.46	0.44	0.44	0	0	0.46
44300	0.46	0.42	0.42	0	0	0.46
44400	0.46	0.42	0.42	0	0	0.46
44500	0.46	0.42	0.42	0	0	0.46
44600	0.46	0.42	0.42	0	0	0.46
44700	0.46	0.42	0.42	0	0	0.46
44800	0.46	0.42	0.42	0	0	0.46
44900	0.46	0.4	0.4	0	0	0.46
45000	0.46	0.4	0.4	0	0	0.46
45100	0.46	0.42	0.42	0	0	0.46
45200	0.46	0.42	0.42	0	0	0.46
45300	0.48	0.42	0.42	0	0	0.48
45400	0.46	0.42	0.42	0	0	0.46
45500	0.46	0.42	0.42	0	0	0.46
45600	0.46	0.4	0.4	0	0	0.46
45700	0.46	0.4	0.4	0	0	0.46
45800	0.46	0.4	0.4	0	0	0.46
45900	0.46	0.4	0.4	0	0	0.46
46000	0.46	0.4	0.4	0	0	0.46
46100	0.46	0.4	0.4	0	0	0.46
46200	0.46	0.4	0.4	0	0	0.46
46300	0.46	0.42	0.42	0	0	0.46
46400	0.46	0.42	0.42	0	0	0.46
46500	0.46	0.42	0.42	0	0	0.46
46600	0.46	0.42	0.42	0	0	0.46
46700	0.46	0.4	0.4	0	0	0.46
46800	0.46	0.4	0.4	0	0	0.46
46900	0.46	0.4	0.4	0	0	0.46
47000	0.46	0.4	0.4	0	0	0.46
47100	0.46	0.4	0.4	0	0	0.46
47200	0.46	0.4	0.4	0	0	0.46
47300	0.46	0.4	0.4	0	0	0.46
47400	0.46	0.4	0.4	0	0	0.46
47500	0.46	0.4	0.4	0	0	0.46
47600	0.46	0.4	0.4	0	0	0.46
47700	0.46	0.4	0.4	0	0	0.46
47800	0.46	0.4	0.4	0	0	0.46
47900	0.46	0.4	0.4	0	0	0.46
48000	0.46	0.42	0.42	0	0	0.46
48100	0.46	0.42	0.42	0	0	0.46
48200	0.46	0.42	0.42	0	0	0.46
48300	0.46	0.42	0.42	0	0	0.46
48400	0.46	0.42	0.42	0	0	0.46
48500	0.46	0.42	0.42	0	0	0.46
48600	0.46	0.42	0.42	0	0	0.46
48700	0.46	0.42	0.42	0	0	0.46
48800	0.46	0.4	0.4	0	0	0.46
48900	0.46	0.4	0.4	0	0	0.46
49000	0.46	0.4	0.4	0	0	0.46
49100	0.46	0.4	0.4	0	0	0.46
49200	0.46	0.4	0.4	0	0	0.46
49300	0.46	0.4	0.4	0	0	0.46
49400	0.46	0.4	0.4	0	0	0.46
49500	0.44	0.4	0.4	0	0	0.44
49600	0.44	0.4	0.4	0	0	0.44
49700	0.44	0.4	0.4	0	0	0.44
49800	0.44	0.4	0.4	0	0	0.44
49900	0.44	0.4	0.4	0	0	0.44
50000	0.46	0.4	0.4	0	0	0.46
50100	0.46	0.4	0.4	0	0	0.46
50200	0.46	0.4	0.4	0	0	0.46
50300	0.44	0.4	0.4	0	0	0.44
50400	0.44	0.4	0.4	0	0	0.44
50500	0.44	0.4	0.4	0	0	0.44
50600	0.44	0.42	0.42	0	0	0.44
50700	0.44	0.42	0.42	0	0	0.44
50800	0.44	0.42	0.42	0	0	0.44
50900	0.44	0.42	0.42	0	0	0.44
51000	0.44	0.42	0.42	0	0	0.44
51100	0.44	0.42	0.42	0	0	0.44
51200	0.44	0.42	0.42	0	0	0.44
51300	0.44	0.42	0.42	0	0	0.44
51400	0.44	0.42	0.42	0	0	0.44
51500	0.44	0.42	0.42	0	0	0.44
51600	0.44	0.44	0.44	0	0	0.44
51700	0.44	0.44	0.44	0	0	0.44
51800	0.44	0.44	0.44	0	0	0.44
51900	0.44	0.44	0.44	0	0	0.44
52000	0.44	0.44	0.44	0	0	0.44
52100	0.44	0.44	0.44	0	0	0.44
52200	0.44	0.44	0.44	0	0	0.44
52300	0.46	0.44	0.44	0	0	0.46
52400	0.44	0.44	0.44	0	0	0.44
52500	0.42	0.44	0.44	0	0	0.42
52600	0.42	0.44	0.44	0	0	0.42
52700	0.42	0.46	0.46	0	0	0.42
52800	0.42	0.46	0.46	0	0	0.42
52900	0.42	0.46	0.46	0	0	0.42
53000	0.42	0.46	0.46	0	0	0.42
53100	0.42	0.46	0.46	0	0	0.42
53200	0.42	0.46	0.46	0	0	0.42
53300	0.42	0.46	0.46	0	0	0.42
53400	0.42	0.46	0.46	0	0	0.42
53500	0.44	0.46	0.46	0	0	0.44
53600	0.44	0.46	0.46	0	0	0.44
53700	0.44	0.46	0.46	0	0	0.44
53800	0.44	0.46	0.46	0	0	0.44
53900	0.44	0.46	0.46	0	0	0.44
54000	0.42	0.46	0.46	0	0	0.42
54100	0.42	0.46	0.46	0	0	0.42
54200	0.42	0.46	0.46	0	0	0.42
54300	0.42	0.46	0.46	0	0	0.42
54400	0.42	0.44	0.44	0	0	0.42
54500	0.42	0.44	0.44	0	0	0.42
54600	0.44	0.44	0.44	0	0	0.44
54700	0.44	0.44	0.44	0	0	0.44
54800	0.44	0.44	0.44	0	0	0.44
54900	0.44	0.44	0.44	0	0	0.44
55000	0.44	0.44	0.44	0	0	0.44
55100	0.44	0.44	0.44	0	0	0.44
55200	0.44	0.46	0.46	0	0	0.44
55300	0.44	0.44	0.44	0	0	0.44
55400	0.44	0.44	0.44	0	0	0.44
55500	0.44	0.44	0.44	0	0	0.44
55600	0.44	0.44	0.44	0	0	0.44
55700	0.44	0.44	0.44	0	0	0.44
55800	0.44	0.46	0.46	0	0	0.44
55900	0.44	0.46	0.46	0	0	0.44
56000	0.44	0.46	0.46	0	0	0.44
56100	0.44	0.46	0.46	0	0	0.44
56200	0.44	0.48	0.48	0	0	0.44
56300	0.44	0.46	0.46	0	0	0.44
56400	0.44	0.46	0.46	0	0	0.44
56500	0.44	0.46	0.46	0	0	0.44
56600	0.44	0.46	0.46	0	0	0.44
56700	0.44	0.46	0.46	0	0	0.44
56800	0.44	0.46	0.46	0	0	0.44
56900	0.44	0.46	0.46	0	0	0.44
57000	0.44	0.46	0.46	0	0	0.44
57100	0.44	0.46	0.46	0	0	0.44
57200	0.44	0.46	0.46	0	0	0.44
57300	0.44	0.46	0.46	0	0	0.44
57400	0.44	0.46	0.46	0	0	0.44
57500	0.44	0.46	0.46	0	0	0.44
57600	0.44	0.46	0.46	0	0	0.44
57700	0.44	0.46	0.46	0	0	0.44
57800	0.44	0.46	0.46	0	0	0.44
57900	0.44	0.46	0.46	0	0	0.44
58000	0.44	0.46	0.46	0	0	0.44
58100	0.44	0.46	0.46	0	0	0.44
58200	0.44	0.46	0.46	0	0	0.44
58300	0.42	0.46	0.46	0	0	0.42
58400	0.42	0.46	0.46	0	0	0.42
58500	0.42	0.46	0.46	0	0	0.42
58600	0.42	0.46	0.46	0	0	0.42
58700	0.42	0.46	0.46	0	0	0.42
58800	0.42	0.46	0.46	0	0	0.42
58900	0.44	0.46	0.46	0	0	0.44
59000	0.44	0.46	0.46	0	0	0.44
59100	0.44	0.46	0.46	0	0	0.44
59200	0.44	0.46	0.46	0	0	0.44
59300	0.44	0.46	0.46	0	0	0.44
59400	0.44	0.46	0.46	0	0	0.44
59500	0.44	0.46	0.46	0	0	0.44
59600	0.42	0.46	0.46	0	0	0.42
59700	0.42	0.46	0.46	0	0	0.42
59800	0.42	0.44	0.44	0	0	0.42
59900	0.42	0.44	0.44	0	0	0.42
60000	0.42	0.44	0.44	0	0	0.42
60100	0.42	0.44	0.44	0	0	0.42
60200	0.42	0.44	0.44	0	0	0.42
60300	0.42	0.44	0.44	0	0	0.42
60400	0.42	0.44	0.44	0	0	0.42
60500	0.42	0.44	0.44	0	0	0.42
60600	0.42	0.44	0.44	0	0	0.42
60700	0.42	0.44	0.44	0	0	0.42
60800	0.4	0.44	0.44	0	0	0.4
60900	0.4	0.46	0.46	0	0	0.4
61000	0.4	0.46	0.46	0	0	0.4
61100	0.4	0.46	0.46	0	0	0.4
61200	0.4	0.46	0.46	0	0	0.4
61300	0.4	0.46	0.46	0	0	0.4
61400	0.4	0.46	0.46	0	0	0.4
61500	0.4	0.46	0.46	0	0	0.4
61600	0.4	0.44	0.44	0	0	0.4
61700	0.4	0.44	0.44	0	0	0.4
61800	0.4	0.44	0.44	0	0	0.4
61900	0.4	0.44	0.44	0	0	0.4
62000	0.4	0.44	0.44	0	0	0.4
62100	0.4	0.44	0.44	0	0	0.4
62200	0.4	0.44	0.44	0	0	0.4
62300	0.4	0.46	0.46	0	0	0.4
62400	0.4	0.46	0.46	0	0	0.4
62500	0.42	0.44	0.44	0	0	0.42
62600	0.42	0.44	0.44	0	0	0.42
62700	0.4	0.44	0.44	0	0	0.4
62800	0.4	0.44	0.44	0	0	0.4
62900	0.4	0.44	0.44	0	0	0.4
63000	0.4	0.44	0.44	0	0	0.4
63100	0.4	0.44	0.44	0	0	0.4
63200	0.4	0.44	0.44	0	0	0.4
63300	0.4	0.44	0.44	0	0	0.4
63400	0.4	0.44	0.44	0	0	0.4
63500	0.4	0.44	0.44	0	0	0.4
63600	0.4	0.44	0.44	0	0	0.4
63700	0.4	0.44	0.44	0	0	0.4
63800	0.4	0.44	0.44	0	0	0.4
63900	0.4	0.44	0.44	0	0	0.4
64000	0.4	0.44	0.44	0	0	0.4
64100	0.4	0.44	0.44	0	0	0.4
64200	0.4	0.44	0.44	0	0	0.4
64300	0.38	0.44	0.44	0	0	0.38
64400	0.38	0.44	0.44	0	0	0.38
64500	0.38	0.44	0.44	0	0	0.38
64600	0.38	0.44	0.44	0	0	0.38
64700	0.4	0.44	0.44	0	0	0.4
64800	0.4	0.44	0.44	0	0	0.4
64900	0.4	0.44	0.44	0	0	0.4
65000	0.4	0.44	0.44	0	0	0.4
65100	0.4	0.44	0.44	0	0	0.4
65200	0.42	0.44	0.44	0	0	0.42
65300	0.42	0.44	0.44	0	0	0.42
65400	0.42	0.44	0.44	0	0	0.42
65500	0.42	0.46	0.46	0	0	0.42
65600	0.42	0.46	0.46	0	0	0.42
65700	0.42	0.46	0.46	0	0	0.42
65800	0.42	0.46	0.46	0	0	0.42
65900	0.42	0.46	0.46	0	0	0.42
66000	0.42	0.46	0.46	0	0	0.42
66100	0.42	0.46	0.46	0	0	0.42
66200	0.42	0.48	0.48	0	0	0.42
66300	0.42	0.48	0.48	0	0	0.42
66400	0.42	0.48	0.48	0	0	0.42
66500	0.42	0.48	0.48	0	0	0.42
66600	0.42	0.48	0.48	0	0	0.42
66700	0.42	0.48	0.48	0	0	0.42
66800	0.42	0.48	0.48	0	0	0.42
66900	0.42	0.48	0.48	0	0	0.42
67000	0.42	0.48	0.48	0	0	0.42
67100	0.42	0.5	0.5	0	0	0.42
67200	0.42	0.5	0.5	0	0	0.42
67300	0.42	0.5	0.5	0	0	0.42
67400	0.42	0.5	0.5	0	0	0.42
67500	0.42	0.5	0.5	0	0	0.42
67600	0.42	0.5	0.5	0	0	0.42
67700	0.42	0.5	0.5	0	0	0.42
67800	0.42	0.5	0.5	0	0	0.42
67900	0.42	0.5	0.5	0	0	0.42
68000	0.42	0.5	0.5	0	0	0.42
68100	0.42	0.48	0.48	0	0	0.42
68200	0.42	0.48	0.48	0	0	0.42
68300	0.42	0.48	0.48	0	0	0.42
68400	0.42	0.48	0.48	0	0	0.42
68500	0.44	0.48	0.48	0	0	0.44
68600	0.44	0.48	0.48	0	0	0.44
68700	0.44	0.46	0.46	0	0	0.44
68800	0.44	0.46	0.46	0	0	0.44
68900	0.44	0.46	0.46	0	0	0.44
69000	0.44	0.46	0.46	0	0	0.44
69100	0.44	0.46	0.46	0	0	0.44
69200	0.44	0.46	0.46	0	0	0.44
69300	0.44	0.46	0.46	0	0	0.44
69400	0.46	0.46	0.46	0	0	0.46
69500	0.44	0.46	0.46	0	0	0.44
69600	0.44	0.46	0.46	0	0	0.44
69700	0.44	0.46	0.46	0	0	0.44
69800	0.44	0.46	0.46	0	0	0.44
69900	0.44	0.46	0.46	0	0	0.44
70000	0.44	0.46	0.46	0	0	0.44
70100	0.44	0.46	0.46	0	0	0.44
70200	0.44	0.46	0.46	0	0	0.44
70300	0.44	0.46	0.46	0	0	0.44
70400	0.44	0.46	0.46	0	0	0.44
70500	0.44	0.46	0.46	0	0	0.44
70600	0.44	0.46	0.46	0	0	0.44
70700	0.46	0.46	0.46	0	0	0.46
70800	0.48	0.46	0.46	0	0	0.48
70900	0.48	0.46	0.46	0	0	0.48
71000	0.48	0.46	0.46	0	0	0.48
71100	0.46	0.46	0.46	0	0	0.46
71200	0.46	0.46	0.46	0	0	0.46
71300	0.46	0.46	0.46	0	0	0.46
71400	0.46	0.46	0.46	0	0	0.46
71500	0.46	0.46	0.46	0	0	0.46
71600	0.46	0.46	0.46	0	0	0.46
71700	0.46	0.46	0.46	0	0	0.46
71800	0.46	0.46	0.46	0	0	0.46
71900	0.46	0.44	0.44	0	0	0.46
72000	0.46	0.44	0.44	0	0	0.46
72100	0.46	0.44	0.44	0	0	0.46
72200	0.46	0.44	0.44	0	0	0.46
72300	0.46	0.44	0.44	0	0	0.46
72400	0.44	0.44	0.44	0	0	0.44
72500	0.44	0.44	0.44	0	0	0.44
72600	0.44	0.46	0.46	0	0	0.44
72700	0.44	0.46	0.46	0	0	0.44
72800	0.44	0.46	0.46	0	0	0.44
72900	0.44	0.46	0.46	0	0	0.44
73000	0.44	0.46	0.46	0	0	0.44
73100	0.44	0.46	0.46	0	0	0.44
73200	0.44	0.46	0.46	0	0	0.44
73300	0.44	0.44	0.44	0	0	0.44
73400	0.44	0.44	0.44	0	0	0.44
73500	0.44	0.44	0.44	0	0	0.44
73600	0.44	0.44	0.44	0	0	0.44
73700	0.44	0.44	0.44	0	0	0.44
73800	0.44	0.44	0.44	0	0	0.44
73900	0.46	0.44	0.44	0	0	0.46
74000	0.46	0.44	0.44	0	0	0.46
74100	0.46	0.44	0.44	0	0	0.46
74200	0.46	0.44	0.44	0	0	0.46
74300	0.46	0.44	0.44	0	0	0.46
74400	0.46	0.44	0.44	0	0	0.46
74500	0.46	0.44	0.44	0	0	0.46
74600	0.46	0.44	0.44	0	0	0.46
74700	0.46	0.44	0.44	0	0	0.46
74800	0.46	0.44	0.44	0	0	0.46
74900	0.46	0.44	0.44	0	0	0.46
75000	0.46	0.44	0.44	0	0	0.46
75100	0.46	0.44	0.44	0	0	0.46
75200	0.46	0.44	0.44	0	0	0.46
75300	0.46	0.44	0.44	0	0	0.46
75400	0.46	0.44	0.44	0	0	0.46
75500	0.46	0.44	0.44	0	0	0.46
75600	0.46	0.44	0.44	0	0	0.46
75700	0.46	0.44	0.44	0	0	0.46
75800	0.46	0.44	0.44	0	0	0.46
75900	0.46	0.44	0.44	0	0	0.46
76000	0.46	0.44	0.44	0	0	0.46
76100	0.46	0.46	0.46	0	0	0.46
76200	0.46	0.46	0.46	0	0	0.46
76300	0.46	0.46	0.46	0	0	0.46
76400	0.46	0.46	0.46	0	0	0.46
76500	0.46	0.46	0.46	0	0	0.46
76600	0.46	0.46	0.46	0	0	0.46
76700	0.46	0.46	0.46	0	0	0.46
76800	0.46	0.46	0.46	0	0	0.46
76900	0.46	0.46	0.46	0	0	0.46
77000	0.46	0.46	0.46	0	0	0.46
77100	0.46	0.46	0.46	0	0	0.46
77200	0.46	0.46	0.46	0	0	0.46
77300	0.46	0.46	0.46	0	0	0.46
77400	0.46	0.46	0.46	0	0	0.46
77500	0.46	0.46	0.46	0	0	0.46
77600	0.46	0.46	0.46	0	0	0.46
77700	0.46	0.46	0.46	0	0	0.46
77800	0.46	0.46	0.46	0	0	0.46
77900	0.46	0.46	0.46	0	0	0.46
78000	0.46	0.46	0.46	0	0	0.46
78100	0.46	0.46	0.46	0	0	0.46
78200	0.46	0.46	0.46	0	0	0.46
78300	0.46	0.46	0.46	0	0	0.46
78400	0.46	0.46	0.46	0	0	0.46
78500	0.46	0.46	0.46	0	0	0.46
78600	0.46	0.46	0.46	0	0	0.46
78700	0.46	0.46	0.46	0	0	0.46
78800	0.46	0.46	0.46	0	0	0.46
78900	0.46	0.46	0.46	0	0	0.46
79000	0.46	0.46	0.46	0	0	0.46
79100	0.46	0.46	0.46	0	0	0.46
79200	0.46	0.46	0.46	0	0	0.46
79300	0.46	0.46	0.46	0	0	0.46
79400	0.46	0.46	0.46	0	0	0.46
79500	0.46	0.46	0.46	0	0	0.46
79600	0.46	0.46	0.46	0	0	0.46
79700	0.46	0.46	0.46	0	0	0.46
79800	0.46	0.46	0.46	0	0	0.46
79900	0.46	0.46	0.46	0	0	0.46
80000	0.46	0.46	0.46	0	0	0.46
80100	0.46	0.46	0.46	0	0	0.46
80200	0.46	0.44	0.44	0	0	0.46
80300	0.46	0.44	0.44	0	0	0.46
80400	0.46	0.44	0.44	0	0	0.46
80500	0.46	0.44	0.44	0	0	0.46
80600	0.46	0.44	0.44	0	0	0.46
80700	0.46	0.44	0.44	0	0	0.46
80800	0.46	0.44	0.44	0	0	0.46
80900	0.44	0.44	0.44	0	0	0.44
81000	0.44	0.44	0.44	0	0	0.44
81100	0.44	0.44	0.44	0	0	0.44
81200	0.44	0.44	0.44	0	0	0.44
81300	0.44	0.44	0.44	0	0	0.44
81400	0.44	0.44	0.44	0	0	0.44
81500	0.46	0.44	0.44	0	0	0.46
81600	0.46	0.44	0.44	0	0	0.46
81700	0.44	0.44	0.44	0	0	0.44
81800	0.44	0.44	0.44	0	0	0.44
81900	0.44	0.44	0.44	0	0	0.44
82000	0.44	0.44	0.44	0	0	0.44
82100	0.44	0.44	0.44	0	0	0.44
82200	0.44	0.44	0.44	0	0	0.44
82300	0.44	0.44	0.44	0	0	0.44
82400	0.44	0.44	0.44	0	0	0.44
82500	0.44	0.44	0.44	0	0	0.44
82600	0.44	0.44	0.44	0	0	0.44
82700	0.44	0.44	0.44	0	0	0.44
82800	0.44	0.42	0.42	0	0	0.44
82900	0.44	0.42	0.42	0	0	0.44
83000	0.44	0.44	0.44	0	0	0.44
83100	0.42	0.44	0.44	0	0	0.42
83200	0.42	0.44	0.44	0	0	0.42
83300	0.42	0.44	0.44	0	0	0.42
83400	0.42	0.44	0.44	0	0	0.42
83500	0.42	0.44	0.44	0	0	0.42
83600	0.42	0.44	0.44	0	0	0.42
83700	0.42	0.44	0.44	0	0	0.42
83800	0.4	0.44	0.44	0	0	0.4
83900	0.4	0.44	0.44	0	0	0.4
84000	0.4	0.44	0.44	0	0	0.4
84100	0.4	0.44	0.44	0	0	0.4
84200	0.4	0.44	0.44	0	0	0.4
84300	0.4	0.44	0.44	0	0	0.4
84400	0.4	0.44	0.44	0	0	0.4
84500	0.4	0.44	0.44	0	0	0.4
84600	0.4	0.44	0.44	0	0	0.4
84700	0.4	0.44	0.44	0	0	0.4
84800	0.4	0.44	0.44	0	0	0.4
84900	0.4	0.44	0.44	0	0	0.4
85000	0.4	0.44	0.44	0	0	0.4
85100	0.4	0.44	0.44	0	0	0.4
85200	0.4	0.44	0.44	0	0	0.4
85300	0.4	0.44	0.44	0	0	0.4
85400	0.4	0.44	0.44	0	0	0.4
85500	0.4	0.44	0.44	0	0	0.4
85600	0.4	0.44	0.44	0	0	0.4
85700	0.4	0.44	0.44	0	0	0.4
85800	0.4	0.44	0.44	0	0	0.4
85900	0.4	0.44	0.44	0	0	0.4
86000	0.4	0.44	0.44	0	0	0.4
86100	0.4	0.44	0.44	0	0	0.4
86200	0.4	0.44	0.44	0	0	0.4
86300	0.38	0.44	0.44	0	0	0.38
86400	0.38	0.44	0.44	0	0	0.38
86500	0.4	0.44	0.44	0	0	0.4
86600	0.4	0.44	0.44	0	0	0.4
86700	0.4	0.44	0.44	0	0	0.4
86800	0.4	0.44	0.44	0	0	0.4
86900	0.4	0.44	0.44	0	0	0.4
87000	0.4	0.44	0.44	0	0	0.4
87100	0.4	0.44	0.44	0	0	0.4
87200	0.4	0.44	0.44	0	0	0.4
87300	0.4	0.44	0.44	0	0	0.4
87400	0.4	0.44	0.44	0	0	0.4
87500	0.4	0.44	0.44	0	0	0.4
87600	0.4	0.44	0.44	0	0	0.4
87700	0.4	0.46	0.46	0	0	0.4
87800	0.4	0.46	0.46	0	0	0.4
87900	0.4	0.46	0.46	0	0	0.4
88000	0.4	0.46	0.46	0	0	0.4
88100	0.4	0.44	0.44	0	0	0.4
88200	0.4	0.44	0.44	0	0	0.4
88300	0.4	0.44	0.44	0	0	0.4
88400	0.4	0.44	0.44	0	0	0.4
88500	0.4	0.44	0.44	0	0	0.4
88600	0.4	0.44	0.44	0	0	0.4
88700	0.4	0.44	0.44	0	0	0.4
88800	0.4	0.44	0.44	0	0	0.4
88900	0.4	0.44	0.44	0	0	0.4
89000	0.4	0.44	0.44	0	0	0.4
89100	0.4	0.44	0.44	0	0	0.4
89200	0.4	0.44	0.44	0	0	0.4
89300	0.4	0.44	0.44	0	0	0.4
89400	0.4	0.44	0.44	0	0	0.4
89500	0.4	0.44	0.44	0	0	0.4
89600	0.4	0.44	0.44	0	0	0.4
89700	0.38	0.44	0.44	0	0	0.38
89800	0.38	0.44	0.44	0	0	0.38
89900	0.38	0.44	0.44	0	0	0.38
90000	0.38	0.44	0.44	0	0	0.38
90100	0.38	0.46	0.46	0	0	0.38
90200	0.38	0.46	0.46	0	0	0.38
90300	0.38	0.46	0.46	0	0	0.38
90400	0.38	0.46	0.46	0	0	0.38
90500	0.38	0.46	0.46	0	0	0.38
90600	0.38	0.46	0.46	0	0	0.38
90700	0.38	0.46	0.46	0	0	0.38
90800	0.38	0.46	0.46	0	0	0.38
90900	0.38	0.46	0.46	0	0	0.38
91000	0.38	0.46	0.46	0	0	0.38
91100	0.38	0.46	0.46	0	0	0.38
91200	0.38	0.46	0.46	0	0	0.38
91300	0.38	0.46	0.46	0	0	0.38
91400	0.38	0.44	0.44	0	0	0.38
91500	0.4	0.44	0.44	0	0	0.4
91600	0.4	0.44	0.44	0	0	0.4
91700	0.4	0.44	0.44	0	0	0.4
91800	0.4	0.44	0.44	0	0	0.4
91900	0.4	0.44	0.44	0	0	0.4
92000	0.42	0.44	0.44	0	0	0.42
92100	0.42	0.44	0.44	0	0	0.42
92200	0.42	0.44	0.44	0	0	0.42
92300	0.42	0.44	0.44	0	0	0.42
92400	0.42	0.44	0.44	0	0	0.42
92500	0.42	0.44	0.44	0	0	0.42
92600	0.44	0.42	0.42	0	0	0.44
92700	0.44	0.42	0.42	0	0	0.44
92800	0.44	0.42	0.42	0	0	0.44
92900	0.44	0.42	0.42	0	0	0.44
93000	0.44	0.42	0.42	0	0	0.44
93100	0.44	0.42	0.42	0	0	0.44
93200	0.44	0.42	0.42	0	0	0.44
93300	0.46	0.42	0.42	0	0	0.46
93400	0.46	0.42	0.42	0	0	0.46
93500	0.46	0.42	0.42	0	0	0.46
93600	0.46	0.42	0.42	0	0	0.46
93700	0.46	0.42	0.42	0	0	0.46
93800	0.46	0.42	0.42	0	0	0.46
93900	0.46	0.42	0.42	0	0	0.46
94000	0.46	0.42	0.42	0	0	0.46
94100	0.46	0.42	0.42	0	0	0.46
94200	0.46	0.42	0.42	0	0	0.46
94300	0.46	0.42	0.42	0	0	0.46
94400	0.46	0.42	0.42	0	0	0.46
94500	0.46	0.42	0.42	0	0	0.46
94600	0.46	0.42	0.42	0	0	0.46
94700	0.46	0.42	0.42	0	0	0.46
94800	0.46	0.42	0.42	0	0	0.46
94900	0.46	0.42	0.42	0	0	0.46
95000	0.46	0.42	0.42	0	0	0.46
95100	0.46	0.42	0.42	0	0	0.46
95200	0.46	0.42	0.42	0	0	0.46
95300	0.46	0.42	0.42	0	0	0.46
95400	0.46	0.4	0.4	0	0	0.46
95500	0.46	0.4	0.4	0	0	0.46
95600	0.46	0.4	0.4	0	0	0.46
95700	0.46	0.4	0.4	0	0	0.46
95800	0.46	0.4	0.4	0	0	0.46
95900	0.46	0.4	0.4	0	0	0.46
96000	0.46	0.4	0.4	0	0	0.46
96100	0.46	0.42	0.42	0	0	0.46
96200	0.46	0.42	0.42	0	0	0.46
96300	0.46	0.42	0.42	0	0	0.46
96400	0.46	0.42	0.42	0	0	0.46
96500	0.46	0.42	0.42	0	0	0.46
96600	0.46	0.42	0.42	0	0	0.46
96700	0.46	0.42	0.42	0	0	0.46
96800	0.46	0.42	0.42	0	0	0.46
96900	0.46	0.42	0.42	0	0	0.46
97000	0.46	0.42	0.42	0	0	0.46
97100	0.46	0.42	0.42	0	0	0.46
97200	0.46	0.42	0.42	0	0	0.46
97300	0.46	0.42	0.42	0	0	0.46
97400	0.46	0.42	0.42	0	0	0.46
97500	0.46	0.42	0.42	0	0	0.46
97600	0.46	0.42	0.42	0	0	0.46
97700	0.46	0.42	0.42	0	0	0.46
97800	0.46	0.42	0.42	0	0	0.46
97900	0.46	0.42	0.42	0	0	0.46
98000	0.46	0.42	0.42	0	0	0.46
98100	0.46	0.42	0.42	0	0	0.46
98200	0.46	0.42	0.42	0	0	0.46
98300	0.46	0.44	0.44	0	0	0.46
98400	0.46	0.44	0.44	0	0	0.46
98500	0.46	0.44	0.44	0	0	0.46
98600	0.46	0.44	0.44	0	0	0.46
98700	0.46	0.44	0.44	0	0	0.46
98800	0.46	0.44	0.44	0	0	0.46
98900	0.46	0.44	0.44	0	0	0.46
99000	0.46	0.44	0.44	0	0	0.46
99100	0.46	0.46	0.46	0	0	0.46
99200	0.46	0.46	0.46	0	0	0.46
99300	0.46	0.46	0.46	0	0	0.46
99400	0.46	0.46	0.46	0	0	0.46
99500	0.46	0.46	0.46	0	0	0.46
99600	0.46	0.46	0.46	0	0	0.46
99700	0.46	0.46	0.46	0	0	0.46
99800	0.46	0.46	0.46	0	0	0.46
99900	0.46	0.46	0.46	0	0	0.46
100000	0.46	0.46	0.46	0	0	0.46
