100	0.04	0.08	0.08	0	0	0.04
200	0.08	0.12	0.12	0	0	0.08
300	0.16	0.14	0.14	0	0	0.16
400	0.16	0.2	0.2	0	0	0.16
500	0.16	0.18	0.18	0	0	0.16
600	0.18	0.18	0.18	0	0	0.18
700	0.2	0.18	0.18	0	0	0.2
800	0.24	0.22	0.22	0	0	0.24
900	0.24	0.24	0.24	0	0	0.24
1000	0.24	0.26	0.26	0	0	0.24
1100	0.26	0.26	0.26	0	0	0.26
1200	0.3	0.24	0.24	0	0	0.3
1300	0.32	0.24	0.24	0	0	0.32
1400	0.32	0.24	0.24	0	0	0.32
1500	0.3	0.24	0.24	0	0	0.3
1600	0.32	0.24	0.24	0	0	0.32
1700	0.34	0.24	0.24	0	0	0.34
1800	0.38	0.26	0.26	0	0	0.38
1900	0.36	0.26	0.26	0	0	0.36
2000	0.36	0.26	0.26	0	0	0.36
2100	0.36	0.26	0.26	0	0	0.36
2200	0.36	0.26	0.26	0	0	0.36
2300	0.34	0.26	0.26	0	0	0.34
2400	0.32	0.26	0.26	0	0	0.32
2500	0.36	0.24	0.24	0	0	0.36
2600	0.36	0.24	0.24	0	0	0.36
2700	0.38	0.3	0.3	0	0	0.38
2800	0.38	0.3	0.3	0	0	0.38
2900	0.38	0.3	0.3	0	0	0.38
3000	0.38	0.32	0.32	0	0	0.38
3100	0.38	0.36	0.36	0	0	0.38
3200	0.38	0.36	0.36	0	0	0.38
3300	0.38	0.36	0.36	0	0	0.38
3400	0.38	0.36	0.36	0	0	0.38
3500	0.38	0.36	0.36	0	0	0.38
3600	0.4	0.38	0.38	0	0	0.4
3700	0.38	0.36	0.36	0	0	0.38
3800	0.4	0.36	0.36	0	0	0.4
3900	0.38	0.38	0.38	0	0	0.38
4000	0.38	0.36	0.36	0	0	0.38
4100	0.36	0.34	0.34	0	0	0.36
4200	0.38	0.34	0.34	0	0	0.38
4300	0.38	0.34	0.34	0	0	0.38
4400	0.36	0.36	0.36	0	0	0.36
4500	0.36	0.36	0.36	0	0	0.36
4600	0.36	0.38	0.38	0	0	0.36
4700	0.36	0.38	0.38	0	0	0.36
4800	0.36	0.36	0.36	0	0	0.36
4900	0.36	0.36	0.36	0	0	0.36
5000	0.36	0.36	0.36	0	0	0.36
5100	0.36	0.36	0.36	0	0	0.36
5200	0.34	0.36	0.36	0	0	0.34
5300	0.34	0.38	0.38	0	0	0.34
5400	0.34	0.38	0.38	0	0	0.34
5500	0.36	0.4	0.4	0	0	0.36
5600	0.36	0.42	0.42	0	0	0.36
5700	0.36	0.42	0.42	0	0	0.36
5800	0.36	0.44	0.44	0	0	0.36
5900	0.36	0.44	0.44	0	0	0.36
6000	0.36	0.42	0.42	0	0	0.36
6100	0.36	0.42	0.42	0	0	0.36
6200	0.36	0.42	0.42	0	0	0.36
6300	0.36	0.42	0.42	0	0	0.36
6400	0.36	0.4	0.4	0	0	0.36
6500	0.36	0.38	0.38	0	0	0.36
6600	0.36	0.38	0.38	0	0	0.36
6700	0.36	0.38	0.38	0	0	0.36
6800	0.36	0.38	0.38	0	0	0.36
6900	0.36	0.38	0.38	0	0	0.36
7000	0.36	0.38	0.38	0	0	0.36
7100	0.36	0.38	0.38	0	0	0.36
7200	0.36	0.38	0.38	0	0	0.36
7300	0.36	0.38	0.38	0	0	0.36
7400	0.36	0.38	0.38	0	0	0.36
7500	0.36	0.38	0.38	0	0	0.36
7600	0.36	0.38	0.38	0	0	0.36
7700	0.36	0.38	0.38	0	0	0.36
7800	0.4	0.4	0.4	0	0	0.4
7900	0.42	0.4	0.4	0	0	0.42
8000	0.42	0.4	0.4	0	0	0.42
8100	0.42	0.4	0.4	0	0	0.42
8200	0.44	0.42	0.42	0	0	0.44
8300	0.44	0.42	0.42	0	0	0.44
8400	0.44	0.42	0.42	0	0	0.44
8500	0.44	0.42	0.42	0	0	0.44
8600	0.44	0.42	0.42	0	0	0.44
8700	0.44	0.42	0.42	0	0	0.44
8800	0.42	0.42	0.42	0	0	0.42
8900	0.42	0.42	0.42	0	0	0.42
9000	0.42	0.42	0.42	0	0	0.42
9100	0.44	0.4	0.4	0	0	0.44
9200	0.44	0.38	0.38	0	0	0.44
9300	0.44	0.38	0.38	0	0	0.44
9400	0.44	0.38	0.38	0	0	0.44
9500	0.46	0.38	0.38	0	0	0.46
9600	0.46	0.38	0.38	0	0	0.46
9700	0.46	0.38	0.38	0	0	0.46
9800	0.46	0.38	0.38	0	0	0.46
9900	0.46	0.38	0.38	0	0	0.46
10000	0.46	0.38	0.38	0	0	0.46
10100	0.46	0.38	0.38	0	0	0.46
10200	0.46	0.36	0.36	0	0	0.46
10300	0.46	0.36	0.36	0	0	0.46
10400	0.46	0.38	0.38	0	0	0.46
10500	0.46	0.38	0.38	0	0	0.46
10600	0.46	0.38	0.38	0	0	0.46
10700	0.46	0.38	0.38	0	0	0.46
10800	0.46	0.38	0.38	0	0	0.46
10900	0.46	0.38	0.38	0	0	0.46
11000	0.46	0.4	0.4	0	0	0.46
11100	0.46	0.4	0.4	0	0	0.46
11200	0.44	0.38	0.38	0	0	0.44
11300	0.44	0.38	0.38	0	0	0.44
11400	0.44	0.38	0.38	0	0	0.44
11500	0.44	0.38	0.38	0	0	0.44
11600	0.44	0.38	0.38	0	0	0.44
11700	0.46	0.38	0.38	0	0	0.46
11800	0.46	0.38	0.38	0	0	0.46
11900	0.48	0.4	0.4	0	0	0.48
12000	0.48	0.4	0.4	0	0	0.48
12100	0.48	0.4	0.4	0	0	0.48
12200	0.48	0.42	0.42	0	0	0.48
12300	0.48	0.42	0.42	0	0	0.48
12400	0.48	0.42	0.42	0	0	0.48
12500	0.5	0.42	0.42	0	0	0.5
12600	0.5	0.42	0.42	0	0	0.5
12700	0.5	0.42	0.42	0	0	0.5
12800	0.5	0.42	0.42	0	0	0.5
12900	0.5	0.42	0.42	0	0	0.5
13000	0.5	0.42	0.42	0	0	0.5
13100	0.5	0.42	0.42	0	0	0.5
13200	0.5	0.42	0.42	0	0	0.5
13300	0.5	0.42	0.42	0	0	0.5
13400	0.5	0.44	0.44	0	0	0.5
13500	0.5	0.44	0.44	0	0	0.5
13600	0.5	0.44	0.44	0	0	0.5
13700	0.5	0.46	0.46	0	0	0.5
13800	0.5	0.46	0.46	0	0	0.5
13900	0.5	0.46	0.46	0	0	0.5
14000	0.48	0.46	0.46	0	0	0.48
14100	0.48	0.46	0.46	0	0	0.48
14200	0.48	0.46	0.46	0	0	0.48
14300	0.48	0.46	0.46	0	0	0.48
14400	0.48	0.46	0.46	0	0	0.48
14500	0.48	0.46	0.46	0	0	0.48
14600	0.48	0.46	0.46	0	0	0.48
14700	0.48	0.46	0.46	0	0	0.48
14800	0.48	0.42	0.42	0	0	0.48
14900	0.48	0.42	0.42	0	0	0.48
15000	0.48	0.42	0.42	0	0	0.48
15100	0.48	0.42	0.42	0	0	0.48
15200	0.48	0.42	0.42	0	0	0.48
15300	0.48	0.44	0.44	0	0	0.48
15400	0.48	0.44	0.44	0	0	0.48
15500	0.48	0.44	0.44	0	0	0.48
15600	0.48	0.44	0.44	0	0	0.48
15700	0.48	0.44	0.44	0	0	0.48
15800	0.48	0.44	0.44	0	0	0.48
15900	0.48	0.44	0.44	0	0	0.48
16000	0.48	0.44	0.44	0	0	0.48
16100	0.48	0.44	0.44	0	0	0.48
16200	0.48	0.44	0.44	0	0	0.48
16300	0.5	0.42	0.42	0	0	0.5
16400	0.5	0.42	0.42	0	0	0.5
16500	0.5	0.42	0.42	0	0	0.5
16600	0.5	0.42	0.42	0	0	0.5
16700	0.5	0.42	0.42	0	0	0.5
16800	0.5	0.42	0.42	0	0	0.5
16900	0.5	0.42	0.42	0	0	0.5
17000	0.5	0.42	0.42	0	0	0.5
17100	0.5	0.42	0.42	0	0	0.5
17200	0.5	0.42	0.42	0	0	0.5
17300	0.48	0.42	0.42	0	0	0.48
17400	0.48	0.42	0.42	0	0	0.48
17500	0.48	0.42	0.42	0	0	0.48
17600	0.48	0.42	0.42	0	0	0.48
17700	0.48	0.42	0.42	0	0	0.48
17800	0.48	0.42	0.42	0	0	0.48
17900	0.48	0.42	0.42	0	0	0.48
18000	0.48	0.42	0.42	0	0	0.48
18100	0.48	0.42	0.42	0	0	0.48
18200	0.48	0.42	0.42	0	0	0.48
18300	0.48	0.42	0.42	0	0	0.48
18400	0.48	0.42	0.42	0	0	0.48
18500	0.48	0.42	0.42	0	0	0.48
18600	0.48	0.42	0.42	0	0	0.48
18700	0.46	0.44	0.44	0	0	0.46
18800	0.46	0.44	0.44	0	0	0.46
18900	0.46	0.44	0.44	0	0	0.46
19000	0.48	0.46	0.46	0	0	0.48
19100	0.48	0.46	0.46	0	0	0.48
19200	0.48	0.46	0.46	0	0	0.48
19300	0.48	0.46	0.46	0	0	0.48
19400	0.48	0.46	0.46	0	0	0.48
19500	0.48	0.46	0.46	0	0	0.48
19600	0.48	0.46	0.46	0	0	0.48
19700	0.48	0.46	0.46	0	0	0.48
19800	0.48	0.46	0.46	0	0	0.48
19900	0.48	0.46	0.46	0	0	0.48
20000	0.48	0.46	0.46	0	0	0.48
20100	0.48	0.46	0.46	0	0	0.48
20200	0.48	0.46	0.46	0	0	0.48
20300	0.48	0.48	0.48	0	0	0.48
20400	0.48	0.48	0.48	0	0	0.48
20500	0.48	0.48	0.48	0	0	0.48
20600	0.48	0.48	0.48	0	0	0.48
20700	0.48	0.48	0.48	0	0	0.48
20800	0.48	0.48	0.48	0	0	0.48
20900	0.48	0.48	0.48	0	0	0.48
21000	0.48	0.48	0.48	0	0	0.48
21100	0.48	0.48	0.48	0	0	0.48
21200	0.48	0.48	0.48	0	0	0.48
21300	0.48	0.48	0.48	0	0	0.48
21400	0.48	0.48	0.48	0	0	0.48
21500	0.48	0.48	0.48	0	0	0.48
21600	0.48	0.5	0.5	0	0	0.48
21700	0.48	0.5	0.5	0	0	0.48
21800	0.46	0.5	0.5	0	0	0.46
21900	0.46	0.5	0.5	0	0	0.46
22000	0.46	0.5	0.5	0	0	0.46
22100	0.46	0.5	0.5	0	0	0.46
22200	0.46	0.5	0.5	0	0	0.46
22300	0.46	0.5	0.5	0	0	0.46
22400	0.46	0.5	0.5	0	0	0.46
22500	0.46	0.5	0.5	0	0	0.46
22600	0.46	0.5	0.5	0	0	0.46
22700	0.46	0.5	0.5	0	0	0.46
22800	0.46	0.5	0.5	0	0	0.46
22900	0.46	0.5	0.5	0	0	0.46
23000	0.46	0.5	0.5	0	0	0.46
23100	0.46	0.5	0.5	0	0	0.46
23200	0.44	0.5	0.5	0	0	0.44
23300	0.44	0.5	0.5	0	0	0.44
23400	0.44	0.5	0.5	0	0	0.44
23500	0.44	0.5	0.5	0	0	0.44
23600	0.44	0.48	0.48	0	0	0.44
23700	0.44	0.48	0.48	0	0	0.44
23800	0.44	0.48	0.48	0	0	0.44
23900	0.44	0.46	0.46	0	0	0.44
24000	0.44	0.46	0.46	0	0	0.44
24100	0.44	0.46	0.46	0	0	0.44
24200	0.44	0.46	0.46	0	0	0.44
24300	0.44	0.46	0.46	0	0	0.44
24400	0.44	0.46	0.46	0	0	0.44
24500	0.44	0.46	0.46	0	0	0.44
24600	0.44	0.46	0.46	0	0	0.44
24700	0.46	0.46	0.46	0	0	0.46
24800	0.46	0.46	0.46	0	0	0.46
24900	0.46	0.46	0.46	0	0	0.46
25000	0.46	0.46	0.46	0	0	0.46
25100	0.46	0.46	0.46	0	0	0.46
25200	0.46	0.46	0.46	0	0	0.46
25300	0.46	0.46	0.46	0	0	0.46
25400	0.46	0.46	0.46	0	0	0.46
25500	0.46	0.48	0.48	0	0	0.46
25600	0.46	0.48	0.48	0	0	0.46
25700	0.46	0.48	0.48	0	0	0.46
25800	0.46	0.48	0.48	0	0	0.46
25900	0.46	0.48	0.48	0	0	0.46
26000	0.46	0.48	0.48	0	0	0.46
26100	0.46	0.48	0.48	0	0	0.46
26200	0.46	0.46	0.46	0	0	0.46
26300	0.46	0.46	0.46	0	0	0.46
26400	0.46	0.46	0.46	0	0	0.46
26500	0.46	0.48	0.48	0	0	0.46
26600	0.46	0.48	0.48	0	0	0.46
26700	0.46	0.48	0.48	0	0	0.46
26800	0.46	0.48	0.48	0	0	0.46
26900	0.46	0.48	0.48	0	0	0.46
27000	0.46	0.48	0.48	0	0	0.46
27100	0.46	0.48	0.48	0	0	0.46
27200	0.46	0.48	0.48	0	0	0.46
27300	0.46	0.48	0.48	0	0	0.46
27400	0.46	0.48	0.48	0	0	0.46
27500	0.46	0.48	0.48	0	0	0.46
27600	0.46	0.48	0.48	0	0	0.46
27700	0.46	0.48	0.48	0	0	0.46
27800	0.46	0.48	0.48	0	0	0.46
27900	0.46	0.48	0.48	0	0	0.46
28000	0.46	0.48	0.48	0	0	0.46
28100	0.46	0.48	0.48	0	0	0.46
28200	0.46	0.48	0.48	0	0	0.46
28300	0.48	0.48	0.48	0	0	0.48
28400	0.48	0.48	0.48	0	0	0.48
28500	0.48	0.48	0.48	0	0	0.48
28600	0.48	0.48	0.48	0	0	0.48
28700	0.48	0.48	0.48	0	0	0.48
28800	0.48	0.48	0.48	0	0	0.48
28900	0.48	0.48	0.48	0	0	0.48
29000	0.48	0.48	0.48	0	0	0.48
29100	0.48	0.48	0.48	0	0	0.48
29200	0.48	0.48	0.48	0	0	0.48
29300	0.48	0.48	0.48	0	0	0.48
29400	0.48	0.48	0.48	0	0	0.48
29500	0.48	0.48	0.48	0	0	0.48
29600	0.48	0.48	0.48	0	0	0.48
29700	0.48	0.46	0.46	0	0	0.48
29800	0.48	0.46	0.46	0	0	0.48
29900	0.48	0.46	0.46	0	0	0.48
30000	0.48	0.46	0.46	0	0	0.48
30100	0.48	0.46	0.46	0	0	0.48
30200	0.48	0.46	0.46	0	0	0.48
30300	0.48	0.46	0.46	0	0	0.48
30400	0.46	0.46	0.46	0	0	0.46
30500	0.46	0.46	0.46	0	0	0.46
30600	0.46	0.46	0.46	0	0	0.46
30700	0.46	0.46	0.46	0	0	0.46
30800	0.46	0.46	0.46	0	0	0.46
30900	0.46	0.46	0.46	0	0	0.46
31000	0.46	0.46	0.46	0	0	0.46
31100	0.46	0.46	0.46	0	0	0.46
31200	0.46	0.46	0.46	0	0	0.46
31300	0.46	0.46	0.46	0	0	0.46
31400	0.46	0.46	0.46	0	0	0.46
31500	0.46	0.46	0.46	0	0	0.46
31600	0.46	0.46	0.46	0	0	0.46
31700	0.46	0.46	0.46	0	0	0.46
31800	0.46	0.48	0.48	0	0	0.46
31900	0.46	0.48	0.48	0	0	0.46
32000	0.46	0.48	0.48	0	0	0.46
32100	0.46	0.48	0.48	0	0	0.46
32200	0.46	0.48	0.48	0	0	0.46
32300	0.46	0.48	0.48	0	0	0.46
32400	0.46	0.48	0.48	0	0	0.46
32500	0.46	0.48	0.48	0	0	0.46
32600	0.46	0.48	0.48	0	0	0.46
32700	0.46	0.48	0.48	0	0	0.46
32800	0.44	0.48	0.48	0	0	0.44
32900	0.44	0.48	0.48	0	0	0.44
33000	0.44	0.48	0.48	0	0	0.44
33100	0.44	0.48	0.48	0	0	0.44
33200	0.44	0.48	0.48	0	0	0.44
33300	0.44	0.48	0.48	0	0	0.44
33400	0.44	0.48	0.48	0	0	0.44
33500	0.44	0.48	0.48	0	0	0.44
33600	0.44	0.48	0.48	0	0	0.44
33700	0.44	0.48	0.48	0	0	0.44
33800	0.44	0.48	0.48	0	0	0.44
33900	0.44	0.48	0.48	0	0	0.44
34000	0.44	0.48	0.48	0	0	0.44
34100	0.44	0.48	0.48	0	0	0.44
34200	0.44	0.48	0.48	0	0	0.44
34300	0.46	0.48	0.48	0	0	0.46
34400	0.46	0.48	0.48	0	0	0.46
34500	0.46	0.48	0.48	0	0	0.46
34600	0.46	0.48	0.48	0	0	0.46
34700	0.46	0.48	0.48	0	0	0.46
34800	0.46	0.48	0.48	0	0	0.46
34900	0.46	0.5	0.5	0	0	0.46
35000	0.46	0.5	0.5	0	0	0.46
35100	0.46	0.5	0.5	0	0	0.46
35200	0.46	0.5	0.5	0	0	0.46
35300	0.46	0.5	0.5	0	0	0.46
35400	0.46	0.5	0.5	0	0	0.46
35500	0.46	0.5	0.5	0	0	0.46
35600	0.44	0.5	0.5	0	0	0.44
35700	0.44	0.5	0.5	0	0	0.44
35800	0.44	0.5	0.5	0	0	0.44
35900	0.44	0.5	0.5	0	0	0.44
36000	0.44	0.5	0.5	0	0	0.44
36100	0.44	0.5	0.5	0	0	0.44
36200	0.44	0.5	0.5	0	0	0.44
36300	0.44	0.5	0.5	0	0	0.44
36400	0.44	0.5	0.5	0	0	0.44
36500	0.46	0.5	0.5	0	0	0.46
36600	0.46	0.5	0.5	0	0	0.46
36700	0.44	0.5	0.5	0	0	0.44
36800	0.44	0.5	0.5	0	0	0.44
36900	0.44	0.5	0.5	0	0	0.44
37000	0.44	0.5	0.5	0	0	0.44
37100	0.44	0.5	0.5	0	0	0.44
37200	0.44	0.5	0.5	0	0	0.44
37300	0.44	0.5	0.5	0	0	0.44
37400	0.44	0.5	0.5	0	0	0.44
37500	0.44	0.5	0.5	0	0	0.44
37600	0.44	0.5	0.5	0	0	0.44
37700	0.44	0.5	0.5	0	0	0.44
37800	0.44	0.5	0.5	0	0	0.44
37900	0.44	0.5	0.5	0	0	0.44
38000	0.44	0.5	0.5	0	0	0.44
38100	0.44	0.52	0.52	0	0	0.44
38200	0.44	0.52	0.52	0	0	0.44
38300	0.42	0.52	0.52	0	0	0.42
38400	0.44	0.52	0.52	0	0	0.44
38500	0.44	0.52	0.52	0	0	0.44
38600	0.44	0.52	0.52	0	0	0.44
38700	0.42	0.52	0.52	0	0	0.42
38800	0.42	0.52	0.52	0	0	0.42
38900	0.42	0.52	0.52	0	0	0.42
39000	0.42	0.52	0.52	0	0	0.42
39100	0.42	0.52	0.52	0	0	0.42
39200	0.42	0.52	0.52	0	0	0.42
39300	0.42	0.52	0.52	0	0	0.42
39400	0.42	0.52	0.52	0	0	0.42
39500	0.42	0.52	0.52	0	0	0.42
39600	0.44	0.52	0.52	0	0	0.44
39700	0.44	0.52	0.52	0	0	0.44
39800	0.44	0.52	0.52	0	0	0.44
39900	0.44	0.52	0.52	0	0	0.44
40000	0.44	0.52	0.52	0	0	0.44
40100	0.44	0.52	0.52	0	0	0.44
40200	0.44	0.52	0.52	0	0	0.44
40300	0.44	0.52	0.52	0	0	0.44
40400	0.44	0.52	0.52	0	0	0.44
40500	0.44	0.52	0.52	0	0	0.44
40600	0.44	0.52	0.52	0	0	0.44
40700	0.44	0.52	0.52	0	0	0.44
40800	0.44	0.52	0.52	0	0	0.44
40900	0.44	0.52	0.52	0	0	0.44
41000	0.44	0.52	0.52	0	0	0.44
41100	0.44	0.52	0.52	0	0	0.44
41200	0.44	0.52	0.52	0	0	0.44
41300	0.44	0.52	0.52	0	0	0.44
41400	0.44	0.52	0.52	0	0	0.44
41500	0.44	0.52	0.52	0	0	0.44
41600	0.44	0.52	0.52	0	0	0.44
41700	0.44	0.52	0.52	0	0	0.44
41800	0.44	0.52	0.52	0	0	0.44
41900	0.44	0.52	0.52	0	0	0.44
42000	0.42	0.52	0.52	0	0	0.42
42100	0.42	0.52	0.52	0	0	0.42
42200	0.42	0.52	0.52	0	0	0.42
42300	0.42	0.52	0.52	0	0	0.42
42400	0.42	0.52	0.52	0	0	0.42
42500	0.42	0.52	0.52	0	0	0.42
42600	0.42	0.52	0.52	0	0	0.42
42700	0.42	0.52	0.52	0	0	0.42
42800	0.42	0.52	0.52	0	0	0.42
42900	0.42	0.52	0.52	0	0	0.42
43000	0.42	0.52	0.52	0	0	0.42
43100	0.42	0.52	0.52	0	0	0.42
43200	0.42	0.52	0.52	0	0	0.42
43300	0.42	0.52	0.52	0	0	0.42
43400	0.42	0.52	0.52	0	0	0.42
43500	0.42	0.52	0.52	0	0	0.42
43600	0.42	0.52	0.52	0	0	0.42
43700	0.42	0.52	0.52	0	0	0.42
43800	0.42	0.52	0.52	0	0	0.42
43900	0.42	0.52	0.52	0	0	0.42
44000	0.42	0.52	0.52	0	0	0.42
44100	0.42	0.52	0.52	0	0	0.42
44200	0.42	0.52	0.52	0	0	0.42
44300	0.42	0.52	0.52	0	0	0.42
44400	0.42	0.52	0.52	0	0	0.42
44500	0.42	0.52	0.52	0	0	0.42
44600	0.42	0.52	0.52	0	0	0.42
44700	0.42	0.52	0.52	0	0	0.42
44800	0.42	0.52	0.52	0	0	0.42
44900	0.42	0.52	0.52	0	0	0.42
45000	0.42	0.52	0.52	0	0	0.42
45100	0.42	0.52	0.52	0	0	0.42
45200	0.42	0.52	0.52	0	0	0.42
45300	0.42	0.52	0.52	0	0	0.42
45400	0.42	0.52	0.52	0	0	0.42
45500	0.42	0.52	0.52	0	0	0.42
45600	0.42	0.52	0.52	0	0	0.42
45700	0.42	0.52	0.52	0	0	0.42
45800	0.44	0.52	0.52	0	0	0.44
45900	0.42	0.52	0.52	0	0	0.42
46000	0.42	0.52	0.52	0	0	0.42
46100	0.42	0.52	0.52	0	0	0.42
46200	0.42	0.52	0.52	0	0	0.42
46300	0.42	0.52	0.52	0	0	0.42
46400	0.42	0.52	0.52	0	0	0.42
46500	0.44	0.52	0.52	0	0	0.44
46600	0.44	0.52	0.52	0	0	0.44
46700	0.44	0.52	0.52	0	0	0.44
46800	0.44	0.52	0.52	0	0	0.44
46900	0.44	0.52	0.52	0	0	0.44
47000	0.44	0.52	0.52	0	0	0.44
47100	0.44	0.52	0.52	0	0	0.44
47200	0.44	0.52	0.52	0	0	0.44
47300	0.44	0.52	0.52	0	0	0.44
47400	0.44	0.52	0.52	0	0	0.44
47500	0.44	0.52	0.52	0	0	0.44
47600	0.44	0.52	0.52	0	0	0.44
47700	0.44	0.52	0.52	0	0	0.44
47800	0.44	0.52	0.52	0	0	0.44
47900	0.44	0.52	0.52	0	0	0.44
48000	0.44	0.52	0.52	0	0	0.44
48100	0.44	0.52	0.52	0	0	0.44
48200	0.44	0.52	0.52	0	0	0.44
48300	0.44	0.52	0.52	0	0	0.44
48400	0.44	0.52	0.52	0	0	0.44
48500	0.44	0.52	0.52	0	0	0.44
48600	0.44	0.52	0.52	0	0	0.44
48700	0.44	0.52	0.52	0	0	0.44
48800	0.44	0.52	0.52	0	0	0.44
48900	0.44	0.52	0.52	0	0	0.44
49000	0.44	0.52	0.52	0	0	0.44
49100	0.44	0.52	0.52	0	0	0.44
49200	0.44	0.52	0.52	0	0	0.44
49300	0.44	0.52	0.52	0	0	0.44
49400	0.44	0.52	0.52	0	0	0.44
49500	0.44	0.52	0.52	0	0	0.44
49600	0.44	0.54	0.54	0	0	0.44
49700	0.44	0.54	0.54	0	0	0.44
49800	0.44	0.54	0.54	0	0	0.44
49900	0.44	0.54	0.54	0	0	0.44
50000	0.44	0.54	0.54	0	0	0.44
50100	0.44	0.54	0.54	0	0	0.44
50200	0.44	0.54	0.54	0	0	0.44
50300	0.44	0.54	0.54	0	0	0.44
50400	0.44	0.54	0.54	0	0	0.44
50500	0.44	0.54	0.54	0	0	0.44
50600	0.44	0.54	0.54	0	0	0.44
50700	0.44	0.54	0.54	0	0	0.44
50800	0.44	0.54	0.54	0	0	0.44
50900	0.44	0.54	0.54	0	0	0.44
51000	0.44	0.54	0.54	0	0	0.44
51100	0.44	0.54	0.54	0	0	0.44
51200	0.44	0.54	0.54	0	0	0.44
51300	0.44	0.54	0.54	0	0	0.44
51400	0.44	0.54	0.54	0	0	0.44
51500	0.44	0.54	0.54	0	0	0.44
51600	0.44	0.54	0.54	0	0	0.44
51700	0.42	0.54	0.54	0	0	0.42
51800	0.42	0.54	0.54	0	0	0.42
51900	0.4	0.54	0.54	0	0	0.4
52000	0.4	0.54	0.54	0	0	0.4
52100	0.4	0.54	0.54	0	0	0.4
52200	0.4	0.54	0.54	0	0	0.4
52300	0.4	0.54	0.54	0	0	0.4
52400	0.4	0.54	0.54	0	0	0.4
52500	0.4	0.54	0.54	0	0	0.4
52600	0.4	0.54	0.54	0	0	0.4
52700	0.4	0.54	0.54	0	0	0.4
52800	0.4	0.54	0.54	0	0	0.4
52900	0.4	0.54	0.54	0	0	0.4
53000	0.4	0.54	0.54	0	0	0.4
53100	0.4	0.54	0.54	0	0	0.4
53200	0.4	0.54	0.54	0	0	0.4
53300	0.4	0.54	0.54	0	0	0.4
53400	0.4	0.54	0.54	0	0	0.4
53500	0.4	0.54	0.54	0	0	0.4
53600	0.4	0.54	0.54	0	0	0.4
53700	0.4	0.54	0.54	0	0	0.4
53800	0.4	0.54	0.54	0	0	0.4
53900	0.4	0.54	0.54	0	0	0.4
54000	0.4	0.54	0.54	0	0	0.4
54100	0.4	0.54	0.54	0	0	0.4
54200	0.4	0.54	0.54	0	0	0.4
54300	0.4	0.54	0.54	0	0	0.4
54400	0.4	0.54	0.54	0	0	0.4
54500	0.4	0.54	0.54	0	0	0.4
54600	0.4	0.54	0.54	0	0	0.4
54700	0.4	0.54	0.54	0	0	0.4
54800	0.4	0.54	0.54	0	0	0.4
54900	0.4	0.54	0.54	0	0	0.4
55000	0.4	0.54	0.54	0	0	0.4
55100	0.4	0.54	0.54	0	0	0.4
55200	0.4	0.54	0.54	0	0	0.4
55300	0.4	0.54	0.54	0	0	0.4
55400	0.4	0.54	0.54	0	0	0.4
55500	0.4	0.54	0.54	0	0	0.4
55600	0.4	0.54	0.54	0	0	0.4
55700	0.4	0.56	0.56	0	0	0.4
55800	0.4	0.56	0.56	0	0	0.4
55900	0.4	0.56	0.56	0	0	0.4
56000	0.4	0.56	0.56	0	0	0.4
56100	0.4	0.56	0.56	0	0	0.4
56200	0.4	0.56	0.56	0	0	0.4
56300	0.4	0.56	0.56	0	0	0.4
56400	0.4	0.56	0.56	0	0	0.4
56500	0.4	0.56	0.56	0	0	0.4
56600	0.4	0.56	0.56	0	0	0.4
56700	0.4	0.56	0.56	0	0	0.4
56800	0.4	0.56	0.56	0	0	0.4
56900	0.4	0.56	0.56	0	0	0.4
57000	0.4	0.56	0.56	0	0	0.4
57100	0.4	0.54	0.54	0	0	0.4
57200	0.4	0.54	0.54	0	0	0.4
57300	0.4	0.52	0.52	0	0	0.4
57400	0.4	0.52	0.52	0	0	0.4
57500	0.4	0.54	0.54	0	0	0.4
57600	0.4	0.54	0.54	0	0	0.4
57700	0.4	0.54	0.54	0	0	0.4
57800	0.4	0.54	0.54	0	0	0.4
57900	0.4	0.54	0.54	0	0	0.4
58000	0.4	0.54	0.54	0	0	0.4
58100	0.4	0.54	0.54	0	0	0.4
58200	0.4	0.54	0.54	0	0	0.4
58300	0.4	0.54	0.54	0	0	0.4
58400	0.4	0.54	0.54	0	0	0.4
58500	0.42	0.54	0.54	0	0	0.42
58600	0.42	0.54	0.54	0	0	0.42
58700	0.42	0.56	0.56	0	0	0.42
58800	0.42	0.56	0.56	0	0	0.42
58900	0.42	0.56	0.56	0	0	0.42
59000	0.42	0.56	0.56	0	0	0.42
59100	0.42	0.56	0.56	0	0	0.42
59200	0.42	0.56	0.56	0	0	0.42
59300	0.42	0.56	0.56	0	0	0.42
59400	0.42	0.56	0.56	0	0	0.42
59500	0.42	0.56	0.56	0	0	0.42
59600	0.42	0.56	0.56	0	0	0.42
59700	0.42	0.56	0.56	0	0	0.42
59800	0.42	0.56	0.56	0	0	0.42
59900	0.42	0.56	0.56	0	0	0.42
60000	0.42	0.56	0.56	0	0	0.42
60100	0.42	0.56	0.56	0	0	0.42
60200	0.42	0.56	0.56	0	0	0.42
60300	0.42	0.56	0.56	0	0	0.42
60400	0.42	0.56	0.56	0	0	0.42
60500	0.42	0.56	0.56	0	0	0.42
60600	0.42	0.56	0.56	0	0	0.42
60700	0.42	0.56	0.56	0	0	0.42
60800	0.42	0.56	0.56	0	0	0.42
60900	0.42	0.56	0.56	0	0	0.42
61000	0.42	0.56	0.56	0	0	0.42
61100	0.42	0.56	0.56	0	0	0.42
61200	0.42	0.56	0.56	0	0	0.42
61300	0.42	0.56	0.56	0	0	0.42
61400	0.42	0.56	0.56	0	0	0.42
61500	0.42	0.56	0.56	0	0	0.42
61600	0.42	0.56	0.56	0	0	0.42
61700	0.42	0.56	0.56	0	0	0.42
61800	0.42	0.56	0.56	0	0	0.42
61900	0.42	0.56	0.56	0	0	0.42
62000	0.42	0.56	0.56	0	0	0.42
62100	0.42	0.56	0.56	0	0	0.42
62200	0.42	0.56	0.56	0	0	0.42
62300	0.42	0.56	0.56	0	0	0.42
62400	0.42	0.56	0.56	0	0	0.42
62500	0.42	0.56	0.56	0	0	0.42
62600	0.42	0.56	0.56	0	0	0.42
62700	0.42	0.56	0.56	0	0	0.42
62800	0.42	0.56	0.56	0	0	0.42
62900	0.42	0.56	0.56	0	0	0.42
63000	0.42	0.52	0.52	0	0	0.42
63100	0.42	0.52	0.52	0	0	0.42
63200	0.42	0.52	0.52	0	0	0.42
63300	0.42	0.52	0.52	0	0	0.42
63400	0.42	0.52	0.52	0	0	0.42
63500	0.42	0.52	0.52	0	0	0.42
63600	0.42	0.52	0.52	0	0	0.42
63700	0.42	0.52	0.52	0	0	0.42
63800	0.42	0.52	0.52	0	0	0.42
63900	0.42	0.52	0.52	0	0	0.42
64000	0.42	0.52	0.52	0	0	0.42
64100	0.42	0.52	0.52	0	0	0.42
64200	0.42	0.52	0.52	0	0	0.42
64300	0.42	0.52	0.52	0	0	0.42
64400	0.42	0.54	0.54	0	0	0.42
64500	0.42	0.54	0.54	0	0	0.42
64600	0.44	0.54	0.54	0	0	0.44
64700	0.44	0.54	0.54	0	0	0.44
64800	0.44	0.54	0.54	0	0	0.44
64900	0.44	0.54	0.54	0	0	0.44
65000	0.44	0.54	0.54	0	0	0.44
65100	0.44	0.52	0.52	0	0	0.44
65200	0.44	0.52	0.52	0	0	0.44
65300	0.44	0.52	0.52	0	0	0.44
65400	0.44	0.52	0.52	0	0	0.44
65500	0.44	0.52	0.52	0	0	0.44
65600	0.44	0.52	0.52	0	0	0.44
65700	0.44	0.52	0.52	0	0	0.44
65800	0.44	0.52	0.52	0	0	0.44
65900	0.44	0.52	0.52	0	0	0.44
66000	0.44	0.52	0.52	0	0	0.44
66100	0.44	0.52	0.52	0	0	0.44
66200	0.44	0.52	0.52	0	0	0.44
66300	0.44	0.52	0.52	0	0	0.44
66400	0.44	0.52	0.52	0	0	0.44
66500	0.44	0.52	0.52	0	0	0.44
66600	0.44	0.52	0.52	0	0	0.44
66700	0.44	0.5	0.5	0	0	0.44
66800	0.44	0.5	0.5	0	0	0.44
66900	0.44	0.5	0.5	0	0	0.44
67000	0.44	0.5	0.5	0	0	0.44
67100	0.44	0.48	0.48	0	0	0.44
67200	0.42	0.48	0.48	0	0	0.42
67300	0.42	0.48	0.48	0	0	0.42
67400	0.42	0.48	0.48	0	0	0.42
67500	0.42	0.48	0.48	0	0	0.42
67600	0.42	0.48	0.48	0	0	0.42
67700	0.42	0.48	0.48	0	0	0.42
67800	0.42	0.48	0.48	0	0	0.42
67900	0.42	0.48	0.48	0	0	0.42
68000	0.42	0.46	0.46	0	0	0.42
68100	0.44	0.46	0.46	0	0	0.44
68200	0.44	0.46	0.46	0	0	0.44
68300	0.44	0.46	0.46	0	0	0.44
68400	0.44	0.46	0.46	0	0	0.44
68500	0.44	0.46	0.46	0	0	0.44
68600	0.44	0.46	0.46	0	0	0.44
68700	0.44	0.46	0.46	0	0	0.44
68800	0.44	0.46	0.46	0	0	0.44
68900	0.44	0.46	0.46	0	0	0.44
69000	0.44	0.46	0.46	0	0	0.44
69100	0.44	0.46	0.46	0	0	0.44
69200	0.44	0.46	0.46	0	0	0.44
69300	0.44	0.46	0.46	0	0	0.44
69400	0.44	0.46	0.46	0	0	0.44
69500	0.44	0.46	0.46	0	0	0.44
69600	0.44	0.46	0.46	0	0	0.44
69700	0.44	0.46	0.46	0	0	0.44
69800	0.44	0.46	0.46	0	0	0.44
69900	0.44	0.46	0.46	0	0	0.44
70000	0.44	0.46	0.46	0	0	0.44
70100	0.44	0.46	0.46	0	0	0.44
70200	0.44	0.46	0.46	0	0	0.44
70300	0.44	0.46	0.46	0	0	0.44
70400	0.44	0.48	0.48	0	0	0.44
70500	0.44	0.46	0.46	0	0	0.44
70600	0.44	0.46	0.46	0	0	0.44
70700	0.44	0.46	0.46	0	0	0.44
70800	0.44	0.46	0.46	0	0	0.44
70900	0.44	0.46	0.46	0	0	0.44
71000	0.44	0.46	0.46	0	0	0.44
71100	0.44	0.46	0.46	0	0	0.44
71200	0.44	0.46	0.46	0	0	0.44
71300	0.46	0.46	0.46	0	0	0.46
71400	0.46	0.46	0.46	0	0	0.46
71500	0.44	0.46	0.46	0	0	0.44
71600	0.44	0.46	0.46	0	0	0.44
71700	0.44	0.46	0.46	0	0	0.44
71800	0.44	0.46	0.46	0	0	0.44
71900	0.46	0.46	0.46	0	0	0.46
72000	0.46	0.46	0.46	0	0	0.46
72100	0.46	0.46	0.46	0	0	0.46
72200	0.46	0.46	0.46	0	0	0.46
72300	0.46	0.46	0.46	0	0	0.46
72400	0.46	0.46	0.46	0	0	0.46
72500	0.46	0.46	0.46	0	0	0.46
72600	0.46	0.46	0.46	0	0	0.46
72700	0.46	0.46	0.46	0	0	0.46
72800	0.46	0.46	0.46	0	0	0.46
72900	0.46	0.46	0.46	0	0	0.46
73000	0.46	0.46	0.46	0	0	0.46
73100	0.46	0.46	0.46	0	0	0.46
73200	0.46	0.46	0.46	0	0	0.46
73300	0.46	0.46	0.46	0	0	0.46
73400	0.46	0.46	0.46	0	0	0.46
73500	0.46	0.46	0.46	0	0	0.46
73600	0.46	0.46	0.46	0	0	0.46
73700	0.46	0.46	0.46	0	0	0.46
73800	0.46	0.46	0.46	0	0	0.46
73900	0.46	0.46	0.46	0	0	0.46
74000	0.46	0.48	0.48	0	0	0.46
74100	0.46	0.48	0.48	0	0	0.46
74200	0.46	0.48	0.48	0	0	0.46
74300	0.46	0.48	0.48	0	0	0.46
74400	0.46	0.48	0.48	0	0	0.46
74500	0.44	0.48	0.48	0	0	0.44
74600	0.46	0.48	0.48	0	0	0.46
74700	0.46	0.48	0.48	0	0	0.46
74800	0.46	0.48	0.48	0	0	0.46
74900	0.46	0.48	0.48	0	0	0.46
75000	0.46	0.46	0.46	0	0	0.46
75100	0.46	0.46	0.46	0	0	0.46
75200	0.44	0.46	0.46	0	0	0.44
75300	0.44	0.46	0.46	0	0	0.44
75400	0.44	0.46	0.46	0	0	0.44
75500	0.44	0.46	0.46	0	0	0.44
75600	0.44	0.46	0.46	0	0	0.44
75700	0.44	0.46	0.46	0	0	0.44
75800	0.44	0.46	0.46	0	0	0.44
75900	0.44	0.46	0.46	0	0	0.44
76000	0.44	0.46	0.46	0	0	0.44
76100	0.44	0.46	0.46	0	0	0.44
76200	0.46	0.46	0.46	0	0	0.46
76300	0.46	0.46	0.46	0	0	0.46
76400	0.46	0.46	0.46	0	0	0.46
76500	0.46	0.46	0.46	0	0	0.46
76600	0.46	0.46	0.46	0	0	0.46
76700	0.46	0.46	0.46	0	0	0.46
76800	0.46	0.46	0.46	0	0	0.46
76900	0.46	0.46	0.46	0	0	0.46
77000	0.46	0.46	0.46	0	0	0.46
77100	0.46	0.46	0.46	0	0	0.46
77200	0.46	0.46	0.46	0	0	0.46
77300	0.46	0.46	0.46	0	0	0.46
77400	0.46	0.46	0.46	0	0	0.46
77500	0.46	0.46	0.46	0	0	0.46
77600	0.46	0.46	0.46	0	0	0.46
77700	0.46	0.46	0.46	0	0	0.46
77800	0.46	0.46	0.46	0	0	0.46
77900	0.46	0.46	0.46	0	0	0.46
78000	0.46	0.46	0.46	0	0	0.46
78100	0.46	0.46	0.46	0	0	0.46
78200	0.46	0.46	0.46	0	0	0.46
78300	0.46	0.46	0.46	0	0	0.46
78400	0.46	0.46	0.46	0	0	0.46
78500	0.46	0.46	0.46	0	0	0.46
78600	0.46	0.46	0.46	0	0	0.46
78700	0.46	0.48	0.48	0	0	0.46
78800	0.46	0.48	0.48	0	0	0.46
78900	0.44	0.48	0.48	0	0	0.44
79000	0.44	0.48	0.48	0	0	0.44
79100	0.44	0.48	0.48	0	0	0.44
79200	0.44	0.48	0.48	0	0	0.44
79300	0.44	0.48	0.48	0	0	0.44
79400	0.44	0.48	0.48	0	0	0.44
79500	0.44	0.5	0.5	0	0	0.44
79600	0.44	0.48	0.48	0	0	0.44
79700	0.44	0.48	0.48	0	0	0.44
79800	0.44	0.48	0.48	0	0	0.44
79900	0.44	0.48	0.48	0	0	0.44
80000	0.44	0.48	0.48	0	0	0.44
80100	0.44	0.48	0.48	0	0	0.44
80200	0.44	0.48	0.48	0	0	0.44
80300	0.44	0.48	0.48	0	0	0.44
80400	0.44	0.48	0.48	0	0	0.44
80500	0.44	0.48	0.48	0	0	0.44
80600	0.44	0.48	0.48	0	0	0.44
80700	0.44	0.48	0.48	0	0	0.44
80800	0.44	0.48	0.48	0	0	0.44
80900	0.44	0.48	0.48	0	0	0.44
81000	0.44	0.48	0.48	0	0	0.44
81100	0.44	0.48	0.48	0	0	0.44
81200	0.46	0.5	0.5	0	0	0.46
81300	0.48	0.5	0.5	0	0	0.48
81400	0.48	0.5	0.5	0	0	0.48
81500	0.48	0.5	0.5	0	0	0.48
81600	0.48	0.5	0.5	0	0	0.48
81700	0.46	0.5	0.5	0	0	0.46
81800	0.46	0.5	0.5	0	0	0.46
81900	0.46	0.5	0.5	0	0	0.46
82000	0.46	0.5	0.5	0	0	0.46
82100	0.46	0.5	0.5	0	0	0.46
82200	0.46	0.5	0.5	0	0	0.46
82300	0.46	0.5	0.5	0	0	0.46
82400	0.46	0.52	0.52	0	0	0.46
82500	0.46	0.52	0.52	0	0	0.46
82600	0.46	0.52	0.52	0	0	0.46
82700	0.46	0.52	0.52	0	0	0.46
82800	0.46	0.52	0.52	0	0	0.46
82900	0.46	0.52	0.52	0	0	0.46
83000	0.46	0.52	0.52	0	0	0.46
83100	0.46	0.52	0.52	0	0	0.46
83200	0.46	0.52	0.52	0	0	0.46
83300	0.46	0.52	0.52	0	0	0.46
83400	0.46	0.52	0.52	0	0	0.46
83500	0.46	0.52	0.52	0	0	0.46
83600	0.46	0.52	0.52	0	0	0.46
83700	0.46	0.52	0.52	0	0	0.46
83800	0.44	0.52	0.52	0	0	0.44
83900	0.42	0.52	0.52	0	0	0.42
84000	0.42	0.52	0.52	0	0	0.42
84100	0.42	0.52	0.52	0	0	0.42
84200	0.42	0.52	0.52	0	0	0.42
84300	0.42	0.52	0.52	0	0	0.42
84400	0.42	0.52	0.52	0	0	0.42
84500	0.42	0.52	0.52	0	0	0.42
84600	0.42	0.52	0.52	0	0	0.42
84700	0.42	0.52	0.52	0	0	0.42
84800	0.42	0.52	0.52	0	0	0.42
84900	0.4	0.52	0.52	0	0	0.4
85000	0.42	0.52	0.52	0	0	0.42
85100	0.44	0.52	0.52	0	0	0.44
85200	0.44	0.52	0.52	0	0	0.44
85300	0.44	0.52	0.52	0	0	0.44
85400	0.44	0.52	0.52	0	0	0.44
85500	0.46	0.52	0.52	0	0	0.46
85600	0.46	0.52	0.52	0	0	0.46
85700	0.44	0.52	0.52	0	0	0.44
85800	0.44	0.52	0.52	0	0	0.44
85900	0.44	0.52	0.52	0	0	0.44
86000	0.44	0.52	0.52	0	0	0.44
86100	0.44	0.54	0.54	0	0	0.44
86200	0.44	0.52	0.52	0	0	0.44
86300	0.44	0.52	0.52	0	0	0.44
86400	0.44	0.52	0.52	0	0	0.44
86500	0.44	0.52	0.52	0	0	0.44
86600	0.44	0.52	0.52	0	0	0.44
86700	0.44	0.52	0.52	0	0	0.44
86800	0.44	0.52	0.52	0	0	0.44
86900	0.44	0.52	0.52	0	0	0.44
87000	0.44	0.52	0.52	0	0	0.44
87100	0.44	0.52	0.52	0	0	0.44
87200	0.44	0.52	0.52	0	0	0.44
87300	0.44	0.52	0.52	0	0	0.44
87400	0.44	0.52	0.52	0	0	0.44
87500	0.44	0.52	0.52	0	0	0.44
87600	0.44	0.52	0.52	0	0	0.44
87700	0.44	0.52	0.52	0	0	0.44
87800	0.44	0.52	0.52	0	0	0.44
87900	0.44	0.52	0.52	0	0	0.44
88000	0.44	0.52	0.52	0	0	0.44
88100	0.44	0.52	0.52	0	0	0.44
88200	0.44	0.52	0.52	0	0	0.44
88300	0.44	0.52	0.52	0	0	0.44
88400	0.44	0.52	0.52	0	0	0.44
88500	0.44	0.52	0.52	0	0	0.44
88600	0.44	0.52	0.52	0	0	0.44
88700	0.44	0.52	0.52	0	0	0.44
88800	0.44	0.52	0.52	0	0	0.44
88900	0.44	0.52	0.52	0	0	0.44
89000	0.42	0.52	0.52	0	0	0.42
89100	0.42	0.52	0.52	0	0	0.42
89200	0.4	0.52	0.52	0	0	0.4
89300	0.4	0.52	0.52	0	0	0.4
89400	0.4	0.52	0.52	0	0	0.4
89500	0.4	0.52	0.52	0	0	0.4
89600	0.4	0.52	0.52	0	0	0.4
89700	0.4	0.52	0.52	0	0	0.4
89800	0.4	0.52	0.52	0	0	0.4
89900	0.42	0.52	0.52	0	0	0.42
90000	0.42	0.52	0.52	0	0	0.42
90100	0.42	0.52	0.52	0	0	0.42
90200	0.42	0.52	0.52	0	0	0.42
90300	0.42	0.52	0.52	0	0	0.42
90400	0.42	0.52	0.52	0	0	0.42
90500	0.42	0.52	0.52	0	0	0.42
90600	0.42	0.52	0.52	0	0	0.42
90700	0.42	0.52	0.52	0	0	0.42
90800	0.42	0.52	0.52	0	0	0.42
90900	0.42	0.52	0.52	0	0	0.42
91000	0.42	0.52	0.52	0	0	0.42
91100	0.42	0.52	0.52	0	0	0.42
91200	0.42	0.52	0.52	0	0	0.42
91300	0.42	0.52	0.52	0	0	0.42
91400	0.42	0.52	0.52	0	0	0.42
91500	0.42	0.52	0.52	0	0	0.42
91600	0.42	0.52	0.52	0	0	0.42
91700	0.42	0.52	0.52	0	0	0.42
91800	0.42	0.52	0.52	0	0	0.42
91900	0.42	0.52	0.52	0	0	0.42
92000	0.42	0.52	0.52	0	0	0.42
92100	0.42	0.52	0.52	0	0	0.42
92200	0.42	0.52	0.52	0	0	0.42
92300	0.42	0.52	0.52	0	0	0.42
92400	0.42	0.52	0.52	0	0	0.42
92500	0.44	0.52	0.52	0	0	0.44
92600	0.42	0.52	0.52	0	0	0.42
92700	0.42	0.52	0.52	0	0	0.42
92800	0.42	0.52	0.52	0	0	0.42
92900	0.42	0.52	0.52	0	0	0.42
93000	0.44	0.52	0.52	0	0	0.44
93100	0.44	0.52	0.52	0	0	0.44
93200	0.44	0.52	0.52	0	0	0.44
93300	0.44	0.52	0.52	0	0	0.44
93400	0.44	0.52	0.52	0	0	0.44
93500	0.44	0.52	0.52	0	0	0.44
93600	0.44	0.52	0.52	0	0	0.44
93700	0.44	0.52	0.52	0	0	0.44
93800	0.44	0.52	0.52	0	0	0.44
93900	0.44	0.5	0.5	0	0	0.44
94000	0.44	0.5	0.5	0	0	0.44
94100	0.44	0.5	0.5	0	0	0.44
94200	0.44	0.5	0.5	0	0	0.44
94300	0.44	0.5	0.5	0	0	0.44
94400	0.44	0.5	0.5	0	0	0.44
94500	0.44	0.52	0.52	0	0	0.44
94600	0.44	0.5	0.5	0	0	0.44
94700	0.44	0.5	0.5	0	0	0.44
94800	0.44	0.5	0.5	0	0	0.44
94900	0.44	0.5	0.5	0	0	0.44
95000	0.44	0.5	0.5	0	0	0.44
95100	0.44	0.5	0.5	0	0	0.44
95200	0.44	0.5	0.5	0	0	0.44
95300	0.44	0.5	0.5	0	0	0.44
95400	0.44	0.5	0.5	0	0	0.44
95500	0.44	0.5	0.5	0	0	0.44
95600	0.44	0.5	0.5	0	0	0.44
95700	0.44	0.5	0.5	0	0	0.44
95800	0.44	0.5	0.5	0	0	0.44
95900	0.44	0.5	0.5	0	0	0.44
96000	0.44	0.5	0.5	0	0	0.44
96100	0.42	0.5	0.5	0	0	0.42
96200	0.4	0.5	0.5	0	0	0.4
96300	0.4	0.5	0.5	0	0	0.4
96400	0.4	0.5	0.5	0	0	0.4
96500	0.4	0.5	0.5	0	0	0.4
96600	0.4	0.52	0.52	0	0	0.4
96700	0.42	0.52	0.52	0	0	0.42
96800	0.44	0.52	0.52	0	0	0.44
96900	0.44	0.52	0.52	0	0	0.44
97000	0.42	0.52	0.52	0	0	0.42
97100	0.42	0.52	0.52	0	0	0.42
97200	0.42	0.52	0.52	0	0	0.42
97300	0.42	0.52	0.52	0	0	0.42
97400	0.42	0.52	0.52	0	0	0.42
97500	0.42	0.52	0.52	0	0	0.42
97600	0.42	0.52	0.52	0	0	0.42
97700	0.42	0.52	0.52	0	0	0.42
97800	0.42	0.52	0.52	0	0	0.42
97900	0.42	0.52	0.52	0	0	0.42
98000	0.42	0.52	0.52	0	0	0.42
98100	0.42	0.52	0.52	0	0	0.42
98200	0.42	0.52	0.52	0	0	0.42
98300	0.42	0.52	0.52	0	0	0.42
98400	0.42	0.52	0.52	0	0	0.42
98500	0.42	0.52	0.52	0	0	0.42
98600	0.42	0.52	0.52	0	0	0.42
98700	0.42	0.52	0.52	0	0	0.42
98800	0.42	0.52	0.52	0	0	0.42
98900	0.42	0.52	0.52	0	0	0.42
99000	0.42	0.52	0.52	0	0	0.42
99100	0.42	0.52	0.52	0	0	0.42
99200	0.42	0.52	0.52	0	0	0.42
99300	0.42	0.52	0.52	0	0	0.42
99400	0.42	0.52	0.52	0	0	0.42
99500	0.42	0.52	0.52	0	0	0.42
99600	0.42	0.52	0.52	0	0	0.42
99700	0.42	0.52	0.52	0	0	0.42
99800	0.4	0.52	0.52	0	0	0.4
99900	0.38	0.52	0.52	0	0	0.38
100000	0.38	0.52	0.52	0	0	0.38
