100	0.1	0.1	0.1	0	0	0.1
200	0.12	0.16	0.16	0	0	0.12
300	0.16	0.18	0.18	0	0	0.16
400	0.2	0.18	0.18	0	0	0.2
500	0.2	0.2	0.2	0	0	0.2
600	0.18	0.18	0.18	0	0	0.18
700	0.18	0.18	0.18	0	0	0.18
800	0.18	0.18	0.18	0	0	0.18
900	0.2	0.22	0.22	0	0	0.2
1000	0.22	0.22	0.22	0	0	0.22
1100	0.22	0.22	0.22	0	0	0.22
1200	0.22	0.22	0.22	0	0	0.22
1300	0.24	0.22	0.22	0	0	0.24
1400	0.28	0.22	0.22	0	0	0.28
1500	0.28	0.22	0.22	0	0	0.28
1600	0.28	0.26	0.26	0	0	0.28
1700	0.28	0.26	0.26	0	0	0.28
1800	0.3	0.28	0.28	0	0	0.3
1900	0.3	0.28	0.28	0	0	0.3
2000	0.3	0.28	0.28	0	0	0.3
2100	0.32	0.28	0.28	0	0	0.32
2200	0.32	0.28	0.28	0	0	0.32
2300	0.34	0.28	0.28	0	0	0.34
2400	0.36	0.28	0.28	0	0	0.36
2500	0.36	0.28	0.28	0	0	0.36
2600	0.36	0.26	0.26	0	0	0.36
2700	0.36	0.26	0.26	0	0	0.36
2800	0.36	0.26	0.26	0	0	0.36
2900	0.36	0.26	0.26	0	0	0.36
3000	0.36	0.28	0.28	0	0	0.36
3100	0.36	0.28	0.28	0	0	0.36
3200	0.38	0.28	0.28	0	0	0.38
3300	0.4	0.3	0.3	0	0	0.4
3400	0.4	0.32	0.32	0	0	0.4
3500	0.4	0.32	0.32	0	0	0.4
3600	0.4	0.32	0.32	0	0	0.4
3700	0.4	0.32	0.32	0	0	0.4
3800	0.38	0.34	0.34	0	0	0.38
3900	0.38	0.34	0.34	0	0	0.38
4000	0.4	0.34	0.34	0	0	0.4
4100	0.4	0.34	0.34	0	0	0.4
4200	0.38	0.34	0.34	0	0	0.38
4300	0.38	0.34	0.34	0	0	0.38
4400	0.38	0.36	0.36	0	0	0.38
4500	0.4	0.36	0.36	0	0	0.4
4600	0.4	0.36	0.36	0	0	0.4
4700	0.38	0.38	0.38	0	0	0.38
4800	0.38	0.38	0.38	0	0	0.38
4900	0.38	0.38	0.38	0	0	0.38
5000	0.38	0.4	0.4	0	0	0.38
5100	0.4	0.4	0.4	0	0	0.4
5200	0.4	0.4	0.4	0	0	0.4
5300	0.4	0.4	0.4	0	0	0.4
5400	0.4	0.4	0.4	0	0	0.4
5500	0.4	0.4	0.4	0	0	0.4
5600	0.4	0.4	0.4	0	0	0.4
5700	0.4	0.4	0.4	0	0	0.4
5800	0.4	0.42	0.42	0	0	0.4
5900	0.4	0.42	0.42	0	0	0.4
6000	0.4	0.4	0.4	0	0	0.4
6100	0.4	0.4	0.4	0	0	0.4
6200	0.4	0.4	0.4	0	0	0.4
6300	0.4	0.4	0.4	0	0	0.4
6400	0.4	0.4	0.4	0	0	0.4
6500	0.4	0.4	0.4	0	0	0.4
6600	0.4	0.4	0.4	0	0	0.4
6700	0.4	0.42	0.42	0	0	0.4
6800	0.4	0.42	0.42	0	0	0.4
6900	0.4	0.42	0.42	0	0	0.4
7000	0.4	0.42	0.42	0	0	0.4
7100	0.42	0.42	0.42	0	0	0.42
7200	0.42	0.44	0.44	0	0	0.42
7300	0.42	0.44	0.44	0	0	0.42
7400	0.42	0.44	0.44	0	0	0.42
7500	0.42	0.44	0.44	0	0	0.42
7600	0.42	0.44	0.44	0	0	0.42
7700	0.42	0.46	0.46	0	0	0.42
7800	0.42	0.46	0.46	0	0	0.42
7900	0.42	0.46	0.46	0	0	0.42
8000	0.4	0.46	0.46	0	0	0.4
8100	0.4	0.46	0.46	0	0	0.4
8200	0.4	0.44	0.44	0	0	0.4
8300	0.4	0.44	0.44	0	0	0.4
8400	0.42	0.46	0.46	0	0	0.42
8500	0.42	0.46	0.46	0	0	0.42
8600	0.42	0.46	0.46	0	0	0.42
8700	0.4	0.46	0.46	0	0	0.4
8800	0.4	0.46	0.46	0	0	0.4
8900	0.38	0.46	0.46	0	0	0.38
9000	0.42	0.48	0.48	0	0	0.42
9100	0.44	0.48	0.48	0	0	0.44
9200	0.44	0.48	0.48	0	0	0.44
9300	0.44	0.48	0.48	0	0	0.44
9400	0.46	0.48	0.48	0	0	0.46
9500	0.46	0.48	0.48	0	0	0.46
9600	0.46	0.48	0.48	0	0	0.46
9700	0.46	0.48	0.48	0	0	0.46
9800	0.46	0.48	0.48	0	0	0.46
9900	0.46	0.48	0.48	0	0	0.46
10000	0.48	0.48	0.48	0	0	0.48
10100	0.48	0.48	0.48	0	0	0.48
10200	0.48	0.46	0.46	0	0	0.48
10300	0.48	0.46	0.46	0	0	0.48
10400	0.48	0.46	0.46	0	0	0.48
10500	0.48	0.46	0.46	0	0	0.48
10600	0.5	0.46	0.46	0	0	0.5
10700	0.5	0.46	0.46	0	0	0.5
10800	0.5	0.46	0.46	0	0	0.5
10900	0.5	0.46	0.46	0	0	0.5
11000	0.5	0.46	0.46	0	0	0.5
11100	0.5	0.44	0.44	0	0	0.5
11200	0.48	0.44	0.44	0	0	0.48
11300	0.48	0.44	0.44	0	0	0.48
11400	0.48	0.44	0.44	0	0	0.48
11500	0.48	0.44	0.44	0	0	0.48
11600	0.48	0.44	0.44	0	0	0.48
11700	0.48	0.44	0.44	0	0	0.48
11800	0.48	0.44	0.44	0	0	0.48
11900	0.46	0.46	0.46	0	0	0.46
12000	0.46	0.46	0.46	0	0	0.46
12100	0.46	0.46	0.46	0	0	0.46
12200	0.46	0.46	0.46	0	0	0.46
12300	0.46	0.46	0.46	0	0	0.46
12400	0.48	0.46	0.46	0	0	0.48
12500	0.48	0.46	0.46	0	0	0.48
12600	0.48	0.46	0.46	0	0	0.48
12700	0.48	0.44	0.44	0	0	0.48
12800	0.48	0.44	0.44	0	0	0.48
12900	0.48	0.44	0.44	0	0	0.48
13000	0.48	0.44	0.44	0	0	0.48
13100	0.48	0.42	0.42	0	0	0.48
13200	0.48	0.42	0.42	0	0	0.48
13300	0.5	0.42	0.42	0	0	0.5
13400	0.5	0.42	0.42	0	0	0.5
13500	0.5	0.42	0.42	0	0	0.5
13600	0.5	0.42	0.42	0	0	0.5
13700	0.5	0.42	0.42	0	0	0.5
13800	0.5	0.44	0.44	0	0	0.5
13900	0.52	0.44	0.44	0	0	0.52
14000	0.5	0.42	0.42	0	0	0.5
14100	0.5	0.42	0.42	0	0	0.5
14200	0.5	0.4	0.4	0	0	0.5
14300	0.48	0.4	0.4	0	0	0.48
14400	0.48	0.4	0.4	0	0	0.48
14500	0.48	0.4	0.4	0	0	0.48
14600	0.48	0.4	0.4	0	0	0.48
14700	0.46	0.4	0.4	0	0	0.46
14800	0.46	0.4	0.4	0	0	0.46
14900	0.46	0.4	0.4	0	0	0.46
15000	0.46	0.4	0.4	0	0	0.46
15100	0.46	0.4	0.4	0	0	0.46
15200	0.46	0.4	0.4	0	0	0.46
15300	0.46	0.4	0.4	0	0	0.46
15400	0.46	0.44	0.44	0	0	0.46
15500	0.46	0.46	0.46	0	0	0.46
15600	0.46	0.46	0.46	0	0	0.46
15700	0.46	0.46	0.46	0	0	0.46
15800	0.46	0.46	0.46	0	0	0.46
15900	0.44	0.46	0.46	0	0	0.44
16000	0.44	0.46	0.46	0	0	0.44
16100	0.44	0.46	0.46	0	0	0.44
16200	0.44	0.46	0.46	0	0	0.44
16300	0.44	0.46	0.46	0	0	0.44
16400	0.44	0.46	0.46	0	0	0.44
16500	0.44	0.46	0.46	0	0	0.44
16600	0.42	0.46	0.46	0	0	0.42
16700	0.44	0.46	0.46	0	0	0.44
16800	0.44	0.48	0.48	0	0	0.44
16900	0.44	0.5	0.5	0	0	0.44
17000	0.42	0.5	0.5	0	0	0.42
17100	0.42	0.5	0.5	0	0	0.42
17200	0.42	0.5	0.5	0	0	0.42
17300	0.42	0.5	0.5	0	0	0.42
17400	0.42	0.5	0.5	0	0	0.42
17500	0.44	0.52	0.52	0	0	0.44
17600	0.44	0.52	0.52	0	0	0.44
17700	0.44	0.5	0.5	0	0	0.44
17800	0.44	0.46	0.46	0	0	0.44
17900	0.44	0.46	0.46	0	0	0.44
18000	0.44	0.46	0.46	0	0	0.44
18100	0.46	0.46	0.46	0	0	0.46
18200	0.48	0.46	0.46	0	0	0.48
18300	0.48	0.46	0.46	0	0	0.48
18400	0.48	0.46	0.46	0	0	0.48
18500	0.48	0.46	0.46	0	0	0.48
18600	0.48	0.46	0.46	0	0	0.48
18700	0.46	0.46	0.46	0	0	0.46
18800	0.44	0.46	0.46	0	0	0.44
18900	0.44	0.46	0.46	0	0	0.44
19000	0.44	0.46	0.46	0	0	0.44
19100	0.44	0.46	0.46	0	0	0.44
19200	0.44	0.46	0.46	0	0	0.44
19300	0.44	0.46	0.46	0	0	0.44
19400	0.44	0.46	0.46	0	0	0.44
19500	0.44	0.46	0.46	0	0	0.44
19600	0.44	0.46	0.46	0	0	0.44
19700	0.44	0.46	0.46	0	0	0.44
19800	0.44	0.46	0.46	0	0	0.44
19900	0.42	0.46	0.46	0	0	0.42
20000	0.42	0.46	0.46	0	0	0.42
20100	0.4	0.46	0.46	0	0	0.4
20200	0.4	0.46	0.46	0	0	0.4
20300	0.4	0.46	0.46	0	0	0.4
20400	0.4	0.46	0.46	0	0	0.4
20500	0.38	0.46	0.46	0	0	0.38
20600	0.38	0.46	0.46	0	0	0.38
20700	0.36	0.46	0.46	0	0	0.36
20800	0.36	0.46	0.46	0	0	0.36
20900	0.36	0.46	0.46	0	0	0.36
21000	0.36	0.46	0.46	0	0	0.36
21100	0.36	0.44	0.44	0	0	0.36
21200	0.36	0.44	0.44	0	0	0.36
21300	0.36	0.44	0.44	0	0	0.36
21400	0.38	0.46	0.46	0	0	0.38
21500	0.4	0.46	0.46	0	0	0.4
21600	0.4	0.46	0.46	0	0	0.4
21700	0.4	0.46	0.46	0	0	0.4
21800	0.42	0.46	0.46	0	0	0.42
21900	0.42	0.46	0.46	0	0	0.42
22000	0.42	0.46	0.46	0	0	0.42
22100	0.42	0.46	0.46	0	0	0.42
22200	0.44	0.46	0.46	0	0	0.44
22300	0.46	0.46	0.46	0	0	0.46
22400	0.46	0.46	0.46	0	0	0.46
22500	0.46	0.46	0.46	0	0	0.46
22600	0.46	0.46	0.46	0	0	0.46
22700	0.46	0.46	0.46	0	0	0.46
22800	0.46	0.46	0.46	0	0	0.46
22900	0.44	0.46	0.46	0	0	0.44
23000	0.44	0.46	0.46	0	0	0.44
23100	0.44	0.46	0.46	0	0	0.44
23200	0.44	0.46	0.46	0	0	0.44
23300	0.44	0.46	0.46	0	0	0.44
23400	0.44	0.48	0.48	0	0	0.44
23500	0.44	0.46	0.46	0	0	0.44
23600	0.44	0.48	0.48	0	0	0.44
23700	0.46	0.48	0.48	0	0	0.46
23800	0.46	0.48	0.48	0	0	0.46
23900	0.46	0.48	0.48	0	0	0.46
24000	0.46	0.48	0.48	0	0	0.46
24100	0.46	0.48	0.48	0	0	0.46
24200	0.46	0.48	0.48	0	0	0.46
24300	0.46	0.46	0.46	0	0	0.46
24400	0.46	0.46	0.46	0	0	0.46
24500	0.46	0.46	0.46	0	0	0.46
24600	0.46	0.46	0.46	0	0	0.46
24700	0.46	0.46	0.46	0	0	0.46
24800	0.46	0.46	0.46	0	0	0.46
24900	0.46	0.46	0.46	0	0	0.46
25000	0.46	0.46	0.46	0	0	0.46
25100	0.44	0.46	0.46	0	0	0.44
25200	0.44	0.46	0.46	0	0	0.44
25300	0.44	0.46	0.46	0	0	0.44
25400	0.44	0.46	0.46	0	0	0.44
25500	0.44	0.46	0.46	0	0	0.44
25600	0.44	0.46	0.46	0	0	0.44
25700	0.44	0.46	0.46	0	0	0.44
25800	0.44	0.46	0.46	0	0	0.44
25900	0.44	0.46	0.46	0	0	0.44
26000	0.44	0.44	0.44	0	0	0.44
26100	0.44	0.44	0.44	0	0	0.44
26200	0.44	0.44	0.44	0	0	0.44
26300	0.44	0.44	0.44	0	0	0.44
26400	0.44	0.46	0.46	0	0	0.44
26500	0.46	0.46	0.46	0	0	0.46
26600	0.46	0.46	0.46	0	0	0.46
26700	0.46	0.46	0.46	0	0	0.46
26800	0.46	0.46	0.46	0	0	0.46
26900	0.46	0.46	0.46	0	0	0.46
27000	0.48	0.46	0.46	0	0	0.48
27100	0.48	0.46	0.46	0	0	0.48
27200	0.44	0.46	0.46	0	0	0.44
27300	0.44	0.46	0.46	0	0	0.44
27400	0.44	0.48	0.48	0	0	0.44
27500	0.44	0.48	0.48	0	0	0.44
27600	0.44	0.48	0.48	0	0	0.44
27700	0.44	0.48	0.48	0	0	0.44
27800	0.44	0.48	0.48	0	0	0.44
27900	0.44	0.48	0.48	0	0	0.44
28000	0.42	0.48	0.48	0	0	0.42
28100	0.42	0.48	0.48	0	0	0.42
28200	0.42	0.48	0.48	0	0	0.42
28300	0.42	0.48	0.48	0	0	0.42
28400	0.42	0.48	0.48	0	0	0.42
28500	0.42	0.48	0.48	0	0	0.42
28600	0.42	0.48	0.48	0	0	0.42
28700	0.42	0.48	0.48	0	0	0.42
28800	0.44	0.48	0.48	0	0	0.44
28900	0.44	0.48	0.48	0	0	0.44
29000	0.44	0.48	0.48	0	0	0.44
29100	0.44	0.48	0.48	0	0	0.44
29200	0.44	0.48	0.48	0	0	0.44
29300	0.44	0.48	0.48	0	0	0.44
29400	0.44	0.48	0.48	0	0	0.44
29500	0.44	0.48	0.48	0	0	0.44
29600	0.44	0.48	0.48	0	0	0.44
29700	0.44	0.48	0.48	0	0	0.44
29800	0.44	0.48	0.48	0	0	0.44
29900	0.44	0.48	0.48	0	0	0.44
30000	0.44	0.48	0.48	0	0	0.44
30100	0.44	0.48	0.48	0	0	0.44
30200	0.44	0.48	0.48	0	0	0.44
30300	0.44	0.48	0.48	0	0	0.44
30400	0.4	0.48	0.48	0	0	0.4
30500	0.4	0.48	0.48	0	0	0.4
30600	0.4	0.48	0.48	0	0	0.4
30700	0.4	0.48	0.48	0	0	0.4
30800	0.42	0.48	0.48	0	0	0.42
30900	0.42	0.48	0.48	0	0	0.42
31000	0.4	0.48	0.48	0	0	0.4
31100	0.38	0.48	0.48	0	0	0.38
31200	0.38	0.5	0.5	0	0	0.38
31300	0.38	0.5	0.5	0	0	0.38
31400	0.38	0.5	0.5	0	0	0.38
31500	0.36	0.5	0.5	0	0	0.36
31600	0.36	0.5	0.5	0	0	0.36
31700	0.36	0.5	0.5	0	0	0.36
31800	0.4	0.5	0.5	0	0	0.4
31900	0.4	0.5	0.5	0	0	0.4
32000	0.4	0.5	0.5	0	0	0.4
32100	0.4	0.5	0.5	0	0	0.4
32200	0.4	0.5	0.5	0	0	0.4
32300	0.4	0.5	0.5	0	0	0.4
32400	0.4	0.5	0.5	0	0	0.4
32500	0.4	0.5	0.5	0	0	0.4
32600	0.42	0.5	0.5	0	0	0.42
32700	0.42	0.5	0.5	0	0	0.42
32800	0.42	0.5	0.5	0	0	0.42
32900	0.42	0.52	0.52	0	0	0.42
33000	0.4	0.52	0.52	0	0	0.4
33100	0.4	0.52	0.52	0	0	0.4
33200	0.4	0.52	0.52	0	0	0.4
33300	0.4	0.52	0.52	0	0	0.4
33400	0.4	0.52	0.52	0	0	0.4
33500	0.4	0.5	0.5	0	0	0.4
33600	0.4	0.5	0.5	0	0	0.4
33700	0.4	0.5	0.5	0	0	0.4
33800	0.4	0.5	0.5	0	0	0.4
33900	0.4	0.5	0.5	0	0	0.4
34000	0.4	0.5	0.5	0	0	0.4
34100	0.4	0.5	0.5	0	0	0.4
34200	0.4	0.5	0.5	0	0	0.4
34300	0.4	0.5	0.5	0	0	0.4
34400	0.4	0.5	0.5	0	0	0.4
34500	0.4	0.5	0.5	0	0	0.4
34600	0.4	0.5	0.5	0	0	0.4
34700	0.4	0.5	0.5	0	0	0.4
34800	0.44	0.5	0.5	0	0	0.44
34900	0.44	0.5	0.5	0	0	0.44
35000	0.44	0.48	0.48	0	0	0.44
35100	0.44	0.48	0.48	0	0	0.44
35200	0.44	0.48	0.48	0	0	0.44
35300	0.44	0.48	0.48	0	0	0.44
35400	0.44	0.48	0.48	0	0	0.44
35500	0.44	0.48	0.48	0	0	0.44
35600	0.44	0.48	0.48	0	0	0.44
35700	0.44	0.48	0.48	0	0	0.44
35800	0.44	0.48	0.48	0	0	0.44
35900	0.44	0.48	0.48	0	0	0.44
36000	0.44	0.48	0.48	0	0	0.44
36100	0.44	0.48	0.48	0	0	0.44
36200	0.44	0.48	0.48	0	0	0.44
36300	0.44	0.48	0.48	0	0	0.44
36400	0.44	0.48	0.48	0	0	0.44
36500	0.44	0.48	0.48	0	0	0.44
36600	0.44	0.48	0.48	0	0	0.44
36700	0.44	0.46	0.46	0	0	0.44
36800	0.44	0.46	0.46	0	0	0.44
36900	0.44	0.46	0.46	0	0	0.44
37000	0.44	0.46	0.46	0	0	0.44
37100	0.44	0.46	0.46	0	0	0.44
37200	0.44	0.46	0.46	0	0	0.44
37300	0.44	0.46	0.46	0	0	0.44
37400	0.44	0.46	0.46	0	0	0.44
37500	0.44	0.46	0.46	0	0	0.44
37600	0.44	0.46	0.46	0	0	0.44
37700	0.44	0.46	0.46	0	0	0.44
37800	0.44	0.46	0.46	0	0	0.44
37900	0.44	0.46	0.46	0	0	0.44
38000	0.44	0.46	0.46	0	0	0.44
38100	0.44	0.46	0.46	0	0	0.44
38200	0.44	0.46	0.46	0	0	0.44
38300	0.44	0.46	0.46	0	0	0.44
38400	0.44	0.46	0.46	0	0	0.44
38500	0.44	0.46	0.46	0	0	0.44
38600	0.44	0.46	0.46	0	0	0.44
38700	0.44	0.44	0.44	0	0	0.44
38800	0.44	0.44	0.44	0	0	0.44
38900	0.44	0.44	0.44	0	0	0.44
39000	0.44	0.44	0.44	0	0	0.44
39100	0.44	0.44	0.44	0	0	0.44
39200	0.44	0.46	0.46	0	0	0.44
39300	0.44	0.44	0.44	0	0	0.44
39400	0.44	0.44	0.44	0	0	0.44
39500	0.46	0.42	0.42	0	0	0.46
39600	0.46	0.42	0.42	0	0	0.46
39700	0.46	0.42	0.42	0	0	0.46
39800	0.46	0.42	0.42	0	0	0.46
39900	0.44	0.42	0.42	0	0	0.44
40000	0.44	0.42	0.42	0	0	0.44
40100	0.44	0.42	0.42	0	0	0.44
40200	0.44	0.42	0.42	0	0	0.44
40300	0.44	0.42	0.42	0	0	0.44
40400	0.44	0.42	0.42	0	0	0.44
40500	0.44	0.42	0.42	0	0	0.44
40600	0.46	0.42	0.42	0	0	0.46
40700	0.44	0.42	0.42	0	0	0.44
40800	0.44	0.42	0.42	0	0	0.44
40900	0.44	0.42	0.42	0	0	0.44
41000	0.44	0.42	0.42	0	0	0.44
41100	0.44	0.42	0.42	0	0	0.44
41200	0.44	0.42	0.42	0	0	0.44
41300	0.44	0.44	0.44	0	0	0.44
41400	0.44	0.44	0.44	0	0	0.44
41500	0.46	0.44	0.44	0	0	0.46
41600	0.44	0.44	0.44	0	0	0.44
41700	0.44	0.44	0.44	0	0	0.44
41800	0.44	0.44	0.44	0	0	0.44
41900	0.44	0.46	0.46	0	0	0.44
42000	0.44	0.46	0.46	0	0	0.44
42100	0.44	0.46	0.46	0	0	0.44
42200	0.44	0.46	0.46	0	0	0.44
42300	0.44	0.46	0.46	0	0	0.44
42400	0.44	0.46	0.46	0	0	0.44
42500	0.44	0.46	0.46	0	0	0.44
42600	0.44	0.46	0.46	0	0	0.44
42700	0.44	0.46	0.46	0	0	0.44
42800	0.44	0.46	0.46	0	0	0.44
42900	0.44	0.48	0.48	0	0	0.44
43000	0.44	0.48	0.48	0	0	0.44
43100	0.44	0.48	0.48	0	0	0.44
43200	0.44	0.48	0.48	0	0	0.44
43300	0.44	0.48	0.48	0	0	0.44
43400	0.44	0.48	0.48	0	0	0.44
43500	0.44	0.48	0.48	0	0	0.44
43600	0.44	0.48	0.48	0	0	0.44
43700	0.46	0.48	0.48	0	0	0.46
43800	0.46	0.48	0.48	0	0	0.46
43900	0.46	0.48	0.48	0	0	0.46
44000	0.46	0.48	0.48	0	0	0.46
44100	0.46	0.48	0.48	0	0	0.46
44200	0.46	0.48	0.48	0	0	0.46
44300	0.46	0.48	0.48	0	0	0.46
44400	0.46	0.48	0.48	0	0	0.46
44500	0.46	0.48	0.48	0	0	0.46
44600	0.46	0.46	0.46	0	0	0.46
44700	0.46	0.46	0.46	0	0	0.46
44800	0.46	0.46	0.46	0	0	0.46
44900	0.46	0.46	0.46	0	0	0.46
45000	0.44	0.46	0.46	0	0	0.44
45100	0.42	0.46	0.46	0	0	0.42
45200	0.42	0.46	0.46	0	0	0.42
45300	0.42	0.46	0.46	0	0	0.42
45400	0.42	0.46	0.46	0	0	0.42
45500	0.42	0.46	0.46	0	0	0.42
45600	0.42	0.46	0.46	0	0	0.42
45700	0.42	0.46	0.46	0	0	0.42
45800	0.42	0.46	0.46	0	0	0.42
45900	0.42	0.46	0.46	0	0	0.42
46000	0.42	0.46	0.46	0	0	0.42
46100	0.42	0.48	0.48	0	0	0.42
46200	0.42	0.48	0.48	0	0	0.42
46300	0.42	0.48	0.48	0	0	0.42
46400	0.42	0.48	0.48	0	0	0.42
46500	0.44	0.48	0.48	0	0	0.44
46600	0.42	0.48	0.48	0	0	0.42
46700	0.42	0.48	0.48	0	0	0.42
46800	0.42	0.48	0.48	0	0	0.42
46900	0.42	0.48	0.48	0	0	0.42
47000	0.42	0.48	0.48	0	0	0.42
47100	0.42	0.48	0.48	0	0	0.42
47200	0.42	0.48	0.48	0	0	0.42
47300	0.42	0.46	0.46	0	0	0.42
47400	0.42	0.46	0.46	0	0	0.42
47500	0.4	0.46	0.46	0	0	0.4
47600	0.38	0.46	0.46	0	0	0.38
47700	0.38	0.46	0.46	0	0	0.38
47800	0.38	0.46	0.46	0	0	0.38
47900	0.38	0.46	0.46	0	0	0.38
48000	0.38	0.46	0.46	0	0	0.38
48100	0.38	0.46	0.46	0	0	0.38
48200	0.38	0.46	0.46	0	0	0.38
48300	0.4	0.46	0.46	0	0	0.4
48400	0.4	0.46	0.46	0	0	0.4
48500	0.4	0.46	0.46	0	0	0.4
48600	0.4	0.48	0.48	0	0	0.4
48700	0.4	0.48	0.48	0	0	0.4
48800	0.42	0.48	0.48	0	0	0.42
48900	0.42	0.48	0.48	0	0	0.42
49000	0.42	0.48	0.48	0	0	0.42
49100	0.42	0.48	0.48	0	0	0.42
49200	0.42	0.48	0.48	0	0	0.42
49300	0.42	0.48	0.48	0	0	0.42
49400	0.42	0.48	0.48	0	0	0.42
49500	0.42	0.5	0.5	0	0	0.42
49600	0.42	0.5	0.5	0	0	0.42
49700	0.42	0.5	0.5	0	0	0.42
49800	0.42	0.52	0.52	0	0	0.42
49900	0.42	0.52	0.52	0	0	0.42
50000	0.42	0.52	0.52	0	0	0.42
50100	0.42	0.52	0.52	0	0	0.42
50200	0.4	0.5	0.5	0	0	0.4
50300	0.4	0.5	0.5	0	0	0.4
50400	0.4	0.5	0.5	0	0	0.4
50500	0.42	0.48	0.48	0	0	0.42
50600	0.42	0.48	0.48	0	0	0.42
50700	0.42	0.48	0.48	0	0	0.42
50800	0.42	0.48	0.48	0	0	0.42
50900	0.42	0.5	0.5	0	0	0.42
51000	0.42	0.5	0.5	0	0	0.42
51100	0.42	0.5	0.5	0	0	0.42
51200	0.42	0.5	0.5	0	0	0.42
51300	0.42	0.5	0.5	0	0	0.42
51400	0.42	0.5	0.5	0	0	0.42
51500	0.42	0.52	0.52	0	0	0.42
51600	0.42	0.52	0.52	0	0	0.42
51700	0.42	0.52	0.52	0	0	0.42
51800	0.42	0.52	0.52	0	0	0.42
51900	0.42	0.52	0.52	0	0	0.42
52000	0.42	0.52	0.52	0	0	0.42
52100	0.42	0.52	0.52	0	0	0.42
52200	0.42	0.52	0.52	0	0	0.42
52300	0.42	0.52	0.52	0	0	0.42
52400	0.42	0.52	0.52	0	0	0.42
52500	0.42	0.52	0.52	0	0	0.42
52600	0.42	0.52	0.52	0	0	0.42
52700	0.42	0.52	0.52	0	0	0.42
52800	0.42	0.52	0.52	0	0	0.42
52900	0.42	0.5	0.5	0	0	0.42
53000	0.42	0.5	0.5	0	0	0.42
53100	0.42	0.5	0.5	0	0	0.42
53200	0.42	0.5	0.5	0	0	0.42
53300	0.42	0.5	0.5	0	0	0.42
53400	0.42	0.5	0.5	0	0	0.42
53500	0.42	0.5	0.5	0	0	0.42
53600	0.42	0.5	0.5	0	0	0.42
53700	0.42	0.48	0.48	0	0	0.42
53800	0.42	0.48	0.48	0	0	0.42
53900	0.42	0.48	0.48	0	0	0.42
54000	0.42	0.46	0.46	0	0	0.42
54100	0.42	0.46	0.46	0	0	0.42
54200	0.42	0.46	0.46	0	0	0.42
54300	0.42	0.46	0.46	0	0	0.42
54400	0.42	0.46	0.46	0	0	0.42
54500	0.42	0.46	0.46	0	0	0.42
54600	0.42	0.46	0.46	0	0	0.42
54700	0.42	0.46	0.46	0	0	0.42
54800	0.42	0.44	0.44	0	0	0.42
54900	0.42	0.44	0.44	0	0	0.42
55000	0.42	0.44	0.44	0	0	0.42
55100	0.42	0.44	0.44	0	0	0.42
55200	0.42	0.44	0.44	0	0	0.42
55300	0.42	0.44	0.44	0	0	0.42
55400	0.42	0.44	0.44	0	0	0.42
55500	0.42	0.44	0.44	0	0	0.42
55600	0.42	0.44	0.44	0	0	0.42
55700	0.42	0.44	0.44	0	0	0.42
55800	0.42	0.44	0.44	0	0	0.42
55900	0.42	0.44	0.44	0	0	0.42
56000	0.42	0.44	0.44	0	0	0.42
56100	0.42	0.44	0.44	0	0	0.42
56200	0.42	0.44	0.44	0	0	0.42
56300	0.42	0.44	0.44	0	0	0.42
56400	0.42	0.44	0.44	0	0	0.42
56500	0.44	0.44	0.44	0	0	0.44
56600	0.44	0.44	0.44	0	0	0.44
56700	0.44	0.44	0.44	0	0	0.44
56800	0.44	0.44	0.44	0	0	0.44
56900	0.44	0.44	0.44	0	0	0.44
57000	0.44	0.44	0.44	0	0	0.44
57100	0.44	0.44	0.44	0	0	0.44
57200	0.46	0.44	0.44	0	0	0.46
57300	0.46	0.44	0.44	0	0	0.46
57400	0.46	0.44	0.44	0	0	0.46
57500	0.46	0.44	0.44	0	0	0.46
57600	0.46	0.44	0.44	0	0	0.46
57700	0.46	0.44	0.44	0	0	0.46
57800	0.46	0.44	0.44	0	0	0.46
57900	0.46	0.44	0.44	0	0	0.46
58000	0.46	0.44	0.44	0	0	0.46
58100	0.46	0.44	0.44	0	0	0.46
58200	0.46	0.44	0.44	0	0	0.46
58300	0.46	0.44	0.44	0	0	0.46
58400	0.46	0.44	0.44	0	0	0.46
58500	0.46	0.44	0.44	0	0	0.46
58600	0.46	0.44	0.44	0	0	0.46
58700	0.46	0.44	0.44	0	0	0.46
58800	0.46	0.44	0.44	0	0	0.46
58900	0.46	0.44	0.44	0	0	0.46
59000	0.46	0.44	0.44	0	0	0.46
59100	0.46	0.44	0.44	0	0	0.46
59200	0.46	0.44	0.44	0	0	0.46
59300	0.46	0.44	0.44	0	0	0.46
59400	0.46	0.44	0.44	0	0	0.46
59500	0.46	0.44	0.44	0	0	0.46
59600	0.46	0.46	0.46	0	0	0.46
59700	0.46	0.46	0.46	0	0	0.46
59800	0.46	0.46	0.46	0	0	0.46
59900	0.44	0.46	0.46	0	0	0.44
60000	0.44	0.46	0.46	0	0	0.44
60100	0.44	0.46	0.46	0	0	0.44
60200	0.44	0.46	0.46	0	0	0.44
60300	0.44	0.46	0.46	0	0	0.44
60400	0.44	0.46	0.46	0	0	0.44
60500	0.44	0.46	0.46	0	0	0.44
60600	0.44	0.46	0.46	0	0	0.44
60700	0.44	0.46	0.46	0	0	0.44
60800	0.44	0.46	0.46	0	0	0.44
60900	0.44	0.46	0.46	0	0	0.44
61000	0.44	0.44	0.44	0	0	0.44
61100	0.44	0.44	0.44	0	0	0.44
61200	0.44	0.44	0.44	0	0	0.44
61300	0.46	0.46	0.46	0	0	0.46
61400	0.46	0.46	0.46	0	0	0.46
61500	0.46	0.46	0.46	0	0	0.46
61600	0.46	0.46	0.46	0	0	0.46
61700	0.46	0.48	0.48	0	0	0.46
61800	0.46	0.48	0.48	0	0	0.46
61900	0.46	0.48	0.48	0	0	0.46
62000	0.46	0.48	0.48	0	0	0.46
62100	0.46	0.48	0.48	0	0	0.46
62200	0.46	0.48	0.48	0	0	0.46
62300	0.46	0.48	0.48	0	0	0.46
62400	0.46	0.48	0.48	0	0	0.46
62500	0.46	0.48	0.48	0	0	0.46
62600	0.46	0.48	0.48	0	0	0.46
62700	0.46	0.48	0.48	0	0	0.46
62800	0.46	0.48	0.48	0	0	0.46
62900	0.46	0.46	0.46	0	0	0.46
63000	0.46	0.46	0.46	0	0	0.46
63100	0.46	0.46	0.46	0	0	0.46
63200	0.46	0.46	0.46	0	0	0.46
63300	0.46	0.46	0.46	0	0	0.46
63400	0.46	0.46	0.46	0	0	0.46
63500	0.46	0.46	0.46	0	0	0.46
63600	0.46	0.46	0.46	0	0	0.46
63700	0.46	0.44	0.44	0	0	0.46
63800	0.46	0.44	0.44	0	0	0.46
63900	0.48	0.44	0.44	0	0	0.48
64000	0.48	0.44	0.44	0	0	0.48
64100	0.48	0.44	0.44	0	0	0.48
64200	0.48	0.44	0.44	0	0	0.48
64300	0.48	0.44	0.44	0	0	0.48
64400	0.48	0.44	0.44	0	0	0.48
64500	0.48	0.44	0.44	0	0	0.48
64600	0.48	0.44	0.44	0	0	0.48
64700	0.48	0.44	0.44	0	0	0.48
64800	0.48	0.44	0.44	0	0	0.48
64900	0.48	0.44	0.44	0	0	0.48
65000	0.48	0.44	0.44	0	0	0.48
65100	0.48	0.44	0.44	0	0	0.48
65200	0.48	0.44	0.44	0	0	0.48
65300	0.48	0.44	0.44	0	0	0.48
65400	0.48	0.44	0.44	0	0	0.48
65500	0.48	0.44	0.44	0	0	0.48
65600	0.48	0.44	0.44	0	0	0.48
65700	0.48	0.44	0.44	0	0	0.48
65800	0.48	0.44	0.44	0	0	0.48
65900	0.48	0.44	0.44	0	0	0.48
66000	0.5	0.44	0.44	0	0	0.5
66100	0.5	0.44	0.44	0	0	0.5
66200	0.5	0.44	0.44	0	0	0.5
66300	0.5	0.44	0.44	0	0	0.5
66400	0.5	0.44	0.44	0	0	0.5
66500	0.5	0.44	0.44	0	0	0.5
66600	0.5	0.44	0.44	0	0	0.5
66700	0.52	0.42	0.42	0	0	0.52
66800	0.5	0.42	0.42	0	0	0.5
66900	0.5	0.42	0.42	0	0	0.5
67000	0.5	0.42	0.42	0	0	0.5
67100	0.5	0.42	0.42	0	0	0.5
67200	0.5	0.42	0.42	0	0	0.5
67300	0.5	0.42	0.42	0	0	0.5
67400	0.5	0.42	0.42	0	0	0.5
67500	0.5	0.42	0.42	0	0	0.5
67600	0.5	0.42	0.42	0	0	0.5
67700	0.5	0.42	0.42	0	0	0.5
67800	0.5	0.42	0.42	0	0	0.5
67900	0.5	0.42	0.42	0	0	0.5
68000	0.48	0.42	0.42	0	0	0.48
68100	0.48	0.42	0.42	0	0	0.48
68200	0.48	0.42	0.42	0	0	0.48
68300	0.48	0.42	0.42	0	0	0.48
68400	0.5	0.42	0.42	0	0	0.5
68500	0.5	0.42	0.42	0	0	0.5
68600	0.5	0.42	0.42	0	0	0.5
68700	0.5	0.42	0.42	0	0	0.5
68800	0.5	0.42	0.42	0	0	0.5
68900	0.5	0.42	0.42	0	0	0.5
69000	0.5	0.4	0.4	0	0	0.5
69100	0.5	0.4	0.4	0	0	0.5
69200	0.5	0.4	0.4	0	0	0.5
69300	0.5	0.4	0.4	0	0	0.5
69400	0.5	0.4	0.4	0	0	0.5
69500	0.5	0.4	0.4	0	0	0.5
69600	0.5	0.4	0.4	0	0	0.5
69700	0.5	0.4	0.4	0	0	0.5
69800	0.5	0.4	0.4	0	0	0.5
69900	0.5	0.4	0.4	0	0	0.5
70000	0.5	0.38	0.38	0	0	0.5
70100	0.5	0.38	0.38	0	0	0.5
70200	0.5	0.38	0.38	0	0	0.5
70300	0.5	0.38	0.38	0	0	0.5
70400	0.5	0.38	0.38	0	0	0.5
70500	0.5	0.38	0.38	0	0	0.5
70600	0.5	0.38	0.38	0	0	0.5
70700	0.5	0.38	0.38	0	0	0.5
70800	0.5	0.38	0.38	0	0	0.5
70900	0.5	0.38	0.38	0	0	0.5
71000	0.5	0.38	0.38	0	0	0.5
71100	0.5	0.38	0.38	0	0	0.5
71200	0.5	0.38	0.38	0	0	0.5
71300	0.5	0.38	0.38	0	0	0.5
71400	0.5	0.38	0.38	0	0	0.5
71500	0.5	0.38	0.38	0	0	0.5
71600	0.5	0.4	0.4	0	0	0.5
71700	0.5	0.4	0.4	0	0	0.5
71800	0.5	0.42	0.42	0	0	0.5
71900	0.5	0.42	0.42	0	0	0.5
72000	0.5	0.42	0.42	0	0	0.5
72100	0.5	0.42	0.42	0	0	0.5
72200	0.5	0.42	0.42	0	0	0.5
72300	0.5	0.42	0.42	0	0	0.5
72400	0.5	0.42	0.42	0	0	0.5
72500	0.5	0.42	0.42	0	0	0.5
72600	0.5	0.42	0.42	0	0	0.5
72700	0.5	0.42	0.42	0	0	0.5
72800	0.5	0.42	0.42	0	0	0.5
72900	0.5	0.42	0.42	0	0	0.5
73000	0.5	0.42	0.42	0	0	0.5
73100	0.5	0.42	0.42	0	0	0.5
73200	0.5	0.42	0.42	0	0	0.5
73300	0.5	0.4	0.4	0	0	0.5
73400	0.5	0.4	0.4	0	0	0.5
73500	0.5	0.4	0.4	0	0	0.5
73600	0.5	0.4	0.4	0	0	0.5
73700	0.5	0.4	0.4	0	0	0.5
73800	0.5	0.4	0.4	0	0	0.5
73900	0.5	0.4	0.4	0	0	0.5
74000	0.5	0.4	0.4	0	0	0.5
74100	0.5	0.4	0.4	0	0	0.5
74200	0.5	0.42	0.42	0	0	0.5
74300	0.5	0.44	0.44	0	0	0.5
74400	0.5	0.44	0.44	0	0	0.5
74500	0.5	0.44	0.44	0	0	0.5
74600	0.5	0.44	0.44	0	0	0.5
74700	0.52	0.44	0.44	0	0	0.52
74800	0.52	0.44	0.44	0	0	0.52
74900	0.52	0.44	0.44	0	0	0.52
75000	0.52	0.44	0.44	0	0	0.52
75100	0.52	0.44	0.44	0	0	0.52
75200	0.52	0.44	0.44	0	0	0.52
75300	0.52	0.44	0.44	0	0	0.52
75400	0.52	0.44	0.44	0	0	0.52
75500	0.52	0.44	0.44	0	0	0.52
75600	0.52	0.44	0.44	0	0	0.52
75700	0.52	0.44	0.44	0	0	0.52
75800	0.52	0.44	0.44	0	0	0.52
75900	0.52	0.42	0.42	0	0	0.52
76000	0.52	0.44	0.44	0	0	0.52
76100	0.52	0.42	0.42	0	0	0.52
76200	0.52	0.42	0.42	0	0	0.52
76300	0.52	0.42	0.42	0	0	0.52
76400	0.52	0.42	0.42	0	0	0.52
76500	0.52	0.42	0.42	0	0	0.52
76600	0.52	0.42	0.42	0	0	0.52
76700	0.52	0.42	0.42	0	0	0.52
76800	0.52	0.44	0.44	0	0	0.52
76900	0.52	0.44	0.44	0	0	0.52
77000	0.52	0.44	0.44	0	0	0.52
77100	0.52	0.44	0.44	0	0	0.52
77200	0.5	0.44	0.44	0	0	0.5
77300	0.5	0.44	0.44	0	0	0.5
77400	0.5	0.44	0.44	0	0	0.5
77500	0.5	0.44	0.44	0	0	0.5
77600	0.5	0.44	0.44	0	0	0.5
77700	0.5	0.44	0.44	0	0	0.5
77800	0.5	0.44	0.44	0	0	0.5
77900	0.5	0.44	0.44	0	0	0.5
78000	0.5	0.44	0.44	0	0	0.5
78100	0.5	0.44	0.44	0	0	0.5
78200	0.5	0.44	0.44	0	0	0.5
78300	0.5	0.44	0.44	0	0	0.5
78400	0.5	0.44	0.44	0	0	0.5
78500	0.5	0.44	0.44	0	0	0.5
78600	0.5	0.44	0.44	0	0	0.5
78700	0.5	0.44	0.44	0	0	0.5
78800	0.48	0.44	0.44	0	0	0.48
78900	0.5	0.44	0.44	0	0	0.5
79000	0.5	0.44	0.44	0	0	0.5
79100	0.5	0.44	0.44	0	0	0.5
79200	0.5	0.44	0.44	0	0	0.5
79300	0.5	0.44	0.44	0	0	0.5
79400	0.5	0.44	0.44	0	0	0.5
79500	0.5	0.44	0.44	0	0	0.5
79600	0.5	0.44	0.44	0	0	0.5
79700	0.5	0.44	0.44	0	0	0.5
79800	0.5	0.44	0.44	0	0	0.5
79900	0.5	0.44	0.44	0	0	0.5
80000	0.5	0.44	0.44	0	0	0.5
80100	0.5	0.44	0.44	0	0	0.5
80200	0.5	0.44	0.44	0	0	0.5
80300	0.5	0.42	0.42	0	0	0.5
80400	0.5	0.42	0.42	0	0	0.5
80500	0.52	0.42	0.42	0	0	0.52
80600	0.52	0.42	0.42	0	0	0.52
80700	0.52	0.42	0.42	0	0	0.52
80800	0.52	0.42	0.42	0	0	0.52
80900	0.52	0.44	0.44	0	0	0.52
81000	0.52	0.44	0.44	0	0	0.52
81100	0.52	0.44	0.44	0	0	0.52
81200	0.52	0.44	0.44	0	0	0.52
81300	0.52	0.44	0.44	0	0	0.52
81400	0.52	0.44	0.44	0	0	0.52
81500	0.52	0.44	0.44	0	0	0.52
81600	0.52	0.44	0.44	0	0	0.52
81700	0.52	0.44	0.44	0	0	0.52
81800	0.52	0.44	0.44	0	0	0.52
81900	0.52	0.44	0.44	0	0	0.52
82000	0.52	0.42	0.42	0	0	0.52
82100	0.52	0.42	0.42	0	0	0.52
82200	0.52	0.42	0.42	0	0	0.52
82300	0.52	0.42	0.42	0	0	0.52
82400	0.52	0.42	0.42	0	0	0.52
82500	0.52	0.42	0.42	0	0	0.52
82600	0.52	0.42	0.42	0	0	0.52
82700	0.52	0.42	0.42	0	0	0.52
82800	0.52	0.42	0.42	0	0	0.52
82900	0.52	0.42	0.42	0	0	0.52
83000	0.52	0.42	0.42	0	0	0.52
83100	0.52	0.42	0.42	0	0	0.52
83200	0.52	0.42	0.42	0	0	0.52
83300	0.52	0.42	0.42	0	0	0.52
83400	0.52	0.42	0.42	0	0	0.52
83500	0.52	0.42	0.42	0	0	0.52
83600	0.52	0.42	0.42	0	0	0.52
83700	0.5	0.42	0.42	0	0	0.5
83800	0.5	0.42	0.42	0	0	0.5
83900	0.5	0.42	0.42	0	0	0.5
84000	0.5	0.42	0.42	0	0	0.5
84100	0.5	0.42	0.42	0	0	0.5
84200	0.5	0.42	0.42	0	0	0.5
84300	0.5	0.42	0.42	0	0	0.5
84400	0.5	0.42	0.42	0	0	0.5
84500	0.5	0.42	0.42	0	0	0.5
84600	0.5	0.42	0.42	0	0	0.5
84700	0.5	0.42	0.42	0	0	0.5
84800	0.5	0.42	0.42	0	0	0.5
84900	0.5	0.42	0.42	0	0	0.5
85000	0.52	0.42	0.42	0	0	0.52
85100	0.52	0.42	0.42	0	0	0.52
85200	0.52	0.42	0.42	0	0	0.52
85300	0.52	0.42	0.42	0	0	0.52
85400	0.52	0.42	0.42	0	0	0.52
85500	0.52	0.42	0.42	0	0	0.52
85600	0.52	0.42	0.42	0	0	0.52
85700	0.52	0.42	0.42	0	0	0.52
85800	0.5	0.42	0.42	0	0	0.5
85900	0.5	0.42	0.42	0	0	0.5
86000	0.5	0.42	0.42	0	0	0.5
86100	0.5	0.42	0.42	0	0	0.5
86200	0.52	0.42	0.42	0	0	0.52
86300	0.52	0.42	0.42	0	0	0.52
86400	0.52	0.42	0.42	0	0	0.52
86500	0.52	0.42	0.42	0	0	0.52
86600	0.52	0.42	0.42	0	0	0.52
86700	0.52	0.42	0.42	0	0	0.52
86800	0.52	0.42	0.42	0	0	0.52
86900	0.52	0.42	0.42	0	0	0.52
87000	0.52	0.42	0.42	0	0	0.52
87100	0.52	0.42	0.42	0	0	0.52
87200	0.52	0.42	0.42	0	0	0.52
87300	0.52	0.42	0.42	0	0	0.52
87400	0.52	0.42	0.42	0	0	0.52
87500	0.52	0.42	0.42	0	0	0.52
87600	0.52	0.42	0.42	0	0	0.52
87700	0.52	0.42	0.42	0	0	0.52
87800	0.52	0.42	0.42	0	0	0.52
87900	0.52	0.42	0.42	0	0	0.52
88000	0.52	0.42	0.42	0	0	0.52
88100	0.54	0.42	0.42	0	0	0.54
88200	0.54	0.42	0.42	0	0	0.54
88300	0.54	0.42	0.42	0	0	0.54
88400	0.54	0.42	0.42	0	0	0.54
88500	0.54	0.42	0.42	0	0	0.54
88600	0.54	0.42	0.42	0	0	0.54
88700	0.54	0.4	0.4	0	0	0.54
88800	0.54	0.4	0.4	0	0	0.54
88900	0.54	0.4	0.4	0	0	0.54
89000	0.54	0.4	0.4	0	0	0.54
89100	0.54	0.4	0.4	0	0	0.54
89200	0.54	0.4	0.4	0	0	0.54
89300	0.54	0.4	0.4	0	0	0.54
89400	0.54	0.42	0.42	0	0	0.54
89500	0.52	0.42	0.42	0	0	0.52
89600	0.52	0.42	0.42	0	0	0.52
89700	0.52	0.42	0.42	0	0	0.52
89800	0.52	0.42	0.42	0	0	0.52
89900	0.52	0.42	0.42	0	0	0.52
90000	0.52	0.42	0.42	0	0	0.52
90100	0.52	0.42	0.42	0	0	0.52
90200	0.52	0.42	0.42	0	0	0.52
90300	0.52	0.42	0.42	0	0	0.52
90400	0.52	0.42	0.42	0	0	0.52
90500	0.52	0.42	0.42	0	0	0.52
90600	0.52	0.42	0.42	0	0	0.52
90700	0.52	0.4	0.4	0	0	0.52
90800	0.52	0.4	0.4	0	0	0.52
90900	0.52	0.4	0.4	0	0	0.52
91000	0.52	0.4	0.4	0	0	0.52
91100	0.52	0.4	0.4	0	0	0.52
91200	0.52	0.4	0.4	0	0	0.52
91300	0.52	0.4	0.4	0	0	0.52
91400	0.52	0.4	0.4	0	0	0.52
91500	0.52	0.4	0.4	0	0	0.52
91600	0.52	0.4	0.4	0	0	0.52
91700	0.52	0.4	0.4	0	0	0.52
91800	0.52	0.4	0.4	0	0	0.52
91900	0.54	0.4	0.4	0	0	0.54
92000	0.54	0.4	0.4	0	0	0.54
92100	0.52	0.42	0.42	0	0	0.52
92200	0.52	0.42	0.42	0	0	0.52
92300	0.52	0.42	0.42	0	0	0.52
92400	0.52	0.42	0.42	0	0	0.52
92500	0.52	0.42	0.42	0	0	0.52
92600	0.52	0.42	0.42	0	0	0.52
92700	0.52	0.42	0.42	0	0	0.52
92800	0.52	0.42	0.42	0	0	0.52
92900	0.52	0.42	0.42	0	0	0.52
93000	0.54	0.42	0.42	0	0	0.54
93100	0.54	0.42	0.42	0	0	0.54
93200	0.54	0.42	0.42	0	0	0.54
93300	0.54	0.42	0.42	0	0	0.54
93400	0.54	0.42	0.42	0	0	0.54
93500	0.54	0.42	0.42	0	0	0.54
93600	0.54	0.42	0.42	0	0	0.54
93700	0.54	0.42	0.42	0	0	0.54
93800	0.54	0.42	0.42	0	0	0.54
93900	0.54	0.42	0.42	0	0	0.54
94000	0.54	0.42	0.42	0	0	0.54
94100	0.54	0.42	0.42	0	0	0.54
94200	0.54	0.42	0.42	0	0	0.54
94300	0.54	0.42	0.42	0	0	0.54
94400	0.54	0.42	0.42	0	0	0.54
94500	0.56	0.42	0.42	0	0	0.56
94600	0.56	0.42	0.42	0	0	0.56
94700	0.56	0.42	0.42	0	0	0.56
94800	0.56	0.42	0.42	0	0	0.56
94900	0.56	0.42	0.42	0	0	0.56
95000	0.58	0.42	0.42	0	0	0.58
95100	0.56	0.42	0.42	0	0	0.56
95200	0.56	0.42	0.42	0	0	0.56
95300	0.56	0.42	0.42	0	0	0.56
95400	0.56	0.42	0.42	0	0	0.56
95500	0.56	0.42	0.42	0	0	0.56
95600	0.56	0.42	0.42	0	0	0.56
95700	0.56	0.42	0.42	0	0	0.56
95800	0.56	0.42	0.42	0	0	0.56
95900	0.56	0.42	0.42	0	0	0.56
96000	0.56	0.42	0.42	0	0	0.56
96100	0.56	0.42	0.42	0	0	0.56
96200	0.54	0.42	0.42	0	0	0.54
96300	0.54	0.42	0.42	0	0	0.54
96400	0.54	0.42	0.42	0	0	0.54
96500	0.54	0.42	0.42	0	0	0.54
96600	0.54	0.42	0.42	0	0	0.54
96700	0.54	0.4	0.4	0	0	0.54
96800	0.54	0.42	0.42	0	0	0.54
96900	0.54	0.42	0.42	0	0	0.54
97000	0.54	0.42	0.42	0	0	0.54
97100	0.54	0.42	0.42	0	0	0.54
97200	0.54	0.42	0.42	0	0	0.54
97300	0.54	0.42	0.42	0	0	0.54
97400	0.54	0.42	0.42	0	0	0.54
97500	0.52	0.42	0.42	0	0	0.52
97600	0.52	0.42	0.42	0	0	0.52
97700	0.52	0.42	0.42	0	0	0.52
97800	0.54	0.42	0.42	0	0	0.54
97900	0.54	0.42	0.42	0	0	0.54
98000	0.54	0.42	0.42	0	0	0.54
98100	0.54	0.42	0.42	0	0	0.54
98200	0.54	0.42	0.42	0	0	0.54
98300	0.54	0.42	0.42	0	0	0.54
98400	0.54	0.44	0.44	0	0	0.54
98500	0.54	0.44	0.44	0	0	0.54
98600	0.54	0.44	0.44	0	0	0.54
98700	0.54	0.44	0.44	0	0	0.54
98800	0.54	0.44	0.44	0	0	0.54
98900	0.54	0.44	0.44	0	0	0.54
99000	0.54	0.44	0.44	0	0	0.54
99100	0.54	0.44	0.44	0	0	0.54
99200	0.54	0.44	0.44	0	0	0.54
99300	0.54	0.44	0.44	0	0	0.54
99400	0.54	0.44	0.44	0	0	0.54
99500	0.54	0.44	0.44	0	0	0.54
99600	0.54	0.46	0.46	0	0	0.54
99700	0.54	0.46	0.46	0	0	0.54
99800	0.54	0.46	0.46	0	0	0.54
99900	0.54	0.46	0.46	0	0	0.54
100000	0.54	0.46	0.46	0	0	0.54
