100	0.08	0.1	0.1	0	0	0.08
200	0.08	0.12	0.12	0	0	0.08
300	0.1	0.16	0.16	0	0	0.1
400	0.12	0.18	0.18	0	0	0.12
500	0.12	0.22	0.22	0	0	0.12
600	0.12	0.24	0.24	0	0	0.12
700	0.12	0.28	0.28	0	0	0.12
800	0.14	0.28	0.28	0	0	0.14
900	0.14	0.28	0.28	0	0	0.14
1000	0.2	0.3	0.3	0	0	0.2
1100	0.2	0.32	0.32	0	0	0.2
1200	0.2	0.32	0.32	0	0	0.2
1300	0.22	0.32	0.32	0	0	0.22
1400	0.26	0.3	0.3	0	0	0.26
1500	0.26	0.32	0.32	0	0	0.26
1600	0.28	0.36	0.36	0	0	0.28
1700	0.28	0.34	0.34	0	0	0.28
1800	0.3	0.34	0.34	0	0	0.3
1900	0.32	0.34	0.34	0	0	0.32
2000	0.32	0.36	0.36	0	0	0.32
2100	0.32	0.38	0.38	0	0	0.32
2200	0.34	0.38	0.38	0	0	0.34
2300	0.34	0.38	0.38	0	0	0.34
2400	0.34	0.42	0.42	0	0	0.34
2500	0.34	0.42	0.42	0	0	0.34
2600	0.34	0.42	0.42	0	0	0.34
2700	0.36	0.44	0.44	0	0	0.36
2800	0.36	0.44	0.44	0	0	0.36
2900	0.36	0.44	0.44	0	0	0.36
3000	0.36	0.44	0.44	0	0	0.36
3100	0.36	0.44	0.44	0	0	0.36
3200	0.36	0.44	0.44	0	0	0.36
3300	0.36	0.46	0.46	0	0	0.36
3400	0.4	0.44	0.44	0	0	0.4
3500	0.4	0.44	0.44	0	0	0.4
3600	0.4	0.42	0.42	0	0	0.4
3700	0.4	0.42	0.42	0	0	0.4
3800	0.4	0.42	0.42	0	0	0.4
3900	0.4	0.42	0.42	0	0	0.4
4000	0.4	0.44	0.44	0	0	0.4
4100	0.4	0.44	0.44	0	0	0.4
4200	0.4	0.44	0.44	0	0	0.4
4300	0.4	0.44	0.44	0	0	0.4
4400	0.4	0.44	0.44	0	0	0.4
4500	0.4	0.44	0.44	0	0	0.4
4600	0.4	0.44	0.44	0	0	0.4
4700	0.4	0.44	0.44	0	0	0.4
4800	0.4	0.44	0.44	0	0	0.4
4900	0.38	0.46	0.46	0	0	0.38
5000	0.38	0.46	0.46	0	0	0.38
5100	0.36	0.46	0.46	0	0	0.36
5200	0.36	0.46	0.46	0	0	0.36
5300	0.36	0.44	0.44	0	0	0.36
5400	0.36	0.44	0.44	0	0	0.36
5500	0.36	0.44	0.44	0	0	0.36
5600	0.36	0.42	0.42	0	0	0.36
5700	0.36	0.42	0.42	0	0	0.36
5800	0.38	0.42	0.42	0	0	0.38
5900	0.38	0.44	0.44	0	0	0.38
6000	0.38	0.44	0.44	0	0	0.38
6100	0.38	0.46	0.46	0	0	0.38
6200	0.38	0.46	0.46	0	0	0.38
6300	0.38	0.48	0.48	0	0	0.38
6400	0.38	0.48	0.48	0	0	0.38
6500	0.4	0.48	0.48	0	0	0.4
6600	0.4	0.52	0.52	0	0	0.4
6700	0.4	0.54	0.54	0	0	0.4
6800	0.4	0.54	0.54	0	0	0.4
6900	0.42	0.54	0.54	0	0	0.42
7000	0.42	0.54	0.54	0	0	0.42
7100	0.42	0.54	0.54	0	0	0.42
7200	0.42	0.56	0.56	0	0	0.42
7300	0.42	0.56	0.56	0	0	0.42
7400	0.42	0.56	0.56	0	0	0.42
7500	0.42	0.56	0.56	0	0	0.42
7600	0.42	0.56	0.56	0	0	0.42
7700	0.42	0.54	0.54	0	0	0.42
7800	0.4	0.54	0.54	0	0	0.4
7900	0.4	0.54	0.54	0	0	0.4
8000	0.4	0.54	0.54	0	0	0.4
8100	0.4	0.54	0.54	0	0	0.4
8200	0.4	0.54	0.54	0	0	0.4
8300	0.4	0.54	0.54	0	0	0.4
8400	0.4	0.54	0.54	0	0	0.4
8500	0.4	0.54	0.54	0	0	0.4
8600	0.4	0.54	0.54	0	0	0.4
8700	0.4	0.54	0.54	0	0	0.4
8800	0.42	0.54	0.54	0	0	0.42
8900	0.42	0.54	0.54	0	0	0.42
9000	0.42	0.54	0.54	0	0	0.42
9100	0.42	0.54	0.54	0	0	0.42
9200	0.42	0.54	0.54	0	0	0.42
9300	0.42	0.54	0.54	0	0	0.42
9400	0.42	0.54	0.54	0	0	0.42
9500	0.42	0.54	0.54	0	0	0.42
9600	0.42	0.56	0.56	0	0	0.42
9700	0.42	0.56	0.56	0	0	0.42
9800	0.42	0.56	0.56	0	0	0.42
9900	0.42	0.58	0.58	0	0	0.42
10000	0.42	0.58	0.58	0	0	0.42
10100	0.42	0.58	0.58	0	0	0.42
10200	0.42	0.58	0.58	0	0	0.42
10300	0.42	0.58	0.58	0	0	0.42
10400	0.42	0.58	0.58	0	0	0.42
10500	0.42	0.58	0.58	0	0	0.42
10600	0.42	0.58	0.58	0	0	0.42
10700	0.42	0.58	0.58	0	0	0.42
10800	0.42	0.58	0.58	0	0	0.42
10900	0.42	0.58	0.58	0	0	0.42
11000	0.42	0.58	0.58	0	0	0.42
11100	0.42	0.58	0.58	0	0	0.42
11200	0.42	0.58	0.58	0	0	0.42
11300	0.42	0.58	0.58	0	0	0.42
11400	0.42	0.58	0.58	0	0	0.42
11500	0.42	0.58	0.58	0	0	0.42
11600	0.42	0.56	0.56	0	0	0.42
11700	0.4	0.56	0.56	0	0	0.4
11800	0.4	0.56	0.56	0	0	0.4
11900	0.4	0.56	0.56	0	0	0.4
12000	0.4	0.56	0.56	0	0	0.4
12100	0.4	0.56	0.56	0	0	0.4
12200	0.4	0.56	0.56	0	0	0.4
12300	0.4	0.56	0.56	0	0	0.4
12400	0.4	0.56	0.56	0	0	0.4
12500	0.4	0.56	0.56	0	0	0.4
12600	0.4	0.56	0.56	0	0	0.4
12700	0.4	0.56	0.56	0	0	0.4
12800	0.4	0.56	0.56	0	0	0.4
12900	0.4	0.56	0.56	0	0	0.4
13000	0.4	0.56	0.56	0	0	0.4
13100	0.4	0.56	0.56	0	0	0.4
13200	0.38	0.56	0.56	0	0	0.38
13300	0.38	0.56	0.56	0	0	0.38
13400	0.38	0.56	0.56	0	0	0.38
13500	0.38	0.56	0.56	0	0	0.38
13600	0.38	0.56	0.56	0	0	0.38
13700	0.38	0.56	0.56	0	0	0.38
13800	0.38	0.56	0.56	0	0	0.38
13900	0.38	0.54	0.54	0	0	0.38
14000	0.38	0.54	0.54	0	0	0.38
14100	0.38	0.54	0.54	0	0	0.38
14200	0.38	0.54	0.54	0	0	0.38
14300	0.38	0.54	0.54	0	0	0.38
14400	0.38	0.54	0.54	0	0	0.38
14500	0.38	0.54	0.54	0	0	0.38
14600	0.38	0.54	0.54	0	0	0.38
14700	0.38	0.56	0.56	0	0	0.38
14800	0.38	0.56	0.56	0	0	0.38
14900	0.38	0.56	0.56	0	0	0.38
15000	0.38	0.56	0.56	0	0	0.38
15100	0.38	0.56	0.56	0	0	0.38
15200	0.38	0.56	0.56	0	0	0.38
15300	0.38	0.54	0.54	0	0	0.38
15400	0.38	0.54	0.54	0	0	0.38
15500	0.38	0.54	0.54	0	0	0.38
15600	0.38	0.54	0.54	0	0	0.38
15700	0.38	0.54	0.54	0	0	0.38
15800	0.38	0.54	0.54	0	0	0.38
15900	0.38	0.54	0.54	0	0	0.38
16000	0.38	0.54	0.54	0	0	0.38
16100	0.38	0.54	0.54	0	0	0.38
16200	0.38	0.54	0.54	0	0	0.38
16300	0.38	0.54	0.54	0	0	0.38
16400	0.38	0.54	0.54	0	0	0.38
16500	0.38	0.54	0.54	0	0	0.38
16600	0.38	0.54	0.54	0	0	0.38
16700	0.38	0.54	0.54	0	0	0.38
16800	0.38	0.56	0.56	0	0	0.38
16900	0.38	0.56	0.56	0	0	0.38
17000	0.38	0.54	0.54	0	0	0.38
17100	0.38	0.54	0.54	0	0	0.38
17200	0.38	0.54	0.54	0	0	0.38
17300	0.38	0.54	0.54	0	0	0.38
17400	0.38	0.54	0.54	0	0	0.38
17500	0.38	0.54	0.54	0	0	0.38
17600	0.36	0.54	0.54	0	0	0.36
17700	0.36	0.54	0.54	0	0	0.36
17800	0.34	0.54	0.54	0	0	0.34
17900	0.34	0.54	0.54	0	0	0.34
18000	0.34	0.54	0.54	0	0	0.34
18100	0.34	0.54	0.54	0	0	0.34
18200	0.34	0.54	0.54	0	0	0.34
18300	0.34	0.54	0.54	0	0	0.34
18400	0.34	0.54	0.54	0	0	0.34
18500	0.34	0.54	0.54	0	0	0.34
18600	0.34	0.54	0.54	0	0	0.34
18700	0.34	0.54	0.54	0	0	0.34
18800	0.34	0.54	0.54	0	0	0.34
18900	0.34	0.52	0.52	0	0	0.34
19000	0.36	0.52	0.52	0	0	0.36
19100	0.36	0.52	0.52	0	0	0.36
19200	0.36	0.52	0.52	0	0	0.36
19300	0.36	0.52	0.52	0	0	0.36
19400	0.36	0.52	0.52	0	0	0.36
19500	0.36	0.52	0.52	0	0	0.36
19600	0.36	0.52	0.52	0	0	0.36
19700	0.36	0.52	0.52	0	0	0.36
19800	0.36	0.52	0.52	0	0	0.36
19900	0.36	0.52	0.52	0	0	0.36
20000	0.36	0.52	0.52	0	0	0.36
20100	0.36	0.52	0.52	0	0	0.36
20200	0.36	0.52	0.52	0	0	0.36
20300	0.36	0.52	0.52	0	0	0.36
20400	0.36	0.52	0.52	0	0	0.36
20500	0.36	0.52	0.52	0	0	0.36
20600	0.36	0.54	0.54	0	0	0.36
20700	0.38	0.54	0.54	0	0	0.38
20800	0.36	0.54	0.54	0	0	0.36
20900	0.36	0.54	0.54	0	0	0.36
21000	0.36	0.54	0.54	0	0	0.36
21100	0.36	0.54	0.54	0	0	0.36
21200	0.36	0.54	0.54	0	0	0.36
21300	0.36	0.52	0.52	0	0	0.36
21400	0.36	0.52	0.52	0	0	0.36
21500	0.36	0.52	0.52	0	0	0.36
21600	0.36	0.52	0.52	0	0	0.36
21700	0.36	0.52	0.52	0	0	0.36
21800	0.36	0.52	0.52	0	0	0.36
21900	0.34	0.52	0.52	0	0	0.34
22000	0.34	0.52	0.52	0	0	0.34
22100	0.34	0.52	0.52	0	0	0.34
22200	0.34	0.52	0.52	0	0	0.34
22300	0.34	0.52	0.52	0	0	0.34
22400	0.34	0.52	0.52	0	0	0.34
22500	0.34	0.52	0.52	0	0	0.34
22600	0.34	0.52	0.52	0	0	0.34
22700	0.34	0.52	0.52	0	0	0.34
22800	0.34	0.5	0.5	0	0	0.34
22900	0.34	0.5	0.5	0	0	0.34
23000	0.34	0.5	0.5	0	0	0.34
23100	0.34	0.5	0.5	0	0	0.34
23200	0.34	0.5	0.5	0	0	0.34
23300	0.34	0.5	0.5	0	0	0.34
23400	0.34	0.5	0.5	0	0	0.34
23500	0.34	0.5	0.5	0	0	0.34
23600	0.34	0.48	0.48	0	0	0.34
23700	0.34	0.48	0.48	0	0	0.34
23800	0.34	0.48	0.48	0	0	0.34
23900	0.34	0.48	0.48	0	0	0.34
24000	0.34	0.48	0.48	0	0	0.34
24100	0.34	0.48	0.48	0	0	0.34
24200	0.36	0.48	0.48	0	0	0.36
24300	0.36	0.48	0.48	0	0	0.36
24400	0.36	0.48	0.48	0	0	0.36
24500	0.36	0.48	0.48	0	0	0.36
24600	0.36	0.48	0.48	0	0	0.36
24700	0.36	0.48	0.48	0	0	0.36
24800	0.36	0.48	0.48	0	0	0.36
24900	0.38	0.46	0.46	0	0	0.38
25000	0.38	0.46	0.46	0	0	0.38
25100	0.38	0.46	0.46	0	0	0.38
25200	0.38	0.48	0.48	0	0	0.38
25300	0.38	0.48	0.48	0	0	0.38
25400	0.38	0.48	0.48	0	0	0.38
25500	0.38	0.48	0.48	0	0	0.38
25600	0.38	0.5	0.5	0	0	0.38
25700	0.38	0.48	0.48	0	0	0.38
25800	0.38	0.48	0.48	0	0	0.38
25900	0.38	0.48	0.48	0	0	0.38
26000	0.38	0.48	0.48	0	0	0.38
26100	0.38	0.48	0.48	0	0	0.38
26200	0.4	0.48	0.48	0	0	0.4
26300	0.4	0.48	0.48	0	0	0.4
26400	0.4	0.5	0.5	0	0	0.4
26500	0.4	0.5	0.5	0	0	0.4
26600	0.4	0.5	0.5	0	0	0.4
26700	0.4	0.44	0.44	0	0	0.4
26800	0.4	0.44	0.44	0	0	0.4
26900	0.42	0.44	0.44	0	0	0.42
27000	0.42	0.46	0.46	0	0	0.42
27100	0.42	0.46	0.46	0	0	0.42
27200	0.42	0.46	0.46	0	0	0.42
27300	0.42	0.46	0.46	0	0	0.42
27400	0.42	0.46	0.46	0	0	0.42
27500	0.44	0.46	0.46	0	0	0.44
27600	0.44	0.46	0.46	0	0	0.44
27700	0.44	0.46	0.46	0	0	0.44
27800	0.44	0.46	0.46	0	0	0.44
27900	0.44	0.46	0.46	0	0	0.44
28000	0.44	0.46	0.46	0	0	0.44
28100	0.46	0.46	0.46	0	0	0.46
28200	0.44	0.46	0.46	0	0	0.44
28300	0.44	0.46	0.46	0	0	0.44
28400	0.44	0.46	0.46	0	0	0.44
28500	0.44	0.46	0.46	0	0	0.44
28600	0.44	0.46	0.46	0	0	0.44
28700	0.44	0.46	0.46	0	0	0.44
28800	0.44	0.48	0.48	0	0	0.44
28900	0.44	0.48	0.48	0	0	0.44
29000	0.44	0.48	0.48	0	0	0.44
29100	0.44	0.48	0.48	0	0	0.44
29200	0.44	0.48	0.48	0	0	0.44
29300	0.46	0.48	0.48	0	0	0.46
29400	0.44	0.48	0.48	0	0	0.44
29500	0.44	0.48	0.48	0	0	0.44
29600	0.44	0.48	0.48	0	0	0.44
29700	0.44	0.48	0.48	0	0	0.44
29800	0.44	0.48	0.48	0	0	0.44
29900	0.44	0.48	0.48	0	0	0.44
30000	0.44	0.48	0.48	0	0	0.44
30100	0.44	0.48	0.48	0	0	0.44
30200	0.44	0.5	0.5	0	0	0.44
30300	0.44	0.5	0.5	0	0	0.44
30400	0.44	0.5	0.5	0	0	0.44
30500	0.44	0.5	0.5	0	0	0.44
30600	0.46	0.5	0.5	0	0	0.46
30700	0.46	0.5	0.5	0	0	0.46
30800	0.46	0.5	0.5	0	0	0.46
30900	0.46	0.5	0.5	0	0	0.46
31000	0.44	0.5	0.5	0	0	0.44
31100	0.44	0.5	0.5	0	0	0.44
31200	0.44	0.5	0.5	0	0	0.44
31300	0.44	0.5	0.5	0	0	0.44
31400	0.44	0.5	0.5	0	0	0.44
31500	0.44	0.5	0.5	0	0	0.44
31600	0.44	0.52	0.52	0	0	0.44
31700	0.44	0.52	0.52	0	0	0.44
31800	0.44	0.52	0.52	0	0	0.44
31900	0.44	0.52	0.52	0	0	0.44
32000	0.44	0.52	0.52	0	0	0.44
32100	0.46	0.52	0.52	0	0	0.46
32200	0.44	0.52	0.52	0	0	0.44
32300	0.44	0.54	0.54	0	0	0.44
32400	0.44	0.54	0.54	0	0	0.44
32500	0.44	0.54	0.54	0	0	0.44
32600	0.44	0.54	0.54	0	0	0.44
32700	0.44	0.54	0.54	0	0	0.44
32800	0.44	0.54	0.54	0	0	0.44
32900	0.44	0.54	0.54	0	0	0.44
33000	0.44	0.54	0.54	0	0	0.44
33100	0.44	0.54	0.54	0	0	0.44
33200	0.44	0.54	0.54	0	0	0.44
33300	0.44	0.54	0.54	0	0	0.44
33400	0.44	0.54	0.54	0	0	0.44
33500	0.44	0.54	0.54	0	0	0.44
33600	0.44	0.54	0.54	0	0	0.44
33700	0.44	0.54	0.54	0	0	0.44
33800	0.44	0.54	0.54	0	0	0.44
33900	0.44	0.54	0.54	0	0	0.44
34000	0.44	0.54	0.54	0	0	0.44
34100	0.44	0.52	0.52	0	0	0.44
34200	0.44	0.52	0.52	0	0	0.44
34300	0.44	0.52	0.52	0	0	0.44
34400	0.44	0.52	0.52	0	0	0.44
34500	0.44	0.54	0.54	0	0	0.44
34600	0.44	0.54	0.54	0	0	0.44
34700	0.44	0.54	0.54	0	0	0.44
34800	0.44	0.54	0.54	0	0	0.44
34900	0.44	0.54	0.54	0	0	0.44
35000	0.44	0.54	0.54	0	0	0.44
35100	0.44	0.54	0.54	0	0	0.44
35200	0.44	0.54	0.54	0	0	0.44
35300	0.44	0.54	0.54	0	0	0.44
35400	0.44	0.54	0.54	0	0	0.44
35500	0.44	0.54	0.54	0	0	0.44
35600	0.44	0.54	0.54	0	0	0.44
35700	0.44	0.54	0.54	0	0	0.44
35800	0.44	0.54	0.54	0	0	0.44
35900	0.44	0.54	0.54	0	0	0.44
36000	0.44	0.54	0.54	0	0	0.44
36100	0.44	0.54	0.54	0	0	0.44
36200	0.44	0.54	0.54	0	0	0.44
36300	0.44	0.54	0.54	0	0	0.44
36400	0.44	0.54	0.54	0	0	0.44
36500	0.46	0.52	0.52	0	0	0.46
36600	0.46	0.52	0.52	0	0	0.46
36700	0.46	0.52	0.52	0	0	0.46
36800	0.46	0.52	0.52	0	0	0.46
36900	0.46	0.52	0.52	0	0	0.46
37000	0.46	0.52	0.52	0	0	0.46
37100	0.46	0.52	0.52	0	0	0.46
37200	0.46	0.52	0.52	0	0	0.46
37300	0.46	0.52	0.52	0	0	0.46
37400	0.46	0.52	0.52	0	0	0.46
37500	0.46	0.52	0.52	0	0	0.46
37600	0.46	0.52	0.52	0	0	0.46
37700	0.46	0.52	0.52	0	0	0.46
37800	0.46	0.52	0.52	0	0	0.46
37900	0.46	0.52	0.52	0	0	0.46
38000	0.46	0.52	0.52	0	0	0.46
38100	0.46	0.52	0.52	0	0	0.46
38200	0.46	0.52	0.52	0	0	0.46
38300	0.46	0.5	0.5	0	0	0.46
38400	0.46	0.5	0.5	0	0	0.46
38500	0.46	0.5	0.5	0	0	0.46
38600	0.46	0.5	0.5	0	0	0.46
38700	0.46	0.5	0.5	0	0	0.46
38800	0.46	0.5	0.5	0	0	0.46
38900	0.46	0.5	0.5	0	0	0.46
39000	0.46	0.5	0.5	0	0	0.46
39100	0.46	0.5	0.5	0	0	0.46
39200	0.46	0.5	0.5	0	0	0.46
39300	0.46	0.5	0.5	0	0	0.46
39400	0.46	0.5	0.5	0	0	0.46
39500	0.46	0.5	0.5	0	0	0.46
39600	0.46	0.5	0.5	0	0	0.46
39700	0.46	0.5	0.5	0	0	0.46
39800	0.46	0.5	0.5	0	0	0.46
39900	0.46	0.5	0.5	0	0	0.46
40000	0.46	0.5	0.5	0	0	0.46
40100	0.46	0.5	0.5	0	0	0.46
40200	0.46	0.5	0.5	0	0	0.46
40300	0.46	0.5	0.5	0	0	0.46
40400	0.46	0.5	0.5	0	0	0.46
40500	0.46	0.5	0.5	0	0	0.46
40600	0.46	0.5	0.5	0	0	0.46
40700	0.46	0.52	0.52	0	0	0.46
40800	0.46	0.52	0.52	0	0	0.46
40900	0.46	0.52	0.52	0	0	0.46
41000	0.44	0.52	0.52	0	0	0.44
41100	0.44	0.52	0.52	0	0	0.44
41200	0.44	0.52	0.52	0	0	0.44
41300	0.42	0.52	0.52	0	0	0.42
41400	0.42	0.52	0.52	0	0	0.42
41500	0.42	0.52	0.52	0	0	0.42
41600	0.42	0.52	0.52	0	0	0.42
41700	0.42	0.52	0.52	0	0	0.42
41800	0.42	0.52	0.52	0	0	0.42
41900	0.42	0.52	0.52	0	0	0.42
42000	0.42	0.52	0.52	0	0	0.42
42100	0.42	0.52	0.52	0	0	0.42
42200	0.42	0.5	0.5	0	0	0.42
42300	0.42	0.5	0.5	0	0	0.42
42400	0.42	0.5	0.5	0	0	0.42
42500	0.42	0.5	0.5	0	0	0.42
42600	0.42	0.5	0.5	0	0	0.42
42700	0.42	0.5	0.5	0	0	0.42
42800	0.42	0.5	0.5	0	0	0.42
42900	0.42	0.5	0.5	0	0	0.42
43000	0.42	0.5	0.5	0	0	0.42
43100	0.42	0.5	0.5	0	0	0.42
43200	0.42	0.5	0.5	0	0	0.42
43300	0.42	0.5	0.5	0	0	0.42
43400	0.42	0.5	0.5	0	0	0.42
43500	0.42	0.5	0.5	0	0	0.42
43600	0.42	0.5	0.5	0	0	0.42
43700	0.42	0.5	0.5	0	0	0.42
43800	0.42	0.5	0.5	0	0	0.42
43900	0.42	0.5	0.5	0	0	0.42
44000	0.42	0.5	0.5	0	0	0.42
44100	0.42	0.5	0.5	0	0	0.42
44200	0.42	0.5	0.5	0	0	0.42
44300	0.42	0.5	0.5	0	0	0.42
44400	0.42	0.5	0.5	0	0	0.42
44500	0.42	0.5	0.5	0	0	0.42
44600	0.42	0.5	0.5	0	0	0.42
44700	0.44	0.5	0.5	0	0	0.44
44800	0.46	0.5	0.5	0	0	0.46
44900	0.46	0.5	0.5	0	0	0.46
45000	0.46	0.52	0.52	0	0	0.46
45100	0.46	0.52	0.52	0	0	0.46
45200	0.46	0.52	0.52	0	0	0.46
45300	0.46	0.52	0.52	0	0	0.46
45400	0.46	0.52	0.52	0	0	0.46
45500	0.46	0.52	0.52	0	0	0.46
45600	0.46	0.52	0.52	0	0	0.46
45700	0.46	0.52	0.52	0	0	0.46
45800	0.46	0.52	0.52	0	0	0.46
45900	0.46	0.52	0.52	0	0	0.46
46000	0.46	0.52	0.52	0	0	0.46
46100	0.46	0.52	0.52	0	0	0.46
46200	0.46	0.52	0.52	0	0	0.46
46300	0.46	0.52	0.52	0	0	0.46
46400	0.46	0.52	0.52	0	0	0.46
46500	0.46	0.52	0.52	0	0	0.46
46600	0.46	0.52	0.52	0	0	0.46
46700	0.46	0.52	0.52	0	0	0.46
46800	0.46	0.52	0.52	0	0	0.46
46900	0.46	0.52	0.52	0	0	0.46
47000	0.46	0.52	0.52	0	0	0.46
47100	0.46	0.52	0.52	0	0	0.46
47200	0.46	0.5	0.5	0	0	0.46
47300	0.46	0.5	0.5	0	0	0.46
47400	0.46	0.5	0.5	0	0	0.46
47500	0.46	0.5	0.5	0	0	0.46
47600	0.46	0.5	0.5	0	0	0.46
47700	0.46	0.5	0.5	0	0	0.46
47800	0.46	0.5	0.5	0	0	0.46
47900	0.46	0.5	0.5	0	0	0.46
48000	0.46	0.5	0.5	0	0	0.46
48100	0.46	0.5	0.5	0	0	0.46
48200	0.46	0.5	0.5	0	0	0.46
48300	0.46	0.5	0.5	0	0	0.46
48400	0.46	0.5	0.5	0	0	0.46
48500	0.46	0.5	0.5	0	0	0.46
48600	0.46	0.5	0.5	0	0	0.46
48700	0.46	0.5	0.5	0	0	0.46
48800	0.46	0.5	0.5	0	0	0.46
48900	0.46	0.5	0.5	0	0	0.46
49000	0.46	0.5	0.5	0	0	0.46
49100	0.46	0.5	0.5	0	0	0.46
49200	0.46	0.5	0.5	0	0	0.46
49300	0.48	0.5	0.5	0	0	0.48
49400	0.48	0.5	0.5	0	0	0.48
49500	0.48	0.5	0.5	0	0	0.48
49600	0.48	0.5	0.5	0	0	0.48
49700	0.48	0.5	0.5	0	0	0.48
49800	0.48	0.5	0.5	0	0	0.48
49900	0.48	0.5	0.5	0	0	0.48
50000	0.48	0.5	0.5	0	0	0.48
50100	0.48	0.5	0.5	0	0	0.48
50200	0.48	0.5	0.5	0	0	0.48
50300	0.48	0.5	0.5	0	0	0.48
50400	0.48	0.5	0.5	0	0	0.48
50500	0.48	0.5	0.5	0	0	0.48
50600	0.48	0.5	0.5	0	0	0.48
50700	0.48	0.5	0.5	0	0	0.48
50800	0.48	0.5	0.5	0	0	0.48
50900	0.48	0.5	0.5	0	0	0.48
51000	0.48	0.5	0.5	0	0	0.48
51100	0.48	0.5	0.5	0	0	0.48
51200	0.48	0.5	0.5	0	0	0.48
51300	0.48	0.5	0.5	0	0	0.48
51400	0.48	0.5	0.5	0	0	0.48
51500	0.48	0.5	0.5	0	0	0.48
51600	0.46	0.5	0.5	0	0	0.46
51700	0.46	0.5	0.5	0	0	0.46
51800	0.46	0.5	0.5	0	0	0.46
51900	0.46	0.5	0.5	0	0	0.46
52000	0.46	0.5	0.5	0	0	0.46
52100	0.46	0.5	0.5	0	0	0.46
52200	0.46	0.5	0.5	0	0	0.46
52300	0.46	0.5	0.5	0	0	0.46
52400	0.46	0.5	0.5	0	0	0.46
52500	0.46	0.5	0.5	0	0	0.46
52600	0.46	0.5	0.5	0	0	0.46
52700	0.46	0.5	0.5	0	0	0.46
52800	0.46	0.5	0.5	0	0	0.46
52900	0.46	0.5	0.5	0	0	0.46
53000	0.46	0.5	0.5	0	0	0.46
53100	0.46	0.5	0.5	0	0	0.46
53200	0.46	0.5	0.5	0	0	0.46
53300	0.46	0.5	0.5	0	0	0.46
53400	0.46	0.5	0.5	0	0	0.46
53500	0.46	0.5	0.5	0	0	0.46
53600	0.46	0.5	0.5	0	0	0.46
53700	0.46	0.5	0.5	0	0	0.46
53800	0.46	0.5	0.5	0	0	0.46
53900	0.46	0.5	0.5	0	0	0.46
54000	0.46	0.5	0.5	0	0	0.46
54100	0.46	0.5	0.5	0	0	0.46
54200	0.46	0.5	0.5	0	0	0.46
54300	0.46	0.5	0.5	0	0	0.46
54400	0.44	0.5	0.5	0	0	0.44
54500	0.42	0.5	0.5	0	0	0.42
54600	0.42	0.5	0.5	0	0	0.42
54700	0.42	0.5	0.5	0	0	0.42
54800	0.42	0.5	0.5	0	0	0.42
54900	0.42	0.5	0.5	0	0	0.42
55000	0.42	0.5	0.5	0	0	0.42
55100	0.42	0.5	0.5	0	0	0.42
55200	0.44	0.5	0.5	0	0	0.44
55300	0.44	0.5	0.5	0	0	0.44
55400	0.44	0.5	0.5	0	0	0.44
55500	0.44	0.5	0.5	0	0	0.44
55600	0.44	0.5	0.5	0	0	0.44
55700	0.44	0.52	0.52	0	0	0.44
55800	0.44	0.5	0.5	0	0	0.44
55900	0.44	0.5	0.5	0	0	0.44
56000	0.44	0.5	0.5	0	0	0.44
56100	0.44	0.5	0.5	0	0	0.44
56200	0.44	0.52	0.52	0	0	0.44
56300	0.44	0.52	0.52	0	0	0.44
56400	0.44	0.52	0.52	0	0	0.44
56500	0.44	0.52	0.52	0	0	0.44
56600	0.44	0.54	0.54	0	0	0.44
56700	0.44	0.54	0.54	0	0	0.44
56800	0.44	0.54	0.54	0	0	0.44
56900	0.44	0.54	0.54	0	0	0.44
57000	0.44	0.54	0.54	0	0	0.44
57100	0.44	0.54	0.54	0	0	0.44
57200	0.44	0.54	0.54	0	0	0.44
57300	0.44	0.54	0.54	0	0	0.44
57400	0.44	0.54	0.54	0	0	0.44
57500	0.44	0.54	0.54	0	0	0.44
57600	0.44	0.54	0.54	0	0	0.44
57700	0.44	0.54	0.54	0	0	0.44
57800	0.44	0.54	0.54	0	0	0.44
57900	0.44	0.56	0.56	0	0	0.44
58000	0.44	0.56	0.56	0	0	0.44
58100	0.44	0.56	0.56	0	0	0.44
58200	0.44	0.56	0.56	0	0	0.44
58300	0.44	0.56	0.56	0	0	0.44
58400	0.44	0.56	0.56	0	0	0.44
58500	0.44	0.56	0.56	0	0	0.44
58600	0.44	0.56	0.56	0	0	0.44
58700	0.44	0.56	0.56	0	0	0.44
58800	0.44	0.56	0.56	0	0	0.44
58900	0.44	0.54	0.54	0	0	0.44
59000	0.44	0.54	0.54	0	0	0.44
59100	0.44	0.54	0.54	0	0	0.44
59200	0.44	0.54	0.54	0	0	0.44
59300	0.44	0.54	0.54	0	0	0.44
59400	0.44	0.54	0.54	0	0	0.44
59500	0.44	0.54	0.54	0	0	0.44
59600	0.44	0.54	0.54	0	0	0.44
59700	0.44	0.52	0.52	0	0	0.44
59800	0.44	0.52	0.52	0	0	0.44
59900	0.44	0.52	0.52	0	0	0.44
60000	0.44	0.52	0.52	0	0	0.44
60100	0.44	0.52	0.52	0	0	0.44
60200	0.44	0.52	0.52	0	0	0.44
60300	0.44	0.52	0.52	0	0	0.44
60400	0.44	0.52	0.52	0	0	0.44
60500	0.44	0.5	0.5	0	0	0.44
60600	0.44	0.5	0.5	0	0	0.44
60700	0.44	0.5	0.5	0	0	0.44
60800	0.44	0.5	0.5	0	0	0.44
60900	0.44	0.52	0.52	0	0	0.44
61000	0.44	0.52	0.52	0	0	0.44
61100	0.44	0.52	0.52	0	0	0.44
61200	0.44	0.52	0.52	0	0	0.44
61300	0.44	0.52	0.52	0	0	0.44
61400	0.44	0.52	0.52	0	0	0.44
61500	0.44	0.52	0.52	0	0	0.44
61600	0.44	0.52	0.52	0	0	0.44
61700	0.44	0.52	0.52	0	0	0.44
61800	0.44	0.52	0.52	0	0	0.44
61900	0.44	0.52	0.52	0	0	0.44
62000	0.44	0.52	0.52	0	0	0.44
62100	0.44	0.52	0.52	0	0	0.44
62200	0.44	0.52	0.52	0	0	0.44
62300	0.44	0.52	0.52	0	0	0.44
62400	0.44	0.52	0.52	0	0	0.44
62500	0.44	0.52	0.52	0	0	0.44
62600	0.44	0.52	0.52	0	0	0.44
62700	0.44	0.52	0.52	0	0	0.44
62800	0.44	0.52	0.52	0	0	0.44
62900	0.44	0.52	0.52	0	0	0.44
63000	0.44	0.52	0.52	0	0	0.44
63100	0.44	0.52	0.52	0	0	0.44
63200	0.44	0.54	0.54	0	0	0.44
63300	0.44	0.54	0.54	0	0	0.44
63400	0.44	0.54	0.54	0	0	0.44
63500	0.44	0.54	0.54	0	0	0.44
63600	0.44	0.54	0.54	0	0	0.44
63700	0.44	0.54	0.54	0	0	0.44
63800	0.44	0.54	0.54	0	0	0.44
63900	0.44	0.54	0.54	0	0	0.44
64000	0.44	0.54	0.54	0	0	0.44
64100	0.44	0.54	0.54	0	0	0.44
64200	0.44	0.54	0.54	0	0	0.44
64300	0.44	0.54	0.54	0	0	0.44
64400	0.44	0.54	0.54	0	0	0.44
64500	0.44	0.54	0.54	0	0	0.44
64600	0.44	0.54	0.54	0	0	0.44
64700	0.44	0.54	0.54	0	0	0.44
64800	0.44	0.54	0.54	0	0	0.44
64900	0.44	0.54	0.54	0	0	0.44
65000	0.44	0.54	0.54	0	0	0.44
65100	0.44	0.54	0.54	0	0	0.44
65200	0.44	0.54	0.54	0	0	0.44
65300	0.44	0.52	0.52	0	0	0.44
65400	0.44	0.52	0.52	0	0	0.44
65500	0.44	0.52	0.52	0	0	0.44
65600	0.44	0.5	0.5	0	0	0.44
65700	0.44	0.5	0.5	0	0	0.44
65800	0.44	0.5	0.5	0	0	0.44
65900	0.44	0.5	0.5	0	0	0.44
66000	0.44	0.5	0.5	0	0	0.44
66100	0.44	0.5	0.5	0	0	0.44
66200	0.46	0.5	0.5	0	0	0.46
66300	0.44	0.5	0.5	0	0	0.44
66400	0.44	0.5	0.5	0	0	0.44
66500	0.42	0.52	0.52	0	0	0.42
66600	0.42	0.52	0.52	0	0	0.42
66700	0.42	0.52	0.52	0	0	0.42
66800	0.42	0.52	0.52	0	0	0.42
66900	0.42	0.52	0.52	0	0	0.42
67000	0.42	0.52	0.52	0	0	0.42
67100	0.42	0.52	0.52	0	0	0.42
67200	0.42	0.5	0.5	0	0	0.42
67300	0.4	0.5	0.5	0	0	0.4
67400	0.42	0.5	0.5	0	0	0.42
67500	0.42	0.5	0.5	0	0	0.42
67600	0.42	0.5	0.5	0	0	0.42
67700	0.42	0.5	0.5	0	0	0.42
67800	0.42	0.5	0.5	0	0	0.42
67900	0.42	0.5	0.5	0	0	0.42
68000	0.42	0.5	0.5	0	0	0.42
68100	0.42	0.5	0.5	0	0	0.42
68200	0.42	0.52	0.52	0	0	0.42
68300	0.42	0.52	0.52	0	0	0.42
68400	0.4	0.52	0.52	0	0	0.4
68500	0.4	0.52	0.52	0	0	0.4
68600	0.4	0.52	0.52	0	0	0.4
68700	0.4	0.52	0.52	0	0	0.4
68800	0.4	0.52	0.52	0	0	0.4
68900	0.4	0.52	0.52	0	0	0.4
69000	0.38	0.52	0.52	0	0	0.38
69100	0.38	0.52	0.52	0	0	0.38
69200	0.4	0.52	0.52	0	0	0.4
69300	0.4	0.52	0.52	0	0	0.4
69400	0.4	0.52	0.52	0	0	0.4
69500	0.36	0.52	0.52	0	0	0.36
69600	0.36	0.54	0.54	0	0	0.36
69700	0.36	0.54	0.54	0	0	0.36
69800	0.36	0.54	0.54	0	0	0.36
69900	0.36	0.54	0.54	0	0	0.36
70000	0.36	0.54	0.54	0	0	0.36
70100	0.36	0.54	0.54	0	0	0.36
70200	0.36	0.54	0.54	0	0	0.36
70300	0.36	0.54	0.54	0	0	0.36
70400	0.36	0.54	0.54	0	0	0.36
70500	0.36	0.54	0.54	0	0	0.36
70600	0.36	0.54	0.54	0	0	0.36
70700	0.36	0.54	0.54	0	0	0.36
70800	0.36	0.56	0.56	0	0	0.36
70900	0.36	0.58	0.58	0	0	0.36
71000	0.38	0.58	0.58	0	0	0.38
71100	0.38	0.58	0.58	0	0	0.38
71200	0.38	0.58	0.58	0	0	0.38
71300	0.38	0.58	0.58	0	0	0.38
71400	0.38	0.58	0.58	0	0	0.38
71500	0.38	0.58	0.58	0	0	0.38
71600	0.38	0.58	0.58	0	0	0.38
71700	0.38	0.58	0.58	0	0	0.38
71800	0.38	0.58	0.58	0	0	0.38
71900	0.38	0.58	0.58	0	0	0.38
72000	0.38	0.58	0.58	0	0	0.38
72100	0.38	0.58	0.58	0	0	0.38
72200	0.38	0.58	0.58	0	0	0.38
72300	0.38	0.58	0.58	0	0	0.38
72400	0.4	0.58	0.58	0	0	0.4
72500	0.4	0.58	0.58	0	0	0.4
72600	0.4	0.58	0.58	0	0	0.4
72700	0.4	0.58	0.58	0	0	0.4
72800	0.4	0.58	0.58	0	0	0.4
72900	0.4	0.58	0.58	0	0	0.4
73000	0.4	0.58	0.58	0	0	0.4
73100	0.4	0.58	0.58	0	0	0.4
73200	0.4	0.58	0.58	0	0	0.4
73300	0.4	0.58	0.58	0	0	0.4
73400	0.4	0.58	0.58	0	0	0.4
73500	0.4	0.56	0.56	0	0	0.4
73600	0.4	0.56	0.56	0	0	0.4
73700	0.4	0.58	0.58	0	0	0.4
73800	0.4	0.58	0.58	0	0	0.4
73900	0.4	0.58	0.58	0	0	0.4
74000	0.4	0.58	0.58	0	0	0.4
74100	0.4	0.58	0.58	0	0	0.4
74200	0.4	0.58	0.58	0	0	0.4
74300	0.4	0.58	0.58	0	0	0.4
74400	0.4	0.58	0.58	0	0	0.4
74500	0.4	0.58	0.58	0	0	0.4
74600	0.4	0.58	0.58	0	0	0.4
74700	0.4	0.58	0.58	0	0	0.4
74800	0.4	0.56	0.56	0	0	0.4
74900	0.4	0.58	0.58	0	0	0.4
75000	0.4	0.58	0.58	0	0	0.4
75100	0.4	0.58	0.58	0	0	0.4
75200	0.38	0.58	0.58	0	0	0.38
75300	0.38	0.58	0.58	0	0	0.38
75400	0.38	0.56	0.56	0	0	0.38
75500	0.38	0.56	0.56	0	0	0.38
75600	0.38	0.56	0.56	0	0	0.38
75700	0.38	0.56	0.56	0	0	0.38
75800	0.38	0.56	0.56	0	0	0.38
75900	0.38	0.56	0.56	0	0	0.38
76000	0.38	0.56	0.56	0	0	0.38
76100	0.38	0.54	0.54	0	0	0.38
76200	0.38	0.54	0.54	0	0	0.38
76300	0.38	0.54	0.54	0	0	0.38
76400	0.38	0.54	0.54	0	0	0.38
76500	0.38	0.54	0.54	0	0	0.38
76600	0.4	0.54	0.54	0	0	0.4
76700	0.4	0.54	0.54	0	0	0.4
76800	0.4	0.54	0.54	0	0	0.4
76900	0.4	0.54	0.54	0	0	0.4
77000	0.4	0.54	0.54	0	0	0.4
77100	0.4	0.54	0.54	0	0	0.4
77200	0.4	0.54	0.54	0	0	0.4
77300	0.4	0.54	0.54	0	0	0.4
77400	0.4	0.54	0.54	0	0	0.4
77500	0.4	0.54	0.54	0	0	0.4
77600	0.4	0.54	0.54	0	0	0.4
77700	0.4	0.56	0.56	0	0	0.4
77800	0.4	0.56	0.56	0	0	0.4
77900	0.4	0.56	0.56	0	0	0.4
78000	0.4	0.54	0.54	0	0	0.4
78100	0.4	0.54	0.54	0	0	0.4
78200	0.4	0.54	0.54	0	0	0.4
78300	0.4	0.54	0.54	0	0	0.4
78400	0.4	0.54	0.54	0	0	0.4
78500	0.4	0.54	0.54	0	0	0.4
78600	0.4	0.54	0.54	0	0	0.4
78700	0.4	0.56	0.56	0	0	0.4
78800	0.4	0.56	0.56	0	0	0.4
78900	0.42	0.56	0.56	0	0	0.42
79000	0.42	0.56	0.56	0	0	0.42
79100	0.42	0.56	0.56	0	0	0.42
79200	0.42	0.54	0.54	0	0	0.42
79300	0.42	0.54	0.54	0	0	0.42
79400	0.42	0.54	0.54	0	0	0.42
79500	0.42	0.54	0.54	0	0	0.42
79600	0.42	0.54	0.54	0	0	0.42
79700	0.42	0.54	0.54	0	0	0.42
79800	0.42	0.56	0.56	0	0	0.42
79900	0.42	0.56	0.56	0	0	0.42
80000	0.42	0.56	0.56	0	0	0.42
80100	0.42	0.56	0.56	0	0	0.42
80200	0.42	0.56	0.56	0	0	0.42
80300	0.42	0.56	0.56	0	0	0.42
80400	0.42	0.56	0.56	0	0	0.42
80500	0.42	0.56	0.56	0	0	0.42
80600	0.42	0.56	0.56	0	0	0.42
80700	0.42	0.56	0.56	0	0	0.42
80800	0.42	0.56	0.56	0	0	0.42
80900	0.42	0.56	0.56	0	0	0.42
81000	0.42	0.56	0.56	0	0	0.42
81100	0.42	0.56	0.56	0	0	0.42
81200	0.42	0.56	0.56	0	0	0.42
81300	0.42	0.56	0.56	0	0	0.42
81400	0.42	0.56	0.56	0	0	0.42
81500	0.42	0.56	0.56	0	0	0.42
81600	0.44	0.56	0.56	0	0	0.44
81700	0.44	0.56	0.56	0	0	0.44
81800	0.44	0.56	0.56	0	0	0.44
81900	0.44	0.56	0.56	0	0	0.44
82000	0.44	0.54	0.54	0	0	0.44
82100	0.44	0.54	0.54	0	0	0.44
82200	0.44	0.54	0.54	0	0	0.44
82300	0.44	0.54	0.54	0	0	0.44
82400	0.44	0.54	0.54	0	0	0.44
82500	0.44	0.54	0.54	0	0	0.44
82600	0.44	0.54	0.54	0	0	0.44
82700	0.44	0.54	0.54	0	0	0.44
82800	0.44	0.54	0.54	0	0	0.44
82900	0.44	0.54	0.54	0	0	0.44
83000	0.44	0.54	0.54	0	0	0.44
83100	0.44	0.54	0.54	0	0	0.44
83200	0.44	0.54	0.54	0	0	0.44
83300	0.44	0.54	0.54	0	0	0.44
83400	0.44	0.54	0.54	0	0	0.44
83500	0.44	0.54	0.54	0	0	0.44
83600	0.44	0.54	0.54	0	0	0.44
83700	0.44	0.54	0.54	0	0	0.44
83800	0.44	0.54	0.54	0	0	0.44
83900	0.44	0.54	0.54	0	0	0.44
84000	0.44	0.54	0.54	0	0	0.44
84100	0.44	0.54	0.54	0	0	0.44
84200	0.44	0.54	0.54	0	0	0.44
84300	0.44	0.54	0.54	0	0	0.44
84400	0.44	0.54	0.54	0	0	0.44
84500	0.44	0.54	0.54	0	0	0.44
84600	0.44	0.54	0.54	0	0	0.44
84700	0.44	0.54	0.54	0	0	0.44
84800	0.44	0.54	0.54	0	0	0.44
84900	0.44	0.54	0.54	0	0	0.44
85000	0.42	0.54	0.54	0	0	0.42
85100	0.42	0.54	0.54	0	0	0.42
85200	0.42	0.54	0.54	0	0	0.42
85300	0.42	0.54	0.54	0	0	0.42
85400	0.42	0.54	0.54	0	0	0.42
85500	0.42	0.54	0.54	0	0	0.42
85600	0.42	0.54	0.54	0	0	0.42
85700	0.42	0.54	0.54	0	0	0.42
85800	0.42	0.54	0.54	0	0	0.42
85900	0.42	0.54	0.54	0	0	0.42
86000	0.42	0.54	0.54	0	0	0.42
86100	0.42	0.54	0.54	0	0	0.42
86200	0.42	0.54	0.54	0	0	0.42
86300	0.42	0.54	0.54	0	0	0.42
86400	0.42	0.54	0.54	0	0	0.42
86500	0.42	0.54	0.54	0	0	0.42
86600	0.42	0.54	0.54	0	0	0.42
86700	0.42	0.54	0.54	0	0	0.42
86800	0.42	0.54	0.54	0	0	0.42
86900	0.42	0.54	0.54	0	0	0.42
87000	0.42	0.54	0.54	0	0	0.42
87100	0.42	0.52	0.52	0	0	0.42
87200	0.42	0.52	0.52	0	0	0.42
87300	0.42	0.52	0.52	0	0	0.42
87400	0.42	0.52	0.52	0	0	0.42
87500	0.42	0.52	0.52	0	0	0.42
87600	0.42	0.52	0.52	0	0	0.42
87700	0.42	0.52	0.52	0	0	0.42
87800	0.42	0.52	0.52	0	0	0.42
87900	0.42	0.52	0.52	0	0	0.42
88000	0.42	0.52	0.52	0	0	0.42
88100	0.42	0.52	0.52	0	0	0.42
88200	0.42	0.52	0.52	0	0	0.42
88300	0.42	0.54	0.54	0	0	0.42
88400	0.42	0.54	0.54	0	0	0.42
88500	0.42	0.54	0.54	0	0	0.42
88600	0.42	0.54	0.54	0	0	0.42
88700	0.42	0.54	0.54	0	0	0.42
88800	0.42	0.52	0.52	0	0	0.42
88900	0.42	0.52	0.52	0	0	0.42
89000	0.42	0.52	0.52	0	0	0.42
89100	0.42	0.52	0.52	0	0	0.42
89200	0.4	0.52	0.52	0	0	0.4
89300	0.4	0.52	0.52	0	0	0.4
89400	0.4	0.52	0.52	0	0	0.4
89500	0.4	0.52	0.52	0	0	0.4
89600	0.4	0.52	0.52	0	0	0.4
89700	0.4	0.52	0.52	0	0	0.4
89800	0.4	0.52	0.52	0	0	0.4
89900	0.4	0.52	0.52	0	0	0.4
90000	0.42	0.52	0.52	0	0	0.42
90100	0.42	0.52	0.52	0	0	0.42
90200	0.42	0.52	0.52	0	0	0.42
90300	0.42	0.52	0.52	0	0	0.42
90400	0.42	0.52	0.52	0	0	0.42
90500	0.42	0.54	0.54	0	0	0.42
90600	0.42	0.52	0.52	0	0	0.42
90700	0.44	0.52	0.52	0	0	0.44
90800	0.44	0.52	0.52	0	0	0.44
90900	0.44	0.52	0.52	0	0	0.44
91000	0.44	0.52	0.52	0	0	0.44
91100	0.44	0.52	0.52	0	0	0.44
91200	0.44	0.54	0.54	0	0	0.44
91300	0.44	0.54	0.54	0	0	0.44
91400	0.44	0.54	0.54	0	0	0.44
91500	0.44	0.54	0.54	0	0	0.44
91600	0.44	0.54	0.54	0	0	0.44
91700	0.44	0.54	0.54	0	0	0.44
91800	0.44	0.54	0.54	0	0	0.44
91900	0.44	0.54	0.54	0	0	0.44
92000	0.44	0.54	0.54	0	0	0.44
92100	0.44	0.54	0.54	0	0	0.44
92200	0.44	0.54	0.54	0	0	0.44
92300	0.44	0.54	0.54	0	0	0.44
92400	0.44	0.54	0.54	0	0	0.44
92500	0.44	0.54	0.54	0	0	0.44
92600	0.44	0.54	0.54	0	0	0.44
92700	0.44	0.54	0.54	0	0	0.44
92800	0.44	0.54	0.54	0	0	0.44
92900	0.44	0.54	0.54	0	0	0.44
93000	0.44	0.54	0.54	0	0	0.44
93100	0.44	0.54	0.54	0	0	0.44
93200	0.44	0.54	0.54	0	0	0.44
93300	0.44	0.54	0.54	0	0	0.44
93400	0.44	0.54	0.54	0	0	0.44
93500	0.44	0.54	0.54	0	0	0.44
93600	0.44	0.54	0.54	0	0	0.44
93700	0.44	0.54	0.54	0	0	0.44
93800	0.44	0.54	0.54	0	0	0.44
93900	0.44	0.54	0.54	0	0	0.44
94000	0.44	0.56	0.56	0	0	0.44
94100	0.44	0.56	0.56	0	0	0.44
94200	0.44	0.56	0.56	0	0	0.44
94300	0.44	0.56	0.56	0	0	0.44
94400	0.44	0.56	0.56	0	0	0.44
94500	0.44	0.56	0.56	0	0	0.44
94600	0.44	0.56	0.56	0	0	0.44
94700	0.44	0.56	0.56	0	0	0.44
94800	0.44	0.56	0.56	0	0	0.44
94900	0.44	0.56	0.56	0	0	0.44
95000	0.44	0.56	0.56	0	0	0.44
95100	0.44	0.56	0.56	0	0	0.44
95200	0.44	0.56	0.56	0	0	0.44
95300	0.44	0.56	0.56	0	0	0.44
95400	0.44	0.56	0.56	0	0	0.44
95500	0.44	0.56	0.56	0	0	0.44
95600	0.44	0.56	0.56	0	0	0.44
95700	0.44	0.56	0.56	0	0	0.44
95800	0.44	0.56	0.56	0	0	0.44
95900	0.44	0.56	0.56	0	0	0.44
96000	0.44	0.56	0.56	0	0	0.44
96100	0.44	0.56	0.56	0	0	0.44
96200	0.44	0.56	0.56	0	0	0.44
96300	0.44	0.56	0.56	0	0	0.44
96400	0.44	0.56	0.56	0	0	0.44
96500	0.44	0.56	0.56	0	0	0.44
96600	0.44	0.56	0.56	0	0	0.44
96700	0.44	0.56	0.56	0	0	0.44
96800	0.44	0.56	0.56	0	0	0.44
96900	0.44	0.56	0.56	0	0	0.44
97000	0.44	0.56	0.56	0	0	0.44
97100	0.44	0.56	0.56	0	0	0.44
97200	0.44	0.56	0.56	0	0	0.44
97300	0.44	0.56	0.56	0	0	0.44
97400	0.44	0.56	0.56	0	0	0.44
97500	0.44	0.56	0.56	0	0	0.44
97600	0.44	0.56	0.56	0	0	0.44
97700	0.44	0.56	0.56	0	0	0.44
97800	0.44	0.56	0.56	0	0	0.44
97900	0.44	0.56	0.56	0	0	0.44
98000	0.44	0.56	0.56	0	0	0.44
98100	0.44	0.56	0.56	0	0	0.44
98200	0.44	0.56	0.56	0	0	0.44
98300	0.44	0.54	0.54	0	0	0.44
98400	0.44	0.54	0.54	0	0	0.44
98500	0.44	0.54	0.54	0	0	0.44
98600	0.44	0.54	0.54	0	0	0.44
98700	0.44	0.54	0.54	0	0	0.44
98800	0.44	0.54	0.54	0	0	0.44
98900	0.44	0.54	0.54	0	0	0.44
99000	0.44	0.54	0.54	0	0	0.44
99100	0.44	0.54	0.54	0	0	0.44
99200	0.44	0.54	0.54	0	0	0.44
99300	0.44	0.54	0.54	0	0	0.44
99400	0.44	0.54	0.54	0	0	0.44
99500	0.44	0.54	0.54	0	0	0.44
99600	0.44	0.54	0.54	0	0	0.44
99700	0.44	0.54	0.54	0	0	0.44
99800	0.44	0.54	0.54	0	0	0.44
99900	0.44	0.54	0.54	0	0	0.44
100000	0.44	0.54	0.54	0	0	0.44
