100	0.1	0.08	0.08	0	0	0.1
200	0.1	0.16	0.16	0	0	0.1
300	0.1	0.16	0.16	0	0	0.1
400	0.12	0.14	0.14	0	0	0.12
500	0.12	0.18	0.18	0	0	0.12
600	0.16	0.18	0.18	0	0	0.16
700	0.16	0.18	0.18	0	0	0.16
800	0.18	0.18	0.18	0	0	0.18
900	0.18	0.2	0.2	0	0	0.18
1000	0.18	0.24	0.24	0	0	0.18
1100	0.2	0.26	0.26	0	0	0.2
1200	0.26	0.26	0.26	0	0	0.26
1300	0.26	0.26	0.26	0	0	0.26
1400	0.28	0.26	0.26	0	0	0.28
1500	0.3	0.26	0.26	0	0	0.3
1600	0.3	0.28	0.28	0	0	0.3
1700	0.3	0.3	0.3	0	0	0.3
1800	0.3	0.3	0.3	0	0	0.3
1900	0.3	0.3	0.3	0	0	0.3
2000	0.3	0.3	0.3	0	0	0.3
2100	0.3	0.32	0.32	0	0	0.3
2200	0.3	0.34	0.34	0	0	0.3
2300	0.3	0.36	0.36	0	0	0.3
2400	0.32	0.34	0.34	0	0	0.32
2500	0.32	0.34	0.34	0	0	0.32
2600	0.32	0.36	0.36	0	0	0.32
2700	0.34	0.38	0.38	0	0	0.34
2800	0.34	0.38	0.38	0	0	0.34
2900	0.34	0.38	0.38	0	0	0.34
3000	0.36	0.38	0.38	0	0	0.36
3100	0.36	0.36	0.36	0	0	0.36
3200	0.34	0.38	0.38	0	0	0.34
3300	0.36	0.38	0.38	0	0	0.36
3400	0.36	0.38	0.38	0	0	0.36
3500	0.36	0.38	0.38	0	0	0.36
3600	0.36	0.38	0.38	0	0	0.36
3700	0.36	0.4	0.4	0	0	0.36
3800	0.36	0.4	0.4	0	0	0.36
3900	0.38	0.4	0.4	0	0	0.38
4000	0.38	0.4	0.4	0	0	0.38
4100	0.38	0.4	0.4	0	0	0.38
4200	0.38	0.36	0.36	0	0	0.38
4300	0.38	0.36	0.36	0	0	0.38
4400	0.38	0.38	0.38	0	0	0.38
4500	0.38	0.38	0.38	0	0	0.38
4600	0.38	0.38	0.38	0	0	0.38
4700	0.38	0.38	0.38	0	0	0.38
4800	0.38	0.38	0.38	0	0	0.38
4900	0.38	0.38	0.38	0	0	0.38
5000	0.38	0.38	0.38	0	0	0.38
5100	0.38	0.38	0.38	0	0	0.38
5200	0.38	0.38	0.38	0	0	0.38
5300	0.38	0.38	0.38	0	0	0.38
5400	0.38	0.38	0.38	0	0	0.38
5500	0.4	0.4	0.4	0	0	0.4
5600	0.38	0.4	0.4	0	0	0.38
5700	0.38	0.4	0.4	0	0	0.38
5800	0.38	0.4	0.4	0	0	0.38
5900	0.38	0.4	0.4	0	0	0.38
6000	0.38	0.38	0.38	0	0	0.38
6100	0.38	0.38	0.38	0	0	0.38
6200	0.38	0.38	0.38	0	0	0.38
6300	0.38	0.38	0.38	0	0	0.38
6400	0.38	0.36	0.36	0	0	0.38
6500	0.38	0.36	0.36	0	0	0.38
6600	0.36	0.36	0.36	0	0	0.36
6700	0.34	0.36	0.36	0	0	0.34
6800	0.36	0.36	0.36	0	0	0.36
6900	0.36	0.38	0.38	0	0	0.36
7000	0.36	0.38	0.38	0	0	0.36
7100	0.36	0.38	0.38	0	0	0.36
7200	0.36	0.4	0.4	0	0	0.36
7300	0.36	0.4	0.4	0	0	0.36
7400	0.38	0.4	0.4	0	0	0.38
7500	0.38	0.4	0.4	0	0	0.38
7600	0.38	0.4	0.4	0	0	0.38
7700	0.4	0.4	0.4	0	0	0.4
7800	0.38	0.38	0.38	0	0	0.38
7900	0.38	0.38	0.38	0	0	0.38
8000	0.36	0.38	0.38	0	0	0.36
8100	0.36	0.4	0.4	0	0	0.36
8200	0.36	0.4	0.4	0	0	0.36
8300	0.36	0.4	0.4	0	0	0.36
8400	0.36	0.4	0.4	0	0	0.36
8500	0.36	0.4	0.4	0	0	0.36
8600	0.36	0.42	0.42	0	0	0.36
8700	0.36	0.42	0.42	0	0	0.36
8800	0.36	0.42	0.42	0	0	0.36
8900	0.36	0.42	0.42	0	0	0.36
9000	0.38	0.42	0.42	0	0	0.38
9100	0.38	0.42	0.42	0	0	0.38
9200	0.4	0.42	0.42	0	0	0.4
9300	0.42	0.4	0.4	0	0	0.42
9400	0.42	0.4	0.4	0	0	0.42
9500	0.42	0.4	0.4	0	0	0.42
9600	0.42	0.4	0.4	0	0	0.42
9700	0.42	0.4	0.4	0	0	0.42
9800	0.42	0.4	0.4	0	0	0.42
9900	0.44	0.4	0.4	0	0	0.44
10000	0.44	0.4	0.4	0	0	0.44
10100	0.44	0.4	0.4	0	0	0.44
10200	0.44	0.4	0.4	0	0	0.44
10300	0.44	0.4	0.4	0	0	0.44
10400	0.46	0.38	0.38	0	0	0.46
10500	0.46	0.38	0.38	0	0	0.46
10600	0.46	0.38	0.38	0	0	0.46
10700	0.48	0.38	0.38	0	0	0.48
10800	0.48	0.38	0.38	0	0	0.48
10900	0.48	0.38	0.38	0	0	0.48
11000	0.5	0.38	0.38	0	0	0.5
11100	0.5	0.38	0.38	0	0	0.5
11200	0.48	0.38	0.38	0	0	0.48
11300	0.48	0.38	0.38	0	0	0.48
11400	0.48	0.38	0.38	0	0	0.48
11500	0.48	0.4	0.4	0	0	0.48
11600	0.48	0.4	0.4	0	0	0.48
11700	0.5	0.4	0.4	0	0	0.5
11800	0.5	0.4	0.4	0	0	0.5
11900	0.5	0.4	0.4	0	0	0.5
12000	0.5	0.4	0.4	0	0	0.5
12100	0.5	0.4	0.4	0	0	0.5
12200	0.5	0.38	0.38	0	0	0.5
12300	0.5	0.4	0.4	0	0	0.5
12400	0.52	0.4	0.4	0	0	0.52
12500	0.52	0.42	0.42	0	0	0.52
12600	0.52	0.42	0.42	0	0	0.52
12700	0.52	0.42	0.42	0	0	0.52
12800	0.52	0.42	0.42	0	0	0.52
12900	0.52	0.42	0.42	0	0	0.52
13000	0.52	0.42	0.42	0	0	0.52
13100	0.52	0.42	0.42	0	0	0.52
13200	0.52	0.42	0.42	0	0	0.52
13300	0.52	0.42	0.42	0	0	0.52
13400	0.52	0.42	0.42	0	0	0.52
13500	0.54	0.42	0.42	0	0	0.54
13600	0.54	0.42	0.42	0	0	0.54
13700	0.54	0.42	0.42	0	0	0.54
13800	0.54	0.4	0.4	0	0	0.54
13900	0.54	0.4	0.4	0	0	0.54
14000	0.54	0.4	0.4	0	0	0.54
14100	0.54	0.4	0.4	0	0	0.54
14200	0.54	0.4	0.4	0	0	0.54
14300	0.54	0.4	0.4	0	0	0.54
14400	0.54	0.4	0.4	0	0	0.54
14500	0.54	0.4	0.4	0	0	0.54
14600	0.54	0.4	0.4	0	0	0.54
14700	0.54	0.4	0.4	0	0	0.54
14800	0.54	0.4	0.4	0	0	0.54
14900	0.54	0.4	0.4	0	0	0.54
15000	0.54	0.4	0.4	0	0	0.54
15100	0.54	0.4	0.4	0	0	0.54
15200	0.56	0.4	0.4	0	0	0.56
15300	0.54	0.4	0.4	0	0	0.54
15400	0.54	0.4	0.4	0	0	0.54
15500	0.54	0.4	0.4	0	0	0.54
15600	0.54	0.4	0.4	0	0	0.54
15700	0.54	0.4	0.4	0	0	0.54
15800	0.54	0.42	0.42	0	0	0.54
15900	0.54	0.42	0.42	0	0	0.54
16000	0.54	0.42	0.42	0	0	0.54
16100	0.54	0.42	0.42	0	0	0.54
16200	0.54	0.42	0.42	0	0	0.54
16300	0.54	0.42	0.42	0	0	0.54
16400	0.54	0.42	0.42	0	0	0.54
16500	0.54	0.42	0.42	0	0	0.54
16600	0.54	0.42	0.42	0	0	0.54
16700	0.54	0.42	0.42	0	0	0.54
16800	0.5	0.42	0.42	0	0	0.5
16900	0.48	0.42	0.42	0	0	0.48
17000	0.48	0.4	0.4	0	0	0.48
17100	0.46	0.42	0.42	0	0	0.46
17200	0.44	0.42	0.42	0	0	0.44
17300	0.44	0.42	0.42	0	0	0.44
17400	0.44	0.42	0.42	0	0	0.44
17500	0.44	0.42	0.42	0	0	0.44
17600	0.44	0.42	0.42	0	0	0.44
17700	0.44	0.42	0.42	0	0	0.44
17800	0.44	0.42	0.42	0	0	0.44
17900	0.44	0.42	0.42	0	0	0.44
18000	0.44	0.42	0.42	0	0	0.44
18100	0.44	0.42	0.42	0	0	0.44
18200	0.44	0.42	0.42	0	0	0.44
18300	0.44	0.4	0.4	0	0	0.44
18400	0.44	0.4	0.4	0	0	0.44
18500	0.44	0.4	0.4	0	0	0.44
18600	0.44	0.4	0.4	0	0	0.44
18700	0.42	0.4	0.4	0	0	0.42
18800	0.4	0.4	0.4	0	0	0.4
18900	0.38	0.4	0.4	0	0	0.38
19000	0.4	0.42	0.42	0	0	0.4
19100	0.4	0.42	0.42	0	0	0.4
19200	0.4	0.42	0.42	0	0	0.4
19300	0.4	0.42	0.42	0	0	0.4
19400	0.4	0.42	0.42	0	0	0.4
19500	0.4	0.42	0.42	0	0	0.4
19600	0.4	0.42	0.42	0	0	0.4
19700	0.4	0.42	0.42	0	0	0.4
19800	0.4	0.42	0.42	0	0	0.4
19900	0.4	0.42	0.42	0	0	0.4
20000	0.4	0.44	0.44	0	0	0.4
20100	0.42	0.44	0.44	0	0	0.42
20200	0.44	0.46	0.46	0	0	0.44
20300	0.44	0.46	0.46	0	0	0.44
20400	0.44	0.46	0.46	0	0	0.44
20500	0.44	0.46	0.46	0	0	0.44
20600	0.44	0.46	0.46	0	0	0.44
20700	0.44	0.46	0.46	0	0	0.44
20800	0.42	0.46	0.46	0	0	0.42
20900	0.42	0.46	0.46	0	0	0.42
21000	0.42	0.46	0.46	0	0	0.42
21100	0.42	0.46	0.46	0	0	0.42
21200	0.4	0.46	0.46	0	0	0.4
21300	0.4	0.46	0.46	0	0	0.4
21400	0.42	0.46	0.46	0	0	0.42
21500	0.42	0.46	0.46	0	0	0.42
21600	0.42	0.46	0.46	0	0	0.42
21700	0.42	0.48	0.48	0	0	0.42
21800	0.42	0.48	0.48	0	0	0.42
21900	0.42	0.46	0.46	0	0	0.42
22000	0.42	0.46	0.46	0	0	0.42
22100	0.42	0.46	0.46	0	0	0.42
22200	0.44	0.46	0.46	0	0	0.44
22300	0.44	0.46	0.46	0	0	0.44
22400	0.44	0.46	0.46	0	0	0.44
22500	0.44	0.46	0.46	0	0	0.44
22600	0.44	0.48	0.48	0	0	0.44
22700	0.44	0.48	0.48	0	0	0.44
22800	0.44	0.48	0.48	0	0	0.44
22900	0.44	0.48	0.48	0	0	0.44
23000	0.44	0.48	0.48	0	0	0.44
23100	0.44	0.48	0.48	0	0	0.44
23200	0.44	0.48	0.48	0	0	0.44
23300	0.44	0.48	0.48	0	0	0.44
23400	0.44	0.48	0.48	0	0	0.44
23500	0.44	0.48	0.48	0	0	0.44
23600	0.44	0.5	0.5	0	0	0.44
23700	0.44	0.5	0.5	0	0	0.44
23800	0.42	0.48	0.48	0	0	0.42
23900	0.42	0.48	0.48	0	0	0.42
24000	0.42	0.48	0.48	0	0	0.42
24100	0.42	0.48	0.48	0	0	0.42
24200	0.42	0.48	0.48	0	0	0.42
24300	0.42	0.48	0.48	0	0	0.42
24400	0.42	0.48	0.48	0	0	0.42
24500	0.42	0.48	0.48	0	0	0.42
24600	0.42	0.46	0.46	0	0	0.42
24700	0.42	0.44	0.44	0	0	0.42
24800	0.42	0.44	0.44	0	0	0.42
24900	0.44	0.44	0.44	0	0	0.44
25000	0.44	0.44	0.44	0	0	0.44
25100	0.44	0.44	0.44	0	0	0.44
25200	0.44	0.44	0.44	0	0	0.44
25300	0.44	0.44	0.44	0	0	0.44
25400	0.44	0.44	0.44	0	0	0.44
25500	0.44	0.46	0.46	0	0	0.44
25600	0.44	0.46	0.46	0	0	0.44
25700	0.44	0.46	0.46	0	0	0.44
25800	0.44	0.46	0.46	0	0	0.44
25900	0.44	0.46	0.46	0	0	0.44
26000	0.44	0.46	0.46	0	0	0.44
26100	0.44	0.46	0.46	0	0	0.44
26200	0.46	0.46	0.46	0	0	0.46
26300	0.46	0.48	0.48	0	0	0.46
26400	0.46	0.46	0.46	0	0	0.46
26500	0.46	0.46	0.46	0	0	0.46
26600	0.46	0.46	0.46	0	0	0.46
26700	0.46	0.46	0.46	0	0	0.46
26800	0.46	0.46	0.46	0	0	0.46
26900	0.46	0.46	0.46	0	0	0.46
27000	0.46	0.46	0.46	0	0	0.46
27100	0.46	0.46	0.46	0	0	0.46
27200	0.46	0.46	0.46	0	0	0.46
27300	0.46	0.46	0.46	0	0	0.46
27400	0.46	0.46	0.46	0	0	0.46
27500	0.46	0.46	0.46	0	0	0.46
27600	0.46	0.46	0.46	0	0	0.46
27700	0.46	0.46	0.46	0	0	0.46
27800	0.44	0.46	0.46	0	0	0.44
27900	0.44	0.46	0.46	0	0	0.44
28000	0.44	0.46	0.46	0	0	0.44
28100	0.46	0.46	0.46	0	0	0.46
28200	0.46	0.46	0.46	0	0	0.46
28300	0.46	0.46	0.46	0	0	0.46
28400	0.46	0.46	0.46	0	0	0.46
28500	0.46	0.46	0.46	0	0	0.46
28600	0.46	0.46	0.46	0	0	0.46
28700	0.46	0.46	0.46	0	0	0.46
28800	0.46	0.46	0.46	0	0	0.46
28900	0.46	0.46	0.46	0	0	0.46
29000	0.46	0.44	0.44	0	0	0.46
29100	0.46	0.44	0.44	0	0	0.46
29200	0.44	0.44	0.44	0	0	0.44
29300	0.44	0.44	0.44	0	0	0.44
29400	0.44	0.44	0.44	0	0	0.44
29500	0.44	0.44	0.44	0	0	0.44
29600	0.44	0.44	0.44	0	0	0.44
29700	0.44	0.44	0.44	0	0	0.44
29800	0.44	0.44	0.44	0	0	0.44
29900	0.44	0.44	0.44	0	0	0.44
30000	0.44	0.44	0.44	0	0	0.44
30100	0.44	0.44	0.44	0	0	0.44
30200	0.44	0.44	0.44	0	0	0.44
30300	0.44	0.44	0.44	0	0	0.44
30400	0.44	0.44	0.44	0	0	0.44
30500	0.44	0.44	0.44	0	0	0.44
30600	0.44	0.46	0.46	0	0	0.44
30700	0.42	0.46	0.46	0	0	0.42
30800	0.42	0.46	0.46	0	0	0.42
30900	0.42	0.46	0.46	0	0	0.42
31000	0.42	0.46	0.46	0	0	0.42
31100	0.42	0.46	0.46	0	0	0.42
31200	0.42	0.46	0.46	0	0	0.42
31300	0.42	0.46	0.46	0	0	0.42
31400	0.42	0.46	0.46	0	0	0.42
31500	0.42	0.46	0.46	0	0	0.42
31600	0.42	0.46	0.46	0	0	0.42
31700	0.42	0.46	0.46	0	0	0.42
31800	0.42	0.46	0.46	0	0	0.42
31900	0.42	0.46	0.46	0	0	0.42
32000	0.42	0.46	0.46	0	0	0.42
32100	0.44	0.46	0.46	0	0	0.44
32200	0.46	0.46	0.46	0	0	0.46
32300	0.46	0.46	0.46	0	0	0.46
32400	0.46	0.48	0.48	0	0	0.46
32500	0.46	0.48	0.48	0	0	0.46
32600	0.46	0.48	0.48	0	0	0.46
32700	0.46	0.48	0.48	0	0	0.46
32800	0.46	0.48	0.48	0	0	0.46
32900	0.46	0.48	0.48	0	0	0.46
33000	0.46	0.48	0.48	0	0	0.46
33100	0.46	0.48	0.48	0	0	0.46
33200	0.46	0.48	0.48	0	0	0.46
33300	0.46	0.48	0.48	0	0	0.46
33400	0.46	0.48	0.48	0	0	0.46
33500	0.46	0.48	0.48	0	0	0.46
33600	0.44	0.48	0.48	0	0	0.44
33700	0.44	0.48	0.48	0	0	0.44
33800	0.44	0.48	0.48	0	0	0.44
33900	0.44	0.48	0.48	0	0	0.44
34000	0.44	0.48	0.48	0	0	0.44
34100	0.44	0.48	0.48	0	0	0.44
34200	0.44	0.48	0.48	0	0	0.44
34300	0.44	0.5	0.5	0	0	0.44
34400	0.44	0.48	0.48	0	0	0.44
34500	0.42	0.48	0.48	0	0	0.42
34600	0.42	0.48	0.48	0	0	0.42
34700	0.44	0.48	0.48	0	0	0.44
34800	0.42	0.48	0.48	0	0	0.42
34900	0.42	0.48	0.48	0	0	0.42
35000	0.42	0.48	0.48	0	0	0.42
35100	0.42	0.48	0.48	0	0	0.42
35200	0.44	0.48	0.48	0	0	0.44
35300	0.44	0.48	0.48	0	0	0.44
35400	0.44	0.48	0.48	0	0	0.44
35500	0.44	0.48	0.48	0	0	0.44
35600	0.44	0.48	0.48	0	0	0.44
35700	0.44	0.48	0.48	0	0	0.44
35800	0.44	0.48	0.48	0	0	0.44
35900	0.44	0.48	0.48	0	0	0.44
36000	0.44	0.46	0.46	0	0	0.44
36100	0.44	0.46	0.46	0	0	0.44
36200	0.44	0.46	0.46	0	0	0.44
36300	0.44	0.46	0.46	0	0	0.44
36400	0.44	0.46	0.46	0	0	0.44
36500	0.46	0.46	0.46	0	0	0.46
36600	0.46	0.46	0.46	0	0	0.46
36700	0.46	0.46	0.46	0	0	0.46
36800	0.46	0.46	0.46	0	0	0.46
36900	0.46	0.46	0.46	0	0	0.46
37000	0.46	0.46	0.46	0	0	0.46
37100	0.46	0.46	0.46	0	0	0.46
37200	0.46	0.44	0.44	0	0	0.46
37300	0.46	0.44	0.44	0	0	0.46
37400	0.46	0.44	0.44	0	0	0.46
37500	0.46	0.44	0.44	0	0	0.46
37600	0.46	0.44	0.44	0	0	0.46
37700	0.46	0.44	0.44	0	0	0.46
37800	0.46	0.44	0.44	0	0	0.46
37900	0.46	0.44	0.44	0	0	0.46
38000	0.46	0.44	0.44	0	0	0.46
38100	0.46	0.44	0.44	0	0	0.46
38200	0.46	0.44	0.44	0	0	0.46
38300	0.46	0.44	0.44	0	0	0.46
38400	0.46	0.44	0.44	0	0	0.46
38500	0.46	0.46	0.46	0	0	0.46
38600	0.46	0.46	0.46	0	0	0.46
38700	0.46	0.46	0.46	0	0	0.46
38800	0.46	0.46	0.46	0	0	0.46
38900	0.46	0.46	0.46	0	0	0.46
39000	0.44	0.46	0.46	0	0	0.44
39100	0.44	0.46	0.46	0	0	0.44
39200	0.44	0.46	0.46	0	0	0.44
39300	0.44	0.46	0.46	0	0	0.44
39400	0.44	0.46	0.46	0	0	0.44
39500	0.44	0.46	0.46	0	0	0.44
39600	0.44	0.46	0.46	0	0	0.44
39700	0.46	0.46	0.46	0	0	0.46
39800	0.46	0.46	0.46	0	0	0.46
39900	0.46	0.46	0.46	0	0	0.46
40000	0.46	0.46	0.46	0	0	0.46
40100	0.46	0.46	0.46	0	0	0.46
40200	0.46	0.46	0.46	0	0	0.46
40300	0.46	0.46	0.46	0	0	0.46
40400	0.46	0.46	0.46	0	0	0.46
40500	0.46	0.46	0.46	0	0	0.46
40600	0.46	0.46	0.46	0	0	0.46
40700	0.46	0.46	0.46	0	0	0.46
40800	0.46	0.46	0.46	0	0	0.46
40900	0.46	0.46	0.46	0	0	0.46
41000	0.46	0.46	0.46	0	0	0.46
41100	0.46	0.46	0.46	0	0	0.46
41200	0.46	0.46	0.46	0	0	0.46
41300	0.44	0.46	0.46	0	0	0.44
41400	0.44	0.46	0.46	0	0	0.44
41500	0.44	0.46	0.46	0	0	0.44
41600	0.44	0.46	0.46	0	0	0.44
41700	0.44	0.46	0.46	0	0	0.44
41800	0.44	0.46	0.46	0	0	0.44
41900	0.44	0.46	0.46	0	0	0.44
42000	0.44	0.46	0.46	0	0	0.44
42100	0.44	0.46	0.46	0	0	0.44
42200	0.44	0.46	0.46	0	0	0.44
42300	0.44	0.46	0.46	0	0	0.44
42400	0.44	0.46	0.46	0	0	0.44
42500	0.44	0.46	0.46	0	0	0.44
42600	0.44	0.46	0.46	0	0	0.44
42700	0.44	0.46	0.46	0	0	0.44
42800	0.44	0.46	0.46	0	0	0.44
42900	0.44	0.46	0.46	0	0	0.44
43000	0.44	0.46	0.46	0	0	0.44
43100	0.44	0.46	0.46	0	0	0.44
43200	0.44	0.46	0.46	0	0	0.44
43300	0.44	0.48	0.48	0	0	0.44
43400	0.46	0.48	0.48	0	0	0.46
43500	0.46	0.48	0.48	0	0	0.46
43600	0.46	0.48	0.48	0	0	0.46
43700	0.46	0.48	0.48	0	0	0.46
43800	0.46	0.48	0.48	0	0	0.46
43900	0.46	0.48	0.48	0	0	0.46
44000	0.46	0.48	0.48	0	0	0.46
44100	0.46	0.48	0.48	0	0	0.46
44200	0.46	0.48	0.48	0	0	0.46
44300	0.46	0.48	0.48	0	0	0.46
44400	0.46	0.48	0.48	0	0	0.46
44500	0.46	0.48	0.48	0	0	0.46
44600	0.46	0.48	0.48	0	0	0.46
44700	0.46	0.48	0.48	0	0	0.46
44800	0.46	0.48	0.48	0	0	0.46
44900	0.46	0.5	0.5	0	0	0.46
45000	0.46	0.48	0.48	0	0	0.46
45100	0.46	0.48	0.48	0	0	0.46
45200	0.46	0.48	0.48	0	0	0.46
45300	0.46	0.48	0.48	0	0	0.46
45400	0.46	0.48	0.48	0	0	0.46
45500	0.46	0.48	0.48	0	0	0.46
45600	0.46	0.48	0.48	0	0	0.46
45700	0.46	0.48	0.48	0	0	0.46
45800	0.46	0.46	0.46	0	0	0.46
45900	0.46	0.46	0.46	0	0	0.46
46000	0.44	0.46	0.46	0	0	0.44
46100	0.46	0.46	0.46	0	0	0.46
46200	0.46	0.46	0.46	0	0	0.46
46300	0.46	0.46	0.46	0	0	0.46
46400	0.46	0.46	0.46	0	0	0.46
46500	0.46	0.46	0.46	0	0	0.46
46600	0.46	0.46	0.46	0	0	0.46
46700	0.46	0.46	0.46	0	0	0.46
46800	0.46	0.46	0.46	0	0	0.46
46900	0.48	0.46	0.46	0	0	0.48
47000	0.48	0.46	0.46	0	0	0.48
47100	0.48	0.46	0.46	0	0	0.48
47200	0.48	0.46	0.46	0	0	0.48
47300	0.48	0.46	0.46	0	0	0.48
47400	0.48	0.46	0.46	0	0	0.48
47500	0.48	0.46	0.46	0	0	0.48
47600	0.48	0.46	0.46	0	0	0.48
47700	0.48	0.46	0.46	0	0	0.48
47800	0.48	0.46	0.46	0	0	0.48
47900	0.48	0.46	0.46	0	0	0.48
48000	0.48	0.46	0.46	0	0	0.48
48100	0.48	0.46	0.46	0	0	0.48
48200	0.48	0.46	0.46	0	0	0.48
48300	0.48	0.46	0.46	0	0	0.48
48400	0.48	0.46	0.46	0	0	0.48
48500	0.48	0.46	0.46	0	0	0.48
48600	0.48	0.46	0.46	0	0	0.48
48700	0.48	0.46	0.46	0	0	0.48
48800	0.48	0.46	0.46	0	0	0.48
48900	0.48	0.46	0.46	0	0	0.48
49000	0.48	0.46	0.46	0	0	0.48
49100	0.48	0.46	0.46	0	0	0.48
49200	0.48	0.46	0.46	0	0	0.48
49300	0.48	0.46	0.46	0	0	0.48
49400	0.48	0.46	0.46	0	0	0.48
49500	0.48	0.46	0.46	0	0	0.48
49600	0.48	0.46	0.46	0	0	0.48
49700	0.48	0.46	0.46	0	0	0.48
49800	0.48	0.46	0.46	0	0	0.48
49900	0.48	0.46	0.46	0	0	0.48
50000	0.48	0.46	0.46	0	0	0.48
50100	0.5	0.46	0.46	0	0	0.5
50200	0.5	0.46	0.46	0	0	0.5
50300	0.5	0.46	0.46	0	0	0.5
50400	0.5	0.46	0.46	0	0	0.5
50500	0.5	0.46	0.46	0	0	0.5
50600	0.5	0.46	0.46	0	0	0.5
50700	0.5	0.46	0.46	0	0	0.5
50800	0.5	0.46	0.46	0	0	0.5
50900	0.5	0.46	0.46	0	0	0.5
51000	0.5	0.46	0.46	0	0	0.5
51100	0.5	0.46	0.46	0	0	0.5
51200	0.5	0.46	0.46	0	0	0.5
51300	0.5	0.46	0.46	0	0	0.5
51400	0.5	0.46	0.46	0	0	0.5
51500	0.5	0.46	0.46	0	0	0.5
51600	0.5	0.46	0.46	0	0	0.5
51700	0.5	0.46	0.46	0	0	0.5
51800	0.5	0.46	0.46	0	0	0.5
51900	0.5	0.46	0.46	0	0	0.5
52000	0.5	0.46	0.46	0	0	0.5
52100	0.5	0.46	0.46	0	0	0.5
52200	0.5	0.46	0.46	0	0	0.5
52300	0.5	0.46	0.46	0	0	0.5
52400	0.5	0.46	0.46	0	0	0.5
52500	0.5	0.46	0.46	0	0	0.5
52600	0.5	0.46	0.46	0	0	0.5
52700	0.5	0.46	0.46	0	0	0.5
52800	0.5	0.46	0.46	0	0	0.5
52900	0.5	0.46	0.46	0	0	0.5
53000	0.5	0.46	0.46	0	0	0.5
53100	0.5	0.46	0.46	0	0	0.5
53200	0.5	0.46	0.46	0	0	0.5
53300	0.5	0.46	0.46	0	0	0.5
53400	0.5	0.46	0.46	0	0	0.5
53500	0.5	0.46	0.46	0	0	0.5
53600	0.5	0.46	0.46	0	0	0.5
53700	0.5	0.46	0.46	0	0	0.5
53800	0.5	0.46	0.46	0	0	0.5
53900	0.52	0.46	0.46	0	0	0.52
54000	0.52	0.46	0.46	0	0	0.52
54100	0.52	0.46	0.46	0	0	0.52
54200	0.52	0.46	0.46	0	0	0.52
54300	0.52	0.46	0.46	0	0	0.52
54400	0.52	0.46	0.46	0	0	0.52
54500	0.52	0.46	0.46	0	0	0.52
54600	0.52	0.46	0.46	0	0	0.52
54700	0.52	0.46	0.46	0	0	0.52
54800	0.52	0.46	0.46	0	0	0.52
54900	0.52	0.46	0.46	0	0	0.52
55000	0.52	0.46	0.46	0	0	0.52
55100	0.52	0.46	0.46	0	0	0.52
55200	0.52	0.46	0.46	0	0	0.52
55300	0.52	0.44	0.44	0	0	0.52
55400	0.52	0.44	0.44	0	0	0.52
55500	0.52	0.44	0.44	0	0	0.52
55600	0.52	0.44	0.44	0	0	0.52
55700	0.52	0.44	0.44	0	0	0.52
55800	0.52	0.44	0.44	0	0	0.52
55900	0.52	0.44	0.44	0	0	0.52
56000	0.52	0.44	0.44	0	0	0.52
56100	0.52	0.44	0.44	0	0	0.52
56200	0.52	0.44	0.44	0	0	0.52
56300	0.52	0.44	0.44	0	0	0.52
56400	0.52	0.44	0.44	0	0	0.52
56500	0.52	0.44	0.44	0	0	0.52
56600	0.52	0.44	0.44	0	0	0.52
56700	0.52	0.44	0.44	0	0	0.52
56800	0.5	0.44	0.44	0	0	0.5
56900	0.5	0.44	0.44	0	0	0.5
57000	0.5	0.44	0.44	0	0	0.5
57100	0.5	0.44	0.44	0	0	0.5
57200	0.5	0.44	0.44	0	0	0.5
57300	0.5	0.44	0.44	0	0	0.5
57400	0.5	0.44	0.44	0	0	0.5
57500	0.5	0.44	0.44	0	0	0.5
57600	0.5	0.44	0.44	0	0	0.5
57700	0.5	0.44	0.44	0	0	0.5
57800	0.5	0.44	0.44	0	0	0.5
57900	0.5	0.44	0.44	0	0	0.5
58000	0.5	0.44	0.44	0	0	0.5
58100	0.5	0.44	0.44	0	0	0.5
58200	0.5	0.44	0.44	0	0	0.5
58300	0.52	0.44	0.44	0	0	0.52
58400	0.52	0.44	0.44	0	0	0.52
58500	0.52	0.44	0.44	0	0	0.52
58600	0.52	0.44	0.44	0	0	0.52
58700	0.52	0.44	0.44	0	0	0.52
58800	0.52	0.44	0.44	0	0	0.52
58900	0.52	0.44	0.44	0	0	0.52
59000	0.52	0.44	0.44	0	0	0.52
59100	0.52	0.44	0.44	0	0	0.52
59200	0.52	0.44	0.44	0	0	0.52
59300	0.52	0.44	0.44	0	0	0.52
59400	0.52	0.44	0.44	0	0	0.52
59500	0.52	0.44	0.44	0	0	0.52
59600	0.52	0.44	0.44	0	0	0.52
59700	0.52	0.44	0.44	0	0	0.52
59800	0.52	0.44	0.44	0	0	0.52
59900	0.52	0.44	0.44	0	0	0.52
60000	0.5	0.44	0.44	0	0	0.5
60100	0.5	0.44	0.44	0	0	0.5
60200	0.5	0.44	0.44	0	0	0.5
60300	0.5	0.44	0.44	0	0	0.5
60400	0.48	0.44	0.44	0	0	0.48
60500	0.48	0.44	0.44	0	0	0.48
60600	0.5	0.44	0.44	0	0	0.5
60700	0.5	0.44	0.44	0	0	0.5
60800	0.5	0.44	0.44	0	0	0.5
60900	0.5	0.44	0.44	0	0	0.5
61000	0.5	0.44	0.44	0	0	0.5
61100	0.5	0.44	0.44	0	0	0.5
61200	0.5	0.44	0.44	0	0	0.5
61300	0.5	0.44	0.44	0	0	0.5
61400	0.5	0.44	0.44	0	0	0.5
61500	0.5	0.44	0.44	0	0	0.5
61600	0.48	0.44	0.44	0	0	0.48
61700	0.48	0.44	0.44	0	0	0.48
61800	0.48	0.44	0.44	0	0	0.48
61900	0.48	0.44	0.44	0	0	0.48
62000	0.48	0.44	0.44	0	0	0.48
62100	0.48	0.44	0.44	0	0	0.48
62200	0.48	0.44	0.44	0	0	0.48
62300	0.48	0.44	0.44	0	0	0.48
62400	0.48	0.44	0.44	0	0	0.48
62500	0.48	0.44	0.44	0	0	0.48
62600	0.48	0.44	0.44	0	0	0.48
62700	0.48	0.44	0.44	0	0	0.48
62800	0.48	0.44	0.44	0	0	0.48
62900	0.48	0.44	0.44	0	0	0.48
63000	0.48	0.44	0.44	0	0	0.48
63100	0.48	0.44	0.44	0	0	0.48
63200	0.48	0.46	0.46	0	0	0.48
63300	0.48	0.46	0.46	0	0	0.48
63400	0.48	0.46	0.46	0	0	0.48
63500	0.48	0.46	0.46	0	0	0.48
63600	0.48	0.46	0.46	0	0	0.48
63700	0.48	0.46	0.46	0	0	0.48
63800	0.48	0.46	0.46	0	0	0.48
63900	0.48	0.46	0.46	0	0	0.48
64000	0.48	0.46	0.46	0	0	0.48
64100	0.48	0.46	0.46	0	0	0.48
64200	0.48	0.46	0.46	0	0	0.48
64300	0.46	0.46	0.46	0	0	0.46
64400	0.46	0.46	0.46	0	0	0.46
64500	0.46	0.46	0.46	0	0	0.46
64600	0.46	0.46	0.46	0	0	0.46
64700	0.46	0.46	0.46	0	0	0.46
64800	0.46	0.46	0.46	0	0	0.46
64900	0.46	0.46	0.46	0	0	0.46
65000	0.44	0.46	0.46	0	0	0.44
65100	0.44	0.46	0.46	0	0	0.44
65200	0.44	0.46	0.46	0	0	0.44
65300	0.44	0.46	0.46	0	0	0.44
65400	0.44	0.46	0.46	0	0	0.44
65500	0.44	0.46	0.46	0	0	0.44
65600	0.44	0.46	0.46	0	0	0.44
65700	0.44	0.46	0.46	0	0	0.44
65800	0.44	0.46	0.46	0	0	0.44
65900	0.44	0.46	0.46	0	0	0.44
66000	0.46	0.46	0.46	0	0	0.46
66100	0.46	0.46	0.46	0	0	0.46
66200	0.46	0.46	0.46	0	0	0.46
66300	0.46	0.46	0.46	0	0	0.46
66400	0.46	0.48	0.48	0	0	0.46
66500	0.46	0.48	0.48	0	0	0.46
66600	0.46	0.48	0.48	0	0	0.46
66700	0.46	0.5	0.5	0	0	0.46
66800	0.46	0.52	0.52	0	0	0.46
66900	0.46	0.52	0.52	0	0	0.46
67000	0.46	0.52	0.52	0	0	0.46
67100	0.46	0.52	0.52	0	0	0.46
67200	0.46	0.52	0.52	0	0	0.46
67300	0.46	0.52	0.52	0	0	0.46
67400	0.48	0.52	0.52	0	0	0.48
67500	0.48	0.52	0.52	0	0	0.48
67600	0.48	0.52	0.52	0	0	0.48
67700	0.48	0.52	0.52	0	0	0.48
67800	0.48	0.5	0.5	0	0	0.48
67900	0.48	0.5	0.5	0	0	0.48
68000	0.48	0.5	0.5	0	0	0.48
68100	0.48	0.5	0.5	0	0	0.48
68200	0.48	0.5	0.5	0	0	0.48
68300	0.48	0.5	0.5	0	0	0.48
68400	0.48	0.5	0.5	0	0	0.48
68500	0.48	0.5	0.5	0	0	0.48
68600	0.48	0.5	0.5	0	0	0.48
68700	0.48	0.5	0.5	0	0	0.48
68800	0.48	0.5	0.5	0	0	0.48
68900	0.48	0.5	0.5	0	0	0.48
69000	0.5	0.5	0.5	0	0	0.5
69100	0.5	0.5	0.5	0	0	0.5
69200	0.5	0.5	0.5	0	0	0.5
69300	0.5	0.5	0.5	0	0	0.5
69400	0.5	0.5	0.5	0	0	0.5
69500	0.5	0.5	0.5	0	0	0.5
69600	0.5	0.48	0.48	0	0	0.5
69700	0.5	0.48	0.48	0	0	0.5
69800	0.5	0.48	0.48	0	0	0.5
69900	0.5	0.48	0.48	0	0	0.5
70000	0.5	0.48	0.48	0	0	0.5
70100	0.5	0.46	0.46	0	0	0.5
70200	0.5	0.46	0.46	0	0	0.5
70300	0.5	0.46	0.46	0	0	0.5
70400	0.5	0.46	0.46	0	0	0.5
70500	0.5	0.46	0.46	0	0	0.5
70600	0.5	0.46	0.46	0	0	0.5
70700	0.5	0.46	0.46	0	0	0.5
70800	0.5	0.46	0.46	0	0	0.5
70900	0.5	0.46	0.46	0	0	0.5
71000	0.5	0.46	0.46	0	0	0.5
71100	0.5	0.46	0.46	0	0	0.5
71200	0.5	0.46	0.46	0	0	0.5
71300	0.5	0.46	0.46	0	0	0.5
71400	0.52	0.46	0.46	0	0	0.52
71500	0.52	0.46	0.46	0	0	0.52
71600	0.52	0.46	0.46	0	0	0.52
71700	0.52	0.46	0.46	0	0	0.52
71800	0.52	0.46	0.46	0	0	0.52
71900	0.52	0.46	0.46	0	0	0.52
72000	0.52	0.46	0.46	0	0	0.52
72100	0.52	0.46	0.46	0	0	0.52
72200	0.52	0.46	0.46	0	0	0.52
72300	0.52	0.46	0.46	0	0	0.52
72400	0.52	0.46	0.46	0	0	0.52
72500	0.52	0.46	0.46	0	0	0.52
72600	0.52	0.46	0.46	0	0	0.52
72700	0.52	0.46	0.46	0	0	0.52
72800	0.52	0.46	0.46	0	0	0.52
72900	0.52	0.46	0.46	0	0	0.52
73000	0.52	0.46	0.46	0	0	0.52
73100	0.52	0.46	0.46	0	0	0.52
73200	0.52	0.46	0.46	0	0	0.52
73300	0.52	0.46	0.46	0	0	0.52
73400	0.52	0.46	0.46	0	0	0.52
73500	0.52	0.46	0.46	0	0	0.52
73600	0.52	0.46	0.46	0	0	0.52
73700	0.52	0.46	0.46	0	0	0.52
73800	0.52	0.46	0.46	0	0	0.52
73900	0.52	0.46	0.46	0	0	0.52
74000	0.52	0.46	0.46	0	0	0.52
74100	0.52	0.46	0.46	0	0	0.52
74200	0.52	0.46	0.46	0	0	0.52
74300	0.52	0.46	0.46	0	0	0.52
74400	0.52	0.46	0.46	0	0	0.52
74500	0.52	0.46	0.46	0	0	0.52
74600	0.52	0.46	0.46	0	0	0.52
74700	0.52	0.46	0.46	0	0	0.52
74800	0.52	0.46	0.46	0	0	0.52
74900	0.52	0.46	0.46	0	0	0.52
75000	0.52	0.46	0.46	0	0	0.52
75100	0.52	0.46	0.46	0	0	0.52
75200	0.52	0.46	0.46	0	0	0.52
75300	0.52	0.46	0.46	0	0	0.52
75400	0.52	0.46	0.46	0	0	0.52
75500	0.52	0.46	0.46	0	0	0.52
75600	0.52	0.46	0.46	0	0	0.52
75700	0.52	0.46	0.46	0	0	0.52
75800	0.52	0.46	0.46	0	0	0.52
75900	0.52	0.46	0.46	0	0	0.52
76000	0.52	0.46	0.46	0	0	0.52
76100	0.52	0.46	0.46	0	0	0.52
76200	0.52	0.46	0.46	0	0	0.52
76300	0.52	0.46	0.46	0	0	0.52
76400	0.52	0.46	0.46	0	0	0.52
76500	0.52	0.46	0.46	0	0	0.52
76600	0.52	0.46	0.46	0	0	0.52
76700	0.52	0.46	0.46	0	0	0.52
76800	0.52	0.46	0.46	0	0	0.52
76900	0.52	0.46	0.46	0	0	0.52
77000	0.52	0.46	0.46	0	0	0.52
77100	0.52	0.46	0.46	0	0	0.52
77200	0.52	0.46	0.46	0	0	0.52
77300	0.52	0.46	0.46	0	0	0.52
77400	0.52	0.46	0.46	0	0	0.52
77500	0.52	0.46	0.46	0	0	0.52
77600	0.52	0.46	0.46	0	0	0.52
77700	0.52	0.46	0.46	0	0	0.52
77800	0.52	0.46	0.46	0	0	0.52
77900	0.52	0.46	0.46	0	0	0.52
78000	0.52	0.46	0.46	0	0	0.52
78100	0.52	0.46	0.46	0	0	0.52
78200	0.54	0.46	0.46	0	0	0.54
78300	0.54	0.46	0.46	0	0	0.54
78400	0.54	0.46	0.46	0	0	0.54
78500	0.54	0.46	0.46	0	0	0.54
78600	0.54	0.46	0.46	0	0	0.54
78700	0.54	0.46	0.46	0	0	0.54
78800	0.54	0.46	0.46	0	0	0.54
78900	0.54	0.46	0.46	0	0	0.54
79000	0.54	0.46	0.46	0	0	0.54
79100	0.52	0.46	0.46	0	0	0.52
79200	0.52	0.46	0.46	0	0	0.52
79300	0.52	0.46	0.46	0	0	0.52
79400	0.52	0.46	0.46	0	0	0.52
79500	0.52	0.46	0.46	0	0	0.52
79600	0.52	0.46	0.46	0	0	0.52
79700	0.52	0.46	0.46	0	0	0.52
79800	0.52	0.46	0.46	0	0	0.52
79900	0.52	0.46	0.46	0	0	0.52
80000	0.52	0.46	0.46	0	0	0.52
80100	0.52	0.46	0.46	0	0	0.52
80200	0.52	0.46	0.46	0	0	0.52
80300	0.52	0.46	0.46	0	0	0.52
80400	0.52	0.46	0.46	0	0	0.52
80500	0.52	0.46	0.46	0	0	0.52
80600	0.52	0.46	0.46	0	0	0.52
80700	0.52	0.46	0.46	0	0	0.52
80800	0.52	0.46	0.46	0	0	0.52
80900	0.52	0.46	0.46	0	0	0.52
81000	0.52	0.46	0.46	0	0	0.52
81100	0.5	0.46	0.46	0	0	0.5
81200	0.5	0.46	0.46	0	0	0.5
81300	0.5	0.46	0.46	0	0	0.5
81400	0.5	0.46	0.46	0	0	0.5
81500	0.5	0.46	0.46	0	0	0.5
81600	0.5	0.46	0.46	0	0	0.5
81700	0.5	0.46	0.46	0	0	0.5
81800	0.5	0.46	0.46	0	0	0.5
81900	0.5	0.46	0.46	0	0	0.5
82000	0.5	0.46	0.46	0	0	0.5
82100	0.5	0.46	0.46	0	0	0.5
82200	0.5	0.46	0.46	0	0	0.5
82300	0.5	0.46	0.46	0	0	0.5
82400	0.5	0.46	0.46	0	0	0.5
82500	0.5	0.46	0.46	0	0	0.5
82600	0.5	0.46	0.46	0	0	0.5
82700	0.5	0.46	0.46	0	0	0.5
82800	0.5	0.46	0.46	0	0	0.5
82900	0.5	0.46	0.46	0	0	0.5
83000	0.5	0.46	0.46	0	0	0.5
83100	0.52	0.46	0.46	0	0	0.52
83200	0.52	0.46	0.46	0	0	0.52
83300	0.52	0.46	0.46	0	0	0.52
83400	0.52	0.46	0.46	0	0	0.52
83500	0.52	0.46	0.46	0	0	0.52
83600	0.52	0.46	0.46	0	0	0.52
83700	0.52	0.46	0.46	0	0	0.52
83800	0.52	0.46	0.46	0	0	0.52
83900	0.52	0.46	0.46	0	0	0.52
84000	0.52	0.46	0.46	0	0	0.52
84100	0.52	0.46	0.46	0	0	0.52
84200	0.52	0.46	0.46	0	0	0.52
84300	0.52	0.46	0.46	0	0	0.52
84400	0.52	0.48	0.48	0	0	0.52
84500	0.52	0.48	0.48	0	0	0.52
84600	0.52	0.48	0.48	0	0	0.52
84700	0.52	0.48	0.48	0	0	0.52
84800	0.52	0.48	0.48	0	0	0.52
84900	0.52	0.48	0.48	0	0	0.52
85000	0.52	0.48	0.48	0	0	0.52
85100	0.52	0.48	0.48	0	0	0.52
85200	0.52	0.48	0.48	0	0	0.52
85300	0.52	0.48	0.48	0	0	0.52
85400	0.52	0.48	0.48	0	0	0.52
85500	0.52	0.48	0.48	0	0	0.52
85600	0.52	0.48	0.48	0	0	0.52
85700	0.52	0.48	0.48	0	0	0.52
85800	0.52	0.48	0.48	0	0	0.52
85900	0.52	0.48	0.48	0	0	0.52
86000	0.52	0.48	0.48	0	0	0.52
86100	0.52	0.48	0.48	0	0	0.52
86200	0.52	0.48	0.48	0	0	0.52
86300	0.52	0.48	0.48	0	0	0.52
86400	0.52	0.48	0.48	0	0	0.52
86500	0.5	0.48	0.48	0	0	0.5
86600	0.5	0.48	0.48	0	0	0.5
86700	0.5	0.48	0.48	0	0	0.5
86800	0.5	0.48	0.48	0	0	0.5
86900	0.5	0.48	0.48	0	0	0.5
87000	0.5	0.48	0.48	0	0	0.5
87100	0.5	0.48	0.48	0	0	0.5
87200	0.5	0.48	0.48	0	0	0.5
87300	0.5	0.48	0.48	0	0	0.5
87400	0.5	0.48	0.48	0	0	0.5
87500	0.5	0.48	0.48	0	0	0.5
87600	0.5	0.48	0.48	0	0	0.5
87700	0.5	0.48	0.48	0	0	0.5
87800	0.5	0.48	0.48	0	0	0.5
87900	0.5	0.48	0.48	0	0	0.5
88000	0.5	0.48	0.48	0	0	0.5
88100	0.5	0.48	0.48	0	0	0.5
88200	0.5	0.48	0.48	0	0	0.5
88300	0.5	0.48	0.48	0	0	0.5
88400	0.5	0.48	0.48	0	0	0.5
88500	0.5	0.48	0.48	0	0	0.5
88600	0.52	0.48	0.48	0	0	0.52
88700	0.52	0.48	0.48	0	0	0.52
88800	0.52	0.48	0.48	0	0	0.52
88900	0.52	0.48	0.48	0	0	0.52
89000	0.52	0.48	0.48	0	0	0.52
89100	0.52	0.48	0.48	0	0	0.52
89200	0.52	0.48	0.48	0	0	0.52
89300	0.52	0.48	0.48	0	0	0.52
89400	0.52	0.48	0.48	0	0	0.52
89500	0.52	0.48	0.48	0	0	0.52
89600	0.5	0.46	0.46	0	0	0.5
89700	0.5	0.46	0.46	0	0	0.5
89800	0.5	0.46	0.46	0	0	0.5
89900	0.5	0.46	0.46	0	0	0.5
90000	0.5	0.46	0.46	0	0	0.5
90100	0.5	0.46	0.46	0	0	0.5
90200	0.5	0.46	0.46	0	0	0.5
90300	0.5	0.46	0.46	0	0	0.5
90400	0.5	0.46	0.46	0	0	0.5
90500	0.5	0.46	0.46	0	0	0.5
90600	0.5	0.46	0.46	0	0	0.5
90700	0.5	0.46	0.46	0	0	0.5
90800	0.5	0.46	0.46	0	0	0.5
90900	0.5	0.46	0.46	0	0	0.5
91000	0.5	0.46	0.46	0	0	0.5
91100	0.5	0.46	0.46	0	0	0.5
91200	0.5	0.46	0.46	0	0	0.5
91300	0.5	0.46	0.46	0	0	0.5
91400	0.5	0.46	0.46	0	0	0.5
91500	0.5	0.46	0.46	0	0	0.5
91600	0.5	0.46	0.46	0	0	0.5
91700	0.5	0.46	0.46	0	0	0.5
91800	0.5	0.46	0.46	0	0	0.5
91900	0.5	0.46	0.46	0	0	0.5
92000	0.5	0.46	0.46	0	0	0.5
92100	0.5	0.46	0.46	0	0	0.5
92200	0.5	0.46	0.46	0	0	0.5
92300	0.5	0.48	0.48	0	0	0.5
92400	0.5	0.48	0.48	0	0	0.5
92500	0.5	0.48	0.48	0	0	0.5
92600	0.5	0.48	0.48	0	0	0.5
92700	0.5	0.48	0.48	0	0	0.5
92800	0.5	0.48	0.48	0	0	0.5
92900	0.5	0.48	0.48	0	0	0.5
93000	0.5	0.48	0.48	0	0	0.5
93100	0.5	0.48	0.48	0	0	0.5
93200	0.5	0.48	0.48	0	0	0.5
93300	0.5	0.48	0.48	0	0	0.5
93400	0.5	0.48	0.48	0	0	0.5
93500	0.5	0.48	0.48	0	0	0.5
93600	0.5	0.48	0.48	0	0	0.5
93700	0.5	0.48	0.48	0	0	0.5
93800	0.5	0.48	0.48	0	0	0.5
93900	0.5	0.48	0.48	0	0	0.5
94000	0.5	0.5	0.5	0	0	0.5
94100	0.5	0.5	0.5	0	0	0.5
94200	0.5	0.5	0.5	0	0	0.5
94300	0.5	0.5	0.5	0	0	0.5
94400	0.5	0.5	0.5	0	0	0.5
94500	0.5	0.5	0.5	0	0	0.5
94600	0.5	0.5	0.5	0	0	0.5
94700	0.5	0.5	0.5	0	0	0.5
94800	0.5	0.5	0.5	0	0	0.5
94900	0.5	0.5	0.5	0	0	0.5
95000	0.5	0.5	0.5	0	0	0.5
95100	0.5	0.5	0.5	0	0	0.5
95200	0.5	0.5	0.5	0	0	0.5
95300	0.5	0.5	0.5	0	0	0.5
95400	0.5	0.5	0.5	0	0	0.5
95500	0.5	0.5	0.5	0	0	0.5
95600	0.5	0.5	0.5	0	0	0.5
95700	0.5	0.5	0.5	0	0	0.5
95800	0.5	0.5	0.5	0	0	0.5
95900	0.5	0.5	0.5	0	0	0.5
96000	0.5	0.5	0.5	0	0	0.5
96100	0.5	0.5	0.5	0	0	0.5
96200	0.5	0.5	0.5	0	0	0.5
96300	0.5	0.5	0.5	0	0	0.5
96400	0.5	0.5	0.5	0	0	0.5
96500	0.5	0.5	0.5	0	0	0.5
96600	0.5	0.5	0.5	0	0	0.5
96700	0.5	0.5	0.5	0	0	0.5
96800	0.5	0.5	0.5	0	0	0.5
96900	0.5	0.5	0.5	0	0	0.5
97000	0.5	0.5	0.5	0	0	0.5
97100	0.5	0.5	0.5	0	0	0.5
97200	0.5	0.5	0.5	0	0	0.5
97300	0.5	0.48	0.48	0	0	0.5
97400	0.5	0.48	0.48	0	0	0.5
97500	0.48	0.48	0.48	0	0	0.48
97600	0.48	0.48	0.48	0	0	0.48
97700	0.48	0.48	0.48	0	0	0.48
97800	0.48	0.48	0.48	0	0	0.48
97900	0.48	0.48	0.48	0	0	0.48
98000	0.48	0.48	0.48	0	0	0.48
98100	0.48	0.48	0.48	0	0	0.48
98200	0.48	0.48	0.48	0	0	0.48
98300	0.48	0.48	0.48	0	0	0.48
98400	0.48	0.48	0.48	0	0	0.48
98500	0.48	0.46	0.46	0	0	0.48
98600	0.48	0.46	0.46	0	0	0.48
98700	0.48	0.48	0.48	0	0	0.48
98800	0.48	0.48	0.48	0	0	0.48
98900	0.48	0.48	0.48	0	0	0.48
99000	0.48	0.48	0.48	0	0	0.48
99100	0.48	0.48	0.48	0	0	0.48
99200	0.48	0.48	0.48	0	0	0.48
99300	0.48	0.48	0.48	0	0	0.48
99400	0.48	0.48	0.48	0	0	0.48
99500	0.48	0.46	0.46	0	0	0.48
99600	0.48	0.44	0.44	0	0	0.48
99700	0.48	0.44	0.44	0	0	0.48
99800	0.5	0.44	0.44	0	0	0.5
99900	0.5	0.44	0.44	0	0	0.5
100000	0.5	0.44	0.44	0	0	0.5
