100	0.1	0.1	0.1	0	0	0.1
200	0.18	0.16	0.16	0	0	0.18
300	0.18	0.16	0.16	0	0	0.18
400	0.2	0.16	0.16	0	0	0.2
500	0.2	0.18	0.18	0	0	0.2
600	0.2	0.18	0.18	0	0	0.2
700	0.2	0.18	0.18	0	0	0.2
800	0.22	0.2	0.2	0	0	0.22
900	0.24	0.2	0.2	0	0	0.24
1000	0.24	0.2	0.2	0	0	0.24
1100	0.22	0.2	0.2	0	0	0.22
1200	0.24	0.26	0.26	0	0	0.24
1300	0.26	0.24	0.24	0	0	0.26
1400	0.28	0.24	0.24	0	0	0.28
1500	0.3	0.24	0.24	0	0	0.3
1600	0.3	0.24	0.24	0	0	0.3
1700	0.3	0.24	0.24	0	0	0.3
1800	0.3	0.24	0.24	0	0	0.3
1900	0.3	0.24	0.24	0	0	0.3
2000	0.3	0.24	0.24	0	0	0.3
2100	0.32	0.22	0.22	0	0	0.32
2200	0.34	0.26	0.26	0	0	0.34
2300	0.36	0.26	0.26	0	0	0.36
2400	0.38	0.3	0.3	0	0	0.38
2500	0.38	0.3	0.3	0	0	0.38
2600	0.38	0.32	0.32	0	0	0.38
2700	0.38	0.32	0.32	0	0	0.38
2800	0.4	0.32	0.32	0	0	0.4
2900	0.4	0.32	0.32	0	0	0.4
3000	0.4	0.32	0.32	0	0	0.4
3100	0.4	0.36	0.36	0	0	0.4
3200	0.4	0.36	0.36	0	0	0.4
3300	0.4	0.36	0.36	0	0	0.4
3400	0.4	0.34	0.34	0	0	0.4
3500	0.42	0.34	0.34	0	0	0.42
3600	0.44	0.34	0.34	0	0	0.44
3700	0.44	0.34	0.34	0	0	0.44
3800	0.4	0.34	0.34	0	0	0.4
3900	0.38	0.36	0.36	0	0	0.38
4000	0.38	0.36	0.36	0	0	0.38
4100	0.38	0.36	0.36	0	0	0.38
4200	0.38	0.36	0.36	0	0	0.38
4300	0.38	0.38	0.38	0	0	0.38
4400	0.38	0.38	0.38	0	0	0.38
4500	0.38	0.38	0.38	0	0	0.38
4600	0.38	0.38	0.38	0	0	0.38
4700	0.4	0.4	0.4	0	0	0.4
4800	0.4	0.4	0.4	0	0	0.4
4900	0.4	0.4	0.4	0	0	0.4
5000	0.38	0.4	0.4	0	0	0.38
5100	0.4	0.42	0.42	0	0	0.4
5200	0.4	0.44	0.44	0	0	0.4
5300	0.4	0.44	0.44	0	0	0.4
5400	0.4	0.44	0.44	0	0	0.4
5500	0.42	0.44	0.44	0	0	0.42
5600	0.42	0.46	0.46	0	0	0.42
5700	0.38	0.46	0.46	0	0	0.38
5800	0.4	0.46	0.46	0	0	0.4
5900	0.38	0.46	0.46	0	0	0.38
6000	0.38	0.46	0.46	0	0	0.38
6100	0.38	0.46	0.46	0	0	0.38
6200	0.38	0.46	0.46	0	0	0.38
6300	0.38	0.46	0.46	0	0	0.38
6400	0.38	0.46	0.46	0	0	0.38
6500	0.38	0.46	0.46	0	0	0.38
6600	0.38	0.46	0.46	0	0	0.38
6700	0.38	0.46	0.46	0	0	0.38
6800	0.38	0.46	0.46	0	0	0.38
6900	0.38	0.46	0.46	0	0	0.38
7000	0.38	0.44	0.44	0	0	0.38
7100	0.38	0.44	0.44	0	0	0.38
7200	0.38	0.44	0.44	0	0	0.38
7300	0.38	0.44	0.44	0	0	0.38
7400	0.38	0.44	0.44	0	0	0.38
7500	0.36	0.44	0.44	0	0	0.36
7600	0.36	0.44	0.44	0	0	0.36
7700	0.34	0.46	0.46	0	0	0.34
7800	0.34	0.46	0.46	0	0	0.34
7900	0.34	0.46	0.46	0	0	0.34
8000	0.34	0.46	0.46	0	0	0.34
8100	0.36	0.48	0.48	0	0	0.36
8200	0.36	0.48	0.48	0	0	0.36
8300	0.36	0.48	0.48	0	0	0.36
8400	0.36	0.48	0.48	0	0	0.36
8500	0.36	0.42	0.42	0	0	0.36
8600	0.38	0.42	0.42	0	0	0.38
8700	0.38	0.42	0.42	0	0	0.38
8800	0.38	0.42	0.42	0	0	0.38
8900	0.4	0.42	0.42	0	0	0.4
9000	0.4	0.42	0.42	0	0	0.4
9100	0.4	0.44	0.44	0	0	0.4
9200	0.38	0.46	0.46	0	0	0.38
9300	0.4	0.46	0.46	0	0	0.4
9400	0.4	0.46	0.46	0	0	0.4
9500	0.4	0.46	0.46	0	0	0.4
9600	0.4	0.46	0.46	0	0	0.4
9700	0.4	0.46	0.46	0	0	0.4
9800	0.4	0.46	0.46	0	0	0.4
9900	0.4	0.46	0.46	0	0	0.4
10000	0.4	0.46	0.46	0	0	0.4
10100	0.4	0.46	0.46	0	0	0.4
10200	0.4	0.46	0.46	0	0	0.4
10300	0.4	0.46	0.46	0	0	0.4
10400	0.4	0.46	0.46	0	0	0.4
10500	0.4	0.46	0.46	0	0	0.4
10600	0.4	0.46	0.46	0	0	0.4
10700	0.42	0.46	0.46	0	0	0.42
10800	0.42	0.46	0.46	0	0	0.42
10900	0.44	0.46	0.46	0	0	0.44
11000	0.44	0.46	0.46	0	0	0.44
11100	0.44	0.46	0.46	0	0	0.44
11200	0.46	0.46	0.46	0	0	0.46
11300	0.46	0.44	0.44	0	0	0.46
11400	0.46	0.44	0.44	0	0	0.46
11500	0.46	0.44	0.44	0	0	0.46
11600	0.46	0.44	0.44	0	0	0.46
11700	0.46	0.44	0.44	0	0	0.46
11800	0.48	0.44	0.44	0	0	0.48
11900	0.48	0.44	0.44	0	0	0.48
12000	0.48	0.44	0.44	0	0	0.48
12100	0.48	0.44	0.44	0	0	0.48
12200	0.48	0.44	0.44	0	0	0.48
12300	0.46	0.44	0.44	0	0	0.46
12400	0.46	0.44	0.44	0	0	0.46
12500	0.46	0.44	0.44	0	0	0.46
12600	0.46	0.44	0.44	0	0	0.46
12700	0.46	0.44	0.44	0	0	0.46
12800	0.48	0.44	0.44	0	0	0.48
12900	0.48	0.44	0.44	0	0	0.48
13000	0.48	0.44	0.44	0	0	0.48
13100	0.48	0.44	0.44	0	0	0.48
13200	0.48	0.44	0.44	0	0	0.48
13300	0.48	0.44	0.44	0	0	0.48
13400	0.48	0.44	0.44	0	0	0.48
13500	0.48	0.44	0.44	0	0	0.48
13600	0.46	0.44	0.44	0	0	0.46
13700	0.48	0.42	0.42	0	0	0.48
13800	0.48	0.42	0.42	0	0	0.48
13900	0.48	0.42	0.42	0	0	0.48
14000	0.46	0.42	0.42	0	0	0.46
14100	0.46	0.42	0.42	0	0	0.46
14200	0.46	0.42	0.42	0	0	0.46
14300	0.46	0.42	0.42	0	0	0.46
14400	0.44	0.42	0.42	0	0	0.44
14500	0.44	0.42	0.42	0	0	0.44
14600	0.44	0.42	0.42	0	0	0.44
14700	0.44	0.42	0.42	0	0	0.44
14800	0.44	0.42	0.42	0	0	0.44
14900	0.44	0.42	0.42	0	0	0.44
15000	0.44	0.42	0.42	0	0	0.44
15100	0.44	0.42	0.42	0	0	0.44
15200	0.44	0.42	0.42	0	0	0.44
15300	0.44	0.42	0.42	0	0	0.44
15400	0.44	0.42	0.42	0	0	0.44
15500	0.46	0.42	0.42	0	0	0.46
15600	0.46	0.42	0.42	0	0	0.46
15700	0.46	0.42	0.42	0	0	0.46
15800	0.46	0.42	0.42	0	0	0.46
15900	0.46	0.42	0.42	0	0	0.46
16000	0.46	0.42	0.42	0	0	0.46
16100	0.46	0.42	0.42	0	0	0.46
16200	0.46	0.42	0.42	0	0	0.46
16300	0.46	0.42	0.42	0	0	0.46
16400	0.46	0.42	0.42	0	0	0.46
16500	0.46	0.44	0.44	0	0	0.46
16600	0.46	0.44	0.44	0	0	0.46
16700	0.48	0.44	0.44	0	0	0.48
16800	0.48	0.42	0.42	0	0	0.48
16900	0.48	0.42	0.42	0	0	0.48
17000	0.48	0.42	0.42	0	0	0.48
17100	0.48	0.42	0.42	0	0	0.48
17200	0.48	0.44	0.44	0	0	0.48
17300	0.48	0.44	0.44	0	0	0.48
17400	0.48	0.44	0.44	0	0	0.48
17500	0.48	0.44	0.44	0	0	0.48
17600	0.48	0.44	0.44	0	0	0.48
17700	0.48	0.44	0.44	0	0	0.48
17800	0.48	0.44	0.44	0	0	0.48
17900	0.48	0.44	0.44	0	0	0.48
18000	0.48	0.44	0.44	0	0	0.48
18100	0.48	0.44	0.44	0	0	0.48
18200	0.48	0.44	0.44	0	0	0.48
18300	0.48	0.44	0.44	0	0	0.48
18400	0.48	0.44	0.44	0	0	0.48
18500	0.46	0.44	0.44	0	0	0.46
18600	0.46	0.44	0.44	0	0	0.46
18700	0.46	0.44	0.44	0	0	0.46
18800	0.46	0.44	0.44	0	0	0.46
18900	0.46	0.44	0.44	0	0	0.46
19000	0.46	0.44	0.44	0	0	0.46
19100	0.46	0.44	0.44	0	0	0.46
19200	0.46	0.44	0.44	0	0	0.46
19300	0.46	0.44	0.44	0	0	0.46
19400	0.46	0.44	0.44	0	0	0.46
19500	0.46	0.44	0.44	0	0	0.46
19600	0.46	0.44	0.44	0	0	0.46
19700	0.46	0.44	0.44	0	0	0.46
19800	0.46	0.44	0.44	0	0	0.46
19900	0.46	0.44	0.44	0	0	0.46
20000	0.46	0.44	0.44	0	0	0.46
20100	0.46	0.44	0.44	0	0	0.46
20200	0.44	0.44	0.44	0	0	0.44
20300	0.44	0.42	0.42	0	0	0.44
20400	0.44	0.42	0.42	0	0	0.44
20500	0.44	0.42	0.42	0	0	0.44
20600	0.44	0.42	0.42	0	0	0.44
20700	0.44	0.42	0.42	0	0	0.44
20800	0.44	0.44	0.44	0	0	0.44
20900	0.44	0.44	0.44	0	0	0.44
21000	0.44	0.44	0.44	0	0	0.44
21100	0.44	0.44	0.44	0	0	0.44
21200	0.46	0.46	0.46	0	0	0.46
21300	0.46	0.46	0.46	0	0	0.46
21400	0.46	0.48	0.48	0	0	0.46
21500	0.46	0.48	0.48	0	0	0.46
21600	0.46	0.48	0.48	0	0	0.46
21700	0.46	0.48	0.48	0	0	0.46
21800	0.46	0.48	0.48	0	0	0.46
21900	0.46	0.48	0.48	0	0	0.46
22000	0.46	0.48	0.48	0	0	0.46
22100	0.46	0.48	0.48	0	0	0.46
22200	0.46	0.48	0.48	0	0	0.46
22300	0.46	0.48	0.48	0	0	0.46
22400	0.46	0.48	0.48	0	0	0.46
22500	0.46	0.48	0.48	0	0	0.46
22600	0.46	0.48	0.48	0	0	0.46
22700	0.46	0.48	0.48	0	0	0.46
22800	0.46	0.48	0.48	0	0	0.46
22900	0.46	0.48	0.48	0	0	0.46
23000	0.46	0.48	0.48	0	0	0.46
23100	0.46	0.48	0.48	0	0	0.46
23200	0.46	0.48	0.48	0	0	0.46
23300	0.48	0.48	0.48	0	0	0.48
23400	0.48	0.5	0.5	0	0	0.48
23500	0.48	0.5	0.5	0	0	0.48
23600	0.48	0.5	0.5	0	0	0.48
23700	0.48	0.5	0.5	0	0	0.48
23800	0.48	0.5	0.5	0	0	0.48
23900	0.48	0.5	0.5	0	0	0.48
24000	0.48	0.5	0.5	0	0	0.48
24100	0.48	0.5	0.5	0	0	0.48
24200	0.48	0.5	0.5	0	0	0.48
24300	0.48	0.5	0.5	0	0	0.48
24400	0.48	0.5	0.5	0	0	0.48
24500	0.48	0.5	0.5	0	0	0.48
24600	0.48	0.5	0.5	0	0	0.48
24700	0.48	0.5	0.5	0	0	0.48
24800	0.48	0.46	0.46	0	0	0.48
24900	0.48	0.46	0.46	0	0	0.48
25000	0.48	0.46	0.46	0	0	0.48
25100	0.48	0.46	0.46	0	0	0.48
25200	0.48	0.46	0.46	0	0	0.48
25300	0.46	0.46	0.46	0	0	0.46
25400	0.46	0.46	0.46	0	0	0.46
25500	0.46	0.46	0.46	0	0	0.46
25600	0.46	0.46	0.46	0	0	0.46
25700	0.46	0.44	0.44	0	0	0.46
25800	0.46	0.44	0.44	0	0	0.46
25900	0.46	0.44	0.44	0	0	0.46
26000	0.48	0.44	0.44	0	0	0.48
26100	0.48	0.44	0.44	0	0	0.48
26200	0.48	0.44	0.44	0	0	0.48
26300	0.48	0.44	0.44	0	0	0.48
26400	0.48	0.44	0.44	0	0	0.48
26500	0.48	0.44	0.44	0	0	0.48
26600	0.48	0.44	0.44	0	0	0.48
26700	0.48	0.44	0.44	0	0	0.48
26800	0.48	0.44	0.44	0	0	0.48
26900	0.48	0.44	0.44	0	0	0.48
27000	0.48	0.44	0.44	0	0	0.48
27100	0.48	0.44	0.44	0	0	0.48
27200	0.48	0.44	0.44	0	0	0.48
27300	0.48	0.44	0.44	0	0	0.48
27400	0.48	0.44	0.44	0	0	0.48
27500	0.48	0.44	0.44	0	0	0.48
27600	0.48	0.44	0.44	0	0	0.48
27700	0.5	0.44	0.44	0	0	0.5
27800	0.5	0.44	0.44	0	0	0.5
27900	0.5	0.42	0.42	0	0	0.5
28000	0.5	0.42	0.42	0	0	0.5
28100	0.5	0.42	0.42	0	0	0.5
28200	0.5	0.42	0.42	0	0	0.5
28300	0.5	0.42	0.42	0	0	0.5
28400	0.5	0.42	0.42	0	0	0.5
28500	0.5	0.42	0.42	0	0	0.5
28600	0.48	0.42	0.42	0	0	0.48
28700	0.48	0.42	0.42	0	0	0.48
28800	0.48	0.42	0.42	0	0	0.48
28900	0.48	0.42	0.42	0	0	0.48
29000	0.48	0.42	0.42	0	0	0.48
29100	0.48	0.44	0.44	0	0	0.48
29200	0.46	0.44	0.44	0	0	0.46
29300	0.46	0.46	0.46	0	0	0.46
29400	0.46	0.44	0.44	0	0	0.46
29500	0.46	0.44	0.44	0	0	0.46
29600	0.46	0.44	0.44	0	0	0.46
29700	0.46	0.44	0.44	0	0	0.46
29800	0.46	0.44	0.44	0	0	0.46
29900	0.46	0.44	0.44	0	0	0.46
30000	0.46	0.44	0.44	0	0	0.46
30100	0.44	0.44	0.44	0	0	0.44
30200	0.44	0.46	0.46	0	0	0.44
30300	0.44	0.46	0.46	0	0	0.44
30400	0.46	0.46	0.46	0	0	0.46
30500	0.44	0.46	0.46	0	0	0.44
30600	0.44	0.46	0.46	0	0	0.44
30700	0.44	0.46	0.46	0	0	0.44
30800	0.44	0.46	0.46	0	0	0.44
30900	0.44	0.46	0.46	0	0	0.44
31000	0.44	0.46	0.46	0	0	0.44
31100	0.44	0.46	0.46	0	0	0.44
31200	0.44	0.46	0.46	0	0	0.44
31300	0.44	0.46	0.46	0	0	0.44
31400	0.44	0.46	0.46	0	0	0.44
31500	0.44	0.46	0.46	0	0	0.44
31600	0.42	0.46	0.46	0	0	0.42
31700	0.42	0.46	0.46	0	0	0.42
31800	0.42	0.46	0.46	0	0	0.42
31900	0.42	0.48	0.48	0	0	0.42
32000	0.42	0.48	0.48	0	0	0.42
32100	0.42	0.48	0.48	0	0	0.42
32200	0.42	0.48	0.48	0	0	0.42
32300	0.42	0.48	0.48	0	0	0.42
32400	0.42	0.48	0.48	0	0	0.42
32500	0.42	0.48	0.48	0	0	0.42
32600	0.42	0.46	0.46	0	0	0.42
32700	0.42	0.46	0.46	0	0	0.42
32800	0.42	0.46	0.46	0	0	0.42
32900	0.42	0.46	0.46	0	0	0.42
33000	0.42	0.46	0.46	0	0	0.42
33100	0.42	0.46	0.46	0	0	0.42
33200	0.42	0.46	0.46	0	0	0.42
33300	0.42	0.46	0.46	0	0	0.42
33400	0.42	0.46	0.46	0	0	0.42
33500	0.42	0.46	0.46	0	0	0.42
33600	0.44	0.44	0.44	0	0	0.44
33700	0.44	0.44	0.44	0	0	0.44
33800	0.44	0.44	0.44	0	0	0.44
33900	0.46	0.44	0.44	0	0	0.46
34000	0.44	0.44	0.44	0	0	0.44
34100	0.44	0.44	0.44	0	0	0.44
34200	0.44	0.44	0.44	0	0	0.44
34300	0.44	0.44	0.44	0	0	0.44
34400	0.44	0.44	0.44	0	0	0.44
34500	0.44	0.44	0.44	0	0	0.44
34600	0.44	0.44	0.44	0	0	0.44
34700	0.44	0.44	0.44	0	0	0.44
34800	0.44	0.42	0.42	0	0	0.44
34900	0.44	0.42	0.42	0	0	0.44
35000	0.44	0.4	0.4	0	0	0.44
35100	0.44	0.42	0.42	0	0	0.44
35200	0.44	0.42	0.42	0	0	0.44
35300	0.44	0.42	0.42	0	0	0.44
35400	0.46	0.42	0.42	0	0	0.46
35500	0.46	0.42	0.42	0	0	0.46
35600	0.46	0.42	0.42	0	0	0.46
35700	0.46	0.42	0.42	0	0	0.46
35800	0.44	0.42	0.42	0	0	0.44
35900	0.44	0.42	0.42	0	0	0.44
36000	0.44	0.42	0.42	0	0	0.44
36100	0.44	0.42	0.42	0	0	0.44
36200	0.44	0.44	0.44	0	0	0.44
36300	0.44	0.44	0.44	0	0	0.44
36400	0.44	0.42	0.42	0	0	0.44
36500	0.44	0.42	0.42	0	0	0.44
36600	0.42	0.44	0.44	0	0	0.42
36700	0.42	0.44	0.44	0	0	0.42
36800	0.42	0.46	0.46	0	0	0.42
36900	0.4	0.46	0.46	0	0	0.4
37000	0.42	0.46	0.46	0	0	0.42
37100	0.42	0.46	0.46	0	0	0.42
37200	0.42	0.46	0.46	0	0	0.42
37300	0.42	0.46	0.46	0	0	0.42
37400	0.44	0.46	0.46	0	0	0.44
37500	0.44	0.46	0.46	0	0	0.44
37600	0.44	0.46	0.46	0	0	0.44
37700	0.44	0.46	0.46	0	0	0.44
37800	0.44	0.46	0.46	0	0	0.44
37900	0.44	0.44	0.44	0	0	0.44
38000	0.44	0.44	0.44	0	0	0.44
38100	0.42	0.44	0.44	0	0	0.42
38200	0.42	0.44	0.44	0	0	0.42
38300	0.42	0.46	0.46	0	0	0.42
38400	0.42	0.46	0.46	0	0	0.42
38500	0.42	0.46	0.46	0	0	0.42
38600	0.42	0.46	0.46	0	0	0.42
38700	0.42	0.46	0.46	0	0	0.42
38800	0.42	0.46	0.46	0	0	0.42
38900	0.42	0.46	0.46	0	0	0.42
39000	0.42	0.46	0.46	0	0	0.42
39100	0.4	0.46	0.46	0	0	0.4
39200	0.4	0.46	0.46	0	0	0.4
39300	0.4	0.46	0.46	0	0	0.4
39400	0.4	0.48	0.48	0	0	0.4
39500	0.4	0.48	0.48	0	0	0.4
39600	0.42	0.48	0.48	0	0	0.42
39700	0.42	0.48	0.48	0	0	0.42
39800	0.42	0.48	0.48	0	0	0.42
39900	0.42	0.46	0.46	0	0	0.42
40000	0.42	0.46	0.46	0	0	0.42
40100	0.42	0.46	0.46	0	0	0.42
40200	0.42	0.46	0.46	0	0	0.42
40300	0.4	0.46	0.46	0	0	0.4
40400	0.4	0.46	0.46	0	0	0.4
40500	0.4	0.46	0.46	0	0	0.4
40600	0.42	0.46	0.46	0	0	0.42
40700	0.42	0.46	0.46	0	0	0.42
40800	0.42	0.46	0.46	0	0	0.42
40900	0.42	0.46	0.46	0	0	0.42
41000	0.42	0.48	0.48	0	0	0.42
41100	0.42	0.48	0.48	0	0	0.42
41200	0.42	0.48	0.48	0	0	0.42
41300	0.42	0.48	0.48	0	0	0.42
41400	0.42	0.48	0.48	0	0	0.42
41500	0.42	0.48	0.48	0	0	0.42
41600	0.42	0.48	0.48	0	0	0.42
41700	0.42	0.48	0.48	0	0	0.42
41800	0.42	0.48	0.48	0	0	0.42
41900	0.42	0.48	0.48	0	0	0.42
42000	0.42	0.48	0.48	0	0	0.42
42100	0.42	0.48	0.48	0	0	0.42
42200	0.42	0.48	0.48	0	0	0.42
42300	0.42	0.48	0.48	0	0	0.42
42400	0.42	0.48	0.48	0	0	0.42
42500	0.42	0.48	0.48	0	0	0.42
42600	0.42	0.48	0.48	0	0	0.42
42700	0.42	0.48	0.48	0	0	0.42
42800	0.44	0.48	0.48	0	0	0.44
42900	0.44	0.48	0.48	0	0	0.44
43000	0.44	0.48	0.48	0	0	0.44
43100	0.44	0.48	0.48	0	0	0.44
43200	0.44	0.48	0.48	0	0	0.44
43300	0.44	0.48	0.48	0	0	0.44
43400	0.44	0.48	0.48	0	0	0.44
43500	0.44	0.48	0.48	0	0	0.44
43600	0.44	0.46	0.46	0	0	0.44
43700	0.44	0.46	0.46	0	0	0.44
43800	0.44	0.46	0.46	0	0	0.44
43900	0.44	0.46	0.46	0	0	0.44
44000	0.44	0.46	0.46	0	0	0.44
44100	0.44	0.46	0.46	0	0	0.44
44200	0.44	0.46	0.46	0	0	0.44
44300	0.44	0.46	0.46	0	0	0.44
44400	0.44	0.46	0.46	0	0	0.44
44500	0.44	0.46	0.46	0	0	0.44
44600	0.44	0.46	0.46	0	0	0.44
44700	0.44	0.46	0.46	0	0	0.44
44800	0.44	0.46	0.46	0	0	0.44
44900	0.44	0.46	0.46	0	0	0.44
45000	0.44	0.46	0.46	0	0	0.44
45100	0.44	0.46	0.46	0	0	0.44
45200	0.44	0.46	0.46	0	0	0.44
45300	0.44	0.46	0.46	0	0	0.44
45400	0.44	0.46	0.46	0	0	0.44
45500	0.44	0.46	0.46	0	0	0.44
45600	0.44	0.48	0.48	0	0	0.44
45700	0.44	0.48	0.48	0	0	0.44
45800	0.44	0.48	0.48	0	0	0.44
45900	0.44	0.48	0.48	0	0	0.44
46000	0.44	0.48	0.48	0	0	0.44
46100	0.44	0.48	0.48	0	0	0.44
46200	0.44	0.48	0.48	0	0	0.44
46300	0.44	0.48	0.48	0	0	0.44
46400	0.44	0.48	0.48	0	0	0.44
46500	0.44	0.48	0.48	0	0	0.44
46600	0.44	0.48	0.48	0	0	0.44
46700	0.44	0.48	0.48	0	0	0.44
46800	0.44	0.48	0.48	0	0	0.44
46900	0.44	0.48	0.48	0	0	0.44
47000	0.44	0.48	0.48	0	0	0.44
47100	0.44	0.48	0.48	0	0	0.44
47200	0.44	0.5	0.5	0	0	0.44
47300	0.46	0.5	0.5	0	0	0.46
47400	0.46	0.5	0.5	0	0	0.46
47500	0.46	0.5	0.5	0	0	0.46
47600	0.48	0.5	0.5	0	0	0.48
47700	0.48	0.5	0.5	0	0	0.48
47800	0.48	0.5	0.5	0	0	0.48
47900	0.48	0.5	0.5	0	0	0.48
48000	0.48	0.5	0.5	0	0	0.48
48100	0.48	0.5	0.5	0	0	0.48
48200	0.48	0.5	0.5	0	0	0.48
48300	0.48	0.5	0.5	0	0	0.48
48400	0.46	0.5	0.5	0	0	0.46
48500	0.46	0.5	0.5	0	0	0.46
48600	0.46	0.5	0.5	0	0	0.46
48700	0.46	0.5	0.5	0	0	0.46
48800	0.46	0.5	0.5	0	0	0.46
48900	0.46	0.5	0.5	0	0	0.46
49000	0.46	0.5	0.5	0	0	0.46
49100	0.46	0.5	0.5	0	0	0.46
49200	0.46	0.5	0.5	0	0	0.46
49300	0.46	0.5	0.5	0	0	0.46
49400	0.46	0.5	0.5	0	0	0.46
49500	0.46	0.5	0.5	0	0	0.46
49600	0.46	0.5	0.5	0	0	0.46
49700	0.46	0.5	0.5	0	0	0.46
49800	0.46	0.5	0.5	0	0	0.46
49900	0.46	0.5	0.5	0	0	0.46
50000	0.46	0.5	0.5	0	0	0.46
50100	0.46	0.5	0.5	0	0	0.46
50200	0.46	0.5	0.5	0	0	0.46
50300	0.46	0.5	0.5	0	0	0.46
50400	0.46	0.5	0.5	0	0	0.46
50500	0.46	0.5	0.5	0	0	0.46
50600	0.46	0.5	0.5	0	0	0.46
50700	0.46	0.5	0.5	0	0	0.46
50800	0.48	0.5	0.5	0	0	0.48
50900	0.48	0.5	0.5	0	0	0.48
51000	0.48	0.5	0.5	0	0	0.48
51100	0.46	0.5	0.5	0	0	0.46
51200	0.46	0.5	0.5	0	0	0.46
51300	0.46	0.5	0.5	0	0	0.46
51400	0.46	0.5	0.5	0	0	0.46
51500	0.46	0.5	0.5	0	0	0.46
51600	0.46	0.5	0.5	0	0	0.46
51700	0.46	0.5	0.5	0	0	0.46
51800	0.46	0.5	0.5	0	0	0.46
51900	0.46	0.5	0.5	0	0	0.46
52000	0.46	0.5	0.5	0	0	0.46
52100	0.46	0.5	0.5	0	0	0.46
52200	0.46	0.5	0.5	0	0	0.46
52300	0.46	0.5	0.5	0	0	0.46
52400	0.46	0.5	0.5	0	0	0.46
52500	0.46	0.5	0.5	0	0	0.46
52600	0.46	0.5	0.5	0	0	0.46
52700	0.46	0.5	0.5	0	0	0.46
52800	0.46	0.5	0.5	0	0	0.46
52900	0.46	0.5	0.5	0	0	0.46
53000	0.46	0.5	0.5	0	0	0.46
53100	0.46	0.5	0.5	0	0	0.46
53200	0.46	0.5	0.5	0	0	0.46
53300	0.48	0.5	0.5	0	0	0.48
53400	0.48	0.5	0.5	0	0	0.48
53500	0.48	0.5	0.5	0	0	0.48
53600	0.48	0.48	0.48	0	0	0.48
53700	0.48	0.48	0.48	0	0	0.48
53800	0.48	0.48	0.48	0	0	0.48
53900	0.48	0.48	0.48	0	0	0.48
54000	0.48	0.48	0.48	0	0	0.48
54100	0.48	0.48	0.48	0	0	0.48
54200	0.48	0.48	0.48	0	0	0.48
54300	0.48	0.48	0.48	0	0	0.48
54400	0.48	0.48	0.48	0	0	0.48
54500	0.48	0.48	0.48	0	0	0.48
54600	0.46	0.48	0.48	0	0	0.46
54700	0.46	0.48	0.48	0	0	0.46
54800	0.46	0.48	0.48	0	0	0.46
54900	0.46	0.48	0.48	0	0	0.46
55000	0.46	0.48	0.48	0	0	0.46
55100	0.46	0.48	0.48	0	0	0.46
55200	0.46	0.48	0.48	0	0	0.46
55300	0.46	0.48	0.48	0	0	0.46
55400	0.46	0.48	0.48	0	0	0.46
55500	0.46	0.48	0.48	0	0	0.46
55600	0.46	0.48	0.48	0	0	0.46
55700	0.46	0.48	0.48	0	0	0.46
55800	0.46	0.48	0.48	0	0	0.46
55900	0.46	0.48	0.48	0	0	0.46
56000	0.46	0.48	0.48	0	0	0.46
56100	0.46	0.48	0.48	0	0	0.46
56200	0.46	0.48	0.48	0	0	0.46
56300	0.46	0.48	0.48	0	0	0.46
56400	0.46	0.48	0.48	0	0	0.46
56500	0.46	0.48	0.48	0	0	0.46
56600	0.46	0.48	0.48	0	0	0.46
56700	0.46	0.48	0.48	0	0	0.46
56800	0.46	0.48	0.48	0	0	0.46
56900	0.46	0.48	0.48	0	0	0.46
57000	0.46	0.48	0.48	0	0	0.46
57100	0.46	0.48	0.48	0	0	0.46
57200	0.46	0.48	0.48	0	0	0.46
57300	0.46	0.48	0.48	0	0	0.46
57400	0.46	0.48	0.48	0	0	0.46
57500	0.46	0.48	0.48	0	0	0.46
57600	0.46	0.48	0.48	0	0	0.46
57700	0.46	0.48	0.48	0	0	0.46
57800	0.46	0.48	0.48	0	0	0.46
57900	0.46	0.48	0.48	0	0	0.46
58000	0.46	0.48	0.48	0	0	0.46
58100	0.46	0.48	0.48	0	0	0.46
58200	0.46	0.48	0.48	0	0	0.46
58300	0.46	0.48	0.48	0	0	0.46
58400	0.46	0.48	0.48	0	0	0.46
58500	0.46	0.48	0.48	0	0	0.46
58600	0.46	0.48	0.48	0	0	0.46
58700	0.46	0.48	0.48	0	0	0.46
58800	0.46	0.48	0.48	0	0	0.46
58900	0.46	0.48	0.48	0	0	0.46
59000	0.46	0.48	0.48	0	0	0.46
59100	0.46	0.48	0.48	0	0	0.46
59200	0.46	0.48	0.48	0	0	0.46
59300	0.46	0.48	0.48	0	0	0.46
59400	0.46	0.48	0.48	0	0	0.46
59500	0.46	0.48	0.48	0	0	0.46
59600	0.48	0.48	0.48	0	0	0.48
59700	0.46	0.48	0.48	0	0	0.46
59800	0.46	0.48	0.48	0	0	0.46
59900	0.46	0.48	0.48	0	0	0.46
60000	0.46	0.48	0.48	0	0	0.46
60100	0.46	0.48	0.48	0	0	0.46
60200	0.46	0.5	0.5	0	0	0.46
60300	0.46	0.48	0.48	0	0	0.46
60400	0.44	0.48	0.48	0	0	0.44
60500	0.44	0.48	0.48	0	0	0.44
60600	0.44	0.48	0.48	0	0	0.44
60700	0.44	0.46	0.46	0	0	0.44
60800	0.44	0.46	0.46	0	0	0.44
60900	0.44	0.46	0.46	0	0	0.44
61000	0.44	0.46	0.46	0	0	0.44
61100	0.44	0.46	0.46	0	0	0.44
61200	0.42	0.46	0.46	0	0	0.42
61300	0.42	0.46	0.46	0	0	0.42
61400	0.42	0.46	0.46	0	0	0.42
61500	0.42	0.46	0.46	0	0	0.42
61600	0.42	0.46	0.46	0	0	0.42
61700	0.42	0.46	0.46	0	0	0.42
61800	0.42	0.46	0.46	0	0	0.42
61900	0.42	0.46	0.46	0	0	0.42
62000	0.42	0.46	0.46	0	0	0.42
62100	0.42	0.48	0.48	0	0	0.42
62200	0.42	0.46	0.46	0	0	0.42
62300	0.44	0.46	0.46	0	0	0.44
62400	0.44	0.46	0.46	0	0	0.44
62500	0.44	0.46	0.46	0	0	0.44
62600	0.44	0.46	0.46	0	0	0.44
62700	0.44	0.46	0.46	0	0	0.44
62800	0.46	0.46	0.46	0	0	0.46
62900	0.48	0.46	0.46	0	0	0.48
63000	0.48	0.46	0.46	0	0	0.48
63100	0.5	0.46	0.46	0	0	0.5
63200	0.5	0.46	0.46	0	0	0.5
63300	0.5	0.46	0.46	0	0	0.5
63400	0.5	0.46	0.46	0	0	0.5
63500	0.5	0.46	0.46	0	0	0.5
63600	0.5	0.46	0.46	0	0	0.5
63700	0.5	0.46	0.46	0	0	0.5
63800	0.5	0.46	0.46	0	0	0.5
63900	0.5	0.46	0.46	0	0	0.5
64000	0.5	0.46	0.46	0	0	0.5
64100	0.5	0.46	0.46	0	0	0.5
64200	0.5	0.46	0.46	0	0	0.5
64300	0.5	0.46	0.46	0	0	0.5
64400	0.5	0.44	0.44	0	0	0.5
64500	0.5	0.44	0.44	0	0	0.5
64600	0.5	0.44	0.44	0	0	0.5
64700	0.5	0.44	0.44	0	0	0.5
64800	0.5	0.44	0.44	0	0	0.5
64900	0.5	0.44	0.44	0	0	0.5
65000	0.5	0.44	0.44	0	0	0.5
65100	0.5	0.44	0.44	0	0	0.5
65200	0.48	0.44	0.44	0	0	0.48
65300	0.48	0.44	0.44	0	0	0.48
65400	0.48	0.44	0.44	0	0	0.48
65500	0.48	0.44	0.44	0	0	0.48
65600	0.48	0.44	0.44	0	0	0.48
65700	0.48	0.44	0.44	0	0	0.48
65800	0.48	0.44	0.44	0	0	0.48
65900	0.48	0.44	0.44	0	0	0.48
66000	0.48	0.44	0.44	0	0	0.48
66100	0.48	0.44	0.44	0	0	0.48
66200	0.48	0.44	0.44	0	0	0.48
66300	0.48	0.44	0.44	0	0	0.48
66400	0.48	0.44	0.44	0	0	0.48
66500	0.48	0.44	0.44	0	0	0.48
66600	0.48	0.44	0.44	0	0	0.48
66700	0.48	0.44	0.44	0	0	0.48
66800	0.48	0.44	0.44	0	0	0.48
66900	0.48	0.44	0.44	0	0	0.48
67000	0.48	0.44	0.44	0	0	0.48
67100	0.48	0.44	0.44	0	0	0.48
67200	0.48	0.44	0.44	0	0	0.48
67300	0.48	0.44	0.44	0	0	0.48
67400	0.48	0.44	0.44	0	0	0.48
67500	0.48	0.44	0.44	0	0	0.48
67600	0.48	0.44	0.44	0	0	0.48
67700	0.48	0.44	0.44	0	0	0.48
67800	0.48	0.44	0.44	0	0	0.48
67900	0.48	0.44	0.44	0	0	0.48
68000	0.48	0.44	0.44	0	0	0.48
68100	0.48	0.44	0.44	0	0	0.48
68200	0.48	0.44	0.44	0	0	0.48
68300	0.48	0.44	0.44	0	0	0.48
68400	0.48	0.44	0.44	0	0	0.48
68500	0.48	0.44	0.44	0	0	0.48
68600	0.48	0.44	0.44	0	0	0.48
68700	0.48	0.44	0.44	0	0	0.48
68800	0.48	0.44	0.44	0	0	0.48
68900	0.48	0.44	0.44	0	0	0.48
69000	0.48	0.44	0.44	0	0	0.48
69100	0.48	0.44	0.44	0	0	0.48
69200	0.48	0.44	0.44	0	0	0.48
69300	0.48	0.44	0.44	0	0	0.48
69400	0.48	0.44	0.44	0	0	0.48
69500	0.5	0.44	0.44	0	0	0.5
69600	0.5	0.44	0.44	0	0	0.5
69700	0.5	0.44	0.44	0	0	0.5
69800	0.5	0.44	0.44	0	0	0.5
69900	0.5	0.44	0.44	0	0	0.5
70000	0.5	0.46	0.46	0	0	0.5
70100	0.5	0.46	0.46	0	0	0.5
70200	0.5	0.46	0.46	0	0	0.5
70300	0.5	0.46	0.46	0	0	0.5
70400	0.5	0.46	0.46	0	0	0.5
70500	0.5	0.46	0.46	0	0	0.5
70600	0.5	0.46	0.46	0	0	0.5
70700	0.5	0.46	0.46	0	0	0.5
70800	0.5	0.46	0.46	0	0	0.5
70900	0.5	0.46	0.46	0	0	0.5
71000	0.5	0.46	0.46	0	0	0.5
71100	0.5	0.46	0.46	0	0	0.5
71200	0.5	0.46	0.46	0	0	0.5
71300	0.5	0.46	0.46	0	0	0.5
71400	0.5	0.46	0.46	0	0	0.5
71500	0.5	0.46	0.46	0	0	0.5
71600	0.5	0.46	0.46	0	0	0.5
71700	0.5	0.46	0.46	0	0	0.5
71800	0.5	0.46	0.46	0	0	0.5
71900	0.52	0.46	0.46	0	0	0.52
72000	0.52	0.46	0.46	0	0	0.52
72100	0.52	0.46	0.46	0	0	0.52
72200	0.52	0.46	0.46	0	0	0.52
72300	0.52	0.46	0.46	0	0	0.52
72400	0.52	0.46	0.46	0	0	0.52
72500	0.52	0.46	0.46	0	0	0.52
72600	0.52	0.46	0.46	0	0	0.52
72700	0.52	0.46	0.46	0	0	0.52
72800	0.52	0.46	0.46	0	0	0.52
72900	0.52	0.46	0.46	0	0	0.52
73000	0.52	0.46	0.46	0	0	0.52
73100	0.52	0.46	0.46	0	0	0.52
73200	0.52	0.46	0.46	0	0	0.52
73300	0.52	0.46	0.46	0	0	0.52
73400	0.52	0.46	0.46	0	0	0.52
73500	0.52	0.46	0.46	0	0	0.52
73600	0.52	0.46	0.46	0	0	0.52
73700	0.52	0.46	0.46	0	0	0.52
73800	0.52	0.46	0.46	0	0	0.52
73900	0.52	0.46	0.46	0	0	0.52
74000	0.52	0.46	0.46	0	0	0.52
74100	0.52	0.46	0.46	0	0	0.52
74200	0.52	0.46	0.46	0	0	0.52
74300	0.52	0.46	0.46	0	0	0.52
74400	0.52	0.46	0.46	0	0	0.52
74500	0.52	0.46	0.46	0	0	0.52
74600	0.52	0.46	0.46	0	0	0.52
74700	0.52	0.46	0.46	0	0	0.52
74800	0.52	0.46	0.46	0	0	0.52
74900	0.52	0.46	0.46	0	0	0.52
75000	0.52	0.46	0.46	0	0	0.52
75100	0.52	0.46	0.46	0	0	0.52
75200	0.52	0.46	0.46	0	0	0.52
75300	0.52	0.46	0.46	0	0	0.52
75400	0.52	0.46	0.46	0	0	0.52
75500	0.52	0.46	0.46	0	0	0.52
75600	0.52	0.46	0.46	0	0	0.52
75700	0.52	0.46	0.46	0	0	0.52
75800	0.52	0.46	0.46	0	0	0.52
75900	0.52	0.46	0.46	0	0	0.52
76000	0.52	0.46	0.46	0	0	0.52
76100	0.52	0.46	0.46	0	0	0.52
76200	0.52	0.46	0.46	0	0	0.52
76300	0.52	0.46	0.46	0	0	0.52
76400	0.52	0.46	0.46	0	0	0.52
76500	0.52	0.46	0.46	0	0	0.52
76600	0.52	0.46	0.46	0	0	0.52
76700	0.52	0.46	0.46	0	0	0.52
76800	0.52	0.46	0.46	0	0	0.52
76900	0.52	0.46	0.46	0	0	0.52
77000	0.52	0.46	0.46	0	0	0.52
77100	0.52	0.46	0.46	0	0	0.52
77200	0.52	0.46	0.46	0	0	0.52
77300	0.52	0.46	0.46	0	0	0.52
77400	0.52	0.46	0.46	0	0	0.52
77500	0.52	0.46	0.46	0	0	0.52
77600	0.52	0.46	0.46	0	0	0.52
77700	0.52	0.46	0.46	0	0	0.52
77800	0.52	0.46	0.46	0	0	0.52
77900	0.52	0.46	0.46	0	0	0.52
78000	0.52	0.46	0.46	0	0	0.52
78100	0.52	0.46	0.46	0	0	0.52
78200	0.52	0.46	0.46	0	0	0.52
78300	0.52	0.46	0.46	0	0	0.52
78400	0.52	0.46	0.46	0	0	0.52
78500	0.52	0.46	0.46	0	0	0.52
78600	0.52	0.46	0.46	0	0	0.52
78700	0.52	0.46	0.46	0	0	0.52
78800	0.52	0.46	0.46	0	0	0.52
78900	0.52	0.46	0.46	0	0	0.52
79000	0.52	0.46	0.46	0	0	0.52
79100	0.52	0.46	0.46	0	0	0.52
79200	0.52	0.46	0.46	0	0	0.52
79300	0.52	0.46	0.46	0	0	0.52
79400	0.52	0.46	0.46	0	0	0.52
79500	0.52	0.46	0.46	0	0	0.52
79600	0.52	0.46	0.46	0	0	0.52
79700	0.52	0.46	0.46	0	0	0.52
79800	0.52	0.46	0.46	0	0	0.52
79900	0.52	0.46	0.46	0	0	0.52
80000	0.52	0.46	0.46	0	0	0.52
80100	0.52	0.46	0.46	0	0	0.52
80200	0.52	0.46	0.46	0	0	0.52
80300	0.52	0.46	0.46	0	0	0.52
80400	0.52	0.46	0.46	0	0	0.52
80500	0.52	0.46	0.46	0	0	0.52
80600	0.52	0.46	0.46	0	0	0.52
80700	0.52	0.46	0.46	0	0	0.52
80800	0.52	0.46	0.46	0	0	0.52
80900	0.52	0.46	0.46	0	0	0.52
81000	0.52	0.46	0.46	0	0	0.52
81100	0.52	0.46	0.46	0	0	0.52
81200	0.52	0.46	0.46	0	0	0.52
81300	0.52	0.46	0.46	0	0	0.52
81400	0.52	0.46	0.46	0	0	0.52
81500	0.52	0.46	0.46	0	0	0.52
81600	0.52	0.46	0.46	0	0	0.52
81700	0.52	0.46	0.46	0	0	0.52
81800	0.52	0.46	0.46	0	0	0.52
81900	0.52	0.46	0.46	0	0	0.52
82000	0.52	0.46	0.46	0	0	0.52
82100	0.52	0.46	0.46	0	0	0.52
82200	0.52	0.46	0.46	0	0	0.52
82300	0.52	0.46	0.46	0	0	0.52
82400	0.52	0.46	0.46	0	0	0.52
82500	0.52	0.46	0.46	0	0	0.52
82600	0.52	0.46	0.46	0	0	0.52
82700	0.52	0.46	0.46	0	0	0.52
82800	0.52	0.46	0.46	0	0	0.52
82900	0.52	0.46	0.46	0	0	0.52
83000	0.5	0.46	0.46	0	0	0.5
83100	0.5	0.46	0.46	0	0	0.5
83200	0.5	0.46	0.46	0	0	0.5
83300	0.5	0.46	0.46	0	0	0.5
83400	0.5	0.46	0.46	0	0	0.5
83500	0.5	0.46	0.46	0	0	0.5
83600	0.5	0.46	0.46	0	0	0.5
83700	0.5	0.46	0.46	0	0	0.5
83800	0.5	0.46	0.46	0	0	0.5
83900	0.5	0.46	0.46	0	0	0.5
84000	0.5	0.46	0.46	0	0	0.5
84100	0.5	0.46	0.46	0	0	0.5
84200	0.5	0.46	0.46	0	0	0.5
84300	0.5	0.46	0.46	0	0	0.5
84400	0.5	0.46	0.46	0	0	0.5
84500	0.5	0.46	0.46	0	0	0.5
84600	0.5	0.46	0.46	0	0	0.5
84700	0.5	0.46	0.46	0	0	0.5
84800	0.5	0.46	0.46	0	0	0.5
84900	0.5	0.46	0.46	0	0	0.5
85000	0.5	0.46	0.46	0	0	0.5
85100	0.5	0.46	0.46	0	0	0.5
85200	0.5	0.46	0.46	0	0	0.5
85300	0.5	0.46	0.46	0	0	0.5
85400	0.5	0.46	0.46	0	0	0.5
85500	0.5	0.46	0.46	0	0	0.5
85600	0.5	0.46	0.46	0	0	0.5
85700	0.5	0.46	0.46	0	0	0.5
85800	0.5	0.46	0.46	0	0	0.5
85900	0.5	0.46	0.46	0	0	0.5
86000	0.5	0.46	0.46	0	0	0.5
86100	0.5	0.46	0.46	0	0	0.5
86200	0.5	0.46	0.46	0	0	0.5
86300	0.5	0.46	0.46	0	0	0.5
86400	0.5	0.46	0.46	0	0	0.5
86500	0.5	0.46	0.46	0	0	0.5
86600	0.5	0.46	0.46	0	0	0.5
86700	0.5	0.46	0.46	0	0	0.5
86800	0.5	0.46	0.46	0	0	0.5
86900	0.5	0.46	0.46	0	0	0.5
87000	0.5	0.46	0.46	0	0	0.5
87100	0.5	0.46	0.46	0	0	0.5
87200	0.5	0.46	0.46	0	0	0.5
87300	0.5	0.46	0.46	0	0	0.5
87400	0.5	0.46	0.46	0	0	0.5
87500	0.5	0.46	0.46	0	0	0.5
87600	0.5	0.46	0.46	0	0	0.5
87700	0.5	0.46	0.46	0	0	0.5
87800	0.5	0.46	0.46	0	0	0.5
87900	0.5	0.46	0.46	0	0	0.5
88000	0.48	0.46	0.46	0	0	0.48
88100	0.48	0.46	0.46	0	0	0.48
88200	0.48	0.46	0.46	0	0	0.48
88300	0.48	0.46	0.46	0	0	0.48
88400	0.48	0.48	0.48	0	0	0.48
88500	0.48	0.5	0.5	0	0	0.48
88600	0.48	0.48	0.48	0	0	0.48
88700	0.48	0.48	0.48	0	0	0.48
88800	0.48	0.48	0.48	0	0	0.48
88900	0.48	0.48	0.48	0	0	0.48
89000	0.48	0.48	0.48	0	0	0.48
89100	0.48	0.48	0.48	0	0	0.48
89200	0.48	0.48	0.48	0	0	0.48
89300	0.48	0.48	0.48	0	0	0.48
89400	0.48	0.48	0.48	0	0	0.48
89500	0.48	0.48	0.48	0	0	0.48
89600	0.48	0.48	0.48	0	0	0.48
89700	0.48	0.48	0.48	0	0	0.48
89800	0.48	0.48	0.48	0	0	0.48
89900	0.48	0.46	0.46	0	0	0.48
90000	0.48	0.46	0.46	0	0	0.48
90100	0.48	0.46	0.46	0	0	0.48
90200	0.48	0.46	0.46	0	0	0.48
90300	0.48	0.46	0.46	0	0	0.48
90400	0.48	0.46	0.46	0	0	0.48
90500	0.48	0.46	0.46	0	0	0.48
90600	0.48	0.46	0.46	0	0	0.48
90700	0.48	0.46	0.46	0	0	0.48
90800	0.48	0.46	0.46	0	0	0.48
90900	0.48	0.46	0.46	0	0	0.48
91000	0.48	0.46	0.46	0	0	0.48
91100	0.48	0.48	0.48	0	0	0.48
91200	0.48	0.48	0.48	0	0	0.48
91300	0.48	0.48	0.48	0	0	0.48
91400	0.48	0.48	0.48	0	0	0.48
91500	0.48	0.48	0.48	0	0	0.48
91600	0.48	0.48	0.48	0	0	0.48
91700	0.48	0.48	0.48	0	0	0.48
91800	0.48	0.48	0.48	0	0	0.48
91900	0.48	0.48	0.48	0	0	0.48
92000	0.48	0.48	0.48	0	0	0.48
92100	0.48	0.48	0.48	0	0	0.48
92200	0.48	0.48	0.48	0	0	0.48
92300	0.48	0.48	0.48	0	0	0.48
92400	0.48	0.48	0.48	0	0	0.48
92500	0.48	0.48	0.48	0	0	0.48
92600	0.48	0.46	0.46	0	0	0.48
92700	0.48	0.46	0.46	0	0	0.48
92800	0.48	0.46	0.46	0	0	0.48
92900	0.48	0.46	0.46	0	0	0.48
93000	0.48	0.44	0.44	0	0	0.48
93100	0.48	0.44	0.44	0	0	0.48
93200	0.48	0.44	0.44	0	0	0.48
93300	0.48	0.44	0.44	0	0	0.48
93400	0.5	0.44	0.44	0	0	0.5
93500	0.5	0.44	0.44	0	0	0.5
93600	0.5	0.44	0.44	0	0	0.5
93700	0.5	0.44	0.44	0	0	0.5
93800	0.5	0.44	0.44	0	0	0.5
93900	0.5	0.44	0.44	0	0	0.5
94000	0.5	0.44	0.44	0	0	0.5
94100	0.5	0.42	0.42	0	0	0.5
94200	0.5	0.42	0.42	0	0	0.5
94300	0.5	0.42	0.42	0	0	0.5
94400	0.5	0.42	0.42	0	0	0.5
94500	0.5	0.42	0.42	0	0	0.5
94600	0.5	0.42	0.42	0	0	0.5
94700	0.5	0.42	0.42	0	0	0.5
94800	0.5	0.42	0.42	0	0	0.5
94900	0.5	0.42	0.42	0	0	0.5
95000	0.5	0.42	0.42	0	0	0.5
95100	0.5	0.42	0.42	0	0	0.5
95200	0.5	0.42	0.42	0	0	0.5
95300	0.5	0.42	0.42	0	0	0.5
95400	0.5	0.42	0.42	0	0	0.5
95500	0.5	0.42	0.42	0	0	0.5
95600	0.5	0.42	0.42	0	0	0.5
95700	0.5	0.42	0.42	0	0	0.5
95800	0.5	0.42	0.42	0	0	0.5
95900	0.5	0.42	0.42	0	0	0.5
96000	0.5	0.42	0.42	0	0	0.5
96100	0.5	0.42	0.42	0	0	0.5
96200	0.5	0.42	0.42	0	0	0.5
96300	0.5	0.42	0.42	0	0	0.5
96400	0.5	0.42	0.42	0	0	0.5
96500	0.5	0.42	0.42	0	0	0.5
96600	0.5	0.42	0.42	0	0	0.5
96700	0.5	0.42	0.42	0	0	0.5
96800	0.5	0.42	0.42	0	0	0.5
96900	0.5	0.42	0.42	0	0	0.5
97000	0.5	0.42	0.42	0	0	0.5
97100	0.5	0.42	0.42	0	0	0.5
97200	0.5	0.42	0.42	0	0	0.5
97300	0.5	0.42	0.42	0	0	0.5
97400	0.5	0.42	0.42	0	0	0.5
97500	0.5	0.42	0.42	0	0	0.5
97600	0.5	0.42	0.42	0	0	0.5
97700	0.5	0.42	0.42	0	0	0.5
97800	0.5	0.42	0.42	0	0	0.5
97900	0.5	0.42	0.42	0	0	0.5
98000	0.5	0.42	0.42	0	0	0.5
98100	0.5	0.42	0.42	0	0	0.5
98200	0.5	0.44	0.44	0	0	0.5
98300	0.5	0.46	0.46	0	0	0.5
98400	0.5	0.46	0.46	0	0	0.5
98500	0.5	0.46	0.46	0	0	0.5
98600	0.5	0.46	0.46	0	0	0.5
98700	0.5	0.46	0.46	0	0	0.5
98800	0.5	0.46	0.46	0	0	0.5
98900	0.5	0.46	0.46	0	0	0.5
99000	0.5	0.46	0.46	0	0	0.5
99100	0.5	0.46	0.46	0	0	0.5
99200	0.5	0.46	0.46	0	0	0.5
99300	0.5	0.46	0.46	0	0	0.5
99400	0.5	0.46	0.46	0	0	0.5
99500	0.5	0.46	0.46	0	0	0.5
99600	0.5	0.46	0.46	0	0	0.5
99700	0.5	0.46	0.46	0	0	0.5
99800	0.5	0.46	0.46	0	0	0.5
99900	0.5	0.46	0.46	0	0	0.5
100000	0.5	0.46	0.46	0	0	0.5
