100	0.1	0.16	0.16	0	0	0.1
200	0.18	0.2	0.2	0	0	0.18
300	0.2	0.22	0.22	0	0	0.2
400	0.2	0.22	0.22	0	0	0.2
500	0.2	0.2	0.2	0	0	0.2
600	0.24	0.2	0.2	0	0	0.24
700	0.26	0.2	0.2	0	0	0.26
800	0.26	0.2	0.2	0	0	0.26
900	0.26	0.26	0.26	0	0	0.26
1000	0.26	0.26	0.26	0	0	0.26
1100	0.26	0.28	0.28	0	0	0.26
1200	0.26	0.3	0.3	0	0	0.26
1300	0.26	0.32	0.32	0	0	0.26
1400	0.3	0.32	0.32	0	0	0.3
1500	0.3	0.3	0.3	0	0	0.3
1600	0.28	0.3	0.3	0	0	0.28
1700	0.28	0.3	0.3	0	0	0.28
1800	0.3	0.32	0.32	0	0	0.3
1900	0.3	0.32	0.32	0	0	0.3
2000	0.32	0.32	0.32	0	0	0.32
2100	0.3	0.32	0.32	0	0	0.3
2200	0.32	0.3	0.3	0	0	0.32
2300	0.32	0.3	0.3	0	0	0.32
2400	0.32	0.34	0.34	0	0	0.32
2500	0.34	0.34	0.34	0	0	0.34
2600	0.34	0.34	0.34	0	0	0.34
2700	0.34	0.34	0.34	0	0	0.34
2800	0.34	0.34	0.34	0	0	0.34
2900	0.34	0.34	0.34	0	0	0.34
3000	0.36	0.34	0.34	0	0	0.36
3100	0.38	0.34	0.34	0	0	0.38
3200	0.38	0.34	0.34	0	0	0.38
3300	0.4	0.34	0.34	0	0	0.4
3400	0.4	0.34	0.34	0	0	0.4
3500	0.42	0.34	0.34	0	0	0.42
3600	0.44	0.34	0.34	0	0	0.44
3700	0.44	0.36	0.36	0	0	0.44
3800	0.44	0.36	0.36	0	0	0.44
3900	0.44	0.36	0.36	0	0	0.44
4000	0.44	0.36	0.36	0	0	0.44
4100	0.46	0.36	0.36	0	0	0.46
4200	0.48	0.36	0.36	0	0	0.48
4300	0.48	0.36	0.36	0	0	0.48
4400	0.46	0.36	0.36	0	0	0.46
4500	0.46	0.36	0.36	0	0	0.46
4600	0.44	0.36	0.36	0	0	0.44
4700	0.44	0.36	0.36	0	0	0.44
4800	0.44	0.36	0.36	0	0	0.44
4900	0.44	0.36	0.36	0	0	0.44
5000	0.46	0.34	0.34	0	0	0.46
5100	0.46	0.34	0.34	0	0	0.46
5200	0.46	0.34	0.34	0	0	0.46
5300	0.46	0.34	0.34	0	0	0.46
5400	0.5	0.34	0.34	0	0	0.5
5500	0.5	0.34	0.34	0	0	0.5
5600	0.52	0.34	0.34	0	0	0.52
5700	0.52	0.34	0.34	0	0	0.52
5800	0.52	0.34	0.34	0	0	0.52
5900	0.52	0.34	0.34	0	0	0.52
6000	0.52	0.34	0.34	0	0	0.52
6100	0.54	0.36	0.36	0	0	0.54
6200	0.56	0.36	0.36	0	0	0.56
6300	0.56	0.36	0.36	0	0	0.56
6400	0.56	0.34	0.34	0	0	0.56
6500	0.56	0.34	0.34	0	0	0.56
6600	0.56	0.32	0.32	0	0	0.56
6700	0.56	0.32	0.32	0	0	0.56
6800	0.56	0.32	0.32	0	0	0.56
6900	0.56	0.32	0.32	0	0	0.56
7000	0.56	0.32	0.32	0	0	0.56
7100	0.56	0.32	0.32	0	0	0.56
7200	0.54	0.32	0.32	0	0	0.54
7300	0.54	0.32	0.32	0	0	0.54
7400	0.54	0.32	0.32	0	0	0.54
7500	0.54	0.32	0.32	0	0	0.54
7600	0.52	0.32	0.32	0	0	0.52
7700	0.5	0.32	0.32	0	0	0.5
7800	0.52	0.32	0.32	0	0	0.52
7900	0.52	0.32	0.32	0	0	0.52
8000	0.52	0.32	0.32	0	0	0.52
8100	0.52	0.32	0.32	0	0	0.52
8200	0.52	0.32	0.32	0	0	0.52
8300	0.52	0.34	0.34	0	0	0.52
8400	0.54	0.34	0.34	0	0	0.54
8500	0.52	0.34	0.34	0	0	0.52
8600	0.5	0.34	0.34	0	0	0.5
8700	0.5	0.34	0.34	0	0	0.5
8800	0.48	0.34	0.34	0	0	0.48
8900	0.48	0.34	0.34	0	0	0.48
9000	0.48	0.34	0.34	0	0	0.48
9100	0.48	0.34	0.34	0	0	0.48
9200	0.5	0.34	0.34	0	0	0.5
9300	0.5	0.34	0.34	0	0	0.5
9400	0.5	0.34	0.34	0	0	0.5
9500	0.5	0.34	0.34	0	0	0.5
9600	0.5	0.34	0.34	0	0	0.5
9700	0.5	0.34	0.34	0	0	0.5
9800	0.52	0.34	0.34	0	0	0.52
9900	0.52	0.34	0.34	0	0	0.52
10000	0.52	0.34	0.34	0	0	0.52
10100	0.54	0.34	0.34	0	0	0.54
10200	0.54	0.34	0.34	0	0	0.54
10300	0.56	0.34	0.34	0	0	0.56
10400	0.56	0.34	0.34	0	0	0.56
10500	0.56	0.34	0.34	0	0	0.56
10600	0.56	0.34	0.34	0	0	0.56
10700	0.56	0.34	0.34	0	0	0.56
10800	0.56	0.34	0.34	0	0	0.56
10900	0.56	0.34	0.34	0	0	0.56
11000	0.56	0.34	0.34	0	0	0.56
11100	0.56	0.34	0.34	0	0	0.56
11200	0.56	0.34	0.34	0	0	0.56
11300	0.54	0.34	0.34	0	0	0.54
11400	0.54	0.34	0.34	0	0	0.54
11500	0.54	0.34	0.34	0	0	0.54
11600	0.54	0.34	0.34	0	0	0.54
11700	0.54	0.34	0.34	0	0	0.54
11800	0.52	0.34	0.34	0	0	0.52
11900	0.52	0.34	0.34	0	0	0.52
12000	0.52	0.34	0.34	0	0	0.52
12100	0.52	0.34	0.34	0	0	0.52
12200	0.52	0.34	0.34	0	0	0.52
12300	0.52	0.34	0.34	0	0	0.52
12400	0.52	0.34	0.34	0	0	0.52
12500	0.52	0.34	0.34	0	0	0.52
12600	0.52	0.34	0.34	0	0	0.52
12700	0.52	0.34	0.34	0	0	0.52
12800	0.52	0.34	0.34	0	0	0.52
12900	0.54	0.34	0.34	0	0	0.54
13000	0.54	0.34	0.34	0	0	0.54
13100	0.54	0.34	0.34	0	0	0.54
13200	0.56	0.34	0.34	0	0	0.56
13300	0.56	0.34	0.34	0	0	0.56
13400	0.56	0.34	0.34	0	0	0.56
13500	0.52	0.34	0.34	0	0	0.52
13600	0.5	0.34	0.34	0	0	0.5
13700	0.52	0.36	0.36	0	0	0.52
13800	0.52	0.36	0.36	0	0	0.52
13900	0.52	0.36	0.36	0	0	0.52
14000	0.52	0.36	0.36	0	0	0.52
14100	0.52	0.38	0.38	0	0	0.52
14200	0.52	0.38	0.38	0	0	0.52
14300	0.52	0.38	0.38	0	0	0.52
14400	0.52	0.38	0.38	0	0	0.52
14500	0.52	0.38	0.38	0	0	0.52
14600	0.54	0.38	0.38	0	0	0.54
14700	0.54	0.36	0.36	0	0	0.54
14800	0.54	0.36	0.36	0	0	0.54
14900	0.54	0.36	0.36	0	0	0.54
15000	0.52	0.36	0.36	0	0	0.52
15100	0.52	0.36	0.36	0	0	0.52
15200	0.5	0.36	0.36	0	0	0.5
15300	0.5	0.36	0.36	0	0	0.5
15400	0.52	0.38	0.38	0	0	0.52
15500	0.52	0.38	0.38	0	0	0.52
15600	0.52	0.38	0.38	0	0	0.52
15700	0.52	0.4	0.4	0	0	0.52
15800	0.52	0.4	0.4	0	0	0.52
15900	0.52	0.38	0.38	0	0	0.52
16000	0.52	0.38	0.38	0	0	0.52
16100	0.52	0.38	0.38	0	0	0.52
16200	0.52	0.38	0.38	0	0	0.52
16300	0.52	0.36	0.36	0	0	0.52
16400	0.52	0.36	0.36	0	0	0.52
16500	0.52	0.36	0.36	0	0	0.52
16600	0.52	0.36	0.36	0	0	0.52
16700	0.52	0.36	0.36	0	0	0.52
16800	0.52	0.36	0.36	0	0	0.52
16900	0.52	0.36	0.36	0	0	0.52
17000	0.5	0.36	0.36	0	0	0.5
17100	0.52	0.36	0.36	0	0	0.52
17200	0.52	0.36	0.36	0	0	0.52
17300	0.52	0.36	0.36	0	0	0.52
17400	0.52	0.36	0.36	0	0	0.52
17500	0.52	0.36	0.36	0	0	0.52
17600	0.52	0.36	0.36	0	0	0.52
17700	0.52	0.36	0.36	0	0	0.52
17800	0.52	0.36	0.36	0	0	0.52
17900	0.52	0.36	0.36	0	0	0.52
18000	0.54	0.38	0.38	0	0	0.54
18100	0.52	0.38	0.38	0	0	0.52
18200	0.52	0.38	0.38	0	0	0.52
18300	0.52	0.38	0.38	0	0	0.52
18400	0.52	0.36	0.36	0	0	0.52
18500	0.52	0.34	0.34	0	0	0.52
18600	0.52	0.34	0.34	0	0	0.52
18700	0.52	0.34	0.34	0	0	0.52
18800	0.52	0.36	0.36	0	0	0.52
18900	0.52	0.36	0.36	0	0	0.52
19000	0.52	0.36	0.36	0	0	0.52
19100	0.52	0.36	0.36	0	0	0.52
19200	0.52	0.38	0.38	0	0	0.52
19300	0.52	0.38	0.38	0	0	0.52
19400	0.52	0.38	0.38	0	0	0.52
19500	0.52	0.38	0.38	0	0	0.52
19600	0.52	0.38	0.38	0	0	0.52
19700	0.52	0.38	0.38	0	0	0.52
19800	0.52	0.38	0.38	0	0	0.52
19900	0.52	0.38	0.38	0	0	0.52
20000	0.52	0.38	0.38	0	0	0.52
20100	0.52	0.38	0.38	0	0	0.52
20200	0.52	0.38	0.38	0	0	0.52
20300	0.52	0.38	0.38	0	0	0.52
20400	0.52	0.38	0.38	0	0	0.52
20500	0.52	0.38	0.38	0	0	0.52
20600	0.52	0.38	0.38	0	0	0.52
20700	0.52	0.4	0.4	0	0	0.52
20800	0.52	0.4	0.4	0	0	0.52
20900	0.52	0.4	0.4	0	0	0.52
21000	0.52	0.4	0.4	0	0	0.52
21100	0.52	0.38	0.38	0	0	0.52
21200	0.52	0.38	0.38	0	0	0.52
21300	0.52	0.38	0.38	0	0	0.52
21400	0.52	0.38	0.38	0	0	0.52
21500	0.5	0.38	0.38	0	0	0.5
21600	0.48	0.38	0.38	0	0	0.48
21700	0.48	0.38	0.38	0	0	0.48
21800	0.46	0.38	0.38	0	0	0.46
21900	0.46	0.38	0.38	0	0	0.46
22000	0.46	0.38	0.38	0	0	0.46
22100	0.46	0.38	0.38	0	0	0.46
22200	0.46	0.38	0.38	0	0	0.46
22300	0.46	0.38	0.38	0	0	0.46
22400	0.46	0.38	0.38	0	0	0.46
22500	0.48	0.38	0.38	0	0	0.48
22600	0.48	0.38	0.38	0	0	0.48
22700	0.48	0.38	0.38	0	0	0.48
22800	0.48	0.38	0.38	0	0	0.48
22900	0.48	0.36	0.36	0	0	0.48
23000	0.48	0.36	0.36	0	0	0.48
23100	0.48	0.36	0.36	0	0	0.48
23200	0.48	0.36	0.36	0	0	0.48
23300	0.48	0.38	0.38	0	0	0.48
23400	0.48	0.38	0.38	0	0	0.48
23500	0.48	0.38	0.38	0	0	0.48
23600	0.48	0.38	0.38	0	0	0.48
23700	0.5	0.38	0.38	0	0	0.5
23800	0.48	0.38	0.38	0	0	0.48
23900	0.48	0.38	0.38	0	0	0.48
24000	0.48	0.38	0.38	0	0	0.48
24100	0.48	0.38	0.38	0	0	0.48
24200	0.48	0.38	0.38	0	0	0.48
24300	0.48	0.38	0.38	0	0	0.48
24400	0.48	0.38	0.38	0	0	0.48
24500	0.48	0.38	0.38	0	0	0.48
24600	0.48	0.38	0.38	0	0	0.48
24700	0.48	0.38	0.38	0	0	0.48
24800	0.48	0.38	0.38	0	0	0.48
24900	0.48	0.38	0.38	0	0	0.48
25000	0.48	0.38	0.38	0	0	0.48
25100	0.5	0.38	0.38	0	0	0.5
25200	0.5	0.38	0.38	0	0	0.5
25300	0.5	0.38	0.38	0	0	0.5
25400	0.5	0.38	0.38	0	0	0.5
25500	0.5	0.38	0.38	0	0	0.5
25600	0.5	0.38	0.38	0	0	0.5
25700	0.5	0.38	0.38	0	0	0.5
25800	0.5	0.36	0.36	0	0	0.5
25900	0.5	0.36	0.36	0	0	0.5
26000	0.5	0.36	0.36	0	0	0.5
26100	0.5	0.36	0.36	0	0	0.5
26200	0.5	0.36	0.36	0	0	0.5
26300	0.5	0.38	0.38	0	0	0.5
26400	0.5	0.38	0.38	0	0	0.5
26500	0.5	0.38	0.38	0	0	0.5
26600	0.5	0.38	0.38	0	0	0.5
26700	0.5	0.38	0.38	0	0	0.5
26800	0.5	0.38	0.38	0	0	0.5
26900	0.5	0.38	0.38	0	0	0.5
27000	0.5	0.38	0.38	0	0	0.5
27100	0.5	0.38	0.38	0	0	0.5
27200	0.5	0.38	0.38	0	0	0.5
27300	0.5	0.38	0.38	0	0	0.5
27400	0.5	0.38	0.38	0	0	0.5
27500	0.5	0.36	0.36	0	0	0.5
27600	0.5	0.36	0.36	0	0	0.5
27700	0.5	0.36	0.36	0	0	0.5
27800	0.48	0.36	0.36	0	0	0.48
27900	0.48	0.36	0.36	0	0	0.48
28000	0.48	0.36	0.36	0	0	0.48
28100	0.48	0.36	0.36	0	0	0.48
28200	0.48	0.36	0.36	0	0	0.48
28300	0.48	0.36	0.36	0	0	0.48
28400	0.48	0.36	0.36	0	0	0.48
28500	0.5	0.36	0.36	0	0	0.5
28600	0.48	0.36	0.36	0	0	0.48
28700	0.48	0.36	0.36	0	0	0.48
28800	0.48	0.36	0.36	0	0	0.48
28900	0.48	0.36	0.36	0	0	0.48
29000	0.48	0.36	0.36	0	0	0.48
29100	0.48	0.36	0.36	0	0	0.48
29200	0.48	0.36	0.36	0	0	0.48
29300	0.48	0.36	0.36	0	0	0.48
29400	0.5	0.36	0.36	0	0	0.5
29500	0.5	0.36	0.36	0	0	0.5
29600	0.5	0.36	0.36	0	0	0.5
29700	0.5	0.36	0.36	0	0	0.5
29800	0.5	0.36	0.36	0	0	0.5
29900	0.52	0.36	0.36	0	0	0.52
30000	0.52	0.36	0.36	0	0	0.52
30100	0.52	0.36	0.36	0	0	0.52
30200	0.52	0.36	0.36	0	0	0.52
30300	0.52	0.36	0.36	0	0	0.52
30400	0.52	0.36	0.36	0	0	0.52
30500	0.52	0.36	0.36	0	0	0.52
30600	0.52	0.38	0.38	0	0	0.52
30700	0.52	0.38	0.38	0	0	0.52
30800	0.52	0.38	0.38	0	0	0.52
30900	0.52	0.38	0.38	0	0	0.52
31000	0.52	0.38	0.38	0	0	0.52
31100	0.52	0.38	0.38	0	0	0.52
31200	0.52	0.38	0.38	0	0	0.52
31300	0.52	0.38	0.38	0	0	0.52
31400	0.52	0.38	0.38	0	0	0.52
31500	0.52	0.38	0.38	0	0	0.52
31600	0.52	0.38	0.38	0	0	0.52
31700	0.52	0.38	0.38	0	0	0.52
31800	0.52	0.38	0.38	0	0	0.52
31900	0.52	0.38	0.38	0	0	0.52
32000	0.52	0.38	0.38	0	0	0.52
32100	0.52	0.38	0.38	0	0	0.52
32200	0.52	0.38	0.38	0	0	0.52
32300	0.5	0.38	0.38	0	0	0.5
32400	0.5	0.38	0.38	0	0	0.5
32500	0.5	0.38	0.38	0	0	0.5
32600	0.5	0.38	0.38	0	0	0.5
32700	0.5	0.38	0.38	0	0	0.5
32800	0.5	0.38	0.38	0	0	0.5
32900	0.5	0.38	0.38	0	0	0.5
33000	0.5	0.38	0.38	0	0	0.5
33100	0.5	0.38	0.38	0	0	0.5
33200	0.48	0.38	0.38	0	0	0.48
33300	0.48	0.38	0.38	0	0	0.48
33400	0.48	0.38	0.38	0	0	0.48
33500	0.46	0.38	0.38	0	0	0.46
33600	0.46	0.38	0.38	0	0	0.46
33700	0.46	0.38	0.38	0	0	0.46
33800	0.46	0.38	0.38	0	0	0.46
33900	0.46	0.38	0.38	0	0	0.46
34000	0.46	0.38	0.38	0	0	0.46
34100	0.46	0.38	0.38	0	0	0.46
34200	0.46	0.38	0.38	0	0	0.46
34300	0.46	0.38	0.38	0	0	0.46
34400	0.46	0.38	0.38	0	0	0.46
34500	0.46	0.38	0.38	0	0	0.46
34600	0.46	0.38	0.38	0	0	0.46
34700	0.46	0.38	0.38	0	0	0.46
34800	0.46	0.38	0.38	0	0	0.46
34900	0.46	0.4	0.4	0	0	0.46
35000	0.46	0.4	0.4	0	0	0.46
35100	0.46	0.4	0.4	0	0	0.46
35200	0.46	0.4	0.4	0	0	0.46
35300	0.44	0.4	0.4	0	0	0.44
35400	0.44	0.4	0.4	0	0	0.44
35500	0.44	0.4	0.4	0	0	0.44
35600	0.44	0.4	0.4	0	0	0.44
35700	0.44	0.4	0.4	0	0	0.44
35800	0.44	0.4	0.4	0	0	0.44
35900	0.44	0.4	0.4	0	0	0.44
36000	0.44	0.4	0.4	0	0	0.44
36100	0.44	0.4	0.4	0	0	0.44
36200	0.44	0.4	0.4	0	0	0.44
36300	0.44	0.4	0.4	0	0	0.44
36400	0.44	0.4	0.4	0	0	0.44
36500	0.44	0.4	0.4	0	0	0.44
36600	0.42	0.42	0.42	0	0	0.42
36700	0.4	0.42	0.42	0	0	0.4
36800	0.4	0.42	0.42	0	0	0.4
36900	0.4	0.42	0.42	0	0	0.4
37000	0.4	0.42	0.42	0	0	0.4
37100	0.4	0.42	0.42	0	0	0.4
37200	0.4	0.42	0.42	0	0	0.4
37300	0.4	0.42	0.42	0	0	0.4
37400	0.4	0.42	0.42	0	0	0.4
37500	0.4	0.4	0.4	0	0	0.4
37600	0.38	0.44	0.44	0	0	0.38
37700	0.38	0.42	0.42	0	0	0.38
37800	0.38	0.42	0.42	0	0	0.38
37900	0.38	0.42	0.42	0	0	0.38
38000	0.38	0.42	0.42	0	0	0.38
38100	0.38	0.42	0.42	0	0	0.38
38200	0.38	0.42	0.42	0	0	0.38
38300	0.38	0.42	0.42	0	0	0.38
38400	0.38	0.44	0.44	0	0	0.38
38500	0.38	0.44	0.44	0	0	0.38
38600	0.4	0.44	0.44	0	0	0.4
38700	0.4	0.44	0.44	0	0	0.4
38800	0.4	0.44	0.44	0	0	0.4
38900	0.4	0.44	0.44	0	0	0.4
39000	0.4	0.44	0.44	0	0	0.4
39100	0.4	0.44	0.44	0	0	0.4
39200	0.4	0.44	0.44	0	0	0.4
39300	0.4	0.44	0.44	0	0	0.4
39400	0.4	0.44	0.44	0	0	0.4
39500	0.4	0.44	0.44	0	0	0.4
39600	0.4	0.44	0.44	0	0	0.4
39700	0.4	0.44	0.44	0	0	0.4
39800	0.4	0.44	0.44	0	0	0.4
39900	0.42	0.44	0.44	0	0	0.42
40000	0.44	0.46	0.46	0	0	0.44
40100	0.44	0.48	0.48	0	0	0.44
40200	0.44	0.46	0.46	0	0	0.44
40300	0.44	0.46	0.46	0	0	0.44
40400	0.44	0.46	0.46	0	0	0.44
40500	0.44	0.46	0.46	0	0	0.44
40600	0.44	0.46	0.46	0	0	0.44
40700	0.44	0.48	0.48	0	0	0.44
40800	0.44	0.48	0.48	0	0	0.44
40900	0.44	0.48	0.48	0	0	0.44
41000	0.44	0.48	0.48	0	0	0.44
41100	0.44	0.48	0.48	0	0	0.44
41200	0.44	0.48	0.48	0	0	0.44
41300	0.44	0.48	0.48	0	0	0.44
41400	0.44	0.48	0.48	0	0	0.44
41500	0.44	0.48	0.48	0	0	0.44
41600	0.44	0.5	0.5	0	0	0.44
41700	0.44	0.48	0.48	0	0	0.44
41800	0.44	0.48	0.48	0	0	0.44
41900	0.44	0.48	0.48	0	0	0.44
42000	0.44	0.48	0.48	0	0	0.44
42100	0.44	0.48	0.48	0	0	0.44
42200	0.44	0.48	0.48	0	0	0.44
42300	0.44	0.48	0.48	0	0	0.44
42400	0.44	0.48	0.48	0	0	0.44
42500	0.44	0.46	0.46	0	0	0.44
42600	0.44	0.46	0.46	0	0	0.44
42700	0.44	0.46	0.46	0	0	0.44
42800	0.44	0.46	0.46	0	0	0.44
42900	0.44	0.46	0.46	0	0	0.44
43000	0.44	0.46	0.46	0	0	0.44
43100	0.44	0.46	0.46	0	0	0.44
43200	0.42	0.46	0.46	0	0	0.42
43300	0.42	0.46	0.46	0	0	0.42
43400	0.42	0.46	0.46	0	0	0.42
43500	0.42	0.46	0.46	0	0	0.42
43600	0.42	0.48	0.48	0	0	0.42
43700	0.42	0.46	0.46	0	0	0.42
43800	0.42	0.46	0.46	0	0	0.42
43900	0.42	0.46	0.46	0	0	0.42
44000	0.42	0.46	0.46	0	0	0.42
44100	0.42	0.46	0.46	0	0	0.42
44200	0.42	0.46	0.46	0	0	0.42
44300	0.42	0.46	0.46	0	0	0.42
44400	0.42	0.48	0.48	0	0	0.42
44500	0.42	0.48	0.48	0	0	0.42
44600	0.42	0.5	0.5	0	0	0.42
44700	0.42	0.5	0.5	0	0	0.42
44800	0.42	0.5	0.5	0	0	0.42
44900	0.42	0.52	0.52	0	0	0.42
45000	0.42	0.52	0.52	0	0	0.42
45100	0.42	0.52	0.52	0	0	0.42
45200	0.42	0.52	0.52	0	0	0.42
45300	0.42	0.52	0.52	0	0	0.42
45400	0.42	0.52	0.52	0	0	0.42
45500	0.42	0.52	0.52	0	0	0.42
45600	0.42	0.52	0.52	0	0	0.42
45700	0.42	0.52	0.52	0	0	0.42
45800	0.42	0.52	0.52	0	0	0.42
45900	0.42	0.52	0.52	0	0	0.42
46000	0.42	0.52	0.52	0	0	0.42
46100	0.42	0.52	0.52	0	0	0.42
46200	0.42	0.5	0.5	0	0	0.42
46300	0.42	0.5	0.5	0	0	0.42
46400	0.42	0.5	0.5	0	0	0.42
46500	0.42	0.5	0.5	0	0	0.42
46600	0.42	0.5	0.5	0	0	0.42
46700	0.42	0.5	0.5	0	0	0.42
46800	0.42	0.5	0.5	0	0	0.42
46900	0.42	0.5	0.5	0	0	0.42
47000	0.42	0.5	0.5	0	0	0.42
47100	0.42	0.5	0.5	0	0	0.42
47200	0.42	0.5	0.5	0	0	0.42
47300	0.42	0.5	0.5	0	0	0.42
47400	0.42	0.5	0.5	0	0	0.42
47500	0.42	0.5	0.5	0	0	0.42
47600	0.42	0.5	0.5	0	0	0.42
47700	0.4	0.5	0.5	0	0	0.4
47800	0.4	0.5	0.5	0	0	0.4
47900	0.4	0.5	0.5	0	0	0.4
48000	0.4	0.5	0.5	0	0	0.4
48100	0.4	0.48	0.48	0	0	0.4
48200	0.4	0.48	0.48	0	0	0.4
48300	0.4	0.48	0.48	0	0	0.4
48400	0.4	0.48	0.48	0	0	0.4
48500	0.4	0.48	0.48	0	0	0.4
48600	0.4	0.48	0.48	0	0	0.4
48700	0.4	0.48	0.48	0	0	0.4
48800	0.4	0.48	0.48	0	0	0.4
48900	0.4	0.48	0.48	0	0	0.4
49000	0.4	0.48	0.48	0	0	0.4
49100	0.4	0.48	0.48	0	0	0.4
49200	0.4	0.48	0.48	0	0	0.4
49300	0.4	0.48	0.48	0	0	0.4
49400	0.4	0.48	0.48	0	0	0.4
49500	0.4	0.48	0.48	0	0	0.4
49600	0.4	0.48	0.48	0	0	0.4
49700	0.4	0.48	0.48	0	0	0.4
49800	0.4	0.48	0.48	0	0	0.4
49900	0.4	0.48	0.48	0	0	0.4
50000	0.4	0.48	0.48	0	0	0.4
50100	0.4	0.48	0.48	0	0	0.4
50200	0.4	0.48	0.48	0	0	0.4
50300	0.4	0.48	0.48	0	0	0.4
50400	0.4	0.48	0.48	0	0	0.4
50500	0.4	0.48	0.48	0	0	0.4
50600	0.4	0.48	0.48	0	0	0.4
50700	0.4	0.48	0.48	0	0	0.4
50800	0.4	0.48	0.48	0	0	0.4
50900	0.4	0.48	0.48	0	0	0.4
51000	0.4	0.48	0.48	0	0	0.4
51100	0.4	0.48	0.48	0	0	0.4
51200	0.4	0.48	0.48	0	0	0.4
51300	0.42	0.48	0.48	0	0	0.42
51400	0.42	0.48	0.48	0	0	0.42
51500	0.42	0.48	0.48	0	0	0.42
51600	0.42	0.48	0.48	0	0	0.42
51700	0.42	0.48	0.48	0	0	0.42
51800	0.42	0.48	0.48	0	0	0.42
51900	0.42	0.48	0.48	0	0	0.42
52000	0.42	0.48	0.48	0	0	0.42
52100	0.42	0.48	0.48	0	0	0.42
52200	0.44	0.48	0.48	0	0	0.44
52300	0.44	0.48	0.48	0	0	0.44
52400	0.44	0.48	0.48	0	0	0.44
52500	0.44	0.48	0.48	0	0	0.44
52600	0.44	0.48	0.48	0	0	0.44
52700	0.46	0.48	0.48	0	0	0.46
52800	0.46	0.48	0.48	0	0	0.46
52900	0.46	0.48	0.48	0	0	0.46
53000	0.46	0.48	0.48	0	0	0.46
53100	0.46	0.48	0.48	0	0	0.46
53200	0.46	0.48	0.48	0	0	0.46
53300	0.46	0.48	0.48	0	0	0.46
53400	0.46	0.48	0.48	0	0	0.46
53500	0.48	0.48	0.48	0	0	0.48
53600	0.48	0.48	0.48	0	0	0.48
53700	0.48	0.48	0.48	0	0	0.48
53800	0.48	0.48	0.48	0	0	0.48
53900	0.48	0.48	0.48	0	0	0.48
54000	0.48	0.48	0.48	0	0	0.48
54100	0.48	0.48	0.48	0	0	0.48
54200	0.48	0.48	0.48	0	0	0.48
54300	0.48	0.48	0.48	0	0	0.48
54400	0.48	0.48	0.48	0	0	0.48
54500	0.48	0.48	0.48	0	0	0.48
54600	0.48	0.48	0.48	0	0	0.48
54700	0.48	0.48	0.48	0	0	0.48
54800	0.48	0.48	0.48	0	0	0.48
54900	0.48	0.48	0.48	0	0	0.48
55000	0.48	0.48	0.48	0	0	0.48
55100	0.48	0.48	0.48	0	0	0.48
55200	0.48	0.48	0.48	0	0	0.48
55300	0.48	0.46	0.46	0	0	0.48
55400	0.48	0.46	0.46	0	0	0.48
55500	0.48	0.46	0.46	0	0	0.48
55600	0.48	0.46	0.46	0	0	0.48
55700	0.48	0.46	0.46	0	0	0.48
55800	0.48	0.46	0.46	0	0	0.48
55900	0.48	0.46	0.46	0	0	0.48
56000	0.48	0.46	0.46	0	0	0.48
56100	0.48	0.46	0.46	0	0	0.48
56200	0.48	0.46	0.46	0	0	0.48
56300	0.48	0.46	0.46	0	0	0.48
56400	0.48	0.46	0.46	0	0	0.48
56500	0.48	0.46	0.46	0	0	0.48
56600	0.48	0.46	0.46	0	0	0.48
56700	0.48	0.46	0.46	0	0	0.48
56800	0.46	0.46	0.46	0	0	0.46
56900	0.46	0.46	0.46	0	0	0.46
57000	0.46	0.46	0.46	0	0	0.46
57100	0.46	0.46	0.46	0	0	0.46
57200	0.46	0.46	0.46	0	0	0.46
57300	0.44	0.46	0.46	0	0	0.44
57400	0.44	0.46	0.46	0	0	0.44
57500	0.44	0.46	0.46	0	0	0.44
57600	0.44	0.46	0.46	0	0	0.44
57700	0.44	0.46	0.46	0	0	0.44
57800	0.44	0.46	0.46	0	0	0.44
57900	0.44	0.46	0.46	0	0	0.44
58000	0.44	0.46	0.46	0	0	0.44
58100	0.44	0.46	0.46	0	0	0.44
58200	0.44	0.46	0.46	0	0	0.44
58300	0.44	0.46	0.46	0	0	0.44
58400	0.44	0.46	0.46	0	0	0.44
58500	0.44	0.46	0.46	0	0	0.44
58600	0.44	0.46	0.46	0	0	0.44
58700	0.44	0.46	0.46	0	0	0.44
58800	0.44	0.46	0.46	0	0	0.44
58900	0.44	0.46	0.46	0	0	0.44
59000	0.44	0.46	0.46	0	0	0.44
59100	0.44	0.46	0.46	0	0	0.44
59200	0.44	0.46	0.46	0	0	0.44
59300	0.44	0.46	0.46	0	0	0.44
59400	0.44	0.46	0.46	0	0	0.44
59500	0.44	0.46	0.46	0	0	0.44
59600	0.44	0.46	0.46	0	0	0.44
59700	0.44	0.46	0.46	0	0	0.44
59800	0.44	0.46	0.46	0	0	0.44
59900	0.44	0.46	0.46	0	0	0.44
60000	0.44	0.46	0.46	0	0	0.44
60100	0.44	0.46	0.46	0	0	0.44
60200	0.44	0.46	0.46	0	0	0.44
60300	0.44	0.46	0.46	0	0	0.44
60400	0.44	0.46	0.46	0	0	0.44
60500	0.44	0.46	0.46	0	0	0.44
60600	0.44	0.46	0.46	0	0	0.44
60700	0.44	0.46	0.46	0	0	0.44
60800	0.44	0.46	0.46	0	0	0.44
60900	0.44	0.46	0.46	0	0	0.44
61000	0.44	0.46	0.46	0	0	0.44
61100	0.44	0.46	0.46	0	0	0.44
61200	0.44	0.48	0.48	0	0	0.44
61300	0.44	0.48	0.48	0	0	0.44
61400	0.44	0.48	0.48	0	0	0.44
61500	0.44	0.48	0.48	0	0	0.44
61600	0.44	0.48	0.48	0	0	0.44
61700	0.44	0.48	0.48	0	0	0.44
61800	0.44	0.48	0.48	0	0	0.44
61900	0.44	0.48	0.48	0	0	0.44
62000	0.44	0.48	0.48	0	0	0.44
62100	0.44	0.48	0.48	0	0	0.44
62200	0.42	0.5	0.5	0	0	0.42
62300	0.42	0.48	0.48	0	0	0.42
62400	0.42	0.48	0.48	0	0	0.42
62500	0.42	0.48	0.48	0	0	0.42
62600	0.42	0.48	0.48	0	0	0.42
62700	0.42	0.48	0.48	0	0	0.42
62800	0.42	0.48	0.48	0	0	0.42
62900	0.42	0.48	0.48	0	0	0.42
63000	0.42	0.48	0.48	0	0	0.42
63100	0.42	0.48	0.48	0	0	0.42
63200	0.42	0.46	0.46	0	0	0.42
63300	0.42	0.46	0.46	0	0	0.42
63400	0.42	0.46	0.46	0	0	0.42
63500	0.42	0.46	0.46	0	0	0.42
63600	0.42	0.46	0.46	0	0	0.42
63700	0.42	0.46	0.46	0	0	0.42
63800	0.42	0.46	0.46	0	0	0.42
63900	0.42	0.46	0.46	0	0	0.42
64000	0.42	0.46	0.46	0	0	0.42
64100	0.42	0.46	0.46	0	0	0.42
64200	0.42	0.46	0.46	0	0	0.42
64300	0.42	0.46	0.46	0	0	0.42
64400	0.44	0.44	0.44	0	0	0.44
64500	0.44	0.46	0.46	0	0	0.44
64600	0.44	0.46	0.46	0	0	0.44
64700	0.44	0.46	0.46	0	0	0.44
64800	0.44	0.46	0.46	0	0	0.44
64900	0.44	0.46	0.46	0	0	0.44
65000	0.44	0.46	0.46	0	0	0.44
65100	0.44	0.46	0.46	0	0	0.44
65200	0.44	0.46	0.46	0	0	0.44
65300	0.44	0.46	0.46	0	0	0.44
65400	0.42	0.46	0.46	0	0	0.42
65500	0.42	0.46	0.46	0	0	0.42
65600	0.42	0.46	0.46	0	0	0.42
65700	0.42	0.46	0.46	0	0	0.42
65800	0.42	0.46	0.46	0	0	0.42
65900	0.42	0.46	0.46	0	0	0.42
66000	0.42	0.46	0.46	0	0	0.42
66100	0.42	0.46	0.46	0	0	0.42
66200	0.42	0.46	0.46	0	0	0.42
66300	0.42	0.46	0.46	0	0	0.42
66400	0.44	0.46	0.46	0	0	0.44
66500	0.42	0.44	0.44	0	0	0.42
66600	0.42	0.44	0.44	0	0	0.42
66700	0.42	0.44	0.44	0	0	0.42
66800	0.42	0.44	0.44	0	0	0.42
66900	0.42	0.44	0.44	0	0	0.42
67000	0.42	0.44	0.44	0	0	0.42
67100	0.42	0.44	0.44	0	0	0.42
67200	0.42	0.44	0.44	0	0	0.42
67300	0.42	0.44	0.44	0	0	0.42
67400	0.42	0.44	0.44	0	0	0.42
67500	0.42	0.44	0.44	0	0	0.42
67600	0.42	0.44	0.44	0	0	0.42
67700	0.42	0.44	0.44	0	0	0.42
67800	0.42	0.44	0.44	0	0	0.42
67900	0.42	0.44	0.44	0	0	0.42
68000	0.42	0.42	0.42	0	0	0.42
68100	0.42	0.42	0.42	0	0	0.42
68200	0.42	0.42	0.42	0	0	0.42
68300	0.42	0.42	0.42	0	0	0.42
68400	0.42	0.42	0.42	0	0	0.42
68500	0.42	0.44	0.44	0	0	0.42
68600	0.42	0.44	0.44	0	0	0.42
68700	0.42	0.44	0.44	0	0	0.42
68800	0.42	0.44	0.44	0	0	0.42
68900	0.42	0.44	0.44	0	0	0.42
69000	0.42	0.44	0.44	0	0	0.42
69100	0.42	0.44	0.44	0	0	0.42
69200	0.42	0.44	0.44	0	0	0.42
69300	0.42	0.44	0.44	0	0	0.42
69400	0.42	0.44	0.44	0	0	0.42
69500	0.42	0.44	0.44	0	0	0.42
69600	0.42	0.46	0.46	0	0	0.42
69700	0.42	0.46	0.46	0	0	0.42
69800	0.44	0.46	0.46	0	0	0.44
69900	0.44	0.46	0.46	0	0	0.44
70000	0.44	0.46	0.46	0	0	0.44
70100	0.44	0.46	0.46	0	0	0.44
70200	0.44	0.46	0.46	0	0	0.44
70300	0.44	0.46	0.46	0	0	0.44
70400	0.44	0.46	0.46	0	0	0.44
70500	0.44	0.46	0.46	0	0	0.44
70600	0.44	0.46	0.46	0	0	0.44
70700	0.44	0.46	0.46	0	0	0.44
70800	0.44	0.44	0.44	0	0	0.44
70900	0.44	0.44	0.44	0	0	0.44
71000	0.44	0.44	0.44	0	0	0.44
71100	0.42	0.44	0.44	0	0	0.42
71200	0.42	0.44	0.44	0	0	0.42
71300	0.42	0.44	0.44	0	0	0.42
71400	0.42	0.44	0.44	0	0	0.42
71500	0.42	0.44	0.44	0	0	0.42
71600	0.42	0.46	0.46	0	0	0.42
71700	0.42	0.46	0.46	0	0	0.42
71800	0.42	0.46	0.46	0	0	0.42
71900	0.42	0.46	0.46	0	0	0.42
72000	0.44	0.46	0.46	0	0	0.44
72100	0.44	0.46	0.46	0	0	0.44
72200	0.44	0.46	0.46	0	0	0.44
72300	0.44	0.46	0.46	0	0	0.44
72400	0.44	0.46	0.46	0	0	0.44
72500	0.44	0.46	0.46	0	0	0.44
72600	0.44	0.46	0.46	0	0	0.44
72700	0.44	0.46	0.46	0	0	0.44
72800	0.44	0.46	0.46	0	0	0.44
72900	0.44	0.46	0.46	0	0	0.44
73000	0.44	0.46	0.46	0	0	0.44
73100	0.44	0.46	0.46	0	0	0.44
73200	0.44	0.46	0.46	0	0	0.44
73300	0.44	0.46	0.46	0	0	0.44
73400	0.44	0.46	0.46	0	0	0.44
73500	0.44	0.46	0.46	0	0	0.44
73600	0.46	0.46	0.46	0	0	0.46
73700	0.46	0.46	0.46	0	0	0.46
73800	0.46	0.46	0.46	0	0	0.46
73900	0.46	0.46	0.46	0	0	0.46
74000	0.46	0.46	0.46	0	0	0.46
74100	0.46	0.46	0.46	0	0	0.46
74200	0.46	0.46	0.46	0	0	0.46
74300	0.46	0.46	0.46	0	0	0.46
74400	0.48	0.46	0.46	0	0	0.48
74500	0.48	0.46	0.46	0	0	0.48
74600	0.48	0.46	0.46	0	0	0.48
74700	0.48	0.46	0.46	0	0	0.48
74800	0.48	0.46	0.46	0	0	0.48
74900	0.48	0.46	0.46	0	0	0.48
75000	0.48	0.46	0.46	0	0	0.48
75100	0.48	0.46	0.46	0	0	0.48
75200	0.48	0.46	0.46	0	0	0.48
75300	0.48	0.46	0.46	0	0	0.48
75400	0.48	0.46	0.46	0	0	0.48
75500	0.48	0.46	0.46	0	0	0.48
75600	0.48	0.46	0.46	0	0	0.48
75700	0.48	0.46	0.46	0	0	0.48
75800	0.44	0.46	0.46	0	0	0.44
75900	0.44	0.46	0.46	0	0	0.44
76000	0.44	0.46	0.46	0	0	0.44
76100	0.44	0.46	0.46	0	0	0.44
76200	0.44	0.46	0.46	0	0	0.44
76300	0.44	0.46	0.46	0	0	0.44
76400	0.44	0.46	0.46	0	0	0.44
76500	0.44	0.46	0.46	0	0	0.44
76600	0.44	0.46	0.46	0	0	0.44
76700	0.44	0.46	0.46	0	0	0.44
76800	0.44	0.46	0.46	0	0	0.44
76900	0.44	0.46	0.46	0	0	0.44
77000	0.44	0.46	0.46	0	0	0.44
77100	0.44	0.46	0.46	0	0	0.44
77200	0.44	0.46	0.46	0	0	0.44
77300	0.44	0.46	0.46	0	0	0.44
77400	0.44	0.46	0.46	0	0	0.44
77500	0.46	0.46	0.46	0	0	0.46
77600	0.46	0.46	0.46	0	0	0.46
77700	0.44	0.46	0.46	0	0	0.44
77800	0.44	0.46	0.46	0	0	0.44
77900	0.44	0.46	0.46	0	0	0.44
78000	0.44	0.46	0.46	0	0	0.44
78100	0.44	0.46	0.46	0	0	0.44
78200	0.44	0.46	0.46	0	0	0.44
78300	0.44	0.46	0.46	0	0	0.44
78400	0.44	0.46	0.46	0	0	0.44
78500	0.44	0.46	0.46	0	0	0.44
78600	0.44	0.46	0.46	0	0	0.44
78700	0.44	0.46	0.46	0	0	0.44
78800	0.44	0.46	0.46	0	0	0.44
78900	0.44	0.48	0.48	0	0	0.44
79000	0.44	0.5	0.5	0	0	0.44
79100	0.44	0.5	0.5	0	0	0.44
79200	0.44	0.5	0.5	0	0	0.44
79300	0.44	0.5	0.5	0	0	0.44
79400	0.44	0.5	0.5	0	0	0.44
79500	0.44	0.5	0.5	0	0	0.44
79600	0.44	0.5	0.5	0	0	0.44
79700	0.44	0.5	0.5	0	0	0.44
79800	0.44	0.5	0.5	0	0	0.44
79900	0.44	0.5	0.5	0	0	0.44
80000	0.44	0.5	0.5	0	0	0.44
80100	0.44	0.5	0.5	0	0	0.44
80200	0.44	0.5	0.5	0	0	0.44
80300	0.42	0.48	0.48	0	0	0.42
80400	0.42	0.48	0.48	0	0	0.42
80500	0.42	0.48	0.48	0	0	0.42
80600	0.42	0.48	0.48	0	0	0.42
80700	0.42	0.48	0.48	0	0	0.42
80800	0.42	0.48	0.48	0	0	0.42
80900	0.42	0.48	0.48	0	0	0.42
81000	0.42	0.48	0.48	0	0	0.42
81100	0.42	0.48	0.48	0	0	0.42
81200	0.42	0.48	0.48	0	0	0.42
81300	0.42	0.48	0.48	0	0	0.42
81400	0.42	0.48	0.48	0	0	0.42
81500	0.42	0.48	0.48	0	0	0.42
81600	0.42	0.48	0.48	0	0	0.42
81700	0.42	0.48	0.48	0	0	0.42
81800	0.42	0.48	0.48	0	0	0.42
81900	0.42	0.48	0.48	0	0	0.42
82000	0.42	0.48	0.48	0	0	0.42
82100	0.42	0.48	0.48	0	0	0.42
82200	0.42	0.48	0.48	0	0	0.42
82300	0.42	0.48	0.48	0	0	0.42
82400	0.42	0.46	0.46	0	0	0.42
82500	0.42	0.48	0.48	0	0	0.42
82600	0.42	0.48	0.48	0	0	0.42
82700	0.42	0.48	0.48	0	0	0.42
82800	0.42	0.48	0.48	0	0	0.42
82900	0.42	0.48	0.48	0	0	0.42
83000	0.42	0.48	0.48	0	0	0.42
83100	0.42	0.48	0.48	0	0	0.42
83200	0.42	0.48	0.48	0	0	0.42
83300	0.42	0.48	0.48	0	0	0.42
83400	0.42	0.48	0.48	0	0	0.42
83500	0.42	0.48	0.48	0	0	0.42
83600	0.42	0.48	0.48	0	0	0.42
83700	0.42	0.48	0.48	0	0	0.42
83800	0.42	0.48	0.48	0	0	0.42
83900	0.42	0.48	0.48	0	0	0.42
84000	0.42	0.48	0.48	0	0	0.42
84100	0.42	0.48	0.48	0	0	0.42
84200	0.42	0.48	0.48	0	0	0.42
84300	0.42	0.48	0.48	0	0	0.42
84400	0.42	0.48	0.48	0	0	0.42
84500	0.42	0.48	0.48	0	0	0.42
84600	0.42	0.48	0.48	0	0	0.42
84700	0.42	0.48	0.48	0	0	0.42
84800	0.42	0.48	0.48	0	0	0.42
84900	0.42	0.48	0.48	0	0	0.42
85000	0.42	0.48	0.48	0	0	0.42
85100	0.42	0.48	0.48	0	0	0.42
85200	0.42	0.48	0.48	0	0	0.42
85300	0.42	0.48	0.48	0	0	0.42
85400	0.42	0.48	0.48	0	0	0.42
85500	0.42	0.48	0.48	0	0	0.42
85600	0.42	0.48	0.48	0	0	0.42
85700	0.42	0.48	0.48	0	0	0.42
85800	0.42	0.48	0.48	0	0	0.42
85900	0.42	0.48	0.48	0	0	0.42
86000	0.42	0.48	0.48	0	0	0.42
86100	0.42	0.48	0.48	0	0	0.42
86200	0.42	0.48	0.48	0	0	0.42
86300	0.42	0.48	0.48	0	0	0.42
86400	0.42	0.48	0.48	0	0	0.42
86500	0.42	0.48	0.48	0	0	0.42
86600	0.42	0.48	0.48	0	0	0.42
86700	0.42	0.48	0.48	0	0	0.42
86800	0.42	0.48	0.48	0	0	0.42
86900	0.42	0.48	0.48	0	0	0.42
87000	0.42	0.48	0.48	0	0	0.42
87100	0.42	0.48	0.48	0	0	0.42
87200	0.42	0.48	0.48	0	0	0.42
87300	0.42	0.48	0.48	0	0	0.42
87400	0.42	0.48	0.48	0	0	0.42
87500	0.42	0.48	0.48	0	0	0.42
87600	0.42	0.48	0.48	0	0	0.42
87700	0.42	0.48	0.48	0	0	0.42
87800	0.42	0.48	0.48	0	0	0.42
87900	0.44	0.48	0.48	0	0	0.44
88000	0.44	0.48	0.48	0	0	0.44
88100	0.44	0.48	0.48	0	0	0.44
88200	0.44	0.48	0.48	0	0	0.44
88300	0.44	0.48	0.48	0	0	0.44
88400	0.44	0.48	0.48	0	0	0.44
88500	0.44	0.48	0.48	0	0	0.44
88600	0.44	0.48	0.48	0	0	0.44
88700	0.44	0.48	0.48	0	0	0.44
88800	0.44	0.48	0.48	0	0	0.44
88900	0.44	0.48	0.48	0	0	0.44
89000	0.44	0.48	0.48	0	0	0.44
89100	0.44	0.48	0.48	0	0	0.44
89200	0.44	0.48	0.48	0	0	0.44
89300	0.44	0.48	0.48	0	0	0.44
89400	0.44	0.48	0.48	0	0	0.44
89500	0.44	0.48	0.48	0	0	0.44
89600	0.44	0.48	0.48	0	0	0.44
89700	0.44	0.48	0.48	0	0	0.44
89800	0.44	0.48	0.48	0	0	0.44
89900	0.44	0.48	0.48	0	0	0.44
90000	0.44	0.46	0.46	0	0	0.44
90100	0.44	0.46	0.46	0	0	0.44
90200	0.44	0.44	0.44	0	0	0.44
90300	0.44	0.44	0.44	0	0	0.44
90400	0.44	0.44	0.44	0	0	0.44
90500	0.44	0.44	0.44	0	0	0.44
90600	0.44	0.44	0.44	0	0	0.44
90700	0.44	0.44	0.44	0	0	0.44
90800	0.44	0.44	0.44	0	0	0.44
90900	0.44	0.44	0.44	0	0	0.44
91000	0.44	0.44	0.44	0	0	0.44
91100	0.44	0.44	0.44	0	0	0.44
91200	0.44	0.44	0.44	0	0	0.44
91300	0.44	0.44	0.44	0	0	0.44
91400	0.44	0.44	0.44	0	0	0.44
91500	0.44	0.44	0.44	0	0	0.44
91600	0.44	0.42	0.42	0	0	0.44
91700	0.44	0.42	0.42	0	0	0.44
91800	0.44	0.42	0.42	0	0	0.44
91900	0.44	0.42	0.42	0	0	0.44
92000	0.44	0.42	0.42	0	0	0.44
92100	0.44	0.42	0.42	0	0	0.44
92200	0.44	0.42	0.42	0	0	0.44
92300	0.44	0.4	0.4	0	0	0.44
92400	0.44	0.4	0.4	0	0	0.44
92500	0.42	0.4	0.4	0	0	0.42
92600	0.42	0.4	0.4	0	0	0.42
92700	0.42	0.42	0.42	0	0	0.42
92800	0.42	0.42	0.42	0	0	0.42
92900	0.42	0.42	0.42	0	0	0.42
93000	0.42	0.42	0.42	0	0	0.42
93100	0.42	0.42	0.42	0	0	0.42
93200	0.42	0.42	0.42	0	0	0.42
93300	0.42	0.42	0.42	0	0	0.42
93400	0.42	0.42	0.42	0	0	0.42
93500	0.42	0.42	0.42	0	0	0.42
93600	0.42	0.42	0.42	0	0	0.42
93700	0.42	0.42	0.42	0	0	0.42
93800	0.42	0.42	0.42	0	0	0.42
93900	0.42	0.42	0.42	0	0	0.42
94000	0.42	0.42	0.42	0	0	0.42
94100	0.42	0.42	0.42	0	0	0.42
94200	0.42	0.42	0.42	0	0	0.42
94300	0.42	0.42	0.42	0	0	0.42
94400	0.42	0.42	0.42	0	0	0.42
94500	0.42	0.42	0.42	0	0	0.42
94600	0.44	0.42	0.42	0	0	0.44
94700	0.44	0.42	0.42	0	0	0.44
94800	0.44	0.42	0.42	0	0	0.44
94900	0.44	0.42	0.42	0	0	0.44
95000	0.44	0.42	0.42	0	0	0.44
95100	0.44	0.42	0.42	0	0	0.44
95200	0.44	0.42	0.42	0	0	0.44
95300	0.44	0.42	0.42	0	0	0.44
95400	0.42	0.42	0.42	0	0	0.42
95500	0.42	0.42	0.42	0	0	0.42
95600	0.42	0.44	0.44	0	0	0.42
95700	0.42	0.46	0.46	0	0	0.42
95800	0.44	0.46	0.46	0	0	0.44
95900	0.44	0.46	0.46	0	0	0.44
96000	0.42	0.48	0.48	0	0	0.42
96100	0.42	0.48	0.48	0	0	0.42
96200	0.42	0.48	0.48	0	0	0.42
96300	0.42	0.48	0.48	0	0	0.42
96400	0.42	0.5	0.5	0	0	0.42
96500	0.42	0.5	0.5	0	0	0.42
96600	0.42	0.5	0.5	0	0	0.42
96700	0.42	0.5	0.5	0	0	0.42
96800	0.42	0.5	0.5	0	0	0.42
96900	0.42	0.5	0.5	0	0	0.42
97000	0.42	0.48	0.48	0	0	0.42
97100	0.42	0.48	0.48	0	0	0.42
97200	0.42	0.48	0.48	0	0	0.42
97300	0.42	0.46	0.46	0	0	0.42
97400	0.42	0.46	0.46	0	0	0.42
97500	0.42	0.46	0.46	0	0	0.42
97600	0.42	0.46	0.46	0	0	0.42
97700	0.42	0.46	0.46	0	0	0.42
97800	0.42	0.46	0.46	0	0	0.42
97900	0.42	0.46	0.46	0	0	0.42
98000	0.42	0.46	0.46	0	0	0.42
98100	0.42	0.46	0.46	0	0	0.42
98200	0.42	0.46	0.46	0	0	0.42
98300	0.42	0.46	0.46	0	0	0.42
98400	0.42	0.44	0.44	0	0	0.42
98500	0.42	0.44	0.44	0	0	0.42
98600	0.42	0.44	0.44	0	0	0.42
98700	0.42	0.44	0.44	0	0	0.42
98800	0.44	0.44	0.44	0	0	0.44
98900	0.44	0.44	0.44	0	0	0.44
99000	0.44	0.44	0.44	0	0	0.44
99100	0.44	0.44	0.44	0	0	0.44
99200	0.44	0.44	0.44	0	0	0.44
99300	0.44	0.44	0.44	0	0	0.44
99400	0.44	0.44	0.44	0	0	0.44
99500	0.46	0.44	0.44	0	0	0.46
99600	0.46	0.44	0.44	0	0	0.46
99700	0.46	0.44	0.44	0	0	0.46
99800	0.44	0.44	0.44	0	0	0.44
99900	0.44	0.44	0.44	0	0	0.44
100000	0.44	0.46	0.46	0	0	0.44
