100	0.16	0.1	0.1	0	0	0.16
200	0.16	0.12	0.12	0	0	0.16
300	0.18	0.12	0.12	0	0	0.18
400	0.24	0.12	0.12	0	0	0.24
500	0.26	0.12	0.12	0	0	0.26
600	0.26	0.14	0.14	0	0	0.26
700	0.28	0.18	0.18	0	0	0.28
800	0.28	0.18	0.18	0	0	0.28
900	0.28	0.18	0.18	0	0	0.28
1000	0.32	0.2	0.2	0	0	0.32
1100	0.34	0.2	0.2	0	0	0.34
1200	0.34	0.2	0.2	0	0	0.34
1300	0.36	0.22	0.22	0	0	0.36
1400	0.36	0.22	0.22	0	0	0.36
1500	0.36	0.22	0.22	0	0	0.36
1600	0.36	0.24	0.24	0	0	0.36
1700	0.38	0.26	0.26	0	0	0.38
1800	0.38	0.26	0.26	0	0	0.38
1900	0.38	0.26	0.26	0	0	0.38
2000	0.38	0.28	0.28	0	0	0.38
2100	0.36	0.3	0.3	0	0	0.36
2200	0.34	0.32	0.32	0	0	0.34
2300	0.36	0.32	0.32	0	0	0.36
2400	0.36	0.32	0.32	0	0	0.36
2500	0.36	0.32	0.32	0	0	0.36
2600	0.36	0.32	0.32	0	0	0.36
2700	0.36	0.32	0.32	0	0	0.36
2800	0.36	0.3	0.3	0	0	0.36
2900	0.36	0.3	0.3	0	0	0.36
3000	0.36	0.3	0.3	0	0	0.36
3100	0.36	0.3	0.3	0	0	0.36
3200	0.38	0.3	0.3	0	0	0.38
3300	0.38	0.3	0.3	0	0	0.38
3400	0.38	0.3	0.3	0	0	0.38
3500	0.38	0.28	0.28	0	0	0.38
3600	0.38	0.32	0.32	0	0	0.38
3700	0.38	0.32	0.32	0	0	0.38
3800	0.38	0.32	0.32	0	0	0.38
3900	0.4	0.34	0.34	0	0	0.4
4000	0.4	0.34	0.34	0	0	0.4
4100	0.42	0.34	0.34	0	0	0.42
4200	0.42	0.34	0.34	0	0	0.42
4300	0.42	0.36	0.36	0	0	0.42
4400	0.42	0.36	0.36	0	0	0.42
4500	0.42	0.34	0.34	0	0	0.42
4600	0.42	0.34	0.34	0	0	0.42
4700	0.42	0.34	0.34	0	0	0.42
4800	0.44	0.34	0.34	0	0	0.44
4900	0.46	0.32	0.32	0	0	0.46
5000	0.46	0.32	0.32	0	0	0.46
5100	0.46	0.32	0.32	0	0	0.46
5200	0.46	0.32	0.32	0	0	0.46
5300	0.46	0.32	0.32	0	0	0.46
5400	0.44	0.32	0.32	0	0	0.44
5500	0.44	0.3	0.3	0	0	0.44
5600	0.44	0.32	0.32	0	0	0.44
5700	0.44	0.34	0.34	0	0	0.44
5800	0.48	0.32	0.32	0	0	0.48
5900	0.48	0.32	0.32	0	0	0.48
6000	0.48	0.32	0.32	0	0	0.48
6100	0.48	0.32	0.32	0	0	0.48
6200	0.48	0.32	0.32	0	0	0.48
6300	0.48	0.34	0.34	0	0	0.48
6400	0.46	0.34	0.34	0	0	0.46
6500	0.46	0.32	0.32	0	0	0.46
6600	0.46	0.32	0.32	0	0	0.46
6700	0.46	0.32	0.32	0	0	0.46
6800	0.48	0.32	0.32	0	0	0.48
6900	0.46	0.32	0.32	0	0	0.46
7000	0.46	0.3	0.3	0	0	0.46
7100	0.46	0.32	0.32	0	0	0.46
7200	0.46	0.34	0.34	0	0	0.46
7300	0.44	0.34	0.34	0	0	0.44
7400	0.44	0.34	0.34	0	0	0.44
7500	0.44	0.34	0.34	0	0	0.44
7600	0.44	0.34	0.34	0	0	0.44
7700	0.44	0.34	0.34	0	0	0.44
7800	0.44	0.34	0.34	0	0	0.44
7900	0.44	0.34	0.34	0	0	0.44
8000	0.44	0.34	0.34	0	0	0.44
8100	0.44	0.36	0.36	0	0	0.44
8200	0.44	0.4	0.4	0	0	0.44
8300	0.44	0.4	0.4	0	0	0.44
8400	0.44	0.38	0.38	0	0	0.44
8500	0.44	0.38	0.38	0	0	0.44
8600	0.44	0.38	0.38	0	0	0.44
8700	0.44	0.38	0.38	0	0	0.44
8800	0.44	0.38	0.38	0	0	0.44
8900	0.46	0.38	0.38	0	0	0.46
9000	0.44	0.38	0.38	0	0	0.44
9100	0.42	0.38	0.38	0	0	0.42
9200	0.42	0.38	0.38	0	0	0.42
9300	0.42	0.4	0.4	0	0	0.42
9400	0.42	0.4	0.4	0	0	0.42
9500	0.42	0.4	0.4	0	0	0.42
9600	0.42	0.42	0.42	0	0	0.42
9700	0.44	0.4	0.4	0	0	0.44
9800	0.44	0.42	0.42	0	0	0.44
9900	0.46	0.42	0.42	0	0	0.46
10000	0.46	0.42	0.42	0	0	0.46
10100	0.46	0.44	0.44	0	0	0.46
10200	0.46	0.44	0.44	0	0	0.46
10300	0.46	0.44	0.44	0	0	0.46
10400	0.46	0.44	0.44	0	0	0.46
10500	0.46	0.44	0.44	0	0	0.46
10600	0.44	0.44	0.44	0	0	0.44
10700	0.44	0.44	0.44	0	0	0.44
10800	0.44	0.44	0.44	0	0	0.44
10900	0.44	0.44	0.44	0	0	0.44
11000	0.44	0.44	0.44	0	0	0.44
11100	0.44	0.44	0.44	0	0	0.44
11200	0.44	0.44	0.44	0	0	0.44
11300	0.44	0.44	0.44	0	0	0.44
11400	0.44	0.44	0.44	0	0	0.44
11500	0.44	0.44	0.44	0	0	0.44
11600	0.44	0.42	0.42	0	0	0.44
11700	0.44	0.42	0.42	0	0	0.44
11800	0.44	0.42	0.42	0	0	0.44
11900	0.44	0.42	0.42	0	0	0.44
12000	0.44	0.42	0.42	0	0	0.44
12100	0.44	0.42	0.42	0	0	0.44
12200	0.44	0.42	0.42	0	0	0.44
12300	0.44	0.42	0.42	0	0	0.44
12400	0.44	0.42	0.42	0	0	0.44
12500	0.44	0.42	0.42	0	0	0.44
12600	0.44	0.44	0.44	0	0	0.44
12700	0.44	0.44	0.44	0	0	0.44
12800	0.44	0.42	0.42	0	0	0.44
12900	0.44	0.42	0.42	0	0	0.44
13000	0.44	0.42	0.42	0	0	0.44
13100	0.44	0.4	0.4	0	0	0.44
13200	0.44	0.4	0.4	0	0	0.44
13300	0.44	0.4	0.4	0	0	0.44
13400	0.44	0.4	0.4	0	0	0.44
13500	0.44	0.42	0.42	0	0	0.44
13600	0.44	0.42	0.42	0	0	0.44
13700	0.44	0.42	0.42	0	0	0.44
13800	0.44	0.42	0.42	0	0	0.44
13900	0.44	0.42	0.42	0	0	0.44
14000	0.44	0.42	0.42	0	0	0.44
14100	0.44	0.42	0.42	0	0	0.44
14200	0.44	0.42	0.42	0	0	0.44
14300	0.44	0.42	0.42	0	0	0.44
14400	0.44	0.42	0.42	0	0	0.44
14500	0.46	0.42	0.42	0	0	0.46
14600	0.46	0.42	0.42	0	0	0.46
14700	0.46	0.42	0.42	0	0	0.46
14800	0.46	0.42	0.42	0	0	0.46
14900	0.46	0.42	0.42	0	0	0.46
15000	0.42	0.42	0.42	0	0	0.42
15100	0.42	0.42	0.42	0	0	0.42
15200	0.42	0.42	0.42	0	0	0.42
15300	0.42	0.44	0.44	0	0	0.42
15400	0.44	0.44	0.44	0	0	0.44
15500	0.42	0.44	0.44	0	0	0.42
15600	0.42	0.44	0.44	0	0	0.42
15700	0.42	0.42	0.42	0	0	0.42
15800	0.42	0.4	0.4	0	0	0.42
15900	0.42	0.4	0.4	0	0	0.42
16000	0.42	0.4	0.4	0	0	0.42
16100	0.42	0.4	0.4	0	0	0.42
16200	0.42	0.4	0.4	0	0	0.42
16300	0.42	0.4	0.4	0	0	0.42
16400	0.42	0.4	0.4	0	0	0.42
16500	0.42	0.4	0.4	0	0	0.42
16600	0.42	0.4	0.4	0	0	0.42
16700	0.42	0.4	0.4	0	0	0.42
16800	0.42	0.4	0.4	0	0	0.42
16900	0.42	0.4	0.4	0	0	0.42
17000	0.42	0.4	0.4	0	0	0.42
17100	0.42	0.4	0.4	0	0	0.42
17200	0.42	0.4	0.4	0	0	0.42
17300	0.42	0.4	0.4	0	0	0.42
17400	0.44	0.4	0.4	0	0	0.44
17500	0.44	0.4	0.4	0	0	0.44
17600	0.44	0.4	0.4	0	0	0.44
17700	0.44	0.38	0.38	0	0	0.44
17800	0.44	0.38	0.38	0	0	0.44
17900	0.44	0.38	0.38	0	0	0.44
18000	0.44	0.38	0.38	0	0	0.44
18100	0.44	0.4	0.4	0	0	0.44
18200	0.46	0.4	0.4	0	0	0.46
18300	0.46	0.4	0.4	0	0	0.46
18400	0.46	0.42	0.42	0	0	0.46
18500	0.46	0.42	0.42	0	0	0.46
18600	0.46	0.42	0.42	0	0	0.46
18700	0.46	0.42	0.42	0	0	0.46
18800	0.46	0.44	0.44	0	0	0.46
18900	0.46	0.44	0.44	0	0	0.46
19000	0.46	0.44	0.44	0	0	0.46
19100	0.46	0.44	0.44	0	0	0.46
19200	0.46	0.44	0.44	0	0	0.46
19300	0.46	0.44	0.44	0	0	0.46
19400	0.46	0.44	0.44	0	0	0.46
19500	0.46	0.44	0.44	0	0	0.46
19600	0.48	0.44	0.44	0	0	0.48
19700	0.48	0.44	0.44	0	0	0.48
19800	0.48	0.44	0.44	0	0	0.48
19900	0.48	0.44	0.44	0	0	0.48
20000	0.48	0.44	0.44	0	0	0.48
20100	0.48	0.44	0.44	0	0	0.48
20200	0.48	0.42	0.42	0	0	0.48
20300	0.48	0.42	0.42	0	0	0.48
20400	0.48	0.42	0.42	0	0	0.48
20500	0.48	0.44	0.44	0	0	0.48
20600	0.48	0.44	0.44	0	0	0.48
20700	0.48	0.44	0.44	0	0	0.48
20800	0.46	0.44	0.44	0	0	0.46
20900	0.46	0.44	0.44	0	0	0.46
21000	0.46	0.44	0.44	0	0	0.46
21100	0.46	0.44	0.44	0	0	0.46
21200	0.46	0.44	0.44	0	0	0.46
21300	0.46	0.44	0.44	0	0	0.46
21400	0.46	0.44	0.44	0	0	0.46
21500	0.48	0.44	0.44	0	0	0.48
21600	0.48	0.44	0.44	0	0	0.48
21700	0.52	0.44	0.44	0	0	0.52
21800	0.52	0.44	0.44	0	0	0.52
21900	0.52	0.44	0.44	0	0	0.52
22000	0.52	0.44	0.44	0	0	0.52
22100	0.52	0.44	0.44	0	0	0.52
22200	0.52	0.44	0.44	0	0	0.52
22300	0.52	0.44	0.44	0	0	0.52
22400	0.52	0.44	0.44	0	0	0.52
22500	0.52	0.44	0.44	0	0	0.52
22600	0.52	0.44	0.44	0	0	0.52
22700	0.52	0.44	0.44	0	0	0.52
22800	0.52	0.44	0.44	0	0	0.52
22900	0.52	0.44	0.44	0	0	0.52
23000	0.52	0.44	0.44	0	0	0.52
23100	0.52	0.44	0.44	0	0	0.52
23200	0.52	0.44	0.44	0	0	0.52
23300	0.52	0.44	0.44	0	0	0.52
23400	0.52	0.44	0.44	0	0	0.52
23500	0.5	0.44	0.44	0	0	0.5
23600	0.5	0.44	0.44	0	0	0.5
23700	0.5	0.44	0.44	0	0	0.5
23800	0.5	0.44	0.44	0	0	0.5
23900	0.5	0.44	0.44	0	0	0.5
24000	0.5	0.44	0.44	0	0	0.5
24100	0.5	0.44	0.44	0	0	0.5
24200	0.5	0.44	0.44	0	0	0.5
24300	0.5	0.44	0.44	0	0	0.5
24400	0.5	0.44	0.44	0	0	0.5
24500	0.5	0.44	0.44	0	0	0.5
24600	0.5	0.44	0.44	0	0	0.5
24700	0.5	0.44	0.44	0	0	0.5
24800	0.5	0.44	0.44	0	0	0.5
24900	0.5	0.44	0.44	0	0	0.5
25000	0.5	0.44	0.44	0	0	0.5
25100	0.5	0.44	0.44	0	0	0.5
25200	0.5	0.44	0.44	0	0	0.5
25300	0.5	0.44	0.44	0	0	0.5
25400	0.52	0.44	0.44	0	0	0.52
25500	0.52	0.44	0.44	0	0	0.52
25600	0.5	0.44	0.44	0	0	0.5
25700	0.5	0.44	0.44	0	0	0.5
25800	0.5	0.44	0.44	0	0	0.5
25900	0.5	0.44	0.44	0	0	0.5
26000	0.5	0.44	0.44	0	0	0.5
26100	0.5	0.44	0.44	0	0	0.5
26200	0.5	0.44	0.44	0	0	0.5
26300	0.48	0.44	0.44	0	0	0.48
26400	0.48	0.44	0.44	0	0	0.48
26500	0.48	0.44	0.44	0	0	0.48
26600	0.48	0.42	0.42	0	0	0.48
26700	0.48	0.42	0.42	0	0	0.48
26800	0.48	0.42	0.42	0	0	0.48
26900	0.48	0.42	0.42	0	0	0.48
27000	0.48	0.42	0.42	0	0	0.48
27100	0.48	0.42	0.42	0	0	0.48
27200	0.48	0.44	0.44	0	0	0.48
27300	0.48	0.44	0.44	0	0	0.48
27400	0.48	0.44	0.44	0	0	0.48
27500	0.48	0.44	0.44	0	0	0.48
27600	0.48	0.44	0.44	0	0	0.48
27700	0.48	0.44	0.44	0	0	0.48
27800	0.48	0.44	0.44	0	0	0.48
27900	0.48	0.44	0.44	0	0	0.48
28000	0.48	0.44	0.44	0	0	0.48
28100	0.48	0.44	0.44	0	0	0.48
28200	0.48	0.44	0.44	0	0	0.48
28300	0.48	0.44	0.44	0	0	0.48
28400	0.48	0.44	0.44	0	0	0.48
28500	0.48	0.44	0.44	0	0	0.48
28600	0.48	0.44	0.44	0	0	0.48
28700	0.5	0.44	0.44	0	0	0.5
28800	0.5	0.44	0.44	0	0	0.5
28900	0.5	0.44	0.44	0	0	0.5
29000	0.5	0.44	0.44	0	0	0.5
29100	0.5	0.44	0.44	0	0	0.5
29200	0.5	0.46	0.46	0	0	0.5
29300	0.5	0.46	0.46	0	0	0.5
29400	0.5	0.46	0.46	0	0	0.5
29500	0.5	0.46	0.46	0	0	0.5
29600	0.5	0.46	0.46	0	0	0.5
29700	0.5	0.46	0.46	0	0	0.5
29800	0.5	0.46	0.46	0	0	0.5
29900	0.5	0.46	0.46	0	0	0.5
30000	0.5	0.46	0.46	0	0	0.5
30100	0.5	0.46	0.46	0	0	0.5
30200	0.5	0.46	0.46	0	0	0.5
30300	0.5	0.46	0.46	0	0	0.5
30400	0.5	0.46	0.46	0	0	0.5
30500	0.5	0.46	0.46	0	0	0.5
30600	0.5	0.46	0.46	0	0	0.5
30700	0.5	0.46	0.46	0	0	0.5
30800	0.5	0.46	0.46	0	0	0.5
30900	0.5	0.46	0.46	0	0	0.5
31000	0.5	0.46	0.46	0	0	0.5
31100	0.5	0.46	0.46	0	0	0.5
31200	0.5	0.46	0.46	0	0	0.5
31300	0.5	0.46	0.46	0	0	0.5
31400	0.5	0.46	0.46	0	0	0.5
31500	0.5	0.46	0.46	0	0	0.5
31600	0.5	0.46	0.46	0	0	0.5
31700	0.5	0.46	0.46	0	0	0.5
31800	0.5	0.46	0.46	0	0	0.5
31900	0.5	0.46	0.46	0	0	0.5
32000	0.5	0.46	0.46	0	0	0.5
32100	0.5	0.46	0.46	0	0	0.5
32200	0.5	0.46	0.46	0	0	0.5
32300	0.5	0.44	0.44	0	0	0.5
32400	0.5	0.44	0.44	0	0	0.5
32500	0.5	0.44	0.44	0	0	0.5
32600	0.5	0.44	0.44	0	0	0.5
32700	0.5	0.44	0.44	0	0	0.5
32800	0.5	0.44	0.44	0	0	0.5
32900	0.5	0.44	0.44	0	0	0.5
33000	0.5	0.44	0.44	0	0	0.5
33100	0.5	0.44	0.44	0	0	0.5
33200	0.5	0.44	0.44	0	0	0.5
33300	0.5	0.44	0.44	0	0	0.5
33400	0.5	0.44	0.44	0	0	0.5
33500	0.52	0.44	0.44	0	0	0.52
33600	0.5	0.44	0.44	0	0	0.5
33700	0.5	0.44	0.44	0	0	0.5
33800	0.5	0.44	0.44	0	0	0.5
33900	0.5	0.44	0.44	0	0	0.5
34000	0.5	0.44	0.44	0	0	0.5
34100	0.5	0.44	0.44	0	0	0.5
34200	0.5	0.44	0.44	0	0	0.5
34300	0.5	0.44	0.44	0	0	0.5
34400	0.5	0.44	0.44	0	0	0.5
34500	0.5	0.44	0.44	0	0	0.5
34600	0.5	0.44	0.44	0	0	0.5
34700	0.52	0.44	0.44	0	0	0.52
34800	0.52	0.44	0.44	0	0	0.52
34900	0.52	0.44	0.44	0	0	0.52
35000	0.52	0.44	0.44	0	0	0.52
35100	0.5	0.44	0.44	0	0	0.5
35200	0.5	0.44	0.44	0	0	0.5
35300	0.5	0.42	0.42	0	0	0.5
35400	0.5	0.42	0.42	0	0	0.5
35500	0.5	0.42	0.42	0	0	0.5
35600	0.5	0.42	0.42	0	0	0.5
35700	0.5	0.42	0.42	0	0	0.5
35800	0.5	0.42	0.42	0	0	0.5
35900	0.5	0.42	0.42	0	0	0.5
36000	0.5	0.42	0.42	0	0	0.5
36100	0.5	0.42	0.42	0	0	0.5
36200	0.5	0.42	0.42	0	0	0.5
36300	0.5	0.42	0.42	0	0	0.5
36400	0.52	0.42	0.42	0	0	0.52
36500	0.52	0.42	0.42	0	0	0.52
36600	0.52	0.42	0.42	0	0	0.52
36700	0.5	0.42	0.42	0	0	0.5
36800	0.5	0.42	0.42	0	0	0.5
36900	0.5	0.42	0.42	0	0	0.5
37000	0.5	0.42	0.42	0	0	0.5
37100	0.5	0.42	0.42	0	0	0.5
37200	0.5	0.42	0.42	0	0	0.5
37300	0.5	0.42	0.42	0	0	0.5
37400	0.5	0.42	0.42	0	0	0.5
37500	0.5	0.42	0.42	0	0	0.5
37600	0.5	0.44	0.44	0	0	0.5
37700	0.5	0.44	0.44	0	0	0.5
37800	0.5	0.44	0.44	0	0	0.5
37900	0.5	0.44	0.44	0	0	0.5
38000	0.5	0.44	0.44	0	0	0.5
38100	0.5	0.44	0.44	0	0	0.5
38200	0.5	0.44	0.44	0	0	0.5
38300	0.5	0.44	0.44	0	0	0.5
38400	0.5	0.44	0.44	0	0	0.5
38500	0.5	0.44	0.44	0	0	0.5
38600	0.5	0.46	0.46	0	0	0.5
38700	0.48	0.46	0.46	0	0	0.48
38800	0.48	0.48	0.48	0	0	0.48
38900	0.48	0.48	0.48	0	0	0.48
39000	0.48	0.48	0.48	0	0	0.48
39100	0.48	0.48	0.48	0	0	0.48
39200	0.48	0.48	0.48	0	0	0.48
39300	0.46	0.46	0.46	0	0	0.46
39400	0.46	0.46	0.46	0	0	0.46
39500	0.46	0.46	0.46	0	0	0.46
39600	0.46	0.46	0.46	0	0	0.46
39700	0.46	0.46	0.46	0	0	0.46
39800	0.46	0.44	0.44	0	0	0.46
39900	0.46	0.44	0.44	0	0	0.46
40000	0.46	0.44	0.44	0	0	0.46
40100	0.46	0.44	0.44	0	0	0.46
40200	0.46	0.44	0.44	0	0	0.46
40300	0.46	0.44	0.44	0	0	0.46
40400	0.5	0.44	0.44	0	0	0.5
40500	0.5	0.44	0.44	0	0	0.5
40600	0.5	0.44	0.44	0	0	0.5
40700	0.5	0.44	0.44	0	0	0.5
40800	0.5	0.44	0.44	0	0	0.5
40900	0.5	0.44	0.44	0	0	0.5
41000	0.5	0.44	0.44	0	0	0.5
41100	0.5	0.44	0.44	0	0	0.5
41200	0.5	0.44	0.44	0	0	0.5
41300	0.5	0.44	0.44	0	0	0.5
41400	0.5	0.44	0.44	0	0	0.5
41500	0.5	0.44	0.44	0	0	0.5
41600	0.5	0.44	0.44	0	0	0.5
41700	0.5	0.44	0.44	0	0	0.5
41800	0.5	0.42	0.42	0	0	0.5
41900	0.5	0.42	0.42	0	0	0.5
42000	0.5	0.42	0.42	0	0	0.5
42100	0.5	0.42	0.42	0	0	0.5
42200	0.5	0.42	0.42	0	0	0.5
42300	0.5	0.42	0.42	0	0	0.5
42400	0.5	0.42	0.42	0	0	0.5
42500	0.5	0.42	0.42	0	0	0.5
42600	0.5	0.4	0.4	0	0	0.5
42700	0.5	0.42	0.42	0	0	0.5
42800	0.5	0.42	0.42	0	0	0.5
42900	0.5	0.42	0.42	0	0	0.5
43000	0.5	0.42	0.42	0	0	0.5
43100	0.48	0.42	0.42	0	0	0.48
43200	0.48	0.42	0.42	0	0	0.48
43300	0.48	0.42	0.42	0	0	0.48
43400	0.48	0.44	0.44	0	0	0.48
43500	0.48	0.42	0.42	0	0	0.48
43600	0.48	0.42	0.42	0	0	0.48
43700	0.48	0.42	0.42	0	0	0.48
43800	0.48	0.44	0.44	0	0	0.48
43900	0.48	0.44	0.44	0	0	0.48
44000	0.48	0.44	0.44	0	0	0.48
44100	0.48	0.44	0.44	0	0	0.48
44200	0.48	0.44	0.44	0	0	0.48
44300	0.48	0.44	0.44	0	0	0.48
44400	0.48	0.44	0.44	0	0	0.48
44500	0.48	0.44	0.44	0	0	0.48
44600	0.5	0.44	0.44	0	0	0.5
44700	0.5	0.44	0.44	0	0	0.5
44800	0.5	0.44	0.44	0	0	0.5
44900	0.5	0.44	0.44	0	0	0.5
45000	0.5	0.44	0.44	0	0	0.5
45100	0.5	0.44	0.44	0	0	0.5
45200	0.5	0.42	0.42	0	0	0.5
45300	0.5	0.42	0.42	0	0	0.5
45400	0.48	0.42	0.42	0	0	0.48
45500	0.48	0.42	0.42	0	0	0.48
45600	0.48	0.42	0.42	0	0	0.48
45700	0.48	0.42	0.42	0	0	0.48
45800	0.48	0.42	0.42	0	0	0.48
45900	0.48	0.42	0.42	0	0	0.48
46000	0.48	0.42	0.42	0	0	0.48
46100	0.48	0.42	0.42	0	0	0.48
46200	0.48	0.42	0.42	0	0	0.48
46300	0.48	0.42	0.42	0	0	0.48
46400	0.5	0.42	0.42	0	0	0.5
46500	0.5	0.42	0.42	0	0	0.5
46600	0.5	0.42	0.42	0	0	0.5
46700	0.48	0.42	0.42	0	0	0.48
46800	0.48	0.42	0.42	0	0	0.48
46900	0.48	0.4	0.4	0	0	0.48
47000	0.48	0.4	0.4	0	0	0.48
47100	0.5	0.4	0.4	0	0	0.5
47200	0.5	0.4	0.4	0	0	0.5
47300	0.5	0.4	0.4	0	0	0.5
47400	0.5	0.4	0.4	0	0	0.5
47500	0.5	0.4	0.4	0	0	0.5
47600	0.5	0.4	0.4	0	0	0.5
47700	0.5	0.4	0.4	0	0	0.5
47800	0.5	0.4	0.4	0	0	0.5
47900	0.52	0.4	0.4	0	0	0.52
48000	0.52	0.42	0.42	0	0	0.52
48100	0.52	0.42	0.42	0	0	0.52
48200	0.52	0.42	0.42	0	0	0.52
48300	0.52	0.42	0.42	0	0	0.52
48400	0.5	0.42	0.42	0	0	0.5
48500	0.5	0.42	0.42	0	0	0.5
48600	0.48	0.42	0.42	0	0	0.48
48700	0.48	0.42	0.42	0	0	0.48
48800	0.48	0.44	0.44	0	0	0.48
48900	0.48	0.44	0.44	0	0	0.48
49000	0.48	0.44	0.44	0	0	0.48
49100	0.48	0.44	0.44	0	0	0.48
49200	0.48	0.44	0.44	0	0	0.48
49300	0.48	0.44	0.44	0	0	0.48
49400	0.48	0.44	0.44	0	0	0.48
49500	0.48	0.44	0.44	0	0	0.48
49600	0.48	0.44	0.44	0	0	0.48
49700	0.48	0.44	0.44	0	0	0.48
49800	0.46	0.44	0.44	0	0	0.46
49900	0.46	0.44	0.44	0	0	0.46
50000	0.46	0.44	0.44	0	0	0.46
50100	0.46	0.44	0.44	0	0	0.46
50200	0.46	0.44	0.44	0	0	0.46
50300	0.46	0.44	0.44	0	0	0.46
50400	0.46	0.44	0.44	0	0	0.46
50500	0.46	0.44	0.44	0	0	0.46
50600	0.46	0.44	0.44	0	0	0.46
50700	0.46	0.44	0.44	0	0	0.46
50800	0.46	0.46	0.46	0	0	0.46
50900	0.46	0.46	0.46	0	0	0.46
51000	0.46	0.46	0.46	0	0	0.46
51100	0.46	0.46	0.46	0	0	0.46
51200	0.46	0.48	0.48	0	0	0.46
51300	0.46	0.48	0.48	0	0	0.46
51400	0.46	0.48	0.48	0	0	0.46
51500	0.44	0.5	0.5	0	0	0.44
51600	0.44	0.5	0.5	0	0	0.44
51700	0.44	0.5	0.5	0	0	0.44
51800	0.44	0.5	0.5	0	0	0.44
51900	0.44	0.5	0.5	0	0	0.44
52000	0.44	0.5	0.5	0	0	0.44
52100	0.44	0.5	0.5	0	0	0.44
52200	0.44	0.5	0.5	0	0	0.44
52300	0.46	0.5	0.5	0	0	0.46
52400	0.44	0.48	0.48	0	0	0.44
52500	0.42	0.5	0.5	0	0	0.42
52600	0.42	0.5	0.5	0	0	0.42
52700	0.42	0.5	0.5	0	0	0.42
52800	0.42	0.5	0.5	0	0	0.42
52900	0.42	0.48	0.48	0	0	0.42
53000	0.42	0.48	0.48	0	0	0.42
53100	0.42	0.48	0.48	0	0	0.42
53200	0.42	0.48	0.48	0	0	0.42
53300	0.42	0.48	0.48	0	0	0.42
53400	0.42	0.48	0.48	0	0	0.42
53500	0.42	0.48	0.48	0	0	0.42
53600	0.44	0.48	0.48	0	0	0.44
53700	0.42	0.48	0.48	0	0	0.42
53800	0.4	0.48	0.48	0	0	0.4
53900	0.4	0.48	0.48	0	0	0.4
54000	0.4	0.48	0.48	0	0	0.4
54100	0.4	0.48	0.48	0	0	0.4
54200	0.4	0.48	0.48	0	0	0.4
54300	0.4	0.48	0.48	0	0	0.4
54400	0.4	0.48	0.48	0	0	0.4
54500	0.4	0.48	0.48	0	0	0.4
54600	0.4	0.48	0.48	0	0	0.4
54700	0.4	0.48	0.48	0	0	0.4
54800	0.4	0.5	0.5	0	0	0.4
54900	0.4	0.5	0.5	0	0	0.4
55000	0.42	0.5	0.5	0	0	0.42
55100	0.42	0.5	0.5	0	0	0.42
55200	0.42	0.5	0.5	0	0	0.42
55300	0.42	0.5	0.5	0	0	0.42
55400	0.42	0.5	0.5	0	0	0.42
55500	0.42	0.5	0.5	0	0	0.42
55600	0.42	0.52	0.52	0	0	0.42
55700	0.42	0.52	0.52	0	0	0.42
55800	0.44	0.52	0.52	0	0	0.44
55900	0.44	0.52	0.52	0	0	0.44
56000	0.46	0.52	0.52	0	0	0.46
56100	0.46	0.52	0.52	0	0	0.46
56200	0.46	0.52	0.52	0	0	0.46
56300	0.46	0.52	0.52	0	0	0.46
56400	0.46	0.5	0.5	0	0	0.46
56500	0.46	0.5	0.5	0	0	0.46
56600	0.46	0.5	0.5	0	0	0.46
56700	0.46	0.5	0.5	0	0	0.46
56800	0.46	0.5	0.5	0	0	0.46
56900	0.46	0.5	0.5	0	0	0.46
57000	0.46	0.5	0.5	0	0	0.46
57100	0.46	0.5	0.5	0	0	0.46
57200	0.46	0.5	0.5	0	0	0.46
57300	0.46	0.5	0.5	0	0	0.46
57400	0.46	0.5	0.5	0	0	0.46
57500	0.46	0.5	0.5	0	0	0.46
57600	0.46	0.5	0.5	0	0	0.46
57700	0.46	0.5	0.5	0	0	0.46
57800	0.46	0.5	0.5	0	0	0.46
57900	0.46	0.5	0.5	0	0	0.46
58000	0.46	0.5	0.5	0	0	0.46
58100	0.46	0.5	0.5	0	0	0.46
58200	0.46	0.5	0.5	0	0	0.46
58300	0.46	0.5	0.5	0	0	0.46
58400	0.46	0.48	0.48	0	0	0.46
58500	0.46	0.48	0.48	0	0	0.46
58600	0.46	0.48	0.48	0	0	0.46
58700	0.46	0.48	0.48	0	0	0.46
58800	0.46	0.48	0.48	0	0	0.46
58900	0.48	0.48	0.48	0	0	0.48
59000	0.48	0.48	0.48	0	0	0.48
59100	0.48	0.48	0.48	0	0	0.48
59200	0.48	0.48	0.48	0	0	0.48
59300	0.48	0.48	0.48	0	0	0.48
59400	0.48	0.48	0.48	0	0	0.48
59500	0.48	0.48	0.48	0	0	0.48
59600	0.48	0.48	0.48	0	0	0.48
59700	0.48	0.48	0.48	0	0	0.48
59800	0.48	0.48	0.48	0	0	0.48
59900	0.48	0.48	0.48	0	0	0.48
60000	0.48	0.48	0.48	0	0	0.48
60100	0.48	0.48	0.48	0	0	0.48
60200	0.48	0.48	0.48	0	0	0.48
60300	0.48	0.48	0.48	0	0	0.48
60400	0.48	0.48	0.48	0	0	0.48
60500	0.48	0.48	0.48	0	0	0.48
60600	0.48	0.48	0.48	0	0	0.48
60700	0.48	0.48	0.48	0	0	0.48
60800	0.48	0.48	0.48	0	0	0.48
60900	0.48	0.48	0.48	0	0	0.48
61000	0.48	0.48	0.48	0	0	0.48
61100	0.48	0.48	0.48	0	0	0.48
61200	0.48	0.48	0.48	0	0	0.48
61300	0.48	0.48	0.48	0	0	0.48
61400	0.48	0.48	0.48	0	0	0.48
61500	0.48	0.46	0.46	0	0	0.48
61600	0.48	0.46	0.46	0	0	0.48
61700	0.48	0.46	0.46	0	0	0.48
61800	0.48	0.46	0.46	0	0	0.48
61900	0.48	0.46	0.46	0	0	0.48
62000	0.48	0.46	0.46	0	0	0.48
62100	0.48	0.46	0.46	0	0	0.48
62200	0.46	0.46	0.46	0	0	0.46
62300	0.46	0.46	0.46	0	0	0.46
62400	0.46	0.46	0.46	0	0	0.46
62500	0.46	0.46	0.46	0	0	0.46
62600	0.46	0.46	0.46	0	0	0.46
62700	0.48	0.46	0.46	0	0	0.48
62800	0.48	0.46	0.46	0	0	0.48
62900	0.48	0.46	0.46	0	0	0.48
63000	0.48	0.46	0.46	0	0	0.48
63100	0.48	0.46	0.46	0	0	0.48
63200	0.48	0.46	0.46	0	0	0.48
63300	0.48	0.46	0.46	0	0	0.48
63400	0.48	0.46	0.46	0	0	0.48
63500	0.48	0.46	0.46	0	0	0.48
63600	0.48	0.46	0.46	0	0	0.48
63700	0.48	0.46	0.46	0	0	0.48
63800	0.48	0.46	0.46	0	0	0.48
63900	0.48	0.46	0.46	0	0	0.48
64000	0.48	0.46	0.46	0	0	0.48
64100	0.48	0.46	0.46	0	0	0.48
64200	0.48	0.46	0.46	0	0	0.48
64300	0.48	0.46	0.46	0	0	0.48
64400	0.48	0.46	0.46	0	0	0.48
64500	0.48	0.48	0.48	0	0	0.48
64600	0.48	0.48	0.48	0	0	0.48
64700	0.48	0.48	0.48	0	0	0.48
64800	0.48	0.48	0.48	0	0	0.48
64900	0.48	0.48	0.48	0	0	0.48
65000	0.48	0.5	0.5	0	0	0.48
65100	0.48	0.5	0.5	0	0	0.48
65200	0.48	0.5	0.5	0	0	0.48
65300	0.48	0.5	0.5	0	0	0.48
65400	0.48	0.5	0.5	0	0	0.48
65500	0.5	0.5	0.5	0	0	0.5
65600	0.5	0.5	0.5	0	0	0.5
65700	0.5	0.5	0.5	0	0	0.5
65800	0.5	0.5	0.5	0	0	0.5
65900	0.5	0.5	0.5	0	0	0.5
66000	0.5	0.5	0.5	0	0	0.5
66100	0.5	0.5	0.5	0	0	0.5
66200	0.48	0.5	0.5	0	0	0.48
66300	0.48	0.5	0.5	0	0	0.48
66400	0.48	0.5	0.5	0	0	0.48
66500	0.48	0.5	0.5	0	0	0.48
66600	0.48	0.5	0.5	0	0	0.48
66700	0.48	0.5	0.5	0	0	0.48
66800	0.48	0.5	0.5	0	0	0.48
66900	0.48	0.5	0.5	0	0	0.48
67000	0.48	0.5	0.5	0	0	0.48
67100	0.48	0.5	0.5	0	0	0.48
67200	0.48	0.5	0.5	0	0	0.48
67300	0.48	0.5	0.5	0	0	0.48
67400	0.48	0.5	0.5	0	0	0.48
67500	0.48	0.5	0.5	0	0	0.48
67600	0.48	0.5	0.5	0	0	0.48
67700	0.48	0.5	0.5	0	0	0.48
67800	0.48	0.5	0.5	0	0	0.48
67900	0.48	0.5	0.5	0	0	0.48
68000	0.48	0.5	0.5	0	0	0.48
68100	0.48	0.5	0.5	0	0	0.48
68200	0.48	0.5	0.5	0	0	0.48
68300	0.48	0.5	0.5	0	0	0.48
68400	0.48	0.52	0.52	0	0	0.48
68500	0.48	0.52	0.52	0	0	0.48
68600	0.48	0.52	0.52	0	0	0.48
68700	0.48	0.52	0.52	0	0	0.48
68800	0.48	0.52	0.52	0	0	0.48
68900	0.48	0.52	0.52	0	0	0.48
69000	0.48	0.52	0.52	0	0	0.48
69100	0.48	0.52	0.52	0	0	0.48
69200	0.48	0.52	0.52	0	0	0.48
69300	0.48	0.5	0.5	0	0	0.48
69400	0.48	0.5	0.5	0	0	0.48
69500	0.48	0.5	0.5	0	0	0.48
69600	0.48	0.5	0.5	0	0	0.48
69700	0.48	0.5	0.5	0	0	0.48
69800	0.48	0.5	0.5	0	0	0.48
69900	0.48	0.5	0.5	0	0	0.48
70000	0.48	0.5	0.5	0	0	0.48
70100	0.48	0.5	0.5	0	0	0.48
70200	0.48	0.5	0.5	0	0	0.48
70300	0.48	0.5	0.5	0	0	0.48
70400	0.48	0.5	0.5	0	0	0.48
70500	0.48	0.5	0.5	0	0	0.48
70600	0.48	0.5	0.5	0	0	0.48
70700	0.48	0.5	0.5	0	0	0.48
70800	0.48	0.5	0.5	0	0	0.48
70900	0.46	0.5	0.5	0	0	0.46
71000	0.46	0.5	0.5	0	0	0.46
71100	0.46	0.5	0.5	0	0	0.46
71200	0.46	0.52	0.52	0	0	0.46
71300	0.46	0.52	0.52	0	0	0.46
71400	0.46	0.52	0.52	0	0	0.46
71500	0.46	0.52	0.52	0	0	0.46
71600	0.46	0.52	0.52	0	0	0.46
71700	0.46	0.52	0.52	0	0	0.46
71800	0.46	0.52	0.52	0	0	0.46
71900	0.46	0.52	0.52	0	0	0.46
72000	0.46	0.52	0.52	0	0	0.46
72100	0.46	0.52	0.52	0	0	0.46
72200	0.46	0.52	0.52	0	0	0.46
72300	0.46	0.52	0.52	0	0	0.46
72400	0.46	0.52	0.52	0	0	0.46
72500	0.46	0.52	0.52	0	0	0.46
72600	0.46	0.52	0.52	0	0	0.46
72700	0.46	0.52	0.52	0	0	0.46
72800	0.46	0.52	0.52	0	0	0.46
72900	0.46	0.52	0.52	0	0	0.46
73000	0.46	0.52	0.52	0	0	0.46
73100	0.46	0.54	0.54	0	0	0.46
73200	0.46	0.52	0.52	0	0	0.46
73300	0.46	0.52	0.52	0	0	0.46
73400	0.46	0.52	0.52	0	0	0.46
73500	0.46	0.52	0.52	0	0	0.46
73600	0.46	0.52	0.52	0	0	0.46
73700	0.46	0.52	0.52	0	0	0.46
73800	0.46	0.52	0.52	0	0	0.46
73900	0.46	0.52	0.52	0	0	0.46
74000	0.46	0.52	0.52	0	0	0.46
74100	0.46	0.52	0.52	0	0	0.46
74200	0.46	0.52	0.52	0	0	0.46
74300	0.46	0.52	0.52	0	0	0.46
74400	0.46	0.52	0.52	0	0	0.46
74500	0.46	0.52	0.52	0	0	0.46
74600	0.46	0.52	0.52	0	0	0.46
74700	0.46	0.52	0.52	0	0	0.46
74800	0.46	0.52	0.52	0	0	0.46
74900	0.46	0.52	0.52	0	0	0.46
75000	0.44	0.52	0.52	0	0	0.44
75100	0.44	0.52	0.52	0	0	0.44
75200	0.44	0.52	0.52	0	0	0.44
75300	0.44	0.52	0.52	0	0	0.44
75400	0.44	0.52	0.52	0	0	0.44
75500	0.44	0.52	0.52	0	0	0.44
75600	0.44	0.52	0.52	0	0	0.44
75700	0.44	0.52	0.52	0	0	0.44
75800	0.46	0.52	0.52	0	0	0.46
75900	0.46	0.5	0.5	0	0	0.46
76000	0.48	0.5	0.5	0	0	0.48
76100	0.48	0.5	0.5	0	0	0.48
76200	0.48	0.5	0.5	0	0	0.48
76300	0.48	0.5	0.5	0	0	0.48
76400	0.48	0.5	0.5	0	0	0.48
76500	0.48	0.5	0.5	0	0	0.48
76600	0.48	0.5	0.5	0	0	0.48
76700	0.48	0.5	0.5	0	0	0.48
76800	0.48	0.5	0.5	0	0	0.48
76900	0.48	0.5	0.5	0	0	0.48
77000	0.48	0.5	0.5	0	0	0.48
77100	0.48	0.5	0.5	0	0	0.48
77200	0.48	0.5	0.5	0	0	0.48
77300	0.48	0.5	0.5	0	0	0.48
77400	0.48	0.5	0.5	0	0	0.48
77500	0.48	0.5	0.5	0	0	0.48
77600	0.48	0.5	0.5	0	0	0.48
77700	0.48	0.5	0.5	0	0	0.48
77800	0.48	0.5	0.5	0	0	0.48
77900	0.48	0.5	0.5	0	0	0.48
78000	0.48	0.5	0.5	0	0	0.48
78100	0.48	0.5	0.5	0	0	0.48
78200	0.48	0.5	0.5	0	0	0.48
78300	0.48	0.5	0.5	0	0	0.48
78400	0.48	0.5	0.5	0	0	0.48
78500	0.48	0.5	0.5	0	0	0.48
78600	0.48	0.5	0.5	0	0	0.48
78700	0.48	0.5	0.5	0	0	0.48
78800	0.48	0.5	0.5	0	0	0.48
78900	0.48	0.5	0.5	0	0	0.48
79000	0.48	0.5	0.5	0	0	0.48
79100	0.48	0.5	0.5	0	0	0.48
79200	0.48	0.5	0.5	0	0	0.48
79300	0.48	0.5	0.5	0	0	0.48
79400	0.48	0.5	0.5	0	0	0.48
79500	0.48	0.5	0.5	0	0	0.48
79600	0.48	0.5	0.5	0	0	0.48
79700	0.48	0.5	0.5	0	0	0.48
79800	0.48	0.5	0.5	0	0	0.48
79900	0.48	0.5	0.5	0	0	0.48
80000	0.48	0.5	0.5	0	0	0.48
80100	0.48	0.5	0.5	0	0	0.48
80200	0.48	0.5	0.5	0	0	0.48
80300	0.48	0.5	0.5	0	0	0.48
80400	0.48	0.5	0.5	0	0	0.48
80500	0.48	0.5	0.5	0	0	0.48
80600	0.48	0.5	0.5	0	0	0.48
80700	0.48	0.5	0.5	0	0	0.48
80800	0.48	0.5	0.5	0	0	0.48
80900	0.48	0.52	0.52	0	0	0.48
81000	0.48	0.52	0.52	0	0	0.48
81100	0.48	0.52	0.52	0	0	0.48
81200	0.48	0.52	0.52	0	0	0.48
81300	0.48	0.52	0.52	0	0	0.48
81400	0.48	0.52	0.52	0	0	0.48
81500	0.48	0.52	0.52	0	0	0.48
81600	0.48	0.52	0.52	0	0	0.48
81700	0.48	0.52	0.52	0	0	0.48
81800	0.48	0.52	0.52	0	0	0.48
81900	0.48	0.52	0.52	0	0	0.48
82000	0.48	0.52	0.52	0	0	0.48
82100	0.48	0.52	0.52	0	0	0.48
82200	0.48	0.52	0.52	0	0	0.48
82300	0.48	0.52	0.52	0	0	0.48
82400	0.48	0.52	0.52	0	0	0.48
82500	0.46	0.52	0.52	0	0	0.46
82600	0.46	0.52	0.52	0	0	0.46
82700	0.46	0.52	0.52	0	0	0.46
82800	0.46	0.52	0.52	0	0	0.46
82900	0.46	0.52	0.52	0	0	0.46
83000	0.46	0.52	0.52	0	0	0.46
83100	0.46	0.52	0.52	0	0	0.46
83200	0.46	0.52	0.52	0	0	0.46
83300	0.46	0.52	0.52	0	0	0.46
83400	0.46	0.52	0.52	0	0	0.46
83500	0.46	0.52	0.52	0	0	0.46
83600	0.46	0.52	0.52	0	0	0.46
83700	0.46	0.52	0.52	0	0	0.46
83800	0.46	0.52	0.52	0	0	0.46
83900	0.46	0.52	0.52	0	0	0.46
84000	0.46	0.52	0.52	0	0	0.46
84100	0.46	0.52	0.52	0	0	0.46
84200	0.46	0.52	0.52	0	0	0.46
84300	0.46	0.52	0.52	0	0	0.46
84400	0.46	0.52	0.52	0	0	0.46
84500	0.46	0.52	0.52	0	0	0.46
84600	0.46	0.52	0.52	0	0	0.46
84700	0.46	0.52	0.52	0	0	0.46
84800	0.46	0.52	0.52	0	0	0.46
84900	0.48	0.52	0.52	0	0	0.48
85000	0.48	0.52	0.52	0	0	0.48
85100	0.48	0.52	0.52	0	0	0.48
85200	0.48	0.52	0.52	0	0	0.48
85300	0.48	0.52	0.52	0	0	0.48
85400	0.48	0.52	0.52	0	0	0.48
85500	0.48	0.52	0.52	0	0	0.48
85600	0.48	0.52	0.52	0	0	0.48
85700	0.48	0.52	0.52	0	0	0.48
85800	0.48	0.52	0.52	0	0	0.48
85900	0.48	0.52	0.52	0	0	0.48
86000	0.48	0.52	0.52	0	0	0.48
86100	0.48	0.52	0.52	0	0	0.48
86200	0.48	0.52	0.52	0	0	0.48
86300	0.48	0.52	0.52	0	0	0.48
86400	0.48	0.52	0.52	0	0	0.48
86500	0.48	0.52	0.52	0	0	0.48
86600	0.48	0.52	0.52	0	0	0.48
86700	0.48	0.52	0.52	0	0	0.48
86800	0.48	0.52	0.52	0	0	0.48
86900	0.48	0.52	0.52	0	0	0.48
87000	0.48	0.52	0.52	0	0	0.48
87100	0.48	0.52	0.52	0	0	0.48
87200	0.48	0.52	0.52	0	0	0.48
87300	0.48	0.52	0.52	0	0	0.48
87400	0.48	0.52	0.52	0	0	0.48
87500	0.48	0.52	0.52	0	0	0.48
87600	0.48	0.52	0.52	0	0	0.48
87700	0.48	0.52	0.52	0	0	0.48
87800	0.48	0.52	0.52	0	0	0.48
87900	0.48	0.52	0.52	0	0	0.48
88000	0.48	0.52	0.52	0	0	0.48
88100	0.48	0.52	0.52	0	0	0.48
88200	0.48	0.52	0.52	0	0	0.48
88300	0.48	0.52	0.52	0	0	0.48
88400	0.48	0.52	0.52	0	0	0.48
88500	0.48	0.52	0.52	0	0	0.48
88600	0.48	0.52	0.52	0	0	0.48
88700	0.48	0.52	0.52	0	0	0.48
88800	0.48	0.52	0.52	0	0	0.48
88900	0.48	0.52	0.52	0	0	0.48
89000	0.48	0.52	0.52	0	0	0.48
89100	0.48	0.52	0.52	0	0	0.48
89200	0.48	0.52	0.52	0	0	0.48
89300	0.48	0.52	0.52	0	0	0.48
89400	0.48	0.52	0.52	0	0	0.48
89500	0.48	0.52	0.52	0	0	0.48
89600	0.48	0.52	0.52	0	0	0.48
89700	0.48	0.52	0.52	0	0	0.48
89800	0.48	0.52	0.52	0	0	0.48
89900	0.48	0.52	0.52	0	0	0.48
90000	0.48	0.52	0.52	0	0	0.48
90100	0.48	0.52	0.52	0	0	0.48
90200	0.48	0.52	0.52	0	0	0.48
90300	0.48	0.52	0.52	0	0	0.48
90400	0.48	0.52	0.52	0	0	0.48
90500	0.48	0.52	0.52	0	0	0.48
90600	0.48	0.52	0.52	0	0	0.48
90700	0.48	0.52	0.52	0	0	0.48
90800	0.48	0.52	0.52	0	0	0.48
90900	0.48	0.5	0.5	0	0	0.48
91000	0.48	0.5	0.5	0	0	0.48
91100	0.48	0.5	0.5	0	0	0.48
91200	0.48	0.5	0.5	0	0	0.48
91300	0.48	0.5	0.5	0	0	0.48
91400	0.48	0.5	0.5	0	0	0.48
91500	0.48	0.5	0.5	0	0	0.48
91600	0.48	0.5	0.5	0	0	0.48
91700	0.48	0.5	0.5	0	0	0.48
91800	0.48	0.5	0.5	0	0	0.48
91900	0.48	0.5	0.5	0	0	0.48
92000	0.48	0.5	0.5	0	0	0.48
92100	0.48	0.5	0.5	0	0	0.48
92200	0.48	0.5	0.5	0	0	0.48
92300	0.48	0.5	0.5	0	0	0.48
92400	0.5	0.5	0.5	0	0	0.5
92500	0.5	0.5	0.5	0	0	0.5
92600	0.5	0.5	0.5	0	0	0.5
92700	0.5	0.5	0.5	0	0	0.5
92800	0.5	0.5	0.5	0	0	0.5
92900	0.5	0.5	0.5	0	0	0.5
93000	0.5	0.5	0.5	0	0	0.5
93100	0.5	0.5	0.5	0	0	0.5
93200	0.5	0.5	0.5	0	0	0.5
93300	0.5	0.5	0.5	0	0	0.5
93400	0.5	0.5	0.5	0	0	0.5
93500	0.5	0.5	0.5	0	0	0.5
93600	0.5	0.5	0.5	0	0	0.5
93700	0.5	0.5	0.5	0	0	0.5
93800	0.5	0.5	0.5	0	0	0.5
93900	0.5	0.5	0.5	0	0	0.5
94000	0.5	0.5	0.5	0	0	0.5
94100	0.5	0.5	0.5	0	0	0.5
94200	0.5	0.5	0.5	0	0	0.5
94300	0.5	0.5	0.5	0	0	0.5
94400	0.5	0.5	0.5	0	0	0.5
94500	0.5	0.5	0.5	0	0	0.5
94600	0.5	0.5	0.5	0	0	0.5
94700	0.5	0.5	0.5	0	0	0.5
94800	0.5	0.5	0.5	0	0	0.5
94900	0.5	0.5	0.5	0	0	0.5
95000	0.5	0.5	0.5	0	0	0.5
95100	0.5	0.5	0.5	0	0	0.5
95200	0.5	0.5	0.5	0	0	0.5
95300	0.5	0.5	0.5	0	0	0.5
95400	0.48	0.5	0.5	0	0	0.48
95500	0.48	0.5	0.5	0	0	0.48
95600	0.48	0.5	0.5	0	0	0.48
95700	0.48	0.5	0.5	0	0	0.48
95800	0.48	0.5	0.5	0	0	0.48
95900	0.48	0.5	0.5	0	0	0.48
96000	0.48	0.5	0.5	0	0	0.48
96100	0.48	0.5	0.5	0	0	0.48
96200	0.48	0.5	0.5	0	0	0.48
96300	0.48	0.5	0.5	0	0	0.48
96400	0.48	0.5	0.5	0	0	0.48
96500	0.48	0.5	0.5	0	0	0.48
96600	0.48	0.5	0.5	0	0	0.48
96700	0.48	0.5	0.5	0	0	0.48
96800	0.48	0.5	0.5	0	0	0.48
96900	0.46	0.5	0.5	0	0	0.46
97000	0.46	0.5	0.5	0	0	0.46
97100	0.46	0.5	0.5	0	0	0.46
97200	0.46	0.5	0.5	0	0	0.46
97300	0.46	0.5	0.5	0	0	0.46
97400	0.46	0.5	0.5	0	0	0.46
97500	0.46	0.5	0.5	0	0	0.46
97600	0.48	0.5	0.5	0	0	0.48
97700	0.48	0.5	0.5	0	0	0.48
97800	0.48	0.5	0.5	0	0	0.48
97900	0.48	0.5	0.5	0	0	0.48
98000	0.48	0.5	0.5	0	0	0.48
98100	0.48	0.5	0.5	0	0	0.48
98200	0.48	0.5	0.5	0	0	0.48
98300	0.48	0.5	0.5	0	0	0.48
98400	0.48	0.5	0.5	0	0	0.48
98500	0.48	0.5	0.5	0	0	0.48
98600	0.48	0.5	0.5	0	0	0.48
98700	0.48	0.5	0.5	0	0	0.48
98800	0.48	0.5	0.5	0	0	0.48
98900	0.48	0.5	0.5	0	0	0.48
99000	0.48	0.5	0.5	0	0	0.48
99100	0.48	0.5	0.5	0	0	0.48
99200	0.48	0.5	0.5	0	0	0.48
99300	0.48	0.5	0.5	0	0	0.48
99400	0.48	0.5	0.5	0	0	0.48
99500	0.48	0.5	0.5	0	0	0.48
99600	0.48	0.5	0.5	0	0	0.48
99700	0.48	0.5	0.5	0	0	0.48
99800	0.48	0.5	0.5	0	0	0.48
99900	0.48	0.5	0.5	0	0	0.48
100000	0.48	0.5	0.5	0	0	0.48
