100	0.14	0.06	0.06	0	0	0.14
200	0.22	0.08	0.08	0	0	0.22
300	0.24	0.12	0.12	0	0	0.24
400	0.26	0.12	0.12	0	0	0.26
500	0.26	0.16	0.16	0	0	0.26
600	0.28	0.18	0.18	0	0	0.28
700	0.3	0.18	0.18	0	0	0.3
800	0.3	0.18	0.18	0	0	0.3
900	0.3	0.18	0.18	0	0	0.3
1000	0.3	0.2	0.2	0	0	0.3
1100	0.3	0.2	0.2	0	0	0.3
1200	0.28	0.22	0.22	0	0	0.28
1300	0.28	0.22	0.22	0	0	0.28
1400	0.28	0.24	0.24	0	0	0.28
1500	0.32	0.24	0.24	0	0	0.32
1600	0.34	0.26	0.26	0	0	0.34
1700	0.34	0.26	0.26	0	0	0.34
1800	0.36	0.26	0.26	0	0	0.36
1900	0.36	0.28	0.28	0	0	0.36
2000	0.4	0.28	0.28	0	0	0.4
2100	0.42	0.28	0.28	0	0	0.42
2200	0.42	0.26	0.26	0	0	0.42
2300	0.44	0.26	0.26	0	0	0.44
2400	0.44	0.26	0.26	0	0	0.44
2500	0.42	0.26	0.26	0	0	0.42
2600	0.4	0.28	0.28	0	0	0.4
2700	0.4	0.26	0.26	0	0	0.4
2800	0.4	0.26	0.26	0	0	0.4
2900	0.38	0.26	0.26	0	0	0.38
3000	0.4	0.26	0.26	0	0	0.4
3100	0.4	0.26	0.26	0	0	0.4
3200	0.4	0.26	0.26	0	0	0.4
3300	0.4	0.26	0.26	0	0	0.4
3400	0.4	0.26	0.26	0	0	0.4
3500	0.4	0.28	0.28	0	0	0.4
3600	0.42	0.26	0.26	0	0	0.42
3700	0.44	0.26	0.26	0	0	0.44
3800	0.44	0.26	0.26	0	0	0.44
3900	0.46	0.26	0.26	0	0	0.46
4000	0.44	0.26	0.26	0	0	0.44
4100	0.42	0.28	0.28	0	0	0.42
4200	0.44	0.28	0.28	0	0	0.44
4300	0.42	0.28	0.28	0	0	0.42
4400	0.44	0.28	0.28	0	0	0.44
4500	0.44	0.28	0.28	0	0	0.44
4600	0.46	0.26	0.26	0	0	0.46
4700	0.46	0.28	0.28	0	0	0.46
4800	0.46	0.28	0.28	0	0	0.46
4900	0.46	0.3	0.3	0	0	0.46
5000	0.46	0.3	0.3	0	0	0.46
5100	0.46	0.32	0.32	0	0	0.46
5200	0.48	0.32	0.32	0	0	0.48
5300	0.48	0.34	0.34	0	0	0.48
5400	0.48	0.34	0.34	0	0	0.48
5500	0.48	0.34	0.34	0	0	0.48
5600	0.48	0.38	0.38	0	0	0.48
5700	0.48	0.38	0.38	0	0	0.48
5800	0.46	0.4	0.4	0	0	0.46
5900	0.46	0.42	0.42	0	0	0.46
6000	0.46	0.42	0.42	0	0	0.46
6100	0.46	0.42	0.42	0	0	0.46
6200	0.46	0.42	0.42	0	0	0.46
6300	0.46	0.38	0.38	0	0	0.46
6400	0.46	0.38	0.38	0	0	0.46
6500	0.46	0.34	0.34	0	0	0.46
6600	0.46	0.34	0.34	0	0	0.46
6700	0.46	0.34	0.34	0	0	0.46
6800	0.46	0.32	0.32	0	0	0.46
6900	0.46	0.32	0.32	0	0	0.46
7000	0.46	0.32	0.32	0	0	0.46
7100	0.46	0.32	0.32	0	0	0.46
7200	0.46	0.34	0.34	0	0	0.46
7300	0.46	0.34	0.34	0	0	0.46
7400	0.46	0.34	0.34	0	0	0.46
7500	0.46	0.34	0.34	0	0	0.46
7600	0.46	0.34	0.34	0	0	0.46
7700	0.46	0.34	0.34	0	0	0.46
7800	0.46	0.34	0.34	0	0	0.46
7900	0.46	0.34	0.34	0	0	0.46
8000	0.46	0.34	0.34	0	0	0.46
8100	0.46	0.34	0.34	0	0	0.46
8200	0.46	0.34	0.34	0	0	0.46
8300	0.46	0.34	0.34	0	0	0.46
8400	0.46	0.34	0.34	0	0	0.46
8500	0.46	0.34	0.34	0	0	0.46
8600	0.48	0.34	0.34	0	0	0.48
8700	0.48	0.38	0.38	0	0	0.48
8800	0.46	0.38	0.38	0	0	0.46
8900	0.46	0.4	0.4	0	0	0.46
9000	0.46	0.4	0.4	0	0	0.46
9100	0.46	0.4	0.4	0	0	0.46
9200	0.46	0.4	0.4	0	0	0.46
9300	0.46	0.4	0.4	0	0	0.46
9400	0.46	0.4	0.4	0	0	0.46
9500	0.46	0.4	0.4	0	0	0.46
9600	0.46	0.42	0.42	0	0	0.46
9700	0.46	0.42	0.42	0	0	0.46
9800	0.46	0.4	0.4	0	0	0.46
9900	0.46	0.4	0.4	0	0	0.46
10000	0.46	0.4	0.4	0	0	0.46
10100	0.46	0.4	0.4	0	0	0.46
10200	0.46	0.4	0.4	0	0	0.46
10300	0.46	0.42	0.42	0	0	0.46
10400	0.46	0.42	0.42	0	0	0.46
10500	0.46	0.42	0.42	0	0	0.46
10600	0.46	0.42	0.42	0	0	0.46
10700	0.46	0.42	0.42	0	0	0.46
10800	0.46	0.42	0.42	0	0	0.46
10900	0.46	0.44	0.44	0	0	0.46
11000	0.46	0.44	0.44	0	0	0.46
11100	0.46	0.44	0.44	0	0	0.46
11200	0.46	0.44	0.44	0	0	0.46
11300	0.46	0.44	0.44	0	0	0.46
11400	0.46	0.44	0.44	0	0	0.46
11500	0.46	0.44	0.44	0	0	0.46
11600	0.48	0.42	0.42	0	0	0.48
11700	0.48	0.42	0.42	0	0	0.48
11800	0.48	0.42	0.42	0	0	0.48
11900	0.5	0.42	0.42	0	0	0.5
12000	0.5	0.42	0.42	0	0	0.5
12100	0.5	0.42	0.42	0	0	0.5
12200	0.5	0.42	0.42	0	0	0.5
12300	0.5	0.42	0.42	0	0	0.5
12400	0.5	0.42	0.42	0	0	0.5
12500	0.5	0.42	0.42	0	0	0.5
12600	0.5	0.4	0.4	0	0	0.5
12700	0.5	0.4	0.4	0	0	0.5
12800	0.5	0.4	0.4	0	0	0.5
12900	0.52	0.4	0.4	0	0	0.52
13000	0.52	0.4	0.4	0	0	0.52
13100	0.52	0.4	0.4	0	0	0.52
13200	0.52	0.4	0.4	0	0	0.52
13300	0.52	0.4	0.4	0	0	0.52
13400	0.52	0.42	0.42	0	0	0.52
13500	0.52	0.44	0.44	0	0	0.52
13600	0.52	0.44	0.44	0	0	0.52
13700	0.52	0.44	0.44	0	0	0.52
13800	0.52	0.44	0.44	0	0	0.52
13900	0.52	0.44	0.44	0	0	0.52
14000	0.52	0.44	0.44	0	0	0.52
14100	0.52	0.44	0.44	0	0	0.52
14200	0.52	0.44	0.44	0	0	0.52
14300	0.52	0.44	0.44	0	0	0.52
14400	0.52	0.44	0.44	0	0	0.52
14500	0.52	0.44	0.44	0	0	0.52
14600	0.52	0.44	0.44	0	0	0.52
14700	0.52	0.44	0.44	0	0	0.52
14800	0.52	0.44	0.44	0	0	0.52
14900	0.54	0.44	0.44	0	0	0.54
15000	0.54	0.44	0.44	0	0	0.54
15100	0.54	0.44	0.44	0	0	0.54
15200	0.54	0.44	0.44	0	0	0.54
15300	0.54	0.44	0.44	0	0	0.54
15400	0.54	0.44	0.44	0	0	0.54
15500	0.54	0.44	0.44	0	0	0.54
15600	0.54	0.44	0.44	0	0	0.54
15700	0.54	0.44	0.44	0	0	0.54
15800	0.54	0.44	0.44	0	0	0.54
15900	0.54	0.44	0.44	0	0	0.54
16000	0.54	0.44	0.44	0	0	0.54
16100	0.54	0.44	0.44	0	0	0.54
16200	0.54	0.44	0.44	0	0	0.54
16300	0.54	0.44	0.44	0	0	0.54
16400	0.54	0.44	0.44	0	0	0.54
16500	0.54	0.44	0.44	0	0	0.54
16600	0.54	0.44	0.44	0	0	0.54
16700	0.54	0.44	0.44	0	0	0.54
16800	0.54	0.44	0.44	0	0	0.54
16900	0.54	0.44	0.44	0	0	0.54
17000	0.54	0.42	0.42	0	0	0.54
17100	0.54	0.42	0.42	0	0	0.54
17200	0.54	0.42	0.42	0	0	0.54
17300	0.54	0.42	0.42	0	0	0.54
17400	0.54	0.42	0.42	0	0	0.54
17500	0.54	0.42	0.42	0	0	0.54
17600	0.54	0.42	0.42	0	0	0.54
17700	0.54	0.4	0.4	0	0	0.54
17800	0.54	0.4	0.4	0	0	0.54
17900	0.54	0.4	0.4	0	0	0.54
18000	0.54	0.4	0.4	0	0	0.54
18100	0.54	0.4	0.4	0	0	0.54
18200	0.54	0.4	0.4	0	0	0.54
18300	0.54	0.4	0.4	0	0	0.54
18400	0.54	0.4	0.4	0	0	0.54
18500	0.54	0.4	0.4	0	0	0.54
18600	0.54	0.4	0.4	0	0	0.54
18700	0.54	0.4	0.4	0	0	0.54
18800	0.54	0.4	0.4	0	0	0.54
18900	0.54	0.4	0.4	0	0	0.54
19000	0.54	0.4	0.4	0	0	0.54
19100	0.54	0.4	0.4	0	0	0.54
19200	0.54	0.4	0.4	0	0	0.54
19300	0.54	0.4	0.4	0	0	0.54
19400	0.54	0.4	0.4	0	0	0.54
19500	0.54	0.4	0.4	0	0	0.54
19600	0.54	0.4	0.4	0	0	0.54
19700	0.54	0.4	0.4	0	0	0.54
19800	0.54	0.4	0.4	0	0	0.54
19900	0.52	0.42	0.42	0	0	0.52
20000	0.52	0.42	0.42	0	0	0.52
20100	0.52	0.42	0.42	0	0	0.52
20200	0.52	0.4	0.4	0	0	0.52
20300	0.52	0.4	0.4	0	0	0.52
20400	0.52	0.4	0.4	0	0	0.52
20500	0.52	0.4	0.4	0	0	0.52
20600	0.52	0.4	0.4	0	0	0.52
20700	0.52	0.4	0.4	0	0	0.52
20800	0.52	0.4	0.4	0	0	0.52
20900	0.52	0.4	0.4	0	0	0.52
21000	0.52	0.4	0.4	0	0	0.52
21100	0.52	0.4	0.4	0	0	0.52
21200	0.52	0.4	0.4	0	0	0.52
21300	0.52	0.4	0.4	0	0	0.52
21400	0.52	0.4	0.4	0	0	0.52
21500	0.52	0.4	0.4	0	0	0.52
21600	0.52	0.4	0.4	0	0	0.52
21700	0.52	0.4	0.4	0	0	0.52
21800	0.5	0.42	0.42	0	0	0.5
21900	0.5	0.42	0.42	0	0	0.5
22000	0.5	0.42	0.42	0	0	0.5
22100	0.5	0.42	0.42	0	0	0.5
22200	0.5	0.42	0.42	0	0	0.5
22300	0.5	0.42	0.42	0	0	0.5
22400	0.5	0.42	0.42	0	0	0.5
22500	0.5	0.42	0.42	0	0	0.5
22600	0.5	0.42	0.42	0	0	0.5
22700	0.5	0.42	0.42	0	0	0.5
22800	0.5	0.42	0.42	0	0	0.5
22900	0.5	0.42	0.42	0	0	0.5
23000	0.5	0.42	0.42	0	0	0.5
23100	0.5	0.42	0.42	0	0	0.5
23200	0.5	0.42	0.42	0	0	0.5
23300	0.5	0.42	0.42	0	0	0.5
23400	0.5	0.42	0.42	0	0	0.5
23500	0.5	0.42	0.42	0	0	0.5
23600	0.5	0.42	0.42	0	0	0.5
23700	0.5	0.42	0.42	0	0	0.5
23800	0.52	0.42	0.42	0	0	0.52
23900	0.52	0.42	0.42	0	0	0.52
24000	0.52	0.44	0.44	0	0	0.52
24100	0.52	0.44	0.44	0	0	0.52
24200	0.52	0.44	0.44	0	0	0.52
24300	0.52	0.44	0.44	0	0	0.52
24400	0.52	0.44	0.44	0	0	0.52
24500	0.52	0.44	0.44	0	0	0.52
24600	0.52	0.44	0.44	0	0	0.52
24700	0.52	0.44	0.44	0	0	0.52
24800	0.52	0.44	0.44	0	0	0.52
24900	0.52	0.44	0.44	0	0	0.52
25000	0.52	0.44	0.44	0	0	0.52
25100	0.52	0.44	0.44	0	0	0.52
25200	0.52	0.44	0.44	0	0	0.52
25300	0.52	0.44	0.44	0	0	0.52
25400	0.52	0.44	0.44	0	0	0.52
25500	0.52	0.44	0.44	0	0	0.52
25600	0.52	0.44	0.44	0	0	0.52
25700	0.52	0.44	0.44	0	0	0.52
25800	0.52	0.44	0.44	0	0	0.52
25900	0.52	0.44	0.44	0	0	0.52
26000	0.52	0.44	0.44	0	0	0.52
26100	0.52	0.44	0.44	0	0	0.52
26200	0.52	0.44	0.44	0	0	0.52
26300	0.52	0.44	0.44	0	0	0.52
26400	0.52	0.44	0.44	0	0	0.52
26500	0.52	0.44	0.44	0	0	0.52
26600	0.52	0.44	0.44	0	0	0.52
26700	0.52	0.44	0.44	0	0	0.52
26800	0.52	0.44	0.44	0	0	0.52
26900	0.52	0.44	0.44	0	0	0.52
27000	0.52	0.44	0.44	0	0	0.52
27100	0.52	0.44	0.44	0	0	0.52
27200	0.52	0.44	0.44	0	0	0.52
27300	0.52	0.44	0.44	0	0	0.52
27400	0.52	0.44	0.44	0	0	0.52
27500	0.52	0.44	0.44	0	0	0.52
27600	0.52	0.44	0.44	0	0	0.52
27700	0.52	0.44	0.44	0	0	0.52
27800	0.52	0.44	0.44	0	0	0.52
27900	0.52	0.44	0.44	0	0	0.52
28000	0.5	0.44	0.44	0	0	0.5
28100	0.5	0.44	0.44	0	0	0.5
28200	0.5	0.44	0.44	0	0	0.5
28300	0.5	0.44	0.44	0	0	0.5
28400	0.5	0.44	0.44	0	0	0.5
28500	0.5	0.44	0.44	0	0	0.5
28600	0.5	0.44	0.44	0	0	0.5
28700	0.5	0.44	0.44	0	0	0.5
28800	0.5	0.44	0.44	0	0	0.5
28900	0.5	0.44	0.44	0	0	0.5
29000	0.5	0.44	0.44	0	0	0.5
29100	0.5	0.44	0.44	0	0	0.5
29200	0.5	0.44	0.44	0	0	0.5
29300	0.5	0.44	0.44	0	0	0.5
29400	0.5	0.44	0.44	0	0	0.5
29500	0.5	0.44	0.44	0	0	0.5
29600	0.5	0.44	0.44	0	0	0.5
29700	0.5	0.44	0.44	0	0	0.5
29800	0.5	0.44	0.44	0	0	0.5
29900	0.5	0.44	0.44	0	0	0.5
30000	0.5	0.44	0.44	0	0	0.5
30100	0.5	0.44	0.44	0	0	0.5
30200	0.5	0.44	0.44	0	0	0.5
30300	0.5	0.44	0.44	0	0	0.5
30400	0.5	0.44	0.44	0	0	0.5
30500	0.5	0.44	0.44	0	0	0.5
30600	0.5	0.44	0.44	0	0	0.5
30700	0.5	0.44	0.44	0	0	0.5
30800	0.5	0.44	0.44	0	0	0.5
30900	0.5	0.44	0.44	0	0	0.5
31000	0.5	0.44	0.44	0	0	0.5
31100	0.5	0.44	0.44	0	0	0.5
31200	0.5	0.44	0.44	0	0	0.5
31300	0.5	0.44	0.44	0	0	0.5
31400	0.5	0.44	0.44	0	0	0.5
31500	0.5	0.44	0.44	0	0	0.5
31600	0.5	0.44	0.44	0	0	0.5
31700	0.52	0.44	0.44	0	0	0.52
31800	0.52	0.44	0.44	0	0	0.52
31900	0.52	0.44	0.44	0	0	0.52
32000	0.52	0.44	0.44	0	0	0.52
32100	0.52	0.44	0.44	0	0	0.52
32200	0.52	0.44	0.44	0	0	0.52
32300	0.52	0.44	0.44	0	0	0.52
32400	0.52	0.44	0.44	0	0	0.52
32500	0.52	0.44	0.44	0	0	0.52
32600	0.52	0.44	0.44	0	0	0.52
32700	0.52	0.44	0.44	0	0	0.52
32800	0.52	0.44	0.44	0	0	0.52
32900	0.52	0.44	0.44	0	0	0.52
33000	0.52	0.44	0.44	0	0	0.52
33100	0.52	0.44	0.44	0	0	0.52
33200	0.52	0.44	0.44	0	0	0.52
33300	0.52	0.44	0.44	0	0	0.52
33400	0.52	0.44	0.44	0	0	0.52
33500	0.52	0.44	0.44	0	0	0.52
33600	0.52	0.44	0.44	0	0	0.52
33700	0.52	0.44	0.44	0	0	0.52
33800	0.52	0.44	0.44	0	0	0.52
33900	0.52	0.44	0.44	0	0	0.52
34000	0.52	0.44	0.44	0	0	0.52
34100	0.52	0.44	0.44	0	0	0.52
34200	0.52	0.44	0.44	0	0	0.52
34300	0.52	0.44	0.44	0	0	0.52
34400	0.52	0.44	0.44	0	0	0.52
34500	0.52	0.44	0.44	0	0	0.52
34600	0.52	0.44	0.44	0	0	0.52
34700	0.52	0.44	0.44	0	0	0.52
34800	0.52	0.44	0.44	0	0	0.52
34900	0.52	0.44	0.44	0	0	0.52
35000	0.52	0.44	0.44	0	0	0.52
35100	0.52	0.44	0.44	0	0	0.52
35200	0.52	0.44	0.44	0	0	0.52
35300	0.52	0.44	0.44	0	0	0.52
35400	0.52	0.44	0.44	0	0	0.52
35500	0.52	0.44	0.44	0	0	0.52
35600	0.52	0.44	0.44	0	0	0.52
35700	0.52	0.44	0.44	0	0	0.52
35800	0.52	0.44	0.44	0	0	0.52
35900	0.52	0.44	0.44	0	0	0.52
36000	0.52	0.44	0.44	0	0	0.52
36100	0.52	0.44	0.44	0	0	0.52
36200	0.52	0.44	0.44	0	0	0.52
36300	0.52	0.44	0.44	0	0	0.52
36400	0.52	0.44	0.44	0	0	0.52
36500	0.52	0.44	0.44	0	0	0.52
36600	0.52	0.44	0.44	0	0	0.52
36700	0.52	0.42	0.42	0	0	0.52
36800	0.52	0.42	0.42	0	0	0.52
36900	0.52	0.42	0.42	0	0	0.52
37000	0.52	0.42	0.42	0	0	0.52
37100	0.52	0.42	0.42	0	0	0.52
37200	0.52	0.42	0.42	0	0	0.52
37300	0.52	0.4	0.4	0	0	0.52
37400	0.52	0.4	0.4	0	0	0.52
37500	0.52	0.4	0.4	0	0	0.52
37600	0.52	0.4	0.4	0	0	0.52
37700	0.52	0.4	0.4	0	0	0.52
37800	0.52	0.4	0.4	0	0	0.52
37900	0.52	0.4	0.4	0	0	0.52
38000	0.52	0.4	0.4	0	0	0.52
38100	0.52	0.4	0.4	0	0	0.52
38200	0.52	0.4	0.4	0	0	0.52
38300	0.52	0.4	0.4	0	0	0.52
38400	0.52	0.4	0.4	0	0	0.52
38500	0.52	0.4	0.4	0	0	0.52
38600	0.52	0.4	0.4	0	0	0.52
38700	0.52	0.4	0.4	0	0	0.52
38800	0.52	0.38	0.38	0	0	0.52
38900	0.52	0.38	0.38	0	0	0.52
39000	0.52	0.38	0.38	0	0	0.52
39100	0.52	0.38	0.38	0	0	0.52
39200	0.52	0.38	0.38	0	0	0.52
39300	0.52	0.38	0.38	0	0	0.52
39400	0.52	0.38	0.38	0	0	0.52
39500	0.52	0.38	0.38	0	0	0.52
39600	0.52	0.38	0.38	0	0	0.52
39700	0.52	0.38	0.38	0	0	0.52
39800	0.52	0.38	0.38	0	0	0.52
39900	0.52	0.38	0.38	0	0	0.52
40000	0.52	0.38	0.38	0	0	0.52
40100	0.52	0.38	0.38	0	0	0.52
40200	0.52	0.38	0.38	0	0	0.52
40300	0.52	0.38	0.38	0	0	0.52
40400	0.52	0.38	0.38	0	0	0.52
40500	0.52	0.38	0.38	0	0	0.52
40600	0.52	0.38	0.38	0	0	0.52
40700	0.52	0.38	0.38	0	0	0.52
40800	0.52	0.38	0.38	0	0	0.52
40900	0.52	0.38	0.38	0	0	0.52
41000	0.52	0.38	0.38	0	0	0.52
41100	0.52	0.38	0.38	0	0	0.52
41200	0.5	0.38	0.38	0	0	0.5
41300	0.5	0.38	0.38	0	0	0.5
41400	0.5	0.38	0.38	0	0	0.5
41500	0.5	0.38	0.38	0	0	0.5
41600	0.5	0.38	0.38	0	0	0.5
41700	0.5	0.38	0.38	0	0	0.5
41800	0.5	0.38	0.38	0	0	0.5
41900	0.52	0.38	0.38	0	0	0.52
42000	0.5	0.38	0.38	0	0	0.5
42100	0.5	0.38	0.38	0	0	0.5
42200	0.5	0.38	0.38	0	0	0.5
42300	0.5	0.38	0.38	0	0	0.5
42400	0.48	0.38	0.38	0	0	0.48
42500	0.48	0.38	0.38	0	0	0.48
42600	0.48	0.38	0.38	0	0	0.48
42700	0.48	0.38	0.38	0	0	0.48
42800	0.46	0.38	0.38	0	0	0.46
42900	0.46	0.38	0.38	0	0	0.46
43000	0.48	0.4	0.4	0	0	0.48
43100	0.48	0.4	0.4	0	0	0.48
43200	0.48	0.4	0.4	0	0	0.48
43300	0.48	0.4	0.4	0	0	0.48
43400	0.48	0.4	0.4	0	0	0.48
43500	0.48	0.4	0.4	0	0	0.48
43600	0.48	0.4	0.4	0	0	0.48
43700	0.48	0.4	0.4	0	0	0.48
43800	0.48	0.4	0.4	0	0	0.48
43900	0.48	0.4	0.4	0	0	0.48
44000	0.48	0.4	0.4	0	0	0.48
44100	0.48	0.4	0.4	0	0	0.48
44200	0.48	0.4	0.4	0	0	0.48
44300	0.48	0.4	0.4	0	0	0.48
44400	0.5	0.4	0.4	0	0	0.5
44500	0.5	0.4	0.4	0	0	0.5
44600	0.5	0.4	0.4	0	0	0.5
44700	0.5	0.4	0.4	0	0	0.5
44800	0.5	0.4	0.4	0	0	0.5
44900	0.5	0.4	0.4	0	0	0.5
45000	0.48	0.4	0.4	0	0	0.48
45100	0.48	0.4	0.4	0	0	0.48
45200	0.48	0.4	0.4	0	0	0.48
45300	0.48	0.4	0.4	0	0	0.48
45400	0.48	0.4	0.4	0	0	0.48
45500	0.48	0.4	0.4	0	0	0.48
45600	0.48	0.4	0.4	0	0	0.48
45700	0.48	0.4	0.4	0	0	0.48
45800	0.48	0.4	0.4	0	0	0.48
45900	0.48	0.4	0.4	0	0	0.48
46000	0.48	0.4	0.4	0	0	0.48
46100	0.48	0.4	0.4	0	0	0.48
46200	0.48	0.4	0.4	0	0	0.48
46300	0.48	0.4	0.4	0	0	0.48
46400	0.48	0.4	0.4	0	0	0.48
46500	0.48	0.4	0.4	0	0	0.48
46600	0.48	0.4	0.4	0	0	0.48
46700	0.48	0.4	0.4	0	0	0.48
46800	0.48	0.4	0.4	0	0	0.48
46900	0.48	0.4	0.4	0	0	0.48
47000	0.48	0.4	0.4	0	0	0.48
47100	0.48	0.4	0.4	0	0	0.48
47200	0.48	0.4	0.4	0	0	0.48
47300	0.48	0.4	0.4	0	0	0.48
47400	0.48	0.4	0.4	0	0	0.48
47500	0.48	0.4	0.4	0	0	0.48
47600	0.5	0.4	0.4	0	0	0.5
47700	0.5	0.4	0.4	0	0	0.5
47800	0.5	0.4	0.4	0	0	0.5
47900	0.5	0.4	0.4	0	0	0.5
48000	0.5	0.4	0.4	0	0	0.5
48100	0.5	0.4	0.4	0	0	0.5
48200	0.5	0.4	0.4	0	0	0.5
48300	0.5	0.4	0.4	0	0	0.5
48400	0.5	0.4	0.4	0	0	0.5
48500	0.5	0.4	0.4	0	0	0.5
48600	0.5	0.4	0.4	0	0	0.5
48700	0.5	0.4	0.4	0	0	0.5
48800	0.5	0.4	0.4	0	0	0.5
48900	0.5	0.4	0.4	0	0	0.5
49000	0.5	0.4	0.4	0	0	0.5
49100	0.5	0.42	0.42	0	0	0.5
49200	0.5	0.42	0.42	0	0	0.5
49300	0.5	0.42	0.42	0	0	0.5
49400	0.5	0.42	0.42	0	0	0.5
49500	0.5	0.42	0.42	0	0	0.5
49600	0.5	0.42	0.42	0	0	0.5
49700	0.5	0.42	0.42	0	0	0.5
49800	0.5	0.42	0.42	0	0	0.5
49900	0.5	0.42	0.42	0	0	0.5
50000	0.5	0.42	0.42	0	0	0.5
50100	0.5	0.42	0.42	0	0	0.5
50200	0.5	0.42	0.42	0	0	0.5
50300	0.5	0.42	0.42	0	0	0.5
50400	0.5	0.42	0.42	0	0	0.5
50500	0.5	0.42	0.42	0	0	0.5
50600	0.5	0.42	0.42	0	0	0.5
50700	0.5	0.42	0.42	0	0	0.5
50800	0.5	0.42	0.42	0	0	0.5
50900	0.5	0.42	0.42	0	0	0.5
51000	0.5	0.42	0.42	0	0	0.5
51100	0.5	0.42	0.42	0	0	0.5
51200	0.5	0.42	0.42	0	0	0.5
51300	0.5	0.44	0.44	0	0	0.5
51400	0.5	0.44	0.44	0	0	0.5
51500	0.5	0.44	0.44	0	0	0.5
51600	0.48	0.44	0.44	0	0	0.48
51700	0.48	0.44	0.44	0	0	0.48
51800	0.48	0.44	0.44	0	0	0.48
51900	0.48	0.44	0.44	0	0	0.48
52000	0.48	0.44	0.44	0	0	0.48
52100	0.48	0.44	0.44	0	0	0.48
52200	0.48	0.44	0.44	0	0	0.48
52300	0.48	0.42	0.42	0	0	0.48
52400	0.48	0.42	0.42	0	0	0.48
52500	0.48	0.42	0.42	0	0	0.48
52600	0.48	0.42	0.42	0	0	0.48
52700	0.48	0.42	0.42	0	0	0.48
52800	0.48	0.42	0.42	0	0	0.48
52900	0.48	0.42	0.42	0	0	0.48
53000	0.48	0.42	0.42	0	0	0.48
53100	0.48	0.42	0.42	0	0	0.48
53200	0.48	0.42	0.42	0	0	0.48
53300	0.48	0.42	0.42	0	0	0.48
53400	0.48	0.42	0.42	0	0	0.48
53500	0.48	0.42	0.42	0	0	0.48
53600	0.48	0.42	0.42	0	0	0.48
53700	0.48	0.42	0.42	0	0	0.48
53800	0.48	0.42	0.42	0	0	0.48
53900	0.48	0.42	0.42	0	0	0.48
54000	0.48	0.42	0.42	0	0	0.48
54100	0.48	0.42	0.42	0	0	0.48
54200	0.48	0.42	0.42	0	0	0.48
54300	0.48	0.42	0.42	0	0	0.48
54400	0.48	0.42	0.42	0	0	0.48
54500	0.48	0.42	0.42	0	0	0.48
54600	0.48	0.42	0.42	0	0	0.48
54700	0.48	0.42	0.42	0	0	0.48
54800	0.48	0.42	0.42	0	0	0.48
54900	0.48	0.42	0.42	0	0	0.48
55000	0.48	0.42	0.42	0	0	0.48
55100	0.48	0.42	0.42	0	0	0.48
55200	0.48	0.42	0.42	0	0	0.48
55300	0.48	0.42	0.42	0	0	0.48
55400	0.48	0.42	0.42	0	0	0.48
55500	0.48	0.42	0.42	0	0	0.48
55600	0.48	0.42	0.42	0	0	0.48
55700	0.48	0.42	0.42	0	0	0.48
55800	0.48	0.42	0.42	0	0	0.48
55900	0.48	0.42	0.42	0	0	0.48
56000	0.48	0.42	0.42	0	0	0.48
56100	0.48	0.42	0.42	0	0	0.48
56200	0.48	0.42	0.42	0	0	0.48
56300	0.48	0.42	0.42	0	0	0.48
56400	0.48	0.42	0.42	0	0	0.48
56500	0.48	0.42	0.42	0	0	0.48
56600	0.48	0.42	0.42	0	0	0.48
56700	0.48	0.42	0.42	0	0	0.48
56800	0.48	0.42	0.42	0	0	0.48
56900	0.48	0.42	0.42	0	0	0.48
57000	0.48	0.42	0.42	0	0	0.48
57100	0.48	0.42	0.42	0	0	0.48
57200	0.48	0.42	0.42	0	0	0.48
57300	0.48	0.42	0.42	0	0	0.48
57400	0.48	0.42	0.42	0	0	0.48
57500	0.48	0.42	0.42	0	0	0.48
57600	0.48	0.42	0.42	0	0	0.48
57700	0.48	0.42	0.42	0	0	0.48
57800	0.48	0.42	0.42	0	0	0.48
57900	0.48	0.42	0.42	0	0	0.48
58000	0.48	0.42	0.42	0	0	0.48
58100	0.48	0.42	0.42	0	0	0.48
58200	0.48	0.42	0.42	0	0	0.48
58300	0.46	0.42	0.42	0	0	0.46
58400	0.46	0.42	0.42	0	0	0.46
58500	0.46	0.42	0.42	0	0	0.46
58600	0.46	0.42	0.42	0	0	0.46
58700	0.46	0.42	0.42	0	0	0.46
58800	0.46	0.42	0.42	0	0	0.46
58900	0.46	0.42	0.42	0	0	0.46
59000	0.46	0.42	0.42	0	0	0.46
59100	0.48	0.42	0.42	0	0	0.48
59200	0.46	0.42	0.42	0	0	0.46
59300	0.46	0.42	0.42	0	0	0.46
59400	0.46	0.42	0.42	0	0	0.46
59500	0.46	0.42	0.42	0	0	0.46
59600	0.46	0.42	0.42	0	0	0.46
59700	0.46	0.42	0.42	0	0	0.46
59800	0.46	0.42	0.42	0	0	0.46
59900	0.46	0.42	0.42	0	0	0.46
60000	0.46	0.44	0.44	0	0	0.46
60100	0.46	0.44	0.44	0	0	0.46
60200	0.46	0.44	0.44	0	0	0.46
60300	0.46	0.44	0.44	0	0	0.46
60400	0.46	0.44	0.44	0	0	0.46
60500	0.46	0.44	0.44	0	0	0.46
60600	0.46	0.44	0.44	0	0	0.46
60700	0.46	0.44	0.44	0	0	0.46
60800	0.46	0.44	0.44	0	0	0.46
60900	0.46	0.44	0.44	0	0	0.46
61000	0.46	0.44	0.44	0	0	0.46
61100	0.46	0.44	0.44	0	0	0.46
61200	0.46	0.44	0.44	0	0	0.46
61300	0.46	0.44	0.44	0	0	0.46
61400	0.46	0.44	0.44	0	0	0.46
61500	0.46	0.44	0.44	0	0	0.46
61600	0.46	0.44	0.44	0	0	0.46
61700	0.44	0.44	0.44	0	0	0.44
61800	0.44	0.44	0.44	0	0	0.44
61900	0.44	0.44	0.44	0	0	0.44
62000	0.44	0.44	0.44	0	0	0.44
62100	0.44	0.44	0.44	0	0	0.44
62200	0.44	0.44	0.44	0	0	0.44
62300	0.44	0.44	0.44	0	0	0.44
62400	0.44	0.44	0.44	0	0	0.44
62500	0.44	0.44	0.44	0	0	0.44
62600	0.44	0.44	0.44	0	0	0.44
62700	0.44	0.44	0.44	0	0	0.44
62800	0.44	0.44	0.44	0	0	0.44
62900	0.44	0.44	0.44	0	0	0.44
63000	0.42	0.44	0.44	0	0	0.42
63100	0.42	0.44	0.44	0	0	0.42
63200	0.42	0.44	0.44	0	0	0.42
63300	0.42	0.46	0.46	0	0	0.42
63400	0.42	0.46	0.46	0	0	0.42
63500	0.42	0.46	0.46	0	0	0.42
63600	0.42	0.46	0.46	0	0	0.42
63700	0.42	0.46	0.46	0	0	0.42
63800	0.42	0.46	0.46	0	0	0.42
63900	0.42	0.46	0.46	0	0	0.42
64000	0.42	0.46	0.46	0	0	0.42
64100	0.42	0.46	0.46	0	0	0.42
64200	0.42	0.46	0.46	0	0	0.42
64300	0.42	0.46	0.46	0	0	0.42
64400	0.42	0.46	0.46	0	0	0.42
64500	0.44	0.46	0.46	0	0	0.44
64600	0.44	0.46	0.46	0	0	0.44
64700	0.44	0.46	0.46	0	0	0.44
64800	0.44	0.46	0.46	0	0	0.44
64900	0.44	0.46	0.46	0	0	0.44
65000	0.44	0.44	0.44	0	0	0.44
65100	0.44	0.44	0.44	0	0	0.44
65200	0.44	0.44	0.44	0	0	0.44
65300	0.44	0.44	0.44	0	0	0.44
65400	0.44	0.44	0.44	0	0	0.44
65500	0.44	0.44	0.44	0	0	0.44
65600	0.44	0.44	0.44	0	0	0.44
65700	0.44	0.44	0.44	0	0	0.44
65800	0.44	0.44	0.44	0	0	0.44
65900	0.44	0.44	0.44	0	0	0.44
66000	0.44	0.44	0.44	0	0	0.44
66100	0.44	0.44	0.44	0	0	0.44
66200	0.44	0.44	0.44	0	0	0.44
66300	0.44	0.44	0.44	0	0	0.44
66400	0.44	0.44	0.44	0	0	0.44
66500	0.44	0.44	0.44	0	0	0.44
66600	0.44	0.44	0.44	0	0	0.44
66700	0.44	0.44	0.44	0	0	0.44
66800	0.42	0.44	0.44	0	0	0.42
66900	0.42	0.44	0.44	0	0	0.42
67000	0.42	0.44	0.44	0	0	0.42
67100	0.42	0.44	0.44	0	0	0.42
67200	0.42	0.44	0.44	0	0	0.42
67300	0.42	0.44	0.44	0	0	0.42
67400	0.42	0.44	0.44	0	0	0.42
67500	0.42	0.44	0.44	0	0	0.42
67600	0.42	0.44	0.44	0	0	0.42
67700	0.42	0.44	0.44	0	0	0.42
67800	0.42	0.44	0.44	0	0	0.42
67900	0.42	0.44	0.44	0	0	0.42
68000	0.42	0.44	0.44	0	0	0.42
68100	0.44	0.44	0.44	0	0	0.44
68200	0.44	0.44	0.44	0	0	0.44
68300	0.44	0.44	0.44	0	0	0.44
68400	0.44	0.44	0.44	0	0	0.44
68500	0.44	0.44	0.44	0	0	0.44
68600	0.44	0.44	0.44	0	0	0.44
68700	0.44	0.44	0.44	0	0	0.44
68800	0.44	0.44	0.44	0	0	0.44
68900	0.44	0.44	0.44	0	0	0.44
69000	0.44	0.44	0.44	0	0	0.44
69100	0.44	0.44	0.44	0	0	0.44
69200	0.44	0.44	0.44	0	0	0.44
69300	0.44	0.44	0.44	0	0	0.44
69400	0.44	0.42	0.42	0	0	0.44
69500	0.44	0.4	0.4	0	0	0.44
69600	0.44	0.4	0.4	0	0	0.44
69700	0.44	0.4	0.4	0	0	0.44
69800	0.44	0.38	0.38	0	0	0.44
69900	0.44	0.38	0.38	0	0	0.44
70000	0.44	0.38	0.38	0	0	0.44
70100	0.44	0.38	0.38	0	0	0.44
70200	0.44	0.38	0.38	0	0	0.44
70300	0.44	0.38	0.38	0	0	0.44
70400	0.44	0.38	0.38	0	0	0.44
70500	0.44	0.38	0.38	0	0	0.44
70600	0.44	0.38	0.38	0	0	0.44
70700	0.44	0.38	0.38	0	0	0.44
70800	0.44	0.38	0.38	0	0	0.44
70900	0.44	0.38	0.38	0	0	0.44
71000	0.44	0.38	0.38	0	0	0.44
71100	0.44	0.38	0.38	0	0	0.44
71200	0.44	0.38	0.38	0	0	0.44
71300	0.44	0.38	0.38	0	0	0.44
71400	0.44	0.4	0.4	0	0	0.44
71500	0.46	0.4	0.4	0	0	0.46
71600	0.46	0.4	0.4	0	0	0.46
71700	0.46	0.4	0.4	0	0	0.46
71800	0.46	0.4	0.4	0	0	0.46
71900	0.46	0.4	0.4	0	0	0.46
72000	0.46	0.4	0.4	0	0	0.46
72100	0.46	0.4	0.4	0	0	0.46
72200	0.46	0.4	0.4	0	0	0.46
72300	0.46	0.4	0.4	0	0	0.46
72400	0.46	0.4	0.4	0	0	0.46
72500	0.46	0.42	0.42	0	0	0.46
72600	0.46	0.42	0.42	0	0	0.46
72700	0.46	0.44	0.44	0	0	0.46
72800	0.46	0.42	0.42	0	0	0.46
72900	0.46	0.42	0.42	0	0	0.46
73000	0.46	0.42	0.42	0	0	0.46
73100	0.46	0.42	0.42	0	0	0.46
73200	0.46	0.42	0.42	0	0	0.46
73300	0.46	0.42	0.42	0	0	0.46
73400	0.46	0.42	0.42	0	0	0.46
73500	0.46	0.42	0.42	0	0	0.46
73600	0.46	0.42	0.42	0	0	0.46
73700	0.46	0.42	0.42	0	0	0.46
73800	0.46	0.42	0.42	0	0	0.46
73900	0.46	0.42	0.42	0	0	0.46
74000	0.46	0.42	0.42	0	0	0.46
74100	0.46	0.42	0.42	0	0	0.46
74200	0.46	0.42	0.42	0	0	0.46
74300	0.46	0.42	0.42	0	0	0.46
74400	0.46	0.42	0.42	0	0	0.46
74500	0.46	0.42	0.42	0	0	0.46
74600	0.46	0.42	0.42	0	0	0.46
74700	0.46	0.42	0.42	0	0	0.46
74800	0.46	0.42	0.42	0	0	0.46
74900	0.46	0.42	0.42	0	0	0.46
75000	0.46	0.42	0.42	0	0	0.46
75100	0.46	0.42	0.42	0	0	0.46
75200	0.48	0.42	0.42	0	0	0.48
75300	0.48	0.42	0.42	0	0	0.48
75400	0.48	0.42	0.42	0	0	0.48
75500	0.48	0.42	0.42	0	0	0.48
75600	0.48	0.42	0.42	0	0	0.48
75700	0.48	0.42	0.42	0	0	0.48
75800	0.48	0.42	0.42	0	0	0.48
75900	0.48	0.42	0.42	0	0	0.48
76000	0.48	0.42	0.42	0	0	0.48
76100	0.48	0.42	0.42	0	0	0.48
76200	0.48	0.42	0.42	0	0	0.48
76300	0.48	0.42	0.42	0	0	0.48
76400	0.48	0.42	0.42	0	0	0.48
76500	0.48	0.42	0.42	0	0	0.48
76600	0.48	0.42	0.42	0	0	0.48
76700	0.48	0.42	0.42	0	0	0.48
76800	0.48	0.42	0.42	0	0	0.48
76900	0.48	0.42	0.42	0	0	0.48
77000	0.48	0.42	0.42	0	0	0.48
77100	0.48	0.42	0.42	0	0	0.48
77200	0.48	0.42	0.42	0	0	0.48
77300	0.48	0.42	0.42	0	0	0.48
77400	0.48	0.42	0.42	0	0	0.48
77500	0.48	0.42	0.42	0	0	0.48
77600	0.48	0.42	0.42	0	0	0.48
77700	0.48	0.42	0.42	0	0	0.48
77800	0.48	0.42	0.42	0	0	0.48
77900	0.48	0.42	0.42	0	0	0.48
78000	0.48	0.42	0.42	0	0	0.48
78100	0.48	0.42	0.42	0	0	0.48
78200	0.48	0.42	0.42	0	0	0.48
78300	0.48	0.42	0.42	0	0	0.48
78400	0.48	0.42	0.42	0	0	0.48
78500	0.48	0.42	0.42	0	0	0.48
78600	0.48	0.42	0.42	0	0	0.48
78700	0.48	0.42	0.42	0	0	0.48
78800	0.48	0.42	0.42	0	0	0.48
78900	0.48	0.44	0.44	0	0	0.48
79000	0.48	0.44	0.44	0	0	0.48
79100	0.48	0.44	0.44	0	0	0.48
79200	0.48	0.44	0.44	0	0	0.48
79300	0.48	0.44	0.44	0	0	0.48
79400	0.48	0.44	0.44	0	0	0.48
79500	0.48	0.44	0.44	0	0	0.48
79600	0.48	0.44	0.44	0	0	0.48
79700	0.48	0.44	0.44	0	0	0.48
79800	0.48	0.44	0.44	0	0	0.48
79900	0.48	0.44	0.44	0	0	0.48
80000	0.48	0.44	0.44	0	0	0.48
80100	0.48	0.44	0.44	0	0	0.48
80200	0.48	0.44	0.44	0	0	0.48
80300	0.48	0.44	0.44	0	0	0.48
80400	0.48	0.44	0.44	0	0	0.48
80500	0.48	0.44	0.44	0	0	0.48
80600	0.48	0.44	0.44	0	0	0.48
80700	0.48	0.44	0.44	0	0	0.48
80800	0.48	0.44	0.44	0	0	0.48
80900	0.48	0.44	0.44	0	0	0.48
81000	0.48	0.44	0.44	0	0	0.48
81100	0.48	0.44	0.44	0	0	0.48
81200	0.48	0.44	0.44	0	0	0.48
81300	0.48	0.44	0.44	0	0	0.48
81400	0.48	0.44	0.44	0	0	0.48
81500	0.48	0.44	0.44	0	0	0.48
81600	0.48	0.44	0.44	0	0	0.48
81700	0.48	0.44	0.44	0	0	0.48
81800	0.48	0.44	0.44	0	0	0.48
81900	0.48	0.44	0.44	0	0	0.48
82000	0.48	0.44	0.44	0	0	0.48
82100	0.48	0.44	0.44	0	0	0.48
82200	0.48	0.44	0.44	0	0	0.48
82300	0.48	0.44	0.44	0	0	0.48
82400	0.48	0.44	0.44	0	0	0.48
82500	0.48	0.44	0.44	0	0	0.48
82600	0.48	0.44	0.44	0	0	0.48
82700	0.48	0.44	0.44	0	0	0.48
82800	0.48	0.44	0.44	0	0	0.48
82900	0.48	0.44	0.44	0	0	0.48
83000	0.48	0.44	0.44	0	0	0.48
83100	0.48	0.44	0.44	0	0	0.48
83200	0.48	0.44	0.44	0	0	0.48
83300	0.48	0.44	0.44	0	0	0.48
83400	0.48	0.44	0.44	0	0	0.48
83500	0.48	0.44	0.44	0	0	0.48
83600	0.48	0.44	0.44	0	0	0.48
83700	0.48	0.44	0.44	0	0	0.48
83800	0.48	0.44	0.44	0	0	0.48
83900	0.48	0.44	0.44	0	0	0.48
84000	0.48	0.44	0.44	0	0	0.48
84100	0.48	0.44	0.44	0	0	0.48
84200	0.48	0.44	0.44	0	0	0.48
84300	0.48	0.44	0.44	0	0	0.48
84400	0.48	0.44	0.44	0	0	0.48
84500	0.48	0.44	0.44	0	0	0.48
84600	0.5	0.44	0.44	0	0	0.5
84700	0.5	0.44	0.44	0	0	0.5
84800	0.5	0.44	0.44	0	0	0.5
84900	0.5	0.44	0.44	0	0	0.5
85000	0.5	0.44	0.44	0	0	0.5
85100	0.5	0.44	0.44	0	0	0.5
85200	0.5	0.44	0.44	0	0	0.5
85300	0.5	0.44	0.44	0	0	0.5
85400	0.5	0.44	0.44	0	0	0.5
85500	0.5	0.44	0.44	0	0	0.5
85600	0.5	0.44	0.44	0	0	0.5
85700	0.5	0.44	0.44	0	0	0.5
85800	0.5	0.44	0.44	0	0	0.5
85900	0.5	0.44	0.44	0	0	0.5
86000	0.5	0.44	0.44	0	0	0.5
86100	0.5	0.44	0.44	0	0	0.5
86200	0.5	0.44	0.44	0	0	0.5
86300	0.5	0.44	0.44	0	0	0.5
86400	0.5	0.44	0.44	0	0	0.5
86500	0.5	0.44	0.44	0	0	0.5
86600	0.5	0.44	0.44	0	0	0.5
86700	0.5	0.44	0.44	0	0	0.5
86800	0.5	0.44	0.44	0	0	0.5
86900	0.5	0.44	0.44	0	0	0.5
87000	0.5	0.44	0.44	0	0	0.5
87100	0.5	0.44	0.44	0	0	0.5
87200	0.5	0.44	0.44	0	0	0.5
87300	0.5	0.44	0.44	0	0	0.5
87400	0.5	0.44	0.44	0	0	0.5
87500	0.5	0.44	0.44	0	0	0.5
87600	0.5	0.44	0.44	0	0	0.5
87700	0.5	0.44	0.44	0	0	0.5
87800	0.5	0.44	0.44	0	0	0.5
87900	0.5	0.44	0.44	0	0	0.5
88000	0.5	0.44	0.44	0	0	0.5
88100	0.5	0.44	0.44	0	0	0.5
88200	0.5	0.44	0.44	0	0	0.5
88300	0.5	0.44	0.44	0	0	0.5
88400	0.5	0.44	0.44	0	0	0.5
88500	0.5	0.44	0.44	0	0	0.5
88600	0.5	0.44	0.44	0	0	0.5
88700	0.5	0.44	0.44	0	0	0.5
88800	0.5	0.44	0.44	0	0	0.5
88900	0.5	0.44	0.44	0	0	0.5
89000	0.5	0.44	0.44	0	0	0.5
89100	0.5	0.44	0.44	0	0	0.5
89200	0.5	0.44	0.44	0	0	0.5
89300	0.5	0.44	0.44	0	0	0.5
89400	0.5	0.44	0.44	0	0	0.5
89500	0.5	0.44	0.44	0	0	0.5
89600	0.5	0.44	0.44	0	0	0.5
89700	0.5	0.44	0.44	0	0	0.5
89800	0.5	0.44	0.44	0	0	0.5
89900	0.5	0.44	0.44	0	0	0.5
90000	0.5	0.44	0.44	0	0	0.5
90100	0.5	0.44	0.44	0	0	0.5
90200	0.5	0.44	0.44	0	0	0.5
90300	0.5	0.44	0.44	0	0	0.5
90400	0.5	0.44	0.44	0	0	0.5
90500	0.5	0.44	0.44	0	0	0.5
90600	0.5	0.44	0.44	0	0	0.5
90700	0.5	0.44	0.44	0	0	0.5
90800	0.5	0.44	0.44	0	0	0.5
90900	0.5	0.44	0.44	0	0	0.5
91000	0.5	0.44	0.44	0	0	0.5
91100	0.5	0.44	0.44	0	0	0.5
91200	0.5	0.44	0.44	0	0	0.5
91300	0.5	0.44	0.44	0	0	0.5
91400	0.5	0.44	0.44	0	0	0.5
91500	0.5	0.44	0.44	0	0	0.5
91600	0.5	0.44	0.44	0	0	0.5
91700	0.5	0.44	0.44	0	0	0.5
91800	0.5	0.44	0.44	0	0	0.5
91900	0.5	0.44	0.44	0	0	0.5
92000	0.5	0.44	0.44	0	0	0.5
92100	0.5	0.44	0.44	0	0	0.5
92200	0.5	0.44	0.44	0	0	0.5
92300	0.5	0.44	0.44	0	0	0.5
92400	0.5	0.44	0.44	0	0	0.5
92500	0.5	0.44	0.44	0	0	0.5
92600	0.5	0.44	0.44	0	0	0.5
92700	0.5	0.44	0.44	0	0	0.5
92800	0.5	0.44	0.44	0	0	0.5
92900	0.5	0.44	0.44	0	0	0.5
93000	0.5	0.44	0.44	0	0	0.5
93100	0.5	0.44	0.44	0	0	0.5
93200	0.5	0.44	0.44	0	0	0.5
93300	0.5	0.44	0.44	0	0	0.5
93400	0.5	0.44	0.44	0	0	0.5
93500	0.5	0.44	0.44	0	0	0.5
93600	0.5	0.44	0.44	0	0	0.5
93700	0.5	0.42	0.42	0	0	0.5
93800	0.5	0.42	0.42	0	0	0.5
93900	0.5	0.42	0.42	0	0	0.5
94000	0.5	0.42	0.42	0	0	0.5
94100	0.5	0.42	0.42	0	0	0.5
94200	0.5	0.42	0.42	0	0	0.5
94300	0.5	0.42	0.42	0	0	0.5
94400	0.5	0.42	0.42	0	0	0.5
94500	0.5	0.42	0.42	0	0	0.5
94600	0.5	0.42	0.42	0	0	0.5
94700	0.5	0.42	0.42	0	0	0.5
94800	0.5	0.42	0.42	0	0	0.5
94900	0.5	0.4	0.4	0	0	0.5
95000	0.5	0.4	0.4	0	0	0.5
95100	0.5	0.4	0.4	0	0	0.5
95200	0.5	0.4	0.4	0	0	0.5
95300	0.5	0.4	0.4	0	0	0.5
95400	0.5	0.4	0.4	0	0	0.5
95500	0.5	0.4	0.4	0	0	0.5
95600	0.5	0.42	0.42	0	0	0.5
95700	0.5	0.42	0.42	0	0	0.5
95800	0.5	0.42	0.42	0	0	0.5
95900	0.5	0.42	0.42	0	0	0.5
96000	0.5	0.42	0.42	0	0	0.5
96100	0.5	0.42	0.42	0	0	0.5
96200	0.5	0.42	0.42	0	0	0.5
96300	0.5	0.42	0.42	0	0	0.5
96400	0.5	0.42	0.42	0	0	0.5
96500	0.5	0.44	0.44	0	0	0.5
96600	0.5	0.44	0.44	0	0	0.5
96700	0.5	0.44	0.44	0	0	0.5
96800	0.5	0.44	0.44	0	0	0.5
96900	0.5	0.44	0.44	0	0	0.5
97000	0.5	0.44	0.44	0	0	0.5
97100	0.5	0.44	0.44	0	0	0.5
97200	0.5	0.44	0.44	0	0	0.5
97300	0.5	0.44	0.44	0	0	0.5
97400	0.5	0.44	0.44	0	0	0.5
97500	0.5	0.44	0.44	0	0	0.5
97600	0.5	0.44	0.44	0	0	0.5
97700	0.5	0.44	0.44	0	0	0.5
97800	0.5	0.44	0.44	0	0	0.5
97900	0.5	0.44	0.44	0	0	0.5
98000	0.5	0.44	0.44	0	0	0.5
98100	0.5	0.44	0.44	0	0	0.5
98200	0.5	0.44	0.44	0	0	0.5
98300	0.5	0.44	0.44	0	0	0.5
98400	0.5	0.44	0.44	0	0	0.5
98500	0.5	0.44	0.44	0	0	0.5
98600	0.5	0.44	0.44	0	0	0.5
98700	0.5	0.44	0.44	0	0	0.5
98800	0.48	0.44	0.44	0	0	0.48
98900	0.48	0.44	0.44	0	0	0.48
99000	0.48	0.44	0.44	0	0	0.48
99100	0.48	0.44	0.44	0	0	0.48
99200	0.48	0.44	0.44	0	0	0.48
99300	0.48	0.44	0.44	0	0	0.48
99400	0.48	0.44	0.44	0	0	0.48
99500	0.48	0.44	0.44	0	0	0.48
99600	0.48	0.44	0.44	0	0	0.48
99700	0.48	0.44	0.44	0	0	0.48
99800	0.48	0.44	0.44	0	0	0.48
99900	0.48	0.44	0.44	0	0	0.48
100000	0.48	0.44	0.44	0	0	0.48
