100	0.14	0.18	0.18	0	0	0.14
200	0.22	0.2	0.2	0	0	0.22
300	0.24	0.2	0.2	0	0	0.24
400	0.24	0.22	0.22	0	0	0.24
500	0.24	0.24	0.24	0	0	0.24
600	0.24	0.24	0.24	0	0	0.24
700	0.24	0.26	0.26	0	0	0.24
800	0.24	0.26	0.26	0	0	0.24
900	0.28	0.28	0.28	0	0	0.28
1000	0.3	0.28	0.28	0	0	0.3
1100	0.3	0.3	0.3	0	0	0.3
1200	0.3	0.32	0.32	0	0	0.3
1300	0.3	0.32	0.32	0	0	0.3
1400	0.3	0.32	0.32	0	0	0.3
1500	0.3	0.34	0.34	0	0	0.3
1600	0.32	0.36	0.36	0	0	0.32
1700	0.32	0.36	0.36	0	0	0.32
1800	0.32	0.36	0.36	0	0	0.32
1900	0.32	0.36	0.36	0	0	0.32
2000	0.32	0.36	0.36	0	0	0.32
2100	0.32	0.36	0.36	0	0	0.32
2200	0.32	0.36	0.36	0	0	0.32
2300	0.34	0.36	0.36	0	0	0.34
2400	0.36	0.38	0.38	0	0	0.36
2500	0.36	0.38	0.38	0	0	0.36
2600	0.34	0.38	0.38	0	0	0.34
2700	0.34	0.4	0.4	0	0	0.34
2800	0.34	0.38	0.38	0	0	0.34
2900	0.34	0.38	0.38	0	0	0.34
3000	0.34	0.38	0.38	0	0	0.34
3100	0.34	0.38	0.38	0	0	0.34
3200	0.34	0.38	0.38	0	0	0.34
3300	0.34	0.38	0.38	0	0	0.34
3400	0.36	0.38	0.38	0	0	0.36
3500	0.38	0.4	0.4	0	0	0.38
3600	0.38	0.4	0.4	0	0	0.38
3700	0.38	0.4	0.4	0	0	0.38
3800	0.38	0.42	0.42	0	0	0.38
3900	0.38	0.42	0.42	0	0	0.38
4000	0.38	0.42	0.42	0	0	0.38
4100	0.38	0.42	0.42	0	0	0.38
4200	0.38	0.42	0.42	0	0	0.38
4300	0.38	0.42	0.42	0	0	0.38
4400	0.38	0.44	0.44	0	0	0.38
4500	0.38	0.42	0.42	0	0	0.38
4600	0.38	0.44	0.44	0	0	0.38
4700	0.38	0.44	0.44	0	0	0.38
4800	0.38	0.44	0.44	0	0	0.38
4900	0.38	0.44	0.44	0	0	0.38
5000	0.38	0.44	0.44	0	0	0.38
5100	0.38	0.42	0.42	0	0	0.38
5200	0.4	0.42	0.42	0	0	0.4
5300	0.4	0.4	0.4	0	0	0.4
5400	0.4	0.4	0.4	0	0	0.4
5500	0.4	0.4	0.4	0	0	0.4
5600	0.4	0.4	0.4	0	0	0.4
5700	0.42	0.4	0.4	0	0	0.42
5800	0.42	0.4	0.4	0	0	0.42
5900	0.42	0.4	0.4	0	0	0.42
6000	0.42	0.4	0.4	0	0	0.42
6100	0.42	0.4	0.4	0	0	0.42
6200	0.42	0.4	0.4	0	0	0.42
6300	0.42	0.42	0.42	0	0	0.42
6400	0.42	0.4	0.4	0	0	0.42
6500	0.42	0.4	0.4	0	0	0.42
6600	0.42	0.4	0.4	0	0	0.42
6700	0.42	0.4	0.4	0	0	0.42
6800	0.42	0.4	0.4	0	0	0.42
6900	0.42	0.4	0.4	0	0	0.42
7000	0.42	0.4	0.4	0	0	0.42
7100	0.44	0.4	0.4	0	0	0.44
7200	0.46	0.4	0.4	0	0	0.46
7300	0.46	0.4	0.4	0	0	0.46
7400	0.44	0.38	0.38	0	0	0.44
7500	0.46	0.36	0.36	0	0	0.46
7600	0.44	0.36	0.36	0	0	0.44
7700	0.44	0.36	0.36	0	0	0.44
7800	0.44	0.36	0.36	0	0	0.44
7900	0.44	0.36	0.36	0	0	0.44
8000	0.44	0.36	0.36	0	0	0.44
8100	0.44	0.36	0.36	0	0	0.44
8200	0.42	0.36	0.36	0	0	0.42
8300	0.42	0.36	0.36	0	0	0.42
8400	0.42	0.36	0.36	0	0	0.42
8500	0.42	0.36	0.36	0	0	0.42
8600	0.42	0.36	0.36	0	0	0.42
8700	0.42	0.36	0.36	0	0	0.42
8800	0.42	0.36	0.36	0	0	0.42
8900	0.42	0.36	0.36	0	0	0.42
9000	0.42	0.36	0.36	0	0	0.42
9100	0.44	0.38	0.38	0	0	0.44
9200	0.44	0.4	0.4	0	0	0.44
9300	0.42	0.4	0.4	0	0	0.42
9400	0.42	0.4	0.4	0	0	0.42
9500	0.42	0.4	0.4	0	0	0.42
9600	0.42	0.4	0.4	0	0	0.42
9700	0.42	0.4	0.4	0	0	0.42
9800	0.42	0.4	0.4	0	0	0.42
9900	0.42	0.4	0.4	0	0	0.42
10000	0.44	0.4	0.4	0	0	0.44
10100	0.44	0.4	0.4	0	0	0.44
10200	0.44	0.4	0.4	0	0	0.44
10300	0.44	0.4	0.4	0	0	0.44
10400	0.44	0.4	0.4	0	0	0.44
10500	0.46	0.4	0.4	0	0	0.46
10600	0.48	0.4	0.4	0	0	0.48
10700	0.48	0.4	0.4	0	0	0.48
10800	0.46	0.4	0.4	0	0	0.46
10900	0.46	0.4	0.4	0	0	0.46
11000	0.46	0.42	0.42	0	0	0.46
11100	0.46	0.4	0.4	0	0	0.46
11200	0.46	0.4	0.4	0	0	0.46
11300	0.46	0.4	0.4	0	0	0.46
11400	0.46	0.4	0.4	0	0	0.46
11500	0.44	0.4	0.4	0	0	0.44
11600	0.44	0.4	0.4	0	0	0.44
11700	0.44	0.4	0.4	0	0	0.44
11800	0.44	0.4	0.4	0	0	0.44
11900	0.44	0.4	0.4	0	0	0.44
12000	0.44	0.42	0.42	0	0	0.44
12100	0.44	0.44	0.44	0	0	0.44
12200	0.44	0.44	0.44	0	0	0.44
12300	0.44	0.44	0.44	0	0	0.44
12400	0.44	0.44	0.44	0	0	0.44
12500	0.44	0.44	0.44	0	0	0.44
12600	0.44	0.44	0.44	0	0	0.44
12700	0.44	0.44	0.44	0	0	0.44
12800	0.44	0.44	0.44	0	0	0.44
12900	0.44	0.44	0.44	0	0	0.44
13000	0.44	0.44	0.44	0	0	0.44
13100	0.44	0.44	0.44	0	0	0.44
13200	0.44	0.44	0.44	0	0	0.44
13300	0.44	0.44	0.44	0	0	0.44
13400	0.44	0.44	0.44	0	0	0.44
13500	0.44	0.44	0.44	0	0	0.44
13600	0.44	0.44	0.44	0	0	0.44
13700	0.44	0.42	0.42	0	0	0.44
13800	0.44	0.42	0.42	0	0	0.44
13900	0.46	0.42	0.42	0	0	0.46
14000	0.46	0.42	0.42	0	0	0.46
14100	0.46	0.42	0.42	0	0	0.46
14200	0.46	0.42	0.42	0	0	0.46
14300	0.46	0.42	0.42	0	0	0.46
14400	0.46	0.44	0.44	0	0	0.46
14500	0.46	0.44	0.44	0	0	0.46
14600	0.46	0.44	0.44	0	0	0.46
14700	0.46	0.44	0.44	0	0	0.46
14800	0.46	0.44	0.44	0	0	0.46
14900	0.46	0.44	0.44	0	0	0.46
15000	0.46	0.44	0.44	0	0	0.46
15100	0.46	0.44	0.44	0	0	0.46
15200	0.46	0.44	0.44	0	0	0.46
15300	0.46	0.44	0.44	0	0	0.46
15400	0.46	0.44	0.44	0	0	0.46
15500	0.46	0.44	0.44	0	0	0.46
15600	0.48	0.44	0.44	0	0	0.48
15700	0.48	0.44	0.44	0	0	0.48
15800	0.44	0.44	0.44	0	0	0.44
15900	0.44	0.44	0.44	0	0	0.44
16000	0.44	0.44	0.44	0	0	0.44
16100	0.44	0.44	0.44	0	0	0.44
16200	0.44	0.44	0.44	0	0	0.44
16300	0.44	0.44	0.44	0	0	0.44
16400	0.46	0.44	0.44	0	0	0.46
16500	0.46	0.44	0.44	0	0	0.46
16600	0.46	0.44	0.44	0	0	0.46
16700	0.46	0.44	0.44	0	0	0.46
16800	0.46	0.44	0.44	0	0	0.46
16900	0.44	0.44	0.44	0	0	0.44
17000	0.42	0.44	0.44	0	0	0.42
17100	0.44	0.44	0.44	0	0	0.44
17200	0.44	0.44	0.44	0	0	0.44
17300	0.44	0.42	0.42	0	0	0.44
17400	0.44	0.42	0.42	0	0	0.44
17500	0.46	0.42	0.42	0	0	0.46
17600	0.46	0.42	0.42	0	0	0.46
17700	0.46	0.42	0.42	0	0	0.46
17800	0.44	0.42	0.42	0	0	0.44
17900	0.44	0.42	0.42	0	0	0.44
18000	0.44	0.42	0.42	0	0	0.44
18100	0.42	0.42	0.42	0	0	0.42
18200	0.4	0.42	0.42	0	0	0.4
18300	0.4	0.42	0.42	0	0	0.4
18400	0.4	0.44	0.44	0	0	0.4
18500	0.4	0.44	0.44	0	0	0.4
18600	0.4	0.44	0.44	0	0	0.4
18700	0.4	0.44	0.44	0	0	0.4
18800	0.4	0.44	0.44	0	0	0.4
18900	0.4	0.44	0.44	0	0	0.4
19000	0.4	0.44	0.44	0	0	0.4
19100	0.4	0.44	0.44	0	0	0.4
19200	0.42	0.48	0.48	0	0	0.42
19300	0.42	0.48	0.48	0	0	0.42
19400	0.44	0.48	0.48	0	0	0.44
19500	0.44	0.48	0.48	0	0	0.44
19600	0.42	0.46	0.46	0	0	0.42
19700	0.42	0.46	0.46	0	0	0.42
19800	0.42	0.46	0.46	0	0	0.42
19900	0.42	0.46	0.46	0	0	0.42
20000	0.44	0.46	0.46	0	0	0.44
20100	0.44	0.46	0.46	0	0	0.44
20200	0.44	0.46	0.46	0	0	0.44
20300	0.44	0.46	0.46	0	0	0.44
20400	0.44	0.46	0.46	0	0	0.44
20500	0.44	0.46	0.46	0	0	0.44
20600	0.44	0.46	0.46	0	0	0.44
20700	0.44	0.46	0.46	0	0	0.44
20800	0.44	0.46	0.46	0	0	0.44
20900	0.44	0.46	0.46	0	0	0.44
21000	0.44	0.46	0.46	0	0	0.44
21100	0.44	0.46	0.46	0	0	0.44
21200	0.44	0.46	0.46	0	0	0.44
21300	0.44	0.46	0.46	0	0	0.44
21400	0.44	0.46	0.46	0	0	0.44
21500	0.44	0.46	0.46	0	0	0.44
21600	0.44	0.44	0.44	0	0	0.44
21700	0.44	0.44	0.44	0	0	0.44
21800	0.44	0.44	0.44	0	0	0.44
21900	0.44	0.44	0.44	0	0	0.44
22000	0.44	0.46	0.46	0	0	0.44
22100	0.44	0.46	0.46	0	0	0.44
22200	0.44	0.46	0.46	0	0	0.44
22300	0.44	0.46	0.46	0	0	0.44
22400	0.44	0.46	0.46	0	0	0.44
22500	0.44	0.46	0.46	0	0	0.44
22600	0.44	0.48	0.48	0	0	0.44
22700	0.44	0.48	0.48	0	0	0.44
22800	0.44	0.48	0.48	0	0	0.44
22900	0.44	0.48	0.48	0	0	0.44
23000	0.44	0.5	0.5	0	0	0.44
23100	0.44	0.5	0.5	0	0	0.44
23200	0.44	0.5	0.5	0	0	0.44
23300	0.44	0.5	0.5	0	0	0.44
23400	0.44	0.5	0.5	0	0	0.44
23500	0.44	0.5	0.5	0	0	0.44
23600	0.44	0.5	0.5	0	0	0.44
23700	0.44	0.5	0.5	0	0	0.44
23800	0.44	0.5	0.5	0	0	0.44
23900	0.44	0.5	0.5	0	0	0.44
24000	0.44	0.5	0.5	0	0	0.44
24100	0.44	0.5	0.5	0	0	0.44
24200	0.44	0.5	0.5	0	0	0.44
24300	0.44	0.5	0.5	0	0	0.44
24400	0.44	0.5	0.5	0	0	0.44
24500	0.44	0.5	0.5	0	0	0.44
24600	0.44	0.5	0.5	0	0	0.44
24700	0.44	0.5	0.5	0	0	0.44
24800	0.44	0.5	0.5	0	0	0.44
24900	0.44	0.5	0.5	0	0	0.44
25000	0.44	0.5	0.5	0	0	0.44
25100	0.44	0.5	0.5	0	0	0.44
25200	0.44	0.5	0.5	0	0	0.44
25300	0.44	0.5	0.5	0	0	0.44
25400	0.46	0.5	0.5	0	0	0.46
25500	0.44	0.52	0.52	0	0	0.44
25600	0.44	0.52	0.52	0	0	0.44
25700	0.44	0.52	0.52	0	0	0.44
25800	0.44	0.52	0.52	0	0	0.44
25900	0.44	0.52	0.52	0	0	0.44
26000	0.44	0.52	0.52	0	0	0.44
26100	0.44	0.52	0.52	0	0	0.44
26200	0.44	0.52	0.52	0	0	0.44
26300	0.44	0.52	0.52	0	0	0.44
26400	0.44	0.52	0.52	0	0	0.44
26500	0.44	0.52	0.52	0	0	0.44
26600	0.42	0.52	0.52	0	0	0.42
26700	0.42	0.52	0.52	0	0	0.42
26800	0.42	0.52	0.52	0	0	0.42
26900	0.42	0.52	0.52	0	0	0.42
27000	0.42	0.52	0.52	0	0	0.42
27100	0.42	0.52	0.52	0	0	0.42
27200	0.42	0.52	0.52	0	0	0.42
27300	0.42	0.52	0.52	0	0	0.42
27400	0.42	0.52	0.52	0	0	0.42
27500	0.42	0.52	0.52	0	0	0.42
27600	0.42	0.5	0.5	0	0	0.42
27700	0.42	0.5	0.5	0	0	0.42
27800	0.42	0.5	0.5	0	0	0.42
27900	0.42	0.5	0.5	0	0	0.42
28000	0.42	0.5	0.5	0	0	0.42
28100	0.42	0.5	0.5	0	0	0.42
28200	0.42	0.5	0.5	0	0	0.42
28300	0.42	0.5	0.5	0	0	0.42
28400	0.42	0.5	0.5	0	0	0.42
28500	0.42	0.5	0.5	0	0	0.42
28600	0.42	0.5	0.5	0	0	0.42
28700	0.42	0.5	0.5	0	0	0.42
28800	0.42	0.5	0.5	0	0	0.42
28900	0.42	0.5	0.5	0	0	0.42
29000	0.42	0.5	0.5	0	0	0.42
29100	0.42	0.5	0.5	0	0	0.42
29200	0.4	0.52	0.52	0	0	0.4
29300	0.4	0.52	0.52	0	0	0.4
29400	0.4	0.52	0.52	0	0	0.4
29500	0.4	0.52	0.52	0	0	0.4
29600	0.4	0.52	0.52	0	0	0.4
29700	0.4	0.52	0.52	0	0	0.4
29800	0.4	0.54	0.54	0	0	0.4
29900	0.4	0.54	0.54	0	0	0.4
30000	0.4	0.54	0.54	0	0	0.4
30100	0.4	0.54	0.54	0	0	0.4
30200	0.4	0.54	0.54	0	0	0.4
30300	0.4	0.54	0.54	0	0	0.4
30400	0.4	0.54	0.54	0	0	0.4
30500	0.4	0.54	0.54	0	0	0.4
30600	0.4	0.54	0.54	0	0	0.4
30700	0.4	0.54	0.54	0	0	0.4
30800	0.4	0.54	0.54	0	0	0.4
30900	0.4	0.56	0.56	0	0	0.4
31000	0.4	0.54	0.54	0	0	0.4
31100	0.4	0.56	0.56	0	0	0.4
31200	0.4	0.56	0.56	0	0	0.4
31300	0.4	0.56	0.56	0	0	0.4
31400	0.4	0.56	0.56	0	0	0.4
31500	0.4	0.56	0.56	0	0	0.4
31600	0.4	0.56	0.56	0	0	0.4
31700	0.4	0.56	0.56	0	0	0.4
31800	0.4	0.56	0.56	0	0	0.4
31900	0.4	0.56	0.56	0	0	0.4
32000	0.4	0.56	0.56	0	0	0.4
32100	0.4	0.56	0.56	0	0	0.4
32200	0.4	0.54	0.54	0	0	0.4
32300	0.4	0.54	0.54	0	0	0.4
32400	0.4	0.54	0.54	0	0	0.4
32500	0.4	0.54	0.54	0	0	0.4
32600	0.4	0.52	0.52	0	0	0.4
32700	0.4	0.54	0.54	0	0	0.4
32800	0.4	0.54	0.54	0	0	0.4
32900	0.4	0.54	0.54	0	0	0.4
33000	0.4	0.54	0.54	0	0	0.4
33100	0.4	0.54	0.54	0	0	0.4
33200	0.4	0.54	0.54	0	0	0.4
33300	0.4	0.54	0.54	0	0	0.4
33400	0.4	0.54	0.54	0	0	0.4
33500	0.4	0.54	0.54	0	0	0.4
33600	0.4	0.54	0.54	0	0	0.4
33700	0.4	0.56	0.56	0	0	0.4
33800	0.4	0.56	0.56	0	0	0.4
33900	0.4	0.56	0.56	0	0	0.4
34000	0.4	0.56	0.56	0	0	0.4
34100	0.4	0.56	0.56	0	0	0.4
34200	0.4	0.56	0.56	0	0	0.4
34300	0.4	0.56	0.56	0	0	0.4
34400	0.4	0.56	0.56	0	0	0.4
34500	0.4	0.56	0.56	0	0	0.4
34600	0.4	0.54	0.54	0	0	0.4
34700	0.4	0.54	0.54	0	0	0.4
34800	0.4	0.54	0.54	0	0	0.4
34900	0.4	0.54	0.54	0	0	0.4
35000	0.4	0.54	0.54	0	0	0.4
35100	0.4	0.54	0.54	0	0	0.4
35200	0.4	0.54	0.54	0	0	0.4
35300	0.4	0.54	0.54	0	0	0.4
35400	0.4	0.54	0.54	0	0	0.4
35500	0.4	0.54	0.54	0	0	0.4
35600	0.4	0.54	0.54	0	0	0.4
35700	0.4	0.54	0.54	0	0	0.4
35800	0.4	0.54	0.54	0	0	0.4
35900	0.42	0.54	0.54	0	0	0.42
36000	0.42	0.54	0.54	0	0	0.42
36100	0.42	0.54	0.54	0	0	0.42
36200	0.42	0.54	0.54	0	0	0.42
36300	0.42	0.54	0.54	0	0	0.42
36400	0.42	0.54	0.54	0	0	0.42
36500	0.42	0.54	0.54	0	0	0.42
36600	0.42	0.54	0.54	0	0	0.42
36700	0.42	0.54	0.54	0	0	0.42
36800	0.42	0.54	0.54	0	0	0.42
36900	0.42	0.54	0.54	0	0	0.42
37000	0.42	0.54	0.54	0	0	0.42
37100	0.42	0.54	0.54	0	0	0.42
37200	0.42	0.54	0.54	0	0	0.42
37300	0.42	0.54	0.54	0	0	0.42
37400	0.42	0.54	0.54	0	0	0.42
37500	0.42	0.54	0.54	0	0	0.42
37600	0.42	0.54	0.54	0	0	0.42
37700	0.42	0.54	0.54	0	0	0.42
37800	0.42	0.54	0.54	0	0	0.42
37900	0.42	0.54	0.54	0	0	0.42
38000	0.42	0.54	0.54	0	0	0.42
38100	0.42	0.54	0.54	0	0	0.42
38200	0.42	0.54	0.54	0	0	0.42
38300	0.42	0.54	0.54	0	0	0.42
38400	0.42	0.54	0.54	0	0	0.42
38500	0.42	0.54	0.54	0	0	0.42
38600	0.42	0.54	0.54	0	0	0.42
38700	0.42	0.54	0.54	0	0	0.42
38800	0.42	0.54	0.54	0	0	0.42
38900	0.42	0.54	0.54	0	0	0.42
39000	0.42	0.54	0.54	0	0	0.42
39100	0.4	0.54	0.54	0	0	0.4
39200	0.4	0.52	0.52	0	0	0.4
39300	0.4	0.52	0.52	0	0	0.4
39400	0.4	0.52	0.52	0	0	0.4
39500	0.4	0.52	0.52	0	0	0.4
39600	0.4	0.52	0.52	0	0	0.4
39700	0.4	0.54	0.54	0	0	0.4
39800	0.4	0.52	0.52	0	0	0.4
39900	0.4	0.52	0.52	0	0	0.4
40000	0.4	0.52	0.52	0	0	0.4
40100	0.4	0.52	0.52	0	0	0.4
40200	0.4	0.52	0.52	0	0	0.4
40300	0.4	0.52	0.52	0	0	0.4
40400	0.4	0.52	0.52	0	0	0.4
40500	0.4	0.52	0.52	0	0	0.4
40600	0.4	0.52	0.52	0	0	0.4
40700	0.4	0.52	0.52	0	0	0.4
40800	0.4	0.52	0.52	0	0	0.4
40900	0.4	0.52	0.52	0	0	0.4
41000	0.4	0.52	0.52	0	0	0.4
41100	0.4	0.52	0.52	0	0	0.4
41200	0.4	0.56	0.56	0	0	0.4
41300	0.4	0.56	0.56	0	0	0.4
41400	0.4	0.56	0.56	0	0	0.4
41500	0.4	0.56	0.56	0	0	0.4
41600	0.4	0.56	0.56	0	0	0.4
41700	0.4	0.56	0.56	0	0	0.4
41800	0.4	0.56	0.56	0	0	0.4
41900	0.4	0.56	0.56	0	0	0.4
42000	0.4	0.56	0.56	0	0	0.4
42100	0.4	0.56	0.56	0	0	0.4
42200	0.4	0.56	0.56	0	0	0.4
42300	0.4	0.56	0.56	0	0	0.4
42400	0.4	0.56	0.56	0	0	0.4
42500	0.4	0.56	0.56	0	0	0.4
42600	0.4	0.56	0.56	0	0	0.4
42700	0.4	0.56	0.56	0	0	0.4
42800	0.4	0.56	0.56	0	0	0.4
42900	0.4	0.56	0.56	0	0	0.4
43000	0.4	0.56	0.56	0	0	0.4
43100	0.4	0.56	0.56	0	0	0.4
43200	0.4	0.56	0.56	0	0	0.4
43300	0.4	0.56	0.56	0	0	0.4
43400	0.4	0.56	0.56	0	0	0.4
43500	0.4	0.56	0.56	0	0	0.4
43600	0.4	0.56	0.56	0	0	0.4
43700	0.4	0.56	0.56	0	0	0.4
43800	0.4	0.56	0.56	0	0	0.4
43900	0.4	0.56	0.56	0	0	0.4
44000	0.42	0.56	0.56	0	0	0.42
44100	0.4	0.56	0.56	0	0	0.4
44200	0.4	0.56	0.56	0	0	0.4
44300	0.4	0.56	0.56	0	0	0.4
44400	0.4	0.56	0.56	0	0	0.4
44500	0.4	0.56	0.56	0	0	0.4
44600	0.4	0.56	0.56	0	0	0.4
44700	0.4	0.56	0.56	0	0	0.4
44800	0.4	0.56	0.56	0	0	0.4
44900	0.4	0.56	0.56	0	0	0.4
45000	0.4	0.56	0.56	0	0	0.4
45100	0.4	0.56	0.56	0	0	0.4
45200	0.4	0.56	0.56	0	0	0.4
45300	0.4	0.56	0.56	0	0	0.4
45400	0.4	0.56	0.56	0	0	0.4
45500	0.4	0.56	0.56	0	0	0.4
45600	0.4	0.56	0.56	0	0	0.4
45700	0.4	0.56	0.56	0	0	0.4
45800	0.4	0.54	0.54	0	0	0.4
45900	0.4	0.54	0.54	0	0	0.4
46000	0.4	0.54	0.54	0	0	0.4
46100	0.4	0.54	0.54	0	0	0.4
46200	0.4	0.54	0.54	0	0	0.4
46300	0.4	0.54	0.54	0	0	0.4
46400	0.4	0.54	0.54	0	0	0.4
46500	0.4	0.56	0.56	0	0	0.4
46600	0.4	0.56	0.56	0	0	0.4
46700	0.4	0.56	0.56	0	0	0.4
46800	0.4	0.56	0.56	0	0	0.4
46900	0.4	0.56	0.56	0	0	0.4
47000	0.4	0.56	0.56	0	0	0.4
47100	0.4	0.56	0.56	0	0	0.4
47200	0.4	0.56	0.56	0	0	0.4
47300	0.42	0.56	0.56	0	0	0.42
47400	0.42	0.56	0.56	0	0	0.42
47500	0.42	0.56	0.56	0	0	0.42
47600	0.42	0.58	0.58	0	0	0.42
47700	0.42	0.58	0.58	0	0	0.42
47800	0.42	0.58	0.58	0	0	0.42
47900	0.42	0.56	0.56	0	0	0.42
48000	0.42	0.56	0.56	0	0	0.42
48100	0.42	0.56	0.56	0	0	0.42
48200	0.42	0.56	0.56	0	0	0.42
48300	0.42	0.56	0.56	0	0	0.42
48400	0.42	0.56	0.56	0	0	0.42
48500	0.42	0.56	0.56	0	0	0.42
48600	0.42	0.56	0.56	0	0	0.42
48700	0.42	0.56	0.56	0	0	0.42
48800	0.42	0.56	0.56	0	0	0.42
48900	0.42	0.56	0.56	0	0	0.42
49000	0.42	0.56	0.56	0	0	0.42
49100	0.42	0.56	0.56	0	0	0.42
49200	0.42	0.56	0.56	0	0	0.42
49300	0.42	0.56	0.56	0	0	0.42
49400	0.42	0.56	0.56	0	0	0.42
49500	0.42	0.56	0.56	0	0	0.42
49600	0.42	0.56	0.56	0	0	0.42
49700	0.42	0.56	0.56	0	0	0.42
49800	0.42	0.56	0.56	0	0	0.42
49900	0.42	0.56	0.56	0	0	0.42
50000	0.42	0.56	0.56	0	0	0.42
50100	0.42	0.56	0.56	0	0	0.42
50200	0.42	0.56	0.56	0	0	0.42
50300	0.42	0.56	0.56	0	0	0.42
50400	0.42	0.56	0.56	0	0	0.42
50500	0.42	0.56	0.56	0	0	0.42
50600	0.42	0.56	0.56	0	0	0.42
50700	0.42	0.56	0.56	0	0	0.42
50800	0.42	0.56	0.56	0	0	0.42
50900	0.42	0.56	0.56	0	0	0.42
51000	0.42	0.56	0.56	0	0	0.42
51100	0.42	0.56	0.56	0	0	0.42
51200	0.42	0.56	0.56	0	0	0.42
51300	0.42	0.56	0.56	0	0	0.42
51400	0.42	0.56	0.56	0	0	0.42
51500	0.42	0.56	0.56	0	0	0.42
51600	0.42	0.56	0.56	0	0	0.42
51700	0.42	0.56	0.56	0	0	0.42
51800	0.42	0.56	0.56	0	0	0.42
51900	0.42	0.56	0.56	0	0	0.42
52000	0.42	0.56	0.56	0	0	0.42
52100	0.42	0.56	0.56	0	0	0.42
52200	0.42	0.56	0.56	0	0	0.42
52300	0.42	0.56	0.56	0	0	0.42
52400	0.42	0.56	0.56	0	0	0.42
52500	0.42	0.56	0.56	0	0	0.42
52600	0.42	0.56	0.56	0	0	0.42
52700	0.42	0.56	0.56	0	0	0.42
52800	0.42	0.56	0.56	0	0	0.42
52900	0.42	0.56	0.56	0	0	0.42
53000	0.42	0.56	0.56	0	0	0.42
53100	0.42	0.56	0.56	0	0	0.42
53200	0.42	0.56	0.56	0	0	0.42
53300	0.4	0.56	0.56	0	0	0.4
53400	0.4	0.56	0.56	0	0	0.4
53500	0.4	0.56	0.56	0	0	0.4
53600	0.4	0.56	0.56	0	0	0.4
53700	0.4	0.56	0.56	0	0	0.4
53800	0.4	0.56	0.56	0	0	0.4
53900	0.4	0.56	0.56	0	0	0.4
54000	0.4	0.56	0.56	0	0	0.4
54100	0.4	0.56	0.56	0	0	0.4
54200	0.4	0.56	0.56	0	0	0.4
54300	0.4	0.56	0.56	0	0	0.4
54400	0.4	0.56	0.56	0	0	0.4
54500	0.4	0.56	0.56	0	0	0.4
54600	0.4	0.56	0.56	0	0	0.4
54700	0.4	0.56	0.56	0	0	0.4
54800	0.42	0.56	0.56	0	0	0.42
54900	0.42	0.56	0.56	0	0	0.42
55000	0.42	0.56	0.56	0	0	0.42
55100	0.42	0.56	0.56	0	0	0.42
55200	0.42	0.56	0.56	0	0	0.42
55300	0.42	0.56	0.56	0	0	0.42
55400	0.44	0.54	0.54	0	0	0.44
55500	0.44	0.54	0.54	0	0	0.44
55600	0.44	0.54	0.54	0	0	0.44
55700	0.44	0.54	0.54	0	0	0.44
55800	0.44	0.52	0.52	0	0	0.44
55900	0.44	0.52	0.52	0	0	0.44
56000	0.44	0.52	0.52	0	0	0.44
56100	0.44	0.52	0.52	0	0	0.44
56200	0.44	0.52	0.52	0	0	0.44
56300	0.44	0.52	0.52	0	0	0.44
56400	0.44	0.52	0.52	0	0	0.44
56500	0.44	0.52	0.52	0	0	0.44
56600	0.44	0.52	0.52	0	0	0.44
56700	0.44	0.52	0.52	0	0	0.44
56800	0.44	0.52	0.52	0	0	0.44
56900	0.44	0.52	0.52	0	0	0.44
57000	0.44	0.52	0.52	0	0	0.44
57100	0.44	0.52	0.52	0	0	0.44
57200	0.44	0.52	0.52	0	0	0.44
57300	0.44	0.52	0.52	0	0	0.44
57400	0.44	0.52	0.52	0	0	0.44
57500	0.46	0.52	0.52	0	0	0.46
57600	0.44	0.52	0.52	0	0	0.44
57700	0.44	0.52	0.52	0	0	0.44
57800	0.44	0.52	0.52	0	0	0.44
57900	0.44	0.52	0.52	0	0	0.44
58000	0.44	0.52	0.52	0	0	0.44
58100	0.44	0.52	0.52	0	0	0.44
58200	0.44	0.5	0.5	0	0	0.44
58300	0.44	0.5	0.5	0	0	0.44
58400	0.44	0.5	0.5	0	0	0.44
58500	0.44	0.5	0.5	0	0	0.44
58600	0.44	0.5	0.5	0	0	0.44
58700	0.44	0.5	0.5	0	0	0.44
58800	0.44	0.5	0.5	0	0	0.44
58900	0.44	0.5	0.5	0	0	0.44
59000	0.44	0.5	0.5	0	0	0.44
59100	0.44	0.5	0.5	0	0	0.44
59200	0.44	0.5	0.5	0	0	0.44
59300	0.44	0.5	0.5	0	0	0.44
59400	0.44	0.5	0.5	0	0	0.44
59500	0.44	0.5	0.5	0	0	0.44
59600	0.44	0.5	0.5	0	0	0.44
59700	0.44	0.5	0.5	0	0	0.44
59800	0.44	0.5	0.5	0	0	0.44
59900	0.44	0.5	0.5	0	0	0.44
60000	0.44	0.48	0.48	0	0	0.44
60100	0.44	0.48	0.48	0	0	0.44
60200	0.44	0.48	0.48	0	0	0.44
60300	0.44	0.48	0.48	0	0	0.44
60400	0.44	0.5	0.5	0	0	0.44
60500	0.44	0.48	0.48	0	0	0.44
60600	0.44	0.5	0.5	0	0	0.44
60700	0.42	0.5	0.5	0	0	0.42
60800	0.42	0.48	0.48	0	0	0.42
60900	0.42	0.48	0.48	0	0	0.42
61000	0.42	0.48	0.48	0	0	0.42
61100	0.42	0.48	0.48	0	0	0.42
61200	0.42	0.48	0.48	0	0	0.42
61300	0.42	0.48	0.48	0	0	0.42
61400	0.42	0.48	0.48	0	0	0.42
61500	0.42	0.48	0.48	0	0	0.42
61600	0.42	0.48	0.48	0	0	0.42
61700	0.42	0.48	0.48	0	0	0.42
61800	0.42	0.48	0.48	0	0	0.42
61900	0.42	0.48	0.48	0	0	0.42
62000	0.42	0.48	0.48	0	0	0.42
62100	0.42	0.48	0.48	0	0	0.42
62200	0.42	0.48	0.48	0	0	0.42
62300	0.42	0.48	0.48	0	0	0.42
62400	0.42	0.48	0.48	0	0	0.42
62500	0.42	0.48	0.48	0	0	0.42
62600	0.46	0.48	0.48	0	0	0.46
62700	0.46	0.48	0.48	0	0	0.46
62800	0.46	0.48	0.48	0	0	0.46
62900	0.46	0.48	0.48	0	0	0.46
63000	0.46	0.46	0.46	0	0	0.46
63100	0.46	0.46	0.46	0	0	0.46
63200	0.46	0.46	0.46	0	0	0.46
63300	0.46	0.46	0.46	0	0	0.46
63400	0.46	0.46	0.46	0	0	0.46
63500	0.46	0.46	0.46	0	0	0.46
63600	0.46	0.46	0.46	0	0	0.46
63700	0.46	0.46	0.46	0	0	0.46
63800	0.46	0.46	0.46	0	0	0.46
63900	0.48	0.46	0.46	0	0	0.48
64000	0.48	0.46	0.46	0	0	0.48
64100	0.48	0.46	0.46	0	0	0.48
64200	0.48	0.46	0.46	0	0	0.48
64300	0.48	0.46	0.46	0	0	0.48
64400	0.48	0.46	0.46	0	0	0.48
64500	0.48	0.46	0.46	0	0	0.48
64600	0.48	0.46	0.46	0	0	0.48
64700	0.48	0.46	0.46	0	0	0.48
64800	0.48	0.46	0.46	0	0	0.48
64900	0.48	0.48	0.48	0	0	0.48
65000	0.48	0.48	0.48	0	0	0.48
65100	0.48	0.48	0.48	0	0	0.48
65200	0.48	0.5	0.5	0	0	0.48
65300	0.48	0.5	0.5	0	0	0.48
65400	0.48	0.5	0.5	0	0	0.48
65500	0.48	0.5	0.5	0	0	0.48
65600	0.48	0.5	0.5	0	0	0.48
65700	0.48	0.5	0.5	0	0	0.48
65800	0.48	0.5	0.5	0	0	0.48
65900	0.48	0.5	0.5	0	0	0.48
66000	0.48	0.5	0.5	0	0	0.48
66100	0.48	0.48	0.48	0	0	0.48
66200	0.48	0.48	0.48	0	0	0.48
66300	0.48	0.48	0.48	0	0	0.48
66400	0.48	0.48	0.48	0	0	0.48
66500	0.48	0.48	0.48	0	0	0.48
66600	0.48	0.48	0.48	0	0	0.48
66700	0.48	0.48	0.48	0	0	0.48
66800	0.48	0.48	0.48	0	0	0.48
66900	0.48	0.48	0.48	0	0	0.48
67000	0.48	0.48	0.48	0	0	0.48
67100	0.48	0.48	0.48	0	0	0.48
67200	0.48	0.48	0.48	0	0	0.48
67300	0.48	0.48	0.48	0	0	0.48
67400	0.48	0.48	0.48	0	0	0.48
67500	0.48	0.48	0.48	0	0	0.48
67600	0.5	0.48	0.48	0	0	0.5
67700	0.48	0.48	0.48	0	0	0.48
67800	0.48	0.48	0.48	0	0	0.48
67900	0.48	0.48	0.48	0	0	0.48
68000	0.48	0.48	0.48	0	0	0.48
68100	0.48	0.48	0.48	0	0	0.48
68200	0.48	0.48	0.48	0	0	0.48
68300	0.48	0.48	0.48	0	0	0.48
68400	0.48	0.48	0.48	0	0	0.48
68500	0.48	0.48	0.48	0	0	0.48
68600	0.48	0.48	0.48	0	0	0.48
68700	0.48	0.48	0.48	0	0	0.48
68800	0.48	0.48	0.48	0	0	0.48
68900	0.48	0.48	0.48	0	0	0.48
69000	0.48	0.48	0.48	0	0	0.48
69100	0.48	0.48	0.48	0	0	0.48
69200	0.48	0.48	0.48	0	0	0.48
69300	0.48	0.48	0.48	0	0	0.48
69400	0.48	0.48	0.48	0	0	0.48
69500	0.48	0.48	0.48	0	0	0.48
69600	0.48	0.48	0.48	0	0	0.48
69700	0.48	0.48	0.48	0	0	0.48
69800	0.48	0.48	0.48	0	0	0.48
69900	0.48	0.48	0.48	0	0	0.48
70000	0.48	0.48	0.48	0	0	0.48
70100	0.48	0.48	0.48	0	0	0.48
70200	0.48	0.48	0.48	0	0	0.48
70300	0.48	0.48	0.48	0	0	0.48
70400	0.48	0.48	0.48	0	0	0.48
70500	0.48	0.48	0.48	0	0	0.48
70600	0.48	0.46	0.46	0	0	0.48
70700	0.48	0.44	0.44	0	0	0.48
70800	0.48	0.44	0.44	0	0	0.48
70900	0.48	0.44	0.44	0	0	0.48
71000	0.48	0.44	0.44	0	0	0.48
71100	0.48	0.44	0.44	0	0	0.48
71200	0.48	0.44	0.44	0	0	0.48
71300	0.48	0.44	0.44	0	0	0.48
71400	0.48	0.44	0.44	0	0	0.48
71500	0.48	0.44	0.44	0	0	0.48
71600	0.48	0.44	0.44	0	0	0.48
71700	0.48	0.44	0.44	0	0	0.48
71800	0.48	0.44	0.44	0	0	0.48
71900	0.48	0.44	0.44	0	0	0.48
72000	0.48	0.44	0.44	0	0	0.48
72100	0.48	0.44	0.44	0	0	0.48
72200	0.46	0.44	0.44	0	0	0.46
72300	0.46	0.44	0.44	0	0	0.46
72400	0.46	0.46	0.46	0	0	0.46
72500	0.46	0.46	0.46	0	0	0.46
72600	0.44	0.46	0.46	0	0	0.44
72700	0.44	0.44	0.44	0	0	0.44
72800	0.44	0.44	0.44	0	0	0.44
72900	0.44	0.44	0.44	0	0	0.44
73000	0.44	0.44	0.44	0	0	0.44
73100	0.44	0.44	0.44	0	0	0.44
73200	0.44	0.44	0.44	0	0	0.44
73300	0.44	0.44	0.44	0	0	0.44
73400	0.44	0.44	0.44	0	0	0.44
73500	0.44	0.44	0.44	0	0	0.44
73600	0.44	0.44	0.44	0	0	0.44
73700	0.44	0.42	0.42	0	0	0.44
73800	0.44	0.42	0.42	0	0	0.44
73900	0.44	0.42	0.42	0	0	0.44
74000	0.44	0.42	0.42	0	0	0.44
74100	0.44	0.42	0.42	0	0	0.44
74200	0.44	0.42	0.42	0	0	0.44
74300	0.46	0.42	0.42	0	0	0.46
74400	0.46	0.42	0.42	0	0	0.46
74500	0.46	0.42	0.42	0	0	0.46
74600	0.46	0.42	0.42	0	0	0.46
74700	0.46	0.42	0.42	0	0	0.46
74800	0.46	0.42	0.42	0	0	0.46
74900	0.46	0.42	0.42	0	0	0.46
75000	0.46	0.42	0.42	0	0	0.46
75100	0.46	0.42	0.42	0	0	0.46
75200	0.46	0.44	0.44	0	0	0.46
75300	0.46	0.44	0.44	0	0	0.46
75400	0.46	0.44	0.44	0	0	0.46
75500	0.46	0.44	0.44	0	0	0.46
75600	0.46	0.46	0.46	0	0	0.46
75700	0.48	0.46	0.46	0	0	0.48
75800	0.48	0.46	0.46	0	0	0.48
75900	0.48	0.46	0.46	0	0	0.48
76000	0.48	0.46	0.46	0	0	0.48
76100	0.48	0.46	0.46	0	0	0.48
76200	0.48	0.46	0.46	0	0	0.48
76300	0.5	0.46	0.46	0	0	0.5
76400	0.5	0.46	0.46	0	0	0.5
76500	0.5	0.48	0.48	0	0	0.5
76600	0.5	0.48	0.48	0	0	0.5
76700	0.5	0.48	0.48	0	0	0.5
76800	0.5	0.48	0.48	0	0	0.5
76900	0.5	0.48	0.48	0	0	0.5
77000	0.5	0.48	0.48	0	0	0.5
77100	0.5	0.48	0.48	0	0	0.5
77200	0.5	0.48	0.48	0	0	0.5
77300	0.5	0.48	0.48	0	0	0.5
77400	0.5	0.48	0.48	0	0	0.5
77500	0.5	0.48	0.48	0	0	0.5
77600	0.5	0.48	0.48	0	0	0.5
77700	0.5	0.48	0.48	0	0	0.5
77800	0.5	0.48	0.48	0	0	0.5
77900	0.5	0.48	0.48	0	0	0.5
78000	0.5	0.48	0.48	0	0	0.5
78100	0.5	0.48	0.48	0	0	0.5
78200	0.5	0.48	0.48	0	0	0.5
78300	0.5	0.48	0.48	0	0	0.5
78400	0.5	0.48	0.48	0	0	0.5
78500	0.5	0.48	0.48	0	0	0.5
78600	0.5	0.48	0.48	0	0	0.5
78700	0.5	0.48	0.48	0	0	0.5
78800	0.5	0.48	0.48	0	0	0.5
78900	0.5	0.48	0.48	0	0	0.5
79000	0.5	0.48	0.48	0	0	0.5
79100	0.5	0.48	0.48	0	0	0.5
79200	0.5	0.48	0.48	0	0	0.5
79300	0.5	0.48	0.48	0	0	0.5
79400	0.5	0.48	0.48	0	0	0.5
79500	0.5	0.48	0.48	0	0	0.5
79600	0.5	0.48	0.48	0	0	0.5
79700	0.5	0.48	0.48	0	0	0.5
79800	0.5	0.48	0.48	0	0	0.5
79900	0.5	0.48	0.48	0	0	0.5
80000	0.5	0.48	0.48	0	0	0.5
80100	0.5	0.48	0.48	0	0	0.5
80200	0.5	0.48	0.48	0	0	0.5
80300	0.5	0.48	0.48	0	0	0.5
80400	0.5	0.48	0.48	0	0	0.5
80500	0.5	0.48	0.48	0	0	0.5
80600	0.5	0.48	0.48	0	0	0.5
80700	0.5	0.48	0.48	0	0	0.5
80800	0.5	0.48	0.48	0	0	0.5
80900	0.5	0.48	0.48	0	0	0.5
81000	0.5	0.48	0.48	0	0	0.5
81100	0.5	0.48	0.48	0	0	0.5
81200	0.5	0.48	0.48	0	0	0.5
81300	0.5	0.48	0.48	0	0	0.5
81400	0.5	0.48	0.48	0	0	0.5
81500	0.5	0.48	0.48	0	0	0.5
81600	0.5	0.48	0.48	0	0	0.5
81700	0.5	0.48	0.48	0	0	0.5
81800	0.5	0.48	0.48	0	0	0.5
81900	0.5	0.48	0.48	0	0	0.5
82000	0.5	0.5	0.5	0	0	0.5
82100	0.5	0.5	0.5	0	0	0.5
82200	0.5	0.5	0.5	0	0	0.5
82300	0.5	0.5	0.5	0	0	0.5
82400	0.5	0.5	0.5	0	0	0.5
82500	0.5	0.5	0.5	0	0	0.5
82600	0.5	0.5	0.5	0	0	0.5
82700	0.5	0.5	0.5	0	0	0.5
82800	0.5	0.5	0.5	0	0	0.5
82900	0.5	0.5	0.5	0	0	0.5
83000	0.5	0.5	0.5	0	0	0.5
83100	0.5	0.5	0.5	0	0	0.5
83200	0.5	0.5	0.5	0	0	0.5
83300	0.5	0.5	0.5	0	0	0.5
83400	0.5	0.5	0.5	0	0	0.5
83500	0.5	0.5	0.5	0	0	0.5
83600	0.5	0.5	0.5	0	0	0.5
83700	0.5	0.5	0.5	0	0	0.5
83800	0.5	0.5	0.5	0	0	0.5
83900	0.5	0.5	0.5	0	0	0.5
84000	0.5	0.5	0.5	0	0	0.5
84100	0.5	0.5	0.5	0	0	0.5
84200	0.5	0.5	0.5	0	0	0.5
84300	0.5	0.5	0.5	0	0	0.5
84400	0.5	0.5	0.5	0	0	0.5
84500	0.5	0.5	0.5	0	0	0.5
84600	0.48	0.5	0.5	0	0	0.48
84700	0.48	0.5	0.5	0	0	0.48
84800	0.48	0.5	0.5	0	0	0.48
84900	0.48	0.5	0.5	0	0	0.48
85000	0.48	0.5	0.5	0	0	0.48
85100	0.48	0.5	0.5	0	0	0.48
85200	0.48	0.5	0.5	0	0	0.48
85300	0.48	0.5	0.5	0	0	0.48
85400	0.48	0.5	0.5	0	0	0.48
85500	0.48	0.5	0.5	0	0	0.48
85600	0.48	0.5	0.5	0	0	0.48
85700	0.48	0.5	0.5	0	0	0.48
85800	0.48	0.5	0.5	0	0	0.48
85900	0.48	0.5	0.5	0	0	0.48
86000	0.48	0.5	0.5	0	0	0.48
86100	0.48	0.5	0.5	0	0	0.48
86200	0.48	0.5	0.5	0	0	0.48
86300	0.48	0.5	0.5	0	0	0.48
86400	0.48	0.5	0.5	0	0	0.48
86500	0.48	0.5	0.5	0	0	0.48
86600	0.48	0.5	0.5	0	0	0.48
86700	0.48	0.5	0.5	0	0	0.48
86800	0.48	0.5	0.5	0	0	0.48
86900	0.48	0.5	0.5	0	0	0.48
87000	0.48	0.5	0.5	0	0	0.48
87100	0.48	0.5	0.5	0	0	0.48
87200	0.48	0.5	0.5	0	0	0.48
87300	0.48	0.5	0.5	0	0	0.48
87400	0.48	0.5	0.5	0	0	0.48
87500	0.48	0.5	0.5	0	0	0.48
87600	0.48	0.5	0.5	0	0	0.48
87700	0.48	0.5	0.5	0	0	0.48
87800	0.48	0.5	0.5	0	0	0.48
87900	0.48	0.5	0.5	0	0	0.48
88000	0.48	0.5	0.5	0	0	0.48
88100	0.48	0.5	0.5	0	0	0.48
88200	0.48	0.5	0.5	0	0	0.48
88300	0.48	0.52	0.52	0	0	0.48
88400	0.48	0.52	0.52	0	0	0.48
88500	0.46	0.52	0.52	0	0	0.46
88600	0.46	0.52	0.52	0	0	0.46
88700	0.46	0.52	0.52	0	0	0.46
88800	0.46	0.52	0.52	0	0	0.46
88900	0.46	0.52	0.52	0	0	0.46
89000	0.46	0.52	0.52	0	0	0.46
89100	0.46	0.52	0.52	0	0	0.46
89200	0.46	0.52	0.52	0	0	0.46
89300	0.46	0.52	0.52	0	0	0.46
89400	0.46	0.52	0.52	0	0	0.46
89500	0.46	0.52	0.52	0	0	0.46
89600	0.46	0.52	0.52	0	0	0.46
89700	0.46	0.52	0.52	0	0	0.46
89800	0.46	0.52	0.52	0	0	0.46
89900	0.46	0.52	0.52	0	0	0.46
90000	0.46	0.52	0.52	0	0	0.46
90100	0.46	0.52	0.52	0	0	0.46
90200	0.46	0.52	0.52	0	0	0.46
90300	0.46	0.52	0.52	0	0	0.46
90400	0.46	0.52	0.52	0	0	0.46
90500	0.46	0.52	0.52	0	0	0.46
90600	0.46	0.52	0.52	0	0	0.46
90700	0.46	0.54	0.54	0	0	0.46
90800	0.46	0.54	0.54	0	0	0.46
90900	0.46	0.54	0.54	0	0	0.46
91000	0.46	0.54	0.54	0	0	0.46
91100	0.46	0.54	0.54	0	0	0.46
91200	0.46	0.54	0.54	0	0	0.46
91300	0.46	0.54	0.54	0	0	0.46
91400	0.46	0.54	0.54	0	0	0.46
91500	0.46	0.54	0.54	0	0	0.46
91600	0.46	0.54	0.54	0	0	0.46
91700	0.46	0.54	0.54	0	0	0.46
91800	0.46	0.54	0.54	0	0	0.46
91900	0.46	0.54	0.54	0	0	0.46
92000	0.46	0.54	0.54	0	0	0.46
92100	0.46	0.54	0.54	0	0	0.46
92200	0.46	0.54	0.54	0	0	0.46
92300	0.46	0.54	0.54	0	0	0.46
92400	0.46	0.54	0.54	0	0	0.46
92500	0.46	0.54	0.54	0	0	0.46
92600	0.46	0.54	0.54	0	0	0.46
92700	0.46	0.54	0.54	0	0	0.46
92800	0.46	0.54	0.54	0	0	0.46
92900	0.46	0.54	0.54	0	0	0.46
93000	0.46	0.54	0.54	0	0	0.46
93100	0.46	0.54	0.54	0	0	0.46
93200	0.46	0.54	0.54	0	0	0.46
93300	0.46	0.52	0.52	0	0	0.46
93400	0.46	0.52	0.52	0	0	0.46
93500	0.46	0.52	0.52	0	0	0.46
93600	0.46	0.52	0.52	0	0	0.46
93700	0.46	0.52	0.52	0	0	0.46
93800	0.46	0.52	0.52	0	0	0.46
93900	0.46	0.52	0.52	0	0	0.46
94000	0.46	0.52	0.52	0	0	0.46
94100	0.46	0.52	0.52	0	0	0.46
94200	0.46	0.52	0.52	0	0	0.46
94300	0.46	0.52	0.52	0	0	0.46
94400	0.46	0.52	0.52	0	0	0.46
94500	0.46	0.52	0.52	0	0	0.46
94600	0.46	0.5	0.5	0	0	0.46
94700	0.46	0.5	0.5	0	0	0.46
94800	0.46	0.5	0.5	0	0	0.46
94900	0.46	0.5	0.5	0	0	0.46
95000	0.46	0.5	0.5	0	0	0.46
95100	0.46	0.5	0.5	0	0	0.46
95200	0.46	0.5	0.5	0	0	0.46
95300	0.46	0.5	0.5	0	0	0.46
95400	0.46	0.5	0.5	0	0	0.46
95500	0.46	0.5	0.5	0	0	0.46
95600	0.46	0.5	0.5	0	0	0.46
95700	0.46	0.5	0.5	0	0	0.46
95800	0.46	0.5	0.5	0	0	0.46
95900	0.46	0.5	0.5	0	0	0.46
96000	0.48	0.5	0.5	0	0	0.48
96100	0.46	0.5	0.5	0	0	0.46
96200	0.46	0.5	0.5	0	0	0.46
96300	0.46	0.5	0.5	0	0	0.46
96400	0.46	0.5	0.5	0	0	0.46
96500	0.46	0.5	0.5	0	0	0.46
96600	0.46	0.5	0.5	0	0	0.46
96700	0.46	0.5	0.5	0	0	0.46
96800	0.46	0.5	0.5	0	0	0.46
96900	0.46	0.5	0.5	0	0	0.46
97000	0.46	0.5	0.5	0	0	0.46
97100	0.46	0.5	0.5	0	0	0.46
97200	0.46	0.5	0.5	0	0	0.46
97300	0.46	0.5	0.5	0	0	0.46
97400	0.46	0.5	0.5	0	0	0.46
97500	0.46	0.5	0.5	0	0	0.46
97600	0.46	0.5	0.5	0	0	0.46
97700	0.46	0.5	0.5	0	0	0.46
97800	0.46	0.5	0.5	0	0	0.46
97900	0.46	0.5	0.5	0	0	0.46
98000	0.46	0.5	0.5	0	0	0.46
98100	0.46	0.5	0.5	0	0	0.46
98200	0.46	0.5	0.5	0	0	0.46
98300	0.46	0.5	0.5	0	0	0.46
98400	0.46	0.5	0.5	0	0	0.46
98500	0.46	0.5	0.5	0	0	0.46
98600	0.46	0.5	0.5	0	0	0.46
98700	0.46	0.5	0.5	0	0	0.46
98800	0.46	0.5	0.5	0	0	0.46
98900	0.46	0.5	0.5	0	0	0.46
99000	0.46	0.5	0.5	0	0	0.46
99100	0.46	0.5	0.5	0	0	0.46
99200	0.46	0.5	0.5	0	0	0.46
99300	0.46	0.5	0.5	0	0	0.46
99400	0.46	0.5	0.5	0	0	0.46
99500	0.46	0.5	0.5	0	0	0.46
99600	0.46	0.5	0.5	0	0	0.46
99700	0.46	0.5	0.5	0	0	0.46
99800	0.46	0.5	0.5	0	0	0.46
99900	0.46	0.5	0.5	0	0	0.46
100000	0.46	0.5	0.5	0	0	0.46
