100	0.06	0.1	0.1	0	0	0.06
200	0.12	0.16	0.16	0	0	0.12
300	0.2	0.2	0.2	0	0	0.2
400	0.2	0.22	0.22	0	0	0.2
500	0.2	0.22	0.22	0	0	0.2
600	0.22	0.22	0.22	0	0	0.22
700	0.22	0.22	0.22	0	0	0.22
800	0.24	0.22	0.22	0	0	0.24
900	0.24	0.26	0.26	0	0	0.24
1000	0.28	0.24	0.24	0	0	0.28
1100	0.28	0.28	0.28	0	0	0.28
1200	0.26	0.3	0.3	0	0	0.26
1300	0.26	0.3	0.3	0	0	0.26
1400	0.28	0.3	0.3	0	0	0.28
1500	0.28	0.3	0.3	0	0	0.28
1600	0.28	0.3	0.3	0	0	0.28
1700	0.28	0.32	0.32	0	0	0.28
1800	0.28	0.32	0.32	0	0	0.28
1900	0.28	0.32	0.32	0	0	0.28
2000	0.28	0.32	0.32	0	0	0.28
2100	0.28	0.32	0.32	0	0	0.28
2200	0.28	0.36	0.36	0	0	0.28
2300	0.28	0.36	0.36	0	0	0.28
2400	0.28	0.36	0.36	0	0	0.28
2500	0.28	0.36	0.36	0	0	0.28
2600	0.28	0.36	0.36	0	0	0.28
2700	0.3	0.38	0.38	0	0	0.3
2800	0.3	0.38	0.38	0	0	0.3
2900	0.3	0.4	0.4	0	0	0.3
3000	0.3	0.4	0.4	0	0	0.3
3100	0.34	0.4	0.4	0	0	0.34
3200	0.34	0.4	0.4	0	0	0.34
3300	0.34	0.42	0.42	0	0	0.34
3400	0.34	0.42	0.42	0	0	0.34
3500	0.34	0.42	0.42	0	0	0.34
3600	0.34	0.42	0.42	0	0	0.34
3700	0.34	0.42	0.42	0	0	0.34
3800	0.34	0.44	0.44	0	0	0.34
3900	0.36	0.44	0.44	0	0	0.36
4000	0.38	0.44	0.44	0	0	0.38
4100	0.38	0.46	0.46	0	0	0.38
4200	0.38	0.48	0.48	0	0	0.38
4300	0.38	0.46	0.46	0	0	0.38
4400	0.38	0.46	0.46	0	0	0.38
4500	0.38	0.46	0.46	0	0	0.38
4600	0.38	0.44	0.44	0	0	0.38
4700	0.38	0.44	0.44	0	0	0.38
4800	0.38	0.42	0.42	0	0	0.38
4900	0.42	0.42	0.42	0	0	0.42
5000	0.42	0.42	0.42	0	0	0.42
5100	0.4	0.42	0.42	0	0	0.4
5200	0.4	0.42	0.42	0	0	0.4
5300	0.42	0.42	0.42	0	0	0.42
5400	0.44	0.42	0.42	0	0	0.44
5500	0.44	0.42	0.42	0	0	0.44
5600	0.44	0.42	0.42	0	0	0.44
5700	0.44	0.42	0.42	0	0	0.44
5800	0.44	0.42	0.42	0	0	0.44
5900	0.44	0.42	0.42	0	0	0.44
6000	0.44	0.42	0.42	0	0	0.44
6100	0.44	0.42	0.42	0	0	0.44
6200	0.44	0.42	0.42	0	0	0.44
6300	0.44	0.42	0.42	0	0	0.44
6400	0.44	0.42	0.42	0	0	0.44
6500	0.44	0.42	0.42	0	0	0.44
6600	0.44	0.42	0.42	0	0	0.44
6700	0.44	0.42	0.42	0	0	0.44
6800	0.46	0.42	0.42	0	0	0.46
6900	0.46	0.42	0.42	0	0	0.46
7000	0.46	0.42	0.42	0	0	0.46
7100	0.46	0.42	0.42	0	0	0.46
7200	0.46	0.42	0.42	0	0	0.46
7300	0.46	0.42	0.42	0	0	0.46
7400	0.46	0.42	0.42	0	0	0.46
7500	0.46	0.44	0.44	0	0	0.46
7600	0.46	0.44	0.44	0	0	0.46
7700	0.46	0.42	0.42	0	0	0.46
7800	0.46	0.42	0.42	0	0	0.46
7900	0.46	0.46	0.46	0	0	0.46
8000	0.46	0.46	0.46	0	0	0.46
8100	0.46	0.46	0.46	0	0	0.46
8200	0.46	0.46	0.46	0	0	0.46
8300	0.46	0.46	0.46	0	0	0.46
8400	0.48	0.46	0.46	0	0	0.48
8500	0.48	0.46	0.46	0	0	0.48
8600	0.48	0.46	0.46	0	0	0.48
8700	0.48	0.46	0.46	0	0	0.48
8800	0.48	0.46	0.46	0	0	0.48
8900	0.48	0.46	0.46	0	0	0.48
9000	0.48	0.46	0.46	0	0	0.48
9100	0.48	0.46	0.46	0	0	0.48
9200	0.48	0.46	0.46	0	0	0.48
9300	0.48	0.46	0.46	0	0	0.48
9400	0.48	0.46	0.46	0	0	0.48
9500	0.48	0.48	0.48	0	0	0.48
9600	0.48	0.48	0.48	0	0	0.48
9700	0.48	0.46	0.46	0	0	0.48
9800	0.48	0.46	0.46	0	0	0.48
9900	0.48	0.46	0.46	0	0	0.48
10000	0.48	0.46	0.46	0	0	0.48
10100	0.48	0.44	0.44	0	0	0.48
10200	0.48	0.44	0.44	0	0	0.48
10300	0.46	0.44	0.44	0	0	0.46
10400	0.46	0.44	0.44	0	0	0.46
10500	0.44	0.44	0.44	0	0	0.44
10600	0.44	0.44	0.44	0	0	0.44
10700	0.46	0.44	0.44	0	0	0.46
10800	0.44	0.42	0.42	0	0	0.44
10900	0.42	0.42	0.42	0	0	0.42
11000	0.42	0.42	0.42	0	0	0.42
11100	0.42	0.44	0.44	0	0	0.42
11200	0.42	0.44	0.44	0	0	0.42
11300	0.42	0.44	0.44	0	0	0.42
11400	0.42	0.44	0.44	0	0	0.42
11500	0.42	0.44	0.44	0	0	0.42
11600	0.44	0.44	0.44	0	0	0.44
11700	0.44	0.44	0.44	0	0	0.44
11800	0.44	0.44	0.44	0	0	0.44
11900	0.44	0.44	0.44	0	0	0.44
12000	0.44	0.44	0.44	0	0	0.44
12100	0.44	0.44	0.44	0	0	0.44
12200	0.44	0.46	0.46	0	0	0.44
12300	0.44	0.46	0.46	0	0	0.44
12400	0.44	0.46	0.46	0	0	0.44
12500	0.44	0.46	0.46	0	0	0.44
12600	0.44	0.46	0.46	0	0	0.44
12700	0.44	0.46	0.46	0	0	0.44
12800	0.44	0.48	0.48	0	0	0.44
12900	0.44	0.48	0.48	0	0	0.44
13000	0.44	0.48	0.48	0	0	0.44
13100	0.44	0.48	0.48	0	0	0.44
13200	0.44	0.48	0.48	0	0	0.44
13300	0.42	0.48	0.48	0	0	0.42
13400	0.42	0.48	0.48	0	0	0.42
13500	0.42	0.5	0.5	0	0	0.42
13600	0.42	0.5	0.5	0	0	0.42
13700	0.44	0.5	0.5	0	0	0.44
13800	0.44	0.5	0.5	0	0	0.44
13900	0.44	0.5	0.5	0	0	0.44
14000	0.44	0.5	0.5	0	0	0.44
14100	0.44	0.5	0.5	0	0	0.44
14200	0.44	0.5	0.5	0	0	0.44
14300	0.44	0.5	0.5	0	0	0.44
14400	0.44	0.5	0.5	0	0	0.44
14500	0.44	0.5	0.5	0	0	0.44
14600	0.44	0.5	0.5	0	0	0.44
14700	0.44	0.48	0.48	0	0	0.44
14800	0.44	0.48	0.48	0	0	0.44
14900	0.44	0.48	0.48	0	0	0.44
15000	0.44	0.48	0.48	0	0	0.44
15100	0.44	0.48	0.48	0	0	0.44
15200	0.44	0.48	0.48	0	0	0.44
15300	0.44	0.48	0.48	0	0	0.44
15400	0.44	0.48	0.48	0	0	0.44
15500	0.44	0.48	0.48	0	0	0.44
15600	0.44	0.48	0.48	0	0	0.44
15700	0.44	0.48	0.48	0	0	0.44
15800	0.44	0.48	0.48	0	0	0.44
15900	0.44	0.48	0.48	0	0	0.44
16000	0.44	0.48	0.48	0	0	0.44
16100	0.44	0.48	0.48	0	0	0.44
16200	0.42	0.48	0.48	0	0	0.42
16300	0.42	0.48	0.48	0	0	0.42
16400	0.42	0.5	0.5	0	0	0.42
16500	0.42	0.5	0.5	0	0	0.42
16600	0.42	0.5	0.5	0	0	0.42
16700	0.42	0.5	0.5	0	0	0.42
16800	0.42	0.52	0.52	0	0	0.42
16900	0.42	0.5	0.5	0	0	0.42
17000	0.42	0.5	0.5	0	0	0.42
17100	0.42	0.5	0.5	0	0	0.42
17200	0.42	0.5	0.5	0	0	0.42
17300	0.42	0.5	0.5	0	0	0.42
17400	0.42	0.5	0.5	0	0	0.42
17500	0.4	0.5	0.5	0	0	0.4
17600	0.38	0.52	0.52	0	0	0.38
17700	0.38	0.5	0.5	0	0	0.38
17800	0.38	0.5	0.5	0	0	0.38
17900	0.38	0.5	0.5	0	0	0.38
18000	0.36	0.5	0.5	0	0	0.36
18100	0.36	0.5	0.5	0	0	0.36
18200	0.36	0.48	0.48	0	0	0.36
18300	0.36	0.48	0.48	0	0	0.36
18400	0.36	0.48	0.48	0	0	0.36
18500	0.36	0.48	0.48	0	0	0.36
18600	0.36	0.48	0.48	0	0	0.36
18700	0.36	0.48	0.48	0	0	0.36
18800	0.36	0.48	0.48	0	0	0.36
18900	0.38	0.48	0.48	0	0	0.38
19000	0.38	0.48	0.48	0	0	0.38
19100	0.38	0.48	0.48	0	0	0.38
19200	0.38	0.48	0.48	0	0	0.38
19300	0.38	0.48	0.48	0	0	0.38
19400	0.38	0.46	0.46	0	0	0.38
19500	0.38	0.46	0.46	0	0	0.38
19600	0.38	0.46	0.46	0	0	0.38
19700	0.38	0.46	0.46	0	0	0.38
19800	0.38	0.46	0.46	0	0	0.38
19900	0.38	0.46	0.46	0	0	0.38
20000	0.38	0.46	0.46	0	0	0.38
20100	0.4	0.48	0.48	0	0	0.4
20200	0.4	0.48	0.48	0	0	0.4
20300	0.4	0.48	0.48	0	0	0.4
20400	0.4	0.48	0.48	0	0	0.4
20500	0.4	0.48	0.48	0	0	0.4
20600	0.4	0.46	0.46	0	0	0.4
20700	0.42	0.46	0.46	0	0	0.42
20800	0.42	0.46	0.46	0	0	0.42
20900	0.42	0.46	0.46	0	0	0.42
21000	0.42	0.46	0.46	0	0	0.42
21100	0.42	0.46	0.46	0	0	0.42
21200	0.42	0.46	0.46	0	0	0.42
21300	0.42	0.46	0.46	0	0	0.42
21400	0.42	0.46	0.46	0	0	0.42
21500	0.42	0.46	0.46	0	0	0.42
21600	0.42	0.46	0.46	0	0	0.42
21700	0.42	0.46	0.46	0	0	0.42
21800	0.42	0.46	0.46	0	0	0.42
21900	0.44	0.46	0.46	0	0	0.44
22000	0.44	0.46	0.46	0	0	0.44
22100	0.44	0.46	0.46	0	0	0.44
22200	0.44	0.46	0.46	0	0	0.44
22300	0.44	0.46	0.46	0	0	0.44
22400	0.44	0.46	0.46	0	0	0.44
22500	0.44	0.46	0.46	0	0	0.44
22600	0.44	0.46	0.46	0	0	0.44
22700	0.44	0.46	0.46	0	0	0.44
22800	0.44	0.44	0.44	0	0	0.44
22900	0.44	0.44	0.44	0	0	0.44
23000	0.44	0.44	0.44	0	0	0.44
23100	0.44	0.44	0.44	0	0	0.44
23200	0.44	0.44	0.44	0	0	0.44
23300	0.44	0.44	0.44	0	0	0.44
23400	0.44	0.44	0.44	0	0	0.44
23500	0.44	0.44	0.44	0	0	0.44
23600	0.44	0.44	0.44	0	0	0.44
23700	0.44	0.44	0.44	0	0	0.44
23800	0.46	0.46	0.46	0	0	0.46
23900	0.46	0.46	0.46	0	0	0.46
24000	0.46	0.46	0.46	0	0	0.46
24100	0.46	0.46	0.46	0	0	0.46
24200	0.46	0.46	0.46	0	0	0.46
24300	0.46	0.46	0.46	0	0	0.46
24400	0.46	0.46	0.46	0	0	0.46
24500	0.46	0.46	0.46	0	0	0.46
24600	0.46	0.46	0.46	0	0	0.46
24700	0.46	0.46	0.46	0	0	0.46
24800	0.46	0.46	0.46	0	0	0.46
24900	0.46	0.46	0.46	0	0	0.46
25000	0.46	0.46	0.46	0	0	0.46
25100	0.46	0.48	0.48	0	0	0.46
25200	0.46	0.48	0.48	0	0	0.46
25300	0.46	0.48	0.48	0	0	0.46
25400	0.46	0.48	0.48	0	0	0.46
25500	0.46	0.48	0.48	0	0	0.46
25600	0.46	0.48	0.48	0	0	0.46
25700	0.46	0.48	0.48	0	0	0.46
25800	0.46	0.5	0.5	0	0	0.46
25900	0.46	0.5	0.5	0	0	0.46
26000	0.46	0.5	0.5	0	0	0.46
26100	0.46	0.5	0.5	0	0	0.46
26200	0.46	0.5	0.5	0	0	0.46
26300	0.46	0.5	0.5	0	0	0.46
26400	0.48	0.5	0.5	0	0	0.48
26500	0.48	0.5	0.5	0	0	0.48
26600	0.48	0.5	0.5	0	0	0.48
26700	0.48	0.5	0.5	0	0	0.48
26800	0.48	0.5	0.5	0	0	0.48
26900	0.48	0.5	0.5	0	0	0.48
27000	0.48	0.5	0.5	0	0	0.48
27100	0.48	0.5	0.5	0	0	0.48
27200	0.48	0.5	0.5	0	0	0.48
27300	0.48	0.5	0.5	0	0	0.48
27400	0.48	0.5	0.5	0	0	0.48
27500	0.48	0.5	0.5	0	0	0.48
27600	0.46	0.5	0.5	0	0	0.46
27700	0.46	0.5	0.5	0	0	0.46
27800	0.46	0.5	0.5	0	0	0.46
27900	0.46	0.5	0.5	0	0	0.46
28000	0.46	0.5	0.5	0	0	0.46
28100	0.44	0.5	0.5	0	0	0.44
28200	0.44	0.5	0.5	0	0	0.44
28300	0.44	0.48	0.48	0	0	0.44
28400	0.44	0.5	0.5	0	0	0.44
28500	0.44	0.5	0.5	0	0	0.44
28600	0.44	0.5	0.5	0	0	0.44
28700	0.44	0.5	0.5	0	0	0.44
28800	0.44	0.5	0.5	0	0	0.44
28900	0.44	0.5	0.5	0	0	0.44
29000	0.46	0.5	0.5	0	0	0.46
29100	0.46	0.5	0.5	0	0	0.46
29200	0.46	0.5	0.5	0	0	0.46
29300	0.44	0.5	0.5	0	0	0.44
29400	0.44	0.5	0.5	0	0	0.44
29500	0.44	0.5	0.5	0	0	0.44
29600	0.44	0.5	0.5	0	0	0.44
29700	0.44	0.5	0.5	0	0	0.44
29800	0.44	0.5	0.5	0	0	0.44
29900	0.44	0.5	0.5	0	0	0.44
30000	0.44	0.5	0.5	0	0	0.44
30100	0.44	0.5	0.5	0	0	0.44
30200	0.46	0.5	0.5	0	0	0.46
30300	0.46	0.5	0.5	0	0	0.46
30400	0.46	0.5	0.5	0	0	0.46
30500	0.46	0.5	0.5	0	0	0.46
30600	0.46	0.5	0.5	0	0	0.46
30700	0.46	0.5	0.5	0	0	0.46
30800	0.46	0.5	0.5	0	0	0.46
30900	0.48	0.5	0.5	0	0	0.48
31000	0.48	0.48	0.48	0	0	0.48
31100	0.48	0.48	0.48	0	0	0.48
31200	0.48	0.48	0.48	0	0	0.48
31300	0.48	0.48	0.48	0	0	0.48
31400	0.46	0.48	0.48	0	0	0.46
31500	0.46	0.48	0.48	0	0	0.46
31600	0.44	0.48	0.48	0	0	0.44
31700	0.44	0.46	0.46	0	0	0.44
31800	0.44	0.46	0.46	0	0	0.44
31900	0.44	0.46	0.46	0	0	0.44
32000	0.44	0.46	0.46	0	0	0.44
32100	0.46	0.46	0.46	0	0	0.46
32200	0.46	0.46	0.46	0	0	0.46
32300	0.46	0.46	0.46	0	0	0.46
32400	0.46	0.46	0.46	0	0	0.46
32500	0.46	0.46	0.46	0	0	0.46
32600	0.46	0.46	0.46	0	0	0.46
32700	0.46	0.46	0.46	0	0	0.46
32800	0.46	0.46	0.46	0	0	0.46
32900	0.46	0.46	0.46	0	0	0.46
33000	0.46	0.46	0.46	0	0	0.46
33100	0.46	0.46	0.46	0	0	0.46
33200	0.46	0.48	0.48	0	0	0.46
33300	0.46	0.48	0.48	0	0	0.46
33400	0.48	0.48	0.48	0	0	0.48
33500	0.48	0.48	0.48	0	0	0.48
33600	0.48	0.48	0.48	0	0	0.48
33700	0.48	0.48	0.48	0	0	0.48
33800	0.48	0.48	0.48	0	0	0.48
33900	0.48	0.48	0.48	0	0	0.48
34000	0.48	0.48	0.48	0	0	0.48
34100	0.46	0.48	0.48	0	0	0.46
34200	0.46	0.48	0.48	0	0	0.46
34300	0.46	0.48	0.48	0	0	0.46
34400	0.46	0.48	0.48	0	0	0.46
34500	0.46	0.48	0.48	0	0	0.46
34600	0.46	0.46	0.46	0	0	0.46
34700	0.46	0.46	0.46	0	0	0.46
34800	0.48	0.46	0.46	0	0	0.48
34900	0.46	0.44	0.44	0	0	0.46
35000	0.46	0.44	0.44	0	0	0.46
35100	0.44	0.44	0.44	0	0	0.44
35200	0.44	0.44	0.44	0	0	0.44
35300	0.44	0.44	0.44	0	0	0.44
35400	0.44	0.44	0.44	0	0	0.44
35500	0.46	0.44	0.44	0	0	0.46
35600	0.46	0.44	0.44	0	0	0.46
35700	0.46	0.44	0.44	0	0	0.46
35800	0.46	0.44	0.44	0	0	0.46
35900	0.46	0.44	0.44	0	0	0.46
36000	0.46	0.44	0.44	0	0	0.46
36100	0.46	0.44	0.44	0	0	0.46
36200	0.46	0.46	0.46	0	0	0.46
36300	0.46	0.46	0.46	0	0	0.46
36400	0.46	0.46	0.46	0	0	0.46
36500	0.46	0.46	0.46	0	0	0.46
36600	0.46	0.46	0.46	0	0	0.46
36700	0.46	0.46	0.46	0	0	0.46
36800	0.44	0.46	0.46	0	0	0.44
36900	0.44	0.46	0.46	0	0	0.44
37000	0.44	0.46	0.46	0	0	0.44
37100	0.44	0.46	0.46	0	0	0.44
37200	0.44	0.44	0.44	0	0	0.44
37300	0.44	0.44	0.44	0	0	0.44
37400	0.44	0.44	0.44	0	0	0.44
37500	0.46	0.44	0.44	0	0	0.46
37600	0.46	0.44	0.44	0	0	0.46
37700	0.46	0.44	0.44	0	0	0.46
37800	0.44	0.44	0.44	0	0	0.44
37900	0.44	0.44	0.44	0	0	0.44
38000	0.44	0.44	0.44	0	0	0.44
38100	0.44	0.44	0.44	0	0	0.44
38200	0.44	0.44	0.44	0	0	0.44
38300	0.44	0.44	0.44	0	0	0.44
38400	0.44	0.44	0.44	0	0	0.44
38500	0.44	0.44	0.44	0	0	0.44
38600	0.44	0.44	0.44	0	0	0.44
38700	0.44	0.44	0.44	0	0	0.44
38800	0.44	0.44	0.44	0	0	0.44
38900	0.44	0.44	0.44	0	0	0.44
39000	0.44	0.44	0.44	0	0	0.44
39100	0.44	0.44	0.44	0	0	0.44
39200	0.44	0.44	0.44	0	0	0.44
39300	0.44	0.44	0.44	0	0	0.44
39400	0.44	0.44	0.44	0	0	0.44
39500	0.46	0.44	0.44	0	0	0.46
39600	0.46	0.44	0.44	0	0	0.46
39700	0.46	0.44	0.44	0	0	0.46
39800	0.44	0.44	0.44	0	0	0.44
39900	0.44	0.44	0.44	0	0	0.44
40000	0.44	0.44	0.44	0	0	0.44
40100	0.44	0.44	0.44	0	0	0.44
40200	0.44	0.44	0.44	0	0	0.44
40300	0.46	0.44	0.44	0	0	0.46
40400	0.46	0.44	0.44	0	0	0.46
40500	0.46	0.44	0.44	0	0	0.46
40600	0.46	0.44	0.44	0	0	0.46
40700	0.46	0.44	0.44	0	0	0.46
40800	0.46	0.44	0.44	0	0	0.46
40900	0.46	0.44	0.44	0	0	0.46
41000	0.46	0.44	0.44	0	0	0.46
41100	0.46	0.44	0.44	0	0	0.46
41200	0.46	0.44	0.44	0	0	0.46
41300	0.46	0.44	0.44	0	0	0.46
41400	0.46	0.44	0.44	0	0	0.46
41500	0.46	0.44	0.44	0	0	0.46
41600	0.46	0.44	0.44	0	0	0.46
41700	0.46	0.44	0.44	0	0	0.46
41800	0.46	0.44	0.44	0	0	0.46
41900	0.46	0.44	0.44	0	0	0.46
42000	0.46	0.44	0.44	0	0	0.46
42100	0.46	0.44	0.44	0	0	0.46
42200	0.46	0.44	0.44	0	0	0.46
42300	0.46	0.44	0.44	0	0	0.46
42400	0.46	0.44	0.44	0	0	0.46
42500	0.46	0.44	0.44	0	0	0.46
42600	0.46	0.44	0.44	0	0	0.46
42700	0.46	0.44	0.44	0	0	0.46
42800	0.46	0.44	0.44	0	0	0.46
42900	0.46	0.44	0.44	0	0	0.46
43000	0.46	0.44	0.44	0	0	0.46
43100	0.46	0.44	0.44	0	0	0.46
43200	0.44	0.44	0.44	0	0	0.44
43300	0.44	0.44	0.44	0	0	0.44
43400	0.44	0.44	0.44	0	0	0.44
43500	0.42	0.44	0.44	0	0	0.42
43600	0.42	0.44	0.44	0	0	0.42
43700	0.42	0.44	0.44	0	0	0.42
43800	0.42	0.44	0.44	0	0	0.42
43900	0.42	0.44	0.44	0	0	0.42
44000	0.42	0.44	0.44	0	0	0.42
44100	0.42	0.44	0.44	0	0	0.42
44200	0.42	0.44	0.44	0	0	0.42
44300	0.42	0.44	0.44	0	0	0.42
44400	0.42	0.44	0.44	0	0	0.42
44500	0.42	0.44	0.44	0	0	0.42
44600	0.42	0.44	0.44	0	0	0.42
44700	0.42	0.44	0.44	0	0	0.42
44800	0.42	0.44	0.44	0	0	0.42
44900	0.42	0.44	0.44	0	0	0.42
45000	0.42	0.44	0.44	0	0	0.42
45100	0.44	0.44	0.44	0	0	0.44
45200	0.44	0.44	0.44	0	0	0.44
45300	0.44	0.44	0.44	0	0	0.44
45400	0.44	0.44	0.44	0	0	0.44
45500	0.44	0.44	0.44	0	0	0.44
45600	0.44	0.44	0.44	0	0	0.44
45700	0.44	0.44	0.44	0	0	0.44
45800	0.44	0.44	0.44	0	0	0.44
45900	0.44	0.44	0.44	0	0	0.44
46000	0.44	0.44	0.44	0	0	0.44
46100	0.44	0.44	0.44	0	0	0.44
46200	0.44	0.44	0.44	0	0	0.44
46300	0.44	0.46	0.46	0	0	0.44
46400	0.44	0.46	0.46	0	0	0.44
46500	0.44	0.46	0.46	0	0	0.44
46600	0.44	0.46	0.46	0	0	0.44
46700	0.44	0.46	0.46	0	0	0.44
46800	0.44	0.46	0.46	0	0	0.44
46900	0.44	0.46	0.46	0	0	0.44
47000	0.44	0.46	0.46	0	0	0.44
47100	0.44	0.46	0.46	0	0	0.44
47200	0.44	0.46	0.46	0	0	0.44
47300	0.44	0.46	0.46	0	0	0.44
47400	0.44	0.46	0.46	0	0	0.44
47500	0.44	0.46	0.46	0	0	0.44
47600	0.42	0.46	0.46	0	0	0.42
47700	0.42	0.46	0.46	0	0	0.42
47800	0.42	0.46	0.46	0	0	0.42
47900	0.42	0.46	0.46	0	0	0.42
48000	0.42	0.46	0.46	0	0	0.42
48100	0.42	0.46	0.46	0	0	0.42
48200	0.42	0.46	0.46	0	0	0.42
48300	0.42	0.44	0.44	0	0	0.42
48400	0.42	0.44	0.44	0	0	0.42
48500	0.42	0.46	0.46	0	0	0.42
48600	0.42	0.46	0.46	0	0	0.42
48700	0.42	0.46	0.46	0	0	0.42
48800	0.42	0.46	0.46	0	0	0.42
48900	0.42	0.46	0.46	0	0	0.42
49000	0.42	0.46	0.46	0	0	0.42
49100	0.42	0.46	0.46	0	0	0.42
49200	0.42	0.46	0.46	0	0	0.42
49300	0.42	0.46	0.46	0	0	0.42
49400	0.42	0.46	0.46	0	0	0.42
49500	0.42	0.46	0.46	0	0	0.42
49600	0.42	0.46	0.46	0	0	0.42
49700	0.42	0.46	0.46	0	0	0.42
49800	0.42	0.46	0.46	0	0	0.42
49900	0.42	0.46	0.46	0	0	0.42
50000	0.44	0.46	0.46	0	0	0.44
50100	0.44	0.46	0.46	0	0	0.44
50200	0.44	0.46	0.46	0	0	0.44
50300	0.44	0.46	0.46	0	0	0.44
50400	0.44	0.44	0.44	0	0	0.44
50500	0.44	0.44	0.44	0	0	0.44
50600	0.44	0.44	0.44	0	0	0.44
50700	0.44	0.42	0.42	0	0	0.44
50800	0.44	0.42	0.42	0	0	0.44
50900	0.44	0.4	0.4	0	0	0.44
51000	0.46	0.4	0.4	0	0	0.46
51100	0.42	0.4	0.4	0	0	0.42
51200	0.42	0.4	0.4	0	0	0.42
51300	0.42	0.4	0.4	0	0	0.42
51400	0.42	0.4	0.4	0	0	0.42
51500	0.42	0.4	0.4	0	0	0.42
51600	0.4	0.4	0.4	0	0	0.4
51700	0.4	0.4	0.4	0	0	0.4
51800	0.4	0.4	0.4	0	0	0.4
51900	0.4	0.4	0.4	0	0	0.4
52000	0.4	0.4	0.4	0	0	0.4
52100	0.4	0.4	0.4	0	0	0.4
52200	0.4	0.4	0.4	0	0	0.4
52300	0.4	0.4	0.4	0	0	0.4
52400	0.42	0.4	0.4	0	0	0.42
52500	0.42	0.4	0.4	0	0	0.42
52600	0.4	0.4	0.4	0	0	0.4
52700	0.4	0.38	0.38	0	0	0.4
52800	0.4	0.38	0.38	0	0	0.4
52900	0.4	0.38	0.38	0	0	0.4
53000	0.4	0.38	0.38	0	0	0.4
53100	0.4	0.38	0.38	0	0	0.4
53200	0.4	0.38	0.38	0	0	0.4
53300	0.4	0.38	0.38	0	0	0.4
53400	0.4	0.38	0.38	0	0	0.4
53500	0.4	0.4	0.4	0	0	0.4
53600	0.4	0.4	0.4	0	0	0.4
53700	0.4	0.4	0.4	0	0	0.4
53800	0.4	0.4	0.4	0	0	0.4
53900	0.4	0.4	0.4	0	0	0.4
54000	0.4	0.4	0.4	0	0	0.4
54100	0.4	0.42	0.42	0	0	0.4
54200	0.4	0.42	0.42	0	0	0.4
54300	0.4	0.42	0.42	0	0	0.4
54400	0.4	0.42	0.42	0	0	0.4
54500	0.4	0.42	0.42	0	0	0.4
54600	0.42	0.42	0.42	0	0	0.42
54700	0.42	0.44	0.44	0	0	0.42
54800	0.42	0.44	0.44	0	0	0.42
54900	0.42	0.44	0.44	0	0	0.42
55000	0.42	0.44	0.44	0	0	0.42
55100	0.42	0.44	0.44	0	0	0.42
55200	0.42	0.44	0.44	0	0	0.42
55300	0.42	0.44	0.44	0	0	0.42
55400	0.42	0.44	0.44	0	0	0.42
55500	0.42	0.46	0.46	0	0	0.42
55600	0.42	0.46	0.46	0	0	0.42
55700	0.42	0.46	0.46	0	0	0.42
55800	0.42	0.46	0.46	0	0	0.42
55900	0.42	0.46	0.46	0	0	0.42
56000	0.42	0.46	0.46	0	0	0.42
56100	0.42	0.46	0.46	0	0	0.42
56200	0.42	0.46	0.46	0	0	0.42
56300	0.42	0.46	0.46	0	0	0.42
56400	0.42	0.46	0.46	0	0	0.42
56500	0.42	0.46	0.46	0	0	0.42
56600	0.42	0.46	0.46	0	0	0.42
56700	0.42	0.46	0.46	0	0	0.42
56800	0.42	0.46	0.46	0	0	0.42
56900	0.42	0.46	0.46	0	0	0.42
57000	0.42	0.46	0.46	0	0	0.42
57100	0.44	0.46	0.46	0	0	0.44
57200	0.44	0.46	0.46	0	0	0.44
57300	0.44	0.46	0.46	0	0	0.44
57400	0.44	0.46	0.46	0	0	0.44
57500	0.44	0.46	0.46	0	0	0.44
57600	0.44	0.46	0.46	0	0	0.44
57700	0.44	0.48	0.48	0	0	0.44
57800	0.44	0.5	0.5	0	0	0.44
57900	0.44	0.5	0.5	0	0	0.44
58000	0.44	0.5	0.5	0	0	0.44
58100	0.44	0.5	0.5	0	0	0.44
58200	0.44	0.5	0.5	0	0	0.44
58300	0.44	0.5	0.5	0	0	0.44
58400	0.44	0.5	0.5	0	0	0.44
58500	0.44	0.5	0.5	0	0	0.44
58600	0.44	0.5	0.5	0	0	0.44
58700	0.44	0.5	0.5	0	0	0.44
58800	0.44	0.5	0.5	0	0	0.44
58900	0.44	0.5	0.5	0	0	0.44
59000	0.44	0.5	0.5	0	0	0.44
59100	0.44	0.5	0.5	0	0	0.44
59200	0.44	0.5	0.5	0	0	0.44
59300	0.44	0.48	0.48	0	0	0.44
59400	0.44	0.48	0.48	0	0	0.44
59500	0.44	0.48	0.48	0	0	0.44
59600	0.44	0.48	0.48	0	0	0.44
59700	0.44	0.48	0.48	0	0	0.44
59800	0.44	0.48	0.48	0	0	0.44
59900	0.44	0.48	0.48	0	0	0.44
60000	0.44	0.48	0.48	0	0	0.44
60100	0.44	0.48	0.48	0	0	0.44
60200	0.44	0.48	0.48	0	0	0.44
60300	0.44	0.48	0.48	0	0	0.44
60400	0.44	0.48	0.48	0	0	0.44
60500	0.44	0.48	0.48	0	0	0.44
60600	0.46	0.48	0.48	0	0	0.46
60700	0.44	0.48	0.48	0	0	0.44
60800	0.44	0.48	0.48	0	0	0.44
60900	0.42	0.48	0.48	0	0	0.42
61000	0.42	0.48	0.48	0	0	0.42
61100	0.42	0.48	0.48	0	0	0.42
61200	0.42	0.48	0.48	0	0	0.42
61300	0.42	0.48	0.48	0	0	0.42
61400	0.42	0.48	0.48	0	0	0.42
61500	0.42	0.48	0.48	0	0	0.42
61600	0.42	0.48	0.48	0	0	0.42
61700	0.46	0.48	0.48	0	0	0.46
61800	0.46	0.48	0.48	0	0	0.46
61900	0.46	0.48	0.48	0	0	0.46
62000	0.46	0.48	0.48	0	0	0.46
62100	0.46	0.48	0.48	0	0	0.46
62200	0.46	0.48	0.48	0	0	0.46
62300	0.46	0.48	0.48	0	0	0.46
62400	0.46	0.46	0.46	0	0	0.46
62500	0.46	0.46	0.46	0	0	0.46
62600	0.46	0.46	0.46	0	0	0.46
62700	0.46	0.46	0.46	0	0	0.46
62800	0.46	0.46	0.46	0	0	0.46
62900	0.46	0.46	0.46	0	0	0.46
63000	0.46	0.46	0.46	0	0	0.46
63100	0.48	0.46	0.46	0	0	0.48
63200	0.48	0.46	0.46	0	0	0.48
63300	0.48	0.46	0.46	0	0	0.48
63400	0.48	0.46	0.46	0	0	0.48
63500	0.48	0.46	0.46	0	0	0.48
63600	0.48	0.46	0.46	0	0	0.48
63700	0.48	0.46	0.46	0	0	0.48
63800	0.48	0.46	0.46	0	0	0.48
63900	0.48	0.46	0.46	0	0	0.48
64000	0.48	0.46	0.46	0	0	0.48
64100	0.48	0.46	0.46	0	0	0.48
64200	0.48	0.46	0.46	0	0	0.48
64300	0.48	0.46	0.46	0	0	0.48
64400	0.46	0.46	0.46	0	0	0.46
64500	0.46	0.46	0.46	0	0	0.46
64600	0.46	0.46	0.46	0	0	0.46
64700	0.46	0.46	0.46	0	0	0.46
64800	0.44	0.46	0.46	0	0	0.44
64900	0.44	0.46	0.46	0	0	0.44
65000	0.44	0.46	0.46	0	0	0.44
65100	0.44	0.46	0.46	0	0	0.44
65200	0.44	0.46	0.46	0	0	0.44
65300	0.44	0.46	0.46	0	0	0.44
65400	0.44	0.46	0.46	0	0	0.44
65500	0.44	0.46	0.46	0	0	0.44
65600	0.44	0.46	0.46	0	0	0.44
65700	0.44	0.46	0.46	0	0	0.44
65800	0.44	0.46	0.46	0	0	0.44
65900	0.44	0.46	0.46	0	0	0.44
66000	0.44	0.46	0.46	0	0	0.44
66100	0.44	0.46	0.46	0	0	0.44
66200	0.44	0.46	0.46	0	0	0.44
66300	0.44	0.46	0.46	0	0	0.44
66400	0.44	0.46	0.46	0	0	0.44
66500	0.44	0.46	0.46	0	0	0.44
66600	0.44	0.46	0.46	0	0	0.44
66700	0.44	0.46	0.46	0	0	0.44
66800	0.44	0.48	0.48	0	0	0.44
66900	0.44	0.48	0.48	0	0	0.44
67000	0.44	0.48	0.48	0	0	0.44
67100	0.44	0.48	0.48	0	0	0.44
67200	0.44	0.48	0.48	0	0	0.44
67300	0.44	0.48	0.48	0	0	0.44
67400	0.44	0.48	0.48	0	0	0.44
67500	0.44	0.48	0.48	0	0	0.44
67600	0.44	0.48	0.48	0	0	0.44
67700	0.44	0.48	0.48	0	0	0.44
67800	0.46	0.48	0.48	0	0	0.46
67900	0.46	0.48	0.48	0	0	0.46
68000	0.46	0.48	0.48	0	0	0.46
68100	0.46	0.48	0.48	0	0	0.46
68200	0.46	0.48	0.48	0	0	0.46
68300	0.46	0.48	0.48	0	0	0.46
68400	0.46	0.48	0.48	0	0	0.46
68500	0.46	0.48	0.48	0	0	0.46
68600	0.46	0.48	0.48	0	0	0.46
68700	0.46	0.48	0.48	0	0	0.46
68800	0.46	0.48	0.48	0	0	0.46
68900	0.46	0.48	0.48	0	0	0.46
69000	0.46	0.48	0.48	0	0	0.46
69100	0.46	0.48	0.48	0	0	0.46
69200	0.46	0.48	0.48	0	0	0.46
69300	0.46	0.48	0.48	0	0	0.46
69400	0.46	0.48	0.48	0	0	0.46
69500	0.46	0.48	0.48	0	0	0.46
69600	0.44	0.48	0.48	0	0	0.44
69700	0.44	0.48	0.48	0	0	0.44
69800	0.44	0.48	0.48	0	0	0.44
69900	0.44	0.48	0.48	0	0	0.44
70000	0.44	0.48	0.48	0	0	0.44
70100	0.44	0.48	0.48	0	0	0.44
70200	0.44	0.48	0.48	0	0	0.44
70300	0.44	0.48	0.48	0	0	0.44
70400	0.46	0.48	0.48	0	0	0.46
70500	0.46	0.48	0.48	0	0	0.46
70600	0.46	0.48	0.48	0	0	0.46
70700	0.48	0.48	0.48	0	0	0.48
70800	0.48	0.48	0.48	0	0	0.48
70900	0.48	0.48	0.48	0	0	0.48
71000	0.48	0.48	0.48	0	0	0.48
71100	0.48	0.48	0.48	0	0	0.48
71200	0.48	0.48	0.48	0	0	0.48
71300	0.48	0.48	0.48	0	0	0.48
71400	0.48	0.48	0.48	0	0	0.48
71500	0.48	0.48	0.48	0	0	0.48
71600	0.48	0.48	0.48	0	0	0.48
71700	0.48	0.48	0.48	0	0	0.48
71800	0.48	0.48	0.48	0	0	0.48
71900	0.48	0.48	0.48	0	0	0.48
72000	0.48	0.48	0.48	0	0	0.48
72100	0.48	0.48	0.48	0	0	0.48
72200	0.48	0.48	0.48	0	0	0.48
72300	0.48	0.48	0.48	0	0	0.48
72400	0.48	0.48	0.48	0	0	0.48
72500	0.48	0.48	0.48	0	0	0.48
72600	0.48	0.48	0.48	0	0	0.48
72700	0.48	0.48	0.48	0	0	0.48
72800	0.48	0.48	0.48	0	0	0.48
72900	0.48	0.48	0.48	0	0	0.48
73000	0.48	0.48	0.48	0	0	0.48
73100	0.46	0.48	0.48	0	0	0.46
73200	0.46	0.48	0.48	0	0	0.46
73300	0.46	0.48	0.48	0	0	0.46
73400	0.46	0.48	0.48	0	0	0.46
73500	0.46	0.48	0.48	0	0	0.46
73600	0.46	0.46	0.46	0	0	0.46
73700	0.46	0.46	0.46	0	0	0.46
73800	0.46	0.46	0.46	0	0	0.46
73900	0.46	0.46	0.46	0	0	0.46
74000	0.46	0.46	0.46	0	0	0.46
74100	0.46	0.46	0.46	0	0	0.46
74200	0.46	0.48	0.48	0	0	0.46
74300	0.46	0.48	0.48	0	0	0.46
74400	0.46	0.48	0.48	0	0	0.46
74500	0.46	0.48	0.48	0	0	0.46
74600	0.46	0.48	0.48	0	0	0.46
74700	0.46	0.48	0.48	0	0	0.46
74800	0.46	0.48	0.48	0	0	0.46
74900	0.48	0.48	0.48	0	0	0.48
75000	0.48	0.48	0.48	0	0	0.48
75100	0.48	0.48	0.48	0	0	0.48
75200	0.48	0.48	0.48	0	0	0.48
75300	0.48	0.48	0.48	0	0	0.48
75400	0.48	0.48	0.48	0	0	0.48
75500	0.48	0.48	0.48	0	0	0.48
75600	0.48	0.48	0.48	0	0	0.48
75700	0.48	0.48	0.48	0	0	0.48
75800	0.48	0.48	0.48	0	0	0.48
75900	0.48	0.48	0.48	0	0	0.48
76000	0.48	0.48	0.48	0	0	0.48
76100	0.48	0.48	0.48	0	0	0.48
76200	0.48	0.48	0.48	0	0	0.48
76300	0.48	0.48	0.48	0	0	0.48
76400	0.48	0.48	0.48	0	0	0.48
76500	0.48	0.48	0.48	0	0	0.48
76600	0.48	0.48	0.48	0	0	0.48
76700	0.48	0.48	0.48	0	0	0.48
76800	0.48	0.48	0.48	0	0	0.48
76900	0.48	0.48	0.48	0	0	0.48
77000	0.48	0.48	0.48	0	0	0.48
77100	0.48	0.48	0.48	0	0	0.48
77200	0.48	0.48	0.48	0	0	0.48
77300	0.48	0.48	0.48	0	0	0.48
77400	0.48	0.48	0.48	0	0	0.48
77500	0.48	0.48	0.48	0	0	0.48
77600	0.48	0.48	0.48	0	0	0.48
77700	0.48	0.48	0.48	0	0	0.48
77800	0.48	0.48	0.48	0	0	0.48
77900	0.48	0.48	0.48	0	0	0.48
78000	0.48	0.48	0.48	0	0	0.48
78100	0.48	0.48	0.48	0	0	0.48
78200	0.48	0.48	0.48	0	0	0.48
78300	0.48	0.48	0.48	0	0	0.48
78400	0.48	0.48	0.48	0	0	0.48
78500	0.48	0.48	0.48	0	0	0.48
78600	0.48	0.48	0.48	0	0	0.48
78700	0.48	0.48	0.48	0	0	0.48
78800	0.48	0.48	0.48	0	0	0.48
78900	0.48	0.48	0.48	0	0	0.48
79000	0.48	0.48	0.48	0	0	0.48
79100	0.48	0.48	0.48	0	0	0.48
79200	0.48	0.48	0.48	0	0	0.48
79300	0.48	0.48	0.48	0	0	0.48
79400	0.48	0.48	0.48	0	0	0.48
79500	0.48	0.48	0.48	0	0	0.48
79600	0.48	0.48	0.48	0	0	0.48
79700	0.48	0.48	0.48	0	0	0.48
79800	0.48	0.48	0.48	0	0	0.48
79900	0.48	0.48	0.48	0	0	0.48
80000	0.48	0.48	0.48	0	0	0.48
80100	0.48	0.48	0.48	0	0	0.48
80200	0.48	0.48	0.48	0	0	0.48
80300	0.48	0.48	0.48	0	0	0.48
80400	0.48	0.48	0.48	0	0	0.48
80500	0.48	0.48	0.48	0	0	0.48
80600	0.48	0.48	0.48	0	0	0.48
80700	0.48	0.48	0.48	0	0	0.48
80800	0.48	0.48	0.48	0	0	0.48
80900	0.48	0.48	0.48	0	0	0.48
81000	0.48	0.48	0.48	0	0	0.48
81100	0.48	0.48	0.48	0	0	0.48
81200	0.48	0.48	0.48	0	0	0.48
81300	0.48	0.48	0.48	0	0	0.48
81400	0.48	0.48	0.48	0	0	0.48
81500	0.48	0.48	0.48	0	0	0.48
81600	0.48	0.48	0.48	0	0	0.48
81700	0.48	0.48	0.48	0	0	0.48
81800	0.46	0.48	0.48	0	0	0.46
81900	0.46	0.48	0.48	0	0	0.46
82000	0.46	0.48	0.48	0	0	0.46
82100	0.46	0.48	0.48	0	0	0.46
82200	0.46	0.48	0.48	0	0	0.46
82300	0.46	0.48	0.48	0	0	0.46
82400	0.46	0.48	0.48	0	0	0.46
82500	0.46	0.46	0.46	0	0	0.46
82600	0.46	0.46	0.46	0	0	0.46
82700	0.46	0.46	0.46	0	0	0.46
82800	0.46	0.46	0.46	0	0	0.46
82900	0.46	0.46	0.46	0	0	0.46
83000	0.46	0.46	0.46	0	0	0.46
83100	0.46	0.46	0.46	0	0	0.46
83200	0.46	0.46	0.46	0	0	0.46
83300	0.46	0.46	0.46	0	0	0.46
83400	0.46	0.46	0.46	0	0	0.46
83500	0.46	0.46	0.46	0	0	0.46
83600	0.46	0.46	0.46	0	0	0.46
83700	0.46	0.46	0.46	0	0	0.46
83800	0.46	0.46	0.46	0	0	0.46
83900	0.46	0.46	0.46	0	0	0.46
84000	0.46	0.46	0.46	0	0	0.46
84100	0.46	0.46	0.46	0	0	0.46
84200	0.46	0.46	0.46	0	0	0.46
84300	0.46	0.46	0.46	0	0	0.46
84400	0.46	0.46	0.46	0	0	0.46
84500	0.46	0.46	0.46	0	0	0.46
84600	0.46	0.48	0.48	0	0	0.46
84700	0.46	0.48	0.48	0	0	0.46
84800	0.46	0.48	0.48	0	0	0.46
84900	0.46	0.48	0.48	0	0	0.46
85000	0.46	0.48	0.48	0	0	0.46
85100	0.46	0.48	0.48	0	0	0.46
85200	0.46	0.48	0.48	0	0	0.46
85300	0.46	0.48	0.48	0	0	0.46
85400	0.46	0.48	0.48	0	0	0.46
85500	0.46	0.48	0.48	0	0	0.46
85600	0.46	0.48	0.48	0	0	0.46
85700	0.46	0.48	0.48	0	0	0.46
85800	0.46	0.48	0.48	0	0	0.46
85900	0.44	0.48	0.48	0	0	0.44
86000	0.44	0.48	0.48	0	0	0.44
86100	0.44	0.48	0.48	0	0	0.44
86200	0.44	0.48	0.48	0	0	0.44
86300	0.44	0.48	0.48	0	0	0.44
86400	0.44	0.48	0.48	0	0	0.44
86500	0.44	0.48	0.48	0	0	0.44
86600	0.44	0.48	0.48	0	0	0.44
86700	0.44	0.48	0.48	0	0	0.44
86800	0.44	0.48	0.48	0	0	0.44
86900	0.44	0.48	0.48	0	0	0.44
87000	0.44	0.48	0.48	0	0	0.44
87100	0.44	0.48	0.48	0	0	0.44
87200	0.44	0.48	0.48	0	0	0.44
87300	0.44	0.48	0.48	0	0	0.44
87400	0.46	0.48	0.48	0	0	0.46
87500	0.46	0.48	0.48	0	0	0.46
87600	0.46	0.48	0.48	0	0	0.46
87700	0.46	0.48	0.48	0	0	0.46
87800	0.46	0.48	0.48	0	0	0.46
87900	0.46	0.48	0.48	0	0	0.46
88000	0.46	0.48	0.48	0	0	0.46
88100	0.46	0.48	0.48	0	0	0.46
88200	0.46	0.48	0.48	0	0	0.46
88300	0.46	0.48	0.48	0	0	0.46
88400	0.46	0.5	0.5	0	0	0.46
88500	0.46	0.5	0.5	0	0	0.46
88600	0.46	0.5	0.5	0	0	0.46
88700	0.46	0.5	0.5	0	0	0.46
88800	0.46	0.5	0.5	0	0	0.46
88900	0.46	0.5	0.5	0	0	0.46
89000	0.46	0.5	0.5	0	0	0.46
89100	0.46	0.5	0.5	0	0	0.46
89200	0.46	0.5	0.5	0	0	0.46
89300	0.46	0.5	0.5	0	0	0.46
89400	0.46	0.5	0.5	0	0	0.46
89500	0.46	0.5	0.5	0	0	0.46
89600	0.46	0.5	0.5	0	0	0.46
89700	0.46	0.5	0.5	0	0	0.46
89800	0.46	0.5	0.5	0	0	0.46
89900	0.46	0.5	0.5	0	0	0.46
90000	0.46	0.5	0.5	0	0	0.46
90100	0.46	0.5	0.5	0	0	0.46
90200	0.46	0.5	0.5	0	0	0.46
90300	0.46	0.48	0.48	0	0	0.46
90400	0.46	0.48	0.48	0	0	0.46
90500	0.46	0.48	0.48	0	0	0.46
90600	0.46	0.48	0.48	0	0	0.46
90700	0.46	0.48	0.48	0	0	0.46
90800	0.46	0.48	0.48	0	0	0.46
90900	0.46	0.48	0.48	0	0	0.46
91000	0.46	0.48	0.48	0	0	0.46
91100	0.44	0.48	0.48	0	0	0.44
91200	0.44	0.48	0.48	0	0	0.44
91300	0.44	0.48	0.48	0	0	0.44
91400	0.44	0.48	0.48	0	0	0.44
91500	0.44	0.48	0.48	0	0	0.44
91600	0.44	0.48	0.48	0	0	0.44
91700	0.44	0.48	0.48	0	0	0.44
91800	0.44	0.48	0.48	0	0	0.44
91900	0.44	0.48	0.48	0	0	0.44
92000	0.44	0.48	0.48	0	0	0.44
92100	0.44	0.48	0.48	0	0	0.44
92200	0.44	0.48	0.48	0	0	0.44
92300	0.44	0.48	0.48	0	0	0.44
92400	0.44	0.48	0.48	0	0	0.44
92500	0.44	0.48	0.48	0	0	0.44
92600	0.44	0.48	0.48	0	0	0.44
92700	0.44	0.48	0.48	0	0	0.44
92800	0.44	0.48	0.48	0	0	0.44
92900	0.44	0.48	0.48	0	0	0.44
93000	0.44	0.5	0.5	0	0	0.44
93100	0.44	0.5	0.5	0	0	0.44
93200	0.44	0.5	0.5	0	0	0.44
93300	0.44	0.5	0.5	0	0	0.44
93400	0.44	0.5	0.5	0	0	0.44
93500	0.44	0.5	0.5	0	0	0.44
93600	0.44	0.5	0.5	0	0	0.44
93700	0.44	0.5	0.5	0	0	0.44
93800	0.44	0.5	0.5	0	0	0.44
93900	0.44	0.5	0.5	0	0	0.44
94000	0.44	0.5	0.5	0	0	0.44
94100	0.44	0.5	0.5	0	0	0.44
94200	0.44	0.5	0.5	0	0	0.44
94300	0.46	0.5	0.5	0	0	0.46
94400	0.46	0.5	0.5	0	0	0.46
94500	0.46	0.5	0.5	0	0	0.46
94600	0.46	0.5	0.5	0	0	0.46
94700	0.46	0.5	0.5	0	0	0.46
94800	0.46	0.5	0.5	0	0	0.46
94900	0.46	0.5	0.5	0	0	0.46
95000	0.46	0.5	0.5	0	0	0.46
95100	0.46	0.5	0.5	0	0	0.46
95200	0.46	0.5	0.5	0	0	0.46
95300	0.46	0.5	0.5	0	0	0.46
95400	0.46	0.5	0.5	0	0	0.46
95500	0.46	0.5	0.5	0	0	0.46
95600	0.46	0.5	0.5	0	0	0.46
95700	0.46	0.5	0.5	0	0	0.46
95800	0.46	0.5	0.5	0	0	0.46
95900	0.46	0.5	0.5	0	0	0.46
96000	0.46	0.5	0.5	0	0	0.46
96100	0.46	0.5	0.5	0	0	0.46
96200	0.46	0.5	0.5	0	0	0.46
96300	0.46	0.48	0.48	0	0	0.46
96400	0.46	0.48	0.48	0	0	0.46
96500	0.46	0.48	0.48	0	0	0.46
96600	0.46	0.48	0.48	0	0	0.46
96700	0.46	0.48	0.48	0	0	0.46
96800	0.46	0.48	0.48	0	0	0.46
96900	0.46	0.48	0.48	0	0	0.46
97000	0.46	0.48	0.48	0	0	0.46
97100	0.46	0.48	0.48	0	0	0.46
97200	0.46	0.48	0.48	0	0	0.46
97300	0.46	0.48	0.48	0	0	0.46
97400	0.46	0.48	0.48	0	0	0.46
97500	0.46	0.48	0.48	0	0	0.46
97600	0.46	0.48	0.48	0	0	0.46
97700	0.46	0.48	0.48	0	0	0.46
97800	0.46	0.48	0.48	0	0	0.46
97900	0.46	0.46	0.46	0	0	0.46
98000	0.46	0.46	0.46	0	0	0.46
98100	0.46	0.46	0.46	0	0	0.46
98200	0.46	0.46	0.46	0	0	0.46
98300	0.46	0.46	0.46	0	0	0.46
98400	0.46	0.46	0.46	0	0	0.46
98500	0.46	0.46	0.46	0	0	0.46
98600	0.46	0.46	0.46	0	0	0.46
98700	0.46	0.46	0.46	0	0	0.46
98800	0.46	0.46	0.46	0	0	0.46
98900	0.46	0.46	0.46	0	0	0.46
99000	0.46	0.46	0.46	0	0	0.46
99100	0.46	0.46	0.46	0	0	0.46
99200	0.46	0.46	0.46	0	0	0.46
99300	0.46	0.46	0.46	0	0	0.46
99400	0.46	0.46	0.46	0	0	0.46
99500	0.46	0.46	0.46	0	0	0.46
99600	0.46	0.48	0.48	0	0	0.46
99700	0.46	0.48	0.48	0	0	0.46
99800	0.48	0.48	0.48	0	0	0.48
99900	0.48	0.48	0.48	0	0	0.48
100000	0.48	0.48	0.48	0	0	0.48
