100	0.1	0.06	0.06	0	0	0.1
200	0.18	0.12	0.12	0	0	0.18
300	0.18	0.12	0.12	0	0	0.18
400	0.18	0.12	0.12	0	0	0.18
500	0.2	0.16	0.16	0	0	0.2
600	0.2	0.18	0.18	0	0	0.2
700	0.24	0.18	0.18	0	0	0.24
800	0.24	0.18	0.18	0	0	0.24
900	0.26	0.2	0.2	0	0	0.26
1000	0.26	0.2	0.2	0	0	0.26
1100	0.26	0.24	0.24	0	0	0.26
1200	0.26	0.24	0.24	0	0	0.26
1300	0.26	0.28	0.28	0	0	0.26
1400	0.28	0.22	0.22	0	0	0.28
1500	0.28	0.22	0.22	0	0	0.28
1600	0.28	0.22	0.22	0	0	0.28
1700	0.28	0.24	0.24	0	0	0.28
1800	0.3	0.24	0.24	0	0	0.3
1900	0.3	0.24	0.24	0	0	0.3
2000	0.3	0.26	0.26	0	0	0.3
2100	0.3	0.24	0.24	0	0	0.3
2200	0.3	0.26	0.26	0	0	0.3
2300	0.3	0.26	0.26	0	0	0.3
2400	0.3	0.28	0.28	0	0	0.3
2500	0.3	0.3	0.3	0	0	0.3
2600	0.3	0.3	0.3	0	0	0.3
2700	0.3	0.3	0.3	0	0	0.3
2800	0.3	0.3	0.3	0	0	0.3
2900	0.3	0.3	0.3	0	0	0.3
3000	0.3	0.3	0.3	0	0	0.3
3100	0.3	0.3	0.3	0	0	0.3
3200	0.32	0.3	0.3	0	0	0.32
3300	0.32	0.3	0.3	0	0	0.32
3400	0.34	0.3	0.3	0	0	0.34
3500	0.34	0.3	0.3	0	0	0.34
3600	0.34	0.3	0.3	0	0	0.34
3700	0.34	0.32	0.32	0	0	0.34
3800	0.34	0.32	0.32	0	0	0.34
3900	0.34	0.32	0.32	0	0	0.34
4000	0.34	0.32	0.32	0	0	0.34
4100	0.34	0.32	0.32	0	0	0.34
4200	0.32	0.32	0.32	0	0	0.32
4300	0.32	0.34	0.34	0	0	0.32
4400	0.36	0.34	0.34	0	0	0.36
4500	0.36	0.34	0.34	0	0	0.36
4600	0.34	0.32	0.32	0	0	0.34
4700	0.34	0.34	0.34	0	0	0.34
4800	0.34	0.34	0.34	0	0	0.34
4900	0.34	0.34	0.34	0	0	0.34
5000	0.34	0.34	0.34	0	0	0.34
5100	0.32	0.34	0.34	0	0	0.32
5200	0.32	0.34	0.34	0	0	0.32
5300	0.32	0.34	0.34	0	0	0.32
5400	0.32	0.34	0.34	0	0	0.32
5500	0.32	0.34	0.34	0	0	0.32
5600	0.32	0.34	0.34	0	0	0.32
5700	0.32	0.34	0.34	0	0	0.32
5800	0.32	0.34	0.34	0	0	0.32
5900	0.3	0.34	0.34	0	0	0.3
6000	0.3	0.34	0.34	0	0	0.3
6100	0.3	0.36	0.36	0	0	0.3
6200	0.32	0.36	0.36	0	0	0.32
6300	0.32	0.36	0.36	0	0	0.32
6400	0.32	0.36	0.36	0	0	0.32
6500	0.34	0.36	0.36	0	0	0.34
6600	0.34	0.36	0.36	0	0	0.34
6700	0.34	0.36	0.36	0	0	0.34
6800	0.34	0.36	0.36	0	0	0.34
6900	0.34	0.38	0.38	0	0	0.34
7000	0.34	0.38	0.38	0	0	0.34
7100	0.34	0.38	0.38	0	0	0.34
7200	0.36	0.38	0.38	0	0	0.36
7300	0.34	0.38	0.38	0	0	0.34
7400	0.34	0.38	0.38	0	0	0.34
7500	0.34	0.38	0.38	0	0	0.34
7600	0.34	0.38	0.38	0	0	0.34
7700	0.34	0.38	0.38	0	0	0.34
7800	0.34	0.38	0.38	0	0	0.34
7900	0.34	0.38	0.38	0	0	0.34
8000	0.36	0.38	0.38	0	0	0.36
8100	0.36	0.38	0.38	0	0	0.36
8200	0.36	0.38	0.38	0	0	0.36
8300	0.36	0.38	0.38	0	0	0.36
8400	0.36	0.38	0.38	0	0	0.36
8500	0.36	0.36	0.36	0	0	0.36
8600	0.36	0.36	0.36	0	0	0.36
8700	0.36	0.38	0.38	0	0	0.36
8800	0.36	0.38	0.38	0	0	0.36
8900	0.36	0.38	0.38	0	0	0.36
9000	0.36	0.38	0.38	0	0	0.36
9100	0.36	0.38	0.38	0	0	0.36
9200	0.36	0.38	0.38	0	0	0.36
9300	0.36	0.4	0.4	0	0	0.36
9400	0.36	0.38	0.38	0	0	0.36
9500	0.36	0.34	0.34	0	0	0.36
9600	0.36	0.34	0.34	0	0	0.36
9700	0.4	0.36	0.36	0	0	0.4
9800	0.4	0.36	0.36	0	0	0.4
9900	0.4	0.36	0.36	0	0	0.4
10000	0.4	0.38	0.38	0	0	0.4
10100	0.4	0.38	0.38	0	0	0.4
10200	0.4	0.38	0.38	0	0	0.4
10300	0.4	0.38	0.38	0	0	0.4
10400	0.4	0.38	0.38	0	0	0.4
10500	0.42	0.38	0.38	0	0	0.42
10600	0.44	0.38	0.38	0	0	0.44
10700	0.44	0.38	0.38	0	0	0.44
10800	0.44	0.38	0.38	0	0	0.44
10900	0.44	0.38	0.38	0	0	0.44
11000	0.44	0.38	0.38	0	0	0.44
11100	0.44	0.38	0.38	0	0	0.44
11200	0.44	0.38	0.38	0	0	0.44
11300	0.44	0.38	0.38	0	0	0.44
11400	0.44	0.38	0.38	0	0	0.44
11500	0.44	0.36	0.36	0	0	0.44
11600	0.44	0.36	0.36	0	0	0.44
11700	0.44	0.36	0.36	0	0	0.44
11800	0.44	0.34	0.34	0	0	0.44
11900	0.44	0.34	0.34	0	0	0.44
12000	0.44	0.34	0.34	0	0	0.44
12100	0.46	0.34	0.34	0	0	0.46
12200	0.46	0.34	0.34	0	0	0.46
12300	0.46	0.34	0.34	0	0	0.46
12400	0.46	0.34	0.34	0	0	0.46
12500	0.46	0.34	0.34	0	0	0.46
12600	0.46	0.34	0.34	0	0	0.46
12700	0.44	0.34	0.34	0	0	0.44
12800	0.44	0.34	0.34	0	0	0.44
12900	0.44	0.34	0.34	0	0	0.44
13000	0.46	0.36	0.36	0	0	0.46
13100	0.46	0.36	0.36	0	0	0.46
13200	0.46	0.36	0.36	0	0	0.46
13300	0.48	0.36	0.36	0	0	0.48
13400	0.48	0.36	0.36	0	0	0.48
13500	0.48	0.36	0.36	0	0	0.48
13600	0.48	0.36	0.36	0	0	0.48
13700	0.48	0.36	0.36	0	0	0.48
13800	0.48	0.36	0.36	0	0	0.48
13900	0.48	0.34	0.34	0	0	0.48
14000	0.5	0.34	0.34	0	0	0.5
14100	0.5	0.34	0.34	0	0	0.5
14200	0.5	0.34	0.34	0	0	0.5
14300	0.5	0.34	0.34	0	0	0.5
14400	0.52	0.34	0.34	0	0	0.52
14500	0.52	0.34	0.34	0	0	0.52
14600	0.52	0.34	0.34	0	0	0.52
14700	0.52	0.34	0.34	0	0	0.52
14800	0.52	0.36	0.36	0	0	0.52
14900	0.52	0.36	0.36	0	0	0.52
15000	0.54	0.36	0.36	0	0	0.54
15100	0.52	0.36	0.36	0	0	0.52
15200	0.52	0.36	0.36	0	0	0.52
15300	0.52	0.36	0.36	0	0	0.52
15400	0.52	0.36	0.36	0	0	0.52
15500	0.52	0.34	0.34	0	0	0.52
15600	0.52	0.34	0.34	0	0	0.52
15700	0.52	0.34	0.34	0	0	0.52
15800	0.5	0.32	0.32	0	0	0.5
15900	0.5	0.32	0.32	0	0	0.5
16000	0.52	0.32	0.32	0	0	0.52
16100	0.52	0.32	0.32	0	0	0.52
16200	0.5	0.32	0.32	0	0	0.5
16300	0.5	0.34	0.34	0	0	0.5
16400	0.5	0.32	0.32	0	0	0.5
16500	0.5	0.3	0.3	0	0	0.5
16600	0.5	0.3	0.3	0	0	0.5
16700	0.5	0.3	0.3	0	0	0.5
16800	0.5	0.3	0.3	0	0	0.5
16900	0.5	0.32	0.32	0	0	0.5
17000	0.5	0.32	0.32	0	0	0.5
17100	0.48	0.32	0.32	0	0	0.48
17200	0.48	0.32	0.32	0	0	0.48
17300	0.48	0.32	0.32	0	0	0.48
17400	0.48	0.32	0.32	0	0	0.48
17500	0.46	0.32	0.32	0	0	0.46
17600	0.46	0.32	0.32	0	0	0.46
17700	0.46	0.34	0.34	0	0	0.46
17800	0.46	0.36	0.36	0	0	0.46
17900	0.46	0.36	0.36	0	0	0.46
18000	0.46	0.38	0.38	0	0	0.46
18100	0.44	0.38	0.38	0	0	0.44
18200	0.46	0.36	0.36	0	0	0.46
18300	0.42	0.36	0.36	0	0	0.42
18400	0.42	0.38	0.38	0	0	0.42
18500	0.42	0.38	0.38	0	0	0.42
18600	0.42	0.38	0.38	0	0	0.42
18700	0.42	0.38	0.38	0	0	0.42
18800	0.42	0.38	0.38	0	0	0.42
18900	0.42	0.38	0.38	0	0	0.42
19000	0.42	0.38	0.38	0	0	0.42
19100	0.42	0.4	0.4	0	0	0.42
19200	0.42	0.4	0.4	0	0	0.42
19300	0.42	0.42	0.42	0	0	0.42
19400	0.42	0.44	0.44	0	0	0.42
19500	0.44	0.44	0.44	0	0	0.44
19600	0.44	0.44	0.44	0	0	0.44
19700	0.44	0.46	0.46	0	0	0.44
19800	0.44	0.46	0.46	0	0	0.44
19900	0.44	0.46	0.46	0	0	0.44
20000	0.44	0.46	0.46	0	0	0.44
20100	0.44	0.46	0.46	0	0	0.44
20200	0.44	0.46	0.46	0	0	0.44
20300	0.44	0.46	0.46	0	0	0.44
20400	0.44	0.46	0.46	0	0	0.44
20500	0.44	0.46	0.46	0	0	0.44
20600	0.44	0.46	0.46	0	0	0.44
20700	0.42	0.44	0.44	0	0	0.42
20800	0.42	0.46	0.46	0	0	0.42
20900	0.42	0.46	0.46	0	0	0.42
21000	0.44	0.46	0.46	0	0	0.44
21100	0.44	0.46	0.46	0	0	0.44
21200	0.44	0.46	0.46	0	0	0.44
21300	0.44	0.48	0.48	0	0	0.44
21400	0.44	0.46	0.46	0	0	0.44
21500	0.44	0.46	0.46	0	0	0.44
21600	0.44	0.46	0.46	0	0	0.44
21700	0.44	0.46	0.46	0	0	0.44
21800	0.44	0.46	0.46	0	0	0.44
21900	0.44	0.46	0.46	0	0	0.44
22000	0.44	0.46	0.46	0	0	0.44
22100	0.44	0.46	0.46	0	0	0.44
22200	0.44	0.46	0.46	0	0	0.44
22300	0.44	0.46	0.46	0	0	0.44
22400	0.44	0.46	0.46	0	0	0.44
22500	0.42	0.46	0.46	0	0	0.42
22600	0.42	0.46	0.46	0	0	0.42
22700	0.42	0.46	0.46	0	0	0.42
22800	0.42	0.46	0.46	0	0	0.42
22900	0.44	0.46	0.46	0	0	0.44
23000	0.44	0.46	0.46	0	0	0.44
23100	0.42	0.46	0.46	0	0	0.42
23200	0.42	0.46	0.46	0	0	0.42
23300	0.42	0.46	0.46	0	0	0.42
23400	0.38	0.46	0.46	0	0	0.38
23500	0.36	0.46	0.46	0	0	0.36
23600	0.36	0.46	0.46	0	0	0.36
23700	0.38	0.46	0.46	0	0	0.38
23800	0.38	0.46	0.46	0	0	0.38
23900	0.38	0.46	0.46	0	0	0.38
24000	0.38	0.46	0.46	0	0	0.38
24100	0.38	0.46	0.46	0	0	0.38
24200	0.38	0.46	0.46	0	0	0.38
24300	0.4	0.46	0.46	0	0	0.4
24400	0.4	0.46	0.46	0	0	0.4
24500	0.4	0.46	0.46	0	0	0.4
24600	0.4	0.46	0.46	0	0	0.4
24700	0.4	0.46	0.46	0	0	0.4
24800	0.4	0.46	0.46	0	0	0.4
24900	0.4	0.46	0.46	0	0	0.4
25000	0.4	0.46	0.46	0	0	0.4
25100	0.4	0.46	0.46	0	0	0.4
25200	0.42	0.46	0.46	0	0	0.42
25300	0.4	0.46	0.46	0	0	0.4
25400	0.4	0.46	0.46	0	0	0.4
25500	0.4	0.46	0.46	0	0	0.4
25600	0.4	0.46	0.46	0	0	0.4
25700	0.4	0.46	0.46	0	0	0.4
25800	0.4	0.48	0.48	0	0	0.4
25900	0.4	0.48	0.48	0	0	0.4
26000	0.4	0.48	0.48	0	0	0.4
26100	0.4	0.48	0.48	0	0	0.4
26200	0.4	0.48	0.48	0	0	0.4
26300	0.4	0.48	0.48	0	0	0.4
26400	0.42	0.5	0.5	0	0	0.42
26500	0.42	0.46	0.46	0	0	0.42
26600	0.42	0.46	0.46	0	0	0.42
26700	0.42	0.46	0.46	0	0	0.42
26800	0.42	0.46	0.46	0	0	0.42
26900	0.44	0.48	0.48	0	0	0.44
27000	0.44	0.48	0.48	0	0	0.44
27100	0.44	0.48	0.48	0	0	0.44
27200	0.44	0.48	0.48	0	0	0.44
27300	0.44	0.48	0.48	0	0	0.44
27400	0.44	0.5	0.5	0	0	0.44
27500	0.44	0.5	0.5	0	0	0.44
27600	0.44	0.5	0.5	0	0	0.44
27700	0.44	0.5	0.5	0	0	0.44
27800	0.44	0.5	0.5	0	0	0.44
27900	0.44	0.48	0.48	0	0	0.44
28000	0.44	0.48	0.48	0	0	0.44
28100	0.44	0.48	0.48	0	0	0.44
28200	0.44	0.48	0.48	0	0	0.44
28300	0.44	0.48	0.48	0	0	0.44
28400	0.44	0.5	0.5	0	0	0.44
28500	0.44	0.5	0.5	0	0	0.44
28600	0.44	0.5	0.5	0	0	0.44
28700	0.44	0.5	0.5	0	0	0.44
28800	0.44	0.5	0.5	0	0	0.44
28900	0.44	0.5	0.5	0	0	0.44
29000	0.44	0.5	0.5	0	0	0.44
29100	0.42	0.5	0.5	0	0	0.42
29200	0.42	0.5	0.5	0	0	0.42
29300	0.42	0.5	0.5	0	0	0.42
29400	0.42	0.5	0.5	0	0	0.42
29500	0.42	0.5	0.5	0	0	0.42
29600	0.42	0.5	0.5	0	0	0.42
29700	0.42	0.5	0.5	0	0	0.42
29800	0.42	0.5	0.5	0	0	0.42
29900	0.42	0.5	0.5	0	0	0.42
30000	0.42	0.5	0.5	0	0	0.42
30100	0.42	0.5	0.5	0	0	0.42
30200	0.44	0.5	0.5	0	0	0.44
30300	0.44	0.5	0.5	0	0	0.44
30400	0.44	0.5	0.5	0	0	0.44
30500	0.44	0.5	0.5	0	0	0.44
30600	0.44	0.5	0.5	0	0	0.44
30700	0.44	0.5	0.5	0	0	0.44
30800	0.44	0.52	0.52	0	0	0.44
30900	0.44	0.52	0.52	0	0	0.44
31000	0.44	0.52	0.52	0	0	0.44
31100	0.44	0.52	0.52	0	0	0.44
31200	0.44	0.52	0.52	0	0	0.44
31300	0.44	0.52	0.52	0	0	0.44
31400	0.44	0.52	0.52	0	0	0.44
31500	0.44	0.52	0.52	0	0	0.44
31600	0.44	0.54	0.54	0	0	0.44
31700	0.44	0.54	0.54	0	0	0.44
31800	0.44	0.54	0.54	0	0	0.44
31900	0.44	0.54	0.54	0	0	0.44
32000	0.44	0.54	0.54	0	0	0.44
32100	0.44	0.54	0.54	0	0	0.44
32200	0.44	0.54	0.54	0	0	0.44
32300	0.44	0.54	0.54	0	0	0.44
32400	0.44	0.54	0.54	0	0	0.44
32500	0.44	0.54	0.54	0	0	0.44
32600	0.44	0.54	0.54	0	0	0.44
32700	0.44	0.54	0.54	0	0	0.44
32800	0.44	0.54	0.54	0	0	0.44
32900	0.44	0.54	0.54	0	0	0.44
33000	0.44	0.52	0.52	0	0	0.44
33100	0.44	0.52	0.52	0	0	0.44
33200	0.44	0.52	0.52	0	0	0.44
33300	0.44	0.52	0.52	0	0	0.44
33400	0.44	0.52	0.52	0	0	0.44
33500	0.44	0.52	0.52	0	0	0.44
33600	0.44	0.52	0.52	0	0	0.44
33700	0.44	0.52	0.52	0	0	0.44
33800	0.44	0.52	0.52	0	0	0.44
33900	0.44	0.52	0.52	0	0	0.44
34000	0.44	0.52	0.52	0	0	0.44
34100	0.44	0.52	0.52	0	0	0.44
34200	0.44	0.52	0.52	0	0	0.44
34300	0.44	0.52	0.52	0	0	0.44
34400	0.44	0.52	0.52	0	0	0.44
34500	0.44	0.52	0.52	0	0	0.44
34600	0.44	0.52	0.52	0	0	0.44
34700	0.44	0.5	0.5	0	0	0.44
34800	0.44	0.5	0.5	0	0	0.44
34900	0.44	0.48	0.48	0	0	0.44
35000	0.44	0.48	0.48	0	0	0.44
35100	0.44	0.48	0.48	0	0	0.44
35200	0.44	0.5	0.5	0	0	0.44
35300	0.46	0.5	0.5	0	0	0.46
35400	0.46	0.5	0.5	0	0	0.46
35500	0.46	0.5	0.5	0	0	0.46
35600	0.46	0.5	0.5	0	0	0.46
35700	0.46	0.5	0.5	0	0	0.46
35800	0.46	0.5	0.5	0	0	0.46
35900	0.46	0.5	0.5	0	0	0.46
36000	0.46	0.5	0.5	0	0	0.46
36100	0.46	0.5	0.5	0	0	0.46
36200	0.46	0.5	0.5	0	0	0.46
36300	0.46	0.5	0.5	0	0	0.46
36400	0.48	0.5	0.5	0	0	0.48
36500	0.48	0.5	0.5	0	0	0.48
36600	0.48	0.5	0.5	0	0	0.48
36700	0.48	0.5	0.5	0	0	0.48
36800	0.48	0.5	0.5	0	0	0.48
36900	0.48	0.5	0.5	0	0	0.48
37000	0.48	0.5	0.5	0	0	0.48
37100	0.48	0.5	0.5	0	0	0.48
37200	0.48	0.5	0.5	0	0	0.48
37300	0.48	0.5	0.5	0	0	0.48
37400	0.48	0.48	0.48	0	0	0.48
37500	0.48	0.48	0.48	0	0	0.48
37600	0.48	0.46	0.46	0	0	0.48
37700	0.48	0.46	0.46	0	0	0.48
37800	0.48	0.46	0.46	0	0	0.48
37900	0.48	0.46	0.46	0	0	0.48
38000	0.48	0.46	0.46	0	0	0.48
38100	0.48	0.46	0.46	0	0	0.48
38200	0.48	0.46	0.46	0	0	0.48
38300	0.48	0.46	0.46	0	0	0.48
38400	0.48	0.46	0.46	0	0	0.48
38500	0.48	0.46	0.46	0	0	0.48
38600	0.48	0.46	0.46	0	0	0.48
38700	0.5	0.46	0.46	0	0	0.5
38800	0.5	0.46	0.46	0	0	0.5
38900	0.5	0.46	0.46	0	0	0.5
39000	0.5	0.46	0.46	0	0	0.5
39100	0.5	0.46	0.46	0	0	0.5
39200	0.5	0.46	0.46	0	0	0.5
39300	0.5	0.46	0.46	0	0	0.5
39400	0.5	0.46	0.46	0	0	0.5
39500	0.5	0.46	0.46	0	0	0.5
39600	0.5	0.46	0.46	0	0	0.5
39700	0.5	0.46	0.46	0	0	0.5
39800	0.5	0.46	0.46	0	0	0.5
39900	0.5	0.46	0.46	0	0	0.5
40000	0.5	0.46	0.46	0	0	0.5
40100	0.5	0.46	0.46	0	0	0.5
40200	0.5	0.46	0.46	0	0	0.5
40300	0.5	0.46	0.46	0	0	0.5
40400	0.5	0.46	0.46	0	0	0.5
40500	0.5	0.46	0.46	0	0	0.5
40600	0.5	0.46	0.46	0	0	0.5
40700	0.5	0.46	0.46	0	0	0.5
40800	0.5	0.46	0.46	0	0	0.5
40900	0.5	0.46	0.46	0	0	0.5
41000	0.5	0.46	0.46	0	0	0.5
41100	0.5	0.46	0.46	0	0	0.5
41200	0.5	0.46	0.46	0	0	0.5
41300	0.5	0.46	0.46	0	0	0.5
41400	0.5	0.46	0.46	0	0	0.5
41500	0.5	0.46	0.46	0	0	0.5
41600	0.5	0.46	0.46	0	0	0.5
41700	0.5	0.46	0.46	0	0	0.5
41800	0.5	0.46	0.46	0	0	0.5
41900	0.5	0.46	0.46	0	0	0.5
42000	0.5	0.46	0.46	0	0	0.5
42100	0.5	0.46	0.46	0	0	0.5
42200	0.5	0.46	0.46	0	0	0.5
42300	0.5	0.46	0.46	0	0	0.5
42400	0.5	0.46	0.46	0	0	0.5
42500	0.5	0.46	0.46	0	0	0.5
42600	0.5	0.46	0.46	0	0	0.5
42700	0.5	0.46	0.46	0	0	0.5
42800	0.5	0.46	0.46	0	0	0.5
42900	0.5	0.46	0.46	0	0	0.5
43000	0.5	0.46	0.46	0	0	0.5
43100	0.5	0.46	0.46	0	0	0.5
43200	0.5	0.46	0.46	0	0	0.5
43300	0.5	0.46	0.46	0	0	0.5
43400	0.5	0.46	0.46	0	0	0.5
43500	0.5	0.46	0.46	0	0	0.5
43600	0.5	0.46	0.46	0	0	0.5
43700	0.5	0.46	0.46	0	0	0.5
43800	0.5	0.46	0.46	0	0	0.5
43900	0.48	0.46	0.46	0	0	0.48
44000	0.46	0.46	0.46	0	0	0.46
44100	0.46	0.46	0.46	0	0	0.46
44200	0.46	0.46	0.46	0	0	0.46
44300	0.46	0.48	0.48	0	0	0.46
44400	0.46	0.48	0.48	0	0	0.46
44500	0.46	0.48	0.48	0	0	0.46
44600	0.46	0.48	0.48	0	0	0.46
44700	0.46	0.48	0.48	0	0	0.46
44800	0.46	0.48	0.48	0	0	0.46
44900	0.46	0.48	0.48	0	0	0.46
45000	0.46	0.48	0.48	0	0	0.46
45100	0.46	0.48	0.48	0	0	0.46
45200	0.46	0.48	0.48	0	0	0.46
45300	0.46	0.48	0.48	0	0	0.46
45400	0.46	0.48	0.48	0	0	0.46
45500	0.46	0.48	0.48	0	0	0.46
45600	0.46	0.48	0.48	0	0	0.46
45700	0.46	0.48	0.48	0	0	0.46
45800	0.46	0.48	0.48	0	0	0.46
45900	0.46	0.48	0.48	0	0	0.46
46000	0.46	0.48	0.48	0	0	0.46
46100	0.46	0.48	0.48	0	0	0.46
46200	0.48	0.48	0.48	0	0	0.48
46300	0.48	0.48	0.48	0	0	0.48
46400	0.48	0.48	0.48	0	0	0.48
46500	0.48	0.48	0.48	0	0	0.48
46600	0.48	0.48	0.48	0	0	0.48
46700	0.48	0.48	0.48	0	0	0.48
46800	0.48	0.48	0.48	0	0	0.48
46900	0.48	0.48	0.48	0	0	0.48
47000	0.48	0.48	0.48	0	0	0.48
47100	0.5	0.46	0.46	0	0	0.5
47200	0.5	0.46	0.46	0	0	0.5
47300	0.5	0.46	0.46	0	0	0.5
47400	0.5	0.46	0.46	0	0	0.5
47500	0.5	0.46	0.46	0	0	0.5
47600	0.5	0.46	0.46	0	0	0.5
47700	0.5	0.46	0.46	0	0	0.5
47800	0.5	0.46	0.46	0	0	0.5
47900	0.5	0.46	0.46	0	0	0.5
48000	0.5	0.46	0.46	0	0	0.5
48100	0.5	0.46	0.46	0	0	0.5
48200	0.5	0.46	0.46	0	0	0.5
48300	0.5	0.46	0.46	0	0	0.5
48400	0.5	0.46	0.46	0	0	0.5
48500	0.5	0.46	0.46	0	0	0.5
48600	0.5	0.46	0.46	0	0	0.5
48700	0.5	0.46	0.46	0	0	0.5
48800	0.48	0.46	0.46	0	0	0.48
48900	0.48	0.46	0.46	0	0	0.48
49000	0.48	0.46	0.46	0	0	0.48
49100	0.48	0.46	0.46	0	0	0.48
49200	0.48	0.48	0.48	0	0	0.48
49300	0.48	0.48	0.48	0	0	0.48
49400	0.48	0.48	0.48	0	0	0.48
49500	0.48	0.48	0.48	0	0	0.48
49600	0.48	0.48	0.48	0	0	0.48
49700	0.48	0.48	0.48	0	0	0.48
49800	0.48	0.48	0.48	0	0	0.48
49900	0.48	0.48	0.48	0	0	0.48
50000	0.48	0.48	0.48	0	0	0.48
50100	0.48	0.5	0.5	0	0	0.48
50200	0.48	0.5	0.5	0	0	0.48
50300	0.48	0.5	0.5	0	0	0.48
50400	0.48	0.5	0.5	0	0	0.48
50500	0.48	0.5	0.5	0	0	0.48
50600	0.48	0.5	0.5	0	0	0.48
50700	0.48	0.5	0.5	0	0	0.48
50800	0.48	0.5	0.5	0	0	0.48
50900	0.48	0.5	0.5	0	0	0.48
51000	0.48	0.5	0.5	0	0	0.48
51100	0.48	0.5	0.5	0	0	0.48
51200	0.48	0.5	0.5	0	0	0.48
51300	0.48	0.5	0.5	0	0	0.48
51400	0.48	0.5	0.5	0	0	0.48
51500	0.48	0.5	0.5	0	0	0.48
51600	0.48	0.5	0.5	0	0	0.48
51700	0.48	0.5	0.5	0	0	0.48
51800	0.48	0.5	0.5	0	0	0.48
51900	0.48	0.5	0.5	0	0	0.48
52000	0.48	0.5	0.5	0	0	0.48
52100	0.48	0.5	0.5	0	0	0.48
52200	0.48	0.5	0.5	0	0	0.48
52300	0.48	0.5	0.5	0	0	0.48
52400	0.48	0.5	0.5	0	0	0.48
52500	0.48	0.5	0.5	0	0	0.48
52600	0.48	0.5	0.5	0	0	0.48
52700	0.48	0.5	0.5	0	0	0.48
52800	0.48	0.5	0.5	0	0	0.48
52900	0.48	0.5	0.5	0	0	0.48
53000	0.48	0.5	0.5	0	0	0.48
53100	0.48	0.5	0.5	0	0	0.48
53200	0.48	0.5	0.5	0	0	0.48
53300	0.48	0.5	0.5	0	0	0.48
53400	0.48	0.5	0.5	0	0	0.48
53500	0.48	0.5	0.5	0	0	0.48
53600	0.48	0.5	0.5	0	0	0.48
53700	0.48	0.5	0.5	0	0	0.48
53800	0.48	0.5	0.5	0	0	0.48
53900	0.48	0.5	0.5	0	0	0.48
54000	0.48	0.5	0.5	0	0	0.48
54100	0.48	0.5	0.5	0	0	0.48
54200	0.48	0.5	0.5	0	0	0.48
54300	0.48	0.5	0.5	0	0	0.48
54400	0.48	0.5	0.5	0	0	0.48
54500	0.48	0.5	0.5	0	0	0.48
54600	0.48	0.5	0.5	0	0	0.48
54700	0.48	0.5	0.5	0	0	0.48
54800	0.48	0.5	0.5	0	0	0.48
54900	0.48	0.5	0.5	0	0	0.48
55000	0.48	0.5	0.5	0	0	0.48
55100	0.48	0.5	0.5	0	0	0.48
55200	0.48	0.5	0.5	0	0	0.48
55300	0.48	0.5	0.5	0	0	0.48
55400	0.48	0.5	0.5	0	0	0.48
55500	0.48	0.5	0.5	0	0	0.48
55600	0.48	0.5	0.5	0	0	0.48
55700	0.48	0.5	0.5	0	0	0.48
55800	0.48	0.5	0.5	0	0	0.48
55900	0.48	0.5	0.5	0	0	0.48
56000	0.48	0.5	0.5	0	0	0.48
56100	0.48	0.5	0.5	0	0	0.48
56200	0.48	0.5	0.5	0	0	0.48
56300	0.48	0.5	0.5	0	0	0.48
56400	0.48	0.5	0.5	0	0	0.48
56500	0.48	0.5	0.5	0	0	0.48
56600	0.48	0.5	0.5	0	0	0.48
56700	0.48	0.5	0.5	0	0	0.48
56800	0.48	0.5	0.5	0	0	0.48
56900	0.48	0.5	0.5	0	0	0.48
57000	0.48	0.5	0.5	0	0	0.48
57100	0.48	0.5	0.5	0	0	0.48
57200	0.48	0.5	0.5	0	0	0.48
57300	0.48	0.5	0.5	0	0	0.48
57400	0.48	0.5	0.5	0	0	0.48
57500	0.48	0.5	0.5	0	0	0.48
57600	0.48	0.5	0.5	0	0	0.48
57700	0.48	0.5	0.5	0	0	0.48
57800	0.48	0.5	0.5	0	0	0.48
57900	0.48	0.5	0.5	0	0	0.48
58000	0.48	0.5	0.5	0	0	0.48
58100	0.48	0.5	0.5	0	0	0.48
58200	0.48	0.5	0.5	0	0	0.48
58300	0.48	0.5	0.5	0	0	0.48
58400	0.48	0.5	0.5	0	0	0.48
58500	0.48	0.5	0.5	0	0	0.48
58600	0.48	0.5	0.5	0	0	0.48
58700	0.48	0.5	0.5	0	0	0.48
58800	0.48	0.5	0.5	0	0	0.48
58900	0.48	0.5	0.5	0	0	0.48
59000	0.48	0.5	0.5	0	0	0.48
59100	0.48	0.5	0.5	0	0	0.48
59200	0.48	0.5	0.5	0	0	0.48
59300	0.48	0.5	0.5	0	0	0.48
59400	0.48	0.5	0.5	0	0	0.48
59500	0.48	0.5	0.5	0	0	0.48
59600	0.48	0.5	0.5	0	0	0.48
59700	0.48	0.5	0.5	0	0	0.48
59800	0.48	0.5	0.5	0	0	0.48
59900	0.48	0.5	0.5	0	0	0.48
60000	0.48	0.5	0.5	0	0	0.48
60100	0.48	0.48	0.48	0	0	0.48
60200	0.48	0.48	0.48	0	0	0.48
60300	0.48	0.48	0.48	0	0	0.48
60400	0.48	0.48	0.48	0	0	0.48
60500	0.48	0.48	0.48	0	0	0.48
60600	0.48	0.48	0.48	0	0	0.48
60700	0.48	0.48	0.48	0	0	0.48
60800	0.48	0.48	0.48	0	0	0.48
60900	0.48	0.48	0.48	0	0	0.48
61000	0.48	0.48	0.48	0	0	0.48
61100	0.48	0.48	0.48	0	0	0.48
61200	0.48	0.48	0.48	0	0	0.48
61300	0.48	0.48	0.48	0	0	0.48
61400	0.48	0.48	0.48	0	0	0.48
61500	0.48	0.48	0.48	0	0	0.48
61600	0.48	0.48	0.48	0	0	0.48
61700	0.48	0.48	0.48	0	0	0.48
61800	0.48	0.48	0.48	0	0	0.48
61900	0.48	0.48	0.48	0	0	0.48
62000	0.48	0.5	0.5	0	0	0.48
62100	0.48	0.5	0.5	0	0	0.48
62200	0.48	0.5	0.5	0	0	0.48
62300	0.48	0.5	0.5	0	0	0.48
62400	0.48	0.5	0.5	0	0	0.48
62500	0.48	0.5	0.5	0	0	0.48
62600	0.48	0.5	0.5	0	0	0.48
62700	0.48	0.5	0.5	0	0	0.48
62800	0.48	0.5	0.5	0	0	0.48
62900	0.48	0.5	0.5	0	0	0.48
63000	0.48	0.5	0.5	0	0	0.48
63100	0.48	0.5	0.5	0	0	0.48
63200	0.48	0.5	0.5	0	0	0.48
63300	0.48	0.5	0.5	0	0	0.48
63400	0.48	0.5	0.5	0	0	0.48
63500	0.48	0.5	0.5	0	0	0.48
63600	0.48	0.5	0.5	0	0	0.48
63700	0.48	0.5	0.5	0	0	0.48
63800	0.48	0.5	0.5	0	0	0.48
63900	0.48	0.5	0.5	0	0	0.48
64000	0.48	0.5	0.5	0	0	0.48
64100	0.48	0.5	0.5	0	0	0.48
64200	0.48	0.5	0.5	0	0	0.48
64300	0.48	0.5	0.5	0	0	0.48
64400	0.48	0.5	0.5	0	0	0.48
64500	0.48	0.5	0.5	0	0	0.48
64600	0.48	0.5	0.5	0	0	0.48
64700	0.48	0.5	0.5	0	0	0.48
64800	0.48	0.5	0.5	0	0	0.48
64900	0.48	0.5	0.5	0	0	0.48
65000	0.48	0.5	0.5	0	0	0.48
65100	0.48	0.5	0.5	0	0	0.48
65200	0.48	0.5	0.5	0	0	0.48
65300	0.48	0.5	0.5	0	0	0.48
65400	0.48	0.5	0.5	0	0	0.48
65500	0.48	0.5	0.5	0	0	0.48
65600	0.48	0.5	0.5	0	0	0.48
65700	0.48	0.5	0.5	0	0	0.48
65800	0.48	0.5	0.5	0	0	0.48
65900	0.48	0.5	0.5	0	0	0.48
66000	0.48	0.5	0.5	0	0	0.48
66100	0.48	0.5	0.5	0	0	0.48
66200	0.48	0.5	0.5	0	0	0.48
66300	0.48	0.5	0.5	0	0	0.48
66400	0.48	0.48	0.48	0	0	0.48
66500	0.48	0.48	0.48	0	0	0.48
66600	0.48	0.48	0.48	0	0	0.48
66700	0.48	0.48	0.48	0	0	0.48
66800	0.48	0.48	0.48	0	0	0.48
66900	0.48	0.48	0.48	0	0	0.48
67000	0.48	0.48	0.48	0	0	0.48
67100	0.48	0.48	0.48	0	0	0.48
67200	0.48	0.48	0.48	0	0	0.48
67300	0.48	0.46	0.46	0	0	0.48
67400	0.48	0.46	0.46	0	0	0.48
67500	0.48	0.46	0.46	0	0	0.48
67600	0.48	0.46	0.46	0	0	0.48
67700	0.48	0.46	0.46	0	0	0.48
67800	0.48	0.46	0.46	0	0	0.48
67900	0.48	0.46	0.46	0	0	0.48
68000	0.48	0.46	0.46	0	0	0.48
68100	0.48	0.46	0.46	0	0	0.48
68200	0.48	0.46	0.46	0	0	0.48
68300	0.48	0.46	0.46	0	0	0.48
68400	0.48	0.46	0.46	0	0	0.48
68500	0.48	0.46	0.46	0	0	0.48
68600	0.48	0.46	0.46	0	0	0.48
68700	0.48	0.46	0.46	0	0	0.48
68800	0.48	0.46	0.46	0	0	0.48
68900	0.48	0.46	0.46	0	0	0.48
69000	0.48	0.46	0.46	0	0	0.48
69100	0.48	0.46	0.46	0	0	0.48
69200	0.46	0.46	0.46	0	0	0.46
69300	0.46	0.46	0.46	0	0	0.46
69400	0.46	0.46	0.46	0	0	0.46
69500	0.46	0.46	0.46	0	0	0.46
69600	0.46	0.46	0.46	0	0	0.46
69700	0.46	0.46	0.46	0	0	0.46
69800	0.46	0.46	0.46	0	0	0.46
69900	0.46	0.46	0.46	0	0	0.46
70000	0.46	0.46	0.46	0	0	0.46
70100	0.46	0.46	0.46	0	0	0.46
70200	0.46	0.46	0.46	0	0	0.46
70300	0.46	0.46	0.46	0	0	0.46
70400	0.46	0.46	0.46	0	0	0.46
70500	0.46	0.46	0.46	0	0	0.46
70600	0.46	0.46	0.46	0	0	0.46
70700	0.46	0.46	0.46	0	0	0.46
70800	0.44	0.46	0.46	0	0	0.44
70900	0.44	0.46	0.46	0	0	0.44
71000	0.44	0.46	0.46	0	0	0.44
71100	0.44	0.46	0.46	0	0	0.44
71200	0.44	0.46	0.46	0	0	0.44
71300	0.44	0.46	0.46	0	0	0.44
71400	0.44	0.46	0.46	0	0	0.44
71500	0.44	0.46	0.46	0	0	0.44
71600	0.42	0.46	0.46	0	0	0.42
71700	0.42	0.46	0.46	0	0	0.42
71800	0.42	0.46	0.46	0	0	0.42
71900	0.42	0.48	0.48	0	0	0.42
72000	0.42	0.48	0.48	0	0	0.42
72100	0.4	0.48	0.48	0	0	0.4
72200	0.4	0.5	0.5	0	0	0.4
72300	0.4	0.5	0.5	0	0	0.4
72400	0.4	0.5	0.5	0	0	0.4
72500	0.4	0.5	0.5	0	0	0.4
72600	0.4	0.5	0.5	0	0	0.4
72700	0.4	0.5	0.5	0	0	0.4
72800	0.4	0.5	0.5	0	0	0.4
72900	0.4	0.5	0.5	0	0	0.4
73000	0.4	0.5	0.5	0	0	0.4
73100	0.4	0.5	0.5	0	0	0.4
73200	0.4	0.5	0.5	0	0	0.4
73300	0.4	0.5	0.5	0	0	0.4
73400	0.4	0.5	0.5	0	0	0.4
73500	0.4	0.5	0.5	0	0	0.4
73600	0.4	0.52	0.52	0	0	0.4
73700	0.4	0.5	0.5	0	0	0.4
73800	0.4	0.5	0.5	0	0	0.4
73900	0.4	0.5	0.5	0	0	0.4
74000	0.4	0.5	0.5	0	0	0.4
74100	0.4	0.5	0.5	0	0	0.4
74200	0.4	0.5	0.5	0	0	0.4
74300	0.4	0.5	0.5	0	0	0.4
74400	0.4	0.5	0.5	0	0	0.4
74500	0.4	0.5	0.5	0	0	0.4
74600	0.4	0.5	0.5	0	0	0.4
74700	0.4	0.5	0.5	0	0	0.4
74800	0.42	0.5	0.5	0	0	0.42
74900	0.4	0.5	0.5	0	0	0.4
75000	0.44	0.5	0.5	0	0	0.44
75100	0.44	0.5	0.5	0	0	0.44
75200	0.44	0.5	0.5	0	0	0.44
75300	0.44	0.5	0.5	0	0	0.44
75400	0.44	0.5	0.5	0	0	0.44
75500	0.44	0.5	0.5	0	0	0.44
75600	0.44	0.5	0.5	0	0	0.44
75700	0.44	0.5	0.5	0	0	0.44
75800	0.44	0.5	0.5	0	0	0.44
75900	0.44	0.5	0.5	0	0	0.44
76000	0.44	0.5	0.5	0	0	0.44
76100	0.44	0.5	0.5	0	0	0.44
76200	0.44	0.5	0.5	0	0	0.44
76300	0.44	0.5	0.5	0	0	0.44
76400	0.44	0.5	0.5	0	0	0.44
76500	0.44	0.5	0.5	0	0	0.44
76600	0.44	0.5	0.5	0	0	0.44
76700	0.44	0.5	0.5	0	0	0.44
76800	0.44	0.5	0.5	0	0	0.44
76900	0.44	0.5	0.5	0	0	0.44
77000	0.44	0.5	0.5	0	0	0.44
77100	0.44	0.5	0.5	0	0	0.44
77200	0.44	0.5	0.5	0	0	0.44
77300	0.44	0.5	0.5	0	0	0.44
77400	0.44	0.5	0.5	0	0	0.44
77500	0.46	0.5	0.5	0	0	0.46
77600	0.44	0.5	0.5	0	0	0.44
77700	0.44	0.5	0.5	0	0	0.44
77800	0.44	0.5	0.5	0	0	0.44
77900	0.44	0.5	0.5	0	0	0.44
78000	0.44	0.5	0.5	0	0	0.44
78100	0.44	0.5	0.5	0	0	0.44
78200	0.44	0.5	0.5	0	0	0.44
78300	0.44	0.5	0.5	0	0	0.44
78400	0.44	0.5	0.5	0	0	0.44
78500	0.46	0.5	0.5	0	0	0.46
78600	0.46	0.5	0.5	0	0	0.46
78700	0.46	0.5	0.5	0	0	0.46
78800	0.46	0.5	0.5	0	0	0.46
78900	0.46	0.5	0.5	0	0	0.46
79000	0.46	0.5	0.5	0	0	0.46
79100	0.46	0.5	0.5	0	0	0.46
79200	0.46	0.5	0.5	0	0	0.46
79300	0.46	0.5	0.5	0	0	0.46
79400	0.46	0.5	0.5	0	0	0.46
79500	0.46	0.5	0.5	0	0	0.46
79600	0.46	0.5	0.5	0	0	0.46
79700	0.46	0.5	0.5	0	0	0.46
79800	0.46	0.5	0.5	0	0	0.46
79900	0.46	0.5	0.5	0	0	0.46
80000	0.46	0.52	0.52	0	0	0.46
80100	0.46	0.52	0.52	0	0	0.46
80200	0.46	0.52	0.52	0	0	0.46
80300	0.46	0.52	0.52	0	0	0.46
80400	0.46	0.52	0.52	0	0	0.46
80500	0.46	0.52	0.52	0	0	0.46
80600	0.46	0.52	0.52	0	0	0.46
80700	0.46	0.52	0.52	0	0	0.46
80800	0.46	0.52	0.52	0	0	0.46
80900	0.46	0.52	0.52	0	0	0.46
81000	0.46	0.52	0.52	0	0	0.46
81100	0.46	0.52	0.52	0	0	0.46
81200	0.46	0.52	0.52	0	0	0.46
81300	0.46	0.52	0.52	0	0	0.46
81400	0.46	0.52	0.52	0	0	0.46
81500	0.46	0.52	0.52	0	0	0.46
81600	0.46	0.52	0.52	0	0	0.46
81700	0.46	0.52	0.52	0	0	0.46
81800	0.46	0.52	0.52	0	0	0.46
81900	0.46	0.52	0.52	0	0	0.46
82000	0.46	0.52	0.52	0	0	0.46
82100	0.46	0.52	0.52	0	0	0.46
82200	0.46	0.52	0.52	0	0	0.46
82300	0.46	0.52	0.52	0	0	0.46
82400	0.46	0.52	0.52	0	0	0.46
82500	0.46	0.52	0.52	0	0	0.46
82600	0.46	0.5	0.5	0	0	0.46
82700	0.46	0.5	0.5	0	0	0.46
82800	0.46	0.5	0.5	0	0	0.46
82900	0.46	0.5	0.5	0	0	0.46
83000	0.46	0.5	0.5	0	0	0.46
83100	0.46	0.5	0.5	0	0	0.46
83200	0.46	0.5	0.5	0	0	0.46
83300	0.46	0.5	0.5	0	0	0.46
83400	0.46	0.5	0.5	0	0	0.46
83500	0.46	0.5	0.5	0	0	0.46
83600	0.44	0.5	0.5	0	0	0.44
83700	0.44	0.5	0.5	0	0	0.44
83800	0.44	0.5	0.5	0	0	0.44
83900	0.44	0.5	0.5	0	0	0.44
84000	0.44	0.5	0.5	0	0	0.44
84100	0.44	0.5	0.5	0	0	0.44
84200	0.44	0.5	0.5	0	0	0.44
84300	0.44	0.5	0.5	0	0	0.44
84400	0.44	0.5	0.5	0	0	0.44
84500	0.44	0.5	0.5	0	0	0.44
84600	0.44	0.5	0.5	0	0	0.44
84700	0.44	0.5	0.5	0	0	0.44
84800	0.44	0.5	0.5	0	0	0.44
84900	0.44	0.5	0.5	0	0	0.44
85000	0.44	0.5	0.5	0	0	0.44
85100	0.44	0.5	0.5	0	0	0.44
85200	0.44	0.5	0.5	0	0	0.44
85300	0.44	0.5	0.5	0	0	0.44
85400	0.44	0.5	0.5	0	0	0.44
85500	0.44	0.5	0.5	0	0	0.44
85600	0.44	0.5	0.5	0	0	0.44
85700	0.44	0.5	0.5	0	0	0.44
85800	0.44	0.5	0.5	0	0	0.44
85900	0.44	0.5	0.5	0	0	0.44
86000	0.44	0.5	0.5	0	0	0.44
86100	0.44	0.5	0.5	0	0	0.44
86200	0.44	0.5	0.5	0	0	0.44
86300	0.44	0.5	0.5	0	0	0.44
86400	0.44	0.5	0.5	0	0	0.44
86500	0.44	0.5	0.5	0	0	0.44
86600	0.44	0.5	0.5	0	0	0.44
86700	0.44	0.5	0.5	0	0	0.44
86800	0.44	0.48	0.48	0	0	0.44
86900	0.44	0.48	0.48	0	0	0.44
87000	0.44	0.48	0.48	0	0	0.44
87100	0.44	0.48	0.48	0	0	0.44
87200	0.44	0.48	0.48	0	0	0.44
87300	0.44	0.48	0.48	0	0	0.44
87400	0.44	0.48	0.48	0	0	0.44
87500	0.44	0.48	0.48	0	0	0.44
87600	0.44	0.48	0.48	0	0	0.44
87700	0.46	0.48	0.48	0	0	0.46
87800	0.46	0.48	0.48	0	0	0.46
87900	0.46	0.48	0.48	0	0	0.46
88000	0.46	0.48	0.48	0	0	0.46
88100	0.46	0.48	0.48	0	0	0.46
88200	0.46	0.48	0.48	0	0	0.46
88300	0.46	0.48	0.48	0	0	0.46
88400	0.46	0.48	0.48	0	0	0.46
88500	0.46	0.48	0.48	0	0	0.46
88600	0.48	0.48	0.48	0	0	0.48
88700	0.46	0.48	0.48	0	0	0.46
88800	0.46	0.48	0.48	0	0	0.46
88900	0.48	0.48	0.48	0	0	0.48
89000	0.48	0.48	0.48	0	0	0.48
89100	0.48	0.48	0.48	0	0	0.48
89200	0.48	0.48	0.48	0	0	0.48
89300	0.48	0.48	0.48	0	0	0.48
89400	0.48	0.48	0.48	0	0	0.48
89500	0.48	0.48	0.48	0	0	0.48
89600	0.48	0.48	0.48	0	0	0.48
89700	0.5	0.48	0.48	0	0	0.5
89800	0.5	0.48	0.48	0	0	0.5
89900	0.5	0.48	0.48	0	0	0.5
90000	0.5	0.48	0.48	0	0	0.5
90100	0.5	0.48	0.48	0	0	0.5
90200	0.5	0.48	0.48	0	0	0.5
90300	0.48	0.48	0.48	0	0	0.48
90400	0.48	0.48	0.48	0	0	0.48
90500	0.48	0.48	0.48	0	0	0.48
90600	0.46	0.48	0.48	0	0	0.46
90700	0.46	0.48	0.48	0	0	0.46
90800	0.46	0.48	0.48	0	0	0.46
90900	0.46	0.48	0.48	0	0	0.46
91000	0.46	0.48	0.48	0	0	0.46
91100	0.46	0.48	0.48	0	0	0.46
91200	0.46	0.48	0.48	0	0	0.46
91300	0.46	0.48	0.48	0	0	0.46
91400	0.46	0.48	0.48	0	0	0.46
91500	0.46	0.5	0.5	0	0	0.46
91600	0.46	0.5	0.5	0	0	0.46
91700	0.44	0.5	0.5	0	0	0.44
91800	0.44	0.5	0.5	0	0	0.44
91900	0.44	0.5	0.5	0	0	0.44
92000	0.44	0.5	0.5	0	0	0.44
92100	0.44	0.5	0.5	0	0	0.44
92200	0.44	0.5	0.5	0	0	0.44
92300	0.44	0.52	0.52	0	0	0.44
92400	0.44	0.52	0.52	0	0	0.44
92500	0.44	0.52	0.52	0	0	0.44
92600	0.44	0.52	0.52	0	0	0.44
92700	0.44	0.5	0.5	0	0	0.44
92800	0.44	0.5	0.5	0	0	0.44
92900	0.44	0.5	0.5	0	0	0.44
93000	0.44	0.5	0.5	0	0	0.44
93100	0.44	0.5	0.5	0	0	0.44
93200	0.44	0.5	0.5	0	0	0.44
93300	0.44	0.52	0.52	0	0	0.44
93400	0.44	0.52	0.52	0	0	0.44
93500	0.44	0.52	0.52	0	0	0.44
93600	0.44	0.52	0.52	0	0	0.44
93700	0.44	0.52	0.52	0	0	0.44
93800	0.44	0.52	0.52	0	0	0.44
93900	0.44	0.52	0.52	0	0	0.44
94000	0.44	0.52	0.52	0	0	0.44
94100	0.44	0.52	0.52	0	0	0.44
94200	0.44	0.52	0.52	0	0	0.44
94300	0.44	0.52	0.52	0	0	0.44
94400	0.44	0.52	0.52	0	0	0.44
94500	0.44	0.52	0.52	0	0	0.44
94600	0.44	0.52	0.52	0	0	0.44
94700	0.44	0.52	0.52	0	0	0.44
94800	0.44	0.52	0.52	0	0	0.44
94900	0.44	0.52	0.52	0	0	0.44
95000	0.44	0.52	0.52	0	0	0.44
95100	0.44	0.52	0.52	0	0	0.44
95200	0.46	0.52	0.52	0	0	0.46
95300	0.44	0.52	0.52	0	0	0.44
95400	0.44	0.52	0.52	0	0	0.44
95500	0.44	0.52	0.52	0	0	0.44
95600	0.44	0.52	0.52	0	0	0.44
95700	0.44	0.52	0.52	0	0	0.44
95800	0.44	0.52	0.52	0	0	0.44
95900	0.44	0.54	0.54	0	0	0.44
96000	0.44	0.52	0.52	0	0	0.44
96100	0.44	0.52	0.52	0	0	0.44
96200	0.44	0.52	0.52	0	0	0.44
96300	0.44	0.52	0.52	0	0	0.44
96400	0.44	0.52	0.52	0	0	0.44
96500	0.44	0.52	0.52	0	0	0.44
96600	0.44	0.52	0.52	0	0	0.44
96700	0.44	0.52	0.52	0	0	0.44
96800	0.44	0.52	0.52	0	0	0.44
96900	0.44	0.52	0.52	0	0	0.44
97000	0.44	0.52	0.52	0	0	0.44
97100	0.44	0.52	0.52	0	0	0.44
97200	0.44	0.52	0.52	0	0	0.44
97300	0.44	0.52	0.52	0	0	0.44
97400	0.44	0.52	0.52	0	0	0.44
97500	0.44	0.52	0.52	0	0	0.44
97600	0.44	0.52	0.52	0	0	0.44
97700	0.44	0.52	0.52	0	0	0.44
97800	0.44	0.52	0.52	0	0	0.44
97900	0.44	0.52	0.52	0	0	0.44
98000	0.44	0.52	0.52	0	0	0.44
98100	0.44	0.52	0.52	0	0	0.44
98200	0.44	0.52	0.52	0	0	0.44
98300	0.44	0.52	0.52	0	0	0.44
98400	0.44	0.52	0.52	0	0	0.44
98500	0.44	0.52	0.52	0	0	0.44
98600	0.44	0.52	0.52	0	0	0.44
98700	0.44	0.52	0.52	0	0	0.44
98800	0.44	0.52	0.52	0	0	0.44
98900	0.44	0.52	0.52	0	0	0.44
99000	0.46	0.52	0.52	0	0	0.46
99100	0.46	0.5	0.5	0	0	0.46
99200	0.46	0.5	0.5	0	0	0.46
99300	0.46	0.5	0.5	0	0	0.46
99400	0.46	0.5	0.5	0	0	0.46
99500	0.46	0.5	0.5	0	0	0.46
99600	0.48	0.5	0.5	0	0	0.48
99700	0.48	0.5	0.5	0	0	0.48
99800	0.48	0.5	0.5	0	0	0.48
99900	0.48	0.5	0.5	0	0	0.48
100000	0.48	0.5	0.5	0	0	0.48
