100	0.02	0.08	0.08	0	0	0.02
200	0.02	0.12	0.12	0	0	0.02
300	0.08	0.16	0.16	0	0	0.08
400	0.08	0.16	0.16	0	0	0.08
500	0.1	0.16	0.16	0	0	0.1
600	0.12	0.16	0.16	0	0	0.12
700	0.16	0.2	0.2	0	0	0.16
800	0.16	0.22	0.22	0	0	0.16
900	0.18	0.26	0.26	0	0	0.18
1000	0.2	0.26	0.26	0	0	0.2
1100	0.24	0.26	0.26	0	0	0.24
1200	0.24	0.26	0.26	0	0	0.24
1300	0.26	0.28	0.28	0	0	0.26
1400	0.24	0.3	0.3	0	0	0.24
1500	0.28	0.32	0.32	0	0	0.28
1600	0.32	0.3	0.3	0	0	0.32
1700	0.32	0.3	0.3	0	0	0.32
1800	0.32	0.3	0.3	0	0	0.32
1900	0.32	0.3	0.3	0	0	0.32
2000	0.32	0.32	0.32	0	0	0.32
2100	0.34	0.32	0.32	0	0	0.34
2200	0.34	0.34	0.34	0	0	0.34
2300	0.34	0.36	0.36	0	0	0.34
2400	0.32	0.36	0.36	0	0	0.32
2500	0.34	0.36	0.36	0	0	0.34
2600	0.34	0.38	0.38	0	0	0.34
2700	0.32	0.38	0.38	0	0	0.32
2800	0.32	0.4	0.4	0	0	0.32
2900	0.32	0.42	0.42	0	0	0.32
3000	0.34	0.42	0.42	0	0	0.34
3100	0.34	0.42	0.42	0	0	0.34
3200	0.34	0.42	0.42	0	0	0.34
3300	0.34	0.44	0.44	0	0	0.34
3400	0.38	0.44	0.44	0	0	0.38
3500	0.36	0.46	0.46	0	0	0.36
3600	0.36	0.46	0.46	0	0	0.36
3700	0.36	0.46	0.46	0	0	0.36
3800	0.36	0.44	0.44	0	0	0.36
3900	0.36	0.44	0.44	0	0	0.36
4000	0.36	0.44	0.44	0	0	0.36
4100	0.36	0.44	0.44	0	0	0.36
4200	0.36	0.44	0.44	0	0	0.36
4300	0.36	0.42	0.42	0	0	0.36
4400	0.36	0.42	0.42	0	0	0.36
4500	0.36	0.4	0.4	0	0	0.36
4600	0.36	0.4	0.4	0	0	0.36
4700	0.36	0.4	0.4	0	0	0.36
4800	0.36	0.4	0.4	0	0	0.36
4900	0.36	0.4	0.4	0	0	0.36
5000	0.36	0.4	0.4	0	0	0.36
5100	0.36	0.4	0.4	0	0	0.36
5200	0.36	0.42	0.42	0	0	0.36
5300	0.38	0.42	0.42	0	0	0.38
5400	0.36	0.44	0.44	0	0	0.36
5500	0.36	0.44	0.44	0	0	0.36
5600	0.34	0.44	0.44	0	0	0.34
5700	0.34	0.44	0.44	0	0	0.34
5800	0.34	0.44	0.44	0	0	0.34
5900	0.32	0.46	0.46	0	0	0.32
6000	0.32	0.46	0.46	0	0	0.32
6100	0.32	0.46	0.46	0	0	0.32
6200	0.32	0.46	0.46	0	0	0.32
6300	0.32	0.46	0.46	0	0	0.32
6400	0.28	0.46	0.46	0	0	0.28
6500	0.28	0.44	0.44	0	0	0.28
6600	0.28	0.44	0.44	0	0	0.28
6700	0.28	0.46	0.46	0	0	0.28
6800	0.3	0.46	0.46	0	0	0.3
6900	0.3	0.46	0.46	0	0	0.3
7000	0.3	0.48	0.48	0	0	0.3
7100	0.3	0.48	0.48	0	0	0.3
7200	0.3	0.48	0.48	0	0	0.3
7300	0.3	0.48	0.48	0	0	0.3
7400	0.3	0.48	0.48	0	0	0.3
7500	0.3	0.48	0.48	0	0	0.3
7600	0.3	0.48	0.48	0	0	0.3
7700	0.3	0.48	0.48	0	0	0.3
7800	0.32	0.52	0.52	0	0	0.32
7900	0.32	0.52	0.52	0	0	0.32
8000	0.32	0.52	0.52	0	0	0.32
8100	0.3	0.52	0.52	0	0	0.3
8200	0.3	0.54	0.54	0	0	0.3
8300	0.3	0.54	0.54	0	0	0.3
8400	0.3	0.54	0.54	0	0	0.3
8500	0.3	0.54	0.54	0	0	0.3
8600	0.3	0.54	0.54	0	0	0.3
8700	0.3	0.54	0.54	0	0	0.3
8800	0.3	0.54	0.54	0	0	0.3
8900	0.3	0.54	0.54	0	0	0.3
9000	0.3	0.54	0.54	0	0	0.3
9100	0.3	0.54	0.54	0	0	0.3
9200	0.3	0.54	0.54	0	0	0.3
9300	0.3	0.54	0.54	0	0	0.3
9400	0.3	0.56	0.56	0	0	0.3
9500	0.3	0.54	0.54	0	0	0.3
9600	0.3	0.54	0.54	0	0	0.3
9700	0.3	0.54	0.54	0	0	0.3
9800	0.32	0.54	0.54	0	0	0.32
9900	0.32	0.54	0.54	0	0	0.32
10000	0.32	0.54	0.54	0	0	0.32
10100	0.32	0.54	0.54	0	0	0.32
10200	0.32	0.54	0.54	0	0	0.32
10300	0.32	0.54	0.54	0	0	0.32
10400	0.32	0.54	0.54	0	0	0.32
10500	0.32	0.54	0.54	0	0	0.32
10600	0.32	0.54	0.54	0	0	0.32
10700	0.32	0.54	0.54	0	0	0.32
10800	0.32	0.54	0.54	0	0	0.32
10900	0.32	0.54	0.54	0	0	0.32
11000	0.32	0.54	0.54	0	0	0.32
11100	0.32	0.54	0.54	0	0	0.32
11200	0.32	0.54	0.54	0	0	0.32
11300	0.32	0.54	0.54	0	0	0.32
11400	0.34	0.54	0.54	0	0	0.34
11500	0.34	0.54	0.54	0	0	0.34
11600	0.34	0.54	0.54	0	0	0.34
11700	0.34	0.54	0.54	0	0	0.34
11800	0.34	0.54	0.54	0	0	0.34
11900	0.34	0.54	0.54	0	0	0.34
12000	0.34	0.54	0.54	0	0	0.34
12100	0.34	0.54	0.54	0	0	0.34
12200	0.34	0.54	0.54	0	0	0.34
12300	0.34	0.54	0.54	0	0	0.34
12400	0.34	0.54	0.54	0	0	0.34
12500	0.34	0.52	0.52	0	0	0.34
12600	0.34	0.52	0.52	0	0	0.34
12700	0.34	0.5	0.5	0	0	0.34
12800	0.34	0.5	0.5	0	0	0.34
12900	0.36	0.5	0.5	0	0	0.36
13000	0.36	0.5	0.5	0	0	0.36
13100	0.36	0.5	0.5	0	0	0.36
13200	0.36	0.5	0.5	0	0	0.36
13300	0.36	0.5	0.5	0	0	0.36
13400	0.36	0.5	0.5	0	0	0.36
13500	0.36	0.5	0.5	0	0	0.36
13600	0.36	0.54	0.54	0	0	0.36
13700	0.38	0.54	0.54	0	0	0.38
13800	0.38	0.54	0.54	0	0	0.38
13900	0.38	0.54	0.54	0	0	0.38
14000	0.38	0.54	0.54	0	0	0.38
14100	0.38	0.54	0.54	0	0	0.38
14200	0.38	0.54	0.54	0	0	0.38
14300	0.38	0.56	0.56	0	0	0.38
14400	0.38	0.56	0.56	0	0	0.38
14500	0.36	0.56	0.56	0	0	0.36
14600	0.36	0.56	0.56	0	0	0.36
14700	0.38	0.56	0.56	0	0	0.38
14800	0.36	0.56	0.56	0	0	0.36
14900	0.36	0.56	0.56	0	0	0.36
15000	0.36	0.56	0.56	0	0	0.36
15100	0.38	0.58	0.58	0	0	0.38
15200	0.38	0.58	0.58	0	0	0.38
15300	0.38	0.58	0.58	0	0	0.38
15400	0.38	0.54	0.54	0	0	0.38
15500	0.38	0.54	0.54	0	0	0.38
15600	0.38	0.54	0.54	0	0	0.38
15700	0.38	0.54	0.54	0	0	0.38
15800	0.38	0.54	0.54	0	0	0.38
15900	0.38	0.54	0.54	0	0	0.38
16000	0.38	0.54	0.54	0	0	0.38
16100	0.38	0.54	0.54	0	0	0.38
16200	0.38	0.54	0.54	0	0	0.38
16300	0.38	0.54	0.54	0	0	0.38
16400	0.38	0.54	0.54	0	0	0.38
16500	0.38	0.54	0.54	0	0	0.38
16600	0.36	0.54	0.54	0	0	0.36
16700	0.36	0.54	0.54	0	0	0.36
16800	0.36	0.52	0.52	0	0	0.36
16900	0.36	0.52	0.52	0	0	0.36
17000	0.38	0.54	0.54	0	0	0.38
17100	0.38	0.52	0.52	0	0	0.38
17200	0.38	0.52	0.52	0	0	0.38
17300	0.38	0.52	0.52	0	0	0.38
17400	0.38	0.52	0.52	0	0	0.38
17500	0.38	0.52	0.52	0	0	0.38
17600	0.38	0.52	0.52	0	0	0.38
17700	0.38	0.54	0.54	0	0	0.38
17800	0.36	0.54	0.54	0	0	0.36
17900	0.36	0.52	0.52	0	0	0.36
18000	0.36	0.52	0.52	0	0	0.36
18100	0.36	0.52	0.52	0	0	0.36
18200	0.36	0.52	0.52	0	0	0.36
18300	0.36	0.52	0.52	0	0	0.36
18400	0.36	0.52	0.52	0	0	0.36
18500	0.36	0.52	0.52	0	0	0.36
18600	0.36	0.52	0.52	0	0	0.36
18700	0.36	0.52	0.52	0	0	0.36
18800	0.36	0.52	0.52	0	0	0.36
18900	0.36	0.52	0.52	0	0	0.36
19000	0.36	0.54	0.54	0	0	0.36
19100	0.38	0.54	0.54	0	0	0.38
19200	0.38	0.54	0.54	0	0	0.38
19300	0.4	0.54	0.54	0	0	0.4
19400	0.4	0.54	0.54	0	0	0.4
19500	0.38	0.54	0.54	0	0	0.38
19600	0.38	0.54	0.54	0	0	0.38
19700	0.38	0.54	0.54	0	0	0.38
19800	0.38	0.54	0.54	0	0	0.38
19900	0.4	0.54	0.54	0	0	0.4
20000	0.4	0.54	0.54	0	0	0.4
20100	0.4	0.52	0.52	0	0	0.4
20200	0.4	0.52	0.52	0	0	0.4
20300	0.4	0.52	0.52	0	0	0.4
20400	0.4	0.52	0.52	0	0	0.4
20500	0.4	0.52	0.52	0	0	0.4
20600	0.4	0.5	0.5	0	0	0.4
20700	0.4	0.5	0.5	0	0	0.4
20800	0.4	0.5	0.5	0	0	0.4
20900	0.4	0.5	0.5	0	0	0.4
21000	0.4	0.5	0.5	0	0	0.4
21100	0.4	0.5	0.5	0	0	0.4
21200	0.4	0.5	0.5	0	0	0.4
21300	0.4	0.5	0.5	0	0	0.4
21400	0.4	0.5	0.5	0	0	0.4
21500	0.4	0.52	0.52	0	0	0.4
21600	0.4	0.52	0.52	0	0	0.4
21700	0.4	0.52	0.52	0	0	0.4
21800	0.42	0.52	0.52	0	0	0.42
21900	0.42	0.52	0.52	0	0	0.42
22000	0.42	0.52	0.52	0	0	0.42
22100	0.42	0.52	0.52	0	0	0.42
22200	0.42	0.52	0.52	0	0	0.42
22300	0.42	0.54	0.54	0	0	0.42
22400	0.42	0.54	0.54	0	0	0.42
22500	0.42	0.52	0.52	0	0	0.42
22600	0.42	0.52	0.52	0	0	0.42
22700	0.42	0.52	0.52	0	0	0.42
22800	0.42	0.52	0.52	0	0	0.42
22900	0.4	0.52	0.52	0	0	0.4
23000	0.4	0.52	0.52	0	0	0.4
23100	0.4	0.52	0.52	0	0	0.4
23200	0.4	0.52	0.52	0	0	0.4
23300	0.4	0.52	0.52	0	0	0.4
23400	0.42	0.52	0.52	0	0	0.42
23500	0.42	0.52	0.52	0	0	0.42
23600	0.42	0.52	0.52	0	0	0.42
23700	0.4	0.54	0.54	0	0	0.4
23800	0.4	0.52	0.52	0	0	0.4
23900	0.4	0.52	0.52	0	0	0.4
24000	0.4	0.52	0.52	0	0	0.4
24100	0.4	0.52	0.52	0	0	0.4
24200	0.4	0.52	0.52	0	0	0.4
24300	0.4	0.52	0.52	0	0	0.4
24400	0.4	0.52	0.52	0	0	0.4
24500	0.4	0.52	0.52	0	0	0.4
24600	0.4	0.52	0.52	0	0	0.4
24700	0.4	0.52	0.52	0	0	0.4
24800	0.4	0.54	0.54	0	0	0.4
24900	0.4	0.52	0.52	0	0	0.4
25000	0.4	0.52	0.52	0	0	0.4
25100	0.4	0.52	0.52	0	0	0.4
25200	0.42	0.52	0.52	0	0	0.42
25300	0.42	0.52	0.52	0	0	0.42
25400	0.42	0.52	0.52	0	0	0.42
25500	0.42	0.52	0.52	0	0	0.42
25600	0.42	0.52	0.52	0	0	0.42
25700	0.42	0.52	0.52	0	0	0.42
25800	0.42	0.52	0.52	0	0	0.42
25900	0.42	0.52	0.52	0	0	0.42
26000	0.42	0.52	0.52	0	0	0.42
26100	0.42	0.52	0.52	0	0	0.42
26200	0.44	0.52	0.52	0	0	0.44
26300	0.46	0.52	0.52	0	0	0.46
26400	0.46	0.52	0.52	0	0	0.46
26500	0.46	0.52	0.52	0	0	0.46
26600	0.46	0.52	0.52	0	0	0.46
26700	0.46	0.52	0.52	0	0	0.46
26800	0.46	0.52	0.52	0	0	0.46
26900	0.46	0.52	0.52	0	0	0.46
27000	0.46	0.52	0.52	0	0	0.46
27100	0.46	0.52	0.52	0	0	0.46
27200	0.46	0.52	0.52	0	0	0.46
27300	0.46	0.52	0.52	0	0	0.46
27400	0.46	0.52	0.52	0	0	0.46
27500	0.46	0.52	0.52	0	0	0.46
27600	0.46	0.52	0.52	0	0	0.46
27700	0.46	0.52	0.52	0	0	0.46
27800	0.46	0.52	0.52	0	0	0.46
27900	0.46	0.5	0.5	0	0	0.46
28000	0.46	0.5	0.5	0	0	0.46
28100	0.46	0.5	0.5	0	0	0.46
28200	0.46	0.5	0.5	0	0	0.46
28300	0.44	0.48	0.48	0	0	0.44
28400	0.46	0.48	0.48	0	0	0.46
28500	0.46	0.48	0.48	0	0	0.46
28600	0.46	0.48	0.48	0	0	0.46
28700	0.44	0.48	0.48	0	0	0.44
28800	0.44	0.48	0.48	0	0	0.44
28900	0.44	0.48	0.48	0	0	0.44
29000	0.44	0.48	0.48	0	0	0.44
29100	0.44	0.48	0.48	0	0	0.44
29200	0.46	0.48	0.48	0	0	0.46
29300	0.46	0.48	0.48	0	0	0.46
29400	0.46	0.48	0.48	0	0	0.46
29500	0.46	0.48	0.48	0	0	0.46
29600	0.46	0.48	0.48	0	0	0.46
29700	0.46	0.48	0.48	0	0	0.46
29800	0.48	0.48	0.48	0	0	0.48
29900	0.48	0.48	0.48	0	0	0.48
30000	0.48	0.48	0.48	0	0	0.48
30100	0.48	0.48	0.48	0	0	0.48
30200	0.48	0.48	0.48	0	0	0.48
30300	0.48	0.48	0.48	0	0	0.48
30400	0.48	0.48	0.48	0	0	0.48
30500	0.48	0.48	0.48	0	0	0.48
30600	0.48	0.48	0.48	0	0	0.48
30700	0.48	0.5	0.5	0	0	0.48
30800	0.46	0.5	0.5	0	0	0.46
30900	0.44	0.5	0.5	0	0	0.44
31000	0.44	0.5	0.5	0	0	0.44
31100	0.44	0.5	0.5	0	0	0.44
31200	0.44	0.5	0.5	0	0	0.44
31300	0.44	0.5	0.5	0	0	0.44
31400	0.44	0.5	0.5	0	0	0.44
31500	0.44	0.5	0.5	0	0	0.44
31600	0.44	0.52	0.52	0	0	0.44
31700	0.44	0.52	0.52	0	0	0.44
31800	0.44	0.52	0.52	0	0	0.44
31900	0.44	0.52	0.52	0	0	0.44
32000	0.44	0.52	0.52	0	0	0.44
32100	0.44	0.52	0.52	0	0	0.44
32200	0.44	0.52	0.52	0	0	0.44
32300	0.44	0.52	0.52	0	0	0.44
32400	0.44	0.52	0.52	0	0	0.44
32500	0.44	0.52	0.52	0	0	0.44
32600	0.44	0.52	0.52	0	0	0.44
32700	0.44	0.52	0.52	0	0	0.44
32800	0.46	0.54	0.54	0	0	0.46
32900	0.46	0.54	0.54	0	0	0.46
33000	0.46	0.52	0.52	0	0	0.46
33100	0.46	0.52	0.52	0	0	0.46
33200	0.46	0.52	0.52	0	0	0.46
33300	0.46	0.52	0.52	0	0	0.46
33400	0.46	0.52	0.52	0	0	0.46
33500	0.46	0.52	0.52	0	0	0.46
33600	0.46	0.52	0.52	0	0	0.46
33700	0.46	0.52	0.52	0	0	0.46
33800	0.46	0.52	0.52	0	0	0.46
33900	0.46	0.52	0.52	0	0	0.46
34000	0.46	0.52	0.52	0	0	0.46
34100	0.46	0.52	0.52	0	0	0.46
34200	0.48	0.52	0.52	0	0	0.48
34300	0.48	0.52	0.52	0	0	0.48
34400	0.48	0.52	0.52	0	0	0.48
34500	0.48	0.52	0.52	0	0	0.48
34600	0.48	0.52	0.52	0	0	0.48
34700	0.48	0.52	0.52	0	0	0.48
34800	0.48	0.52	0.52	0	0	0.48
34900	0.48	0.52	0.52	0	0	0.48
35000	0.48	0.52	0.52	0	0	0.48
35100	0.48	0.52	0.52	0	0	0.48
35200	0.48	0.52	0.52	0	0	0.48
35300	0.48	0.52	0.52	0	0	0.48
35400	0.48	0.52	0.52	0	0	0.48
35500	0.46	0.52	0.52	0	0	0.46
35600	0.46	0.52	0.52	0	0	0.46
35700	0.46	0.52	0.52	0	0	0.46
35800	0.46	0.52	0.52	0	0	0.46
35900	0.46	0.52	0.52	0	0	0.46
36000	0.46	0.52	0.52	0	0	0.46
36100	0.46	0.52	0.52	0	0	0.46
36200	0.46	0.52	0.52	0	0	0.46
36300	0.46	0.52	0.52	0	0	0.46
36400	0.46	0.52	0.52	0	0	0.46
36500	0.46	0.52	0.52	0	0	0.46
36600	0.46	0.52	0.52	0	0	0.46
36700	0.46	0.52	0.52	0	0	0.46
36800	0.46	0.52	0.52	0	0	0.46
36900	0.46	0.52	0.52	0	0	0.46
37000	0.46	0.52	0.52	0	0	0.46
37100	0.46	0.52	0.52	0	0	0.46
37200	0.46	0.52	0.52	0	0	0.46
37300	0.46	0.52	0.52	0	0	0.46
37400	0.46	0.52	0.52	0	0	0.46
37500	0.46	0.52	0.52	0	0	0.46
37600	0.46	0.52	0.52	0	0	0.46
37700	0.46	0.52	0.52	0	0	0.46
37800	0.46	0.52	0.52	0	0	0.46
37900	0.46	0.52	0.52	0	0	0.46
38000	0.46	0.52	0.52	0	0	0.46
38100	0.46	0.52	0.52	0	0	0.46
38200	0.46	0.52	0.52	0	0	0.46
38300	0.46	0.52	0.52	0	0	0.46
38400	0.46	0.5	0.5	0	0	0.46
38500	0.46	0.5	0.5	0	0	0.46
38600	0.46	0.5	0.5	0	0	0.46
38700	0.46	0.5	0.5	0	0	0.46
38800	0.46	0.52	0.52	0	0	0.46
38900	0.46	0.52	0.52	0	0	0.46
39000	0.46	0.52	0.52	0	0	0.46
39100	0.46	0.52	0.52	0	0	0.46
39200	0.46	0.52	0.52	0	0	0.46
39300	0.46	0.52	0.52	0	0	0.46
39400	0.46	0.52	0.52	0	0	0.46
39500	0.46	0.52	0.52	0	0	0.46
39600	0.46	0.52	0.52	0	0	0.46
39700	0.46	0.52	0.52	0	0	0.46
39800	0.46	0.52	0.52	0	0	0.46
39900	0.46	0.52	0.52	0	0	0.46
40000	0.46	0.52	0.52	0	0	0.46
40100	0.46	0.52	0.52	0	0	0.46
40200	0.46	0.52	0.52	0	0	0.46
40300	0.46	0.52	0.52	0	0	0.46
40400	0.46	0.52	0.52	0	0	0.46
40500	0.46	0.52	0.52	0	0	0.46
40600	0.46	0.52	0.52	0	0	0.46
40700	0.46	0.52	0.52	0	0	0.46
40800	0.46	0.52	0.52	0	0	0.46
40900	0.46	0.52	0.52	0	0	0.46
41000	0.46	0.52	0.52	0	0	0.46
41100	0.46	0.52	0.52	0	0	0.46
41200	0.46	0.52	0.52	0	0	0.46
41300	0.46	0.52	0.52	0	0	0.46
41400	0.46	0.52	0.52	0	0	0.46
41500	0.46	0.52	0.52	0	0	0.46
41600	0.46	0.52	0.52	0	0	0.46
41700	0.46	0.52	0.52	0	0	0.46
41800	0.46	0.52	0.52	0	0	0.46
41900	0.46	0.52	0.52	0	0	0.46
42000	0.46	0.52	0.52	0	0	0.46
42100	0.46	0.52	0.52	0	0	0.46
42200	0.46	0.52	0.52	0	0	0.46
42300	0.46	0.52	0.52	0	0	0.46
42400	0.46	0.52	0.52	0	0	0.46
42500	0.46	0.52	0.52	0	0	0.46
42600	0.46	0.52	0.52	0	0	0.46
42700	0.46	0.52	0.52	0	0	0.46
42800	0.46	0.52	0.52	0	0	0.46
42900	0.46	0.52	0.52	0	0	0.46
43000	0.46	0.52	0.52	0	0	0.46
43100	0.46	0.52	0.52	0	0	0.46
43200	0.46	0.52	0.52	0	0	0.46
43300	0.46	0.52	0.52	0	0	0.46
43400	0.46	0.52	0.52	0	0	0.46
43500	0.46	0.52	0.52	0	0	0.46
43600	0.46	0.54	0.54	0	0	0.46
43700	0.46	0.54	0.54	0	0	0.46
43800	0.46	0.54	0.54	0	0	0.46
43900	0.46	0.54	0.54	0	0	0.46
44000	0.46	0.54	0.54	0	0	0.46
44100	0.46	0.54	0.54	0	0	0.46
44200	0.46	0.54	0.54	0	0	0.46
44300	0.46	0.54	0.54	0	0	0.46
44400	0.46	0.54	0.54	0	0	0.46
44500	0.46	0.54	0.54	0	0	0.46
44600	0.46	0.54	0.54	0	0	0.46
44700	0.46	0.54	0.54	0	0	0.46
44800	0.46	0.54	0.54	0	0	0.46
44900	0.46	0.54	0.54	0	0	0.46
45000	0.46	0.54	0.54	0	0	0.46
45100	0.46	0.54	0.54	0	0	0.46
45200	0.46	0.54	0.54	0	0	0.46
45300	0.46	0.54	0.54	0	0	0.46
45400	0.46	0.54	0.54	0	0	0.46
45500	0.46	0.54	0.54	0	0	0.46
45600	0.46	0.54	0.54	0	0	0.46
45700	0.46	0.54	0.54	0	0	0.46
45800	0.46	0.54	0.54	0	0	0.46
45900	0.44	0.54	0.54	0	0	0.44
46000	0.44	0.54	0.54	0	0	0.44
46100	0.44	0.54	0.54	0	0	0.44
46200	0.44	0.54	0.54	0	0	0.44
46300	0.44	0.54	0.54	0	0	0.44
46400	0.44	0.54	0.54	0	0	0.44
46500	0.44	0.54	0.54	0	0	0.44
46600	0.44	0.54	0.54	0	0	0.44
46700	0.44	0.54	0.54	0	0	0.44
46800	0.44	0.54	0.54	0	0	0.44
46900	0.44	0.54	0.54	0	0	0.44
47000	0.44	0.54	0.54	0	0	0.44
47100	0.44	0.54	0.54	0	0	0.44
47200	0.44	0.54	0.54	0	0	0.44
47300	0.44	0.54	0.54	0	0	0.44
47400	0.44	0.54	0.54	0	0	0.44
47500	0.44	0.54	0.54	0	0	0.44
47600	0.44	0.56	0.56	0	0	0.44
47700	0.44	0.56	0.56	0	0	0.44
47800	0.44	0.56	0.56	0	0	0.44
47900	0.44	0.56	0.56	0	0	0.44
48000	0.44	0.56	0.56	0	0	0.44
48100	0.44	0.56	0.56	0	0	0.44
48200	0.44	0.54	0.54	0	0	0.44
48300	0.44	0.54	0.54	0	0	0.44
48400	0.44	0.54	0.54	0	0	0.44
48500	0.44	0.54	0.54	0	0	0.44
48600	0.44	0.54	0.54	0	0	0.44
48700	0.44	0.54	0.54	0	0	0.44
48800	0.44	0.54	0.54	0	0	0.44
48900	0.44	0.54	0.54	0	0	0.44
49000	0.44	0.54	0.54	0	0	0.44
49100	0.44	0.54	0.54	0	0	0.44
49200	0.44	0.54	0.54	0	0	0.44
49300	0.44	0.54	0.54	0	0	0.44
49400	0.44	0.54	0.54	0	0	0.44
49500	0.44	0.54	0.54	0	0	0.44
49600	0.44	0.54	0.54	0	0	0.44
49700	0.44	0.54	0.54	0	0	0.44
49800	0.44	0.54	0.54	0	0	0.44
49900	0.44	0.54	0.54	0	0	0.44
50000	0.44	0.54	0.54	0	0	0.44
50100	0.44	0.54	0.54	0	0	0.44
50200	0.44	0.54	0.54	0	0	0.44
50300	0.44	0.54	0.54	0	0	0.44
50400	0.44	0.54	0.54	0	0	0.44
50500	0.44	0.54	0.54	0	0	0.44
50600	0.44	0.54	0.54	0	0	0.44
50700	0.44	0.54	0.54	0	0	0.44
50800	0.44	0.54	0.54	0	0	0.44
50900	0.44	0.54	0.54	0	0	0.44
51000	0.44	0.54	0.54	0	0	0.44
51100	0.44	0.54	0.54	0	0	0.44
51200	0.44	0.54	0.54	0	0	0.44
51300	0.44	0.54	0.54	0	0	0.44
51400	0.44	0.54	0.54	0	0	0.44
51500	0.44	0.54	0.54	0	0	0.44
51600	0.44	0.54	0.54	0	0	0.44
51700	0.44	0.54	0.54	0	0	0.44
51800	0.44	0.54	0.54	0	0	0.44
51900	0.44	0.54	0.54	0	0	0.44
52000	0.44	0.54	0.54	0	0	0.44
52100	0.44	0.54	0.54	0	0	0.44
52200	0.44	0.54	0.54	0	0	0.44
52300	0.44	0.54	0.54	0	0	0.44
52400	0.44	0.54	0.54	0	0	0.44
52500	0.44	0.54	0.54	0	0	0.44
52600	0.44	0.54	0.54	0	0	0.44
52700	0.44	0.54	0.54	0	0	0.44
52800	0.44	0.54	0.54	0	0	0.44
52900	0.44	0.54	0.54	0	0	0.44
53000	0.44	0.54	0.54	0	0	0.44
53100	0.44	0.54	0.54	0	0	0.44
53200	0.44	0.54	0.54	0	0	0.44
53300	0.44	0.52	0.52	0	0	0.44
53400	0.44	0.52	0.52	0	0	0.44
53500	0.44	0.52	0.52	0	0	0.44
53600	0.44	0.52	0.52	0	0	0.44
53700	0.44	0.52	0.52	0	0	0.44
53800	0.44	0.52	0.52	0	0	0.44
53900	0.44	0.52	0.52	0	0	0.44
54000	0.44	0.52	0.52	0	0	0.44
54100	0.44	0.52	0.52	0	0	0.44
54200	0.44	0.52	0.52	0	0	0.44
54300	0.44	0.52	0.52	0	0	0.44
54400	0.44	0.52	0.52	0	0	0.44
54500	0.44	0.52	0.52	0	0	0.44
54600	0.44	0.52	0.52	0	0	0.44
54700	0.44	0.52	0.52	0	0	0.44
54800	0.44	0.52	0.52	0	0	0.44
54900	0.44	0.52	0.52	0	0	0.44
55000	0.44	0.52	0.52	0	0	0.44
55100	0.44	0.52	0.52	0	0	0.44
55200	0.44	0.52	0.52	0	0	0.44
55300	0.44	0.52	0.52	0	0	0.44
55400	0.44	0.52	0.52	0	0	0.44
55500	0.44	0.52	0.52	0	0	0.44
55600	0.44	0.52	0.52	0	0	0.44
55700	0.44	0.52	0.52	0	0	0.44
55800	0.44	0.52	0.52	0	0	0.44
55900	0.44	0.52	0.52	0	0	0.44
56000	0.44	0.52	0.52	0	0	0.44
56100	0.44	0.52	0.52	0	0	0.44
56200	0.44	0.52	0.52	0	0	0.44
56300	0.44	0.52	0.52	0	0	0.44
56400	0.44	0.52	0.52	0	0	0.44
56500	0.44	0.52	0.52	0	0	0.44
56600	0.42	0.52	0.52	0	0	0.42
56700	0.42	0.52	0.52	0	0	0.42
56800	0.42	0.52	0.52	0	0	0.42
56900	0.42	0.52	0.52	0	0	0.42
57000	0.42	0.52	0.52	0	0	0.42
57100	0.42	0.52	0.52	0	0	0.42
57200	0.42	0.52	0.52	0	0	0.42
57300	0.42	0.52	0.52	0	0	0.42
57400	0.42	0.52	0.52	0	0	0.42
57500	0.42	0.52	0.52	0	0	0.42
57600	0.42	0.52	0.52	0	0	0.42
57700	0.46	0.52	0.52	0	0	0.46
57800	0.46	0.52	0.52	0	0	0.46
57900	0.46	0.52	0.52	0	0	0.46
58000	0.46	0.52	0.52	0	0	0.46
58100	0.46	0.52	0.52	0	0	0.46
58200	0.46	0.52	0.52	0	0	0.46
58300	0.46	0.52	0.52	0	0	0.46
58400	0.46	0.52	0.52	0	0	0.46
58500	0.46	0.52	0.52	0	0	0.46
58600	0.46	0.52	0.52	0	0	0.46
58700	0.46	0.52	0.52	0	0	0.46
58800	0.46	0.52	0.52	0	0	0.46
58900	0.46	0.52	0.52	0	0	0.46
59000	0.46	0.52	0.52	0	0	0.46
59100	0.46	0.52	0.52	0	0	0.46
59200	0.46	0.52	0.52	0	0	0.46
59300	0.46	0.54	0.54	0	0	0.46
59400	0.46	0.54	0.54	0	0	0.46
59500	0.46	0.54	0.54	0	0	0.46
59600	0.46	0.54	0.54	0	0	0.46
59700	0.46	0.54	0.54	0	0	0.46
59800	0.46	0.52	0.52	0	0	0.46
59900	0.46	0.52	0.52	0	0	0.46
60000	0.46	0.52	0.52	0	0	0.46
60100	0.46	0.52	0.52	0	0	0.46
60200	0.46	0.52	0.52	0	0	0.46
60300	0.46	0.52	0.52	0	0	0.46
60400	0.46	0.52	0.52	0	0	0.46
60500	0.46	0.52	0.52	0	0	0.46
60600	0.46	0.54	0.54	0	0	0.46
60700	0.46	0.54	0.54	0	0	0.46
60800	0.46	0.54	0.54	0	0	0.46
60900	0.46	0.54	0.54	0	0	0.46
61000	0.46	0.54	0.54	0	0	0.46
61100	0.46	0.54	0.54	0	0	0.46
61200	0.46	0.54	0.54	0	0	0.46
61300	0.46	0.54	0.54	0	0	0.46
61400	0.46	0.54	0.54	0	0	0.46
61500	0.46	0.54	0.54	0	0	0.46
61600	0.46	0.54	0.54	0	0	0.46
61700	0.46	0.54	0.54	0	0	0.46
61800	0.46	0.54	0.54	0	0	0.46
61900	0.46	0.54	0.54	0	0	0.46
62000	0.46	0.54	0.54	0	0	0.46
62100	0.46	0.54	0.54	0	0	0.46
62200	0.46	0.54	0.54	0	0	0.46
62300	0.46	0.54	0.54	0	0	0.46
62400	0.46	0.54	0.54	0	0	0.46
62500	0.46	0.54	0.54	0	0	0.46
62600	0.46	0.54	0.54	0	0	0.46
62700	0.46	0.54	0.54	0	0	0.46
62800	0.46	0.54	0.54	0	0	0.46
62900	0.46	0.54	0.54	0	0	0.46
63000	0.46	0.54	0.54	0	0	0.46
63100	0.46	0.54	0.54	0	0	0.46
63200	0.46	0.54	0.54	0	0	0.46
63300	0.46	0.54	0.54	0	0	0.46
63400	0.44	0.54	0.54	0	0	0.44
63500	0.44	0.54	0.54	0	0	0.44
63600	0.44	0.54	0.54	0	0	0.44
63700	0.44	0.54	0.54	0	0	0.44
63800	0.44	0.54	0.54	0	0	0.44
63900	0.44	0.54	0.54	0	0	0.44
64000	0.44	0.54	0.54	0	0	0.44
64100	0.44	0.54	0.54	0	0	0.44
64200	0.44	0.54	0.54	0	0	0.44
64300	0.44	0.54	0.54	0	0	0.44
64400	0.44	0.54	0.54	0	0	0.44
64500	0.44	0.54	0.54	0	0	0.44
64600	0.44	0.54	0.54	0	0	0.44
64700	0.44	0.54	0.54	0	0	0.44
64800	0.44	0.54	0.54	0	0	0.44
64900	0.44	0.54	0.54	0	0	0.44
65000	0.44	0.54	0.54	0	0	0.44
65100	0.44	0.54	0.54	0	0	0.44
65200	0.44	0.54	0.54	0	0	0.44
65300	0.44	0.54	0.54	0	0	0.44
65400	0.44	0.54	0.54	0	0	0.44
65500	0.44	0.54	0.54	0	0	0.44
65600	0.44	0.54	0.54	0	0	0.44
65700	0.44	0.54	0.54	0	0	0.44
65800	0.44	0.54	0.54	0	0	0.44
65900	0.44	0.54	0.54	0	0	0.44
66000	0.44	0.54	0.54	0	0	0.44
66100	0.44	0.54	0.54	0	0	0.44
66200	0.44	0.54	0.54	0	0	0.44
66300	0.44	0.54	0.54	0	0	0.44
66400	0.44	0.54	0.54	0	0	0.44
66500	0.44	0.54	0.54	0	0	0.44
66600	0.44	0.54	0.54	0	0	0.44
66700	0.44	0.54	0.54	0	0	0.44
66800	0.44	0.54	0.54	0	0	0.44
66900	0.44	0.54	0.54	0	0	0.44
67000	0.44	0.54	0.54	0	0	0.44
67100	0.44	0.54	0.54	0	0	0.44
67200	0.44	0.54	0.54	0	0	0.44
67300	0.44	0.54	0.54	0	0	0.44
67400	0.44	0.54	0.54	0	0	0.44
67500	0.44	0.54	0.54	0	0	0.44
67600	0.44	0.54	0.54	0	0	0.44
67700	0.44	0.54	0.54	0	0	0.44
67800	0.44	0.54	0.54	0	0	0.44
67900	0.44	0.54	0.54	0	0	0.44
68000	0.44	0.54	0.54	0	0	0.44
68100	0.44	0.54	0.54	0	0	0.44
68200	0.44	0.54	0.54	0	0	0.44
68300	0.44	0.54	0.54	0	0	0.44
68400	0.44	0.54	0.54	0	0	0.44
68500	0.44	0.54	0.54	0	0	0.44
68600	0.44	0.54	0.54	0	0	0.44
68700	0.44	0.54	0.54	0	0	0.44
68800	0.44	0.54	0.54	0	0	0.44
68900	0.42	0.54	0.54	0	0	0.42
69000	0.42	0.54	0.54	0	0	0.42
69100	0.42	0.54	0.54	0	0	0.42
69200	0.42	0.54	0.54	0	0	0.42
69300	0.42	0.54	0.54	0	0	0.42
69400	0.42	0.54	0.54	0	0	0.42
69500	0.42	0.54	0.54	0	0	0.42
69600	0.42	0.54	0.54	0	0	0.42
69700	0.42	0.54	0.54	0	0	0.42
69800	0.42	0.54	0.54	0	0	0.42
69900	0.42	0.54	0.54	0	0	0.42
70000	0.42	0.54	0.54	0	0	0.42
70100	0.42	0.54	0.54	0	0	0.42
70200	0.42	0.54	0.54	0	0	0.42
70300	0.42	0.54	0.54	0	0	0.42
70400	0.42	0.54	0.54	0	0	0.42
70500	0.42	0.54	0.54	0	0	0.42
70600	0.42	0.54	0.54	0	0	0.42
70700	0.42	0.54	0.54	0	0	0.42
70800	0.42	0.54	0.54	0	0	0.42
70900	0.42	0.54	0.54	0	0	0.42
71000	0.42	0.54	0.54	0	0	0.42
71100	0.42	0.54	0.54	0	0	0.42
71200	0.42	0.54	0.54	0	0	0.42
71300	0.42	0.54	0.54	0	0	0.42
71400	0.42	0.54	0.54	0	0	0.42
71500	0.42	0.54	0.54	0	0	0.42
71600	0.4	0.54	0.54	0	0	0.4
71700	0.4	0.54	0.54	0	0	0.4
71800	0.4	0.54	0.54	0	0	0.4
71900	0.4	0.54	0.54	0	0	0.4
72000	0.4	0.54	0.54	0	0	0.4
72100	0.4	0.54	0.54	0	0	0.4
72200	0.4	0.54	0.54	0	0	0.4
72300	0.4	0.54	0.54	0	0	0.4
72400	0.4	0.54	0.54	0	0	0.4
72500	0.4	0.54	0.54	0	0	0.4
72600	0.4	0.54	0.54	0	0	0.4
72700	0.4	0.54	0.54	0	0	0.4
72800	0.4	0.54	0.54	0	0	0.4
72900	0.4	0.54	0.54	0	0	0.4
73000	0.4	0.54	0.54	0	0	0.4
73100	0.4	0.54	0.54	0	0	0.4
73200	0.4	0.54	0.54	0	0	0.4
73300	0.4	0.54	0.54	0	0	0.4
73400	0.4	0.56	0.56	0	0	0.4
73500	0.4	0.54	0.54	0	0	0.4
73600	0.4	0.54	0.54	0	0	0.4
73700	0.4	0.54	0.54	0	0	0.4
73800	0.42	0.54	0.54	0	0	0.42
73900	0.4	0.54	0.54	0	0	0.4
74000	0.4	0.54	0.54	0	0	0.4
74100	0.4	0.54	0.54	0	0	0.4
74200	0.4	0.54	0.54	0	0	0.4
74300	0.4	0.54	0.54	0	0	0.4
74400	0.4	0.54	0.54	0	0	0.4
74500	0.4	0.54	0.54	0	0	0.4
74600	0.4	0.54	0.54	0	0	0.4
74700	0.4	0.54	0.54	0	0	0.4
74800	0.4	0.54	0.54	0	0	0.4
74900	0.4	0.54	0.54	0	0	0.4
75000	0.38	0.54	0.54	0	0	0.38
75100	0.38	0.54	0.54	0	0	0.38
75200	0.38	0.54	0.54	0	0	0.38
75300	0.38	0.54	0.54	0	0	0.38
75400	0.38	0.54	0.54	0	0	0.38
75500	0.38	0.54	0.54	0	0	0.38
75600	0.38	0.54	0.54	0	0	0.38
75700	0.38	0.54	0.54	0	0	0.38
75800	0.38	0.54	0.54	0	0	0.38
75900	0.38	0.54	0.54	0	0	0.38
76000	0.38	0.54	0.54	0	0	0.38
76100	0.38	0.54	0.54	0	0	0.38
76200	0.38	0.54	0.54	0	0	0.38
76300	0.38	0.54	0.54	0	0	0.38
76400	0.38	0.54	0.54	0	0	0.38
76500	0.38	0.54	0.54	0	0	0.38
76600	0.38	0.54	0.54	0	0	0.38
76700	0.38	0.54	0.54	0	0	0.38
76800	0.38	0.54	0.54	0	0	0.38
76900	0.38	0.54	0.54	0	0	0.38
77000	0.38	0.56	0.56	0	0	0.38
77100	0.38	0.56	0.56	0	0	0.38
77200	0.38	0.56	0.56	0	0	0.38
77300	0.38	0.56	0.56	0	0	0.38
77400	0.38	0.56	0.56	0	0	0.38
77500	0.38	0.56	0.56	0	0	0.38
77600	0.38	0.56	0.56	0	0	0.38
77700	0.38	0.56	0.56	0	0	0.38
77800	0.4	0.56	0.56	0	0	0.4
77900	0.4	0.56	0.56	0	0	0.4
78000	0.4	0.56	0.56	0	0	0.4
78100	0.4	0.56	0.56	0	0	0.4
78200	0.4	0.56	0.56	0	0	0.4
78300	0.4	0.56	0.56	0	0	0.4
78400	0.4	0.56	0.56	0	0	0.4
78500	0.4	0.56	0.56	0	0	0.4
78600	0.4	0.56	0.56	0	0	0.4
78700	0.4	0.56	0.56	0	0	0.4
78800	0.4	0.56	0.56	0	0	0.4
78900	0.4	0.56	0.56	0	0	0.4
79000	0.4	0.54	0.54	0	0	0.4
79100	0.4	0.54	0.54	0	0	0.4
79200	0.4	0.54	0.54	0	0	0.4
79300	0.4	0.54	0.54	0	0	0.4
79400	0.4	0.54	0.54	0	0	0.4
79500	0.4	0.54	0.54	0	0	0.4
79600	0.4	0.54	0.54	0	0	0.4
79700	0.4	0.54	0.54	0	0	0.4
79800	0.4	0.54	0.54	0	0	0.4
79900	0.4	0.54	0.54	0	0	0.4
80000	0.4	0.54	0.54	0	0	0.4
80100	0.38	0.54	0.54	0	0	0.38
80200	0.38	0.54	0.54	0	0	0.38
80300	0.38	0.54	0.54	0	0	0.38
80400	0.38	0.54	0.54	0	0	0.38
80500	0.38	0.54	0.54	0	0	0.38
80600	0.38	0.54	0.54	0	0	0.38
80700	0.38	0.54	0.54	0	0	0.38
80800	0.38	0.54	0.54	0	0	0.38
80900	0.38	0.54	0.54	0	0	0.38
81000	0.38	0.54	0.54	0	0	0.38
81100	0.38	0.54	0.54	0	0	0.38
81200	0.38	0.54	0.54	0	0	0.38
81300	0.38	0.54	0.54	0	0	0.38
81400	0.38	0.54	0.54	0	0	0.38
81500	0.38	0.54	0.54	0	0	0.38
81600	0.38	0.54	0.54	0	0	0.38
81700	0.38	0.54	0.54	0	0	0.38
81800	0.38	0.54	0.54	0	0	0.38
81900	0.38	0.54	0.54	0	0	0.38
82000	0.38	0.54	0.54	0	0	0.38
82100	0.38	0.54	0.54	0	0	0.38
82200	0.38	0.54	0.54	0	0	0.38
82300	0.38	0.54	0.54	0	0	0.38
82400	0.38	0.54	0.54	0	0	0.38
82500	0.38	0.54	0.54	0	0	0.38
82600	0.38	0.54	0.54	0	0	0.38
82700	0.38	0.54	0.54	0	0	0.38
82800	0.38	0.54	0.54	0	0	0.38
82900	0.38	0.54	0.54	0	0	0.38
83000	0.38	0.54	0.54	0	0	0.38
83100	0.38	0.54	0.54	0	0	0.38
83200	0.38	0.54	0.54	0	0	0.38
83300	0.38	0.54	0.54	0	0	0.38
83400	0.36	0.54	0.54	0	0	0.36
83500	0.36	0.56	0.56	0	0	0.36
83600	0.36	0.56	0.56	0	0	0.36
83700	0.36	0.56	0.56	0	0	0.36
83800	0.36	0.56	0.56	0	0	0.36
83900	0.36	0.56	0.56	0	0	0.36
84000	0.36	0.56	0.56	0	0	0.36
84100	0.36	0.56	0.56	0	0	0.36
84200	0.36	0.56	0.56	0	0	0.36
84300	0.36	0.56	0.56	0	0	0.36
84400	0.36	0.56	0.56	0	0	0.36
84500	0.36	0.56	0.56	0	0	0.36
84600	0.36	0.56	0.56	0	0	0.36
84700	0.38	0.56	0.56	0	0	0.38
84800	0.38	0.56	0.56	0	0	0.38
84900	0.36	0.56	0.56	0	0	0.36
85000	0.36	0.56	0.56	0	0	0.36
85100	0.36	0.56	0.56	0	0	0.36
85200	0.36	0.56	0.56	0	0	0.36
85300	0.34	0.56	0.56	0	0	0.34
85400	0.34	0.56	0.56	0	0	0.34
85500	0.34	0.56	0.56	0	0	0.34
85600	0.34	0.56	0.56	0	0	0.34
85700	0.34	0.56	0.56	0	0	0.34
85800	0.34	0.56	0.56	0	0	0.34
85900	0.34	0.56	0.56	0	0	0.34
86000	0.34	0.56	0.56	0	0	0.34
86100	0.34	0.56	0.56	0	0	0.34
86200	0.34	0.56	0.56	0	0	0.34
86300	0.34	0.56	0.56	0	0	0.34
86400	0.34	0.56	0.56	0	0	0.34
86500	0.34	0.56	0.56	0	0	0.34
86600	0.36	0.56	0.56	0	0	0.36
86700	0.34	0.56	0.56	0	0	0.34
86800	0.34	0.56	0.56	0	0	0.34
86900	0.34	0.56	0.56	0	0	0.34
87000	0.34	0.54	0.54	0	0	0.34
87100	0.34	0.54	0.54	0	0	0.34
87200	0.34	0.54	0.54	0	0	0.34
87300	0.34	0.54	0.54	0	0	0.34
87400	0.34	0.54	0.54	0	0	0.34
87500	0.34	0.54	0.54	0	0	0.34
87600	0.34	0.52	0.52	0	0	0.34
87700	0.34	0.52	0.52	0	0	0.34
87800	0.34	0.52	0.52	0	0	0.34
87900	0.34	0.52	0.52	0	0	0.34
88000	0.34	0.52	0.52	0	0	0.34
88100	0.34	0.52	0.52	0	0	0.34
88200	0.34	0.52	0.52	0	0	0.34
88300	0.34	0.52	0.52	0	0	0.34
88400	0.34	0.52	0.52	0	0	0.34
88500	0.34	0.52	0.52	0	0	0.34
88600	0.34	0.52	0.52	0	0	0.34
88700	0.34	0.54	0.54	0	0	0.34
88800	0.34	0.54	0.54	0	0	0.34
88900	0.34	0.54	0.54	0	0	0.34
89000	0.34	0.54	0.54	0	0	0.34
89100	0.34	0.54	0.54	0	0	0.34
89200	0.34	0.54	0.54	0	0	0.34
89300	0.34	0.54	0.54	0	0	0.34
89400	0.34	0.54	0.54	0	0	0.34
89500	0.34	0.54	0.54	0	0	0.34
89600	0.34	0.54	0.54	0	0	0.34
89700	0.34	0.54	0.54	0	0	0.34
89800	0.34	0.54	0.54	0	0	0.34
89900	0.34	0.54	0.54	0	0	0.34
90000	0.34	0.54	0.54	0	0	0.34
90100	0.34	0.54	0.54	0	0	0.34
90200	0.34	0.54	0.54	0	0	0.34
90300	0.34	0.54	0.54	0	0	0.34
90400	0.34	0.54	0.54	0	0	0.34
90500	0.34	0.54	0.54	0	0	0.34
90600	0.34	0.52	0.52	0	0	0.34
90700	0.36	0.52	0.52	0	0	0.36
90800	0.36	0.52	0.52	0	0	0.36
90900	0.36	0.52	0.52	0	0	0.36
91000	0.36	0.52	0.52	0	0	0.36
91100	0.36	0.52	0.52	0	0	0.36
91200	0.36	0.52	0.52	0	0	0.36
91300	0.36	0.52	0.52	0	0	0.36
91400	0.36	0.52	0.52	0	0	0.36
91500	0.36	0.52	0.52	0	0	0.36
91600	0.36	0.52	0.52	0	0	0.36
91700	0.36	0.52	0.52	0	0	0.36
91800	0.36	0.52	0.52	0	0	0.36
91900	0.36	0.52	0.52	0	0	0.36
92000	0.36	0.52	0.52	0	0	0.36
92100	0.36	0.52	0.52	0	0	0.36
92200	0.36	0.54	0.54	0	0	0.36
92300	0.36	0.56	0.56	0	0	0.36
92400	0.36	0.56	0.56	0	0	0.36
92500	0.36	0.56	0.56	0	0	0.36
92600	0.36	0.56	0.56	0	0	0.36
92700	0.36	0.56	0.56	0	0	0.36
92800	0.36	0.56	0.56	0	0	0.36
92900	0.36	0.56	0.56	0	0	0.36
93000	0.36	0.56	0.56	0	0	0.36
93100	0.36	0.56	0.56	0	0	0.36
93200	0.36	0.56	0.56	0	0	0.36
93300	0.36	0.56	0.56	0	0	0.36
93400	0.36	0.56	0.56	0	0	0.36
93500	0.36	0.56	0.56	0	0	0.36
93600	0.36	0.56	0.56	0	0	0.36
93700	0.36	0.58	0.58	0	0	0.36
93800	0.36	0.58	0.58	0	0	0.36
93900	0.36	0.58	0.58	0	0	0.36
94000	0.36	0.58	0.58	0	0	0.36
94100	0.36	0.58	0.58	0	0	0.36
94200	0.36	0.58	0.58	0	0	0.36
94300	0.36	0.58	0.58	0	0	0.36
94400	0.36	0.58	0.58	0	0	0.36
94500	0.36	0.58	0.58	0	0	0.36
94600	0.36	0.58	0.58	0	0	0.36
94700	0.36	0.58	0.58	0	0	0.36
94800	0.36	0.58	0.58	0	0	0.36
94900	0.36	0.58	0.58	0	0	0.36
95000	0.36	0.58	0.58	0	0	0.36
95100	0.36	0.58	0.58	0	0	0.36
95200	0.36	0.58	0.58	0	0	0.36
95300	0.36	0.58	0.58	0	0	0.36
95400	0.36	0.58	0.58	0	0	0.36
95500	0.36	0.58	0.58	0	0	0.36
95600	0.36	0.58	0.58	0	0	0.36
95700	0.36	0.58	0.58	0	0	0.36
95800	0.36	0.58	0.58	0	0	0.36
95900	0.36	0.58	0.58	0	0	0.36
96000	0.36	0.58	0.58	0	0	0.36
96100	0.36	0.58	0.58	0	0	0.36
96200	0.36	0.58	0.58	0	0	0.36
96300	0.36	0.58	0.58	0	0	0.36
96400	0.38	0.58	0.58	0	0	0.38
96500	0.38	0.58	0.58	0	0	0.38
96600	0.38	0.58	0.58	0	0	0.38
96700	0.38	0.58	0.58	0	0	0.38
96800	0.38	0.58	0.58	0	0	0.38
96900	0.38	0.58	0.58	0	0	0.38
97000	0.38	0.58	0.58	0	0	0.38
97100	0.38	0.58	0.58	0	0	0.38
97200	0.38	0.58	0.58	0	0	0.38
97300	0.38	0.58	0.58	0	0	0.38
97400	0.38	0.58	0.58	0	0	0.38
97500	0.38	0.58	0.58	0	0	0.38
97600	0.38	0.58	0.58	0	0	0.38
97700	0.38	0.58	0.58	0	0	0.38
97800	0.38	0.58	0.58	0	0	0.38
97900	0.38	0.58	0.58	0	0	0.38
98000	0.38	0.58	0.58	0	0	0.38
98100	0.38	0.58	0.58	0	0	0.38
98200	0.38	0.58	0.58	0	0	0.38
98300	0.38	0.58	0.58	0	0	0.38
98400	0.38	0.58	0.58	0	0	0.38
98500	0.38	0.58	0.58	0	0	0.38
98600	0.38	0.58	0.58	0	0	0.38
98700	0.38	0.58	0.58	0	0	0.38
98800	0.38	0.58	0.58	0	0	0.38
98900	0.38	0.58	0.58	0	0	0.38
99000	0.38	0.58	0.58	0	0	0.38
99100	0.38	0.58	0.58	0	0	0.38
99200	0.38	0.58	0.58	0	0	0.38
99300	0.38	0.58	0.58	0	0	0.38
99400	0.38	0.58	0.58	0	0	0.38
99500	0.38	0.58	0.58	0	0	0.38
99600	0.38	0.58	0.58	0	0	0.38
99700	0.36	0.58	0.58	0	0	0.36
99800	0.36	0.58	0.58	0	0	0.36
99900	0.36	0.58	0.58	0	0	0.36
100000	0.36	0.6	0.6	0	0	0.36
