100	0.14	0.08	0.08	0	0	0.14
200	0.14	0.12	0.12	0	0	0.14
300	0.18	0.12	0.12	0	0	0.18
400	0.2	0.12	0.12	0	0	0.2
500	0.18	0.12	0.12	0	0	0.18
600	0.18	0.16	0.16	0	0	0.18
700	0.18	0.2	0.2	0	0	0.18
800	0.18	0.2	0.2	0	0	0.18
900	0.18	0.2	0.2	0	0	0.18
1000	0.2	0.22	0.22	0	0	0.2
1100	0.22	0.22	0.22	0	0	0.22
1200	0.22	0.22	0.22	0	0	0.22
1300	0.24	0.22	0.22	0	0	0.24
1400	0.24	0.26	0.26	0	0	0.24
1500	0.24	0.3	0.3	0	0	0.24
1600	0.24	0.3	0.3	0	0	0.24
1700	0.24	0.3	0.3	0	0	0.24
1800	0.24	0.3	0.3	0	0	0.24
1900	0.24	0.32	0.32	0	0	0.24
2000	0.24	0.34	0.34	0	0	0.24
2100	0.28	0.34	0.34	0	0	0.28
2200	0.3	0.34	0.34	0	0	0.3
2300	0.28	0.36	0.36	0	0	0.28
2400	0.28	0.36	0.36	0	0	0.28
2500	0.28	0.36	0.36	0	0	0.28
2600	0.3	0.36	0.36	0	0	0.3
2700	0.3	0.34	0.34	0	0	0.3
2800	0.32	0.34	0.34	0	0	0.32
2900	0.32	0.34	0.34	0	0	0.32
3000	0.32	0.34	0.34	0	0	0.32
3100	0.32	0.34	0.34	0	0	0.32
3200	0.34	0.34	0.34	0	0	0.34
3300	0.34	0.34	0.34	0	0	0.34
3400	0.34	0.34	0.34	0	0	0.34
3500	0.34	0.34	0.34	0	0	0.34
3600	0.32	0.36	0.36	0	0	0.32
3700	0.34	0.36	0.36	0	0	0.34
3800	0.34	0.36	0.36	0	0	0.34
3900	0.32	0.36	0.36	0	0	0.32
4000	0.32	0.36	0.36	0	0	0.32
4100	0.32	0.34	0.34	0	0	0.32
4200	0.32	0.34	0.34	0	0	0.32
4300	0.36	0.36	0.36	0	0	0.36
4400	0.34	0.36	0.36	0	0	0.34
4500	0.34	0.36	0.36	0	0	0.34
4600	0.32	0.38	0.38	0	0	0.32
4700	0.3	0.42	0.42	0	0	0.3
4800	0.32	0.42	0.42	0	0	0.32
4900	0.32	0.42	0.42	0	0	0.32
5000	0.34	0.42	0.42	0	0	0.34
5100	0.32	0.42	0.42	0	0	0.32
5200	0.32	0.44	0.44	0	0	0.32
5300	0.32	0.44	0.44	0	0	0.32
5400	0.32	0.44	0.44	0	0	0.32
5500	0.32	0.42	0.42	0	0	0.32
5600	0.32	0.42	0.42	0	0	0.32
5700	0.32	0.42	0.42	0	0	0.32
5800	0.32	0.42	0.42	0	0	0.32
5900	0.3	0.42	0.42	0	0	0.3
6000	0.3	0.42	0.42	0	0	0.3
6100	0.3	0.44	0.44	0	0	0.3
6200	0.3	0.44	0.44	0	0	0.3
6300	0.3	0.46	0.46	0	0	0.3
6400	0.3	0.46	0.46	0	0	0.3
6500	0.3	0.46	0.46	0	0	0.3
6600	0.3	0.46	0.46	0	0	0.3
6700	0.3	0.46	0.46	0	0	0.3
6800	0.3	0.46	0.46	0	0	0.3
6900	0.3	0.48	0.48	0	0	0.3
7000	0.3	0.48	0.48	0	0	0.3
7100	0.3	0.5	0.5	0	0	0.3
7200	0.3	0.48	0.48	0	0	0.3
7300	0.3	0.48	0.48	0	0	0.3
7400	0.3	0.48	0.48	0	0	0.3
7500	0.3	0.46	0.46	0	0	0.3
7600	0.3	0.5	0.5	0	0	0.3
7700	0.3	0.5	0.5	0	0	0.3
7800	0.3	0.52	0.52	0	0	0.3
7900	0.3	0.5	0.5	0	0	0.3
8000	0.32	0.5	0.5	0	0	0.32
8100	0.32	0.48	0.48	0	0	0.32
8200	0.32	0.48	0.48	0	0	0.32
8300	0.34	0.5	0.5	0	0	0.34
8400	0.34	0.5	0.5	0	0	0.34
8500	0.34	0.5	0.5	0	0	0.34
8600	0.34	0.5	0.5	0	0	0.34
8700	0.34	0.5	0.5	0	0	0.34
8800	0.34	0.5	0.5	0	0	0.34
8900	0.32	0.5	0.5	0	0	0.32
9000	0.32	0.5	0.5	0	0	0.32
9100	0.32	0.5	0.5	0	0	0.32
9200	0.34	0.5	0.5	0	0	0.34
9300	0.34	0.48	0.48	0	0	0.34
9400	0.36	0.48	0.48	0	0	0.36
9500	0.36	0.48	0.48	0	0	0.36
9600	0.36	0.48	0.48	0	0	0.36
9700	0.36	0.48	0.48	0	0	0.36
9800	0.36	0.48	0.48	0	0	0.36
9900	0.36	0.5	0.5	0	0	0.36
10000	0.36	0.5	0.5	0	0	0.36
10100	0.36	0.5	0.5	0	0	0.36
10200	0.36	0.52	0.52	0	0	0.36
10300	0.36	0.52	0.52	0	0	0.36
10400	0.36	0.52	0.52	0	0	0.36
10500	0.36	0.52	0.52	0	0	0.36
10600	0.36	0.52	0.52	0	0	0.36
10700	0.36	0.52	0.52	0	0	0.36
10800	0.36	0.5	0.5	0	0	0.36
10900	0.36	0.5	0.5	0	0	0.36
11000	0.36	0.5	0.5	0	0	0.36
11100	0.36	0.5	0.5	0	0	0.36
11200	0.36	0.5	0.5	0	0	0.36
11300	0.36	0.5	0.5	0	0	0.36
11400	0.36	0.5	0.5	0	0	0.36
11500	0.36	0.5	0.5	0	0	0.36
11600	0.36	0.48	0.48	0	0	0.36
11700	0.36	0.48	0.48	0	0	0.36
11800	0.36	0.48	0.48	0	0	0.36
11900	0.36	0.48	0.48	0	0	0.36
12000	0.36	0.48	0.48	0	0	0.36
12100	0.36	0.48	0.48	0	0	0.36
12200	0.36	0.48	0.48	0	0	0.36
12300	0.36	0.48	0.48	0	0	0.36
12400	0.38	0.48	0.48	0	0	0.38
12500	0.38	0.48	0.48	0	0	0.38
12600	0.38	0.48	0.48	0	0	0.38
12700	0.38	0.48	0.48	0	0	0.38
12800	0.38	0.48	0.48	0	0	0.38
12900	0.38	0.48	0.48	0	0	0.38
13000	0.38	0.48	0.48	0	0	0.38
13100	0.4	0.5	0.5	0	0	0.4
13200	0.4	0.5	0.5	0	0	0.4
13300	0.4	0.5	0.5	0	0	0.4
13400	0.4	0.5	0.5	0	0	0.4
13500	0.4	0.5	0.5	0	0	0.4
13600	0.4	0.5	0.5	0	0	0.4
13700	0.4	0.48	0.48	0	0	0.4
13800	0.4	0.46	0.46	0	0	0.4
13900	0.4	0.46	0.46	0	0	0.4
14000	0.4	0.46	0.46	0	0	0.4
14100	0.4	0.46	0.46	0	0	0.4
14200	0.4	0.46	0.46	0	0	0.4
14300	0.4	0.46	0.46	0	0	0.4
14400	0.4	0.46	0.46	0	0	0.4
14500	0.4	0.46	0.46	0	0	0.4
14600	0.4	0.46	0.46	0	0	0.4
14700	0.4	0.46	0.46	0	0	0.4
14800	0.4	0.46	0.46	0	0	0.4
14900	0.4	0.46	0.46	0	0	0.4
15000	0.4	0.44	0.44	0	0	0.4
15100	0.4	0.44	0.44	0	0	0.4
15200	0.4	0.44	0.44	0	0	0.4
15300	0.4	0.44	0.44	0	0	0.4
15400	0.4	0.44	0.44	0	0	0.4
15500	0.4	0.44	0.44	0	0	0.4
15600	0.4	0.46	0.46	0	0	0.4
15700	0.4	0.46	0.46	0	0	0.4
15800	0.4	0.46	0.46	0	0	0.4
15900	0.4	0.46	0.46	0	0	0.4
16000	0.4	0.46	0.46	0	0	0.4
16100	0.4	0.48	0.48	0	0	0.4
16200	0.38	0.46	0.46	0	0	0.38
16300	0.38	0.46	0.46	0	0	0.38
16400	0.4	0.46	0.46	0	0	0.4
16500	0.4	0.46	0.46	0	0	0.4
16600	0.4	0.46	0.46	0	0	0.4
16700	0.38	0.46	0.46	0	0	0.38
16800	0.38	0.46	0.46	0	0	0.38
16900	0.38	0.46	0.46	0	0	0.38
17000	0.38	0.46	0.46	0	0	0.38
17100	0.38	0.46	0.46	0	0	0.38
17200	0.38	0.46	0.46	0	0	0.38
17300	0.4	0.46	0.46	0	0	0.4
17400	0.4	0.46	0.46	0	0	0.4
17500	0.4	0.46	0.46	0	0	0.4
17600	0.4	0.46	0.46	0	0	0.4
17700	0.4	0.46	0.46	0	0	0.4
17800	0.4	0.46	0.46	0	0	0.4
17900	0.4	0.46	0.46	0	0	0.4
18000	0.4	0.46	0.46	0	0	0.4
18100	0.4	0.46	0.46	0	0	0.4
18200	0.4	0.46	0.46	0	0	0.4
18300	0.4	0.46	0.46	0	0	0.4
18400	0.42	0.46	0.46	0	0	0.42
18500	0.42	0.46	0.46	0	0	0.42
18600	0.42	0.46	0.46	0	0	0.42
18700	0.42	0.46	0.46	0	0	0.42
18800	0.42	0.46	0.46	0	0	0.42
18900	0.42	0.46	0.46	0	0	0.42
19000	0.42	0.46	0.46	0	0	0.42
19100	0.42	0.46	0.46	0	0	0.42
19200	0.42	0.46	0.46	0	0	0.42
19300	0.42	0.46	0.46	0	0	0.42
19400	0.42	0.44	0.44	0	0	0.42
19500	0.42	0.44	0.44	0	0	0.42
19600	0.42	0.44	0.44	0	0	0.42
19700	0.42	0.44	0.44	0	0	0.42
19800	0.42	0.44	0.44	0	0	0.42
19900	0.42	0.44	0.44	0	0	0.42
20000	0.42	0.44	0.44	0	0	0.42
20100	0.42	0.44	0.44	0	0	0.42
20200	0.42	0.42	0.42	0	0	0.42
20300	0.42	0.42	0.42	0	0	0.42
20400	0.42	0.4	0.4	0	0	0.42
20500	0.42	0.4	0.4	0	0	0.42
20600	0.42	0.4	0.4	0	0	0.42
20700	0.42	0.4	0.4	0	0	0.42
20800	0.42	0.4	0.4	0	0	0.42
20900	0.42	0.4	0.4	0	0	0.42
21000	0.42	0.4	0.4	0	0	0.42
21100	0.42	0.42	0.42	0	0	0.42
21200	0.42	0.44	0.44	0	0	0.42
21300	0.42	0.46	0.46	0	0	0.42
21400	0.42	0.48	0.48	0	0	0.42
21500	0.42	0.46	0.46	0	0	0.42
21600	0.42	0.44	0.44	0	0	0.42
21700	0.42	0.46	0.46	0	0	0.42
21800	0.42	0.46	0.46	0	0	0.42
21900	0.42	0.46	0.46	0	0	0.42
22000	0.42	0.46	0.46	0	0	0.42
22100	0.42	0.46	0.46	0	0	0.42
22200	0.42	0.46	0.46	0	0	0.42
22300	0.42	0.46	0.46	0	0	0.42
22400	0.42	0.44	0.44	0	0	0.42
22500	0.42	0.44	0.44	0	0	0.42
22600	0.42	0.44	0.44	0	0	0.42
22700	0.42	0.44	0.44	0	0	0.42
22800	0.44	0.44	0.44	0	0	0.44
22900	0.44	0.44	0.44	0	0	0.44
23000	0.44	0.44	0.44	0	0	0.44
23100	0.44	0.44	0.44	0	0	0.44
23200	0.42	0.44	0.44	0	0	0.42
23300	0.42	0.44	0.44	0	0	0.42
23400	0.42	0.44	0.44	0	0	0.42
23500	0.42	0.42	0.42	0	0	0.42
23600	0.42	0.42	0.42	0	0	0.42
23700	0.42	0.42	0.42	0	0	0.42
23800	0.42	0.42	0.42	0	0	0.42
23900	0.42	0.42	0.42	0	0	0.42
24000	0.42	0.42	0.42	0	0	0.42
24100	0.42	0.42	0.42	0	0	0.42
24200	0.42	0.44	0.44	0	0	0.42
24300	0.42	0.46	0.46	0	0	0.42
24400	0.42	0.46	0.46	0	0	0.42
24500	0.42	0.46	0.46	0	0	0.42
24600	0.42	0.46	0.46	0	0	0.42
24700	0.42	0.46	0.46	0	0	0.42
24800	0.42	0.46	0.46	0	0	0.42
24900	0.42	0.46	0.46	0	0	0.42
25000	0.42	0.46	0.46	0	0	0.42
25100	0.42	0.46	0.46	0	0	0.42
25200	0.42	0.46	0.46	0	0	0.42
25300	0.42	0.46	0.46	0	0	0.42
25400	0.42	0.46	0.46	0	0	0.42
25500	0.42	0.46	0.46	0	0	0.42
25600	0.44	0.46	0.46	0	0	0.44
25700	0.44	0.46	0.46	0	0	0.44
25800	0.46	0.46	0.46	0	0	0.46
25900	0.46	0.46	0.46	0	0	0.46
26000	0.46	0.46	0.46	0	0	0.46
26100	0.44	0.46	0.46	0	0	0.44
26200	0.46	0.46	0.46	0	0	0.46
26300	0.46	0.46	0.46	0	0	0.46
26400	0.46	0.46	0.46	0	0	0.46
26500	0.46	0.46	0.46	0	0	0.46
26600	0.46	0.46	0.46	0	0	0.46
26700	0.46	0.46	0.46	0	0	0.46
26800	0.46	0.46	0.46	0	0	0.46
26900	0.46	0.46	0.46	0	0	0.46
27000	0.46	0.46	0.46	0	0	0.46
27100	0.46	0.46	0.46	0	0	0.46
27200	0.46	0.46	0.46	0	0	0.46
27300	0.46	0.48	0.48	0	0	0.46
27400	0.46	0.48	0.48	0	0	0.46
27500	0.46	0.48	0.48	0	0	0.46
27600	0.46	0.48	0.48	0	0	0.46
27700	0.46	0.48	0.48	0	0	0.46
27800	0.46	0.48	0.48	0	0	0.46
27900	0.46	0.48	0.48	0	0	0.46
28000	0.46	0.48	0.48	0	0	0.46
28100	0.46	0.48	0.48	0	0	0.46
28200	0.46	0.48	0.48	0	0	0.46
28300	0.46	0.48	0.48	0	0	0.46
28400	0.46	0.48	0.48	0	0	0.46
28500	0.46	0.48	0.48	0	0	0.46
28600	0.46	0.48	0.48	0	0	0.46
28700	0.46	0.48	0.48	0	0	0.46
28800	0.46	0.48	0.48	0	0	0.46
28900	0.46	0.48	0.48	0	0	0.46
29000	0.48	0.46	0.46	0	0	0.48
29100	0.44	0.46	0.46	0	0	0.44
29200	0.44	0.46	0.46	0	0	0.44
29300	0.44	0.46	0.46	0	0	0.44
29400	0.44	0.46	0.46	0	0	0.44
29500	0.46	0.46	0.46	0	0	0.46
29600	0.46	0.46	0.46	0	0	0.46
29700	0.44	0.46	0.46	0	0	0.44
29800	0.46	0.44	0.44	0	0	0.46
29900	0.46	0.44	0.44	0	0	0.46
30000	0.44	0.46	0.46	0	0	0.44
30100	0.44	0.46	0.46	0	0	0.44
30200	0.44	0.48	0.48	0	0	0.44
30300	0.44	0.48	0.48	0	0	0.44
30400	0.44	0.48	0.48	0	0	0.44
30500	0.44	0.48	0.48	0	0	0.44
30600	0.44	0.48	0.48	0	0	0.44
30700	0.44	0.48	0.48	0	0	0.44
30800	0.44	0.48	0.48	0	0	0.44
30900	0.44	0.46	0.46	0	0	0.44
31000	0.46	0.46	0.46	0	0	0.46
31100	0.46	0.46	0.46	0	0	0.46
31200	0.46	0.46	0.46	0	0	0.46
31300	0.46	0.46	0.46	0	0	0.46
31400	0.46	0.46	0.46	0	0	0.46
31500	0.46	0.46	0.46	0	0	0.46
31600	0.46	0.46	0.46	0	0	0.46
31700	0.46	0.48	0.48	0	0	0.46
31800	0.48	0.48	0.48	0	0	0.48
31900	0.48	0.48	0.48	0	0	0.48
32000	0.48	0.48	0.48	0	0	0.48
32100	0.48	0.48	0.48	0	0	0.48
32200	0.48	0.48	0.48	0	0	0.48
32300	0.48	0.48	0.48	0	0	0.48
32400	0.48	0.48	0.48	0	0	0.48
32500	0.48	0.48	0.48	0	0	0.48
32600	0.48	0.48	0.48	0	0	0.48
32700	0.48	0.48	0.48	0	0	0.48
32800	0.48	0.48	0.48	0	0	0.48
32900	0.48	0.48	0.48	0	0	0.48
33000	0.48	0.48	0.48	0	0	0.48
33100	0.48	0.48	0.48	0	0	0.48
33200	0.48	0.48	0.48	0	0	0.48
33300	0.48	0.48	0.48	0	0	0.48
33400	0.48	0.48	0.48	0	0	0.48
33500	0.48	0.48	0.48	0	0	0.48
33600	0.48	0.48	0.48	0	0	0.48
33700	0.48	0.48	0.48	0	0	0.48
33800	0.48	0.48	0.48	0	0	0.48
33900	0.48	0.48	0.48	0	0	0.48
34000	0.48	0.48	0.48	0	0	0.48
34100	0.48	0.48	0.48	0	0	0.48
34200	0.48	0.48	0.48	0	0	0.48
34300	0.48	0.48	0.48	0	0	0.48
34400	0.48	0.48	0.48	0	0	0.48
34500	0.48	0.48	0.48	0	0	0.48
34600	0.48	0.48	0.48	0	0	0.48
34700	0.48	0.48	0.48	0	0	0.48
34800	0.48	0.48	0.48	0	0	0.48
34900	0.48	0.46	0.46	0	0	0.48
35000	0.48	0.46	0.46	0	0	0.48
35100	0.48	0.46	0.46	0	0	0.48
35200	0.48	0.46	0.46	0	0	0.48
35300	0.48	0.46	0.46	0	0	0.48
35400	0.48	0.46	0.46	0	0	0.48
35500	0.48	0.46	0.46	0	0	0.48
35600	0.48	0.46	0.46	0	0	0.48
35700	0.48	0.46	0.46	0	0	0.48
35800	0.48	0.46	0.46	0	0	0.48
35900	0.48	0.46	0.46	0	0	0.48
36000	0.48	0.46	0.46	0	0	0.48
36100	0.48	0.46	0.46	0	0	0.48
36200	0.48	0.46	0.46	0	0	0.48
36300	0.48	0.46	0.46	0	0	0.48
36400	0.48	0.46	0.46	0	0	0.48
36500	0.46	0.46	0.46	0	0	0.46
36600	0.46	0.46	0.46	0	0	0.46
36700	0.46	0.46	0.46	0	0	0.46
36800	0.46	0.46	0.46	0	0	0.46
36900	0.46	0.46	0.46	0	0	0.46
37000	0.46	0.46	0.46	0	0	0.46
37100	0.46	0.46	0.46	0	0	0.46
37200	0.46	0.46	0.46	0	0	0.46
37300	0.46	0.46	0.46	0	0	0.46
37400	0.46	0.46	0.46	0	0	0.46
37500	0.46	0.46	0.46	0	0	0.46
37600	0.46	0.46	0.46	0	0	0.46
37700	0.46	0.46	0.46	0	0	0.46
37800	0.46	0.46	0.46	0	0	0.46
37900	0.46	0.46	0.46	0	0	0.46
38000	0.46	0.46	0.46	0	0	0.46
38100	0.46	0.46	0.46	0	0	0.46
38200	0.46	0.46	0.46	0	0	0.46
38300	0.46	0.46	0.46	0	0	0.46
38400	0.46	0.46	0.46	0	0	0.46
38500	0.46	0.46	0.46	0	0	0.46
38600	0.46	0.48	0.48	0	0	0.46
38700	0.46	0.48	0.48	0	0	0.46
38800	0.46	0.48	0.48	0	0	0.46
38900	0.46	0.48	0.48	0	0	0.46
39000	0.48	0.48	0.48	0	0	0.48
39100	0.48	0.48	0.48	0	0	0.48
39200	0.48	0.48	0.48	0	0	0.48
39300	0.48	0.48	0.48	0	0	0.48
39400	0.48	0.48	0.48	0	0	0.48
39500	0.48	0.48	0.48	0	0	0.48
39600	0.48	0.48	0.48	0	0	0.48
39700	0.48	0.48	0.48	0	0	0.48
39800	0.48	0.48	0.48	0	0	0.48
39900	0.48	0.48	0.48	0	0	0.48
40000	0.48	0.48	0.48	0	0	0.48
40100	0.48	0.48	0.48	0	0	0.48
40200	0.48	0.48	0.48	0	0	0.48
40300	0.48	0.48	0.48	0	0	0.48
40400	0.48	0.48	0.48	0	0	0.48
40500	0.48	0.48	0.48	0	0	0.48
40600	0.48	0.48	0.48	0	0	0.48
40700	0.48	0.48	0.48	0	0	0.48
40800	0.48	0.48	0.48	0	0	0.48
40900	0.48	0.48	0.48	0	0	0.48
41000	0.48	0.48	0.48	0	0	0.48
41100	0.48	0.48	0.48	0	0	0.48
41200	0.48	0.48	0.48	0	0	0.48
41300	0.48	0.48	0.48	0	0	0.48
41400	0.48	0.48	0.48	0	0	0.48
41500	0.48	0.48	0.48	0	0	0.48
41600	0.48	0.48	0.48	0	0	0.48
41700	0.48	0.48	0.48	0	0	0.48
41800	0.48	0.48	0.48	0	0	0.48
41900	0.48	0.48	0.48	0	0	0.48
42000	0.48	0.48	0.48	0	0	0.48
42100	0.48	0.48	0.48	0	0	0.48
42200	0.48	0.48	0.48	0	0	0.48
42300	0.48	0.48	0.48	0	0	0.48
42400	0.5	0.48	0.48	0	0	0.5
42500	0.5	0.48	0.48	0	0	0.5
42600	0.5	0.48	0.48	0	0	0.5
42700	0.5	0.48	0.48	0	0	0.5
42800	0.5	0.48	0.48	0	0	0.5
42900	0.5	0.48	0.48	0	0	0.5
43000	0.5	0.48	0.48	0	0	0.5
43100	0.48	0.48	0.48	0	0	0.48
43200	0.5	0.48	0.48	0	0	0.5
43300	0.5	0.48	0.48	0	0	0.5
43400	0.5	0.48	0.48	0	0	0.5
43500	0.5	0.48	0.48	0	0	0.5
43600	0.48	0.48	0.48	0	0	0.48
43700	0.48	0.48	0.48	0	0	0.48
43800	0.48	0.48	0.48	0	0	0.48
43900	0.48	0.48	0.48	0	0	0.48
44000	0.48	0.48	0.48	0	0	0.48
44100	0.48	0.48	0.48	0	0	0.48
44200	0.46	0.48	0.48	0	0	0.46
44300	0.46	0.48	0.48	0	0	0.46
44400	0.46	0.5	0.5	0	0	0.46
44500	0.46	0.5	0.5	0	0	0.46
44600	0.46	0.5	0.5	0	0	0.46
44700	0.46	0.5	0.5	0	0	0.46
44800	0.46	0.5	0.5	0	0	0.46
44900	0.46	0.5	0.5	0	0	0.46
45000	0.46	0.5	0.5	0	0	0.46
45100	0.46	0.5	0.5	0	0	0.46
45200	0.46	0.5	0.5	0	0	0.46
45300	0.46	0.5	0.5	0	0	0.46
45400	0.46	0.5	0.5	0	0	0.46
45500	0.46	0.5	0.5	0	0	0.46
45600	0.46	0.5	0.5	0	0	0.46
45700	0.44	0.5	0.5	0	0	0.44
45800	0.42	0.5	0.5	0	0	0.42
45900	0.42	0.5	0.5	0	0	0.42
46000	0.42	0.52	0.52	0	0	0.42
46100	0.42	0.5	0.5	0	0	0.42
46200	0.42	0.5	0.5	0	0	0.42
46300	0.44	0.5	0.5	0	0	0.44
46400	0.44	0.5	0.5	0	0	0.44
46500	0.44	0.5	0.5	0	0	0.44
46600	0.44	0.5	0.5	0	0	0.44
46700	0.44	0.5	0.5	0	0	0.44
46800	0.44	0.5	0.5	0	0	0.44
46900	0.44	0.5	0.5	0	0	0.44
47000	0.44	0.5	0.5	0	0	0.44
47100	0.46	0.5	0.5	0	0	0.46
47200	0.46	0.5	0.5	0	0	0.46
47300	0.46	0.5	0.5	0	0	0.46
47400	0.46	0.5	0.5	0	0	0.46
47500	0.46	0.5	0.5	0	0	0.46
47600	0.46	0.5	0.5	0	0	0.46
47700	0.46	0.5	0.5	0	0	0.46
47800	0.46	0.5	0.5	0	0	0.46
47900	0.46	0.5	0.5	0	0	0.46
48000	0.46	0.5	0.5	0	0	0.46
48100	0.46	0.5	0.5	0	0	0.46
48200	0.46	0.5	0.5	0	0	0.46
48300	0.46	0.5	0.5	0	0	0.46
48400	0.46	0.5	0.5	0	0	0.46
48500	0.46	0.5	0.5	0	0	0.46
48600	0.46	0.5	0.5	0	0	0.46
48700	0.46	0.5	0.5	0	0	0.46
48800	0.46	0.5	0.5	0	0	0.46
48900	0.46	0.5	0.5	0	0	0.46
49000	0.46	0.5	0.5	0	0	0.46
49100	0.46	0.5	0.5	0	0	0.46
49200	0.46	0.5	0.5	0	0	0.46
49300	0.48	0.5	0.5	0	0	0.48
49400	0.48	0.5	0.5	0	0	0.48
49500	0.46	0.5	0.5	0	0	0.46
49600	0.46	0.5	0.5	0	0	0.46
49700	0.46	0.5	0.5	0	0	0.46
49800	0.46	0.5	0.5	0	0	0.46
49900	0.46	0.5	0.5	0	0	0.46
50000	0.46	0.5	0.5	0	0	0.46
50100	0.44	0.5	0.5	0	0	0.44
50200	0.44	0.5	0.5	0	0	0.44
50300	0.44	0.5	0.5	0	0	0.44
50400	0.44	0.5	0.5	0	0	0.44
50500	0.42	0.5	0.5	0	0	0.42
50600	0.44	0.5	0.5	0	0	0.44
50700	0.44	0.5	0.5	0	0	0.44
50800	0.42	0.5	0.5	0	0	0.42
50900	0.42	0.5	0.5	0	0	0.42
51000	0.42	0.5	0.5	0	0	0.42
51100	0.42	0.5	0.5	0	0	0.42
51200	0.42	0.48	0.48	0	0	0.42
51300	0.42	0.48	0.48	0	0	0.42
51400	0.42	0.5	0.5	0	0	0.42
51500	0.42	0.5	0.5	0	0	0.42
51600	0.42	0.5	0.5	0	0	0.42
51700	0.42	0.5	0.5	0	0	0.42
51800	0.42	0.5	0.5	0	0	0.42
51900	0.42	0.5	0.5	0	0	0.42
52000	0.42	0.5	0.5	0	0	0.42
52100	0.42	0.48	0.48	0	0	0.42
52200	0.42	0.48	0.48	0	0	0.42
52300	0.42	0.48	0.48	0	0	0.42
52400	0.44	0.48	0.48	0	0	0.44
52500	0.44	0.48	0.48	0	0	0.44
52600	0.44	0.48	0.48	0	0	0.44
52700	0.44	0.48	0.48	0	0	0.44
52800	0.44	0.48	0.48	0	0	0.44
52900	0.46	0.48	0.48	0	0	0.46
53000	0.46	0.48	0.48	0	0	0.46
53100	0.46	0.48	0.48	0	0	0.46
53200	0.46	0.48	0.48	0	0	0.46
53300	0.48	0.44	0.44	0	0	0.48
53400	0.48	0.44	0.44	0	0	0.48
53500	0.48	0.44	0.44	0	0	0.48
53600	0.48	0.44	0.44	0	0	0.48
53700	0.48	0.44	0.44	0	0	0.48
53800	0.48	0.42	0.42	0	0	0.48
53900	0.48	0.42	0.42	0	0	0.48
54000	0.48	0.42	0.42	0	0	0.48
54100	0.48	0.42	0.42	0	0	0.48
54200	0.48	0.42	0.42	0	0	0.48
54300	0.48	0.42	0.42	0	0	0.48
54400	0.48	0.42	0.42	0	0	0.48
54500	0.48	0.44	0.44	0	0	0.48
54600	0.48	0.44	0.44	0	0	0.48
54700	0.48	0.44	0.44	0	0	0.48
54800	0.48	0.44	0.44	0	0	0.48
54900	0.48	0.44	0.44	0	0	0.48
55000	0.48	0.46	0.46	0	0	0.48
55100	0.48	0.46	0.46	0	0	0.48
55200	0.48	0.46	0.46	0	0	0.48
55300	0.48	0.46	0.46	0	0	0.48
55400	0.48	0.46	0.46	0	0	0.48
55500	0.48	0.46	0.46	0	0	0.48
55600	0.48	0.48	0.48	0	0	0.48
55700	0.48	0.48	0.48	0	0	0.48
55800	0.48	0.48	0.48	0	0	0.48
55900	0.48	0.46	0.46	0	0	0.48
56000	0.48	0.46	0.46	0	0	0.48
56100	0.48	0.46	0.46	0	0	0.48
56200	0.48	0.46	0.46	0	0	0.48
56300	0.48	0.46	0.46	0	0	0.48
56400	0.48	0.46	0.46	0	0	0.48
56500	0.48	0.46	0.46	0	0	0.48
56600	0.48	0.46	0.46	0	0	0.48
56700	0.48	0.46	0.46	0	0	0.48
56800	0.48	0.46	0.46	0	0	0.48
56900	0.48	0.46	0.46	0	0	0.48
57000	0.48	0.46	0.46	0	0	0.48
57100	0.48	0.48	0.48	0	0	0.48
57200	0.48	0.48	0.48	0	0	0.48
57300	0.48	0.48	0.48	0	0	0.48
57400	0.48	0.48	0.48	0	0	0.48
57500	0.48	0.48	0.48	0	0	0.48
57600	0.48	0.48	0.48	0	0	0.48
57700	0.48	0.48	0.48	0	0	0.48
57800	0.46	0.48	0.48	0	0	0.46
57900	0.46	0.46	0.46	0	0	0.46
58000	0.46	0.46	0.46	0	0	0.46
58100	0.46	0.46	0.46	0	0	0.46
58200	0.46	0.46	0.46	0	0	0.46
58300	0.46	0.46	0.46	0	0	0.46
58400	0.46	0.46	0.46	0	0	0.46
58500	0.46	0.46	0.46	0	0	0.46
58600	0.46	0.46	0.46	0	0	0.46
58700	0.46	0.46	0.46	0	0	0.46
58800	0.46	0.46	0.46	0	0	0.46
58900	0.46	0.46	0.46	0	0	0.46
59000	0.48	0.46	0.46	0	0	0.48
59100	0.48	0.46	0.46	0	0	0.48
59200	0.48	0.46	0.46	0	0	0.48
59300	0.48	0.46	0.46	0	0	0.48
59400	0.48	0.46	0.46	0	0	0.48
59500	0.48	0.46	0.46	0	0	0.48
59600	0.48	0.46	0.46	0	0	0.48
59700	0.48	0.46	0.46	0	0	0.48
59800	0.48	0.46	0.46	0	0	0.48
59900	0.48	0.46	0.46	0	0	0.48
60000	0.48	0.46	0.46	0	0	0.48
60100	0.48	0.46	0.46	0	0	0.48
60200	0.48	0.46	0.46	0	0	0.48
60300	0.48	0.48	0.48	0	0	0.48
60400	0.48	0.48	0.48	0	0	0.48
60500	0.48	0.48	0.48	0	0	0.48
60600	0.48	0.48	0.48	0	0	0.48
60700	0.48	0.48	0.48	0	0	0.48
60800	0.48	0.5	0.5	0	0	0.48
60900	0.48	0.5	0.5	0	0	0.48
61000	0.48	0.5	0.5	0	0	0.48
61100	0.48	0.5	0.5	0	0	0.48
61200	0.48	0.5	0.5	0	0	0.48
61300	0.48	0.5	0.5	0	0	0.48
61400	0.48	0.5	0.5	0	0	0.48
61500	0.48	0.5	0.5	0	0	0.48
61600	0.48	0.5	0.5	0	0	0.48
61700	0.48	0.5	0.5	0	0	0.48
61800	0.46	0.5	0.5	0	0	0.46
61900	0.46	0.5	0.5	0	0	0.46
62000	0.46	0.5	0.5	0	0	0.46
62100	0.46	0.5	0.5	0	0	0.46
62200	0.46	0.5	0.5	0	0	0.46
62300	0.46	0.5	0.5	0	0	0.46
62400	0.46	0.5	0.5	0	0	0.46
62500	0.46	0.5	0.5	0	0	0.46
62600	0.46	0.5	0.5	0	0	0.46
62700	0.46	0.5	0.5	0	0	0.46
62800	0.46	0.5	0.5	0	0	0.46
62900	0.46	0.5	0.5	0	0	0.46
63000	0.46	0.52	0.52	0	0	0.46
63100	0.46	0.52	0.52	0	0	0.46
63200	0.46	0.52	0.52	0	0	0.46
63300	0.46	0.52	0.52	0	0	0.46
63400	0.46	0.52	0.52	0	0	0.46
63500	0.46	0.52	0.52	0	0	0.46
63600	0.46	0.52	0.52	0	0	0.46
63700	0.46	0.52	0.52	0	0	0.46
63800	0.46	0.52	0.52	0	0	0.46
63900	0.46	0.5	0.5	0	0	0.46
64000	0.46	0.5	0.5	0	0	0.46
64100	0.46	0.5	0.5	0	0	0.46
64200	0.46	0.5	0.5	0	0	0.46
64300	0.46	0.5	0.5	0	0	0.46
64400	0.46	0.5	0.5	0	0	0.46
64500	0.46	0.5	0.5	0	0	0.46
64600	0.46	0.48	0.48	0	0	0.46
64700	0.46	0.48	0.48	0	0	0.46
64800	0.46	0.48	0.48	0	0	0.46
64900	0.46	0.48	0.48	0	0	0.46
65000	0.46	0.48	0.48	0	0	0.46
65100	0.46	0.48	0.48	0	0	0.46
65200	0.46	0.48	0.48	0	0	0.46
65300	0.46	0.5	0.5	0	0	0.46
65400	0.46	0.5	0.5	0	0	0.46
65500	0.46	0.5	0.5	0	0	0.46
65600	0.46	0.52	0.52	0	0	0.46
65700	0.46	0.5	0.5	0	0	0.46
65800	0.46	0.5	0.5	0	0	0.46
65900	0.46	0.5	0.5	0	0	0.46
66000	0.46	0.5	0.5	0	0	0.46
66100	0.46	0.5	0.5	0	0	0.46
66200	0.46	0.5	0.5	0	0	0.46
66300	0.46	0.5	0.5	0	0	0.46
66400	0.46	0.5	0.5	0	0	0.46
66500	0.46	0.5	0.5	0	0	0.46
66600	0.46	0.5	0.5	0	0	0.46
66700	0.46	0.5	0.5	0	0	0.46
66800	0.46	0.5	0.5	0	0	0.46
66900	0.46	0.5	0.5	0	0	0.46
67000	0.46	0.5	0.5	0	0	0.46
67100	0.46	0.5	0.5	0	0	0.46
67200	0.46	0.5	0.5	0	0	0.46
67300	0.46	0.5	0.5	0	0	0.46
67400	0.46	0.5	0.5	0	0	0.46
67500	0.46	0.5	0.5	0	0	0.46
67600	0.46	0.5	0.5	0	0	0.46
67700	0.46	0.5	0.5	0	0	0.46
67800	0.46	0.5	0.5	0	0	0.46
67900	0.46	0.5	0.5	0	0	0.46
68000	0.46	0.5	0.5	0	0	0.46
68100	0.46	0.5	0.5	0	0	0.46
68200	0.46	0.5	0.5	0	0	0.46
68300	0.46	0.5	0.5	0	0	0.46
68400	0.46	0.5	0.5	0	0	0.46
68500	0.46	0.5	0.5	0	0	0.46
68600	0.46	0.5	0.5	0	0	0.46
68700	0.46	0.5	0.5	0	0	0.46
68800	0.46	0.5	0.5	0	0	0.46
68900	0.48	0.5	0.5	0	0	0.48
69000	0.46	0.5	0.5	0	0	0.46
69100	0.46	0.5	0.5	0	0	0.46
69200	0.46	0.5	0.5	0	0	0.46
69300	0.46	0.5	0.5	0	0	0.46
69400	0.46	0.5	0.5	0	0	0.46
69500	0.46	0.5	0.5	0	0	0.46
69600	0.44	0.5	0.5	0	0	0.44
69700	0.44	0.5	0.5	0	0	0.44
69800	0.44	0.5	0.5	0	0	0.44
69900	0.44	0.5	0.5	0	0	0.44
70000	0.44	0.5	0.5	0	0	0.44
70100	0.44	0.5	0.5	0	0	0.44
70200	0.44	0.5	0.5	0	0	0.44
70300	0.44	0.5	0.5	0	0	0.44
70400	0.46	0.5	0.5	0	0	0.46
70500	0.46	0.5	0.5	0	0	0.46
70600	0.46	0.5	0.5	0	0	0.46
70700	0.46	0.5	0.5	0	0	0.46
70800	0.46	0.5	0.5	0	0	0.46
70900	0.46	0.5	0.5	0	0	0.46
71000	0.46	0.5	0.5	0	0	0.46
71100	0.46	0.5	0.5	0	0	0.46
71200	0.46	0.5	0.5	0	0	0.46
71300	0.46	0.5	0.5	0	0	0.46
71400	0.46	0.5	0.5	0	0	0.46
71500	0.46	0.5	0.5	0	0	0.46
71600	0.46	0.5	0.5	0	0	0.46
71700	0.46	0.5	0.5	0	0	0.46
71800	0.46	0.5	0.5	0	0	0.46
71900	0.46	0.5	0.5	0	0	0.46
72000	0.46	0.5	0.5	0	0	0.46
72100	0.46	0.5	0.5	0	0	0.46
72200	0.46	0.5	0.5	0	0	0.46
72300	0.48	0.5	0.5	0	0	0.48
72400	0.46	0.5	0.5	0	0	0.46
72500	0.46	0.5	0.5	0	0	0.46
72600	0.46	0.5	0.5	0	0	0.46
72700	0.46	0.5	0.5	0	0	0.46
72800	0.46	0.5	0.5	0	0	0.46
72900	0.46	0.5	0.5	0	0	0.46
73000	0.46	0.5	0.5	0	0	0.46
73100	0.46	0.5	0.5	0	0	0.46
73200	0.46	0.5	0.5	0	0	0.46
73300	0.46	0.5	0.5	0	0	0.46
73400	0.46	0.5	0.5	0	0	0.46
73500	0.46	0.5	0.5	0	0	0.46
73600	0.46	0.5	0.5	0	0	0.46
73700	0.46	0.5	0.5	0	0	0.46
73800	0.46	0.5	0.5	0	0	0.46
73900	0.46	0.5	0.5	0	0	0.46
74000	0.46	0.5	0.5	0	0	0.46
74100	0.46	0.5	0.5	0	0	0.46
74200	0.46	0.5	0.5	0	0	0.46
74300	0.46	0.5	0.5	0	0	0.46
74400	0.46	0.5	0.5	0	0	0.46
74500	0.46	0.5	0.5	0	0	0.46
74600	0.48	0.5	0.5	0	0	0.48
74700	0.48	0.5	0.5	0	0	0.48
74800	0.48	0.5	0.5	0	0	0.48
74900	0.48	0.5	0.5	0	0	0.48
75000	0.46	0.5	0.5	0	0	0.46
75100	0.46	0.5	0.5	0	0	0.46
75200	0.46	0.5	0.5	0	0	0.46
75300	0.46	0.5	0.5	0	0	0.46
75400	0.46	0.5	0.5	0	0	0.46
75500	0.46	0.5	0.5	0	0	0.46
75600	0.46	0.5	0.5	0	0	0.46
75700	0.46	0.5	0.5	0	0	0.46
75800	0.46	0.5	0.5	0	0	0.46
75900	0.46	0.5	0.5	0	0	0.46
76000	0.46	0.5	0.5	0	0	0.46
76100	0.46	0.5	0.5	0	0	0.46
76200	0.46	0.5	0.5	0	0	0.46
76300	0.48	0.5	0.5	0	0	0.48
76400	0.48	0.5	0.5	0	0	0.48
76500	0.48	0.5	0.5	0	0	0.48
76600	0.48	0.5	0.5	0	0	0.48
76700	0.48	0.5	0.5	0	0	0.48
76800	0.48	0.5	0.5	0	0	0.48
76900	0.48	0.5	0.5	0	0	0.48
77000	0.48	0.5	0.5	0	0	0.48
77100	0.48	0.5	0.5	0	0	0.48
77200	0.48	0.5	0.5	0	0	0.48
77300	0.48	0.5	0.5	0	0	0.48
77400	0.48	0.48	0.48	0	0	0.48
77500	0.48	0.48	0.48	0	0	0.48
77600	0.48	0.48	0.48	0	0	0.48
77700	0.48	0.48	0.48	0	0	0.48
77800	0.48	0.48	0.48	0	0	0.48
77900	0.48	0.48	0.48	0	0	0.48
78000	0.46	0.48	0.48	0	0	0.46
78100	0.46	0.48	0.48	0	0	0.46
78200	0.48	0.48	0.48	0	0	0.48
78300	0.48	0.48	0.48	0	0	0.48
78400	0.48	0.48	0.48	0	0	0.48
78500	0.48	0.48	0.48	0	0	0.48
78600	0.48	0.48	0.48	0	0	0.48
78700	0.48	0.48	0.48	0	0	0.48
78800	0.48	0.48	0.48	0	0	0.48
78900	0.48	0.48	0.48	0	0	0.48
79000	0.48	0.48	0.48	0	0	0.48
79100	0.48	0.48	0.48	0	0	0.48
79200	0.48	0.48	0.48	0	0	0.48
79300	0.48	0.48	0.48	0	0	0.48
79400	0.48	0.48	0.48	0	0	0.48
79500	0.48	0.48	0.48	0	0	0.48
79600	0.48	0.48	0.48	0	0	0.48
79700	0.48	0.48	0.48	0	0	0.48
79800	0.48	0.48	0.48	0	0	0.48
79900	0.48	0.48	0.48	0	0	0.48
80000	0.48	0.48	0.48	0	0	0.48
80100	0.48	0.48	0.48	0	0	0.48
80200	0.48	0.48	0.48	0	0	0.48
80300	0.48	0.48	0.48	0	0	0.48
80400	0.48	0.48	0.48	0	0	0.48
80500	0.48	0.48	0.48	0	0	0.48
80600	0.48	0.48	0.48	0	0	0.48
80700	0.48	0.48	0.48	0	0	0.48
80800	0.48	0.48	0.48	0	0	0.48
80900	0.48	0.48	0.48	0	0	0.48
81000	0.46	0.48	0.48	0	0	0.46
81100	0.46	0.48	0.48	0	0	0.46
81200	0.46	0.48	0.48	0	0	0.46
81300	0.46	0.48	0.48	0	0	0.46
81400	0.44	0.48	0.48	0	0	0.44
81500	0.44	0.48	0.48	0	0	0.44
81600	0.44	0.48	0.48	0	0	0.44
81700	0.44	0.48	0.48	0	0	0.44
81800	0.44	0.48	0.48	0	0	0.44
81900	0.44	0.48	0.48	0	0	0.44
82000	0.44	0.48	0.48	0	0	0.44
82100	0.44	0.48	0.48	0	0	0.44
82200	0.44	0.48	0.48	0	0	0.44
82300	0.44	0.48	0.48	0	0	0.44
82400	0.44	0.48	0.48	0	0	0.44
82500	0.44	0.48	0.48	0	0	0.44
82600	0.44	0.48	0.48	0	0	0.44
82700	0.44	0.48	0.48	0	0	0.44
82800	0.44	0.5	0.5	0	0	0.44
82900	0.44	0.48	0.48	0	0	0.44
83000	0.44	0.48	0.48	0	0	0.44
83100	0.46	0.5	0.5	0	0	0.46
83200	0.46	0.5	0.5	0	0	0.46
83300	0.46	0.5	0.5	0	0	0.46
83400	0.46	0.5	0.5	0	0	0.46
83500	0.46	0.5	0.5	0	0	0.46
83600	0.46	0.5	0.5	0	0	0.46
83700	0.46	0.5	0.5	0	0	0.46
83800	0.46	0.5	0.5	0	0	0.46
83900	0.46	0.52	0.52	0	0	0.46
84000	0.46	0.52	0.52	0	0	0.46
84100	0.46	0.52	0.52	0	0	0.46
84200	0.46	0.52	0.52	0	0	0.46
84300	0.46	0.52	0.52	0	0	0.46
84400	0.46	0.52	0.52	0	0	0.46
84500	0.46	0.52	0.52	0	0	0.46
84600	0.46	0.52	0.52	0	0	0.46
84700	0.46	0.52	0.52	0	0	0.46
84800	0.46	0.52	0.52	0	0	0.46
84900	0.46	0.52	0.52	0	0	0.46
85000	0.46	0.52	0.52	0	0	0.46
85100	0.46	0.5	0.5	0	0	0.46
85200	0.46	0.5	0.5	0	0	0.46
85300	0.46	0.5	0.5	0	0	0.46
85400	0.46	0.5	0.5	0	0	0.46
85500	0.46	0.52	0.52	0	0	0.46
85600	0.46	0.52	0.52	0	0	0.46
85700	0.46	0.52	0.52	0	0	0.46
85800	0.46	0.52	0.52	0	0	0.46
85900	0.46	0.52	0.52	0	0	0.46
86000	0.46	0.52	0.52	0	0	0.46
86100	0.46	0.52	0.52	0	0	0.46
86200	0.46	0.52	0.52	0	0	0.46
86300	0.46	0.52	0.52	0	0	0.46
86400	0.46	0.52	0.52	0	0	0.46
86500	0.46	0.52	0.52	0	0	0.46
86600	0.46	0.52	0.52	0	0	0.46
86700	0.46	0.52	0.52	0	0	0.46
86800	0.46	0.52	0.52	0	0	0.46
86900	0.46	0.52	0.52	0	0	0.46
87000	0.46	0.52	0.52	0	0	0.46
87100	0.46	0.52	0.52	0	0	0.46
87200	0.46	0.54	0.54	0	0	0.46
87300	0.46	0.54	0.54	0	0	0.46
87400	0.46	0.54	0.54	0	0	0.46
87500	0.46	0.54	0.54	0	0	0.46
87600	0.44	0.54	0.54	0	0	0.44
87700	0.44	0.54	0.54	0	0	0.44
87800	0.44	0.54	0.54	0	0	0.44
87900	0.44	0.54	0.54	0	0	0.44
88000	0.44	0.54	0.54	0	0	0.44
88100	0.44	0.54	0.54	0	0	0.44
88200	0.44	0.54	0.54	0	0	0.44
88300	0.44	0.54	0.54	0	0	0.44
88400	0.44	0.54	0.54	0	0	0.44
88500	0.44	0.54	0.54	0	0	0.44
88600	0.42	0.54	0.54	0	0	0.42
88700	0.42	0.54	0.54	0	0	0.42
88800	0.42	0.54	0.54	0	0	0.42
88900	0.42	0.54	0.54	0	0	0.42
89000	0.42	0.54	0.54	0	0	0.42
89100	0.42	0.54	0.54	0	0	0.42
89200	0.42	0.54	0.54	0	0	0.42
89300	0.42	0.54	0.54	0	0	0.42
89400	0.42	0.54	0.54	0	0	0.42
89500	0.42	0.54	0.54	0	0	0.42
89600	0.42	0.54	0.54	0	0	0.42
89700	0.42	0.54	0.54	0	0	0.42
89800	0.42	0.54	0.54	0	0	0.42
89900	0.42	0.52	0.52	0	0	0.42
90000	0.42	0.54	0.54	0	0	0.42
90100	0.44	0.54	0.54	0	0	0.44
90200	0.44	0.54	0.54	0	0	0.44
90300	0.44	0.54	0.54	0	0	0.44
90400	0.44	0.54	0.54	0	0	0.44
90500	0.44	0.54	0.54	0	0	0.44
90600	0.44	0.54	0.54	0	0	0.44
90700	0.44	0.54	0.54	0	0	0.44
90800	0.44	0.54	0.54	0	0	0.44
90900	0.44	0.54	0.54	0	0	0.44
91000	0.44	0.54	0.54	0	0	0.44
91100	0.44	0.54	0.54	0	0	0.44
91200	0.44	0.54	0.54	0	0	0.44
91300	0.44	0.54	0.54	0	0	0.44
91400	0.44	0.54	0.54	0	0	0.44
91500	0.46	0.54	0.54	0	0	0.46
91600	0.46	0.54	0.54	0	0	0.46
91700	0.46	0.54	0.54	0	0	0.46
91800	0.46	0.54	0.54	0	0	0.46
91900	0.46	0.54	0.54	0	0	0.46
92000	0.46	0.54	0.54	0	0	0.46
92100	0.46	0.54	0.54	0	0	0.46
92200	0.46	0.54	0.54	0	0	0.46
92300	0.46	0.54	0.54	0	0	0.46
92400	0.46	0.54	0.54	0	0	0.46
92500	0.46	0.54	0.54	0	0	0.46
92600	0.46	0.54	0.54	0	0	0.46
92700	0.46	0.54	0.54	0	0	0.46
92800	0.46	0.54	0.54	0	0	0.46
92900	0.46	0.54	0.54	0	0	0.46
93000	0.46	0.54	0.54	0	0	0.46
93100	0.46	0.54	0.54	0	0	0.46
93200	0.46	0.54	0.54	0	0	0.46
93300	0.46	0.54	0.54	0	0	0.46
93400	0.46	0.54	0.54	0	0	0.46
93500	0.46	0.54	0.54	0	0	0.46
93600	0.46	0.54	0.54	0	0	0.46
93700	0.46	0.54	0.54	0	0	0.46
93800	0.46	0.52	0.52	0	0	0.46
93900	0.46	0.52	0.52	0	0	0.46
94000	0.46	0.52	0.52	0	0	0.46
94100	0.46	0.52	0.52	0	0	0.46
94200	0.46	0.52	0.52	0	0	0.46
94300	0.46	0.52	0.52	0	0	0.46
94400	0.46	0.52	0.52	0	0	0.46
94500	0.46	0.52	0.52	0	0	0.46
94600	0.46	0.52	0.52	0	0	0.46
94700	0.46	0.52	0.52	0	0	0.46
94800	0.46	0.52	0.52	0	0	0.46
94900	0.46	0.52	0.52	0	0	0.46
95000	0.46	0.52	0.52	0	0	0.46
95100	0.46	0.52	0.52	0	0	0.46
95200	0.46	0.52	0.52	0	0	0.46
95300	0.46	0.52	0.52	0	0	0.46
95400	0.46	0.52	0.52	0	0	0.46
95500	0.46	0.5	0.5	0	0	0.46
95600	0.46	0.5	0.5	0	0	0.46
95700	0.46	0.5	0.5	0	0	0.46
95800	0.46	0.48	0.48	0	0	0.46
95900	0.46	0.5	0.5	0	0	0.46
96000	0.46	0.5	0.5	0	0	0.46
96100	0.46	0.5	0.5	0	0	0.46
96200	0.48	0.5	0.5	0	0	0.48
96300	0.48	0.5	0.5	0	0	0.48
96400	0.5	0.5	0.5	0	0	0.5
96500	0.5	0.5	0.5	0	0	0.5
96600	0.5	0.5	0.5	0	0	0.5
96700	0.5	0.5	0.5	0	0	0.5
96800	0.5	0.5	0.5	0	0	0.5
96900	0.5	0.5	0.5	0	0	0.5
97000	0.5	0.5	0.5	0	0	0.5
97100	0.5	0.5	0.5	0	0	0.5
97200	0.5	0.5	0.5	0	0	0.5
97300	0.5	0.5	0.5	0	0	0.5
97400	0.5	0.5	0.5	0	0	0.5
97500	0.5	0.5	0.5	0	0	0.5
97600	0.5	0.5	0.5	0	0	0.5
97700	0.5	0.5	0.5	0	0	0.5
97800	0.5	0.5	0.5	0	0	0.5
97900	0.5	0.5	0.5	0	0	0.5
98000	0.5	0.5	0.5	0	0	0.5
98100	0.48	0.5	0.5	0	0	0.48
98200	0.48	0.5	0.5	0	0	0.48
98300	0.48	0.5	0.5	0	0	0.48
98400	0.48	0.5	0.5	0	0	0.48
98500	0.48	0.5	0.5	0	0	0.48
98600	0.48	0.5	0.5	0	0	0.48
98700	0.48	0.5	0.5	0	0	0.48
98800	0.48	0.5	0.5	0	0	0.48
98900	0.48	0.5	0.5	0	0	0.48
99000	0.48	0.5	0.5	0	0	0.48
99100	0.48	0.5	0.5	0	0	0.48
99200	0.48	0.5	0.5	0	0	0.48
99300	0.48	0.5	0.5	0	0	0.48
99400	0.48	0.5	0.5	0	0	0.48
99500	0.48	0.5	0.5	0	0	0.48
99600	0.48	0.5	0.5	0	0	0.48
99700	0.48	0.5	0.5	0	0	0.48
99800	0.48	0.5	0.5	0	0	0.48
99900	0.48	0.5	0.5	0	0	0.48
100000	0.48	0.5	0.5	0	0	0.48
