100	0.1	0.08	0.08	0	0	0.1
200	0.12	0.12	0.12	0	0	0.12
300	0.12	0.12	0.12	0	0	0.12
400	0.12	0.14	0.14	0	0	0.12
500	0.12	0.14	0.14	0	0	0.12
600	0.14	0.14	0.14	0	0	0.14
700	0.16	0.14	0.14	0	0	0.16
800	0.18	0.14	0.14	0	0	0.18
900	0.2	0.18	0.18	0	0	0.2
1000	0.3	0.22	0.22	0	0	0.3
1100	0.32	0.22	0.22	0	0	0.32
1200	0.3	0.22	0.22	0	0	0.3
1300	0.3	0.24	0.24	0	0	0.3
1400	0.32	0.24	0.24	0	0	0.32
1500	0.32	0.26	0.26	0	0	0.32
1600	0.32	0.26	0.26	0	0	0.32
1700	0.32	0.22	0.22	0	0	0.32
1800	0.32	0.22	0.22	0	0	0.32
1900	0.32	0.22	0.22	0	0	0.32
2000	0.32	0.22	0.22	0	0	0.32
2100	0.34	0.22	0.22	0	0	0.34
2200	0.34	0.22	0.22	0	0	0.34
2300	0.36	0.22	0.22	0	0	0.36
2400	0.38	0.24	0.24	0	0	0.38
2500	0.38	0.26	0.26	0	0	0.38
2600	0.38	0.26	0.26	0	0	0.38
2700	0.38	0.28	0.28	0	0	0.38
2800	0.42	0.28	0.28	0	0	0.42
2900	0.44	0.3	0.3	0	0	0.44
3000	0.46	0.3	0.3	0	0	0.46
3100	0.46	0.3	0.3	0	0	0.46
3200	0.46	0.3	0.3	0	0	0.46
3300	0.44	0.3	0.3	0	0	0.44
3400	0.44	0.3	0.3	0	0	0.44
3500	0.46	0.3	0.3	0	0	0.46
3600	0.46	0.3	0.3	0	0	0.46
3700	0.46	0.3	0.3	0	0	0.46
3800	0.46	0.3	0.3	0	0	0.46
3900	0.44	0.3	0.3	0	0	0.44
4000	0.44	0.28	0.28	0	0	0.44
4100	0.44	0.28	0.28	0	0	0.44
4200	0.46	0.28	0.28	0	0	0.46
4300	0.5	0.28	0.28	0	0	0.5
4400	0.5	0.28	0.28	0	0	0.5
4500	0.52	0.28	0.28	0	0	0.52
4600	0.52	0.26	0.26	0	0	0.52
4700	0.52	0.26	0.26	0	0	0.52
4800	0.52	0.26	0.26	0	0	0.52
4900	0.52	0.28	0.28	0	0	0.52
5000	0.5	0.26	0.26	0	0	0.5
5100	0.5	0.26	0.26	0	0	0.5
5200	0.52	0.26	0.26	0	0	0.52
5300	0.5	0.28	0.28	0	0	0.5
5400	0.5	0.28	0.28	0	0	0.5
5500	0.5	0.3	0.3	0	0	0.5
5600	0.5	0.3	0.3	0	0	0.5
5700	0.5	0.3	0.3	0	0	0.5
5800	0.5	0.32	0.32	0	0	0.5
5900	0.5	0.32	0.32	0	0	0.5
6000	0.52	0.34	0.34	0	0	0.52
6100	0.52	0.34	0.34	0	0	0.52
6200	0.52	0.32	0.32	0	0	0.52
6300	0.52	0.32	0.32	0	0	0.52
6400	0.52	0.34	0.34	0	0	0.52
6500	0.52	0.34	0.34	0	0	0.52
6600	0.52	0.34	0.34	0	0	0.52
6700	0.54	0.34	0.34	0	0	0.54
6800	0.54	0.34	0.34	0	0	0.54
6900	0.54	0.34	0.34	0	0	0.54
7000	0.54	0.34	0.34	0	0	0.54
7100	0.54	0.34	0.34	0	0	0.54
7200	0.54	0.34	0.34	0	0	0.54
7300	0.54	0.34	0.34	0	0	0.54
7400	0.54	0.34	0.34	0	0	0.54
7500	0.54	0.34	0.34	0	0	0.54
7600	0.54	0.34	0.34	0	0	0.54
7700	0.54	0.36	0.36	0	0	0.54
7800	0.54	0.36	0.36	0	0	0.54
7900	0.54	0.36	0.36	0	0	0.54
8000	0.52	0.36	0.36	0	0	0.52
8100	0.52	0.36	0.36	0	0	0.52
8200	0.52	0.36	0.36	0	0	0.52
8300	0.52	0.38	0.38	0	0	0.52
8400	0.52	0.38	0.38	0	0	0.52
8500	0.52	0.36	0.36	0	0	0.52
8600	0.52	0.36	0.36	0	0	0.52
8700	0.54	0.36	0.36	0	0	0.54
8800	0.56	0.36	0.36	0	0	0.56
8900	0.56	0.36	0.36	0	0	0.56
9000	0.56	0.38	0.38	0	0	0.56
9100	0.56	0.38	0.38	0	0	0.56
9200	0.56	0.38	0.38	0	0	0.56
9300	0.58	0.38	0.38	0	0	0.58
9400	0.58	0.38	0.38	0	0	0.58
9500	0.58	0.38	0.38	0	0	0.58
9600	0.58	0.38	0.38	0	0	0.58
9700	0.58	0.38	0.38	0	0	0.58
9800	0.58	0.38	0.38	0	0	0.58
9900	0.58	0.38	0.38	0	0	0.58
10000	0.58	0.38	0.38	0	0	0.58
10100	0.58	0.38	0.38	0	0	0.58
10200	0.58	0.38	0.38	0	0	0.58
10300	0.58	0.38	0.38	0	0	0.58
10400	0.58	0.38	0.38	0	0	0.58
10500	0.58	0.38	0.38	0	0	0.58
10600	0.58	0.38	0.38	0	0	0.58
10700	0.58	0.38	0.38	0	0	0.58
10800	0.58	0.36	0.36	0	0	0.58
10900	0.58	0.36	0.36	0	0	0.58
11000	0.58	0.36	0.36	0	0	0.58
11100	0.58	0.36	0.36	0	0	0.58
11200	0.58	0.34	0.34	0	0	0.58
11300	0.58	0.34	0.34	0	0	0.58
11400	0.58	0.34	0.34	0	0	0.58
11500	0.58	0.34	0.34	0	0	0.58
11600	0.56	0.34	0.34	0	0	0.56
11700	0.56	0.34	0.34	0	0	0.56
11800	0.56	0.34	0.34	0	0	0.56
11900	0.56	0.36	0.36	0	0	0.56
12000	0.56	0.36	0.36	0	0	0.56
12100	0.56	0.36	0.36	0	0	0.56
12200	0.56	0.38	0.38	0	0	0.56
12300	0.56	0.38	0.38	0	0	0.56
12400	0.56	0.38	0.38	0	0	0.56
12500	0.56	0.38	0.38	0	0	0.56
12600	0.56	0.38	0.38	0	0	0.56
12700	0.56	0.38	0.38	0	0	0.56
12800	0.58	0.38	0.38	0	0	0.58
12900	0.58	0.38	0.38	0	0	0.58
13000	0.58	0.38	0.38	0	0	0.58
13100	0.58	0.38	0.38	0	0	0.58
13200	0.58	0.36	0.36	0	0	0.58
13300	0.58	0.36	0.36	0	0	0.58
13400	0.58	0.36	0.36	0	0	0.58
13500	0.58	0.36	0.36	0	0	0.58
13600	0.58	0.36	0.36	0	0	0.58
13700	0.56	0.36	0.36	0	0	0.56
13800	0.56	0.36	0.36	0	0	0.56
13900	0.56	0.38	0.38	0	0	0.56
14000	0.56	0.38	0.38	0	0	0.56
14100	0.56	0.38	0.38	0	0	0.56
14200	0.56	0.38	0.38	0	0	0.56
14300	0.56	0.38	0.38	0	0	0.56
14400	0.56	0.38	0.38	0	0	0.56
14500	0.56	0.38	0.38	0	0	0.56
14600	0.56	0.38	0.38	0	0	0.56
14700	0.56	0.38	0.38	0	0	0.56
14800	0.56	0.38	0.38	0	0	0.56
14900	0.56	0.4	0.4	0	0	0.56
15000	0.56	0.4	0.4	0	0	0.56
15100	0.56	0.4	0.4	0	0	0.56
15200	0.56	0.4	0.4	0	0	0.56
15300	0.56	0.4	0.4	0	0	0.56
15400	0.54	0.4	0.4	0	0	0.54
15500	0.54	0.4	0.4	0	0	0.54
15600	0.54	0.4	0.4	0	0	0.54
15700	0.54	0.42	0.42	0	0	0.54
15800	0.54	0.42	0.42	0	0	0.54
15900	0.54	0.42	0.42	0	0	0.54
16000	0.54	0.42	0.42	0	0	0.54
16100	0.54	0.42	0.42	0	0	0.54
16200	0.54	0.42	0.42	0	0	0.54
16300	0.54	0.42	0.42	0	0	0.54
16400	0.54	0.42	0.42	0	0	0.54
16500	0.54	0.42	0.42	0	0	0.54
16600	0.54	0.44	0.44	0	0	0.54
16700	0.54	0.4	0.4	0	0	0.54
16800	0.52	0.4	0.4	0	0	0.52
16900	0.52	0.4	0.4	0	0	0.52
17000	0.52	0.4	0.4	0	0	0.52
17100	0.52	0.4	0.4	0	0	0.52
17200	0.52	0.4	0.4	0	0	0.52
17300	0.5	0.4	0.4	0	0	0.5
17400	0.5	0.4	0.4	0	0	0.5
17500	0.5	0.4	0.4	0	0	0.5
17600	0.5	0.4	0.4	0	0	0.5
17700	0.5	0.42	0.42	0	0	0.5
17800	0.5	0.42	0.42	0	0	0.5
17900	0.5	0.42	0.42	0	0	0.5
18000	0.5	0.42	0.42	0	0	0.5
18100	0.5	0.42	0.42	0	0	0.5
18200	0.5	0.42	0.42	0	0	0.5
18300	0.5	0.42	0.42	0	0	0.5
18400	0.5	0.42	0.42	0	0	0.5
18500	0.5	0.42	0.42	0	0	0.5
18600	0.5	0.42	0.42	0	0	0.5
18700	0.5	0.42	0.42	0	0	0.5
18800	0.5	0.42	0.42	0	0	0.5
18900	0.5	0.42	0.42	0	0	0.5
19000	0.5	0.4	0.4	0	0	0.5
19100	0.52	0.4	0.4	0	0	0.52
19200	0.52	0.4	0.4	0	0	0.52
19300	0.52	0.4	0.4	0	0	0.52
19400	0.52	0.4	0.4	0	0	0.52
19500	0.52	0.4	0.4	0	0	0.52
19600	0.52	0.4	0.4	0	0	0.52
19700	0.52	0.4	0.4	0	0	0.52
19800	0.52	0.4	0.4	0	0	0.52
19900	0.52	0.4	0.4	0	0	0.52
20000	0.52	0.42	0.42	0	0	0.52
20100	0.52	0.42	0.42	0	0	0.52
20200	0.52	0.42	0.42	0	0	0.52
20300	0.52	0.42	0.42	0	0	0.52
20400	0.52	0.42	0.42	0	0	0.52
20500	0.52	0.42	0.42	0	0	0.52
20600	0.52	0.42	0.42	0	0	0.52
20700	0.52	0.42	0.42	0	0	0.52
20800	0.52	0.42	0.42	0	0	0.52
20900	0.52	0.42	0.42	0	0	0.52
21000	0.52	0.42	0.42	0	0	0.52
21100	0.52	0.42	0.42	0	0	0.52
21200	0.52	0.42	0.42	0	0	0.52
21300	0.52	0.42	0.42	0	0	0.52
21400	0.52	0.42	0.42	0	0	0.52
21500	0.5	0.42	0.42	0	0	0.5
21600	0.5	0.44	0.44	0	0	0.5
21700	0.5	0.42	0.42	0	0	0.5
21800	0.5	0.42	0.42	0	0	0.5
21900	0.5	0.42	0.42	0	0	0.5
22000	0.5	0.42	0.42	0	0	0.5
22100	0.5	0.42	0.42	0	0	0.5
22200	0.5	0.42	0.42	0	0	0.5
22300	0.5	0.42	0.42	0	0	0.5
22400	0.5	0.42	0.42	0	0	0.5
22500	0.5	0.42	0.42	0	0	0.5
22600	0.5	0.42	0.42	0	0	0.5
22700	0.5	0.42	0.42	0	0	0.5
22800	0.5	0.42	0.42	0	0	0.5
22900	0.52	0.42	0.42	0	0	0.52
23000	0.5	0.42	0.42	0	0	0.5
23100	0.5	0.42	0.42	0	0	0.5
23200	0.5	0.42	0.42	0	0	0.5
23300	0.5	0.42	0.42	0	0	0.5
23400	0.52	0.42	0.42	0	0	0.52
23500	0.52	0.42	0.42	0	0	0.52
23600	0.52	0.42	0.42	0	0	0.52
23700	0.52	0.4	0.4	0	0	0.52
23800	0.52	0.4	0.4	0	0	0.52
23900	0.52	0.4	0.4	0	0	0.52
24000	0.52	0.4	0.4	0	0	0.52
24100	0.52	0.4	0.4	0	0	0.52
24200	0.52	0.4	0.4	0	0	0.52
24300	0.52	0.4	0.4	0	0	0.52
24400	0.52	0.4	0.4	0	0	0.52
24500	0.52	0.4	0.4	0	0	0.52
24600	0.52	0.4	0.4	0	0	0.52
24700	0.52	0.4	0.4	0	0	0.52
24800	0.52	0.4	0.4	0	0	0.52
24900	0.52	0.4	0.4	0	0	0.52
25000	0.52	0.4	0.4	0	0	0.52
25100	0.52	0.4	0.4	0	0	0.52
25200	0.52	0.4	0.4	0	0	0.52
25300	0.52	0.4	0.4	0	0	0.52
25400	0.52	0.4	0.4	0	0	0.52
25500	0.52	0.4	0.4	0	0	0.52
25600	0.52	0.4	0.4	0	0	0.52
25700	0.52	0.4	0.4	0	0	0.52
25800	0.52	0.4	0.4	0	0	0.52
25900	0.52	0.4	0.4	0	0	0.52
26000	0.52	0.4	0.4	0	0	0.52
26100	0.52	0.4	0.4	0	0	0.52
26200	0.52	0.4	0.4	0	0	0.52
26300	0.52	0.4	0.4	0	0	0.52
26400	0.52	0.4	0.4	0	0	0.52
26500	0.52	0.4	0.4	0	0	0.52
26600	0.52	0.4	0.4	0	0	0.52
26700	0.52	0.4	0.4	0	0	0.52
26800	0.52	0.4	0.4	0	0	0.52
26900	0.52	0.4	0.4	0	0	0.52
27000	0.52	0.4	0.4	0	0	0.52
27100	0.52	0.42	0.42	0	0	0.52
27200	0.52	0.42	0.42	0	0	0.52
27300	0.52	0.42	0.42	0	0	0.52
27400	0.52	0.42	0.42	0	0	0.52
27500	0.52	0.42	0.42	0	0	0.52
27600	0.52	0.42	0.42	0	0	0.52
27700	0.52	0.42	0.42	0	0	0.52
27800	0.52	0.42	0.42	0	0	0.52
27900	0.52	0.42	0.42	0	0	0.52
28000	0.52	0.42	0.42	0	0	0.52
28100	0.52	0.42	0.42	0	0	0.52
28200	0.52	0.42	0.42	0	0	0.52
28300	0.52	0.42	0.42	0	0	0.52
28400	0.52	0.42	0.42	0	0	0.52
28500	0.52	0.42	0.42	0	0	0.52
28600	0.52	0.42	0.42	0	0	0.52
28700	0.52	0.42	0.42	0	0	0.52
28800	0.52	0.42	0.42	0	0	0.52
28900	0.52	0.42	0.42	0	0	0.52
29000	0.52	0.42	0.42	0	0	0.52
29100	0.52	0.42	0.42	0	0	0.52
29200	0.52	0.42	0.42	0	0	0.52
29300	0.52	0.42	0.42	0	0	0.52
29400	0.52	0.42	0.42	0	0	0.52
29500	0.52	0.42	0.42	0	0	0.52
29600	0.52	0.42	0.42	0	0	0.52
29700	0.52	0.42	0.42	0	0	0.52
29800	0.52	0.44	0.44	0	0	0.52
29900	0.52	0.44	0.44	0	0	0.52
30000	0.5	0.44	0.44	0	0	0.5
30100	0.48	0.44	0.44	0	0	0.48
30200	0.48	0.44	0.44	0	0	0.48
30300	0.48	0.44	0.44	0	0	0.48
30400	0.48	0.44	0.44	0	0	0.48
30500	0.48	0.44	0.44	0	0	0.48
30600	0.48	0.44	0.44	0	0	0.48
30700	0.48	0.44	0.44	0	0	0.48
30800	0.5	0.44	0.44	0	0	0.5
30900	0.5	0.44	0.44	0	0	0.5
31000	0.5	0.44	0.44	0	0	0.5
31100	0.5	0.44	0.44	0	0	0.5
31200	0.5	0.44	0.44	0	0	0.5
31300	0.5	0.44	0.44	0	0	0.5
31400	0.5	0.44	0.44	0	0	0.5
31500	0.5	0.44	0.44	0	0	0.5
31600	0.5	0.44	0.44	0	0	0.5
31700	0.5	0.44	0.44	0	0	0.5
31800	0.5	0.44	0.44	0	0	0.5
31900	0.5	0.44	0.44	0	0	0.5
32000	0.5	0.44	0.44	0	0	0.5
32100	0.52	0.44	0.44	0	0	0.52
32200	0.52	0.44	0.44	0	0	0.52
32300	0.52	0.44	0.44	0	0	0.52
32400	0.52	0.44	0.44	0	0	0.52
32500	0.52	0.44	0.44	0	0	0.52
32600	0.52	0.44	0.44	0	0	0.52
32700	0.52	0.44	0.44	0	0	0.52
32800	0.52	0.44	0.44	0	0	0.52
32900	0.52	0.44	0.44	0	0	0.52
33000	0.52	0.44	0.44	0	0	0.52
33100	0.52	0.44	0.44	0	0	0.52
33200	0.52	0.42	0.42	0	0	0.52
33300	0.52	0.42	0.42	0	0	0.52
33400	0.52	0.42	0.42	0	0	0.52
33500	0.52	0.42	0.42	0	0	0.52
33600	0.52	0.42	0.42	0	0	0.52
33700	0.52	0.42	0.42	0	0	0.52
33800	0.52	0.42	0.42	0	0	0.52
33900	0.52	0.42	0.42	0	0	0.52
34000	0.52	0.42	0.42	0	0	0.52
34100	0.52	0.42	0.42	0	0	0.52
34200	0.52	0.42	0.42	0	0	0.52
34300	0.52	0.42	0.42	0	0	0.52
34400	0.52	0.42	0.42	0	0	0.52
34500	0.52	0.44	0.44	0	0	0.52
34600	0.5	0.42	0.42	0	0	0.5
34700	0.5	0.42	0.42	0	0	0.5
34800	0.5	0.42	0.42	0	0	0.5
34900	0.5	0.42	0.42	0	0	0.5
35000	0.5	0.42	0.42	0	0	0.5
35100	0.5	0.42	0.42	0	0	0.5
35200	0.5	0.42	0.42	0	0	0.5
35300	0.5	0.42	0.42	0	0	0.5
35400	0.5	0.42	0.42	0	0	0.5
35500	0.5	0.42	0.42	0	0	0.5
35600	0.5	0.42	0.42	0	0	0.5
35700	0.5	0.42	0.42	0	0	0.5
35800	0.5	0.42	0.42	0	0	0.5
35900	0.5	0.42	0.42	0	0	0.5
36000	0.5	0.42	0.42	0	0	0.5
36100	0.5	0.42	0.42	0	0	0.5
36200	0.5	0.42	0.42	0	0	0.5
36300	0.5	0.4	0.4	0	0	0.5
36400	0.5	0.4	0.4	0	0	0.5
36500	0.5	0.4	0.4	0	0	0.5
36600	0.5	0.4	0.4	0	0	0.5
36700	0.5	0.4	0.4	0	0	0.5
36800	0.5	0.4	0.4	0	0	0.5
36900	0.48	0.4	0.4	0	0	0.48
37000	0.48	0.4	0.4	0	0	0.48
37100	0.48	0.4	0.4	0	0	0.48
37200	0.48	0.4	0.4	0	0	0.48
37300	0.48	0.4	0.4	0	0	0.48
37400	0.48	0.4	0.4	0	0	0.48
37500	0.48	0.4	0.4	0	0	0.48
37600	0.48	0.4	0.4	0	0	0.48
37700	0.48	0.4	0.4	0	0	0.48
37800	0.48	0.4	0.4	0	0	0.48
37900	0.48	0.4	0.4	0	0	0.48
38000	0.5	0.4	0.4	0	0	0.5
38100	0.5	0.4	0.4	0	0	0.5
38200	0.48	0.4	0.4	0	0	0.48
38300	0.48	0.4	0.4	0	0	0.48
38400	0.48	0.4	0.4	0	0	0.48
38500	0.48	0.4	0.4	0	0	0.48
38600	0.48	0.4	0.4	0	0	0.48
38700	0.46	0.4	0.4	0	0	0.46
38800	0.46	0.4	0.4	0	0	0.46
38900	0.46	0.4	0.4	0	0	0.46
39000	0.46	0.4	0.4	0	0	0.46
39100	0.46	0.4	0.4	0	0	0.46
39200	0.46	0.4	0.4	0	0	0.46
39300	0.46	0.4	0.4	0	0	0.46
39400	0.46	0.4	0.4	0	0	0.46
39500	0.46	0.4	0.4	0	0	0.46
39600	0.46	0.4	0.4	0	0	0.46
39700	0.46	0.4	0.4	0	0	0.46
39800	0.46	0.4	0.4	0	0	0.46
39900	0.46	0.4	0.4	0	0	0.46
40000	0.46	0.4	0.4	0	0	0.46
40100	0.46	0.4	0.4	0	0	0.46
40200	0.46	0.42	0.42	0	0	0.46
40300	0.46	0.44	0.44	0	0	0.46
40400	0.46	0.46	0.46	0	0	0.46
40500	0.46	0.48	0.48	0	0	0.46
40600	0.46	0.46	0.46	0	0	0.46
40700	0.48	0.46	0.46	0	0	0.48
40800	0.48	0.46	0.46	0	0	0.48
40900	0.46	0.46	0.46	0	0	0.46
41000	0.46	0.44	0.44	0	0	0.46
41100	0.46	0.44	0.44	0	0	0.46
41200	0.46	0.44	0.44	0	0	0.46
41300	0.46	0.44	0.44	0	0	0.46
41400	0.48	0.44	0.44	0	0	0.48
41500	0.48	0.42	0.42	0	0	0.48
41600	0.48	0.42	0.42	0	0	0.48
41700	0.5	0.42	0.42	0	0	0.5
41800	0.5	0.42	0.42	0	0	0.5
41900	0.5	0.42	0.42	0	0	0.5
42000	0.5	0.42	0.42	0	0	0.5
42100	0.5	0.42	0.42	0	0	0.5
42200	0.5	0.42	0.42	0	0	0.5
42300	0.5	0.42	0.42	0	0	0.5
42400	0.48	0.42	0.42	0	0	0.48
42500	0.48	0.42	0.42	0	0	0.48
42600	0.48	0.42	0.42	0	0	0.48
42700	0.48	0.42	0.42	0	0	0.48
42800	0.48	0.42	0.42	0	0	0.48
42900	0.48	0.42	0.42	0	0	0.48
43000	0.48	0.42	0.42	0	0	0.48
43100	0.48	0.42	0.42	0	0	0.48
43200	0.48	0.42	0.42	0	0	0.48
43300	0.48	0.42	0.42	0	0	0.48
43400	0.48	0.42	0.42	0	0	0.48
43500	0.48	0.42	0.42	0	0	0.48
43600	0.48	0.42	0.42	0	0	0.48
43700	0.48	0.42	0.42	0	0	0.48
43800	0.48	0.42	0.42	0	0	0.48
43900	0.48	0.42	0.42	0	0	0.48
44000	0.48	0.42	0.42	0	0	0.48
44100	0.48	0.42	0.42	0	0	0.48
44200	0.46	0.42	0.42	0	0	0.46
44300	0.46	0.4	0.4	0	0	0.46
44400	0.46	0.4	0.4	0	0	0.46
44500	0.46	0.4	0.4	0	0	0.46
44600	0.46	0.4	0.4	0	0	0.46
44700	0.46	0.4	0.4	0	0	0.46
44800	0.48	0.4	0.4	0	0	0.48
44900	0.48	0.4	0.4	0	0	0.48
45000	0.48	0.4	0.4	0	0	0.48
45100	0.48	0.4	0.4	0	0	0.48
45200	0.48	0.4	0.4	0	0	0.48
45300	0.52	0.42	0.42	0	0	0.52
45400	0.52	0.42	0.42	0	0	0.52
45500	0.52	0.42	0.42	0	0	0.52
45600	0.52	0.42	0.42	0	0	0.52
45700	0.5	0.42	0.42	0	0	0.5
45800	0.5	0.42	0.42	0	0	0.5
45900	0.5	0.42	0.42	0	0	0.5
46000	0.5	0.42	0.42	0	0	0.5
46100	0.5	0.42	0.42	0	0	0.5
46200	0.5	0.42	0.42	0	0	0.5
46300	0.5	0.42	0.42	0	0	0.5
46400	0.5	0.42	0.42	0	0	0.5
46500	0.5	0.42	0.42	0	0	0.5
46600	0.5	0.44	0.44	0	0	0.5
46700	0.5	0.44	0.44	0	0	0.5
46800	0.5	0.44	0.44	0	0	0.5
46900	0.48	0.44	0.44	0	0	0.48
47000	0.48	0.44	0.44	0	0	0.48
47100	0.48	0.44	0.44	0	0	0.48
47200	0.48	0.44	0.44	0	0	0.48
47300	0.48	0.44	0.44	0	0	0.48
47400	0.48	0.44	0.44	0	0	0.48
47500	0.48	0.44	0.44	0	0	0.48
47600	0.46	0.44	0.44	0	0	0.46
47700	0.46	0.44	0.44	0	0	0.46
47800	0.46	0.44	0.44	0	0	0.46
47900	0.46	0.44	0.44	0	0	0.46
48000	0.46	0.44	0.44	0	0	0.46
48100	0.46	0.44	0.44	0	0	0.46
48200	0.46	0.44	0.44	0	0	0.46
48300	0.46	0.44	0.44	0	0	0.46
48400	0.46	0.44	0.44	0	0	0.46
48500	0.46	0.44	0.44	0	0	0.46
48600	0.46	0.44	0.44	0	0	0.46
48700	0.46	0.44	0.44	0	0	0.46
48800	0.46	0.44	0.44	0	0	0.46
48900	0.46	0.44	0.44	0	0	0.46
49000	0.46	0.44	0.44	0	0	0.46
49100	0.46	0.44	0.44	0	0	0.46
49200	0.46	0.44	0.44	0	0	0.46
49300	0.46	0.44	0.44	0	0	0.46
49400	0.48	0.44	0.44	0	0	0.48
49500	0.48	0.44	0.44	0	0	0.48
49600	0.5	0.44	0.44	0	0	0.5
49700	0.5	0.44	0.44	0	0	0.5
49800	0.5	0.44	0.44	0	0	0.5
49900	0.5	0.44	0.44	0	0	0.5
50000	0.5	0.44	0.44	0	0	0.5
50100	0.5	0.44	0.44	0	0	0.5
50200	0.5	0.44	0.44	0	0	0.5
50300	0.5	0.44	0.44	0	0	0.5
50400	0.5	0.44	0.44	0	0	0.5
50500	0.5	0.44	0.44	0	0	0.5
50600	0.5	0.44	0.44	0	0	0.5
50700	0.5	0.44	0.44	0	0	0.5
50800	0.5	0.44	0.44	0	0	0.5
50900	0.5	0.44	0.44	0	0	0.5
51000	0.5	0.44	0.44	0	0	0.5
51100	0.5	0.44	0.44	0	0	0.5
51200	0.5	0.46	0.46	0	0	0.5
51300	0.5	0.46	0.46	0	0	0.5
51400	0.5	0.46	0.46	0	0	0.5
51500	0.5	0.46	0.46	0	0	0.5
51600	0.5	0.44	0.44	0	0	0.5
51700	0.5	0.44	0.44	0	0	0.5
51800	0.5	0.44	0.44	0	0	0.5
51900	0.5	0.44	0.44	0	0	0.5
52000	0.5	0.44	0.44	0	0	0.5
52100	0.48	0.44	0.44	0	0	0.48
52200	0.48	0.44	0.44	0	0	0.48
52300	0.48	0.44	0.44	0	0	0.48
52400	0.48	0.44	0.44	0	0	0.48
52500	0.48	0.44	0.44	0	0	0.48
52600	0.48	0.44	0.44	0	0	0.48
52700	0.48	0.44	0.44	0	0	0.48
52800	0.48	0.44	0.44	0	0	0.48
52900	0.48	0.44	0.44	0	0	0.48
53000	0.46	0.44	0.44	0	0	0.46
53100	0.46	0.44	0.44	0	0	0.46
53200	0.46	0.44	0.44	0	0	0.46
53300	0.46	0.42	0.42	0	0	0.46
53400	0.46	0.42	0.42	0	0	0.46
53500	0.48	0.42	0.42	0	0	0.48
53600	0.48	0.42	0.42	0	0	0.48
53700	0.48	0.44	0.44	0	0	0.48
53800	0.48	0.44	0.44	0	0	0.48
53900	0.48	0.44	0.44	0	0	0.48
54000	0.48	0.44	0.44	0	0	0.48
54100	0.48	0.42	0.42	0	0	0.48
54200	0.48	0.42	0.42	0	0	0.48
54300	0.48	0.42	0.42	0	0	0.48
54400	0.48	0.42	0.42	0	0	0.48
54500	0.48	0.42	0.42	0	0	0.48
54600	0.48	0.42	0.42	0	0	0.48
54700	0.48	0.42	0.42	0	0	0.48
54800	0.48	0.42	0.42	0	0	0.48
54900	0.48	0.42	0.42	0	0	0.48
55000	0.46	0.42	0.42	0	0	0.46
55100	0.46	0.42	0.42	0	0	0.46
55200	0.46	0.42	0.42	0	0	0.46
55300	0.46	0.42	0.42	0	0	0.46
55400	0.46	0.42	0.42	0	0	0.46
55500	0.46	0.42	0.42	0	0	0.46
55600	0.46	0.42	0.42	0	0	0.46
55700	0.46	0.42	0.42	0	0	0.46
55800	0.46	0.44	0.44	0	0	0.46
55900	0.46	0.44	0.44	0	0	0.46
56000	0.46	0.44	0.44	0	0	0.46
56100	0.46	0.44	0.44	0	0	0.46
56200	0.46	0.44	0.44	0	0	0.46
56300	0.46	0.44	0.44	0	0	0.46
56400	0.48	0.44	0.44	0	0	0.48
56500	0.48	0.44	0.44	0	0	0.48
56600	0.48	0.44	0.44	0	0	0.48
56700	0.48	0.44	0.44	0	0	0.48
56800	0.48	0.44	0.44	0	0	0.48
56900	0.48	0.48	0.48	0	0	0.48
57000	0.48	0.5	0.5	0	0	0.48
57100	0.48	0.5	0.5	0	0	0.48
57200	0.48	0.5	0.5	0	0	0.48
57300	0.48	0.5	0.5	0	0	0.48
57400	0.48	0.5	0.5	0	0	0.48
57500	0.48	0.5	0.5	0	0	0.48
57600	0.48	0.5	0.5	0	0	0.48
57700	0.5	0.5	0.5	0	0	0.5
57800	0.5	0.5	0.5	0	0	0.5
57900	0.5	0.5	0.5	0	0	0.5
58000	0.5	0.48	0.48	0	0	0.5
58100	0.5	0.48	0.48	0	0	0.5
58200	0.5	0.48	0.48	0	0	0.5
58300	0.5	0.48	0.48	0	0	0.5
58400	0.5	0.48	0.48	0	0	0.5
58500	0.5	0.48	0.48	0	0	0.5
58600	0.5	0.48	0.48	0	0	0.5
58700	0.5	0.48	0.48	0	0	0.5
58800	0.5	0.48	0.48	0	0	0.5
58900	0.5	0.48	0.48	0	0	0.5
59000	0.5	0.48	0.48	0	0	0.5
59100	0.5	0.48	0.48	0	0	0.5
59200	0.5	0.48	0.48	0	0	0.5
59300	0.52	0.48	0.48	0	0	0.52
59400	0.52	0.48	0.48	0	0	0.52
59500	0.52	0.48	0.48	0	0	0.52
59600	0.52	0.48	0.48	0	0	0.52
59700	0.52	0.48	0.48	0	0	0.52
59800	0.52	0.48	0.48	0	0	0.52
59900	0.5	0.48	0.48	0	0	0.5
60000	0.5	0.48	0.48	0	0	0.5
60100	0.5	0.48	0.48	0	0	0.5
60200	0.5	0.48	0.48	0	0	0.5
60300	0.5	0.48	0.48	0	0	0.5
60400	0.5	0.48	0.48	0	0	0.5
60500	0.5	0.48	0.48	0	0	0.5
60600	0.5	0.48	0.48	0	0	0.5
60700	0.5	0.48	0.48	0	0	0.5
60800	0.5	0.48	0.48	0	0	0.5
60900	0.5	0.48	0.48	0	0	0.5
61000	0.5	0.48	0.48	0	0	0.5
61100	0.5	0.48	0.48	0	0	0.5
61200	0.5	0.48	0.48	0	0	0.5
61300	0.5	0.48	0.48	0	0	0.5
61400	0.5	0.48	0.48	0	0	0.5
61500	0.5	0.48	0.48	0	0	0.5
61600	0.5	0.48	0.48	0	0	0.5
61700	0.5	0.48	0.48	0	0	0.5
61800	0.5	0.48	0.48	0	0	0.5
61900	0.5	0.48	0.48	0	0	0.5
62000	0.5	0.48	0.48	0	0	0.5
62100	0.5	0.48	0.48	0	0	0.5
62200	0.5	0.48	0.48	0	0	0.5
62300	0.5	0.48	0.48	0	0	0.5
62400	0.5	0.48	0.48	0	0	0.5
62500	0.5	0.48	0.48	0	0	0.5
62600	0.5	0.48	0.48	0	0	0.5
62700	0.5	0.5	0.5	0	0	0.5
62800	0.5	0.48	0.48	0	0	0.5
62900	0.5	0.48	0.48	0	0	0.5
63000	0.5	0.48	0.48	0	0	0.5
63100	0.5	0.48	0.48	0	0	0.5
63200	0.5	0.48	0.48	0	0	0.5
63300	0.5	0.46	0.46	0	0	0.5
63400	0.5	0.46	0.46	0	0	0.5
63500	0.5	0.46	0.46	0	0	0.5
63600	0.5	0.46	0.46	0	0	0.5
63700	0.5	0.46	0.46	0	0	0.5
63800	0.5	0.46	0.46	0	0	0.5
63900	0.5	0.46	0.46	0	0	0.5
64000	0.5	0.46	0.46	0	0	0.5
64100	0.5	0.46	0.46	0	0	0.5
64200	0.5	0.46	0.46	0	0	0.5
64300	0.5	0.46	0.46	0	0	0.5
64400	0.5	0.46	0.46	0	0	0.5
64500	0.5	0.46	0.46	0	0	0.5
64600	0.5	0.46	0.46	0	0	0.5
64700	0.5	0.46	0.46	0	0	0.5
64800	0.5	0.46	0.46	0	0	0.5
64900	0.5	0.46	0.46	0	0	0.5
65000	0.5	0.46	0.46	0	0	0.5
65100	0.5	0.46	0.46	0	0	0.5
65200	0.52	0.46	0.46	0	0	0.52
65300	0.52	0.46	0.46	0	0	0.52
65400	0.5	0.46	0.46	0	0	0.5
65500	0.5	0.46	0.46	0	0	0.5
65600	0.5	0.46	0.46	0	0	0.5
65700	0.5	0.46	0.46	0	0	0.5
65800	0.5	0.46	0.46	0	0	0.5
65900	0.5	0.48	0.48	0	0	0.5
66000	0.5	0.48	0.48	0	0	0.5
66100	0.5	0.48	0.48	0	0	0.5
66200	0.5	0.48	0.48	0	0	0.5
66300	0.5	0.48	0.48	0	0	0.5
66400	0.5	0.48	0.48	0	0	0.5
66500	0.5	0.48	0.48	0	0	0.5
66600	0.5	0.48	0.48	0	0	0.5
66700	0.5	0.48	0.48	0	0	0.5
66800	0.5	0.46	0.46	0	0	0.5
66900	0.5	0.46	0.46	0	0	0.5
67000	0.5	0.46	0.46	0	0	0.5
67100	0.48	0.46	0.46	0	0	0.48
67200	0.48	0.46	0.46	0	0	0.48
67300	0.48	0.46	0.46	0	0	0.48
67400	0.48	0.46	0.46	0	0	0.48
67500	0.48	0.46	0.46	0	0	0.48
67600	0.48	0.46	0.46	0	0	0.48
67700	0.48	0.46	0.46	0	0	0.48
67800	0.48	0.46	0.46	0	0	0.48
67900	0.48	0.46	0.46	0	0	0.48
68000	0.48	0.46	0.46	0	0	0.48
68100	0.48	0.46	0.46	0	0	0.48
68200	0.48	0.46	0.46	0	0	0.48
68300	0.48	0.46	0.46	0	0	0.48
68400	0.48	0.46	0.46	0	0	0.48
68500	0.48	0.46	0.46	0	0	0.48
68600	0.48	0.46	0.46	0	0	0.48
68700	0.48	0.46	0.46	0	0	0.48
68800	0.48	0.46	0.46	0	0	0.48
68900	0.48	0.46	0.46	0	0	0.48
69000	0.48	0.46	0.46	0	0	0.48
69100	0.48	0.46	0.46	0	0	0.48
69200	0.48	0.48	0.48	0	0	0.48
69300	0.48	0.48	0.48	0	0	0.48
69400	0.48	0.48	0.48	0	0	0.48
69500	0.48	0.48	0.48	0	0	0.48
69600	0.48	0.48	0.48	0	0	0.48
69700	0.48	0.48	0.48	0	0	0.48
69800	0.48	0.48	0.48	0	0	0.48
69900	0.48	0.48	0.48	0	0	0.48
70000	0.48	0.48	0.48	0	0	0.48
70100	0.48	0.48	0.48	0	0	0.48
70200	0.48	0.5	0.5	0	0	0.48
70300	0.48	0.5	0.5	0	0	0.48
70400	0.48	0.5	0.5	0	0	0.48
70500	0.48	0.52	0.52	0	0	0.48
70600	0.48	0.5	0.5	0	0	0.48
70700	0.48	0.5	0.5	0	0	0.48
70800	0.48	0.5	0.5	0	0	0.48
70900	0.48	0.5	0.5	0	0	0.48
71000	0.48	0.5	0.5	0	0	0.48
71100	0.48	0.5	0.5	0	0	0.48
71200	0.48	0.5	0.5	0	0	0.48
71300	0.48	0.5	0.5	0	0	0.48
71400	0.48	0.5	0.5	0	0	0.48
71500	0.48	0.5	0.5	0	0	0.48
71600	0.48	0.5	0.5	0	0	0.48
71700	0.48	0.5	0.5	0	0	0.48
71800	0.48	0.5	0.5	0	0	0.48
71900	0.48	0.5	0.5	0	0	0.48
72000	0.48	0.5	0.5	0	0	0.48
72100	0.48	0.5	0.5	0	0	0.48
72200	0.48	0.5	0.5	0	0	0.48
72300	0.48	0.5	0.5	0	0	0.48
72400	0.48	0.5	0.5	0	0	0.48
72500	0.48	0.5	0.5	0	0	0.48
72600	0.48	0.5	0.5	0	0	0.48
72700	0.48	0.5	0.5	0	0	0.48
72800	0.48	0.5	0.5	0	0	0.48
72900	0.48	0.5	0.5	0	0	0.48
73000	0.48	0.5	0.5	0	0	0.48
73100	0.48	0.5	0.5	0	0	0.48
73200	0.48	0.5	0.5	0	0	0.48
73300	0.48	0.5	0.5	0	0	0.48
73400	0.48	0.48	0.48	0	0	0.48
73500	0.48	0.48	0.48	0	0	0.48
73600	0.48	0.48	0.48	0	0	0.48
73700	0.48	0.48	0.48	0	0	0.48
73800	0.48	0.48	0.48	0	0	0.48
73900	0.48	0.48	0.48	0	0	0.48
74000	0.48	0.48	0.48	0	0	0.48
74100	0.48	0.48	0.48	0	0	0.48
74200	0.48	0.48	0.48	0	0	0.48
74300	0.48	0.48	0.48	0	0	0.48
74400	0.48	0.48	0.48	0	0	0.48
74500	0.48	0.48	0.48	0	0	0.48
74600	0.48	0.48	0.48	0	0	0.48
74700	0.48	0.48	0.48	0	0	0.48
74800	0.48	0.48	0.48	0	0	0.48
74900	0.48	0.46	0.46	0	0	0.48
75000	0.48	0.46	0.46	0	0	0.48
75100	0.48	0.46	0.46	0	0	0.48
75200	0.48	0.46	0.46	0	0	0.48
75300	0.48	0.44	0.44	0	0	0.48
75400	0.48	0.44	0.44	0	0	0.48
75500	0.48	0.44	0.44	0	0	0.48
75600	0.48	0.44	0.44	0	0	0.48
75700	0.48	0.44	0.44	0	0	0.48
75800	0.48	0.44	0.44	0	0	0.48
75900	0.48	0.42	0.42	0	0	0.48
76000	0.48	0.42	0.42	0	0	0.48
76100	0.48	0.42	0.42	0	0	0.48
76200	0.48	0.42	0.42	0	0	0.48
76300	0.48	0.42	0.42	0	0	0.48
76400	0.48	0.42	0.42	0	0	0.48
76500	0.48	0.42	0.42	0	0	0.48
76600	0.48	0.44	0.44	0	0	0.48
76700	0.48	0.46	0.46	0	0	0.48
76800	0.48	0.46	0.46	0	0	0.48
76900	0.48	0.46	0.46	0	0	0.48
77000	0.48	0.46	0.46	0	0	0.48
77100	0.48	0.46	0.46	0	0	0.48
77200	0.48	0.46	0.46	0	0	0.48
77300	0.48	0.44	0.44	0	0	0.48
77400	0.48	0.44	0.44	0	0	0.48
77500	0.48	0.44	0.44	0	0	0.48
77600	0.48	0.44	0.44	0	0	0.48
77700	0.48	0.44	0.44	0	0	0.48
77800	0.48	0.44	0.44	0	0	0.48
77900	0.48	0.44	0.44	0	0	0.48
78000	0.48	0.44	0.44	0	0	0.48
78100	0.48	0.44	0.44	0	0	0.48
78200	0.48	0.44	0.44	0	0	0.48
78300	0.48	0.44	0.44	0	0	0.48
78400	0.48	0.44	0.44	0	0	0.48
78500	0.48	0.44	0.44	0	0	0.48
78600	0.48	0.44	0.44	0	0	0.48
78700	0.48	0.44	0.44	0	0	0.48
78800	0.48	0.44	0.44	0	0	0.48
78900	0.48	0.44	0.44	0	0	0.48
79000	0.48	0.44	0.44	0	0	0.48
79100	0.48	0.44	0.44	0	0	0.48
79200	0.48	0.44	0.44	0	0	0.48
79300	0.48	0.44	0.44	0	0	0.48
79400	0.48	0.44	0.44	0	0	0.48
79500	0.48	0.44	0.44	0	0	0.48
79600	0.48	0.44	0.44	0	0	0.48
79700	0.5	0.44	0.44	0	0	0.5
79800	0.5	0.44	0.44	0	0	0.5
79900	0.5	0.44	0.44	0	0	0.5
80000	0.52	0.44	0.44	0	0	0.52
80100	0.52	0.44	0.44	0	0	0.52
80200	0.52	0.44	0.44	0	0	0.52
80300	0.52	0.46	0.46	0	0	0.52
80400	0.52	0.46	0.46	0	0	0.52
80500	0.52	0.46	0.46	0	0	0.52
80600	0.52	0.46	0.46	0	0	0.52
80700	0.52	0.46	0.46	0	0	0.52
80800	0.52	0.46	0.46	0	0	0.52
80900	0.52	0.46	0.46	0	0	0.52
81000	0.52	0.46	0.46	0	0	0.52
81100	0.52	0.46	0.46	0	0	0.52
81200	0.52	0.46	0.46	0	0	0.52
81300	0.52	0.46	0.46	0	0	0.52
81400	0.52	0.46	0.46	0	0	0.52
81500	0.52	0.46	0.46	0	0	0.52
81600	0.52	0.46	0.46	0	0	0.52
81700	0.52	0.46	0.46	0	0	0.52
81800	0.52	0.48	0.48	0	0	0.52
81900	0.52	0.48	0.48	0	0	0.52
82000	0.52	0.48	0.48	0	0	0.52
82100	0.52	0.48	0.48	0	0	0.52
82200	0.52	0.48	0.48	0	0	0.52
82300	0.52	0.48	0.48	0	0	0.52
82400	0.52	0.48	0.48	0	0	0.52
82500	0.52	0.48	0.48	0	0	0.52
82600	0.52	0.48	0.48	0	0	0.52
82700	0.52	0.48	0.48	0	0	0.52
82800	0.52	0.46	0.46	0	0	0.52
82900	0.52	0.46	0.46	0	0	0.52
83000	0.52	0.46	0.46	0	0	0.52
83100	0.5	0.46	0.46	0	0	0.5
83200	0.5	0.46	0.46	0	0	0.5
83300	0.5	0.46	0.46	0	0	0.5
83400	0.52	0.46	0.46	0	0	0.52
83500	0.52	0.46	0.46	0	0	0.52
83600	0.52	0.46	0.46	0	0	0.52
83700	0.52	0.46	0.46	0	0	0.52
83800	0.52	0.46	0.46	0	0	0.52
83900	0.52	0.46	0.46	0	0	0.52
84000	0.52	0.46	0.46	0	0	0.52
84100	0.52	0.46	0.46	0	0	0.52
84200	0.52	0.46	0.46	0	0	0.52
84300	0.52	0.46	0.46	0	0	0.52
84400	0.52	0.46	0.46	0	0	0.52
84500	0.52	0.46	0.46	0	0	0.52
84600	0.52	0.46	0.46	0	0	0.52
84700	0.52	0.46	0.46	0	0	0.52
84800	0.52	0.46	0.46	0	0	0.52
84900	0.52	0.46	0.46	0	0	0.52
85000	0.52	0.46	0.46	0	0	0.52
85100	0.52	0.46	0.46	0	0	0.52
85200	0.52	0.46	0.46	0	0	0.52
85300	0.52	0.46	0.46	0	0	0.52
85400	0.52	0.46	0.46	0	0	0.52
85500	0.52	0.46	0.46	0	0	0.52
85600	0.52	0.46	0.46	0	0	0.52
85700	0.52	0.46	0.46	0	0	0.52
85800	0.52	0.46	0.46	0	0	0.52
85900	0.52	0.46	0.46	0	0	0.52
86000	0.54	0.46	0.46	0	0	0.54
86100	0.54	0.46	0.46	0	0	0.54
86200	0.54	0.46	0.46	0	0	0.54
86300	0.54	0.46	0.46	0	0	0.54
86400	0.54	0.46	0.46	0	0	0.54
86500	0.54	0.46	0.46	0	0	0.54
86600	0.54	0.46	0.46	0	0	0.54
86700	0.52	0.46	0.46	0	0	0.52
86800	0.52	0.46	0.46	0	0	0.52
86900	0.52	0.46	0.46	0	0	0.52
87000	0.54	0.46	0.46	0	0	0.54
87100	0.54	0.46	0.46	0	0	0.54
87200	0.54	0.44	0.44	0	0	0.54
87300	0.54	0.44	0.44	0	0	0.54
87400	0.54	0.44	0.44	0	0	0.54
87500	0.54	0.44	0.44	0	0	0.54
87600	0.54	0.44	0.44	0	0	0.54
87700	0.54	0.44	0.44	0	0	0.54
87800	0.54	0.44	0.44	0	0	0.54
87900	0.54	0.44	0.44	0	0	0.54
88000	0.54	0.44	0.44	0	0	0.54
88100	0.54	0.44	0.44	0	0	0.54
88200	0.52	0.44	0.44	0	0	0.52
88300	0.52	0.44	0.44	0	0	0.52
88400	0.52	0.44	0.44	0	0	0.52
88500	0.52	0.44	0.44	0	0	0.52
88600	0.52	0.44	0.44	0	0	0.52
88700	0.52	0.44	0.44	0	0	0.52
88800	0.52	0.44	0.44	0	0	0.52
88900	0.52	0.44	0.44	0	0	0.52
89000	0.52	0.44	0.44	0	0	0.52
89100	0.52	0.44	0.44	0	0	0.52
89200	0.52	0.44	0.44	0	0	0.52
89300	0.52	0.44	0.44	0	0	0.52
89400	0.52	0.44	0.44	0	0	0.52
89500	0.52	0.44	0.44	0	0	0.52
89600	0.52	0.44	0.44	0	0	0.52
89700	0.52	0.44	0.44	0	0	0.52
89800	0.52	0.44	0.44	0	0	0.52
89900	0.52	0.44	0.44	0	0	0.52
90000	0.52	0.44	0.44	0	0	0.52
90100	0.52	0.44	0.44	0	0	0.52
90200	0.52	0.44	0.44	0	0	0.52
90300	0.52	0.44	0.44	0	0	0.52
90400	0.52	0.44	0.44	0	0	0.52
90500	0.52	0.44	0.44	0	0	0.52
90600	0.52	0.44	0.44	0	0	0.52
90700	0.52	0.44	0.44	0	0	0.52
90800	0.52	0.44	0.44	0	0	0.52
90900	0.52	0.44	0.44	0	0	0.52
91000	0.52	0.44	0.44	0	0	0.52
91100	0.52	0.44	0.44	0	0	0.52
91200	0.52	0.44	0.44	0	0	0.52
91300	0.52	0.44	0.44	0	0	0.52
91400	0.52	0.44	0.44	0	0	0.52
91500	0.5	0.44	0.44	0	0	0.5
91600	0.5	0.44	0.44	0	0	0.5
91700	0.5	0.44	0.44	0	0	0.5
91800	0.5	0.44	0.44	0	0	0.5
91900	0.5	0.44	0.44	0	0	0.5
92000	0.5	0.44	0.44	0	0	0.5
92100	0.5	0.44	0.44	0	0	0.5
92200	0.5	0.44	0.44	0	0	0.5
92300	0.5	0.44	0.44	0	0	0.5
92400	0.5	0.44	0.44	0	0	0.5
92500	0.5	0.44	0.44	0	0	0.5
92600	0.5	0.46	0.46	0	0	0.5
92700	0.5	0.46	0.46	0	0	0.5
92800	0.5	0.46	0.46	0	0	0.5
92900	0.5	0.46	0.46	0	0	0.5
93000	0.5	0.46	0.46	0	0	0.5
93100	0.5	0.46	0.46	0	0	0.5
93200	0.5	0.46	0.46	0	0	0.5
93300	0.5	0.46	0.46	0	0	0.5
93400	0.52	0.46	0.46	0	0	0.52
93500	0.5	0.46	0.46	0	0	0.5
93600	0.5	0.46	0.46	0	0	0.5
93700	0.5	0.46	0.46	0	0	0.5
93800	0.5	0.46	0.46	0	0	0.5
93900	0.5	0.46	0.46	0	0	0.5
94000	0.5	0.46	0.46	0	0	0.5
94100	0.5	0.46	0.46	0	0	0.5
94200	0.5	0.46	0.46	0	0	0.5
94300	0.5	0.46	0.46	0	0	0.5
94400	0.5	0.44	0.44	0	0	0.5
94500	0.5	0.44	0.44	0	0	0.5
94600	0.5	0.44	0.44	0	0	0.5
94700	0.48	0.44	0.44	0	0	0.48
94800	0.48	0.44	0.44	0	0	0.48
94900	0.48	0.44	0.44	0	0	0.48
95000	0.48	0.44	0.44	0	0	0.48
95100	0.48	0.44	0.44	0	0	0.48
95200	0.48	0.44	0.44	0	0	0.48
95300	0.48	0.44	0.44	0	0	0.48
95400	0.48	0.44	0.44	0	0	0.48
95500	0.48	0.44	0.44	0	0	0.48
95600	0.48	0.44	0.44	0	0	0.48
95700	0.48	0.44	0.44	0	0	0.48
95800	0.48	0.44	0.44	0	0	0.48
95900	0.48	0.42	0.42	0	0	0.48
96000	0.48	0.42	0.42	0	0	0.48
96100	0.48	0.42	0.42	0	0	0.48
96200	0.48	0.42	0.42	0	0	0.48
96300	0.48	0.42	0.42	0	0	0.48
96400	0.48	0.42	0.42	0	0	0.48
96500	0.48	0.42	0.42	0	0	0.48
96600	0.48	0.42	0.42	0	0	0.48
96700	0.48	0.42	0.42	0	0	0.48
96800	0.48	0.42	0.42	0	0	0.48
96900	0.48	0.42	0.42	0	0	0.48
97000	0.48	0.4	0.4	0	0	0.48
97100	0.5	0.4	0.4	0	0	0.5
97200	0.5	0.4	0.4	0	0	0.5
97300	0.5	0.4	0.4	0	0	0.5
97400	0.5	0.4	0.4	0	0	0.5
97500	0.5	0.4	0.4	0	0	0.5
97600	0.5	0.4	0.4	0	0	0.5
97700	0.52	0.4	0.4	0	0	0.52
97800	0.52	0.4	0.4	0	0	0.52
97900	0.52	0.4	0.4	0	0	0.52
98000	0.52	0.4	0.4	0	0	0.52
98100	0.52	0.4	0.4	0	0	0.52
98200	0.52	0.42	0.42	0	0	0.52
98300	0.52	0.42	0.42	0	0	0.52
98400	0.52	0.42	0.42	0	0	0.52
98500	0.52	0.42	0.42	0	0	0.52
98600	0.54	0.42	0.42	0	0	0.54
98700	0.54	0.42	0.42	0	0	0.54
98800	0.54	0.42	0.42	0	0	0.54
98900	0.56	0.42	0.42	0	0	0.56
99000	0.56	0.42	0.42	0	0	0.56
99100	0.56	0.42	0.42	0	0	0.56
99200	0.56	0.42	0.42	0	0	0.56
99300	0.56	0.42	0.42	0	0	0.56
99400	0.56	0.42	0.42	0	0	0.56
99500	0.56	0.42	0.42	0	0	0.56
99600	0.56	0.42	0.42	0	0	0.56
99700	0.56	0.42	0.42	0	0	0.56
99800	0.56	0.42	0.42	0	0	0.56
99900	0.56	0.42	0.42	0	0	0.56
100000	0.56	0.42	0.42	0	0	0.56
