100	0.07	0.08	0.08	0	0	0.07
200	0.1	0.11	0.11	0	0	0.1
300	0.11	0.11	0.11	0	0	0.11
400	0.11	0.12	0.12	0	0	0.11
500	0.13	0.15	0.15	0	0	0.13
600	0.16	0.15	0.15	0	0	0.16
700	0.17	0.16	0.16	0	0	0.17
800	0.18	0.16	0.16	0	0	0.18
900	0.18	0.16	0.16	0	0	0.18
1000	0.18	0.16	0.16	0	0	0.18
1100	0.18	0.17	0.17	0	0	0.18
1200	0.18	0.17	0.17	0	0	0.18
1300	0.18	0.19	0.19	0	0	0.18
1400	0.18	0.19	0.19	0	0	0.18
1500	0.18	0.21	0.21	0	0	0.18
1600	0.18	0.22	0.22	0	0	0.18
1700	0.18	0.23	0.23	0	0	0.18
1800	0.19	0.23	0.23	0	0	0.19
1900	0.19	0.23	0.23	0	0	0.19
2000	0.21	0.23	0.23	0	0	0.21
2100	0.21	0.25	0.25	0	0	0.21
2200	0.23	0.25	0.25	0	0	0.23
2300	0.24	0.25	0.25	0	0	0.24
2400	0.24	0.26	0.26	0	0	0.24
2500	0.24	0.26	0.26	0	0	0.24
2600	0.24	0.25	0.25	0	0	0.24
2700	0.23	0.25	0.25	0	0	0.23
2800	0.23	0.26	0.26	0	0	0.23
2900	0.25	0.28	0.28	0	0	0.25
3000	0.26	0.29	0.29	0	0	0.26
3100	0.26	0.28	0.28	0	0	0.26
3200	0.26	0.28	0.28	0	0	0.26
3300	0.27	0.28	0.28	0	0	0.27
3400	0.28	0.28	0.28	0	0	0.28
3500	0.27	0.31	0.31	0	0	0.27
3600	0.27	0.3	0.3	0	0	0.27
3700	0.27	0.3	0.3	0	0	0.27
3800	0.28	0.3	0.3	0	0	0.28
3900	0.28	0.29	0.29	0	0	0.28
4000	0.28	0.3	0.3	0	0	0.28
4100	0.28	0.31	0.31	0	0	0.28
4200	0.29	0.33	0.33	0	0	0.29
4300	0.29	0.33	0.33	0	0	0.29
4400	0.29	0.34	0.34	0	0	0.29
4500	0.29	0.34	0.34	0	0	0.29
4600	0.29	0.36	0.36	0	0	0.29
4700	0.29	0.37	0.37	0	0	0.29
4800	0.3	0.37	0.37	0	0	0.3
4900	0.29	0.38	0.38	0	0	0.29
5000	0.3	0.39	0.39	0	0	0.3
5100	0.29	0.38	0.38	0	0	0.29
5200	0.28	0.38	0.38	0	0	0.28
5300	0.3	0.38	0.38	0	0	0.3
5400	0.3	0.37	0.37	0	0	0.3
5500	0.3	0.37	0.37	0	0	0.3
5600	0.3	0.37	0.37	0	0	0.3
5700	0.3	0.37	0.37	0	0	0.3
5800	0.29	0.37	0.37	0	0	0.29
5900	0.28	0.38	0.38	0	0	0.28
6000	0.28	0.38	0.38	0	0	0.28
6100	0.28	0.39	0.39	0	0	0.28
6200	0.28	0.39	0.39	0	0	0.28
6300	0.28	0.4	0.4	0	0	0.28
6400	0.28	0.38	0.38	0	0	0.28
6500	0.29	0.38	0.38	0	0	0.29
6600	0.28	0.38	0.38	0	0	0.28
6700	0.28	0.38	0.38	0	0	0.28
6800	0.28	0.38	0.38	0	0	0.28
6900	0.29	0.38	0.38	0	0	0.29
7000	0.29	0.38	0.38	0	0	0.29
7100	0.29	0.38	0.38	0	0	0.29
7200	0.3	0.38	0.38	0	0	0.3
7300	0.32	0.38	0.38	0	0	0.32
7400	0.32	0.39	0.39	0	0	0.32
7500	0.32	0.39	0.39	0	0	0.32
7600	0.32	0.39	0.39	0	0	0.32
7700	0.33	0.39	0.39	0	0	0.33
7800	0.33	0.39	0.39	0	0	0.33
7900	0.33	0.39	0.39	0	0	0.33
8000	0.32	0.39	0.39	0	0	0.32
8100	0.34	0.4	0.4	0	0	0.34
8200	0.34	0.39	0.39	0	0	0.34
8300	0.33	0.39	0.39	0	0	0.33
8400	0.33	0.39	0.39	0	0	0.33
8500	0.33	0.39	0.39	0	0	0.33
8600	0.33	0.4	0.4	0	0	0.33
8700	0.33	0.4	0.4	0	0	0.33
8800	0.33	0.41	0.41	0	0	0.33
8900	0.33	0.4	0.4	0	0	0.33
9000	0.34	0.4	0.4	0	0	0.34
9100	0.35	0.41	0.41	0	0	0.35
9200	0.36	0.41	0.41	0	0	0.36
9300	0.37	0.41	0.41	0	0	0.37
9400	0.36	0.41	0.41	0	0	0.36
9500	0.37	0.4	0.4	0	0	0.37
9600	0.37	0.4	0.4	0	0	0.37
9700	0.37	0.4	0.4	0	0	0.37
9800	0.37	0.4	0.4	0	0	0.37
9900	0.38	0.38	0.38	0	0	0.38
10000	0.38	0.38	0.38	0	0	0.38
10100	0.38	0.39	0.39	0	0	0.38
10200	0.38	0.38	0.38	0	0	0.38
10300	0.38	0.38	0.38	0	0	0.38
10400	0.38	0.38	0.38	0	0	0.38
10500	0.37	0.38	0.38	0	0	0.37
10600	0.37	0.38	0.38	0	0	0.37
10700	0.35	0.38	0.38	0	0	0.35
10800	0.35	0.37	0.37	0	0	0.35
10900	0.35	0.37	0.37	0	0	0.35
11000	0.36	0.37	0.37	0	0	0.36
11100	0.36	0.37	0.37	0	0	0.36
11200	0.36	0.37	0.37	0	0	0.36
11300	0.37	0.37	0.37	0	0	0.37
11400	0.37	0.38	0.38	0	0	0.37
11500	0.37	0.39	0.39	0	0	0.37
11600	0.37	0.39	0.39	0	0	0.37
11700	0.37	0.39	0.39	0	0	0.37
11800	0.37	0.39	0.39	0	0	0.37
11900	0.37	0.39	0.39	0	0	0.37
12000	0.37	0.39	0.39	0	0	0.37
12100	0.37	0.38	0.38	0	0	0.37
12200	0.37	0.38	0.38	0	0	0.37
12300	0.37	0.38	0.38	0	0	0.37
12400	0.37	0.39	0.39	0	0	0.37
12500	0.37	0.4	0.4	0	0	0.37
12600	0.37	0.4	0.4	0	0	0.37
12700	0.37	0.4	0.4	0	0	0.37
12800	0.37	0.41	0.41	0	0	0.37
12900	0.37	0.41	0.41	0	0	0.37
13000	0.37	0.39	0.39	0	0	0.37
13100	0.36	0.4	0.4	0	0	0.36
13200	0.36	0.4	0.4	0	0	0.36
13300	0.36	0.4	0.4	0	0	0.36
13400	0.36	0.4	0.4	0	0	0.36
13500	0.36	0.42	0.42	0	0	0.36
13600	0.36	0.42	0.42	0	0	0.36
13700	0.36	0.42	0.42	0	0	0.36
13800	0.36	0.43	0.43	0	0	0.36
13900	0.36	0.43	0.43	0	0	0.36
14000	0.36	0.44	0.44	0	0	0.36
14100	0.35	0.44	0.44	0	0	0.35
14200	0.35	0.44	0.44	0	0	0.35
14300	0.35	0.44	0.44	0	0	0.35
14400	0.35	0.44	0.44	0	0	0.35
14500	0.35	0.44	0.44	0	0	0.35
14600	0.35	0.44	0.44	0	0	0.35
14700	0.35	0.44	0.44	0	0	0.35
14800	0.36	0.44	0.44	0	0	0.36
14900	0.36	0.45	0.45	0	0	0.36
15000	0.36	0.44	0.44	0	0	0.36
15100	0.36	0.44	0.44	0	0	0.36
15200	0.36	0.45	0.45	0	0	0.36
15300	0.36	0.45	0.45	0	0	0.36
15400	0.36	0.45	0.45	0	0	0.36
15500	0.37	0.45	0.45	0	0	0.37
15600	0.37	0.45	0.45	0	0	0.37
15700	0.37	0.47	0.47	0	0	0.37
15800	0.37	0.47	0.47	0	0	0.37
15900	0.38	0.47	0.47	0	0	0.38
16000	0.38	0.47	0.47	0	0	0.38
16100	0.38	0.47	0.47	0	0	0.38
16200	0.38	0.47	0.47	0	0	0.38
16300	0.37	0.47	0.47	0	0	0.37
16400	0.37	0.47	0.47	0	0	0.37
16500	0.36	0.47	0.47	0	0	0.36
16600	0.36	0.47	0.47	0	0	0.36
16700	0.37	0.45	0.45	0	0	0.37
16800	0.37	0.45	0.45	0	0	0.37
16900	0.37	0.43	0.43	0	0	0.37
17000	0.37	0.43	0.43	0	0	0.37
17100	0.36	0.43	0.43	0	0	0.36
17200	0.36	0.43	0.43	0	0	0.36
17300	0.36	0.43	0.43	0	0	0.36
17400	0.36	0.43	0.43	0	0	0.36
17500	0.36	0.44	0.44	0	0	0.36
17600	0.36	0.45	0.45	0	0	0.36
17700	0.35	0.46	0.46	0	0	0.35
17800	0.36	0.47	0.47	0	0	0.36
17900	0.36	0.47	0.47	0	0	0.36
18000	0.36	0.47	0.47	0	0	0.36
18100	0.36	0.47	0.47	0	0	0.36
18200	0.35	0.47	0.47	0	0	0.35
18300	0.36	0.47	0.47	0	0	0.36
18400	0.36	0.46	0.46	0	0	0.36
18500	0.35	0.46	0.46	0	0	0.35
18600	0.35	0.46	0.46	0	0	0.35
18700	0.35	0.47	0.47	0	0	0.35
18800	0.35	0.47	0.47	0	0	0.35
18900	0.35	0.46	0.46	0	0	0.35
19000	0.35	0.46	0.46	0	0	0.35
19100	0.35	0.46	0.46	0	0	0.35
19200	0.35	0.47	0.47	0	0	0.35
19300	0.34	0.47	0.47	0	0	0.34
19400	0.34	0.47	0.47	0	0	0.34
19500	0.34	0.47	0.47	0	0	0.34
19600	0.34	0.47	0.47	0	0	0.34
19700	0.34	0.47	0.47	0	0	0.34
19800	0.34	0.47	0.47	0	0	0.34
19900	0.34	0.47	0.47	0	0	0.34
20000	0.34	0.47	0.47	0	0	0.34
20100	0.34	0.47	0.47	0	0	0.34
20200	0.35	0.47	0.47	0	0	0.35
20300	0.35	0.47	0.47	0	0	0.35
20400	0.35	0.47	0.47	0	0	0.35
20500	0.35	0.47	0.47	0	0	0.35
20600	0.35	0.47	0.47	0	0	0.35
20700	0.35	0.47	0.47	0	0	0.35
20800	0.36	0.47	0.47	0	0	0.36
20900	0.36	0.48	0.48	0	0	0.36
21000	0.36	0.48	0.48	0	0	0.36
21100	0.36	0.47	0.47	0	0	0.36
21200	0.36	0.48	0.48	0	0	0.36
21300	0.36	0.48	0.48	0	0	0.36
21400	0.36	0.48	0.48	0	0	0.36
21500	0.36	0.48	0.48	0	0	0.36
21600	0.36	0.48	0.48	0	0	0.36
21700	0.36	0.48	0.48	0	0	0.36
21800	0.36	0.48	0.48	0	0	0.36
21900	0.37	0.48	0.48	0	0	0.37
22000	0.37	0.48	0.48	0	0	0.37
22100	0.36	0.48	0.48	0	0	0.36
22200	0.36	0.48	0.48	0	0	0.36
22300	0.37	0.48	0.48	0	0	0.37
22400	0.37	0.48	0.48	0	0	0.37
22500	0.37	0.48	0.48	0	0	0.37
22600	0.37	0.48	0.48	0	0	0.37
22700	0.37	0.48	0.48	0	0	0.37
22800	0.39	0.48	0.48	0	0	0.39
22900	0.39	0.47	0.47	0	0	0.39
23000	0.39	0.47	0.47	0	0	0.39
23100	0.39	0.48	0.48	0	0	0.39
23200	0.38	0.48	0.48	0	0	0.38
23300	0.38	0.48	0.48	0	0	0.38
23400	0.39	0.47	0.47	0	0	0.39
23500	0.39	0.47	0.47	0	0	0.39
23600	0.39	0.48	0.48	0	0	0.39
23700	0.4	0.48	0.48	0	0	0.4
23800	0.39	0.48	0.48	0	0	0.39
23900	0.39	0.48	0.48	0	0	0.39
24000	0.4	0.48	0.48	0	0	0.4
24100	0.41	0.48	0.48	0	0	0.41
24200	0.41	0.48	0.48	0	0	0.41
24300	0.41	0.48	0.48	0	0	0.41
24400	0.41	0.48	0.48	0	0	0.41
24500	0.41	0.48	0.48	0	0	0.41
24600	0.41	0.48	0.48	0	0	0.41
24700	0.41	0.48	0.48	0	0	0.41
24800	0.41	0.49	0.49	0	0	0.41
24900	0.41	0.49	0.49	0	0	0.41
25000	0.4	0.48	0.48	0	0	0.4
25100	0.4	0.48	0.48	0	0	0.4
25200	0.4	0.48	0.48	0	0	0.4
25300	0.4	0.48	0.48	0	0	0.4
25400	0.39	0.48	0.48	0	0	0.39
25500	0.39	0.48	0.48	0	0	0.39
25600	0.39	0.48	0.48	0	0	0.39
25700	0.39	0.48	0.48	0	0	0.39
25800	0.39	0.49	0.49	0	0	0.39
25900	0.39	0.49	0.49	0	0	0.39
26000	0.39	0.48	0.48	0	0	0.39
26100	0.39	0.48	0.48	0	0	0.39
26200	0.39	0.48	0.48	0	0	0.39
26300	0.38	0.48	0.48	0	0	0.38
26400	0.38	0.48	0.48	0	0	0.38
26500	0.38	0.49	0.49	0	0	0.38
26600	0.37	0.49	0.49	0	0	0.37
26700	0.37	0.49	0.49	0	0	0.37
26800	0.36	0.49	0.49	0	0	0.36
26900	0.37	0.52	0.52	0	0	0.37
27000	0.36	0.52	0.52	0	0	0.36
27100	0.36	0.51	0.51	0	0	0.36
27200	0.36	0.5	0.5	0	0	0.36
27300	0.36	0.5	0.5	0	0	0.36
27400	0.36	0.49	0.49	0	0	0.36
27500	0.36	0.49	0.49	0	0	0.36
27600	0.36	0.49	0.49	0	0	0.36
27700	0.36	0.49	0.49	0	0	0.36
27800	0.36	0.49	0.49	0	0	0.36
27900	0.36	0.49	0.49	0	0	0.36
28000	0.36	0.49	0.49	0	0	0.36
28100	0.36	0.5	0.5	0	0	0.36
28200	0.37	0.5	0.5	0	0	0.37
28300	0.38	0.49	0.49	0	0	0.38
28400	0.39	0.49	0.49	0	0	0.39
28500	0.39	0.49	0.49	0	0	0.39
28600	0.39	0.49	0.49	0	0	0.39
28700	0.39	0.49	0.49	0	0	0.39
28800	0.4	0.49	0.49	0	0	0.4
28900	0.4	0.48	0.48	0	0	0.4
29000	0.4	0.48	0.48	0	0	0.4
29100	0.4	0.48	0.48	0	0	0.4
29200	0.4	0.48	0.48	0	0	0.4
29300	0.4	0.48	0.48	0	0	0.4
29400	0.39	0.48	0.48	0	0	0.39
29500	0.39	0.49	0.49	0	0	0.39
29600	0.39	0.49	0.49	0	0	0.39
29700	0.39	0.49	0.49	0	0	0.39
29800	0.39	0.49	0.49	0	0	0.39
29900	0.39	0.48	0.48	0	0	0.39
30000	0.39	0.48	0.48	0	0	0.39
30100	0.39	0.48	0.48	0	0	0.39
30200	0.39	0.48	0.48	0	0	0.39
30300	0.39	0.48	0.48	0	0	0.39
30400	0.38	0.48	0.48	0	0	0.38
30500	0.38	0.48	0.48	0	0	0.38
30600	0.38	0.49	0.49	0	0	0.38
30700	0.38	0.47	0.47	0	0	0.38
30800	0.38	0.48	0.48	0	0	0.38
30900	0.38	0.47	0.47	0	0	0.38
31000	0.38	0.48	0.48	0	0	0.38
31100	0.39	0.47	0.47	0	0	0.39
31200	0.39	0.47	0.47	0	0	0.39
31300	0.39	0.47	0.47	0	0	0.39
31400	0.39	0.47	0.47	0	0	0.39
31500	0.39	0.47	0.47	0	0	0.39
31600	0.39	0.47	0.47	0	0	0.39
31700	0.39	0.47	0.47	0	0	0.39
31800	0.39	0.47	0.47	0	0	0.39
31900	0.39	0.47	0.47	0	0	0.39
32000	0.39	0.47	0.47	0	0	0.39
32100	0.39	0.47	0.47	0	0	0.39
32200	0.39	0.47	0.47	0	0	0.39
32300	0.39	0.47	0.47	0	0	0.39
32400	0.39	0.48	0.48	0	0	0.39
32500	0.39	0.48	0.48	0	0	0.39
32600	0.39	0.48	0.48	0	0	0.39
32700	0.39	0.48	0.48	0	0	0.39
32800	0.39	0.48	0.48	0	0	0.39
32900	0.39	0.48	0.48	0	0	0.39
33000	0.39	0.48	0.48	0	0	0.39
33100	0.39	0.48	0.48	0	0	0.39
33200	0.39	0.48	0.48	0	0	0.39
33300	0.39	0.48	0.48	0	0	0.39
33400	0.39	0.48	0.48	0	0	0.39
33500	0.39	0.48	0.48	0	0	0.39
33600	0.39	0.48	0.48	0	0	0.39
33700	0.39	0.49	0.49	0	0	0.39
33800	0.39	0.49	0.49	0	0	0.39
33900	0.39	0.48	0.48	0	0	0.39
34000	0.39	0.48	0.48	0	0	0.39
34100	0.39	0.48	0.48	0	0	0.39
34200	0.4	0.47	0.47	0	0	0.4
34300	0.39	0.47	0.47	0	0	0.39
34400	0.39	0.47	0.47	0	0	0.39
34500	0.39	0.47	0.47	0	0	0.39
34600	0.38	0.47	0.47	0	0	0.38
34700	0.38	0.47	0.47	0	0	0.38
34800	0.38	0.47	0.47	0	0	0.38
34900	0.38	0.47	0.47	0	0	0.38
35000	0.38	0.47	0.47	0	0	0.38
35100	0.38	0.47	0.47	0	0	0.38
35200	0.39	0.47	0.47	0	0	0.39
35300	0.39	0.47	0.47	0	0	0.39
35400	0.39	0.47	0.47	0	0	0.39
35500	0.38	0.47	0.47	0	0	0.38
35600	0.39	0.47	0.47	0	0	0.39
35700	0.39	0.48	0.48	0	0	0.39
35800	0.39	0.48	0.48	0	0	0.39
35900	0.39	0.48	0.48	0	0	0.39
36000	0.4	0.48	0.48	0	0	0.4
36100	0.4	0.48	0.48	0	0	0.4
36200	0.4	0.47	0.47	0	0	0.4
36300	0.4	0.47	0.47	0	0	0.4
36400	0.4	0.47	0.47	0	0	0.4
36500	0.4	0.47	0.47	0	0	0.4
36600	0.4	0.47	0.47	0	0	0.4
36700	0.4	0.47	0.47	0	0	0.4
36800	0.4	0.48	0.48	0	0	0.4
36900	0.4	0.48	0.48	0	0	0.4
37000	0.4	0.48	0.48	0	0	0.4
37100	0.41	0.48	0.48	0	0	0.41
37200	0.41	0.48	0.48	0	0	0.41
37300	0.41	0.48	0.48	0	0	0.41
37400	0.42	0.48	0.48	0	0	0.42
37500	0.42	0.48	0.48	0	0	0.42
37600	0.42	0.48	0.48	0	0	0.42
37700	0.41	0.48	0.48	0	0	0.41
37800	0.41	0.48	0.48	0	0	0.41
37900	0.41	0.49	0.49	0	0	0.41
38000	0.41	0.48	0.48	0	0	0.41
38100	0.41	0.49	0.49	0	0	0.41
38200	0.42	0.49	0.49	0	0	0.42
38300	0.43	0.49	0.49	0	0	0.43
38400	0.42	0.49	0.49	0	0	0.42
38500	0.42	0.5	0.5	0	0	0.42
38600	0.42	0.49	0.49	0	0	0.42
38700	0.42	0.49	0.49	0	0	0.42
38800	0.42	0.49	0.49	0	0	0.42
38900	0.43	0.49	0.49	0	0	0.43
39000	0.43	0.49	0.49	0	0	0.43
39100	0.43	0.49	0.49	0	0	0.43
39200	0.43	0.49	0.49	0	0	0.43
39300	0.43	0.49	0.49	0	0	0.43
39400	0.43	0.49	0.49	0	0	0.43
39500	0.43	0.49	0.49	0	0	0.43
39600	0.43	0.49	0.49	0	0	0.43
39700	0.43	0.49	0.49	0	0	0.43
39800	0.43	0.49	0.49	0	0	0.43
39900	0.43	0.49	0.49	0	0	0.43
40000	0.43	0.49	0.49	0	0	0.43
40100	0.43	0.48	0.48	0	0	0.43
40200	0.43	0.48	0.48	0	0	0.43
40300	0.43	0.48	0.48	0	0	0.43
40400	0.43	0.48	0.48	0	0	0.43
40500	0.43	0.48	0.48	0	0	0.43
40600	0.43	0.48	0.48	0	0	0.43
40700	0.43	0.48	0.48	0	0	0.43
40800	0.43	0.48	0.48	0	0	0.43
40900	0.43	0.48	0.48	0	0	0.43
41000	0.43	0.48	0.48	0	0	0.43
41100	0.43	0.48	0.48	0	0	0.43
41200	0.43	0.48	0.48	0	0	0.43
41300	0.43	0.48	0.48	0	0	0.43
41400	0.43	0.48	0.48	0	0	0.43
41500	0.43	0.47	0.47	0	0	0.43
41600	0.43	0.47	0.47	0	0	0.43
41700	0.43	0.47	0.47	0	0	0.43
41800	0.43	0.47	0.47	0	0	0.43
41900	0.43	0.47	0.47	0	0	0.43
42000	0.43	0.47	0.47	0	0	0.43
42100	0.43	0.47	0.47	0	0	0.43
42200	0.43	0.47	0.47	0	0	0.43
42300	0.43	0.47	0.47	0	0	0.43
42400	0.43	0.48	0.48	0	0	0.43
42500	0.43	0.48	0.48	0	0	0.43
42600	0.44	0.48	0.48	0	0	0.44
42700	0.44	0.48	0.48	0	0	0.44
42800	0.44	0.47	0.47	0	0	0.44
42900	0.44	0.47	0.47	0	0	0.44
43000	0.44	0.47	0.47	0	0	0.44
43100	0.44	0.47	0.47	0	0	0.44
43200	0.44	0.47	0.47	0	0	0.44
43300	0.44	0.47	0.47	0	0	0.44
43400	0.44	0.47	0.47	0	0	0.44
43500	0.44	0.47	0.47	0	0	0.44
43600	0.44	0.47	0.47	0	0	0.44
43700	0.44	0.47	0.47	0	0	0.44
43800	0.44	0.47	0.47	0	0	0.44
43900	0.44	0.47	0.47	0	0	0.44
44000	0.44	0.47	0.47	0	0	0.44
44100	0.44	0.47	0.47	0	0	0.44
44200	0.43	0.46	0.46	0	0	0.43
44300	0.43	0.47	0.47	0	0	0.43
44400	0.43	0.47	0.47	0	0	0.43
44500	0.44	0.47	0.47	0	0	0.44
44600	0.44	0.47	0.47	0	0	0.44
44700	0.44	0.47	0.47	0	0	0.44
44800	0.44	0.47	0.47	0	0	0.44
44900	0.43	0.47	0.47	0	0	0.43
45000	0.43	0.47	0.47	0	0	0.43
45100	0.43	0.47	0.47	0	0	0.43
45200	0.43	0.48	0.48	0	0	0.43
45300	0.42	0.48	0.48	0	0	0.42
45400	0.42	0.48	0.48	0	0	0.42
45500	0.42	0.49	0.49	0	0	0.42
45600	0.43	0.48	0.48	0	0	0.43
45700	0.43	0.51	0.51	0	0	0.43
45800	0.43	0.51	0.51	0	0	0.43
45900	0.43	0.52	0.52	0	0	0.43
46000	0.43	0.52	0.52	0	0	0.43
46100	0.43	0.52	0.52	0	0	0.43
46200	0.43	0.52	0.52	0	0	0.43
46300	0.43	0.51	0.51	0	0	0.43
46400	0.43	0.51	0.51	0	0	0.43
46500	0.43	0.51	0.51	0	0	0.43
46600	0.44	0.51	0.51	0	0	0.44
46700	0.44	0.51	0.51	0	0	0.44
46800	0.44	0.51	0.51	0	0	0.44
46900	0.44	0.51	0.51	0	0	0.44
47000	0.44	0.51	0.51	0	0	0.44
47100	0.44	0.51	0.51	0	0	0.44
47200	0.44	0.51	0.51	0	0	0.44
47300	0.44	0.51	0.51	0	0	0.44
47400	0.44	0.51	0.51	0	0	0.44
47500	0.44	0.51	0.51	0	0	0.44
47600	0.44	0.51	0.51	0	0	0.44
47700	0.44	0.51	0.51	0	0	0.44
47800	0.44	0.51	0.51	0	0	0.44
47900	0.44	0.51	0.51	0	0	0.44
48000	0.44	0.52	0.52	0	0	0.44
48100	0.44	0.52	0.52	0	0	0.44
48200	0.44	0.52	0.52	0	0	0.44
48300	0.44	0.52	0.52	0	0	0.44
48400	0.43	0.52	0.52	0	0	0.43
48500	0.43	0.52	0.52	0	0	0.43
48600	0.43	0.52	0.52	0	0	0.43
48700	0.43	0.52	0.52	0	0	0.43
48800	0.43	0.52	0.52	0	0	0.43
48900	0.43	0.52	0.52	0	0	0.43
49000	0.43	0.52	0.52	0	0	0.43
49100	0.43	0.52	0.52	0	0	0.43
49200	0.43	0.52	0.52	0	0	0.43
49300	0.43	0.52	0.52	0	0	0.43
49400	0.43	0.52	0.52	0	0	0.43
49500	0.43	0.51	0.51	0	0	0.43
49600	0.43	0.51	0.51	0	0	0.43
49700	0.43	0.51	0.51	0	0	0.43
49800	0.43	0.51	0.51	0	0	0.43
49900	0.43	0.51	0.51	0	0	0.43
50000	0.43	0.51	0.51	0	0	0.43
50100	0.43	0.51	0.51	0	0	0.43
50200	0.43	0.51	0.51	0	0	0.43
50300	0.43	0.51	0.51	0	0	0.43
50400	0.43	0.51	0.51	0	0	0.43
50500	0.43	0.51	0.51	0	0	0.43
50600	0.43	0.51	0.51	0	0	0.43
50700	0.42	0.51	0.51	0	0	0.42
50800	0.42	0.51	0.51	0	0	0.42
50900	0.42	0.51	0.51	0	0	0.42
51000	0.42	0.51	0.51	0	0	0.42
51100	0.42	0.51	0.51	0	0	0.42
51200	0.42	0.51	0.51	0	0	0.42
51300	0.42	0.51	0.51	0	0	0.42
51400	0.42	0.51	0.51	0	0	0.42
51500	0.42	0.51	0.51	0	0	0.42
51600	0.42	0.51	0.51	0	0	0.42
51700	0.42	0.51	0.51	0	0	0.42
51800	0.42	0.5	0.5	0	0	0.42
51900	0.42	0.5	0.5	0	0	0.42
52000	0.42	0.5	0.5	0	0	0.42
52100	0.42	0.49	0.49	0	0	0.42
52200	0.42	0.49	0.49	0	0	0.42
52300	0.42	0.49	0.49	0	0	0.42
52400	0.42	0.49	0.49	0	0	0.42
52500	0.42	0.48	0.48	0	0	0.42
52600	0.42	0.48	0.48	0	0	0.42
52700	0.42	0.48	0.48	0	0	0.42
52800	0.42	0.48	0.48	0	0	0.42
52900	0.42	0.48	0.48	0	0	0.42
53000	0.42	0.48	0.48	0	0	0.42
53100	0.42	0.48	0.48	0	0	0.42
53200	0.42	0.48	0.48	0	0	0.42
53300	0.42	0.48	0.48	0	0	0.42
53400	0.41	0.48	0.48	0	0	0.41
53500	0.41	0.48	0.48	0	0	0.41
53600	0.41	0.48	0.48	0	0	0.41
53700	0.41	0.48	0.48	0	0	0.41
53800	0.41	0.47	0.47	0	0	0.41
53900	0.41	0.47	0.47	0	0	0.41
54000	0.42	0.47	0.47	0	0	0.42
54100	0.42	0.47	0.47	0	0	0.42
54200	0.41	0.47	0.47	0	0	0.41
54300	0.41	0.47	0.47	0	0	0.41
54400	0.41	0.47	0.47	0	0	0.41
54500	0.41	0.47	0.47	0	0	0.41
54600	0.42	0.46	0.46	0	0	0.42
54700	0.42	0.46	0.46	0	0	0.42
54800	0.42	0.46	0.46	0	0	0.42
54900	0.42	0.46	0.46	0	0	0.42
55000	0.42	0.47	0.47	0	0	0.42
55100	0.41	0.47	0.47	0	0	0.41
55200	0.41	0.47	0.47	0	0	0.41
55300	0.42	0.46	0.46	0	0	0.42
55400	0.42	0.46	0.46	0	0	0.42
55500	0.42	0.46	0.46	0	0	0.42
55600	0.42	0.46	0.46	0	0	0.42
55700	0.42	0.46	0.46	0	0	0.42
55800	0.42	0.46	0.46	0	0	0.42
55900	0.42	0.46	0.46	0	0	0.42
56000	0.42	0.46	0.46	0	0	0.42
56100	0.42	0.46	0.46	0	0	0.42
56200	0.42	0.46	0.46	0	0	0.42
56300	0.42	0.46	0.46	0	0	0.42
56400	0.42	0.46	0.46	0	0	0.42
56500	0.42	0.46	0.46	0	0	0.42
56600	0.42	0.46	0.46	0	0	0.42
56700	0.42	0.46	0.46	0	0	0.42
56800	0.42	0.45	0.45	0	0	0.42
56900	0.42	0.45	0.45	0	0	0.42
57000	0.42	0.45	0.45	0	0	0.42
57100	0.42	0.45	0.45	0	0	0.42
57200	0.41	0.45	0.45	0	0	0.41
57300	0.41	0.45	0.45	0	0	0.41
57400	0.41	0.45	0.45	0	0	0.41
57500	0.41	0.46	0.46	0	0	0.41
57600	0.41	0.46	0.46	0	0	0.41
57700	0.41	0.46	0.46	0	0	0.41
57800	0.41	0.46	0.46	0	0	0.41
57900	0.42	0.46	0.46	0	0	0.42
58000	0.42	0.46	0.46	0	0	0.42
58100	0.42	0.46	0.46	0	0	0.42
58200	0.42	0.46	0.46	0	0	0.42
58300	0.42	0.46	0.46	0	0	0.42
58400	0.42	0.46	0.46	0	0	0.42
58500	0.43	0.46	0.46	0	0	0.43
58600	0.43	0.46	0.46	0	0	0.43
58700	0.43	0.46	0.46	0	0	0.43
58800	0.43	0.46	0.46	0	0	0.43
58900	0.43	0.47	0.47	0	0	0.43
59000	0.43	0.47	0.47	0	0	0.43
59100	0.43	0.47	0.47	0	0	0.43
59200	0.42	0.47	0.47	0	0	0.42
59300	0.42	0.47	0.47	0	0	0.42
59400	0.42	0.47	0.47	0	0	0.42
59500	0.42	0.47	0.47	0	0	0.42
59600	0.43	0.47	0.47	0	0	0.43
59700	0.43	0.47	0.47	0	0	0.43
59800	0.43	0.47	0.47	0	0	0.43
59900	0.43	0.47	0.47	0	0	0.43
60000	0.43	0.47	0.47	0	0	0.43
60100	0.43	0.48	0.48	0	0	0.43
60200	0.43	0.48	0.48	0	0	0.43
60300	0.43	0.48	0.48	0	0	0.43
60400	0.43	0.48	0.48	0	0	0.43
60500	0.43	0.48	0.48	0	0	0.43
60600	0.43	0.48	0.48	0	0	0.43
60700	0.43	0.48	0.48	0	0	0.43
60800	0.42	0.48	0.48	0	0	0.42
60900	0.42	0.48	0.48	0	0	0.42
61000	0.42	0.49	0.49	0	0	0.42
61100	0.42	0.49	0.49	0	0	0.42
61200	0.42	0.49	0.49	0	0	0.42
61300	0.42	0.49	0.49	0	0	0.42
61400	0.42	0.49	0.49	0	0	0.42
61500	0.42	0.49	0.49	0	0	0.42
61600	0.42	0.49	0.49	0	0	0.42
61700	0.42	0.5	0.5	0	0	0.42
61800	0.42	0.5	0.5	0	0	0.42
61900	0.42	0.5	0.5	0	0	0.42
62000	0.42	0.5	0.5	0	0	0.42
62100	0.43	0.5	0.5	0	0	0.43
62200	0.43	0.5	0.5	0	0	0.43
62300	0.43	0.5	0.5	0	0	0.43
62400	0.43	0.5	0.5	0	0	0.43
62500	0.43	0.5	0.5	0	0	0.43
62600	0.43	0.5	0.5	0	0	0.43
62700	0.43	0.5	0.5	0	0	0.43
62800	0.43	0.5	0.5	0	0	0.43
62900	0.43	0.5	0.5	0	0	0.43
63000	0.43	0.5	0.5	0	0	0.43
63100	0.45	0.5	0.5	0	0	0.45
63200	0.45	0.5	0.5	0	0	0.45
63300	0.45	0.5	0.5	0	0	0.45
63400	0.45	0.5	0.5	0	0	0.45
63500	0.45	0.5	0.5	0	0	0.45
63600	0.45	0.5	0.5	0	0	0.45
63700	0.44	0.5	0.5	0	0	0.44
63800	0.44	0.5	0.5	0	0	0.44
63900	0.44	0.5	0.5	0	0	0.44
64000	0.45	0.5	0.5	0	0	0.45
64100	0.44	0.5	0.5	0	0	0.44
64200	0.43	0.5	0.5	0	0	0.43
64300	0.43	0.5	0.5	0	0	0.43
64400	0.43	0.5	0.5	0	0	0.43
64500	0.43	0.5	0.5	0	0	0.43
64600	0.43	0.5	0.5	0	0	0.43
64700	0.43	0.5	0.5	0	0	0.43
64800	0.43	0.5	0.5	0	0	0.43
64900	0.43	0.5	0.5	0	0	0.43
65000	0.43	0.5	0.5	0	0	0.43
65100	0.43	0.5	0.5	0	0	0.43
65200	0.43	0.49	0.49	0	0	0.43
65300	0.43	0.49	0.49	0	0	0.43
65400	0.43	0.49	0.49	0	0	0.43
65500	0.43	0.49	0.49	0	0	0.43
65600	0.43	0.49	0.49	0	0	0.43
65700	0.43	0.49	0.49	0	0	0.43
65800	0.43	0.49	0.49	0	0	0.43
65900	0.43	0.49	0.49	0	0	0.43
66000	0.42	0.49	0.49	0	0	0.42
66100	0.42	0.49	0.49	0	0	0.42
66200	0.42	0.49	0.49	0	0	0.42
66300	0.42	0.49	0.49	0	0	0.42
66400	0.42	0.49	0.49	0	0	0.42
66500	0.42	0.49	0.49	0	0	0.42
66600	0.42	0.49	0.49	0	0	0.42
66700	0.42	0.49	0.49	0	0	0.42
66800	0.42	0.49	0.49	0	0	0.42
66900	0.42	0.49	0.49	0	0	0.42
67000	0.42	0.49	0.49	0	0	0.42
67100	0.42	0.49	0.49	0	0	0.42
67200	0.42	0.49	0.49	0	0	0.42
67300	0.42	0.49	0.49	0	0	0.42
67400	0.42	0.49	0.49	0	0	0.42
67500	0.42	0.49	0.49	0	0	0.42
67600	0.42	0.49	0.49	0	0	0.42
67700	0.42	0.49	0.49	0	0	0.42
67800	0.42	0.49	0.49	0	0	0.42
67900	0.42	0.49	0.49	0	0	0.42
68000	0.42	0.5	0.5	0	0	0.42
68100	0.42	0.5	0.5	0	0	0.42
68200	0.42	0.5	0.5	0	0	0.42
68300	0.42	0.5	0.5	0	0	0.42
68400	0.42	0.5	0.5	0	0	0.42
68500	0.42	0.5	0.5	0	0	0.42
68600	0.42	0.5	0.5	0	0	0.42
68700	0.42	0.5	0.5	0	0	0.42
68800	0.42	0.5	0.5	0	0	0.42
68900	0.42	0.5	0.5	0	0	0.42
69000	0.42	0.5	0.5	0	0	0.42
69100	0.42	0.49	0.49	0	0	0.42
69200	0.42	0.49	0.49	0	0	0.42
69300	0.42	0.49	0.49	0	0	0.42
69400	0.43	0.49	0.49	0	0	0.43
69500	0.43	0.49	0.49	0	0	0.43
69600	0.43	0.49	0.49	0	0	0.43
69700	0.43	0.49	0.49	0	0	0.43
69800	0.43	0.49	0.49	0	0	0.43
69900	0.43	0.49	0.49	0	0	0.43
70000	0.43	0.49	0.49	0	0	0.43
70100	0.43	0.48	0.48	0	0	0.43
70200	0.43	0.48	0.48	0	0	0.43
70300	0.43	0.48	0.48	0	0	0.43
70400	0.43	0.48	0.48	0	0	0.43
70500	0.44	0.48	0.48	0	0	0.44
70600	0.44	0.48	0.48	0	0	0.44
70700	0.44	0.48	0.48	0	0	0.44
70800	0.44	0.48	0.48	0	0	0.44
70900	0.44	0.48	0.48	0	0	0.44
71000	0.44	0.48	0.48	0	0	0.44
71100	0.44	0.48	0.48	0	0	0.44
71200	0.44	0.49	0.49	0	0	0.44
71300	0.44	0.49	0.49	0	0	0.44
71400	0.44	0.49	0.49	0	0	0.44
71500	0.45	0.49	0.49	0	0	0.45
71600	0.45	0.49	0.49	0	0	0.45
71700	0.45	0.49	0.49	0	0	0.45
71800	0.45	0.49	0.49	0	0	0.45
71900	0.45	0.48	0.48	0	0	0.45
72000	0.45	0.48	0.48	0	0	0.45
72100	0.45	0.48	0.48	0	0	0.45
72200	0.45	0.48	0.48	0	0	0.45
72300	0.45	0.48	0.48	0	0	0.45
72400	0.45	0.48	0.48	0	0	0.45
72500	0.45	0.48	0.48	0	0	0.45
72600	0.45	0.48	0.48	0	0	0.45
72700	0.45	0.48	0.48	0	0	0.45
72800	0.44	0.48	0.48	0	0	0.44
72900	0.44	0.48	0.48	0	0	0.44
73000	0.44	0.48	0.48	0	0	0.44
73100	0.44	0.49	0.49	0	0	0.44
73200	0.44	0.49	0.49	0	0	0.44
73300	0.44	0.49	0.49	0	0	0.44
73400	0.44	0.49	0.49	0	0	0.44
73500	0.43	0.49	0.49	0	0	0.43
73600	0.43	0.49	0.49	0	0	0.43
73700	0.43	0.49	0.49	0	0	0.43
73800	0.43	0.49	0.49	0	0	0.43
73900	0.43	0.49	0.49	0	0	0.43
74000	0.43	0.49	0.49	0	0	0.43
74100	0.43	0.49	0.49	0	0	0.43
74200	0.43	0.49	0.49	0	0	0.43
74300	0.42	0.49	0.49	0	0	0.42
74400	0.42	0.49	0.49	0	0	0.42
74500	0.41	0.49	0.49	0	0	0.41
74600	0.41	0.49	0.49	0	0	0.41
74700	0.41	0.5	0.5	0	0	0.41
74800	0.41	0.5	0.5	0	0	0.41
74900	0.41	0.5	0.5	0	0	0.41
75000	0.42	0.5	0.5	0	0	0.42
75100	0.43	0.5	0.5	0	0	0.43
75200	0.43	0.5	0.5	0	0	0.43
75300	0.43	0.5	0.5	0	0	0.43
75400	0.43	0.5	0.5	0	0	0.43
75500	0.43	0.5	0.5	0	0	0.43
75600	0.43	0.5	0.5	0	0	0.43
75700	0.42	0.5	0.5	0	0	0.42
75800	0.42	0.5	0.5	0	0	0.42
75900	0.42	0.5	0.5	0	0	0.42
76000	0.42	0.5	0.5	0	0	0.42
76100	0.42	0.5	0.5	0	0	0.42
76200	0.42	0.5	0.5	0	0	0.42
76300	0.42	0.5	0.5	0	0	0.42
76400	0.42	0.5	0.5	0	0	0.42
76500	0.42	0.5	0.5	0	0	0.42
76600	0.42	0.5	0.5	0	0	0.42
76700	0.42	0.5	0.5	0	0	0.42
76800	0.42	0.5	0.5	0	0	0.42
76900	0.42	0.5	0.5	0	0	0.42
77000	0.42	0.49	0.49	0	0	0.42
77100	0.42	0.49	0.49	0	0	0.42
77200	0.41	0.49	0.49	0	0	0.41
77300	0.41	0.49	0.49	0	0	0.41
77400	0.41	0.5	0.5	0	0	0.41
77500	0.41	0.5	0.5	0	0	0.41
77600	0.41	0.5	0.5	0	0	0.41
77700	0.4	0.5	0.5	0	0	0.4
77800	0.4	0.49	0.49	0	0	0.4
77900	0.4	0.49	0.49	0	0	0.4
78000	0.4	0.49	0.49	0	0	0.4
78100	0.4	0.49	0.49	0	0	0.4
78200	0.4	0.49	0.49	0	0	0.4
78300	0.4	0.49	0.49	0	0	0.4
78400	0.4	0.49	0.49	0	0	0.4
78500	0.4	0.49	0.49	0	0	0.4
78600	0.4	0.49	0.49	0	0	0.4
78700	0.4	0.49	0.49	0	0	0.4
78800	0.4	0.49	0.49	0	0	0.4
78900	0.4	0.49	0.49	0	0	0.4
79000	0.4	0.49	0.49	0	0	0.4
79100	0.4	0.49	0.49	0	0	0.4
79200	0.4	0.49	0.49	0	0	0.4
79300	0.41	0.49	0.49	0	0	0.41
79400	0.41	0.49	0.49	0	0	0.41
79500	0.41	0.49	0.49	0	0	0.41
79600	0.41	0.49	0.49	0	0	0.41
79700	0.42	0.49	0.49	0	0	0.42
79800	0.42	0.49	0.49	0	0	0.42
79900	0.42	0.49	0.49	0	0	0.42
80000	0.42	0.49	0.49	0	0	0.42
80100	0.42	0.49	0.49	0	0	0.42
80200	0.42	0.49	0.49	0	0	0.42
80300	0.42	0.49	0.49	0	0	0.42
80400	0.42	0.49	0.49	0	0	0.42
80500	0.42	0.49	0.49	0	0	0.42
80600	0.42	0.49	0.49	0	0	0.42
80700	0.43	0.49	0.49	0	0	0.43
80800	0.42	0.49	0.49	0	0	0.42
80900	0.42	0.48	0.48	0	0	0.42
81000	0.42	0.48	0.48	0	0	0.42
81100	0.42	0.48	0.48	0	0	0.42
81200	0.42	0.48	0.48	0	0	0.42
81300	0.42	0.48	0.48	0	0	0.42
81400	0.42	0.49	0.49	0	0	0.42
81500	0.42	0.49	0.49	0	0	0.42
81600	0.42	0.49	0.49	0	0	0.42
81700	0.42	0.49	0.49	0	0	0.42
81800	0.42	0.49	0.49	0	0	0.42
81900	0.42	0.49	0.49	0	0	0.42
82000	0.42	0.49	0.49	0	0	0.42
82100	0.42	0.49	0.49	0	0	0.42
82200	0.42	0.49	0.49	0	0	0.42
82300	0.42	0.49	0.49	0	0	0.42
82400	0.42	0.49	0.49	0	0	0.42
82500	0.42	0.49	0.49	0	0	0.42
82600	0.42	0.49	0.49	0	0	0.42
82700	0.42	0.49	0.49	0	0	0.42
82800	0.42	0.49	0.49	0	0	0.42
82900	0.42	0.49	0.49	0	0	0.42
83000	0.42	0.49	0.49	0	0	0.42
83100	0.42	0.49	0.49	0	0	0.42
83200	0.42	0.48	0.48	0	0	0.42
83300	0.42	0.48	0.48	0	0	0.42
83400	0.42	0.48	0.48	0	0	0.42
83500	0.42	0.48	0.48	0	0	0.42
83600	0.42	0.48	0.48	0	0	0.42
83700	0.42	0.48	0.48	0	0	0.42
83800	0.43	0.48	0.48	0	0	0.43
83900	0.42	0.48	0.48	0	0	0.42
84000	0.43	0.48	0.48	0	0	0.43
84100	0.43	0.48	0.48	0	0	0.43
84200	0.43	0.48	0.48	0	0	0.43
84300	0.43	0.48	0.48	0	0	0.43
84400	0.44	0.48	0.48	0	0	0.44
84500	0.44	0.48	0.48	0	0	0.44
84600	0.44	0.48	0.48	0	0	0.44
84700	0.44	0.48	0.48	0	0	0.44
84800	0.44	0.48	0.48	0	0	0.44
84900	0.44	0.48	0.48	0	0	0.44
85000	0.45	0.48	0.48	0	0	0.45
85100	0.45	0.48	0.48	0	0	0.45
85200	0.45	0.48	0.48	0	0	0.45
85300	0.45	0.48	0.48	0	0	0.45
85400	0.45	0.48	0.48	0	0	0.45
85500	0.45	0.48	0.48	0	0	0.45
85600	0.45	0.48	0.48	0	0	0.45
85700	0.45	0.48	0.48	0	0	0.45
85800	0.45	0.48	0.48	0	0	0.45
85900	0.45	0.48	0.48	0	0	0.45
86000	0.45	0.48	0.48	0	0	0.45
86100	0.45	0.48	0.48	0	0	0.45
86200	0.45	0.48	0.48	0	0	0.45
86300	0.44	0.48	0.48	0	0	0.44
86400	0.45	0.48	0.48	0	0	0.45
86500	0.45	0.48	0.48	0	0	0.45
86600	0.45	0.48	0.48	0	0	0.45
86700	0.45	0.48	0.48	0	0	0.45
86800	0.45	0.48	0.48	0	0	0.45
86900	0.45	0.48	0.48	0	0	0.45
87000	0.45	0.48	0.48	0	0	0.45
87100	0.45	0.48	0.48	0	0	0.45
87200	0.45	0.48	0.48	0	0	0.45
87300	0.45	0.48	0.48	0	0	0.45
87400	0.45	0.48	0.48	0	0	0.45
87500	0.45	0.48	0.48	0	0	0.45
87600	0.45	0.48	0.48	0	0	0.45
87700	0.44	0.48	0.48	0	0	0.44
87800	0.45	0.48	0.48	0	0	0.45
87900	0.45	0.48	0.48	0	0	0.45
88000	0.45	0.48	0.48	0	0	0.45
88100	0.45	0.48	0.48	0	0	0.45
88200	0.45	0.48	0.48	0	0	0.45
88300	0.45	0.47	0.47	0	0	0.45
88400	0.45	0.47	0.47	0	0	0.45
88500	0.45	0.47	0.47	0	0	0.45
88600	0.45	0.47	0.47	0	0	0.45
88700	0.44	0.47	0.47	0	0	0.44
88800	0.44	0.47	0.47	0	0	0.44
88900	0.44	0.47	0.47	0	0	0.44
89000	0.44	0.47	0.47	0	0	0.44
89100	0.44	0.47	0.47	0	0	0.44
89200	0.44	0.47	0.47	0	0	0.44
89300	0.44	0.47	0.47	0	0	0.44
89400	0.44	0.47	0.47	0	0	0.44
89500	0.43	0.47	0.47	0	0	0.43
89600	0.43	0.47	0.47	0	0	0.43
89700	0.43	0.46	0.46	0	0	0.43
89800	0.43	0.46	0.46	0	0	0.43
89900	0.43	0.46	0.46	0	0	0.43
90000	0.43	0.46	0.46	0	0	0.43
90100	0.43	0.46	0.46	0	0	0.43
90200	0.43	0.46	0.46	0	0	0.43
90300	0.43	0.46	0.46	0	0	0.43
90400	0.43	0.46	0.46	0	0	0.43
90500	0.43	0.46	0.46	0	0	0.43
90600	0.43	0.46	0.46	0	0	0.43
90700	0.43	0.46	0.46	0	0	0.43
90800	0.43	0.46	0.46	0	0	0.43
90900	0.43	0.46	0.46	0	0	0.43
91000	0.43	0.46	0.46	0	0	0.43
91100	0.43	0.46	0.46	0	0	0.43
91200	0.43	0.46	0.46	0	0	0.43
91300	0.43	0.46	0.46	0	0	0.43
91400	0.43	0.46	0.46	0	0	0.43
91500	0.43	0.46	0.46	0	0	0.43
91600	0.43	0.46	0.46	0	0	0.43
91700	0.43	0.46	0.46	0	0	0.43
91800	0.43	0.46	0.46	0	0	0.43
91900	0.43	0.46	0.46	0	0	0.43
92000	0.43	0.46	0.46	0	0	0.43
92100	0.43	0.46	0.46	0	0	0.43
92200	0.43	0.46	0.46	0	0	0.43
92300	0.43	0.47	0.47	0	0	0.43
92400	0.43	0.47	0.47	0	0	0.43
92500	0.43	0.47	0.47	0	0	0.43
92600	0.43	0.47	0.47	0	0	0.43
92700	0.43	0.48	0.48	0	0	0.43
92800	0.43	0.48	0.48	0	0	0.43
92900	0.43	0.48	0.48	0	0	0.43
93000	0.43	0.48	0.48	0	0	0.43
93100	0.43	0.48	0.48	0	0	0.43
93200	0.43	0.48	0.48	0	0	0.43
93300	0.43	0.49	0.49	0	0	0.43
93400	0.43	0.49	0.49	0	0	0.43
93500	0.43	0.49	0.49	0	0	0.43
93600	0.43	0.49	0.49	0	0	0.43
93700	0.43	0.49	0.49	0	0	0.43
93800	0.43	0.49	0.49	0	0	0.43
93900	0.43	0.49	0.49	0	0	0.43
94000	0.43	0.49	0.49	0	0	0.43
94100	0.43	0.49	0.49	0	0	0.43
94200	0.43	0.49	0.49	0	0	0.43
94300	0.42	0.49	0.49	0	0	0.42
94400	0.42	0.49	0.49	0	0	0.42
94500	0.42	0.49	0.49	0	0	0.42
94600	0.42	0.49	0.49	0	0	0.42
94700	0.42	0.49	0.49	0	0	0.42
94800	0.42	0.49	0.49	0	0	0.42
94900	0.42	0.49	0.49	0	0	0.42
95000	0.42	0.49	0.49	0	0	0.42
95100	0.42	0.49	0.49	0	0	0.42
95200	0.41	0.49	0.49	0	0	0.41
95300	0.41	0.49	0.49	0	0	0.41
95400	0.41	0.49	0.49	0	0	0.41
95500	0.41	0.49	0.49	0	0	0.41
95600	0.41	0.49	0.49	0	0	0.41
95700	0.41	0.49	0.49	0	0	0.41
95800	0.42	0.49	0.49	0	0	0.42
95900	0.42	0.49	0.49	0	0	0.42
96000	0.42	0.5	0.5	0	0	0.42
96100	0.41	0.5	0.5	0	0	0.41
96200	0.41	0.5	0.5	0	0	0.41
96300	0.41	0.5	0.5	0	0	0.41
96400	0.41	0.5	0.5	0	0	0.41
96500	0.41	0.5	0.5	0	0	0.41
96600	0.41	0.5	0.5	0	0	0.41
96700	0.41	0.5	0.5	0	0	0.41
96800	0.41	0.5	0.5	0	0	0.41
96900	0.41	0.5	0.5	0	0	0.41
97000	0.41	0.5	0.5	0	0	0.41
97100	0.41	0.5	0.5	0	0	0.41
97200	0.41	0.5	0.5	0	0	0.41
97300	0.41	0.5	0.5	0	0	0.41
97400	0.41	0.5	0.5	0	0	0.41
97500	0.41	0.5	0.5	0	0	0.41
97600	0.41	0.5	0.5	0	0	0.41
97700	0.41	0.5	0.5	0	0	0.41
97800	0.41	0.5	0.5	0	0	0.41
97900	0.41	0.5	0.5	0	0	0.41
98000	0.41	0.5	0.5	0	0	0.41
98100	0.41	0.5	0.5	0	0	0.41
98200	0.41	0.5	0.5	0	0	0.41
98300	0.41	0.5	0.5	0	0	0.41
98400	0.41	0.51	0.51	0	0	0.41
98500	0.41	0.51	0.51	0	0	0.41
98600	0.41	0.51	0.51	0	0	0.41
98700	0.41	0.51	0.51	0	0	0.41
98800	0.4	0.51	0.51	0	0	0.4
98900	0.4	0.51	0.51	0	0	0.4
99000	0.4	0.51	0.51	0	0	0.4
99100	0.4	0.51	0.51	0	0	0.4
99200	0.4	0.51	0.51	0	0	0.4
99300	0.4	0.51	0.51	0	0	0.4
99400	0.4	0.5	0.5	0	0	0.4
99500	0.4	0.5	0.5	0	0	0.4
99600	0.4	0.5	0.5	0	0	0.4
99700	0.4	0.5	0.5	0	0	0.4
99800	0.4	0.5	0.5	0	0	0.4
99900	0.39	0.5	0.5	0	0	0.39
100000	0.39	0.5	0.5	0	0	0.39
