100	0.08	0.06	0.06	0	0	0.08
200	0.1	0.09	0.09	0	0	0.1
300	0.1	0.12	0.12	0	0	0.1
400	0.11	0.14	0.14	0	0	0.11
500	0.12	0.14	0.14	0	0	0.12
600	0.12	0.14	0.14	0	0	0.12
700	0.12	0.14	0.14	0	0	0.12
800	0.14	0.15	0.15	0	0	0.14
900	0.16	0.16	0.16	0	0	0.16
1000	0.15	0.19	0.19	0	0	0.15
1100	0.15	0.2	0.2	0	0	0.15
1200	0.16	0.2	0.2	0	0	0.16
1300	0.17	0.19	0.19	0	0	0.17
1400	0.19	0.2	0.2	0	0	0.19
1500	0.18	0.2	0.2	0	0	0.18
1600	0.18	0.2	0.2	0	0	0.18
1700	0.19	0.2	0.2	0	0	0.19
1800	0.19	0.22	0.22	0	0	0.19
1900	0.19	0.21	0.21	0	0	0.19
2000	0.19	0.23	0.23	0	0	0.19
2100	0.2	0.23	0.23	0	0	0.2
2200	0.21	0.23	0.23	0	0	0.21
2300	0.21	0.23	0.23	0	0	0.21
2400	0.2	0.24	0.24	0	0	0.2
2500	0.2	0.24	0.24	0	0	0.2
2600	0.2	0.24	0.24	0	0	0.2
2700	0.2	0.25	0.25	0	0	0.2
2800	0.2	0.25	0.25	0	0	0.2
2900	0.2	0.26	0.26	0	0	0.2
3000	0.2	0.27	0.27	0	0	0.2
3100	0.2	0.27	0.27	0	0	0.2
3200	0.21	0.26	0.26	0	0	0.21
3300	0.21	0.26	0.26	0	0	0.21
3400	0.26	0.26	0.26	0	0	0.26
3500	0.25	0.27	0.27	0	0	0.25
3600	0.24	0.27	0.27	0	0	0.24
3700	0.25	0.27	0.27	0	0	0.25
3800	0.25	0.28	0.28	0	0	0.25
3900	0.25	0.28	0.28	0	0	0.25
4000	0.26	0.29	0.29	0	0	0.26
4100	0.27	0.29	0.29	0	0	0.27
4200	0.27	0.3	0.3	0	0	0.27
4300	0.29	0.29	0.29	0	0	0.29
4400	0.3	0.31	0.31	0	0	0.3
4500	0.29	0.31	0.31	0	0	0.29
4600	0.3	0.32	0.32	0	0	0.3
4700	0.3	0.3	0.3	0	0	0.3
4800	0.3	0.31	0.31	0	0	0.3
4900	0.31	0.32	0.32	0	0	0.31
5000	0.32	0.32	0.32	0	0	0.32
5100	0.32	0.32	0.32	0	0	0.32
5200	0.32	0.32	0.32	0	0	0.32
5300	0.33	0.33	0.33	0	0	0.33
5400	0.33	0.33	0.33	0	0	0.33
5500	0.33	0.33	0.33	0	0	0.33
5600	0.33	0.34	0.34	0	0	0.33
5700	0.34	0.34	0.34	0	0	0.34
5800	0.34	0.35	0.35	0	0	0.34
5900	0.35	0.35	0.35	0	0	0.35
6000	0.34	0.35	0.35	0	0	0.34
6100	0.34	0.35	0.35	0	0	0.34
6200	0.34	0.36	0.36	0	0	0.34
6300	0.34	0.36	0.36	0	0	0.34
6400	0.32	0.36	0.36	0	0	0.32
6500	0.32	0.36	0.36	0	0	0.32
6600	0.32	0.36	0.36	0	0	0.32
6700	0.32	0.36	0.36	0	0	0.32
6800	0.32	0.37	0.37	0	0	0.32
6900	0.33	0.37	0.37	0	0	0.33
7000	0.33	0.38	0.38	0	0	0.33
7100	0.33	0.39	0.39	0	0	0.33
7200	0.33	0.39	0.39	0	0	0.33
7300	0.32	0.38	0.38	0	0	0.32
7400	0.33	0.38	0.38	0	0	0.33
7500	0.32	0.37	0.37	0	0	0.32
7600	0.32	0.37	0.37	0	0	0.32
7700	0.32	0.37	0.37	0	0	0.32
7800	0.31	0.37	0.37	0	0	0.31
7900	0.31	0.37	0.37	0	0	0.31
8000	0.31	0.38	0.38	0	0	0.31
8100	0.31	0.38	0.38	0	0	0.31
8200	0.34	0.38	0.38	0	0	0.34
8300	0.34	0.38	0.38	0	0	0.34
8400	0.31	0.38	0.38	0	0	0.31
8500	0.31	0.4	0.4	0	0	0.31
8600	0.31	0.4	0.4	0	0	0.31
8700	0.33	0.4	0.4	0	0	0.33
8800	0.33	0.4	0.4	0	0	0.33
8900	0.33	0.4	0.4	0	0	0.33
9000	0.33	0.4	0.4	0	0	0.33
9100	0.33	0.4	0.4	0	0	0.33
9200	0.32	0.4	0.4	0	0	0.32
9300	0.32	0.41	0.41	0	0	0.32
9400	0.32	0.4	0.4	0	0	0.32
9500	0.34	0.41	0.41	0	0	0.34
9600	0.34	0.41	0.41	0	0	0.34
9700	0.34	0.4	0.4	0	0	0.34
9800	0.35	0.41	0.41	0	0	0.35
9900	0.35	0.41	0.41	0	0	0.35
10000	0.35	0.4	0.4	0	0	0.35
10100	0.35	0.42	0.42	0	0	0.35
10200	0.36	0.42	0.42	0	0	0.36
10300	0.35	0.42	0.42	0	0	0.35
10400	0.34	0.42	0.42	0	0	0.34
10500	0.34	0.42	0.42	0	0	0.34
10600	0.34	0.42	0.42	0	0	0.34
10700	0.34	0.41	0.41	0	0	0.34
10800	0.34	0.42	0.42	0	0	0.34
10900	0.34	0.42	0.42	0	0	0.34
11000	0.35	0.43	0.43	0	0	0.35
11100	0.35	0.43	0.43	0	0	0.35
11200	0.35	0.42	0.42	0	0	0.35
11300	0.37	0.42	0.42	0	0	0.37
11400	0.38	0.42	0.42	0	0	0.38
11500	0.38	0.43	0.43	0	0	0.38
11600	0.38	0.43	0.43	0	0	0.38
11700	0.38	0.43	0.43	0	0	0.38
11800	0.38	0.42	0.42	0	0	0.38
11900	0.38	0.43	0.43	0	0	0.38
12000	0.38	0.43	0.43	0	0	0.38
12100	0.38	0.44	0.44	0	0	0.38
12200	0.38	0.44	0.44	0	0	0.38
12300	0.38	0.43	0.43	0	0	0.38
12400	0.38	0.42	0.42	0	0	0.38
12500	0.39	0.42	0.42	0	0	0.39
12600	0.39	0.42	0.42	0	0	0.39
12700	0.39	0.41	0.41	0	0	0.39
12800	0.39	0.4	0.4	0	0	0.39
12900	0.39	0.41	0.41	0	0	0.39
13000	0.39	0.39	0.39	0	0	0.39
13100	0.39	0.4	0.4	0	0	0.39
13200	0.4	0.4	0.4	0	0	0.4
13300	0.4	0.4	0.4	0	0	0.4
13400	0.4	0.4	0.4	0	0	0.4
13500	0.41	0.4	0.4	0	0	0.41
13600	0.41	0.4	0.4	0	0	0.41
13700	0.41	0.43	0.43	0	0	0.41
13800	0.42	0.42	0.42	0	0	0.42
13900	0.42	0.42	0.42	0	0	0.42
14000	0.42	0.43	0.43	0	0	0.42
14100	0.43	0.43	0.43	0	0	0.43
14200	0.43	0.43	0.43	0	0	0.43
14300	0.43	0.42	0.42	0	0	0.43
14400	0.42	0.41	0.41	0	0	0.42
14500	0.42	0.41	0.41	0	0	0.42
14600	0.42	0.41	0.41	0	0	0.42
14700	0.42	0.42	0.42	0	0	0.42
14800	0.42	0.41	0.41	0	0	0.42
14900	0.43	0.41	0.41	0	0	0.43
15000	0.43	0.4	0.4	0	0	0.43
15100	0.44	0.4	0.4	0	0	0.44
15200	0.43	0.4	0.4	0	0	0.43
15300	0.43	0.4	0.4	0	0	0.43
15400	0.43	0.4	0.4	0	0	0.43
15500	0.43	0.4	0.4	0	0	0.43
15600	0.44	0.4	0.4	0	0	0.44
15700	0.44	0.4	0.4	0	0	0.44
15800	0.43	0.4	0.4	0	0	0.43
15900	0.43	0.4	0.4	0	0	0.43
16000	0.43	0.4	0.4	0	0	0.43
16100	0.43	0.4	0.4	0	0	0.43
16200	0.43	0.4	0.4	0	0	0.43
16300	0.43	0.4	0.4	0	0	0.43
16400	0.43	0.4	0.4	0	0	0.43
16500	0.43	0.39	0.39	0	0	0.43
16600	0.43	0.4	0.4	0	0	0.43
16700	0.43	0.41	0.41	0	0	0.43
16800	0.43	0.41	0.41	0	0	0.43
16900	0.42	0.41	0.41	0	0	0.42
17000	0.43	0.41	0.41	0	0	0.43
17100	0.43	0.41	0.41	0	0	0.43
17200	0.43	0.41	0.41	0	0	0.43
17300	0.43	0.4	0.4	0	0	0.43
17400	0.43	0.4	0.4	0	0	0.43
17500	0.43	0.4	0.4	0	0	0.43
17600	0.43	0.4	0.4	0	0	0.43
17700	0.44	0.4	0.4	0	0	0.44
17800	0.44	0.41	0.41	0	0	0.44
17900	0.44	0.42	0.42	0	0	0.44
18000	0.45	0.42	0.42	0	0	0.45
18100	0.46	0.42	0.42	0	0	0.46
18200	0.46	0.42	0.42	0	0	0.46
18300	0.46	0.42	0.42	0	0	0.46
18400	0.46	0.42	0.42	0	0	0.46
18500	0.46	0.42	0.42	0	0	0.46
18600	0.46	0.42	0.42	0	0	0.46
18700	0.46	0.41	0.41	0	0	0.46
18800	0.47	0.41	0.41	0	0	0.47
18900	0.46	0.41	0.41	0	0	0.46
19000	0.46	0.42	0.42	0	0	0.46
19100	0.46	0.42	0.42	0	0	0.46
19200	0.46	0.42	0.42	0	0	0.46
19300	0.46	0.42	0.42	0	0	0.46
19400	0.47	0.42	0.42	0	0	0.47
19500	0.47	0.42	0.42	0	0	0.47
19600	0.48	0.42	0.42	0	0	0.48
19700	0.48	0.42	0.42	0	0	0.48
19800	0.48	0.42	0.42	0	0	0.48
19900	0.48	0.43	0.43	0	0	0.48
20000	0.49	0.43	0.43	0	0	0.49
20100	0.48	0.42	0.42	0	0	0.48
20200	0.48	0.42	0.42	0	0	0.48
20300	0.48	0.42	0.42	0	0	0.48
20400	0.48	0.42	0.42	0	0	0.48
20500	0.48	0.42	0.42	0	0	0.48
20600	0.48	0.42	0.42	0	0	0.48
20700	0.48	0.41	0.41	0	0	0.48
20800	0.49	0.41	0.41	0	0	0.49
20900	0.49	0.41	0.41	0	0	0.49
21000	0.49	0.4	0.4	0	0	0.49
21100	0.49	0.4	0.4	0	0	0.49
21200	0.49	0.4	0.4	0	0	0.49
21300	0.49	0.4	0.4	0	0	0.49
21400	0.49	0.4	0.4	0	0	0.49
21500	0.49	0.4	0.4	0	0	0.49
21600	0.49	0.4	0.4	0	0	0.49
21700	0.49	0.4	0.4	0	0	0.49
21800	0.49	0.41	0.41	0	0	0.49
21900	0.49	0.41	0.41	0	0	0.49
22000	0.49	0.41	0.41	0	0	0.49
22100	0.49	0.41	0.41	0	0	0.49
22200	0.49	0.41	0.41	0	0	0.49
22300	0.49	0.41	0.41	0	0	0.49
22400	0.49	0.41	0.41	0	0	0.49
22500	0.5	0.41	0.41	0	0	0.5
22600	0.5	0.41	0.41	0	0	0.5
22700	0.5	0.41	0.41	0	0	0.5
22800	0.5	0.41	0.41	0	0	0.5
22900	0.5	0.41	0.41	0	0	0.5
23000	0.5	0.41	0.41	0	0	0.5
23100	0.5	0.41	0.41	0	0	0.5
23200	0.5	0.41	0.41	0	0	0.5
23300	0.5	0.41	0.41	0	0	0.5
23400	0.5	0.41	0.41	0	0	0.5
23500	0.5	0.42	0.42	0	0	0.5
23600	0.5	0.42	0.42	0	0	0.5
23700	0.5	0.42	0.42	0	0	0.5
23800	0.5	0.42	0.42	0	0	0.5
23900	0.5	0.42	0.42	0	0	0.5
24000	0.5	0.42	0.42	0	0	0.5
24100	0.5	0.42	0.42	0	0	0.5
24200	0.5	0.42	0.42	0	0	0.5
24300	0.49	0.42	0.42	0	0	0.49
24400	0.48	0.42	0.42	0	0	0.48
24500	0.48	0.42	0.42	0	0	0.48
24600	0.48	0.42	0.42	0	0	0.48
24700	0.48	0.43	0.43	0	0	0.48
24800	0.48	0.43	0.43	0	0	0.48
24900	0.48	0.43	0.43	0	0	0.48
25000	0.48	0.43	0.43	0	0	0.48
25100	0.48	0.43	0.43	0	0	0.48
25200	0.48	0.45	0.45	0	0	0.48
25300	0.48	0.45	0.45	0	0	0.48
25400	0.47	0.44	0.44	0	0	0.47
25500	0.47	0.44	0.44	0	0	0.47
25600	0.47	0.44	0.44	0	0	0.47
25700	0.47	0.44	0.44	0	0	0.47
25800	0.47	0.44	0.44	0	0	0.47
25900	0.47	0.44	0.44	0	0	0.47
26000	0.46	0.44	0.44	0	0	0.46
26100	0.46	0.44	0.44	0	0	0.46
26200	0.46	0.44	0.44	0	0	0.46
26300	0.46	0.44	0.44	0	0	0.46
26400	0.46	0.44	0.44	0	0	0.46
26500	0.45	0.44	0.44	0	0	0.45
26600	0.45	0.44	0.44	0	0	0.45
26700	0.45	0.44	0.44	0	0	0.45
26800	0.45	0.45	0.45	0	0	0.45
26900	0.45	0.45	0.45	0	0	0.45
27000	0.45	0.44	0.44	0	0	0.45
27100	0.45	0.44	0.44	0	0	0.45
27200	0.45	0.44	0.44	0	0	0.45
27300	0.45	0.44	0.44	0	0	0.45
27400	0.45	0.44	0.44	0	0	0.45
27500	0.45	0.44	0.44	0	0	0.45
27600	0.45	0.44	0.44	0	0	0.45
27700	0.45	0.44	0.44	0	0	0.45
27800	0.45	0.44	0.44	0	0	0.45
27900	0.45	0.44	0.44	0	0	0.45
28000	0.45	0.44	0.44	0	0	0.45
28100	0.46	0.44	0.44	0	0	0.46
28200	0.46	0.44	0.44	0	0	0.46
28300	0.46	0.44	0.44	0	0	0.46
28400	0.46	0.44	0.44	0	0	0.46
28500	0.46	0.44	0.44	0	0	0.46
28600	0.46	0.44	0.44	0	0	0.46
28700	0.46	0.43	0.43	0	0	0.46
28800	0.46	0.43	0.43	0	0	0.46
28900	0.46	0.43	0.43	0	0	0.46
29000	0.46	0.43	0.43	0	0	0.46
29100	0.46	0.43	0.43	0	0	0.46
29200	0.46	0.44	0.44	0	0	0.46
29300	0.47	0.45	0.45	0	0	0.47
29400	0.47	0.45	0.45	0	0	0.47
29500	0.47	0.45	0.45	0	0	0.47
29600	0.47	0.45	0.45	0	0	0.47
29700	0.47	0.45	0.45	0	0	0.47
29800	0.47	0.45	0.45	0	0	0.47
29900	0.47	0.45	0.45	0	0	0.47
30000	0.47	0.45	0.45	0	0	0.47
30100	0.47	0.45	0.45	0	0	0.47
30200	0.47	0.45	0.45	0	0	0.47
30300	0.47	0.45	0.45	0	0	0.47
30400	0.47	0.46	0.46	0	0	0.47
30500	0.47	0.45	0.45	0	0	0.47
30600	0.47	0.45	0.45	0	0	0.47
30700	0.47	0.45	0.45	0	0	0.47
30800	0.47	0.45	0.45	0	0	0.47
30900	0.47	0.45	0.45	0	0	0.47
31000	0.47	0.45	0.45	0	0	0.47
31100	0.47	0.45	0.45	0	0	0.47
31200	0.47	0.45	0.45	0	0	0.47
31300	0.48	0.45	0.45	0	0	0.48
31400	0.48	0.45	0.45	0	0	0.48
31500	0.48	0.45	0.45	0	0	0.48
31600	0.48	0.45	0.45	0	0	0.48
31700	0.48	0.45	0.45	0	0	0.48
31800	0.48	0.45	0.45	0	0	0.48
31900	0.48	0.45	0.45	0	0	0.48
32000	0.48	0.46	0.46	0	0	0.48
32100	0.48	0.46	0.46	0	0	0.48
32200	0.48	0.46	0.46	0	0	0.48
32300	0.48	0.47	0.47	0	0	0.48
32400	0.49	0.47	0.47	0	0	0.49
32500	0.49	0.47	0.47	0	0	0.49
32600	0.49	0.47	0.47	0	0	0.49
32700	0.49	0.47	0.47	0	0	0.49
32800	0.49	0.47	0.47	0	0	0.49
32900	0.49	0.46	0.46	0	0	0.49
33000	0.49	0.45	0.45	0	0	0.49
33100	0.49	0.45	0.45	0	0	0.49
33200	0.49	0.45	0.45	0	0	0.49
33300	0.49	0.45	0.45	0	0	0.49
33400	0.5	0.45	0.45	0	0	0.5
33500	0.49	0.45	0.45	0	0	0.49
33600	0.49	0.45	0.45	0	0	0.49
33700	0.49	0.45	0.45	0	0	0.49
33800	0.49	0.45	0.45	0	0	0.49
33900	0.49	0.45	0.45	0	0	0.49
34000	0.49	0.45	0.45	0	0	0.49
34100	0.49	0.45	0.45	0	0	0.49
34200	0.49	0.45	0.45	0	0	0.49
34300	0.49	0.45	0.45	0	0	0.49
34400	0.49	0.45	0.45	0	0	0.49
34500	0.49	0.45	0.45	0	0	0.49
34600	0.49	0.45	0.45	0	0	0.49
34700	0.49	0.45	0.45	0	0	0.49
34800	0.48	0.45	0.45	0	0	0.48
34900	0.48	0.45	0.45	0	0	0.48
35000	0.49	0.45	0.45	0	0	0.49
35100	0.48	0.45	0.45	0	0	0.48
35200	0.48	0.45	0.45	0	0	0.48
35300	0.48	0.45	0.45	0	0	0.48
35400	0.48	0.45	0.45	0	0	0.48
35500	0.48	0.44	0.44	0	0	0.48
35600	0.48	0.44	0.44	0	0	0.48
35700	0.48	0.44	0.44	0	0	0.48
35800	0.48	0.44	0.44	0	0	0.48
35900	0.48	0.44	0.44	0	0	0.48
36000	0.48	0.44	0.44	0	0	0.48
36100	0.47	0.45	0.45	0	0	0.47
36200	0.47	0.45	0.45	0	0	0.47
36300	0.47	0.45	0.45	0	0	0.47
36400	0.47	0.45	0.45	0	0	0.47
36500	0.46	0.45	0.45	0	0	0.46
36600	0.46	0.45	0.45	0	0	0.46
36700	0.46	0.45	0.45	0	0	0.46
36800	0.46	0.45	0.45	0	0	0.46
36900	0.46	0.45	0.45	0	0	0.46
37000	0.46	0.45	0.45	0	0	0.46
37100	0.46	0.45	0.45	0	0	0.46
37200	0.46	0.45	0.45	0	0	0.46
37300	0.45	0.45	0.45	0	0	0.45
37400	0.46	0.45	0.45	0	0	0.46
37500	0.47	0.45	0.45	0	0	0.47
37600	0.47	0.46	0.46	0	0	0.47
37700	0.47	0.45	0.45	0	0	0.47
37800	0.47	0.45	0.45	0	0	0.47
37900	0.47	0.45	0.45	0	0	0.47
38000	0.47	0.45	0.45	0	0	0.47
38100	0.47	0.45	0.45	0	0	0.47
38200	0.47	0.45	0.45	0	0	0.47
38300	0.47	0.45	0.45	0	0	0.47
38400	0.46	0.45	0.45	0	0	0.46
38500	0.47	0.45	0.45	0	0	0.47
38600	0.47	0.45	0.45	0	0	0.47
38700	0.47	0.45	0.45	0	0	0.47
38800	0.47	0.45	0.45	0	0	0.47
38900	0.47	0.45	0.45	0	0	0.47
39000	0.47	0.45	0.45	0	0	0.47
39100	0.47	0.45	0.45	0	0	0.47
39200	0.47	0.45	0.45	0	0	0.47
39300	0.47	0.45	0.45	0	0	0.47
39400	0.47	0.45	0.45	0	0	0.47
39500	0.47	0.45	0.45	0	0	0.47
39600	0.47	0.45	0.45	0	0	0.47
39700	0.47	0.45	0.45	0	0	0.47
39800	0.47	0.45	0.45	0	0	0.47
39900	0.47	0.45	0.45	0	0	0.47
40000	0.48	0.45	0.45	0	0	0.48
40100	0.48	0.45	0.45	0	0	0.48
40200	0.49	0.45	0.45	0	0	0.49
40300	0.48	0.45	0.45	0	0	0.48
40400	0.48	0.46	0.46	0	0	0.48
40500	0.48	0.46	0.46	0	0	0.48
40600	0.47	0.46	0.46	0	0	0.47
40700	0.47	0.46	0.46	0	0	0.47
40800	0.47	0.45	0.45	0	0	0.47
40900	0.47	0.45	0.45	0	0	0.47
41000	0.47	0.45	0.45	0	0	0.47
41100	0.47	0.45	0.45	0	0	0.47
41200	0.47	0.45	0.45	0	0	0.47
41300	0.47	0.45	0.45	0	0	0.47
41400	0.47	0.45	0.45	0	0	0.47
41500	0.47	0.45	0.45	0	0	0.47
41600	0.47	0.45	0.45	0	0	0.47
41700	0.47	0.45	0.45	0	0	0.47
41800	0.47	0.45	0.45	0	0	0.47
41900	0.47	0.45	0.45	0	0	0.47
42000	0.47	0.45	0.45	0	0	0.47
42100	0.46	0.44	0.44	0	0	0.46
42200	0.46	0.44	0.44	0	0	0.46
42300	0.46	0.44	0.44	0	0	0.46
42400	0.46	0.44	0.44	0	0	0.46
42500	0.46	0.44	0.44	0	0	0.46
42600	0.46	0.45	0.45	0	0	0.46
42700	0.46	0.45	0.45	0	0	0.46
42800	0.46	0.45	0.45	0	0	0.46
42900	0.45	0.45	0.45	0	0	0.45
43000	0.45	0.45	0.45	0	0	0.45
43100	0.45	0.45	0.45	0	0	0.45
43200	0.45	0.45	0.45	0	0	0.45
43300	0.46	0.45	0.45	0	0	0.46
43400	0.46	0.45	0.45	0	0	0.46
43500	0.46	0.45	0.45	0	0	0.46
43600	0.45	0.45	0.45	0	0	0.45
43700	0.44	0.45	0.45	0	0	0.44
43800	0.44	0.45	0.45	0	0	0.44
43900	0.44	0.45	0.45	0	0	0.44
44000	0.44	0.45	0.45	0	0	0.44
44100	0.44	0.45	0.45	0	0	0.44
44200	0.44	0.45	0.45	0	0	0.44
44300	0.44	0.45	0.45	0	0	0.44
44400	0.44	0.45	0.45	0	0	0.44
44500	0.44	0.45	0.45	0	0	0.44
44600	0.44	0.45	0.45	0	0	0.44
44700	0.44	0.45	0.45	0	0	0.44
44800	0.44	0.45	0.45	0	0	0.44
44900	0.44	0.45	0.45	0	0	0.44
45000	0.45	0.45	0.45	0	0	0.45
45100	0.45	0.45	0.45	0	0	0.45
45200	0.45	0.45	0.45	0	0	0.45
45300	0.45	0.45	0.45	0	0	0.45
45400	0.46	0.45	0.45	0	0	0.46
45500	0.46	0.45	0.45	0	0	0.46
45600	0.46	0.45	0.45	0	0	0.46
45700	0.46	0.45	0.45	0	0	0.46
45800	0.45	0.45	0.45	0	0	0.45
45900	0.45	0.45	0.45	0	0	0.45
46000	0.45	0.45	0.45	0	0	0.45
46100	0.45	0.45	0.45	0	0	0.45
46200	0.45	0.45	0.45	0	0	0.45
46300	0.45	0.45	0.45	0	0	0.45
46400	0.45	0.45	0.45	0	0	0.45
46500	0.45	0.45	0.45	0	0	0.45
46600	0.45	0.45	0.45	0	0	0.45
46700	0.45	0.44	0.44	0	0	0.45
46800	0.45	0.45	0.45	0	0	0.45
46900	0.45	0.44	0.44	0	0	0.45
47000	0.45	0.44	0.44	0	0	0.45
47100	0.45	0.44	0.44	0	0	0.45
47200	0.45	0.44	0.44	0	0	0.45
47300	0.45	0.44	0.44	0	0	0.45
47400	0.45	0.43	0.43	0	0	0.45
47500	0.45	0.43	0.43	0	0	0.45
47600	0.45	0.43	0.43	0	0	0.45
47700	0.45	0.43	0.43	0	0	0.45
47800	0.46	0.43	0.43	0	0	0.46
47900	0.45	0.44	0.44	0	0	0.45
48000	0.45	0.44	0.44	0	0	0.45
48100	0.45	0.44	0.44	0	0	0.45
48200	0.45	0.44	0.44	0	0	0.45
48300	0.45	0.44	0.44	0	0	0.45
48400	0.45	0.44	0.44	0	0	0.45
48500	0.45	0.45	0.45	0	0	0.45
48600	0.45	0.44	0.44	0	0	0.45
48700	0.45	0.44	0.44	0	0	0.45
48800	0.46	0.44	0.44	0	0	0.46
48900	0.45	0.44	0.44	0	0	0.45
49000	0.45	0.45	0.45	0	0	0.45
49100	0.45	0.45	0.45	0	0	0.45
49200	0.45	0.44	0.44	0	0	0.45
49300	0.44	0.44	0.44	0	0	0.44
49400	0.44	0.43	0.43	0	0	0.44
49500	0.44	0.43	0.43	0	0	0.44
49600	0.44	0.43	0.43	0	0	0.44
49700	0.44	0.43	0.43	0	0	0.44
49800	0.44	0.44	0.44	0	0	0.44
49900	0.44	0.45	0.45	0	0	0.44
50000	0.44	0.45	0.45	0	0	0.44
50100	0.44	0.45	0.45	0	0	0.44
50200	0.44	0.46	0.46	0	0	0.44
50300	0.43	0.46	0.46	0	0	0.43
50400	0.43	0.46	0.46	0	0	0.43
50500	0.43	0.46	0.46	0	0	0.43
50600	0.43	0.46	0.46	0	0	0.43
50700	0.44	0.46	0.46	0	0	0.44
50800	0.44	0.47	0.47	0	0	0.44
50900	0.44	0.47	0.47	0	0	0.44
51000	0.44	0.47	0.47	0	0	0.44
51100	0.44	0.47	0.47	0	0	0.44
51200	0.44	0.47	0.47	0	0	0.44
51300	0.44	0.48	0.48	0	0	0.44
51400	0.44	0.48	0.48	0	0	0.44
51500	0.44	0.48	0.48	0	0	0.44
51600	0.44	0.48	0.48	0	0	0.44
51700	0.44	0.49	0.49	0	0	0.44
51800	0.44	0.49	0.49	0	0	0.44
51900	0.44	0.49	0.49	0	0	0.44
52000	0.44	0.49	0.49	0	0	0.44
52100	0.44	0.49	0.49	0	0	0.44
52200	0.44	0.49	0.49	0	0	0.44
52300	0.44	0.49	0.49	0	0	0.44
52400	0.44	0.49	0.49	0	0	0.44
52500	0.44	0.49	0.49	0	0	0.44
52600	0.44	0.49	0.49	0	0	0.44
52700	0.44	0.49	0.49	0	0	0.44
52800	0.44	0.49	0.49	0	0	0.44
52900	0.43	0.48	0.48	0	0	0.43
53000	0.43	0.48	0.48	0	0	0.43
53100	0.43	0.48	0.48	0	0	0.43
53200	0.43	0.48	0.48	0	0	0.43
53300	0.43	0.48	0.48	0	0	0.43
53400	0.43	0.48	0.48	0	0	0.43
53500	0.43	0.48	0.48	0	0	0.43
53600	0.43	0.48	0.48	0	0	0.43
53700	0.43	0.48	0.48	0	0	0.43
53800	0.43	0.48	0.48	0	0	0.43
53900	0.43	0.48	0.48	0	0	0.43
54000	0.43	0.48	0.48	0	0	0.43
54100	0.43	0.48	0.48	0	0	0.43
54200	0.43	0.49	0.49	0	0	0.43
54300	0.43	0.49	0.49	0	0	0.43
54400	0.43	0.49	0.49	0	0	0.43
54500	0.43	0.49	0.49	0	0	0.43
54600	0.43	0.48	0.48	0	0	0.43
54700	0.42	0.48	0.48	0	0	0.42
54800	0.42	0.48	0.48	0	0	0.42
54900	0.42	0.48	0.48	0	0	0.42
55000	0.42	0.48	0.48	0	0	0.42
55100	0.43	0.48	0.48	0	0	0.43
55200	0.43	0.48	0.48	0	0	0.43
55300	0.43	0.47	0.47	0	0	0.43
55400	0.43	0.47	0.47	0	0	0.43
55500	0.43	0.47	0.47	0	0	0.43
55600	0.43	0.47	0.47	0	0	0.43
55700	0.43	0.47	0.47	0	0	0.43
55800	0.43	0.47	0.47	0	0	0.43
55900	0.44	0.46	0.46	0	0	0.44
56000	0.44	0.46	0.46	0	0	0.44
56100	0.44	0.46	0.46	0	0	0.44
56200	0.43	0.46	0.46	0	0	0.43
56300	0.43	0.46	0.46	0	0	0.43
56400	0.43	0.47	0.47	0	0	0.43
56500	0.43	0.47	0.47	0	0	0.43
56600	0.43	0.47	0.47	0	0	0.43
56700	0.43	0.47	0.47	0	0	0.43
56800	0.43	0.47	0.47	0	0	0.43
56900	0.43	0.47	0.47	0	0	0.43
57000	0.43	0.47	0.47	0	0	0.43
57100	0.44	0.47	0.47	0	0	0.44
57200	0.44	0.47	0.47	0	0	0.44
57300	0.44	0.47	0.47	0	0	0.44
57400	0.44	0.47	0.47	0	0	0.44
57500	0.44	0.47	0.47	0	0	0.44
57600	0.44	0.47	0.47	0	0	0.44
57700	0.44	0.47	0.47	0	0	0.44
57800	0.44	0.47	0.47	0	0	0.44
57900	0.44	0.47	0.47	0	0	0.44
58000	0.44	0.47	0.47	0	0	0.44
58100	0.44	0.47	0.47	0	0	0.44
58200	0.44	0.47	0.47	0	0	0.44
58300	0.44	0.47	0.47	0	0	0.44
58400	0.44	0.47	0.47	0	0	0.44
58500	0.44	0.48	0.48	0	0	0.44
58600	0.44	0.48	0.48	0	0	0.44
58700	0.44	0.48	0.48	0	0	0.44
58800	0.43	0.48	0.48	0	0	0.43
58900	0.43	0.48	0.48	0	0	0.43
59000	0.42	0.48	0.48	0	0	0.42
59100	0.42	0.48	0.48	0	0	0.42
59200	0.42	0.48	0.48	0	0	0.42
59300	0.42	0.48	0.48	0	0	0.42
59400	0.42	0.48	0.48	0	0	0.42
59500	0.42	0.48	0.48	0	0	0.42
59600	0.43	0.48	0.48	0	0	0.43
59700	0.43	0.48	0.48	0	0	0.43
59800	0.43	0.49	0.49	0	0	0.43
59900	0.43	0.49	0.49	0	0	0.43
60000	0.43	0.49	0.49	0	0	0.43
60100	0.44	0.49	0.49	0	0	0.44
60200	0.45	0.49	0.49	0	0	0.45
60300	0.45	0.49	0.49	0	0	0.45
60400	0.44	0.49	0.49	0	0	0.44
60500	0.44	0.49	0.49	0	0	0.44
60600	0.44	0.49	0.49	0	0	0.44
60700	0.44	0.49	0.49	0	0	0.44
60800	0.44	0.49	0.49	0	0	0.44
60900	0.44	0.49	0.49	0	0	0.44
61000	0.44	0.49	0.49	0	0	0.44
61100	0.44	0.49	0.49	0	0	0.44
61200	0.44	0.49	0.49	0	0	0.44
61300	0.44	0.49	0.49	0	0	0.44
61400	0.45	0.49	0.49	0	0	0.45
61500	0.45	0.49	0.49	0	0	0.45
61600	0.45	0.49	0.49	0	0	0.45
61700	0.45	0.49	0.49	0	0	0.45
61800	0.45	0.49	0.49	0	0	0.45
61900	0.45	0.49	0.49	0	0	0.45
62000	0.45	0.49	0.49	0	0	0.45
62100	0.45	0.49	0.49	0	0	0.45
62200	0.45	0.49	0.49	0	0	0.45
62300	0.45	0.49	0.49	0	0	0.45
62400	0.45	0.49	0.49	0	0	0.45
62500	0.44	0.49	0.49	0	0	0.44
62600	0.44	0.49	0.49	0	0	0.44
62700	0.44	0.49	0.49	0	0	0.44
62800	0.44	0.49	0.49	0	0	0.44
62900	0.44	0.49	0.49	0	0	0.44
63000	0.45	0.49	0.49	0	0	0.45
63100	0.45	0.48	0.48	0	0	0.45
63200	0.45	0.49	0.49	0	0	0.45
63300	0.44	0.48	0.48	0	0	0.44
63400	0.45	0.48	0.48	0	0	0.45
63500	0.45	0.48	0.48	0	0	0.45
63600	0.45	0.48	0.48	0	0	0.45
63700	0.45	0.48	0.48	0	0	0.45
63800	0.45	0.48	0.48	0	0	0.45
63900	0.45	0.48	0.48	0	0	0.45
64000	0.45	0.48	0.48	0	0	0.45
64100	0.45	0.48	0.48	0	0	0.45
64200	0.45	0.48	0.48	0	0	0.45
64300	0.46	0.48	0.48	0	0	0.46
64400	0.45	0.48	0.48	0	0	0.45
64500	0.45	0.48	0.48	0	0	0.45
64600	0.45	0.48	0.48	0	0	0.45
64700	0.45	0.48	0.48	0	0	0.45
64800	0.45	0.48	0.48	0	0	0.45
64900	0.45	0.48	0.48	0	0	0.45
65000	0.45	0.48	0.48	0	0	0.45
65100	0.45	0.48	0.48	0	0	0.45
65200	0.45	0.48	0.48	0	0	0.45
65300	0.45	0.48	0.48	0	0	0.45
65400	0.45	0.48	0.48	0	0	0.45
65500	0.45	0.48	0.48	0	0	0.45
65600	0.45	0.48	0.48	0	0	0.45
65700	0.45	0.48	0.48	0	0	0.45
65800	0.45	0.48	0.48	0	0	0.45
65900	0.45	0.48	0.48	0	0	0.45
66000	0.47	0.47	0.47	0	0	0.47
66100	0.47	0.48	0.48	0	0	0.47
66200	0.47	0.48	0.48	0	0	0.47
66300	0.47	0.48	0.48	0	0	0.47
66400	0.47	0.48	0.48	0	0	0.47
66500	0.47	0.48	0.48	0	0	0.47
66600	0.47	0.48	0.48	0	0	0.47
66700	0.47	0.48	0.48	0	0	0.47
66800	0.47	0.48	0.48	0	0	0.47
66900	0.47	0.48	0.48	0	0	0.47
67000	0.47	0.48	0.48	0	0	0.47
67100	0.47	0.48	0.48	0	0	0.47
67200	0.47	0.48	0.48	0	0	0.47
67300	0.47	0.48	0.48	0	0	0.47
67400	0.47	0.48	0.48	0	0	0.47
67500	0.47	0.48	0.48	0	0	0.47
67600	0.48	0.48	0.48	0	0	0.48
67700	0.48	0.48	0.48	0	0	0.48
67800	0.48	0.48	0.48	0	0	0.48
67900	0.48	0.48	0.48	0	0	0.48
68000	0.48	0.48	0.48	0	0	0.48
68100	0.48	0.47	0.47	0	0	0.48
68200	0.48	0.47	0.47	0	0	0.48
68300	0.48	0.47	0.47	0	0	0.48
68400	0.48	0.47	0.47	0	0	0.48
68500	0.47	0.48	0.48	0	0	0.47
68600	0.47	0.48	0.48	0	0	0.47
68700	0.47	0.48	0.48	0	0	0.47
68800	0.47	0.48	0.48	0	0	0.47
68900	0.47	0.48	0.48	0	0	0.47
69000	0.47	0.48	0.48	0	0	0.47
69100	0.47	0.48	0.48	0	0	0.47
69200	0.47	0.48	0.48	0	0	0.47
69300	0.47	0.48	0.48	0	0	0.47
69400	0.47	0.48	0.48	0	0	0.47
69500	0.47	0.48	0.48	0	0	0.47
69600	0.47	0.48	0.48	0	0	0.47
69700	0.47	0.48	0.48	0	0	0.47
69800	0.47	0.48	0.48	0	0	0.47
69900	0.47	0.48	0.48	0	0	0.47
70000	0.47	0.48	0.48	0	0	0.47
70100	0.47	0.48	0.48	0	0	0.47
70200	0.47	0.48	0.48	0	0	0.47
70300	0.47	0.48	0.48	0	0	0.47
70400	0.47	0.48	0.48	0	0	0.47
70500	0.47	0.48	0.48	0	0	0.47
70600	0.47	0.48	0.48	0	0	0.47
70700	0.47	0.48	0.48	0	0	0.47
70800	0.47	0.48	0.48	0	0	0.47
70900	0.47	0.48	0.48	0	0	0.47
71000	0.47	0.48	0.48	0	0	0.47
71100	0.47	0.48	0.48	0	0	0.47
71200	0.48	0.48	0.48	0	0	0.48
71300	0.48	0.48	0.48	0	0	0.48
71400	0.48	0.48	0.48	0	0	0.48
71500	0.48	0.48	0.48	0	0	0.48
71600	0.48	0.48	0.48	0	0	0.48
71700	0.48	0.48	0.48	0	0	0.48
71800	0.47	0.48	0.48	0	0	0.47
71900	0.47	0.48	0.48	0	0	0.47
72000	0.47	0.48	0.48	0	0	0.47
72100	0.47	0.48	0.48	0	0	0.47
72200	0.47	0.48	0.48	0	0	0.47
72300	0.47	0.48	0.48	0	0	0.47
72400	0.47	0.48	0.48	0	0	0.47
72500	0.47	0.48	0.48	0	0	0.47
72600	0.47	0.48	0.48	0	0	0.47
72700	0.47	0.48	0.48	0	0	0.47
72800	0.47	0.48	0.48	0	0	0.47
72900	0.47	0.48	0.48	0	0	0.47
73000	0.47	0.47	0.47	0	0	0.47
73100	0.47	0.47	0.47	0	0	0.47
73200	0.47	0.47	0.47	0	0	0.47
73300	0.47	0.47	0.47	0	0	0.47
73400	0.47	0.47	0.47	0	0	0.47
73500	0.47	0.47	0.47	0	0	0.47
73600	0.48	0.47	0.47	0	0	0.48
73700	0.48	0.47	0.47	0	0	0.48
73800	0.48	0.47	0.47	0	0	0.48
73900	0.48	0.47	0.47	0	0	0.48
74000	0.48	0.48	0.48	0	0	0.48
74100	0.48	0.48	0.48	0	0	0.48
74200	0.48	0.48	0.48	0	0	0.48
74300	0.48	0.48	0.48	0	0	0.48
74400	0.48	0.48	0.48	0	0	0.48
74500	0.48	0.48	0.48	0	0	0.48
74600	0.48	0.48	0.48	0	0	0.48
74700	0.48	0.48	0.48	0	0	0.48
74800	0.48	0.48	0.48	0	0	0.48
74900	0.48	0.48	0.48	0	0	0.48
75000	0.48	0.47	0.47	0	0	0.48
75100	0.48	0.46	0.46	0	0	0.48
75200	0.48	0.46	0.46	0	0	0.48
75300	0.48	0.46	0.46	0	0	0.48
75400	0.48	0.46	0.46	0	0	0.48
75500	0.48	0.45	0.45	0	0	0.48
75600	0.48	0.45	0.45	0	0	0.48
75700	0.48	0.45	0.45	0	0	0.48
75800	0.47	0.45	0.45	0	0	0.47
75900	0.46	0.45	0.45	0	0	0.46
76000	0.46	0.45	0.45	0	0	0.46
76100	0.46	0.45	0.45	0	0	0.46
76200	0.46	0.46	0.46	0	0	0.46
76300	0.45	0.46	0.46	0	0	0.45
76400	0.45	0.46	0.46	0	0	0.45
76500	0.46	0.46	0.46	0	0	0.46
76600	0.46	0.46	0.46	0	0	0.46
76700	0.46	0.46	0.46	0	0	0.46
76800	0.46	0.46	0.46	0	0	0.46
76900	0.46	0.46	0.46	0	0	0.46
77000	0.46	0.46	0.46	0	0	0.46
77100	0.46	0.46	0.46	0	0	0.46
77200	0.46	0.46	0.46	0	0	0.46
77300	0.46	0.46	0.46	0	0	0.46
77400	0.46	0.46	0.46	0	0	0.46
77500	0.46	0.46	0.46	0	0	0.46
77600	0.46	0.47	0.47	0	0	0.46
77700	0.46	0.47	0.47	0	0	0.46
77800	0.46	0.47	0.47	0	0	0.46
77900	0.46	0.47	0.47	0	0	0.46
78000	0.46	0.47	0.47	0	0	0.46
78100	0.46	0.47	0.47	0	0	0.46
78200	0.46	0.47	0.47	0	0	0.46
78300	0.46	0.47	0.47	0	0	0.46
78400	0.46	0.48	0.48	0	0	0.46
78500	0.46	0.48	0.48	0	0	0.46
78600	0.46	0.48	0.48	0	0	0.46
78700	0.46	0.48	0.48	0	0	0.46
78800	0.46	0.48	0.48	0	0	0.46
78900	0.46	0.48	0.48	0	0	0.46
79000	0.46	0.48	0.48	0	0	0.46
79100	0.46	0.48	0.48	0	0	0.46
79200	0.45	0.48	0.48	0	0	0.45
79300	0.45	0.48	0.48	0	0	0.45
79400	0.45	0.48	0.48	0	0	0.45
79500	0.43	0.48	0.48	0	0	0.43
79600	0.43	0.48	0.48	0	0	0.43
79700	0.43	0.48	0.48	0	0	0.43
79800	0.43	0.48	0.48	0	0	0.43
79900	0.43	0.48	0.48	0	0	0.43
80000	0.43	0.48	0.48	0	0	0.43
80100	0.43	0.48	0.48	0	0	0.43
80200	0.43	0.48	0.48	0	0	0.43
80300	0.43	0.48	0.48	0	0	0.43
80400	0.43	0.48	0.48	0	0	0.43
80500	0.43	0.48	0.48	0	0	0.43
80600	0.43	0.48	0.48	0	0	0.43
80700	0.43	0.48	0.48	0	0	0.43
80800	0.44	0.48	0.48	0	0	0.44
80900	0.44	0.48	0.48	0	0	0.44
81000	0.44	0.48	0.48	0	0	0.44
81100	0.44	0.48	0.48	0	0	0.44
81200	0.44	0.48	0.48	0	0	0.44
81300	0.45	0.48	0.48	0	0	0.45
81400	0.45	0.48	0.48	0	0	0.45
81500	0.45	0.48	0.48	0	0	0.45
81600	0.46	0.48	0.48	0	0	0.46
81700	0.45	0.48	0.48	0	0	0.45
81800	0.45	0.48	0.48	0	0	0.45
81900	0.45	0.48	0.48	0	0	0.45
82000	0.45	0.48	0.48	0	0	0.45
82100	0.45	0.48	0.48	0	0	0.45
82200	0.45	0.48	0.48	0	0	0.45
82300	0.46	0.48	0.48	0	0	0.46
82400	0.46	0.48	0.48	0	0	0.46
82500	0.46	0.48	0.48	0	0	0.46
82600	0.46	0.48	0.48	0	0	0.46
82700	0.46	0.48	0.48	0	0	0.46
82800	0.46	0.47	0.47	0	0	0.46
82900	0.46	0.47	0.47	0	0	0.46
83000	0.46	0.47	0.47	0	0	0.46
83100	0.46	0.47	0.47	0	0	0.46
83200	0.46	0.47	0.47	0	0	0.46
83300	0.46	0.47	0.47	0	0	0.46
83400	0.46	0.47	0.47	0	0	0.46
83500	0.46	0.47	0.47	0	0	0.46
83600	0.46	0.47	0.47	0	0	0.46
83700	0.46	0.47	0.47	0	0	0.46
83800	0.46	0.48	0.48	0	0	0.46
83900	0.46	0.48	0.48	0	0	0.46
84000	0.46	0.47	0.47	0	0	0.46
84100	0.46	0.47	0.47	0	0	0.46
84200	0.46	0.47	0.47	0	0	0.46
84300	0.46	0.47	0.47	0	0	0.46
84400	0.46	0.47	0.47	0	0	0.46
84500	0.46	0.48	0.48	0	0	0.46
84600	0.46	0.48	0.48	0	0	0.46
84700	0.46	0.48	0.48	0	0	0.46
84800	0.46	0.48	0.48	0	0	0.46
84900	0.46	0.48	0.48	0	0	0.46
85000	0.45	0.48	0.48	0	0	0.45
85100	0.44	0.49	0.49	0	0	0.44
85200	0.44	0.49	0.49	0	0	0.44
85300	0.45	0.49	0.49	0	0	0.45
85400	0.45	0.49	0.49	0	0	0.45
85500	0.45	0.49	0.49	0	0	0.45
85600	0.44	0.49	0.49	0	0	0.44
85700	0.44	0.49	0.49	0	0	0.44
85800	0.44	0.49	0.49	0	0	0.44
85900	0.44	0.49	0.49	0	0	0.44
86000	0.44	0.5	0.5	0	0	0.44
86100	0.44	0.5	0.5	0	0	0.44
86200	0.44	0.5	0.5	0	0	0.44
86300	0.44	0.5	0.5	0	0	0.44
86400	0.44	0.5	0.5	0	0	0.44
86500	0.44	0.5	0.5	0	0	0.44
86600	0.44	0.5	0.5	0	0	0.44
86700	0.44	0.5	0.5	0	0	0.44
86800	0.44	0.5	0.5	0	0	0.44
86900	0.44	0.5	0.5	0	0	0.44
87000	0.44	0.5	0.5	0	0	0.44
87100	0.44	0.5	0.5	0	0	0.44
87200	0.44	0.5	0.5	0	0	0.44
87300	0.44	0.5	0.5	0	0	0.44
87400	0.44	0.5	0.5	0	0	0.44
87500	0.44	0.5	0.5	0	0	0.44
87600	0.44	0.5	0.5	0	0	0.44
87700	0.44	0.51	0.51	0	0	0.44
87800	0.44	0.51	0.51	0	0	0.44
87900	0.44	0.51	0.51	0	0	0.44
88000	0.44	0.51	0.51	0	0	0.44
88100	0.44	0.51	0.51	0	0	0.44
88200	0.44	0.51	0.51	0	0	0.44
88300	0.44	0.51	0.51	0	0	0.44
88400	0.44	0.51	0.51	0	0	0.44
88500	0.44	0.51	0.51	0	0	0.44
88600	0.44	0.51	0.51	0	0	0.44
88700	0.44	0.51	0.51	0	0	0.44
88800	0.44	0.51	0.51	0	0	0.44
88900	0.44	0.51	0.51	0	0	0.44
89000	0.44	0.51	0.51	0	0	0.44
89100	0.44	0.52	0.52	0	0	0.44
89200	0.44	0.52	0.52	0	0	0.44
89300	0.44	0.52	0.52	0	0	0.44
89400	0.44	0.52	0.52	0	0	0.44
89500	0.44	0.52	0.52	0	0	0.44
89600	0.44	0.52	0.52	0	0	0.44
89700	0.44	0.52	0.52	0	0	0.44
89800	0.44	0.52	0.52	0	0	0.44
89900	0.44	0.52	0.52	0	0	0.44
90000	0.44	0.53	0.53	0	0	0.44
90100	0.44	0.53	0.53	0	0	0.44
90200	0.44	0.53	0.53	0	0	0.44
90300	0.44	0.53	0.53	0	0	0.44
90400	0.44	0.53	0.53	0	0	0.44
90500	0.44	0.53	0.53	0	0	0.44
90600	0.43	0.53	0.53	0	0	0.43
90700	0.43	0.53	0.53	0	0	0.43
90800	0.43	0.53	0.53	0	0	0.43
90900	0.43	0.52	0.52	0	0	0.43
91000	0.43	0.52	0.52	0	0	0.43
91100	0.43	0.52	0.52	0	0	0.43
91200	0.43	0.52	0.52	0	0	0.43
91300	0.43	0.52	0.52	0	0	0.43
91400	0.44	0.52	0.52	0	0	0.44
91500	0.44	0.52	0.52	0	0	0.44
91600	0.44	0.52	0.52	0	0	0.44
91700	0.44	0.52	0.52	0	0	0.44
91800	0.45	0.52	0.52	0	0	0.45
91900	0.45	0.52	0.52	0	0	0.45
92000	0.45	0.52	0.52	0	0	0.45
92100	0.45	0.52	0.52	0	0	0.45
92200	0.45	0.52	0.52	0	0	0.45
92300	0.45	0.52	0.52	0	0	0.45
92400	0.45	0.52	0.52	0	0	0.45
92500	0.45	0.51	0.51	0	0	0.45
92600	0.45	0.51	0.51	0	0	0.45
92700	0.45	0.51	0.51	0	0	0.45
92800	0.45	0.51	0.51	0	0	0.45
92900	0.45	0.51	0.51	0	0	0.45
93000	0.45	0.51	0.51	0	0	0.45
93100	0.45	0.51	0.51	0	0	0.45
93200	0.45	0.51	0.51	0	0	0.45
93300	0.45	0.51	0.51	0	0	0.45
93400	0.45	0.51	0.51	0	0	0.45
93500	0.45	0.51	0.51	0	0	0.45
93600	0.45	0.51	0.51	0	0	0.45
93700	0.45	0.52	0.52	0	0	0.45
93800	0.44	0.52	0.52	0	0	0.44
93900	0.44	0.52	0.52	0	0	0.44
94000	0.44	0.52	0.52	0	0	0.44
94100	0.44	0.52	0.52	0	0	0.44
94200	0.43	0.52	0.52	0	0	0.43
94300	0.43	0.52	0.52	0	0	0.43
94400	0.43	0.52	0.52	0	0	0.43
94500	0.43	0.52	0.52	0	0	0.43
94600	0.43	0.52	0.52	0	0	0.43
94700	0.43	0.52	0.52	0	0	0.43
94800	0.44	0.52	0.52	0	0	0.44
94900	0.44	0.52	0.52	0	0	0.44
95000	0.44	0.52	0.52	0	0	0.44
95100	0.44	0.52	0.52	0	0	0.44
95200	0.44	0.52	0.52	0	0	0.44
95300	0.44	0.52	0.52	0	0	0.44
95400	0.44	0.52	0.52	0	0	0.44
95500	0.44	0.52	0.52	0	0	0.44
95600	0.44	0.52	0.52	0	0	0.44
95700	0.44	0.52	0.52	0	0	0.44
95800	0.44	0.52	0.52	0	0	0.44
95900	0.44	0.52	0.52	0	0	0.44
96000	0.44	0.52	0.52	0	0	0.44
96100	0.44	0.52	0.52	0	0	0.44
96200	0.44	0.52	0.52	0	0	0.44
96300	0.44	0.52	0.52	0	0	0.44
96400	0.44	0.52	0.52	0	0	0.44
96500	0.44	0.52	0.52	0	0	0.44
96600	0.44	0.52	0.52	0	0	0.44
96700	0.44	0.52	0.52	0	0	0.44
96800	0.44	0.52	0.52	0	0	0.44
96900	0.44	0.53	0.53	0	0	0.44
97000	0.44	0.53	0.53	0	0	0.44
97100	0.44	0.53	0.53	0	0	0.44
97200	0.44	0.53	0.53	0	0	0.44
97300	0.44	0.53	0.53	0	0	0.44
97400	0.44	0.53	0.53	0	0	0.44
97500	0.44	0.53	0.53	0	0	0.44
97600	0.44	0.53	0.53	0	0	0.44
97700	0.44	0.53	0.53	0	0	0.44
97800	0.44	0.53	0.53	0	0	0.44
97900	0.44	0.53	0.53	0	0	0.44
98000	0.44	0.53	0.53	0	0	0.44
98100	0.44	0.53	0.53	0	0	0.44
98200	0.44	0.53	0.53	0	0	0.44
98300	0.44	0.53	0.53	0	0	0.44
98400	0.44	0.53	0.53	0	0	0.44
98500	0.44	0.53	0.53	0	0	0.44
98600	0.44	0.53	0.53	0	0	0.44
98700	0.44	0.53	0.53	0	0	0.44
98800	0.44	0.53	0.53	0	0	0.44
98900	0.44	0.52	0.52	0	0	0.44
99000	0.44	0.52	0.52	0	0	0.44
99100	0.44	0.52	0.52	0	0	0.44
99200	0.43	0.52	0.52	0	0	0.43
99300	0.43	0.52	0.52	0	0	0.43
99400	0.43	0.53	0.53	0	0	0.43
99500	0.43	0.53	0.53	0	0	0.43
99600	0.43	0.53	0.53	0	0	0.43
99700	0.43	0.53	0.53	0	0	0.43
99800	0.43	0.53	0.53	0	0	0.43
99900	0.43	0.53	0.53	0	0	0.43
100000	0.43	0.53	0.53	0	0	0.43
