100	0.1	0.05	0.05	0	0	0.1
200	0.1	0.05	0.05	0	0	0.1
300	0.14	0.07	0.07	0	0	0.14
400	0.15	0.08	0.08	0	0	0.15
500	0.18	0.08	0.08	0	0	0.18
600	0.2	0.08	0.08	0	0	0.2
700	0.21	0.1	0.1	0	0	0.21
800	0.23	0.13	0.13	0	0	0.23
900	0.24	0.14	0.14	0	0	0.24
1000	0.26	0.15	0.15	0	0	0.26
1100	0.26	0.15	0.15	0	0	0.26
1200	0.26	0.16	0.16	0	0	0.26
1300	0.27	0.17	0.17	0	0	0.27
1400	0.27	0.19	0.19	0	0	0.27
1500	0.27	0.2	0.2	0	0	0.27
1600	0.27	0.21	0.21	0	0	0.27
1700	0.27	0.22	0.22	0	0	0.27
1800	0.27	0.22	0.22	0	0	0.27
1900	0.27	0.22	0.22	0	0	0.27
2000	0.27	0.23	0.23	0	0	0.27
2100	0.28	0.23	0.23	0	0	0.28
2200	0.28	0.24	0.24	0	0	0.28
2300	0.29	0.24	0.24	0	0	0.29
2400	0.29	0.25	0.25	0	0	0.29
2500	0.28	0.27	0.27	0	0	0.28
2600	0.31	0.29	0.29	0	0	0.31
2700	0.31	0.3	0.3	0	0	0.31
2800	0.31	0.3	0.3	0	0	0.31
2900	0.32	0.3	0.3	0	0	0.32
3000	0.32	0.3	0.3	0	0	0.32
3100	0.33	0.33	0.33	0	0	0.33
3200	0.33	0.33	0.33	0	0	0.33
3300	0.34	0.36	0.36	0	0	0.34
3400	0.35	0.36	0.36	0	0	0.35
3500	0.36	0.36	0.36	0	0	0.36
3600	0.36	0.35	0.35	0	0	0.36
3700	0.36	0.34	0.34	0	0	0.36
3800	0.36	0.34	0.34	0	0	0.36
3900	0.36	0.35	0.35	0	0	0.36
4000	0.36	0.36	0.36	0	0	0.36
4100	0.36	0.35	0.35	0	0	0.36
4200	0.38	0.35	0.35	0	0	0.38
4300	0.39	0.36	0.36	0	0	0.39
4400	0.39	0.36	0.36	0	0	0.39
4500	0.4	0.36	0.36	0	0	0.4
4600	0.4	0.35	0.35	0	0	0.4
4700	0.39	0.35	0.35	0	0	0.39
4800	0.39	0.36	0.36	0	0	0.39
4900	0.41	0.36	0.36	0	0	0.41
5000	0.4	0.36	0.36	0	0	0.4
5100	0.4	0.36	0.36	0	0	0.4
5200	0.42	0.37	0.37	0	0	0.42
5300	0.42	0.37	0.37	0	0	0.42
5400	0.42	0.38	0.38	0	0	0.42
5500	0.41	0.38	0.38	0	0	0.41
5600	0.41	0.38	0.38	0	0	0.41
5700	0.41	0.37	0.37	0	0	0.41
5800	0.42	0.37	0.37	0	0	0.42
5900	0.43	0.37	0.37	0	0	0.43
6000	0.43	0.38	0.38	0	0	0.43
6100	0.43	0.37	0.37	0	0	0.43
6200	0.43	0.37	0.37	0	0	0.43
6300	0.43	0.36	0.36	0	0	0.43
6400	0.43	0.36	0.36	0	0	0.43
6500	0.43	0.36	0.36	0	0	0.43
6600	0.43	0.36	0.36	0	0	0.43
6700	0.43	0.36	0.36	0	0	0.43
6800	0.43	0.36	0.36	0	0	0.43
6900	0.43	0.37	0.37	0	0	0.43
7000	0.43	0.37	0.37	0	0	0.43
7100	0.44	0.37	0.37	0	0	0.44
7200	0.44	0.38	0.38	0	0	0.44
7300	0.43	0.38	0.38	0	0	0.43
7400	0.43	0.38	0.38	0	0	0.43
7500	0.43	0.38	0.38	0	0	0.43
7600	0.42	0.39	0.39	0	0	0.42
7700	0.43	0.39	0.39	0	0	0.43
7800	0.43	0.39	0.39	0	0	0.43
7900	0.43	0.39	0.39	0	0	0.43
8000	0.43	0.39	0.39	0	0	0.43
8100	0.42	0.39	0.39	0	0	0.42
8200	0.42	0.39	0.39	0	0	0.42
8300	0.42	0.39	0.39	0	0	0.42
8400	0.43	0.38	0.38	0	0	0.43
8500	0.43	0.39	0.39	0	0	0.43
8600	0.42	0.39	0.39	0	0	0.42
8700	0.42	0.4	0.4	0	0	0.42
8800	0.42	0.39	0.39	0	0	0.42
8900	0.42	0.39	0.39	0	0	0.42
9000	0.42	0.38	0.38	0	0	0.42
9100	0.42	0.38	0.38	0	0	0.42
9200	0.42	0.37	0.37	0	0	0.42
9300	0.43	0.38	0.38	0	0	0.43
9400	0.42	0.38	0.38	0	0	0.42
9500	0.42	0.38	0.38	0	0	0.42
9600	0.41	0.38	0.38	0	0	0.41
9700	0.43	0.38	0.38	0	0	0.43
9800	0.42	0.38	0.38	0	0	0.42
9900	0.42	0.38	0.38	0	0	0.42
10000	0.42	0.38	0.38	0	0	0.42
10100	0.42	0.38	0.38	0	0	0.42
10200	0.42	0.4	0.4	0	0	0.42
10300	0.42	0.41	0.41	0	0	0.42
10400	0.42	0.41	0.41	0	0	0.42
10500	0.42	0.4	0.4	0	0	0.42
10600	0.42	0.39	0.39	0	0	0.42
10700	0.42	0.39	0.39	0	0	0.42
10800	0.42	0.37	0.37	0	0	0.42
10900	0.42	0.37	0.37	0	0	0.42
11000	0.42	0.37	0.37	0	0	0.42
11100	0.42	0.37	0.37	0	0	0.42
11200	0.42	0.37	0.37	0	0	0.42
11300	0.42	0.38	0.38	0	0	0.42
11400	0.41	0.38	0.38	0	0	0.41
11500	0.41	0.38	0.38	0	0	0.41
11600	0.41	0.38	0.38	0	0	0.41
11700	0.41	0.39	0.39	0	0	0.41
11800	0.41	0.39	0.39	0	0	0.41
11900	0.41	0.4	0.4	0	0	0.41
12000	0.41	0.4	0.4	0	0	0.41
12100	0.41	0.4	0.4	0	0	0.41
12200	0.41	0.4	0.4	0	0	0.41
12300	0.42	0.41	0.41	0	0	0.42
12400	0.42	0.41	0.41	0	0	0.42
12500	0.42	0.42	0.42	0	0	0.42
12600	0.43	0.43	0.43	0	0	0.43
12700	0.42	0.43	0.43	0	0	0.42
12800	0.41	0.42	0.42	0	0	0.41
12900	0.41	0.42	0.42	0	0	0.41
13000	0.41	0.42	0.42	0	0	0.41
13100	0.41	0.42	0.42	0	0	0.41
13200	0.41	0.42	0.42	0	0	0.41
13300	0.42	0.42	0.42	0	0	0.42
13400	0.42	0.41	0.41	0	0	0.42
13500	0.42	0.42	0.42	0	0	0.42
13600	0.41	0.42	0.42	0	0	0.41
13700	0.41	0.42	0.42	0	0	0.41
13800	0.41	0.43	0.43	0	0	0.41
13900	0.41	0.43	0.43	0	0	0.41
14000	0.41	0.44	0.44	0	0	0.41
14100	0.42	0.44	0.44	0	0	0.42
14200	0.42	0.43	0.43	0	0	0.42
14300	0.42	0.43	0.43	0	0	0.42
14400	0.42	0.43	0.43	0	0	0.42
14500	0.42	0.42	0.42	0	0	0.42
14600	0.44	0.42	0.42	0	0	0.44
14700	0.44	0.42	0.42	0	0	0.44
14800	0.44	0.42	0.42	0	0	0.44
14900	0.44	0.42	0.42	0	0	0.44
15000	0.44	0.42	0.42	0	0	0.44
15100	0.44	0.42	0.42	0	0	0.44
15200	0.44	0.42	0.42	0	0	0.44
15300	0.43	0.42	0.42	0	0	0.43
15400	0.44	0.42	0.42	0	0	0.44
15500	0.44	0.42	0.42	0	0	0.44
15600	0.44	0.42	0.42	0	0	0.44
15700	0.44	0.42	0.42	0	0	0.44
15800	0.45	0.42	0.42	0	0	0.45
15900	0.45	0.42	0.42	0	0	0.45
16000	0.45	0.42	0.42	0	0	0.45
16100	0.45	0.42	0.42	0	0	0.45
16200	0.45	0.42	0.42	0	0	0.45
16300	0.43	0.42	0.42	0	0	0.43
16400	0.44	0.42	0.42	0	0	0.44
16500	0.44	0.42	0.42	0	0	0.44
16600	0.44	0.42	0.42	0	0	0.44
16700	0.44	0.42	0.42	0	0	0.44
16800	0.43	0.42	0.42	0	0	0.43
16900	0.42	0.42	0.42	0	0	0.42
17000	0.41	0.42	0.42	0	0	0.41
17100	0.39	0.42	0.42	0	0	0.39
17200	0.39	0.41	0.41	0	0	0.39
17300	0.39	0.41	0.41	0	0	0.39
17400	0.39	0.41	0.41	0	0	0.39
17500	0.39	0.42	0.42	0	0	0.39
17600	0.39	0.42	0.42	0	0	0.39
17700	0.39	0.42	0.42	0	0	0.39
17800	0.4	0.42	0.42	0	0	0.4
17900	0.4	0.41	0.41	0	0	0.4
18000	0.4	0.41	0.41	0	0	0.4
18100	0.4	0.41	0.41	0	0	0.4
18200	0.4	0.42	0.42	0	0	0.4
18300	0.4	0.43	0.43	0	0	0.4
18400	0.39	0.43	0.43	0	0	0.39
18500	0.39	0.43	0.43	0	0	0.39
18600	0.39	0.43	0.43	0	0	0.39
18700	0.39	0.42	0.42	0	0	0.39
18800	0.39	0.42	0.42	0	0	0.39
18900	0.39	0.42	0.42	0	0	0.39
19000	0.39	0.42	0.42	0	0	0.39
19100	0.39	0.42	0.42	0	0	0.39
19200	0.39	0.41	0.41	0	0	0.39
19300	0.39	0.41	0.41	0	0	0.39
19400	0.39	0.41	0.41	0	0	0.39
19500	0.41	0.41	0.41	0	0	0.41
19600	0.41	0.41	0.41	0	0	0.41
19700	0.41	0.4	0.4	0	0	0.41
19800	0.41	0.4	0.4	0	0	0.41
19900	0.42	0.4	0.4	0	0	0.42
20000	0.43	0.4	0.4	0	0	0.43
20100	0.43	0.4	0.4	0	0	0.43
20200	0.44	0.4	0.4	0	0	0.44
20300	0.44	0.4	0.4	0	0	0.44
20400	0.44	0.4	0.4	0	0	0.44
20500	0.44	0.4	0.4	0	0	0.44
20600	0.44	0.4	0.4	0	0	0.44
20700	0.44	0.4	0.4	0	0	0.44
20800	0.45	0.4	0.4	0	0	0.45
20900	0.45	0.4	0.4	0	0	0.45
21000	0.44	0.39	0.39	0	0	0.44
21100	0.44	0.4	0.4	0	0	0.44
21200	0.44	0.4	0.4	0	0	0.44
21300	0.44	0.42	0.42	0	0	0.44
21400	0.44	0.42	0.42	0	0	0.44
21500	0.44	0.42	0.42	0	0	0.44
21600	0.44	0.43	0.43	0	0	0.44
21700	0.44	0.43	0.43	0	0	0.44
21800	0.44	0.42	0.42	0	0	0.44
21900	0.44	0.42	0.42	0	0	0.44
22000	0.44	0.42	0.42	0	0	0.44
22100	0.44	0.42	0.42	0	0	0.44
22200	0.44	0.42	0.42	0	0	0.44
22300	0.43	0.42	0.42	0	0	0.43
22400	0.43	0.42	0.42	0	0	0.43
22500	0.43	0.42	0.42	0	0	0.43
22600	0.43	0.42	0.42	0	0	0.43
22700	0.43	0.42	0.42	0	0	0.43
22800	0.43	0.42	0.42	0	0	0.43
22900	0.43	0.42	0.42	0	0	0.43
23000	0.43	0.42	0.42	0	0	0.43
23100	0.43	0.42	0.42	0	0	0.43
23200	0.43	0.42	0.42	0	0	0.43
23300	0.43	0.42	0.42	0	0	0.43
23400	0.43	0.42	0.42	0	0	0.43
23500	0.44	0.42	0.42	0	0	0.44
23600	0.44	0.42	0.42	0	0	0.44
23700	0.44	0.42	0.42	0	0	0.44
23800	0.44	0.42	0.42	0	0	0.44
23900	0.44	0.43	0.43	0	0	0.44
24000	0.46	0.44	0.44	0	0	0.46
24100	0.45	0.44	0.44	0	0	0.45
24200	0.45	0.44	0.44	0	0	0.45
24300	0.44	0.44	0.44	0	0	0.44
24400	0.44	0.44	0.44	0	0	0.44
24500	0.44	0.44	0.44	0	0	0.44
24600	0.44	0.44	0.44	0	0	0.44
24700	0.44	0.44	0.44	0	0	0.44
24800	0.44	0.44	0.44	0	0	0.44
24900	0.44	0.45	0.45	0	0	0.44
25000	0.44	0.45	0.45	0	0	0.44
25100	0.44	0.45	0.45	0	0	0.44
25200	0.44	0.45	0.45	0	0	0.44
25300	0.44	0.46	0.46	0	0	0.44
25400	0.44	0.45	0.45	0	0	0.44
25500	0.44	0.45	0.45	0	0	0.44
25600	0.44	0.45	0.45	0	0	0.44
25700	0.44	0.45	0.45	0	0	0.44
25800	0.44	0.45	0.45	0	0	0.44
25900	0.43	0.45	0.45	0	0	0.43
26000	0.43	0.44	0.44	0	0	0.43
26100	0.43	0.44	0.44	0	0	0.43
26200	0.43	0.45	0.45	0	0	0.43
26300	0.43	0.45	0.45	0	0	0.43
26400	0.44	0.45	0.45	0	0	0.44
26500	0.44	0.45	0.45	0	0	0.44
26600	0.44	0.45	0.45	0	0	0.44
26700	0.44	0.45	0.45	0	0	0.44
26800	0.44	0.45	0.45	0	0	0.44
26900	0.44	0.45	0.45	0	0	0.44
27000	0.43	0.45	0.45	0	0	0.43
27100	0.43	0.45	0.45	0	0	0.43
27200	0.43	0.45	0.45	0	0	0.43
27300	0.43	0.45	0.45	0	0	0.43
27400	0.43	0.45	0.45	0	0	0.43
27500	0.43	0.45	0.45	0	0	0.43
27600	0.44	0.45	0.45	0	0	0.44
27700	0.44	0.45	0.45	0	0	0.44
27800	0.44	0.45	0.45	0	0	0.44
27900	0.44	0.45	0.45	0	0	0.44
28000	0.44	0.45	0.45	0	0	0.44
28100	0.44	0.45	0.45	0	0	0.44
28200	0.43	0.45	0.45	0	0	0.43
28300	0.43	0.45	0.45	0	0	0.43
28400	0.43	0.44	0.44	0	0	0.43
28500	0.43	0.43	0.43	0	0	0.43
28600	0.43	0.43	0.43	0	0	0.43
28700	0.43	0.45	0.45	0	0	0.43
28800	0.43	0.45	0.45	0	0	0.43
28900	0.43	0.45	0.45	0	0	0.43
29000	0.43	0.45	0.45	0	0	0.43
29100	0.43	0.45	0.45	0	0	0.43
29200	0.43	0.45	0.45	0	0	0.43
29300	0.43	0.45	0.45	0	0	0.43
29400	0.43	0.45	0.45	0	0	0.43
29500	0.43	0.45	0.45	0	0	0.43
29600	0.43	0.45	0.45	0	0	0.43
29700	0.44	0.45	0.45	0	0	0.44
29800	0.43	0.46	0.46	0	0	0.43
29900	0.44	0.46	0.46	0	0	0.44
30000	0.44	0.46	0.46	0	0	0.44
30100	0.44	0.46	0.46	0	0	0.44
30200	0.44	0.46	0.46	0	0	0.44
30300	0.44	0.46	0.46	0	0	0.44
30400	0.44	0.46	0.46	0	0	0.44
30500	0.44	0.46	0.46	0	0	0.44
30600	0.44	0.45	0.45	0	0	0.44
30700	0.44	0.44	0.44	0	0	0.44
30800	0.44	0.44	0.44	0	0	0.44
30900	0.44	0.44	0.44	0	0	0.44
31000	0.45	0.43	0.43	0	0	0.45
31100	0.45	0.43	0.43	0	0	0.45
31200	0.45	0.43	0.43	0	0	0.45
31300	0.44	0.42	0.42	0	0	0.44
31400	0.44	0.42	0.42	0	0	0.44
31500	0.44	0.42	0.42	0	0	0.44
31600	0.44	0.42	0.42	0	0	0.44
31700	0.44	0.42	0.42	0	0	0.44
31800	0.44	0.42	0.42	0	0	0.44
31900	0.44	0.42	0.42	0	0	0.44
32000	0.44	0.43	0.43	0	0	0.44
32100	0.44	0.43	0.43	0	0	0.44
32200	0.44	0.43	0.43	0	0	0.44
32300	0.44	0.43	0.43	0	0	0.44
32400	0.44	0.44	0.44	0	0	0.44
32500	0.44	0.43	0.43	0	0	0.44
32600	0.44	0.44	0.44	0	0	0.44
32700	0.45	0.44	0.44	0	0	0.45
32800	0.45	0.44	0.44	0	0	0.45
32900	0.45	0.45	0.45	0	0	0.45
33000	0.45	0.45	0.45	0	0	0.45
33100	0.45	0.45	0.45	0	0	0.45
33200	0.45	0.45	0.45	0	0	0.45
33300	0.45	0.45	0.45	0	0	0.45
33400	0.45	0.45	0.45	0	0	0.45
33500	0.45	0.45	0.45	0	0	0.45
33600	0.45	0.45	0.45	0	0	0.45
33700	0.45	0.45	0.45	0	0	0.45
33800	0.45	0.45	0.45	0	0	0.45
33900	0.45	0.45	0.45	0	0	0.45
34000	0.45	0.46	0.46	0	0	0.45
34100	0.45	0.46	0.46	0	0	0.45
34200	0.46	0.46	0.46	0	0	0.46
34300	0.46	0.46	0.46	0	0	0.46
34400	0.46	0.46	0.46	0	0	0.46
34500	0.46	0.46	0.46	0	0	0.46
34600	0.46	0.46	0.46	0	0	0.46
34700	0.46	0.46	0.46	0	0	0.46
34800	0.46	0.46	0.46	0	0	0.46
34900	0.46	0.46	0.46	0	0	0.46
35000	0.46	0.46	0.46	0	0	0.46
35100	0.46	0.46	0.46	0	0	0.46
35200	0.45	0.46	0.46	0	0	0.45
35300	0.45	0.46	0.46	0	0	0.45
35400	0.45	0.46	0.46	0	0	0.45
35500	0.45	0.46	0.46	0	0	0.45
35600	0.45	0.46	0.46	0	0	0.45
35700	0.45	0.46	0.46	0	0	0.45
35800	0.45	0.46	0.46	0	0	0.45
35900	0.45	0.46	0.46	0	0	0.45
36000	0.45	0.46	0.46	0	0	0.45
36100	0.45	0.46	0.46	0	0	0.45
36200	0.45	0.46	0.46	0	0	0.45
36300	0.44	0.45	0.45	0	0	0.44
36400	0.44	0.44	0.44	0	0	0.44
36500	0.44	0.44	0.44	0	0	0.44
36600	0.44	0.44	0.44	0	0	0.44
36700	0.44	0.44	0.44	0	0	0.44
36800	0.44	0.43	0.43	0	0	0.44
36900	0.44	0.44	0.44	0	0	0.44
37000	0.44	0.43	0.43	0	0	0.44
37100	0.44	0.43	0.43	0	0	0.44
37200	0.45	0.43	0.43	0	0	0.45
37300	0.45	0.43	0.43	0	0	0.45
37400	0.45	0.43	0.43	0	0	0.45
37500	0.44	0.43	0.43	0	0	0.44
37600	0.44	0.43	0.43	0	0	0.44
37700	0.43	0.43	0.43	0	0	0.43
37800	0.43	0.42	0.42	0	0	0.43
37900	0.43	0.42	0.42	0	0	0.43
38000	0.43	0.42	0.42	0	0	0.43
38100	0.43	0.42	0.42	0	0	0.43
38200	0.43	0.42	0.42	0	0	0.43
38300	0.43	0.42	0.42	0	0	0.43
38400	0.43	0.42	0.42	0	0	0.43
38500	0.43	0.42	0.42	0	0	0.43
38600	0.43	0.42	0.42	0	0	0.43
38700	0.43	0.42	0.42	0	0	0.43
38800	0.44	0.42	0.42	0	0	0.44
38900	0.44	0.42	0.42	0	0	0.44
39000	0.44	0.42	0.42	0	0	0.44
39100	0.44	0.44	0.44	0	0	0.44
39200	0.44	0.44	0.44	0	0	0.44
39300	0.44	0.44	0.44	0	0	0.44
39400	0.44	0.45	0.45	0	0	0.44
39500	0.44	0.45	0.45	0	0	0.44
39600	0.44	0.45	0.45	0	0	0.44
39700	0.44	0.45	0.45	0	0	0.44
39800	0.44	0.45	0.45	0	0	0.44
39900	0.45	0.45	0.45	0	0	0.45
40000	0.46	0.44	0.44	0	0	0.46
40100	0.46	0.44	0.44	0	0	0.46
40200	0.46	0.45	0.45	0	0	0.46
40300	0.46	0.45	0.45	0	0	0.46
40400	0.46	0.45	0.45	0	0	0.46
40500	0.46	0.45	0.45	0	0	0.46
40600	0.46	0.44	0.44	0	0	0.46
40700	0.47	0.44	0.44	0	0	0.47
40800	0.46	0.44	0.44	0	0	0.46
40900	0.46	0.43	0.43	0	0	0.46
41000	0.47	0.43	0.43	0	0	0.47
41100	0.47	0.43	0.43	0	0	0.47
41200	0.47	0.43	0.43	0	0	0.47
41300	0.47	0.43	0.43	0	0	0.47
41400	0.47	0.43	0.43	0	0	0.47
41500	0.47	0.42	0.42	0	0	0.47
41600	0.47	0.42	0.42	0	0	0.47
41700	0.47	0.42	0.42	0	0	0.47
41800	0.47	0.42	0.42	0	0	0.47
41900	0.47	0.42	0.42	0	0	0.47
42000	0.47	0.42	0.42	0	0	0.47
42100	0.48	0.42	0.42	0	0	0.48
42200	0.48	0.42	0.42	0	0	0.48
42300	0.48	0.43	0.43	0	0	0.48
42400	0.48	0.43	0.43	0	0	0.48
42500	0.48	0.43	0.43	0	0	0.48
42600	0.49	0.43	0.43	0	0	0.49
42700	0.49	0.43	0.43	0	0	0.49
42800	0.49	0.43	0.43	0	0	0.49
42900	0.49	0.44	0.44	0	0	0.49
43000	0.49	0.44	0.44	0	0	0.49
43100	0.49	0.44	0.44	0	0	0.49
43200	0.49	0.43	0.43	0	0	0.49
43300	0.49	0.43	0.43	0	0	0.49
43400	0.49	0.42	0.42	0	0	0.49
43500	0.49	0.42	0.42	0	0	0.49
43600	0.49	0.42	0.42	0	0	0.49
43700	0.49	0.42	0.42	0	0	0.49
43800	0.49	0.42	0.42	0	0	0.49
43900	0.49	0.42	0.42	0	0	0.49
44000	0.49	0.43	0.43	0	0	0.49
44100	0.49	0.43	0.43	0	0	0.49
44200	0.49	0.44	0.44	0	0	0.49
44300	0.49	0.44	0.44	0	0	0.49
44400	0.49	0.44	0.44	0	0	0.49
44500	0.49	0.44	0.44	0	0	0.49
44600	0.49	0.44	0.44	0	0	0.49
44700	0.49	0.44	0.44	0	0	0.49
44800	0.49	0.45	0.45	0	0	0.49
44900	0.49	0.45	0.45	0	0	0.49
45000	0.49	0.45	0.45	0	0	0.49
45100	0.49	0.45	0.45	0	0	0.49
45200	0.49	0.45	0.45	0	0	0.49
45300	0.49	0.45	0.45	0	0	0.49
45400	0.49	0.45	0.45	0	0	0.49
45500	0.49	0.45	0.45	0	0	0.49
45600	0.49	0.45	0.45	0	0	0.49
45700	0.49	0.44	0.44	0	0	0.49
45800	0.49	0.44	0.44	0	0	0.49
45900	0.49	0.44	0.44	0	0	0.49
46000	0.49	0.44	0.44	0	0	0.49
46100	0.49	0.44	0.44	0	0	0.49
46200	0.49	0.44	0.44	0	0	0.49
46300	0.49	0.44	0.44	0	0	0.49
46400	0.49	0.44	0.44	0	0	0.49
46500	0.49	0.44	0.44	0	0	0.49
46600	0.48	0.44	0.44	0	0	0.48
46700	0.48	0.44	0.44	0	0	0.48
46800	0.48	0.44	0.44	0	0	0.48
46900	0.48	0.44	0.44	0	0	0.48
47000	0.48	0.44	0.44	0	0	0.48
47100	0.49	0.45	0.45	0	0	0.49
47200	0.49	0.45	0.45	0	0	0.49
47300	0.49	0.45	0.45	0	0	0.49
47400	0.49	0.45	0.45	0	0	0.49
47500	0.49	0.45	0.45	0	0	0.49
47600	0.49	0.45	0.45	0	0	0.49
47700	0.49	0.45	0.45	0	0	0.49
47800	0.49	0.45	0.45	0	0	0.49
47900	0.49	0.44	0.44	0	0	0.49
48000	0.49	0.44	0.44	0	0	0.49
48100	0.49	0.44	0.44	0	0	0.49
48200	0.48	0.44	0.44	0	0	0.48
48300	0.48	0.44	0.44	0	0	0.48
48400	0.48	0.44	0.44	0	0	0.48
48500	0.48	0.44	0.44	0	0	0.48
48600	0.49	0.45	0.45	0	0	0.49
48700	0.49	0.45	0.45	0	0	0.49
48800	0.49	0.44	0.44	0	0	0.49
48900	0.49	0.44	0.44	0	0	0.49
49000	0.49	0.44	0.44	0	0	0.49
49100	0.49	0.44	0.44	0	0	0.49
49200	0.49	0.44	0.44	0	0	0.49
49300	0.49	0.44	0.44	0	0	0.49
49400	0.49	0.44	0.44	0	0	0.49
49500	0.49	0.44	0.44	0	0	0.49
49600	0.49	0.44	0.44	0	0	0.49
49700	0.49	0.44	0.44	0	0	0.49
49800	0.49	0.44	0.44	0	0	0.49
49900	0.48	0.44	0.44	0	0	0.48
50000	0.48	0.44	0.44	0	0	0.48
50100	0.48	0.44	0.44	0	0	0.48
50200	0.48	0.44	0.44	0	0	0.48
50300	0.48	0.44	0.44	0	0	0.48
50400	0.48	0.44	0.44	0	0	0.48
50500	0.48	0.44	0.44	0	0	0.48
50600	0.48	0.44	0.44	0	0	0.48
50700	0.48	0.45	0.45	0	0	0.48
50800	0.48	0.45	0.45	0	0	0.48
50900	0.48	0.45	0.45	0	0	0.48
51000	0.48	0.45	0.45	0	0	0.48
51100	0.48	0.45	0.45	0	0	0.48
51200	0.48	0.45	0.45	0	0	0.48
51300	0.48	0.45	0.45	0	0	0.48
51400	0.48	0.45	0.45	0	0	0.48
51500	0.48	0.45	0.45	0	0	0.48
51600	0.48	0.45	0.45	0	0	0.48
51700	0.48	0.45	0.45	0	0	0.48
51800	0.48	0.45	0.45	0	0	0.48
51900	0.48	0.45	0.45	0	0	0.48
52000	0.48	0.45	0.45	0	0	0.48
52100	0.48	0.44	0.44	0	0	0.48
52200	0.48	0.44	0.44	0	0	0.48
52300	0.48	0.44	0.44	0	0	0.48
52400	0.48	0.44	0.44	0	0	0.48
52500	0.48	0.44	0.44	0	0	0.48
52600	0.48	0.44	0.44	0	0	0.48
52700	0.49	0.44	0.44	0	0	0.49
52800	0.49	0.44	0.44	0	0	0.49
52900	0.49	0.44	0.44	0	0	0.49
53000	0.49	0.44	0.44	0	0	0.49
53100	0.49	0.44	0.44	0	0	0.49
53200	0.49	0.44	0.44	0	0	0.49
53300	0.48	0.44	0.44	0	0	0.48
53400	0.48	0.44	0.44	0	0	0.48
53500	0.48	0.44	0.44	0	0	0.48
53600	0.48	0.44	0.44	0	0	0.48
53700	0.48	0.44	0.44	0	0	0.48
53800	0.48	0.44	0.44	0	0	0.48
53900	0.48	0.44	0.44	0	0	0.48
54000	0.48	0.44	0.44	0	0	0.48
54100	0.48	0.44	0.44	0	0	0.48
54200	0.48	0.44	0.44	0	0	0.48
54300	0.48	0.44	0.44	0	0	0.48
54400	0.48	0.44	0.44	0	0	0.48
54500	0.48	0.44	0.44	0	0	0.48
54600	0.48	0.44	0.44	0	0	0.48
54700	0.48	0.44	0.44	0	0	0.48
54800	0.48	0.44	0.44	0	0	0.48
54900	0.48	0.44	0.44	0	0	0.48
55000	0.48	0.44	0.44	0	0	0.48
55100	0.48	0.44	0.44	0	0	0.48
55200	0.48	0.45	0.45	0	0	0.48
55300	0.48	0.45	0.45	0	0	0.48
55400	0.48	0.45	0.45	0	0	0.48
55500	0.48	0.45	0.45	0	0	0.48
55600	0.47	0.45	0.45	0	0	0.47
55700	0.47	0.45	0.45	0	0	0.47
55800	0.47	0.45	0.45	0	0	0.47
55900	0.47	0.45	0.45	0	0	0.47
56000	0.47	0.45	0.45	0	0	0.47
56100	0.47	0.45	0.45	0	0	0.47
56200	0.47	0.45	0.45	0	0	0.47
56300	0.46	0.45	0.45	0	0	0.46
56400	0.46	0.45	0.45	0	0	0.46
56500	0.46	0.44	0.44	0	0	0.46
56600	0.46	0.44	0.44	0	0	0.46
56700	0.46	0.44	0.44	0	0	0.46
56800	0.46	0.44	0.44	0	0	0.46
56900	0.47	0.44	0.44	0	0	0.47
57000	0.47	0.44	0.44	0	0	0.47
57100	0.47	0.44	0.44	0	0	0.47
57200	0.47	0.44	0.44	0	0	0.47
57300	0.47	0.44	0.44	0	0	0.47
57400	0.47	0.44	0.44	0	0	0.47
57500	0.47	0.44	0.44	0	0	0.47
57600	0.47	0.44	0.44	0	0	0.47
57700	0.47	0.44	0.44	0	0	0.47
57800	0.47	0.44	0.44	0	0	0.47
57900	0.47	0.44	0.44	0	0	0.47
58000	0.47	0.44	0.44	0	0	0.47
58100	0.47	0.44	0.44	0	0	0.47
58200	0.47	0.44	0.44	0	0	0.47
58300	0.47	0.44	0.44	0	0	0.47
58400	0.47	0.44	0.44	0	0	0.47
58500	0.47	0.44	0.44	0	0	0.47
58600	0.47	0.44	0.44	0	0	0.47
58700	0.47	0.44	0.44	0	0	0.47
58800	0.47	0.44	0.44	0	0	0.47
58900	0.47	0.44	0.44	0	0	0.47
59000	0.47	0.44	0.44	0	0	0.47
59100	0.47	0.44	0.44	0	0	0.47
59200	0.47	0.44	0.44	0	0	0.47
59300	0.47	0.44	0.44	0	0	0.47
59400	0.47	0.45	0.45	0	0	0.47
59500	0.47	0.45	0.45	0	0	0.47
59600	0.47	0.44	0.44	0	0	0.47
59700	0.47	0.44	0.44	0	0	0.47
59800	0.47	0.45	0.45	0	0	0.47
59900	0.47	0.45	0.45	0	0	0.47
60000	0.47	0.45	0.45	0	0	0.47
60100	0.47	0.45	0.45	0	0	0.47
60200	0.47	0.45	0.45	0	0	0.47
60300	0.47	0.44	0.44	0	0	0.47
60400	0.47	0.45	0.45	0	0	0.47
60500	0.47	0.45	0.45	0	0	0.47
60600	0.47	0.46	0.46	0	0	0.47
60700	0.47	0.46	0.46	0	0	0.47
60800	0.47	0.46	0.46	0	0	0.47
60900	0.47	0.46	0.46	0	0	0.47
61000	0.47	0.46	0.46	0	0	0.47
61100	0.47	0.46	0.46	0	0	0.47
61200	0.47	0.46	0.46	0	0	0.47
61300	0.47	0.46	0.46	0	0	0.47
61400	0.47	0.45	0.45	0	0	0.47
61500	0.47	0.46	0.46	0	0	0.47
61600	0.47	0.46	0.46	0	0	0.47
61700	0.48	0.46	0.46	0	0	0.48
61800	0.48	0.46	0.46	0	0	0.48
61900	0.48	0.46	0.46	0	0	0.48
62000	0.48	0.46	0.46	0	0	0.48
62100	0.49	0.46	0.46	0	0	0.49
62200	0.49	0.46	0.46	0	0	0.49
62300	0.49	0.46	0.46	0	0	0.49
62400	0.49	0.46	0.46	0	0	0.49
62500	0.49	0.46	0.46	0	0	0.49
62600	0.48	0.46	0.46	0	0	0.48
62700	0.48	0.46	0.46	0	0	0.48
62800	0.48	0.46	0.46	0	0	0.48
62900	0.48	0.46	0.46	0	0	0.48
63000	0.48	0.46	0.46	0	0	0.48
63100	0.48	0.46	0.46	0	0	0.48
63200	0.48	0.46	0.46	0	0	0.48
63300	0.48	0.46	0.46	0	0	0.48
63400	0.48	0.46	0.46	0	0	0.48
63500	0.49	0.46	0.46	0	0	0.49
63600	0.49	0.46	0.46	0	0	0.49
63700	0.49	0.46	0.46	0	0	0.49
63800	0.48	0.46	0.46	0	0	0.48
63900	0.48	0.46	0.46	0	0	0.48
64000	0.49	0.46	0.46	0	0	0.49
64100	0.49	0.46	0.46	0	0	0.49
64200	0.49	0.46	0.46	0	0	0.49
64300	0.49	0.46	0.46	0	0	0.49
64400	0.49	0.46	0.46	0	0	0.49
64500	0.49	0.47	0.47	0	0	0.49
64600	0.49	0.47	0.47	0	0	0.49
64700	0.49	0.47	0.47	0	0	0.49
64800	0.49	0.47	0.47	0	0	0.49
64900	0.49	0.47	0.47	0	0	0.49
65000	0.49	0.47	0.47	0	0	0.49
65100	0.49	0.47	0.47	0	0	0.49
65200	0.49	0.47	0.47	0	0	0.49
65300	0.49	0.47	0.47	0	0	0.49
65400	0.5	0.47	0.47	0	0	0.5
65500	0.48	0.47	0.47	0	0	0.48
65600	0.49	0.47	0.47	0	0	0.49
65700	0.49	0.46	0.46	0	0	0.49
65800	0.49	0.46	0.46	0	0	0.49
65900	0.49	0.46	0.46	0	0	0.49
66000	0.49	0.46	0.46	0	0	0.49
66100	0.49	0.46	0.46	0	0	0.49
66200	0.49	0.46	0.46	0	0	0.49
66300	0.49	0.46	0.46	0	0	0.49
66400	0.49	0.46	0.46	0	0	0.49
66500	0.49	0.46	0.46	0	0	0.49
66600	0.49	0.46	0.46	0	0	0.49
66700	0.49	0.46	0.46	0	0	0.49
66800	0.49	0.46	0.46	0	0	0.49
66900	0.49	0.46	0.46	0	0	0.49
67000	0.49	0.46	0.46	0	0	0.49
67100	0.49	0.46	0.46	0	0	0.49
67200	0.49	0.46	0.46	0	0	0.49
67300	0.49	0.46	0.46	0	0	0.49
67400	0.49	0.46	0.46	0	0	0.49
67500	0.49	0.46	0.46	0	0	0.49
67600	0.49	0.46	0.46	0	0	0.49
67700	0.48	0.45	0.45	0	0	0.48
67800	0.48	0.45	0.45	0	0	0.48
67900	0.48	0.45	0.45	0	0	0.48
68000	0.48	0.45	0.45	0	0	0.48
68100	0.48	0.45	0.45	0	0	0.48
68200	0.48	0.45	0.45	0	0	0.48
68300	0.48	0.45	0.45	0	0	0.48
68400	0.47	0.45	0.45	0	0	0.47
68500	0.47	0.45	0.45	0	0	0.47
68600	0.47	0.45	0.45	0	0	0.47
68700	0.47	0.44	0.44	0	0	0.47
68800	0.47	0.44	0.44	0	0	0.47
68900	0.48	0.44	0.44	0	0	0.48
69000	0.48	0.44	0.44	0	0	0.48
69100	0.47	0.44	0.44	0	0	0.47
69200	0.47	0.43	0.43	0	0	0.47
69300	0.47	0.43	0.43	0	0	0.47
69400	0.47	0.43	0.43	0	0	0.47
69500	0.47	0.44	0.44	0	0	0.47
69600	0.47	0.44	0.44	0	0	0.47
69700	0.47	0.44	0.44	0	0	0.47
69800	0.47	0.44	0.44	0	0	0.47
69900	0.47	0.44	0.44	0	0	0.47
70000	0.47	0.44	0.44	0	0	0.47
70100	0.47	0.44	0.44	0	0	0.47
70200	0.47	0.44	0.44	0	0	0.47
70300	0.47	0.44	0.44	0	0	0.47
70400	0.47	0.44	0.44	0	0	0.47
70500	0.47	0.44	0.44	0	0	0.47
70600	0.47	0.44	0.44	0	0	0.47
70700	0.47	0.45	0.45	0	0	0.47
70800	0.48	0.45	0.45	0	0	0.48
70900	0.48	0.45	0.45	0	0	0.48
71000	0.48	0.45	0.45	0	0	0.48
71100	0.48	0.45	0.45	0	0	0.48
71200	0.48	0.46	0.46	0	0	0.48
71300	0.48	0.46	0.46	0	0	0.48
71400	0.48	0.46	0.46	0	0	0.48
71500	0.48	0.46	0.46	0	0	0.48
71600	0.48	0.46	0.46	0	0	0.48
71700	0.48	0.46	0.46	0	0	0.48
71800	0.48	0.46	0.46	0	0	0.48
71900	0.48	0.46	0.46	0	0	0.48
72000	0.48	0.46	0.46	0	0	0.48
72100	0.48	0.46	0.46	0	0	0.48
72200	0.48	0.46	0.46	0	0	0.48
72300	0.48	0.46	0.46	0	0	0.48
72400	0.48	0.46	0.46	0	0	0.48
72500	0.48	0.46	0.46	0	0	0.48
72600	0.48	0.46	0.46	0	0	0.48
72700	0.48	0.46	0.46	0	0	0.48
72800	0.49	0.46	0.46	0	0	0.49
72900	0.49	0.45	0.45	0	0	0.49
73000	0.49	0.45	0.45	0	0	0.49
73100	0.49	0.45	0.45	0	0	0.49
73200	0.49	0.45	0.45	0	0	0.49
73300	0.49	0.45	0.45	0	0	0.49
73400	0.49	0.45	0.45	0	0	0.49
73500	0.5	0.45	0.45	0	0	0.5
73600	0.5	0.45	0.45	0	0	0.5
73700	0.5	0.45	0.45	0	0	0.5
73800	0.5	0.45	0.45	0	0	0.5
73900	0.5	0.45	0.45	0	0	0.5
74000	0.5	0.45	0.45	0	0	0.5
74100	0.49	0.45	0.45	0	0	0.49
74200	0.49	0.46	0.46	0	0	0.49
74300	0.49	0.46	0.46	0	0	0.49
74400	0.49	0.46	0.46	0	0	0.49
74500	0.49	0.46	0.46	0	0	0.49
74600	0.49	0.46	0.46	0	0	0.49
74700	0.49	0.46	0.46	0	0	0.49
74800	0.49	0.46	0.46	0	0	0.49
74900	0.49	0.46	0.46	0	0	0.49
75000	0.49	0.46	0.46	0	0	0.49
75100	0.49	0.46	0.46	0	0	0.49
75200	0.49	0.46	0.46	0	0	0.49
75300	0.49	0.46	0.46	0	0	0.49
75400	0.49	0.46	0.46	0	0	0.49
75500	0.49	0.46	0.46	0	0	0.49
75600	0.49	0.46	0.46	0	0	0.49
75700	0.49	0.46	0.46	0	0	0.49
75800	0.49	0.46	0.46	0	0	0.49
75900	0.49	0.46	0.46	0	0	0.49
76000	0.49	0.46	0.46	0	0	0.49
76100	0.49	0.46	0.46	0	0	0.49
76200	0.49	0.46	0.46	0	0	0.49
76300	0.49	0.46	0.46	0	0	0.49
76400	0.49	0.46	0.46	0	0	0.49
76500	0.49	0.46	0.46	0	0	0.49
76600	0.49	0.46	0.46	0	0	0.49
76700	0.49	0.46	0.46	0	0	0.49
76800	0.49	0.46	0.46	0	0	0.49
76900	0.49	0.46	0.46	0	0	0.49
77000	0.49	0.46	0.46	0	0	0.49
77100	0.49	0.46	0.46	0	0	0.49
77200	0.49	0.46	0.46	0	0	0.49
77300	0.49	0.46	0.46	0	0	0.49
77400	0.49	0.46	0.46	0	0	0.49
77500	0.49	0.46	0.46	0	0	0.49
77600	0.49	0.47	0.47	0	0	0.49
77700	0.49	0.46	0.46	0	0	0.49
77800	0.49	0.46	0.46	0	0	0.49
77900	0.49	0.46	0.46	0	0	0.49
78000	0.49	0.46	0.46	0	0	0.49
78100	0.49	0.46	0.46	0	0	0.49
78200	0.49	0.46	0.46	0	0	0.49
78300	0.48	0.46	0.46	0	0	0.48
78400	0.48	0.46	0.46	0	0	0.48
78500	0.48	0.46	0.46	0	0	0.48
78600	0.48	0.47	0.47	0	0	0.48
78700	0.47	0.46	0.46	0	0	0.47
78800	0.47	0.46	0.46	0	0	0.47
78900	0.47	0.46	0.46	0	0	0.47
79000	0.47	0.46	0.46	0	0	0.47
79100	0.47	0.46	0.46	0	0	0.47
79200	0.47	0.46	0.46	0	0	0.47
79300	0.47	0.46	0.46	0	0	0.47
79400	0.47	0.46	0.46	0	0	0.47
79500	0.47	0.46	0.46	0	0	0.47
79600	0.47	0.46	0.46	0	0	0.47
79700	0.47	0.46	0.46	0	0	0.47
79800	0.46	0.46	0.46	0	0	0.46
79900	0.46	0.46	0.46	0	0	0.46
80000	0.46	0.46	0.46	0	0	0.46
80100	0.46	0.46	0.46	0	0	0.46
80200	0.46	0.46	0.46	0	0	0.46
80300	0.46	0.46	0.46	0	0	0.46
80400	0.46	0.46	0.46	0	0	0.46
80500	0.46	0.46	0.46	0	0	0.46
80600	0.46	0.46	0.46	0	0	0.46
80700	0.46	0.46	0.46	0	0	0.46
80800	0.46	0.46	0.46	0	0	0.46
80900	0.46	0.46	0.46	0	0	0.46
81000	0.46	0.46	0.46	0	0	0.46
81100	0.46	0.46	0.46	0	0	0.46
81200	0.46	0.46	0.46	0	0	0.46
81300	0.46	0.46	0.46	0	0	0.46
81400	0.46	0.46	0.46	0	0	0.46
81500	0.46	0.46	0.46	0	0	0.46
81600	0.46	0.46	0.46	0	0	0.46
81700	0.46	0.46	0.46	0	0	0.46
81800	0.46	0.47	0.47	0	0	0.46
81900	0.46	0.47	0.47	0	0	0.46
82000	0.46	0.47	0.47	0	0	0.46
82100	0.46	0.47	0.47	0	0	0.46
82200	0.46	0.47	0.47	0	0	0.46
82300	0.46	0.47	0.47	0	0	0.46
82400	0.46	0.48	0.48	0	0	0.46
82500	0.46	0.48	0.48	0	0	0.46
82600	0.46	0.48	0.48	0	0	0.46
82700	0.46	0.48	0.48	0	0	0.46
82800	0.46	0.48	0.48	0	0	0.46
82900	0.46	0.48	0.48	0	0	0.46
83000	0.46	0.48	0.48	0	0	0.46
83100	0.46	0.48	0.48	0	0	0.46
83200	0.46	0.48	0.48	0	0	0.46
83300	0.47	0.48	0.48	0	0	0.47
83400	0.47	0.48	0.48	0	0	0.47
83500	0.47	0.48	0.48	0	0	0.47
83600	0.47	0.48	0.48	0	0	0.47
83700	0.47	0.48	0.48	0	0	0.47
83800	0.47	0.48	0.48	0	0	0.47
83900	0.47	0.48	0.48	0	0	0.47
84000	0.47	0.48	0.48	0	0	0.47
84100	0.47	0.48	0.48	0	0	0.47
84200	0.47	0.48	0.48	0	0	0.47
84300	0.47	0.48	0.48	0	0	0.47
84400	0.47	0.48	0.48	0	0	0.47
84500	0.46	0.48	0.48	0	0	0.46
84600	0.46	0.48	0.48	0	0	0.46
84700	0.46	0.48	0.48	0	0	0.46
84800	0.46	0.48	0.48	0	0	0.46
84900	0.46	0.48	0.48	0	0	0.46
85000	0.46	0.47	0.47	0	0	0.46
85100	0.46	0.46	0.46	0	0	0.46
85200	0.46	0.46	0.46	0	0	0.46
85300	0.46	0.46	0.46	0	0	0.46
85400	0.46	0.46	0.46	0	0	0.46
85500	0.46	0.46	0.46	0	0	0.46
85600	0.46	0.46	0.46	0	0	0.46
85700	0.46	0.46	0.46	0	0	0.46
85800	0.46	0.46	0.46	0	0	0.46
85900	0.46	0.46	0.46	0	0	0.46
86000	0.46	0.46	0.46	0	0	0.46
86100	0.46	0.46	0.46	0	0	0.46
86200	0.46	0.46	0.46	0	0	0.46
86300	0.46	0.46	0.46	0	0	0.46
86400	0.46	0.46	0.46	0	0	0.46
86500	0.46	0.46	0.46	0	0	0.46
86600	0.46	0.46	0.46	0	0	0.46
86700	0.46	0.46	0.46	0	0	0.46
86800	0.46	0.46	0.46	0	0	0.46
86900	0.46	0.46	0.46	0	0	0.46
87000	0.46	0.46	0.46	0	0	0.46
87100	0.46	0.46	0.46	0	0	0.46
87200	0.46	0.46	0.46	0	0	0.46
87300	0.46	0.46	0.46	0	0	0.46
87400	0.46	0.46	0.46	0	0	0.46
87500	0.46	0.46	0.46	0	0	0.46
87600	0.46	0.46	0.46	0	0	0.46
87700	0.47	0.46	0.46	0	0	0.47
87800	0.47	0.47	0.47	0	0	0.47
87900	0.47	0.47	0.47	0	0	0.47
88000	0.47	0.47	0.47	0	0	0.47
88100	0.47	0.47	0.47	0	0	0.47
88200	0.47	0.48	0.48	0	0	0.47
88300	0.47	0.48	0.48	0	0	0.47
88400	0.47	0.48	0.48	0	0	0.47
88500	0.47	0.48	0.48	0	0	0.47
88600	0.47	0.48	0.48	0	0	0.47
88700	0.47	0.48	0.48	0	0	0.47
88800	0.47	0.48	0.48	0	0	0.47
88900	0.47	0.48	0.48	0	0	0.47
89000	0.47	0.49	0.49	0	0	0.47
89100	0.47	0.49	0.49	0	0	0.47
89200	0.47	0.49	0.49	0	0	0.47
89300	0.47	0.49	0.49	0	0	0.47
89400	0.47	0.49	0.49	0	0	0.47
89500	0.47	0.49	0.49	0	0	0.47
89600	0.47	0.5	0.5	0	0	0.47
89700	0.47	0.5	0.5	0	0	0.47
89800	0.47	0.5	0.5	0	0	0.47
89900	0.47	0.5	0.5	0	0	0.47
90000	0.47	0.5	0.5	0	0	0.47
90100	0.47	0.5	0.5	0	0	0.47
90200	0.47	0.5	0.5	0	0	0.47
90300	0.47	0.5	0.5	0	0	0.47
90400	0.47	0.5	0.5	0	0	0.47
90500	0.47	0.5	0.5	0	0	0.47
90600	0.47	0.5	0.5	0	0	0.47
90700	0.47	0.5	0.5	0	0	0.47
90800	0.47	0.5	0.5	0	0	0.47
90900	0.47	0.5	0.5	0	0	0.47
91000	0.47	0.5	0.5	0	0	0.47
91100	0.47	0.5	0.5	0	0	0.47
91200	0.47	0.5	0.5	0	0	0.47
91300	0.48	0.5	0.5	0	0	0.48
91400	0.48	0.5	0.5	0	0	0.48
91500	0.48	0.5	0.5	0	0	0.48
91600	0.48	0.5	0.5	0	0	0.48
91700	0.48	0.51	0.51	0	0	0.48
91800	0.48	0.51	0.51	0	0	0.48
91900	0.48	0.51	0.51	0	0	0.48
92000	0.48	0.5	0.5	0	0	0.48
92100	0.48	0.5	0.5	0	0	0.48
92200	0.48	0.5	0.5	0	0	0.48
92300	0.48	0.5	0.5	0	0	0.48
92400	0.48	0.5	0.5	0	0	0.48
92500	0.48	0.5	0.5	0	0	0.48
92600	0.48	0.5	0.5	0	0	0.48
92700	0.48	0.5	0.5	0	0	0.48
92800	0.48	0.5	0.5	0	0	0.48
92900	0.48	0.5	0.5	0	0	0.48
93000	0.48	0.5	0.5	0	0	0.48
93100	0.48	0.5	0.5	0	0	0.48
93200	0.48	0.5	0.5	0	0	0.48
93300	0.48	0.5	0.5	0	0	0.48
93400	0.48	0.5	0.5	0	0	0.48
93500	0.47	0.49	0.49	0	0	0.47
93600	0.47	0.49	0.49	0	0	0.47
93700	0.47	0.49	0.49	0	0	0.47
93800	0.47	0.49	0.49	0	0	0.47
93900	0.47	0.49	0.49	0	0	0.47
94000	0.47	0.48	0.48	0	0	0.47
94100	0.47	0.48	0.48	0	0	0.47
94200	0.47	0.48	0.48	0	0	0.47
94300	0.46	0.48	0.48	0	0	0.46
94400	0.46	0.48	0.48	0	0	0.46
94500	0.46	0.48	0.48	0	0	0.46
94600	0.46	0.48	0.48	0	0	0.46
94700	0.46	0.48	0.48	0	0	0.46
94800	0.46	0.48	0.48	0	0	0.46
94900	0.46	0.48	0.48	0	0	0.46
95000	0.46	0.48	0.48	0	0	0.46
95100	0.46	0.48	0.48	0	0	0.46
95200	0.47	0.48	0.48	0	0	0.47
95300	0.47	0.48	0.48	0	0	0.47
95400	0.47	0.48	0.48	0	0	0.47
95500	0.47	0.48	0.48	0	0	0.47
95600	0.47	0.48	0.48	0	0	0.47
95700	0.47	0.48	0.48	0	0	0.47
95800	0.47	0.48	0.48	0	0	0.47
95900	0.47	0.48	0.48	0	0	0.47
96000	0.47	0.48	0.48	0	0	0.47
96100	0.47	0.48	0.48	0	0	0.47
96200	0.47	0.48	0.48	0	0	0.47
96300	0.47	0.48	0.48	0	0	0.47
96400	0.47	0.48	0.48	0	0	0.47
96500	0.47	0.48	0.48	0	0	0.47
96600	0.47	0.48	0.48	0	0	0.47
96700	0.47	0.48	0.48	0	0	0.47
96800	0.47	0.48	0.48	0	0	0.47
96900	0.47	0.48	0.48	0	0	0.47
97000	0.47	0.48	0.48	0	0	0.47
97100	0.47	0.48	0.48	0	0	0.47
97200	0.47	0.48	0.48	0	0	0.47
97300	0.47	0.48	0.48	0	0	0.47
97400	0.47	0.48	0.48	0	0	0.47
97500	0.47	0.48	0.48	0	0	0.47
97600	0.47	0.48	0.48	0	0	0.47
97700	0.47	0.48	0.48	0	0	0.47
97800	0.47	0.48	0.48	0	0	0.47
97900	0.47	0.48	0.48	0	0	0.47
98000	0.46	0.48	0.48	0	0	0.46
98100	0.46	0.48	0.48	0	0	0.46
98200	0.46	0.48	0.48	0	0	0.46
98300	0.46	0.48	0.48	0	0	0.46
98400	0.46	0.48	0.48	0	0	0.46
98500	0.46	0.48	0.48	0	0	0.46
98600	0.46	0.47	0.47	0	0	0.46
98700	0.46	0.47	0.47	0	0	0.46
98800	0.46	0.47	0.47	0	0	0.46
98900	0.46	0.47	0.47	0	0	0.46
99000	0.47	0.47	0.47	0	0	0.47
99100	0.47	0.47	0.47	0	0	0.47
99200	0.47	0.47	0.47	0	0	0.47
99300	0.47	0.47	0.47	0	0	0.47
99400	0.47	0.47	0.47	0	0	0.47
99500	0.47	0.47	0.47	0	0	0.47
99600	0.47	0.47	0.47	0	0	0.47
99700	0.47	0.48	0.48	0	0	0.47
99800	0.47	0.48	0.48	0	0	0.47
99900	0.47	0.48	0.48	0	0	0.47
100000	0.47	0.48	0.48	0	0	0.47
