100	0.14	0.07	0.07	0	0	0.14
200	0.16	0.09	0.09	0	0	0.16
300	0.18	0.1	0.1	0	0	0.18
400	0.2	0.1	0.1	0	0	0.2
500	0.22	0.12	0.12	0	0	0.22
600	0.22	0.12	0.12	0	0	0.22
700	0.23	0.13	0.13	0	0	0.23
800	0.23	0.13	0.13	0	0	0.23
900	0.23	0.14	0.14	0	0	0.23
1000	0.23	0.16	0.16	0	0	0.23
1100	0.25	0.17	0.17	0	0	0.25
1200	0.25	0.2	0.2	0	0	0.25
1300	0.26	0.21	0.21	0	0	0.26
1400	0.27	0.19	0.19	0	0	0.27
1500	0.25	0.19	0.19	0	0	0.25
1600	0.25	0.19	0.19	0	0	0.25
1700	0.25	0.2	0.2	0	0	0.25
1800	0.27	0.2	0.2	0	0	0.27
1900	0.28	0.21	0.21	0	0	0.28
2000	0.29	0.22	0.22	0	0	0.29
2100	0.31	0.24	0.24	0	0	0.31
2200	0.31	0.26	0.26	0	0	0.31
2300	0.32	0.28	0.28	0	0	0.32
2400	0.32	0.29	0.29	0	0	0.32
2500	0.33	0.29	0.29	0	0	0.33
2600	0.35	0.3	0.3	0	0	0.35
2700	0.34	0.31	0.31	0	0	0.34
2800	0.36	0.31	0.31	0	0	0.36
2900	0.36	0.32	0.32	0	0	0.36
3000	0.36	0.34	0.34	0	0	0.36
3100	0.36	0.33	0.33	0	0	0.36
3200	0.37	0.34	0.34	0	0	0.37
3300	0.37	0.35	0.35	0	0	0.37
3400	0.36	0.36	0.36	0	0	0.36
3500	0.36	0.36	0.36	0	0	0.36
3600	0.39	0.36	0.36	0	0	0.39
3700	0.39	0.37	0.37	0	0	0.39
3800	0.38	0.37	0.37	0	0	0.38
3900	0.37	0.37	0.37	0	0	0.37
4000	0.39	0.36	0.36	0	0	0.39
4100	0.39	0.35	0.35	0	0	0.39
4200	0.4	0.35	0.35	0	0	0.4
4300	0.39	0.35	0.35	0	0	0.39
4400	0.4	0.35	0.35	0	0	0.4
4500	0.4	0.35	0.35	0	0	0.4
4600	0.4	0.35	0.35	0	0	0.4
4700	0.41	0.34	0.34	0	0	0.41
4800	0.4	0.34	0.34	0	0	0.4
4900	0.41	0.34	0.34	0	0	0.41
5000	0.41	0.34	0.34	0	0	0.41
5100	0.41	0.35	0.35	0	0	0.41
5200	0.42	0.35	0.35	0	0	0.42
5300	0.42	0.35	0.35	0	0	0.42
5400	0.41	0.34	0.34	0	0	0.41
5500	0.42	0.34	0.34	0	0	0.42
5600	0.41	0.33	0.33	0	0	0.41
5700	0.4	0.34	0.34	0	0	0.4
5800	0.4	0.34	0.34	0	0	0.4
5900	0.4	0.34	0.34	0	0	0.4
6000	0.4	0.34	0.34	0	0	0.4
6100	0.4	0.35	0.35	0	0	0.4
6200	0.4	0.35	0.35	0	0	0.4
6300	0.4	0.34	0.34	0	0	0.4
6400	0.4	0.33	0.33	0	0	0.4
6500	0.4	0.32	0.32	0	0	0.4
6600	0.4	0.34	0.34	0	0	0.4
6700	0.39	0.37	0.37	0	0	0.39
6800	0.39	0.38	0.38	0	0	0.39
6900	0.39	0.38	0.38	0	0	0.39
7000	0.4	0.39	0.39	0	0	0.4
7100	0.4	0.38	0.38	0	0	0.4
7200	0.41	0.38	0.38	0	0	0.41
7300	0.41	0.37	0.37	0	0	0.41
7400	0.42	0.37	0.37	0	0	0.42
7500	0.42	0.38	0.38	0	0	0.42
7600	0.42	0.38	0.38	0	0	0.42
7700	0.42	0.38	0.38	0	0	0.42
7800	0.42	0.38	0.38	0	0	0.42
7900	0.42	0.38	0.38	0	0	0.42
8000	0.42	0.38	0.38	0	0	0.42
8100	0.42	0.38	0.38	0	0	0.42
8200	0.43	0.38	0.38	0	0	0.43
8300	0.42	0.38	0.38	0	0	0.42
8400	0.42	0.38	0.38	0	0	0.42
8500	0.42	0.38	0.38	0	0	0.42
8600	0.42	0.38	0.38	0	0	0.42
8700	0.42	0.38	0.38	0	0	0.42
8800	0.41	0.38	0.38	0	0	0.41
8900	0.41	0.38	0.38	0	0	0.41
9000	0.41	0.38	0.38	0	0	0.41
9100	0.41	0.38	0.38	0	0	0.41
9200	0.42	0.38	0.38	0	0	0.42
9300	0.44	0.38	0.38	0	0	0.44
9400	0.44	0.38	0.38	0	0	0.44
9500	0.44	0.38	0.38	0	0	0.44
9600	0.45	0.39	0.39	0	0	0.45
9700	0.45	0.4	0.4	0	0	0.45
9800	0.45	0.39	0.39	0	0	0.45
9900	0.45	0.39	0.39	0	0	0.45
10000	0.45	0.39	0.39	0	0	0.45
10100	0.45	0.39	0.39	0	0	0.45
10200	0.45	0.39	0.39	0	0	0.45
10300	0.45	0.39	0.39	0	0	0.45
10400	0.46	0.39	0.39	0	0	0.46
10500	0.46	0.39	0.39	0	0	0.46
10600	0.46	0.39	0.39	0	0	0.46
10700	0.46	0.39	0.39	0	0	0.46
10800	0.46	0.39	0.39	0	0	0.46
10900	0.44	0.39	0.39	0	0	0.44
11000	0.44	0.39	0.39	0	0	0.44
11100	0.45	0.39	0.39	0	0	0.45
11200	0.45	0.39	0.39	0	0	0.45
11300	0.46	0.39	0.39	0	0	0.46
11400	0.46	0.38	0.38	0	0	0.46
11500	0.46	0.38	0.38	0	0	0.46
11600	0.46	0.39	0.39	0	0	0.46
11700	0.46	0.4	0.4	0	0	0.46
11800	0.46	0.4	0.4	0	0	0.46
11900	0.46	0.4	0.4	0	0	0.46
12000	0.46	0.4	0.4	0	0	0.46
12100	0.46	0.4	0.4	0	0	0.46
12200	0.45	0.4	0.4	0	0	0.45
12300	0.44	0.4	0.4	0	0	0.44
12400	0.45	0.4	0.4	0	0	0.45
12500	0.44	0.4	0.4	0	0	0.44
12600	0.44	0.4	0.4	0	0	0.44
12700	0.44	0.4	0.4	0	0	0.44
12800	0.44	0.4	0.4	0	0	0.44
12900	0.44	0.4	0.4	0	0	0.44
13000	0.46	0.4	0.4	0	0	0.46
13100	0.46	0.4	0.4	0	0	0.46
13200	0.46	0.4	0.4	0	0	0.46
13300	0.46	0.4	0.4	0	0	0.46
13400	0.46	0.41	0.41	0	0	0.46
13500	0.45	0.42	0.42	0	0	0.45
13600	0.45	0.42	0.42	0	0	0.45
13700	0.47	0.42	0.42	0	0	0.47
13800	0.47	0.42	0.42	0	0	0.47
13900	0.46	0.42	0.42	0	0	0.46
14000	0.46	0.42	0.42	0	0	0.46
14100	0.45	0.42	0.42	0	0	0.45
14200	0.45	0.42	0.42	0	0	0.45
14300	0.45	0.42	0.42	0	0	0.45
14400	0.45	0.42	0.42	0	0	0.45
14500	0.46	0.42	0.42	0	0	0.46
14600	0.46	0.42	0.42	0	0	0.46
14700	0.46	0.42	0.42	0	0	0.46
14800	0.47	0.41	0.41	0	0	0.47
14900	0.47	0.41	0.41	0	0	0.47
15000	0.46	0.41	0.41	0	0	0.46
15100	0.46	0.41	0.41	0	0	0.46
15200	0.46	0.41	0.41	0	0	0.46
15300	0.48	0.41	0.41	0	0	0.48
15400	0.48	0.41	0.41	0	0	0.48
15500	0.48	0.41	0.41	0	0	0.48
15600	0.48	0.41	0.41	0	0	0.48
15700	0.48	0.41	0.41	0	0	0.48
15800	0.48	0.41	0.41	0	0	0.48
15900	0.47	0.41	0.41	0	0	0.47
16000	0.48	0.41	0.41	0	0	0.48
16100	0.49	0.41	0.41	0	0	0.49
16200	0.49	0.41	0.41	0	0	0.49
16300	0.49	0.41	0.41	0	0	0.49
16400	0.49	0.41	0.41	0	0	0.49
16500	0.49	0.42	0.42	0	0	0.49
16600	0.48	0.42	0.42	0	0	0.48
16700	0.48	0.42	0.42	0	0	0.48
16800	0.48	0.42	0.42	0	0	0.48
16900	0.48	0.42	0.42	0	0	0.48
17000	0.48	0.43	0.43	0	0	0.48
17100	0.48	0.42	0.42	0	0	0.48
17200	0.48	0.42	0.42	0	0	0.48
17300	0.48	0.42	0.42	0	0	0.48
17400	0.48	0.42	0.42	0	0	0.48
17500	0.48	0.42	0.42	0	0	0.48
17600	0.48	0.42	0.42	0	0	0.48
17700	0.48	0.42	0.42	0	0	0.48
17800	0.48	0.42	0.42	0	0	0.48
17900	0.48	0.42	0.42	0	0	0.48
18000	0.48	0.42	0.42	0	0	0.48
18100	0.48	0.43	0.43	0	0	0.48
18200	0.48	0.43	0.43	0	0	0.48
18300	0.48	0.43	0.43	0	0	0.48
18400	0.49	0.43	0.43	0	0	0.49
18500	0.49	0.43	0.43	0	0	0.49
18600	0.49	0.43	0.43	0	0	0.49
18700	0.49	0.43	0.43	0	0	0.49
18800	0.49	0.43	0.43	0	0	0.49
18900	0.49	0.43	0.43	0	0	0.49
19000	0.49	0.43	0.43	0	0	0.49
19100	0.49	0.42	0.42	0	0	0.49
19200	0.49	0.42	0.42	0	0	0.49
19300	0.48	0.42	0.42	0	0	0.48
19400	0.48	0.42	0.42	0	0	0.48
19500	0.48	0.42	0.42	0	0	0.48
19600	0.48	0.42	0.42	0	0	0.48
19700	0.48	0.42	0.42	0	0	0.48
19800	0.48	0.42	0.42	0	0	0.48
19900	0.48	0.42	0.42	0	0	0.48
20000	0.48	0.41	0.41	0	0	0.48
20100	0.48	0.41	0.41	0	0	0.48
20200	0.48	0.41	0.41	0	0	0.48
20300	0.48	0.41	0.41	0	0	0.48
20400	0.47	0.41	0.41	0	0	0.47
20500	0.47	0.41	0.41	0	0	0.47
20600	0.47	0.41	0.41	0	0	0.47
20700	0.47	0.41	0.41	0	0	0.47
20800	0.47	0.41	0.41	0	0	0.47
20900	0.47	0.41	0.41	0	0	0.47
21000	0.47	0.41	0.41	0	0	0.47
21100	0.47	0.4	0.4	0	0	0.47
21200	0.47	0.4	0.4	0	0	0.47
21300	0.46	0.4	0.4	0	0	0.46
21400	0.46	0.4	0.4	0	0	0.46
21500	0.46	0.4	0.4	0	0	0.46
21600	0.46	0.41	0.41	0	0	0.46
21700	0.46	0.41	0.41	0	0	0.46
21800	0.46	0.41	0.41	0	0	0.46
21900	0.47	0.41	0.41	0	0	0.47
22000	0.48	0.41	0.41	0	0	0.48
22100	0.49	0.41	0.41	0	0	0.49
22200	0.5	0.41	0.41	0	0	0.5
22300	0.49	0.41	0.41	0	0	0.49
22400	0.49	0.41	0.41	0	0	0.49
22500	0.49	0.41	0.41	0	0	0.49
22600	0.49	0.41	0.41	0	0	0.49
22700	0.49	0.41	0.41	0	0	0.49
22800	0.49	0.41	0.41	0	0	0.49
22900	0.49	0.42	0.42	0	0	0.49
23000	0.49	0.42	0.42	0	0	0.49
23100	0.49	0.42	0.42	0	0	0.49
23200	0.51	0.42	0.42	0	0	0.51
23300	0.51	0.42	0.42	0	0	0.51
23400	0.51	0.42	0.42	0	0	0.51
23500	0.51	0.42	0.42	0	0	0.51
23600	0.51	0.41	0.41	0	0	0.51
23700	0.51	0.41	0.41	0	0	0.51
23800	0.51	0.41	0.41	0	0	0.51
23900	0.51	0.43	0.43	0	0	0.51
24000	0.51	0.43	0.43	0	0	0.51
24100	0.51	0.43	0.43	0	0	0.51
24200	0.51	0.43	0.43	0	0	0.51
24300	0.51	0.43	0.43	0	0	0.51
24400	0.51	0.43	0.43	0	0	0.51
24500	0.51	0.43	0.43	0	0	0.51
24600	0.51	0.43	0.43	0	0	0.51
24700	0.51	0.43	0.43	0	0	0.51
24800	0.51	0.44	0.44	0	0	0.51
24900	0.51	0.44	0.44	0	0	0.51
25000	0.51	0.44	0.44	0	0	0.51
25100	0.51	0.44	0.44	0	0	0.51
25200	0.51	0.43	0.43	0	0	0.51
25300	0.51	0.43	0.43	0	0	0.51
25400	0.51	0.43	0.43	0	0	0.51
25500	0.51	0.43	0.43	0	0	0.51
25600	0.51	0.43	0.43	0	0	0.51
25700	0.51	0.43	0.43	0	0	0.51
25800	0.51	0.43	0.43	0	0	0.51
25900	0.51	0.43	0.43	0	0	0.51
26000	0.51	0.43	0.43	0	0	0.51
26100	0.51	0.42	0.42	0	0	0.51
26200	0.51	0.42	0.42	0	0	0.51
26300	0.51	0.42	0.42	0	0	0.51
26400	0.51	0.42	0.42	0	0	0.51
26500	0.51	0.42	0.42	0	0	0.51
26600	0.51	0.42	0.42	0	0	0.51
26700	0.5	0.42	0.42	0	0	0.5
26800	0.49	0.42	0.42	0	0	0.49
26900	0.49	0.42	0.42	0	0	0.49
27000	0.49	0.42	0.42	0	0	0.49
27100	0.49	0.42	0.42	0	0	0.49
27200	0.49	0.41	0.41	0	0	0.49
27300	0.49	0.41	0.41	0	0	0.49
27400	0.49	0.41	0.41	0	0	0.49
27500	0.49	0.41	0.41	0	0	0.49
27600	0.48	0.41	0.41	0	0	0.48
27700	0.48	0.41	0.41	0	0	0.48
27800	0.48	0.41	0.41	0	0	0.48
27900	0.48	0.41	0.41	0	0	0.48
28000	0.48	0.41	0.41	0	0	0.48
28100	0.48	0.41	0.41	0	0	0.48
28200	0.48	0.41	0.41	0	0	0.48
28300	0.48	0.41	0.41	0	0	0.48
28400	0.48	0.41	0.41	0	0	0.48
28500	0.49	0.41	0.41	0	0	0.49
28600	0.49	0.41	0.41	0	0	0.49
28700	0.5	0.41	0.41	0	0	0.5
28800	0.49	0.41	0.41	0	0	0.49
28900	0.49	0.41	0.41	0	0	0.49
29000	0.48	0.41	0.41	0	0	0.48
29100	0.48	0.41	0.41	0	0	0.48
29200	0.47	0.42	0.42	0	0	0.47
29300	0.47	0.42	0.42	0	0	0.47
29400	0.47	0.42	0.42	0	0	0.47
29500	0.47	0.42	0.42	0	0	0.47
29600	0.47	0.41	0.41	0	0	0.47
29700	0.47	0.4	0.4	0	0	0.47
29800	0.46	0.4	0.4	0	0	0.46
29900	0.46	0.39	0.39	0	0	0.46
30000	0.47	0.39	0.39	0	0	0.47
30100	0.47	0.38	0.38	0	0	0.47
30200	0.45	0.38	0.38	0	0	0.45
30300	0.45	0.38	0.38	0	0	0.45
30400	0.46	0.38	0.38	0	0	0.46
30500	0.46	0.37	0.37	0	0	0.46
30600	0.47	0.37	0.37	0	0	0.47
30700	0.47	0.37	0.37	0	0	0.47
30800	0.47	0.38	0.38	0	0	0.47
30900	0.47	0.37	0.37	0	0	0.47
31000	0.47	0.37	0.37	0	0	0.47
31100	0.47	0.37	0.37	0	0	0.47
31200	0.47	0.38	0.38	0	0	0.47
31300	0.46	0.38	0.38	0	0	0.46
31400	0.46	0.38	0.38	0	0	0.46
31500	0.47	0.38	0.38	0	0	0.47
31600	0.46	0.38	0.38	0	0	0.46
31700	0.46	0.38	0.38	0	0	0.46
31800	0.46	0.38	0.38	0	0	0.46
31900	0.46	0.38	0.38	0	0	0.46
32000	0.46	0.38	0.38	0	0	0.46
32100	0.46	0.38	0.38	0	0	0.46
32200	0.46	0.38	0.38	0	0	0.46
32300	0.46	0.38	0.38	0	0	0.46
32400	0.46	0.38	0.38	0	0	0.46
32500	0.46	0.38	0.38	0	0	0.46
32600	0.47	0.38	0.38	0	0	0.47
32700	0.48	0.38	0.38	0	0	0.48
32800	0.48	0.37	0.37	0	0	0.48
32900	0.48	0.37	0.37	0	0	0.48
33000	0.48	0.37	0.37	0	0	0.48
33100	0.48	0.37	0.37	0	0	0.48
33200	0.47	0.37	0.37	0	0	0.47
33300	0.47	0.37	0.37	0	0	0.47
33400	0.47	0.37	0.37	0	0	0.47
33500	0.47	0.37	0.37	0	0	0.47
33600	0.47	0.37	0.37	0	0	0.47
33700	0.47	0.38	0.38	0	0	0.47
33800	0.47	0.37	0.37	0	0	0.47
33900	0.48	0.37	0.37	0	0	0.48
34000	0.48	0.38	0.38	0	0	0.48
34100	0.48	0.38	0.38	0	0	0.48
34200	0.49	0.38	0.38	0	0	0.49
34300	0.48	0.38	0.38	0	0	0.48
34400	0.48	0.38	0.38	0	0	0.48
34500	0.48	0.38	0.38	0	0	0.48
34600	0.5	0.38	0.38	0	0	0.5
34700	0.5	0.38	0.38	0	0	0.5
34800	0.5	0.38	0.38	0	0	0.5
34900	0.5	0.38	0.38	0	0	0.5
35000	0.51	0.38	0.38	0	0	0.51
35100	0.51	0.38	0.38	0	0	0.51
35200	0.5	0.38	0.38	0	0	0.5
35300	0.49	0.38	0.38	0	0	0.49
35400	0.49	0.38	0.38	0	0	0.49
35500	0.5	0.38	0.38	0	0	0.5
35600	0.49	0.39	0.39	0	0	0.49
35700	0.49	0.39	0.39	0	0	0.49
35800	0.48	0.39	0.39	0	0	0.48
35900	0.48	0.39	0.39	0	0	0.48
36000	0.48	0.39	0.39	0	0	0.48
36100	0.48	0.4	0.4	0	0	0.48
36200	0.47	0.4	0.4	0	0	0.47
36300	0.47	0.4	0.4	0	0	0.47
36400	0.48	0.4	0.4	0	0	0.48
36500	0.48	0.4	0.4	0	0	0.48
36600	0.48	0.4	0.4	0	0	0.48
36700	0.48	0.4	0.4	0	0	0.48
36800	0.48	0.4	0.4	0	0	0.48
36900	0.48	0.4	0.4	0	0	0.48
37000	0.48	0.41	0.41	0	0	0.48
37100	0.48	0.41	0.41	0	0	0.48
37200	0.48	0.41	0.41	0	0	0.48
37300	0.48	0.41	0.41	0	0	0.48
37400	0.48	0.41	0.41	0	0	0.48
37500	0.48	0.41	0.41	0	0	0.48
37600	0.49	0.41	0.41	0	0	0.49
37700	0.49	0.41	0.41	0	0	0.49
37800	0.49	0.41	0.41	0	0	0.49
37900	0.49	0.41	0.41	0	0	0.49
38000	0.49	0.41	0.41	0	0	0.49
38100	0.49	0.41	0.41	0	0	0.49
38200	0.49	0.41	0.41	0	0	0.49
38300	0.49	0.41	0.41	0	0	0.49
38400	0.5	0.41	0.41	0	0	0.5
38500	0.5	0.41	0.41	0	0	0.5
38600	0.5	0.4	0.4	0	0	0.5
38700	0.5	0.4	0.4	0	0	0.5
38800	0.5	0.4	0.4	0	0	0.5
38900	0.5	0.41	0.41	0	0	0.5
39000	0.5	0.41	0.41	0	0	0.5
39100	0.5	0.41	0.41	0	0	0.5
39200	0.5	0.42	0.42	0	0	0.5
39300	0.5	0.43	0.43	0	0	0.5
39400	0.5	0.43	0.43	0	0	0.5
39500	0.51	0.43	0.43	0	0	0.51
39600	0.51	0.43	0.43	0	0	0.51
39700	0.51	0.43	0.43	0	0	0.51
39800	0.51	0.42	0.42	0	0	0.51
39900	0.51	0.42	0.42	0	0	0.51
40000	0.51	0.42	0.42	0	0	0.51
40100	0.51	0.42	0.42	0	0	0.51
40200	0.51	0.42	0.42	0	0	0.51
40300	0.51	0.41	0.41	0	0	0.51
40400	0.51	0.39	0.39	0	0	0.51
40500	0.51	0.39	0.39	0	0	0.51
40600	0.5	0.39	0.39	0	0	0.5
40700	0.49	0.39	0.39	0	0	0.49
40800	0.5	0.39	0.39	0	0	0.5
40900	0.51	0.39	0.39	0	0	0.51
41000	0.51	0.39	0.39	0	0	0.51
41100	0.51	0.39	0.39	0	0	0.51
41200	0.5	0.39	0.39	0	0	0.5
41300	0.5	0.39	0.39	0	0	0.5
41400	0.5	0.39	0.39	0	0	0.5
41500	0.5	0.39	0.39	0	0	0.5
41600	0.5	0.39	0.39	0	0	0.5
41700	0.5	0.39	0.39	0	0	0.5
41800	0.5	0.39	0.39	0	0	0.5
41900	0.5	0.39	0.39	0	0	0.5
42000	0.5	0.39	0.39	0	0	0.5
42100	0.5	0.39	0.39	0	0	0.5
42200	0.5	0.39	0.39	0	0	0.5
42300	0.51	0.39	0.39	0	0	0.51
42400	0.51	0.4	0.4	0	0	0.51
42500	0.51	0.4	0.4	0	0	0.51
42600	0.51	0.4	0.4	0	0	0.51
42700	0.51	0.4	0.4	0	0	0.51
42800	0.51	0.4	0.4	0	0	0.51
42900	0.51	0.4	0.4	0	0	0.51
43000	0.51	0.4	0.4	0	0	0.51
43100	0.51	0.39	0.39	0	0	0.51
43200	0.51	0.39	0.39	0	0	0.51
43300	0.51	0.39	0.39	0	0	0.51
43400	0.51	0.39	0.39	0	0	0.51
43500	0.51	0.39	0.39	0	0	0.51
43600	0.51	0.39	0.39	0	0	0.51
43700	0.51	0.39	0.39	0	0	0.51
43800	0.51	0.39	0.39	0	0	0.51
43900	0.51	0.39	0.39	0	0	0.51
44000	0.51	0.39	0.39	0	0	0.51
44100	0.51	0.39	0.39	0	0	0.51
44200	0.51	0.39	0.39	0	0	0.51
44300	0.51	0.39	0.39	0	0	0.51
44400	0.51	0.38	0.38	0	0	0.51
44500	0.51	0.38	0.38	0	0	0.51
44600	0.51	0.38	0.38	0	0	0.51
44700	0.51	0.38	0.38	0	0	0.51
44800	0.51	0.39	0.39	0	0	0.51
44900	0.51	0.39	0.39	0	0	0.51
45000	0.51	0.39	0.39	0	0	0.51
45100	0.51	0.39	0.39	0	0	0.51
45200	0.51	0.39	0.39	0	0	0.51
45300	0.51	0.39	0.39	0	0	0.51
45400	0.52	0.39	0.39	0	0	0.52
45500	0.52	0.39	0.39	0	0	0.52
45600	0.53	0.39	0.39	0	0	0.53
45700	0.53	0.39	0.39	0	0	0.53
45800	0.53	0.39	0.39	0	0	0.53
45900	0.53	0.39	0.39	0	0	0.53
46000	0.54	0.39	0.39	0	0	0.54
46100	0.53	0.4	0.4	0	0	0.53
46200	0.53	0.4	0.4	0	0	0.53
46300	0.53	0.4	0.4	0	0	0.53
46400	0.53	0.4	0.4	0	0	0.53
46500	0.53	0.4	0.4	0	0	0.53
46600	0.53	0.39	0.39	0	0	0.53
46700	0.53	0.39	0.39	0	0	0.53
46800	0.53	0.39	0.39	0	0	0.53
46900	0.53	0.39	0.39	0	0	0.53
47000	0.53	0.39	0.39	0	0	0.53
47100	0.52	0.39	0.39	0	0	0.52
47200	0.52	0.39	0.39	0	0	0.52
47300	0.52	0.4	0.4	0	0	0.52
47400	0.52	0.39	0.39	0	0	0.52
47500	0.52	0.39	0.39	0	0	0.52
47600	0.52	0.39	0.39	0	0	0.52
47700	0.52	0.39	0.39	0	0	0.52
47800	0.52	0.39	0.39	0	0	0.52
47900	0.52	0.39	0.39	0	0	0.52
48000	0.52	0.39	0.39	0	0	0.52
48100	0.52	0.39	0.39	0	0	0.52
48200	0.52	0.39	0.39	0	0	0.52
48300	0.52	0.39	0.39	0	0	0.52
48400	0.52	0.39	0.39	0	0	0.52
48500	0.52	0.4	0.4	0	0	0.52
48600	0.52	0.4	0.4	0	0	0.52
48700	0.52	0.39	0.39	0	0	0.52
48800	0.52	0.39	0.39	0	0	0.52
48900	0.51	0.39	0.39	0	0	0.51
49000	0.5	0.39	0.39	0	0	0.5
49100	0.5	0.39	0.39	0	0	0.5
49200	0.5	0.39	0.39	0	0	0.5
49300	0.5	0.39	0.39	0	0	0.5
49400	0.51	0.39	0.39	0	0	0.51
49500	0.51	0.39	0.39	0	0	0.51
49600	0.51	0.39	0.39	0	0	0.51
49700	0.51	0.39	0.39	0	0	0.51
49800	0.51	0.39	0.39	0	0	0.51
49900	0.51	0.39	0.39	0	0	0.51
50000	0.51	0.39	0.39	0	0	0.51
50100	0.51	0.39	0.39	0	0	0.51
50200	0.51	0.39	0.39	0	0	0.51
50300	0.51	0.39	0.39	0	0	0.51
50400	0.51	0.39	0.39	0	0	0.51
50500	0.51	0.39	0.39	0	0	0.51
50600	0.51	0.39	0.39	0	0	0.51
50700	0.51	0.39	0.39	0	0	0.51
50800	0.5	0.39	0.39	0	0	0.5
50900	0.5	0.39	0.39	0	0	0.5
51000	0.5	0.39	0.39	0	0	0.5
51100	0.5	0.39	0.39	0	0	0.5
51200	0.5	0.4	0.4	0	0	0.5
51300	0.5	0.39	0.39	0	0	0.5
51400	0.5	0.39	0.39	0	0	0.5
51500	0.51	0.39	0.39	0	0	0.51
51600	0.51	0.39	0.39	0	0	0.51
51700	0.51	0.38	0.38	0	0	0.51
51800	0.52	0.38	0.38	0	0	0.52
51900	0.52	0.38	0.38	0	0	0.52
52000	0.52	0.38	0.38	0	0	0.52
52100	0.52	0.38	0.38	0	0	0.52
52200	0.52	0.38	0.38	0	0	0.52
52300	0.52	0.38	0.38	0	0	0.52
52400	0.52	0.39	0.39	0	0	0.52
52500	0.52	0.39	0.39	0	0	0.52
52600	0.52	0.39	0.39	0	0	0.52
52700	0.52	0.39	0.39	0	0	0.52
52800	0.52	0.39	0.39	0	0	0.52
52900	0.53	0.39	0.39	0	0	0.53
53000	0.53	0.39	0.39	0	0	0.53
53100	0.52	0.39	0.39	0	0	0.52
53200	0.52	0.4	0.4	0	0	0.52
53300	0.52	0.4	0.4	0	0	0.52
53400	0.52	0.39	0.39	0	0	0.52
53500	0.52	0.39	0.39	0	0	0.52
53600	0.52	0.39	0.39	0	0	0.52
53700	0.52	0.39	0.39	0	0	0.52
53800	0.52	0.39	0.39	0	0	0.52
53900	0.52	0.39	0.39	0	0	0.52
54000	0.52	0.39	0.39	0	0	0.52
54100	0.52	0.39	0.39	0	0	0.52
54200	0.52	0.39	0.39	0	0	0.52
54300	0.52	0.39	0.39	0	0	0.52
54400	0.52	0.39	0.39	0	0	0.52
54500	0.52	0.39	0.39	0	0	0.52
54600	0.52	0.39	0.39	0	0	0.52
54700	0.51	0.39	0.39	0	0	0.51
54800	0.51	0.4	0.4	0	0	0.51
54900	0.51	0.4	0.4	0	0	0.51
55000	0.51	0.4	0.4	0	0	0.51
55100	0.51	0.39	0.39	0	0	0.51
55200	0.51	0.39	0.39	0	0	0.51
55300	0.51	0.4	0.4	0	0	0.51
55400	0.51	0.4	0.4	0	0	0.51
55500	0.51	0.39	0.39	0	0	0.51
55600	0.51	0.39	0.39	0	0	0.51
55700	0.51	0.39	0.39	0	0	0.51
55800	0.51	0.39	0.39	0	0	0.51
55900	0.51	0.39	0.39	0	0	0.51
56000	0.51	0.39	0.39	0	0	0.51
56100	0.51	0.39	0.39	0	0	0.51
56200	0.51	0.39	0.39	0	0	0.51
56300	0.51	0.39	0.39	0	0	0.51
56400	0.52	0.39	0.39	0	0	0.52
56500	0.52	0.39	0.39	0	0	0.52
56600	0.51	0.39	0.39	0	0	0.51
56700	0.51	0.39	0.39	0	0	0.51
56800	0.51	0.39	0.39	0	0	0.51
56900	0.51	0.39	0.39	0	0	0.51
57000	0.51	0.39	0.39	0	0	0.51
57100	0.51	0.39	0.39	0	0	0.51
57200	0.51	0.39	0.39	0	0	0.51
57300	0.51	0.39	0.39	0	0	0.51
57400	0.51	0.39	0.39	0	0	0.51
57500	0.51	0.39	0.39	0	0	0.51
57600	0.51	0.4	0.4	0	0	0.51
57700	0.51	0.4	0.4	0	0	0.51
57800	0.51	0.4	0.4	0	0	0.51
57900	0.51	0.4	0.4	0	0	0.51
58000	0.51	0.4	0.4	0	0	0.51
58100	0.51	0.4	0.4	0	0	0.51
58200	0.51	0.4	0.4	0	0	0.51
58300	0.51	0.39	0.39	0	0	0.51
58400	0.51	0.39	0.39	0	0	0.51
58500	0.52	0.39	0.39	0	0	0.52
58600	0.52	0.39	0.39	0	0	0.52
58700	0.52	0.39	0.39	0	0	0.52
58800	0.52	0.39	0.39	0	0	0.52
58900	0.53	0.39	0.39	0	0	0.53
59000	0.53	0.39	0.39	0	0	0.53
59100	0.53	0.39	0.39	0	0	0.53
59200	0.53	0.4	0.4	0	0	0.53
59300	0.53	0.39	0.39	0	0	0.53
59400	0.53	0.4	0.4	0	0	0.53
59500	0.53	0.39	0.39	0	0	0.53
59600	0.53	0.39	0.39	0	0	0.53
59700	0.53	0.39	0.39	0	0	0.53
59800	0.53	0.39	0.39	0	0	0.53
59900	0.53	0.39	0.39	0	0	0.53
60000	0.54	0.4	0.4	0	0	0.54
60100	0.54	0.4	0.4	0	0	0.54
60200	0.54	0.4	0.4	0	0	0.54
60300	0.54	0.4	0.4	0	0	0.54
60400	0.54	0.4	0.4	0	0	0.54
60500	0.53	0.4	0.4	0	0	0.53
60600	0.53	0.4	0.4	0	0	0.53
60700	0.53	0.4	0.4	0	0	0.53
60800	0.53	0.4	0.4	0	0	0.53
60900	0.53	0.39	0.39	0	0	0.53
61000	0.53	0.39	0.39	0	0	0.53
61100	0.53	0.39	0.39	0	0	0.53
61200	0.52	0.39	0.39	0	0	0.52
61300	0.52	0.39	0.39	0	0	0.52
61400	0.52	0.39	0.39	0	0	0.52
61500	0.52	0.39	0.39	0	0	0.52
61600	0.52	0.4	0.4	0	0	0.52
61700	0.52	0.4	0.4	0	0	0.52
61800	0.52	0.4	0.4	0	0	0.52
61900	0.52	0.4	0.4	0	0	0.52
62000	0.52	0.39	0.39	0	0	0.52
62100	0.52	0.39	0.39	0	0	0.52
62200	0.52	0.39	0.39	0	0	0.52
62300	0.5	0.39	0.39	0	0	0.5
62400	0.5	0.39	0.39	0	0	0.5
62500	0.5	0.39	0.39	0	0	0.5
62600	0.5	0.39	0.39	0	0	0.5
62700	0.5	0.39	0.39	0	0	0.5
62800	0.5	0.4	0.4	0	0	0.5
62900	0.5	0.39	0.39	0	0	0.5
63000	0.49	0.39	0.39	0	0	0.49
63100	0.49	0.39	0.39	0	0	0.49
63200	0.49	0.39	0.39	0	0	0.49
63300	0.5	0.39	0.39	0	0	0.5
63400	0.5	0.39	0.39	0	0	0.5
63500	0.5	0.39	0.39	0	0	0.5
63600	0.5	0.39	0.39	0	0	0.5
63700	0.5	0.39	0.39	0	0	0.5
63800	0.5	0.39	0.39	0	0	0.5
63900	0.51	0.39	0.39	0	0	0.51
64000	0.51	0.39	0.39	0	0	0.51
64100	0.51	0.39	0.39	0	0	0.51
64200	0.51	0.39	0.39	0	0	0.51
64300	0.51	0.39	0.39	0	0	0.51
64400	0.51	0.39	0.39	0	0	0.51
64500	0.51	0.39	0.39	0	0	0.51
64600	0.51	0.39	0.39	0	0	0.51
64700	0.51	0.39	0.39	0	0	0.51
64800	0.51	0.39	0.39	0	0	0.51
64900	0.51	0.39	0.39	0	0	0.51
65000	0.51	0.4	0.4	0	0	0.51
65100	0.51	0.4	0.4	0	0	0.51
65200	0.51	0.4	0.4	0	0	0.51
65300	0.51	0.4	0.4	0	0	0.51
65400	0.52	0.4	0.4	0	0	0.52
65500	0.53	0.4	0.4	0	0	0.53
65600	0.53	0.4	0.4	0	0	0.53
65700	0.53	0.4	0.4	0	0	0.53
65800	0.53	0.4	0.4	0	0	0.53
65900	0.54	0.4	0.4	0	0	0.54
66000	0.54	0.4	0.4	0	0	0.54
66100	0.54	0.4	0.4	0	0	0.54
66200	0.54	0.4	0.4	0	0	0.54
66300	0.54	0.4	0.4	0	0	0.54
66400	0.54	0.41	0.41	0	0	0.54
66500	0.54	0.41	0.41	0	0	0.54
66600	0.54	0.4	0.4	0	0	0.54
66700	0.54	0.4	0.4	0	0	0.54
66800	0.54	0.4	0.4	0	0	0.54
66900	0.54	0.4	0.4	0	0	0.54
67000	0.54	0.4	0.4	0	0	0.54
67100	0.54	0.4	0.4	0	0	0.54
67200	0.54	0.4	0.4	0	0	0.54
67300	0.54	0.4	0.4	0	0	0.54
67400	0.54	0.4	0.4	0	0	0.54
67500	0.54	0.4	0.4	0	0	0.54
67600	0.54	0.4	0.4	0	0	0.54
67700	0.54	0.4	0.4	0	0	0.54
67800	0.54	0.4	0.4	0	0	0.54
67900	0.54	0.4	0.4	0	0	0.54
68000	0.54	0.4	0.4	0	0	0.54
68100	0.54	0.4	0.4	0	0	0.54
68200	0.54	0.4	0.4	0	0	0.54
68300	0.54	0.4	0.4	0	0	0.54
68400	0.54	0.4	0.4	0	0	0.54
68500	0.54	0.4	0.4	0	0	0.54
68600	0.54	0.4	0.4	0	0	0.54
68700	0.54	0.41	0.41	0	0	0.54
68800	0.54	0.41	0.41	0	0	0.54
68900	0.54	0.41	0.41	0	0	0.54
69000	0.54	0.41	0.41	0	0	0.54
69100	0.54	0.41	0.41	0	0	0.54
69200	0.54	0.41	0.41	0	0	0.54
69300	0.54	0.41	0.41	0	0	0.54
69400	0.54	0.41	0.41	0	0	0.54
69500	0.54	0.41	0.41	0	0	0.54
69600	0.54	0.41	0.41	0	0	0.54
69700	0.54	0.41	0.41	0	0	0.54
69800	0.54	0.41	0.41	0	0	0.54
69900	0.54	0.41	0.41	0	0	0.54
70000	0.54	0.41	0.41	0	0	0.54
70100	0.54	0.41	0.41	0	0	0.54
70200	0.54	0.41	0.41	0	0	0.54
70300	0.54	0.41	0.41	0	0	0.54
70400	0.54	0.41	0.41	0	0	0.54
70500	0.54	0.41	0.41	0	0	0.54
70600	0.54	0.41	0.41	0	0	0.54
70700	0.54	0.41	0.41	0	0	0.54
70800	0.54	0.41	0.41	0	0	0.54
70900	0.54	0.41	0.41	0	0	0.54
71000	0.54	0.41	0.41	0	0	0.54
71100	0.54	0.41	0.41	0	0	0.54
71200	0.54	0.41	0.41	0	0	0.54
71300	0.54	0.41	0.41	0	0	0.54
71400	0.54	0.41	0.41	0	0	0.54
71500	0.54	0.41	0.41	0	0	0.54
71600	0.54	0.41	0.41	0	0	0.54
71700	0.54	0.41	0.41	0	0	0.54
71800	0.54	0.41	0.41	0	0	0.54
71900	0.54	0.41	0.41	0	0	0.54
72000	0.54	0.41	0.41	0	0	0.54
72100	0.54	0.41	0.41	0	0	0.54
72200	0.54	0.41	0.41	0	0	0.54
72300	0.54	0.41	0.41	0	0	0.54
72400	0.54	0.4	0.4	0	0	0.54
72500	0.54	0.4	0.4	0	0	0.54
72600	0.54	0.4	0.4	0	0	0.54
72700	0.54	0.4	0.4	0	0	0.54
72800	0.54	0.4	0.4	0	0	0.54
72900	0.54	0.4	0.4	0	0	0.54
73000	0.54	0.4	0.4	0	0	0.54
73100	0.54	0.4	0.4	0	0	0.54
73200	0.54	0.4	0.4	0	0	0.54
73300	0.54	0.4	0.4	0	0	0.54
73400	0.54	0.4	0.4	0	0	0.54
73500	0.54	0.4	0.4	0	0	0.54
73600	0.54	0.4	0.4	0	0	0.54
73700	0.54	0.4	0.4	0	0	0.54
73800	0.54	0.41	0.41	0	0	0.54
73900	0.54	0.41	0.41	0	0	0.54
74000	0.54	0.41	0.41	0	0	0.54
74100	0.54	0.41	0.41	0	0	0.54
74200	0.54	0.41	0.41	0	0	0.54
74300	0.54	0.41	0.41	0	0	0.54
74400	0.54	0.41	0.41	0	0	0.54
74500	0.54	0.41	0.41	0	0	0.54
74600	0.54	0.41	0.41	0	0	0.54
74700	0.54	0.41	0.41	0	0	0.54
74800	0.54	0.41	0.41	0	0	0.54
74900	0.54	0.41	0.41	0	0	0.54
75000	0.54	0.41	0.41	0	0	0.54
75100	0.55	0.41	0.41	0	0	0.55
75200	0.55	0.41	0.41	0	0	0.55
75300	0.55	0.41	0.41	0	0	0.55
75400	0.55	0.41	0.41	0	0	0.55
75500	0.55	0.41	0.41	0	0	0.55
75600	0.55	0.41	0.41	0	0	0.55
75700	0.55	0.41	0.41	0	0	0.55
75800	0.55	0.41	0.41	0	0	0.55
75900	0.55	0.41	0.41	0	0	0.55
76000	0.55	0.41	0.41	0	0	0.55
76100	0.55	0.41	0.41	0	0	0.55
76200	0.55	0.41	0.41	0	0	0.55
76300	0.55	0.41	0.41	0	0	0.55
76400	0.55	0.41	0.41	0	0	0.55
76500	0.55	0.41	0.41	0	0	0.55
76600	0.55	0.41	0.41	0	0	0.55
76700	0.55	0.41	0.41	0	0	0.55
76800	0.55	0.41	0.41	0	0	0.55
76900	0.55	0.41	0.41	0	0	0.55
77000	0.55	0.41	0.41	0	0	0.55
77100	0.55	0.41	0.41	0	0	0.55
77200	0.55	0.41	0.41	0	0	0.55
77300	0.55	0.41	0.41	0	0	0.55
77400	0.55	0.41	0.41	0	0	0.55
77500	0.55	0.4	0.4	0	0	0.55
77600	0.54	0.4	0.4	0	0	0.54
77700	0.54	0.4	0.4	0	0	0.54
77800	0.54	0.4	0.4	0	0	0.54
77900	0.54	0.4	0.4	0	0	0.54
78000	0.54	0.4	0.4	0	0	0.54
78100	0.54	0.4	0.4	0	0	0.54
78200	0.54	0.4	0.4	0	0	0.54
78300	0.54	0.4	0.4	0	0	0.54
78400	0.54	0.4	0.4	0	0	0.54
78500	0.54	0.4	0.4	0	0	0.54
78600	0.54	0.4	0.4	0	0	0.54
78700	0.54	0.41	0.41	0	0	0.54
78800	0.54	0.41	0.41	0	0	0.54
78900	0.54	0.41	0.41	0	0	0.54
79000	0.54	0.41	0.41	0	0	0.54
79100	0.54	0.41	0.41	0	0	0.54
79200	0.54	0.41	0.41	0	0	0.54
79300	0.54	0.41	0.41	0	0	0.54
79400	0.53	0.42	0.42	0	0	0.53
79500	0.53	0.42	0.42	0	0	0.53
79600	0.53	0.42	0.42	0	0	0.53
79700	0.53	0.42	0.42	0	0	0.53
79800	0.53	0.42	0.42	0	0	0.53
79900	0.53	0.42	0.42	0	0	0.53
80000	0.53	0.42	0.42	0	0	0.53
80100	0.53	0.42	0.42	0	0	0.53
80200	0.53	0.41	0.41	0	0	0.53
80300	0.53	0.41	0.41	0	0	0.53
80400	0.53	0.41	0.41	0	0	0.53
80500	0.53	0.41	0.41	0	0	0.53
80600	0.53	0.41	0.41	0	0	0.53
80700	0.53	0.4	0.4	0	0	0.53
80800	0.54	0.4	0.4	0	0	0.54
80900	0.54	0.4	0.4	0	0	0.54
81000	0.54	0.4	0.4	0	0	0.54
81100	0.54	0.4	0.4	0	0	0.54
81200	0.54	0.4	0.4	0	0	0.54
81300	0.54	0.4	0.4	0	0	0.54
81400	0.54	0.4	0.4	0	0	0.54
81500	0.54	0.4	0.4	0	0	0.54
81600	0.54	0.4	0.4	0	0	0.54
81700	0.54	0.4	0.4	0	0	0.54
81800	0.54	0.4	0.4	0	0	0.54
81900	0.54	0.4	0.4	0	0	0.54
82000	0.54	0.4	0.4	0	0	0.54
82100	0.54	0.4	0.4	0	0	0.54
82200	0.53	0.4	0.4	0	0	0.53
82300	0.53	0.4	0.4	0	0	0.53
82400	0.53	0.4	0.4	0	0	0.53
82500	0.53	0.4	0.4	0	0	0.53
82600	0.53	0.4	0.4	0	0	0.53
82700	0.53	0.4	0.4	0	0	0.53
82800	0.53	0.4	0.4	0	0	0.53
82900	0.53	0.4	0.4	0	0	0.53
83000	0.53	0.4	0.4	0	0	0.53
83100	0.53	0.4	0.4	0	0	0.53
83200	0.53	0.41	0.41	0	0	0.53
83300	0.53	0.41	0.41	0	0	0.53
83400	0.53	0.41	0.41	0	0	0.53
83500	0.53	0.41	0.41	0	0	0.53
83600	0.53	0.41	0.41	0	0	0.53
83700	0.53	0.42	0.42	0	0	0.53
83800	0.53	0.42	0.42	0	0	0.53
83900	0.53	0.42	0.42	0	0	0.53
84000	0.53	0.42	0.42	0	0	0.53
84100	0.53	0.42	0.42	0	0	0.53
84200	0.53	0.42	0.42	0	0	0.53
84300	0.53	0.42	0.42	0	0	0.53
84400	0.53	0.42	0.42	0	0	0.53
84500	0.53	0.42	0.42	0	0	0.53
84600	0.53	0.42	0.42	0	0	0.53
84700	0.53	0.42	0.42	0	0	0.53
84800	0.53	0.42	0.42	0	0	0.53
84900	0.52	0.42	0.42	0	0	0.52
85000	0.52	0.42	0.42	0	0	0.52
85100	0.52	0.42	0.42	0	0	0.52
85200	0.52	0.43	0.43	0	0	0.52
85300	0.52	0.42	0.42	0	0	0.52
85400	0.52	0.42	0.42	0	0	0.52
85500	0.52	0.42	0.42	0	0	0.52
85600	0.52	0.42	0.42	0	0	0.52
85700	0.52	0.42	0.42	0	0	0.52
85800	0.52	0.42	0.42	0	0	0.52
85900	0.52	0.42	0.42	0	0	0.52
86000	0.52	0.42	0.42	0	0	0.52
86100	0.52	0.42	0.42	0	0	0.52
86200	0.52	0.42	0.42	0	0	0.52
86300	0.52	0.42	0.42	0	0	0.52
86400	0.52	0.42	0.42	0	0	0.52
86500	0.52	0.42	0.42	0	0	0.52
86600	0.52	0.42	0.42	0	0	0.52
86700	0.52	0.42	0.42	0	0	0.52
86800	0.52	0.42	0.42	0	0	0.52
86900	0.52	0.42	0.42	0	0	0.52
87000	0.52	0.42	0.42	0	0	0.52
87100	0.52	0.42	0.42	0	0	0.52
87200	0.53	0.42	0.42	0	0	0.53
87300	0.53	0.42	0.42	0	0	0.53
87400	0.53	0.42	0.42	0	0	0.53
87500	0.53	0.42	0.42	0	0	0.53
87600	0.55	0.42	0.42	0	0	0.55
87700	0.55	0.42	0.42	0	0	0.55
87800	0.55	0.42	0.42	0	0	0.55
87900	0.55	0.42	0.42	0	0	0.55
88000	0.55	0.42	0.42	0	0	0.55
88100	0.55	0.42	0.42	0	0	0.55
88200	0.55	0.42	0.42	0	0	0.55
88300	0.55	0.42	0.42	0	0	0.55
88400	0.55	0.42	0.42	0	0	0.55
88500	0.55	0.42	0.42	0	0	0.55
88600	0.55	0.42	0.42	0	0	0.55
88700	0.55	0.42	0.42	0	0	0.55
88800	0.55	0.42	0.42	0	0	0.55
88900	0.55	0.42	0.42	0	0	0.55
89000	0.56	0.42	0.42	0	0	0.56
89100	0.56	0.42	0.42	0	0	0.56
89200	0.56	0.42	0.42	0	0	0.56
89300	0.56	0.42	0.42	0	0	0.56
89400	0.56	0.42	0.42	0	0	0.56
89500	0.56	0.42	0.42	0	0	0.56
89600	0.56	0.42	0.42	0	0	0.56
89700	0.56	0.42	0.42	0	0	0.56
89800	0.56	0.42	0.42	0	0	0.56
89900	0.56	0.42	0.42	0	0	0.56
90000	0.55	0.42	0.42	0	0	0.55
90100	0.55	0.42	0.42	0	0	0.55
90200	0.55	0.42	0.42	0	0	0.55
90300	0.55	0.42	0.42	0	0	0.55
90400	0.55	0.42	0.42	0	0	0.55
90500	0.55	0.42	0.42	0	0	0.55
90600	0.55	0.42	0.42	0	0	0.55
90700	0.55	0.42	0.42	0	0	0.55
90800	0.55	0.42	0.42	0	0	0.55
90900	0.55	0.41	0.41	0	0	0.55
91000	0.55	0.41	0.41	0	0	0.55
91100	0.55	0.41	0.41	0	0	0.55
91200	0.55	0.41	0.41	0	0	0.55
91300	0.55	0.41	0.41	0	0	0.55
91400	0.55	0.41	0.41	0	0	0.55
91500	0.54	0.41	0.41	0	0	0.54
91600	0.54	0.41	0.41	0	0	0.54
91700	0.53	0.41	0.41	0	0	0.53
91800	0.52	0.41	0.41	0	0	0.52
91900	0.52	0.41	0.41	0	0	0.52
92000	0.52	0.41	0.41	0	0	0.52
92100	0.52	0.41	0.41	0	0	0.52
92200	0.52	0.41	0.41	0	0	0.52
92300	0.52	0.41	0.41	0	0	0.52
92400	0.52	0.41	0.41	0	0	0.52
92500	0.52	0.41	0.41	0	0	0.52
92600	0.52	0.41	0.41	0	0	0.52
92700	0.52	0.41	0.41	0	0	0.52
92800	0.52	0.41	0.41	0	0	0.52
92900	0.52	0.41	0.41	0	0	0.52
93000	0.52	0.41	0.41	0	0	0.52
93100	0.52	0.41	0.41	0	0	0.52
93200	0.52	0.41	0.41	0	0	0.52
93300	0.52	0.41	0.41	0	0	0.52
93400	0.52	0.41	0.41	0	0	0.52
93500	0.52	0.41	0.41	0	0	0.52
93600	0.52	0.41	0.41	0	0	0.52
93700	0.52	0.41	0.41	0	0	0.52
93800	0.52	0.41	0.41	0	0	0.52
93900	0.52	0.41	0.41	0	0	0.52
94000	0.52	0.41	0.41	0	0	0.52
94100	0.52	0.41	0.41	0	0	0.52
94200	0.52	0.41	0.41	0	0	0.52
94300	0.52	0.41	0.41	0	0	0.52
94400	0.52	0.41	0.41	0	0	0.52
94500	0.52	0.41	0.41	0	0	0.52
94600	0.51	0.41	0.41	0	0	0.51
94700	0.51	0.41	0.41	0	0	0.51
94800	0.51	0.41	0.41	0	0	0.51
94900	0.51	0.41	0.41	0	0	0.51
95000	0.51	0.41	0.41	0	0	0.51
95100	0.51	0.41	0.41	0	0	0.51
95200	0.51	0.41	0.41	0	0	0.51
95300	0.52	0.41	0.41	0	0	0.52
95400	0.52	0.41	0.41	0	0	0.52
95500	0.52	0.41	0.41	0	0	0.52
95600	0.52	0.41	0.41	0	0	0.52
95700	0.52	0.41	0.41	0	0	0.52
95800	0.53	0.41	0.41	0	0	0.53
95900	0.53	0.41	0.41	0	0	0.53
96000	0.53	0.41	0.41	0	0	0.53
96100	0.52	0.41	0.41	0	0	0.52
96200	0.52	0.41	0.41	0	0	0.52
96300	0.52	0.41	0.41	0	0	0.52
96400	0.52	0.41	0.41	0	0	0.52
96500	0.52	0.41	0.41	0	0	0.52
96600	0.52	0.41	0.41	0	0	0.52
96700	0.52	0.41	0.41	0	0	0.52
96800	0.52	0.41	0.41	0	0	0.52
96900	0.52	0.41	0.41	0	0	0.52
97000	0.53	0.41	0.41	0	0	0.53
97100	0.53	0.4	0.4	0	0	0.53
97200	0.53	0.4	0.4	0	0	0.53
97300	0.53	0.4	0.4	0	0	0.53
97400	0.53	0.39	0.39	0	0	0.53
97500	0.53	0.39	0.39	0	0	0.53
97600	0.53	0.39	0.39	0	0	0.53
97700	0.53	0.39	0.39	0	0	0.53
97800	0.53	0.39	0.39	0	0	0.53
97900	0.53	0.39	0.39	0	0	0.53
98000	0.53	0.39	0.39	0	0	0.53
98100	0.53	0.39	0.39	0	0	0.53
98200	0.53	0.39	0.39	0	0	0.53
98300	0.53	0.39	0.39	0	0	0.53
98400	0.53	0.39	0.39	0	0	0.53
98500	0.53	0.39	0.39	0	0	0.53
98600	0.53	0.39	0.39	0	0	0.53
98700	0.53	0.39	0.39	0	0	0.53
98800	0.53	0.39	0.39	0	0	0.53
98900	0.53	0.39	0.39	0	0	0.53
99000	0.53	0.39	0.39	0	0	0.53
99100	0.52	0.39	0.39	0	0	0.52
99200	0.52	0.39	0.39	0	0	0.52
99300	0.52	0.39	0.39	0	0	0.52
99400	0.52	0.39	0.39	0	0	0.52
99500	0.52	0.39	0.39	0	0	0.52
99600	0.52	0.39	0.39	0	0	0.52
99700	0.52	0.39	0.39	0	0	0.52
99800	0.52	0.39	0.39	0	0	0.52
99900	0.52	0.39	0.39	0	0	0.52
100000	0.52	0.39	0.39	0	0	0.52
