100	0.13	0.06	0.06	0	0	0.13
200	0.14	0.1	0.1	0	0	0.14
300	0.16	0.11	0.11	0	0	0.16
400	0.18	0.11	0.11	0	0	0.18
500	0.2	0.13	0.13	0	0	0.2
600	0.2	0.15	0.15	0	0	0.2
700	0.2	0.15	0.15	0	0	0.2
800	0.22	0.16	0.16	0	0	0.22
900	0.23	0.18	0.18	0	0	0.23
1000	0.23	0.19	0.19	0	0	0.23
1100	0.23	0.19	0.19	0	0	0.23
1200	0.23	0.19	0.19	0	0	0.23
1300	0.23	0.19	0.19	0	0	0.23
1400	0.23	0.2	0.2	0	0	0.23
1500	0.25	0.21	0.21	0	0	0.25
1600	0.26	0.21	0.21	0	0	0.26
1700	0.25	0.21	0.21	0	0	0.25
1800	0.26	0.22	0.22	0	0	0.26
1900	0.26	0.22	0.22	0	0	0.26
2000	0.26	0.22	0.22	0	0	0.26
2100	0.27	0.23	0.23	0	0	0.27
2200	0.27	0.23	0.23	0	0	0.27
2300	0.29	0.23	0.23	0	0	0.29
2400	0.29	0.24	0.24	0	0	0.29
2500	0.3	0.24	0.24	0	0	0.3
2600	0.31	0.24	0.24	0	0	0.31
2700	0.31	0.25	0.25	0	0	0.31
2800	0.31	0.24	0.24	0	0	0.31
2900	0.32	0.24	0.24	0	0	0.32
3000	0.34	0.24	0.24	0	0	0.34
3100	0.34	0.24	0.24	0	0	0.34
3200	0.35	0.24	0.24	0	0	0.35
3300	0.36	0.23	0.23	0	0	0.36
3400	0.36	0.23	0.23	0	0	0.36
3500	0.38	0.23	0.23	0	0	0.38
3600	0.4	0.23	0.23	0	0	0.4
3700	0.4	0.22	0.22	0	0	0.4
3800	0.4	0.22	0.22	0	0	0.4
3900	0.39	0.22	0.22	0	0	0.39
4000	0.39	0.22	0.22	0	0	0.39
4100	0.4	0.22	0.22	0	0	0.4
4200	0.42	0.22	0.22	0	0	0.42
4300	0.42	0.23	0.23	0	0	0.42
4400	0.43	0.23	0.23	0	0	0.43
4500	0.42	0.23	0.23	0	0	0.42
4600	0.43	0.24	0.24	0	0	0.43
4700	0.44	0.24	0.24	0	0	0.44
4800	0.46	0.23	0.23	0	0	0.46
4900	0.46	0.23	0.23	0	0	0.46
5000	0.47	0.23	0.23	0	0	0.47
5100	0.47	0.23	0.23	0	0	0.47
5200	0.46	0.24	0.24	0	0	0.46
5300	0.47	0.24	0.24	0	0	0.47
5400	0.47	0.24	0.24	0	0	0.47
5500	0.47	0.26	0.26	0	0	0.47
5600	0.47	0.27	0.27	0	0	0.47
5700	0.49	0.27	0.27	0	0	0.49
5800	0.48	0.29	0.29	0	0	0.48
5900	0.48	0.3	0.3	0	0	0.48
6000	0.47	0.29	0.29	0	0	0.47
6100	0.47	0.29	0.29	0	0	0.47
6200	0.46	0.31	0.31	0	0	0.46
6300	0.46	0.31	0.31	0	0	0.46
6400	0.45	0.31	0.31	0	0	0.45
6500	0.44	0.32	0.32	0	0	0.44
6600	0.44	0.32	0.32	0	0	0.44
6700	0.42	0.31	0.31	0	0	0.42
6800	0.41	0.32	0.32	0	0	0.41
6900	0.41	0.32	0.32	0	0	0.41
7000	0.41	0.3	0.3	0	0	0.41
7100	0.41	0.31	0.31	0	0	0.41
7200	0.4	0.31	0.31	0	0	0.4
7300	0.4	0.31	0.31	0	0	0.4
7400	0.39	0.3	0.3	0	0	0.39
7500	0.39	0.3	0.3	0	0	0.39
7600	0.39	0.3	0.3	0	0	0.39
7700	0.39	0.3	0.3	0	0	0.39
7800	0.39	0.31	0.31	0	0	0.39
7900	0.39	0.31	0.31	0	0	0.39
8000	0.4	0.31	0.31	0	0	0.4
8100	0.4	0.33	0.33	0	0	0.4
8200	0.4	0.33	0.33	0	0	0.4
8300	0.41	0.32	0.32	0	0	0.41
8400	0.41	0.32	0.32	0	0	0.41
8500	0.42	0.32	0.32	0	0	0.42
8600	0.42	0.33	0.33	0	0	0.42
8700	0.43	0.33	0.33	0	0	0.43
8800	0.43	0.34	0.34	0	0	0.43
8900	0.43	0.34	0.34	0	0	0.43
9000	0.44	0.34	0.34	0	0	0.44
9100	0.45	0.33	0.33	0	0	0.45
9200	0.45	0.33	0.33	0	0	0.45
9300	0.45	0.33	0.33	0	0	0.45
9400	0.46	0.33	0.33	0	0	0.46
9500	0.46	0.33	0.33	0	0	0.46
9600	0.46	0.33	0.33	0	0	0.46
9700	0.46	0.33	0.33	0	0	0.46
9800	0.45	0.33	0.33	0	0	0.45
9900	0.45	0.34	0.34	0	0	0.45
10000	0.45	0.34	0.34	0	0	0.45
10100	0.46	0.34	0.34	0	0	0.46
10200	0.46	0.35	0.35	0	0	0.46
10300	0.46	0.35	0.35	0	0	0.46
10400	0.46	0.34	0.34	0	0	0.46
10500	0.47	0.35	0.35	0	0	0.47
10600	0.47	0.36	0.36	0	0	0.47
10700	0.47	0.36	0.36	0	0	0.47
10800	0.48	0.35	0.35	0	0	0.48
10900	0.48	0.34	0.34	0	0	0.48
11000	0.47	0.33	0.33	0	0	0.47
11100	0.47	0.33	0.33	0	0	0.47
11200	0.47	0.33	0.33	0	0	0.47
11300	0.47	0.33	0.33	0	0	0.47
11400	0.47	0.32	0.32	0	0	0.47
11500	0.47	0.31	0.31	0	0	0.47
11600	0.47	0.31	0.31	0	0	0.47
11700	0.47	0.31	0.31	0	0	0.47
11800	0.47	0.31	0.31	0	0	0.47
11900	0.47	0.3	0.3	0	0	0.47
12000	0.47	0.3	0.3	0	0	0.47
12100	0.47	0.3	0.3	0	0	0.47
12200	0.48	0.3	0.3	0	0	0.48
12300	0.49	0.3	0.3	0	0	0.49
12400	0.49	0.3	0.3	0	0	0.49
12500	0.49	0.3	0.3	0	0	0.49
12600	0.5	0.3	0.3	0	0	0.5
12700	0.5	0.31	0.31	0	0	0.5
12800	0.5	0.31	0.31	0	0	0.5
12900	0.5	0.31	0.31	0	0	0.5
13000	0.5	0.31	0.31	0	0	0.5
13100	0.5	0.31	0.31	0	0	0.5
13200	0.5	0.31	0.31	0	0	0.5
13300	0.51	0.31	0.31	0	0	0.51
13400	0.51	0.31	0.31	0	0	0.51
13500	0.51	0.31	0.31	0	0	0.51
13600	0.51	0.31	0.31	0	0	0.51
13700	0.5	0.32	0.32	0	0	0.5
13800	0.5	0.32	0.32	0	0	0.5
13900	0.49	0.32	0.32	0	0	0.49
14000	0.49	0.33	0.33	0	0	0.49
14100	0.49	0.33	0.33	0	0	0.49
14200	0.49	0.33	0.33	0	0	0.49
14300	0.49	0.33	0.33	0	0	0.49
14400	0.48	0.33	0.33	0	0	0.48
14500	0.48	0.33	0.33	0	0	0.48
14600	0.48	0.33	0.33	0	0	0.48
14700	0.49	0.33	0.33	0	0	0.49
14800	0.5	0.33	0.33	0	0	0.5
14900	0.5	0.33	0.33	0	0	0.5
15000	0.5	0.33	0.33	0	0	0.5
15100	0.49	0.34	0.34	0	0	0.49
15200	0.49	0.33	0.33	0	0	0.49
15300	0.49	0.33	0.33	0	0	0.49
15400	0.49	0.33	0.33	0	0	0.49
15500	0.48	0.33	0.33	0	0	0.48
15600	0.48	0.33	0.33	0	0	0.48
15700	0.49	0.34	0.34	0	0	0.49
15800	0.5	0.34	0.34	0	0	0.5
15900	0.5	0.34	0.34	0	0	0.5
16000	0.5	0.34	0.34	0	0	0.5
16100	0.5	0.35	0.35	0	0	0.5
16200	0.5	0.35	0.35	0	0	0.5
16300	0.5	0.36	0.36	0	0	0.5
16400	0.5	0.36	0.36	0	0	0.5
16500	0.5	0.36	0.36	0	0	0.5
16600	0.5	0.36	0.36	0	0	0.5
16700	0.5	0.38	0.38	0	0	0.5
16800	0.5	0.37	0.37	0	0	0.5
16900	0.51	0.38	0.38	0	0	0.51
17000	0.51	0.38	0.38	0	0	0.51
17100	0.51	0.38	0.38	0	0	0.51
17200	0.51	0.37	0.37	0	0	0.51
17300	0.51	0.37	0.37	0	0	0.51
17400	0.52	0.37	0.37	0	0	0.52
17500	0.52	0.37	0.37	0	0	0.52
17600	0.52	0.37	0.37	0	0	0.52
17700	0.52	0.36	0.36	0	0	0.52
17800	0.52	0.36	0.36	0	0	0.52
17900	0.52	0.36	0.36	0	0	0.52
18000	0.51	0.36	0.36	0	0	0.51
18100	0.51	0.36	0.36	0	0	0.51
18200	0.51	0.36	0.36	0	0	0.51
18300	0.51	0.36	0.36	0	0	0.51
18400	0.51	0.37	0.37	0	0	0.51
18500	0.5	0.38	0.38	0	0	0.5
18600	0.5	0.38	0.38	0	0	0.5
18700	0.5	0.38	0.38	0	0	0.5
18800	0.5	0.38	0.38	0	0	0.5
18900	0.5	0.37	0.37	0	0	0.5
19000	0.5	0.37	0.37	0	0	0.5
19100	0.51	0.38	0.38	0	0	0.51
19200	0.51	0.38	0.38	0	0	0.51
19300	0.51	0.38	0.38	0	0	0.51
19400	0.51	0.38	0.38	0	0	0.51
19500	0.51	0.38	0.38	0	0	0.51
19600	0.51	0.37	0.37	0	0	0.51
19700	0.51	0.37	0.37	0	0	0.51
19800	0.51	0.37	0.37	0	0	0.51
19900	0.51	0.37	0.37	0	0	0.51
20000	0.51	0.37	0.37	0	0	0.51
20100	0.51	0.37	0.37	0	0	0.51
20200	0.51	0.37	0.37	0	0	0.51
20300	0.51	0.37	0.37	0	0	0.51
20400	0.51	0.38	0.38	0	0	0.51
20500	0.52	0.38	0.38	0	0	0.52
20600	0.51	0.38	0.38	0	0	0.51
20700	0.5	0.38	0.38	0	0	0.5
20800	0.5	0.38	0.38	0	0	0.5
20900	0.5	0.38	0.38	0	0	0.5
21000	0.5	0.38	0.38	0	0	0.5
21100	0.5	0.38	0.38	0	0	0.5
21200	0.5	0.38	0.38	0	0	0.5
21300	0.5	0.37	0.37	0	0	0.5
21400	0.5	0.37	0.37	0	0	0.5
21500	0.5	0.37	0.37	0	0	0.5
21600	0.5	0.37	0.37	0	0	0.5
21700	0.5	0.37	0.37	0	0	0.5
21800	0.49	0.38	0.38	0	0	0.49
21900	0.49	0.37	0.37	0	0	0.49
22000	0.5	0.37	0.37	0	0	0.5
22100	0.49	0.37	0.37	0	0	0.49
22200	0.49	0.37	0.37	0	0	0.49
22300	0.49	0.37	0.37	0	0	0.49
22400	0.49	0.37	0.37	0	0	0.49
22500	0.49	0.36	0.36	0	0	0.49
22600	0.48	0.35	0.35	0	0	0.48
22700	0.48	0.35	0.35	0	0	0.48
22800	0.47	0.35	0.35	0	0	0.47
22900	0.48	0.35	0.35	0	0	0.48
23000	0.48	0.35	0.35	0	0	0.48
23100	0.48	0.35	0.35	0	0	0.48
23200	0.48	0.35	0.35	0	0	0.48
23300	0.48	0.35	0.35	0	0	0.48
23400	0.48	0.35	0.35	0	0	0.48
23500	0.48	0.36	0.36	0	0	0.48
23600	0.48	0.36	0.36	0	0	0.48
23700	0.48	0.36	0.36	0	0	0.48
23800	0.48	0.36	0.36	0	0	0.48
23900	0.48	0.36	0.36	0	0	0.48
24000	0.48	0.36	0.36	0	0	0.48
24100	0.49	0.36	0.36	0	0	0.49
24200	0.49	0.36	0.36	0	0	0.49
24300	0.49	0.36	0.36	0	0	0.49
24400	0.49	0.36	0.36	0	0	0.49
24500	0.49	0.36	0.36	0	0	0.49
24600	0.48	0.37	0.37	0	0	0.48
24700	0.48	0.37	0.37	0	0	0.48
24800	0.49	0.37	0.37	0	0	0.49
24900	0.49	0.36	0.36	0	0	0.49
25000	0.48	0.36	0.36	0	0	0.48
25100	0.48	0.36	0.36	0	0	0.48
25200	0.47	0.36	0.36	0	0	0.47
25300	0.47	0.36	0.36	0	0	0.47
25400	0.47	0.36	0.36	0	0	0.47
25500	0.47	0.37	0.37	0	0	0.47
25600	0.47	0.37	0.37	0	0	0.47
25700	0.47	0.38	0.38	0	0	0.47
25800	0.47	0.38	0.38	0	0	0.47
25900	0.47	0.38	0.38	0	0	0.47
26000	0.47	0.38	0.38	0	0	0.47
26100	0.46	0.38	0.38	0	0	0.46
26200	0.47	0.38	0.38	0	0	0.47
26300	0.47	0.38	0.38	0	0	0.47
26400	0.48	0.38	0.38	0	0	0.48
26500	0.49	0.38	0.38	0	0	0.49
26600	0.48	0.38	0.38	0	0	0.48
26700	0.48	0.38	0.38	0	0	0.48
26800	0.48	0.38	0.38	0	0	0.48
26900	0.48	0.38	0.38	0	0	0.48
27000	0.47	0.38	0.38	0	0	0.47
27100	0.47	0.38	0.38	0	0	0.47
27200	0.47	0.38	0.38	0	0	0.47
27300	0.47	0.39	0.39	0	0	0.47
27400	0.47	0.38	0.38	0	0	0.47
27500	0.47	0.39	0.39	0	0	0.47
27600	0.48	0.38	0.38	0	0	0.48
27700	0.47	0.38	0.38	0	0	0.47
27800	0.47	0.38	0.38	0	0	0.47
27900	0.47	0.39	0.39	0	0	0.47
28000	0.47	0.38	0.38	0	0	0.47
28100	0.47	0.38	0.38	0	0	0.47
28200	0.47	0.38	0.38	0	0	0.47
28300	0.47	0.38	0.38	0	0	0.47
28400	0.47	0.38	0.38	0	0	0.47
28500	0.47	0.38	0.38	0	0	0.47
28600	0.47	0.38	0.38	0	0	0.47
28700	0.47	0.38	0.38	0	0	0.47
28800	0.47	0.38	0.38	0	0	0.47
28900	0.47	0.38	0.38	0	0	0.47
29000	0.47	0.38	0.38	0	0	0.47
29100	0.48	0.38	0.38	0	0	0.48
29200	0.49	0.38	0.38	0	0	0.49
29300	0.49	0.38	0.38	0	0	0.49
29400	0.48	0.38	0.38	0	0	0.48
29500	0.47	0.38	0.38	0	0	0.47
29600	0.46	0.37	0.37	0	0	0.46
29700	0.46	0.38	0.38	0	0	0.46
29800	0.46	0.39	0.39	0	0	0.46
29900	0.46	0.41	0.41	0	0	0.46
30000	0.46	0.41	0.41	0	0	0.46
30100	0.46	0.41	0.41	0	0	0.46
30200	0.46	0.41	0.41	0	0	0.46
30300	0.47	0.41	0.41	0	0	0.47
30400	0.47	0.41	0.41	0	0	0.47
30500	0.47	0.41	0.41	0	0	0.47
30600	0.47	0.41	0.41	0	0	0.47
30700	0.46	0.41	0.41	0	0	0.46
30800	0.46	0.41	0.41	0	0	0.46
30900	0.45	0.41	0.41	0	0	0.45
31000	0.45	0.41	0.41	0	0	0.45
31100	0.45	0.43	0.43	0	0	0.45
31200	0.45	0.43	0.43	0	0	0.45
31300	0.45	0.43	0.43	0	0	0.45
31400	0.45	0.43	0.43	0	0	0.45
31500	0.45	0.44	0.44	0	0	0.45
31600	0.45	0.44	0.44	0	0	0.45
31700	0.45	0.44	0.44	0	0	0.45
31800	0.45	0.44	0.44	0	0	0.45
31900	0.45	0.44	0.44	0	0	0.45
32000	0.45	0.44	0.44	0	0	0.45
32100	0.45	0.44	0.44	0	0	0.45
32200	0.45	0.44	0.44	0	0	0.45
32300	0.46	0.44	0.44	0	0	0.46
32400	0.46	0.44	0.44	0	0	0.46
32500	0.46	0.44	0.44	0	0	0.46
32600	0.46	0.44	0.44	0	0	0.46
32700	0.46	0.44	0.44	0	0	0.46
32800	0.46	0.44	0.44	0	0	0.46
32900	0.46	0.44	0.44	0	0	0.46
33000	0.46	0.44	0.44	0	0	0.46
33100	0.47	0.44	0.44	0	0	0.47
33200	0.47	0.44	0.44	0	0	0.47
33300	0.47	0.44	0.44	0	0	0.47
33400	0.47	0.44	0.44	0	0	0.47
33500	0.47	0.43	0.43	0	0	0.47
33600	0.47	0.43	0.43	0	0	0.47
33700	0.47	0.43	0.43	0	0	0.47
33800	0.47	0.43	0.43	0	0	0.47
33900	0.47	0.43	0.43	0	0	0.47
34000	0.46	0.43	0.43	0	0	0.46
34100	0.46	0.43	0.43	0	0	0.46
34200	0.45	0.43	0.43	0	0	0.45
34300	0.46	0.42	0.42	0	0	0.46
34400	0.46	0.42	0.42	0	0	0.46
34500	0.46	0.42	0.42	0	0	0.46
34600	0.46	0.42	0.42	0	0	0.46
34700	0.46	0.42	0.42	0	0	0.46
34800	0.46	0.42	0.42	0	0	0.46
34900	0.46	0.42	0.42	0	0	0.46
35000	0.46	0.42	0.42	0	0	0.46
35100	0.46	0.42	0.42	0	0	0.46
35200	0.46	0.42	0.42	0	0	0.46
35300	0.46	0.4	0.4	0	0	0.46
35400	0.46	0.4	0.4	0	0	0.46
35500	0.46	0.4	0.4	0	0	0.46
35600	0.47	0.4	0.4	0	0	0.47
35700	0.46	0.4	0.4	0	0	0.46
35800	0.46	0.4	0.4	0	0	0.46
35900	0.46	0.4	0.4	0	0	0.46
36000	0.46	0.4	0.4	0	0	0.46
36100	0.46	0.4	0.4	0	0	0.46
36200	0.46	0.4	0.4	0	0	0.46
36300	0.46	0.41	0.41	0	0	0.46
36400	0.46	0.41	0.41	0	0	0.46
36500	0.46	0.41	0.41	0	0	0.46
36600	0.46	0.41	0.41	0	0	0.46
36700	0.46	0.41	0.41	0	0	0.46
36800	0.46	0.41	0.41	0	0	0.46
36900	0.46	0.41	0.41	0	0	0.46
37000	0.46	0.41	0.41	0	0	0.46
37100	0.46	0.41	0.41	0	0	0.46
37200	0.44	0.4	0.4	0	0	0.44
37300	0.44	0.4	0.4	0	0	0.44
37400	0.44	0.4	0.4	0	0	0.44
37500	0.44	0.4	0.4	0	0	0.44
37600	0.44	0.4	0.4	0	0	0.44
37700	0.44	0.4	0.4	0	0	0.44
37800	0.44	0.4	0.4	0	0	0.44
37900	0.45	0.4	0.4	0	0	0.45
38000	0.45	0.4	0.4	0	0	0.45
38100	0.45	0.4	0.4	0	0	0.45
38200	0.45	0.4	0.4	0	0	0.45
38300	0.46	0.4	0.4	0	0	0.46
38400	0.46	0.4	0.4	0	0	0.46
38500	0.46	0.4	0.4	0	0	0.46
38600	0.46	0.4	0.4	0	0	0.46
38700	0.46	0.4	0.4	0	0	0.46
38800	0.46	0.4	0.4	0	0	0.46
38900	0.46	0.42	0.42	0	0	0.46
39000	0.46	0.42	0.42	0	0	0.46
39100	0.46	0.42	0.42	0	0	0.46
39200	0.46	0.42	0.42	0	0	0.46
39300	0.46	0.42	0.42	0	0	0.46
39400	0.45	0.42	0.42	0	0	0.45
39500	0.45	0.42	0.42	0	0	0.45
39600	0.45	0.41	0.41	0	0	0.45
39700	0.45	0.42	0.42	0	0	0.45
39800	0.45	0.42	0.42	0	0	0.45
39900	0.45	0.42	0.42	0	0	0.45
40000	0.46	0.42	0.42	0	0	0.46
40100	0.45	0.42	0.42	0	0	0.45
40200	0.45	0.42	0.42	0	0	0.45
40300	0.46	0.42	0.42	0	0	0.46
40400	0.46	0.42	0.42	0	0	0.46
40500	0.45	0.42	0.42	0	0	0.45
40600	0.45	0.42	0.42	0	0	0.45
40700	0.45	0.42	0.42	0	0	0.45
40800	0.45	0.42	0.42	0	0	0.45
40900	0.44	0.42	0.42	0	0	0.44
41000	0.44	0.42	0.42	0	0	0.44
41100	0.44	0.43	0.43	0	0	0.44
41200	0.44	0.43	0.43	0	0	0.44
41300	0.44	0.43	0.43	0	0	0.44
41400	0.44	0.43	0.43	0	0	0.44
41500	0.44	0.43	0.43	0	0	0.44
41600	0.44	0.43	0.43	0	0	0.44
41700	0.43	0.43	0.43	0	0	0.43
41800	0.43	0.43	0.43	0	0	0.43
41900	0.43	0.43	0.43	0	0	0.43
42000	0.43	0.43	0.43	0	0	0.43
42100	0.43	0.43	0.43	0	0	0.43
42200	0.43	0.43	0.43	0	0	0.43
42300	0.43	0.43	0.43	0	0	0.43
42400	0.43	0.43	0.43	0	0	0.43
42500	0.43	0.43	0.43	0	0	0.43
42600	0.43	0.43	0.43	0	0	0.43
42700	0.43	0.43	0.43	0	0	0.43
42800	0.42	0.43	0.43	0	0	0.42
42900	0.42	0.43	0.43	0	0	0.42
43000	0.42	0.43	0.43	0	0	0.42
43100	0.41	0.43	0.43	0	0	0.41
43200	0.41	0.43	0.43	0	0	0.41
43300	0.41	0.43	0.43	0	0	0.41
43400	0.41	0.43	0.43	0	0	0.41
43500	0.41	0.43	0.43	0	0	0.41
43600	0.41	0.44	0.44	0	0	0.41
43700	0.41	0.44	0.44	0	0	0.41
43800	0.4	0.46	0.46	0	0	0.4
43900	0.4	0.44	0.44	0	0	0.4
44000	0.4	0.44	0.44	0	0	0.4
44100	0.4	0.44	0.44	0	0	0.4
44200	0.4	0.43	0.43	0	0	0.4
44300	0.39	0.43	0.43	0	0	0.39
44400	0.39	0.43	0.43	0	0	0.39
44500	0.39	0.44	0.44	0	0	0.39
44600	0.39	0.44	0.44	0	0	0.39
44700	0.39	0.44	0.44	0	0	0.39
44800	0.39	0.44	0.44	0	0	0.39
44900	0.39	0.46	0.46	0	0	0.39
45000	0.39	0.45	0.45	0	0	0.39
45100	0.39	0.45	0.45	0	0	0.39
45200	0.39	0.43	0.43	0	0	0.39
45300	0.39	0.43	0.43	0	0	0.39
45400	0.39	0.43	0.43	0	0	0.39
45500	0.39	0.43	0.43	0	0	0.39
45600	0.39	0.42	0.42	0	0	0.39
45700	0.39	0.42	0.42	0	0	0.39
45800	0.39	0.42	0.42	0	0	0.39
45900	0.39	0.42	0.42	0	0	0.39
46000	0.39	0.42	0.42	0	0	0.39
46100	0.39	0.43	0.43	0	0	0.39
46200	0.41	0.43	0.43	0	0	0.41
46300	0.41	0.44	0.44	0	0	0.41
46400	0.41	0.45	0.45	0	0	0.41
46500	0.41	0.45	0.45	0	0	0.41
46600	0.41	0.44	0.44	0	0	0.41
46700	0.41	0.45	0.45	0	0	0.41
46800	0.41	0.45	0.45	0	0	0.41
46900	0.42	0.45	0.45	0	0	0.42
47000	0.42	0.45	0.45	0	0	0.42
47100	0.43	0.45	0.45	0	0	0.43
47200	0.43	0.45	0.45	0	0	0.43
47300	0.43	0.45	0.45	0	0	0.43
47400	0.44	0.46	0.46	0	0	0.44
47500	0.44	0.46	0.46	0	0	0.44
47600	0.44	0.46	0.46	0	0	0.44
47700	0.44	0.46	0.46	0	0	0.44
47800	0.44	0.46	0.46	0	0	0.44
47900	0.44	0.46	0.46	0	0	0.44
48000	0.44	0.46	0.46	0	0	0.44
48100	0.44	0.46	0.46	0	0	0.44
48200	0.44	0.46	0.46	0	0	0.44
48300	0.44	0.46	0.46	0	0	0.44
48400	0.44	0.46	0.46	0	0	0.44
48500	0.44	0.46	0.46	0	0	0.44
48600	0.44	0.46	0.46	0	0	0.44
48700	0.44	0.46	0.46	0	0	0.44
48800	0.44	0.46	0.46	0	0	0.44
48900	0.44	0.46	0.46	0	0	0.44
49000	0.44	0.46	0.46	0	0	0.44
49100	0.44	0.46	0.46	0	0	0.44
49200	0.45	0.45	0.45	0	0	0.45
49300	0.46	0.45	0.45	0	0	0.46
49400	0.46	0.45	0.45	0	0	0.46
49500	0.46	0.45	0.45	0	0	0.46
49600	0.46	0.45	0.45	0	0	0.46
49700	0.46	0.45	0.45	0	0	0.46
49800	0.46	0.45	0.45	0	0	0.46
49900	0.46	0.46	0.46	0	0	0.46
50000	0.47	0.46	0.46	0	0	0.47
50100	0.47	0.46	0.46	0	0	0.47
50200	0.47	0.46	0.46	0	0	0.47
50300	0.47	0.46	0.46	0	0	0.47
50400	0.47	0.46	0.46	0	0	0.47
50500	0.47	0.46	0.46	0	0	0.47
50600	0.47	0.46	0.46	0	0	0.47
50700	0.47	0.46	0.46	0	0	0.47
50800	0.47	0.47	0.47	0	0	0.47
50900	0.48	0.47	0.47	0	0	0.48
51000	0.48	0.47	0.47	0	0	0.48
51100	0.49	0.47	0.47	0	0	0.49
51200	0.49	0.47	0.47	0	0	0.49
51300	0.49	0.47	0.47	0	0	0.49
51400	0.49	0.47	0.47	0	0	0.49
51500	0.49	0.47	0.47	0	0	0.49
51600	0.49	0.47	0.47	0	0	0.49
51700	0.49	0.47	0.47	0	0	0.49
51800	0.48	0.46	0.46	0	0	0.48
51900	0.48	0.46	0.46	0	0	0.48
52000	0.48	0.46	0.46	0	0	0.48
52100	0.48	0.45	0.45	0	0	0.48
52200	0.48	0.45	0.45	0	0	0.48
52300	0.48	0.45	0.45	0	0	0.48
52400	0.48	0.45	0.45	0	0	0.48
52500	0.48	0.45	0.45	0	0	0.48
52600	0.48	0.45	0.45	0	0	0.48
52700	0.48	0.45	0.45	0	0	0.48
52800	0.48	0.45	0.45	0	0	0.48
52900	0.48	0.45	0.45	0	0	0.48
53000	0.48	0.45	0.45	0	0	0.48
53100	0.49	0.45	0.45	0	0	0.49
53200	0.48	0.45	0.45	0	0	0.48
53300	0.48	0.45	0.45	0	0	0.48
53400	0.48	0.45	0.45	0	0	0.48
53500	0.47	0.46	0.46	0	0	0.47
53600	0.47	0.46	0.46	0	0	0.47
53700	0.47	0.46	0.46	0	0	0.47
53800	0.47	0.46	0.46	0	0	0.47
53900	0.47	0.46	0.46	0	0	0.47
54000	0.47	0.46	0.46	0	0	0.47
54100	0.47	0.46	0.46	0	0	0.47
54200	0.48	0.46	0.46	0	0	0.48
54300	0.48	0.45	0.45	0	0	0.48
54400	0.48	0.45	0.45	0	0	0.48
54500	0.48	0.45	0.45	0	0	0.48
54600	0.48	0.45	0.45	0	0	0.48
54700	0.48	0.44	0.44	0	0	0.48
54800	0.48	0.44	0.44	0	0	0.48
54900	0.48	0.44	0.44	0	0	0.48
55000	0.48	0.45	0.45	0	0	0.48
55100	0.48	0.45	0.45	0	0	0.48
55200	0.48	0.45	0.45	0	0	0.48
55300	0.48	0.45	0.45	0	0	0.48
55400	0.48	0.45	0.45	0	0	0.48
55500	0.48	0.45	0.45	0	0	0.48
55600	0.48	0.45	0.45	0	0	0.48
55700	0.49	0.45	0.45	0	0	0.49
55800	0.49	0.45	0.45	0	0	0.49
55900	0.49	0.45	0.45	0	0	0.49
56000	0.49	0.44	0.44	0	0	0.49
56100	0.49	0.43	0.43	0	0	0.49
56200	0.48	0.43	0.43	0	0	0.48
56300	0.48	0.43	0.43	0	0	0.48
56400	0.48	0.43	0.43	0	0	0.48
56500	0.47	0.43	0.43	0	0	0.47
56600	0.47	0.43	0.43	0	0	0.47
56700	0.47	0.42	0.42	0	0	0.47
56800	0.47	0.42	0.42	0	0	0.47
56900	0.47	0.42	0.42	0	0	0.47
57000	0.48	0.42	0.42	0	0	0.48
57100	0.48	0.42	0.42	0	0	0.48
57200	0.48	0.42	0.42	0	0	0.48
57300	0.47	0.42	0.42	0	0	0.47
57400	0.47	0.42	0.42	0	0	0.47
57500	0.47	0.42	0.42	0	0	0.47
57600	0.47	0.42	0.42	0	0	0.47
57700	0.47	0.42	0.42	0	0	0.47
57800	0.47	0.42	0.42	0	0	0.47
57900	0.47	0.42	0.42	0	0	0.47
58000	0.47	0.42	0.42	0	0	0.47
58100	0.47	0.42	0.42	0	0	0.47
58200	0.47	0.42	0.42	0	0	0.47
58300	0.47	0.43	0.43	0	0	0.47
58400	0.48	0.42	0.42	0	0	0.48
58500	0.48	0.41	0.41	0	0	0.48
58600	0.48	0.41	0.41	0	0	0.48
58700	0.48	0.41	0.41	0	0	0.48
58800	0.48	0.4	0.4	0	0	0.48
58900	0.49	0.4	0.4	0	0	0.49
59000	0.49	0.4	0.4	0	0	0.49
59100	0.49	0.4	0.4	0	0	0.49
59200	0.5	0.4	0.4	0	0	0.5
59300	0.5	0.4	0.4	0	0	0.5
59400	0.5	0.4	0.4	0	0	0.5
59500	0.5	0.39	0.39	0	0	0.5
59600	0.5	0.39	0.39	0	0	0.5
59700	0.49	0.39	0.39	0	0	0.49
59800	0.49	0.39	0.39	0	0	0.49
59900	0.49	0.39	0.39	0	0	0.49
60000	0.49	0.4	0.4	0	0	0.49
60100	0.49	0.4	0.4	0	0	0.49
60200	0.49	0.4	0.4	0	0	0.49
60300	0.48	0.4	0.4	0	0	0.48
60400	0.49	0.4	0.4	0	0	0.49
60500	0.49	0.4	0.4	0	0	0.49
60600	0.49	0.41	0.41	0	0	0.49
60700	0.5	0.41	0.41	0	0	0.5
60800	0.5	0.41	0.41	0	0	0.5
60900	0.5	0.41	0.41	0	0	0.5
61000	0.5	0.42	0.42	0	0	0.5
61100	0.51	0.42	0.42	0	0	0.51
61200	0.51	0.42	0.42	0	0	0.51
61300	0.51	0.42	0.42	0	0	0.51
61400	0.51	0.42	0.42	0	0	0.51
61500	0.51	0.42	0.42	0	0	0.51
61600	0.51	0.42	0.42	0	0	0.51
61700	0.51	0.43	0.43	0	0	0.51
61800	0.51	0.43	0.43	0	0	0.51
61900	0.51	0.43	0.43	0	0	0.51
62000	0.51	0.43	0.43	0	0	0.51
62100	0.5	0.42	0.42	0	0	0.5
62200	0.5	0.42	0.42	0	0	0.5
62300	0.5	0.42	0.42	0	0	0.5
62400	0.5	0.42	0.42	0	0	0.5
62500	0.5	0.42	0.42	0	0	0.5
62600	0.5	0.42	0.42	0	0	0.5
62700	0.5	0.42	0.42	0	0	0.5
62800	0.5	0.42	0.42	0	0	0.5
62900	0.5	0.42	0.42	0	0	0.5
63000	0.5	0.42	0.42	0	0	0.5
63100	0.5	0.41	0.41	0	0	0.5
63200	0.5	0.41	0.41	0	0	0.5
63300	0.5	0.41	0.41	0	0	0.5
63400	0.5	0.41	0.41	0	0	0.5
63500	0.5	0.41	0.41	0	0	0.5
63600	0.5	0.41	0.41	0	0	0.5
63700	0.5	0.41	0.41	0	0	0.5
63800	0.5	0.4	0.4	0	0	0.5
63900	0.5	0.4	0.4	0	0	0.5
64000	0.5	0.4	0.4	0	0	0.5
64100	0.5	0.4	0.4	0	0	0.5
64200	0.5	0.4	0.4	0	0	0.5
64300	0.5	0.4	0.4	0	0	0.5
64400	0.5	0.4	0.4	0	0	0.5
64500	0.5	0.4	0.4	0	0	0.5
64600	0.49	0.4	0.4	0	0	0.49
64700	0.49	0.4	0.4	0	0	0.49
64800	0.49	0.4	0.4	0	0	0.49
64900	0.49	0.4	0.4	0	0	0.49
65000	0.49	0.41	0.41	0	0	0.49
65100	0.49	0.41	0.41	0	0	0.49
65200	0.49	0.41	0.41	0	0	0.49
65300	0.49	0.41	0.41	0	0	0.49
65400	0.49	0.41	0.41	0	0	0.49
65500	0.48	0.41	0.41	0	0	0.48
65600	0.48	0.41	0.41	0	0	0.48
65700	0.48	0.42	0.42	0	0	0.48
65800	0.48	0.42	0.42	0	0	0.48
65900	0.48	0.42	0.42	0	0	0.48
66000	0.48	0.42	0.42	0	0	0.48
66100	0.48	0.42	0.42	0	0	0.48
66200	0.48	0.42	0.42	0	0	0.48
66300	0.47	0.42	0.42	0	0	0.47
66400	0.47	0.42	0.42	0	0	0.47
66500	0.47	0.43	0.43	0	0	0.47
66600	0.47	0.43	0.43	0	0	0.47
66700	0.47	0.43	0.43	0	0	0.47
66800	0.47	0.43	0.43	0	0	0.47
66900	0.48	0.43	0.43	0	0	0.48
67000	0.47	0.43	0.43	0	0	0.47
67100	0.47	0.43	0.43	0	0	0.47
67200	0.47	0.43	0.43	0	0	0.47
67300	0.47	0.43	0.43	0	0	0.47
67400	0.47	0.43	0.43	0	0	0.47
67500	0.47	0.43	0.43	0	0	0.47
67600	0.47	0.43	0.43	0	0	0.47
67700	0.47	0.43	0.43	0	0	0.47
67800	0.47	0.43	0.43	0	0	0.47
67900	0.47	0.42	0.42	0	0	0.47
68000	0.47	0.42	0.42	0	0	0.47
68100	0.47	0.42	0.42	0	0	0.47
68200	0.47	0.42	0.42	0	0	0.47
68300	0.47	0.42	0.42	0	0	0.47
68400	0.47	0.41	0.41	0	0	0.47
68500	0.47	0.41	0.41	0	0	0.47
68600	0.47	0.41	0.41	0	0	0.47
68700	0.47	0.41	0.41	0	0	0.47
68800	0.47	0.41	0.41	0	0	0.47
68900	0.47	0.41	0.41	0	0	0.47
69000	0.47	0.41	0.41	0	0	0.47
69100	0.47	0.41	0.41	0	0	0.47
69200	0.47	0.41	0.41	0	0	0.47
69300	0.47	0.41	0.41	0	0	0.47
69400	0.47	0.41	0.41	0	0	0.47
69500	0.47	0.41	0.41	0	0	0.47
69600	0.47	0.41	0.41	0	0	0.47
69700	0.47	0.41	0.41	0	0	0.47
69800	0.47	0.4	0.4	0	0	0.47
69900	0.47	0.41	0.41	0	0	0.47
70000	0.46	0.42	0.42	0	0	0.46
70100	0.46	0.42	0.42	0	0	0.46
70200	0.46	0.42	0.42	0	0	0.46
70300	0.46	0.43	0.43	0	0	0.46
70400	0.46	0.42	0.42	0	0	0.46
70500	0.46	0.42	0.42	0	0	0.46
70600	0.46	0.42	0.42	0	0	0.46
70700	0.46	0.43	0.43	0	0	0.46
70800	0.46	0.43	0.43	0	0	0.46
70900	0.46	0.43	0.43	0	0	0.46
71000	0.46	0.43	0.43	0	0	0.46
71100	0.46	0.43	0.43	0	0	0.46
71200	0.46	0.43	0.43	0	0	0.46
71300	0.47	0.44	0.44	0	0	0.47
71400	0.47	0.44	0.44	0	0	0.47
71500	0.47	0.44	0.44	0	0	0.47
71600	0.47	0.44	0.44	0	0	0.47
71700	0.47	0.44	0.44	0	0	0.47
71800	0.47	0.44	0.44	0	0	0.47
71900	0.47	0.44	0.44	0	0	0.47
72000	0.47	0.44	0.44	0	0	0.47
72100	0.47	0.44	0.44	0	0	0.47
72200	0.47	0.44	0.44	0	0	0.47
72300	0.47	0.44	0.44	0	0	0.47
72400	0.47	0.44	0.44	0	0	0.47
72500	0.47	0.44	0.44	0	0	0.47
72600	0.47	0.45	0.45	0	0	0.47
72700	0.47	0.45	0.45	0	0	0.47
72800	0.47	0.45	0.45	0	0	0.47
72900	0.47	0.44	0.44	0	0	0.47
73000	0.47	0.44	0.44	0	0	0.47
73100	0.47	0.44	0.44	0	0	0.47
73200	0.48	0.44	0.44	0	0	0.48
73300	0.48	0.44	0.44	0	0	0.48
73400	0.48	0.44	0.44	0	0	0.48
73500	0.48	0.45	0.45	0	0	0.48
73600	0.48	0.45	0.45	0	0	0.48
73700	0.48	0.45	0.45	0	0	0.48
73800	0.48	0.45	0.45	0	0	0.48
73900	0.48	0.45	0.45	0	0	0.48
74000	0.48	0.45	0.45	0	0	0.48
74100	0.48	0.45	0.45	0	0	0.48
74200	0.48	0.45	0.45	0	0	0.48
74300	0.48	0.45	0.45	0	0	0.48
74400	0.48	0.45	0.45	0	0	0.48
74500	0.48	0.45	0.45	0	0	0.48
74600	0.48	0.45	0.45	0	0	0.48
74700	0.48	0.45	0.45	0	0	0.48
74800	0.48	0.45	0.45	0	0	0.48
74900	0.48	0.44	0.44	0	0	0.48
75000	0.48	0.44	0.44	0	0	0.48
75100	0.48	0.44	0.44	0	0	0.48
75200	0.47	0.44	0.44	0	0	0.47
75300	0.47	0.44	0.44	0	0	0.47
75400	0.47	0.44	0.44	0	0	0.47
75500	0.47	0.44	0.44	0	0	0.47
75600	0.47	0.44	0.44	0	0	0.47
75700	0.47	0.44	0.44	0	0	0.47
75800	0.47	0.44	0.44	0	0	0.47
75900	0.47	0.44	0.44	0	0	0.47
76000	0.47	0.44	0.44	0	0	0.47
76100	0.47	0.44	0.44	0	0	0.47
76200	0.47	0.44	0.44	0	0	0.47
76300	0.47	0.44	0.44	0	0	0.47
76400	0.47	0.44	0.44	0	0	0.47
76500	0.47	0.44	0.44	0	0	0.47
76600	0.47	0.45	0.45	0	0	0.47
76700	0.47	0.45	0.45	0	0	0.47
76800	0.47	0.45	0.45	0	0	0.47
76900	0.47	0.45	0.45	0	0	0.47
77000	0.47	0.45	0.45	0	0	0.47
77100	0.47	0.45	0.45	0	0	0.47
77200	0.47	0.45	0.45	0	0	0.47
77300	0.47	0.45	0.45	0	0	0.47
77400	0.47	0.45	0.45	0	0	0.47
77500	0.47	0.45	0.45	0	0	0.47
77600	0.47	0.45	0.45	0	0	0.47
77700	0.47	0.45	0.45	0	0	0.47
77800	0.47	0.45	0.45	0	0	0.47
77900	0.47	0.45	0.45	0	0	0.47
78000	0.47	0.45	0.45	0	0	0.47
78100	0.47	0.45	0.45	0	0	0.47
78200	0.47	0.45	0.45	0	0	0.47
78300	0.47	0.45	0.45	0	0	0.47
78400	0.47	0.45	0.45	0	0	0.47
78500	0.47	0.45	0.45	0	0	0.47
78600	0.47	0.45	0.45	0	0	0.47
78700	0.47	0.45	0.45	0	0	0.47
78800	0.47	0.45	0.45	0	0	0.47
78900	0.47	0.44	0.44	0	0	0.47
79000	0.47	0.44	0.44	0	0	0.47
79100	0.47	0.44	0.44	0	0	0.47
79200	0.47	0.44	0.44	0	0	0.47
79300	0.47	0.43	0.43	0	0	0.47
79400	0.47	0.43	0.43	0	0	0.47
79500	0.47	0.43	0.43	0	0	0.47
79600	0.47	0.43	0.43	0	0	0.47
79700	0.47	0.44	0.44	0	0	0.47
79800	0.47	0.43	0.43	0	0	0.47
79900	0.47	0.43	0.43	0	0	0.47
80000	0.47	0.43	0.43	0	0	0.47
80100	0.47	0.44	0.44	0	0	0.47
80200	0.47	0.44	0.44	0	0	0.47
80300	0.47	0.44	0.44	0	0	0.47
80400	0.47	0.44	0.44	0	0	0.47
80500	0.47	0.44	0.44	0	0	0.47
80600	0.47	0.44	0.44	0	0	0.47
80700	0.47	0.44	0.44	0	0	0.47
80800	0.47	0.44	0.44	0	0	0.47
80900	0.47	0.44	0.44	0	0	0.47
81000	0.47	0.44	0.44	0	0	0.47
81100	0.47	0.44	0.44	0	0	0.47
81200	0.47	0.44	0.44	0	0	0.47
81300	0.47	0.44	0.44	0	0	0.47
81400	0.47	0.44	0.44	0	0	0.47
81500	0.47	0.44	0.44	0	0	0.47
81600	0.46	0.44	0.44	0	0	0.46
81700	0.44	0.44	0.44	0	0	0.44
81800	0.44	0.44	0.44	0	0	0.44
81900	0.44	0.44	0.44	0	0	0.44
82000	0.45	0.44	0.44	0	0	0.45
82100	0.46	0.44	0.44	0	0	0.46
82200	0.46	0.45	0.45	0	0	0.46
82300	0.46	0.44	0.44	0	0	0.46
82400	0.46	0.44	0.44	0	0	0.46
82500	0.46	0.43	0.43	0	0	0.46
82600	0.46	0.43	0.43	0	0	0.46
82700	0.46	0.43	0.43	0	0	0.46
82800	0.46	0.43	0.43	0	0	0.46
82900	0.46	0.43	0.43	0	0	0.46
83000	0.46	0.43	0.43	0	0	0.46
83100	0.46	0.43	0.43	0	0	0.46
83200	0.46	0.43	0.43	0	0	0.46
83300	0.47	0.43	0.43	0	0	0.47
83400	0.47	0.43	0.43	0	0	0.47
83500	0.47	0.43	0.43	0	0	0.47
83600	0.47	0.43	0.43	0	0	0.47
83700	0.47	0.43	0.43	0	0	0.47
83800	0.48	0.43	0.43	0	0	0.48
83900	0.48	0.43	0.43	0	0	0.48
84000	0.48	0.43	0.43	0	0	0.48
84100	0.48	0.43	0.43	0	0	0.48
84200	0.48	0.43	0.43	0	0	0.48
84300	0.49	0.43	0.43	0	0	0.49
84400	0.49	0.43	0.43	0	0	0.49
84500	0.49	0.43	0.43	0	0	0.49
84600	0.49	0.43	0.43	0	0	0.49
84700	0.49	0.43	0.43	0	0	0.49
84800	0.49	0.43	0.43	0	0	0.49
84900	0.49	0.43	0.43	0	0	0.49
85000	0.49	0.43	0.43	0	0	0.49
85100	0.49	0.43	0.43	0	0	0.49
85200	0.49	0.43	0.43	0	0	0.49
85300	0.49	0.44	0.44	0	0	0.49
85400	0.49	0.44	0.44	0	0	0.49
85500	0.49	0.44	0.44	0	0	0.49
85600	0.49	0.44	0.44	0	0	0.49
85700	0.49	0.44	0.44	0	0	0.49
85800	0.49	0.44	0.44	0	0	0.49
85900	0.49	0.44	0.44	0	0	0.49
86000	0.49	0.44	0.44	0	0	0.49
86100	0.49	0.44	0.44	0	0	0.49
86200	0.49	0.44	0.44	0	0	0.49
86300	0.49	0.44	0.44	0	0	0.49
86400	0.49	0.44	0.44	0	0	0.49
86500	0.49	0.44	0.44	0	0	0.49
86600	0.49	0.44	0.44	0	0	0.49
86700	0.48	0.44	0.44	0	0	0.48
86800	0.48	0.44	0.44	0	0	0.48
86900	0.48	0.44	0.44	0	0	0.48
87000	0.48	0.44	0.44	0	0	0.48
87100	0.48	0.44	0.44	0	0	0.48
87200	0.48	0.43	0.43	0	0	0.48
87300	0.48	0.43	0.43	0	0	0.48
87400	0.48	0.43	0.43	0	0	0.48
87500	0.48	0.43	0.43	0	0	0.48
87600	0.48	0.43	0.43	0	0	0.48
87700	0.48	0.43	0.43	0	0	0.48
87800	0.48	0.43	0.43	0	0	0.48
87900	0.48	0.43	0.43	0	0	0.48
88000	0.48	0.43	0.43	0	0	0.48
88100	0.48	0.43	0.43	0	0	0.48
88200	0.48	0.43	0.43	0	0	0.48
88300	0.49	0.43	0.43	0	0	0.49
88400	0.48	0.43	0.43	0	0	0.48
88500	0.48	0.43	0.43	0	0	0.48
88600	0.48	0.43	0.43	0	0	0.48
88700	0.48	0.43	0.43	0	0	0.48
88800	0.48	0.43	0.43	0	0	0.48
88900	0.48	0.43	0.43	0	0	0.48
89000	0.48	0.43	0.43	0	0	0.48
89100	0.48	0.43	0.43	0	0	0.48
89200	0.48	0.43	0.43	0	0	0.48
89300	0.48	0.43	0.43	0	0	0.48
89400	0.48	0.43	0.43	0	0	0.48
89500	0.48	0.43	0.43	0	0	0.48
89600	0.47	0.43	0.43	0	0	0.47
89700	0.47	0.43	0.43	0	0	0.47
89800	0.47	0.43	0.43	0	0	0.47
89900	0.47	0.43	0.43	0	0	0.47
90000	0.47	0.44	0.44	0	0	0.47
90100	0.47	0.44	0.44	0	0	0.47
90200	0.47	0.44	0.44	0	0	0.47
90300	0.47	0.44	0.44	0	0	0.47
90400	0.47	0.45	0.45	0	0	0.47
90500	0.47	0.44	0.44	0	0	0.47
90600	0.47	0.44	0.44	0	0	0.47
90700	0.47	0.44	0.44	0	0	0.47
90800	0.47	0.44	0.44	0	0	0.47
90900	0.47	0.44	0.44	0	0	0.47
91000	0.47	0.44	0.44	0	0	0.47
91100	0.47	0.44	0.44	0	0	0.47
91200	0.47	0.45	0.45	0	0	0.47
91300	0.47	0.45	0.45	0	0	0.47
91400	0.47	0.45	0.45	0	0	0.47
91500	0.47	0.45	0.45	0	0	0.47
91600	0.47	0.44	0.44	0	0	0.47
91700	0.47	0.44	0.44	0	0	0.47
91800	0.47	0.44	0.44	0	0	0.47
91900	0.47	0.44	0.44	0	0	0.47
92000	0.47	0.44	0.44	0	0	0.47
92100	0.47	0.44	0.44	0	0	0.47
92200	0.47	0.44	0.44	0	0	0.47
92300	0.47	0.44	0.44	0	0	0.47
92400	0.47	0.44	0.44	0	0	0.47
92500	0.47	0.44	0.44	0	0	0.47
92600	0.47	0.44	0.44	0	0	0.47
92700	0.47	0.44	0.44	0	0	0.47
92800	0.47	0.44	0.44	0	0	0.47
92900	0.47	0.44	0.44	0	0	0.47
93000	0.47	0.44	0.44	0	0	0.47
93100	0.47	0.42	0.42	0	0	0.47
93200	0.47	0.41	0.41	0	0	0.47
93300	0.48	0.41	0.41	0	0	0.48
93400	0.47	0.41	0.41	0	0	0.47
93500	0.48	0.41	0.41	0	0	0.48
93600	0.48	0.41	0.41	0	0	0.48
93700	0.49	0.41	0.41	0	0	0.49
93800	0.49	0.42	0.42	0	0	0.49
93900	0.49	0.42	0.42	0	0	0.49
94000	0.49	0.42	0.42	0	0	0.49
94100	0.49	0.42	0.42	0	0	0.49
94200	0.49	0.42	0.42	0	0	0.49
94300	0.49	0.43	0.43	0	0	0.49
94400	0.49	0.43	0.43	0	0	0.49
94500	0.49	0.43	0.43	0	0	0.49
94600	0.49	0.43	0.43	0	0	0.49
94700	0.49	0.43	0.43	0	0	0.49
94800	0.49	0.43	0.43	0	0	0.49
94900	0.49	0.43	0.43	0	0	0.49
95000	0.49	0.43	0.43	0	0	0.49
95100	0.49	0.43	0.43	0	0	0.49
95200	0.49	0.43	0.43	0	0	0.49
95300	0.49	0.43	0.43	0	0	0.49
95400	0.49	0.43	0.43	0	0	0.49
95500	0.5	0.43	0.43	0	0	0.5
95600	0.5	0.43	0.43	0	0	0.5
95700	0.5	0.43	0.43	0	0	0.5
95800	0.5	0.43	0.43	0	0	0.5
95900	0.5	0.43	0.43	0	0	0.5
96000	0.5	0.43	0.43	0	0	0.5
96100	0.5	0.43	0.43	0	0	0.5
96200	0.5	0.43	0.43	0	0	0.5
96300	0.5	0.43	0.43	0	0	0.5
96400	0.5	0.43	0.43	0	0	0.5
96500	0.5	0.43	0.43	0	0	0.5
96600	0.5	0.43	0.43	0	0	0.5
96700	0.5	0.43	0.43	0	0	0.5
96800	0.5	0.43	0.43	0	0	0.5
96900	0.5	0.42	0.42	0	0	0.5
97000	0.5	0.42	0.42	0	0	0.5
97100	0.5	0.42	0.42	0	0	0.5
97200	0.5	0.42	0.42	0	0	0.5
97300	0.5	0.42	0.42	0	0	0.5
97400	0.51	0.42	0.42	0	0	0.51
97500	0.51	0.42	0.42	0	0	0.51
97600	0.51	0.42	0.42	0	0	0.51
97700	0.51	0.42	0.42	0	0	0.51
97800	0.51	0.42	0.42	0	0	0.51
97900	0.51	0.42	0.42	0	0	0.51
98000	0.51	0.42	0.42	0	0	0.51
98100	0.51	0.42	0.42	0	0	0.51
98200	0.5	0.42	0.42	0	0	0.5
98300	0.5	0.42	0.42	0	0	0.5
98400	0.5	0.42	0.42	0	0	0.5
98500	0.5	0.42	0.42	0	0	0.5
98600	0.49	0.42	0.42	0	0	0.49
98700	0.49	0.42	0.42	0	0	0.49
98800	0.49	0.42	0.42	0	0	0.49
98900	0.48	0.42	0.42	0	0	0.48
99000	0.48	0.42	0.42	0	0	0.48
99100	0.48	0.42	0.42	0	0	0.48
99200	0.48	0.42	0.42	0	0	0.48
99300	0.48	0.42	0.42	0	0	0.48
99400	0.48	0.42	0.42	0	0	0.48
99500	0.48	0.42	0.42	0	0	0.48
99600	0.48	0.42	0.42	0	0	0.48
99700	0.48	0.42	0.42	0	0	0.48
99800	0.48	0.42	0.42	0	0	0.48
99900	0.48	0.42	0.42	0	0	0.48
100000	0.47	0.42	0.42	0	0	0.47
