100	0.13	0.12	0.12	0	0	0.13
200	0.16	0.12	0.12	0	0	0.16
300	0.16	0.13	0.13	0	0	0.16
400	0.18	0.16	0.16	0	0	0.18
500	0.17	0.16	0.16	0	0	0.17
600	0.19	0.17	0.17	0	0	0.19
700	0.19	0.17	0.17	0	0	0.19
800	0.19	0.17	0.17	0	0	0.19
900	0.19	0.17	0.17	0	0	0.19
1000	0.19	0.19	0.19	0	0	0.19
1100	0.2	0.19	0.19	0	0	0.2
1200	0.2	0.19	0.19	0	0	0.2
1300	0.21	0.2	0.2	0	0	0.21
1400	0.22	0.19	0.19	0	0	0.22
1500	0.22	0.22	0.22	0	0	0.22
1600	0.24	0.23	0.23	0	0	0.24
1700	0.27	0.23	0.23	0	0	0.27
1800	0.27	0.24	0.24	0	0	0.27
1900	0.27	0.23	0.23	0	0	0.27
2000	0.28	0.23	0.23	0	0	0.28
2100	0.28	0.24	0.24	0	0	0.28
2200	0.27	0.24	0.24	0	0	0.27
2300	0.28	0.22	0.22	0	0	0.28
2400	0.28	0.22	0.22	0	0	0.28
2500	0.29	0.23	0.23	0	0	0.29
2600	0.29	0.22	0.22	0	0	0.29
2700	0.29	0.24	0.24	0	0	0.29
2800	0.3	0.23	0.23	0	0	0.3
2900	0.3	0.25	0.25	0	0	0.3
3000	0.3	0.25	0.25	0	0	0.3
3100	0.3	0.26	0.26	0	0	0.3
3200	0.3	0.26	0.26	0	0	0.3
3300	0.3	0.26	0.26	0	0	0.3
3400	0.3	0.26	0.26	0	0	0.3
3500	0.3	0.26	0.26	0	0	0.3
3600	0.31	0.27	0.27	0	0	0.31
3700	0.31	0.28	0.28	0	0	0.31
3800	0.32	0.28	0.28	0	0	0.32
3900	0.33	0.29	0.29	0	0	0.33
4000	0.34	0.31	0.31	0	0	0.34
4100	0.32	0.31	0.31	0	0	0.32
4200	0.34	0.31	0.31	0	0	0.34
4300	0.35	0.32	0.32	0	0	0.35
4400	0.35	0.33	0.33	0	0	0.35
4500	0.36	0.33	0.33	0	0	0.36
4600	0.36	0.33	0.33	0	0	0.36
4700	0.37	0.34	0.34	0	0	0.37
4800	0.37	0.35	0.35	0	0	0.37
4900	0.36	0.35	0.35	0	0	0.36
5000	0.36	0.36	0.36	0	0	0.36
5100	0.36	0.36	0.36	0	0	0.36
5200	0.38	0.36	0.36	0	0	0.38
5300	0.36	0.36	0.36	0	0	0.36
5400	0.36	0.35	0.35	0	0	0.36
5500	0.36	0.35	0.35	0	0	0.36
5600	0.36	0.35	0.35	0	0	0.36
5700	0.36	0.35	0.35	0	0	0.36
5800	0.37	0.35	0.35	0	0	0.37
5900	0.38	0.36	0.36	0	0	0.38
6000	0.38	0.36	0.36	0	0	0.38
6100	0.38	0.36	0.36	0	0	0.38
6200	0.39	0.36	0.36	0	0	0.39
6300	0.39	0.37	0.37	0	0	0.39
6400	0.4	0.37	0.37	0	0	0.4
6500	0.4	0.37	0.37	0	0	0.4
6600	0.4	0.4	0.4	0	0	0.4
6700	0.4	0.4	0.4	0	0	0.4
6800	0.41	0.4	0.4	0	0	0.41
6900	0.41	0.41	0.41	0	0	0.41
7000	0.41	0.42	0.42	0	0	0.41
7100	0.41	0.4	0.4	0	0	0.41
7200	0.41	0.41	0.41	0	0	0.41
7300	0.42	0.41	0.41	0	0	0.42
7400	0.42	0.4	0.4	0	0	0.42
7500	0.42	0.4	0.4	0	0	0.42
7600	0.42	0.4	0.4	0	0	0.42
7700	0.41	0.4	0.4	0	0	0.41
7800	0.4	0.4	0.4	0	0	0.4
7900	0.4	0.4	0.4	0	0	0.4
8000	0.4	0.4	0.4	0	0	0.4
8100	0.39	0.4	0.4	0	0	0.39
8200	0.39	0.4	0.4	0	0	0.39
8300	0.39	0.41	0.41	0	0	0.39
8400	0.38	0.39	0.39	0	0	0.38
8500	0.38	0.39	0.39	0	0	0.38
8600	0.38	0.39	0.39	0	0	0.38
8700	0.38	0.39	0.39	0	0	0.38
8800	0.39	0.39	0.39	0	0	0.39
8900	0.39	0.39	0.39	0	0	0.39
9000	0.39	0.4	0.4	0	0	0.39
9100	0.39	0.39	0.39	0	0	0.39
9200	0.39	0.39	0.39	0	0	0.39
9300	0.39	0.4	0.4	0	0	0.39
9400	0.39	0.4	0.4	0	0	0.39
9500	0.39	0.4	0.4	0	0	0.39
9600	0.39	0.4	0.4	0	0	0.39
9700	0.4	0.4	0.4	0	0	0.4
9800	0.4	0.4	0.4	0	0	0.4
9900	0.4	0.4	0.4	0	0	0.4
10000	0.4	0.4	0.4	0	0	0.4
10100	0.4	0.4	0.4	0	0	0.4
10200	0.41	0.4	0.4	0	0	0.41
10300	0.41	0.4	0.4	0	0	0.41
10400	0.41	0.4	0.4	0	0	0.41
10500	0.41	0.4	0.4	0	0	0.41
10600	0.41	0.4	0.4	0	0	0.41
10700	0.41	0.41	0.41	0	0	0.41
10800	0.41	0.42	0.42	0	0	0.41
10900	0.41	0.42	0.42	0	0	0.41
11000	0.41	0.42	0.42	0	0	0.41
11100	0.41	0.42	0.42	0	0	0.41
11200	0.41	0.42	0.42	0	0	0.41
11300	0.4	0.42	0.42	0	0	0.4
11400	0.4	0.42	0.42	0	0	0.4
11500	0.4	0.41	0.41	0	0	0.4
11600	0.4	0.41	0.41	0	0	0.4
11700	0.4	0.41	0.41	0	0	0.4
11800	0.4	0.41	0.41	0	0	0.4
11900	0.39	0.41	0.41	0	0	0.39
12000	0.39	0.41	0.41	0	0	0.39
12100	0.38	0.41	0.41	0	0	0.38
12200	0.38	0.4	0.4	0	0	0.38
12300	0.38	0.39	0.39	0	0	0.38
12400	0.38	0.39	0.39	0	0	0.38
12500	0.38	0.39	0.39	0	0	0.38
12600	0.39	0.39	0.39	0	0	0.39
12700	0.39	0.39	0.39	0	0	0.39
12800	0.39	0.39	0.39	0	0	0.39
12900	0.39	0.39	0.39	0	0	0.39
13000	0.39	0.39	0.39	0	0	0.39
13100	0.39	0.4	0.4	0	0	0.39
13200	0.39	0.4	0.4	0	0	0.39
13300	0.38	0.4	0.4	0	0	0.38
13400	0.38	0.41	0.41	0	0	0.38
13500	0.38	0.4	0.4	0	0	0.38
13600	0.38	0.4	0.4	0	0	0.38
13700	0.39	0.4	0.4	0	0	0.39
13800	0.39	0.4	0.4	0	0	0.39
13900	0.42	0.4	0.4	0	0	0.42
14000	0.41	0.4	0.4	0	0	0.41
14100	0.41	0.4	0.4	0	0	0.41
14200	0.42	0.4	0.4	0	0	0.42
14300	0.42	0.4	0.4	0	0	0.42
14400	0.42	0.4	0.4	0	0	0.42
14500	0.42	0.41	0.41	0	0	0.42
14600	0.42	0.41	0.41	0	0	0.42
14700	0.42	0.41	0.41	0	0	0.42
14800	0.42	0.4	0.4	0	0	0.42
14900	0.41	0.39	0.39	0	0	0.41
15000	0.41	0.38	0.38	0	0	0.41
15100	0.41	0.38	0.38	0	0	0.41
15200	0.41	0.38	0.38	0	0	0.41
15300	0.41	0.38	0.38	0	0	0.41
15400	0.41	0.37	0.37	0	0	0.41
15500	0.41	0.36	0.36	0	0	0.41
15600	0.41	0.36	0.36	0	0	0.41
15700	0.41	0.36	0.36	0	0	0.41
15800	0.4	0.36	0.36	0	0	0.4
15900	0.4	0.36	0.36	0	0	0.4
16000	0.4	0.35	0.35	0	0	0.4
16100	0.4	0.35	0.35	0	0	0.4
16200	0.4	0.34	0.34	0	0	0.4
16300	0.4	0.34	0.34	0	0	0.4
16400	0.4	0.35	0.35	0	0	0.4
16500	0.4	0.35	0.35	0	0	0.4
16600	0.4	0.35	0.35	0	0	0.4
16700	0.4	0.35	0.35	0	0	0.4
16800	0.4	0.36	0.36	0	0	0.4
16900	0.4	0.35	0.35	0	0	0.4
17000	0.41	0.36	0.36	0	0	0.41
17100	0.42	0.37	0.37	0	0	0.42
17200	0.42	0.38	0.38	0	0	0.42
17300	0.43	0.39	0.39	0	0	0.43
17400	0.42	0.4	0.4	0	0	0.42
17500	0.41	0.4	0.4	0	0	0.41
17600	0.41	0.4	0.4	0	0	0.41
17700	0.41	0.4	0.4	0	0	0.41
17800	0.42	0.4	0.4	0	0	0.42
17900	0.41	0.4	0.4	0	0	0.41
18000	0.41	0.41	0.41	0	0	0.41
18100	0.42	0.41	0.41	0	0	0.42
18200	0.4	0.41	0.41	0	0	0.4
18300	0.4	0.41	0.41	0	0	0.4
18400	0.41	0.41	0.41	0	0	0.41
18500	0.41	0.41	0.41	0	0	0.41
18600	0.42	0.42	0.42	0	0	0.42
18700	0.42	0.43	0.43	0	0	0.42
18800	0.42	0.43	0.43	0	0	0.42
18900	0.42	0.43	0.43	0	0	0.42
19000	0.42	0.42	0.42	0	0	0.42
19100	0.42	0.42	0.42	0	0	0.42
19200	0.42	0.42	0.42	0	0	0.42
19300	0.42	0.42	0.42	0	0	0.42
19400	0.42	0.42	0.42	0	0	0.42
19500	0.42	0.42	0.42	0	0	0.42
19600	0.43	0.42	0.42	0	0	0.43
19700	0.43	0.42	0.42	0	0	0.43
19800	0.43	0.43	0.43	0	0	0.43
19900	0.44	0.42	0.42	0	0	0.44
20000	0.44	0.42	0.42	0	0	0.44
20100	0.44	0.41	0.41	0	0	0.44
20200	0.44	0.41	0.41	0	0	0.44
20300	0.45	0.41	0.41	0	0	0.45
20400	0.45	0.41	0.41	0	0	0.45
20500	0.45	0.41	0.41	0	0	0.45
20600	0.45	0.41	0.41	0	0	0.45
20700	0.45	0.41	0.41	0	0	0.45
20800	0.45	0.41	0.41	0	0	0.45
20900	0.45	0.4	0.4	0	0	0.45
21000	0.45	0.4	0.4	0	0	0.45
21100	0.45	0.4	0.4	0	0	0.45
21200	0.45	0.4	0.4	0	0	0.45
21300	0.45	0.4	0.4	0	0	0.45
21400	0.45	0.41	0.41	0	0	0.45
21500	0.45	0.41	0.41	0	0	0.45
21600	0.45	0.4	0.4	0	0	0.45
21700	0.45	0.4	0.4	0	0	0.45
21800	0.45	0.4	0.4	0	0	0.45
21900	0.44	0.4	0.4	0	0	0.44
22000	0.44	0.4	0.4	0	0	0.44
22100	0.44	0.4	0.4	0	0	0.44
22200	0.44	0.4	0.4	0	0	0.44
22300	0.43	0.4	0.4	0	0	0.43
22400	0.44	0.4	0.4	0	0	0.44
22500	0.44	0.4	0.4	0	0	0.44
22600	0.44	0.39	0.39	0	0	0.44
22700	0.44	0.39	0.39	0	0	0.44
22800	0.44	0.39	0.39	0	0	0.44
22900	0.44	0.39	0.39	0	0	0.44
23000	0.44	0.39	0.39	0	0	0.44
23100	0.44	0.39	0.39	0	0	0.44
23200	0.44	0.39	0.39	0	0	0.44
23300	0.44	0.39	0.39	0	0	0.44
23400	0.44	0.39	0.39	0	0	0.44
23500	0.44	0.39	0.39	0	0	0.44
23600	0.44	0.38	0.38	0	0	0.44
23700	0.45	0.38	0.38	0	0	0.45
23800	0.44	0.38	0.38	0	0	0.44
23900	0.44	0.38	0.38	0	0	0.44
24000	0.46	0.38	0.38	0	0	0.46
24100	0.46	0.38	0.38	0	0	0.46
24200	0.46	0.37	0.37	0	0	0.46
24300	0.46	0.37	0.37	0	0	0.46
24400	0.46	0.37	0.37	0	0	0.46
24500	0.46	0.37	0.37	0	0	0.46
24600	0.46	0.37	0.37	0	0	0.46
24700	0.46	0.37	0.37	0	0	0.46
24800	0.46	0.37	0.37	0	0	0.46
24900	0.46	0.37	0.37	0	0	0.46
25000	0.46	0.37	0.37	0	0	0.46
25100	0.46	0.37	0.37	0	0	0.46
25200	0.46	0.37	0.37	0	0	0.46
25300	0.46	0.36	0.36	0	0	0.46
25400	0.47	0.36	0.36	0	0	0.47
25500	0.47	0.36	0.36	0	0	0.47
25600	0.47	0.37	0.37	0	0	0.47
25700	0.46	0.37	0.37	0	0	0.46
25800	0.46	0.37	0.37	0	0	0.46
25900	0.46	0.37	0.37	0	0	0.46
26000	0.46	0.37	0.37	0	0	0.46
26100	0.47	0.39	0.39	0	0	0.47
26200	0.47	0.39	0.39	0	0	0.47
26300	0.47	0.39	0.39	0	0	0.47
26400	0.47	0.39	0.39	0	0	0.47
26500	0.47	0.39	0.39	0	0	0.47
26600	0.47	0.39	0.39	0	0	0.47
26700	0.47	0.39	0.39	0	0	0.47
26800	0.47	0.39	0.39	0	0	0.47
26900	0.47	0.39	0.39	0	0	0.47
27000	0.47	0.39	0.39	0	0	0.47
27100	0.47	0.39	0.39	0	0	0.47
27200	0.47	0.39	0.39	0	0	0.47
27300	0.47	0.39	0.39	0	0	0.47
27400	0.47	0.39	0.39	0	0	0.47
27500	0.47	0.39	0.39	0	0	0.47
27600	0.47	0.39	0.39	0	0	0.47
27700	0.47	0.39	0.39	0	0	0.47
27800	0.47	0.39	0.39	0	0	0.47
27900	0.47	0.39	0.39	0	0	0.47
28000	0.46	0.39	0.39	0	0	0.46
28100	0.46	0.39	0.39	0	0	0.46
28200	0.46	0.39	0.39	0	0	0.46
28300	0.47	0.39	0.39	0	0	0.47
28400	0.47	0.38	0.38	0	0	0.47
28500	0.47	0.38	0.38	0	0	0.47
28600	0.47	0.38	0.38	0	0	0.47
28700	0.46	0.39	0.39	0	0	0.46
28800	0.46	0.39	0.39	0	0	0.46
28900	0.46	0.39	0.39	0	0	0.46
29000	0.47	0.39	0.39	0	0	0.47
29100	0.47	0.39	0.39	0	0	0.47
29200	0.47	0.39	0.39	0	0	0.47
29300	0.46	0.39	0.39	0	0	0.46
29400	0.46	0.39	0.39	0	0	0.46
29500	0.47	0.39	0.39	0	0	0.47
29600	0.46	0.39	0.39	0	0	0.46
29700	0.46	0.39	0.39	0	0	0.46
29800	0.46	0.39	0.39	0	0	0.46
29900	0.46	0.39	0.39	0	0	0.46
30000	0.46	0.39	0.39	0	0	0.46
30100	0.46	0.39	0.39	0	0	0.46
30200	0.46	0.39	0.39	0	0	0.46
30300	0.46	0.39	0.39	0	0	0.46
30400	0.46	0.39	0.39	0	0	0.46
30500	0.46	0.39	0.39	0	0	0.46
30600	0.46	0.4	0.4	0	0	0.46
30700	0.47	0.39	0.39	0	0	0.47
30800	0.47	0.39	0.39	0	0	0.47
30900	0.47	0.39	0.39	0	0	0.47
31000	0.47	0.39	0.39	0	0	0.47
31100	0.47	0.39	0.39	0	0	0.47
31200	0.47	0.39	0.39	0	0	0.47
31300	0.47	0.39	0.39	0	0	0.47
31400	0.47	0.39	0.39	0	0	0.47
31500	0.47	0.39	0.39	0	0	0.47
31600	0.47	0.39	0.39	0	0	0.47
31700	0.47	0.39	0.39	0	0	0.47
31800	0.47	0.39	0.39	0	0	0.47
31900	0.47	0.39	0.39	0	0	0.47
32000	0.47	0.39	0.39	0	0	0.47
32100	0.49	0.4	0.4	0	0	0.49
32200	0.49	0.41	0.41	0	0	0.49
32300	0.48	0.41	0.41	0	0	0.48
32400	0.47	0.41	0.41	0	0	0.47
32500	0.47	0.41	0.41	0	0	0.47
32600	0.47	0.41	0.41	0	0	0.47
32700	0.47	0.42	0.42	0	0	0.47
32800	0.47	0.42	0.42	0	0	0.47
32900	0.47	0.42	0.42	0	0	0.47
33000	0.47	0.42	0.42	0	0	0.47
33100	0.47	0.42	0.42	0	0	0.47
33200	0.47	0.42	0.42	0	0	0.47
33300	0.47	0.42	0.42	0	0	0.47
33400	0.47	0.42	0.42	0	0	0.47
33500	0.47	0.42	0.42	0	0	0.47
33600	0.47	0.42	0.42	0	0	0.47
33700	0.47	0.42	0.42	0	0	0.47
33800	0.47	0.42	0.42	0	0	0.47
33900	0.46	0.42	0.42	0	0	0.46
34000	0.46	0.42	0.42	0	0	0.46
34100	0.47	0.42	0.42	0	0	0.47
34200	0.46	0.42	0.42	0	0	0.46
34300	0.46	0.42	0.42	0	0	0.46
34400	0.46	0.42	0.42	0	0	0.46
34500	0.46	0.42	0.42	0	0	0.46
34600	0.46	0.43	0.43	0	0	0.46
34700	0.46	0.43	0.43	0	0	0.46
34800	0.46	0.43	0.43	0	0	0.46
34900	0.46	0.43	0.43	0	0	0.46
35000	0.46	0.43	0.43	0	0	0.46
35100	0.46	0.43	0.43	0	0	0.46
35200	0.46	0.42	0.42	0	0	0.46
35300	0.46	0.42	0.42	0	0	0.46
35400	0.46	0.42	0.42	0	0	0.46
35500	0.46	0.41	0.41	0	0	0.46
35600	0.46	0.41	0.41	0	0	0.46
35700	0.46	0.41	0.41	0	0	0.46
35800	0.46	0.41	0.41	0	0	0.46
35900	0.46	0.41	0.41	0	0	0.46
36000	0.46	0.41	0.41	0	0	0.46
36100	0.46	0.41	0.41	0	0	0.46
36200	0.47	0.41	0.41	0	0	0.47
36300	0.47	0.41	0.41	0	0	0.47
36400	0.47	0.41	0.41	0	0	0.47
36500	0.47	0.41	0.41	0	0	0.47
36600	0.47	0.41	0.41	0	0	0.47
36700	0.48	0.41	0.41	0	0	0.48
36800	0.47	0.41	0.41	0	0	0.47
36900	0.47	0.41	0.41	0	0	0.47
37000	0.47	0.41	0.41	0	0	0.47
37100	0.47	0.42	0.42	0	0	0.47
37200	0.47	0.42	0.42	0	0	0.47
37300	0.47	0.42	0.42	0	0	0.47
37400	0.47	0.42	0.42	0	0	0.47
37500	0.47	0.42	0.42	0	0	0.47
37600	0.47	0.42	0.42	0	0	0.47
37700	0.47	0.42	0.42	0	0	0.47
37800	0.47	0.42	0.42	0	0	0.47
37900	0.47	0.43	0.43	0	0	0.47
38000	0.47	0.42	0.42	0	0	0.47
38100	0.47	0.43	0.43	0	0	0.47
38200	0.47	0.44	0.44	0	0	0.47
38300	0.47	0.44	0.44	0	0	0.47
38400	0.47	0.44	0.44	0	0	0.47
38500	0.47	0.44	0.44	0	0	0.47
38600	0.48	0.44	0.44	0	0	0.48
38700	0.48	0.44	0.44	0	0	0.48
38800	0.49	0.44	0.44	0	0	0.49
38900	0.49	0.44	0.44	0	0	0.49
39000	0.49	0.44	0.44	0	0	0.49
39100	0.49	0.45	0.45	0	0	0.49
39200	0.47	0.45	0.45	0	0	0.47
39300	0.47	0.45	0.45	0	0	0.47
39400	0.47	0.45	0.45	0	0	0.47
39500	0.47	0.45	0.45	0	0	0.47
39600	0.47	0.45	0.45	0	0	0.47
39700	0.47	0.45	0.45	0	0	0.47
39800	0.47	0.45	0.45	0	0	0.47
39900	0.47	0.46	0.46	0	0	0.47
40000	0.47	0.46	0.46	0	0	0.47
40100	0.47	0.46	0.46	0	0	0.47
40200	0.47	0.46	0.46	0	0	0.47
40300	0.47	0.45	0.45	0	0	0.47
40400	0.47	0.45	0.45	0	0	0.47
40500	0.47	0.45	0.45	0	0	0.47
40600	0.47	0.45	0.45	0	0	0.47
40700	0.47	0.45	0.45	0	0	0.47
40800	0.47	0.45	0.45	0	0	0.47
40900	0.47	0.45	0.45	0	0	0.47
41000	0.47	0.44	0.44	0	0	0.47
41100	0.49	0.44	0.44	0	0	0.49
41200	0.48	0.44	0.44	0	0	0.48
41300	0.48	0.44	0.44	0	0	0.48
41400	0.48	0.44	0.44	0	0	0.48
41500	0.47	0.44	0.44	0	0	0.47
41600	0.47	0.43	0.43	0	0	0.47
41700	0.47	0.43	0.43	0	0	0.47
41800	0.47	0.43	0.43	0	0	0.47
41900	0.47	0.43	0.43	0	0	0.47
42000	0.47	0.43	0.43	0	0	0.47
42100	0.47	0.44	0.44	0	0	0.47
42200	0.47	0.45	0.45	0	0	0.47
42300	0.47	0.45	0.45	0	0	0.47
42400	0.47	0.45	0.45	0	0	0.47
42500	0.47	0.45	0.45	0	0	0.47
42600	0.47	0.45	0.45	0	0	0.47
42700	0.47	0.45	0.45	0	0	0.47
42800	0.47	0.45	0.45	0	0	0.47
42900	0.47	0.45	0.45	0	0	0.47
43000	0.46	0.45	0.45	0	0	0.46
43100	0.46	0.45	0.45	0	0	0.46
43200	0.46	0.45	0.45	0	0	0.46
43300	0.46	0.45	0.45	0	0	0.46
43400	0.46	0.45	0.45	0	0	0.46
43500	0.46	0.45	0.45	0	0	0.46
43600	0.46	0.45	0.45	0	0	0.46
43700	0.46	0.45	0.45	0	0	0.46
43800	0.46	0.45	0.45	0	0	0.46
43900	0.46	0.45	0.45	0	0	0.46
44000	0.46	0.45	0.45	0	0	0.46
44100	0.46	0.46	0.46	0	0	0.46
44200	0.46	0.46	0.46	0	0	0.46
44300	0.46	0.46	0.46	0	0	0.46
44400	0.46	0.45	0.45	0	0	0.46
44500	0.46	0.45	0.45	0	0	0.46
44600	0.45	0.45	0.45	0	0	0.45
44700	0.45	0.45	0.45	0	0	0.45
44800	0.45	0.45	0.45	0	0	0.45
44900	0.45	0.45	0.45	0	0	0.45
45000	0.45	0.45	0.45	0	0	0.45
45100	0.45	0.45	0.45	0	0	0.45
45200	0.45	0.45	0.45	0	0	0.45
45300	0.45	0.45	0.45	0	0	0.45
45400	0.45	0.45	0.45	0	0	0.45
45500	0.46	0.45	0.45	0	0	0.46
45600	0.47	0.45	0.45	0	0	0.47
45700	0.48	0.45	0.45	0	0	0.48
45800	0.48	0.45	0.45	0	0	0.48
45900	0.48	0.45	0.45	0	0	0.48
46000	0.48	0.45	0.45	0	0	0.48
46100	0.48	0.45	0.45	0	0	0.48
46200	0.48	0.45	0.45	0	0	0.48
46300	0.48	0.45	0.45	0	0	0.48
46400	0.48	0.45	0.45	0	0	0.48
46500	0.48	0.45	0.45	0	0	0.48
46600	0.48	0.45	0.45	0	0	0.48
46700	0.48	0.45	0.45	0	0	0.48
46800	0.48	0.45	0.45	0	0	0.48
46900	0.48	0.45	0.45	0	0	0.48
47000	0.48	0.45	0.45	0	0	0.48
47100	0.47	0.45	0.45	0	0	0.47
47200	0.47	0.45	0.45	0	0	0.47
47300	0.47	0.45	0.45	0	0	0.47
47400	0.47	0.45	0.45	0	0	0.47
47500	0.47	0.45	0.45	0	0	0.47
47600	0.47	0.45	0.45	0	0	0.47
47700	0.47	0.45	0.45	0	0	0.47
47800	0.47	0.45	0.45	0	0	0.47
47900	0.47	0.46	0.46	0	0	0.47
48000	0.47	0.46	0.46	0	0	0.47
48100	0.47	0.46	0.46	0	0	0.47
48200	0.47	0.47	0.47	0	0	0.47
48300	0.47	0.46	0.46	0	0	0.47
48400	0.47	0.46	0.46	0	0	0.47
48500	0.47	0.46	0.46	0	0	0.47
48600	0.47	0.46	0.46	0	0	0.47
48700	0.47	0.46	0.46	0	0	0.47
48800	0.47	0.46	0.46	0	0	0.47
48900	0.47	0.46	0.46	0	0	0.47
49000	0.46	0.46	0.46	0	0	0.46
49100	0.46	0.46	0.46	0	0	0.46
49200	0.46	0.46	0.46	0	0	0.46
49300	0.46	0.46	0.46	0	0	0.46
49400	0.45	0.46	0.46	0	0	0.45
49500	0.45	0.46	0.46	0	0	0.45
49600	0.45	0.46	0.46	0	0	0.45
49700	0.45	0.46	0.46	0	0	0.45
49800	0.45	0.46	0.46	0	0	0.45
49900	0.45	0.46	0.46	0	0	0.45
50000	0.45	0.46	0.46	0	0	0.45
50100	0.45	0.46	0.46	0	0	0.45
50200	0.45	0.46	0.46	0	0	0.45
50300	0.44	0.46	0.46	0	0	0.44
50400	0.44	0.46	0.46	0	0	0.44
50500	0.44	0.46	0.46	0	0	0.44
50600	0.43	0.46	0.46	0	0	0.43
50700	0.43	0.46	0.46	0	0	0.43
50800	0.43	0.46	0.46	0	0	0.43
50900	0.43	0.46	0.46	0	0	0.43
51000	0.43	0.46	0.46	0	0	0.43
51100	0.43	0.46	0.46	0	0	0.43
51200	0.43	0.46	0.46	0	0	0.43
51300	0.43	0.46	0.46	0	0	0.43
51400	0.43	0.46	0.46	0	0	0.43
51500	0.43	0.46	0.46	0	0	0.43
51600	0.43	0.46	0.46	0	0	0.43
51700	0.43	0.46	0.46	0	0	0.43
51800	0.43	0.46	0.46	0	0	0.43
51900	0.43	0.46	0.46	0	0	0.43
52000	0.43	0.45	0.45	0	0	0.43
52100	0.44	0.45	0.45	0	0	0.44
52200	0.44	0.45	0.45	0	0	0.44
52300	0.44	0.45	0.45	0	0	0.44
52400	0.43	0.45	0.45	0	0	0.43
52500	0.43	0.45	0.45	0	0	0.43
52600	0.43	0.45	0.45	0	0	0.43
52700	0.43	0.45	0.45	0	0	0.43
52800	0.43	0.45	0.45	0	0	0.43
52900	0.43	0.45	0.45	0	0	0.43
53000	0.43	0.45	0.45	0	0	0.43
53100	0.42	0.45	0.45	0	0	0.42
53200	0.43	0.45	0.45	0	0	0.43
53300	0.43	0.45	0.45	0	0	0.43
53400	0.43	0.45	0.45	0	0	0.43
53500	0.43	0.45	0.45	0	0	0.43
53600	0.43	0.45	0.45	0	0	0.43
53700	0.43	0.45	0.45	0	0	0.43
53800	0.43	0.45	0.45	0	0	0.43
53900	0.43	0.45	0.45	0	0	0.43
54000	0.43	0.46	0.46	0	0	0.43
54100	0.43	0.46	0.46	0	0	0.43
54200	0.42	0.46	0.46	0	0	0.42
54300	0.42	0.46	0.46	0	0	0.42
54400	0.42	0.46	0.46	0	0	0.42
54500	0.42	0.46	0.46	0	0	0.42
54600	0.42	0.46	0.46	0	0	0.42
54700	0.42	0.46	0.46	0	0	0.42
54800	0.42	0.46	0.46	0	0	0.42
54900	0.43	0.46	0.46	0	0	0.43
55000	0.43	0.46	0.46	0	0	0.43
55100	0.43	0.46	0.46	0	0	0.43
55200	0.43	0.46	0.46	0	0	0.43
55300	0.43	0.46	0.46	0	0	0.43
55400	0.43	0.46	0.46	0	0	0.43
55500	0.43	0.46	0.46	0	0	0.43
55600	0.43	0.46	0.46	0	0	0.43
55700	0.43	0.46	0.46	0	0	0.43
55800	0.43	0.46	0.46	0	0	0.43
55900	0.43	0.46	0.46	0	0	0.43
56000	0.43	0.46	0.46	0	0	0.43
56100	0.43	0.46	0.46	0	0	0.43
56200	0.43	0.46	0.46	0	0	0.43
56300	0.43	0.46	0.46	0	0	0.43
56400	0.43	0.46	0.46	0	0	0.43
56500	0.44	0.46	0.46	0	0	0.44
56600	0.44	0.46	0.46	0	0	0.44
56700	0.44	0.46	0.46	0	0	0.44
56800	0.44	0.46	0.46	0	0	0.44
56900	0.44	0.47	0.47	0	0	0.44
57000	0.44	0.47	0.47	0	0	0.44
57100	0.44	0.47	0.47	0	0	0.44
57200	0.44	0.47	0.47	0	0	0.44
57300	0.44	0.47	0.47	0	0	0.44
57400	0.44	0.48	0.48	0	0	0.44
57500	0.44	0.48	0.48	0	0	0.44
57600	0.44	0.48	0.48	0	0	0.44
57700	0.44	0.48	0.48	0	0	0.44
57800	0.43	0.48	0.48	0	0	0.43
57900	0.44	0.47	0.47	0	0	0.44
58000	0.44	0.47	0.47	0	0	0.44
58100	0.44	0.47	0.47	0	0	0.44
58200	0.44	0.47	0.47	0	0	0.44
58300	0.44	0.47	0.47	0	0	0.44
58400	0.44	0.47	0.47	0	0	0.44
58500	0.44	0.47	0.47	0	0	0.44
58600	0.44	0.47	0.47	0	0	0.44
58700	0.45	0.46	0.46	0	0	0.45
58800	0.45	0.46	0.46	0	0	0.45
58900	0.45	0.46	0.46	0	0	0.45
59000	0.44	0.46	0.46	0	0	0.44
59100	0.44	0.46	0.46	0	0	0.44
59200	0.44	0.46	0.46	0	0	0.44
59300	0.44	0.46	0.46	0	0	0.44
59400	0.44	0.46	0.46	0	0	0.44
59500	0.44	0.46	0.46	0	0	0.44
59600	0.44	0.46	0.46	0	0	0.44
59700	0.44	0.46	0.46	0	0	0.44
59800	0.44	0.46	0.46	0	0	0.44
59900	0.44	0.46	0.46	0	0	0.44
60000	0.44	0.46	0.46	0	0	0.44
60100	0.44	0.46	0.46	0	0	0.44
60200	0.44	0.46	0.46	0	0	0.44
60300	0.44	0.46	0.46	0	0	0.44
60400	0.44	0.46	0.46	0	0	0.44
60500	0.44	0.46	0.46	0	0	0.44
60600	0.45	0.46	0.46	0	0	0.45
60700	0.45	0.46	0.46	0	0	0.45
60800	0.46	0.46	0.46	0	0	0.46
60900	0.46	0.46	0.46	0	0	0.46
61000	0.46	0.46	0.46	0	0	0.46
61100	0.46	0.46	0.46	0	0	0.46
61200	0.46	0.46	0.46	0	0	0.46
61300	0.46	0.46	0.46	0	0	0.46
61400	0.46	0.46	0.46	0	0	0.46
61500	0.46	0.46	0.46	0	0	0.46
61600	0.46	0.46	0.46	0	0	0.46
61700	0.46	0.46	0.46	0	0	0.46
61800	0.46	0.46	0.46	0	0	0.46
61900	0.46	0.46	0.46	0	0	0.46
62000	0.46	0.46	0.46	0	0	0.46
62100	0.46	0.46	0.46	0	0	0.46
62200	0.46	0.46	0.46	0	0	0.46
62300	0.48	0.46	0.46	0	0	0.48
62400	0.48	0.45	0.45	0	0	0.48
62500	0.48	0.45	0.45	0	0	0.48
62600	0.48	0.45	0.45	0	0	0.48
62700	0.48	0.45	0.45	0	0	0.48
62800	0.48	0.45	0.45	0	0	0.48
62900	0.48	0.45	0.45	0	0	0.48
63000	0.48	0.45	0.45	0	0	0.48
63100	0.48	0.46	0.46	0	0	0.48
63200	0.48	0.45	0.45	0	0	0.48
63300	0.48	0.45	0.45	0	0	0.48
63400	0.48	0.45	0.45	0	0	0.48
63500	0.48	0.45	0.45	0	0	0.48
63600	0.48	0.45	0.45	0	0	0.48
63700	0.48	0.45	0.45	0	0	0.48
63800	0.48	0.45	0.45	0	0	0.48
63900	0.48	0.45	0.45	0	0	0.48
64000	0.49	0.45	0.45	0	0	0.49
64100	0.49	0.45	0.45	0	0	0.49
64200	0.49	0.45	0.45	0	0	0.49
64300	0.49	0.45	0.45	0	0	0.49
64400	0.49	0.45	0.45	0	0	0.49
64500	0.49	0.45	0.45	0	0	0.49
64600	0.49	0.44	0.44	0	0	0.49
64700	0.49	0.44	0.44	0	0	0.49
64800	0.49	0.44	0.44	0	0	0.49
64900	0.49	0.44	0.44	0	0	0.49
65000	0.49	0.44	0.44	0	0	0.49
65100	0.49	0.44	0.44	0	0	0.49
65200	0.49	0.44	0.44	0	0	0.49
65300	0.49	0.44	0.44	0	0	0.49
65400	0.49	0.44	0.44	0	0	0.49
65500	0.5	0.44	0.44	0	0	0.5
65600	0.5	0.44	0.44	0	0	0.5
65700	0.5	0.44	0.44	0	0	0.5
65800	0.5	0.44	0.44	0	0	0.5
65900	0.51	0.43	0.43	0	0	0.51
66000	0.51	0.43	0.43	0	0	0.51
66100	0.51	0.43	0.43	0	0	0.51
66200	0.51	0.43	0.43	0	0	0.51
66300	0.51	0.43	0.43	0	0	0.51
66400	0.51	0.43	0.43	0	0	0.51
66500	0.51	0.43	0.43	0	0	0.51
66600	0.51	0.43	0.43	0	0	0.51
66700	0.51	0.43	0.43	0	0	0.51
66800	0.51	0.43	0.43	0	0	0.51
66900	0.51	0.43	0.43	0	0	0.51
67000	0.51	0.43	0.43	0	0	0.51
67100	0.51	0.43	0.43	0	0	0.51
67200	0.51	0.43	0.43	0	0	0.51
67300	0.51	0.44	0.44	0	0	0.51
67400	0.51	0.44	0.44	0	0	0.51
67500	0.51	0.44	0.44	0	0	0.51
67600	0.51	0.44	0.44	0	0	0.51
67700	0.51	0.43	0.43	0	0	0.51
67800	0.51	0.43	0.43	0	0	0.51
67900	0.51	0.43	0.43	0	0	0.51
68000	0.51	0.43	0.43	0	0	0.51
68100	0.51	0.43	0.43	0	0	0.51
68200	0.51	0.43	0.43	0	0	0.51
68300	0.51	0.43	0.43	0	0	0.51
68400	0.51	0.43	0.43	0	0	0.51
68500	0.51	0.43	0.43	0	0	0.51
68600	0.52	0.43	0.43	0	0	0.52
68700	0.52	0.43	0.43	0	0	0.52
68800	0.52	0.43	0.43	0	0	0.52
68900	0.52	0.43	0.43	0	0	0.52
69000	0.52	0.43	0.43	0	0	0.52
69100	0.52	0.43	0.43	0	0	0.52
69200	0.52	0.43	0.43	0	0	0.52
69300	0.52	0.43	0.43	0	0	0.52
69400	0.52	0.43	0.43	0	0	0.52
69500	0.52	0.43	0.43	0	0	0.52
69600	0.52	0.43	0.43	0	0	0.52
69700	0.52	0.43	0.43	0	0	0.52
69800	0.52	0.43	0.43	0	0	0.52
69900	0.52	0.43	0.43	0	0	0.52
70000	0.52	0.43	0.43	0	0	0.52
70100	0.52	0.43	0.43	0	0	0.52
70200	0.52	0.43	0.43	0	0	0.52
70300	0.52	0.43	0.43	0	0	0.52
70400	0.52	0.43	0.43	0	0	0.52
70500	0.52	0.43	0.43	0	0	0.52
70600	0.52	0.43	0.43	0	0	0.52
70700	0.52	0.43	0.43	0	0	0.52
70800	0.52	0.43	0.43	0	0	0.52
70900	0.52	0.43	0.43	0	0	0.52
71000	0.52	0.43	0.43	0	0	0.52
71100	0.52	0.43	0.43	0	0	0.52
71200	0.52	0.43	0.43	0	0	0.52
71300	0.52	0.43	0.43	0	0	0.52
71400	0.52	0.43	0.43	0	0	0.52
71500	0.52	0.43	0.43	0	0	0.52
71600	0.52	0.43	0.43	0	0	0.52
71700	0.52	0.43	0.43	0	0	0.52
71800	0.52	0.43	0.43	0	0	0.52
71900	0.52	0.43	0.43	0	0	0.52
72000	0.52	0.43	0.43	0	0	0.52
72100	0.52	0.43	0.43	0	0	0.52
72200	0.52	0.43	0.43	0	0	0.52
72300	0.52	0.43	0.43	0	0	0.52
72400	0.52	0.43	0.43	0	0	0.52
72500	0.52	0.43	0.43	0	0	0.52
72600	0.52	0.43	0.43	0	0	0.52
72700	0.52	0.44	0.44	0	0	0.52
72800	0.52	0.44	0.44	0	0	0.52
72900	0.52	0.44	0.44	0	0	0.52
73000	0.52	0.44	0.44	0	0	0.52
73100	0.52	0.44	0.44	0	0	0.52
73200	0.52	0.44	0.44	0	0	0.52
73300	0.52	0.44	0.44	0	0	0.52
73400	0.52	0.43	0.43	0	0	0.52
73500	0.52	0.43	0.43	0	0	0.52
73600	0.52	0.44	0.44	0	0	0.52
73700	0.52	0.44	0.44	0	0	0.52
73800	0.52	0.44	0.44	0	0	0.52
73900	0.52	0.44	0.44	0	0	0.52
74000	0.52	0.44	0.44	0	0	0.52
74100	0.52	0.44	0.44	0	0	0.52
74200	0.52	0.44	0.44	0	0	0.52
74300	0.52	0.44	0.44	0	0	0.52
74400	0.52	0.44	0.44	0	0	0.52
74500	0.52	0.43	0.43	0	0	0.52
74600	0.52	0.43	0.43	0	0	0.52
74700	0.52	0.43	0.43	0	0	0.52
74800	0.52	0.42	0.42	0	0	0.52
74900	0.51	0.42	0.42	0	0	0.51
75000	0.51	0.42	0.42	0	0	0.51
75100	0.51	0.42	0.42	0	0	0.51
75200	0.51	0.42	0.42	0	0	0.51
75300	0.51	0.42	0.42	0	0	0.51
75400	0.51	0.42	0.42	0	0	0.51
75500	0.51	0.42	0.42	0	0	0.51
75600	0.51	0.42	0.42	0	0	0.51
75700	0.51	0.42	0.42	0	0	0.51
75800	0.51	0.42	0.42	0	0	0.51
75900	0.51	0.42	0.42	0	0	0.51
76000	0.51	0.42	0.42	0	0	0.51
76100	0.51	0.42	0.42	0	0	0.51
76200	0.52	0.42	0.42	0	0	0.52
76300	0.52	0.42	0.42	0	0	0.52
76400	0.52	0.42	0.42	0	0	0.52
76500	0.52	0.42	0.42	0	0	0.52
76600	0.52	0.42	0.42	0	0	0.52
76700	0.52	0.42	0.42	0	0	0.52
76800	0.52	0.42	0.42	0	0	0.52
76900	0.51	0.42	0.42	0	0	0.51
77000	0.51	0.42	0.42	0	0	0.51
77100	0.51	0.42	0.42	0	0	0.51
77200	0.51	0.41	0.41	0	0	0.51
77300	0.51	0.41	0.41	0	0	0.51
77400	0.51	0.4	0.4	0	0	0.51
77500	0.51	0.4	0.4	0	0	0.51
77600	0.52	0.4	0.4	0	0	0.52
77700	0.52	0.4	0.4	0	0	0.52
77800	0.52	0.4	0.4	0	0	0.52
77900	0.53	0.4	0.4	0	0	0.53
78000	0.54	0.4	0.4	0	0	0.54
78100	0.55	0.4	0.4	0	0	0.55
78200	0.55	0.4	0.4	0	0	0.55
78300	0.55	0.4	0.4	0	0	0.55
78400	0.55	0.41	0.41	0	0	0.55
78500	0.55	0.41	0.41	0	0	0.55
78600	0.55	0.41	0.41	0	0	0.55
78700	0.55	0.41	0.41	0	0	0.55
78800	0.55	0.41	0.41	0	0	0.55
78900	0.55	0.41	0.41	0	0	0.55
79000	0.55	0.41	0.41	0	0	0.55
79100	0.55	0.41	0.41	0	0	0.55
79200	0.55	0.41	0.41	0	0	0.55
79300	0.55	0.41	0.41	0	0	0.55
79400	0.55	0.41	0.41	0	0	0.55
79500	0.55	0.41	0.41	0	0	0.55
79600	0.55	0.41	0.41	0	0	0.55
79700	0.55	0.41	0.41	0	0	0.55
79800	0.55	0.41	0.41	0	0	0.55
79900	0.55	0.41	0.41	0	0	0.55
80000	0.55	0.41	0.41	0	0	0.55
80100	0.54	0.41	0.41	0	0	0.54
80200	0.55	0.41	0.41	0	0	0.55
80300	0.55	0.41	0.41	0	0	0.55
80400	0.54	0.41	0.41	0	0	0.54
80500	0.54	0.41	0.41	0	0	0.54
80600	0.54	0.41	0.41	0	0	0.54
80700	0.54	0.41	0.41	0	0	0.54
80800	0.54	0.41	0.41	0	0	0.54
80900	0.54	0.41	0.41	0	0	0.54
81000	0.55	0.41	0.41	0	0	0.55
81100	0.55	0.41	0.41	0	0	0.55
81200	0.55	0.41	0.41	0	0	0.55
81300	0.55	0.41	0.41	0	0	0.55
81400	0.55	0.41	0.41	0	0	0.55
81500	0.55	0.41	0.41	0	0	0.55
81600	0.55	0.41	0.41	0	0	0.55
81700	0.55	0.41	0.41	0	0	0.55
81800	0.55	0.41	0.41	0	0	0.55
81900	0.55	0.41	0.41	0	0	0.55
82000	0.55	0.41	0.41	0	0	0.55
82100	0.55	0.41	0.41	0	0	0.55
82200	0.55	0.41	0.41	0	0	0.55
82300	0.55	0.41	0.41	0	0	0.55
82400	0.55	0.41	0.41	0	0	0.55
82500	0.55	0.41	0.41	0	0	0.55
82600	0.54	0.41	0.41	0	0	0.54
82700	0.54	0.41	0.41	0	0	0.54
82800	0.54	0.41	0.41	0	0	0.54
82900	0.54	0.41	0.41	0	0	0.54
83000	0.54	0.41	0.41	0	0	0.54
83100	0.54	0.41	0.41	0	0	0.54
83200	0.54	0.41	0.41	0	0	0.54
83300	0.54	0.41	0.41	0	0	0.54
83400	0.54	0.41	0.41	0	0	0.54
83500	0.54	0.41	0.41	0	0	0.54
83600	0.54	0.41	0.41	0	0	0.54
83700	0.54	0.41	0.41	0	0	0.54
83800	0.54	0.41	0.41	0	0	0.54
83900	0.54	0.41	0.41	0	0	0.54
84000	0.54	0.41	0.41	0	0	0.54
84100	0.54	0.41	0.41	0	0	0.54
84200	0.54	0.41	0.41	0	0	0.54
84300	0.54	0.41	0.41	0	0	0.54
84400	0.54	0.41	0.41	0	0	0.54
84500	0.54	0.41	0.41	0	0	0.54
84600	0.54	0.41	0.41	0	0	0.54
84700	0.54	0.4	0.4	0	0	0.54
84800	0.54	0.4	0.4	0	0	0.54
84900	0.54	0.41	0.41	0	0	0.54
85000	0.54	0.41	0.41	0	0	0.54
85100	0.54	0.41	0.41	0	0	0.54
85200	0.54	0.41	0.41	0	0	0.54
85300	0.54	0.41	0.41	0	0	0.54
85400	0.54	0.41	0.41	0	0	0.54
85500	0.55	0.41	0.41	0	0	0.55
85600	0.55	0.41	0.41	0	0	0.55
85700	0.55	0.41	0.41	0	0	0.55
85800	0.55	0.41	0.41	0	0	0.55
85900	0.55	0.41	0.41	0	0	0.55
86000	0.55	0.41	0.41	0	0	0.55
86100	0.55	0.41	0.41	0	0	0.55
86200	0.55	0.41	0.41	0	0	0.55
86300	0.55	0.41	0.41	0	0	0.55
86400	0.55	0.41	0.41	0	0	0.55
86500	0.55	0.4	0.4	0	0	0.55
86600	0.56	0.4	0.4	0	0	0.56
86700	0.55	0.4	0.4	0	0	0.55
86800	0.55	0.4	0.4	0	0	0.55
86900	0.54	0.4	0.4	0	0	0.54
87000	0.54	0.4	0.4	0	0	0.54
87100	0.54	0.4	0.4	0	0	0.54
87200	0.54	0.4	0.4	0	0	0.54
87300	0.54	0.4	0.4	0	0	0.54
87400	0.54	0.39	0.39	0	0	0.54
87500	0.54	0.39	0.39	0	0	0.54
87600	0.54	0.39	0.39	0	0	0.54
87700	0.54	0.39	0.39	0	0	0.54
87800	0.54	0.39	0.39	0	0	0.54
87900	0.54	0.39	0.39	0	0	0.54
88000	0.53	0.39	0.39	0	0	0.53
88100	0.53	0.39	0.39	0	0	0.53
88200	0.52	0.39	0.39	0	0	0.52
88300	0.52	0.39	0.39	0	0	0.52
88400	0.52	0.4	0.4	0	0	0.52
88500	0.52	0.4	0.4	0	0	0.52
88600	0.52	0.41	0.41	0	0	0.52
88700	0.52	0.4	0.4	0	0	0.52
88800	0.52	0.4	0.4	0	0	0.52
88900	0.52	0.4	0.4	0	0	0.52
89000	0.52	0.4	0.4	0	0	0.52
89100	0.52	0.4	0.4	0	0	0.52
89200	0.52	0.4	0.4	0	0	0.52
89300	0.52	0.4	0.4	0	0	0.52
89400	0.52	0.4	0.4	0	0	0.52
89500	0.52	0.4	0.4	0	0	0.52
89600	0.52	0.4	0.4	0	0	0.52
89700	0.52	0.4	0.4	0	0	0.52
89800	0.52	0.4	0.4	0	0	0.52
89900	0.52	0.4	0.4	0	0	0.52
90000	0.52	0.41	0.41	0	0	0.52
90100	0.52	0.41	0.41	0	0	0.52
90200	0.51	0.42	0.42	0	0	0.51
90300	0.51	0.42	0.42	0	0	0.51
90400	0.51	0.42	0.42	0	0	0.51
90500	0.51	0.42	0.42	0	0	0.51
90600	0.51	0.42	0.42	0	0	0.51
90700	0.51	0.42	0.42	0	0	0.51
90800	0.51	0.42	0.42	0	0	0.51
90900	0.51	0.42	0.42	0	0	0.51
91000	0.51	0.42	0.42	0	0	0.51
91100	0.52	0.42	0.42	0	0	0.52
91200	0.52	0.42	0.42	0	0	0.52
91300	0.52	0.42	0.42	0	0	0.52
91400	0.51	0.42	0.42	0	0	0.51
91500	0.51	0.42	0.42	0	0	0.51
91600	0.52	0.42	0.42	0	0	0.52
91700	0.52	0.42	0.42	0	0	0.52
91800	0.52	0.42	0.42	0	0	0.52
91900	0.51	0.42	0.42	0	0	0.51
92000	0.51	0.42	0.42	0	0	0.51
92100	0.51	0.42	0.42	0	0	0.51
92200	0.51	0.42	0.42	0	0	0.51
92300	0.51	0.42	0.42	0	0	0.51
92400	0.5	0.42	0.42	0	0	0.5
92500	0.5	0.42	0.42	0	0	0.5
92600	0.5	0.42	0.42	0	0	0.5
92700	0.5	0.42	0.42	0	0	0.5
92800	0.5	0.42	0.42	0	0	0.5
92900	0.5	0.42	0.42	0	0	0.5
93000	0.5	0.42	0.42	0	0	0.5
93100	0.5	0.42	0.42	0	0	0.5
93200	0.5	0.42	0.42	0	0	0.5
93300	0.5	0.42	0.42	0	0	0.5
93400	0.5	0.43	0.43	0	0	0.5
93500	0.5	0.43	0.43	0	0	0.5
93600	0.5	0.43	0.43	0	0	0.5
93700	0.49	0.43	0.43	0	0	0.49
93800	0.49	0.43	0.43	0	0	0.49
93900	0.49	0.43	0.43	0	0	0.49
94000	0.49	0.43	0.43	0	0	0.49
94100	0.49	0.43	0.43	0	0	0.49
94200	0.49	0.43	0.43	0	0	0.49
94300	0.49	0.43	0.43	0	0	0.49
94400	0.49	0.43	0.43	0	0	0.49
94500	0.49	0.43	0.43	0	0	0.49
94600	0.49	0.44	0.44	0	0	0.49
94700	0.49	0.44	0.44	0	0	0.49
94800	0.49	0.44	0.44	0	0	0.49
94900	0.49	0.44	0.44	0	0	0.49
95000	0.49	0.44	0.44	0	0	0.49
95100	0.49	0.44	0.44	0	0	0.49
95200	0.49	0.44	0.44	0	0	0.49
95300	0.49	0.44	0.44	0	0	0.49
95400	0.49	0.44	0.44	0	0	0.49
95500	0.49	0.44	0.44	0	0	0.49
95600	0.49	0.44	0.44	0	0	0.49
95700	0.49	0.44	0.44	0	0	0.49
95800	0.49	0.44	0.44	0	0	0.49
95900	0.49	0.44	0.44	0	0	0.49
96000	0.49	0.44	0.44	0	0	0.49
96100	0.5	0.44	0.44	0	0	0.5
96200	0.49	0.44	0.44	0	0	0.49
96300	0.49	0.45	0.45	0	0	0.49
96400	0.49	0.45	0.45	0	0	0.49
96500	0.49	0.45	0.45	0	0	0.49
96600	0.49	0.45	0.45	0	0	0.49
96700	0.49	0.45	0.45	0	0	0.49
96800	0.49	0.45	0.45	0	0	0.49
96900	0.49	0.45	0.45	0	0	0.49
97000	0.49	0.45	0.45	0	0	0.49
97100	0.49	0.45	0.45	0	0	0.49
97200	0.49	0.45	0.45	0	0	0.49
97300	0.49	0.46	0.46	0	0	0.49
97400	0.49	0.46	0.46	0	0	0.49
97500	0.49	0.47	0.47	0	0	0.49
97600	0.49	0.47	0.47	0	0	0.49
97700	0.49	0.47	0.47	0	0	0.49
97800	0.49	0.47	0.47	0	0	0.49
97900	0.49	0.47	0.47	0	0	0.49
98000	0.49	0.47	0.47	0	0	0.49
98100	0.49	0.47	0.47	0	0	0.49
98200	0.49	0.47	0.47	0	0	0.49
98300	0.49	0.47	0.47	0	0	0.49
98400	0.49	0.47	0.47	0	0	0.49
98500	0.49	0.47	0.47	0	0	0.49
98600	0.49	0.47	0.47	0	0	0.49
98700	0.49	0.47	0.47	0	0	0.49
98800	0.49	0.46	0.46	0	0	0.49
98900	0.49	0.46	0.46	0	0	0.49
99000	0.49	0.46	0.46	0	0	0.49
99100	0.49	0.46	0.46	0	0	0.49
99200	0.49	0.46	0.46	0	0	0.49
99300	0.49	0.46	0.46	0	0	0.49
99400	0.49	0.46	0.46	0	0	0.49
99500	0.49	0.46	0.46	0	0	0.49
99600	0.49	0.46	0.46	0	0	0.49
99700	0.49	0.46	0.46	0	0	0.49
99800	0.49	0.46	0.46	0	0	0.49
99900	0.49	0.46	0.46	0	0	0.49
100000	0.49	0.46	0.46	0	0	0.49
