100	0.11	0.05	0.05	0	0	0.11
200	0.11	0.08	0.08	0	0	0.11
300	0.11	0.13	0.13	0	0	0.11
400	0.13	0.12	0.12	0	0	0.13
500	0.13	0.13	0.13	0	0	0.13
600	0.14	0.13	0.13	0	0	0.14
700	0.15	0.16	0.16	0	0	0.15
800	0.16	0.17	0.17	0	0	0.16
900	0.17	0.17	0.17	0	0	0.17
1000	0.17	0.18	0.18	0	0	0.17
1100	0.17	0.19	0.19	0	0	0.17
1200	0.18	0.21	0.21	0	0	0.18
1300	0.19	0.22	0.22	0	0	0.19
1400	0.19	0.25	0.25	0	0	0.19
1500	0.2	0.24	0.24	0	0	0.2
1600	0.21	0.25	0.25	0	0	0.21
1700	0.22	0.25	0.25	0	0	0.22
1800	0.23	0.26	0.26	0	0	0.23
1900	0.23	0.27	0.27	0	0	0.23
2000	0.25	0.28	0.28	0	0	0.25
2100	0.26	0.3	0.3	0	0	0.26
2200	0.26	0.3	0.3	0	0	0.26
2300	0.27	0.3	0.3	0	0	0.27
2400	0.27	0.3	0.3	0	0	0.27
2500	0.28	0.3	0.3	0	0	0.28
2600	0.27	0.31	0.31	0	0	0.27
2700	0.27	0.31	0.31	0	0	0.27
2800	0.28	0.31	0.31	0	0	0.28
2900	0.28	0.31	0.31	0	0	0.28
3000	0.28	0.31	0.31	0	0	0.28
3100	0.29	0.3	0.3	0	0	0.29
3200	0.29	0.28	0.28	0	0	0.29
3300	0.29	0.27	0.27	0	0	0.29
3400	0.31	0.27	0.27	0	0	0.31
3500	0.31	0.27	0.27	0	0	0.31
3600	0.31	0.29	0.29	0	0	0.31
3700	0.32	0.29	0.29	0	0	0.32
3800	0.33	0.29	0.29	0	0	0.33
3900	0.33	0.3	0.3	0	0	0.33
4000	0.33	0.3	0.3	0	0	0.33
4100	0.33	0.3	0.3	0	0	0.33
4200	0.32	0.3	0.3	0	0	0.32
4300	0.32	0.31	0.31	0	0	0.32
4400	0.32	0.31	0.31	0	0	0.32
4500	0.32	0.33	0.33	0	0	0.32
4600	0.32	0.33	0.33	0	0	0.32
4700	0.32	0.33	0.33	0	0	0.32
4800	0.33	0.34	0.34	0	0	0.33
4900	0.33	0.34	0.34	0	0	0.33
5000	0.33	0.35	0.35	0	0	0.33
5100	0.34	0.35	0.35	0	0	0.34
5200	0.34	0.36	0.36	0	0	0.34
5300	0.34	0.36	0.36	0	0	0.34
5400	0.34	0.35	0.35	0	0	0.34
5500	0.36	0.35	0.35	0	0	0.36
5600	0.36	0.36	0.36	0	0	0.36
5700	0.36	0.36	0.36	0	0	0.36
5800	0.35	0.36	0.36	0	0	0.35
5900	0.35	0.36	0.36	0	0	0.35
6000	0.35	0.36	0.36	0	0	0.35
6100	0.36	0.36	0.36	0	0	0.36
6200	0.36	0.36	0.36	0	0	0.36
6300	0.35	0.36	0.36	0	0	0.35
6400	0.35	0.36	0.36	0	0	0.35
6500	0.35	0.37	0.37	0	0	0.35
6600	0.36	0.37	0.37	0	0	0.36
6700	0.37	0.38	0.38	0	0	0.37
6800	0.37	0.38	0.38	0	0	0.37
6900	0.37	0.38	0.38	0	0	0.37
7000	0.37	0.38	0.38	0	0	0.37
7100	0.36	0.38	0.38	0	0	0.36
7200	0.37	0.38	0.38	0	0	0.37
7300	0.37	0.38	0.38	0	0	0.37
7400	0.36	0.38	0.38	0	0	0.36
7500	0.36	0.38	0.38	0	0	0.36
7600	0.36	0.4	0.4	0	0	0.36
7700	0.36	0.4	0.4	0	0	0.36
7800	0.36	0.4	0.4	0	0	0.36
7900	0.36	0.41	0.41	0	0	0.36
8000	0.37	0.41	0.41	0	0	0.37
8100	0.37	0.43	0.43	0	0	0.37
8200	0.37	0.43	0.43	0	0	0.37
8300	0.36	0.43	0.43	0	0	0.36
8400	0.36	0.44	0.44	0	0	0.36
8500	0.36	0.44	0.44	0	0	0.36
8600	0.37	0.43	0.43	0	0	0.37
8700	0.36	0.42	0.42	0	0	0.36
8800	0.36	0.42	0.42	0	0	0.36
8900	0.37	0.42	0.42	0	0	0.37
9000	0.37	0.42	0.42	0	0	0.37
9100	0.37	0.4	0.4	0	0	0.37
9200	0.37	0.4	0.4	0	0	0.37
9300	0.37	0.4	0.4	0	0	0.37
9400	0.37	0.39	0.39	0	0	0.37
9500	0.37	0.39	0.39	0	0	0.37
9600	0.37	0.39	0.39	0	0	0.37
9700	0.37	0.39	0.39	0	0	0.37
9800	0.39	0.4	0.4	0	0	0.39
9900	0.39	0.4	0.4	0	0	0.39
10000	0.39	0.39	0.39	0	0	0.39
10100	0.39	0.39	0.39	0	0	0.39
10200	0.39	0.39	0.39	0	0	0.39
10300	0.4	0.39	0.39	0	0	0.4
10400	0.39	0.39	0.39	0	0	0.39
10500	0.39	0.4	0.4	0	0	0.39
10600	0.39	0.4	0.4	0	0	0.39
10700	0.38	0.41	0.41	0	0	0.38
10800	0.38	0.4	0.4	0	0	0.38
10900	0.38	0.4	0.4	0	0	0.38
11000	0.38	0.41	0.41	0	0	0.38
11100	0.38	0.4	0.4	0	0	0.38
11200	0.38	0.4	0.4	0	0	0.38
11300	0.38	0.4	0.4	0	0	0.38
11400	0.38	0.4	0.4	0	0	0.38
11500	0.38	0.4	0.4	0	0	0.38
11600	0.38	0.4	0.4	0	0	0.38
11700	0.38	0.4	0.4	0	0	0.38
11800	0.38	0.4	0.4	0	0	0.38
11900	0.38	0.4	0.4	0	0	0.38
12000	0.38	0.4	0.4	0	0	0.38
12100	0.38	0.4	0.4	0	0	0.38
12200	0.37	0.4	0.4	0	0	0.37
12300	0.37	0.4	0.4	0	0	0.37
12400	0.38	0.4	0.4	0	0	0.38
12500	0.38	0.41	0.41	0	0	0.38
12600	0.38	0.41	0.41	0	0	0.38
12700	0.38	0.41	0.41	0	0	0.38
12800	0.38	0.42	0.42	0	0	0.38
12900	0.37	0.42	0.42	0	0	0.37
13000	0.37	0.42	0.42	0	0	0.37
13100	0.37	0.42	0.42	0	0	0.37
13200	0.37	0.42	0.42	0	0	0.37
13300	0.36	0.43	0.43	0	0	0.36
13400	0.36	0.43	0.43	0	0	0.36
13500	0.36	0.43	0.43	0	0	0.36
13600	0.36	0.43	0.43	0	0	0.36
13700	0.36	0.43	0.43	0	0	0.36
13800	0.36	0.43	0.43	0	0	0.36
13900	0.35	0.44	0.44	0	0	0.35
14000	0.36	0.45	0.45	0	0	0.36
14100	0.36	0.45	0.45	0	0	0.36
14200	0.36	0.45	0.45	0	0	0.36
14300	0.36	0.45	0.45	0	0	0.36
14400	0.36	0.45	0.45	0	0	0.36
14500	0.36	0.45	0.45	0	0	0.36
14600	0.36	0.45	0.45	0	0	0.36
14700	0.36	0.45	0.45	0	0	0.36
14800	0.36	0.45	0.45	0	0	0.36
14900	0.36	0.45	0.45	0	0	0.36
15000	0.36	0.45	0.45	0	0	0.36
15100	0.36	0.45	0.45	0	0	0.36
15200	0.36	0.45	0.45	0	0	0.36
15300	0.36	0.44	0.44	0	0	0.36
15400	0.36	0.44	0.44	0	0	0.36
15500	0.36	0.45	0.45	0	0	0.36
15600	0.35	0.45	0.45	0	0	0.35
15700	0.35	0.44	0.44	0	0	0.35
15800	0.35	0.43	0.43	0	0	0.35
15900	0.35	0.44	0.44	0	0	0.35
16000	0.35	0.44	0.44	0	0	0.35
16100	0.35	0.45	0.45	0	0	0.35
16200	0.36	0.45	0.45	0	0	0.36
16300	0.36	0.44	0.44	0	0	0.36
16400	0.36	0.44	0.44	0	0	0.36
16500	0.36	0.43	0.43	0	0	0.36
16600	0.36	0.43	0.43	0	0	0.36
16700	0.37	0.43	0.43	0	0	0.37
16800	0.37	0.43	0.43	0	0	0.37
16900	0.37	0.41	0.41	0	0	0.37
17000	0.39	0.42	0.42	0	0	0.39
17100	0.37	0.42	0.42	0	0	0.37
17200	0.37	0.42	0.42	0	0	0.37
17300	0.37	0.41	0.41	0	0	0.37
17400	0.37	0.4	0.4	0	0	0.37
17500	0.37	0.4	0.4	0	0	0.37
17600	0.37	0.41	0.41	0	0	0.37
17700	0.37	0.41	0.41	0	0	0.37
17800	0.37	0.4	0.4	0	0	0.37
17900	0.37	0.4	0.4	0	0	0.37
18000	0.37	0.4	0.4	0	0	0.37
18100	0.37	0.4	0.4	0	0	0.37
18200	0.37	0.4	0.4	0	0	0.37
18300	0.37	0.41	0.41	0	0	0.37
18400	0.37	0.41	0.41	0	0	0.37
18500	0.37	0.42	0.42	0	0	0.37
18600	0.37	0.42	0.42	0	0	0.37
18700	0.37	0.42	0.42	0	0	0.37
18800	0.37	0.43	0.43	0	0	0.37
18900	0.37	0.43	0.43	0	0	0.37
19000	0.37	0.43	0.43	0	0	0.37
19100	0.37	0.43	0.43	0	0	0.37
19200	0.37	0.43	0.43	0	0	0.37
19300	0.37	0.43	0.43	0	0	0.37
19400	0.38	0.43	0.43	0	0	0.38
19500	0.38	0.43	0.43	0	0	0.38
19600	0.38	0.43	0.43	0	0	0.38
19700	0.36	0.43	0.43	0	0	0.36
19800	0.36	0.43	0.43	0	0	0.36
19900	0.36	0.44	0.44	0	0	0.36
20000	0.36	0.44	0.44	0	0	0.36
20100	0.36	0.44	0.44	0	0	0.36
20200	0.36	0.43	0.43	0	0	0.36
20300	0.35	0.43	0.43	0	0	0.35
20400	0.35	0.42	0.42	0	0	0.35
20500	0.35	0.43	0.43	0	0	0.35
20600	0.35	0.43	0.43	0	0	0.35
20700	0.35	0.43	0.43	0	0	0.35
20800	0.36	0.43	0.43	0	0	0.36
20900	0.36	0.43	0.43	0	0	0.36
21000	0.35	0.43	0.43	0	0	0.35
21100	0.36	0.43	0.43	0	0	0.36
21200	0.37	0.43	0.43	0	0	0.37
21300	0.37	0.43	0.43	0	0	0.37
21400	0.38	0.43	0.43	0	0	0.38
21500	0.37	0.43	0.43	0	0	0.37
21600	0.38	0.43	0.43	0	0	0.38
21700	0.38	0.43	0.43	0	0	0.38
21800	0.38	0.43	0.43	0	0	0.38
21900	0.38	0.43	0.43	0	0	0.38
22000	0.39	0.43	0.43	0	0	0.39
22100	0.39	0.43	0.43	0	0	0.39
22200	0.39	0.43	0.43	0	0	0.39
22300	0.39	0.44	0.44	0	0	0.39
22400	0.39	0.45	0.45	0	0	0.39
22500	0.39	0.45	0.45	0	0	0.39
22600	0.38	0.45	0.45	0	0	0.38
22700	0.38	0.45	0.45	0	0	0.38
22800	0.39	0.45	0.45	0	0	0.39
22900	0.38	0.45	0.45	0	0	0.38
23000	0.37	0.45	0.45	0	0	0.37
23100	0.37	0.46	0.46	0	0	0.37
23200	0.36	0.46	0.46	0	0	0.36
23300	0.36	0.46	0.46	0	0	0.36
23400	0.36	0.46	0.46	0	0	0.36
23500	0.37	0.45	0.45	0	0	0.37
23600	0.37	0.45	0.45	0	0	0.37
23700	0.37	0.45	0.45	0	0	0.37
23800	0.37	0.45	0.45	0	0	0.37
23900	0.38	0.45	0.45	0	0	0.38
24000	0.37	0.45	0.45	0	0	0.37
24100	0.37	0.46	0.46	0	0	0.37
24200	0.37	0.46	0.46	0	0	0.37
24300	0.37	0.46	0.46	0	0	0.37
24400	0.37	0.46	0.46	0	0	0.37
24500	0.37	0.46	0.46	0	0	0.37
24600	0.38	0.45	0.45	0	0	0.38
24700	0.37	0.45	0.45	0	0	0.37
24800	0.37	0.46	0.46	0	0	0.37
24900	0.37	0.46	0.46	0	0	0.37
25000	0.37	0.46	0.46	0	0	0.37
25100	0.37	0.46	0.46	0	0	0.37
25200	0.38	0.46	0.46	0	0	0.38
25300	0.38	0.46	0.46	0	0	0.38
25400	0.38	0.46	0.46	0	0	0.38
25500	0.38	0.46	0.46	0	0	0.38
25600	0.38	0.46	0.46	0	0	0.38
25700	0.38	0.46	0.46	0	0	0.38
25800	0.38	0.45	0.45	0	0	0.38
25900	0.38	0.44	0.44	0	0	0.38
26000	0.38	0.44	0.44	0	0	0.38
26100	0.38	0.44	0.44	0	0	0.38
26200	0.38	0.43	0.43	0	0	0.38
26300	0.38	0.43	0.43	0	0	0.38
26400	0.37	0.42	0.42	0	0	0.37
26500	0.37	0.41	0.41	0	0	0.37
26600	0.38	0.41	0.41	0	0	0.38
26700	0.38	0.41	0.41	0	0	0.38
26800	0.39	0.4	0.4	0	0	0.39
26900	0.4	0.4	0.4	0	0	0.4
27000	0.4	0.4	0.4	0	0	0.4
27100	0.4	0.41	0.41	0	0	0.4
27200	0.41	0.41	0.41	0	0	0.41
27300	0.41	0.41	0.41	0	0	0.41
27400	0.41	0.41	0.41	0	0	0.41
27500	0.41	0.41	0.41	0	0	0.41
27600	0.41	0.41	0.41	0	0	0.41
27700	0.42	0.42	0.42	0	0	0.42
27800	0.42	0.42	0.42	0	0	0.42
27900	0.42	0.43	0.43	0	0	0.42
28000	0.42	0.43	0.43	0	0	0.42
28100	0.42	0.43	0.43	0	0	0.42
28200	0.42	0.43	0.43	0	0	0.42
28300	0.42	0.43	0.43	0	0	0.42
28400	0.43	0.43	0.43	0	0	0.43
28500	0.43	0.43	0.43	0	0	0.43
28600	0.43	0.42	0.42	0	0	0.43
28700	0.43	0.42	0.42	0	0	0.43
28800	0.43	0.42	0.42	0	0	0.43
28900	0.43	0.42	0.42	0	0	0.43
29000	0.43	0.42	0.42	0	0	0.43
29100	0.43	0.42	0.42	0	0	0.43
29200	0.43	0.42	0.42	0	0	0.43
29300	0.43	0.43	0.43	0	0	0.43
29400	0.43	0.44	0.44	0	0	0.43
29500	0.43	0.44	0.44	0	0	0.43
29600	0.43	0.46	0.46	0	0	0.43
29700	0.43	0.46	0.46	0	0	0.43
29800	0.43	0.45	0.45	0	0	0.43
29900	0.43	0.45	0.45	0	0	0.43
30000	0.43	0.44	0.44	0	0	0.43
30100	0.43	0.44	0.44	0	0	0.43
30200	0.43	0.44	0.44	0	0	0.43
30300	0.43	0.44	0.44	0	0	0.43
30400	0.43	0.44	0.44	0	0	0.43
30500	0.43	0.44	0.44	0	0	0.43
30600	0.42	0.44	0.44	0	0	0.42
30700	0.43	0.44	0.44	0	0	0.43
30800	0.43	0.46	0.46	0	0	0.43
30900	0.43	0.46	0.46	0	0	0.43
31000	0.43	0.46	0.46	0	0	0.43
31100	0.43	0.46	0.46	0	0	0.43
31200	0.43	0.46	0.46	0	0	0.43
31300	0.44	0.46	0.46	0	0	0.44
31400	0.44	0.45	0.45	0	0	0.44
31500	0.45	0.45	0.45	0	0	0.45
31600	0.45	0.45	0.45	0	0	0.45
31700	0.45	0.44	0.44	0	0	0.45
31800	0.45	0.44	0.44	0	0	0.45
31900	0.45	0.44	0.44	0	0	0.45
32000	0.45	0.44	0.44	0	0	0.45
32100	0.46	0.44	0.44	0	0	0.46
32200	0.46	0.44	0.44	0	0	0.46
32300	0.45	0.44	0.44	0	0	0.45
32400	0.45	0.44	0.44	0	0	0.45
32500	0.45	0.44	0.44	0	0	0.45
32600	0.45	0.44	0.44	0	0	0.45
32700	0.45	0.44	0.44	0	0	0.45
32800	0.45	0.44	0.44	0	0	0.45
32900	0.44	0.44	0.44	0	0	0.44
33000	0.44	0.44	0.44	0	0	0.44
33100	0.44	0.43	0.43	0	0	0.44
33200	0.44	0.43	0.43	0	0	0.44
33300	0.45	0.43	0.43	0	0	0.45
33400	0.45	0.43	0.43	0	0	0.45
33500	0.45	0.43	0.43	0	0	0.45
33600	0.44	0.43	0.43	0	0	0.44
33700	0.44	0.43	0.43	0	0	0.44
33800	0.44	0.43	0.43	0	0	0.44
33900	0.45	0.43	0.43	0	0	0.45
34000	0.46	0.43	0.43	0	0	0.46
34100	0.46	0.43	0.43	0	0	0.46
34200	0.46	0.43	0.43	0	0	0.46
34300	0.46	0.43	0.43	0	0	0.46
34400	0.47	0.43	0.43	0	0	0.47
34500	0.47	0.43	0.43	0	0	0.47
34600	0.47	0.43	0.43	0	0	0.47
34700	0.47	0.42	0.42	0	0	0.47
34800	0.47	0.42	0.42	0	0	0.47
34900	0.47	0.41	0.41	0	0	0.47
35000	0.47	0.42	0.42	0	0	0.47
35100	0.47	0.42	0.42	0	0	0.47
35200	0.47	0.42	0.42	0	0	0.47
35300	0.46	0.42	0.42	0	0	0.46
35400	0.46	0.42	0.42	0	0	0.46
35500	0.46	0.42	0.42	0	0	0.46
35600	0.47	0.42	0.42	0	0	0.47
35700	0.47	0.42	0.42	0	0	0.47
35800	0.47	0.42	0.42	0	0	0.47
35900	0.47	0.42	0.42	0	0	0.47
36000	0.47	0.42	0.42	0	0	0.47
36100	0.46	0.42	0.42	0	0	0.46
36200	0.46	0.42	0.42	0	0	0.46
36300	0.46	0.42	0.42	0	0	0.46
36400	0.46	0.42	0.42	0	0	0.46
36500	0.46	0.42	0.42	0	0	0.46
36600	0.46	0.42	0.42	0	0	0.46
36700	0.46	0.42	0.42	0	0	0.46
36800	0.45	0.43	0.43	0	0	0.45
36900	0.44	0.43	0.43	0	0	0.44
37000	0.44	0.44	0.44	0	0	0.44
37100	0.44	0.44	0.44	0	0	0.44
37200	0.44	0.44	0.44	0	0	0.44
37300	0.44	0.44	0.44	0	0	0.44
37400	0.44	0.44	0.44	0	0	0.44
37500	0.44	0.44	0.44	0	0	0.44
37600	0.45	0.44	0.44	0	0	0.45
37700	0.45	0.43	0.43	0	0	0.45
37800	0.45	0.42	0.42	0	0	0.45
37900	0.45	0.41	0.41	0	0	0.45
38000	0.46	0.4	0.4	0	0	0.46
38100	0.46	0.4	0.4	0	0	0.46
38200	0.46	0.39	0.39	0	0	0.46
38300	0.46	0.39	0.39	0	0	0.46
38400	0.45	0.39	0.39	0	0	0.45
38500	0.45	0.39	0.39	0	0	0.45
38600	0.45	0.39	0.39	0	0	0.45
38700	0.45	0.39	0.39	0	0	0.45
38800	0.44	0.39	0.39	0	0	0.44
38900	0.44	0.38	0.38	0	0	0.44
39000	0.44	0.38	0.38	0	0	0.44
39100	0.44	0.38	0.38	0	0	0.44
39200	0.45	0.38	0.38	0	0	0.45
39300	0.45	0.38	0.38	0	0	0.45
39400	0.45	0.38	0.38	0	0	0.45
39500	0.45	0.38	0.38	0	0	0.45
39600	0.45	0.38	0.38	0	0	0.45
39700	0.45	0.38	0.38	0	0	0.45
39800	0.45	0.38	0.38	0	0	0.45
39900	0.45	0.38	0.38	0	0	0.45
40000	0.44	0.38	0.38	0	0	0.44
40100	0.44	0.38	0.38	0	0	0.44
40200	0.44	0.38	0.38	0	0	0.44
40300	0.44	0.39	0.39	0	0	0.44
40400	0.44	0.39	0.39	0	0	0.44
40500	0.44	0.39	0.39	0	0	0.44
40600	0.44	0.39	0.39	0	0	0.44
40700	0.44	0.39	0.39	0	0	0.44
40800	0.44	0.39	0.39	0	0	0.44
40900	0.44	0.39	0.39	0	0	0.44
41000	0.44	0.39	0.39	0	0	0.44
41100	0.44	0.39	0.39	0	0	0.44
41200	0.45	0.39	0.39	0	0	0.45
41300	0.45	0.39	0.39	0	0	0.45
41400	0.45	0.38	0.38	0	0	0.45
41500	0.45	0.39	0.39	0	0	0.45
41600	0.45	0.39	0.39	0	0	0.45
41700	0.44	0.39	0.39	0	0	0.44
41800	0.45	0.39	0.39	0	0	0.45
41900	0.45	0.39	0.39	0	0	0.45
42000	0.44	0.39	0.39	0	0	0.44
42100	0.43	0.39	0.39	0	0	0.43
42200	0.43	0.39	0.39	0	0	0.43
42300	0.43	0.39	0.39	0	0	0.43
42400	0.43	0.39	0.39	0	0	0.43
42500	0.44	0.39	0.39	0	0	0.44
42600	0.44	0.4	0.4	0	0	0.44
42700	0.44	0.4	0.4	0	0	0.44
42800	0.44	0.4	0.4	0	0	0.44
42900	0.44	0.4	0.4	0	0	0.44
43000	0.45	0.4	0.4	0	0	0.45
43100	0.45	0.4	0.4	0	0	0.45
43200	0.46	0.39	0.39	0	0	0.46
43300	0.46	0.39	0.39	0	0	0.46
43400	0.46	0.39	0.39	0	0	0.46
43500	0.46	0.39	0.39	0	0	0.46
43600	0.46	0.39	0.39	0	0	0.46
43700	0.46	0.39	0.39	0	0	0.46
43800	0.46	0.4	0.4	0	0	0.46
43900	0.46	0.4	0.4	0	0	0.46
44000	0.46	0.41	0.41	0	0	0.46
44100	0.46	0.41	0.41	0	0	0.46
44200	0.46	0.41	0.41	0	0	0.46
44300	0.46	0.41	0.41	0	0	0.46
44400	0.47	0.41	0.41	0	0	0.47
44500	0.46	0.41	0.41	0	0	0.46
44600	0.46	0.41	0.41	0	0	0.46
44700	0.46	0.41	0.41	0	0	0.46
44800	0.46	0.41	0.41	0	0	0.46
44900	0.46	0.41	0.41	0	0	0.46
45000	0.46	0.41	0.41	0	0	0.46
45100	0.46	0.42	0.42	0	0	0.46
45200	0.47	0.43	0.43	0	0	0.47
45300	0.47	0.43	0.43	0	0	0.47
45400	0.47	0.44	0.44	0	0	0.47
45500	0.47	0.44	0.44	0	0	0.47
45600	0.46	0.44	0.44	0	0	0.46
45700	0.46	0.44	0.44	0	0	0.46
45800	0.46	0.44	0.44	0	0	0.46
45900	0.46	0.44	0.44	0	0	0.46
46000	0.47	0.44	0.44	0	0	0.47
46100	0.47	0.44	0.44	0	0	0.47
46200	0.47	0.44	0.44	0	0	0.47
46300	0.47	0.44	0.44	0	0	0.47
46400	0.47	0.44	0.44	0	0	0.47
46500	0.47	0.44	0.44	0	0	0.47
46600	0.47	0.44	0.44	0	0	0.47
46700	0.47	0.44	0.44	0	0	0.47
46800	0.47	0.44	0.44	0	0	0.47
46900	0.47	0.44	0.44	0	0	0.47
47000	0.47	0.44	0.44	0	0	0.47
47100	0.48	0.44	0.44	0	0	0.48
47200	0.48	0.43	0.43	0	0	0.48
47300	0.47	0.43	0.43	0	0	0.47
47400	0.47	0.43	0.43	0	0	0.47
47500	0.47	0.43	0.43	0	0	0.47
47600	0.47	0.43	0.43	0	0	0.47
47700	0.46	0.43	0.43	0	0	0.46
47800	0.46	0.43	0.43	0	0	0.46
47900	0.46	0.43	0.43	0	0	0.46
48000	0.46	0.43	0.43	0	0	0.46
48100	0.46	0.43	0.43	0	0	0.46
48200	0.46	0.42	0.42	0	0	0.46
48300	0.46	0.42	0.42	0	0	0.46
48400	0.46	0.42	0.42	0	0	0.46
48500	0.46	0.42	0.42	0	0	0.46
48600	0.45	0.42	0.42	0	0	0.45
48700	0.45	0.42	0.42	0	0	0.45
48800	0.45	0.42	0.42	0	0	0.45
48900	0.45	0.42	0.42	0	0	0.45
49000	0.45	0.42	0.42	0	0	0.45
49100	0.45	0.42	0.42	0	0	0.45
49200	0.46	0.42	0.42	0	0	0.46
49300	0.46	0.42	0.42	0	0	0.46
49400	0.47	0.42	0.42	0	0	0.47
49500	0.47	0.42	0.42	0	0	0.47
49600	0.47	0.42	0.42	0	0	0.47
49700	0.47	0.42	0.42	0	0	0.47
49800	0.47	0.42	0.42	0	0	0.47
49900	0.47	0.43	0.43	0	0	0.47
50000	0.47	0.43	0.43	0	0	0.47
50100	0.47	0.43	0.43	0	0	0.47
50200	0.47	0.42	0.42	0	0	0.47
50300	0.47	0.42	0.42	0	0	0.47
50400	0.47	0.42	0.42	0	0	0.47
50500	0.48	0.42	0.42	0	0	0.48
50600	0.48	0.42	0.42	0	0	0.48
50700	0.48	0.42	0.42	0	0	0.48
50800	0.48	0.42	0.42	0	0	0.48
50900	0.48	0.42	0.42	0	0	0.48
51000	0.48	0.42	0.42	0	0	0.48
51100	0.48	0.42	0.42	0	0	0.48
51200	0.48	0.42	0.42	0	0	0.48
51300	0.48	0.42	0.42	0	0	0.48
51400	0.48	0.42	0.42	0	0	0.48
51500	0.48	0.42	0.42	0	0	0.48
51600	0.48	0.42	0.42	0	0	0.48
51700	0.47	0.42	0.42	0	0	0.47
51800	0.47	0.42	0.42	0	0	0.47
51900	0.46	0.42	0.42	0	0	0.46
52000	0.46	0.42	0.42	0	0	0.46
52100	0.46	0.42	0.42	0	0	0.46
52200	0.46	0.42	0.42	0	0	0.46
52300	0.46	0.41	0.41	0	0	0.46
52400	0.46	0.42	0.42	0	0	0.46
52500	0.46	0.42	0.42	0	0	0.46
52600	0.46	0.42	0.42	0	0	0.46
52700	0.46	0.42	0.42	0	0	0.46
52800	0.46	0.42	0.42	0	0	0.46
52900	0.46	0.42	0.42	0	0	0.46
53000	0.46	0.42	0.42	0	0	0.46
53100	0.46	0.42	0.42	0	0	0.46
53200	0.47	0.42	0.42	0	0	0.47
53300	0.47	0.42	0.42	0	0	0.47
53400	0.47	0.42	0.42	0	0	0.47
53500	0.47	0.42	0.42	0	0	0.47
53600	0.47	0.43	0.43	0	0	0.47
53700	0.47	0.43	0.43	0	0	0.47
53800	0.47	0.43	0.43	0	0	0.47
53900	0.47	0.42	0.42	0	0	0.47
54000	0.47	0.42	0.42	0	0	0.47
54100	0.47	0.42	0.42	0	0	0.47
54200	0.47	0.42	0.42	0	0	0.47
54300	0.47	0.42	0.42	0	0	0.47
54400	0.47	0.43	0.43	0	0	0.47
54500	0.47	0.43	0.43	0	0	0.47
54600	0.47	0.43	0.43	0	0	0.47
54700	0.47	0.43	0.43	0	0	0.47
54800	0.47	0.43	0.43	0	0	0.47
54900	0.47	0.43	0.43	0	0	0.47
55000	0.47	0.43	0.43	0	0	0.47
55100	0.47	0.43	0.43	0	0	0.47
55200	0.47	0.44	0.44	0	0	0.47
55300	0.47	0.45	0.45	0	0	0.47
55400	0.47	0.45	0.45	0	0	0.47
55500	0.47	0.45	0.45	0	0	0.47
55600	0.47	0.44	0.44	0	0	0.47
55700	0.47	0.44	0.44	0	0	0.47
55800	0.47	0.44	0.44	0	0	0.47
55900	0.47	0.44	0.44	0	0	0.47
56000	0.47	0.43	0.43	0	0	0.47
56100	0.46	0.42	0.42	0	0	0.46
56200	0.46	0.42	0.42	0	0	0.46
56300	0.46	0.42	0.42	0	0	0.46
56400	0.46	0.42	0.42	0	0	0.46
56500	0.46	0.42	0.42	0	0	0.46
56600	0.47	0.42	0.42	0	0	0.47
56700	0.47	0.42	0.42	0	0	0.47
56800	0.47	0.41	0.41	0	0	0.47
56900	0.47	0.41	0.41	0	0	0.47
57000	0.48	0.41	0.41	0	0	0.48
57100	0.49	0.41	0.41	0	0	0.49
57200	0.49	0.41	0.41	0	0	0.49
57300	0.5	0.41	0.41	0	0	0.5
57400	0.49	0.41	0.41	0	0	0.49
57500	0.48	0.41	0.41	0	0	0.48
57600	0.47	0.41	0.41	0	0	0.47
57700	0.46	0.41	0.41	0	0	0.46
57800	0.46	0.41	0.41	0	0	0.46
57900	0.46	0.41	0.41	0	0	0.46
58000	0.46	0.42	0.42	0	0	0.46
58100	0.46	0.41	0.41	0	0	0.46
58200	0.46	0.4	0.4	0	0	0.46
58300	0.46	0.4	0.4	0	0	0.46
58400	0.46	0.4	0.4	0	0	0.46
58500	0.46	0.4	0.4	0	0	0.46
58600	0.46	0.4	0.4	0	0	0.46
58700	0.46	0.4	0.4	0	0	0.46
58800	0.47	0.41	0.41	0	0	0.47
58900	0.47	0.41	0.41	0	0	0.47
59000	0.47	0.41	0.41	0	0	0.47
59100	0.47	0.41	0.41	0	0	0.47
59200	0.47	0.41	0.41	0	0	0.47
59300	0.47	0.41	0.41	0	0	0.47
59400	0.47	0.41	0.41	0	0	0.47
59500	0.47	0.41	0.41	0	0	0.47
59600	0.47	0.41	0.41	0	0	0.47
59700	0.47	0.41	0.41	0	0	0.47
59800	0.47	0.41	0.41	0	0	0.47
59900	0.47	0.41	0.41	0	0	0.47
60000	0.47	0.41	0.41	0	0	0.47
60100	0.47	0.42	0.42	0	0	0.47
60200	0.47	0.42	0.42	0	0	0.47
60300	0.47	0.42	0.42	0	0	0.47
60400	0.47	0.43	0.43	0	0	0.47
60500	0.47	0.43	0.43	0	0	0.47
60600	0.47	0.43	0.43	0	0	0.47
60700	0.47	0.43	0.43	0	0	0.47
60800	0.47	0.43	0.43	0	0	0.47
60900	0.47	0.43	0.43	0	0	0.47
61000	0.47	0.43	0.43	0	0	0.47
61100	0.47	0.43	0.43	0	0	0.47
61200	0.48	0.43	0.43	0	0	0.48
61300	0.48	0.43	0.43	0	0	0.48
61400	0.48	0.43	0.43	0	0	0.48
61500	0.48	0.44	0.44	0	0	0.48
61600	0.48	0.44	0.44	0	0	0.48
61700	0.48	0.44	0.44	0	0	0.48
61800	0.47	0.44	0.44	0	0	0.47
61900	0.47	0.44	0.44	0	0	0.47
62000	0.47	0.44	0.44	0	0	0.47
62100	0.47	0.44	0.44	0	0	0.47
62200	0.47	0.44	0.44	0	0	0.47
62300	0.47	0.44	0.44	0	0	0.47
62400	0.48	0.44	0.44	0	0	0.48
62500	0.48	0.44	0.44	0	0	0.48
62600	0.48	0.44	0.44	0	0	0.48
62700	0.48	0.44	0.44	0	0	0.48
62800	0.48	0.44	0.44	0	0	0.48
62900	0.48	0.44	0.44	0	0	0.48
63000	0.48	0.44	0.44	0	0	0.48
63100	0.48	0.44	0.44	0	0	0.48
63200	0.48	0.44	0.44	0	0	0.48
63300	0.47	0.44	0.44	0	0	0.47
63400	0.48	0.45	0.45	0	0	0.48
63500	0.47	0.45	0.45	0	0	0.47
63600	0.48	0.44	0.44	0	0	0.48
63700	0.48	0.44	0.44	0	0	0.48
63800	0.48	0.44	0.44	0	0	0.48
63900	0.48	0.44	0.44	0	0	0.48
64000	0.48	0.44	0.44	0	0	0.48
64100	0.48	0.44	0.44	0	0	0.48
64200	0.48	0.44	0.44	0	0	0.48
64300	0.48	0.44	0.44	0	0	0.48
64400	0.48	0.44	0.44	0	0	0.48
64500	0.48	0.44	0.44	0	0	0.48
64600	0.48	0.44	0.44	0	0	0.48
64700	0.48	0.44	0.44	0	0	0.48
64800	0.48	0.43	0.43	0	0	0.48
64900	0.48	0.43	0.43	0	0	0.48
65000	0.48	0.43	0.43	0	0	0.48
65100	0.48	0.43	0.43	0	0	0.48
65200	0.48	0.43	0.43	0	0	0.48
65300	0.48	0.43	0.43	0	0	0.48
65400	0.48	0.43	0.43	0	0	0.48
65500	0.48	0.43	0.43	0	0	0.48
65600	0.48	0.43	0.43	0	0	0.48
65700	0.48	0.43	0.43	0	0	0.48
65800	0.48	0.43	0.43	0	0	0.48
65900	0.48	0.43	0.43	0	0	0.48
66000	0.48	0.43	0.43	0	0	0.48
66100	0.48	0.43	0.43	0	0	0.48
66200	0.48	0.43	0.43	0	0	0.48
66300	0.47	0.43	0.43	0	0	0.47
66400	0.47	0.43	0.43	0	0	0.47
66500	0.47	0.43	0.43	0	0	0.47
66600	0.47	0.43	0.43	0	0	0.47
66700	0.47	0.44	0.44	0	0	0.47
66800	0.47	0.44	0.44	0	0	0.47
66900	0.47	0.44	0.44	0	0	0.47
67000	0.47	0.44	0.44	0	0	0.47
67100	0.48	0.45	0.45	0	0	0.48
67200	0.48	0.45	0.45	0	0	0.48
67300	0.48	0.44	0.44	0	0	0.48
67400	0.48	0.44	0.44	0	0	0.48
67500	0.48	0.44	0.44	0	0	0.48
67600	0.48	0.44	0.44	0	0	0.48
67700	0.48	0.44	0.44	0	0	0.48
67800	0.48	0.44	0.44	0	0	0.48
67900	0.47	0.45	0.45	0	0	0.47
68000	0.47	0.45	0.45	0	0	0.47
68100	0.47	0.45	0.45	0	0	0.47
68200	0.47	0.46	0.46	0	0	0.47
68300	0.47	0.46	0.46	0	0	0.47
68400	0.47	0.46	0.46	0	0	0.47
68500	0.47	0.46	0.46	0	0	0.47
68600	0.46	0.46	0.46	0	0	0.46
68700	0.46	0.46	0.46	0	0	0.46
68800	0.46	0.46	0.46	0	0	0.46
68900	0.46	0.46	0.46	0	0	0.46
69000	0.46	0.46	0.46	0	0	0.46
69100	0.46	0.46	0.46	0	0	0.46
69200	0.46	0.46	0.46	0	0	0.46
69300	0.45	0.46	0.46	0	0	0.45
69400	0.45	0.46	0.46	0	0	0.45
69500	0.45	0.46	0.46	0	0	0.45
69600	0.45	0.46	0.46	0	0	0.45
69700	0.45	0.46	0.46	0	0	0.45
69800	0.45	0.46	0.46	0	0	0.45
69900	0.45	0.46	0.46	0	0	0.45
70000	0.45	0.46	0.46	0	0	0.45
70100	0.44	0.46	0.46	0	0	0.44
70200	0.44	0.46	0.46	0	0	0.44
70300	0.44	0.46	0.46	0	0	0.44
70400	0.44	0.46	0.46	0	0	0.44
70500	0.44	0.46	0.46	0	0	0.44
70600	0.44	0.46	0.46	0	0	0.44
70700	0.44	0.46	0.46	0	0	0.44
70800	0.44	0.46	0.46	0	0	0.44
70900	0.45	0.46	0.46	0	0	0.45
71000	0.45	0.46	0.46	0	0	0.45
71100	0.45	0.46	0.46	0	0	0.45
71200	0.45	0.46	0.46	0	0	0.45
71300	0.45	0.47	0.47	0	0	0.45
71400	0.45	0.47	0.47	0	0	0.45
71500	0.45	0.47	0.47	0	0	0.45
71600	0.45	0.46	0.46	0	0	0.45
71700	0.45	0.46	0.46	0	0	0.45
71800	0.45	0.46	0.46	0	0	0.45
71900	0.45	0.46	0.46	0	0	0.45
72000	0.45	0.46	0.46	0	0	0.45
72100	0.45	0.47	0.47	0	0	0.45
72200	0.45	0.47	0.47	0	0	0.45
72300	0.45	0.47	0.47	0	0	0.45
72400	0.46	0.46	0.46	0	0	0.46
72500	0.46	0.46	0.46	0	0	0.46
72600	0.46	0.47	0.47	0	0	0.46
72700	0.46	0.47	0.47	0	0	0.46
72800	0.46	0.47	0.47	0	0	0.46
72900	0.45	0.47	0.47	0	0	0.45
73000	0.45	0.47	0.47	0	0	0.45
73100	0.45	0.48	0.48	0	0	0.45
73200	0.45	0.48	0.48	0	0	0.45
73300	0.45	0.48	0.48	0	0	0.45
73400	0.45	0.48	0.48	0	0	0.45
73500	0.45	0.48	0.48	0	0	0.45
73600	0.45	0.48	0.48	0	0	0.45
73700	0.45	0.48	0.48	0	0	0.45
73800	0.45	0.48	0.48	0	0	0.45
73900	0.45	0.48	0.48	0	0	0.45
74000	0.45	0.49	0.49	0	0	0.45
74100	0.45	0.49	0.49	0	0	0.45
74200	0.45	0.49	0.49	0	0	0.45
74300	0.46	0.49	0.49	0	0	0.46
74400	0.46	0.49	0.49	0	0	0.46
74500	0.46	0.49	0.49	0	0	0.46
74600	0.46	0.49	0.49	0	0	0.46
74700	0.45	0.49	0.49	0	0	0.45
74800	0.45	0.49	0.49	0	0	0.45
74900	0.45	0.49	0.49	0	0	0.45
75000	0.45	0.49	0.49	0	0	0.45
75100	0.45	0.49	0.49	0	0	0.45
75200	0.45	0.49	0.49	0	0	0.45
75300	0.45	0.49	0.49	0	0	0.45
75400	0.45	0.49	0.49	0	0	0.45
75500	0.45	0.49	0.49	0	0	0.45
75600	0.45	0.49	0.49	0	0	0.45
75700	0.44	0.49	0.49	0	0	0.44
75800	0.44	0.49	0.49	0	0	0.44
75900	0.44	0.49	0.49	0	0	0.44
76000	0.44	0.49	0.49	0	0	0.44
76100	0.44	0.49	0.49	0	0	0.44
76200	0.44	0.49	0.49	0	0	0.44
76300	0.43	0.49	0.49	0	0	0.43
76400	0.43	0.49	0.49	0	0	0.43
76500	0.43	0.49	0.49	0	0	0.43
76600	0.43	0.49	0.49	0	0	0.43
76700	0.43	0.49	0.49	0	0	0.43
76800	0.44	0.49	0.49	0	0	0.44
76900	0.44	0.49	0.49	0	0	0.44
77000	0.43	0.49	0.49	0	0	0.43
77100	0.43	0.49	0.49	0	0	0.43
77200	0.43	0.49	0.49	0	0	0.43
77300	0.43	0.49	0.49	0	0	0.43
77400	0.42	0.49	0.49	0	0	0.42
77500	0.42	0.49	0.49	0	0	0.42
77600	0.42	0.49	0.49	0	0	0.42
77700	0.42	0.49	0.49	0	0	0.42
77800	0.42	0.49	0.49	0	0	0.42
77900	0.42	0.49	0.49	0	0	0.42
78000	0.42	0.49	0.49	0	0	0.42
78100	0.42	0.49	0.49	0	0	0.42
78200	0.42	0.49	0.49	0	0	0.42
78300	0.42	0.49	0.49	0	0	0.42
78400	0.42	0.5	0.5	0	0	0.42
78500	0.41	0.5	0.5	0	0	0.41
78600	0.41	0.5	0.5	0	0	0.41
78700	0.41	0.5	0.5	0	0	0.41
78800	0.41	0.5	0.5	0	0	0.41
78900	0.42	0.5	0.5	0	0	0.42
79000	0.42	0.5	0.5	0	0	0.42
79100	0.42	0.5	0.5	0	0	0.42
79200	0.42	0.5	0.5	0	0	0.42
79300	0.42	0.5	0.5	0	0	0.42
79400	0.42	0.5	0.5	0	0	0.42
79500	0.43	0.5	0.5	0	0	0.43
79600	0.43	0.5	0.5	0	0	0.43
79700	0.43	0.5	0.5	0	0	0.43
79800	0.43	0.49	0.49	0	0	0.43
79900	0.43	0.49	0.49	0	0	0.43
80000	0.43	0.49	0.49	0	0	0.43
80100	0.43	0.49	0.49	0	0	0.43
80200	0.43	0.49	0.49	0	0	0.43
80300	0.43	0.49	0.49	0	0	0.43
80400	0.43	0.49	0.49	0	0	0.43
80500	0.43	0.49	0.49	0	0	0.43
80600	0.43	0.49	0.49	0	0	0.43
80700	0.43	0.49	0.49	0	0	0.43
80800	0.43	0.49	0.49	0	0	0.43
80900	0.42	0.49	0.49	0	0	0.42
81000	0.42	0.49	0.49	0	0	0.42
81100	0.42	0.49	0.49	0	0	0.42
81200	0.42	0.49	0.49	0	0	0.42
81300	0.42	0.49	0.49	0	0	0.42
81400	0.42	0.49	0.49	0	0	0.42
81500	0.42	0.49	0.49	0	0	0.42
81600	0.42	0.49	0.49	0	0	0.42
81700	0.42	0.49	0.49	0	0	0.42
81800	0.42	0.49	0.49	0	0	0.42
81900	0.42	0.51	0.51	0	0	0.42
82000	0.42	0.51	0.51	0	0	0.42
82100	0.42	0.51	0.51	0	0	0.42
82200	0.42	0.51	0.51	0	0	0.42
82300	0.42	0.51	0.51	0	0	0.42
82400	0.42	0.51	0.51	0	0	0.42
82500	0.42	0.51	0.51	0	0	0.42
82600	0.42	0.51	0.51	0	0	0.42
82700	0.42	0.51	0.51	0	0	0.42
82800	0.41	0.51	0.51	0	0	0.41
82900	0.41	0.51	0.51	0	0	0.41
83000	0.4	0.51	0.51	0	0	0.4
83100	0.4	0.51	0.51	0	0	0.4
83200	0.4	0.51	0.51	0	0	0.4
83300	0.4	0.51	0.51	0	0	0.4
83400	0.4	0.51	0.51	0	0	0.4
83500	0.4	0.51	0.51	0	0	0.4
83600	0.41	0.51	0.51	0	0	0.41
83700	0.41	0.52	0.52	0	0	0.41
83800	0.41	0.52	0.52	0	0	0.41
83900	0.41	0.52	0.52	0	0	0.41
84000	0.41	0.52	0.52	0	0	0.41
84100	0.41	0.52	0.52	0	0	0.41
84200	0.41	0.52	0.52	0	0	0.41
84300	0.41	0.52	0.52	0	0	0.41
84400	0.41	0.52	0.52	0	0	0.41
84500	0.41	0.52	0.52	0	0	0.41
84600	0.41	0.52	0.52	0	0	0.41
84700	0.41	0.52	0.52	0	0	0.41
84800	0.41	0.52	0.52	0	0	0.41
84900	0.41	0.52	0.52	0	0	0.41
85000	0.41	0.52	0.52	0	0	0.41
85100	0.41	0.52	0.52	0	0	0.41
85200	0.41	0.52	0.52	0	0	0.41
85300	0.41	0.52	0.52	0	0	0.41
85400	0.42	0.52	0.52	0	0	0.42
85500	0.42	0.52	0.52	0	0	0.42
85600	0.42	0.52	0.52	0	0	0.42
85700	0.42	0.52	0.52	0	0	0.42
85800	0.42	0.52	0.52	0	0	0.42
85900	0.42	0.52	0.52	0	0	0.42
86000	0.42	0.53	0.53	0	0	0.42
86100	0.42	0.52	0.52	0	0	0.42
86200	0.42	0.52	0.52	0	0	0.42
86300	0.42	0.52	0.52	0	0	0.42
86400	0.42	0.52	0.52	0	0	0.42
86500	0.42	0.52	0.52	0	0	0.42
86600	0.41	0.52	0.52	0	0	0.41
86700	0.41	0.52	0.52	0	0	0.41
86800	0.41	0.52	0.52	0	0	0.41
86900	0.41	0.52	0.52	0	0	0.41
87000	0.41	0.52	0.52	0	0	0.41
87100	0.41	0.52	0.52	0	0	0.41
87200	0.41	0.52	0.52	0	0	0.41
87300	0.41	0.52	0.52	0	0	0.41
87400	0.41	0.52	0.52	0	0	0.41
87500	0.41	0.52	0.52	0	0	0.41
87600	0.41	0.52	0.52	0	0	0.41
87700	0.41	0.53	0.53	0	0	0.41
87800	0.42	0.53	0.53	0	0	0.42
87900	0.41	0.53	0.53	0	0	0.41
88000	0.41	0.53	0.53	0	0	0.41
88100	0.41	0.53	0.53	0	0	0.41
88200	0.41	0.53	0.53	0	0	0.41
88300	0.41	0.53	0.53	0	0	0.41
88400	0.41	0.53	0.53	0	0	0.41
88500	0.41	0.53	0.53	0	0	0.41
88600	0.41	0.53	0.53	0	0	0.41
88700	0.41	0.54	0.54	0	0	0.41
88800	0.41	0.54	0.54	0	0	0.41
88900	0.41	0.54	0.54	0	0	0.41
89000	0.41	0.54	0.54	0	0	0.41
89100	0.41	0.54	0.54	0	0	0.41
89200	0.41	0.54	0.54	0	0	0.41
89300	0.41	0.54	0.54	0	0	0.41
89400	0.41	0.55	0.55	0	0	0.41
89500	0.41	0.55	0.55	0	0	0.41
89600	0.41	0.55	0.55	0	0	0.41
89700	0.41	0.55	0.55	0	0	0.41
89800	0.41	0.55	0.55	0	0	0.41
89900	0.41	0.55	0.55	0	0	0.41
90000	0.41	0.54	0.54	0	0	0.41
90100	0.41	0.54	0.54	0	0	0.41
90200	0.41	0.54	0.54	0	0	0.41
90300	0.41	0.54	0.54	0	0	0.41
90400	0.41	0.54	0.54	0	0	0.41
90500	0.41	0.54	0.54	0	0	0.41
90600	0.41	0.54	0.54	0	0	0.41
90700	0.41	0.54	0.54	0	0	0.41
90800	0.41	0.54	0.54	0	0	0.41
90900	0.41	0.54	0.54	0	0	0.41
91000	0.41	0.54	0.54	0	0	0.41
91100	0.41	0.54	0.54	0	0	0.41
91200	0.41	0.54	0.54	0	0	0.41
91300	0.41	0.54	0.54	0	0	0.41
91400	0.41	0.54	0.54	0	0	0.41
91500	0.41	0.54	0.54	0	0	0.41
91600	0.41	0.54	0.54	0	0	0.41
91700	0.41	0.54	0.54	0	0	0.41
91800	0.41	0.54	0.54	0	0	0.41
91900	0.41	0.54	0.54	0	0	0.41
92000	0.41	0.54	0.54	0	0	0.41
92100	0.41	0.54	0.54	0	0	0.41
92200	0.41	0.54	0.54	0	0	0.41
92300	0.41	0.54	0.54	0	0	0.41
92400	0.41	0.54	0.54	0	0	0.41
92500	0.41	0.54	0.54	0	0	0.41
92600	0.41	0.54	0.54	0	0	0.41
92700	0.41	0.54	0.54	0	0	0.41
92800	0.41	0.54	0.54	0	0	0.41
92900	0.41	0.54	0.54	0	0	0.41
93000	0.41	0.54	0.54	0	0	0.41
93100	0.41	0.54	0.54	0	0	0.41
93200	0.41	0.53	0.53	0	0	0.41
93300	0.41	0.53	0.53	0	0	0.41
93400	0.41	0.53	0.53	0	0	0.41
93500	0.41	0.53	0.53	0	0	0.41
93600	0.41	0.53	0.53	0	0	0.41
93700	0.41	0.53	0.53	0	0	0.41
93800	0.41	0.53	0.53	0	0	0.41
93900	0.41	0.53	0.53	0	0	0.41
94000	0.41	0.53	0.53	0	0	0.41
94100	0.41	0.53	0.53	0	0	0.41
94200	0.41	0.53	0.53	0	0	0.41
94300	0.41	0.53	0.53	0	0	0.41
94400	0.41	0.53	0.53	0	0	0.41
94500	0.41	0.54	0.54	0	0	0.41
94600	0.41	0.54	0.54	0	0	0.41
94700	0.42	0.54	0.54	0	0	0.42
94800	0.42	0.54	0.54	0	0	0.42
94900	0.42	0.54	0.54	0	0	0.42
95000	0.42	0.54	0.54	0	0	0.42
95100	0.42	0.54	0.54	0	0	0.42
95200	0.42	0.54	0.54	0	0	0.42
95300	0.42	0.54	0.54	0	0	0.42
95400	0.42	0.54	0.54	0	0	0.42
95500	0.42	0.54	0.54	0	0	0.42
95600	0.42	0.54	0.54	0	0	0.42
95700	0.42	0.54	0.54	0	0	0.42
95800	0.42	0.54	0.54	0	0	0.42
95900	0.42	0.54	0.54	0	0	0.42
96000	0.42	0.54	0.54	0	0	0.42
96100	0.42	0.54	0.54	0	0	0.42
96200	0.42	0.54	0.54	0	0	0.42
96300	0.42	0.54	0.54	0	0	0.42
96400	0.42	0.54	0.54	0	0	0.42
96500	0.42	0.54	0.54	0	0	0.42
96600	0.42	0.54	0.54	0	0	0.42
96700	0.42	0.54	0.54	0	0	0.42
96800	0.42	0.54	0.54	0	0	0.42
96900	0.42	0.54	0.54	0	0	0.42
97000	0.42	0.54	0.54	0	0	0.42
97100	0.42	0.54	0.54	0	0	0.42
97200	0.42	0.54	0.54	0	0	0.42
97300	0.42	0.53	0.53	0	0	0.42
97400	0.42	0.53	0.53	0	0	0.42
97500	0.42	0.53	0.53	0	0	0.42
97600	0.42	0.53	0.53	0	0	0.42
97700	0.42	0.52	0.52	0	0	0.42
97800	0.42	0.52	0.52	0	0	0.42
97900	0.42	0.52	0.52	0	0	0.42
98000	0.42	0.52	0.52	0	0	0.42
98100	0.42	0.52	0.52	0	0	0.42
98200	0.42	0.52	0.52	0	0	0.42
98300	0.42	0.52	0.52	0	0	0.42
98400	0.42	0.52	0.52	0	0	0.42
98500	0.42	0.52	0.52	0	0	0.42
98600	0.42	0.52	0.52	0	0	0.42
98700	0.42	0.51	0.51	0	0	0.42
98800	0.42	0.51	0.51	0	0	0.42
98900	0.42	0.51	0.51	0	0	0.42
99000	0.42	0.51	0.51	0	0	0.42
99100	0.42	0.51	0.51	0	0	0.42
99200	0.43	0.51	0.51	0	0	0.43
99300	0.42	0.51	0.51	0	0	0.42
99400	0.41	0.51	0.51	0	0	0.41
99500	0.41	0.51	0.51	0	0	0.41
99600	0.4	0.51	0.51	0	0	0.4
99700	0.4	0.51	0.51	0	0	0.4
99800	0.4	0.51	0.51	0	0	0.4
99900	0.4	0.51	0.51	0	0	0.4
100000	0.4	0.51	0.51	0	0	0.4
