100	0.07	0.08	0.08	0	0	0.07
200	0.09	0.08	0.08	0	0	0.09
300	0.1	0.09	0.09	0	0	0.1
400	0.12	0.1	0.1	0	0	0.12
500	0.13	0.11	0.11	0	0	0.13
600	0.14	0.13	0.13	0	0	0.14
700	0.14	0.14	0.14	0	0	0.14
800	0.15	0.16	0.16	0	0	0.15
900	0.16	0.2	0.2	0	0	0.16
1000	0.17	0.19	0.19	0	0	0.17
1100	0.17	0.2	0.2	0	0	0.17
1200	0.17	0.22	0.22	0	0	0.17
1300	0.2	0.23	0.23	0	0	0.2
1400	0.21	0.23	0.23	0	0	0.21
1500	0.21	0.24	0.24	0	0	0.21
1600	0.22	0.29	0.29	0	0	0.22
1700	0.22	0.28	0.28	0	0	0.22
1800	0.23	0.3	0.3	0	0	0.23
1900	0.23	0.32	0.32	0	0	0.23
2000	0.24	0.33	0.33	0	0	0.24
2100	0.24	0.32	0.32	0	0	0.24
2200	0.25	0.33	0.33	0	0	0.25
2300	0.26	0.34	0.34	0	0	0.26
2400	0.26	0.35	0.35	0	0	0.26
2500	0.26	0.36	0.36	0	0	0.26
2600	0.26	0.37	0.37	0	0	0.26
2700	0.26	0.36	0.36	0	0	0.26
2800	0.26	0.36	0.36	0	0	0.26
2900	0.26	0.36	0.36	0	0	0.26
3000	0.27	0.36	0.36	0	0	0.27
3100	0.28	0.36	0.36	0	0	0.28
3200	0.27	0.35	0.35	0	0	0.27
3300	0.26	0.35	0.35	0	0	0.26
3400	0.26	0.35	0.35	0	0	0.26
3500	0.28	0.36	0.36	0	0	0.28
3600	0.29	0.37	0.37	0	0	0.29
3700	0.29	0.38	0.38	0	0	0.29
3800	0.29	0.36	0.36	0	0	0.29
3900	0.29	0.36	0.36	0	0	0.29
4000	0.3	0.36	0.36	0	0	0.3
4100	0.3	0.36	0.36	0	0	0.3
4200	0.31	0.36	0.36	0	0	0.31
4300	0.31	0.37	0.37	0	0	0.31
4400	0.31	0.35	0.35	0	0	0.31
4500	0.31	0.35	0.35	0	0	0.31
4600	0.31	0.35	0.35	0	0	0.31
4700	0.31	0.35	0.35	0	0	0.31
4800	0.31	0.36	0.36	0	0	0.31
4900	0.32	0.36	0.36	0	0	0.32
5000	0.33	0.35	0.35	0	0	0.33
5100	0.34	0.35	0.35	0	0	0.34
5200	0.34	0.35	0.35	0	0	0.34
5300	0.34	0.35	0.35	0	0	0.34
5400	0.33	0.35	0.35	0	0	0.33
5500	0.34	0.35	0.35	0	0	0.34
5600	0.34	0.35	0.35	0	0	0.34
5700	0.34	0.35	0.35	0	0	0.34
5800	0.34	0.35	0.35	0	0	0.34
5900	0.34	0.35	0.35	0	0	0.34
6000	0.34	0.34	0.34	0	0	0.34
6100	0.35	0.34	0.34	0	0	0.35
6200	0.35	0.34	0.34	0	0	0.35
6300	0.35	0.34	0.34	0	0	0.35
6400	0.36	0.34	0.34	0	0	0.36
6500	0.35	0.34	0.34	0	0	0.35
6600	0.35	0.35	0.35	0	0	0.35
6700	0.36	0.35	0.35	0	0	0.36
6800	0.36	0.35	0.35	0	0	0.36
6900	0.37	0.35	0.35	0	0	0.37
7000	0.36	0.35	0.35	0	0	0.36
7100	0.36	0.36	0.36	0	0	0.36
7200	0.36	0.36	0.36	0	0	0.36
7300	0.37	0.36	0.36	0	0	0.37
7400	0.37	0.37	0.37	0	0	0.37
7500	0.37	0.37	0.37	0	0	0.37
7600	0.37	0.37	0.37	0	0	0.37
7700	0.39	0.36	0.36	0	0	0.39
7800	0.38	0.35	0.35	0	0	0.38
7900	0.38	0.36	0.36	0	0	0.38
8000	0.38	0.36	0.36	0	0	0.38
8100	0.38	0.37	0.37	0	0	0.38
8200	0.38	0.37	0.37	0	0	0.38
8300	0.38	0.37	0.37	0	0	0.38
8400	0.39	0.37	0.37	0	0	0.39
8500	0.39	0.36	0.36	0	0	0.39
8600	0.4	0.36	0.36	0	0	0.4
8700	0.4	0.36	0.36	0	0	0.4
8800	0.39	0.36	0.36	0	0	0.39
8900	0.4	0.35	0.35	0	0	0.4
9000	0.4	0.35	0.35	0	0	0.4
9100	0.4	0.35	0.35	0	0	0.4
9200	0.41	0.35	0.35	0	0	0.41
9300	0.41	0.35	0.35	0	0	0.41
9400	0.42	0.35	0.35	0	0	0.42
9500	0.43	0.35	0.35	0	0	0.43
9600	0.43	0.35	0.35	0	0	0.43
9700	0.43	0.35	0.35	0	0	0.43
9800	0.42	0.35	0.35	0	0	0.42
9900	0.43	0.36	0.36	0	0	0.43
10000	0.43	0.35	0.35	0	0	0.43
10100	0.42	0.34	0.34	0	0	0.42
10200	0.42	0.34	0.34	0	0	0.42
10300	0.42	0.35	0.35	0	0	0.42
10400	0.42	0.34	0.34	0	0	0.42
10500	0.42	0.34	0.34	0	0	0.42
10600	0.42	0.34	0.34	0	0	0.42
10700	0.42	0.35	0.35	0	0	0.42
10800	0.42	0.35	0.35	0	0	0.42
10900	0.42	0.36	0.36	0	0	0.42
11000	0.42	0.36	0.36	0	0	0.42
11100	0.42	0.36	0.36	0	0	0.42
11200	0.42	0.36	0.36	0	0	0.42
11300	0.42	0.37	0.37	0	0	0.42
11400	0.41	0.37	0.37	0	0	0.41
11500	0.43	0.37	0.37	0	0	0.43
11600	0.43	0.39	0.39	0	0	0.43
11700	0.43	0.4	0.4	0	0	0.43
11800	0.44	0.4	0.4	0	0	0.44
11900	0.44	0.4	0.4	0	0	0.44
12000	0.44	0.4	0.4	0	0	0.44
12100	0.44	0.4	0.4	0	0	0.44
12200	0.44	0.4	0.4	0	0	0.44
12300	0.45	0.4	0.4	0	0	0.45
12400	0.45	0.4	0.4	0	0	0.45
12500	0.46	0.4	0.4	0	0	0.46
12600	0.45	0.4	0.4	0	0	0.45
12700	0.45	0.42	0.42	0	0	0.45
12800	0.45	0.42	0.42	0	0	0.45
12900	0.45	0.42	0.42	0	0	0.45
13000	0.45	0.42	0.42	0	0	0.45
13100	0.45	0.42	0.42	0	0	0.45
13200	0.45	0.42	0.42	0	0	0.45
13300	0.45	0.42	0.42	0	0	0.45
13400	0.45	0.42	0.42	0	0	0.45
13500	0.45	0.42	0.42	0	0	0.45
13600	0.45	0.42	0.42	0	0	0.45
13700	0.43	0.42	0.42	0	0	0.43
13800	0.44	0.42	0.42	0	0	0.44
13900	0.42	0.42	0.42	0	0	0.42
14000	0.42	0.42	0.42	0	0	0.42
14100	0.41	0.42	0.42	0	0	0.41
14200	0.41	0.42	0.42	0	0	0.41
14300	0.41	0.41	0.41	0	0	0.41
14400	0.41	0.42	0.42	0	0	0.41
14500	0.41	0.42	0.42	0	0	0.41
14600	0.4	0.42	0.42	0	0	0.4
14700	0.4	0.42	0.42	0	0	0.4
14800	0.38	0.42	0.42	0	0	0.38
14900	0.38	0.42	0.42	0	0	0.38
15000	0.38	0.43	0.43	0	0	0.38
15100	0.39	0.42	0.42	0	0	0.39
15200	0.39	0.42	0.42	0	0	0.39
15300	0.39	0.42	0.42	0	0	0.39
15400	0.38	0.43	0.43	0	0	0.38
15500	0.38	0.43	0.43	0	0	0.38
15600	0.38	0.44	0.44	0	0	0.38
15700	0.38	0.44	0.44	0	0	0.38
15800	0.38	0.44	0.44	0	0	0.38
15900	0.38	0.44	0.44	0	0	0.38
16000	0.4	0.44	0.44	0	0	0.4
16100	0.39	0.44	0.44	0	0	0.39
16200	0.38	0.44	0.44	0	0	0.38
16300	0.38	0.44	0.44	0	0	0.38
16400	0.39	0.44	0.44	0	0	0.39
16500	0.4	0.44	0.44	0	0	0.4
16600	0.4	0.44	0.44	0	0	0.4
16700	0.4	0.45	0.45	0	0	0.4
16800	0.4	0.45	0.45	0	0	0.4
16900	0.4	0.46	0.46	0	0	0.4
17000	0.39	0.47	0.47	0	0	0.39
17100	0.39	0.47	0.47	0	0	0.39
17200	0.39	0.47	0.47	0	0	0.39
17300	0.4	0.47	0.47	0	0	0.4
17400	0.4	0.47	0.47	0	0	0.4
17500	0.4	0.48	0.48	0	0	0.4
17600	0.4	0.48	0.48	0	0	0.4
17700	0.39	0.48	0.48	0	0	0.39
17800	0.4	0.48	0.48	0	0	0.4
17900	0.4	0.48	0.48	0	0	0.4
18000	0.4	0.48	0.48	0	0	0.4
18100	0.4	0.48	0.48	0	0	0.4
18200	0.41	0.48	0.48	0	0	0.41
18300	0.41	0.48	0.48	0	0	0.41
18400	0.41	0.48	0.48	0	0	0.41
18500	0.41	0.47	0.47	0	0	0.41
18600	0.4	0.47	0.47	0	0	0.4
18700	0.4	0.47	0.47	0	0	0.4
18800	0.4	0.47	0.47	0	0	0.4
18900	0.42	0.47	0.47	0	0	0.42
19000	0.41	0.47	0.47	0	0	0.41
19100	0.41	0.46	0.46	0	0	0.41
19200	0.41	0.46	0.46	0	0	0.41
19300	0.41	0.46	0.46	0	0	0.41
19400	0.4	0.47	0.47	0	0	0.4
19500	0.41	0.47	0.47	0	0	0.41
19600	0.41	0.48	0.48	0	0	0.41
19700	0.41	0.48	0.48	0	0	0.41
19800	0.41	0.48	0.48	0	0	0.41
19900	0.41	0.49	0.49	0	0	0.41
20000	0.42	0.47	0.47	0	0	0.42
20100	0.42	0.47	0.47	0	0	0.42
20200	0.42	0.47	0.47	0	0	0.42
20300	0.42	0.46	0.46	0	0	0.42
20400	0.42	0.46	0.46	0	0	0.42
20500	0.41	0.46	0.46	0	0	0.41
20600	0.41	0.46	0.46	0	0	0.41
20700	0.41	0.46	0.46	0	0	0.41
20800	0.41	0.46	0.46	0	0	0.41
20900	0.41	0.45	0.45	0	0	0.41
21000	0.41	0.46	0.46	0	0	0.41
21100	0.41	0.45	0.45	0	0	0.41
21200	0.42	0.45	0.45	0	0	0.42
21300	0.42	0.45	0.45	0	0	0.42
21400	0.42	0.45	0.45	0	0	0.42
21500	0.42	0.45	0.45	0	0	0.42
21600	0.42	0.45	0.45	0	0	0.42
21700	0.42	0.45	0.45	0	0	0.42
21800	0.42	0.45	0.45	0	0	0.42
21900	0.42	0.45	0.45	0	0	0.42
22000	0.42	0.44	0.44	0	0	0.42
22100	0.42	0.45	0.45	0	0	0.42
22200	0.41	0.44	0.44	0	0	0.41
22300	0.42	0.44	0.44	0	0	0.42
22400	0.42	0.44	0.44	0	0	0.42
22500	0.42	0.44	0.44	0	0	0.42
22600	0.43	0.44	0.44	0	0	0.43
22700	0.43	0.44	0.44	0	0	0.43
22800	0.43	0.44	0.44	0	0	0.43
22900	0.43	0.44	0.44	0	0	0.43
23000	0.44	0.45	0.45	0	0	0.44
23100	0.44	0.45	0.45	0	0	0.44
23200	0.44	0.45	0.45	0	0	0.44
23300	0.44	0.45	0.45	0	0	0.44
23400	0.44	0.45	0.45	0	0	0.44
23500	0.44	0.45	0.45	0	0	0.44
23600	0.44	0.45	0.45	0	0	0.44
23700	0.44	0.45	0.45	0	0	0.44
23800	0.44	0.45	0.45	0	0	0.44
23900	0.44	0.45	0.45	0	0	0.44
24000	0.43	0.45	0.45	0	0	0.43
24100	0.43	0.45	0.45	0	0	0.43
24200	0.43	0.45	0.45	0	0	0.43
24300	0.42	0.45	0.45	0	0	0.42
24400	0.42	0.45	0.45	0	0	0.42
24500	0.42	0.45	0.45	0	0	0.42
24600	0.43	0.45	0.45	0	0	0.43
24700	0.43	0.45	0.45	0	0	0.43
24800	0.42	0.44	0.44	0	0	0.42
24900	0.42	0.44	0.44	0	0	0.42
25000	0.42	0.44	0.44	0	0	0.42
25100	0.42	0.44	0.44	0	0	0.42
25200	0.42	0.44	0.44	0	0	0.42
25300	0.41	0.44	0.44	0	0	0.41
25400	0.42	0.44	0.44	0	0	0.42
25500	0.42	0.44	0.44	0	0	0.42
25600	0.43	0.44	0.44	0	0	0.43
25700	0.42	0.44	0.44	0	0	0.42
25800	0.41	0.44	0.44	0	0	0.41
25900	0.4	0.44	0.44	0	0	0.4
26000	0.4	0.44	0.44	0	0	0.4
26100	0.4	0.44	0.44	0	0	0.4
26200	0.4	0.45	0.45	0	0	0.4
26300	0.4	0.45	0.45	0	0	0.4
26400	0.4	0.45	0.45	0	0	0.4
26500	0.4	0.45	0.45	0	0	0.4
26600	0.4	0.46	0.46	0	0	0.4
26700	0.4	0.46	0.46	0	0	0.4
26800	0.41	0.46	0.46	0	0	0.41
26900	0.41	0.46	0.46	0	0	0.41
27000	0.41	0.46	0.46	0	0	0.41
27100	0.41	0.46	0.46	0	0	0.41
27200	0.41	0.46	0.46	0	0	0.41
27300	0.41	0.46	0.46	0	0	0.41
27400	0.41	0.46	0.46	0	0	0.41
27500	0.41	0.46	0.46	0	0	0.41
27600	0.41	0.47	0.47	0	0	0.41
27700	0.41	0.47	0.47	0	0	0.41
27800	0.41	0.47	0.47	0	0	0.41
27900	0.41	0.47	0.47	0	0	0.41
28000	0.41	0.47	0.47	0	0	0.41
28100	0.41	0.47	0.47	0	0	0.41
28200	0.41	0.47	0.47	0	0	0.41
28300	0.41	0.47	0.47	0	0	0.41
28400	0.41	0.47	0.47	0	0	0.41
28500	0.41	0.47	0.47	0	0	0.41
28600	0.41	0.47	0.47	0	0	0.41
28700	0.41	0.46	0.46	0	0	0.41
28800	0.42	0.46	0.46	0	0	0.42
28900	0.42	0.46	0.46	0	0	0.42
29000	0.42	0.46	0.46	0	0	0.42
29100	0.42	0.45	0.45	0	0	0.42
29200	0.42	0.45	0.45	0	0	0.42
29300	0.42	0.45	0.45	0	0	0.42
29400	0.42	0.45	0.45	0	0	0.42
29500	0.42	0.45	0.45	0	0	0.42
29600	0.42	0.45	0.45	0	0	0.42
29700	0.42	0.45	0.45	0	0	0.42
29800	0.42	0.45	0.45	0	0	0.42
29900	0.42	0.45	0.45	0	0	0.42
30000	0.42	0.45	0.45	0	0	0.42
30100	0.42	0.45	0.45	0	0	0.42
30200	0.42	0.45	0.45	0	0	0.42
30300	0.42	0.45	0.45	0	0	0.42
30400	0.42	0.45	0.45	0	0	0.42
30500	0.42	0.45	0.45	0	0	0.42
30600	0.42	0.45	0.45	0	0	0.42
30700	0.42	0.44	0.44	0	0	0.42
30800	0.42	0.43	0.43	0	0	0.42
30900	0.42	0.41	0.41	0	0	0.42
31000	0.42	0.41	0.41	0	0	0.42
31100	0.42	0.41	0.41	0	0	0.42
31200	0.42	0.41	0.41	0	0	0.42
31300	0.42	0.41	0.41	0	0	0.42
31400	0.42	0.41	0.41	0	0	0.42
31500	0.43	0.41	0.41	0	0	0.43
31600	0.44	0.42	0.42	0	0	0.44
31700	0.43	0.42	0.42	0	0	0.43
31800	0.45	0.42	0.42	0	0	0.45
31900	0.45	0.42	0.42	0	0	0.45
32000	0.45	0.42	0.42	0	0	0.45
32100	0.45	0.42	0.42	0	0	0.45
32200	0.45	0.43	0.43	0	0	0.45
32300	0.45	0.43	0.43	0	0	0.45
32400	0.45	0.43	0.43	0	0	0.45
32500	0.45	0.43	0.43	0	0	0.45
32600	0.44	0.43	0.43	0	0	0.44
32700	0.43	0.43	0.43	0	0	0.43
32800	0.43	0.44	0.44	0	0	0.43
32900	0.43	0.45	0.45	0	0	0.43
33000	0.42	0.45	0.45	0	0	0.42
33100	0.42	0.44	0.44	0	0	0.42
33200	0.42	0.43	0.43	0	0	0.42
33300	0.42	0.43	0.43	0	0	0.42
33400	0.42	0.43	0.43	0	0	0.42
33500	0.42	0.41	0.41	0	0	0.42
33600	0.42	0.41	0.41	0	0	0.42
33700	0.41	0.41	0.41	0	0	0.41
33800	0.41	0.41	0.41	0	0	0.41
33900	0.41	0.41	0.41	0	0	0.41
34000	0.41	0.41	0.41	0	0	0.41
34100	0.41	0.41	0.41	0	0	0.41
34200	0.41	0.41	0.41	0	0	0.41
34300	0.4	0.41	0.41	0	0	0.4
34400	0.4	0.41	0.41	0	0	0.4
34500	0.4	0.41	0.41	0	0	0.4
34600	0.4	0.41	0.41	0	0	0.4
34700	0.4	0.41	0.41	0	0	0.4
34800	0.4	0.41	0.41	0	0	0.4
34900	0.4	0.42	0.42	0	0	0.4
35000	0.4	0.42	0.42	0	0	0.4
35100	0.4	0.42	0.42	0	0	0.4
35200	0.4	0.42	0.42	0	0	0.4
35300	0.4	0.42	0.42	0	0	0.4
35400	0.4	0.42	0.42	0	0	0.4
35500	0.4	0.42	0.42	0	0	0.4
35600	0.4	0.42	0.42	0	0	0.4
35700	0.4	0.42	0.42	0	0	0.4
35800	0.4	0.42	0.42	0	0	0.4
35900	0.4	0.42	0.42	0	0	0.4
36000	0.4	0.42	0.42	0	0	0.4
36100	0.4	0.43	0.43	0	0	0.4
36200	0.4	0.44	0.44	0	0	0.4
36300	0.4	0.44	0.44	0	0	0.4
36400	0.4	0.45	0.45	0	0	0.4
36500	0.4	0.45	0.45	0	0	0.4
36600	0.4	0.45	0.45	0	0	0.4
36700	0.41	0.45	0.45	0	0	0.41
36800	0.41	0.45	0.45	0	0	0.41
36900	0.41	0.45	0.45	0	0	0.41
37000	0.41	0.46	0.46	0	0	0.41
37100	0.41	0.46	0.46	0	0	0.41
37200	0.41	0.46	0.46	0	0	0.41
37300	0.41	0.46	0.46	0	0	0.41
37400	0.41	0.46	0.46	0	0	0.41
37500	0.41	0.46	0.46	0	0	0.41
37600	0.41	0.43	0.43	0	0	0.41
37700	0.4	0.44	0.44	0	0	0.4
37800	0.4	0.44	0.44	0	0	0.4
37900	0.4	0.44	0.44	0	0	0.4
38000	0.4	0.44	0.44	0	0	0.4
38100	0.4	0.44	0.44	0	0	0.4
38200	0.4	0.44	0.44	0	0	0.4
38300	0.4	0.44	0.44	0	0	0.4
38400	0.39	0.44	0.44	0	0	0.39
38500	0.39	0.44	0.44	0	0	0.39
38600	0.39	0.44	0.44	0	0	0.39
38700	0.39	0.45	0.45	0	0	0.39
38800	0.4	0.43	0.43	0	0	0.4
38900	0.39	0.43	0.43	0	0	0.39
39000	0.39	0.43	0.43	0	0	0.39
39100	0.39	0.42	0.42	0	0	0.39
39200	0.39	0.42	0.42	0	0	0.39
39300	0.4	0.42	0.42	0	0	0.4
39400	0.4	0.42	0.42	0	0	0.4
39500	0.4	0.43	0.43	0	0	0.4
39600	0.4	0.43	0.43	0	0	0.4
39700	0.4	0.43	0.43	0	0	0.4
39800	0.4	0.42	0.42	0	0	0.4
39900	0.4	0.42	0.42	0	0	0.4
40000	0.4	0.43	0.43	0	0	0.4
40100	0.4	0.43	0.43	0	0	0.4
40200	0.4	0.42	0.42	0	0	0.4
40300	0.4	0.42	0.42	0	0	0.4
40400	0.4	0.42	0.42	0	0	0.4
40500	0.4	0.42	0.42	0	0	0.4
40600	0.41	0.42	0.42	0	0	0.41
40700	0.42	0.41	0.41	0	0	0.42
40800	0.42	0.41	0.41	0	0	0.42
40900	0.42	0.41	0.41	0	0	0.42
41000	0.42	0.41	0.41	0	0	0.42
41100	0.42	0.41	0.41	0	0	0.42
41200	0.42	0.41	0.41	0	0	0.42
41300	0.42	0.4	0.4	0	0	0.42
41400	0.42	0.4	0.4	0	0	0.42
41500	0.42	0.4	0.4	0	0	0.42
41600	0.42	0.4	0.4	0	0	0.42
41700	0.42	0.4	0.4	0	0	0.42
41800	0.41	0.4	0.4	0	0	0.41
41900	0.41	0.39	0.39	0	0	0.41
42000	0.41	0.39	0.39	0	0	0.41
42100	0.41	0.39	0.39	0	0	0.41
42200	0.43	0.39	0.39	0	0	0.43
42300	0.42	0.39	0.39	0	0	0.42
42400	0.42	0.39	0.39	0	0	0.42
42500	0.42	0.39	0.39	0	0	0.42
42600	0.43	0.39	0.39	0	0	0.43
42700	0.45	0.39	0.39	0	0	0.45
42800	0.46	0.39	0.39	0	0	0.46
42900	0.46	0.39	0.39	0	0	0.46
43000	0.46	0.39	0.39	0	0	0.46
43100	0.46	0.39	0.39	0	0	0.46
43200	0.46	0.39	0.39	0	0	0.46
43300	0.46	0.39	0.39	0	0	0.46
43400	0.46	0.39	0.39	0	0	0.46
43500	0.46	0.39	0.39	0	0	0.46
43600	0.46	0.39	0.39	0	0	0.46
43700	0.45	0.39	0.39	0	0	0.45
43800	0.46	0.39	0.39	0	0	0.46
43900	0.46	0.39	0.39	0	0	0.46
44000	0.46	0.38	0.38	0	0	0.46
44100	0.46	0.38	0.38	0	0	0.46
44200	0.46	0.38	0.38	0	0	0.46
44300	0.46	0.38	0.38	0	0	0.46
44400	0.46	0.39	0.39	0	0	0.46
44500	0.46	0.39	0.39	0	0	0.46
44600	0.48	0.39	0.39	0	0	0.48
44700	0.48	0.39	0.39	0	0	0.48
44800	0.47	0.39	0.39	0	0	0.47
44900	0.47	0.39	0.39	0	0	0.47
45000	0.47	0.39	0.39	0	0	0.47
45100	0.47	0.39	0.39	0	0	0.47
45200	0.47	0.39	0.39	0	0	0.47
45300	0.47	0.39	0.39	0	0	0.47
45400	0.46	0.39	0.39	0	0	0.46
45500	0.46	0.4	0.4	0	0	0.46
45600	0.46	0.41	0.41	0	0	0.46
45700	0.46	0.41	0.41	0	0	0.46
45800	0.47	0.39	0.39	0	0	0.47
45900	0.47	0.39	0.39	0	0	0.47
46000	0.47	0.39	0.39	0	0	0.47
46100	0.46	0.39	0.39	0	0	0.46
46200	0.46	0.37	0.37	0	0	0.46
46300	0.46	0.37	0.37	0	0	0.46
46400	0.46	0.37	0.37	0	0	0.46
46500	0.46	0.37	0.37	0	0	0.46
46600	0.46	0.37	0.37	0	0	0.46
46700	0.45	0.38	0.38	0	0	0.45
46800	0.46	0.38	0.38	0	0	0.46
46900	0.46	0.38	0.38	0	0	0.46
47000	0.46	0.38	0.38	0	0	0.46
47100	0.46	0.39	0.39	0	0	0.46
47200	0.46	0.38	0.38	0	0	0.46
47300	0.46	0.38	0.38	0	0	0.46
47400	0.46	0.39	0.39	0	0	0.46
47500	0.46	0.39	0.39	0	0	0.46
47600	0.46	0.39	0.39	0	0	0.46
47700	0.46	0.39	0.39	0	0	0.46
47800	0.47	0.39	0.39	0	0	0.47
47900	0.47	0.39	0.39	0	0	0.47
48000	0.47	0.39	0.39	0	0	0.47
48100	0.47	0.39	0.39	0	0	0.47
48200	0.47	0.39	0.39	0	0	0.47
48300	0.47	0.39	0.39	0	0	0.47
48400	0.46	0.39	0.39	0	0	0.46
48500	0.46	0.4	0.4	0	0	0.46
48600	0.46	0.39	0.39	0	0	0.46
48700	0.47	0.39	0.39	0	0	0.47
48800	0.46	0.39	0.39	0	0	0.46
48900	0.45	0.39	0.39	0	0	0.45
49000	0.45	0.38	0.38	0	0	0.45
49100	0.45	0.39	0.39	0	0	0.45
49200	0.46	0.39	0.39	0	0	0.46
49300	0.46	0.41	0.41	0	0	0.46
49400	0.46	0.41	0.41	0	0	0.46
49500	0.46	0.41	0.41	0	0	0.46
49600	0.45	0.41	0.41	0	0	0.45
49700	0.45	0.41	0.41	0	0	0.45
49800	0.45	0.41	0.41	0	0	0.45
49900	0.45	0.41	0.41	0	0	0.45
50000	0.45	0.41	0.41	0	0	0.45
50100	0.45	0.42	0.42	0	0	0.45
50200	0.45	0.41	0.41	0	0	0.45
50300	0.45	0.41	0.41	0	0	0.45
50400	0.45	0.41	0.41	0	0	0.45
50500	0.45	0.42	0.42	0	0	0.45
50600	0.45	0.42	0.42	0	0	0.45
50700	0.45	0.42	0.42	0	0	0.45
50800	0.45	0.42	0.42	0	0	0.45
50900	0.45	0.42	0.42	0	0	0.45
51000	0.45	0.42	0.42	0	0	0.45
51100	0.45	0.42	0.42	0	0	0.45
51200	0.45	0.42	0.42	0	0	0.45
51300	0.45	0.42	0.42	0	0	0.45
51400	0.45	0.42	0.42	0	0	0.45
51500	0.45	0.42	0.42	0	0	0.45
51600	0.45	0.42	0.42	0	0	0.45
51700	0.45	0.42	0.42	0	0	0.45
51800	0.45	0.42	0.42	0	0	0.45
51900	0.45	0.43	0.43	0	0	0.45
52000	0.44	0.44	0.44	0	0	0.44
52100	0.44	0.45	0.45	0	0	0.44
52200	0.44	0.45	0.45	0	0	0.44
52300	0.44	0.45	0.45	0	0	0.44
52400	0.44	0.44	0.44	0	0	0.44
52500	0.44	0.44	0.44	0	0	0.44
52600	0.45	0.44	0.44	0	0	0.45
52700	0.45	0.44	0.44	0	0	0.45
52800	0.45	0.44	0.44	0	0	0.45
52900	0.45	0.44	0.44	0	0	0.45
53000	0.45	0.43	0.43	0	0	0.45
53100	0.45	0.43	0.43	0	0	0.45
53200	0.45	0.43	0.43	0	0	0.45
53300	0.45	0.43	0.43	0	0	0.45
53400	0.45	0.43	0.43	0	0	0.45
53500	0.45	0.43	0.43	0	0	0.45
53600	0.45	0.43	0.43	0	0	0.45
53700	0.45	0.43	0.43	0	0	0.45
53800	0.45	0.43	0.43	0	0	0.45
53900	0.46	0.43	0.43	0	0	0.46
54000	0.45	0.44	0.44	0	0	0.45
54100	0.45	0.44	0.44	0	0	0.45
54200	0.45	0.44	0.44	0	0	0.45
54300	0.45	0.44	0.44	0	0	0.45
54400	0.45	0.44	0.44	0	0	0.45
54500	0.45	0.44	0.44	0	0	0.45
54600	0.44	0.44	0.44	0	0	0.44
54700	0.44	0.44	0.44	0	0	0.44
54800	0.44	0.44	0.44	0	0	0.44
54900	0.44	0.45	0.45	0	0	0.44
55000	0.44	0.45	0.45	0	0	0.44
55100	0.44	0.45	0.45	0	0	0.44
55200	0.45	0.45	0.45	0	0	0.45
55300	0.45	0.45	0.45	0	0	0.45
55400	0.46	0.45	0.45	0	0	0.46
55500	0.46	0.45	0.45	0	0	0.46
55600	0.46	0.44	0.44	0	0	0.46
55700	0.46	0.44	0.44	0	0	0.46
55800	0.46	0.44	0.44	0	0	0.46
55900	0.46	0.44	0.44	0	0	0.46
56000	0.47	0.44	0.44	0	0	0.47
56100	0.47	0.44	0.44	0	0	0.47
56200	0.47	0.44	0.44	0	0	0.47
56300	0.46	0.44	0.44	0	0	0.46
56400	0.45	0.44	0.44	0	0	0.45
56500	0.45	0.44	0.44	0	0	0.45
56600	0.45	0.44	0.44	0	0	0.45
56700	0.45	0.44	0.44	0	0	0.45
56800	0.46	0.44	0.44	0	0	0.46
56900	0.46	0.44	0.44	0	0	0.46
57000	0.46	0.44	0.44	0	0	0.46
57100	0.46	0.44	0.44	0	0	0.46
57200	0.46	0.44	0.44	0	0	0.46
57300	0.46	0.44	0.44	0	0	0.46
57400	0.47	0.45	0.45	0	0	0.47
57500	0.47	0.45	0.45	0	0	0.47
57600	0.47	0.45	0.45	0	0	0.47
57700	0.47	0.45	0.45	0	0	0.47
57800	0.46	0.45	0.45	0	0	0.46
57900	0.46	0.45	0.45	0	0	0.46
58000	0.46	0.45	0.45	0	0	0.46
58100	0.46	0.45	0.45	0	0	0.46
58200	0.46	0.45	0.45	0	0	0.46
58300	0.46	0.44	0.44	0	0	0.46
58400	0.44	0.44	0.44	0	0	0.44
58500	0.44	0.44	0.44	0	0	0.44
58600	0.44	0.44	0.44	0	0	0.44
58700	0.44	0.44	0.44	0	0	0.44
58800	0.44	0.44	0.44	0	0	0.44
58900	0.44	0.44	0.44	0	0	0.44
59000	0.44	0.44	0.44	0	0	0.44
59100	0.44	0.44	0.44	0	0	0.44
59200	0.45	0.44	0.44	0	0	0.45
59300	0.44	0.44	0.44	0	0	0.44
59400	0.45	0.44	0.44	0	0	0.45
59500	0.45	0.44	0.44	0	0	0.45
59600	0.45	0.44	0.44	0	0	0.45
59700	0.45	0.44	0.44	0	0	0.45
59800	0.45	0.44	0.44	0	0	0.45
59900	0.45	0.44	0.44	0	0	0.45
60000	0.45	0.44	0.44	0	0	0.45
60100	0.45	0.44	0.44	0	0	0.45
60200	0.45	0.44	0.44	0	0	0.45
60300	0.45	0.43	0.43	0	0	0.45
60400	0.45	0.43	0.43	0	0	0.45
60500	0.45	0.43	0.43	0	0	0.45
60600	0.46	0.43	0.43	0	0	0.46
60700	0.46	0.43	0.43	0	0	0.46
60800	0.46	0.43	0.43	0	0	0.46
60900	0.46	0.43	0.43	0	0	0.46
61000	0.46	0.43	0.43	0	0	0.46
61100	0.46	0.43	0.43	0	0	0.46
61200	0.46	0.43	0.43	0	0	0.46
61300	0.46	0.43	0.43	0	0	0.46
61400	0.46	0.43	0.43	0	0	0.46
61500	0.46	0.43	0.43	0	0	0.46
61600	0.46	0.43	0.43	0	0	0.46
61700	0.46	0.43	0.43	0	0	0.46
61800	0.46	0.43	0.43	0	0	0.46
61900	0.47	0.43	0.43	0	0	0.47
62000	0.46	0.43	0.43	0	0	0.46
62100	0.46	0.43	0.43	0	0	0.46
62200	0.45	0.43	0.43	0	0	0.45
62300	0.45	0.43	0.43	0	0	0.45
62400	0.45	0.43	0.43	0	0	0.45
62500	0.45	0.44	0.44	0	0	0.45
62600	0.46	0.45	0.45	0	0	0.46
62700	0.47	0.45	0.45	0	0	0.47
62800	0.45	0.45	0.45	0	0	0.45
62900	0.45	0.45	0.45	0	0	0.45
63000	0.46	0.46	0.46	0	0	0.46
63100	0.46	0.46	0.46	0	0	0.46
63200	0.46	0.46	0.46	0	0	0.46
63300	0.46	0.46	0.46	0	0	0.46
63400	0.46	0.46	0.46	0	0	0.46
63500	0.46	0.46	0.46	0	0	0.46
63600	0.45	0.46	0.46	0	0	0.45
63700	0.45	0.46	0.46	0	0	0.45
63800	0.46	0.46	0.46	0	0	0.46
63900	0.46	0.46	0.46	0	0	0.46
64000	0.46	0.46	0.46	0	0	0.46
64100	0.46	0.46	0.46	0	0	0.46
64200	0.46	0.46	0.46	0	0	0.46
64300	0.46	0.46	0.46	0	0	0.46
64400	0.46	0.46	0.46	0	0	0.46
64500	0.46	0.46	0.46	0	0	0.46
64600	0.46	0.46	0.46	0	0	0.46
64700	0.46	0.46	0.46	0	0	0.46
64800	0.46	0.46	0.46	0	0	0.46
64900	0.47	0.46	0.46	0	0	0.47
65000	0.46	0.46	0.46	0	0	0.46
65100	0.46	0.46	0.46	0	0	0.46
65200	0.46	0.46	0.46	0	0	0.46
65300	0.46	0.47	0.47	0	0	0.46
65400	0.46	0.47	0.47	0	0	0.46
65500	0.46	0.47	0.47	0	0	0.46
65600	0.46	0.47	0.47	0	0	0.46
65700	0.46	0.48	0.48	0	0	0.46
65800	0.46	0.48	0.48	0	0	0.46
65900	0.47	0.48	0.48	0	0	0.47
66000	0.47	0.48	0.48	0	0	0.47
66100	0.47	0.48	0.48	0	0	0.47
66200	0.47	0.48	0.48	0	0	0.47
66300	0.47	0.48	0.48	0	0	0.47
66400	0.47	0.48	0.48	0	0	0.47
66500	0.47	0.48	0.48	0	0	0.47
66600	0.47	0.48	0.48	0	0	0.47
66700	0.47	0.48	0.48	0	0	0.47
66800	0.47	0.48	0.48	0	0	0.47
66900	0.47	0.48	0.48	0	0	0.47
67000	0.47	0.48	0.48	0	0	0.47
67100	0.47	0.48	0.48	0	0	0.47
67200	0.46	0.48	0.48	0	0	0.46
67300	0.46	0.48	0.48	0	0	0.46
67400	0.46	0.48	0.48	0	0	0.46
67500	0.46	0.48	0.48	0	0	0.46
67600	0.46	0.48	0.48	0	0	0.46
67700	0.46	0.48	0.48	0	0	0.46
67800	0.46	0.48	0.48	0	0	0.46
67900	0.46	0.48	0.48	0	0	0.46
68000	0.45	0.49	0.49	0	0	0.45
68100	0.45	0.49	0.49	0	0	0.45
68200	0.45	0.49	0.49	0	0	0.45
68300	0.45	0.49	0.49	0	0	0.45
68400	0.45	0.49	0.49	0	0	0.45
68500	0.45	0.49	0.49	0	0	0.45
68600	0.46	0.5	0.5	0	0	0.46
68700	0.45	0.5	0.5	0	0	0.45
68800	0.45	0.5	0.5	0	0	0.45
68900	0.45	0.49	0.49	0	0	0.45
69000	0.45	0.49	0.49	0	0	0.45
69100	0.45	0.51	0.51	0	0	0.45
69200	0.45	0.51	0.51	0	0	0.45
69300	0.45	0.51	0.51	0	0	0.45
69400	0.45	0.5	0.5	0	0	0.45
69500	0.45	0.51	0.51	0	0	0.45
69600	0.45	0.51	0.51	0	0	0.45
69700	0.45	0.51	0.51	0	0	0.45
69800	0.45	0.51	0.51	0	0	0.45
69900	0.45	0.51	0.51	0	0	0.45
70000	0.45	0.51	0.51	0	0	0.45
70100	0.45	0.51	0.51	0	0	0.45
70200	0.45	0.51	0.51	0	0	0.45
70300	0.45	0.51	0.51	0	0	0.45
70400	0.45	0.51	0.51	0	0	0.45
70500	0.45	0.51	0.51	0	0	0.45
70600	0.45	0.51	0.51	0	0	0.45
70700	0.45	0.51	0.51	0	0	0.45
70800	0.45	0.51	0.51	0	0	0.45
70900	0.45	0.51	0.51	0	0	0.45
71000	0.45	0.51	0.51	0	0	0.45
71100	0.45	0.51	0.51	0	0	0.45
71200	0.45	0.51	0.51	0	0	0.45
71300	0.45	0.51	0.51	0	0	0.45
71400	0.45	0.51	0.51	0	0	0.45
71500	0.45	0.51	0.51	0	0	0.45
71600	0.45	0.51	0.51	0	0	0.45
71700	0.46	0.51	0.51	0	0	0.46
71800	0.46	0.51	0.51	0	0	0.46
71900	0.46	0.52	0.52	0	0	0.46
72000	0.46	0.52	0.52	0	0	0.46
72100	0.46	0.52	0.52	0	0	0.46
72200	0.46	0.52	0.52	0	0	0.46
72300	0.46	0.52	0.52	0	0	0.46
72400	0.46	0.52	0.52	0	0	0.46
72500	0.46	0.52	0.52	0	0	0.46
72600	0.46	0.52	0.52	0	0	0.46
72700	0.46	0.52	0.52	0	0	0.46
72800	0.46	0.52	0.52	0	0	0.46
72900	0.46	0.52	0.52	0	0	0.46
73000	0.47	0.52	0.52	0	0	0.47
73100	0.47	0.52	0.52	0	0	0.47
73200	0.47	0.52	0.52	0	0	0.47
73300	0.47	0.52	0.52	0	0	0.47
73400	0.47	0.52	0.52	0	0	0.47
73500	0.47	0.51	0.51	0	0	0.47
73600	0.47	0.51	0.51	0	0	0.47
73700	0.47	0.51	0.51	0	0	0.47
73800	0.47	0.52	0.52	0	0	0.47
73900	0.47	0.52	0.52	0	0	0.47
74000	0.47	0.52	0.52	0	0	0.47
74100	0.47	0.52	0.52	0	0	0.47
74200	0.47	0.52	0.52	0	0	0.47
74300	0.47	0.52	0.52	0	0	0.47
74400	0.47	0.52	0.52	0	0	0.47
74500	0.48	0.52	0.52	0	0	0.48
74600	0.48	0.52	0.52	0	0	0.48
74700	0.48	0.52	0.52	0	0	0.48
74800	0.48	0.52	0.52	0	0	0.48
74900	0.48	0.52	0.52	0	0	0.48
75000	0.48	0.52	0.52	0	0	0.48
75100	0.48	0.52	0.52	0	0	0.48
75200	0.48	0.52	0.52	0	0	0.48
75300	0.48	0.51	0.51	0	0	0.48
75400	0.48	0.51	0.51	0	0	0.48
75500	0.48	0.51	0.51	0	0	0.48
75600	0.48	0.51	0.51	0	0	0.48
75700	0.48	0.51	0.51	0	0	0.48
75800	0.48	0.5	0.5	0	0	0.48
75900	0.48	0.5	0.5	0	0	0.48
76000	0.48	0.5	0.5	0	0	0.48
76100	0.48	0.5	0.5	0	0	0.48
76200	0.48	0.5	0.5	0	0	0.48
76300	0.48	0.5	0.5	0	0	0.48
76400	0.48	0.49	0.49	0	0	0.48
76500	0.48	0.48	0.48	0	0	0.48
76600	0.48	0.48	0.48	0	0	0.48
76700	0.48	0.48	0.48	0	0	0.48
76800	0.48	0.48	0.48	0	0	0.48
76900	0.48	0.48	0.48	0	0	0.48
77000	0.48	0.48	0.48	0	0	0.48
77100	0.48	0.48	0.48	0	0	0.48
77200	0.48	0.48	0.48	0	0	0.48
77300	0.48	0.48	0.48	0	0	0.48
77400	0.48	0.48	0.48	0	0	0.48
77500	0.48	0.48	0.48	0	0	0.48
77600	0.48	0.48	0.48	0	0	0.48
77700	0.48	0.48	0.48	0	0	0.48
77800	0.48	0.48	0.48	0	0	0.48
77900	0.48	0.48	0.48	0	0	0.48
78000	0.48	0.48	0.48	0	0	0.48
78100	0.48	0.48	0.48	0	0	0.48
78200	0.48	0.47	0.47	0	0	0.48
78300	0.48	0.47	0.47	0	0	0.48
78400	0.48	0.47	0.47	0	0	0.48
78500	0.48	0.47	0.47	0	0	0.48
78600	0.48	0.47	0.47	0	0	0.48
78700	0.48	0.47	0.47	0	0	0.48
78800	0.48	0.47	0.47	0	0	0.48
78900	0.48	0.47	0.47	0	0	0.48
79000	0.48	0.47	0.47	0	0	0.48
79100	0.48	0.47	0.47	0	0	0.48
79200	0.48	0.47	0.47	0	0	0.48
79300	0.48	0.47	0.47	0	0	0.48
79400	0.48	0.47	0.47	0	0	0.48
79500	0.48	0.47	0.47	0	0	0.48
79600	0.48	0.47	0.47	0	0	0.48
79700	0.48	0.48	0.48	0	0	0.48
79800	0.48	0.48	0.48	0	0	0.48
79900	0.48	0.48	0.48	0	0	0.48
80000	0.48	0.48	0.48	0	0	0.48
80100	0.48	0.48	0.48	0	0	0.48
80200	0.48	0.48	0.48	0	0	0.48
80300	0.48	0.48	0.48	0	0	0.48
80400	0.48	0.48	0.48	0	0	0.48
80500	0.48	0.48	0.48	0	0	0.48
80600	0.48	0.48	0.48	0	0	0.48
80700	0.48	0.48	0.48	0	0	0.48
80800	0.48	0.48	0.48	0	0	0.48
80900	0.48	0.48	0.48	0	0	0.48
81000	0.48	0.48	0.48	0	0	0.48
81100	0.48	0.48	0.48	0	0	0.48
81200	0.48	0.48	0.48	0	0	0.48
81300	0.48	0.48	0.48	0	0	0.48
81400	0.48	0.48	0.48	0	0	0.48
81500	0.48	0.48	0.48	0	0	0.48
81600	0.48	0.48	0.48	0	0	0.48
81700	0.48	0.47	0.47	0	0	0.48
81800	0.49	0.47	0.47	0	0	0.49
81900	0.48	0.47	0.47	0	0	0.48
82000	0.48	0.47	0.47	0	0	0.48
82100	0.48	0.47	0.47	0	0	0.48
82200	0.48	0.47	0.47	0	0	0.48
82300	0.48	0.47	0.47	0	0	0.48
82400	0.48	0.47	0.47	0	0	0.48
82500	0.48	0.47	0.47	0	0	0.48
82600	0.48	0.47	0.47	0	0	0.48
82700	0.48	0.47	0.47	0	0	0.48
82800	0.48	0.48	0.48	0	0	0.48
82900	0.49	0.48	0.48	0	0	0.49
83000	0.49	0.48	0.48	0	0	0.49
83100	0.49	0.47	0.47	0	0	0.49
83200	0.49	0.47	0.47	0	0	0.49
83300	0.49	0.47	0.47	0	0	0.49
83400	0.49	0.47	0.47	0	0	0.49
83500	0.49	0.47	0.47	0	0	0.49
83600	0.49	0.47	0.47	0	0	0.49
83700	0.49	0.47	0.47	0	0	0.49
83800	0.49	0.47	0.47	0	0	0.49
83900	0.49	0.47	0.47	0	0	0.49
84000	0.49	0.47	0.47	0	0	0.49
84100	0.49	0.47	0.47	0	0	0.49
84200	0.49	0.47	0.47	0	0	0.49
84300	0.49	0.47	0.47	0	0	0.49
84400	0.49	0.47	0.47	0	0	0.49
84500	0.49	0.47	0.47	0	0	0.49
84600	0.49	0.47	0.47	0	0	0.49
84700	0.49	0.47	0.47	0	0	0.49
84800	0.49	0.46	0.46	0	0	0.49
84900	0.49	0.46	0.46	0	0	0.49
85000	0.49	0.46	0.46	0	0	0.49
85100	0.49	0.46	0.46	0	0	0.49
85200	0.49	0.46	0.46	0	0	0.49
85300	0.49	0.46	0.46	0	0	0.49
85400	0.49	0.46	0.46	0	0	0.49
85500	0.49	0.47	0.47	0	0	0.49
85600	0.49	0.47	0.47	0	0	0.49
85700	0.49	0.46	0.46	0	0	0.49
85800	0.49	0.46	0.46	0	0	0.49
85900	0.49	0.46	0.46	0	0	0.49
86000	0.49	0.46	0.46	0	0	0.49
86100	0.49	0.46	0.46	0	0	0.49
86200	0.49	0.46	0.46	0	0	0.49
86300	0.49	0.46	0.46	0	0	0.49
86400	0.49	0.46	0.46	0	0	0.49
86500	0.5	0.46	0.46	0	0	0.5
86600	0.5	0.46	0.46	0	0	0.5
86700	0.5	0.46	0.46	0	0	0.5
86800	0.5	0.46	0.46	0	0	0.5
86900	0.5	0.46	0.46	0	0	0.5
87000	0.5	0.46	0.46	0	0	0.5
87100	0.5	0.46	0.46	0	0	0.5
87200	0.5	0.46	0.46	0	0	0.5
87300	0.5	0.45	0.45	0	0	0.5
87400	0.5	0.45	0.45	0	0	0.5
87500	0.5	0.45	0.45	0	0	0.5
87600	0.5	0.45	0.45	0	0	0.5
87700	0.5	0.45	0.45	0	0	0.5
87800	0.5	0.45	0.45	0	0	0.5
87900	0.5	0.45	0.45	0	0	0.5
88000	0.5	0.45	0.45	0	0	0.5
88100	0.5	0.45	0.45	0	0	0.5
88200	0.5	0.45	0.45	0	0	0.5
88300	0.5	0.45	0.45	0	0	0.5
88400	0.5	0.45	0.45	0	0	0.5
88500	0.5	0.44	0.44	0	0	0.5
88600	0.5	0.44	0.44	0	0	0.5
88700	0.5	0.44	0.44	0	0	0.5
88800	0.5	0.44	0.44	0	0	0.5
88900	0.5	0.44	0.44	0	0	0.5
89000	0.5	0.44	0.44	0	0	0.5
89100	0.5	0.44	0.44	0	0	0.5
89200	0.5	0.44	0.44	0	0	0.5
89300	0.5	0.44	0.44	0	0	0.5
89400	0.5	0.44	0.44	0	0	0.5
89500	0.5	0.44	0.44	0	0	0.5
89600	0.5	0.44	0.44	0	0	0.5
89700	0.5	0.44	0.44	0	0	0.5
89800	0.5	0.44	0.44	0	0	0.5
89900	0.5	0.44	0.44	0	0	0.5
90000	0.51	0.44	0.44	0	0	0.51
90100	0.51	0.44	0.44	0	0	0.51
90200	0.51	0.44	0.44	0	0	0.51
90300	0.51	0.44	0.44	0	0	0.51
90400	0.5	0.44	0.44	0	0	0.5
90500	0.5	0.44	0.44	0	0	0.5
90600	0.5	0.44	0.44	0	0	0.5
90700	0.5	0.43	0.43	0	0	0.5
90800	0.5	0.43	0.43	0	0	0.5
90900	0.5	0.43	0.43	0	0	0.5
91000	0.5	0.43	0.43	0	0	0.5
91100	0.5	0.43	0.43	0	0	0.5
91200	0.5	0.43	0.43	0	0	0.5
91300	0.5	0.43	0.43	0	0	0.5
91400	0.5	0.43	0.43	0	0	0.5
91500	0.5	0.43	0.43	0	0	0.5
91600	0.51	0.43	0.43	0	0	0.51
91700	0.51	0.43	0.43	0	0	0.51
91800	0.51	0.43	0.43	0	0	0.51
91900	0.51	0.43	0.43	0	0	0.51
92000	0.5	0.43	0.43	0	0	0.5
92100	0.5	0.43	0.43	0	0	0.5
92200	0.5	0.43	0.43	0	0	0.5
92300	0.5	0.43	0.43	0	0	0.5
92400	0.5	0.43	0.43	0	0	0.5
92500	0.49	0.43	0.43	0	0	0.49
92600	0.49	0.43	0.43	0	0	0.49
92700	0.49	0.43	0.43	0	0	0.49
92800	0.49	0.43	0.43	0	0	0.49
92900	0.5	0.43	0.43	0	0	0.5
93000	0.5	0.43	0.43	0	0	0.5
93100	0.5	0.43	0.43	0	0	0.5
93200	0.5	0.43	0.43	0	0	0.5
93300	0.51	0.43	0.43	0	0	0.51
93400	0.51	0.43	0.43	0	0	0.51
93500	0.51	0.43	0.43	0	0	0.51
93600	0.51	0.43	0.43	0	0	0.51
93700	0.51	0.43	0.43	0	0	0.51
93800	0.51	0.43	0.43	0	0	0.51
93900	0.51	0.43	0.43	0	0	0.51
94000	0.51	0.43	0.43	0	0	0.51
94100	0.51	0.43	0.43	0	0	0.51
94200	0.51	0.43	0.43	0	0	0.51
94300	0.51	0.43	0.43	0	0	0.51
94400	0.51	0.43	0.43	0	0	0.51
94500	0.51	0.43	0.43	0	0	0.51
94600	0.51	0.43	0.43	0	0	0.51
94700	0.51	0.43	0.43	0	0	0.51
94800	0.51	0.43	0.43	0	0	0.51
94900	0.51	0.43	0.43	0	0	0.51
95000	0.51	0.43	0.43	0	0	0.51
95100	0.51	0.43	0.43	0	0	0.51
95200	0.51	0.43	0.43	0	0	0.51
95300	0.51	0.43	0.43	0	0	0.51
95400	0.51	0.43	0.43	0	0	0.51
95500	0.51	0.43	0.43	0	0	0.51
95600	0.51	0.43	0.43	0	0	0.51
95700	0.51	0.43	0.43	0	0	0.51
95800	0.51	0.43	0.43	0	0	0.51
95900	0.51	0.43	0.43	0	0	0.51
96000	0.51	0.43	0.43	0	0	0.51
96100	0.51	0.43	0.43	0	0	0.51
96200	0.51	0.43	0.43	0	0	0.51
96300	0.51	0.43	0.43	0	0	0.51
96400	0.51	0.43	0.43	0	0	0.51
96500	0.51	0.43	0.43	0	0	0.51
96600	0.51	0.43	0.43	0	0	0.51
96700	0.51	0.43	0.43	0	0	0.51
96800	0.51	0.43	0.43	0	0	0.51
96900	0.51	0.43	0.43	0	0	0.51
97000	0.51	0.43	0.43	0	0	0.51
97100	0.51	0.43	0.43	0	0	0.51
97200	0.51	0.43	0.43	0	0	0.51
97300	0.5	0.43	0.43	0	0	0.5
97400	0.5	0.43	0.43	0	0	0.5
97500	0.5	0.43	0.43	0	0	0.5
97600	0.5	0.43	0.43	0	0	0.5
97700	0.5	0.43	0.43	0	0	0.5
97800	0.49	0.42	0.42	0	0	0.49
97900	0.49	0.42	0.42	0	0	0.49
98000	0.49	0.42	0.42	0	0	0.49
98100	0.49	0.42	0.42	0	0	0.49
98200	0.49	0.42	0.42	0	0	0.49
98300	0.49	0.42	0.42	0	0	0.49
98400	0.49	0.42	0.42	0	0	0.49
98500	0.49	0.42	0.42	0	0	0.49
98600	0.49	0.43	0.43	0	0	0.49
98700	0.49	0.42	0.42	0	0	0.49
98800	0.49	0.42	0.42	0	0	0.49
98900	0.49	0.42	0.42	0	0	0.49
99000	0.49	0.42	0.42	0	0	0.49
99100	0.49	0.42	0.42	0	0	0.49
99200	0.49	0.42	0.42	0	0	0.49
99300	0.49	0.42	0.42	0	0	0.49
99400	0.49	0.43	0.43	0	0	0.49
99500	0.49	0.43	0.43	0	0	0.49
99600	0.49	0.43	0.43	0	0	0.49
99700	0.49	0.44	0.44	0	0	0.49
99800	0.49	0.45	0.45	0	0	0.49
99900	0.49	0.45	0.45	0	0	0.49
100000	0.49	0.45	0.45	0	0	0.49
