100	0.08	0.15	0.15	0	0	0.08
200	0.09	0.16	0.16	0	0	0.09
300	0.09	0.17	0.17	0	0	0.09
400	0.1	0.18	0.18	0	0	0.1
500	0.1	0.18	0.18	0	0	0.1
600	0.11	0.21	0.21	0	0	0.11
700	0.11	0.21	0.21	0	0	0.11
800	0.11	0.25	0.25	0	0	0.11
900	0.11	0.26	0.26	0	0	0.11
1000	0.11	0.27	0.27	0	0	0.11
1100	0.1	0.26	0.26	0	0	0.1
1200	0.1	0.26	0.26	0	0	0.1
1300	0.1	0.26	0.26	0	0	0.1
1400	0.1	0.26	0.26	0	0	0.1
1500	0.11	0.27	0.27	0	0	0.11
1600	0.12	0.27	0.27	0	0	0.12
1700	0.12	0.26	0.26	0	0	0.12
1800	0.12	0.28	0.28	0	0	0.12
1900	0.15	0.3	0.3	0	0	0.15
2000	0.16	0.29	0.29	0	0	0.16
2100	0.18	0.3	0.3	0	0	0.18
2200	0.22	0.31	0.31	0	0	0.22
2300	0.22	0.33	0.33	0	0	0.22
2400	0.23	0.33	0.33	0	0	0.23
2500	0.24	0.34	0.34	0	0	0.24
2600	0.25	0.34	0.34	0	0	0.25
2700	0.25	0.34	0.34	0	0	0.25
2800	0.25	0.35	0.35	0	0	0.25
2900	0.27	0.35	0.35	0	0	0.27
3000	0.29	0.37	0.37	0	0	0.29
3100	0.3	0.38	0.38	0	0	0.3
3200	0.3	0.38	0.38	0	0	0.3
3300	0.3	0.38	0.38	0	0	0.3
3400	0.31	0.37	0.37	0	0	0.31
3500	0.31	0.37	0.37	0	0	0.31
3600	0.33	0.37	0.37	0	0	0.33
3700	0.33	0.37	0.37	0	0	0.33
3800	0.32	0.38	0.38	0	0	0.32
3900	0.33	0.38	0.38	0	0	0.33
4000	0.32	0.38	0.38	0	0	0.32
4100	0.32	0.38	0.38	0	0	0.32
4200	0.33	0.38	0.38	0	0	0.33
4300	0.33	0.38	0.38	0	0	0.33
4400	0.34	0.39	0.39	0	0	0.34
4500	0.34	0.41	0.41	0	0	0.34
4600	0.35	0.41	0.41	0	0	0.35
4700	0.35	0.41	0.41	0	0	0.35
4800	0.36	0.4	0.4	0	0	0.36
4900	0.37	0.4	0.4	0	0	0.37
5000	0.37	0.4	0.4	0	0	0.37
5100	0.38	0.39	0.39	0	0	0.38
5200	0.37	0.38	0.38	0	0	0.37
5300	0.35	0.37	0.37	0	0	0.35
5400	0.35	0.37	0.37	0	0	0.35
5500	0.35	0.38	0.38	0	0	0.35
5600	0.35	0.36	0.36	0	0	0.35
5700	0.35	0.37	0.37	0	0	0.35
5800	0.35	0.37	0.37	0	0	0.35
5900	0.34	0.36	0.36	0	0	0.34
6000	0.33	0.36	0.36	0	0	0.33
6100	0.33	0.36	0.36	0	0	0.33
6200	0.33	0.36	0.36	0	0	0.33
6300	0.34	0.36	0.36	0	0	0.34
6400	0.34	0.36	0.36	0	0	0.34
6500	0.34	0.35	0.35	0	0	0.34
6600	0.35	0.35	0.35	0	0	0.35
6700	0.35	0.36	0.36	0	0	0.35
6800	0.36	0.35	0.35	0	0	0.36
6900	0.35	0.34	0.34	0	0	0.35
7000	0.35	0.34	0.34	0	0	0.35
7100	0.35	0.33	0.33	0	0	0.35
7200	0.35	0.33	0.33	0	0	0.35
7300	0.34	0.34	0.34	0	0	0.34
7400	0.34	0.34	0.34	0	0	0.34
7500	0.34	0.34	0.34	0	0	0.34
7600	0.33	0.33	0.33	0	0	0.33
7700	0.33	0.33	0.33	0	0	0.33
7800	0.34	0.33	0.33	0	0	0.34
7900	0.34	0.34	0.34	0	0	0.34
8000	0.33	0.33	0.33	0	0	0.33
8100	0.32	0.33	0.33	0	0	0.32
8200	0.32	0.33	0.33	0	0	0.32
8300	0.31	0.33	0.33	0	0	0.31
8400	0.31	0.33	0.33	0	0	0.31
8500	0.31	0.33	0.33	0	0	0.31
8600	0.32	0.33	0.33	0	0	0.32
8700	0.33	0.34	0.34	0	0	0.33
8800	0.33	0.34	0.34	0	0	0.33
8900	0.33	0.34	0.34	0	0	0.33
9000	0.34	0.34	0.34	0	0	0.34
9100	0.34	0.35	0.35	0	0	0.34
9200	0.35	0.35	0.35	0	0	0.35
9300	0.36	0.35	0.35	0	0	0.36
9400	0.35	0.37	0.37	0	0	0.35
9500	0.35	0.37	0.37	0	0	0.35
9600	0.35	0.38	0.38	0	0	0.35
9700	0.35	0.39	0.39	0	0	0.35
9800	0.35	0.39	0.39	0	0	0.35
9900	0.35	0.39	0.39	0	0	0.35
10000	0.35	0.39	0.39	0	0	0.35
10100	0.35	0.38	0.38	0	0	0.35
10200	0.35	0.38	0.38	0	0	0.35
10300	0.36	0.38	0.38	0	0	0.36
10400	0.36	0.39	0.39	0	0	0.36
10500	0.38	0.4	0.4	0	0	0.38
10600	0.38	0.4	0.4	0	0	0.38
10700	0.38	0.4	0.4	0	0	0.38
10800	0.38	0.4	0.4	0	0	0.38
10900	0.38	0.4	0.4	0	0	0.38
11000	0.38	0.4	0.4	0	0	0.38
11100	0.38	0.41	0.41	0	0	0.38
11200	0.38	0.42	0.42	0	0	0.38
11300	0.38	0.41	0.41	0	0	0.38
11400	0.37	0.4	0.4	0	0	0.37
11500	0.37	0.41	0.41	0	0	0.37
11600	0.37	0.42	0.42	0	0	0.37
11700	0.37	0.41	0.41	0	0	0.37
11800	0.37	0.41	0.41	0	0	0.37
11900	0.38	0.41	0.41	0	0	0.38
12000	0.38	0.42	0.42	0	0	0.38
12100	0.38	0.41	0.41	0	0	0.38
12200	0.38	0.4	0.4	0	0	0.38
12300	0.38	0.38	0.38	0	0	0.38
12400	0.39	0.38	0.38	0	0	0.39
12500	0.38	0.38	0.38	0	0	0.38
12600	0.38	0.38	0.38	0	0	0.38
12700	0.39	0.38	0.38	0	0	0.39
12800	0.39	0.37	0.37	0	0	0.39
12900	0.39	0.37	0.37	0	0	0.39
13000	0.39	0.37	0.37	0	0	0.39
13100	0.39	0.36	0.36	0	0	0.39
13200	0.4	0.36	0.36	0	0	0.4
13300	0.4	0.36	0.36	0	0	0.4
13400	0.39	0.37	0.37	0	0	0.39
13500	0.4	0.37	0.37	0	0	0.4
13600	0.4	0.37	0.37	0	0	0.4
13700	0.4	0.37	0.37	0	0	0.4
13800	0.4	0.37	0.37	0	0	0.4
13900	0.4	0.37	0.37	0	0	0.4
14000	0.4	0.38	0.38	0	0	0.4
14100	0.4	0.38	0.38	0	0	0.4
14200	0.4	0.39	0.39	0	0	0.4
14300	0.41	0.39	0.39	0	0	0.41
14400	0.41	0.4	0.4	0	0	0.41
14500	0.41	0.4	0.4	0	0	0.41
14600	0.41	0.39	0.39	0	0	0.41
14700	0.41	0.39	0.39	0	0	0.41
14800	0.41	0.4	0.4	0	0	0.41
14900	0.41	0.4	0.4	0	0	0.41
15000	0.41	0.4	0.4	0	0	0.41
15100	0.41	0.41	0.41	0	0	0.41
15200	0.41	0.41	0.41	0	0	0.41
15300	0.41	0.42	0.42	0	0	0.41
15400	0.41	0.41	0.41	0	0	0.41
15500	0.41	0.41	0.41	0	0	0.41
15600	0.41	0.41	0.41	0	0	0.41
15700	0.42	0.41	0.41	0	0	0.42
15800	0.42	0.41	0.41	0	0	0.42
15900	0.42	0.42	0.42	0	0	0.42
16000	0.42	0.42	0.42	0	0	0.42
16100	0.42	0.42	0.42	0	0	0.42
16200	0.42	0.42	0.42	0	0	0.42
16300	0.41	0.42	0.42	0	0	0.41
16400	0.41	0.42	0.42	0	0	0.41
16500	0.41	0.42	0.42	0	0	0.41
16600	0.41	0.42	0.42	0	0	0.41
16700	0.41	0.41	0.41	0	0	0.41
16800	0.41	0.41	0.41	0	0	0.41
16900	0.41	0.41	0.41	0	0	0.41
17000	0.41	0.41	0.41	0	0	0.41
17100	0.42	0.42	0.42	0	0	0.42
17200	0.42	0.42	0.42	0	0	0.42
17300	0.42	0.43	0.43	0	0	0.42
17400	0.42	0.43	0.43	0	0	0.42
17500	0.42	0.43	0.43	0	0	0.42
17600	0.41	0.43	0.43	0	0	0.41
17700	0.41	0.43	0.43	0	0	0.41
17800	0.41	0.43	0.43	0	0	0.41
17900	0.42	0.44	0.44	0	0	0.42
18000	0.41	0.44	0.44	0	0	0.41
18100	0.41	0.43	0.43	0	0	0.41
18200	0.41	0.43	0.43	0	0	0.41
18300	0.41	0.43	0.43	0	0	0.41
18400	0.41	0.43	0.43	0	0	0.41
18500	0.41	0.43	0.43	0	0	0.41
18600	0.41	0.42	0.42	0	0	0.41
18700	0.41	0.42	0.42	0	0	0.41
18800	0.41	0.41	0.41	0	0	0.41
18900	0.41	0.41	0.41	0	0	0.41
19000	0.41	0.41	0.41	0	0	0.41
19100	0.41	0.41	0.41	0	0	0.41
19200	0.41	0.41	0.41	0	0	0.41
19300	0.41	0.41	0.41	0	0	0.41
19400	0.41	0.41	0.41	0	0	0.41
19500	0.41	0.41	0.41	0	0	0.41
19600	0.41	0.41	0.41	0	0	0.41
19700	0.41	0.42	0.42	0	0	0.41
19800	0.42	0.42	0.42	0	0	0.42
19900	0.43	0.43	0.43	0	0	0.43
20000	0.43	0.44	0.44	0	0	0.43
20100	0.43	0.44	0.44	0	0	0.43
20200	0.43	0.45	0.45	0	0	0.43
20300	0.43	0.45	0.45	0	0	0.43
20400	0.43	0.45	0.45	0	0	0.43
20500	0.43	0.45	0.45	0	0	0.43
20600	0.43	0.45	0.45	0	0	0.43
20700	0.43	0.44	0.44	0	0	0.43
20800	0.43	0.44	0.44	0	0	0.43
20900	0.43	0.44	0.44	0	0	0.43
21000	0.43	0.44	0.44	0	0	0.43
21100	0.43	0.43	0.43	0	0	0.43
21200	0.43	0.43	0.43	0	0	0.43
21300	0.43	0.43	0.43	0	0	0.43
21400	0.43	0.44	0.44	0	0	0.43
21500	0.42	0.44	0.44	0	0	0.42
21600	0.42	0.44	0.44	0	0	0.42
21700	0.42	0.44	0.44	0	0	0.42
21800	0.42	0.45	0.45	0	0	0.42
21900	0.42	0.44	0.44	0	0	0.42
22000	0.42	0.44	0.44	0	0	0.42
22100	0.42	0.45	0.45	0	0	0.42
22200	0.42	0.45	0.45	0	0	0.42
22300	0.42	0.45	0.45	0	0	0.42
22400	0.42	0.45	0.45	0	0	0.42
22500	0.42	0.46	0.46	0	0	0.42
22600	0.42	0.46	0.46	0	0	0.42
22700	0.43	0.45	0.45	0	0	0.43
22800	0.43	0.45	0.45	0	0	0.43
22900	0.43	0.45	0.45	0	0	0.43
23000	0.43	0.45	0.45	0	0	0.43
23100	0.43	0.45	0.45	0	0	0.43
23200	0.43	0.45	0.45	0	0	0.43
23300	0.43	0.45	0.45	0	0	0.43
23400	0.43	0.45	0.45	0	0	0.43
23500	0.43	0.46	0.46	0	0	0.43
23600	0.43	0.45	0.45	0	0	0.43
23700	0.44	0.45	0.45	0	0	0.44
23800	0.44	0.45	0.45	0	0	0.44
23900	0.44	0.45	0.45	0	0	0.44
24000	0.44	0.45	0.45	0	0	0.44
24100	0.44	0.45	0.45	0	0	0.44
24200	0.45	0.45	0.45	0	0	0.45
24300	0.45	0.45	0.45	0	0	0.45
24400	0.45	0.45	0.45	0	0	0.45
24500	0.45	0.45	0.45	0	0	0.45
24600	0.45	0.44	0.44	0	0	0.45
24700	0.46	0.44	0.44	0	0	0.46
24800	0.46	0.44	0.44	0	0	0.46
24900	0.46	0.44	0.44	0	0	0.46
25000	0.46	0.44	0.44	0	0	0.46
25100	0.46	0.44	0.44	0	0	0.46
25200	0.45	0.44	0.44	0	0	0.45
25300	0.45	0.44	0.44	0	0	0.45
25400	0.45	0.44	0.44	0	0	0.45
25500	0.46	0.44	0.44	0	0	0.46
25600	0.47	0.44	0.44	0	0	0.47
25700	0.47	0.44	0.44	0	0	0.47
25800	0.48	0.44	0.44	0	0	0.48
25900	0.48	0.44	0.44	0	0	0.48
26000	0.48	0.44	0.44	0	0	0.48
26100	0.48	0.44	0.44	0	0	0.48
26200	0.48	0.44	0.44	0	0	0.48
26300	0.48	0.44	0.44	0	0	0.48
26400	0.48	0.42	0.42	0	0	0.48
26500	0.48	0.42	0.42	0	0	0.48
26600	0.48	0.42	0.42	0	0	0.48
26700	0.48	0.42	0.42	0	0	0.48
26800	0.48	0.42	0.42	0	0	0.48
26900	0.46	0.42	0.42	0	0	0.46
27000	0.46	0.42	0.42	0	0	0.46
27100	0.46	0.42	0.42	0	0	0.46
27200	0.46	0.42	0.42	0	0	0.46
27300	0.46	0.42	0.42	0	0	0.46
27400	0.46	0.42	0.42	0	0	0.46
27500	0.46	0.42	0.42	0	0	0.46
27600	0.46	0.42	0.42	0	0	0.46
27700	0.46	0.42	0.42	0	0	0.46
27800	0.46	0.43	0.43	0	0	0.46
27900	0.46	0.43	0.43	0	0	0.46
28000	0.46	0.43	0.43	0	0	0.46
28100	0.46	0.42	0.42	0	0	0.46
28200	0.46	0.42	0.42	0	0	0.46
28300	0.46	0.42	0.42	0	0	0.46
28400	0.46	0.42	0.42	0	0	0.46
28500	0.46	0.42	0.42	0	0	0.46
28600	0.46	0.42	0.42	0	0	0.46
28700	0.46	0.42	0.42	0	0	0.46
28800	0.47	0.42	0.42	0	0	0.47
28900	0.47	0.42	0.42	0	0	0.47
29000	0.47	0.42	0.42	0	0	0.47
29100	0.47	0.42	0.42	0	0	0.47
29200	0.47	0.42	0.42	0	0	0.47
29300	0.47	0.42	0.42	0	0	0.47
29400	0.47	0.42	0.42	0	0	0.47
29500	0.47	0.42	0.42	0	0	0.47
29600	0.47	0.42	0.42	0	0	0.47
29700	0.47	0.43	0.43	0	0	0.47
29800	0.47	0.43	0.43	0	0	0.47
29900	0.47	0.43	0.43	0	0	0.47
30000	0.47	0.43	0.43	0	0	0.47
30100	0.47	0.43	0.43	0	0	0.47
30200	0.47	0.43	0.43	0	0	0.47
30300	0.47	0.43	0.43	0	0	0.47
30400	0.47	0.43	0.43	0	0	0.47
30500	0.47	0.43	0.43	0	0	0.47
30600	0.47	0.43	0.43	0	0	0.47
30700	0.47	0.43	0.43	0	0	0.47
30800	0.47	0.43	0.43	0	0	0.47
30900	0.47	0.43	0.43	0	0	0.47
31000	0.46	0.43	0.43	0	0	0.46
31100	0.46	0.43	0.43	0	0	0.46
31200	0.46	0.44	0.44	0	0	0.46
31300	0.46	0.44	0.44	0	0	0.46
31400	0.47	0.44	0.44	0	0	0.47
31500	0.47	0.44	0.44	0	0	0.47
31600	0.46	0.44	0.44	0	0	0.46
31700	0.46	0.44	0.44	0	0	0.46
31800	0.46	0.44	0.44	0	0	0.46
31900	0.46	0.44	0.44	0	0	0.46
32000	0.45	0.44	0.44	0	0	0.45
32100	0.45	0.44	0.44	0	0	0.45
32200	0.45	0.44	0.44	0	0	0.45
32300	0.45	0.44	0.44	0	0	0.45
32400	0.45	0.44	0.44	0	0	0.45
32500	0.45	0.44	0.44	0	0	0.45
32600	0.45	0.44	0.44	0	0	0.45
32700	0.45	0.44	0.44	0	0	0.45
32800	0.45	0.45	0.45	0	0	0.45
32900	0.45	0.45	0.45	0	0	0.45
33000	0.45	0.45	0.45	0	0	0.45
33100	0.45	0.45	0.45	0	0	0.45
33200	0.45	0.45	0.45	0	0	0.45
33300	0.45	0.45	0.45	0	0	0.45
33400	0.45	0.45	0.45	0	0	0.45
33500	0.45	0.45	0.45	0	0	0.45
33600	0.45	0.45	0.45	0	0	0.45
33700	0.46	0.45	0.45	0	0	0.46
33800	0.46	0.45	0.45	0	0	0.46
33900	0.46	0.45	0.45	0	0	0.46
34000	0.46	0.45	0.45	0	0	0.46
34100	0.46	0.45	0.45	0	0	0.46
34200	0.46	0.45	0.45	0	0	0.46
34300	0.46	0.45	0.45	0	0	0.46
34400	0.46	0.45	0.45	0	0	0.46
34500	0.45	0.45	0.45	0	0	0.45
34600	0.44	0.46	0.46	0	0	0.44
34700	0.45	0.46	0.46	0	0	0.45
34800	0.45	0.46	0.46	0	0	0.45
34900	0.45	0.46	0.46	0	0	0.45
35000	0.45	0.46	0.46	0	0	0.45
35100	0.45	0.46	0.46	0	0	0.45
35200	0.46	0.46	0.46	0	0	0.46
35300	0.46	0.46	0.46	0	0	0.46
35400	0.46	0.46	0.46	0	0	0.46
35500	0.46	0.46	0.46	0	0	0.46
35600	0.46	0.46	0.46	0	0	0.46
35700	0.46	0.46	0.46	0	0	0.46
35800	0.46	0.46	0.46	0	0	0.46
35900	0.45	0.46	0.46	0	0	0.45
36000	0.45	0.46	0.46	0	0	0.45
36100	0.45	0.46	0.46	0	0	0.45
36200	0.45	0.47	0.47	0	0	0.45
36300	0.45	0.47	0.47	0	0	0.45
36400	0.45	0.47	0.47	0	0	0.45
36500	0.45	0.47	0.47	0	0	0.45
36600	0.45	0.47	0.47	0	0	0.45
36700	0.45	0.47	0.47	0	0	0.45
36800	0.45	0.47	0.47	0	0	0.45
36900	0.45	0.47	0.47	0	0	0.45
37000	0.45	0.47	0.47	0	0	0.45
37100	0.45	0.47	0.47	0	0	0.45
37200	0.45	0.47	0.47	0	0	0.45
37300	0.45	0.47	0.47	0	0	0.45
37400	0.45	0.47	0.47	0	0	0.45
37500	0.45	0.47	0.47	0	0	0.45
37600	0.45	0.47	0.47	0	0	0.45
37700	0.45	0.48	0.48	0	0	0.45
37800	0.45	0.48	0.48	0	0	0.45
37900	0.45	0.48	0.48	0	0	0.45
38000	0.45	0.48	0.48	0	0	0.45
38100	0.45	0.49	0.49	0	0	0.45
38200	0.44	0.49	0.49	0	0	0.44
38300	0.44	0.49	0.49	0	0	0.44
38400	0.44	0.5	0.5	0	0	0.44
38500	0.44	0.5	0.5	0	0	0.44
38600	0.44	0.5	0.5	0	0	0.44
38700	0.44	0.5	0.5	0	0	0.44
38800	0.45	0.5	0.5	0	0	0.45
38900	0.45	0.5	0.5	0	0	0.45
39000	0.44	0.5	0.5	0	0	0.44
39100	0.44	0.5	0.5	0	0	0.44
39200	0.44	0.5	0.5	0	0	0.44
39300	0.44	0.5	0.5	0	0	0.44
39400	0.44	0.5	0.5	0	0	0.44
39500	0.44	0.5	0.5	0	0	0.44
39600	0.44	0.49	0.49	0	0	0.44
39700	0.44	0.49	0.49	0	0	0.44
39800	0.44	0.49	0.49	0	0	0.44
39900	0.43	0.49	0.49	0	0	0.43
40000	0.43	0.49	0.49	0	0	0.43
40100	0.43	0.49	0.49	0	0	0.43
40200	0.42	0.49	0.49	0	0	0.42
40300	0.42	0.49	0.49	0	0	0.42
40400	0.42	0.49	0.49	0	0	0.42
40500	0.42	0.49	0.49	0	0	0.42
40600	0.42	0.49	0.49	0	0	0.42
40700	0.43	0.49	0.49	0	0	0.43
40800	0.43	0.49	0.49	0	0	0.43
40900	0.43	0.49	0.49	0	0	0.43
41000	0.43	0.49	0.49	0	0	0.43
41100	0.43	0.49	0.49	0	0	0.43
41200	0.43	0.49	0.49	0	0	0.43
41300	0.43	0.49	0.49	0	0	0.43
41400	0.43	0.49	0.49	0	0	0.43
41500	0.44	0.49	0.49	0	0	0.44
41600	0.44	0.49	0.49	0	0	0.44
41700	0.44	0.49	0.49	0	0	0.44
41800	0.44	0.49	0.49	0	0	0.44
41900	0.44	0.49	0.49	0	0	0.44
42000	0.44	0.49	0.49	0	0	0.44
42100	0.44	0.49	0.49	0	0	0.44
42200	0.44	0.49	0.49	0	0	0.44
42300	0.43	0.49	0.49	0	0	0.43
42400	0.43	0.49	0.49	0	0	0.43
42500	0.43	0.49	0.49	0	0	0.43
42600	0.43	0.49	0.49	0	0	0.43
42700	0.43	0.49	0.49	0	0	0.43
42800	0.43	0.49	0.49	0	0	0.43
42900	0.43	0.49	0.49	0	0	0.43
43000	0.43	0.49	0.49	0	0	0.43
43100	0.44	0.49	0.49	0	0	0.44
43200	0.44	0.49	0.49	0	0	0.44
43300	0.44	0.49	0.49	0	0	0.44
43400	0.44	0.49	0.49	0	0	0.44
43500	0.44	0.49	0.49	0	0	0.44
43600	0.44	0.49	0.49	0	0	0.44
43700	0.44	0.49	0.49	0	0	0.44
43800	0.44	0.49	0.49	0	0	0.44
43900	0.44	0.49	0.49	0	0	0.44
44000	0.44	0.49	0.49	0	0	0.44
44100	0.45	0.49	0.49	0	0	0.45
44200	0.45	0.49	0.49	0	0	0.45
44300	0.45	0.49	0.49	0	0	0.45
44400	0.45	0.49	0.49	0	0	0.45
44500	0.45	0.49	0.49	0	0	0.45
44600	0.45	0.49	0.49	0	0	0.45
44700	0.45	0.49	0.49	0	0	0.45
44800	0.45	0.49	0.49	0	0	0.45
44900	0.45	0.49	0.49	0	0	0.45
45000	0.45	0.49	0.49	0	0	0.45
45100	0.45	0.49	0.49	0	0	0.45
45200	0.45	0.49	0.49	0	0	0.45
45300	0.45	0.49	0.49	0	0	0.45
45400	0.45	0.49	0.49	0	0	0.45
45500	0.46	0.49	0.49	0	0	0.46
45600	0.46	0.49	0.49	0	0	0.46
45700	0.46	0.49	0.49	0	0	0.46
45800	0.46	0.49	0.49	0	0	0.46
45900	0.46	0.49	0.49	0	0	0.46
46000	0.46	0.49	0.49	0	0	0.46
46100	0.46	0.49	0.49	0	0	0.46
46200	0.46	0.49	0.49	0	0	0.46
46300	0.46	0.49	0.49	0	0	0.46
46400	0.45	0.49	0.49	0	0	0.45
46500	0.45	0.49	0.49	0	0	0.45
46600	0.45	0.49	0.49	0	0	0.45
46700	0.45	0.49	0.49	0	0	0.45
46800	0.45	0.49	0.49	0	0	0.45
46900	0.45	0.49	0.49	0	0	0.45
47000	0.45	0.49	0.49	0	0	0.45
47100	0.45	0.49	0.49	0	0	0.45
47200	0.45	0.49	0.49	0	0	0.45
47300	0.45	0.49	0.49	0	0	0.45
47400	0.45	0.49	0.49	0	0	0.45
47500	0.45	0.49	0.49	0	0	0.45
47600	0.45	0.49	0.49	0	0	0.45
47700	0.45	0.5	0.5	0	0	0.45
47800	0.45	0.49	0.49	0	0	0.45
47900	0.45	0.49	0.49	0	0	0.45
48000	0.45	0.48	0.48	0	0	0.45
48100	0.45	0.47	0.47	0	0	0.45
48200	0.46	0.46	0.46	0	0	0.46
48300	0.46	0.46	0.46	0	0	0.46
48400	0.46	0.46	0.46	0	0	0.46
48500	0.46	0.46	0.46	0	0	0.46
48600	0.44	0.46	0.46	0	0	0.44
48700	0.44	0.47	0.47	0	0	0.44
48800	0.44	0.47	0.47	0	0	0.44
48900	0.44	0.47	0.47	0	0	0.44
49000	0.44	0.47	0.47	0	0	0.44
49100	0.44	0.47	0.47	0	0	0.44
49200	0.44	0.47	0.47	0	0	0.44
49300	0.44	0.47	0.47	0	0	0.44
49400	0.45	0.47	0.47	0	0	0.45
49500	0.45	0.47	0.47	0	0	0.45
49600	0.45	0.47	0.47	0	0	0.45
49700	0.45	0.47	0.47	0	0	0.45
49800	0.45	0.47	0.47	0	0	0.45
49900	0.45	0.47	0.47	0	0	0.45
50000	0.45	0.47	0.47	0	0	0.45
50100	0.45	0.47	0.47	0	0	0.45
50200	0.45	0.48	0.48	0	0	0.45
50300	0.45	0.48	0.48	0	0	0.45
50400	0.45	0.48	0.48	0	0	0.45
50500	0.45	0.48	0.48	0	0	0.45
50600	0.45	0.48	0.48	0	0	0.45
50700	0.45	0.48	0.48	0	0	0.45
50800	0.45	0.48	0.48	0	0	0.45
50900	0.45	0.48	0.48	0	0	0.45
51000	0.44	0.48	0.48	0	0	0.44
51100	0.44	0.47	0.47	0	0	0.44
51200	0.44	0.47	0.47	0	0	0.44
51300	0.44	0.47	0.47	0	0	0.44
51400	0.44	0.46	0.46	0	0	0.44
51500	0.44	0.46	0.46	0	0	0.44
51600	0.44	0.46	0.46	0	0	0.44
51700	0.44	0.46	0.46	0	0	0.44
51800	0.44	0.46	0.46	0	0	0.44
51900	0.44	0.46	0.46	0	0	0.44
52000	0.44	0.46	0.46	0	0	0.44
52100	0.44	0.46	0.46	0	0	0.44
52200	0.44	0.46	0.46	0	0	0.44
52300	0.44	0.46	0.46	0	0	0.44
52400	0.44	0.46	0.46	0	0	0.44
52500	0.44	0.46	0.46	0	0	0.44
52600	0.44	0.46	0.46	0	0	0.44
52700	0.44	0.47	0.47	0	0	0.44
52800	0.44	0.46	0.46	0	0	0.44
52900	0.44	0.47	0.47	0	0	0.44
53000	0.44	0.46	0.46	0	0	0.44
53100	0.44	0.46	0.46	0	0	0.44
53200	0.44	0.46	0.46	0	0	0.44
53300	0.44	0.47	0.47	0	0	0.44
53400	0.45	0.47	0.47	0	0	0.45
53500	0.43	0.47	0.47	0	0	0.43
53600	0.43	0.47	0.47	0	0	0.43
53700	0.42	0.47	0.47	0	0	0.42
53800	0.41	0.48	0.48	0	0	0.41
53900	0.41	0.47	0.47	0	0	0.41
54000	0.41	0.47	0.47	0	0	0.41
54100	0.41	0.48	0.48	0	0	0.41
54200	0.41	0.49	0.49	0	0	0.41
54300	0.42	0.49	0.49	0	0	0.42
54400	0.42	0.48	0.48	0	0	0.42
54500	0.42	0.48	0.48	0	0	0.42
54600	0.42	0.48	0.48	0	0	0.42
54700	0.42	0.48	0.48	0	0	0.42
54800	0.42	0.48	0.48	0	0	0.42
54900	0.42	0.48	0.48	0	0	0.42
55000	0.42	0.48	0.48	0	0	0.42
55100	0.42	0.48	0.48	0	0	0.42
55200	0.42	0.48	0.48	0	0	0.42
55300	0.42	0.48	0.48	0	0	0.42
55400	0.42	0.48	0.48	0	0	0.42
55500	0.42	0.48	0.48	0	0	0.42
55600	0.42	0.48	0.48	0	0	0.42
55700	0.42	0.48	0.48	0	0	0.42
55800	0.42	0.49	0.49	0	0	0.42
55900	0.42	0.49	0.49	0	0	0.42
56000	0.42	0.49	0.49	0	0	0.42
56100	0.42	0.49	0.49	0	0	0.42
56200	0.42	0.49	0.49	0	0	0.42
56300	0.42	0.49	0.49	0	0	0.42
56400	0.42	0.49	0.49	0	0	0.42
56500	0.43	0.49	0.49	0	0	0.43
56600	0.42	0.49	0.49	0	0	0.42
56700	0.42	0.49	0.49	0	0	0.42
56800	0.42	0.49	0.49	0	0	0.42
56900	0.43	0.49	0.49	0	0	0.43
57000	0.43	0.49	0.49	0	0	0.43
57100	0.43	0.49	0.49	0	0	0.43
57200	0.43	0.49	0.49	0	0	0.43
57300	0.43	0.49	0.49	0	0	0.43
57400	0.43	0.49	0.49	0	0	0.43
57500	0.43	0.49	0.49	0	0	0.43
57600	0.43	0.49	0.49	0	0	0.43
57700	0.43	0.49	0.49	0	0	0.43
57800	0.43	0.49	0.49	0	0	0.43
57900	0.43	0.49	0.49	0	0	0.43
58000	0.43	0.49	0.49	0	0	0.43
58100	0.42	0.49	0.49	0	0	0.42
58200	0.42	0.49	0.49	0	0	0.42
58300	0.43	0.49	0.49	0	0	0.43
58400	0.43	0.49	0.49	0	0	0.43
58500	0.42	0.48	0.48	0	0	0.42
58600	0.42	0.48	0.48	0	0	0.42
58700	0.42	0.48	0.48	0	0	0.42
58800	0.42	0.47	0.47	0	0	0.42
58900	0.42	0.47	0.47	0	0	0.42
59000	0.42	0.47	0.47	0	0	0.42
59100	0.42	0.47	0.47	0	0	0.42
59200	0.42	0.47	0.47	0	0	0.42
59300	0.42	0.47	0.47	0	0	0.42
59400	0.42	0.47	0.47	0	0	0.42
59500	0.42	0.47	0.47	0	0	0.42
59600	0.42	0.47	0.47	0	0	0.42
59700	0.42	0.47	0.47	0	0	0.42
59800	0.43	0.47	0.47	0	0	0.43
59900	0.42	0.47	0.47	0	0	0.42
60000	0.42	0.47	0.47	0	0	0.42
60100	0.42	0.47	0.47	0	0	0.42
60200	0.42	0.47	0.47	0	0	0.42
60300	0.42	0.47	0.47	0	0	0.42
60400	0.42	0.47	0.47	0	0	0.42
60500	0.42	0.48	0.48	0	0	0.42
60600	0.41	0.48	0.48	0	0	0.41
60700	0.42	0.48	0.48	0	0	0.42
60800	0.42	0.49	0.49	0	0	0.42
60900	0.42	0.48	0.48	0	0	0.42
61000	0.42	0.48	0.48	0	0	0.42
61100	0.42	0.48	0.48	0	0	0.42
61200	0.42	0.48	0.48	0	0	0.42
61300	0.42	0.49	0.49	0	0	0.42
61400	0.42	0.49	0.49	0	0	0.42
61500	0.42	0.49	0.49	0	0	0.42
61600	0.42	0.49	0.49	0	0	0.42
61700	0.42	0.49	0.49	0	0	0.42
61800	0.42	0.49	0.49	0	0	0.42
61900	0.42	0.48	0.48	0	0	0.42
62000	0.41	0.48	0.48	0	0	0.41
62100	0.42	0.48	0.48	0	0	0.42
62200	0.43	0.48	0.48	0	0	0.43
62300	0.43	0.48	0.48	0	0	0.43
62400	0.43	0.48	0.48	0	0	0.43
62500	0.43	0.48	0.48	0	0	0.43
62600	0.43	0.48	0.48	0	0	0.43
62700	0.43	0.48	0.48	0	0	0.43
62800	0.43	0.48	0.48	0	0	0.43
62900	0.43	0.48	0.48	0	0	0.43
63000	0.43	0.48	0.48	0	0	0.43
63100	0.43	0.48	0.48	0	0	0.43
63200	0.43	0.49	0.49	0	0	0.43
63300	0.43	0.48	0.48	0	0	0.43
63400	0.43	0.48	0.48	0	0	0.43
63500	0.43	0.48	0.48	0	0	0.43
63600	0.44	0.48	0.48	0	0	0.44
63700	0.44	0.48	0.48	0	0	0.44
63800	0.44	0.48	0.48	0	0	0.44
63900	0.44	0.48	0.48	0	0	0.44
64000	0.45	0.48	0.48	0	0	0.45
64100	0.45	0.48	0.48	0	0	0.45
64200	0.45	0.48	0.48	0	0	0.45
64300	0.45	0.48	0.48	0	0	0.45
64400	0.45	0.48	0.48	0	0	0.45
64500	0.45	0.48	0.48	0	0	0.45
64600	0.45	0.48	0.48	0	0	0.45
64700	0.45	0.48	0.48	0	0	0.45
64800	0.45	0.49	0.49	0	0	0.45
64900	0.45	0.48	0.48	0	0	0.45
65000	0.45	0.49	0.49	0	0	0.45
65100	0.45	0.49	0.49	0	0	0.45
65200	0.45	0.49	0.49	0	0	0.45
65300	0.45	0.48	0.48	0	0	0.45
65400	0.45	0.48	0.48	0	0	0.45
65500	0.45	0.48	0.48	0	0	0.45
65600	0.44	0.48	0.48	0	0	0.44
65700	0.44	0.48	0.48	0	0	0.44
65800	0.44	0.48	0.48	0	0	0.44
65900	0.43	0.48	0.48	0	0	0.43
66000	0.43	0.48	0.48	0	0	0.43
66100	0.43	0.48	0.48	0	0	0.43
66200	0.43	0.48	0.48	0	0	0.43
66300	0.42	0.48	0.48	0	0	0.42
66400	0.42	0.5	0.5	0	0	0.42
66500	0.42	0.5	0.5	0	0	0.42
66600	0.42	0.5	0.5	0	0	0.42
66700	0.42	0.5	0.5	0	0	0.42
66800	0.42	0.5	0.5	0	0	0.42
66900	0.42	0.5	0.5	0	0	0.42
67000	0.42	0.5	0.5	0	0	0.42
67100	0.42	0.5	0.5	0	0	0.42
67200	0.41	0.5	0.5	0	0	0.41
67300	0.41	0.5	0.5	0	0	0.41
67400	0.41	0.5	0.5	0	0	0.41
67500	0.41	0.5	0.5	0	0	0.41
67600	0.41	0.5	0.5	0	0	0.41
67700	0.4	0.5	0.5	0	0	0.4
67800	0.4	0.5	0.5	0	0	0.4
67900	0.4	0.5	0.5	0	0	0.4
68000	0.4	0.5	0.5	0	0	0.4
68100	0.4	0.5	0.5	0	0	0.4
68200	0.4	0.5	0.5	0	0	0.4
68300	0.41	0.5	0.5	0	0	0.41
68400	0.4	0.5	0.5	0	0	0.4
68500	0.4	0.5	0.5	0	0	0.4
68600	0.4	0.49	0.49	0	0	0.4
68700	0.4	0.5	0.5	0	0	0.4
68800	0.4	0.49	0.49	0	0	0.4
68900	0.4	0.49	0.49	0	0	0.4
69000	0.4	0.49	0.49	0	0	0.4
69100	0.4	0.49	0.49	0	0	0.4
69200	0.4	0.49	0.49	0	0	0.4
69300	0.4	0.49	0.49	0	0	0.4
69400	0.4	0.49	0.49	0	0	0.4
69500	0.41	0.49	0.49	0	0	0.41
69600	0.41	0.48	0.48	0	0	0.41
69700	0.41	0.48	0.48	0	0	0.41
69800	0.41	0.48	0.48	0	0	0.41
69900	0.41	0.49	0.49	0	0	0.41
70000	0.41	0.48	0.48	0	0	0.41
70100	0.41	0.48	0.48	0	0	0.41
70200	0.41	0.48	0.48	0	0	0.41
70300	0.41	0.48	0.48	0	0	0.41
70400	0.4	0.48	0.48	0	0	0.4
70500	0.4	0.48	0.48	0	0	0.4
70600	0.4	0.49	0.49	0	0	0.4
70700	0.4	0.49	0.49	0	0	0.4
70800	0.4	0.49	0.49	0	0	0.4
70900	0.4	0.49	0.49	0	0	0.4
71000	0.4	0.49	0.49	0	0	0.4
71100	0.4	0.49	0.49	0	0	0.4
71200	0.4	0.49	0.49	0	0	0.4
71300	0.4	0.49	0.49	0	0	0.4
71400	0.4	0.49	0.49	0	0	0.4
71500	0.4	0.49	0.49	0	0	0.4
71600	0.4	0.49	0.49	0	0	0.4
71700	0.4	0.49	0.49	0	0	0.4
71800	0.4	0.49	0.49	0	0	0.4
71900	0.4	0.49	0.49	0	0	0.4
72000	0.39	0.5	0.5	0	0	0.39
72100	0.39	0.5	0.5	0	0	0.39
72200	0.4	0.5	0.5	0	0	0.4
72300	0.39	0.5	0.5	0	0	0.39
72400	0.39	0.5	0.5	0	0	0.39
72500	0.39	0.5	0.5	0	0	0.39
72600	0.4	0.5	0.5	0	0	0.4
72700	0.4	0.51	0.51	0	0	0.4
72800	0.4	0.51	0.51	0	0	0.4
72900	0.4	0.51	0.51	0	0	0.4
73000	0.4	0.51	0.51	0	0	0.4
73100	0.41	0.5	0.5	0	0	0.41
73200	0.41	0.5	0.5	0	0	0.41
73300	0.41	0.5	0.5	0	0	0.41
73400	0.41	0.5	0.5	0	0	0.41
73500	0.41	0.51	0.51	0	0	0.41
73600	0.41	0.51	0.51	0	0	0.41
73700	0.41	0.51	0.51	0	0	0.41
73800	0.41	0.51	0.51	0	0	0.41
73900	0.41	0.51	0.51	0	0	0.41
74000	0.41	0.51	0.51	0	0	0.41
74100	0.41	0.51	0.51	0	0	0.41
74200	0.41	0.51	0.51	0	0	0.41
74300	0.41	0.5	0.5	0	0	0.41
74400	0.41	0.5	0.5	0	0	0.41
74500	0.41	0.5	0.5	0	0	0.41
74600	0.4	0.51	0.51	0	0	0.4
74700	0.4	0.51	0.51	0	0	0.4
74800	0.4	0.51	0.51	0	0	0.4
74900	0.4	0.51	0.51	0	0	0.4
75000	0.4	0.51	0.51	0	0	0.4
75100	0.4	0.51	0.51	0	0	0.4
75200	0.4	0.51	0.51	0	0	0.4
75300	0.4	0.51	0.51	0	0	0.4
75400	0.4	0.51	0.51	0	0	0.4
75500	0.4	0.51	0.51	0	0	0.4
75600	0.4	0.51	0.51	0	0	0.4
75700	0.4	0.51	0.51	0	0	0.4
75800	0.4	0.51	0.51	0	0	0.4
75900	0.4	0.51	0.51	0	0	0.4
76000	0.4	0.51	0.51	0	0	0.4
76100	0.4	0.51	0.51	0	0	0.4
76200	0.4	0.5	0.5	0	0	0.4
76300	0.4	0.51	0.51	0	0	0.4
76400	0.4	0.51	0.51	0	0	0.4
76500	0.4	0.51	0.51	0	0	0.4
76600	0.4	0.51	0.51	0	0	0.4
76700	0.4	0.51	0.51	0	0	0.4
76800	0.4	0.51	0.51	0	0	0.4
76900	0.4	0.51	0.51	0	0	0.4
77000	0.4	0.51	0.51	0	0	0.4
77100	0.4	0.51	0.51	0	0	0.4
77200	0.4	0.51	0.51	0	0	0.4
77300	0.4	0.51	0.51	0	0	0.4
77400	0.4	0.52	0.52	0	0	0.4
77500	0.4	0.52	0.52	0	0	0.4
77600	0.4	0.52	0.52	0	0	0.4
77700	0.4	0.52	0.52	0	0	0.4
77800	0.4	0.52	0.52	0	0	0.4
77900	0.4	0.52	0.52	0	0	0.4
78000	0.4	0.52	0.52	0	0	0.4
78100	0.41	0.52	0.52	0	0	0.41
78200	0.41	0.52	0.52	0	0	0.41
78300	0.41	0.52	0.52	0	0	0.41
78400	0.41	0.52	0.52	0	0	0.41
78500	0.41	0.52	0.52	0	0	0.41
78600	0.41	0.52	0.52	0	0	0.41
78700	0.41	0.53	0.53	0	0	0.41
78800	0.41	0.52	0.52	0	0	0.41
78900	0.41	0.52	0.52	0	0	0.41
79000	0.41	0.52	0.52	0	0	0.41
79100	0.41	0.52	0.52	0	0	0.41
79200	0.41	0.52	0.52	0	0	0.41
79300	0.41	0.52	0.52	0	0	0.41
79400	0.41	0.52	0.52	0	0	0.41
79500	0.41	0.53	0.53	0	0	0.41
79600	0.41	0.53	0.53	0	0	0.41
79700	0.41	0.54	0.54	0	0	0.41
79800	0.41	0.54	0.54	0	0	0.41
79900	0.41	0.53	0.53	0	0	0.41
80000	0.41	0.53	0.53	0	0	0.41
80100	0.41	0.53	0.53	0	0	0.41
80200	0.41	0.53	0.53	0	0	0.41
80300	0.41	0.53	0.53	0	0	0.41
80400	0.41	0.53	0.53	0	0	0.41
80500	0.41	0.53	0.53	0	0	0.41
80600	0.41	0.53	0.53	0	0	0.41
80700	0.41	0.53	0.53	0	0	0.41
80800	0.41	0.53	0.53	0	0	0.41
80900	0.41	0.53	0.53	0	0	0.41
81000	0.41	0.53	0.53	0	0	0.41
81100	0.4	0.53	0.53	0	0	0.4
81200	0.4	0.53	0.53	0	0	0.4
81300	0.4	0.53	0.53	0	0	0.4
81400	0.4	0.53	0.53	0	0	0.4
81500	0.4	0.53	0.53	0	0	0.4
81600	0.4	0.53	0.53	0	0	0.4
81700	0.4	0.53	0.53	0	0	0.4
81800	0.4	0.53	0.53	0	0	0.4
81900	0.4	0.54	0.54	0	0	0.4
82000	0.4	0.54	0.54	0	0	0.4
82100	0.4	0.55	0.55	0	0	0.4
82200	0.4	0.54	0.54	0	0	0.4
82300	0.4	0.54	0.54	0	0	0.4
82400	0.4	0.54	0.54	0	0	0.4
82500	0.4	0.53	0.53	0	0	0.4
82600	0.4	0.53	0.53	0	0	0.4
82700	0.4	0.53	0.53	0	0	0.4
82800	0.4	0.52	0.52	0	0	0.4
82900	0.4	0.52	0.52	0	0	0.4
83000	0.41	0.52	0.52	0	0	0.41
83100	0.41	0.52	0.52	0	0	0.41
83200	0.41	0.52	0.52	0	0	0.41
83300	0.41	0.52	0.52	0	0	0.41
83400	0.41	0.52	0.52	0	0	0.41
83500	0.41	0.52	0.52	0	0	0.41
83600	0.41	0.52	0.52	0	0	0.41
83700	0.41	0.51	0.51	0	0	0.41
83800	0.41	0.51	0.51	0	0	0.41
83900	0.4	0.51	0.51	0	0	0.4
84000	0.4	0.51	0.51	0	0	0.4
84100	0.4	0.52	0.52	0	0	0.4
84200	0.4	0.52	0.52	0	0	0.4
84300	0.4	0.52	0.52	0	0	0.4
84400	0.4	0.51	0.51	0	0	0.4
84500	0.4	0.52	0.52	0	0	0.4
84600	0.4	0.52	0.52	0	0	0.4
84700	0.4	0.53	0.53	0	0	0.4
84800	0.4	0.53	0.53	0	0	0.4
84900	0.4	0.53	0.53	0	0	0.4
85000	0.4	0.53	0.53	0	0	0.4
85100	0.4	0.53	0.53	0	0	0.4
85200	0.41	0.53	0.53	0	0	0.41
85300	0.41	0.53	0.53	0	0	0.41
85400	0.41	0.53	0.53	0	0	0.41
85500	0.41	0.53	0.53	0	0	0.41
85600	0.41	0.53	0.53	0	0	0.41
85700	0.41	0.53	0.53	0	0	0.41
85800	0.41	0.54	0.54	0	0	0.41
85900	0.41	0.52	0.52	0	0	0.41
86000	0.4	0.52	0.52	0	0	0.4
86100	0.4	0.51	0.51	0	0	0.4
86200	0.4	0.51	0.51	0	0	0.4
86300	0.41	0.51	0.51	0	0	0.41
86400	0.41	0.51	0.51	0	0	0.41
86500	0.41	0.51	0.51	0	0	0.41
86600	0.41	0.51	0.51	0	0	0.41
86700	0.41	0.51	0.51	0	0	0.41
86800	0.41	0.5	0.5	0	0	0.41
86900	0.41	0.5	0.5	0	0	0.41
87000	0.41	0.5	0.5	0	0	0.41
87100	0.41	0.5	0.5	0	0	0.41
87200	0.41	0.5	0.5	0	0	0.41
87300	0.41	0.5	0.5	0	0	0.41
87400	0.41	0.5	0.5	0	0	0.41
87500	0.41	0.5	0.5	0	0	0.41
87600	0.41	0.5	0.5	0	0	0.41
87700	0.41	0.5	0.5	0	0	0.41
87800	0.42	0.5	0.5	0	0	0.42
87900	0.42	0.51	0.51	0	0	0.42
88000	0.42	0.51	0.51	0	0	0.42
88100	0.42	0.51	0.51	0	0	0.42
88200	0.42	0.51	0.51	0	0	0.42
88300	0.42	0.51	0.51	0	0	0.42
88400	0.42	0.51	0.51	0	0	0.42
88500	0.43	0.51	0.51	0	0	0.43
88600	0.43	0.5	0.5	0	0	0.43
88700	0.43	0.5	0.5	0	0	0.43
88800	0.43	0.5	0.5	0	0	0.43
88900	0.43	0.5	0.5	0	0	0.43
89000	0.44	0.5	0.5	0	0	0.44
89100	0.44	0.5	0.5	0	0	0.44
89200	0.44	0.5	0.5	0	0	0.44
89300	0.44	0.5	0.5	0	0	0.44
89400	0.44	0.5	0.5	0	0	0.44
89500	0.44	0.5	0.5	0	0	0.44
89600	0.44	0.5	0.5	0	0	0.44
89700	0.44	0.5	0.5	0	0	0.44
89800	0.44	0.5	0.5	0	0	0.44
89900	0.44	0.5	0.5	0	0	0.44
90000	0.44	0.5	0.5	0	0	0.44
90100	0.44	0.5	0.5	0	0	0.44
90200	0.44	0.5	0.5	0	0	0.44
90300	0.44	0.5	0.5	0	0	0.44
90400	0.44	0.5	0.5	0	0	0.44
90500	0.44	0.5	0.5	0	0	0.44
90600	0.44	0.5	0.5	0	0	0.44
90700	0.44	0.5	0.5	0	0	0.44
90800	0.44	0.5	0.5	0	0	0.44
90900	0.44	0.5	0.5	0	0	0.44
91000	0.44	0.5	0.5	0	0	0.44
91100	0.44	0.5	0.5	0	0	0.44
91200	0.44	0.5	0.5	0	0	0.44
91300	0.44	0.5	0.5	0	0	0.44
91400	0.44	0.5	0.5	0	0	0.44
91500	0.44	0.5	0.5	0	0	0.44
91600	0.45	0.5	0.5	0	0	0.45
91700	0.44	0.5	0.5	0	0	0.44
91800	0.44	0.51	0.51	0	0	0.44
91900	0.43	0.51	0.51	0	0	0.43
92000	0.43	0.51	0.51	0	0	0.43
92100	0.43	0.51	0.51	0	0	0.43
92200	0.43	0.51	0.51	0	0	0.43
92300	0.43	0.51	0.51	0	0	0.43
92400	0.43	0.51	0.51	0	0	0.43
92500	0.44	0.51	0.51	0	0	0.44
92600	0.44	0.51	0.51	0	0	0.44
92700	0.45	0.51	0.51	0	0	0.45
92800	0.45	0.51	0.51	0	0	0.45
92900	0.45	0.51	0.51	0	0	0.45
93000	0.45	0.51	0.51	0	0	0.45
93100	0.44	0.51	0.51	0	0	0.44
93200	0.44	0.51	0.51	0	0	0.44
93300	0.44	0.51	0.51	0	0	0.44
93400	0.44	0.51	0.51	0	0	0.44
93500	0.44	0.51	0.51	0	0	0.44
93600	0.44	0.51	0.51	0	0	0.44
93700	0.44	0.51	0.51	0	0	0.44
93800	0.44	0.51	0.51	0	0	0.44
93900	0.44	0.51	0.51	0	0	0.44
94000	0.44	0.52	0.52	0	0	0.44
94100	0.44	0.52	0.52	0	0	0.44
94200	0.44	0.52	0.52	0	0	0.44
94300	0.44	0.52	0.52	0	0	0.44
94400	0.45	0.52	0.52	0	0	0.45
94500	0.46	0.52	0.52	0	0	0.46
94600	0.46	0.52	0.52	0	0	0.46
94700	0.46	0.52	0.52	0	0	0.46
94800	0.46	0.52	0.52	0	0	0.46
94900	0.46	0.52	0.52	0	0	0.46
95000	0.46	0.52	0.52	0	0	0.46
95100	0.46	0.52	0.52	0	0	0.46
95200	0.46	0.52	0.52	0	0	0.46
95300	0.46	0.52	0.52	0	0	0.46
95400	0.45	0.52	0.52	0	0	0.45
95500	0.44	0.52	0.52	0	0	0.44
95600	0.44	0.51	0.51	0	0	0.44
95700	0.44	0.51	0.51	0	0	0.44
95800	0.44	0.51	0.51	0	0	0.44
95900	0.44	0.51	0.51	0	0	0.44
96000	0.44	0.51	0.51	0	0	0.44
96100	0.44	0.51	0.51	0	0	0.44
96200	0.44	0.51	0.51	0	0	0.44
96300	0.43	0.51	0.51	0	0	0.43
96400	0.42	0.5	0.5	0	0	0.42
96500	0.42	0.5	0.5	0	0	0.42
96600	0.42	0.51	0.51	0	0	0.42
96700	0.42	0.51	0.51	0	0	0.42
96800	0.42	0.51	0.51	0	0	0.42
96900	0.42	0.51	0.51	0	0	0.42
97000	0.42	0.51	0.51	0	0	0.42
97100	0.42	0.51	0.51	0	0	0.42
97200	0.42	0.51	0.51	0	0	0.42
97300	0.42	0.51	0.51	0	0	0.42
97400	0.42	0.51	0.51	0	0	0.42
97500	0.42	0.51	0.51	0	0	0.42
97600	0.42	0.51	0.51	0	0	0.42
97700	0.42	0.51	0.51	0	0	0.42
97800	0.42	0.51	0.51	0	0	0.42
97900	0.42	0.51	0.51	0	0	0.42
98000	0.42	0.51	0.51	0	0	0.42
98100	0.42	0.51	0.51	0	0	0.42
98200	0.42	0.51	0.51	0	0	0.42
98300	0.42	0.51	0.51	0	0	0.42
98400	0.42	0.51	0.51	0	0	0.42
98500	0.42	0.51	0.51	0	0	0.42
98600	0.43	0.51	0.51	0	0	0.43
98700	0.43	0.51	0.51	0	0	0.43
98800	0.43	0.51	0.51	0	0	0.43
98900	0.44	0.51	0.51	0	0	0.44
99000	0.44	0.5	0.5	0	0	0.44
99100	0.45	0.5	0.5	0	0	0.45
99200	0.45	0.5	0.5	0	0	0.45
99300	0.45	0.5	0.5	0	0	0.45
99400	0.45	0.5	0.5	0	0	0.45
99500	0.45	0.5	0.5	0	0	0.45
99600	0.45	0.5	0.5	0	0	0.45
99700	0.45	0.51	0.51	0	0	0.45
99800	0.45	0.51	0.51	0	0	0.45
99900	0.45	0.51	0.51	0	0	0.45
100000	0.45	0.5	0.5	0	0	0.45
