100	0.13	0.09	0.09	0	0	0.13
200	0.15	0.12	0.12	0	0	0.15
300	0.16	0.13	0.13	0	0	0.16
400	0.19	0.14	0.14	0	0	0.19
500	0.2	0.16	0.16	0	0	0.2
600	0.2	0.17	0.17	0	0	0.2
700	0.21	0.18	0.18	0	0	0.21
800	0.21	0.18	0.18	0	0	0.21
900	0.21	0.18	0.18	0	0	0.21
1000	0.21	0.18	0.18	0	0	0.21
1100	0.21	0.18	0.18	0	0	0.21
1200	0.21	0.18	0.18	0	0	0.21
1300	0.23	0.19	0.19	0	0	0.23
1400	0.23	0.2	0.2	0	0	0.23
1500	0.23	0.26	0.26	0	0	0.23
1600	0.24	0.28	0.28	0	0	0.24
1700	0.23	0.27	0.27	0	0	0.23
1800	0.24	0.27	0.27	0	0	0.24
1900	0.25	0.3	0.3	0	0	0.25
2000	0.26	0.31	0.31	0	0	0.26
2100	0.26	0.31	0.31	0	0	0.26
2200	0.26	0.32	0.32	0	0	0.26
2300	0.27	0.32	0.32	0	0	0.27
2400	0.27	0.32	0.32	0	0	0.27
2500	0.27	0.32	0.32	0	0	0.27
2600	0.27	0.32	0.32	0	0	0.27
2700	0.28	0.32	0.32	0	0	0.28
2800	0.28	0.32	0.32	0	0	0.28
2900	0.28	0.33	0.33	0	0	0.28
3000	0.29	0.33	0.33	0	0	0.29
3100	0.31	0.33	0.33	0	0	0.31
3200	0.31	0.34	0.34	0	0	0.31
3300	0.32	0.33	0.33	0	0	0.32
3400	0.32	0.34	0.34	0	0	0.32
3500	0.32	0.33	0.33	0	0	0.32
3600	0.31	0.33	0.33	0	0	0.31
3700	0.32	0.34	0.34	0	0	0.32
3800	0.32	0.34	0.34	0	0	0.32
3900	0.32	0.34	0.34	0	0	0.32
4000	0.34	0.34	0.34	0	0	0.34
4100	0.34	0.34	0.34	0	0	0.34
4200	0.36	0.34	0.34	0	0	0.36
4300	0.36	0.34	0.34	0	0	0.36
4400	0.36	0.35	0.35	0	0	0.36
4500	0.35	0.38	0.38	0	0	0.35
4600	0.35	0.39	0.39	0	0	0.35
4700	0.36	0.38	0.38	0	0	0.36
4800	0.36	0.37	0.37	0	0	0.36
4900	0.36	0.37	0.37	0	0	0.36
5000	0.36	0.37	0.37	0	0	0.36
5100	0.36	0.36	0.36	0	0	0.36
5200	0.36	0.36	0.36	0	0	0.36
5300	0.37	0.36	0.36	0	0	0.37
5400	0.36	0.36	0.36	0	0	0.36
5500	0.37	0.34	0.34	0	0	0.37
5600	0.37	0.34	0.34	0	0	0.37
5700	0.38	0.34	0.34	0	0	0.38
5800	0.38	0.34	0.34	0	0	0.38
5900	0.39	0.36	0.36	0	0	0.39
6000	0.4	0.36	0.36	0	0	0.4
6100	0.4	0.37	0.37	0	0	0.4
6200	0.41	0.37	0.37	0	0	0.41
6300	0.41	0.37	0.37	0	0	0.41
6400	0.41	0.37	0.37	0	0	0.41
6500	0.42	0.38	0.38	0	0	0.42
6600	0.42	0.38	0.38	0	0	0.42
6700	0.42	0.39	0.39	0	0	0.42
6800	0.42	0.39	0.39	0	0	0.42
6900	0.42	0.38	0.38	0	0	0.42
7000	0.43	0.39	0.39	0	0	0.43
7100	0.42	0.39	0.39	0	0	0.42
7200	0.41	0.39	0.39	0	0	0.41
7300	0.41	0.39	0.39	0	0	0.41
7400	0.41	0.39	0.39	0	0	0.41
7500	0.41	0.4	0.4	0	0	0.41
7600	0.41	0.4	0.4	0	0	0.41
7700	0.41	0.41	0.41	0	0	0.41
7800	0.41	0.39	0.39	0	0	0.41
7900	0.41	0.39	0.39	0	0	0.41
8000	0.41	0.39	0.39	0	0	0.41
8100	0.4	0.38	0.38	0	0	0.4
8200	0.39	0.38	0.38	0	0	0.39
8300	0.39	0.38	0.38	0	0	0.39
8400	0.39	0.38	0.38	0	0	0.39
8500	0.39	0.38	0.38	0	0	0.39
8600	0.4	0.38	0.38	0	0	0.4
8700	0.41	0.38	0.38	0	0	0.41
8800	0.41	0.39	0.39	0	0	0.41
8900	0.41	0.39	0.39	0	0	0.41
9000	0.41	0.41	0.41	0	0	0.41
9100	0.4	0.42	0.42	0	0	0.4
9200	0.4	0.41	0.41	0	0	0.4
9300	0.4	0.43	0.43	0	0	0.4
9400	0.4	0.43	0.43	0	0	0.4
9500	0.4	0.43	0.43	0	0	0.4
9600	0.4	0.43	0.43	0	0	0.4
9700	0.41	0.43	0.43	0	0	0.41
9800	0.42	0.43	0.43	0	0	0.42
9900	0.41	0.43	0.43	0	0	0.41
10000	0.41	0.43	0.43	0	0	0.41
10100	0.41	0.43	0.43	0	0	0.41
10200	0.41	0.42	0.42	0	0	0.41
10300	0.4	0.42	0.42	0	0	0.4
10400	0.4	0.42	0.42	0	0	0.4
10500	0.4	0.43	0.43	0	0	0.4
10600	0.4	0.43	0.43	0	0	0.4
10700	0.41	0.44	0.44	0	0	0.41
10800	0.41	0.43	0.43	0	0	0.41
10900	0.42	0.43	0.43	0	0	0.42
11000	0.42	0.43	0.43	0	0	0.42
11100	0.42	0.43	0.43	0	0	0.42
11200	0.43	0.43	0.43	0	0	0.43
11300	0.43	0.44	0.44	0	0	0.43
11400	0.43	0.45	0.45	0	0	0.43
11500	0.43	0.46	0.46	0	0	0.43
11600	0.43	0.45	0.45	0	0	0.43
11700	0.43	0.45	0.45	0	0	0.43
11800	0.42	0.45	0.45	0	0	0.42
11900	0.42	0.45	0.45	0	0	0.42
12000	0.43	0.45	0.45	0	0	0.43
12100	0.42	0.45	0.45	0	0	0.42
12200	0.42	0.45	0.45	0	0	0.42
12300	0.42	0.45	0.45	0	0	0.42
12400	0.41	0.44	0.44	0	0	0.41
12500	0.41	0.43	0.43	0	0	0.41
12600	0.41	0.43	0.43	0	0	0.41
12700	0.41	0.44	0.44	0	0	0.41
12800	0.4	0.44	0.44	0	0	0.4
12900	0.4	0.44	0.44	0	0	0.4
13000	0.4	0.44	0.44	0	0	0.4
13100	0.4	0.45	0.45	0	0	0.4
13200	0.38	0.45	0.45	0	0	0.38
13300	0.38	0.44	0.44	0	0	0.38
13400	0.38	0.44	0.44	0	0	0.38
13500	0.38	0.44	0.44	0	0	0.38
13600	0.38	0.44	0.44	0	0	0.38
13700	0.38	0.44	0.44	0	0	0.38
13800	0.38	0.42	0.42	0	0	0.38
13900	0.38	0.41	0.41	0	0	0.38
14000	0.38	0.41	0.41	0	0	0.38
14100	0.38	0.41	0.41	0	0	0.38
14200	0.38	0.41	0.41	0	0	0.38
14300	0.38	0.41	0.41	0	0	0.38
14400	0.38	0.41	0.41	0	0	0.38
14500	0.38	0.4	0.4	0	0	0.38
14600	0.38	0.4	0.4	0	0	0.38
14700	0.38	0.4	0.4	0	0	0.38
14800	0.39	0.4	0.4	0	0	0.39
14900	0.39	0.4	0.4	0	0	0.39
15000	0.39	0.4	0.4	0	0	0.39
15100	0.39	0.4	0.4	0	0	0.39
15200	0.4	0.4	0.4	0	0	0.4
15300	0.4	0.4	0.4	0	0	0.4
15400	0.4	0.4	0.4	0	0	0.4
15500	0.4	0.4	0.4	0	0	0.4
15600	0.4	0.4	0.4	0	0	0.4
15700	0.4	0.4	0.4	0	0	0.4
15800	0.41	0.4	0.4	0	0	0.41
15900	0.41	0.4	0.4	0	0	0.41
16000	0.41	0.4	0.4	0	0	0.41
16100	0.41	0.4	0.4	0	0	0.41
16200	0.42	0.41	0.41	0	0	0.42
16300	0.42	0.41	0.41	0	0	0.42
16400	0.42	0.41	0.41	0	0	0.42
16500	0.44	0.42	0.42	0	0	0.44
16600	0.43	0.41	0.41	0	0	0.43
16700	0.43	0.41	0.41	0	0	0.43
16800	0.43	0.41	0.41	0	0	0.43
16900	0.43	0.41	0.41	0	0	0.43
17000	0.43	0.41	0.41	0	0	0.43
17100	0.43	0.41	0.41	0	0	0.43
17200	0.43	0.41	0.41	0	0	0.43
17300	0.43	0.41	0.41	0	0	0.43
17400	0.43	0.41	0.41	0	0	0.43
17500	0.43	0.41	0.41	0	0	0.43
17600	0.43	0.41	0.41	0	0	0.43
17700	0.42	0.44	0.44	0	0	0.42
17800	0.42	0.44	0.44	0	0	0.42
17900	0.42	0.44	0.44	0	0	0.42
18000	0.42	0.44	0.44	0	0	0.42
18100	0.42	0.44	0.44	0	0	0.42
18200	0.42	0.44	0.44	0	0	0.42
18300	0.42	0.44	0.44	0	0	0.42
18400	0.42	0.44	0.44	0	0	0.42
18500	0.42	0.44	0.44	0	0	0.42
18600	0.41	0.44	0.44	0	0	0.41
18700	0.41	0.44	0.44	0	0	0.41
18800	0.4	0.44	0.44	0	0	0.4
18900	0.4	0.44	0.44	0	0	0.4
19000	0.4	0.44	0.44	0	0	0.4
19100	0.4	0.44	0.44	0	0	0.4
19200	0.41	0.43	0.43	0	0	0.41
19300	0.41	0.43	0.43	0	0	0.41
19400	0.42	0.43	0.43	0	0	0.42
19500	0.43	0.42	0.42	0	0	0.43
19600	0.44	0.42	0.42	0	0	0.44
19700	0.45	0.42	0.42	0	0	0.45
19800	0.45	0.42	0.42	0	0	0.45
19900	0.45	0.42	0.42	0	0	0.45
20000	0.44	0.42	0.42	0	0	0.44
20100	0.44	0.42	0.42	0	0	0.44
20200	0.44	0.42	0.42	0	0	0.44
20300	0.44	0.42	0.42	0	0	0.44
20400	0.45	0.42	0.42	0	0	0.45
20500	0.44	0.42	0.42	0	0	0.44
20600	0.44	0.42	0.42	0	0	0.44
20700	0.44	0.42	0.42	0	0	0.44
20800	0.44	0.42	0.42	0	0	0.44
20900	0.44	0.42	0.42	0	0	0.44
21000	0.43	0.42	0.42	0	0	0.43
21100	0.42	0.43	0.43	0	0	0.42
21200	0.43	0.43	0.43	0	0	0.43
21300	0.43	0.43	0.43	0	0	0.43
21400	0.44	0.43	0.43	0	0	0.44
21500	0.44	0.43	0.43	0	0	0.44
21600	0.44	0.44	0.44	0	0	0.44
21700	0.44	0.44	0.44	0	0	0.44
21800	0.44	0.44	0.44	0	0	0.44
21900	0.44	0.44	0.44	0	0	0.44
22000	0.44	0.44	0.44	0	0	0.44
22100	0.44	0.44	0.44	0	0	0.44
22200	0.44	0.44	0.44	0	0	0.44
22300	0.44	0.44	0.44	0	0	0.44
22400	0.44	0.44	0.44	0	0	0.44
22500	0.45	0.44	0.44	0	0	0.45
22600	0.45	0.43	0.43	0	0	0.45
22700	0.44	0.43	0.43	0	0	0.44
22800	0.44	0.43	0.43	0	0	0.44
22900	0.44	0.44	0.44	0	0	0.44
23000	0.44	0.44	0.44	0	0	0.44
23100	0.44	0.44	0.44	0	0	0.44
23200	0.45	0.44	0.44	0	0	0.45
23300	0.46	0.43	0.43	0	0	0.46
23400	0.46	0.43	0.43	0	0	0.46
23500	0.47	0.43	0.43	0	0	0.47
23600	0.47	0.43	0.43	0	0	0.47
23700	0.47	0.43	0.43	0	0	0.47
23800	0.47	0.43	0.43	0	0	0.47
23900	0.47	0.44	0.44	0	0	0.47
24000	0.47	0.44	0.44	0	0	0.47
24100	0.46	0.44	0.44	0	0	0.46
24200	0.46	0.44	0.44	0	0	0.46
24300	0.46	0.44	0.44	0	0	0.46
24400	0.46	0.44	0.44	0	0	0.46
24500	0.46	0.44	0.44	0	0	0.46
24600	0.46	0.44	0.44	0	0	0.46
24700	0.46	0.44	0.44	0	0	0.46
24800	0.46	0.44	0.44	0	0	0.46
24900	0.46	0.44	0.44	0	0	0.46
25000	0.46	0.44	0.44	0	0	0.46
25100	0.46	0.44	0.44	0	0	0.46
25200	0.46	0.44	0.44	0	0	0.46
25300	0.47	0.44	0.44	0	0	0.47
25400	0.47	0.44	0.44	0	0	0.47
25500	0.48	0.44	0.44	0	0	0.48
25600	0.46	0.44	0.44	0	0	0.46
25700	0.45	0.44	0.44	0	0	0.45
25800	0.45	0.44	0.44	0	0	0.45
25900	0.45	0.44	0.44	0	0	0.45
26000	0.45	0.44	0.44	0	0	0.45
26100	0.45	0.44	0.44	0	0	0.45
26200	0.45	0.44	0.44	0	0	0.45
26300	0.45	0.45	0.45	0	0	0.45
26400	0.45	0.45	0.45	0	0	0.45
26500	0.45	0.45	0.45	0	0	0.45
26600	0.45	0.46	0.46	0	0	0.45
26700	0.45	0.45	0.45	0	0	0.45
26800	0.45	0.45	0.45	0	0	0.45
26900	0.45	0.45	0.45	0	0	0.45
27000	0.45	0.44	0.44	0	0	0.45
27100	0.45	0.44	0.44	0	0	0.45
27200	0.45	0.44	0.44	0	0	0.45
27300	0.45	0.44	0.44	0	0	0.45
27400	0.46	0.44	0.44	0	0	0.46
27500	0.46	0.44	0.44	0	0	0.46
27600	0.46	0.44	0.44	0	0	0.46
27700	0.46	0.44	0.44	0	0	0.46
27800	0.46	0.44	0.44	0	0	0.46
27900	0.46	0.43	0.43	0	0	0.46
28000	0.46	0.43	0.43	0	0	0.46
28100	0.46	0.43	0.43	0	0	0.46
28200	0.46	0.44	0.44	0	0	0.46
28300	0.46	0.44	0.44	0	0	0.46
28400	0.46	0.44	0.44	0	0	0.46
28500	0.46	0.44	0.44	0	0	0.46
28600	0.46	0.44	0.44	0	0	0.46
28700	0.46	0.45	0.45	0	0	0.46
28800	0.46	0.45	0.45	0	0	0.46
28900	0.46	0.45	0.45	0	0	0.46
29000	0.46	0.45	0.45	0	0	0.46
29100	0.46	0.45	0.45	0	0	0.46
29200	0.46	0.45	0.45	0	0	0.46
29300	0.46	0.45	0.45	0	0	0.46
29400	0.46	0.45	0.45	0	0	0.46
29500	0.46	0.45	0.45	0	0	0.46
29600	0.46	0.45	0.45	0	0	0.46
29700	0.46	0.45	0.45	0	0	0.46
29800	0.46	0.45	0.45	0	0	0.46
29900	0.46	0.45	0.45	0	0	0.46
30000	0.46	0.46	0.46	0	0	0.46
30100	0.46	0.46	0.46	0	0	0.46
30200	0.46	0.46	0.46	0	0	0.46
30300	0.46	0.46	0.46	0	0	0.46
30400	0.46	0.46	0.46	0	0	0.46
30500	0.46	0.46	0.46	0	0	0.46
30600	0.46	0.46	0.46	0	0	0.46
30700	0.46	0.46	0.46	0	0	0.46
30800	0.46	0.46	0.46	0	0	0.46
30900	0.45	0.46	0.46	0	0	0.45
31000	0.44	0.45	0.45	0	0	0.44
31100	0.44	0.45	0.45	0	0	0.44
31200	0.43	0.45	0.45	0	0	0.43
31300	0.43	0.45	0.45	0	0	0.43
31400	0.43	0.44	0.44	0	0	0.43
31500	0.43	0.44	0.44	0	0	0.43
31600	0.43	0.44	0.44	0	0	0.43
31700	0.42	0.44	0.44	0	0	0.42
31800	0.42	0.44	0.44	0	0	0.42
31900	0.42	0.43	0.43	0	0	0.42
32000	0.42	0.43	0.43	0	0	0.42
32100	0.43	0.43	0.43	0	0	0.43
32200	0.43	0.43	0.43	0	0	0.43
32300	0.43	0.44	0.44	0	0	0.43
32400	0.43	0.44	0.44	0	0	0.43
32500	0.44	0.44	0.44	0	0	0.44
32600	0.44	0.44	0.44	0	0	0.44
32700	0.44	0.44	0.44	0	0	0.44
32800	0.44	0.44	0.44	0	0	0.44
32900	0.43	0.44	0.44	0	0	0.43
33000	0.43	0.44	0.44	0	0	0.43
33100	0.43	0.44	0.44	0	0	0.43
33200	0.43	0.44	0.44	0	0	0.43
33300	0.43	0.44	0.44	0	0	0.43
33400	0.43	0.45	0.45	0	0	0.43
33500	0.43	0.44	0.44	0	0	0.43
33600	0.43	0.43	0.43	0	0	0.43
33700	0.43	0.43	0.43	0	0	0.43
33800	0.43	0.44	0.44	0	0	0.43
33900	0.43	0.44	0.44	0	0	0.43
34000	0.43	0.44	0.44	0	0	0.43
34100	0.43	0.44	0.44	0	0	0.43
34200	0.43	0.44	0.44	0	0	0.43
34300	0.43	0.44	0.44	0	0	0.43
34400	0.43	0.44	0.44	0	0	0.43
34500	0.43	0.44	0.44	0	0	0.43
34600	0.43	0.44	0.44	0	0	0.43
34700	0.43	0.44	0.44	0	0	0.43
34800	0.43	0.44	0.44	0	0	0.43
34900	0.43	0.44	0.44	0	0	0.43
35000	0.43	0.44	0.44	0	0	0.43
35100	0.43	0.44	0.44	0	0	0.43
35200	0.43	0.44	0.44	0	0	0.43
35300	0.43	0.44	0.44	0	0	0.43
35400	0.43	0.44	0.44	0	0	0.43
35500	0.43	0.44	0.44	0	0	0.43
35600	0.43	0.44	0.44	0	0	0.43
35700	0.43	0.45	0.45	0	0	0.43
35800	0.43	0.45	0.45	0	0	0.43
35900	0.43	0.45	0.45	0	0	0.43
36000	0.43	0.46	0.46	0	0	0.43
36100	0.43	0.46	0.46	0	0	0.43
36200	0.44	0.46	0.46	0	0	0.44
36300	0.44	0.46	0.46	0	0	0.44
36400	0.43	0.46	0.46	0	0	0.43
36500	0.43	0.46	0.46	0	0	0.43
36600	0.44	0.45	0.45	0	0	0.44
36700	0.44	0.46	0.46	0	0	0.44
36800	0.43	0.45	0.45	0	0	0.43
36900	0.43	0.45	0.45	0	0	0.43
37000	0.43	0.45	0.45	0	0	0.43
37100	0.43	0.45	0.45	0	0	0.43
37200	0.43	0.45	0.45	0	0	0.43
37300	0.43	0.45	0.45	0	0	0.43
37400	0.44	0.45	0.45	0	0	0.44
37500	0.44	0.45	0.45	0	0	0.44
37600	0.44	0.45	0.45	0	0	0.44
37700	0.43	0.45	0.45	0	0	0.43
37800	0.43	0.44	0.44	0	0	0.43
37900	0.43	0.43	0.43	0	0	0.43
38000	0.42	0.43	0.43	0	0	0.42
38100	0.43	0.43	0.43	0	0	0.43
38200	0.43	0.43	0.43	0	0	0.43
38300	0.43	0.43	0.43	0	0	0.43
38400	0.43	0.43	0.43	0	0	0.43
38500	0.42	0.43	0.43	0	0	0.42
38600	0.42	0.43	0.43	0	0	0.42
38700	0.42	0.44	0.44	0	0	0.42
38800	0.43	0.44	0.44	0	0	0.43
38900	0.43	0.44	0.44	0	0	0.43
39000	0.43	0.44	0.44	0	0	0.43
39100	0.43	0.44	0.44	0	0	0.43
39200	0.44	0.43	0.43	0	0	0.44
39300	0.44	0.43	0.43	0	0	0.44
39400	0.44	0.43	0.43	0	0	0.44
39500	0.44	0.43	0.43	0	0	0.44
39600	0.44	0.43	0.43	0	0	0.44
39700	0.44	0.43	0.43	0	0	0.44
39800	0.44	0.43	0.43	0	0	0.44
39900	0.44	0.43	0.43	0	0	0.44
40000	0.44	0.43	0.43	0	0	0.44
40100	0.44	0.42	0.42	0	0	0.44
40200	0.44	0.42	0.42	0	0	0.44
40300	0.44	0.42	0.42	0	0	0.44
40400	0.44	0.42	0.42	0	0	0.44
40500	0.44	0.43	0.43	0	0	0.44
40600	0.44	0.43	0.43	0	0	0.44
40700	0.44	0.43	0.43	0	0	0.44
40800	0.44	0.43	0.43	0	0	0.44
40900	0.44	0.43	0.43	0	0	0.44
41000	0.44	0.44	0.44	0	0	0.44
41100	0.44	0.44	0.44	0	0	0.44
41200	0.44	0.44	0.44	0	0	0.44
41300	0.44	0.44	0.44	0	0	0.44
41400	0.44	0.44	0.44	0	0	0.44
41500	0.44	0.44	0.44	0	0	0.44
41600	0.44	0.44	0.44	0	0	0.44
41700	0.44	0.44	0.44	0	0	0.44
41800	0.44	0.43	0.43	0	0	0.44
41900	0.44	0.44	0.44	0	0	0.44
42000	0.44	0.44	0.44	0	0	0.44
42100	0.44	0.44	0.44	0	0	0.44
42200	0.45	0.44	0.44	0	0	0.45
42300	0.45	0.44	0.44	0	0	0.45
42400	0.45	0.44	0.44	0	0	0.45
42500	0.45	0.44	0.44	0	0	0.45
42600	0.45	0.44	0.44	0	0	0.45
42700	0.45	0.44	0.44	0	0	0.45
42800	0.45	0.44	0.44	0	0	0.45
42900	0.45	0.44	0.44	0	0	0.45
43000	0.45	0.44	0.44	0	0	0.45
43100	0.45	0.44	0.44	0	0	0.45
43200	0.45	0.44	0.44	0	0	0.45
43300	0.45	0.44	0.44	0	0	0.45
43400	0.45	0.44	0.44	0	0	0.45
43500	0.45	0.44	0.44	0	0	0.45
43600	0.45	0.44	0.44	0	0	0.45
43700	0.45	0.45	0.45	0	0	0.45
43800	0.45	0.45	0.45	0	0	0.45
43900	0.45	0.45	0.45	0	0	0.45
44000	0.45	0.45	0.45	0	0	0.45
44100	0.45	0.45	0.45	0	0	0.45
44200	0.44	0.45	0.45	0	0	0.44
44300	0.44	0.45	0.45	0	0	0.44
44400	0.44	0.46	0.46	0	0	0.44
44500	0.44	0.46	0.46	0	0	0.44
44600	0.44	0.46	0.46	0	0	0.44
44700	0.44	0.46	0.46	0	0	0.44
44800	0.44	0.46	0.46	0	0	0.44
44900	0.44	0.46	0.46	0	0	0.44
45000	0.44	0.47	0.47	0	0	0.44
45100	0.44	0.47	0.47	0	0	0.44
45200	0.44	0.48	0.48	0	0	0.44
45300	0.44	0.48	0.48	0	0	0.44
45400	0.44	0.49	0.49	0	0	0.44
45500	0.44	0.48	0.48	0	0	0.44
45600	0.44	0.48	0.48	0	0	0.44
45700	0.44	0.47	0.47	0	0	0.44
45800	0.44	0.47	0.47	0	0	0.44
45900	0.44	0.48	0.48	0	0	0.44
46000	0.44	0.48	0.48	0	0	0.44
46100	0.44	0.48	0.48	0	0	0.44
46200	0.44	0.48	0.48	0	0	0.44
46300	0.44	0.48	0.48	0	0	0.44
46400	0.44	0.47	0.47	0	0	0.44
46500	0.44	0.48	0.48	0	0	0.44
46600	0.44	0.47	0.47	0	0	0.44
46700	0.44	0.47	0.47	0	0	0.44
46800	0.44	0.47	0.47	0	0	0.44
46900	0.44	0.47	0.47	0	0	0.44
47000	0.44	0.47	0.47	0	0	0.44
47100	0.44	0.47	0.47	0	0	0.44
47200	0.44	0.47	0.47	0	0	0.44
47300	0.44	0.47	0.47	0	0	0.44
47400	0.44	0.47	0.47	0	0	0.44
47500	0.44	0.47	0.47	0	0	0.44
47600	0.43	0.47	0.47	0	0	0.43
47700	0.43	0.47	0.47	0	0	0.43
47800	0.43	0.47	0.47	0	0	0.43
47900	0.43	0.47	0.47	0	0	0.43
48000	0.43	0.47	0.47	0	0	0.43
48100	0.42	0.47	0.47	0	0	0.42
48200	0.42	0.47	0.47	0	0	0.42
48300	0.42	0.47	0.47	0	0	0.42
48400	0.42	0.47	0.47	0	0	0.42
48500	0.42	0.47	0.47	0	0	0.42
48600	0.42	0.47	0.47	0	0	0.42
48700	0.42	0.48	0.48	0	0	0.42
48800	0.42	0.48	0.48	0	0	0.42
48900	0.42	0.48	0.48	0	0	0.42
49000	0.43	0.48	0.48	0	0	0.43
49100	0.43	0.49	0.49	0	0	0.43
49200	0.43	0.49	0.49	0	0	0.43
49300	0.43	0.48	0.48	0	0	0.43
49400	0.43	0.48	0.48	0	0	0.43
49500	0.42	0.48	0.48	0	0	0.42
49600	0.42	0.48	0.48	0	0	0.42
49700	0.42	0.48	0.48	0	0	0.42
49800	0.42	0.49	0.49	0	0	0.42
49900	0.42	0.48	0.48	0	0	0.42
50000	0.42	0.48	0.48	0	0	0.42
50100	0.42	0.48	0.48	0	0	0.42
50200	0.42	0.48	0.48	0	0	0.42
50300	0.42	0.48	0.48	0	0	0.42
50400	0.42	0.48	0.48	0	0	0.42
50500	0.42	0.48	0.48	0	0	0.42
50600	0.42	0.48	0.48	0	0	0.42
50700	0.42	0.48	0.48	0	0	0.42
50800	0.41	0.48	0.48	0	0	0.41
50900	0.41	0.49	0.49	0	0	0.41
51000	0.41	0.49	0.49	0	0	0.41
51100	0.41	0.5	0.5	0	0	0.41
51200	0.41	0.5	0.5	0	0	0.41
51300	0.41	0.5	0.5	0	0	0.41
51400	0.41	0.5	0.5	0	0	0.41
51500	0.41	0.5	0.5	0	0	0.41
51600	0.41	0.5	0.5	0	0	0.41
51700	0.41	0.5	0.5	0	0	0.41
51800	0.41	0.5	0.5	0	0	0.41
51900	0.41	0.5	0.5	0	0	0.41
52000	0.41	0.5	0.5	0	0	0.41
52100	0.41	0.5	0.5	0	0	0.41
52200	0.41	0.5	0.5	0	0	0.41
52300	0.41	0.5	0.5	0	0	0.41
52400	0.42	0.5	0.5	0	0	0.42
52500	0.4	0.5	0.5	0	0	0.4
52600	0.4	0.5	0.5	0	0	0.4
52700	0.4	0.5	0.5	0	0	0.4
52800	0.4	0.5	0.5	0	0	0.4
52900	0.4	0.5	0.5	0	0	0.4
53000	0.4	0.5	0.5	0	0	0.4
53100	0.4	0.5	0.5	0	0	0.4
53200	0.4	0.5	0.5	0	0	0.4
53300	0.4	0.5	0.5	0	0	0.4
53400	0.4	0.5	0.5	0	0	0.4
53500	0.4	0.51	0.51	0	0	0.4
53600	0.4	0.5	0.5	0	0	0.4
53700	0.4	0.49	0.49	0	0	0.4
53800	0.4	0.49	0.49	0	0	0.4
53900	0.4	0.5	0.5	0	0	0.4
54000	0.4	0.5	0.5	0	0	0.4
54100	0.4	0.49	0.49	0	0	0.4
54200	0.4	0.49	0.49	0	0	0.4
54300	0.4	0.49	0.49	0	0	0.4
54400	0.4	0.49	0.49	0	0	0.4
54500	0.4	0.49	0.49	0	0	0.4
54600	0.4	0.49	0.49	0	0	0.4
54700	0.39	0.49	0.49	0	0	0.39
54800	0.39	0.49	0.49	0	0	0.39
54900	0.39	0.49	0.49	0	0	0.39
55000	0.39	0.49	0.49	0	0	0.39
55100	0.39	0.49	0.49	0	0	0.39
55200	0.39	0.49	0.49	0	0	0.39
55300	0.39	0.49	0.49	0	0	0.39
55400	0.39	0.49	0.49	0	0	0.39
55500	0.39	0.49	0.49	0	0	0.39
55600	0.39	0.49	0.49	0	0	0.39
55700	0.39	0.49	0.49	0	0	0.39
55800	0.39	0.49	0.49	0	0	0.39
55900	0.39	0.49	0.49	0	0	0.39
56000	0.39	0.49	0.49	0	0	0.39
56100	0.4	0.49	0.49	0	0	0.4
56200	0.4	0.49	0.49	0	0	0.4
56300	0.4	0.49	0.49	0	0	0.4
56400	0.4	0.5	0.5	0	0	0.4
56500	0.4	0.5	0.5	0	0	0.4
56600	0.4	0.51	0.51	0	0	0.4
56700	0.4	0.5	0.5	0	0	0.4
56800	0.4	0.5	0.5	0	0	0.4
56900	0.4	0.5	0.5	0	0	0.4
57000	0.4	0.5	0.5	0	0	0.4
57100	0.4	0.5	0.5	0	0	0.4
57200	0.4	0.5	0.5	0	0	0.4
57300	0.4	0.5	0.5	0	0	0.4
57400	0.4	0.5	0.5	0	0	0.4
57500	0.4	0.5	0.5	0	0	0.4
57600	0.4	0.5	0.5	0	0	0.4
57700	0.4	0.5	0.5	0	0	0.4
57800	0.4	0.51	0.51	0	0	0.4
57900	0.4	0.51	0.51	0	0	0.4
58000	0.4	0.51	0.51	0	0	0.4
58100	0.4	0.52	0.52	0	0	0.4
58200	0.4	0.53	0.53	0	0	0.4
58300	0.4	0.53	0.53	0	0	0.4
58400	0.41	0.53	0.53	0	0	0.41
58500	0.4	0.53	0.53	0	0	0.4
58600	0.4	0.53	0.53	0	0	0.4
58700	0.4	0.53	0.53	0	0	0.4
58800	0.4	0.53	0.53	0	0	0.4
58900	0.4	0.54	0.54	0	0	0.4
59000	0.4	0.54	0.54	0	0	0.4
59100	0.4	0.54	0.54	0	0	0.4
59200	0.4	0.54	0.54	0	0	0.4
59300	0.4	0.54	0.54	0	0	0.4
59400	0.4	0.54	0.54	0	0	0.4
59500	0.4	0.54	0.54	0	0	0.4
59600	0.4	0.54	0.54	0	0	0.4
59700	0.4	0.54	0.54	0	0	0.4
59800	0.41	0.54	0.54	0	0	0.41
59900	0.41	0.53	0.53	0	0	0.41
60000	0.41	0.53	0.53	0	0	0.41
60100	0.41	0.53	0.53	0	0	0.41
60200	0.41	0.53	0.53	0	0	0.41
60300	0.41	0.53	0.53	0	0	0.41
60400	0.41	0.53	0.53	0	0	0.41
60500	0.41	0.53	0.53	0	0	0.41
60600	0.41	0.53	0.53	0	0	0.41
60700	0.41	0.53	0.53	0	0	0.41
60800	0.42	0.53	0.53	0	0	0.42
60900	0.42	0.53	0.53	0	0	0.42
61000	0.42	0.53	0.53	0	0	0.42
61100	0.41	0.53	0.53	0	0	0.41
61200	0.41	0.53	0.53	0	0	0.41
61300	0.41	0.53	0.53	0	0	0.41
61400	0.41	0.53	0.53	0	0	0.41
61500	0.41	0.53	0.53	0	0	0.41
61600	0.41	0.53	0.53	0	0	0.41
61700	0.41	0.53	0.53	0	0	0.41
61800	0.41	0.53	0.53	0	0	0.41
61900	0.41	0.53	0.53	0	0	0.41
62000	0.41	0.53	0.53	0	0	0.41
62100	0.41	0.53	0.53	0	0	0.41
62200	0.41	0.53	0.53	0	0	0.41
62300	0.41	0.53	0.53	0	0	0.41
62400	0.41	0.53	0.53	0	0	0.41
62500	0.41	0.53	0.53	0	0	0.41
62600	0.41	0.52	0.52	0	0	0.41
62700	0.41	0.52	0.52	0	0	0.41
62800	0.41	0.52	0.52	0	0	0.41
62900	0.41	0.52	0.52	0	0	0.41
63000	0.4	0.52	0.52	0	0	0.4
63100	0.4	0.52	0.52	0	0	0.4
63200	0.4	0.52	0.52	0	0	0.4
63300	0.4	0.52	0.52	0	0	0.4
63400	0.4	0.52	0.52	0	0	0.4
63500	0.4	0.52	0.52	0	0	0.4
63600	0.4	0.52	0.52	0	0	0.4
63700	0.4	0.52	0.52	0	0	0.4
63800	0.4	0.52	0.52	0	0	0.4
63900	0.4	0.52	0.52	0	0	0.4
64000	0.4	0.53	0.53	0	0	0.4
64100	0.4	0.53	0.53	0	0	0.4
64200	0.4	0.53	0.53	0	0	0.4
64300	0.41	0.53	0.53	0	0	0.41
64400	0.41	0.53	0.53	0	0	0.41
64500	0.41	0.54	0.54	0	0	0.41
64600	0.41	0.54	0.54	0	0	0.41
64700	0.41	0.54	0.54	0	0	0.41
64800	0.41	0.54	0.54	0	0	0.41
64900	0.41	0.54	0.54	0	0	0.41
65000	0.41	0.54	0.54	0	0	0.41
65100	0.41	0.54	0.54	0	0	0.41
65200	0.41	0.54	0.54	0	0	0.41
65300	0.41	0.54	0.54	0	0	0.41
65400	0.41	0.54	0.54	0	0	0.41
65500	0.41	0.54	0.54	0	0	0.41
65600	0.41	0.54	0.54	0	0	0.41
65700	0.41	0.55	0.55	0	0	0.41
65800	0.41	0.55	0.55	0	0	0.41
65900	0.41	0.55	0.55	0	0	0.41
66000	0.41	0.55	0.55	0	0	0.41
66100	0.41	0.55	0.55	0	0	0.41
66200	0.41	0.55	0.55	0	0	0.41
66300	0.41	0.55	0.55	0	0	0.41
66400	0.41	0.55	0.55	0	0	0.41
66500	0.41	0.55	0.55	0	0	0.41
66600	0.41	0.55	0.55	0	0	0.41
66700	0.41	0.55	0.55	0	0	0.41
66800	0.41	0.55	0.55	0	0	0.41
66900	0.41	0.55	0.55	0	0	0.41
67000	0.41	0.55	0.55	0	0	0.41
67100	0.41	0.55	0.55	0	0	0.41
67200	0.41	0.55	0.55	0	0	0.41
67300	0.41	0.54	0.54	0	0	0.41
67400	0.41	0.53	0.53	0	0	0.41
67500	0.41	0.53	0.53	0	0	0.41
67600	0.41	0.53	0.53	0	0	0.41
67700	0.41	0.53	0.53	0	0	0.41
67800	0.41	0.53	0.53	0	0	0.41
67900	0.41	0.53	0.53	0	0	0.41
68000	0.41	0.53	0.53	0	0	0.41
68100	0.41	0.53	0.53	0	0	0.41
68200	0.41	0.53	0.53	0	0	0.41
68300	0.41	0.53	0.53	0	0	0.41
68400	0.41	0.53	0.53	0	0	0.41
68500	0.4	0.53	0.53	0	0	0.4
68600	0.4	0.53	0.53	0	0	0.4
68700	0.4	0.53	0.53	0	0	0.4
68800	0.4	0.53	0.53	0	0	0.4
68900	0.4	0.53	0.53	0	0	0.4
69000	0.4	0.53	0.53	0	0	0.4
69100	0.4	0.53	0.53	0	0	0.4
69200	0.4	0.53	0.53	0	0	0.4
69300	0.41	0.53	0.53	0	0	0.41
69400	0.41	0.53	0.53	0	0	0.41
69500	0.41	0.53	0.53	0	0	0.41
69600	0.41	0.53	0.53	0	0	0.41
69700	0.41	0.53	0.53	0	0	0.41
69800	0.41	0.53	0.53	0	0	0.41
69900	0.41	0.53	0.53	0	0	0.41
70000	0.41	0.53	0.53	0	0	0.41
70100	0.41	0.53	0.53	0	0	0.41
70200	0.41	0.53	0.53	0	0	0.41
70300	0.41	0.53	0.53	0	0	0.41
70400	0.41	0.54	0.54	0	0	0.41
70500	0.41	0.53	0.53	0	0	0.41
70600	0.41	0.53	0.53	0	0	0.41
70700	0.41	0.52	0.52	0	0	0.41
70800	0.41	0.52	0.52	0	0	0.41
70900	0.41	0.52	0.52	0	0	0.41
71000	0.41	0.52	0.52	0	0	0.41
71100	0.41	0.52	0.52	0	0	0.41
71200	0.41	0.52	0.52	0	0	0.41
71300	0.41	0.52	0.52	0	0	0.41
71400	0.41	0.52	0.52	0	0	0.41
71500	0.41	0.53	0.53	0	0	0.41
71600	0.41	0.53	0.53	0	0	0.41
71700	0.41	0.54	0.54	0	0	0.41
71800	0.41	0.54	0.54	0	0	0.41
71900	0.41	0.54	0.54	0	0	0.41
72000	0.41	0.53	0.53	0	0	0.41
72100	0.4	0.53	0.53	0	0	0.4
72200	0.4	0.54	0.54	0	0	0.4
72300	0.4	0.55	0.55	0	0	0.4
72400	0.4	0.55	0.55	0	0	0.4
72500	0.4	0.55	0.55	0	0	0.4
72600	0.4	0.55	0.55	0	0	0.4
72700	0.4	0.55	0.55	0	0	0.4
72800	0.4	0.55	0.55	0	0	0.4
72900	0.4	0.55	0.55	0	0	0.4
73000	0.4	0.55	0.55	0	0	0.4
73100	0.4	0.55	0.55	0	0	0.4
73200	0.4	0.54	0.54	0	0	0.4
73300	0.4	0.54	0.54	0	0	0.4
73400	0.39	0.53	0.53	0	0	0.39
73500	0.39	0.52	0.52	0	0	0.39
73600	0.39	0.52	0.52	0	0	0.39
73700	0.39	0.52	0.52	0	0	0.39
73800	0.39	0.51	0.51	0	0	0.39
73900	0.39	0.51	0.51	0	0	0.39
74000	0.38	0.51	0.51	0	0	0.38
74100	0.38	0.51	0.51	0	0	0.38
74200	0.38	0.51	0.51	0	0	0.38
74300	0.38	0.51	0.51	0	0	0.38
74400	0.38	0.51	0.51	0	0	0.38
74500	0.38	0.51	0.51	0	0	0.38
74600	0.38	0.51	0.51	0	0	0.38
74700	0.38	0.51	0.51	0	0	0.38
74800	0.38	0.51	0.51	0	0	0.38
74900	0.38	0.51	0.51	0	0	0.38
75000	0.38	0.51	0.51	0	0	0.38
75100	0.38	0.51	0.51	0	0	0.38
75200	0.38	0.51	0.51	0	0	0.38
75300	0.38	0.52	0.52	0	0	0.38
75400	0.38	0.52	0.52	0	0	0.38
75500	0.38	0.52	0.52	0	0	0.38
75600	0.38	0.52	0.52	0	0	0.38
75700	0.38	0.52	0.52	0	0	0.38
75800	0.38	0.52	0.52	0	0	0.38
75900	0.38	0.52	0.52	0	0	0.38
76000	0.38	0.52	0.52	0	0	0.38
76100	0.38	0.53	0.53	0	0	0.38
76200	0.38	0.53	0.53	0	0	0.38
76300	0.38	0.53	0.53	0	0	0.38
76400	0.38	0.53	0.53	0	0	0.38
76500	0.38	0.53	0.53	0	0	0.38
76600	0.38	0.53	0.53	0	0	0.38
76700	0.38	0.53	0.53	0	0	0.38
76800	0.38	0.53	0.53	0	0	0.38
76900	0.38	0.53	0.53	0	0	0.38
77000	0.38	0.53	0.53	0	0	0.38
77100	0.38	0.53	0.53	0	0	0.38
77200	0.38	0.53	0.53	0	0	0.38
77300	0.38	0.53	0.53	0	0	0.38
77400	0.38	0.53	0.53	0	0	0.38
77500	0.38	0.53	0.53	0	0	0.38
77600	0.38	0.53	0.53	0	0	0.38
77700	0.38	0.53	0.53	0	0	0.38
77800	0.38	0.53	0.53	0	0	0.38
77900	0.38	0.52	0.52	0	0	0.38
78000	0.37	0.53	0.53	0	0	0.37
78100	0.37	0.53	0.53	0	0	0.37
78200	0.37	0.53	0.53	0	0	0.37
78300	0.37	0.53	0.53	0	0	0.37
78400	0.37	0.52	0.52	0	0	0.37
78500	0.36	0.53	0.53	0	0	0.36
78600	0.36	0.54	0.54	0	0	0.36
78700	0.36	0.54	0.54	0	0	0.36
78800	0.36	0.54	0.54	0	0	0.36
78900	0.36	0.53	0.53	0	0	0.36
79000	0.36	0.53	0.53	0	0	0.36
79100	0.36	0.53	0.53	0	0	0.36
79200	0.36	0.53	0.53	0	0	0.36
79300	0.36	0.53	0.53	0	0	0.36
79400	0.36	0.53	0.53	0	0	0.36
79500	0.36	0.53	0.53	0	0	0.36
79600	0.37	0.53	0.53	0	0	0.37
79700	0.37	0.53	0.53	0	0	0.37
79800	0.37	0.53	0.53	0	0	0.37
79900	0.37	0.53	0.53	0	0	0.37
80000	0.37	0.53	0.53	0	0	0.37
80100	0.37	0.52	0.52	0	0	0.37
80200	0.37	0.52	0.52	0	0	0.37
80300	0.37	0.52	0.52	0	0	0.37
80400	0.37	0.52	0.52	0	0	0.37
80500	0.37	0.52	0.52	0	0	0.37
80600	0.37	0.52	0.52	0	0	0.37
80700	0.38	0.52	0.52	0	0	0.38
80800	0.38	0.52	0.52	0	0	0.38
80900	0.38	0.52	0.52	0	0	0.38
81000	0.38	0.52	0.52	0	0	0.38
81100	0.38	0.52	0.52	0	0	0.38
81200	0.38	0.52	0.52	0	0	0.38
81300	0.38	0.52	0.52	0	0	0.38
81400	0.38	0.52	0.52	0	0	0.38
81500	0.38	0.52	0.52	0	0	0.38
81600	0.38	0.52	0.52	0	0	0.38
81700	0.38	0.52	0.52	0	0	0.38
81800	0.38	0.52	0.52	0	0	0.38
81900	0.38	0.52	0.52	0	0	0.38
82000	0.38	0.52	0.52	0	0	0.38
82100	0.38	0.52	0.52	0	0	0.38
82200	0.38	0.52	0.52	0	0	0.38
82300	0.38	0.52	0.52	0	0	0.38
82400	0.38	0.52	0.52	0	0	0.38
82500	0.38	0.52	0.52	0	0	0.38
82600	0.38	0.52	0.52	0	0	0.38
82700	0.38	0.52	0.52	0	0	0.38
82800	0.38	0.52	0.52	0	0	0.38
82900	0.38	0.52	0.52	0	0	0.38
83000	0.38	0.52	0.52	0	0	0.38
83100	0.38	0.52	0.52	0	0	0.38
83200	0.38	0.52	0.52	0	0	0.38
83300	0.38	0.52	0.52	0	0	0.38
83400	0.38	0.52	0.52	0	0	0.38
83500	0.38	0.52	0.52	0	0	0.38
83600	0.38	0.52	0.52	0	0	0.38
83700	0.38	0.52	0.52	0	0	0.38
83800	0.38	0.52	0.52	0	0	0.38
83900	0.38	0.52	0.52	0	0	0.38
84000	0.38	0.52	0.52	0	0	0.38
84100	0.38	0.52	0.52	0	0	0.38
84200	0.38	0.53	0.53	0	0	0.38
84300	0.39	0.53	0.53	0	0	0.39
84400	0.39	0.53	0.53	0	0	0.39
84500	0.39	0.53	0.53	0	0	0.39
84600	0.38	0.53	0.53	0	0	0.38
84700	0.38	0.53	0.53	0	0	0.38
84800	0.38	0.53	0.53	0	0	0.38
84900	0.38	0.53	0.53	0	0	0.38
85000	0.38	0.53	0.53	0	0	0.38
85100	0.39	0.53	0.53	0	0	0.39
85200	0.39	0.53	0.53	0	0	0.39
85300	0.39	0.53	0.53	0	0	0.39
85400	0.39	0.53	0.53	0	0	0.39
85500	0.39	0.53	0.53	0	0	0.39
85600	0.39	0.53	0.53	0	0	0.39
85700	0.39	0.53	0.53	0	0	0.39
85800	0.39	0.53	0.53	0	0	0.39
85900	0.39	0.53	0.53	0	0	0.39
86000	0.39	0.52	0.52	0	0	0.39
86100	0.39	0.52	0.52	0	0	0.39
86200	0.39	0.52	0.52	0	0	0.39
86300	0.39	0.52	0.52	0	0	0.39
86400	0.39	0.52	0.52	0	0	0.39
86500	0.39	0.52	0.52	0	0	0.39
86600	0.4	0.52	0.52	0	0	0.4
86700	0.4	0.52	0.52	0	0	0.4
86800	0.4	0.52	0.52	0	0	0.4
86900	0.4	0.51	0.51	0	0	0.4
87000	0.4	0.51	0.51	0	0	0.4
87100	0.41	0.51	0.51	0	0	0.41
87200	0.41	0.51	0.51	0	0	0.41
87300	0.41	0.51	0.51	0	0	0.41
87400	0.41	0.51	0.51	0	0	0.41
87500	0.41	0.51	0.51	0	0	0.41
87600	0.41	0.51	0.51	0	0	0.41
87700	0.41	0.51	0.51	0	0	0.41
87800	0.41	0.51	0.51	0	0	0.41
87900	0.41	0.51	0.51	0	0	0.41
88000	0.41	0.51	0.51	0	0	0.41
88100	0.41	0.51	0.51	0	0	0.41
88200	0.41	0.51	0.51	0	0	0.41
88300	0.41	0.51	0.51	0	0	0.41
88400	0.41	0.51	0.51	0	0	0.41
88500	0.41	0.51	0.51	0	0	0.41
88600	0.41	0.51	0.51	0	0	0.41
88700	0.41	0.51	0.51	0	0	0.41
88800	0.41	0.51	0.51	0	0	0.41
88900	0.41	0.51	0.51	0	0	0.41
89000	0.41	0.51	0.51	0	0	0.41
89100	0.41	0.52	0.52	0	0	0.41
89200	0.41	0.52	0.52	0	0	0.41
89300	0.41	0.52	0.52	0	0	0.41
89400	0.41	0.52	0.52	0	0	0.41
89500	0.41	0.52	0.52	0	0	0.41
89600	0.41	0.52	0.52	0	0	0.41
89700	0.41	0.51	0.51	0	0	0.41
89800	0.41	0.51	0.51	0	0	0.41
89900	0.41	0.51	0.51	0	0	0.41
90000	0.41	0.51	0.51	0	0	0.41
90100	0.41	0.51	0.51	0	0	0.41
90200	0.41	0.51	0.51	0	0	0.41
90300	0.41	0.51	0.51	0	0	0.41
90400	0.41	0.51	0.51	0	0	0.41
90500	0.41	0.51	0.51	0	0	0.41
90600	0.41	0.51	0.51	0	0	0.41
90700	0.41	0.51	0.51	0	0	0.41
90800	0.41	0.51	0.51	0	0	0.41
90900	0.41	0.51	0.51	0	0	0.41
91000	0.41	0.51	0.51	0	0	0.41
91100	0.41	0.51	0.51	0	0	0.41
91200	0.41	0.51	0.51	0	0	0.41
91300	0.41	0.51	0.51	0	0	0.41
91400	0.41	0.51	0.51	0	0	0.41
91500	0.42	0.51	0.51	0	0	0.42
91600	0.42	0.51	0.51	0	0	0.42
91700	0.42	0.51	0.51	0	0	0.42
91800	0.42	0.51	0.51	0	0	0.42
91900	0.42	0.51	0.51	0	0	0.42
92000	0.41	0.51	0.51	0	0	0.41
92100	0.41	0.51	0.51	0	0	0.41
92200	0.41	0.52	0.52	0	0	0.41
92300	0.41	0.52	0.52	0	0	0.41
92400	0.41	0.51	0.51	0	0	0.41
92500	0.41	0.51	0.51	0	0	0.41
92600	0.41	0.51	0.51	0	0	0.41
92700	0.41	0.51	0.51	0	0	0.41
92800	0.41	0.51	0.51	0	0	0.41
92900	0.41	0.51	0.51	0	0	0.41
93000	0.41	0.51	0.51	0	0	0.41
93100	0.41	0.51	0.51	0	0	0.41
93200	0.41	0.5	0.5	0	0	0.41
93300	0.41	0.5	0.5	0	0	0.41
93400	0.41	0.49	0.49	0	0	0.41
93500	0.41	0.49	0.49	0	0	0.41
93600	0.41	0.5	0.5	0	0	0.41
93700	0.41	0.5	0.5	0	0	0.41
93800	0.41	0.5	0.5	0	0	0.41
93900	0.41	0.5	0.5	0	0	0.41
94000	0.41	0.5	0.5	0	0	0.41
94100	0.41	0.5	0.5	0	0	0.41
94200	0.41	0.5	0.5	0	0	0.41
94300	0.41	0.5	0.5	0	0	0.41
94400	0.41	0.5	0.5	0	0	0.41
94500	0.41	0.5	0.5	0	0	0.41
94600	0.41	0.5	0.5	0	0	0.41
94700	0.41	0.5	0.5	0	0	0.41
94800	0.41	0.51	0.51	0	0	0.41
94900	0.41	0.51	0.51	0	0	0.41
95000	0.41	0.51	0.51	0	0	0.41
95100	0.41	0.51	0.51	0	0	0.41
95200	0.41	0.51	0.51	0	0	0.41
95300	0.41	0.51	0.51	0	0	0.41
95400	0.41	0.51	0.51	0	0	0.41
95500	0.41	0.51	0.51	0	0	0.41
95600	0.41	0.51	0.51	0	0	0.41
95700	0.41	0.51	0.51	0	0	0.41
95800	0.41	0.51	0.51	0	0	0.41
95900	0.41	0.51	0.51	0	0	0.41
96000	0.41	0.51	0.51	0	0	0.41
96100	0.41	0.51	0.51	0	0	0.41
96200	0.41	0.51	0.51	0	0	0.41
96300	0.41	0.51	0.51	0	0	0.41
96400	0.41	0.51	0.51	0	0	0.41
96500	0.41	0.51	0.51	0	0	0.41
96600	0.41	0.51	0.51	0	0	0.41
96700	0.41	0.51	0.51	0	0	0.41
96800	0.41	0.51	0.51	0	0	0.41
96900	0.41	0.51	0.51	0	0	0.41
97000	0.41	0.51	0.51	0	0	0.41
97100	0.42	0.51	0.51	0	0	0.42
97200	0.42	0.51	0.51	0	0	0.42
97300	0.42	0.51	0.51	0	0	0.42
97400	0.43	0.51	0.51	0	0	0.43
97500	0.43	0.51	0.51	0	0	0.43
97600	0.43	0.51	0.51	0	0	0.43
97700	0.43	0.51	0.51	0	0	0.43
97800	0.43	0.51	0.51	0	0	0.43
97900	0.43	0.51	0.51	0	0	0.43
98000	0.43	0.51	0.51	0	0	0.43
98100	0.43	0.51	0.51	0	0	0.43
98200	0.43	0.51	0.51	0	0	0.43
98300	0.43	0.51	0.51	0	0	0.43
98400	0.43	0.51	0.51	0	0	0.43
98500	0.43	0.51	0.51	0	0	0.43
98600	0.42	0.51	0.51	0	0	0.42
98700	0.42	0.51	0.51	0	0	0.42
98800	0.42	0.5	0.5	0	0	0.42
98900	0.42	0.5	0.5	0	0	0.42
99000	0.42	0.5	0.5	0	0	0.42
99100	0.42	0.5	0.5	0	0	0.42
99200	0.42	0.5	0.5	0	0	0.42
99300	0.42	0.5	0.5	0	0	0.42
99400	0.42	0.5	0.5	0	0	0.42
99500	0.41	0.5	0.5	0	0	0.41
99600	0.42	0.5	0.5	0	0	0.42
99700	0.42	0.5	0.5	0	0	0.42
99800	0.42	0.5	0.5	0	0	0.42
99900	0.42	0.5	0.5	0	0	0.42
100000	0.42	0.5	0.5	0	0	0.42
