100	0.15	0.13	0.13	0	0	0.15
200	0.17	0.17	0.17	0	0	0.17
300	0.18	0.18	0.18	0	0	0.18
400	0.18	0.19	0.19	0	0	0.18
500	0.18	0.19	0.19	0	0	0.18
600	0.18	0.2	0.2	0	0	0.18
700	0.18	0.19	0.19	0	0	0.18
800	0.19	0.19	0.19	0	0	0.19
900	0.19	0.19	0.19	0	0	0.19
1000	0.19	0.19	0.19	0	0	0.19
1100	0.19	0.19	0.19	0	0	0.19
1200	0.19	0.21	0.21	0	0	0.19
1300	0.19	0.21	0.21	0	0	0.19
1400	0.19	0.21	0.21	0	0	0.19
1500	0.2	0.24	0.24	0	0	0.2
1600	0.2	0.25	0.25	0	0	0.2
1700	0.21	0.27	0.27	0	0	0.21
1800	0.21	0.27	0.27	0	0	0.21
1900	0.24	0.29	0.29	0	0	0.24
2000	0.25	0.28	0.28	0	0	0.25
2100	0.25	0.29	0.29	0	0	0.25
2200	0.25	0.28	0.28	0	0	0.25
2300	0.25	0.28	0.28	0	0	0.25
2400	0.26	0.29	0.29	0	0	0.26
2500	0.28	0.3	0.3	0	0	0.28
2600	0.28	0.3	0.3	0	0	0.28
2700	0.29	0.31	0.31	0	0	0.29
2800	0.29	0.32	0.32	0	0	0.29
2900	0.29	0.32	0.32	0	0	0.29
3000	0.3	0.33	0.33	0	0	0.3
3100	0.3	0.34	0.34	0	0	0.3
3200	0.3	0.34	0.34	0	0	0.3
3300	0.3	0.36	0.36	0	0	0.3
3400	0.3	0.37	0.37	0	0	0.3
3500	0.3	0.39	0.39	0	0	0.3
3600	0.3	0.38	0.38	0	0	0.3
3700	0.3	0.39	0.39	0	0	0.3
3800	0.3	0.41	0.41	0	0	0.3
3900	0.3	0.41	0.41	0	0	0.3
4000	0.3	0.4	0.4	0	0	0.3
4100	0.31	0.4	0.4	0	0	0.31
4200	0.31	0.41	0.41	0	0	0.31
4300	0.31	0.4	0.4	0	0	0.31
4400	0.31	0.4	0.4	0	0	0.31
4500	0.31	0.4	0.4	0	0	0.31
4600	0.31	0.41	0.41	0	0	0.31
4700	0.31	0.41	0.41	0	0	0.31
4800	0.31	0.42	0.42	0	0	0.31
4900	0.31	0.38	0.38	0	0	0.31
5000	0.32	0.38	0.38	0	0	0.32
5100	0.32	0.39	0.39	0	0	0.32
5200	0.32	0.37	0.37	0	0	0.32
5300	0.32	0.38	0.38	0	0	0.32
5400	0.32	0.38	0.38	0	0	0.32
5500	0.32	0.38	0.38	0	0	0.32
5600	0.32	0.38	0.38	0	0	0.32
5700	0.34	0.38	0.38	0	0	0.34
5800	0.33	0.38	0.38	0	0	0.33
5900	0.34	0.36	0.36	0	0	0.34
6000	0.35	0.37	0.37	0	0	0.35
6100	0.35	0.37	0.37	0	0	0.35
6200	0.36	0.37	0.37	0	0	0.36
6300	0.36	0.37	0.37	0	0	0.36
6400	0.37	0.37	0.37	0	0	0.37
6500	0.38	0.36	0.36	0	0	0.38
6600	0.38	0.35	0.35	0	0	0.38
6700	0.38	0.34	0.34	0	0	0.38
6800	0.38	0.34	0.34	0	0	0.38
6900	0.39	0.33	0.33	0	0	0.39
7000	0.39	0.33	0.33	0	0	0.39
7100	0.39	0.33	0.33	0	0	0.39
7200	0.39	0.33	0.33	0	0	0.39
7300	0.39	0.34	0.34	0	0	0.39
7400	0.39	0.35	0.35	0	0	0.39
7500	0.38	0.35	0.35	0	0	0.38
7600	0.39	0.35	0.35	0	0	0.39
7700	0.38	0.34	0.34	0	0	0.38
7800	0.38	0.34	0.34	0	0	0.38
7900	0.37	0.34	0.34	0	0	0.37
8000	0.37	0.34	0.34	0	0	0.37
8100	0.37	0.35	0.35	0	0	0.37
8200	0.38	0.35	0.35	0	0	0.38
8300	0.38	0.35	0.35	0	0	0.38
8400	0.38	0.34	0.34	0	0	0.38
8500	0.38	0.34	0.34	0	0	0.38
8600	0.39	0.35	0.35	0	0	0.39
8700	0.4	0.35	0.35	0	0	0.4
8800	0.4	0.34	0.34	0	0	0.4
8900	0.39	0.35	0.35	0	0	0.39
9000	0.39	0.35	0.35	0	0	0.39
9100	0.39	0.35	0.35	0	0	0.39
9200	0.39	0.35	0.35	0	0	0.39
9300	0.39	0.35	0.35	0	0	0.39
9400	0.4	0.35	0.35	0	0	0.4
9500	0.4	0.36	0.36	0	0	0.4
9600	0.4	0.37	0.37	0	0	0.4
9700	0.4	0.37	0.37	0	0	0.4
9800	0.38	0.37	0.37	0	0	0.38
9900	0.38	0.37	0.37	0	0	0.38
10000	0.39	0.37	0.37	0	0	0.39
10100	0.39	0.37	0.37	0	0	0.39
10200	0.38	0.37	0.37	0	0	0.38
10300	0.38	0.38	0.38	0	0	0.38
10400	0.38	0.38	0.38	0	0	0.38
10500	0.36	0.39	0.39	0	0	0.36
10600	0.36	0.39	0.39	0	0	0.36
10700	0.36	0.4	0.4	0	0	0.36
10800	0.35	0.4	0.4	0	0	0.35
10900	0.35	0.4	0.4	0	0	0.35
11000	0.35	0.4	0.4	0	0	0.35
11100	0.35	0.4	0.4	0	0	0.35
11200	0.35	0.4	0.4	0	0	0.35
11300	0.34	0.41	0.41	0	0	0.34
11400	0.34	0.41	0.41	0	0	0.34
11500	0.34	0.41	0.41	0	0	0.34
11600	0.34	0.41	0.41	0	0	0.34
11700	0.35	0.41	0.41	0	0	0.35
11800	0.35	0.41	0.41	0	0	0.35
11900	0.36	0.41	0.41	0	0	0.36
12000	0.36	0.41	0.41	0	0	0.36
12100	0.37	0.41	0.41	0	0	0.37
12200	0.38	0.4	0.4	0	0	0.38
12300	0.38	0.4	0.4	0	0	0.38
12400	0.38	0.41	0.41	0	0	0.38
12500	0.38	0.41	0.41	0	0	0.38
12600	0.38	0.41	0.41	0	0	0.38
12700	0.37	0.41	0.41	0	0	0.37
12800	0.38	0.41	0.41	0	0	0.38
12900	0.37	0.42	0.42	0	0	0.37
13000	0.37	0.42	0.42	0	0	0.37
13100	0.37	0.42	0.42	0	0	0.37
13200	0.37	0.42	0.42	0	0	0.37
13300	0.36	0.43	0.43	0	0	0.36
13400	0.38	0.43	0.43	0	0	0.38
13500	0.38	0.43	0.43	0	0	0.38
13600	0.38	0.43	0.43	0	0	0.38
13700	0.38	0.43	0.43	0	0	0.38
13800	0.38	0.43	0.43	0	0	0.38
13900	0.38	0.43	0.43	0	0	0.38
14000	0.38	0.43	0.43	0	0	0.38
14100	0.38	0.43	0.43	0	0	0.38
14200	0.38	0.43	0.43	0	0	0.38
14300	0.4	0.43	0.43	0	0	0.4
14400	0.4	0.44	0.44	0	0	0.4
14500	0.41	0.45	0.45	0	0	0.41
14600	0.43	0.45	0.45	0	0	0.43
14700	0.42	0.44	0.44	0	0	0.42
14800	0.42	0.44	0.44	0	0	0.42
14900	0.43	0.44	0.44	0	0	0.43
15000	0.42	0.43	0.43	0	0	0.42
15100	0.42	0.43	0.43	0	0	0.42
15200	0.42	0.43	0.43	0	0	0.42
15300	0.42	0.43	0.43	0	0	0.42
15400	0.42	0.43	0.43	0	0	0.42
15500	0.42	0.43	0.43	0	0	0.42
15600	0.41	0.43	0.43	0	0	0.41
15700	0.41	0.43	0.43	0	0	0.41
15800	0.41	0.42	0.42	0	0	0.41
15900	0.43	0.42	0.42	0	0	0.43
16000	0.44	0.42	0.42	0	0	0.44
16100	0.43	0.42	0.42	0	0	0.43
16200	0.43	0.42	0.42	0	0	0.43
16300	0.43	0.42	0.42	0	0	0.43
16400	0.43	0.42	0.42	0	0	0.43
16500	0.43	0.42	0.42	0	0	0.43
16600	0.43	0.42	0.42	0	0	0.43
16700	0.43	0.42	0.42	0	0	0.43
16800	0.44	0.41	0.41	0	0	0.44
16900	0.44	0.43	0.43	0	0	0.44
17000	0.45	0.43	0.43	0	0	0.45
17100	0.46	0.41	0.41	0	0	0.46
17200	0.46	0.42	0.42	0	0	0.46
17300	0.44	0.41	0.41	0	0	0.44
17400	0.43	0.41	0.41	0	0	0.43
17500	0.44	0.42	0.42	0	0	0.44
17600	0.44	0.42	0.42	0	0	0.44
17700	0.45	0.42	0.42	0	0	0.45
17800	0.45	0.43	0.43	0	0	0.45
17900	0.45	0.43	0.43	0	0	0.45
18000	0.45	0.42	0.42	0	0	0.45
18100	0.45	0.42	0.42	0	0	0.45
18200	0.45	0.42	0.42	0	0	0.45
18300	0.44	0.42	0.42	0	0	0.44
18400	0.43	0.42	0.42	0	0	0.43
18500	0.43	0.42	0.42	0	0	0.43
18600	0.43	0.42	0.42	0	0	0.43
18700	0.43	0.43	0.43	0	0	0.43
18800	0.43	0.43	0.43	0	0	0.43
18900	0.43	0.43	0.43	0	0	0.43
19000	0.43	0.43	0.43	0	0	0.43
19100	0.43	0.43	0.43	0	0	0.43
19200	0.43	0.43	0.43	0	0	0.43
19300	0.43	0.42	0.42	0	0	0.43
19400	0.43	0.42	0.42	0	0	0.43
19500	0.43	0.41	0.41	0	0	0.43
19600	0.43	0.41	0.41	0	0	0.43
19700	0.43	0.41	0.41	0	0	0.43
19800	0.43	0.41	0.41	0	0	0.43
19900	0.43	0.41	0.41	0	0	0.43
20000	0.43	0.42	0.42	0	0	0.43
20100	0.43	0.41	0.41	0	0	0.43
20200	0.43	0.41	0.41	0	0	0.43
20300	0.42	0.41	0.41	0	0	0.42
20400	0.42	0.41	0.41	0	0	0.42
20500	0.42	0.41	0.41	0	0	0.42
20600	0.42	0.41	0.41	0	0	0.42
20700	0.42	0.41	0.41	0	0	0.42
20800	0.42	0.41	0.41	0	0	0.42
20900	0.43	0.41	0.41	0	0	0.43
21000	0.43	0.41	0.41	0	0	0.43
21100	0.43	0.42	0.42	0	0	0.43
21200	0.43	0.42	0.42	0	0	0.43
21300	0.43	0.42	0.42	0	0	0.43
21400	0.44	0.42	0.42	0	0	0.44
21500	0.43	0.42	0.42	0	0	0.43
21600	0.43	0.42	0.42	0	0	0.43
21700	0.43	0.42	0.42	0	0	0.43
21800	0.43	0.41	0.41	0	0	0.43
21900	0.43	0.41	0.41	0	0	0.43
22000	0.43	0.41	0.41	0	0	0.43
22100	0.43	0.41	0.41	0	0	0.43
22200	0.43	0.41	0.41	0	0	0.43
22300	0.43	0.41	0.41	0	0	0.43
22400	0.42	0.42	0.42	0	0	0.42
22500	0.42	0.42	0.42	0	0	0.42
22600	0.42	0.42	0.42	0	0	0.42
22700	0.42	0.42	0.42	0	0	0.42
22800	0.42	0.42	0.42	0	0	0.42
22900	0.43	0.42	0.42	0	0	0.43
23000	0.43	0.42	0.42	0	0	0.43
23100	0.43	0.42	0.42	0	0	0.43
23200	0.43	0.42	0.42	0	0	0.43
23300	0.43	0.41	0.41	0	0	0.43
23400	0.42	0.41	0.41	0	0	0.42
23500	0.42	0.43	0.43	0	0	0.42
23600	0.42	0.43	0.43	0	0	0.42
23700	0.42	0.43	0.43	0	0	0.42
23800	0.42	0.43	0.43	0	0	0.42
23900	0.42	0.43	0.43	0	0	0.42
24000	0.42	0.43	0.43	0	0	0.42
24100	0.42	0.43	0.43	0	0	0.42
24200	0.41	0.43	0.43	0	0	0.41
24300	0.41	0.43	0.43	0	0	0.41
24400	0.41	0.43	0.43	0	0	0.41
24500	0.41	0.43	0.43	0	0	0.41
24600	0.41	0.43	0.43	0	0	0.41
24700	0.41	0.43	0.43	0	0	0.41
24800	0.41	0.43	0.43	0	0	0.41
24900	0.41	0.43	0.43	0	0	0.41
25000	0.41	0.44	0.44	0	0	0.41
25100	0.41	0.44	0.44	0	0	0.41
25200	0.42	0.44	0.44	0	0	0.42
25300	0.42	0.44	0.44	0	0	0.42
25400	0.42	0.44	0.44	0	0	0.42
25500	0.42	0.45	0.45	0	0	0.42
25600	0.42	0.44	0.44	0	0	0.42
25700	0.42	0.44	0.44	0	0	0.42
25800	0.42	0.44	0.44	0	0	0.42
25900	0.42	0.44	0.44	0	0	0.42
26000	0.42	0.44	0.44	0	0	0.42
26100	0.42	0.44	0.44	0	0	0.42
26200	0.42	0.44	0.44	0	0	0.42
26300	0.42	0.44	0.44	0	0	0.42
26400	0.41	0.44	0.44	0	0	0.41
26500	0.41	0.44	0.44	0	0	0.41
26600	0.41	0.44	0.44	0	0	0.41
26700	0.41	0.45	0.45	0	0	0.41
26800	0.41	0.46	0.46	0	0	0.41
26900	0.41	0.45	0.45	0	0	0.41
27000	0.41	0.45	0.45	0	0	0.41
27100	0.41	0.44	0.44	0	0	0.41
27200	0.41	0.44	0.44	0	0	0.41
27300	0.41	0.44	0.44	0	0	0.41
27400	0.41	0.44	0.44	0	0	0.41
27500	0.41	0.44	0.44	0	0	0.41
27600	0.41	0.44	0.44	0	0	0.41
27700	0.41	0.44	0.44	0	0	0.41
27800	0.41	0.44	0.44	0	0	0.41
27900	0.41	0.44	0.44	0	0	0.41
28000	0.41	0.44	0.44	0	0	0.41
28100	0.41	0.44	0.44	0	0	0.41
28200	0.41	0.44	0.44	0	0	0.41
28300	0.41	0.44	0.44	0	0	0.41
28400	0.41	0.44	0.44	0	0	0.41
28500	0.42	0.44	0.44	0	0	0.42
28600	0.42	0.44	0.44	0	0	0.42
28700	0.42	0.44	0.44	0	0	0.42
28800	0.42	0.45	0.45	0	0	0.42
28900	0.42	0.45	0.45	0	0	0.42
29000	0.42	0.45	0.45	0	0	0.42
29100	0.42	0.46	0.46	0	0	0.42
29200	0.43	0.45	0.45	0	0	0.43
29300	0.43	0.45	0.45	0	0	0.43
29400	0.43	0.45	0.45	0	0	0.43
29500	0.43	0.45	0.45	0	0	0.43
29600	0.43	0.46	0.46	0	0	0.43
29700	0.43	0.46	0.46	0	0	0.43
29800	0.43	0.46	0.46	0	0	0.43
29900	0.43	0.46	0.46	0	0	0.43
30000	0.43	0.46	0.46	0	0	0.43
30100	0.43	0.46	0.46	0	0	0.43
30200	0.42	0.46	0.46	0	0	0.42
30300	0.42	0.46	0.46	0	0	0.42
30400	0.42	0.46	0.46	0	0	0.42
30500	0.42	0.46	0.46	0	0	0.42
30600	0.42	0.46	0.46	0	0	0.42
30700	0.42	0.46	0.46	0	0	0.42
30800	0.42	0.46	0.46	0	0	0.42
30900	0.42	0.46	0.46	0	0	0.42
31000	0.42	0.46	0.46	0	0	0.42
31100	0.42	0.46	0.46	0	0	0.42
31200	0.42	0.46	0.46	0	0	0.42
31300	0.42	0.46	0.46	0	0	0.42
31400	0.42	0.46	0.46	0	0	0.42
31500	0.42	0.46	0.46	0	0	0.42
31600	0.42	0.46	0.46	0	0	0.42
31700	0.42	0.46	0.46	0	0	0.42
31800	0.41	0.46	0.46	0	0	0.41
31900	0.41	0.46	0.46	0	0	0.41
32000	0.41	0.46	0.46	0	0	0.41
32100	0.41	0.46	0.46	0	0	0.41
32200	0.41	0.46	0.46	0	0	0.41
32300	0.41	0.46	0.46	0	0	0.41
32400	0.41	0.46	0.46	0	0	0.41
32500	0.4	0.46	0.46	0	0	0.4
32600	0.4	0.46	0.46	0	0	0.4
32700	0.4	0.46	0.46	0	0	0.4
32800	0.4	0.46	0.46	0	0	0.4
32900	0.4	0.46	0.46	0	0	0.4
33000	0.4	0.46	0.46	0	0	0.4
33100	0.41	0.46	0.46	0	0	0.41
33200	0.42	0.46	0.46	0	0	0.42
33300	0.42	0.46	0.46	0	0	0.42
33400	0.42	0.46	0.46	0	0	0.42
33500	0.42	0.46	0.46	0	0	0.42
33600	0.42	0.46	0.46	0	0	0.42
33700	0.42	0.46	0.46	0	0	0.42
33800	0.43	0.47	0.47	0	0	0.43
33900	0.43	0.47	0.47	0	0	0.43
34000	0.43	0.47	0.47	0	0	0.43
34100	0.43	0.47	0.47	0	0	0.43
34200	0.42	0.47	0.47	0	0	0.42
34300	0.42	0.47	0.47	0	0	0.42
34400	0.42	0.47	0.47	0	0	0.42
34500	0.42	0.47	0.47	0	0	0.42
34600	0.42	0.47	0.47	0	0	0.42
34700	0.42	0.47	0.47	0	0	0.42
34800	0.42	0.47	0.47	0	0	0.42
34900	0.42	0.47	0.47	0	0	0.42
35000	0.42	0.47	0.47	0	0	0.42
35100	0.42	0.48	0.48	0	0	0.42
35200	0.42	0.48	0.48	0	0	0.42
35300	0.42	0.48	0.48	0	0	0.42
35400	0.42	0.48	0.48	0	0	0.42
35500	0.42	0.48	0.48	0	0	0.42
35600	0.42	0.47	0.47	0	0	0.42
35700	0.42	0.47	0.47	0	0	0.42
35800	0.42	0.47	0.47	0	0	0.42
35900	0.44	0.47	0.47	0	0	0.44
36000	0.44	0.47	0.47	0	0	0.44
36100	0.44	0.47	0.47	0	0	0.44
36200	0.44	0.47	0.47	0	0	0.44
36300	0.44	0.47	0.47	0	0	0.44
36400	0.44	0.47	0.47	0	0	0.44
36500	0.44	0.47	0.47	0	0	0.44
36600	0.44	0.47	0.47	0	0	0.44
36700	0.44	0.47	0.47	0	0	0.44
36800	0.44	0.47	0.47	0	0	0.44
36900	0.44	0.47	0.47	0	0	0.44
37000	0.44	0.47	0.47	0	0	0.44
37100	0.44	0.47	0.47	0	0	0.44
37200	0.44	0.48	0.48	0	0	0.44
37300	0.44	0.48	0.48	0	0	0.44
37400	0.44	0.48	0.48	0	0	0.44
37500	0.45	0.48	0.48	0	0	0.45
37600	0.45	0.48	0.48	0	0	0.45
37700	0.45	0.48	0.48	0	0	0.45
37800	0.45	0.48	0.48	0	0	0.45
37900	0.45	0.48	0.48	0	0	0.45
38000	0.45	0.48	0.48	0	0	0.45
38100	0.45	0.48	0.48	0	0	0.45
38200	0.45	0.48	0.48	0	0	0.45
38300	0.45	0.48	0.48	0	0	0.45
38400	0.45	0.48	0.48	0	0	0.45
38500	0.45	0.48	0.48	0	0	0.45
38600	0.45	0.48	0.48	0	0	0.45
38700	0.45	0.48	0.48	0	0	0.45
38800	0.45	0.48	0.48	0	0	0.45
38900	0.45	0.48	0.48	0	0	0.45
39000	0.45	0.48	0.48	0	0	0.45
39100	0.45	0.48	0.48	0	0	0.45
39200	0.45	0.48	0.48	0	0	0.45
39300	0.45	0.48	0.48	0	0	0.45
39400	0.45	0.48	0.48	0	0	0.45
39500	0.45	0.48	0.48	0	0	0.45
39600	0.45	0.48	0.48	0	0	0.45
39700	0.45	0.48	0.48	0	0	0.45
39800	0.45	0.48	0.48	0	0	0.45
39900	0.45	0.48	0.48	0	0	0.45
40000	0.45	0.49	0.49	0	0	0.45
40100	0.45	0.49	0.49	0	0	0.45
40200	0.45	0.49	0.49	0	0	0.45
40300	0.45	0.49	0.49	0	0	0.45
40400	0.45	0.49	0.49	0	0	0.45
40500	0.45	0.49	0.49	0	0	0.45
40600	0.45	0.49	0.49	0	0	0.45
40700	0.46	0.5	0.5	0	0	0.46
40800	0.46	0.5	0.5	0	0	0.46
40900	0.46	0.5	0.5	0	0	0.46
41000	0.46	0.5	0.5	0	0	0.46
41100	0.46	0.5	0.5	0	0	0.46
41200	0.46	0.5	0.5	0	0	0.46
41300	0.46	0.5	0.5	0	0	0.46
41400	0.46	0.5	0.5	0	0	0.46
41500	0.46	0.5	0.5	0	0	0.46
41600	0.46	0.5	0.5	0	0	0.46
41700	0.46	0.5	0.5	0	0	0.46
41800	0.46	0.5	0.5	0	0	0.46
41900	0.46	0.5	0.5	0	0	0.46
42000	0.45	0.5	0.5	0	0	0.45
42100	0.45	0.5	0.5	0	0	0.45
42200	0.45	0.5	0.5	0	0	0.45
42300	0.45	0.5	0.5	0	0	0.45
42400	0.45	0.5	0.5	0	0	0.45
42500	0.45	0.5	0.5	0	0	0.45
42600	0.45	0.5	0.5	0	0	0.45
42700	0.45	0.49	0.49	0	0	0.45
42800	0.45	0.49	0.49	0	0	0.45
42900	0.45	0.49	0.49	0	0	0.45
43000	0.45	0.49	0.49	0	0	0.45
43100	0.45	0.49	0.49	0	0	0.45
43200	0.45	0.49	0.49	0	0	0.45
43300	0.45	0.49	0.49	0	0	0.45
43400	0.45	0.49	0.49	0	0	0.45
43500	0.45	0.49	0.49	0	0	0.45
43600	0.45	0.49	0.49	0	0	0.45
43700	0.45	0.47	0.47	0	0	0.45
43800	0.45	0.47	0.47	0	0	0.45
43900	0.45	0.47	0.47	0	0	0.45
44000	0.45	0.47	0.47	0	0	0.45
44100	0.45	0.47	0.47	0	0	0.45
44200	0.45	0.47	0.47	0	0	0.45
44300	0.45	0.47	0.47	0	0	0.45
44400	0.44	0.48	0.48	0	0	0.44
44500	0.44	0.48	0.48	0	0	0.44
44600	0.44	0.47	0.47	0	0	0.44
44700	0.44	0.47	0.47	0	0	0.44
44800	0.44	0.46	0.46	0	0	0.44
44900	0.44	0.46	0.46	0	0	0.44
45000	0.43	0.46	0.46	0	0	0.43
45100	0.43	0.47	0.47	0	0	0.43
45200	0.43	0.47	0.47	0	0	0.43
45300	0.43	0.47	0.47	0	0	0.43
45400	0.43	0.47	0.47	0	0	0.43
45500	0.44	0.47	0.47	0	0	0.44
45600	0.44	0.47	0.47	0	0	0.44
45700	0.44	0.47	0.47	0	0	0.44
45800	0.44	0.47	0.47	0	0	0.44
45900	0.44	0.47	0.47	0	0	0.44
46000	0.44	0.47	0.47	0	0	0.44
46100	0.44	0.47	0.47	0	0	0.44
46200	0.44	0.46	0.46	0	0	0.44
46300	0.44	0.47	0.47	0	0	0.44
46400	0.43	0.47	0.47	0	0	0.43
46500	0.43	0.47	0.47	0	0	0.43
46600	0.43	0.48	0.48	0	0	0.43
46700	0.43	0.47	0.47	0	0	0.43
46800	0.43	0.47	0.47	0	0	0.43
46900	0.43	0.47	0.47	0	0	0.43
47000	0.43	0.47	0.47	0	0	0.43
47100	0.43	0.47	0.47	0	0	0.43
47200	0.43	0.47	0.47	0	0	0.43
47300	0.43	0.47	0.47	0	0	0.43
47400	0.43	0.47	0.47	0	0	0.43
47500	0.43	0.47	0.47	0	0	0.43
47600	0.43	0.47	0.47	0	0	0.43
47700	0.43	0.47	0.47	0	0	0.43
47800	0.43	0.47	0.47	0	0	0.43
47900	0.44	0.47	0.47	0	0	0.44
48000	0.44	0.47	0.47	0	0	0.44
48100	0.44	0.47	0.47	0	0	0.44
48200	0.44	0.48	0.48	0	0	0.44
48300	0.44	0.47	0.47	0	0	0.44
48400	0.44	0.47	0.47	0	0	0.44
48500	0.44	0.48	0.48	0	0	0.44
48600	0.44	0.48	0.48	0	0	0.44
48700	0.44	0.48	0.48	0	0	0.44
48800	0.44	0.49	0.49	0	0	0.44
48900	0.44	0.49	0.49	0	0	0.44
49000	0.44	0.49	0.49	0	0	0.44
49100	0.44	0.5	0.5	0	0	0.44
49200	0.44	0.5	0.5	0	0	0.44
49300	0.45	0.5	0.5	0	0	0.45
49400	0.45	0.5	0.5	0	0	0.45
49500	0.45	0.5	0.5	0	0	0.45
49600	0.45	0.5	0.5	0	0	0.45
49700	0.45	0.51	0.51	0	0	0.45
49800	0.45	0.52	0.52	0	0	0.45
49900	0.45	0.52	0.52	0	0	0.45
50000	0.45	0.52	0.52	0	0	0.45
50100	0.45	0.52	0.52	0	0	0.45
50200	0.45	0.52	0.52	0	0	0.45
50300	0.45	0.52	0.52	0	0	0.45
50400	0.45	0.51	0.51	0	0	0.45
50500	0.45	0.51	0.51	0	0	0.45
50600	0.45	0.51	0.51	0	0	0.45
50700	0.45	0.51	0.51	0	0	0.45
50800	0.45	0.51	0.51	0	0	0.45
50900	0.45	0.51	0.51	0	0	0.45
51000	0.45	0.51	0.51	0	0	0.45
51100	0.45	0.51	0.51	0	0	0.45
51200	0.45	0.51	0.51	0	0	0.45
51300	0.45	0.51	0.51	0	0	0.45
51400	0.45	0.51	0.51	0	0	0.45
51500	0.45	0.51	0.51	0	0	0.45
51600	0.45	0.51	0.51	0	0	0.45
51700	0.45	0.51	0.51	0	0	0.45
51800	0.46	0.51	0.51	0	0	0.46
51900	0.46	0.51	0.51	0	0	0.46
52000	0.46	0.51	0.51	0	0	0.46
52100	0.46	0.52	0.52	0	0	0.46
52200	0.45	0.51	0.51	0	0	0.45
52300	0.45	0.51	0.51	0	0	0.45
52400	0.44	0.51	0.51	0	0	0.44
52500	0.44	0.51	0.51	0	0	0.44
52600	0.44	0.5	0.5	0	0	0.44
52700	0.44	0.49	0.49	0	0	0.44
52800	0.44	0.49	0.49	0	0	0.44
52900	0.44	0.49	0.49	0	0	0.44
53000	0.44	0.49	0.49	0	0	0.44
53100	0.44	0.49	0.49	0	0	0.44
53200	0.43	0.49	0.49	0	0	0.43
53300	0.43	0.49	0.49	0	0	0.43
53400	0.43	0.48	0.48	0	0	0.43
53500	0.43	0.49	0.49	0	0	0.43
53600	0.42	0.49	0.49	0	0	0.42
53700	0.42	0.49	0.49	0	0	0.42
53800	0.42	0.49	0.49	0	0	0.42
53900	0.41	0.49	0.49	0	0	0.41
54000	0.41	0.49	0.49	0	0	0.41
54100	0.41	0.49	0.49	0	0	0.41
54200	0.41	0.49	0.49	0	0	0.41
54300	0.41	0.49	0.49	0	0	0.41
54400	0.41	0.49	0.49	0	0	0.41
54500	0.41	0.49	0.49	0	0	0.41
54600	0.41	0.49	0.49	0	0	0.41
54700	0.41	0.49	0.49	0	0	0.41
54800	0.41	0.49	0.49	0	0	0.41
54900	0.41	0.5	0.5	0	0	0.41
55000	0.4	0.5	0.5	0	0	0.4
55100	0.4	0.5	0.5	0	0	0.4
55200	0.41	0.5	0.5	0	0	0.41
55300	0.41	0.5	0.5	0	0	0.41
55400	0.41	0.5	0.5	0	0	0.41
55500	0.41	0.5	0.5	0	0	0.41
55600	0.41	0.5	0.5	0	0	0.41
55700	0.41	0.5	0.5	0	0	0.41
55800	0.41	0.5	0.5	0	0	0.41
55900	0.41	0.5	0.5	0	0	0.41
56000	0.41	0.5	0.5	0	0	0.41
56100	0.41	0.5	0.5	0	0	0.41
56200	0.41	0.5	0.5	0	0	0.41
56300	0.41	0.5	0.5	0	0	0.41
56400	0.41	0.5	0.5	0	0	0.41
56500	0.41	0.5	0.5	0	0	0.41
56600	0.41	0.5	0.5	0	0	0.41
56700	0.42	0.49	0.49	0	0	0.42
56800	0.42	0.49	0.49	0	0	0.42
56900	0.42	0.48	0.48	0	0	0.42
57000	0.42	0.48	0.48	0	0	0.42
57100	0.42	0.48	0.48	0	0	0.42
57200	0.43	0.48	0.48	0	0	0.43
57300	0.43	0.48	0.48	0	0	0.43
57400	0.44	0.48	0.48	0	0	0.44
57500	0.44	0.48	0.48	0	0	0.44
57600	0.44	0.48	0.48	0	0	0.44
57700	0.45	0.48	0.48	0	0	0.45
57800	0.45	0.48	0.48	0	0	0.45
57900	0.45	0.48	0.48	0	0	0.45
58000	0.45	0.48	0.48	0	0	0.45
58100	0.45	0.48	0.48	0	0	0.45
58200	0.45	0.48	0.48	0	0	0.45
58300	0.45	0.48	0.48	0	0	0.45
58400	0.45	0.48	0.48	0	0	0.45
58500	0.45	0.48	0.48	0	0	0.45
58600	0.45	0.48	0.48	0	0	0.45
58700	0.45	0.48	0.48	0	0	0.45
58800	0.45	0.48	0.48	0	0	0.45
58900	0.45	0.49	0.49	0	0	0.45
59000	0.45	0.49	0.49	0	0	0.45
59100	0.45	0.49	0.49	0	0	0.45
59200	0.45	0.49	0.49	0	0	0.45
59300	0.45	0.49	0.49	0	0	0.45
59400	0.45	0.48	0.48	0	0	0.45
59500	0.45	0.48	0.48	0	0	0.45
59600	0.45	0.48	0.48	0	0	0.45
59700	0.46	0.48	0.48	0	0	0.46
59800	0.44	0.48	0.48	0	0	0.44
59900	0.44	0.48	0.48	0	0	0.44
60000	0.44	0.48	0.48	0	0	0.44
60100	0.44	0.48	0.48	0	0	0.44
60200	0.44	0.48	0.48	0	0	0.44
60300	0.44	0.48	0.48	0	0	0.44
60400	0.44	0.48	0.48	0	0	0.44
60500	0.44	0.48	0.48	0	0	0.44
60600	0.44	0.48	0.48	0	0	0.44
60700	0.44	0.48	0.48	0	0	0.44
60800	0.44	0.48	0.48	0	0	0.44
60900	0.44	0.48	0.48	0	0	0.44
61000	0.44	0.48	0.48	0	0	0.44
61100	0.44	0.46	0.46	0	0	0.44
61200	0.45	0.46	0.46	0	0	0.45
61300	0.45	0.46	0.46	0	0	0.45
61400	0.45	0.46	0.46	0	0	0.45
61500	0.45	0.46	0.46	0	0	0.45
61600	0.43	0.46	0.46	0	0	0.43
61700	0.43	0.46	0.46	0	0	0.43
61800	0.44	0.46	0.46	0	0	0.44
61900	0.44	0.46	0.46	0	0	0.44
62000	0.45	0.46	0.46	0	0	0.45
62100	0.45	0.46	0.46	0	0	0.45
62200	0.45	0.46	0.46	0	0	0.45
62300	0.45	0.46	0.46	0	0	0.45
62400	0.45	0.46	0.46	0	0	0.45
62500	0.45	0.46	0.46	0	0	0.45
62600	0.45	0.46	0.46	0	0	0.45
62700	0.46	0.46	0.46	0	0	0.46
62800	0.46	0.46	0.46	0	0	0.46
62900	0.46	0.46	0.46	0	0	0.46
63000	0.46	0.47	0.47	0	0	0.46
63100	0.46	0.46	0.46	0	0	0.46
63200	0.46	0.46	0.46	0	0	0.46
63300	0.46	0.47	0.47	0	0	0.46
63400	0.47	0.47	0.47	0	0	0.47
63500	0.47	0.47	0.47	0	0	0.47
63600	0.47	0.47	0.47	0	0	0.47
63700	0.47	0.47	0.47	0	0	0.47
63800	0.47	0.47	0.47	0	0	0.47
63900	0.47	0.47	0.47	0	0	0.47
64000	0.47	0.49	0.49	0	0	0.47
64100	0.46	0.49	0.49	0	0	0.46
64200	0.46	0.49	0.49	0	0	0.46
64300	0.46	0.49	0.49	0	0	0.46
64400	0.46	0.48	0.48	0	0	0.46
64500	0.46	0.48	0.48	0	0	0.46
64600	0.46	0.48	0.48	0	0	0.46
64700	0.46	0.48	0.48	0	0	0.46
64800	0.46	0.48	0.48	0	0	0.46
64900	0.46	0.48	0.48	0	0	0.46
65000	0.46	0.48	0.48	0	0	0.46
65100	0.46	0.48	0.48	0	0	0.46
65200	0.46	0.48	0.48	0	0	0.46
65300	0.46	0.47	0.47	0	0	0.46
65400	0.47	0.47	0.47	0	0	0.47
65500	0.47	0.47	0.47	0	0	0.47
65600	0.47	0.47	0.47	0	0	0.47
65700	0.47	0.47	0.47	0	0	0.47
65800	0.47	0.47	0.47	0	0	0.47
65900	0.46	0.47	0.47	0	0	0.46
66000	0.46	0.47	0.47	0	0	0.46
66100	0.47	0.47	0.47	0	0	0.47
66200	0.46	0.47	0.47	0	0	0.46
66300	0.47	0.47	0.47	0	0	0.47
66400	0.47	0.47	0.47	0	0	0.47
66500	0.47	0.47	0.47	0	0	0.47
66600	0.47	0.47	0.47	0	0	0.47
66700	0.47	0.47	0.47	0	0	0.47
66800	0.47	0.47	0.47	0	0	0.47
66900	0.47	0.47	0.47	0	0	0.47
67000	0.47	0.47	0.47	0	0	0.47
67100	0.47	0.47	0.47	0	0	0.47
67200	0.47	0.47	0.47	0	0	0.47
67300	0.47	0.47	0.47	0	0	0.47
67400	0.47	0.47	0.47	0	0	0.47
67500	0.47	0.47	0.47	0	0	0.47
67600	0.47	0.47	0.47	0	0	0.47
67700	0.47	0.47	0.47	0	0	0.47
67800	0.47	0.47	0.47	0	0	0.47
67900	0.47	0.47	0.47	0	0	0.47
68000	0.47	0.47	0.47	0	0	0.47
68100	0.47	0.46	0.46	0	0	0.47
68200	0.47	0.46	0.46	0	0	0.47
68300	0.47	0.46	0.46	0	0	0.47
68400	0.47	0.46	0.46	0	0	0.47
68500	0.47	0.46	0.46	0	0	0.47
68600	0.47	0.48	0.48	0	0	0.47
68700	0.47	0.48	0.48	0	0	0.47
68800	0.47	0.48	0.48	0	0	0.47
68900	0.47	0.48	0.48	0	0	0.47
69000	0.48	0.48	0.48	0	0	0.48
69100	0.47	0.48	0.48	0	0	0.47
69200	0.47	0.48	0.48	0	0	0.47
69300	0.47	0.49	0.49	0	0	0.47
69400	0.47	0.49	0.49	0	0	0.47
69500	0.46	0.49	0.49	0	0	0.46
69600	0.46	0.48	0.48	0	0	0.46
69700	0.46	0.48	0.48	0	0	0.46
69800	0.46	0.48	0.48	0	0	0.46
69900	0.46	0.48	0.48	0	0	0.46
70000	0.46	0.49	0.49	0	0	0.46
70100	0.46	0.49	0.49	0	0	0.46
70200	0.46	0.49	0.49	0	0	0.46
70300	0.46	0.49	0.49	0	0	0.46
70400	0.46	0.49	0.49	0	0	0.46
70500	0.46	0.49	0.49	0	0	0.46
70600	0.46	0.49	0.49	0	0	0.46
70700	0.46	0.49	0.49	0	0	0.46
70800	0.46	0.49	0.49	0	0	0.46
70900	0.46	0.49	0.49	0	0	0.46
71000	0.46	0.49	0.49	0	0	0.46
71100	0.46	0.49	0.49	0	0	0.46
71200	0.46	0.49	0.49	0	0	0.46
71300	0.46	0.49	0.49	0	0	0.46
71400	0.46	0.49	0.49	0	0	0.46
71500	0.45	0.48	0.48	0	0	0.45
71600	0.45	0.48	0.48	0	0	0.45
71700	0.45	0.47	0.47	0	0	0.45
71800	0.45	0.47	0.47	0	0	0.45
71900	0.44	0.48	0.48	0	0	0.44
72000	0.44	0.48	0.48	0	0	0.44
72100	0.44	0.48	0.48	0	0	0.44
72200	0.44	0.48	0.48	0	0	0.44
72300	0.44	0.48	0.48	0	0	0.44
72400	0.44	0.47	0.47	0	0	0.44
72500	0.44	0.47	0.47	0	0	0.44
72600	0.44	0.47	0.47	0	0	0.44
72700	0.45	0.47	0.47	0	0	0.45
72800	0.45	0.47	0.47	0	0	0.45
72900	0.44	0.47	0.47	0	0	0.44
73000	0.44	0.47	0.47	0	0	0.44
73100	0.44	0.47	0.47	0	0	0.44
73200	0.44	0.48	0.48	0	0	0.44
73300	0.44	0.48	0.48	0	0	0.44
73400	0.44	0.48	0.48	0	0	0.44
73500	0.44	0.48	0.48	0	0	0.44
73600	0.44	0.48	0.48	0	0	0.44
73700	0.44	0.48	0.48	0	0	0.44
73800	0.44	0.48	0.48	0	0	0.44
73900	0.44	0.48	0.48	0	0	0.44
74000	0.44	0.49	0.49	0	0	0.44
74100	0.44	0.49	0.49	0	0	0.44
74200	0.44	0.49	0.49	0	0	0.44
74300	0.44	0.49	0.49	0	0	0.44
74400	0.44	0.49	0.49	0	0	0.44
74500	0.44	0.49	0.49	0	0	0.44
74600	0.44	0.49	0.49	0	0	0.44
74700	0.44	0.49	0.49	0	0	0.44
74800	0.44	0.49	0.49	0	0	0.44
74900	0.44	0.49	0.49	0	0	0.44
75000	0.44	0.49	0.49	0	0	0.44
75100	0.44	0.49	0.49	0	0	0.44
75200	0.44	0.48	0.48	0	0	0.44
75300	0.44	0.48	0.48	0	0	0.44
75400	0.44	0.48	0.48	0	0	0.44
75500	0.44	0.48	0.48	0	0	0.44
75600	0.44	0.48	0.48	0	0	0.44
75700	0.43	0.48	0.48	0	0	0.43
75800	0.43	0.48	0.48	0	0	0.43
75900	0.43	0.47	0.47	0	0	0.43
76000	0.43	0.47	0.47	0	0	0.43
76100	0.44	0.47	0.47	0	0	0.44
76200	0.44	0.47	0.47	0	0	0.44
76300	0.44	0.47	0.47	0	0	0.44
76400	0.44	0.47	0.47	0	0	0.44
76500	0.44	0.47	0.47	0	0	0.44
76600	0.44	0.47	0.47	0	0	0.44
76700	0.45	0.47	0.47	0	0	0.45
76800	0.45	0.47	0.47	0	0	0.45
76900	0.45	0.47	0.47	0	0	0.45
77000	0.45	0.47	0.47	0	0	0.45
77100	0.45	0.47	0.47	0	0	0.45
77200	0.45	0.47	0.47	0	0	0.45
77300	0.45	0.47	0.47	0	0	0.45
77400	0.45	0.47	0.47	0	0	0.45
77500	0.45	0.48	0.48	0	0	0.45
77600	0.45	0.48	0.48	0	0	0.45
77700	0.45	0.48	0.48	0	0	0.45
77800	0.46	0.48	0.48	0	0	0.46
77900	0.46	0.48	0.48	0	0	0.46
78000	0.45	0.48	0.48	0	0	0.45
78100	0.45	0.48	0.48	0	0	0.45
78200	0.45	0.48	0.48	0	0	0.45
78300	0.45	0.48	0.48	0	0	0.45
78400	0.45	0.48	0.48	0	0	0.45
78500	0.45	0.48	0.48	0	0	0.45
78600	0.45	0.48	0.48	0	0	0.45
78700	0.45	0.48	0.48	0	0	0.45
78800	0.45	0.47	0.47	0	0	0.45
78900	0.45	0.47	0.47	0	0	0.45
79000	0.45	0.47	0.47	0	0	0.45
79100	0.45	0.47	0.47	0	0	0.45
79200	0.45	0.47	0.47	0	0	0.45
79300	0.45	0.47	0.47	0	0	0.45
79400	0.45	0.47	0.47	0	0	0.45
79500	0.45	0.47	0.47	0	0	0.45
79600	0.45	0.47	0.47	0	0	0.45
79700	0.45	0.47	0.47	0	0	0.45
79800	0.45	0.47	0.47	0	0	0.45
79900	0.45	0.47	0.47	0	0	0.45
80000	0.45	0.47	0.47	0	0	0.45
80100	0.45	0.47	0.47	0	0	0.45
80200	0.44	0.47	0.47	0	0	0.44
80300	0.44	0.47	0.47	0	0	0.44
80400	0.44	0.47	0.47	0	0	0.44
80500	0.44	0.47	0.47	0	0	0.44
80600	0.44	0.48	0.48	0	0	0.44
80700	0.44	0.48	0.48	0	0	0.44
80800	0.44	0.48	0.48	0	0	0.44
80900	0.44	0.48	0.48	0	0	0.44
81000	0.44	0.48	0.48	0	0	0.44
81100	0.44	0.48	0.48	0	0	0.44
81200	0.44	0.48	0.48	0	0	0.44
81300	0.44	0.48	0.48	0	0	0.44
81400	0.44	0.48	0.48	0	0	0.44
81500	0.44	0.48	0.48	0	0	0.44
81600	0.44	0.48	0.48	0	0	0.44
81700	0.45	0.48	0.48	0	0	0.45
81800	0.45	0.48	0.48	0	0	0.45
81900	0.45	0.48	0.48	0	0	0.45
82000	0.45	0.48	0.48	0	0	0.45
82100	0.45	0.48	0.48	0	0	0.45
82200	0.45	0.48	0.48	0	0	0.45
82300	0.45	0.48	0.48	0	0	0.45
82400	0.44	0.49	0.49	0	0	0.44
82500	0.44	0.49	0.49	0	0	0.44
82600	0.44	0.49	0.49	0	0	0.44
82700	0.44	0.49	0.49	0	0	0.44
82800	0.44	0.48	0.48	0	0	0.44
82900	0.44	0.48	0.48	0	0	0.44
83000	0.44	0.48	0.48	0	0	0.44
83100	0.44	0.48	0.48	0	0	0.44
83200	0.44	0.48	0.48	0	0	0.44
83300	0.44	0.48	0.48	0	0	0.44
83400	0.44	0.49	0.49	0	0	0.44
83500	0.45	0.49	0.49	0	0	0.45
83600	0.45	0.49	0.49	0	0	0.45
83700	0.45	0.49	0.49	0	0	0.45
83800	0.45	0.49	0.49	0	0	0.45
83900	0.45	0.5	0.5	0	0	0.45
84000	0.45	0.5	0.5	0	0	0.45
84100	0.45	0.5	0.5	0	0	0.45
84200	0.45	0.5	0.5	0	0	0.45
84300	0.45	0.5	0.5	0	0	0.45
84400	0.45	0.5	0.5	0	0	0.45
84500	0.45	0.5	0.5	0	0	0.45
84600	0.45	0.51	0.51	0	0	0.45
84700	0.45	0.51	0.51	0	0	0.45
84800	0.45	0.51	0.51	0	0	0.45
84900	0.45	0.51	0.51	0	0	0.45
85000	0.44	0.51	0.51	0	0	0.44
85100	0.44	0.51	0.51	0	0	0.44
85200	0.44	0.51	0.51	0	0	0.44
85300	0.44	0.51	0.51	0	0	0.44
85400	0.44	0.51	0.51	0	0	0.44
85500	0.44	0.51	0.51	0	0	0.44
85600	0.44	0.51	0.51	0	0	0.44
85700	0.44	0.51	0.51	0	0	0.44
85800	0.44	0.51	0.51	0	0	0.44
85900	0.44	0.51	0.51	0	0	0.44
86000	0.44	0.51	0.51	0	0	0.44
86100	0.44	0.51	0.51	0	0	0.44
86200	0.44	0.5	0.5	0	0	0.44
86300	0.44	0.5	0.5	0	0	0.44
86400	0.44	0.5	0.5	0	0	0.44
86500	0.44	0.51	0.51	0	0	0.44
86600	0.44	0.51	0.51	0	0	0.44
86700	0.44	0.51	0.51	0	0	0.44
86800	0.44	0.51	0.51	0	0	0.44
86900	0.44	0.51	0.51	0	0	0.44
87000	0.44	0.51	0.51	0	0	0.44
87100	0.44	0.51	0.51	0	0	0.44
87200	0.44	0.51	0.51	0	0	0.44
87300	0.44	0.51	0.51	0	0	0.44
87400	0.44	0.51	0.51	0	0	0.44
87500	0.44	0.51	0.51	0	0	0.44
87600	0.44	0.51	0.51	0	0	0.44
87700	0.44	0.5	0.5	0	0	0.44
87800	0.44	0.5	0.5	0	0	0.44
87900	0.44	0.5	0.5	0	0	0.44
88000	0.44	0.5	0.5	0	0	0.44
88100	0.44	0.5	0.5	0	0	0.44
88200	0.44	0.52	0.52	0	0	0.44
88300	0.44	0.52	0.52	0	0	0.44
88400	0.44	0.52	0.52	0	0	0.44
88500	0.44	0.52	0.52	0	0	0.44
88600	0.44	0.52	0.52	0	0	0.44
88700	0.44	0.52	0.52	0	0	0.44
88800	0.44	0.52	0.52	0	0	0.44
88900	0.44	0.52	0.52	0	0	0.44
89000	0.44	0.52	0.52	0	0	0.44
89100	0.44	0.52	0.52	0	0	0.44
89200	0.44	0.52	0.52	0	0	0.44
89300	0.44	0.52	0.52	0	0	0.44
89400	0.44	0.52	0.52	0	0	0.44
89500	0.44	0.52	0.52	0	0	0.44
89600	0.44	0.52	0.52	0	0	0.44
89700	0.44	0.52	0.52	0	0	0.44
89800	0.44	0.52	0.52	0	0	0.44
89900	0.44	0.52	0.52	0	0	0.44
90000	0.45	0.52	0.52	0	0	0.45
90100	0.45	0.52	0.52	0	0	0.45
90200	0.44	0.52	0.52	0	0	0.44
90300	0.44	0.52	0.52	0	0	0.44
90400	0.44	0.52	0.52	0	0	0.44
90500	0.44	0.52	0.52	0	0	0.44
90600	0.44	0.52	0.52	0	0	0.44
90700	0.44	0.52	0.52	0	0	0.44
90800	0.44	0.52	0.52	0	0	0.44
90900	0.43	0.52	0.52	0	0	0.43
91000	0.43	0.52	0.52	0	0	0.43
91100	0.43	0.52	0.52	0	0	0.43
91200	0.43	0.52	0.52	0	0	0.43
91300	0.43	0.52	0.52	0	0	0.43
91400	0.43	0.51	0.51	0	0	0.43
91500	0.43	0.51	0.51	0	0	0.43
91600	0.43	0.51	0.51	0	0	0.43
91700	0.43	0.5	0.5	0	0	0.43
91800	0.43	0.5	0.5	0	0	0.43
91900	0.43	0.5	0.5	0	0	0.43
92000	0.43	0.5	0.5	0	0	0.43
92100	0.43	0.5	0.5	0	0	0.43
92200	0.43	0.5	0.5	0	0	0.43
92300	0.43	0.5	0.5	0	0	0.43
92400	0.43	0.5	0.5	0	0	0.43
92500	0.43	0.5	0.5	0	0	0.43
92600	0.43	0.49	0.49	0	0	0.43
92700	0.43	0.49	0.49	0	0	0.43
92800	0.44	0.49	0.49	0	0	0.44
92900	0.44	0.5	0.5	0	0	0.44
93000	0.44	0.5	0.5	0	0	0.44
93100	0.44	0.5	0.5	0	0	0.44
93200	0.44	0.5	0.5	0	0	0.44
93300	0.44	0.5	0.5	0	0	0.44
93400	0.44	0.5	0.5	0	0	0.44
93500	0.45	0.5	0.5	0	0	0.45
93600	0.45	0.5	0.5	0	0	0.45
93700	0.46	0.5	0.5	0	0	0.46
93800	0.46	0.5	0.5	0	0	0.46
93900	0.46	0.5	0.5	0	0	0.46
94000	0.46	0.5	0.5	0	0	0.46
94100	0.46	0.5	0.5	0	0	0.46
94200	0.46	0.5	0.5	0	0	0.46
94300	0.46	0.5	0.5	0	0	0.46
94400	0.46	0.5	0.5	0	0	0.46
94500	0.46	0.5	0.5	0	0	0.46
94600	0.46	0.5	0.5	0	0	0.46
94700	0.46	0.5	0.5	0	0	0.46
94800	0.47	0.5	0.5	0	0	0.47
94900	0.47	0.5	0.5	0	0	0.47
95000	0.47	0.5	0.5	0	0	0.47
95100	0.47	0.5	0.5	0	0	0.47
95200	0.47	0.5	0.5	0	0	0.47
95300	0.47	0.5	0.5	0	0	0.47
95400	0.47	0.5	0.5	0	0	0.47
95500	0.47	0.5	0.5	0	0	0.47
95600	0.47	0.5	0.5	0	0	0.47
95700	0.47	0.5	0.5	0	0	0.47
95800	0.47	0.5	0.5	0	0	0.47
95900	0.47	0.5	0.5	0	0	0.47
96000	0.47	0.5	0.5	0	0	0.47
96100	0.47	0.5	0.5	0	0	0.47
96200	0.47	0.5	0.5	0	0	0.47
96300	0.47	0.5	0.5	0	0	0.47
96400	0.47	0.5	0.5	0	0	0.47
96500	0.47	0.5	0.5	0	0	0.47
96600	0.47	0.5	0.5	0	0	0.47
96700	0.47	0.5	0.5	0	0	0.47
96800	0.47	0.5	0.5	0	0	0.47
96900	0.47	0.5	0.5	0	0	0.47
97000	0.47	0.51	0.51	0	0	0.47
97100	0.47	0.51	0.51	0	0	0.47
97200	0.47	0.51	0.51	0	0	0.47
97300	0.47	0.51	0.51	0	0	0.47
97400	0.47	0.51	0.51	0	0	0.47
97500	0.46	0.51	0.51	0	0	0.46
97600	0.46	0.51	0.51	0	0	0.46
97700	0.46	0.51	0.51	0	0	0.46
97800	0.46	0.51	0.51	0	0	0.46
97900	0.46	0.51	0.51	0	0	0.46
98000	0.46	0.51	0.51	0	0	0.46
98100	0.46	0.51	0.51	0	0	0.46
98200	0.46	0.51	0.51	0	0	0.46
98300	0.46	0.51	0.51	0	0	0.46
98400	0.46	0.51	0.51	0	0	0.46
98500	0.46	0.51	0.51	0	0	0.46
98600	0.46	0.51	0.51	0	0	0.46
98700	0.46	0.51	0.51	0	0	0.46
98800	0.46	0.51	0.51	0	0	0.46
98900	0.46	0.51	0.51	0	0	0.46
99000	0.46	0.51	0.51	0	0	0.46
99100	0.46	0.51	0.51	0	0	0.46
99200	0.46	0.51	0.51	0	0	0.46
99300	0.46	0.51	0.51	0	0	0.46
99400	0.46	0.51	0.51	0	0	0.46
99500	0.46	0.51	0.51	0	0	0.46
99600	0.46	0.51	0.51	0	0	0.46
99700	0.46	0.51	0.51	0	0	0.46
99800	0.46	0.51	0.51	0	0	0.46
99900	0.46	0.51	0.51	0	0	0.46
100000	0.46	0.51	0.51	0	0	0.46
