100	0.02	0.09	0.09	0	0	0.02
200	0.04	0.1	0.1	0	0	0.04
300	0.07	0.15	0.15	0	0	0.07
400	0.09	0.15	0.15	0	0	0.09
500	0.09	0.17	0.17	0	0	0.09
600	0.09	0.16	0.16	0	0	0.09
700	0.1	0.17	0.17	0	0	0.1
800	0.12	0.17	0.17	0	0	0.12
900	0.12	0.2	0.2	0	0	0.12
1000	0.13	0.2	0.2	0	0	0.13
1100	0.14	0.2	0.2	0	0	0.14
1200	0.15	0.21	0.21	0	0	0.15
1300	0.16	0.22	0.22	0	0	0.16
1400	0.17	0.24	0.24	0	0	0.17
1500	0.18	0.24	0.24	0	0	0.18
1600	0.19	0.24	0.24	0	0	0.19
1700	0.2	0.26	0.26	0	0	0.2
1800	0.2	0.26	0.26	0	0	0.2
1900	0.21	0.26	0.26	0	0	0.21
2000	0.22	0.27	0.27	0	0	0.22
2100	0.22	0.27	0.27	0	0	0.22
2200	0.22	0.28	0.28	0	0	0.22
2300	0.22	0.29	0.29	0	0	0.22
2400	0.23	0.27	0.27	0	0	0.23
2500	0.24	0.27	0.27	0	0	0.24
2600	0.24	0.27	0.27	0	0	0.24
2700	0.25	0.26	0.26	0	0	0.25
2800	0.26	0.26	0.26	0	0	0.26
2900	0.27	0.26	0.26	0	0	0.27
3000	0.28	0.27	0.27	0	0	0.28
3100	0.31	0.28	0.28	0	0	0.31
3200	0.33	0.28	0.28	0	0	0.33
3300	0.32	0.29	0.29	0	0	0.32
3400	0.33	0.31	0.31	0	0	0.33
3500	0.33	0.34	0.34	0	0	0.33
3600	0.3	0.34	0.34	0	0	0.3
3700	0.3	0.34	0.34	0	0	0.3
3800	0.3	0.34	0.34	0	0	0.3
3900	0.3	0.34	0.34	0	0	0.3
4000	0.31	0.35	0.35	0	0	0.31
4100	0.31	0.36	0.36	0	0	0.31
4200	0.31	0.36	0.36	0	0	0.31
4300	0.31	0.36	0.36	0	0	0.31
4400	0.33	0.36	0.36	0	0	0.33
4500	0.33	0.36	0.36	0	0	0.33
4600	0.35	0.35	0.35	0	0	0.35
4700	0.36	0.35	0.35	0	0	0.36
4800	0.37	0.34	0.34	0	0	0.37
4900	0.38	0.34	0.34	0	0	0.38
5000	0.38	0.34	0.34	0	0	0.38
5100	0.38	0.34	0.34	0	0	0.38
5200	0.39	0.35	0.35	0	0	0.39
5300	0.4	0.35	0.35	0	0	0.4
5400	0.41	0.35	0.35	0	0	0.41
5500	0.42	0.36	0.36	0	0	0.42
5600	0.42	0.36	0.36	0	0	0.42
5700	0.42	0.35	0.35	0	0	0.42
5800	0.42	0.36	0.36	0	0	0.42
5900	0.42	0.36	0.36	0	0	0.42
6000	0.42	0.36	0.36	0	0	0.42
6100	0.43	0.36	0.36	0	0	0.43
6200	0.43	0.37	0.37	0	0	0.43
6300	0.43	0.37	0.37	0	0	0.43
6400	0.43	0.36	0.36	0	0	0.43
6500	0.44	0.35	0.35	0	0	0.44
6600	0.44	0.37	0.37	0	0	0.44
6700	0.44	0.37	0.37	0	0	0.44
6800	0.43	0.37	0.37	0	0	0.43
6900	0.43	0.36	0.36	0	0	0.43
7000	0.43	0.36	0.36	0	0	0.43
7100	0.44	0.36	0.36	0	0	0.44
7200	0.44	0.37	0.37	0	0	0.44
7300	0.45	0.37	0.37	0	0	0.45
7400	0.46	0.37	0.37	0	0	0.46
7500	0.46	0.36	0.36	0	0	0.46
7600	0.46	0.36	0.36	0	0	0.46
7700	0.46	0.36	0.36	0	0	0.46
7800	0.46	0.37	0.37	0	0	0.46
7900	0.47	0.36	0.36	0	0	0.47
8000	0.47	0.36	0.36	0	0	0.47
8100	0.48	0.36	0.36	0	0	0.48
8200	0.47	0.36	0.36	0	0	0.47
8300	0.46	0.36	0.36	0	0	0.46
8400	0.45	0.36	0.36	0	0	0.45
8500	0.45	0.36	0.36	0	0	0.45
8600	0.45	0.37	0.37	0	0	0.45
8700	0.45	0.37	0.37	0	0	0.45
8800	0.45	0.37	0.37	0	0	0.45
8900	0.44	0.37	0.37	0	0	0.44
9000	0.43	0.37	0.37	0	0	0.43
9100	0.43	0.37	0.37	0	0	0.43
9200	0.43	0.37	0.37	0	0	0.43
9300	0.42	0.37	0.37	0	0	0.42
9400	0.42	0.37	0.37	0	0	0.42
9500	0.42	0.37	0.37	0	0	0.42
9600	0.42	0.37	0.37	0	0	0.42
9700	0.42	0.38	0.38	0	0	0.42
9800	0.42	0.39	0.39	0	0	0.42
9900	0.43	0.39	0.39	0	0	0.43
10000	0.44	0.39	0.39	0	0	0.44
10100	0.45	0.39	0.39	0	0	0.45
10200	0.44	0.39	0.39	0	0	0.44
10300	0.45	0.39	0.39	0	0	0.45
10400	0.45	0.39	0.39	0	0	0.45
10500	0.47	0.39	0.39	0	0	0.47
10600	0.47	0.39	0.39	0	0	0.47
10700	0.47	0.39	0.39	0	0	0.47
10800	0.47	0.39	0.39	0	0	0.47
10900	0.48	0.39	0.39	0	0	0.48
11000	0.49	0.4	0.4	0	0	0.49
11100	0.49	0.41	0.41	0	0	0.49
11200	0.49	0.41	0.41	0	0	0.49
11300	0.49	0.39	0.39	0	0	0.49
11400	0.48	0.38	0.38	0	0	0.48
11500	0.49	0.38	0.38	0	0	0.49
11600	0.49	0.38	0.38	0	0	0.49
11700	0.48	0.38	0.38	0	0	0.48
11800	0.48	0.38	0.38	0	0	0.48
11900	0.48	0.38	0.38	0	0	0.48
12000	0.48	0.38	0.38	0	0	0.48
12100	0.47	0.38	0.38	0	0	0.47
12200	0.47	0.41	0.41	0	0	0.47
12300	0.47	0.41	0.41	0	0	0.47
12400	0.48	0.41	0.41	0	0	0.48
12500	0.48	0.41	0.41	0	0	0.48
12600	0.48	0.41	0.41	0	0	0.48
12700	0.48	0.41	0.41	0	0	0.48
12800	0.48	0.41	0.41	0	0	0.48
12900	0.47	0.41	0.41	0	0	0.47
13000	0.47	0.41	0.41	0	0	0.47
13100	0.46	0.41	0.41	0	0	0.46
13200	0.46	0.41	0.41	0	0	0.46
13300	0.45	0.42	0.42	0	0	0.45
13400	0.45	0.42	0.42	0	0	0.45
13500	0.45	0.42	0.42	0	0	0.45
13600	0.45	0.43	0.43	0	0	0.45
13700	0.45	0.43	0.43	0	0	0.45
13800	0.45	0.43	0.43	0	0	0.45
13900	0.45	0.44	0.44	0	0	0.45
14000	0.45	0.44	0.44	0	0	0.45
14100	0.44	0.44	0.44	0	0	0.44
14200	0.44	0.44	0.44	0	0	0.44
14300	0.43	0.43	0.43	0	0	0.43
14400	0.42	0.43	0.43	0	0	0.42
14500	0.42	0.43	0.43	0	0	0.42
14600	0.42	0.43	0.43	0	0	0.42
14700	0.41	0.43	0.43	0	0	0.41
14800	0.41	0.43	0.43	0	0	0.41
14900	0.41	0.43	0.43	0	0	0.41
15000	0.4	0.43	0.43	0	0	0.4
15100	0.41	0.44	0.44	0	0	0.41
15200	0.41	0.44	0.44	0	0	0.41
15300	0.42	0.44	0.44	0	0	0.42
15400	0.42	0.45	0.45	0	0	0.42
15500	0.42	0.46	0.46	0	0	0.42
15600	0.42	0.46	0.46	0	0	0.42
15700	0.42	0.47	0.47	0	0	0.42
15800	0.43	0.46	0.46	0	0	0.43
15900	0.44	0.46	0.46	0	0	0.44
16000	0.44	0.46	0.46	0	0	0.44
16100	0.44	0.46	0.46	0	0	0.44
16200	0.45	0.46	0.46	0	0	0.45
16300	0.44	0.46	0.46	0	0	0.44
16400	0.44	0.46	0.46	0	0	0.44
16500	0.43	0.46	0.46	0	0	0.43
16600	0.43	0.46	0.46	0	0	0.43
16700	0.43	0.46	0.46	0	0	0.43
16800	0.43	0.46	0.46	0	0	0.43
16900	0.43	0.45	0.45	0	0	0.43
17000	0.43	0.45	0.45	0	0	0.43
17100	0.43	0.45	0.45	0	0	0.43
17200	0.43	0.45	0.45	0	0	0.43
17300	0.43	0.45	0.45	0	0	0.43
17400	0.43	0.45	0.45	0	0	0.43
17500	0.43	0.45	0.45	0	0	0.43
17600	0.43	0.46	0.46	0	0	0.43
17700	0.43	0.46	0.46	0	0	0.43
17800	0.43	0.47	0.47	0	0	0.43
17900	0.43	0.47	0.47	0	0	0.43
18000	0.44	0.47	0.47	0	0	0.44
18100	0.44	0.47	0.47	0	0	0.44
18200	0.44	0.47	0.47	0	0	0.44
18300	0.44	0.48	0.48	0	0	0.44
18400	0.44	0.48	0.48	0	0	0.44
18500	0.44	0.48	0.48	0	0	0.44
18600	0.44	0.48	0.48	0	0	0.44
18700	0.43	0.48	0.48	0	0	0.43
18800	0.43	0.48	0.48	0	0	0.43
18900	0.43	0.48	0.48	0	0	0.43
19000	0.44	0.48	0.48	0	0	0.44
19100	0.44	0.48	0.48	0	0	0.44
19200	0.45	0.48	0.48	0	0	0.45
19300	0.45	0.48	0.48	0	0	0.45
19400	0.45	0.48	0.48	0	0	0.45
19500	0.45	0.48	0.48	0	0	0.45
19600	0.45	0.48	0.48	0	0	0.45
19700	0.45	0.48	0.48	0	0	0.45
19800	0.45	0.48	0.48	0	0	0.45
19900	0.45	0.48	0.48	0	0	0.45
20000	0.45	0.49	0.49	0	0	0.45
20100	0.45	0.49	0.49	0	0	0.45
20200	0.45	0.49	0.49	0	0	0.45
20300	0.46	0.47	0.47	0	0	0.46
20400	0.46	0.47	0.47	0	0	0.46
20500	0.46	0.47	0.47	0	0	0.46
20600	0.46	0.47	0.47	0	0	0.46
20700	0.46	0.47	0.47	0	0	0.46
20800	0.46	0.47	0.47	0	0	0.46
20900	0.46	0.47	0.47	0	0	0.46
21000	0.46	0.47	0.47	0	0	0.46
21100	0.46	0.47	0.47	0	0	0.46
21200	0.46	0.47	0.47	0	0	0.46
21300	0.46	0.47	0.47	0	0	0.46
21400	0.46	0.47	0.47	0	0	0.46
21500	0.46	0.46	0.46	0	0	0.46
21600	0.46	0.46	0.46	0	0	0.46
21700	0.46	0.46	0.46	0	0	0.46
21800	0.46	0.46	0.46	0	0	0.46
21900	0.46	0.47	0.47	0	0	0.46
22000	0.46	0.47	0.47	0	0	0.46
22100	0.46	0.47	0.47	0	0	0.46
22200	0.46	0.47	0.47	0	0	0.46
22300	0.46	0.47	0.47	0	0	0.46
22400	0.46	0.47	0.47	0	0	0.46
22500	0.46	0.47	0.47	0	0	0.46
22600	0.45	0.47	0.47	0	0	0.45
22700	0.45	0.47	0.47	0	0	0.45
22800	0.45	0.47	0.47	0	0	0.45
22900	0.45	0.47	0.47	0	0	0.45
23000	0.45	0.47	0.47	0	0	0.45
23100	0.45	0.47	0.47	0	0	0.45
23200	0.45	0.48	0.48	0	0	0.45
23300	0.46	0.47	0.47	0	0	0.46
23400	0.46	0.47	0.47	0	0	0.46
23500	0.46	0.47	0.47	0	0	0.46
23600	0.46	0.47	0.47	0	0	0.46
23700	0.46	0.47	0.47	0	0	0.46
23800	0.46	0.47	0.47	0	0	0.46
23900	0.46	0.48	0.48	0	0	0.46
24000	0.46	0.48	0.48	0	0	0.46
24100	0.46	0.48	0.48	0	0	0.46
24200	0.46	0.48	0.48	0	0	0.46
24300	0.47	0.48	0.48	0	0	0.47
24400	0.47	0.48	0.48	0	0	0.47
24500	0.46	0.48	0.48	0	0	0.46
24600	0.46	0.48	0.48	0	0	0.46
24700	0.46	0.48	0.48	0	0	0.46
24800	0.46	0.48	0.48	0	0	0.46
24900	0.46	0.48	0.48	0	0	0.46
25000	0.45	0.48	0.48	0	0	0.45
25100	0.45	0.48	0.48	0	0	0.45
25200	0.45	0.47	0.47	0	0	0.45
25300	0.45	0.47	0.47	0	0	0.45
25400	0.45	0.47	0.47	0	0	0.45
25500	0.45	0.47	0.47	0	0	0.45
25600	0.45	0.46	0.46	0	0	0.45
25700	0.44	0.46	0.46	0	0	0.44
25800	0.44	0.46	0.46	0	0	0.44
25900	0.44	0.45	0.45	0	0	0.44
26000	0.44	0.45	0.45	0	0	0.44
26100	0.43	0.45	0.45	0	0	0.43
26200	0.43	0.45	0.45	0	0	0.43
26300	0.42	0.45	0.45	0	0	0.42
26400	0.42	0.45	0.45	0	0	0.42
26500	0.43	0.45	0.45	0	0	0.43
26600	0.43	0.45	0.45	0	0	0.43
26700	0.43	0.46	0.46	0	0	0.43
26800	0.43	0.46	0.46	0	0	0.43
26900	0.43	0.46	0.46	0	0	0.43
27000	0.43	0.46	0.46	0	0	0.43
27100	0.43	0.46	0.46	0	0	0.43
27200	0.43	0.46	0.46	0	0	0.43
27300	0.42	0.45	0.45	0	0	0.42
27400	0.42	0.45	0.45	0	0	0.42
27500	0.42	0.45	0.45	0	0	0.42
27600	0.42	0.45	0.45	0	0	0.42
27700	0.42	0.45	0.45	0	0	0.42
27800	0.42	0.45	0.45	0	0	0.42
27900	0.42	0.46	0.46	0	0	0.42
28000	0.42	0.46	0.46	0	0	0.42
28100	0.42	0.46	0.46	0	0	0.42
28200	0.42	0.46	0.46	0	0	0.42
28300	0.42	0.46	0.46	0	0	0.42
28400	0.42	0.46	0.46	0	0	0.42
28500	0.42	0.46	0.46	0	0	0.42
28600	0.42	0.46	0.46	0	0	0.42
28700	0.42	0.46	0.46	0	0	0.42
28800	0.42	0.47	0.47	0	0	0.42
28900	0.42	0.47	0.47	0	0	0.42
29000	0.42	0.47	0.47	0	0	0.42
29100	0.42	0.47	0.47	0	0	0.42
29200	0.42	0.47	0.47	0	0	0.42
29300	0.42	0.47	0.47	0	0	0.42
29400	0.42	0.47	0.47	0	0	0.42
29500	0.42	0.47	0.47	0	0	0.42
29600	0.43	0.47	0.47	0	0	0.43
29700	0.44	0.47	0.47	0	0	0.44
29800	0.44	0.47	0.47	0	0	0.44
29900	0.44	0.47	0.47	0	0	0.44
30000	0.44	0.47	0.47	0	0	0.44
30100	0.44	0.48	0.48	0	0	0.44
30200	0.44	0.47	0.47	0	0	0.44
30300	0.45	0.47	0.47	0	0	0.45
30400	0.45	0.47	0.47	0	0	0.45
30500	0.45	0.48	0.48	0	0	0.45
30600	0.44	0.48	0.48	0	0	0.44
30700	0.44	0.48	0.48	0	0	0.44
30800	0.44	0.48	0.48	0	0	0.44
30900	0.44	0.48	0.48	0	0	0.44
31000	0.44	0.48	0.48	0	0	0.44
31100	0.44	0.48	0.48	0	0	0.44
31200	0.44	0.48	0.48	0	0	0.44
31300	0.43	0.48	0.48	0	0	0.43
31400	0.43	0.48	0.48	0	0	0.43
31500	0.43	0.48	0.48	0	0	0.43
31600	0.43	0.48	0.48	0	0	0.43
31700	0.43	0.48	0.48	0	0	0.43
31800	0.43	0.48	0.48	0	0	0.43
31900	0.43	0.48	0.48	0	0	0.43
32000	0.43	0.48	0.48	0	0	0.43
32100	0.43	0.48	0.48	0	0	0.43
32200	0.43	0.48	0.48	0	0	0.43
32300	0.43	0.48	0.48	0	0	0.43
32400	0.44	0.48	0.48	0	0	0.44
32500	0.44	0.48	0.48	0	0	0.44
32600	0.44	0.48	0.48	0	0	0.44
32700	0.44	0.48	0.48	0	0	0.44
32800	0.44	0.49	0.49	0	0	0.44
32900	0.44	0.49	0.49	0	0	0.44
33000	0.44	0.49	0.49	0	0	0.44
33100	0.44	0.49	0.49	0	0	0.44
33200	0.44	0.49	0.49	0	0	0.44
33300	0.45	0.49	0.49	0	0	0.45
33400	0.45	0.49	0.49	0	0	0.45
33500	0.45	0.49	0.49	0	0	0.45
33600	0.45	0.49	0.49	0	0	0.45
33700	0.46	0.49	0.49	0	0	0.46
33800	0.45	0.49	0.49	0	0	0.45
33900	0.45	0.49	0.49	0	0	0.45
34000	0.45	0.49	0.49	0	0	0.45
34100	0.45	0.49	0.49	0	0	0.45
34200	0.45	0.49	0.49	0	0	0.45
34300	0.45	0.49	0.49	0	0	0.45
34400	0.45	0.49	0.49	0	0	0.45
34500	0.45	0.49	0.49	0	0	0.45
34600	0.46	0.49	0.49	0	0	0.46
34700	0.46	0.49	0.49	0	0	0.46
34800	0.46	0.49	0.49	0	0	0.46
34900	0.46	0.49	0.49	0	0	0.46
35000	0.46	0.49	0.49	0	0	0.46
35100	0.46	0.49	0.49	0	0	0.46
35200	0.46	0.49	0.49	0	0	0.46
35300	0.46	0.49	0.49	0	0	0.46
35400	0.46	0.49	0.49	0	0	0.46
35500	0.46	0.49	0.49	0	0	0.46
35600	0.46	0.49	0.49	0	0	0.46
35700	0.45	0.49	0.49	0	0	0.45
35800	0.45	0.49	0.49	0	0	0.45
35900	0.45	0.49	0.49	0	0	0.45
36000	0.45	0.48	0.48	0	0	0.45
36100	0.46	0.48	0.48	0	0	0.46
36200	0.45	0.48	0.48	0	0	0.45
36300	0.45	0.48	0.48	0	0	0.45
36400	0.45	0.48	0.48	0	0	0.45
36500	0.45	0.48	0.48	0	0	0.45
36600	0.45	0.48	0.48	0	0	0.45
36700	0.46	0.48	0.48	0	0	0.46
36800	0.46	0.48	0.48	0	0	0.46
36900	0.45	0.47	0.47	0	0	0.45
37000	0.45	0.48	0.48	0	0	0.45
37100	0.45	0.47	0.47	0	0	0.45
37200	0.45	0.47	0.47	0	0	0.45
37300	0.45	0.47	0.47	0	0	0.45
37400	0.45	0.47	0.47	0	0	0.45
37500	0.45	0.47	0.47	0	0	0.45
37600	0.45	0.46	0.46	0	0	0.45
37700	0.45	0.46	0.46	0	0	0.45
37800	0.45	0.46	0.46	0	0	0.45
37900	0.45	0.46	0.46	0	0	0.45
38000	0.45	0.47	0.47	0	0	0.45
38100	0.45	0.47	0.47	0	0	0.45
38200	0.45	0.46	0.46	0	0	0.45
38300	0.44	0.46	0.46	0	0	0.44
38400	0.44	0.46	0.46	0	0	0.44
38500	0.44	0.46	0.46	0	0	0.44
38600	0.44	0.45	0.45	0	0	0.44
38700	0.44	0.45	0.45	0	0	0.44
38800	0.44	0.45	0.45	0	0	0.44
38900	0.44	0.45	0.45	0	0	0.44
39000	0.44	0.45	0.45	0	0	0.44
39100	0.44	0.45	0.45	0	0	0.44
39200	0.44	0.45	0.45	0	0	0.44
39300	0.44	0.45	0.45	0	0	0.44
39400	0.45	0.45	0.45	0	0	0.45
39500	0.45	0.46	0.46	0	0	0.45
39600	0.45	0.46	0.46	0	0	0.45
39700	0.45	0.46	0.46	0	0	0.45
39800	0.45	0.46	0.46	0	0	0.45
39900	0.45	0.46	0.46	0	0	0.45
40000	0.45	0.46	0.46	0	0	0.45
40100	0.45	0.46	0.46	0	0	0.45
40200	0.45	0.45	0.45	0	0	0.45
40300	0.45	0.45	0.45	0	0	0.45
40400	0.45	0.45	0.45	0	0	0.45
40500	0.45	0.45	0.45	0	0	0.45
40600	0.45	0.45	0.45	0	0	0.45
40700	0.45	0.45	0.45	0	0	0.45
40800	0.45	0.45	0.45	0	0	0.45
40900	0.45	0.45	0.45	0	0	0.45
41000	0.45	0.45	0.45	0	0	0.45
41100	0.45	0.45	0.45	0	0	0.45
41200	0.45	0.45	0.45	0	0	0.45
41300	0.45	0.45	0.45	0	0	0.45
41400	0.46	0.45	0.45	0	0	0.46
41500	0.46	0.45	0.45	0	0	0.46
41600	0.46	0.45	0.45	0	0	0.46
41700	0.46	0.45	0.45	0	0	0.46
41800	0.47	0.45	0.45	0	0	0.47
41900	0.47	0.45	0.45	0	0	0.47
42000	0.47	0.46	0.46	0	0	0.47
42100	0.47	0.46	0.46	0	0	0.47
42200	0.47	0.46	0.46	0	0	0.47
42300	0.47	0.46	0.46	0	0	0.47
42400	0.47	0.46	0.46	0	0	0.47
42500	0.48	0.46	0.46	0	0	0.48
42600	0.48	0.46	0.46	0	0	0.48
42700	0.48	0.46	0.46	0	0	0.48
42800	0.48	0.46	0.46	0	0	0.48
42900	0.48	0.46	0.46	0	0	0.48
43000	0.48	0.46	0.46	0	0	0.48
43100	0.48	0.46	0.46	0	0	0.48
43200	0.48	0.46	0.46	0	0	0.48
43300	0.48	0.46	0.46	0	0	0.48
43400	0.48	0.46	0.46	0	0	0.48
43500	0.48	0.46	0.46	0	0	0.48
43600	0.48	0.46	0.46	0	0	0.48
43700	0.48	0.46	0.46	0	0	0.48
43800	0.48	0.46	0.46	0	0	0.48
43900	0.48	0.45	0.45	0	0	0.48
44000	0.48	0.45	0.45	0	0	0.48
44100	0.47	0.45	0.45	0	0	0.47
44200	0.47	0.45	0.45	0	0	0.47
44300	0.47	0.45	0.45	0	0	0.47
44400	0.47	0.46	0.46	0	0	0.47
44500	0.47	0.46	0.46	0	0	0.47
44600	0.47	0.46	0.46	0	0	0.47
44700	0.47	0.46	0.46	0	0	0.47
44800	0.47	0.46	0.46	0	0	0.47
44900	0.47	0.46	0.46	0	0	0.47
45000	0.47	0.46	0.46	0	0	0.47
45100	0.47	0.46	0.46	0	0	0.47
45200	0.47	0.46	0.46	0	0	0.47
45300	0.46	0.46	0.46	0	0	0.46
45400	0.46	0.46	0.46	0	0	0.46
45500	0.46	0.46	0.46	0	0	0.46
45600	0.46	0.46	0.46	0	0	0.46
45700	0.46	0.46	0.46	0	0	0.46
45800	0.46	0.46	0.46	0	0	0.46
45900	0.46	0.47	0.47	0	0	0.46
46000	0.46	0.47	0.47	0	0	0.46
46100	0.46	0.47	0.47	0	0	0.46
46200	0.46	0.47	0.47	0	0	0.46
46300	0.46	0.47	0.47	0	0	0.46
46400	0.46	0.47	0.47	0	0	0.46
46500	0.46	0.47	0.47	0	0	0.46
46600	0.46	0.47	0.47	0	0	0.46
46700	0.46	0.47	0.47	0	0	0.46
46800	0.46	0.46	0.46	0	0	0.46
46900	0.46	0.46	0.46	0	0	0.46
47000	0.46	0.46	0.46	0	0	0.46
47100	0.46	0.46	0.46	0	0	0.46
47200	0.46	0.45	0.45	0	0	0.46
47300	0.46	0.45	0.45	0	0	0.46
47400	0.46	0.45	0.45	0	0	0.46
47500	0.46	0.45	0.45	0	0	0.46
47600	0.46	0.45	0.45	0	0	0.46
47700	0.46	0.45	0.45	0	0	0.46
47800	0.46	0.45	0.45	0	0	0.46
47900	0.46	0.44	0.44	0	0	0.46
48000	0.46	0.45	0.45	0	0	0.46
48100	0.46	0.45	0.45	0	0	0.46
48200	0.46	0.45	0.45	0	0	0.46
48300	0.46	0.45	0.45	0	0	0.46
48400	0.46	0.45	0.45	0	0	0.46
48500	0.46	0.45	0.45	0	0	0.46
48600	0.46	0.45	0.45	0	0	0.46
48700	0.46	0.45	0.45	0	0	0.46
48800	0.46	0.45	0.45	0	0	0.46
48900	0.46	0.46	0.46	0	0	0.46
49000	0.45	0.46	0.46	0	0	0.45
49100	0.45	0.45	0.45	0	0	0.45
49200	0.45	0.45	0.45	0	0	0.45
49300	0.45	0.45	0.45	0	0	0.45
49400	0.44	0.45	0.45	0	0	0.44
49500	0.44	0.45	0.45	0	0	0.44
49600	0.44	0.45	0.45	0	0	0.44
49700	0.44	0.45	0.45	0	0	0.44
49800	0.44	0.45	0.45	0	0	0.44
49900	0.44	0.45	0.45	0	0	0.44
50000	0.44	0.45	0.45	0	0	0.44
50100	0.44	0.45	0.45	0	0	0.44
50200	0.44	0.45	0.45	0	0	0.44
50300	0.44	0.45	0.45	0	0	0.44
50400	0.44	0.45	0.45	0	0	0.44
50500	0.44	0.46	0.46	0	0	0.44
50600	0.44	0.47	0.47	0	0	0.44
50700	0.44	0.47	0.47	0	0	0.44
50800	0.44	0.47	0.47	0	0	0.44
50900	0.44	0.47	0.47	0	0	0.44
51000	0.45	0.47	0.47	0	0	0.45
51100	0.45	0.47	0.47	0	0	0.45
51200	0.45	0.47	0.47	0	0	0.45
51300	0.45	0.47	0.47	0	0	0.45
51400	0.45	0.47	0.47	0	0	0.45
51500	0.45	0.47	0.47	0	0	0.45
51600	0.45	0.47	0.47	0	0	0.45
51700	0.45	0.47	0.47	0	0	0.45
51800	0.45	0.47	0.47	0	0	0.45
51900	0.45	0.47	0.47	0	0	0.45
52000	0.45	0.47	0.47	0	0	0.45
52100	0.45	0.48	0.48	0	0	0.45
52200	0.45	0.47	0.47	0	0	0.45
52300	0.46	0.46	0.46	0	0	0.46
52400	0.46	0.46	0.46	0	0	0.46
52500	0.46	0.46	0.46	0	0	0.46
52600	0.46	0.46	0.46	0	0	0.46
52700	0.46	0.46	0.46	0	0	0.46
52800	0.47	0.46	0.46	0	0	0.47
52900	0.46	0.46	0.46	0	0	0.46
53000	0.46	0.46	0.46	0	0	0.46
53100	0.45	0.46	0.46	0	0	0.45
53200	0.45	0.46	0.46	0	0	0.45
53300	0.45	0.46	0.46	0	0	0.45
53400	0.45	0.47	0.47	0	0	0.45
53500	0.45	0.47	0.47	0	0	0.45
53600	0.45	0.47	0.47	0	0	0.45
53700	0.45	0.47	0.47	0	0	0.45
53800	0.45	0.47	0.47	0	0	0.45
53900	0.45	0.47	0.47	0	0	0.45
54000	0.44	0.47	0.47	0	0	0.44
54100	0.44	0.47	0.47	0	0	0.44
54200	0.44	0.47	0.47	0	0	0.44
54300	0.45	0.47	0.47	0	0	0.45
54400	0.45	0.47	0.47	0	0	0.45
54500	0.45	0.47	0.47	0	0	0.45
54600	0.45	0.47	0.47	0	0	0.45
54700	0.45	0.47	0.47	0	0	0.45
54800	0.45	0.47	0.47	0	0	0.45
54900	0.45	0.47	0.47	0	0	0.45
55000	0.45	0.47	0.47	0	0	0.45
55100	0.45	0.47	0.47	0	0	0.45
55200	0.45	0.47	0.47	0	0	0.45
55300	0.45	0.47	0.47	0	0	0.45
55400	0.45	0.47	0.47	0	0	0.45
55500	0.45	0.47	0.47	0	0	0.45
55600	0.45	0.47	0.47	0	0	0.45
55700	0.45	0.47	0.47	0	0	0.45
55800	0.45	0.47	0.47	0	0	0.45
55900	0.45	0.47	0.47	0	0	0.45
56000	0.45	0.47	0.47	0	0	0.45
56100	0.45	0.47	0.47	0	0	0.45
56200	0.45	0.47	0.47	0	0	0.45
56300	0.45	0.47	0.47	0	0	0.45
56400	0.45	0.47	0.47	0	0	0.45
56500	0.44	0.47	0.47	0	0	0.44
56600	0.44	0.47	0.47	0	0	0.44
56700	0.44	0.47	0.47	0	0	0.44
56800	0.44	0.47	0.47	0	0	0.44
56900	0.44	0.47	0.47	0	0	0.44
57000	0.44	0.47	0.47	0	0	0.44
57100	0.44	0.47	0.47	0	0	0.44
57200	0.43	0.47	0.47	0	0	0.43
57300	0.42	0.47	0.47	0	0	0.42
57400	0.42	0.47	0.47	0	0	0.42
57500	0.41	0.47	0.47	0	0	0.41
57600	0.41	0.47	0.47	0	0	0.41
57700	0.41	0.47	0.47	0	0	0.41
57800	0.41	0.47	0.47	0	0	0.41
57900	0.42	0.47	0.47	0	0	0.42
58000	0.42	0.47	0.47	0	0	0.42
58100	0.42	0.47	0.47	0	0	0.42
58200	0.42	0.47	0.47	0	0	0.42
58300	0.41	0.47	0.47	0	0	0.41
58400	0.41	0.47	0.47	0	0	0.41
58500	0.41	0.47	0.47	0	0	0.41
58600	0.41	0.47	0.47	0	0	0.41
58700	0.41	0.48	0.48	0	0	0.41
58800	0.41	0.48	0.48	0	0	0.41
58900	0.41	0.48	0.48	0	0	0.41
59000	0.41	0.48	0.48	0	0	0.41
59100	0.42	0.48	0.48	0	0	0.42
59200	0.42	0.47	0.47	0	0	0.42
59300	0.42	0.47	0.47	0	0	0.42
59400	0.42	0.47	0.47	0	0	0.42
59500	0.42	0.48	0.48	0	0	0.42
59600	0.42	0.49	0.49	0	0	0.42
59700	0.43	0.49	0.49	0	0	0.43
59800	0.43	0.49	0.49	0	0	0.43
59900	0.43	0.49	0.49	0	0	0.43
60000	0.43	0.49	0.49	0	0	0.43
60100	0.42	0.48	0.48	0	0	0.42
60200	0.42	0.48	0.48	0	0	0.42
60300	0.42	0.48	0.48	0	0	0.42
60400	0.42	0.47	0.47	0	0	0.42
60500	0.42	0.47	0.47	0	0	0.42
60600	0.42	0.47	0.47	0	0	0.42
60700	0.41	0.47	0.47	0	0	0.41
60800	0.41	0.47	0.47	0	0	0.41
60900	0.41	0.47	0.47	0	0	0.41
61000	0.41	0.47	0.47	0	0	0.41
61100	0.41	0.47	0.47	0	0	0.41
61200	0.41	0.47	0.47	0	0	0.41
61300	0.41	0.48	0.48	0	0	0.41
61400	0.41	0.48	0.48	0	0	0.41
61500	0.41	0.47	0.47	0	0	0.41
61600	0.4	0.47	0.47	0	0	0.4
61700	0.4	0.47	0.47	0	0	0.4
61800	0.4	0.47	0.47	0	0	0.4
61900	0.4	0.47	0.47	0	0	0.4
62000	0.4	0.47	0.47	0	0	0.4
62100	0.41	0.47	0.47	0	0	0.41
62200	0.4	0.47	0.47	0	0	0.4
62300	0.4	0.47	0.47	0	0	0.4
62400	0.4	0.47	0.47	0	0	0.4
62500	0.4	0.47	0.47	0	0	0.4
62600	0.41	0.47	0.47	0	0	0.41
62700	0.4	0.47	0.47	0	0	0.4
62800	0.41	0.47	0.47	0	0	0.41
62900	0.41	0.47	0.47	0	0	0.41
63000	0.41	0.47	0.47	0	0	0.41
63100	0.41	0.47	0.47	0	0	0.41
63200	0.41	0.47	0.47	0	0	0.41
63300	0.41	0.47	0.47	0	0	0.41
63400	0.41	0.47	0.47	0	0	0.41
63500	0.41	0.47	0.47	0	0	0.41
63600	0.41	0.47	0.47	0	0	0.41
63700	0.41	0.47	0.47	0	0	0.41
63800	0.41	0.47	0.47	0	0	0.41
63900	0.42	0.47	0.47	0	0	0.42
64000	0.42	0.48	0.48	0	0	0.42
64100	0.42	0.48	0.48	0	0	0.42
64200	0.43	0.48	0.48	0	0	0.43
64300	0.43	0.48	0.48	0	0	0.43
64400	0.43	0.48	0.48	0	0	0.43
64500	0.43	0.48	0.48	0	0	0.43
64600	0.43	0.49	0.49	0	0	0.43
64700	0.43	0.48	0.48	0	0	0.43
64800	0.43	0.48	0.48	0	0	0.43
64900	0.43	0.48	0.48	0	0	0.43
65000	0.43	0.48	0.48	0	0	0.43
65100	0.43	0.48	0.48	0	0	0.43
65200	0.43	0.48	0.48	0	0	0.43
65300	0.43	0.48	0.48	0	0	0.43
65400	0.42	0.48	0.48	0	0	0.42
65500	0.42	0.48	0.48	0	0	0.42
65600	0.42	0.48	0.48	0	0	0.42
65700	0.42	0.48	0.48	0	0	0.42
65800	0.42	0.48	0.48	0	0	0.42
65900	0.42	0.48	0.48	0	0	0.42
66000	0.42	0.48	0.48	0	0	0.42
66100	0.42	0.48	0.48	0	0	0.42
66200	0.42	0.48	0.48	0	0	0.42
66300	0.43	0.48	0.48	0	0	0.43
66400	0.42	0.48	0.48	0	0	0.42
66500	0.43	0.48	0.48	0	0	0.43
66600	0.43	0.48	0.48	0	0	0.43
66700	0.43	0.48	0.48	0	0	0.43
66800	0.43	0.48	0.48	0	0	0.43
66900	0.43	0.48	0.48	0	0	0.43
67000	0.44	0.48	0.48	0	0	0.44
67100	0.44	0.48	0.48	0	0	0.44
67200	0.44	0.48	0.48	0	0	0.44
67300	0.44	0.48	0.48	0	0	0.44
67400	0.44	0.48	0.48	0	0	0.44
67500	0.44	0.48	0.48	0	0	0.44
67600	0.44	0.47	0.47	0	0	0.44
67700	0.44	0.47	0.47	0	0	0.44
67800	0.43	0.47	0.47	0	0	0.43
67900	0.43	0.47	0.47	0	0	0.43
68000	0.42	0.47	0.47	0	0	0.42
68100	0.42	0.47	0.47	0	0	0.42
68200	0.42	0.47	0.47	0	0	0.42
68300	0.42	0.47	0.47	0	0	0.42
68400	0.42	0.47	0.47	0	0	0.42
68500	0.42	0.47	0.47	0	0	0.42
68600	0.42	0.47	0.47	0	0	0.42
68700	0.42	0.47	0.47	0	0	0.42
68800	0.42	0.47	0.47	0	0	0.42
68900	0.42	0.47	0.47	0	0	0.42
69000	0.42	0.47	0.47	0	0	0.42
69100	0.42	0.47	0.47	0	0	0.42
69200	0.43	0.47	0.47	0	0	0.43
69300	0.43	0.47	0.47	0	0	0.43
69400	0.43	0.47	0.47	0	0	0.43
69500	0.43	0.48	0.48	0	0	0.43
69600	0.43	0.48	0.48	0	0	0.43
69700	0.43	0.48	0.48	0	0	0.43
69800	0.43	0.47	0.47	0	0	0.43
69900	0.42	0.47	0.47	0	0	0.42
70000	0.42	0.46	0.46	0	0	0.42
70100	0.44	0.46	0.46	0	0	0.44
70200	0.44	0.46	0.46	0	0	0.44
70300	0.44	0.46	0.46	0	0	0.44
70400	0.44	0.46	0.46	0	0	0.44
70500	0.45	0.46	0.46	0	0	0.45
70600	0.45	0.46	0.46	0	0	0.45
70700	0.45	0.46	0.46	0	0	0.45
70800	0.45	0.47	0.47	0	0	0.45
70900	0.45	0.47	0.47	0	0	0.45
71000	0.46	0.48	0.48	0	0	0.46
71100	0.46	0.48	0.48	0	0	0.46
71200	0.46	0.47	0.47	0	0	0.46
71300	0.45	0.47	0.47	0	0	0.45
71400	0.45	0.47	0.47	0	0	0.45
71500	0.45	0.47	0.47	0	0	0.45
71600	0.45	0.47	0.47	0	0	0.45
71700	0.45	0.48	0.48	0	0	0.45
71800	0.45	0.48	0.48	0	0	0.45
71900	0.45	0.48	0.48	0	0	0.45
72000	0.45	0.48	0.48	0	0	0.45
72100	0.45	0.48	0.48	0	0	0.45
72200	0.45	0.48	0.48	0	0	0.45
72300	0.45	0.48	0.48	0	0	0.45
72400	0.45	0.47	0.47	0	0	0.45
72500	0.45	0.47	0.47	0	0	0.45
72600	0.45	0.47	0.47	0	0	0.45
72700	0.46	0.47	0.47	0	0	0.46
72800	0.45	0.47	0.47	0	0	0.45
72900	0.45	0.47	0.47	0	0	0.45
73000	0.45	0.47	0.47	0	0	0.45
73100	0.45	0.47	0.47	0	0	0.45
73200	0.45	0.47	0.47	0	0	0.45
73300	0.45	0.47	0.47	0	0	0.45
73400	0.45	0.46	0.46	0	0	0.45
73500	0.45	0.46	0.46	0	0	0.45
73600	0.45	0.46	0.46	0	0	0.45
73700	0.45	0.46	0.46	0	0	0.45
73800	0.45	0.46	0.46	0	0	0.45
73900	0.45	0.46	0.46	0	0	0.45
74000	0.45	0.46	0.46	0	0	0.45
74100	0.45	0.46	0.46	0	0	0.45
74200	0.44	0.46	0.46	0	0	0.44
74300	0.44	0.46	0.46	0	0	0.44
74400	0.44	0.46	0.46	0	0	0.44
74500	0.44	0.46	0.46	0	0	0.44
74600	0.44	0.46	0.46	0	0	0.44
74700	0.44	0.46	0.46	0	0	0.44
74800	0.44	0.46	0.46	0	0	0.44
74900	0.44	0.46	0.46	0	0	0.44
75000	0.44	0.46	0.46	0	0	0.44
75100	0.44	0.46	0.46	0	0	0.44
75200	0.43	0.46	0.46	0	0	0.43
75300	0.43	0.46	0.46	0	0	0.43
75400	0.43	0.46	0.46	0	0	0.43
75500	0.43	0.46	0.46	0	0	0.43
75600	0.43	0.46	0.46	0	0	0.43
75700	0.44	0.46	0.46	0	0	0.44
75800	0.44	0.46	0.46	0	0	0.44
75900	0.44	0.46	0.46	0	0	0.44
76000	0.43	0.46	0.46	0	0	0.43
76100	0.43	0.46	0.46	0	0	0.43
76200	0.43	0.46	0.46	0	0	0.43
76300	0.43	0.46	0.46	0	0	0.43
76400	0.43	0.46	0.46	0	0	0.43
76500	0.43	0.46	0.46	0	0	0.43
76600	0.43	0.47	0.47	0	0	0.43
76700	0.43	0.47	0.47	0	0	0.43
76800	0.43	0.47	0.47	0	0	0.43
76900	0.43	0.47	0.47	0	0	0.43
77000	0.44	0.47	0.47	0	0	0.44
77100	0.44	0.47	0.47	0	0	0.44
77200	0.44	0.47	0.47	0	0	0.44
77300	0.43	0.46	0.46	0	0	0.43
77400	0.43	0.46	0.46	0	0	0.43
77500	0.43	0.46	0.46	0	0	0.43
77600	0.43	0.45	0.45	0	0	0.43
77700	0.44	0.45	0.45	0	0	0.44
77800	0.44	0.45	0.45	0	0	0.44
77900	0.44	0.45	0.45	0	0	0.44
78000	0.44	0.45	0.45	0	0	0.44
78100	0.45	0.46	0.46	0	0	0.45
78200	0.45	0.46	0.46	0	0	0.45
78300	0.45	0.46	0.46	0	0	0.45
78400	0.45	0.46	0.46	0	0	0.45
78500	0.45	0.46	0.46	0	0	0.45
78600	0.45	0.46	0.46	0	0	0.45
78700	0.45	0.46	0.46	0	0	0.45
78800	0.45	0.45	0.45	0	0	0.45
78900	0.45	0.45	0.45	0	0	0.45
79000	0.45	0.45	0.45	0	0	0.45
79100	0.46	0.45	0.45	0	0	0.46
79200	0.46	0.45	0.45	0	0	0.46
79300	0.46	0.45	0.45	0	0	0.46
79400	0.46	0.45	0.45	0	0	0.46
79500	0.46	0.45	0.45	0	0	0.46
79600	0.46	0.45	0.45	0	0	0.46
79700	0.46	0.45	0.45	0	0	0.46
79800	0.46	0.45	0.45	0	0	0.46
79900	0.46	0.46	0.46	0	0	0.46
80000	0.46	0.45	0.45	0	0	0.46
80100	0.46	0.45	0.45	0	0	0.46
80200	0.46	0.45	0.45	0	0	0.46
80300	0.46	0.45	0.45	0	0	0.46
80400	0.46	0.45	0.45	0	0	0.46
80500	0.46	0.45	0.45	0	0	0.46
80600	0.46	0.45	0.45	0	0	0.46
80700	0.46	0.45	0.45	0	0	0.46
80800	0.46	0.44	0.44	0	0	0.46
80900	0.46	0.44	0.44	0	0	0.46
81000	0.46	0.44	0.44	0	0	0.46
81100	0.46	0.44	0.44	0	0	0.46
81200	0.46	0.44	0.44	0	0	0.46
81300	0.46	0.44	0.44	0	0	0.46
81400	0.46	0.44	0.44	0	0	0.46
81500	0.46	0.44	0.44	0	0	0.46
81600	0.46	0.44	0.44	0	0	0.46
81700	0.46	0.44	0.44	0	0	0.46
81800	0.46	0.44	0.44	0	0	0.46
81900	0.46	0.44	0.44	0	0	0.46
82000	0.46	0.44	0.44	0	0	0.46
82100	0.46	0.44	0.44	0	0	0.46
82200	0.46	0.44	0.44	0	0	0.46
82300	0.46	0.44	0.44	0	0	0.46
82400	0.46	0.44	0.44	0	0	0.46
82500	0.46	0.44	0.44	0	0	0.46
82600	0.46	0.44	0.44	0	0	0.46
82700	0.46	0.44	0.44	0	0	0.46
82800	0.46	0.44	0.44	0	0	0.46
82900	0.46	0.44	0.44	0	0	0.46
83000	0.46	0.45	0.45	0	0	0.46
83100	0.46	0.46	0.46	0	0	0.46
83200	0.46	0.46	0.46	0	0	0.46
83300	0.46	0.46	0.46	0	0	0.46
83400	0.46	0.46	0.46	0	0	0.46
83500	0.46	0.46	0.46	0	0	0.46
83600	0.46	0.46	0.46	0	0	0.46
83700	0.46	0.46	0.46	0	0	0.46
83800	0.46	0.46	0.46	0	0	0.46
83900	0.46	0.46	0.46	0	0	0.46
84000	0.46	0.46	0.46	0	0	0.46
84100	0.46	0.46	0.46	0	0	0.46
84200	0.46	0.47	0.47	0	0	0.46
84300	0.46	0.46	0.46	0	0	0.46
84400	0.46	0.46	0.46	0	0	0.46
84500	0.46	0.46	0.46	0	0	0.46
84600	0.46	0.46	0.46	0	0	0.46
84700	0.46	0.46	0.46	0	0	0.46
84800	0.46	0.46	0.46	0	0	0.46
84900	0.46	0.46	0.46	0	0	0.46
85000	0.46	0.46	0.46	0	0	0.46
85100	0.46	0.45	0.45	0	0	0.46
85200	0.45	0.45	0.45	0	0	0.45
85300	0.45	0.44	0.44	0	0	0.45
85400	0.45	0.44	0.44	0	0	0.45
85500	0.46	0.44	0.44	0	0	0.46
85600	0.45	0.44	0.44	0	0	0.45
85700	0.45	0.44	0.44	0	0	0.45
85800	0.45	0.44	0.44	0	0	0.45
85900	0.45	0.44	0.44	0	0	0.45
86000	0.45	0.44	0.44	0	0	0.45
86100	0.45	0.44	0.44	0	0	0.45
86200	0.45	0.44	0.44	0	0	0.45
86300	0.45	0.44	0.44	0	0	0.45
86400	0.45	0.44	0.44	0	0	0.45
86500	0.45	0.44	0.44	0	0	0.45
86600	0.45	0.44	0.44	0	0	0.45
86700	0.45	0.45	0.45	0	0	0.45
86800	0.45	0.45	0.45	0	0	0.45
86900	0.45	0.45	0.45	0	0	0.45
87000	0.45	0.45	0.45	0	0	0.45
87100	0.45	0.45	0.45	0	0	0.45
87200	0.45	0.45	0.45	0	0	0.45
87300	0.45	0.45	0.45	0	0	0.45
87400	0.45	0.46	0.46	0	0	0.45
87500	0.45	0.46	0.46	0	0	0.45
87600	0.45	0.47	0.47	0	0	0.45
87700	0.45	0.46	0.46	0	0	0.45
87800	0.45	0.46	0.46	0	0	0.45
87900	0.45	0.46	0.46	0	0	0.45
88000	0.45	0.45	0.45	0	0	0.45
88100	0.45	0.45	0.45	0	0	0.45
88200	0.45	0.45	0.45	0	0	0.45
88300	0.45	0.45	0.45	0	0	0.45
88400	0.45	0.45	0.45	0	0	0.45
88500	0.45	0.45	0.45	0	0	0.45
88600	0.45	0.45	0.45	0	0	0.45
88700	0.45	0.45	0.45	0	0	0.45
88800	0.45	0.45	0.45	0	0	0.45
88900	0.45	0.45	0.45	0	0	0.45
89000	0.45	0.45	0.45	0	0	0.45
89100	0.45	0.45	0.45	0	0	0.45
89200	0.45	0.45	0.45	0	0	0.45
89300	0.45	0.45	0.45	0	0	0.45
89400	0.45	0.45	0.45	0	0	0.45
89500	0.45	0.45	0.45	0	0	0.45
89600	0.45	0.45	0.45	0	0	0.45
89700	0.45	0.45	0.45	0	0	0.45
89800	0.45	0.45	0.45	0	0	0.45
89900	0.45	0.45	0.45	0	0	0.45
90000	0.45	0.44	0.44	0	0	0.45
90100	0.45	0.44	0.44	0	0	0.45
90200	0.45	0.44	0.44	0	0	0.45
90300	0.45	0.44	0.44	0	0	0.45
90400	0.46	0.45	0.45	0	0	0.46
90500	0.46	0.45	0.45	0	0	0.46
90600	0.46	0.45	0.45	0	0	0.46
90700	0.46	0.45	0.45	0	0	0.46
90800	0.45	0.45	0.45	0	0	0.45
90900	0.45	0.45	0.45	0	0	0.45
91000	0.45	0.45	0.45	0	0	0.45
91100	0.45	0.45	0.45	0	0	0.45
91200	0.45	0.45	0.45	0	0	0.45
91300	0.45	0.45	0.45	0	0	0.45
91400	0.45	0.45	0.45	0	0	0.45
91500	0.45	0.45	0.45	0	0	0.45
91600	0.45	0.45	0.45	0	0	0.45
91700	0.45	0.45	0.45	0	0	0.45
91800	0.45	0.44	0.44	0	0	0.45
91900	0.45	0.45	0.45	0	0	0.45
92000	0.45	0.45	0.45	0	0	0.45
92100	0.45	0.45	0.45	0	0	0.45
92200	0.45	0.45	0.45	0	0	0.45
92300	0.45	0.45	0.45	0	0	0.45
92400	0.45	0.45	0.45	0	0	0.45
92500	0.45	0.45	0.45	0	0	0.45
92600	0.45	0.45	0.45	0	0	0.45
92700	0.45	0.45	0.45	0	0	0.45
92800	0.45	0.45	0.45	0	0	0.45
92900	0.45	0.45	0.45	0	0	0.45
93000	0.45	0.45	0.45	0	0	0.45
93100	0.46	0.45	0.45	0	0	0.46
93200	0.46	0.45	0.45	0	0	0.46
93300	0.46	0.45	0.45	0	0	0.46
93400	0.45	0.46	0.46	0	0	0.45
93500	0.45	0.46	0.46	0	0	0.45
93600	0.45	0.46	0.46	0	0	0.45
93700	0.45	0.46	0.46	0	0	0.45
93800	0.45	0.46	0.46	0	0	0.45
93900	0.45	0.46	0.46	0	0	0.45
94000	0.45	0.46	0.46	0	0	0.45
94100	0.45	0.47	0.47	0	0	0.45
94200	0.45	0.47	0.47	0	0	0.45
94300	0.45	0.47	0.47	0	0	0.45
94400	0.46	0.47	0.47	0	0	0.46
94500	0.46	0.47	0.47	0	0	0.46
94600	0.46	0.47	0.47	0	0	0.46
94700	0.46	0.47	0.47	0	0	0.46
94800	0.46	0.47	0.47	0	0	0.46
94900	0.46	0.47	0.47	0	0	0.46
95000	0.45	0.46	0.46	0	0	0.45
95100	0.45	0.46	0.46	0	0	0.45
95200	0.45	0.46	0.46	0	0	0.45
95300	0.45	0.46	0.46	0	0	0.45
95400	0.45	0.46	0.46	0	0	0.45
95500	0.45	0.46	0.46	0	0	0.45
95600	0.45	0.46	0.46	0	0	0.45
95700	0.45	0.46	0.46	0	0	0.45
95800	0.45	0.46	0.46	0	0	0.45
95900	0.45	0.46	0.46	0	0	0.45
96000	0.45	0.46	0.46	0	0	0.45
96100	0.45	0.46	0.46	0	0	0.45
96200	0.45	0.46	0.46	0	0	0.45
96300	0.45	0.46	0.46	0	0	0.45
96400	0.45	0.46	0.46	0	0	0.45
96500	0.46	0.46	0.46	0	0	0.46
96600	0.46	0.46	0.46	0	0	0.46
96700	0.46	0.46	0.46	0	0	0.46
96800	0.46	0.46	0.46	0	0	0.46
96900	0.46	0.46	0.46	0	0	0.46
97000	0.46	0.46	0.46	0	0	0.46
97100	0.46	0.46	0.46	0	0	0.46
97200	0.46	0.46	0.46	0	0	0.46
97300	0.46	0.46	0.46	0	0	0.46
97400	0.46	0.46	0.46	0	0	0.46
97500	0.46	0.46	0.46	0	0	0.46
97600	0.46	0.46	0.46	0	0	0.46
97700	0.46	0.46	0.46	0	0	0.46
97800	0.46	0.46	0.46	0	0	0.46
97900	0.46	0.46	0.46	0	0	0.46
98000	0.46	0.46	0.46	0	0	0.46
98100	0.46	0.46	0.46	0	0	0.46
98200	0.46	0.46	0.46	0	0	0.46
98300	0.46	0.46	0.46	0	0	0.46
98400	0.46	0.46	0.46	0	0	0.46
98500	0.46	0.46	0.46	0	0	0.46
98600	0.46	0.47	0.47	0	0	0.46
98700	0.46	0.47	0.47	0	0	0.46
98800	0.46	0.47	0.47	0	0	0.46
98900	0.46	0.47	0.47	0	0	0.46
99000	0.47	0.47	0.47	0	0	0.47
99100	0.47	0.47	0.47	0	0	0.47
99200	0.47	0.47	0.47	0	0	0.47
99300	0.47	0.47	0.47	0	0	0.47
99400	0.47	0.47	0.47	0	0	0.47
99500	0.47	0.47	0.47	0	0	0.47
99600	0.47	0.47	0.47	0	0	0.47
99700	0.47	0.47	0.47	0	0	0.47
99800	0.47	0.47	0.47	0	0	0.47
99900	0.47	0.47	0.47	0	0	0.47
100000	0.47	0.47	0.47	0	0	0.47
