100	0.13	0.1	0.1	0	0	0.13
200	0.18	0.13	0.13	0	0	0.18
300	0.19	0.16	0.16	0	0	0.19
400	0.19	0.15	0.15	0	0	0.19
500	0.19	0.16	0.16	0	0	0.19
600	0.18	0.17	0.17	0	0	0.18
700	0.19	0.17	0.17	0	0	0.19
800	0.19	0.16	0.16	0	0	0.19
900	0.19	0.18	0.18	0	0	0.19
1000	0.21	0.18	0.18	0	0	0.21
1100	0.21	0.19	0.19	0	0	0.21
1200	0.21	0.19	0.19	0	0	0.21
1300	0.22	0.19	0.19	0	0	0.22
1400	0.23	0.19	0.19	0	0	0.23
1500	0.26	0.19	0.19	0	0	0.26
1600	0.26	0.2	0.2	0	0	0.26
1700	0.25	0.21	0.21	0	0	0.25
1800	0.27	0.22	0.22	0	0	0.27
1900	0.27	0.23	0.23	0	0	0.27
2000	0.28	0.23	0.23	0	0	0.28
2100	0.29	0.24	0.24	0	0	0.29
2200	0.3	0.25	0.25	0	0	0.3
2300	0.31	0.25	0.25	0	0	0.31
2400	0.31	0.25	0.25	0	0	0.31
2500	0.32	0.25	0.25	0	0	0.32
2600	0.33	0.25	0.25	0	0	0.33
2700	0.33	0.26	0.26	0	0	0.33
2800	0.34	0.26	0.26	0	0	0.34
2900	0.36	0.27	0.27	0	0	0.36
3000	0.37	0.27	0.27	0	0	0.37
3100	0.4	0.26	0.26	0	0	0.4
3200	0.41	0.26	0.26	0	0	0.41
3300	0.41	0.25	0.25	0	0	0.41
3400	0.41	0.24	0.24	0	0	0.41
3500	0.41	0.25	0.25	0	0	0.41
3600	0.41	0.25	0.25	0	0	0.41
3700	0.41	0.25	0.25	0	0	0.41
3800	0.41	0.27	0.27	0	0	0.41
3900	0.4	0.28	0.28	0	0	0.4
4000	0.4	0.28	0.28	0	0	0.4
4100	0.41	0.28	0.28	0	0	0.41
4200	0.42	0.28	0.28	0	0	0.42
4300	0.41	0.29	0.29	0	0	0.41
4400	0.4	0.29	0.29	0	0	0.4
4500	0.4	0.29	0.29	0	0	0.4
4600	0.4	0.28	0.28	0	0	0.4
4700	0.4	0.27	0.27	0	0	0.4
4800	0.4	0.27	0.27	0	0	0.4
4900	0.4	0.27	0.27	0	0	0.4
5000	0.39	0.27	0.27	0	0	0.39
5100	0.39	0.27	0.27	0	0	0.39
5200	0.39	0.27	0.27	0	0	0.39
5300	0.41	0.27	0.27	0	0	0.41
5400	0.42	0.27	0.27	0	0	0.42
5500	0.42	0.27	0.27	0	0	0.42
5600	0.43	0.28	0.28	0	0	0.43
5700	0.42	0.28	0.28	0	0	0.42
5800	0.42	0.29	0.29	0	0	0.42
5900	0.42	0.29	0.29	0	0	0.42
6000	0.41	0.29	0.29	0	0	0.41
6100	0.41	0.29	0.29	0	0	0.41
6200	0.41	0.29	0.29	0	0	0.41
6300	0.42	0.29	0.29	0	0	0.42
6400	0.42	0.29	0.29	0	0	0.42
6500	0.42	0.29	0.29	0	0	0.42
6600	0.42	0.3	0.3	0	0	0.42
6700	0.42	0.3	0.3	0	0	0.42
6800	0.4	0.3	0.3	0	0	0.4
6900	0.4	0.3	0.3	0	0	0.4
7000	0.42	0.29	0.29	0	0	0.42
7100	0.42	0.3	0.3	0	0	0.42
7200	0.42	0.32	0.32	0	0	0.42
7300	0.42	0.33	0.33	0	0	0.42
7400	0.43	0.34	0.34	0	0	0.43
7500	0.43	0.34	0.34	0	0	0.43
7600	0.43	0.35	0.35	0	0	0.43
7700	0.43	0.35	0.35	0	0	0.43
7800	0.43	0.35	0.35	0	0	0.43
7900	0.43	0.36	0.36	0	0	0.43
8000	0.43	0.36	0.36	0	0	0.43
8100	0.42	0.36	0.36	0	0	0.42
8200	0.41	0.36	0.36	0	0	0.41
8300	0.41	0.38	0.38	0	0	0.41
8400	0.4	0.39	0.39	0	0	0.4
8500	0.4	0.4	0.4	0	0	0.4
8600	0.4	0.4	0.4	0	0	0.4
8700	0.4	0.4	0.4	0	0	0.4
8800	0.4	0.41	0.41	0	0	0.4
8900	0.4	0.41	0.41	0	0	0.4
9000	0.4	0.41	0.41	0	0	0.4
9100	0.4	0.4	0.4	0	0	0.4
9200	0.4	0.4	0.4	0	0	0.4
9300	0.4	0.4	0.4	0	0	0.4
9400	0.4	0.4	0.4	0	0	0.4
9500	0.41	0.4	0.4	0	0	0.41
9600	0.42	0.41	0.41	0	0	0.42
9700	0.41	0.41	0.41	0	0	0.41
9800	0.41	0.41	0.41	0	0	0.41
9900	0.41	0.41	0.41	0	0	0.41
10000	0.42	0.4	0.4	0	0	0.42
10100	0.42	0.4	0.4	0	0	0.42
10200	0.41	0.4	0.4	0	0	0.41
10300	0.41	0.39	0.39	0	0	0.41
10400	0.41	0.39	0.39	0	0	0.41
10500	0.41	0.39	0.39	0	0	0.41
10600	0.41	0.39	0.39	0	0	0.41
10700	0.41	0.39	0.39	0	0	0.41
10800	0.41	0.39	0.39	0	0	0.41
10900	0.4	0.39	0.39	0	0	0.4
11000	0.4	0.39	0.39	0	0	0.4
11100	0.4	0.39	0.39	0	0	0.4
11200	0.4	0.38	0.38	0	0	0.4
11300	0.4	0.38	0.38	0	0	0.4
11400	0.39	0.39	0.39	0	0	0.39
11500	0.4	0.39	0.39	0	0	0.4
11600	0.39	0.38	0.38	0	0	0.39
11700	0.4	0.38	0.38	0	0	0.4
11800	0.39	0.37	0.37	0	0	0.39
11900	0.39	0.37	0.37	0	0	0.39
12000	0.39	0.37	0.37	0	0	0.39
12100	0.39	0.37	0.37	0	0	0.39
12200	0.39	0.37	0.37	0	0	0.39
12300	0.39	0.37	0.37	0	0	0.39
12400	0.38	0.37	0.37	0	0	0.38
12500	0.38	0.36	0.36	0	0	0.38
12600	0.38	0.36	0.36	0	0	0.38
12700	0.39	0.36	0.36	0	0	0.39
12800	0.39	0.36	0.36	0	0	0.39
12900	0.39	0.37	0.37	0	0	0.39
13000	0.38	0.37	0.37	0	0	0.38
13100	0.38	0.37	0.37	0	0	0.38
13200	0.38	0.37	0.37	0	0	0.38
13300	0.38	0.39	0.39	0	0	0.38
13400	0.38	0.39	0.39	0	0	0.38
13500	0.39	0.39	0.39	0	0	0.39
13600	0.4	0.39	0.39	0	0	0.4
13700	0.41	0.39	0.39	0	0	0.41
13800	0.41	0.39	0.39	0	0	0.41
13900	0.41	0.39	0.39	0	0	0.41
14000	0.41	0.39	0.39	0	0	0.41
14100	0.41	0.42	0.42	0	0	0.41
14200	0.41	0.42	0.42	0	0	0.41
14300	0.41	0.41	0.41	0	0	0.41
14400	0.41	0.43	0.43	0	0	0.41
14500	0.41	0.43	0.43	0	0	0.41
14600	0.41	0.44	0.44	0	0	0.41
14700	0.41	0.45	0.45	0	0	0.41
14800	0.41	0.45	0.45	0	0	0.41
14900	0.41	0.45	0.45	0	0	0.41
15000	0.42	0.45	0.45	0	0	0.42
15100	0.42	0.44	0.44	0	0	0.42
15200	0.42	0.45	0.45	0	0	0.42
15300	0.42	0.44	0.44	0	0	0.42
15400	0.42	0.44	0.44	0	0	0.42
15500	0.42	0.44	0.44	0	0	0.42
15600	0.42	0.44	0.44	0	0	0.42
15700	0.43	0.44	0.44	0	0	0.43
15800	0.43	0.44	0.44	0	0	0.43
15900	0.44	0.43	0.43	0	0	0.44
16000	0.43	0.43	0.43	0	0	0.43
16100	0.43	0.43	0.43	0	0	0.43
16200	0.43	0.44	0.44	0	0	0.43
16300	0.44	0.44	0.44	0	0	0.44
16400	0.44	0.43	0.43	0	0	0.44
16500	0.44	0.43	0.43	0	0	0.44
16600	0.44	0.43	0.43	0	0	0.44
16700	0.45	0.43	0.43	0	0	0.45
16800	0.45	0.44	0.44	0	0	0.45
16900	0.45	0.44	0.44	0	0	0.45
17000	0.46	0.44	0.44	0	0	0.46
17100	0.46	0.44	0.44	0	0	0.46
17200	0.45	0.44	0.44	0	0	0.45
17300	0.45	0.44	0.44	0	0	0.45
17400	0.46	0.44	0.44	0	0	0.46
17500	0.47	0.44	0.44	0	0	0.47
17600	0.47	0.44	0.44	0	0	0.47
17700	0.47	0.44	0.44	0	0	0.47
17800	0.47	0.44	0.44	0	0	0.47
17900	0.47	0.44	0.44	0	0	0.47
18000	0.47	0.44	0.44	0	0	0.47
18100	0.47	0.44	0.44	0	0	0.47
18200	0.48	0.42	0.42	0	0	0.48
18300	0.48	0.42	0.42	0	0	0.48
18400	0.48	0.43	0.43	0	0	0.48
18500	0.48	0.43	0.43	0	0	0.48
18600	0.48	0.43	0.43	0	0	0.48
18700	0.48	0.43	0.43	0	0	0.48
18800	0.48	0.43	0.43	0	0	0.48
18900	0.48	0.42	0.42	0	0	0.48
19000	0.48	0.41	0.41	0	0	0.48
19100	0.48	0.4	0.4	0	0	0.48
19200	0.48	0.4	0.4	0	0	0.48
19300	0.47	0.39	0.39	0	0	0.47
19400	0.47	0.39	0.39	0	0	0.47
19500	0.47	0.38	0.38	0	0	0.47
19600	0.47	0.38	0.38	0	0	0.47
19700	0.48	0.38	0.38	0	0	0.48
19800	0.48	0.38	0.38	0	0	0.48
19900	0.48	0.38	0.38	0	0	0.48
20000	0.49	0.38	0.38	0	0	0.49
20100	0.5	0.39	0.39	0	0	0.5
20200	0.5	0.39	0.39	0	0	0.5
20300	0.49	0.39	0.39	0	0	0.49
20400	0.49	0.39	0.39	0	0	0.49
20500	0.48	0.39	0.39	0	0	0.48
20600	0.48	0.39	0.39	0	0	0.48
20700	0.48	0.39	0.39	0	0	0.48
20800	0.49	0.39	0.39	0	0	0.49
20900	0.49	0.39	0.39	0	0	0.49
21000	0.49	0.39	0.39	0	0	0.49
21100	0.49	0.38	0.38	0	0	0.49
21200	0.48	0.38	0.38	0	0	0.48
21300	0.48	0.38	0.38	0	0	0.48
21400	0.48	0.39	0.39	0	0	0.48
21500	0.48	0.39	0.39	0	0	0.48
21600	0.47	0.39	0.39	0	0	0.47
21700	0.47	0.4	0.4	0	0	0.47
21800	0.47	0.4	0.4	0	0	0.47
21900	0.47	0.4	0.4	0	0	0.47
22000	0.47	0.4	0.4	0	0	0.47
22100	0.47	0.4	0.4	0	0	0.47
22200	0.47	0.4	0.4	0	0	0.47
22300	0.47	0.4	0.4	0	0	0.47
22400	0.47	0.41	0.41	0	0	0.47
22500	0.47	0.41	0.41	0	0	0.47
22600	0.47	0.41	0.41	0	0	0.47
22700	0.47	0.41	0.41	0	0	0.47
22800	0.47	0.41	0.41	0	0	0.47
22900	0.47	0.41	0.41	0	0	0.47
23000	0.47	0.41	0.41	0	0	0.47
23100	0.46	0.41	0.41	0	0	0.46
23200	0.46	0.41	0.41	0	0	0.46
23300	0.46	0.41	0.41	0	0	0.46
23400	0.46	0.41	0.41	0	0	0.46
23500	0.47	0.4	0.4	0	0	0.47
23600	0.47	0.4	0.4	0	0	0.47
23700	0.47	0.4	0.4	0	0	0.47
23800	0.47	0.4	0.4	0	0	0.47
23900	0.47	0.4	0.4	0	0	0.47
24000	0.47	0.4	0.4	0	0	0.47
24100	0.47	0.41	0.41	0	0	0.47
24200	0.47	0.41	0.41	0	0	0.47
24300	0.47	0.41	0.41	0	0	0.47
24400	0.47	0.41	0.41	0	0	0.47
24500	0.47	0.41	0.41	0	0	0.47
24600	0.47	0.4	0.4	0	0	0.47
24700	0.47	0.4	0.4	0	0	0.47
24800	0.47	0.4	0.4	0	0	0.47
24900	0.48	0.4	0.4	0	0	0.48
25000	0.48	0.4	0.4	0	0	0.48
25100	0.48	0.4	0.4	0	0	0.48
25200	0.48	0.42	0.42	0	0	0.48
25300	0.48	0.41	0.41	0	0	0.48
25400	0.48	0.41	0.41	0	0	0.48
25500	0.48	0.41	0.41	0	0	0.48
25600	0.48	0.4	0.4	0	0	0.48
25700	0.48	0.41	0.41	0	0	0.48
25800	0.48	0.41	0.41	0	0	0.48
25900	0.48	0.41	0.41	0	0	0.48
26000	0.48	0.41	0.41	0	0	0.48
26100	0.48	0.4	0.4	0	0	0.48
26200	0.48	0.4	0.4	0	0	0.48
26300	0.48	0.4	0.4	0	0	0.48
26400	0.48	0.4	0.4	0	0	0.48
26500	0.48	0.4	0.4	0	0	0.48
26600	0.48	0.4	0.4	0	0	0.48
26700	0.49	0.39	0.39	0	0	0.49
26800	0.49	0.39	0.39	0	0	0.49
26900	0.49	0.38	0.38	0	0	0.49
27000	0.49	0.37	0.37	0	0	0.49
27100	0.49	0.38	0.38	0	0	0.49
27200	0.49	0.38	0.38	0	0	0.49
27300	0.49	0.38	0.38	0	0	0.49
27400	0.49	0.38	0.38	0	0	0.49
27500	0.49	0.39	0.39	0	0	0.49
27600	0.5	0.39	0.39	0	0	0.5
27700	0.5	0.39	0.39	0	0	0.5
27800	0.5	0.39	0.39	0	0	0.5
27900	0.5	0.39	0.39	0	0	0.5
28000	0.5	0.39	0.39	0	0	0.5
28100	0.5	0.39	0.39	0	0	0.5
28200	0.5	0.39	0.39	0	0	0.5
28300	0.5	0.39	0.39	0	0	0.5
28400	0.5	0.39	0.39	0	0	0.5
28500	0.5	0.39	0.39	0	0	0.5
28600	0.5	0.39	0.39	0	0	0.5
28700	0.5	0.39	0.39	0	0	0.5
28800	0.49	0.39	0.39	0	0	0.49
28900	0.5	0.39	0.39	0	0	0.5
29000	0.5	0.39	0.39	0	0	0.5
29100	0.5	0.39	0.39	0	0	0.5
29200	0.5	0.39	0.39	0	0	0.5
29300	0.5	0.38	0.38	0	0	0.5
29400	0.51	0.38	0.38	0	0	0.51
29500	0.52	0.38	0.38	0	0	0.52
29600	0.52	0.38	0.38	0	0	0.52
29700	0.52	0.38	0.38	0	0	0.52
29800	0.52	0.38	0.38	0	0	0.52
29900	0.52	0.37	0.37	0	0	0.52
30000	0.52	0.37	0.37	0	0	0.52
30100	0.52	0.37	0.37	0	0	0.52
30200	0.52	0.37	0.37	0	0	0.52
30300	0.52	0.38	0.38	0	0	0.52
30400	0.52	0.38	0.38	0	0	0.52
30500	0.52	0.38	0.38	0	0	0.52
30600	0.52	0.38	0.38	0	0	0.52
30700	0.52	0.38	0.38	0	0	0.52
30800	0.52	0.38	0.38	0	0	0.52
30900	0.52	0.38	0.38	0	0	0.52
31000	0.51	0.38	0.38	0	0	0.51
31100	0.51	0.38	0.38	0	0	0.51
31200	0.51	0.38	0.38	0	0	0.51
31300	0.51	0.38	0.38	0	0	0.51
31400	0.51	0.38	0.38	0	0	0.51
31500	0.5	0.38	0.38	0	0	0.5
31600	0.5	0.38	0.38	0	0	0.5
31700	0.5	0.38	0.38	0	0	0.5
31800	0.5	0.39	0.39	0	0	0.5
31900	0.49	0.39	0.39	0	0	0.49
32000	0.49	0.39	0.39	0	0	0.49
32100	0.49	0.39	0.39	0	0	0.49
32200	0.49	0.39	0.39	0	0	0.49
32300	0.49	0.39	0.39	0	0	0.49
32400	0.49	0.39	0.39	0	0	0.49
32500	0.49	0.4	0.4	0	0	0.49
32600	0.49	0.4	0.4	0	0	0.49
32700	0.5	0.39	0.39	0	0	0.5
32800	0.49	0.4	0.4	0	0	0.49
32900	0.49	0.4	0.4	0	0	0.49
33000	0.49	0.39	0.39	0	0	0.49
33100	0.5	0.39	0.39	0	0	0.5
33200	0.5	0.39	0.39	0	0	0.5
33300	0.5	0.39	0.39	0	0	0.5
33400	0.5	0.39	0.39	0	0	0.5
33500	0.51	0.39	0.39	0	0	0.51
33600	0.5	0.39	0.39	0	0	0.5
33700	0.49	0.39	0.39	0	0	0.49
33800	0.49	0.39	0.39	0	0	0.49
33900	0.49	0.39	0.39	0	0	0.49
34000	0.49	0.39	0.39	0	0	0.49
34100	0.49	0.41	0.41	0	0	0.49
34200	0.5	0.41	0.41	0	0	0.5
34300	0.5	0.4	0.4	0	0	0.5
34400	0.49	0.4	0.4	0	0	0.49
34500	0.49	0.41	0.41	0	0	0.49
34600	0.49	0.41	0.41	0	0	0.49
34700	0.48	0.41	0.41	0	0	0.48
34800	0.48	0.41	0.41	0	0	0.48
34900	0.48	0.41	0.41	0	0	0.48
35000	0.48	0.41	0.41	0	0	0.48
35100	0.48	0.41	0.41	0	0	0.48
35200	0.48	0.4	0.4	0	0	0.48
35300	0.48	0.4	0.4	0	0	0.48
35400	0.48	0.4	0.4	0	0	0.48
35500	0.48	0.4	0.4	0	0	0.48
35600	0.48	0.4	0.4	0	0	0.48
35700	0.48	0.4	0.4	0	0	0.48
35800	0.48	0.4	0.4	0	0	0.48
35900	0.48	0.4	0.4	0	0	0.48
36000	0.47	0.4	0.4	0	0	0.47
36100	0.47	0.4	0.4	0	0	0.47
36200	0.47	0.4	0.4	0	0	0.47
36300	0.47	0.4	0.4	0	0	0.47
36400	0.47	0.41	0.41	0	0	0.47
36500	0.47	0.41	0.41	0	0	0.47
36600	0.47	0.41	0.41	0	0	0.47
36700	0.47	0.42	0.42	0	0	0.47
36800	0.47	0.42	0.42	0	0	0.47
36900	0.47	0.42	0.42	0	0	0.47
37000	0.47	0.42	0.42	0	0	0.47
37100	0.47	0.42	0.42	0	0	0.47
37200	0.47	0.42	0.42	0	0	0.47
37300	0.47	0.42	0.42	0	0	0.47
37400	0.47	0.42	0.42	0	0	0.47
37500	0.47	0.42	0.42	0	0	0.47
37600	0.47	0.42	0.42	0	0	0.47
37700	0.47	0.42	0.42	0	0	0.47
37800	0.47	0.42	0.42	0	0	0.47
37900	0.47	0.42	0.42	0	0	0.47
38000	0.47	0.42	0.42	0	0	0.47
38100	0.47	0.43	0.43	0	0	0.47
38200	0.47	0.43	0.43	0	0	0.47
38300	0.47	0.43	0.43	0	0	0.47
38400	0.47	0.43	0.43	0	0	0.47
38500	0.48	0.43	0.43	0	0	0.48
38600	0.48	0.43	0.43	0	0	0.48
38700	0.48	0.43	0.43	0	0	0.48
38800	0.48	0.43	0.43	0	0	0.48
38900	0.48	0.43	0.43	0	0	0.48
39000	0.48	0.42	0.42	0	0	0.48
39100	0.48	0.43	0.43	0	0	0.48
39200	0.49	0.43	0.43	0	0	0.49
39300	0.49	0.43	0.43	0	0	0.49
39400	0.5	0.43	0.43	0	0	0.5
39500	0.5	0.42	0.42	0	0	0.5
39600	0.5	0.42	0.42	0	0	0.5
39700	0.5	0.42	0.42	0	0	0.5
39800	0.5	0.42	0.42	0	0	0.5
39900	0.5	0.42	0.42	0	0	0.5
40000	0.5	0.42	0.42	0	0	0.5
40100	0.5	0.42	0.42	0	0	0.5
40200	0.51	0.43	0.43	0	0	0.51
40300	0.51	0.43	0.43	0	0	0.51
40400	0.51	0.43	0.43	0	0	0.51
40500	0.51	0.43	0.43	0	0	0.51
40600	0.51	0.43	0.43	0	0	0.51
40700	0.51	0.41	0.41	0	0	0.51
40800	0.51	0.41	0.41	0	0	0.51
40900	0.51	0.41	0.41	0	0	0.51
41000	0.51	0.41	0.41	0	0	0.51
41100	0.51	0.41	0.41	0	0	0.51
41200	0.51	0.41	0.41	0	0	0.51
41300	0.51	0.41	0.41	0	0	0.51
41400	0.51	0.41	0.41	0	0	0.51
41500	0.51	0.42	0.42	0	0	0.51
41600	0.51	0.42	0.42	0	0	0.51
41700	0.51	0.42	0.42	0	0	0.51
41800	0.51	0.42	0.42	0	0	0.51
41900	0.51	0.42	0.42	0	0	0.51
42000	0.5	0.42	0.42	0	0	0.5
42100	0.5	0.42	0.42	0	0	0.5
42200	0.5	0.42	0.42	0	0	0.5
42300	0.5	0.42	0.42	0	0	0.5
42400	0.5	0.42	0.42	0	0	0.5
42500	0.49	0.42	0.42	0	0	0.49
42600	0.49	0.42	0.42	0	0	0.49
42700	0.49	0.42	0.42	0	0	0.49
42800	0.49	0.42	0.42	0	0	0.49
42900	0.49	0.42	0.42	0	0	0.49
43000	0.48	0.42	0.42	0	0	0.48
43100	0.48	0.42	0.42	0	0	0.48
43200	0.49	0.42	0.42	0	0	0.49
43300	0.49	0.42	0.42	0	0	0.49
43400	0.49	0.42	0.42	0	0	0.49
43500	0.49	0.42	0.42	0	0	0.49
43600	0.49	0.43	0.43	0	0	0.49
43700	0.49	0.43	0.43	0	0	0.49
43800	0.49	0.43	0.43	0	0	0.49
43900	0.49	0.43	0.43	0	0	0.49
44000	0.49	0.43	0.43	0	0	0.49
44100	0.49	0.43	0.43	0	0	0.49
44200	0.49	0.43	0.43	0	0	0.49
44300	0.49	0.43	0.43	0	0	0.49
44400	0.49	0.43	0.43	0	0	0.49
44500	0.49	0.43	0.43	0	0	0.49
44600	0.49	0.43	0.43	0	0	0.49
44700	0.49	0.43	0.43	0	0	0.49
44800	0.49	0.43	0.43	0	0	0.49
44900	0.49	0.43	0.43	0	0	0.49
45000	0.49	0.43	0.43	0	0	0.49
45100	0.49	0.43	0.43	0	0	0.49
45200	0.49	0.43	0.43	0	0	0.49
45300	0.49	0.43	0.43	0	0	0.49
45400	0.48	0.43	0.43	0	0	0.48
45500	0.48	0.43	0.43	0	0	0.48
45600	0.48	0.43	0.43	0	0	0.48
45700	0.48	0.43	0.43	0	0	0.48
45800	0.48	0.43	0.43	0	0	0.48
45900	0.48	0.43	0.43	0	0	0.48
46000	0.47	0.43	0.43	0	0	0.47
46100	0.47	0.43	0.43	0	0	0.47
46200	0.47	0.44	0.44	0	0	0.47
46300	0.46	0.44	0.44	0	0	0.46
46400	0.46	0.44	0.44	0	0	0.46
46500	0.46	0.43	0.43	0	0	0.46
46600	0.46	0.43	0.43	0	0	0.46
46700	0.46	0.43	0.43	0	0	0.46
46800	0.46	0.43	0.43	0	0	0.46
46900	0.45	0.43	0.43	0	0	0.45
47000	0.44	0.43	0.43	0	0	0.44
47100	0.44	0.43	0.43	0	0	0.44
47200	0.44	0.43	0.43	0	0	0.44
47300	0.44	0.43	0.43	0	0	0.44
47400	0.44	0.43	0.43	0	0	0.44
47500	0.44	0.43	0.43	0	0	0.44
47600	0.45	0.43	0.43	0	0	0.45
47700	0.45	0.43	0.43	0	0	0.45
47800	0.45	0.43	0.43	0	0	0.45
47900	0.45	0.43	0.43	0	0	0.45
48000	0.45	0.43	0.43	0	0	0.45
48100	0.45	0.43	0.43	0	0	0.45
48200	0.45	0.43	0.43	0	0	0.45
48300	0.45	0.43	0.43	0	0	0.45
48400	0.45	0.43	0.43	0	0	0.45
48500	0.45	0.43	0.43	0	0	0.45
48600	0.45	0.43	0.43	0	0	0.45
48700	0.45	0.44	0.44	0	0	0.45
48800	0.44	0.43	0.43	0	0	0.44
48900	0.44	0.43	0.43	0	0	0.44
49000	0.44	0.43	0.43	0	0	0.44
49100	0.44	0.43	0.43	0	0	0.44
49200	0.44	0.43	0.43	0	0	0.44
49300	0.44	0.43	0.43	0	0	0.44
49400	0.44	0.43	0.43	0	0	0.44
49500	0.46	0.43	0.43	0	0	0.46
49600	0.46	0.43	0.43	0	0	0.46
49700	0.45	0.43	0.43	0	0	0.45
49800	0.45	0.43	0.43	0	0	0.45
49900	0.45	0.43	0.43	0	0	0.45
50000	0.45	0.43	0.43	0	0	0.45
50100	0.45	0.43	0.43	0	0	0.45
50200	0.45	0.43	0.43	0	0	0.45
50300	0.45	0.43	0.43	0	0	0.45
50400	0.45	0.44	0.44	0	0	0.45
50500	0.45	0.44	0.44	0	0	0.45
50600	0.45	0.44	0.44	0	0	0.45
50700	0.45	0.44	0.44	0	0	0.45
50800	0.45	0.44	0.44	0	0	0.45
50900	0.45	0.44	0.44	0	0	0.45
51000	0.45	0.44	0.44	0	0	0.45
51100	0.45	0.44	0.44	0	0	0.45
51200	0.45	0.44	0.44	0	0	0.45
51300	0.45	0.44	0.44	0	0	0.45
51400	0.45	0.44	0.44	0	0	0.45
51500	0.45	0.44	0.44	0	0	0.45
51600	0.45	0.44	0.44	0	0	0.45
51700	0.45	0.44	0.44	0	0	0.45
51800	0.45	0.44	0.44	0	0	0.45
51900	0.45	0.45	0.45	0	0	0.45
52000	0.46	0.45	0.45	0	0	0.46
52100	0.45	0.45	0.45	0	0	0.45
52200	0.45	0.45	0.45	0	0	0.45
52300	0.46	0.46	0.46	0	0	0.46
52400	0.46	0.46	0.46	0	0	0.46
52500	0.46	0.46	0.46	0	0	0.46
52600	0.46	0.46	0.46	0	0	0.46
52700	0.46	0.46	0.46	0	0	0.46
52800	0.46	0.46	0.46	0	0	0.46
52900	0.46	0.46	0.46	0	0	0.46
53000	0.46	0.46	0.46	0	0	0.46
53100	0.46	0.46	0.46	0	0	0.46
53200	0.46	0.45	0.45	0	0	0.46
53300	0.46	0.45	0.45	0	0	0.46
53400	0.46	0.45	0.45	0	0	0.46
53500	0.46	0.45	0.45	0	0	0.46
53600	0.46	0.45	0.45	0	0	0.46
53700	0.46	0.45	0.45	0	0	0.46
53800	0.46	0.46	0.46	0	0	0.46
53900	0.46	0.46	0.46	0	0	0.46
54000	0.46	0.46	0.46	0	0	0.46
54100	0.46	0.46	0.46	0	0	0.46
54200	0.46	0.46	0.46	0	0	0.46
54300	0.46	0.46	0.46	0	0	0.46
54400	0.46	0.44	0.44	0	0	0.46
54500	0.46	0.44	0.44	0	0	0.46
54600	0.46	0.43	0.43	0	0	0.46
54700	0.45	0.43	0.43	0	0	0.45
54800	0.45	0.44	0.44	0	0	0.45
54900	0.45	0.44	0.44	0	0	0.45
55000	0.45	0.44	0.44	0	0	0.45
55100	0.45	0.44	0.44	0	0	0.45
55200	0.46	0.44	0.44	0	0	0.46
55300	0.46	0.44	0.44	0	0	0.46
55400	0.45	0.44	0.44	0	0	0.45
55500	0.45	0.44	0.44	0	0	0.45
55600	0.45	0.44	0.44	0	0	0.45
55700	0.45	0.44	0.44	0	0	0.45
55800	0.45	0.44	0.44	0	0	0.45
55900	0.45	0.44	0.44	0	0	0.45
56000	0.45	0.44	0.44	0	0	0.45
56100	0.45	0.44	0.44	0	0	0.45
56200	0.45	0.44	0.44	0	0	0.45
56300	0.45	0.44	0.44	0	0	0.45
56400	0.45	0.44	0.44	0	0	0.45
56500	0.45	0.44	0.44	0	0	0.45
56600	0.45	0.45	0.45	0	0	0.45
56700	0.45	0.45	0.45	0	0	0.45
56800	0.44	0.45	0.45	0	0	0.44
56900	0.44	0.45	0.45	0	0	0.44
57000	0.44	0.45	0.45	0	0	0.44
57100	0.44	0.45	0.45	0	0	0.44
57200	0.44	0.45	0.45	0	0	0.44
57300	0.44	0.45	0.45	0	0	0.44
57400	0.44	0.45	0.45	0	0	0.44
57500	0.44	0.45	0.45	0	0	0.44
57600	0.44	0.45	0.45	0	0	0.44
57700	0.43	0.46	0.46	0	0	0.43
57800	0.42	0.47	0.47	0	0	0.42
57900	0.42	0.47	0.47	0	0	0.42
58000	0.42	0.47	0.47	0	0	0.42
58100	0.42	0.47	0.47	0	0	0.42
58200	0.42	0.47	0.47	0	0	0.42
58300	0.42	0.47	0.47	0	0	0.42
58400	0.42	0.47	0.47	0	0	0.42
58500	0.42	0.47	0.47	0	0	0.42
58600	0.42	0.47	0.47	0	0	0.42
58700	0.42	0.48	0.48	0	0	0.42
58800	0.42	0.48	0.48	0	0	0.42
58900	0.42	0.48	0.48	0	0	0.42
59000	0.41	0.48	0.48	0	0	0.41
59100	0.41	0.48	0.48	0	0	0.41
59200	0.41	0.48	0.48	0	0	0.41
59300	0.41	0.48	0.48	0	0	0.41
59400	0.41	0.48	0.48	0	0	0.41
59500	0.41	0.48	0.48	0	0	0.41
59600	0.41	0.49	0.49	0	0	0.41
59700	0.4	0.49	0.49	0	0	0.4
59800	0.4	0.49	0.49	0	0	0.4
59900	0.4	0.49	0.49	0	0	0.4
60000	0.4	0.48	0.48	0	0	0.4
60100	0.4	0.48	0.48	0	0	0.4
60200	0.4	0.48	0.48	0	0	0.4
60300	0.4	0.49	0.49	0	0	0.4
60400	0.4	0.49	0.49	0	0	0.4
60500	0.4	0.49	0.49	0	0	0.4
60600	0.4	0.49	0.49	0	0	0.4
60700	0.4	0.49	0.49	0	0	0.4
60800	0.4	0.49	0.49	0	0	0.4
60900	0.4	0.49	0.49	0	0	0.4
61000	0.4	0.49	0.49	0	0	0.4
61100	0.4	0.49	0.49	0	0	0.4
61200	0.4	0.49	0.49	0	0	0.4
61300	0.4	0.49	0.49	0	0	0.4
61400	0.4	0.48	0.48	0	0	0.4
61500	0.4	0.48	0.48	0	0	0.4
61600	0.4	0.47	0.47	0	0	0.4
61700	0.39	0.47	0.47	0	0	0.39
61800	0.39	0.47	0.47	0	0	0.39
61900	0.39	0.46	0.46	0	0	0.39
62000	0.39	0.46	0.46	0	0	0.39
62100	0.39	0.46	0.46	0	0	0.39
62200	0.39	0.46	0.46	0	0	0.39
62300	0.39	0.46	0.46	0	0	0.39
62400	0.39	0.46	0.46	0	0	0.39
62500	0.39	0.46	0.46	0	0	0.39
62600	0.4	0.46	0.46	0	0	0.4
62700	0.39	0.45	0.45	0	0	0.39
62800	0.39	0.45	0.45	0	0	0.39
62900	0.4	0.46	0.46	0	0	0.4
63000	0.4	0.46	0.46	0	0	0.4
63100	0.4	0.46	0.46	0	0	0.4
63200	0.4	0.46	0.46	0	0	0.4
63300	0.41	0.46	0.46	0	0	0.41
63400	0.41	0.45	0.45	0	0	0.41
63500	0.41	0.46	0.46	0	0	0.41
63600	0.41	0.46	0.46	0	0	0.41
63700	0.41	0.46	0.46	0	0	0.41
63800	0.41	0.47	0.47	0	0	0.41
63900	0.41	0.47	0.47	0	0	0.41
64000	0.4	0.46	0.46	0	0	0.4
64100	0.4	0.46	0.46	0	0	0.4
64200	0.4	0.46	0.46	0	0	0.4
64300	0.4	0.47	0.47	0	0	0.4
64400	0.4	0.47	0.47	0	0	0.4
64500	0.4	0.47	0.47	0	0	0.4
64600	0.4	0.47	0.47	0	0	0.4
64700	0.4	0.47	0.47	0	0	0.4
64800	0.4	0.47	0.47	0	0	0.4
64900	0.39	0.47	0.47	0	0	0.39
65000	0.39	0.47	0.47	0	0	0.39
65100	0.4	0.47	0.47	0	0	0.4
65200	0.4	0.47	0.47	0	0	0.4
65300	0.4	0.47	0.47	0	0	0.4
65400	0.4	0.47	0.47	0	0	0.4
65500	0.4	0.47	0.47	0	0	0.4
65600	0.4	0.47	0.47	0	0	0.4
65700	0.4	0.47	0.47	0	0	0.4
65800	0.4	0.47	0.47	0	0	0.4
65900	0.39	0.47	0.47	0	0	0.39
66000	0.39	0.47	0.47	0	0	0.39
66100	0.39	0.47	0.47	0	0	0.39
66200	0.39	0.48	0.48	0	0	0.39
66300	0.39	0.48	0.48	0	0	0.39
66400	0.39	0.48	0.48	0	0	0.39
66500	0.39	0.48	0.48	0	0	0.39
66600	0.39	0.48	0.48	0	0	0.39
66700	0.4	0.47	0.47	0	0	0.4
66800	0.4	0.47	0.47	0	0	0.4
66900	0.4	0.47	0.47	0	0	0.4
67000	0.4	0.47	0.47	0	0	0.4
67100	0.4	0.47	0.47	0	0	0.4
67200	0.4	0.47	0.47	0	0	0.4
67300	0.4	0.47	0.47	0	0	0.4
67400	0.42	0.47	0.47	0	0	0.42
67500	0.42	0.47	0.47	0	0	0.42
67600	0.42	0.47	0.47	0	0	0.42
67700	0.42	0.47	0.47	0	0	0.42
67800	0.42	0.47	0.47	0	0	0.42
67900	0.42	0.47	0.47	0	0	0.42
68000	0.42	0.47	0.47	0	0	0.42
68100	0.43	0.47	0.47	0	0	0.43
68200	0.43	0.47	0.47	0	0	0.43
68300	0.43	0.47	0.47	0	0	0.43
68400	0.43	0.47	0.47	0	0	0.43
68500	0.44	0.47	0.47	0	0	0.44
68600	0.44	0.48	0.48	0	0	0.44
68700	0.44	0.48	0.48	0	0	0.44
68800	0.44	0.48	0.48	0	0	0.44
68900	0.44	0.48	0.48	0	0	0.44
69000	0.44	0.48	0.48	0	0	0.44
69100	0.44	0.48	0.48	0	0	0.44
69200	0.45	0.48	0.48	0	0	0.45
69300	0.45	0.48	0.48	0	0	0.45
69400	0.44	0.48	0.48	0	0	0.44
69500	0.44	0.48	0.48	0	0	0.44
69600	0.45	0.48	0.48	0	0	0.45
69700	0.45	0.47	0.47	0	0	0.45
69800	0.44	0.47	0.47	0	0	0.44
69900	0.43	0.47	0.47	0	0	0.43
70000	0.43	0.47	0.47	0	0	0.43
70100	0.43	0.47	0.47	0	0	0.43
70200	0.43	0.47	0.47	0	0	0.43
70300	0.43	0.47	0.47	0	0	0.43
70400	0.43	0.47	0.47	0	0	0.43
70500	0.43	0.47	0.47	0	0	0.43
70600	0.43	0.47	0.47	0	0	0.43
70700	0.43	0.47	0.47	0	0	0.43
70800	0.43	0.47	0.47	0	0	0.43
70900	0.43	0.46	0.46	0	0	0.43
71000	0.43	0.46	0.46	0	0	0.43
71100	0.43	0.46	0.46	0	0	0.43
71200	0.43	0.46	0.46	0	0	0.43
71300	0.42	0.47	0.47	0	0	0.42
71400	0.42	0.47	0.47	0	0	0.42
71500	0.42	0.46	0.46	0	0	0.42
71600	0.42	0.46	0.46	0	0	0.42
71700	0.42	0.46	0.46	0	0	0.42
71800	0.42	0.46	0.46	0	0	0.42
71900	0.42	0.46	0.46	0	0	0.42
72000	0.42	0.46	0.46	0	0	0.42
72100	0.43	0.46	0.46	0	0	0.43
72200	0.43	0.46	0.46	0	0	0.43
72300	0.43	0.46	0.46	0	0	0.43
72400	0.43	0.46	0.46	0	0	0.43
72500	0.43	0.46	0.46	0	0	0.43
72600	0.44	0.46	0.46	0	0	0.44
72700	0.43	0.47	0.47	0	0	0.43
72800	0.43	0.47	0.47	0	0	0.43
72900	0.43	0.47	0.47	0	0	0.43
73000	0.43	0.47	0.47	0	0	0.43
73100	0.43	0.47	0.47	0	0	0.43
73200	0.43	0.47	0.47	0	0	0.43
73300	0.43	0.47	0.47	0	0	0.43
73400	0.43	0.47	0.47	0	0	0.43
73500	0.43	0.47	0.47	0	0	0.43
73600	0.43	0.47	0.47	0	0	0.43
73700	0.43	0.47	0.47	0	0	0.43
73800	0.43	0.47	0.47	0	0	0.43
73900	0.42	0.48	0.48	0	0	0.42
74000	0.43	0.49	0.49	0	0	0.43
74100	0.43	0.49	0.49	0	0	0.43
74200	0.43	0.49	0.49	0	0	0.43
74300	0.43	0.48	0.48	0	0	0.43
74400	0.43	0.48	0.48	0	0	0.43
74500	0.43	0.48	0.48	0	0	0.43
74600	0.43	0.48	0.48	0	0	0.43
74700	0.42	0.48	0.48	0	0	0.42
74800	0.42	0.48	0.48	0	0	0.42
74900	0.42	0.48	0.48	0	0	0.42
75000	0.41	0.48	0.48	0	0	0.41
75100	0.41	0.48	0.48	0	0	0.41
75200	0.41	0.48	0.48	0	0	0.41
75300	0.41	0.48	0.48	0	0	0.41
75400	0.41	0.48	0.48	0	0	0.41
75500	0.41	0.48	0.48	0	0	0.41
75600	0.41	0.48	0.48	0	0	0.41
75700	0.41	0.48	0.48	0	0	0.41
75800	0.41	0.48	0.48	0	0	0.41
75900	0.41	0.48	0.48	0	0	0.41
76000	0.41	0.48	0.48	0	0	0.41
76100	0.41	0.48	0.48	0	0	0.41
76200	0.41	0.48	0.48	0	0	0.41
76300	0.41	0.48	0.48	0	0	0.41
76400	0.41	0.48	0.48	0	0	0.41
76500	0.41	0.49	0.49	0	0	0.41
76600	0.41	0.49	0.49	0	0	0.41
76700	0.41	0.49	0.49	0	0	0.41
76800	0.41	0.49	0.49	0	0	0.41
76900	0.41	0.49	0.49	0	0	0.41
77000	0.41	0.49	0.49	0	0	0.41
77100	0.41	0.49	0.49	0	0	0.41
77200	0.41	0.49	0.49	0	0	0.41
77300	0.41	0.49	0.49	0	0	0.41
77400	0.41	0.49	0.49	0	0	0.41
77500	0.41	0.49	0.49	0	0	0.41
77600	0.41	0.49	0.49	0	0	0.41
77700	0.42	0.49	0.49	0	0	0.42
77800	0.42	0.49	0.49	0	0	0.42
77900	0.42	0.49	0.49	0	0	0.42
78000	0.42	0.48	0.48	0	0	0.42
78100	0.42	0.48	0.48	0	0	0.42
78200	0.42	0.48	0.48	0	0	0.42
78300	0.42	0.48	0.48	0	0	0.42
78400	0.42	0.48	0.48	0	0	0.42
78500	0.42	0.48	0.48	0	0	0.42
78600	0.42	0.48	0.48	0	0	0.42
78700	0.42	0.48	0.48	0	0	0.42
78800	0.41	0.48	0.48	0	0	0.41
78900	0.42	0.48	0.48	0	0	0.42
79000	0.42	0.49	0.49	0	0	0.42
79100	0.42	0.49	0.49	0	0	0.42
79200	0.42	0.49	0.49	0	0	0.42
79300	0.42	0.49	0.49	0	0	0.42
79400	0.42	0.49	0.49	0	0	0.42
79500	0.42	0.48	0.48	0	0	0.42
79600	0.42	0.48	0.48	0	0	0.42
79700	0.41	0.48	0.48	0	0	0.41
79800	0.41	0.48	0.48	0	0	0.41
79900	0.41	0.48	0.48	0	0	0.41
80000	0.41	0.48	0.48	0	0	0.41
80100	0.41	0.48	0.48	0	0	0.41
80200	0.41	0.48	0.48	0	0	0.41
80300	0.41	0.48	0.48	0	0	0.41
80400	0.41	0.48	0.48	0	0	0.41
80500	0.41	0.48	0.48	0	0	0.41
80600	0.41	0.48	0.48	0	0	0.41
80700	0.41	0.48	0.48	0	0	0.41
80800	0.41	0.48	0.48	0	0	0.41
80900	0.41	0.48	0.48	0	0	0.41
81000	0.41	0.48	0.48	0	0	0.41
81100	0.41	0.48	0.48	0	0	0.41
81200	0.41	0.49	0.49	0	0	0.41
81300	0.41	0.49	0.49	0	0	0.41
81400	0.41	0.49	0.49	0	0	0.41
81500	0.41	0.49	0.49	0	0	0.41
81600	0.41	0.49	0.49	0	0	0.41
81700	0.41	0.49	0.49	0	0	0.41
81800	0.42	0.49	0.49	0	0	0.42
81900	0.42	0.49	0.49	0	0	0.42
82000	0.42	0.49	0.49	0	0	0.42
82100	0.42	0.49	0.49	0	0	0.42
82200	0.42	0.49	0.49	0	0	0.42
82300	0.42	0.49	0.49	0	0	0.42
82400	0.42	0.49	0.49	0	0	0.42
82500	0.42	0.49	0.49	0	0	0.42
82600	0.42	0.49	0.49	0	0	0.42
82700	0.42	0.49	0.49	0	0	0.42
82800	0.42	0.49	0.49	0	0	0.42
82900	0.42	0.49	0.49	0	0	0.42
83000	0.42	0.49	0.49	0	0	0.42
83100	0.42	0.49	0.49	0	0	0.42
83200	0.42	0.48	0.48	0	0	0.42
83300	0.42	0.47	0.47	0	0	0.42
83400	0.42	0.47	0.47	0	0	0.42
83500	0.42	0.47	0.47	0	0	0.42
83600	0.42	0.47	0.47	0	0	0.42
83700	0.42	0.47	0.47	0	0	0.42
83800	0.42	0.47	0.47	0	0	0.42
83900	0.43	0.47	0.47	0	0	0.43
84000	0.43	0.47	0.47	0	0	0.43
84100	0.43	0.47	0.47	0	0	0.43
84200	0.43	0.47	0.47	0	0	0.43
84300	0.43	0.47	0.47	0	0	0.43
84400	0.43	0.47	0.47	0	0	0.43
84500	0.43	0.47	0.47	0	0	0.43
84600	0.43	0.47	0.47	0	0	0.43
84700	0.43	0.47	0.47	0	0	0.43
84800	0.43	0.47	0.47	0	0	0.43
84900	0.43	0.47	0.47	0	0	0.43
85000	0.43	0.47	0.47	0	0	0.43
85100	0.42	0.47	0.47	0	0	0.42
85200	0.42	0.47	0.47	0	0	0.42
85300	0.42	0.47	0.47	0	0	0.42
85400	0.42	0.47	0.47	0	0	0.42
85500	0.42	0.47	0.47	0	0	0.42
85600	0.42	0.47	0.47	0	0	0.42
85700	0.42	0.47	0.47	0	0	0.42
85800	0.42	0.47	0.47	0	0	0.42
85900	0.42	0.47	0.47	0	0	0.42
86000	0.42	0.47	0.47	0	0	0.42
86100	0.42	0.47	0.47	0	0	0.42
86200	0.42	0.47	0.47	0	0	0.42
86300	0.42	0.47	0.47	0	0	0.42
86400	0.43	0.47	0.47	0	0	0.43
86500	0.43	0.47	0.47	0	0	0.43
86600	0.42	0.47	0.47	0	0	0.42
86700	0.42	0.47	0.47	0	0	0.42
86800	0.42	0.47	0.47	0	0	0.42
86900	0.42	0.47	0.47	0	0	0.42
87000	0.42	0.47	0.47	0	0	0.42
87100	0.42	0.47	0.47	0	0	0.42
87200	0.42	0.47	0.47	0	0	0.42
87300	0.42	0.47	0.47	0	0	0.42
87400	0.42	0.47	0.47	0	0	0.42
87500	0.42	0.47	0.47	0	0	0.42
87600	0.42	0.47	0.47	0	0	0.42
87700	0.42	0.47	0.47	0	0	0.42
87800	0.42	0.47	0.47	0	0	0.42
87900	0.42	0.46	0.46	0	0	0.42
88000	0.42	0.46	0.46	0	0	0.42
88100	0.42	0.46	0.46	0	0	0.42
88200	0.42	0.46	0.46	0	0	0.42
88300	0.42	0.46	0.46	0	0	0.42
88400	0.42	0.47	0.47	0	0	0.42
88500	0.42	0.47	0.47	0	0	0.42
88600	0.42	0.47	0.47	0	0	0.42
88700	0.42	0.47	0.47	0	0	0.42
88800	0.42	0.46	0.46	0	0	0.42
88900	0.44	0.46	0.46	0	0	0.44
89000	0.44	0.46	0.46	0	0	0.44
89100	0.44	0.46	0.46	0	0	0.44
89200	0.44	0.46	0.46	0	0	0.44
89300	0.44	0.46	0.46	0	0	0.44
89400	0.44	0.46	0.46	0	0	0.44
89500	0.44	0.46	0.46	0	0	0.44
89600	0.44	0.46	0.46	0	0	0.44
89700	0.44	0.46	0.46	0	0	0.44
89800	0.44	0.46	0.46	0	0	0.44
89900	0.44	0.46	0.46	0	0	0.44
90000	0.44	0.46	0.46	0	0	0.44
90100	0.44	0.46	0.46	0	0	0.44
90200	0.44	0.46	0.46	0	0	0.44
90300	0.44	0.46	0.46	0	0	0.44
90400	0.44	0.46	0.46	0	0	0.44
90500	0.44	0.46	0.46	0	0	0.44
90600	0.44	0.46	0.46	0	0	0.44
90700	0.44	0.46	0.46	0	0	0.44
90800	0.44	0.46	0.46	0	0	0.44
90900	0.44	0.45	0.45	0	0	0.44
91000	0.44	0.45	0.45	0	0	0.44
91100	0.44	0.45	0.45	0	0	0.44
91200	0.44	0.45	0.45	0	0	0.44
91300	0.44	0.45	0.45	0	0	0.44
91400	0.44	0.45	0.45	0	0	0.44
91500	0.44	0.45	0.45	0	0	0.44
91600	0.44	0.45	0.45	0	0	0.44
91700	0.44	0.45	0.45	0	0	0.44
91800	0.44	0.45	0.45	0	0	0.44
91900	0.45	0.45	0.45	0	0	0.45
92000	0.45	0.45	0.45	0	0	0.45
92100	0.45	0.44	0.44	0	0	0.45
92200	0.45	0.44	0.44	0	0	0.45
92300	0.45	0.44	0.44	0	0	0.45
92400	0.46	0.44	0.44	0	0	0.46
92500	0.46	0.44	0.44	0	0	0.46
92600	0.46	0.44	0.44	0	0	0.46
92700	0.46	0.44	0.44	0	0	0.46
92800	0.46	0.44	0.44	0	0	0.46
92900	0.46	0.44	0.44	0	0	0.46
93000	0.46	0.44	0.44	0	0	0.46
93100	0.46	0.44	0.44	0	0	0.46
93200	0.46	0.44	0.44	0	0	0.46
93300	0.46	0.43	0.43	0	0	0.46
93400	0.46	0.43	0.43	0	0	0.46
93500	0.46	0.43	0.43	0	0	0.46
93600	0.46	0.43	0.43	0	0	0.46
93700	0.46	0.43	0.43	0	0	0.46
93800	0.47	0.43	0.43	0	0	0.47
93900	0.47	0.43	0.43	0	0	0.47
94000	0.47	0.43	0.43	0	0	0.47
94100	0.47	0.43	0.43	0	0	0.47
94200	0.47	0.43	0.43	0	0	0.47
94300	0.47	0.43	0.43	0	0	0.47
94400	0.47	0.43	0.43	0	0	0.47
94500	0.47	0.43	0.43	0	0	0.47
94600	0.47	0.43	0.43	0	0	0.47
94700	0.47	0.43	0.43	0	0	0.47
94800	0.47	0.43	0.43	0	0	0.47
94900	0.47	0.43	0.43	0	0	0.47
95000	0.47	0.43	0.43	0	0	0.47
95100	0.48	0.43	0.43	0	0	0.48
95200	0.48	0.43	0.43	0	0	0.48
95300	0.48	0.43	0.43	0	0	0.48
95400	0.47	0.43	0.43	0	0	0.47
95500	0.47	0.43	0.43	0	0	0.47
95600	0.46	0.43	0.43	0	0	0.46
95700	0.47	0.42	0.42	0	0	0.47
95800	0.47	0.42	0.42	0	0	0.47
95900	0.45	0.42	0.42	0	0	0.45
96000	0.45	0.42	0.42	0	0	0.45
96100	0.45	0.42	0.42	0	0	0.45
96200	0.45	0.43	0.43	0	0	0.45
96300	0.45	0.43	0.43	0	0	0.45
96400	0.45	0.43	0.43	0	0	0.45
96500	0.45	0.43	0.43	0	0	0.45
96600	0.45	0.43	0.43	0	0	0.45
96700	0.45	0.43	0.43	0	0	0.45
96800	0.45	0.43	0.43	0	0	0.45
96900	0.45	0.43	0.43	0	0	0.45
97000	0.45	0.43	0.43	0	0	0.45
97100	0.45	0.44	0.44	0	0	0.45
97200	0.45	0.44	0.44	0	0	0.45
97300	0.45	0.44	0.44	0	0	0.45
97400	0.45	0.44	0.44	0	0	0.45
97500	0.45	0.44	0.44	0	0	0.45
97600	0.45	0.44	0.44	0	0	0.45
97700	0.45	0.44	0.44	0	0	0.45
97800	0.45	0.45	0.45	0	0	0.45
97900	0.45	0.45	0.45	0	0	0.45
98000	0.45	0.45	0.45	0	0	0.45
98100	0.45	0.45	0.45	0	0	0.45
98200	0.45	0.45	0.45	0	0	0.45
98300	0.45	0.45	0.45	0	0	0.45
98400	0.45	0.45	0.45	0	0	0.45
98500	0.45	0.45	0.45	0	0	0.45
98600	0.45	0.45	0.45	0	0	0.45
98700	0.45	0.45	0.45	0	0	0.45
98800	0.45	0.45	0.45	0	0	0.45
98900	0.45	0.45	0.45	0	0	0.45
99000	0.45	0.45	0.45	0	0	0.45
99100	0.46	0.45	0.45	0	0	0.46
99200	0.45	0.45	0.45	0	0	0.45
99300	0.45	0.45	0.45	0	0	0.45
99400	0.45	0.45	0.45	0	0	0.45
99500	0.45	0.45	0.45	0	0	0.45
99600	0.45	0.45	0.45	0	0	0.45
99700	0.45	0.44	0.44	0	0	0.45
99800	0.45	0.44	0.44	0	0	0.45
99900	0.45	0.44	0.44	0	0	0.45
100000	0.45	0.44	0.44	0	0	0.45
