100	0.1	0.09	0.09	0	0	0.1
200	0.13	0.11	0.11	0	0	0.13
300	0.17	0.11	0.11	0	0	0.17
400	0.21	0.12	0.12	0	0	0.21
500	0.22	0.13	0.13	0	0	0.22
600	0.22	0.13	0.13	0	0	0.22
700	0.22	0.15	0.15	0	0	0.22
800	0.23	0.17	0.17	0	0	0.23
900	0.24	0.17	0.17	0	0	0.24
1000	0.24	0.18	0.18	0	0	0.24
1100	0.25	0.18	0.18	0	0	0.25
1200	0.26	0.19	0.19	0	0	0.26
1300	0.26	0.2	0.2	0	0	0.26
1400	0.26	0.2	0.2	0	0	0.26
1500	0.27	0.2	0.2	0	0	0.27
1600	0.28	0.2	0.2	0	0	0.28
1700	0.28	0.21	0.21	0	0	0.28
1800	0.28	0.22	0.22	0	0	0.28
1900	0.28	0.23	0.23	0	0	0.28
2000	0.29	0.23	0.23	0	0	0.29
2100	0.29	0.24	0.24	0	0	0.29
2200	0.29	0.23	0.23	0	0	0.29
2300	0.29	0.23	0.23	0	0	0.29
2400	0.29	0.24	0.24	0	0	0.29
2500	0.29	0.24	0.24	0	0	0.29
2600	0.29	0.25	0.25	0	0	0.29
2700	0.29	0.25	0.25	0	0	0.29
2800	0.3	0.25	0.25	0	0	0.3
2900	0.3	0.25	0.25	0	0	0.3
3000	0.31	0.25	0.25	0	0	0.31
3100	0.31	0.25	0.25	0	0	0.31
3200	0.3	0.26	0.26	0	0	0.3
3300	0.3	0.28	0.28	0	0	0.3
3400	0.3	0.28	0.28	0	0	0.3
3500	0.3	0.3	0.3	0	0	0.3
3600	0.31	0.31	0.31	0	0	0.31
3700	0.31	0.32	0.32	0	0	0.31
3800	0.32	0.3	0.3	0	0	0.32
3900	0.33	0.3	0.3	0	0	0.33
4000	0.33	0.3	0.3	0	0	0.33
4100	0.33	0.3	0.3	0	0	0.33
4200	0.33	0.3	0.3	0	0	0.33
4300	0.35	0.31	0.31	0	0	0.35
4400	0.37	0.31	0.31	0	0	0.37
4500	0.38	0.31	0.31	0	0	0.38
4600	0.38	0.31	0.31	0	0	0.38
4700	0.38	0.31	0.31	0	0	0.38
4800	0.38	0.31	0.31	0	0	0.38
4900	0.38	0.32	0.32	0	0	0.38
5000	0.37	0.32	0.32	0	0	0.37
5100	0.38	0.32	0.32	0	0	0.38
5200	0.38	0.31	0.31	0	0	0.38
5300	0.39	0.31	0.31	0	0	0.39
5400	0.41	0.31	0.31	0	0	0.41
5500	0.41	0.31	0.31	0	0	0.41
5600	0.4	0.31	0.31	0	0	0.4
5700	0.4	0.32	0.32	0	0	0.4
5800	0.4	0.32	0.32	0	0	0.4
5900	0.4	0.33	0.33	0	0	0.4
6000	0.4	0.33	0.33	0	0	0.4
6100	0.4	0.33	0.33	0	0	0.4
6200	0.41	0.33	0.33	0	0	0.41
6300	0.42	0.34	0.34	0	0	0.42
6400	0.42	0.33	0.33	0	0	0.42
6500	0.42	0.33	0.33	0	0	0.42
6600	0.42	0.33	0.33	0	0	0.42
6700	0.43	0.36	0.36	0	0	0.43
6800	0.45	0.35	0.35	0	0	0.45
6900	0.46	0.35	0.35	0	0	0.46
7000	0.47	0.35	0.35	0	0	0.47
7100	0.47	0.35	0.35	0	0	0.47
7200	0.47	0.35	0.35	0	0	0.47
7300	0.47	0.35	0.35	0	0	0.47
7400	0.47	0.35	0.35	0	0	0.47
7500	0.47	0.35	0.35	0	0	0.47
7600	0.48	0.34	0.34	0	0	0.48
7700	0.48	0.34	0.34	0	0	0.48
7800	0.48	0.34	0.34	0	0	0.48
7900	0.48	0.34	0.34	0	0	0.48
8000	0.47	0.33	0.33	0	0	0.47
8100	0.47	0.33	0.33	0	0	0.47
8200	0.47	0.33	0.33	0	0	0.47
8300	0.48	0.33	0.33	0	0	0.48
8400	0.48	0.33	0.33	0	0	0.48
8500	0.48	0.33	0.33	0	0	0.48
8600	0.48	0.33	0.33	0	0	0.48
8700	0.48	0.33	0.33	0	0	0.48
8800	0.48	0.33	0.33	0	0	0.48
8900	0.47	0.33	0.33	0	0	0.47
9000	0.47	0.33	0.33	0	0	0.47
9100	0.47	0.33	0.33	0	0	0.47
9200	0.47	0.34	0.34	0	0	0.47
9300	0.47	0.34	0.34	0	0	0.47
9400	0.45	0.34	0.34	0	0	0.45
9500	0.45	0.34	0.34	0	0	0.45
9600	0.45	0.34	0.34	0	0	0.45
9700	0.45	0.34	0.34	0	0	0.45
9800	0.45	0.35	0.35	0	0	0.45
9900	0.45	0.35	0.35	0	0	0.45
10000	0.46	0.35	0.35	0	0	0.46
10100	0.46	0.35	0.35	0	0	0.46
10200	0.46	0.35	0.35	0	0	0.46
10300	0.46	0.35	0.35	0	0	0.46
10400	0.46	0.36	0.36	0	0	0.46
10500	0.44	0.37	0.37	0	0	0.44
10600	0.44	0.37	0.37	0	0	0.44
10700	0.43	0.37	0.37	0	0	0.43
10800	0.43	0.37	0.37	0	0	0.43
10900	0.43	0.38	0.38	0	0	0.43
11000	0.43	0.38	0.38	0	0	0.43
11100	0.44	0.38	0.38	0	0	0.44
11200	0.44	0.38	0.38	0	0	0.44
11300	0.44	0.37	0.37	0	0	0.44
11400	0.45	0.37	0.37	0	0	0.45
11500	0.45	0.37	0.37	0	0	0.45
11600	0.45	0.37	0.37	0	0	0.45
11700	0.45	0.37	0.37	0	0	0.45
11800	0.45	0.36	0.36	0	0	0.45
11900	0.45	0.36	0.36	0	0	0.45
12000	0.45	0.36	0.36	0	0	0.45
12100	0.45	0.37	0.37	0	0	0.45
12200	0.45	0.38	0.38	0	0	0.45
12300	0.45	0.37	0.37	0	0	0.45
12400	0.45	0.38	0.38	0	0	0.45
12500	0.45	0.38	0.38	0	0	0.45
12600	0.45	0.38	0.38	0	0	0.45
12700	0.45	0.4	0.4	0	0	0.45
12800	0.45	0.4	0.4	0	0	0.45
12900	0.45	0.39	0.39	0	0	0.45
13000	0.44	0.39	0.39	0	0	0.44
13100	0.44	0.4	0.4	0	0	0.44
13200	0.44	0.4	0.4	0	0	0.44
13300	0.44	0.4	0.4	0	0	0.44
13400	0.44	0.4	0.4	0	0	0.44
13500	0.44	0.4	0.4	0	0	0.44
13600	0.44	0.4	0.4	0	0	0.44
13700	0.44	0.4	0.4	0	0	0.44
13800	0.44	0.39	0.39	0	0	0.44
13900	0.44	0.39	0.39	0	0	0.44
14000	0.44	0.39	0.39	0	0	0.44
14100	0.43	0.39	0.39	0	0	0.43
14200	0.43	0.39	0.39	0	0	0.43
14300	0.44	0.39	0.39	0	0	0.44
14400	0.44	0.39	0.39	0	0	0.44
14500	0.44	0.39	0.39	0	0	0.44
14600	0.44	0.39	0.39	0	0	0.44
14700	0.44	0.39	0.39	0	0	0.44
14800	0.44	0.39	0.39	0	0	0.44
14900	0.45	0.39	0.39	0	0	0.45
15000	0.45	0.39	0.39	0	0	0.45
15100	0.45	0.39	0.39	0	0	0.45
15200	0.45	0.39	0.39	0	0	0.45
15300	0.45	0.39	0.39	0	0	0.45
15400	0.45	0.39	0.39	0	0	0.45
15500	0.43	0.38	0.38	0	0	0.43
15600	0.43	0.37	0.37	0	0	0.43
15700	0.43	0.37	0.37	0	0	0.43
15800	0.43	0.37	0.37	0	0	0.43
15900	0.41	0.37	0.37	0	0	0.41
16000	0.41	0.37	0.37	0	0	0.41
16100	0.4	0.38	0.38	0	0	0.4
16200	0.4	0.38	0.38	0	0	0.4
16300	0.41	0.39	0.39	0	0	0.41
16400	0.41	0.38	0.38	0	0	0.41
16500	0.4	0.38	0.38	0	0	0.4
16600	0.4	0.38	0.38	0	0	0.4
16700	0.4	0.39	0.39	0	0	0.4
16800	0.4	0.4	0.4	0	0	0.4
16900	0.4	0.4	0.4	0	0	0.4
17000	0.4	0.42	0.42	0	0	0.4
17100	0.4	0.42	0.42	0	0	0.4
17200	0.4	0.41	0.41	0	0	0.4
17300	0.4	0.42	0.42	0	0	0.4
17400	0.4	0.42	0.42	0	0	0.4
17500	0.4	0.42	0.42	0	0	0.4
17600	0.4	0.42	0.42	0	0	0.4
17700	0.4	0.42	0.42	0	0	0.4
17800	0.4	0.42	0.42	0	0	0.4
17900	0.4	0.42	0.42	0	0	0.4
18000	0.41	0.43	0.43	0	0	0.41
18100	0.42	0.43	0.43	0	0	0.42
18200	0.42	0.43	0.43	0	0	0.42
18300	0.42	0.43	0.43	0	0	0.42
18400	0.42	0.42	0.42	0	0	0.42
18500	0.41	0.42	0.42	0	0	0.41
18600	0.4	0.42	0.42	0	0	0.4
18700	0.42	0.42	0.42	0	0	0.42
18800	0.41	0.42	0.42	0	0	0.41
18900	0.42	0.42	0.42	0	0	0.42
19000	0.42	0.42	0.42	0	0	0.42
19100	0.42	0.42	0.42	0	0	0.42
19200	0.42	0.42	0.42	0	0	0.42
19300	0.42	0.42	0.42	0	0	0.42
19400	0.42	0.42	0.42	0	0	0.42
19500	0.43	0.43	0.43	0	0	0.43
19600	0.43	0.43	0.43	0	0	0.43
19700	0.44	0.43	0.43	0	0	0.44
19800	0.45	0.43	0.43	0	0	0.45
19900	0.46	0.43	0.43	0	0	0.46
20000	0.45	0.43	0.43	0	0	0.45
20100	0.45	0.43	0.43	0	0	0.45
20200	0.45	0.44	0.44	0	0	0.45
20300	0.45	0.44	0.44	0	0	0.45
20400	0.45	0.44	0.44	0	0	0.45
20500	0.45	0.44	0.44	0	0	0.45
20600	0.45	0.44	0.44	0	0	0.45
20700	0.45	0.43	0.43	0	0	0.45
20800	0.46	0.43	0.43	0	0	0.46
20900	0.47	0.42	0.42	0	0	0.47
21000	0.46	0.42	0.42	0	0	0.46
21100	0.46	0.42	0.42	0	0	0.46
21200	0.46	0.42	0.42	0	0	0.46
21300	0.46	0.41	0.41	0	0	0.46
21400	0.46	0.41	0.41	0	0	0.46
21500	0.46	0.4	0.4	0	0	0.46
21600	0.46	0.4	0.4	0	0	0.46
21700	0.46	0.4	0.4	0	0	0.46
21800	0.46	0.39	0.39	0	0	0.46
21900	0.46	0.39	0.39	0	0	0.46
22000	0.46	0.4	0.4	0	0	0.46
22100	0.46	0.4	0.4	0	0	0.46
22200	0.46	0.4	0.4	0	0	0.46
22300	0.45	0.41	0.41	0	0	0.45
22400	0.45	0.41	0.41	0	0	0.45
22500	0.44	0.41	0.41	0	0	0.44
22600	0.44	0.4	0.4	0	0	0.44
22700	0.44	0.4	0.4	0	0	0.44
22800	0.44	0.4	0.4	0	0	0.44
22900	0.44	0.4	0.4	0	0	0.44
23000	0.44	0.4	0.4	0	0	0.44
23100	0.44	0.4	0.4	0	0	0.44
23200	0.44	0.4	0.4	0	0	0.44
23300	0.44	0.4	0.4	0	0	0.44
23400	0.44	0.4	0.4	0	0	0.44
23500	0.44	0.4	0.4	0	0	0.44
23600	0.44	0.4	0.4	0	0	0.44
23700	0.44	0.4	0.4	0	0	0.44
23800	0.44	0.39	0.39	0	0	0.44
23900	0.44	0.39	0.39	0	0	0.44
24000	0.44	0.4	0.4	0	0	0.44
24100	0.44	0.39	0.39	0	0	0.44
24200	0.44	0.39	0.39	0	0	0.44
24300	0.44	0.4	0.4	0	0	0.44
24400	0.45	0.41	0.41	0	0	0.45
24500	0.45	0.41	0.41	0	0	0.45
24600	0.45	0.41	0.41	0	0	0.45
24700	0.45	0.41	0.41	0	0	0.45
24800	0.45	0.41	0.41	0	0	0.45
24900	0.45	0.41	0.41	0	0	0.45
25000	0.45	0.41	0.41	0	0	0.45
25100	0.45	0.41	0.41	0	0	0.45
25200	0.45	0.41	0.41	0	0	0.45
25300	0.45	0.41	0.41	0	0	0.45
25400	0.45	0.42	0.42	0	0	0.45
25500	0.45	0.42	0.42	0	0	0.45
25600	0.45	0.42	0.42	0	0	0.45
25700	0.45	0.42	0.42	0	0	0.45
25800	0.45	0.42	0.42	0	0	0.45
25900	0.45	0.43	0.43	0	0	0.45
26000	0.45	0.43	0.43	0	0	0.45
26100	0.45	0.43	0.43	0	0	0.45
26200	0.45	0.44	0.44	0	0	0.45
26300	0.45	0.45	0.45	0	0	0.45
26400	0.45	0.45	0.45	0	0	0.45
26500	0.46	0.45	0.45	0	0	0.46
26600	0.46	0.45	0.45	0	0	0.46
26700	0.46	0.45	0.45	0	0	0.46
26800	0.46	0.45	0.45	0	0	0.46
26900	0.46	0.45	0.45	0	0	0.46
27000	0.46	0.44	0.44	0	0	0.46
27100	0.46	0.44	0.44	0	0	0.46
27200	0.46	0.44	0.44	0	0	0.46
27300	0.46	0.45	0.45	0	0	0.46
27400	0.46	0.45	0.45	0	0	0.46
27500	0.46	0.45	0.45	0	0	0.46
27600	0.46	0.45	0.45	0	0	0.46
27700	0.46	0.45	0.45	0	0	0.46
27800	0.45	0.45	0.45	0	0	0.45
27900	0.45	0.45	0.45	0	0	0.45
28000	0.45	0.45	0.45	0	0	0.45
28100	0.45	0.44	0.44	0	0	0.45
28200	0.45	0.44	0.44	0	0	0.45
28300	0.45	0.44	0.44	0	0	0.45
28400	0.45	0.44	0.44	0	0	0.45
28500	0.45	0.44	0.44	0	0	0.45
28600	0.45	0.43	0.43	0	0	0.45
28700	0.45	0.44	0.44	0	0	0.45
28800	0.45	0.44	0.44	0	0	0.45
28900	0.44	0.44	0.44	0	0	0.44
29000	0.44	0.44	0.44	0	0	0.44
29100	0.44	0.44	0.44	0	0	0.44
29200	0.44	0.44	0.44	0	0	0.44
29300	0.44	0.44	0.44	0	0	0.44
29400	0.44	0.45	0.45	0	0	0.44
29500	0.44	0.45	0.45	0	0	0.44
29600	0.44	0.45	0.45	0	0	0.44
29700	0.44	0.44	0.44	0	0	0.44
29800	0.44	0.44	0.44	0	0	0.44
29900	0.45	0.44	0.44	0	0	0.45
30000	0.44	0.44	0.44	0	0	0.44
30100	0.44	0.44	0.44	0	0	0.44
30200	0.44	0.44	0.44	0	0	0.44
30300	0.44	0.44	0.44	0	0	0.44
30400	0.44	0.44	0.44	0	0	0.44
30500	0.44	0.44	0.44	0	0	0.44
30600	0.44	0.44	0.44	0	0	0.44
30700	0.44	0.44	0.44	0	0	0.44
30800	0.46	0.44	0.44	0	0	0.46
30900	0.45	0.44	0.44	0	0	0.45
31000	0.45	0.44	0.44	0	0	0.45
31100	0.45	0.44	0.44	0	0	0.45
31200	0.44	0.44	0.44	0	0	0.44
31300	0.44	0.44	0.44	0	0	0.44
31400	0.44	0.44	0.44	0	0	0.44
31500	0.44	0.44	0.44	0	0	0.44
31600	0.44	0.44	0.44	0	0	0.44
31700	0.44	0.44	0.44	0	0	0.44
31800	0.44	0.44	0.44	0	0	0.44
31900	0.44	0.44	0.44	0	0	0.44
32000	0.44	0.44	0.44	0	0	0.44
32100	0.44	0.44	0.44	0	0	0.44
32200	0.44	0.44	0.44	0	0	0.44
32300	0.44	0.44	0.44	0	0	0.44
32400	0.45	0.44	0.44	0	0	0.45
32500	0.45	0.44	0.44	0	0	0.45
32600	0.47	0.44	0.44	0	0	0.47
32700	0.47	0.44	0.44	0	0	0.47
32800	0.47	0.44	0.44	0	0	0.47
32900	0.47	0.44	0.44	0	0	0.47
33000	0.47	0.44	0.44	0	0	0.47
33100	0.47	0.44	0.44	0	0	0.47
33200	0.47	0.44	0.44	0	0	0.47
33300	0.47	0.44	0.44	0	0	0.47
33400	0.47	0.44	0.44	0	0	0.47
33500	0.47	0.44	0.44	0	0	0.47
33600	0.47	0.44	0.44	0	0	0.47
33700	0.47	0.44	0.44	0	0	0.47
33800	0.47	0.43	0.43	0	0	0.47
33900	0.47	0.43	0.43	0	0	0.47
34000	0.47	0.43	0.43	0	0	0.47
34100	0.47	0.44	0.44	0	0	0.47
34200	0.47	0.44	0.44	0	0	0.47
34300	0.47	0.43	0.43	0	0	0.47
34400	0.47	0.43	0.43	0	0	0.47
34500	0.47	0.43	0.43	0	0	0.47
34600	0.47	0.43	0.43	0	0	0.47
34700	0.47	0.43	0.43	0	0	0.47
34800	0.47	0.43	0.43	0	0	0.47
34900	0.47	0.43	0.43	0	0	0.47
35000	0.47	0.43	0.43	0	0	0.47
35100	0.47	0.43	0.43	0	0	0.47
35200	0.48	0.43	0.43	0	0	0.48
35300	0.48	0.43	0.43	0	0	0.48
35400	0.48	0.43	0.43	0	0	0.48
35500	0.48	0.43	0.43	0	0	0.48
35600	0.49	0.43	0.43	0	0	0.49
35700	0.5	0.43	0.43	0	0	0.5
35800	0.5	0.43	0.43	0	0	0.5
35900	0.5	0.43	0.43	0	0	0.5
36000	0.5	0.42	0.42	0	0	0.5
36100	0.5	0.42	0.42	0	0	0.5
36200	0.5	0.42	0.42	0	0	0.5
36300	0.5	0.42	0.42	0	0	0.5
36400	0.5	0.42	0.42	0	0	0.5
36500	0.51	0.42	0.42	0	0	0.51
36600	0.51	0.42	0.42	0	0	0.51
36700	0.51	0.42	0.42	0	0	0.51
36800	0.51	0.42	0.42	0	0	0.51
36900	0.51	0.42	0.42	0	0	0.51
37000	0.51	0.42	0.42	0	0	0.51
37100	0.51	0.42	0.42	0	0	0.51
37200	0.51	0.42	0.42	0	0	0.51
37300	0.51	0.43	0.43	0	0	0.51
37400	0.51	0.43	0.43	0	0	0.51
37500	0.51	0.43	0.43	0	0	0.51
37600	0.52	0.43	0.43	0	0	0.52
37700	0.52	0.43	0.43	0	0	0.52
37800	0.52	0.43	0.43	0	0	0.52
37900	0.52	0.43	0.43	0	0	0.52
38000	0.52	0.43	0.43	0	0	0.52
38100	0.52	0.44	0.44	0	0	0.52
38200	0.51	0.44	0.44	0	0	0.51
38300	0.51	0.43	0.43	0	0	0.51
38400	0.51	0.43	0.43	0	0	0.51
38500	0.51	0.43	0.43	0	0	0.51
38600	0.51	0.43	0.43	0	0	0.51
38700	0.51	0.43	0.43	0	0	0.51
38800	0.51	0.43	0.43	0	0	0.51
38900	0.51	0.43	0.43	0	0	0.51
39000	0.51	0.43	0.43	0	0	0.51
39100	0.51	0.43	0.43	0	0	0.51
39200	0.51	0.43	0.43	0	0	0.51
39300	0.51	0.43	0.43	0	0	0.51
39400	0.51	0.43	0.43	0	0	0.51
39500	0.51	0.43	0.43	0	0	0.51
39600	0.51	0.43	0.43	0	0	0.51
39700	0.51	0.43	0.43	0	0	0.51
39800	0.51	0.43	0.43	0	0	0.51
39900	0.51	0.43	0.43	0	0	0.51
40000	0.51	0.42	0.42	0	0	0.51
40100	0.51	0.42	0.42	0	0	0.51
40200	0.51	0.42	0.42	0	0	0.51
40300	0.51	0.42	0.42	0	0	0.51
40400	0.51	0.42	0.42	0	0	0.51
40500	0.51	0.42	0.42	0	0	0.51
40600	0.51	0.42	0.42	0	0	0.51
40700	0.51	0.42	0.42	0	0	0.51
40800	0.5	0.42	0.42	0	0	0.5
40900	0.5	0.42	0.42	0	0	0.5
41000	0.5	0.41	0.41	0	0	0.5
41100	0.5	0.41	0.41	0	0	0.5
41200	0.5	0.41	0.41	0	0	0.5
41300	0.5	0.41	0.41	0	0	0.5
41400	0.5	0.41	0.41	0	0	0.5
41500	0.5	0.41	0.41	0	0	0.5
41600	0.51	0.41	0.41	0	0	0.51
41700	0.51	0.42	0.42	0	0	0.51
41800	0.5	0.42	0.42	0	0	0.5
41900	0.5	0.42	0.42	0	0	0.5
42000	0.49	0.42	0.42	0	0	0.49
42100	0.49	0.42	0.42	0	0	0.49
42200	0.49	0.42	0.42	0	0	0.49
42300	0.49	0.42	0.42	0	0	0.49
42400	0.48	0.41	0.41	0	0	0.48
42500	0.48	0.4	0.4	0	0	0.48
42600	0.48	0.4	0.4	0	0	0.48
42700	0.48	0.4	0.4	0	0	0.48
42800	0.48	0.4	0.4	0	0	0.48
42900	0.48	0.4	0.4	0	0	0.48
43000	0.48	0.4	0.4	0	0	0.48
43100	0.48	0.4	0.4	0	0	0.48
43200	0.48	0.4	0.4	0	0	0.48
43300	0.49	0.4	0.4	0	0	0.49
43400	0.5	0.4	0.4	0	0	0.5
43500	0.5	0.4	0.4	0	0	0.5
43600	0.5	0.4	0.4	0	0	0.5
43700	0.5	0.4	0.4	0	0	0.5
43800	0.5	0.4	0.4	0	0	0.5
43900	0.5	0.4	0.4	0	0	0.5
44000	0.5	0.41	0.41	0	0	0.5
44100	0.5	0.41	0.41	0	0	0.5
44200	0.5	0.41	0.41	0	0	0.5
44300	0.5	0.41	0.41	0	0	0.5
44400	0.5	0.4	0.4	0	0	0.5
44500	0.5	0.4	0.4	0	0	0.5
44600	0.5	0.4	0.4	0	0	0.5
44700	0.5	0.4	0.4	0	0	0.5
44800	0.5	0.4	0.4	0	0	0.5
44900	0.49	0.4	0.4	0	0	0.49
45000	0.49	0.4	0.4	0	0	0.49
45100	0.49	0.4	0.4	0	0	0.49
45200	0.49	0.39	0.39	0	0	0.49
45300	0.48	0.39	0.39	0	0	0.48
45400	0.48	0.39	0.39	0	0	0.48
45500	0.48	0.39	0.39	0	0	0.48
45600	0.48	0.39	0.39	0	0	0.48
45700	0.48	0.39	0.39	0	0	0.48
45800	0.48	0.39	0.39	0	0	0.48
45900	0.48	0.39	0.39	0	0	0.48
46000	0.48	0.39	0.39	0	0	0.48
46100	0.48	0.39	0.39	0	0	0.48
46200	0.48	0.39	0.39	0	0	0.48
46300	0.48	0.39	0.39	0	0	0.48
46400	0.48	0.39	0.39	0	0	0.48
46500	0.49	0.39	0.39	0	0	0.49
46600	0.5	0.39	0.39	0	0	0.5
46700	0.51	0.39	0.39	0	0	0.51
46800	0.51	0.39	0.39	0	0	0.51
46900	0.5	0.39	0.39	0	0	0.5
47000	0.5	0.39	0.39	0	0	0.5
47100	0.5	0.39	0.39	0	0	0.5
47200	0.5	0.38	0.38	0	0	0.5
47300	0.5	0.38	0.38	0	0	0.5
47400	0.5	0.39	0.39	0	0	0.5
47500	0.5	0.4	0.4	0	0	0.5
47600	0.5	0.4	0.4	0	0	0.5
47700	0.51	0.39	0.39	0	0	0.51
47800	0.5	0.39	0.39	0	0	0.5
47900	0.5	0.39	0.39	0	0	0.5
48000	0.5	0.39	0.39	0	0	0.5
48100	0.5	0.39	0.39	0	0	0.5
48200	0.51	0.39	0.39	0	0	0.51
48300	0.51	0.39	0.39	0	0	0.51
48400	0.51	0.4	0.4	0	0	0.51
48500	0.52	0.4	0.4	0	0	0.52
48600	0.52	0.4	0.4	0	0	0.52
48700	0.52	0.41	0.41	0	0	0.52
48800	0.52	0.41	0.41	0	0	0.52
48900	0.52	0.41	0.41	0	0	0.52
49000	0.52	0.41	0.41	0	0	0.52
49100	0.52	0.41	0.41	0	0	0.52
49200	0.51	0.41	0.41	0	0	0.51
49300	0.51	0.41	0.41	0	0	0.51
49400	0.51	0.41	0.41	0	0	0.51
49500	0.52	0.41	0.41	0	0	0.52
49600	0.52	0.41	0.41	0	0	0.52
49700	0.52	0.41	0.41	0	0	0.52
49800	0.52	0.41	0.41	0	0	0.52
49900	0.52	0.41	0.41	0	0	0.52
50000	0.52	0.41	0.41	0	0	0.52
50100	0.52	0.4	0.4	0	0	0.52
50200	0.52	0.4	0.4	0	0	0.52
50300	0.52	0.41	0.41	0	0	0.52
50400	0.52	0.41	0.41	0	0	0.52
50500	0.52	0.41	0.41	0	0	0.52
50600	0.52	0.42	0.42	0	0	0.52
50700	0.52	0.42	0.42	0	0	0.52
50800	0.52	0.42	0.42	0	0	0.52
50900	0.52	0.42	0.42	0	0	0.52
51000	0.52	0.42	0.42	0	0	0.52
51100	0.52	0.42	0.42	0	0	0.52
51200	0.52	0.42	0.42	0	0	0.52
51300	0.52	0.42	0.42	0	0	0.52
51400	0.52	0.42	0.42	0	0	0.52
51500	0.52	0.42	0.42	0	0	0.52
51600	0.52	0.42	0.42	0	0	0.52
51700	0.52	0.42	0.42	0	0	0.52
51800	0.52	0.42	0.42	0	0	0.52
51900	0.52	0.42	0.42	0	0	0.52
52000	0.53	0.43	0.43	0	0	0.53
52100	0.53	0.43	0.43	0	0	0.53
52200	0.53	0.42	0.42	0	0	0.53
52300	0.53	0.42	0.42	0	0	0.53
52400	0.53	0.42	0.42	0	0	0.53
52500	0.53	0.42	0.42	0	0	0.53
52600	0.53	0.42	0.42	0	0	0.53
52700	0.53	0.42	0.42	0	0	0.53
52800	0.53	0.42	0.42	0	0	0.53
52900	0.53	0.42	0.42	0	0	0.53
53000	0.53	0.42	0.42	0	0	0.53
53100	0.53	0.42	0.42	0	0	0.53
53200	0.53	0.42	0.42	0	0	0.53
53300	0.53	0.41	0.41	0	0	0.53
53400	0.53	0.41	0.41	0	0	0.53
53500	0.53	0.41	0.41	0	0	0.53
53600	0.53	0.41	0.41	0	0	0.53
53700	0.53	0.41	0.41	0	0	0.53
53800	0.53	0.41	0.41	0	0	0.53
53900	0.53	0.41	0.41	0	0	0.53
54000	0.53	0.41	0.41	0	0	0.53
54100	0.53	0.42	0.42	0	0	0.53
54200	0.53	0.42	0.42	0	0	0.53
54300	0.53	0.42	0.42	0	0	0.53
54400	0.53	0.42	0.42	0	0	0.53
54500	0.53	0.42	0.42	0	0	0.53
54600	0.52	0.42	0.42	0	0	0.52
54700	0.52	0.42	0.42	0	0	0.52
54800	0.52	0.42	0.42	0	0	0.52
54900	0.52	0.42	0.42	0	0	0.52
55000	0.52	0.42	0.42	0	0	0.52
55100	0.52	0.42	0.42	0	0	0.52
55200	0.52	0.42	0.42	0	0	0.52
55300	0.52	0.42	0.42	0	0	0.52
55400	0.52	0.42	0.42	0	0	0.52
55500	0.52	0.42	0.42	0	0	0.52
55600	0.52	0.42	0.42	0	0	0.52
55700	0.52	0.42	0.42	0	0	0.52
55800	0.52	0.42	0.42	0	0	0.52
55900	0.52	0.42	0.42	0	0	0.52
56000	0.52	0.42	0.42	0	0	0.52
56100	0.52	0.42	0.42	0	0	0.52
56200	0.52	0.42	0.42	0	0	0.52
56300	0.52	0.42	0.42	0	0	0.52
56400	0.52	0.42	0.42	0	0	0.52
56500	0.52	0.42	0.42	0	0	0.52
56600	0.52	0.42	0.42	0	0	0.52
56700	0.52	0.42	0.42	0	0	0.52
56800	0.52	0.42	0.42	0	0	0.52
56900	0.52	0.42	0.42	0	0	0.52
57000	0.52	0.42	0.42	0	0	0.52
57100	0.52	0.42	0.42	0	0	0.52
57200	0.52	0.42	0.42	0	0	0.52
57300	0.52	0.42	0.42	0	0	0.52
57400	0.52	0.42	0.42	0	0	0.52
57500	0.52	0.42	0.42	0	0	0.52
57600	0.52	0.42	0.42	0	0	0.52
57700	0.52	0.42	0.42	0	0	0.52
57800	0.53	0.42	0.42	0	0	0.53
57900	0.53	0.42	0.42	0	0	0.53
58000	0.53	0.42	0.42	0	0	0.53
58100	0.53	0.42	0.42	0	0	0.53
58200	0.53	0.42	0.42	0	0	0.53
58300	0.53	0.42	0.42	0	0	0.53
58400	0.53	0.42	0.42	0	0	0.53
58500	0.53	0.41	0.41	0	0	0.53
58600	0.53	0.41	0.41	0	0	0.53
58700	0.53	0.41	0.41	0	0	0.53
58800	0.53	0.41	0.41	0	0	0.53
58900	0.53	0.41	0.41	0	0	0.53
59000	0.53	0.41	0.41	0	0	0.53
59100	0.53	0.41	0.41	0	0	0.53
59200	0.53	0.41	0.41	0	0	0.53
59300	0.53	0.41	0.41	0	0	0.53
59400	0.53	0.41	0.41	0	0	0.53
59500	0.53	0.41	0.41	0	0	0.53
59600	0.53	0.41	0.41	0	0	0.53
59700	0.53	0.41	0.41	0	0	0.53
59800	0.53	0.41	0.41	0	0	0.53
59900	0.53	0.41	0.41	0	0	0.53
60000	0.53	0.41	0.41	0	0	0.53
60100	0.53	0.41	0.41	0	0	0.53
60200	0.53	0.41	0.41	0	0	0.53
60300	0.53	0.41	0.41	0	0	0.53
60400	0.53	0.41	0.41	0	0	0.53
60500	0.53	0.41	0.41	0	0	0.53
60600	0.53	0.41	0.41	0	0	0.53
60700	0.53	0.41	0.41	0	0	0.53
60800	0.53	0.41	0.41	0	0	0.53
60900	0.53	0.41	0.41	0	0	0.53
61000	0.53	0.41	0.41	0	0	0.53
61100	0.53	0.41	0.41	0	0	0.53
61200	0.53	0.4	0.4	0	0	0.53
61300	0.53	0.4	0.4	0	0	0.53
61400	0.53	0.4	0.4	0	0	0.53
61500	0.53	0.4	0.4	0	0	0.53
61600	0.53	0.41	0.41	0	0	0.53
61700	0.53	0.41	0.41	0	0	0.53
61800	0.53	0.41	0.41	0	0	0.53
61900	0.54	0.41	0.41	0	0	0.54
62000	0.53	0.41	0.41	0	0	0.53
62100	0.53	0.42	0.42	0	0	0.53
62200	0.51	0.42	0.42	0	0	0.51
62300	0.51	0.42	0.42	0	0	0.51
62400	0.51	0.42	0.42	0	0	0.51
62500	0.51	0.42	0.42	0	0	0.51
62600	0.5	0.42	0.42	0	0	0.5
62700	0.5	0.42	0.42	0	0	0.5
62800	0.5	0.42	0.42	0	0	0.5
62900	0.5	0.42	0.42	0	0	0.5
63000	0.5	0.42	0.42	0	0	0.5
63100	0.51	0.42	0.42	0	0	0.51
63200	0.51	0.42	0.42	0	0	0.51
63300	0.51	0.42	0.42	0	0	0.51
63400	0.51	0.42	0.42	0	0	0.51
63500	0.51	0.42	0.42	0	0	0.51
63600	0.51	0.42	0.42	0	0	0.51
63700	0.51	0.42	0.42	0	0	0.51
63800	0.51	0.42	0.42	0	0	0.51
63900	0.51	0.42	0.42	0	0	0.51
64000	0.51	0.42	0.42	0	0	0.51
64100	0.51	0.42	0.42	0	0	0.51
64200	0.51	0.42	0.42	0	0	0.51
64300	0.51	0.42	0.42	0	0	0.51
64400	0.51	0.42	0.42	0	0	0.51
64500	0.51	0.41	0.41	0	0	0.51
64600	0.51	0.41	0.41	0	0	0.51
64700	0.51	0.41	0.41	0	0	0.51
64800	0.51	0.41	0.41	0	0	0.51
64900	0.51	0.41	0.41	0	0	0.51
65000	0.51	0.41	0.41	0	0	0.51
65100	0.51	0.41	0.41	0	0	0.51
65200	0.51	0.41	0.41	0	0	0.51
65300	0.5	0.41	0.41	0	0	0.5
65400	0.5	0.41	0.41	0	0	0.5
65500	0.5	0.41	0.41	0	0	0.5
65600	0.5	0.41	0.41	0	0	0.5
65700	0.5	0.41	0.41	0	0	0.5
65800	0.5	0.41	0.41	0	0	0.5
65900	0.5	0.42	0.42	0	0	0.5
66000	0.5	0.41	0.41	0	0	0.5
66100	0.5	0.41	0.41	0	0	0.5
66200	0.5	0.41	0.41	0	0	0.5
66300	0.5	0.41	0.41	0	0	0.5
66400	0.5	0.42	0.42	0	0	0.5
66500	0.5	0.42	0.42	0	0	0.5
66600	0.49	0.42	0.42	0	0	0.49
66700	0.49	0.42	0.42	0	0	0.49
66800	0.49	0.42	0.42	0	0	0.49
66900	0.49	0.42	0.42	0	0	0.49
67000	0.49	0.42	0.42	0	0	0.49
67100	0.49	0.42	0.42	0	0	0.49
67200	0.49	0.42	0.42	0	0	0.49
67300	0.49	0.42	0.42	0	0	0.49
67400	0.48	0.42	0.42	0	0	0.48
67500	0.48	0.42	0.42	0	0	0.48
67600	0.48	0.42	0.42	0	0	0.48
67700	0.48	0.42	0.42	0	0	0.48
67800	0.48	0.42	0.42	0	0	0.48
67900	0.48	0.42	0.42	0	0	0.48
68000	0.48	0.42	0.42	0	0	0.48
68100	0.48	0.42	0.42	0	0	0.48
68200	0.48	0.42	0.42	0	0	0.48
68300	0.48	0.42	0.42	0	0	0.48
68400	0.48	0.42	0.42	0	0	0.48
68500	0.48	0.42	0.42	0	0	0.48
68600	0.47	0.42	0.42	0	0	0.47
68700	0.48	0.42	0.42	0	0	0.48
68800	0.48	0.42	0.42	0	0	0.48
68900	0.48	0.42	0.42	0	0	0.48
69000	0.48	0.42	0.42	0	0	0.48
69100	0.48	0.42	0.42	0	0	0.48
69200	0.48	0.42	0.42	0	0	0.48
69300	0.48	0.42	0.42	0	0	0.48
69400	0.48	0.42	0.42	0	0	0.48
69500	0.48	0.42	0.42	0	0	0.48
69600	0.48	0.42	0.42	0	0	0.48
69700	0.47	0.42	0.42	0	0	0.47
69800	0.47	0.42	0.42	0	0	0.47
69900	0.47	0.42	0.42	0	0	0.47
70000	0.47	0.44	0.44	0	0	0.47
70100	0.47	0.44	0.44	0	0	0.47
70200	0.47	0.43	0.43	0	0	0.47
70300	0.47	0.42	0.42	0	0	0.47
70400	0.47	0.42	0.42	0	0	0.47
70500	0.46	0.42	0.42	0	0	0.46
70600	0.46	0.42	0.42	0	0	0.46
70700	0.46	0.42	0.42	0	0	0.46
70800	0.46	0.43	0.43	0	0	0.46
70900	0.46	0.43	0.43	0	0	0.46
71000	0.46	0.42	0.42	0	0	0.46
71100	0.46	0.42	0.42	0	0	0.46
71200	0.46	0.42	0.42	0	0	0.46
71300	0.46	0.42	0.42	0	0	0.46
71400	0.46	0.42	0.42	0	0	0.46
71500	0.46	0.42	0.42	0	0	0.46
71600	0.46	0.43	0.43	0	0	0.46
71700	0.46	0.44	0.44	0	0	0.46
71800	0.47	0.44	0.44	0	0	0.47
71900	0.47	0.44	0.44	0	0	0.47
72000	0.47	0.44	0.44	0	0	0.47
72100	0.47	0.44	0.44	0	0	0.47
72200	0.47	0.44	0.44	0	0	0.47
72300	0.47	0.44	0.44	0	0	0.47
72400	0.47	0.44	0.44	0	0	0.47
72500	0.47	0.44	0.44	0	0	0.47
72600	0.48	0.44	0.44	0	0	0.48
72700	0.48	0.44	0.44	0	0	0.48
72800	0.48	0.44	0.44	0	0	0.48
72900	0.48	0.43	0.43	0	0	0.48
73000	0.48	0.43	0.43	0	0	0.48
73100	0.47	0.43	0.43	0	0	0.47
73200	0.47	0.43	0.43	0	0	0.47
73300	0.47	0.42	0.42	0	0	0.47
73400	0.47	0.41	0.41	0	0	0.47
73500	0.48	0.4	0.4	0	0	0.48
73600	0.48	0.4	0.4	0	0	0.48
73700	0.48	0.4	0.4	0	0	0.48
73800	0.49	0.4	0.4	0	0	0.49
73900	0.5	0.4	0.4	0	0	0.5
74000	0.5	0.4	0.4	0	0	0.5
74100	0.5	0.4	0.4	0	0	0.5
74200	0.5	0.4	0.4	0	0	0.5
74300	0.5	0.4	0.4	0	0	0.5
74400	0.5	0.4	0.4	0	0	0.5
74500	0.5	0.4	0.4	0	0	0.5
74600	0.5	0.4	0.4	0	0	0.5
74700	0.5	0.4	0.4	0	0	0.5
74800	0.5	0.4	0.4	0	0	0.5
74900	0.5	0.4	0.4	0	0	0.5
75000	0.5	0.4	0.4	0	0	0.5
75100	0.5	0.4	0.4	0	0	0.5
75200	0.5	0.4	0.4	0	0	0.5
75300	0.5	0.4	0.4	0	0	0.5
75400	0.51	0.4	0.4	0	0	0.51
75500	0.51	0.4	0.4	0	0	0.51
75600	0.51	0.4	0.4	0	0	0.51
75700	0.51	0.4	0.4	0	0	0.51
75800	0.51	0.4	0.4	0	0	0.51
75900	0.51	0.4	0.4	0	0	0.51
76000	0.51	0.4	0.4	0	0	0.51
76100	0.51	0.4	0.4	0	0	0.51
76200	0.51	0.4	0.4	0	0	0.51
76300	0.51	0.4	0.4	0	0	0.51
76400	0.51	0.4	0.4	0	0	0.51
76500	0.51	0.4	0.4	0	0	0.51
76600	0.51	0.4	0.4	0	0	0.51
76700	0.51	0.4	0.4	0	0	0.51
76800	0.5	0.4	0.4	0	0	0.5
76900	0.5	0.39	0.39	0	0	0.5
77000	0.5	0.39	0.39	0	0	0.5
77100	0.49	0.38	0.38	0	0	0.49
77200	0.49	0.38	0.38	0	0	0.49
77300	0.49	0.38	0.38	0	0	0.49
77400	0.49	0.37	0.37	0	0	0.49
77500	0.49	0.37	0.37	0	0	0.49
77600	0.49	0.38	0.38	0	0	0.49
77700	0.49	0.39	0.39	0	0	0.49
77800	0.49	0.39	0.39	0	0	0.49
77900	0.49	0.39	0.39	0	0	0.49
78000	0.49	0.39	0.39	0	0	0.49
78100	0.48	0.39	0.39	0	0	0.48
78200	0.48	0.39	0.39	0	0	0.48
78300	0.48	0.39	0.39	0	0	0.48
78400	0.48	0.39	0.39	0	0	0.48
78500	0.48	0.39	0.39	0	0	0.48
78600	0.48	0.39	0.39	0	0	0.48
78700	0.48	0.39	0.39	0	0	0.48
78800	0.48	0.39	0.39	0	0	0.48
78900	0.48	0.4	0.4	0	0	0.48
79000	0.48	0.4	0.4	0	0	0.48
79100	0.48	0.4	0.4	0	0	0.48
79200	0.47	0.4	0.4	0	0	0.47
79300	0.47	0.4	0.4	0	0	0.47
79400	0.47	0.4	0.4	0	0	0.47
79500	0.47	0.4	0.4	0	0	0.47
79600	0.47	0.41	0.41	0	0	0.47
79700	0.47	0.41	0.41	0	0	0.47
79800	0.47	0.41	0.41	0	0	0.47
79900	0.47	0.41	0.41	0	0	0.47
80000	0.47	0.41	0.41	0	0	0.47
80100	0.47	0.41	0.41	0	0	0.47
80200	0.47	0.41	0.41	0	0	0.47
80300	0.47	0.41	0.41	0	0	0.47
80400	0.47	0.41	0.41	0	0	0.47
80500	0.47	0.41	0.41	0	0	0.47
80600	0.47	0.41	0.41	0	0	0.47
80700	0.47	0.41	0.41	0	0	0.47
80800	0.47	0.41	0.41	0	0	0.47
80900	0.47	0.41	0.41	0	0	0.47
81000	0.47	0.41	0.41	0	0	0.47
81100	0.48	0.41	0.41	0	0	0.48
81200	0.48	0.41	0.41	0	0	0.48
81300	0.48	0.41	0.41	0	0	0.48
81400	0.48	0.41	0.41	0	0	0.48
81500	0.48	0.41	0.41	0	0	0.48
81600	0.48	0.41	0.41	0	0	0.48
81700	0.49	0.4	0.4	0	0	0.49
81800	0.5	0.4	0.4	0	0	0.5
81900	0.5	0.4	0.4	0	0	0.5
82000	0.5	0.4	0.4	0	0	0.5
82100	0.5	0.39	0.39	0	0	0.5
82200	0.5	0.39	0.39	0	0	0.5
82300	0.5	0.39	0.39	0	0	0.5
82400	0.5	0.39	0.39	0	0	0.5
82500	0.5	0.39	0.39	0	0	0.5
82600	0.49	0.39	0.39	0	0	0.49
82700	0.49	0.39	0.39	0	0	0.49
82800	0.49	0.39	0.39	0	0	0.49
82900	0.49	0.39	0.39	0	0	0.49
83000	0.49	0.39	0.39	0	0	0.49
83100	0.49	0.39	0.39	0	0	0.49
83200	0.49	0.39	0.39	0	0	0.49
83300	0.5	0.39	0.39	0	0	0.5
83400	0.5	0.39	0.39	0	0	0.5
83500	0.5	0.39	0.39	0	0	0.5
83600	0.5	0.39	0.39	0	0	0.5
83700	0.5	0.39	0.39	0	0	0.5
83800	0.5	0.39	0.39	0	0	0.5
83900	0.5	0.39	0.39	0	0	0.5
84000	0.5	0.39	0.39	0	0	0.5
84100	0.5	0.39	0.39	0	0	0.5
84200	0.5	0.39	0.39	0	0	0.5
84300	0.5	0.4	0.4	0	0	0.5
84400	0.5	0.4	0.4	0	0	0.5
84500	0.5	0.4	0.4	0	0	0.5
84600	0.5	0.4	0.4	0	0	0.5
84700	0.5	0.4	0.4	0	0	0.5
84800	0.5	0.4	0.4	0	0	0.5
84900	0.5	0.39	0.39	0	0	0.5
85000	0.5	0.39	0.39	0	0	0.5
85100	0.5	0.39	0.39	0	0	0.5
85200	0.5	0.39	0.39	0	0	0.5
85300	0.5	0.39	0.39	0	0	0.5
85400	0.5	0.39	0.39	0	0	0.5
85500	0.5	0.4	0.4	0	0	0.5
85600	0.49	0.4	0.4	0	0	0.49
85700	0.49	0.4	0.4	0	0	0.49
85800	0.49	0.4	0.4	0	0	0.49
85900	0.49	0.4	0.4	0	0	0.49
86000	0.49	0.4	0.4	0	0	0.49
86100	0.49	0.4	0.4	0	0	0.49
86200	0.5	0.4	0.4	0	0	0.5
86300	0.5	0.4	0.4	0	0	0.5
86400	0.5	0.4	0.4	0	0	0.5
86500	0.5	0.4	0.4	0	0	0.5
86600	0.5	0.41	0.41	0	0	0.5
86700	0.5	0.41	0.41	0	0	0.5
86800	0.5	0.41	0.41	0	0	0.5
86900	0.5	0.41	0.41	0	0	0.5
87000	0.5	0.41	0.41	0	0	0.5
87100	0.5	0.41	0.41	0	0	0.5
87200	0.5	0.41	0.41	0	0	0.5
87300	0.5	0.41	0.41	0	0	0.5
87400	0.5	0.41	0.41	0	0	0.5
87500	0.5	0.41	0.41	0	0	0.5
87600	0.5	0.41	0.41	0	0	0.5
87700	0.5	0.41	0.41	0	0	0.5
87800	0.5	0.41	0.41	0	0	0.5
87900	0.5	0.41	0.41	0	0	0.5
88000	0.5	0.41	0.41	0	0	0.5
88100	0.51	0.41	0.41	0	0	0.51
88200	0.51	0.41	0.41	0	0	0.51
88300	0.51	0.41	0.41	0	0	0.51
88400	0.51	0.41	0.41	0	0	0.51
88500	0.51	0.41	0.41	0	0	0.51
88600	0.52	0.41	0.41	0	0	0.52
88700	0.52	0.41	0.41	0	0	0.52
88800	0.52	0.41	0.41	0	0	0.52
88900	0.52	0.41	0.41	0	0	0.52
89000	0.52	0.41	0.41	0	0	0.52
89100	0.52	0.41	0.41	0	0	0.52
89200	0.52	0.41	0.41	0	0	0.52
89300	0.52	0.41	0.41	0	0	0.52
89400	0.53	0.41	0.41	0	0	0.53
89500	0.53	0.41	0.41	0	0	0.53
89600	0.53	0.4	0.4	0	0	0.53
89700	0.53	0.4	0.4	0	0	0.53
89800	0.53	0.4	0.4	0	0	0.53
89900	0.53	0.4	0.4	0	0	0.53
90000	0.53	0.4	0.4	0	0	0.53
90100	0.52	0.4	0.4	0	0	0.52
90200	0.52	0.4	0.4	0	0	0.52
90300	0.52	0.4	0.4	0	0	0.52
90400	0.52	0.4	0.4	0	0	0.52
90500	0.52	0.4	0.4	0	0	0.52
90600	0.51	0.4	0.4	0	0	0.51
90700	0.51	0.4	0.4	0	0	0.51
90800	0.51	0.4	0.4	0	0	0.51
90900	0.51	0.4	0.4	0	0	0.51
91000	0.51	0.41	0.41	0	0	0.51
91100	0.51	0.41	0.41	0	0	0.51
91200	0.51	0.41	0.41	0	0	0.51
91300	0.51	0.41	0.41	0	0	0.51
91400	0.51	0.41	0.41	0	0	0.51
91500	0.51	0.41	0.41	0	0	0.51
91600	0.51	0.42	0.42	0	0	0.51
91700	0.51	0.42	0.42	0	0	0.51
91800	0.51	0.42	0.42	0	0	0.51
91900	0.51	0.42	0.42	0	0	0.51
92000	0.51	0.42	0.42	0	0	0.51
92100	0.51	0.42	0.42	0	0	0.51
92200	0.51	0.42	0.42	0	0	0.51
92300	0.5	0.42	0.42	0	0	0.5
92400	0.51	0.42	0.42	0	0	0.51
92500	0.51	0.42	0.42	0	0	0.51
92600	0.51	0.42	0.42	0	0	0.51
92700	0.51	0.42	0.42	0	0	0.51
92800	0.51	0.42	0.42	0	0	0.51
92900	0.51	0.42	0.42	0	0	0.51
93000	0.51	0.42	0.42	0	0	0.51
93100	0.51	0.42	0.42	0	0	0.51
93200	0.51	0.42	0.42	0	0	0.51
93300	0.51	0.42	0.42	0	0	0.51
93400	0.52	0.42	0.42	0	0	0.52
93500	0.53	0.42	0.42	0	0	0.53
93600	0.53	0.42	0.42	0	0	0.53
93700	0.53	0.42	0.42	0	0	0.53
93800	0.53	0.42	0.42	0	0	0.53
93900	0.53	0.42	0.42	0	0	0.53
94000	0.53	0.42	0.42	0	0	0.53
94100	0.53	0.42	0.42	0	0	0.53
94200	0.53	0.42	0.42	0	0	0.53
94300	0.53	0.42	0.42	0	0	0.53
94400	0.53	0.42	0.42	0	0	0.53
94500	0.53	0.42	0.42	0	0	0.53
94600	0.53	0.44	0.44	0	0	0.53
94700	0.53	0.44	0.44	0	0	0.53
94800	0.53	0.43	0.43	0	0	0.53
94900	0.53	0.43	0.43	0	0	0.53
95000	0.53	0.43	0.43	0	0	0.53
95100	0.53	0.43	0.43	0	0	0.53
95200	0.55	0.43	0.43	0	0	0.55
95300	0.55	0.43	0.43	0	0	0.55
95400	0.55	0.43	0.43	0	0	0.55
95500	0.55	0.44	0.44	0	0	0.55
95600	0.55	0.44	0.44	0	0	0.55
95700	0.55	0.44	0.44	0	0	0.55
95800	0.54	0.44	0.44	0	0	0.54
95900	0.54	0.44	0.44	0	0	0.54
96000	0.54	0.44	0.44	0	0	0.54
96100	0.53	0.44	0.44	0	0	0.53
96200	0.53	0.44	0.44	0	0	0.53
96300	0.53	0.44	0.44	0	0	0.53
96400	0.53	0.44	0.44	0	0	0.53
96500	0.53	0.44	0.44	0	0	0.53
96600	0.53	0.44	0.44	0	0	0.53
96700	0.52	0.44	0.44	0	0	0.52
96800	0.51	0.44	0.44	0	0	0.51
96900	0.51	0.44	0.44	0	0	0.51
97000	0.51	0.44	0.44	0	0	0.51
97100	0.51	0.44	0.44	0	0	0.51
97200	0.51	0.44	0.44	0	0	0.51
97300	0.51	0.44	0.44	0	0	0.51
97400	0.51	0.44	0.44	0	0	0.51
97500	0.51	0.44	0.44	0	0	0.51
97600	0.51	0.44	0.44	0	0	0.51
97700	0.52	0.44	0.44	0	0	0.52
97800	0.51	0.44	0.44	0	0	0.51
97900	0.51	0.44	0.44	0	0	0.51
98000	0.51	0.44	0.44	0	0	0.51
98100	0.51	0.44	0.44	0	0	0.51
98200	0.51	0.44	0.44	0	0	0.51
98300	0.51	0.44	0.44	0	0	0.51
98400	0.51	0.44	0.44	0	0	0.51
98500	0.51	0.44	0.44	0	0	0.51
98600	0.51	0.44	0.44	0	0	0.51
98700	0.5	0.44	0.44	0	0	0.5
98800	0.5	0.44	0.44	0	0	0.5
98900	0.5	0.44	0.44	0	0	0.5
99000	0.5	0.44	0.44	0	0	0.5
99100	0.5	0.44	0.44	0	0	0.5
99200	0.5	0.44	0.44	0	0	0.5
99300	0.5	0.44	0.44	0	0	0.5
99400	0.5	0.45	0.45	0	0	0.5
99500	0.5	0.45	0.45	0	0	0.5
99600	0.5	0.45	0.45	0	0	0.5
99700	0.5	0.45	0.45	0	0	0.5
99800	0.5	0.45	0.45	0	0	0.5
99900	0.51	0.45	0.45	0	0	0.51
100000	0.5	0.45	0.45	0	0	0.5
