100	0.11	0.12	0.12	0	0	0.11
200	0.13	0.11	0.11	0	0	0.13
300	0.14	0.13	0.13	0	0	0.14
400	0.17	0.15	0.15	0	0	0.17
500	0.17	0.17	0.17	0	0	0.17
600	0.18	0.19	0.19	0	0	0.18
700	0.17	0.19	0.19	0	0	0.17
800	0.19	0.2	0.2	0	0	0.19
900	0.2	0.21	0.21	0	0	0.2
1000	0.2	0.22	0.22	0	0	0.2
1100	0.22	0.22	0.22	0	0	0.22
1200	0.23	0.23	0.23	0	0	0.23
1300	0.25	0.23	0.23	0	0	0.25
1400	0.25	0.22	0.22	0	0	0.25
1500	0.25	0.24	0.24	0	0	0.25
1600	0.27	0.24	0.24	0	0	0.27
1700	0.27	0.25	0.25	0	0	0.27
1800	0.27	0.25	0.25	0	0	0.27
1900	0.27	0.25	0.25	0	0	0.27
2000	0.27	0.26	0.26	0	0	0.27
2100	0.27	0.26	0.26	0	0	0.27
2200	0.28	0.28	0.28	0	0	0.28
2300	0.28	0.28	0.28	0	0	0.28
2400	0.3	0.3	0.3	0	0	0.3
2500	0.29	0.31	0.31	0	0	0.29
2600	0.29	0.33	0.33	0	0	0.29
2700	0.29	0.33	0.33	0	0	0.29
2800	0.29	0.33	0.33	0	0	0.29
2900	0.28	0.33	0.33	0	0	0.28
3000	0.28	0.33	0.33	0	0	0.28
3100	0.28	0.33	0.33	0	0	0.28
3200	0.28	0.35	0.35	0	0	0.28
3300	0.28	0.35	0.35	0	0	0.28
3400	0.27	0.36	0.36	0	0	0.27
3500	0.27	0.37	0.37	0	0	0.27
3600	0.27	0.37	0.37	0	0	0.27
3700	0.27	0.37	0.37	0	0	0.27
3800	0.28	0.36	0.36	0	0	0.28
3900	0.28	0.36	0.36	0	0	0.28
4000	0.3	0.36	0.36	0	0	0.3
4100	0.3	0.36	0.36	0	0	0.3
4200	0.32	0.37	0.37	0	0	0.32
4300	0.32	0.38	0.38	0	0	0.32
4400	0.32	0.38	0.38	0	0	0.32
4500	0.32	0.38	0.38	0	0	0.32
4600	0.33	0.38	0.38	0	0	0.33
4700	0.32	0.39	0.39	0	0	0.32
4800	0.33	0.39	0.39	0	0	0.33
4900	0.34	0.39	0.39	0	0	0.34
5000	0.35	0.4	0.4	0	0	0.35
5100	0.35	0.39	0.39	0	0	0.35
5200	0.37	0.39	0.39	0	0	0.37
5300	0.37	0.39	0.39	0	0	0.37
5400	0.37	0.39	0.39	0	0	0.37
5500	0.36	0.39	0.39	0	0	0.36
5600	0.36	0.39	0.39	0	0	0.36
5700	0.36	0.38	0.38	0	0	0.36
5800	0.35	0.38	0.38	0	0	0.35
5900	0.36	0.38	0.38	0	0	0.36
6000	0.35	0.39	0.39	0	0	0.35
6100	0.34	0.39	0.39	0	0	0.34
6200	0.34	0.39	0.39	0	0	0.34
6300	0.34	0.39	0.39	0	0	0.34
6400	0.35	0.38	0.38	0	0	0.35
6500	0.36	0.38	0.38	0	0	0.36
6600	0.36	0.38	0.38	0	0	0.36
6700	0.36	0.38	0.38	0	0	0.36
6800	0.37	0.38	0.38	0	0	0.37
6900	0.36	0.38	0.38	0	0	0.36
7000	0.36	0.38	0.38	0	0	0.36
7100	0.37	0.39	0.39	0	0	0.37
7200	0.37	0.39	0.39	0	0	0.37
7300	0.37	0.4	0.4	0	0	0.37
7400	0.38	0.4	0.4	0	0	0.38
7500	0.37	0.41	0.41	0	0	0.37
7600	0.36	0.42	0.42	0	0	0.36
7700	0.36	0.42	0.42	0	0	0.36
7800	0.37	0.42	0.42	0	0	0.37
7900	0.37	0.42	0.42	0	0	0.37
8000	0.37	0.42	0.42	0	0	0.37
8100	0.36	0.43	0.43	0	0	0.36
8200	0.36	0.43	0.43	0	0	0.36
8300	0.36	0.43	0.43	0	0	0.36
8400	0.36	0.42	0.42	0	0	0.36
8500	0.36	0.42	0.42	0	0	0.36
8600	0.37	0.42	0.42	0	0	0.37
8700	0.37	0.42	0.42	0	0	0.37
8800	0.37	0.42	0.42	0	0	0.37
8900	0.36	0.42	0.42	0	0	0.36
9000	0.36	0.42	0.42	0	0	0.36
9100	0.36	0.42	0.42	0	0	0.36
9200	0.34	0.42	0.42	0	0	0.34
9300	0.34	0.42	0.42	0	0	0.34
9400	0.34	0.42	0.42	0	0	0.34
9500	0.34	0.42	0.42	0	0	0.34
9600	0.34	0.42	0.42	0	0	0.34
9700	0.34	0.42	0.42	0	0	0.34
9800	0.34	0.42	0.42	0	0	0.34
9900	0.34	0.42	0.42	0	0	0.34
10000	0.34	0.43	0.43	0	0	0.34
10100	0.36	0.45	0.45	0	0	0.36
10200	0.36	0.44	0.44	0	0	0.36
10300	0.36	0.44	0.44	0	0	0.36
10400	0.36	0.45	0.45	0	0	0.36
10500	0.36	0.45	0.45	0	0	0.36
10600	0.36	0.45	0.45	0	0	0.36
10700	0.37	0.46	0.46	0	0	0.37
10800	0.38	0.45	0.45	0	0	0.38
10900	0.38	0.45	0.45	0	0	0.38
11000	0.38	0.45	0.45	0	0	0.38
11100	0.38	0.44	0.44	0	0	0.38
11200	0.38	0.44	0.44	0	0	0.38
11300	0.38	0.45	0.45	0	0	0.38
11400	0.38	0.45	0.45	0	0	0.38
11500	0.38	0.46	0.46	0	0	0.38
11600	0.38	0.46	0.46	0	0	0.38
11700	0.38	0.48	0.48	0	0	0.38
11800	0.38	0.48	0.48	0	0	0.38
11900	0.38	0.48	0.48	0	0	0.38
12000	0.39	0.48	0.48	0	0	0.39
12100	0.39	0.48	0.48	0	0	0.39
12200	0.39	0.48	0.48	0	0	0.39
12300	0.39	0.48	0.48	0	0	0.39
12400	0.39	0.48	0.48	0	0	0.39
12500	0.39	0.48	0.48	0	0	0.39
12600	0.39	0.48	0.48	0	0	0.39
12700	0.39	0.48	0.48	0	0	0.39
12800	0.39	0.48	0.48	0	0	0.39
12900	0.39	0.48	0.48	0	0	0.39
13000	0.39	0.48	0.48	0	0	0.39
13100	0.39	0.48	0.48	0	0	0.39
13200	0.39	0.48	0.48	0	0	0.39
13300	0.39	0.47	0.47	0	0	0.39
13400	0.39	0.47	0.47	0	0	0.39
13500	0.39	0.47	0.47	0	0	0.39
13600	0.38	0.47	0.47	0	0	0.38
13700	0.38	0.47	0.47	0	0	0.38
13800	0.38	0.47	0.47	0	0	0.38
13900	0.38	0.47	0.47	0	0	0.38
14000	0.38	0.47	0.47	0	0	0.38
14100	0.38	0.47	0.47	0	0	0.38
14200	0.38	0.47	0.47	0	0	0.38
14300	0.38	0.47	0.47	0	0	0.38
14400	0.38	0.46	0.46	0	0	0.38
14500	0.38	0.46	0.46	0	0	0.38
14600	0.38	0.46	0.46	0	0	0.38
14700	0.38	0.46	0.46	0	0	0.38
14800	0.38	0.46	0.46	0	0	0.38
14900	0.38	0.46	0.46	0	0	0.38
15000	0.38	0.46	0.46	0	0	0.38
15100	0.38	0.46	0.46	0	0	0.38
15200	0.38	0.45	0.45	0	0	0.38
15300	0.38	0.45	0.45	0	0	0.38
15400	0.38	0.45	0.45	0	0	0.38
15500	0.38	0.45	0.45	0	0	0.38
15600	0.38	0.45	0.45	0	0	0.38
15700	0.38	0.45	0.45	0	0	0.38
15800	0.38	0.46	0.46	0	0	0.38
15900	0.38	0.46	0.46	0	0	0.38
16000	0.38	0.46	0.46	0	0	0.38
16100	0.38	0.46	0.46	0	0	0.38
16200	0.38	0.46	0.46	0	0	0.38
16300	0.38	0.46	0.46	0	0	0.38
16400	0.38	0.46	0.46	0	0	0.38
16500	0.38	0.46	0.46	0	0	0.38
16600	0.38	0.47	0.47	0	0	0.38
16700	0.39	0.47	0.47	0	0	0.39
16800	0.39	0.47	0.47	0	0	0.39
16900	0.39	0.47	0.47	0	0	0.39
17000	0.39	0.47	0.47	0	0	0.39
17100	0.39	0.47	0.47	0	0	0.39
17200	0.39	0.48	0.48	0	0	0.39
17300	0.39	0.48	0.48	0	0	0.39
17400	0.4	0.48	0.48	0	0	0.4
17500	0.4	0.49	0.49	0	0	0.4
17600	0.4	0.49	0.49	0	0	0.4
17700	0.4	0.49	0.49	0	0	0.4
17800	0.4	0.49	0.49	0	0	0.4
17900	0.4	0.49	0.49	0	0	0.4
18000	0.4	0.49	0.49	0	0	0.4
18100	0.41	0.5	0.5	0	0	0.41
18200	0.41	0.5	0.5	0	0	0.41
18300	0.41	0.5	0.5	0	0	0.41
18400	0.41	0.51	0.51	0	0	0.41
18500	0.41	0.51	0.51	0	0	0.41
18600	0.41	0.51	0.51	0	0	0.41
18700	0.42	0.51	0.51	0	0	0.42
18800	0.42	0.52	0.52	0	0	0.42
18900	0.41	0.51	0.51	0	0	0.41
19000	0.41	0.51	0.51	0	0	0.41
19100	0.41	0.51	0.51	0	0	0.41
19200	0.41	0.51	0.51	0	0	0.41
19300	0.41	0.51	0.51	0	0	0.41
19400	0.41	0.51	0.51	0	0	0.41
19500	0.41	0.51	0.51	0	0	0.41
19600	0.41	0.51	0.51	0	0	0.41
19700	0.41	0.51	0.51	0	0	0.41
19800	0.4	0.51	0.51	0	0	0.4
19900	0.4	0.51	0.51	0	0	0.4
20000	0.41	0.51	0.51	0	0	0.41
20100	0.39	0.5	0.5	0	0	0.39
20200	0.39	0.5	0.5	0	0	0.39
20300	0.38	0.51	0.51	0	0	0.38
20400	0.38	0.5	0.5	0	0	0.38
20500	0.38	0.49	0.49	0	0	0.38
20600	0.38	0.49	0.49	0	0	0.38
20700	0.38	0.49	0.49	0	0	0.38
20800	0.38	0.49	0.49	0	0	0.38
20900	0.38	0.49	0.49	0	0	0.38
21000	0.38	0.49	0.49	0	0	0.38
21100	0.38	0.49	0.49	0	0	0.38
21200	0.38	0.5	0.5	0	0	0.38
21300	0.38	0.5	0.5	0	0	0.38
21400	0.38	0.5	0.5	0	0	0.38
21500	0.38	0.5	0.5	0	0	0.38
21600	0.38	0.5	0.5	0	0	0.38
21700	0.39	0.5	0.5	0	0	0.39
21800	0.38	0.51	0.51	0	0	0.38
21900	0.38	0.51	0.51	0	0	0.38
22000	0.38	0.51	0.51	0	0	0.38
22100	0.39	0.51	0.51	0	0	0.39
22200	0.38	0.51	0.51	0	0	0.38
22300	0.38	0.51	0.51	0	0	0.38
22400	0.38	0.51	0.51	0	0	0.38
22500	0.38	0.51	0.51	0	0	0.38
22600	0.38	0.51	0.51	0	0	0.38
22700	0.38	0.51	0.51	0	0	0.38
22800	0.38	0.51	0.51	0	0	0.38
22900	0.38	0.51	0.51	0	0	0.38
23000	0.37	0.51	0.51	0	0	0.37
23100	0.37	0.51	0.51	0	0	0.37
23200	0.37	0.53	0.53	0	0	0.37
23300	0.37	0.54	0.54	0	0	0.37
23400	0.37	0.54	0.54	0	0	0.37
23500	0.37	0.55	0.55	0	0	0.37
23600	0.37	0.55	0.55	0	0	0.37
23700	0.37	0.55	0.55	0	0	0.37
23800	0.37	0.55	0.55	0	0	0.37
23900	0.37	0.55	0.55	0	0	0.37
24000	0.37	0.55	0.55	0	0	0.37
24100	0.37	0.55	0.55	0	0	0.37
24200	0.37	0.55	0.55	0	0	0.37
24300	0.37	0.55	0.55	0	0	0.37
24400	0.37	0.56	0.56	0	0	0.37
24500	0.37	0.55	0.55	0	0	0.37
24600	0.37	0.55	0.55	0	0	0.37
24700	0.37	0.55	0.55	0	0	0.37
24800	0.37	0.55	0.55	0	0	0.37
24900	0.37	0.55	0.55	0	0	0.37
25000	0.37	0.55	0.55	0	0	0.37
25100	0.37	0.55	0.55	0	0	0.37
25200	0.37	0.55	0.55	0	0	0.37
25300	0.37	0.55	0.55	0	0	0.37
25400	0.36	0.55	0.55	0	0	0.36
25500	0.36	0.55	0.55	0	0	0.36
25600	0.36	0.55	0.55	0	0	0.36
25700	0.36	0.55	0.55	0	0	0.36
25800	0.36	0.55	0.55	0	0	0.36
25900	0.36	0.55	0.55	0	0	0.36
26000	0.36	0.55	0.55	0	0	0.36
26100	0.36	0.55	0.55	0	0	0.36
26200	0.36	0.54	0.54	0	0	0.36
26300	0.36	0.55	0.55	0	0	0.36
26400	0.36	0.56	0.56	0	0	0.36
26500	0.36	0.56	0.56	0	0	0.36
26600	0.36	0.55	0.55	0	0	0.36
26700	0.37	0.54	0.54	0	0	0.37
26800	0.36	0.54	0.54	0	0	0.36
26900	0.36	0.54	0.54	0	0	0.36
27000	0.36	0.54	0.54	0	0	0.36
27100	0.36	0.54	0.54	0	0	0.36
27200	0.36	0.54	0.54	0	0	0.36
27300	0.36	0.54	0.54	0	0	0.36
27400	0.37	0.54	0.54	0	0	0.37
27500	0.37	0.54	0.54	0	0	0.37
27600	0.37	0.54	0.54	0	0	0.37
27700	0.37	0.54	0.54	0	0	0.37
27800	0.37	0.54	0.54	0	0	0.37
27900	0.37	0.54	0.54	0	0	0.37
28000	0.37	0.54	0.54	0	0	0.37
28100	0.36	0.54	0.54	0	0	0.36
28200	0.37	0.54	0.54	0	0	0.37
28300	0.37	0.53	0.53	0	0	0.37
28400	0.37	0.53	0.53	0	0	0.37
28500	0.38	0.52	0.52	0	0	0.38
28600	0.38	0.52	0.52	0	0	0.38
28700	0.38	0.51	0.51	0	0	0.38
28800	0.38	0.5	0.5	0	0	0.38
28900	0.38	0.5	0.5	0	0	0.38
29000	0.38	0.5	0.5	0	0	0.38
29100	0.38	0.49	0.49	0	0	0.38
29200	0.39	0.5	0.5	0	0	0.39
29300	0.39	0.5	0.5	0	0	0.39
29400	0.39	0.5	0.5	0	0	0.39
29500	0.4	0.5	0.5	0	0	0.4
29600	0.4	0.5	0.5	0	0	0.4
29700	0.4	0.5	0.5	0	0	0.4
29800	0.4	0.5	0.5	0	0	0.4
29900	0.4	0.5	0.5	0	0	0.4
30000	0.39	0.5	0.5	0	0	0.39
30100	0.4	0.5	0.5	0	0	0.4
30200	0.4	0.5	0.5	0	0	0.4
30300	0.4	0.5	0.5	0	0	0.4
30400	0.4	0.5	0.5	0	0	0.4
30500	0.4	0.49	0.49	0	0	0.4
30600	0.39	0.49	0.49	0	0	0.39
30700	0.39	0.49	0.49	0	0	0.39
30800	0.39	0.48	0.48	0	0	0.39
30900	0.39	0.48	0.48	0	0	0.39
31000	0.39	0.49	0.49	0	0	0.39
31100	0.38	0.49	0.49	0	0	0.38
31200	0.38	0.48	0.48	0	0	0.38
31300	0.38	0.48	0.48	0	0	0.38
31400	0.38	0.48	0.48	0	0	0.38
31500	0.38	0.48	0.48	0	0	0.38
31600	0.38	0.48	0.48	0	0	0.38
31700	0.38	0.48	0.48	0	0	0.38
31800	0.38	0.46	0.46	0	0	0.38
31900	0.38	0.46	0.46	0	0	0.38
32000	0.38	0.46	0.46	0	0	0.38
32100	0.38	0.46	0.46	0	0	0.38
32200	0.38	0.47	0.47	0	0	0.38
32300	0.38	0.47	0.47	0	0	0.38
32400	0.38	0.47	0.47	0	0	0.38
32500	0.38	0.47	0.47	0	0	0.38
32600	0.38	0.47	0.47	0	0	0.38
32700	0.38	0.47	0.47	0	0	0.38
32800	0.38	0.48	0.48	0	0	0.38
32900	0.38	0.48	0.48	0	0	0.38
33000	0.38	0.48	0.48	0	0	0.38
33100	0.38	0.48	0.48	0	0	0.38
33200	0.38	0.48	0.48	0	0	0.38
33300	0.39	0.49	0.49	0	0	0.39
33400	0.38	0.48	0.48	0	0	0.38
33500	0.38	0.48	0.48	0	0	0.38
33600	0.39	0.48	0.48	0	0	0.39
33700	0.39	0.48	0.48	0	0	0.39
33800	0.39	0.48	0.48	0	0	0.39
33900	0.39	0.48	0.48	0	0	0.39
34000	0.39	0.48	0.48	0	0	0.39
34100	0.39	0.48	0.48	0	0	0.39
34200	0.39	0.48	0.48	0	0	0.39
34300	0.39	0.48	0.48	0	0	0.39
34400	0.39	0.48	0.48	0	0	0.39
34500	0.39	0.48	0.48	0	0	0.39
34600	0.39	0.48	0.48	0	0	0.39
34700	0.39	0.49	0.49	0	0	0.39
34800	0.39	0.49	0.49	0	0	0.39
34900	0.39	0.49	0.49	0	0	0.39
35000	0.39	0.49	0.49	0	0	0.39
35100	0.39	0.5	0.5	0	0	0.39
35200	0.39	0.5	0.5	0	0	0.39
35300	0.39	0.51	0.51	0	0	0.39
35400	0.39	0.51	0.51	0	0	0.39
35500	0.39	0.51	0.51	0	0	0.39
35600	0.39	0.51	0.51	0	0	0.39
35700	0.39	0.51	0.51	0	0	0.39
35800	0.39	0.51	0.51	0	0	0.39
35900	0.4	0.51	0.51	0	0	0.4
36000	0.39	0.5	0.5	0	0	0.39
36100	0.39	0.5	0.5	0	0	0.39
36200	0.39	0.5	0.5	0	0	0.39
36300	0.39	0.5	0.5	0	0	0.39
36400	0.39	0.5	0.5	0	0	0.39
36500	0.39	0.5	0.5	0	0	0.39
36600	0.39	0.51	0.51	0	0	0.39
36700	0.4	0.5	0.5	0	0	0.4
36800	0.4	0.49	0.49	0	0	0.4
36900	0.4	0.49	0.49	0	0	0.4
37000	0.4	0.48	0.48	0	0	0.4
37100	0.4	0.47	0.47	0	0	0.4
37200	0.4	0.47	0.47	0	0	0.4
37300	0.4	0.48	0.48	0	0	0.4
37400	0.4	0.48	0.48	0	0	0.4
37500	0.4	0.48	0.48	0	0	0.4
37600	0.4	0.48	0.48	0	0	0.4
37700	0.4	0.48	0.48	0	0	0.4
37800	0.4	0.47	0.47	0	0	0.4
37900	0.4	0.47	0.47	0	0	0.4
38000	0.4	0.47	0.47	0	0	0.4
38100	0.4	0.47	0.47	0	0	0.4
38200	0.4	0.47	0.47	0	0	0.4
38300	0.4	0.47	0.47	0	0	0.4
38400	0.4	0.47	0.47	0	0	0.4
38500	0.4	0.47	0.47	0	0	0.4
38600	0.4	0.47	0.47	0	0	0.4
38700	0.4	0.47	0.47	0	0	0.4
38800	0.4	0.47	0.47	0	0	0.4
38900	0.4	0.48	0.48	0	0	0.4
39000	0.4	0.48	0.48	0	0	0.4
39100	0.4	0.48	0.48	0	0	0.4
39200	0.4	0.48	0.48	0	0	0.4
39300	0.4	0.48	0.48	0	0	0.4
39400	0.4	0.48	0.48	0	0	0.4
39500	0.41	0.48	0.48	0	0	0.41
39600	0.41	0.48	0.48	0	0	0.41
39700	0.41	0.48	0.48	0	0	0.41
39800	0.41	0.48	0.48	0	0	0.41
39900	0.41	0.48	0.48	0	0	0.41
40000	0.41	0.49	0.49	0	0	0.41
40100	0.41	0.49	0.49	0	0	0.41
40200	0.41	0.49	0.49	0	0	0.41
40300	0.41	0.49	0.49	0	0	0.41
40400	0.41	0.49	0.49	0	0	0.41
40500	0.41	0.49	0.49	0	0	0.41
40600	0.41	0.49	0.49	0	0	0.41
40700	0.41	0.49	0.49	0	0	0.41
40800	0.41	0.49	0.49	0	0	0.41
40900	0.41	0.49	0.49	0	0	0.41
41000	0.41	0.48	0.48	0	0	0.41
41100	0.41	0.47	0.47	0	0	0.41
41200	0.41	0.48	0.48	0	0	0.41
41300	0.41	0.48	0.48	0	0	0.41
41400	0.41	0.48	0.48	0	0	0.41
41500	0.41	0.48	0.48	0	0	0.41
41600	0.41	0.48	0.48	0	0	0.41
41700	0.41	0.48	0.48	0	0	0.41
41800	0.42	0.49	0.49	0	0	0.42
41900	0.42	0.49	0.49	0	0	0.42
42000	0.42	0.49	0.49	0	0	0.42
42100	0.42	0.5	0.5	0	0	0.42
42200	0.42	0.5	0.5	0	0	0.42
42300	0.42	0.5	0.5	0	0	0.42
42400	0.42	0.5	0.5	0	0	0.42
42500	0.42	0.5	0.5	0	0	0.42
42600	0.42	0.5	0.5	0	0	0.42
42700	0.42	0.5	0.5	0	0	0.42
42800	0.42	0.5	0.5	0	0	0.42
42900	0.42	0.5	0.5	0	0	0.42
43000	0.42	0.5	0.5	0	0	0.42
43100	0.42	0.5	0.5	0	0	0.42
43200	0.42	0.5	0.5	0	0	0.42
43300	0.43	0.5	0.5	0	0	0.43
43400	0.43	0.5	0.5	0	0	0.43
43500	0.43	0.5	0.5	0	0	0.43
43600	0.44	0.5	0.5	0	0	0.44
43700	0.44	0.51	0.51	0	0	0.44
43800	0.44	0.51	0.51	0	0	0.44
43900	0.44	0.51	0.51	0	0	0.44
44000	0.44	0.51	0.51	0	0	0.44
44100	0.44	0.51	0.51	0	0	0.44
44200	0.44	0.51	0.51	0	0	0.44
44300	0.44	0.51	0.51	0	0	0.44
44400	0.44	0.5	0.5	0	0	0.44
44500	0.45	0.5	0.5	0	0	0.45
44600	0.45	0.5	0.5	0	0	0.45
44700	0.44	0.5	0.5	0	0	0.44
44800	0.44	0.5	0.5	0	0	0.44
44900	0.44	0.5	0.5	0	0	0.44
45000	0.44	0.5	0.5	0	0	0.44
45100	0.44	0.5	0.5	0	0	0.44
45200	0.44	0.51	0.51	0	0	0.44
45300	0.44	0.51	0.51	0	0	0.44
45400	0.44	0.51	0.51	0	0	0.44
45500	0.44	0.51	0.51	0	0	0.44
45600	0.44	0.51	0.51	0	0	0.44
45700	0.44	0.52	0.52	0	0	0.44
45800	0.44	0.52	0.52	0	0	0.44
45900	0.44	0.52	0.52	0	0	0.44
46000	0.44	0.52	0.52	0	0	0.44
46100	0.44	0.52	0.52	0	0	0.44
46200	0.44	0.52	0.52	0	0	0.44
46300	0.44	0.52	0.52	0	0	0.44
46400	0.44	0.52	0.52	0	0	0.44
46500	0.44	0.52	0.52	0	0	0.44
46600	0.44	0.52	0.52	0	0	0.44
46700	0.44	0.52	0.52	0	0	0.44
46800	0.44	0.52	0.52	0	0	0.44
46900	0.44	0.52	0.52	0	0	0.44
47000	0.44	0.51	0.51	0	0	0.44
47100	0.44	0.51	0.51	0	0	0.44
47200	0.44	0.51	0.51	0	0	0.44
47300	0.43	0.51	0.51	0	0	0.43
47400	0.44	0.51	0.51	0	0	0.44
47500	0.44	0.51	0.51	0	0	0.44
47600	0.44	0.51	0.51	0	0	0.44
47700	0.44	0.51	0.51	0	0	0.44
47800	0.44	0.51	0.51	0	0	0.44
47900	0.44	0.51	0.51	0	0	0.44
48000	0.44	0.51	0.51	0	0	0.44
48100	0.44	0.51	0.51	0	0	0.44
48200	0.44	0.51	0.51	0	0	0.44
48300	0.44	0.51	0.51	0	0	0.44
48400	0.44	0.5	0.5	0	0	0.44
48500	0.44	0.51	0.51	0	0	0.44
48600	0.44	0.51	0.51	0	0	0.44
48700	0.44	0.52	0.52	0	0	0.44
48800	0.44	0.52	0.52	0	0	0.44
48900	0.44	0.52	0.52	0	0	0.44
49000	0.44	0.52	0.52	0	0	0.44
49100	0.43	0.52	0.52	0	0	0.43
49200	0.43	0.52	0.52	0	0	0.43
49300	0.43	0.52	0.52	0	0	0.43
49400	0.43	0.52	0.52	0	0	0.43
49500	0.43	0.52	0.52	0	0	0.43
49600	0.43	0.52	0.52	0	0	0.43
49700	0.43	0.51	0.51	0	0	0.43
49800	0.43	0.51	0.51	0	0	0.43
49900	0.43	0.51	0.51	0	0	0.43
50000	0.43	0.5	0.5	0	0	0.43
50100	0.43	0.5	0.5	0	0	0.43
50200	0.43	0.5	0.5	0	0	0.43
50300	0.43	0.5	0.5	0	0	0.43
50400	0.43	0.5	0.5	0	0	0.43
50500	0.43	0.5	0.5	0	0	0.43
50600	0.43	0.5	0.5	0	0	0.43
50700	0.43	0.5	0.5	0	0	0.43
50800	0.43	0.5	0.5	0	0	0.43
50900	0.44	0.5	0.5	0	0	0.44
51000	0.44	0.5	0.5	0	0	0.44
51100	0.44	0.5	0.5	0	0	0.44
51200	0.44	0.5	0.5	0	0	0.44
51300	0.44	0.5	0.5	0	0	0.44
51400	0.44	0.49	0.49	0	0	0.44
51500	0.44	0.49	0.49	0	0	0.44
51600	0.44	0.49	0.49	0	0	0.44
51700	0.44	0.49	0.49	0	0	0.44
51800	0.44	0.49	0.49	0	0	0.44
51900	0.44	0.49	0.49	0	0	0.44
52000	0.44	0.48	0.48	0	0	0.44
52100	0.44	0.48	0.48	0	0	0.44
52200	0.44	0.48	0.48	0	0	0.44
52300	0.44	0.48	0.48	0	0	0.44
52400	0.44	0.48	0.48	0	0	0.44
52500	0.44	0.48	0.48	0	0	0.44
52600	0.44	0.48	0.48	0	0	0.44
52700	0.44	0.48	0.48	0	0	0.44
52800	0.44	0.48	0.48	0	0	0.44
52900	0.44	0.48	0.48	0	0	0.44
53000	0.44	0.48	0.48	0	0	0.44
53100	0.44	0.47	0.47	0	0	0.44
53200	0.44	0.46	0.46	0	0	0.44
53300	0.44	0.46	0.46	0	0	0.44
53400	0.44	0.46	0.46	0	0	0.44
53500	0.44	0.46	0.46	0	0	0.44
53600	0.44	0.46	0.46	0	0	0.44
53700	0.44	0.46	0.46	0	0	0.44
53800	0.44	0.46	0.46	0	0	0.44
53900	0.44	0.46	0.46	0	0	0.44
54000	0.44	0.46	0.46	0	0	0.44
54100	0.44	0.46	0.46	0	0	0.44
54200	0.44	0.47	0.47	0	0	0.44
54300	0.44	0.47	0.47	0	0	0.44
54400	0.44	0.47	0.47	0	0	0.44
54500	0.44	0.47	0.47	0	0	0.44
54600	0.44	0.47	0.47	0	0	0.44
54700	0.44	0.48	0.48	0	0	0.44
54800	0.44	0.48	0.48	0	0	0.44
54900	0.44	0.48	0.48	0	0	0.44
55000	0.45	0.48	0.48	0	0	0.45
55100	0.45	0.48	0.48	0	0	0.45
55200	0.45	0.48	0.48	0	0	0.45
55300	0.45	0.48	0.48	0	0	0.45
55400	0.45	0.48	0.48	0	0	0.45
55500	0.45	0.48	0.48	0	0	0.45
55600	0.45	0.48	0.48	0	0	0.45
55700	0.45	0.48	0.48	0	0	0.45
55800	0.45	0.48	0.48	0	0	0.45
55900	0.45	0.48	0.48	0	0	0.45
56000	0.45	0.48	0.48	0	0	0.45
56100	0.45	0.48	0.48	0	0	0.45
56200	0.45	0.48	0.48	0	0	0.45
56300	0.45	0.48	0.48	0	0	0.45
56400	0.45	0.48	0.48	0	0	0.45
56500	0.45	0.48	0.48	0	0	0.45
56600	0.45	0.48	0.48	0	0	0.45
56700	0.45	0.48	0.48	0	0	0.45
56800	0.45	0.48	0.48	0	0	0.45
56900	0.45	0.48	0.48	0	0	0.45
57000	0.46	0.48	0.48	0	0	0.46
57100	0.46	0.48	0.48	0	0	0.46
57200	0.46	0.48	0.48	0	0	0.46
57300	0.46	0.48	0.48	0	0	0.46
57400	0.45	0.48	0.48	0	0	0.45
57500	0.45	0.48	0.48	0	0	0.45
57600	0.45	0.47	0.47	0	0	0.45
57700	0.46	0.47	0.47	0	0	0.46
57800	0.46	0.47	0.47	0	0	0.46
57900	0.46	0.47	0.47	0	0	0.46
58000	0.47	0.47	0.47	0	0	0.47
58100	0.47	0.47	0.47	0	0	0.47
58200	0.47	0.47	0.47	0	0	0.47
58300	0.47	0.48	0.48	0	0	0.47
58400	0.47	0.47	0.47	0	0	0.47
58500	0.47	0.47	0.47	0	0	0.47
58600	0.47	0.47	0.47	0	0	0.47
58700	0.47	0.47	0.47	0	0	0.47
58800	0.48	0.46	0.46	0	0	0.48
58900	0.47	0.46	0.46	0	0	0.47
59000	0.47	0.46	0.46	0	0	0.47
59100	0.47	0.46	0.46	0	0	0.47
59200	0.46	0.46	0.46	0	0	0.46
59300	0.46	0.46	0.46	0	0	0.46
59400	0.46	0.46	0.46	0	0	0.46
59500	0.46	0.46	0.46	0	0	0.46
59600	0.46	0.46	0.46	0	0	0.46
59700	0.46	0.46	0.46	0	0	0.46
59800	0.46	0.46	0.46	0	0	0.46
59900	0.46	0.46	0.46	0	0	0.46
60000	0.45	0.46	0.46	0	0	0.45
60100	0.45	0.45	0.45	0	0	0.45
60200	0.45	0.45	0.45	0	0	0.45
60300	0.45	0.45	0.45	0	0	0.45
60400	0.45	0.45	0.45	0	0	0.45
60500	0.44	0.45	0.45	0	0	0.44
60600	0.44	0.45	0.45	0	0	0.44
60700	0.44	0.45	0.45	0	0	0.44
60800	0.44	0.45	0.45	0	0	0.44
60900	0.44	0.45	0.45	0	0	0.44
61000	0.44	0.45	0.45	0	0	0.44
61100	0.44	0.45	0.45	0	0	0.44
61200	0.44	0.45	0.45	0	0	0.44
61300	0.44	0.45	0.45	0	0	0.44
61400	0.44	0.46	0.46	0	0	0.44
61500	0.44	0.45	0.45	0	0	0.44
61600	0.44	0.45	0.45	0	0	0.44
61700	0.45	0.45	0.45	0	0	0.45
61800	0.45	0.46	0.46	0	0	0.45
61900	0.45	0.46	0.46	0	0	0.45
62000	0.45	0.46	0.46	0	0	0.45
62100	0.45	0.46	0.46	0	0	0.45
62200	0.45	0.46	0.46	0	0	0.45
62300	0.45	0.46	0.46	0	0	0.45
62400	0.45	0.46	0.46	0	0	0.45
62500	0.45	0.46	0.46	0	0	0.45
62600	0.45	0.46	0.46	0	0	0.45
62700	0.45	0.46	0.46	0	0	0.45
62800	0.46	0.46	0.46	0	0	0.46
62900	0.46	0.46	0.46	0	0	0.46
63000	0.46	0.46	0.46	0	0	0.46
63100	0.46	0.46	0.46	0	0	0.46
63200	0.45	0.46	0.46	0	0	0.45
63300	0.45	0.46	0.46	0	0	0.45
63400	0.45	0.46	0.46	0	0	0.45
63500	0.45	0.46	0.46	0	0	0.45
63600	0.45	0.46	0.46	0	0	0.45
63700	0.45	0.46	0.46	0	0	0.45
63800	0.45	0.46	0.46	0	0	0.45
63900	0.44	0.46	0.46	0	0	0.44
64000	0.45	0.46	0.46	0	0	0.45
64100	0.44	0.46	0.46	0	0	0.44
64200	0.44	0.46	0.46	0	0	0.44
64300	0.44	0.47	0.47	0	0	0.44
64400	0.44	0.47	0.47	0	0	0.44
64500	0.44	0.48	0.48	0	0	0.44
64600	0.44	0.48	0.48	0	0	0.44
64700	0.45	0.48	0.48	0	0	0.45
64800	0.45	0.48	0.48	0	0	0.45
64900	0.45	0.48	0.48	0	0	0.45
65000	0.45	0.48	0.48	0	0	0.45
65100	0.45	0.47	0.47	0	0	0.45
65200	0.45	0.47	0.47	0	0	0.45
65300	0.45	0.47	0.47	0	0	0.45
65400	0.44	0.47	0.47	0	0	0.44
65500	0.44	0.47	0.47	0	0	0.44
65600	0.44	0.47	0.47	0	0	0.44
65700	0.44	0.46	0.46	0	0	0.44
65800	0.44	0.46	0.46	0	0	0.44
65900	0.44	0.46	0.46	0	0	0.44
66000	0.44	0.46	0.46	0	0	0.44
66100	0.44	0.46	0.46	0	0	0.44
66200	0.44	0.46	0.46	0	0	0.44
66300	0.44	0.46	0.46	0	0	0.44
66400	0.44	0.46	0.46	0	0	0.44
66500	0.45	0.46	0.46	0	0	0.45
66600	0.45	0.46	0.46	0	0	0.45
66700	0.45	0.46	0.46	0	0	0.45
66800	0.45	0.46	0.46	0	0	0.45
66900	0.45	0.46	0.46	0	0	0.45
67000	0.45	0.47	0.47	0	0	0.45
67100	0.44	0.47	0.47	0	0	0.44
67200	0.44	0.47	0.47	0	0	0.44
67300	0.44	0.47	0.47	0	0	0.44
67400	0.44	0.47	0.47	0	0	0.44
67500	0.44	0.47	0.47	0	0	0.44
67600	0.44	0.47	0.47	0	0	0.44
67700	0.44	0.47	0.47	0	0	0.44
67800	0.44	0.47	0.47	0	0	0.44
67900	0.44	0.47	0.47	0	0	0.44
68000	0.44	0.47	0.47	0	0	0.44
68100	0.44	0.47	0.47	0	0	0.44
68200	0.44	0.47	0.47	0	0	0.44
68300	0.44	0.47	0.47	0	0	0.44
68400	0.44	0.47	0.47	0	0	0.44
68500	0.45	0.47	0.47	0	0	0.45
68600	0.45	0.47	0.47	0	0	0.45
68700	0.45	0.46	0.46	0	0	0.45
68800	0.45	0.46	0.46	0	0	0.45
68900	0.45	0.46	0.46	0	0	0.45
69000	0.46	0.46	0.46	0	0	0.46
69100	0.46	0.46	0.46	0	0	0.46
69200	0.46	0.46	0.46	0	0	0.46
69300	0.46	0.46	0.46	0	0	0.46
69400	0.46	0.46	0.46	0	0	0.46
69500	0.46	0.46	0.46	0	0	0.46
69600	0.45	0.46	0.46	0	0	0.45
69700	0.45	0.46	0.46	0	0	0.45
69800	0.45	0.46	0.46	0	0	0.45
69900	0.44	0.45	0.45	0	0	0.44
70000	0.44	0.45	0.45	0	0	0.44
70100	0.44	0.45	0.45	0	0	0.44
70200	0.44	0.45	0.45	0	0	0.44
70300	0.44	0.44	0.44	0	0	0.44
70400	0.44	0.44	0.44	0	0	0.44
70500	0.44	0.44	0.44	0	0	0.44
70600	0.44	0.44	0.44	0	0	0.44
70700	0.44	0.44	0.44	0	0	0.44
70800	0.44	0.44	0.44	0	0	0.44
70900	0.44	0.44	0.44	0	0	0.44
71000	0.44	0.44	0.44	0	0	0.44
71100	0.43	0.44	0.44	0	0	0.43
71200	0.43	0.44	0.44	0	0	0.43
71300	0.43	0.44	0.44	0	0	0.43
71400	0.43	0.44	0.44	0	0	0.43
71500	0.43	0.44	0.44	0	0	0.43
71600	0.43	0.44	0.44	0	0	0.43
71700	0.43	0.45	0.45	0	0	0.43
71800	0.44	0.45	0.45	0	0	0.44
71900	0.44	0.45	0.45	0	0	0.44
72000	0.44	0.45	0.45	0	0	0.44
72100	0.44	0.45	0.45	0	0	0.44
72200	0.44	0.45	0.45	0	0	0.44
72300	0.45	0.45	0.45	0	0	0.45
72400	0.45	0.44	0.44	0	0	0.45
72500	0.45	0.44	0.44	0	0	0.45
72600	0.45	0.44	0.44	0	0	0.45
72700	0.45	0.44	0.44	0	0	0.45
72800	0.45	0.44	0.44	0	0	0.45
72900	0.45	0.44	0.44	0	0	0.45
73000	0.45	0.44	0.44	0	0	0.45
73100	0.45	0.44	0.44	0	0	0.45
73200	0.45	0.44	0.44	0	0	0.45
73300	0.45	0.44	0.44	0	0	0.45
73400	0.45	0.44	0.44	0	0	0.45
73500	0.45	0.44	0.44	0	0	0.45
73600	0.44	0.44	0.44	0	0	0.44
73700	0.43	0.44	0.44	0	0	0.43
73800	0.43	0.45	0.45	0	0	0.43
73900	0.43	0.45	0.45	0	0	0.43
74000	0.43	0.45	0.45	0	0	0.43
74100	0.43	0.44	0.44	0	0	0.43
74200	0.43	0.44	0.44	0	0	0.43
74300	0.43	0.44	0.44	0	0	0.43
74400	0.43	0.44	0.44	0	0	0.43
74500	0.42	0.44	0.44	0	0	0.42
74600	0.42	0.44	0.44	0	0	0.42
74700	0.42	0.44	0.44	0	0	0.42
74800	0.42	0.44	0.44	0	0	0.42
74900	0.42	0.44	0.44	0	0	0.42
75000	0.42	0.45	0.45	0	0	0.42
75100	0.42	0.45	0.45	0	0	0.42
75200	0.42	0.45	0.45	0	0	0.42
75300	0.43	0.45	0.45	0	0	0.43
75400	0.42	0.45	0.45	0	0	0.42
75500	0.43	0.45	0.45	0	0	0.43
75600	0.43	0.46	0.46	0	0	0.43
75700	0.43	0.46	0.46	0	0	0.43
75800	0.43	0.46	0.46	0	0	0.43
75900	0.43	0.46	0.46	0	0	0.43
76000	0.42	0.46	0.46	0	0	0.42
76100	0.42	0.46	0.46	0	0	0.42
76200	0.42	0.46	0.46	0	0	0.42
76300	0.42	0.46	0.46	0	0	0.42
76400	0.42	0.45	0.45	0	0	0.42
76500	0.42	0.44	0.44	0	0	0.42
76600	0.42	0.43	0.43	0	0	0.42
76700	0.42	0.43	0.43	0	0	0.42
76800	0.42	0.43	0.43	0	0	0.42
76900	0.42	0.43	0.43	0	0	0.42
77000	0.42	0.43	0.43	0	0	0.42
77100	0.42	0.44	0.44	0	0	0.42
77200	0.42	0.44	0.44	0	0	0.42
77300	0.42	0.44	0.44	0	0	0.42
77400	0.42	0.43	0.43	0	0	0.42
77500	0.42	0.43	0.43	0	0	0.42
77600	0.41	0.43	0.43	0	0	0.41
77700	0.41	0.43	0.43	0	0	0.41
77800	0.41	0.43	0.43	0	0	0.41
77900	0.41	0.43	0.43	0	0	0.41
78000	0.41	0.43	0.43	0	0	0.41
78100	0.41	0.42	0.42	0	0	0.41
78200	0.41	0.42	0.42	0	0	0.41
78300	0.42	0.42	0.42	0	0	0.42
78400	0.42	0.42	0.42	0	0	0.42
78500	0.42	0.42	0.42	0	0	0.42
78600	0.42	0.42	0.42	0	0	0.42
78700	0.42	0.42	0.42	0	0	0.42
78800	0.42	0.42	0.42	0	0	0.42
78900	0.42	0.43	0.43	0	0	0.42
79000	0.42	0.43	0.43	0	0	0.42
79100	0.42	0.43	0.43	0	0	0.42
79200	0.43	0.43	0.43	0	0	0.43
79300	0.43	0.43	0.43	0	0	0.43
79400	0.43	0.43	0.43	0	0	0.43
79500	0.43	0.43	0.43	0	0	0.43
79600	0.43	0.43	0.43	0	0	0.43
79700	0.43	0.43	0.43	0	0	0.43
79800	0.43	0.43	0.43	0	0	0.43
79900	0.42	0.43	0.43	0	0	0.42
80000	0.42	0.43	0.43	0	0	0.42
80100	0.42	0.43	0.43	0	0	0.42
80200	0.42	0.43	0.43	0	0	0.42
80300	0.43	0.43	0.43	0	0	0.43
80400	0.43	0.43	0.43	0	0	0.43
80500	0.43	0.43	0.43	0	0	0.43
80600	0.43	0.43	0.43	0	0	0.43
80700	0.43	0.43	0.43	0	0	0.43
80800	0.43	0.43	0.43	0	0	0.43
80900	0.43	0.43	0.43	0	0	0.43
81000	0.43	0.43	0.43	0	0	0.43
81100	0.43	0.43	0.43	0	0	0.43
81200	0.43	0.43	0.43	0	0	0.43
81300	0.43	0.43	0.43	0	0	0.43
81400	0.43	0.43	0.43	0	0	0.43
81500	0.43	0.44	0.44	0	0	0.43
81600	0.43	0.44	0.44	0	0	0.43
81700	0.42	0.44	0.44	0	0	0.42
81800	0.42	0.44	0.44	0	0	0.42
81900	0.42	0.44	0.44	0	0	0.42
82000	0.42	0.44	0.44	0	0	0.42
82100	0.43	0.44	0.44	0	0	0.43
82200	0.43	0.44	0.44	0	0	0.43
82300	0.43	0.44	0.44	0	0	0.43
82400	0.43	0.44	0.44	0	0	0.43
82500	0.42	0.44	0.44	0	0	0.42
82600	0.42	0.44	0.44	0	0	0.42
82700	0.42	0.44	0.44	0	0	0.42
82800	0.42	0.44	0.44	0	0	0.42
82900	0.42	0.44	0.44	0	0	0.42
83000	0.42	0.44	0.44	0	0	0.42
83100	0.42	0.43	0.43	0	0	0.42
83200	0.42	0.43	0.43	0	0	0.42
83300	0.42	0.43	0.43	0	0	0.42
83400	0.42	0.43	0.43	0	0	0.42
83500	0.42	0.43	0.43	0	0	0.42
83600	0.42	0.43	0.43	0	0	0.42
83700	0.43	0.43	0.43	0	0	0.43
83800	0.43	0.43	0.43	0	0	0.43
83900	0.42	0.43	0.43	0	0	0.42
84000	0.42	0.43	0.43	0	0	0.42
84100	0.42	0.43	0.43	0	0	0.42
84200	0.42	0.44	0.44	0	0	0.42
84300	0.42	0.44	0.44	0	0	0.42
84400	0.42	0.44	0.44	0	0	0.42
84500	0.42	0.44	0.44	0	0	0.42
84600	0.42	0.44	0.44	0	0	0.42
84700	0.42	0.44	0.44	0	0	0.42
84800	0.42	0.44	0.44	0	0	0.42
84900	0.42	0.44	0.44	0	0	0.42
85000	0.42	0.44	0.44	0	0	0.42
85100	0.42	0.44	0.44	0	0	0.42
85200	0.42	0.44	0.44	0	0	0.42
85300	0.42	0.44	0.44	0	0	0.42
85400	0.42	0.44	0.44	0	0	0.42
85500	0.42	0.44	0.44	0	0	0.42
85600	0.42	0.44	0.44	0	0	0.42
85700	0.43	0.44	0.44	0	0	0.43
85800	0.43	0.44	0.44	0	0	0.43
85900	0.43	0.44	0.44	0	0	0.43
86000	0.43	0.44	0.44	0	0	0.43
86100	0.43	0.44	0.44	0	0	0.43
86200	0.43	0.44	0.44	0	0	0.43
86300	0.43	0.44	0.44	0	0	0.43
86400	0.43	0.44	0.44	0	0	0.43
86500	0.43	0.44	0.44	0	0	0.43
86600	0.43	0.44	0.44	0	0	0.43
86700	0.43	0.44	0.44	0	0	0.43
86800	0.43	0.44	0.44	0	0	0.43
86900	0.43	0.44	0.44	0	0	0.43
87000	0.43	0.44	0.44	0	0	0.43
87100	0.43	0.44	0.44	0	0	0.43
87200	0.43	0.44	0.44	0	0	0.43
87300	0.43	0.45	0.45	0	0	0.43
87400	0.43	0.47	0.47	0	0	0.43
87500	0.43	0.47	0.47	0	0	0.43
87600	0.43	0.47	0.47	0	0	0.43
87700	0.43	0.47	0.47	0	0	0.43
87800	0.43	0.47	0.47	0	0	0.43
87900	0.43	0.47	0.47	0	0	0.43
88000	0.43	0.47	0.47	0	0	0.43
88100	0.43	0.48	0.48	0	0	0.43
88200	0.43	0.48	0.48	0	0	0.43
88300	0.43	0.48	0.48	0	0	0.43
88400	0.43	0.47	0.47	0	0	0.43
88500	0.43	0.47	0.47	0	0	0.43
88600	0.43	0.47	0.47	0	0	0.43
88700	0.43	0.48	0.48	0	0	0.43
88800	0.43	0.48	0.48	0	0	0.43
88900	0.43	0.47	0.47	0	0	0.43
89000	0.43	0.47	0.47	0	0	0.43
89100	0.43	0.47	0.47	0	0	0.43
89200	0.43	0.47	0.47	0	0	0.43
89300	0.43	0.47	0.47	0	0	0.43
89400	0.43	0.47	0.47	0	0	0.43
89500	0.43	0.47	0.47	0	0	0.43
89600	0.43	0.47	0.47	0	0	0.43
89700	0.43	0.47	0.47	0	0	0.43
89800	0.43	0.47	0.47	0	0	0.43
89900	0.43	0.47	0.47	0	0	0.43
90000	0.43	0.47	0.47	0	0	0.43
90100	0.43	0.47	0.47	0	0	0.43
90200	0.43	0.47	0.47	0	0	0.43
90300	0.43	0.48	0.48	0	0	0.43
90400	0.43	0.48	0.48	0	0	0.43
90500	0.43	0.48	0.48	0	0	0.43
90600	0.43	0.48	0.48	0	0	0.43
90700	0.44	0.48	0.48	0	0	0.44
90800	0.45	0.48	0.48	0	0	0.45
90900	0.45	0.48	0.48	0	0	0.45
91000	0.45	0.48	0.48	0	0	0.45
91100	0.46	0.48	0.48	0	0	0.46
91200	0.46	0.48	0.48	0	0	0.46
91300	0.46	0.48	0.48	0	0	0.46
91400	0.45	0.48	0.48	0	0	0.45
91500	0.45	0.48	0.48	0	0	0.45
91600	0.45	0.48	0.48	0	0	0.45
91700	0.45	0.48	0.48	0	0	0.45
91800	0.45	0.48	0.48	0	0	0.45
91900	0.46	0.48	0.48	0	0	0.46
92000	0.47	0.48	0.48	0	0	0.47
92100	0.47	0.48	0.48	0	0	0.47
92200	0.47	0.47	0.47	0	0	0.47
92300	0.47	0.47	0.47	0	0	0.47
92400	0.48	0.46	0.46	0	0	0.48
92500	0.48	0.46	0.46	0	0	0.48
92600	0.48	0.46	0.46	0	0	0.48
92700	0.48	0.46	0.46	0	0	0.48
92800	0.48	0.46	0.46	0	0	0.48
92900	0.48	0.46	0.46	0	0	0.48
93000	0.48	0.46	0.46	0	0	0.48
93100	0.48	0.45	0.45	0	0	0.48
93200	0.48	0.45	0.45	0	0	0.48
93300	0.48	0.45	0.45	0	0	0.48
93400	0.48	0.45	0.45	0	0	0.48
93500	0.48	0.45	0.45	0	0	0.48
93600	0.47	0.45	0.45	0	0	0.47
93700	0.47	0.45	0.45	0	0	0.47
93800	0.47	0.45	0.45	0	0	0.47
93900	0.47	0.45	0.45	0	0	0.47
94000	0.47	0.45	0.45	0	0	0.47
94100	0.46	0.45	0.45	0	0	0.46
94200	0.46	0.45	0.45	0	0	0.46
94300	0.46	0.45	0.45	0	0	0.46
94400	0.46	0.45	0.45	0	0	0.46
94500	0.46	0.45	0.45	0	0	0.46
94600	0.46	0.45	0.45	0	0	0.46
94700	0.46	0.45	0.45	0	0	0.46
94800	0.45	0.45	0.45	0	0	0.45
94900	0.45	0.45	0.45	0	0	0.45
95000	0.45	0.45	0.45	0	0	0.45
95100	0.44	0.46	0.46	0	0	0.44
95200	0.44	0.46	0.46	0	0	0.44
95300	0.44	0.46	0.46	0	0	0.44
95400	0.44	0.47	0.47	0	0	0.44
95500	0.44	0.47	0.47	0	0	0.44
95600	0.44	0.47	0.47	0	0	0.44
95700	0.44	0.47	0.47	0	0	0.44
95800	0.44	0.47	0.47	0	0	0.44
95900	0.44	0.47	0.47	0	0	0.44
96000	0.44	0.47	0.47	0	0	0.44
96100	0.44	0.47	0.47	0	0	0.44
96200	0.44	0.47	0.47	0	0	0.44
96300	0.44	0.47	0.47	0	0	0.44
96400	0.44	0.47	0.47	0	0	0.44
96500	0.45	0.47	0.47	0	0	0.45
96600	0.45	0.47	0.47	0	0	0.45
96700	0.45	0.47	0.47	0	0	0.45
96800	0.45	0.47	0.47	0	0	0.45
96900	0.45	0.47	0.47	0	0	0.45
97000	0.46	0.47	0.47	0	0	0.46
97100	0.46	0.47	0.47	0	0	0.46
97200	0.45	0.47	0.47	0	0	0.45
97300	0.45	0.47	0.47	0	0	0.45
97400	0.45	0.47	0.47	0	0	0.45
97500	0.45	0.47	0.47	0	0	0.45
97600	0.45	0.47	0.47	0	0	0.45
97700	0.45	0.47	0.47	0	0	0.45
97800	0.45	0.47	0.47	0	0	0.45
97900	0.45	0.47	0.47	0	0	0.45
98000	0.45	0.47	0.47	0	0	0.45
98100	0.45	0.47	0.47	0	0	0.45
98200	0.46	0.47	0.47	0	0	0.46
98300	0.46	0.47	0.47	0	0	0.46
98400	0.46	0.47	0.47	0	0	0.46
98500	0.45	0.47	0.47	0	0	0.45
98600	0.44	0.47	0.47	0	0	0.44
98700	0.44	0.47	0.47	0	0	0.44
98800	0.45	0.47	0.47	0	0	0.45
98900	0.45	0.47	0.47	0	0	0.45
99000	0.44	0.47	0.47	0	0	0.44
99100	0.43	0.47	0.47	0	0	0.43
99200	0.43	0.47	0.47	0	0	0.43
99300	0.43	0.47	0.47	0	0	0.43
99400	0.43	0.49	0.49	0	0	0.43
99500	0.43	0.49	0.49	0	0	0.43
99600	0.44	0.49	0.49	0	0	0.44
99700	0.44	0.49	0.49	0	0	0.44
99800	0.44	0.49	0.49	0	0	0.44
99900	0.44	0.49	0.49	0	0	0.44
100000	0.44	0.49	0.49	0	0	0.44
