100	0.12	0.04	0.04	0	0	0.12
200	0.13	0.07	0.07	0	0	0.13
300	0.13	0.11	0.11	0	0	0.13
400	0.15	0.15	0.15	0	0	0.15
500	0.17	0.17	0.17	0	0	0.17
600	0.18	0.18	0.18	0	0	0.18
700	0.19	0.18	0.18	0	0	0.19
800	0.2	0.2	0.2	0	0	0.2
900	0.2	0.23	0.23	0	0	0.2
1000	0.22	0.23	0.23	0	0	0.22
1100	0.23	0.23	0.23	0	0	0.23
1200	0.24	0.23	0.23	0	0	0.24
1300	0.25	0.24	0.24	0	0	0.25
1400	0.26	0.24	0.24	0	0	0.26
1500	0.27	0.24	0.24	0	0	0.27
1600	0.28	0.24	0.24	0	0	0.28
1700	0.28	0.26	0.26	0	0	0.28
1800	0.28	0.25	0.25	0	0	0.28
1900	0.29	0.27	0.27	0	0	0.29
2000	0.29	0.27	0.27	0	0	0.29
2100	0.31	0.28	0.28	0	0	0.31
2200	0.31	0.28	0.28	0	0	0.31
2300	0.32	0.29	0.29	0	0	0.32
2400	0.33	0.29	0.29	0	0	0.33
2500	0.34	0.29	0.29	0	0	0.34
2600	0.34	0.29	0.29	0	0	0.34
2700	0.33	0.29	0.29	0	0	0.33
2800	0.33	0.29	0.29	0	0	0.33
2900	0.33	0.29	0.29	0	0	0.33
3000	0.35	0.29	0.29	0	0	0.35
3100	0.35	0.3	0.3	0	0	0.35
3200	0.35	0.3	0.3	0	0	0.35
3300	0.34	0.31	0.31	0	0	0.34
3400	0.34	0.31	0.31	0	0	0.34
3500	0.33	0.32	0.32	0	0	0.33
3600	0.32	0.32	0.32	0	0	0.32
3700	0.32	0.32	0.32	0	0	0.32
3800	0.33	0.32	0.32	0	0	0.33
3900	0.33	0.32	0.32	0	0	0.33
4000	0.33	0.33	0.33	0	0	0.33
4100	0.34	0.33	0.33	0	0	0.34
4200	0.34	0.33	0.33	0	0	0.34
4300	0.34	0.33	0.33	0	0	0.34
4400	0.33	0.34	0.34	0	0	0.33
4500	0.33	0.36	0.36	0	0	0.33
4600	0.32	0.38	0.38	0	0	0.32
4700	0.32	0.38	0.38	0	0	0.32
4800	0.32	0.4	0.4	0	0	0.32
4900	0.32	0.4	0.4	0	0	0.32
5000	0.32	0.4	0.4	0	0	0.32
5100	0.32	0.4	0.4	0	0	0.32
5200	0.32	0.4	0.4	0	0	0.32
5300	0.33	0.41	0.41	0	0	0.33
5400	0.32	0.41	0.41	0	0	0.32
5500	0.33	0.41	0.41	0	0	0.33
5600	0.32	0.41	0.41	0	0	0.32
5700	0.34	0.43	0.43	0	0	0.34
5800	0.34	0.43	0.43	0	0	0.34
5900	0.34	0.43	0.43	0	0	0.34
6000	0.33	0.43	0.43	0	0	0.33
6100	0.33	0.43	0.43	0	0	0.33
6200	0.35	0.44	0.44	0	0	0.35
6300	0.36	0.43	0.43	0	0	0.36
6400	0.36	0.43	0.43	0	0	0.36
6500	0.35	0.43	0.43	0	0	0.35
6600	0.35	0.43	0.43	0	0	0.35
6700	0.36	0.43	0.43	0	0	0.36
6800	0.36	0.44	0.44	0	0	0.36
6900	0.36	0.44	0.44	0	0	0.36
7000	0.36	0.44	0.44	0	0	0.36
7100	0.36	0.44	0.44	0	0	0.36
7200	0.36	0.45	0.45	0	0	0.36
7300	0.36	0.45	0.45	0	0	0.36
7400	0.36	0.45	0.45	0	0	0.36
7500	0.36	0.46	0.46	0	0	0.36
7600	0.36	0.46	0.46	0	0	0.36
7700	0.36	0.46	0.46	0	0	0.36
7800	0.36	0.46	0.46	0	0	0.36
7900	0.35	0.47	0.47	0	0	0.35
8000	0.35	0.48	0.48	0	0	0.35
8100	0.35	0.49	0.49	0	0	0.35
8200	0.35	0.49	0.49	0	0	0.35
8300	0.35	0.49	0.49	0	0	0.35
8400	0.35	0.48	0.48	0	0	0.35
8500	0.35	0.48	0.48	0	0	0.35
8600	0.35	0.47	0.47	0	0	0.35
8700	0.35	0.47	0.47	0	0	0.35
8800	0.35	0.47	0.47	0	0	0.35
8900	0.35	0.47	0.47	0	0	0.35
9000	0.36	0.47	0.47	0	0	0.36
9100	0.36	0.47	0.47	0	0	0.36
9200	0.36	0.46	0.46	0	0	0.36
9300	0.37	0.46	0.46	0	0	0.37
9400	0.37	0.46	0.46	0	0	0.37
9500	0.37	0.46	0.46	0	0	0.37
9600	0.37	0.46	0.46	0	0	0.37
9700	0.37	0.46	0.46	0	0	0.37
9800	0.36	0.46	0.46	0	0	0.36
9900	0.35	0.45	0.45	0	0	0.35
10000	0.35	0.45	0.45	0	0	0.35
10100	0.35	0.45	0.45	0	0	0.35
10200	0.35	0.45	0.45	0	0	0.35
10300	0.35	0.45	0.45	0	0	0.35
10400	0.35	0.45	0.45	0	0	0.35
10500	0.36	0.46	0.46	0	0	0.36
10600	0.36	0.46	0.46	0	0	0.36
10700	0.36	0.46	0.46	0	0	0.36
10800	0.36	0.46	0.46	0	0	0.36
10900	0.36	0.46	0.46	0	0	0.36
11000	0.36	0.46	0.46	0	0	0.36
11100	0.36	0.46	0.46	0	0	0.36
11200	0.37	0.46	0.46	0	0	0.37
11300	0.37	0.46	0.46	0	0	0.37
11400	0.37	0.46	0.46	0	0	0.37
11500	0.37	0.46	0.46	0	0	0.37
11600	0.37	0.45	0.45	0	0	0.37
11700	0.37	0.44	0.44	0	0	0.37
11800	0.36	0.44	0.44	0	0	0.36
11900	0.35	0.44	0.44	0	0	0.35
12000	0.35	0.44	0.44	0	0	0.35
12100	0.36	0.45	0.45	0	0	0.36
12200	0.37	0.45	0.45	0	0	0.37
12300	0.37	0.45	0.45	0	0	0.37
12400	0.37	0.43	0.43	0	0	0.37
12500	0.37	0.43	0.43	0	0	0.37
12600	0.37	0.43	0.43	0	0	0.37
12700	0.37	0.42	0.42	0	0	0.37
12800	0.37	0.42	0.42	0	0	0.37
12900	0.37	0.42	0.42	0	0	0.37
13000	0.37	0.42	0.42	0	0	0.37
13100	0.36	0.42	0.42	0	0	0.36
13200	0.36	0.42	0.42	0	0	0.36
13300	0.37	0.42	0.42	0	0	0.37
13400	0.38	0.42	0.42	0	0	0.38
13500	0.38	0.42	0.42	0	0	0.38
13600	0.38	0.43	0.43	0	0	0.38
13700	0.38	0.43	0.43	0	0	0.38
13800	0.38	0.42	0.42	0	0	0.38
13900	0.38	0.42	0.42	0	0	0.38
14000	0.38	0.42	0.42	0	0	0.38
14100	0.38	0.42	0.42	0	0	0.38
14200	0.38	0.43	0.43	0	0	0.38
14300	0.38	0.43	0.43	0	0	0.38
14400	0.39	0.42	0.42	0	0	0.39
14500	0.38	0.42	0.42	0	0	0.38
14600	0.38	0.43	0.43	0	0	0.38
14700	0.38	0.44	0.44	0	0	0.38
14800	0.39	0.44	0.44	0	0	0.39
14900	0.4	0.44	0.44	0	0	0.4
15000	0.41	0.43	0.43	0	0	0.41
15100	0.41	0.43	0.43	0	0	0.41
15200	0.41	0.43	0.43	0	0	0.41
15300	0.41	0.43	0.43	0	0	0.41
15400	0.42	0.43	0.43	0	0	0.42
15500	0.42	0.43	0.43	0	0	0.42
15600	0.42	0.43	0.43	0	0	0.42
15700	0.42	0.43	0.43	0	0	0.42
15800	0.41	0.44	0.44	0	0	0.41
15900	0.41	0.44	0.44	0	0	0.41
16000	0.41	0.44	0.44	0	0	0.41
16100	0.41	0.44	0.44	0	0	0.41
16200	0.41	0.44	0.44	0	0	0.41
16300	0.41	0.44	0.44	0	0	0.41
16400	0.41	0.44	0.44	0	0	0.41
16500	0.42	0.44	0.44	0	0	0.42
16600	0.41	0.44	0.44	0	0	0.41
16700	0.41	0.44	0.44	0	0	0.41
16800	0.41	0.43	0.43	0	0	0.41
16900	0.41	0.43	0.43	0	0	0.41
17000	0.41	0.43	0.43	0	0	0.41
17100	0.41	0.43	0.43	0	0	0.41
17200	0.41	0.43	0.43	0	0	0.41
17300	0.41	0.43	0.43	0	0	0.41
17400	0.41	0.42	0.42	0	0	0.41
17500	0.42	0.42	0.42	0	0	0.42
17600	0.41	0.42	0.42	0	0	0.41
17700	0.4	0.42	0.42	0	0	0.4
17800	0.4	0.42	0.42	0	0	0.4
17900	0.4	0.43	0.43	0	0	0.4
18000	0.4	0.43	0.43	0	0	0.4
18100	0.4	0.43	0.43	0	0	0.4
18200	0.4	0.43	0.43	0	0	0.4
18300	0.4	0.43	0.43	0	0	0.4
18400	0.42	0.43	0.43	0	0	0.42
18500	0.42	0.44	0.44	0	0	0.42
18600	0.43	0.44	0.44	0	0	0.43
18700	0.43	0.44	0.44	0	0	0.43
18800	0.44	0.44	0.44	0	0	0.44
18900	0.44	0.44	0.44	0	0	0.44
19000	0.44	0.44	0.44	0	0	0.44
19100	0.44	0.44	0.44	0	0	0.44
19200	0.44	0.44	0.44	0	0	0.44
19300	0.44	0.44	0.44	0	0	0.44
19400	0.44	0.43	0.43	0	0	0.44
19500	0.44	0.43	0.43	0	0	0.44
19600	0.44	0.43	0.43	0	0	0.44
19700	0.44	0.43	0.43	0	0	0.44
19800	0.44	0.43	0.43	0	0	0.44
19900	0.44	0.43	0.43	0	0	0.44
20000	0.44	0.43	0.43	0	0	0.44
20100	0.44	0.43	0.43	0	0	0.44
20200	0.44	0.43	0.43	0	0	0.44
20300	0.44	0.43	0.43	0	0	0.44
20400	0.44	0.43	0.43	0	0	0.44
20500	0.44	0.43	0.43	0	0	0.44
20600	0.44	0.43	0.43	0	0	0.44
20700	0.43	0.43	0.43	0	0	0.43
20800	0.43	0.43	0.43	0	0	0.43
20900	0.43	0.43	0.43	0	0	0.43
21000	0.42	0.43	0.43	0	0	0.42
21100	0.42	0.44	0.44	0	0	0.42
21200	0.42	0.45	0.45	0	0	0.42
21300	0.41	0.45	0.45	0	0	0.41
21400	0.41	0.45	0.45	0	0	0.41
21500	0.42	0.45	0.45	0	0	0.42
21600	0.42	0.45	0.45	0	0	0.42
21700	0.42	0.45	0.45	0	0	0.42
21800	0.42	0.45	0.45	0	0	0.42
21900	0.42	0.45	0.45	0	0	0.42
22000	0.41	0.45	0.45	0	0	0.41
22100	0.41	0.45	0.45	0	0	0.41
22200	0.41	0.43	0.43	0	0	0.41
22300	0.41	0.43	0.43	0	0	0.41
22400	0.41	0.43	0.43	0	0	0.41
22500	0.42	0.43	0.43	0	0	0.42
22600	0.42	0.43	0.43	0	0	0.42
22700	0.42	0.43	0.43	0	0	0.42
22800	0.42	0.43	0.43	0	0	0.42
22900	0.42	0.43	0.43	0	0	0.42
23000	0.42	0.43	0.43	0	0	0.42
23100	0.42	0.43	0.43	0	0	0.42
23200	0.42	0.43	0.43	0	0	0.42
23300	0.42	0.43	0.43	0	0	0.42
23400	0.42	0.43	0.43	0	0	0.42
23500	0.43	0.43	0.43	0	0	0.43
23600	0.43	0.43	0.43	0	0	0.43
23700	0.41	0.43	0.43	0	0	0.41
23800	0.41	0.43	0.43	0	0	0.41
23900	0.41	0.43	0.43	0	0	0.41
24000	0.4	0.43	0.43	0	0	0.4
24100	0.41	0.42	0.42	0	0	0.41
24200	0.41	0.43	0.43	0	0	0.41
24300	0.41	0.43	0.43	0	0	0.41
24400	0.41	0.43	0.43	0	0	0.41
24500	0.41	0.43	0.43	0	0	0.41
24600	0.42	0.43	0.43	0	0	0.42
24700	0.43	0.43	0.43	0	0	0.43
24800	0.43	0.43	0.43	0	0	0.43
24900	0.43	0.43	0.43	0	0	0.43
25000	0.43	0.43	0.43	0	0	0.43
25100	0.43	0.43	0.43	0	0	0.43
25200	0.43	0.43	0.43	0	0	0.43
25300	0.43	0.43	0.43	0	0	0.43
25400	0.43	0.43	0.43	0	0	0.43
25500	0.43	0.43	0.43	0	0	0.43
25600	0.42	0.43	0.43	0	0	0.42
25700	0.42	0.43	0.43	0	0	0.42
25800	0.41	0.43	0.43	0	0	0.41
25900	0.41	0.43	0.43	0	0	0.41
26000	0.41	0.43	0.43	0	0	0.41
26100	0.42	0.43	0.43	0	0	0.42
26200	0.42	0.43	0.43	0	0	0.42
26300	0.42	0.43	0.43	0	0	0.42
26400	0.42	0.43	0.43	0	0	0.42
26500	0.42	0.43	0.43	0	0	0.42
26600	0.42	0.43	0.43	0	0	0.42
26700	0.42	0.43	0.43	0	0	0.42
26800	0.42	0.43	0.43	0	0	0.42
26900	0.42	0.43	0.43	0	0	0.42
27000	0.42	0.42	0.42	0	0	0.42
27100	0.41	0.42	0.42	0	0	0.41
27200	0.41	0.42	0.42	0	0	0.41
27300	0.41	0.42	0.42	0	0	0.41
27400	0.41	0.42	0.42	0	0	0.41
27500	0.41	0.41	0.41	0	0	0.41
27600	0.41	0.41	0.41	0	0	0.41
27700	0.41	0.41	0.41	0	0	0.41
27800	0.41	0.41	0.41	0	0	0.41
27900	0.41	0.41	0.41	0	0	0.41
28000	0.41	0.41	0.41	0	0	0.41
28100	0.42	0.42	0.42	0	0	0.42
28200	0.42	0.42	0.42	0	0	0.42
28300	0.42	0.42	0.42	0	0	0.42
28400	0.42	0.42	0.42	0	0	0.42
28500	0.42	0.42	0.42	0	0	0.42
28600	0.42	0.42	0.42	0	0	0.42
28700	0.42	0.42	0.42	0	0	0.42
28800	0.43	0.42	0.42	0	0	0.43
28900	0.43	0.42	0.42	0	0	0.43
29000	0.43	0.42	0.42	0	0	0.43
29100	0.44	0.42	0.42	0	0	0.44
29200	0.44	0.42	0.42	0	0	0.44
29300	0.44	0.42	0.42	0	0	0.44
29400	0.44	0.42	0.42	0	0	0.44
29500	0.44	0.42	0.42	0	0	0.44
29600	0.45	0.42	0.42	0	0	0.45
29700	0.45	0.42	0.42	0	0	0.45
29800	0.45	0.42	0.42	0	0	0.45
29900	0.45	0.42	0.42	0	0	0.45
30000	0.44	0.42	0.42	0	0	0.44
30100	0.44	0.42	0.42	0	0	0.44
30200	0.44	0.42	0.42	0	0	0.44
30300	0.44	0.42	0.42	0	0	0.44
30400	0.44	0.42	0.42	0	0	0.44
30500	0.44	0.44	0.44	0	0	0.44
30600	0.44	0.44	0.44	0	0	0.44
30700	0.44	0.44	0.44	0	0	0.44
30800	0.44	0.44	0.44	0	0	0.44
30900	0.44	0.44	0.44	0	0	0.44
31000	0.45	0.44	0.44	0	0	0.45
31100	0.45	0.44	0.44	0	0	0.45
31200	0.45	0.44	0.44	0	0	0.45
31300	0.46	0.45	0.45	0	0	0.46
31400	0.46	0.44	0.44	0	0	0.46
31500	0.46	0.44	0.44	0	0	0.46
31600	0.47	0.45	0.45	0	0	0.47
31700	0.47	0.45	0.45	0	0	0.47
31800	0.47	0.45	0.45	0	0	0.47
31900	0.47	0.45	0.45	0	0	0.47
32000	0.47	0.45	0.45	0	0	0.47
32100	0.47	0.45	0.45	0	0	0.47
32200	0.48	0.45	0.45	0	0	0.48
32300	0.48	0.46	0.46	0	0	0.48
32400	0.48	0.46	0.46	0	0	0.48
32500	0.48	0.46	0.46	0	0	0.48
32600	0.48	0.46	0.46	0	0	0.48
32700	0.48	0.46	0.46	0	0	0.48
32800	0.48	0.46	0.46	0	0	0.48
32900	0.48	0.46	0.46	0	0	0.48
33000	0.48	0.46	0.46	0	0	0.48
33100	0.48	0.46	0.46	0	0	0.48
33200	0.48	0.46	0.46	0	0	0.48
33300	0.48	0.46	0.46	0	0	0.48
33400	0.48	0.46	0.46	0	0	0.48
33500	0.48	0.46	0.46	0	0	0.48
33600	0.47	0.46	0.46	0	0	0.47
33700	0.47	0.46	0.46	0	0	0.47
33800	0.46	0.46	0.46	0	0	0.46
33900	0.46	0.46	0.46	0	0	0.46
34000	0.46	0.46	0.46	0	0	0.46
34100	0.46	0.46	0.46	0	0	0.46
34200	0.46	0.46	0.46	0	0	0.46
34300	0.46	0.46	0.46	0	0	0.46
34400	0.46	0.46	0.46	0	0	0.46
34500	0.46	0.46	0.46	0	0	0.46
34600	0.46	0.46	0.46	0	0	0.46
34700	0.46	0.46	0.46	0	0	0.46
34800	0.46	0.46	0.46	0	0	0.46
34900	0.46	0.46	0.46	0	0	0.46
35000	0.46	0.45	0.45	0	0	0.46
35100	0.46	0.45	0.45	0	0	0.46
35200	0.47	0.45	0.45	0	0	0.47
35300	0.47	0.44	0.44	0	0	0.47
35400	0.47	0.43	0.43	0	0	0.47
35500	0.47	0.43	0.43	0	0	0.47
35600	0.47	0.43	0.43	0	0	0.47
35700	0.48	0.43	0.43	0	0	0.48
35800	0.48	0.43	0.43	0	0	0.48
35900	0.48	0.43	0.43	0	0	0.48
36000	0.48	0.43	0.43	0	0	0.48
36100	0.48	0.43	0.43	0	0	0.48
36200	0.48	0.43	0.43	0	0	0.48
36300	0.48	0.43	0.43	0	0	0.48
36400	0.48	0.43	0.43	0	0	0.48
36500	0.48	0.43	0.43	0	0	0.48
36600	0.48	0.43	0.43	0	0	0.48
36700	0.48	0.43	0.43	0	0	0.48
36800	0.48	0.43	0.43	0	0	0.48
36900	0.48	0.43	0.43	0	0	0.48
37000	0.48	0.43	0.43	0	0	0.48
37100	0.48	0.43	0.43	0	0	0.48
37200	0.48	0.43	0.43	0	0	0.48
37300	0.48	0.44	0.44	0	0	0.48
37400	0.48	0.44	0.44	0	0	0.48
37500	0.48	0.44	0.44	0	0	0.48
37600	0.48	0.44	0.44	0	0	0.48
37700	0.48	0.44	0.44	0	0	0.48
37800	0.49	0.44	0.44	0	0	0.49
37900	0.49	0.44	0.44	0	0	0.49
38000	0.49	0.44	0.44	0	0	0.49
38100	0.49	0.44	0.44	0	0	0.49
38200	0.49	0.44	0.44	0	0	0.49
38300	0.49	0.44	0.44	0	0	0.49
38400	0.49	0.45	0.45	0	0	0.49
38500	0.49	0.45	0.45	0	0	0.49
38600	0.49	0.46	0.46	0	0	0.49
38700	0.5	0.46	0.46	0	0	0.5
38800	0.5	0.46	0.46	0	0	0.5
38900	0.5	0.45	0.45	0	0	0.5
39000	0.51	0.45	0.45	0	0	0.51
39100	0.51	0.45	0.45	0	0	0.51
39200	0.51	0.45	0.45	0	0	0.51
39300	0.5	0.45	0.45	0	0	0.5
39400	0.5	0.45	0.45	0	0	0.5
39500	0.5	0.45	0.45	0	0	0.5
39600	0.5	0.46	0.46	0	0	0.5
39700	0.5	0.46	0.46	0	0	0.5
39800	0.5	0.46	0.46	0	0	0.5
39900	0.5	0.46	0.46	0	0	0.5
40000	0.5	0.45	0.45	0	0	0.5
40100	0.5	0.45	0.45	0	0	0.5
40200	0.5	0.44	0.44	0	0	0.5
40300	0.5	0.44	0.44	0	0	0.5
40400	0.5	0.44	0.44	0	0	0.5
40500	0.5	0.44	0.44	0	0	0.5
40600	0.5	0.43	0.43	0	0	0.5
40700	0.5	0.43	0.43	0	0	0.5
40800	0.5	0.43	0.43	0	0	0.5
40900	0.49	0.43	0.43	0	0	0.49
41000	0.49	0.43	0.43	0	0	0.49
41100	0.49	0.43	0.43	0	0	0.49
41200	0.49	0.43	0.43	0	0	0.49
41300	0.49	0.43	0.43	0	0	0.49
41400	0.49	0.43	0.43	0	0	0.49
41500	0.49	0.43	0.43	0	0	0.49
41600	0.49	0.43	0.43	0	0	0.49
41700	0.49	0.44	0.44	0	0	0.49
41800	0.49	0.44	0.44	0	0	0.49
41900	0.49	0.44	0.44	0	0	0.49
42000	0.49	0.43	0.43	0	0	0.49
42100	0.49	0.43	0.43	0	0	0.49
42200	0.49	0.43	0.43	0	0	0.49
42300	0.49	0.43	0.43	0	0	0.49
42400	0.49	0.43	0.43	0	0	0.49
42500	0.49	0.43	0.43	0	0	0.49
42600	0.49	0.43	0.43	0	0	0.49
42700	0.49	0.43	0.43	0	0	0.49
42800	0.48	0.43	0.43	0	0	0.48
42900	0.48	0.43	0.43	0	0	0.48
43000	0.48	0.42	0.42	0	0	0.48
43100	0.48	0.42	0.42	0	0	0.48
43200	0.47	0.43	0.43	0	0	0.47
43300	0.47	0.44	0.44	0	0	0.47
43400	0.47	0.44	0.44	0	0	0.47
43500	0.47	0.44	0.44	0	0	0.47
43600	0.47	0.44	0.44	0	0	0.47
43700	0.47	0.44	0.44	0	0	0.47
43800	0.47	0.44	0.44	0	0	0.47
43900	0.47	0.44	0.44	0	0	0.47
44000	0.46	0.44	0.44	0	0	0.46
44100	0.46	0.44	0.44	0	0	0.46
44200	0.46	0.44	0.44	0	0	0.46
44300	0.46	0.44	0.44	0	0	0.46
44400	0.46	0.44	0.44	0	0	0.46
44500	0.46	0.44	0.44	0	0	0.46
44600	0.46	0.44	0.44	0	0	0.46
44700	0.46	0.44	0.44	0	0	0.46
44800	0.47	0.45	0.45	0	0	0.47
44900	0.47	0.45	0.45	0	0	0.47
45000	0.47	0.46	0.46	0	0	0.47
45100	0.47	0.46	0.46	0	0	0.47
45200	0.47	0.46	0.46	0	0	0.47
45300	0.47	0.46	0.46	0	0	0.47
45400	0.47	0.46	0.46	0	0	0.47
45500	0.47	0.46	0.46	0	0	0.47
45600	0.47	0.46	0.46	0	0	0.47
45700	0.47	0.46	0.46	0	0	0.47
45800	0.47	0.46	0.46	0	0	0.47
45900	0.47	0.46	0.46	0	0	0.47
46000	0.49	0.46	0.46	0	0	0.49
46100	0.49	0.46	0.46	0	0	0.49
46200	0.49	0.46	0.46	0	0	0.49
46300	0.49	0.46	0.46	0	0	0.49
46400	0.49	0.46	0.46	0	0	0.49
46500	0.49	0.46	0.46	0	0	0.49
46600	0.5	0.46	0.46	0	0	0.5
46700	0.5	0.45	0.45	0	0	0.5
46800	0.5	0.45	0.45	0	0	0.5
46900	0.5	0.45	0.45	0	0	0.5
47000	0.5	0.45	0.45	0	0	0.5
47100	0.51	0.45	0.45	0	0	0.51
47200	0.51	0.45	0.45	0	0	0.51
47300	0.51	0.45	0.45	0	0	0.51
47400	0.51	0.45	0.45	0	0	0.51
47500	0.51	0.45	0.45	0	0	0.51
47600	0.51	0.45	0.45	0	0	0.51
47700	0.5	0.45	0.45	0	0	0.5
47800	0.5	0.45	0.45	0	0	0.5
47900	0.5	0.45	0.45	0	0	0.5
48000	0.51	0.45	0.45	0	0	0.51
48100	0.51	0.45	0.45	0	0	0.51
48200	0.51	0.46	0.46	0	0	0.51
48300	0.51	0.46	0.46	0	0	0.51
48400	0.51	0.46	0.46	0	0	0.51
48500	0.51	0.46	0.46	0	0	0.51
48600	0.51	0.45	0.45	0	0	0.51
48700	0.51	0.45	0.45	0	0	0.51
48800	0.51	0.45	0.45	0	0	0.51
48900	0.51	0.45	0.45	0	0	0.51
49000	0.51	0.44	0.44	0	0	0.51
49100	0.51	0.44	0.44	0	0	0.51
49200	0.5	0.44	0.44	0	0	0.5
49300	0.5	0.44	0.44	0	0	0.5
49400	0.5	0.44	0.44	0	0	0.5
49500	0.5	0.44	0.44	0	0	0.5
49600	0.5	0.44	0.44	0	0	0.5
49700	0.5	0.43	0.43	0	0	0.5
49800	0.5	0.43	0.43	0	0	0.5
49900	0.49	0.43	0.43	0	0	0.49
50000	0.49	0.43	0.43	0	0	0.49
50100	0.49	0.43	0.43	0	0	0.49
50200	0.49	0.43	0.43	0	0	0.49
50300	0.49	0.43	0.43	0	0	0.49
50400	0.49	0.43	0.43	0	0	0.49
50500	0.49	0.43	0.43	0	0	0.49
50600	0.49	0.43	0.43	0	0	0.49
50700	0.49	0.43	0.43	0	0	0.49
50800	0.49	0.43	0.43	0	0	0.49
50900	0.49	0.43	0.43	0	0	0.49
51000	0.49	0.43	0.43	0	0	0.49
51100	0.49	0.43	0.43	0	0	0.49
51200	0.49	0.42	0.42	0	0	0.49
51300	0.49	0.42	0.42	0	0	0.49
51400	0.49	0.42	0.42	0	0	0.49
51500	0.48	0.42	0.42	0	0	0.48
51600	0.48	0.42	0.42	0	0	0.48
51700	0.5	0.42	0.42	0	0	0.5
51800	0.5	0.42	0.42	0	0	0.5
51900	0.5	0.42	0.42	0	0	0.5
52000	0.51	0.41	0.41	0	0	0.51
52100	0.51	0.41	0.41	0	0	0.51
52200	0.51	0.42	0.42	0	0	0.51
52300	0.51	0.42	0.42	0	0	0.51
52400	0.51	0.42	0.42	0	0	0.51
52500	0.5	0.43	0.43	0	0	0.5
52600	0.5	0.43	0.43	0	0	0.5
52700	0.5	0.44	0.44	0	0	0.5
52800	0.5	0.43	0.43	0	0	0.5
52900	0.5	0.43	0.43	0	0	0.5
53000	0.5	0.43	0.43	0	0	0.5
53100	0.5	0.43	0.43	0	0	0.5
53200	0.5	0.43	0.43	0	0	0.5
53300	0.5	0.43	0.43	0	0	0.5
53400	0.5	0.43	0.43	0	0	0.5
53500	0.5	0.43	0.43	0	0	0.5
53600	0.5	0.43	0.43	0	0	0.5
53700	0.5	0.44	0.44	0	0	0.5
53800	0.5	0.44	0.44	0	0	0.5
53900	0.5	0.44	0.44	0	0	0.5
54000	0.5	0.44	0.44	0	0	0.5
54100	0.5	0.44	0.44	0	0	0.5
54200	0.5	0.44	0.44	0	0	0.5
54300	0.51	0.44	0.44	0	0	0.51
54400	0.5	0.44	0.44	0	0	0.5
54500	0.49	0.44	0.44	0	0	0.49
54600	0.49	0.44	0.44	0	0	0.49
54700	0.49	0.44	0.44	0	0	0.49
54800	0.49	0.44	0.44	0	0	0.49
54900	0.49	0.44	0.44	0	0	0.49
55000	0.49	0.44	0.44	0	0	0.49
55100	0.49	0.44	0.44	0	0	0.49
55200	0.49	0.44	0.44	0	0	0.49
55300	0.49	0.44	0.44	0	0	0.49
55400	0.49	0.44	0.44	0	0	0.49
55500	0.49	0.44	0.44	0	0	0.49
55600	0.49	0.44	0.44	0	0	0.49
55700	0.49	0.44	0.44	0	0	0.49
55800	0.49	0.44	0.44	0	0	0.49
55900	0.48	0.44	0.44	0	0	0.48
56000	0.48	0.44	0.44	0	0	0.48
56100	0.48	0.44	0.44	0	0	0.48
56200	0.48	0.44	0.44	0	0	0.48
56300	0.48	0.45	0.45	0	0	0.48
56400	0.48	0.45	0.45	0	0	0.48
56500	0.49	0.45	0.45	0	0	0.49
56600	0.49	0.45	0.45	0	0	0.49
56700	0.5	0.45	0.45	0	0	0.5
56800	0.5	0.45	0.45	0	0	0.5
56900	0.5	0.45	0.45	0	0	0.5
57000	0.51	0.45	0.45	0	0	0.51
57100	0.5	0.45	0.45	0	0	0.5
57200	0.5	0.45	0.45	0	0	0.5
57300	0.5	0.45	0.45	0	0	0.5
57400	0.5	0.45	0.45	0	0	0.5
57500	0.5	0.45	0.45	0	0	0.5
57600	0.5	0.45	0.45	0	0	0.5
57700	0.5	0.44	0.44	0	0	0.5
57800	0.51	0.44	0.44	0	0	0.51
57900	0.51	0.44	0.44	0	0	0.51
58000	0.51	0.44	0.44	0	0	0.51
58100	0.51	0.44	0.44	0	0	0.51
58200	0.52	0.44	0.44	0	0	0.52
58300	0.52	0.44	0.44	0	0	0.52
58400	0.52	0.44	0.44	0	0	0.52
58500	0.52	0.44	0.44	0	0	0.52
58600	0.52	0.44	0.44	0	0	0.52
58700	0.51	0.44	0.44	0	0	0.51
58800	0.51	0.44	0.44	0	0	0.51
58900	0.51	0.44	0.44	0	0	0.51
59000	0.51	0.44	0.44	0	0	0.51
59100	0.51	0.44	0.44	0	0	0.51
59200	0.51	0.44	0.44	0	0	0.51
59300	0.51	0.44	0.44	0	0	0.51
59400	0.51	0.44	0.44	0	0	0.51
59500	0.51	0.44	0.44	0	0	0.51
59600	0.51	0.44	0.44	0	0	0.51
59700	0.51	0.44	0.44	0	0	0.51
59800	0.51	0.44	0.44	0	0	0.51
59900	0.51	0.44	0.44	0	0	0.51
60000	0.51	0.44	0.44	0	0	0.51
60100	0.51	0.44	0.44	0	0	0.51
60200	0.51	0.44	0.44	0	0	0.51
60300	0.51	0.44	0.44	0	0	0.51
60400	0.51	0.44	0.44	0	0	0.51
60500	0.51	0.44	0.44	0	0	0.51
60600	0.51	0.44	0.44	0	0	0.51
60700	0.51	0.44	0.44	0	0	0.51
60800	0.51	0.44	0.44	0	0	0.51
60900	0.52	0.44	0.44	0	0	0.52
61000	0.52	0.44	0.44	0	0	0.52
61100	0.52	0.44	0.44	0	0	0.52
61200	0.51	0.44	0.44	0	0	0.51
61300	0.51	0.44	0.44	0	0	0.51
61400	0.51	0.44	0.44	0	0	0.51
61500	0.52	0.44	0.44	0	0	0.52
61600	0.52	0.44	0.44	0	0	0.52
61700	0.52	0.44	0.44	0	0	0.52
61800	0.52	0.44	0.44	0	0	0.52
61900	0.51	0.44	0.44	0	0	0.51
62000	0.51	0.44	0.44	0	0	0.51
62100	0.51	0.44	0.44	0	0	0.51
62200	0.51	0.44	0.44	0	0	0.51
62300	0.51	0.44	0.44	0	0	0.51
62400	0.51	0.44	0.44	0	0	0.51
62500	0.52	0.44	0.44	0	0	0.52
62600	0.52	0.44	0.44	0	0	0.52
62700	0.52	0.44	0.44	0	0	0.52
62800	0.52	0.44	0.44	0	0	0.52
62900	0.52	0.44	0.44	0	0	0.52
63000	0.52	0.44	0.44	0	0	0.52
63100	0.52	0.44	0.44	0	0	0.52
63200	0.52	0.43	0.43	0	0	0.52
63300	0.52	0.43	0.43	0	0	0.52
63400	0.53	0.43	0.43	0	0	0.53
63500	0.52	0.43	0.43	0	0	0.52
63600	0.52	0.43	0.43	0	0	0.52
63700	0.52	0.43	0.43	0	0	0.52
63800	0.52	0.43	0.43	0	0	0.52
63900	0.52	0.43	0.43	0	0	0.52
64000	0.52	0.43	0.43	0	0	0.52
64100	0.52	0.43	0.43	0	0	0.52
64200	0.52	0.43	0.43	0	0	0.52
64300	0.52	0.43	0.43	0	0	0.52
64400	0.52	0.43	0.43	0	0	0.52
64500	0.52	0.43	0.43	0	0	0.52
64600	0.52	0.43	0.43	0	0	0.52
64700	0.52	0.43	0.43	0	0	0.52
64800	0.52	0.42	0.42	0	0	0.52
64900	0.52	0.42	0.42	0	0	0.52
65000	0.52	0.42	0.42	0	0	0.52
65100	0.52	0.42	0.42	0	0	0.52
65200	0.52	0.42	0.42	0	0	0.52
65300	0.52	0.42	0.42	0	0	0.52
65400	0.52	0.42	0.42	0	0	0.52
65500	0.53	0.42	0.42	0	0	0.53
65600	0.53	0.42	0.42	0	0	0.53
65700	0.53	0.42	0.42	0	0	0.53
65800	0.53	0.42	0.42	0	0	0.53
65900	0.53	0.42	0.42	0	0	0.53
66000	0.53	0.42	0.42	0	0	0.53
66100	0.53	0.42	0.42	0	0	0.53
66200	0.53	0.43	0.43	0	0	0.53
66300	0.52	0.42	0.42	0	0	0.52
66400	0.52	0.42	0.42	0	0	0.52
66500	0.52	0.42	0.42	0	0	0.52
66600	0.52	0.42	0.42	0	0	0.52
66700	0.52	0.43	0.43	0	0	0.52
66800	0.52	0.43	0.43	0	0	0.52
66900	0.52	0.43	0.43	0	0	0.52
67000	0.52	0.43	0.43	0	0	0.52
67100	0.52	0.43	0.43	0	0	0.52
67200	0.52	0.43	0.43	0	0	0.52
67300	0.52	0.42	0.42	0	0	0.52
67400	0.52	0.42	0.42	0	0	0.52
67500	0.52	0.42	0.42	0	0	0.52
67600	0.51	0.42	0.42	0	0	0.51
67700	0.51	0.42	0.42	0	0	0.51
67800	0.52	0.42	0.42	0	0	0.52
67900	0.52	0.42	0.42	0	0	0.52
68000	0.52	0.42	0.42	0	0	0.52
68100	0.52	0.42	0.42	0	0	0.52
68200	0.52	0.42	0.42	0	0	0.52
68300	0.52	0.42	0.42	0	0	0.52
68400	0.52	0.42	0.42	0	0	0.52
68500	0.52	0.42	0.42	0	0	0.52
68600	0.53	0.42	0.42	0	0	0.53
68700	0.54	0.42	0.42	0	0	0.54
68800	0.54	0.42	0.42	0	0	0.54
68900	0.54	0.42	0.42	0	0	0.54
69000	0.54	0.43	0.43	0	0	0.54
69100	0.54	0.43	0.43	0	0	0.54
69200	0.54	0.43	0.43	0	0	0.54
69300	0.54	0.43	0.43	0	0	0.54
69400	0.54	0.43	0.43	0	0	0.54
69500	0.54	0.43	0.43	0	0	0.54
69600	0.54	0.43	0.43	0	0	0.54
69700	0.54	0.43	0.43	0	0	0.54
69800	0.54	0.43	0.43	0	0	0.54
69900	0.54	0.43	0.43	0	0	0.54
70000	0.54	0.43	0.43	0	0	0.54
70100	0.54	0.43	0.43	0	0	0.54
70200	0.54	0.43	0.43	0	0	0.54
70300	0.54	0.43	0.43	0	0	0.54
70400	0.54	0.43	0.43	0	0	0.54
70500	0.54	0.43	0.43	0	0	0.54
70600	0.54	0.43	0.43	0	0	0.54
70700	0.54	0.43	0.43	0	0	0.54
70800	0.54	0.43	0.43	0	0	0.54
70900	0.54	0.43	0.43	0	0	0.54
71000	0.54	0.43	0.43	0	0	0.54
71100	0.54	0.43	0.43	0	0	0.54
71200	0.54	0.43	0.43	0	0	0.54
71300	0.55	0.43	0.43	0	0	0.55
71400	0.56	0.43	0.43	0	0	0.56
71500	0.56	0.42	0.42	0	0	0.56
71600	0.56	0.42	0.42	0	0	0.56
71700	0.56	0.42	0.42	0	0	0.56
71800	0.56	0.42	0.42	0	0	0.56
71900	0.55	0.42	0.42	0	0	0.55
72000	0.54	0.42	0.42	0	0	0.54
72100	0.54	0.42	0.42	0	0	0.54
72200	0.54	0.42	0.42	0	0	0.54
72300	0.54	0.42	0.42	0	0	0.54
72400	0.54	0.41	0.41	0	0	0.54
72500	0.54	0.41	0.41	0	0	0.54
72600	0.54	0.41	0.41	0	0	0.54
72700	0.54	0.41	0.41	0	0	0.54
72800	0.54	0.41	0.41	0	0	0.54
72900	0.54	0.41	0.41	0	0	0.54
73000	0.54	0.41	0.41	0	0	0.54
73100	0.54	0.41	0.41	0	0	0.54
73200	0.54	0.41	0.41	0	0	0.54
73300	0.54	0.41	0.41	0	0	0.54
73400	0.54	0.41	0.41	0	0	0.54
73500	0.54	0.41	0.41	0	0	0.54
73600	0.54	0.41	0.41	0	0	0.54
73700	0.54	0.41	0.41	0	0	0.54
73800	0.54	0.41	0.41	0	0	0.54
73900	0.54	0.41	0.41	0	0	0.54
74000	0.54	0.41	0.41	0	0	0.54
74100	0.54	0.41	0.41	0	0	0.54
74200	0.54	0.41	0.41	0	0	0.54
74300	0.54	0.41	0.41	0	0	0.54
74400	0.54	0.41	0.41	0	0	0.54
74500	0.54	0.42	0.42	0	0	0.54
74600	0.54	0.42	0.42	0	0	0.54
74700	0.54	0.42	0.42	0	0	0.54
74800	0.54	0.42	0.42	0	0	0.54
74900	0.54	0.42	0.42	0	0	0.54
75000	0.54	0.42	0.42	0	0	0.54
75100	0.54	0.42	0.42	0	0	0.54
75200	0.54	0.42	0.42	0	0	0.54
75300	0.54	0.42	0.42	0	0	0.54
75400	0.54	0.42	0.42	0	0	0.54
75500	0.54	0.42	0.42	0	0	0.54
75600	0.54	0.42	0.42	0	0	0.54
75700	0.54	0.42	0.42	0	0	0.54
75800	0.54	0.43	0.43	0	0	0.54
75900	0.54	0.43	0.43	0	0	0.54
76000	0.54	0.42	0.42	0	0	0.54
76100	0.54	0.42	0.42	0	0	0.54
76200	0.53	0.42	0.42	0	0	0.53
76300	0.53	0.42	0.42	0	0	0.53
76400	0.53	0.42	0.42	0	0	0.53
76500	0.53	0.42	0.42	0	0	0.53
76600	0.51	0.42	0.42	0	0	0.51
76700	0.51	0.42	0.42	0	0	0.51
76800	0.51	0.42	0.42	0	0	0.51
76900	0.52	0.42	0.42	0	0	0.52
77000	0.52	0.42	0.42	0	0	0.52
77100	0.52	0.42	0.42	0	0	0.52
77200	0.52	0.42	0.42	0	0	0.52
77300	0.52	0.42	0.42	0	0	0.52
77400	0.51	0.42	0.42	0	0	0.51
77500	0.51	0.42	0.42	0	0	0.51
77600	0.51	0.42	0.42	0	0	0.51
77700	0.51	0.42	0.42	0	0	0.51
77800	0.51	0.42	0.42	0	0	0.51
77900	0.51	0.42	0.42	0	0	0.51
78000	0.51	0.42	0.42	0	0	0.51
78100	0.51	0.42	0.42	0	0	0.51
78200	0.51	0.42	0.42	0	0	0.51
78300	0.51	0.42	0.42	0	0	0.51
78400	0.5	0.42	0.42	0	0	0.5
78500	0.5	0.41	0.41	0	0	0.5
78600	0.5	0.41	0.41	0	0	0.5
78700	0.5	0.41	0.41	0	0	0.5
78800	0.5	0.41	0.41	0	0	0.5
78900	0.5	0.41	0.41	0	0	0.5
79000	0.5	0.41	0.41	0	0	0.5
79100	0.5	0.41	0.41	0	0	0.5
79200	0.5	0.41	0.41	0	0	0.5
79300	0.5	0.41	0.41	0	0	0.5
79400	0.5	0.42	0.42	0	0	0.5
79500	0.5	0.41	0.41	0	0	0.5
79600	0.5	0.42	0.42	0	0	0.5
79700	0.5	0.42	0.42	0	0	0.5
79800	0.5	0.42	0.42	0	0	0.5
79900	0.5	0.42	0.42	0	0	0.5
80000	0.5	0.42	0.42	0	0	0.5
80100	0.5	0.42	0.42	0	0	0.5
80200	0.5	0.42	0.42	0	0	0.5
80300	0.5	0.42	0.42	0	0	0.5
80400	0.51	0.42	0.42	0	0	0.51
80500	0.51	0.42	0.42	0	0	0.51
80600	0.51	0.42	0.42	0	0	0.51
80700	0.51	0.43	0.43	0	0	0.51
80800	0.51	0.43	0.43	0	0	0.51
80900	0.51	0.43	0.43	0	0	0.51
81000	0.51	0.43	0.43	0	0	0.51
81100	0.51	0.43	0.43	0	0	0.51
81200	0.51	0.43	0.43	0	0	0.51
81300	0.51	0.43	0.43	0	0	0.51
81400	0.51	0.43	0.43	0	0	0.51
81500	0.51	0.43	0.43	0	0	0.51
81600	0.52	0.43	0.43	0	0	0.52
81700	0.52	0.44	0.44	0	0	0.52
81800	0.52	0.44	0.44	0	0	0.52
81900	0.52	0.44	0.44	0	0	0.52
82000	0.52	0.44	0.44	0	0	0.52
82100	0.52	0.44	0.44	0	0	0.52
82200	0.52	0.44	0.44	0	0	0.52
82300	0.52	0.44	0.44	0	0	0.52
82400	0.52	0.44	0.44	0	0	0.52
82500	0.52	0.44	0.44	0	0	0.52
82600	0.5	0.44	0.44	0	0	0.5
82700	0.5	0.44	0.44	0	0	0.5
82800	0.5	0.43	0.43	0	0	0.5
82900	0.5	0.43	0.43	0	0	0.5
83000	0.5	0.43	0.43	0	0	0.5
83100	0.5	0.43	0.43	0	0	0.5
83200	0.5	0.43	0.43	0	0	0.5
83300	0.5	0.43	0.43	0	0	0.5
83400	0.51	0.43	0.43	0	0	0.51
83500	0.51	0.43	0.43	0	0	0.51
83600	0.51	0.43	0.43	0	0	0.51
83700	0.51	0.43	0.43	0	0	0.51
83800	0.51	0.43	0.43	0	0	0.51
83900	0.51	0.43	0.43	0	0	0.51
84000	0.51	0.43	0.43	0	0	0.51
84100	0.51	0.43	0.43	0	0	0.51
84200	0.51	0.43	0.43	0	0	0.51
84300	0.51	0.43	0.43	0	0	0.51
84400	0.51	0.43	0.43	0	0	0.51
84500	0.51	0.43	0.43	0	0	0.51
84600	0.52	0.43	0.43	0	0	0.52
84700	0.52	0.43	0.43	0	0	0.52
84800	0.53	0.43	0.43	0	0	0.53
84900	0.53	0.43	0.43	0	0	0.53
85000	0.53	0.43	0.43	0	0	0.53
85100	0.53	0.43	0.43	0	0	0.53
85200	0.53	0.43	0.43	0	0	0.53
85300	0.53	0.43	0.43	0	0	0.53
85400	0.53	0.43	0.43	0	0	0.53
85500	0.53	0.43	0.43	0	0	0.53
85600	0.53	0.43	0.43	0	0	0.53
85700	0.53	0.43	0.43	0	0	0.53
85800	0.53	0.44	0.44	0	0	0.53
85900	0.53	0.44	0.44	0	0	0.53
86000	0.53	0.44	0.44	0	0	0.53
86100	0.53	0.44	0.44	0	0	0.53
86200	0.53	0.44	0.44	0	0	0.53
86300	0.53	0.44	0.44	0	0	0.53
86400	0.53	0.44	0.44	0	0	0.53
86500	0.53	0.44	0.44	0	0	0.53
86600	0.54	0.44	0.44	0	0	0.54
86700	0.54	0.44	0.44	0	0	0.54
86800	0.54	0.44	0.44	0	0	0.54
86900	0.54	0.44	0.44	0	0	0.54
87000	0.54	0.44	0.44	0	0	0.54
87100	0.54	0.44	0.44	0	0	0.54
87200	0.54	0.44	0.44	0	0	0.54
87300	0.54	0.44	0.44	0	0	0.54
87400	0.54	0.44	0.44	0	0	0.54
87500	0.54	0.44	0.44	0	0	0.54
87600	0.54	0.44	0.44	0	0	0.54
87700	0.54	0.44	0.44	0	0	0.54
87800	0.53	0.44	0.44	0	0	0.53
87900	0.53	0.44	0.44	0	0	0.53
88000	0.53	0.44	0.44	0	0	0.53
88100	0.53	0.44	0.44	0	0	0.53
88200	0.53	0.44	0.44	0	0	0.53
88300	0.53	0.44	0.44	0	0	0.53
88400	0.53	0.44	0.44	0	0	0.53
88500	0.53	0.44	0.44	0	0	0.53
88600	0.53	0.44	0.44	0	0	0.53
88700	0.53	0.44	0.44	0	0	0.53
88800	0.51	0.44	0.44	0	0	0.51
88900	0.51	0.44	0.44	0	0	0.51
89000	0.51	0.44	0.44	0	0	0.51
89100	0.51	0.44	0.44	0	0	0.51
89200	0.51	0.44	0.44	0	0	0.51
89300	0.51	0.44	0.44	0	0	0.51
89400	0.51	0.44	0.44	0	0	0.51
89500	0.51	0.44	0.44	0	0	0.51
89600	0.51	0.44	0.44	0	0	0.51
89700	0.51	0.43	0.43	0	0	0.51
89800	0.51	0.43	0.43	0	0	0.51
89900	0.51	0.44	0.44	0	0	0.51
90000	0.5	0.44	0.44	0	0	0.5
90100	0.5	0.44	0.44	0	0	0.5
90200	0.5	0.44	0.44	0	0	0.5
90300	0.5	0.44	0.44	0	0	0.5
90400	0.5	0.44	0.44	0	0	0.5
90500	0.5	0.44	0.44	0	0	0.5
90600	0.5	0.44	0.44	0	0	0.5
90700	0.5	0.44	0.44	0	0	0.5
90800	0.5	0.44	0.44	0	0	0.5
90900	0.5	0.44	0.44	0	0	0.5
91000	0.5	0.45	0.45	0	0	0.5
91100	0.5	0.45	0.45	0	0	0.5
91200	0.5	0.45	0.45	0	0	0.5
91300	0.5	0.45	0.45	0	0	0.5
91400	0.5	0.45	0.45	0	0	0.5
91500	0.5	0.45	0.45	0	0	0.5
91600	0.5	0.45	0.45	0	0	0.5
91700	0.5	0.45	0.45	0	0	0.5
91800	0.5	0.45	0.45	0	0	0.5
91900	0.5	0.45	0.45	0	0	0.5
92000	0.5	0.45	0.45	0	0	0.5
92100	0.51	0.45	0.45	0	0	0.51
92200	0.51	0.45	0.45	0	0	0.51
92300	0.51	0.45	0.45	0	0	0.51
92400	0.51	0.44	0.44	0	0	0.51
92500	0.51	0.44	0.44	0	0	0.51
92600	0.5	0.44	0.44	0	0	0.5
92700	0.5	0.44	0.44	0	0	0.5
92800	0.5	0.45	0.45	0	0	0.5
92900	0.5	0.45	0.45	0	0	0.5
93000	0.5	0.45	0.45	0	0	0.5
93100	0.49	0.45	0.45	0	0	0.49
93200	0.49	0.45	0.45	0	0	0.49
93300	0.49	0.46	0.46	0	0	0.49
93400	0.5	0.47	0.47	0	0	0.5
93500	0.5	0.47	0.47	0	0	0.5
93600	0.5	0.47	0.47	0	0	0.5
93700	0.5	0.47	0.47	0	0	0.5
93800	0.5	0.47	0.47	0	0	0.5
93900	0.5	0.47	0.47	0	0	0.5
94000	0.5	0.47	0.47	0	0	0.5
94100	0.5	0.47	0.47	0	0	0.5
94200	0.5	0.47	0.47	0	0	0.5
94300	0.5	0.47	0.47	0	0	0.5
94400	0.5	0.47	0.47	0	0	0.5
94500	0.5	0.47	0.47	0	0	0.5
94600	0.5	0.47	0.47	0	0	0.5
94700	0.5	0.47	0.47	0	0	0.5
94800	0.5	0.47	0.47	0	0	0.5
94900	0.5	0.47	0.47	0	0	0.5
95000	0.5	0.47	0.47	0	0	0.5
95100	0.5	0.47	0.47	0	0	0.5
95200	0.5	0.47	0.47	0	0	0.5
95300	0.5	0.47	0.47	0	0	0.5
95400	0.5	0.47	0.47	0	0	0.5
95500	0.5	0.47	0.47	0	0	0.5
95600	0.5	0.47	0.47	0	0	0.5
95700	0.5	0.47	0.47	0	0	0.5
95800	0.5	0.47	0.47	0	0	0.5
95900	0.5	0.47	0.47	0	0	0.5
96000	0.5	0.47	0.47	0	0	0.5
96100	0.5	0.47	0.47	0	0	0.5
96200	0.5	0.47	0.47	0	0	0.5
96300	0.5	0.47	0.47	0	0	0.5
96400	0.5	0.47	0.47	0	0	0.5
96500	0.5	0.45	0.45	0	0	0.5
96600	0.5	0.45	0.45	0	0	0.5
96700	0.5	0.45	0.45	0	0	0.5
96800	0.5	0.45	0.45	0	0	0.5
96900	0.5	0.45	0.45	0	0	0.5
97000	0.5	0.45	0.45	0	0	0.5
97100	0.5	0.45	0.45	0	0	0.5
97200	0.5	0.45	0.45	0	0	0.5
97300	0.5	0.45	0.45	0	0	0.5
97400	0.5	0.46	0.46	0	0	0.5
97500	0.5	0.45	0.45	0	0	0.5
97600	0.5	0.45	0.45	0	0	0.5
97700	0.5	0.45	0.45	0	0	0.5
97800	0.5	0.45	0.45	0	0	0.5
97900	0.5	0.45	0.45	0	0	0.5
98000	0.5	0.45	0.45	0	0	0.5
98100	0.5	0.45	0.45	0	0	0.5
98200	0.5	0.45	0.45	0	0	0.5
98300	0.5	0.45	0.45	0	0	0.5
98400	0.5	0.45	0.45	0	0	0.5
98500	0.5	0.45	0.45	0	0	0.5
98600	0.5	0.46	0.46	0	0	0.5
98700	0.5	0.46	0.46	0	0	0.5
98800	0.5	0.46	0.46	0	0	0.5
98900	0.5	0.46	0.46	0	0	0.5
99000	0.5	0.46	0.46	0	0	0.5
99100	0.5	0.46	0.46	0	0	0.5
99200	0.5	0.46	0.46	0	0	0.5
99300	0.5	0.46	0.46	0	0	0.5
99400	0.5	0.46	0.46	0	0	0.5
99500	0.5	0.46	0.46	0	0	0.5
99600	0.5	0.46	0.46	0	0	0.5
99700	0.5	0.46	0.46	0	0	0.5
99800	0.5	0.46	0.46	0	0	0.5
99900	0.5	0.46	0.46	0	0	0.5
100000	0.5	0.46	0.46	0	0	0.5
