100	0.06	0.1	0.1	0	0	0.06
200	0.06	0.09	0.09	0	0	0.06
300	0.1	0.13	0.13	0	0	0.1
400	0.11	0.14	0.14	0	0	0.11
500	0.12	0.15	0.15	0	0	0.12
600	0.12	0.16	0.16	0	0	0.12
700	0.14	0.18	0.18	0	0	0.14
800	0.14	0.19	0.19	0	0	0.14
900	0.15	0.2	0.2	0	0	0.15
1000	0.16	0.21	0.21	0	0	0.16
1100	0.16	0.21	0.21	0	0	0.16
1200	0.17	0.21	0.21	0	0	0.17
1300	0.18	0.21	0.21	0	0	0.18
1400	0.18	0.26	0.26	0	0	0.18
1500	0.18	0.26	0.26	0	0	0.18
1600	0.19	0.26	0.26	0	0	0.19
1700	0.22	0.28	0.28	0	0	0.22
1800	0.22	0.3	0.3	0	0	0.22
1900	0.22	0.31	0.31	0	0	0.22
2000	0.22	0.32	0.32	0	0	0.22
2100	0.22	0.31	0.31	0	0	0.22
2200	0.24	0.31	0.31	0	0	0.24
2300	0.23	0.31	0.31	0	0	0.23
2400	0.23	0.3	0.3	0	0	0.23
2500	0.23	0.3	0.3	0	0	0.23
2600	0.24	0.3	0.3	0	0	0.24
2700	0.24	0.32	0.32	0	0	0.24
2800	0.25	0.33	0.33	0	0	0.25
2900	0.27	0.34	0.34	0	0	0.27
3000	0.27	0.34	0.34	0	0	0.27
3100	0.27	0.35	0.35	0	0	0.27
3200	0.27	0.35	0.35	0	0	0.27
3300	0.27	0.35	0.35	0	0	0.27
3400	0.26	0.34	0.34	0	0	0.26
3500	0.26	0.35	0.35	0	0	0.26
3600	0.27	0.34	0.34	0	0	0.27
3700	0.27	0.34	0.34	0	0	0.27
3800	0.28	0.34	0.34	0	0	0.28
3900	0.28	0.34	0.34	0	0	0.28
4000	0.29	0.34	0.34	0	0	0.29
4100	0.29	0.33	0.33	0	0	0.29
4200	0.29	0.36	0.36	0	0	0.29
4300	0.28	0.36	0.36	0	0	0.28
4400	0.28	0.37	0.37	0	0	0.28
4500	0.28	0.36	0.36	0	0	0.28
4600	0.29	0.36	0.36	0	0	0.29
4700	0.3	0.36	0.36	0	0	0.3
4800	0.31	0.36	0.36	0	0	0.31
4900	0.31	0.36	0.36	0	0	0.31
5000	0.31	0.38	0.38	0	0	0.31
5100	0.31	0.39	0.39	0	0	0.31
5200	0.34	0.39	0.39	0	0	0.34
5300	0.34	0.39	0.39	0	0	0.34
5400	0.34	0.39	0.39	0	0	0.34
5500	0.35	0.39	0.39	0	0	0.35
5600	0.34	0.39	0.39	0	0	0.34
5700	0.35	0.39	0.39	0	0	0.35
5800	0.35	0.39	0.39	0	0	0.35
5900	0.35	0.39	0.39	0	0	0.35
6000	0.35	0.39	0.39	0	0	0.35
6100	0.35	0.4	0.4	0	0	0.35
6200	0.34	0.4	0.4	0	0	0.34
6300	0.36	0.39	0.39	0	0	0.36
6400	0.36	0.39	0.39	0	0	0.36
6500	0.36	0.39	0.39	0	0	0.36
6600	0.36	0.4	0.4	0	0	0.36
6700	0.36	0.39	0.39	0	0	0.36
6800	0.36	0.39	0.39	0	0	0.36
6900	0.36	0.39	0.39	0	0	0.36
7000	0.35	0.39	0.39	0	0	0.35
7100	0.36	0.39	0.39	0	0	0.36
7200	0.36	0.39	0.39	0	0	0.36
7300	0.37	0.39	0.39	0	0	0.37
7400	0.36	0.4	0.4	0	0	0.36
7500	0.36	0.4	0.4	0	0	0.36
7600	0.35	0.41	0.41	0	0	0.35
7700	0.35	0.41	0.41	0	0	0.35
7800	0.35	0.4	0.4	0	0	0.35
7900	0.37	0.39	0.39	0	0	0.37
8000	0.37	0.39	0.39	0	0	0.37
8100	0.37	0.39	0.39	0	0	0.37
8200	0.37	0.39	0.39	0	0	0.37
8300	0.38	0.39	0.39	0	0	0.38
8400	0.38	0.39	0.39	0	0	0.38
8500	0.38	0.4	0.4	0	0	0.38
8600	0.38	0.42	0.42	0	0	0.38
8700	0.39	0.42	0.42	0	0	0.39
8800	0.39	0.41	0.41	0	0	0.39
8900	0.39	0.41	0.41	0	0	0.39
9000	0.38	0.42	0.42	0	0	0.38
9100	0.38	0.42	0.42	0	0	0.38
9200	0.38	0.44	0.44	0	0	0.38
9300	0.38	0.43	0.43	0	0	0.38
9400	0.38	0.43	0.43	0	0	0.38
9500	0.38	0.43	0.43	0	0	0.38
9600	0.38	0.43	0.43	0	0	0.38
9700	0.38	0.43	0.43	0	0	0.38
9800	0.38	0.43	0.43	0	0	0.38
9900	0.38	0.43	0.43	0	0	0.38
10000	0.38	0.43	0.43	0	0	0.38
10100	0.38	0.43	0.43	0	0	0.38
10200	0.38	0.42	0.42	0	0	0.38
10300	0.38	0.42	0.42	0	0	0.38
10400	0.39	0.41	0.41	0	0	0.39
10500	0.39	0.41	0.41	0	0	0.39
10600	0.38	0.41	0.41	0	0	0.38
10700	0.39	0.41	0.41	0	0	0.39
10800	0.39	0.41	0.41	0	0	0.39
10900	0.39	0.4	0.4	0	0	0.39
11000	0.39	0.4	0.4	0	0	0.39
11100	0.4	0.4	0.4	0	0	0.4
11200	0.4	0.4	0.4	0	0	0.4
11300	0.4	0.39	0.39	0	0	0.4
11400	0.4	0.39	0.39	0	0	0.4
11500	0.4	0.39	0.39	0	0	0.4
11600	0.4	0.39	0.39	0	0	0.4
11700	0.39	0.39	0.39	0	0	0.39
11800	0.39	0.39	0.39	0	0	0.39
11900	0.4	0.4	0.4	0	0	0.4
12000	0.4	0.41	0.41	0	0	0.4
12100	0.4	0.41	0.41	0	0	0.4
12200	0.4	0.41	0.41	0	0	0.4
12300	0.4	0.41	0.41	0	0	0.4
12400	0.4	0.41	0.41	0	0	0.4
12500	0.4	0.42	0.42	0	0	0.4
12600	0.4	0.42	0.42	0	0	0.4
12700	0.4	0.42	0.42	0	0	0.4
12800	0.4	0.42	0.42	0	0	0.4
12900	0.41	0.42	0.42	0	0	0.41
13000	0.41	0.42	0.42	0	0	0.41
13100	0.42	0.42	0.42	0	0	0.42
13200	0.41	0.42	0.42	0	0	0.41
13300	0.41	0.42	0.42	0	0	0.41
13400	0.41	0.43	0.43	0	0	0.41
13500	0.41	0.43	0.43	0	0	0.41
13600	0.41	0.43	0.43	0	0	0.41
13700	0.41	0.43	0.43	0	0	0.41
13800	0.4	0.43	0.43	0	0	0.4
13900	0.4	0.43	0.43	0	0	0.4
14000	0.39	0.43	0.43	0	0	0.39
14100	0.39	0.43	0.43	0	0	0.39
14200	0.39	0.44	0.44	0	0	0.39
14300	0.38	0.44	0.44	0	0	0.38
14400	0.38	0.44	0.44	0	0	0.38
14500	0.38	0.44	0.44	0	0	0.38
14600	0.38	0.44	0.44	0	0	0.38
14700	0.38	0.43	0.43	0	0	0.38
14800	0.38	0.43	0.43	0	0	0.38
14900	0.38	0.43	0.43	0	0	0.38
15000	0.38	0.44	0.44	0	0	0.38
15100	0.39	0.43	0.43	0	0	0.39
15200	0.39	0.42	0.42	0	0	0.39
15300	0.39	0.42	0.42	0	0	0.39
15400	0.39	0.42	0.42	0	0	0.39
15500	0.39	0.42	0.42	0	0	0.39
15600	0.39	0.42	0.42	0	0	0.39
15700	0.39	0.42	0.42	0	0	0.39
15800	0.39	0.42	0.42	0	0	0.39
15900	0.39	0.42	0.42	0	0	0.39
16000	0.4	0.42	0.42	0	0	0.4
16100	0.4	0.42	0.42	0	0	0.4
16200	0.4	0.42	0.42	0	0	0.4
16300	0.4	0.43	0.43	0	0	0.4
16400	0.4	0.43	0.43	0	0	0.4
16500	0.4	0.42	0.42	0	0	0.4
16600	0.4	0.42	0.42	0	0	0.4
16700	0.4	0.43	0.43	0	0	0.4
16800	0.4	0.43	0.43	0	0	0.4
16900	0.4	0.43	0.43	0	0	0.4
17000	0.4	0.43	0.43	0	0	0.4
17100	0.4	0.43	0.43	0	0	0.4
17200	0.41	0.43	0.43	0	0	0.41
17300	0.41	0.43	0.43	0	0	0.41
17400	0.41	0.43	0.43	0	0	0.41
17500	0.41	0.43	0.43	0	0	0.41
17600	0.41	0.43	0.43	0	0	0.41
17700	0.41	0.43	0.43	0	0	0.41
17800	0.4	0.43	0.43	0	0	0.4
17900	0.4	0.43	0.43	0	0	0.4
18000	0.4	0.43	0.43	0	0	0.4
18100	0.4	0.43	0.43	0	0	0.4
18200	0.41	0.43	0.43	0	0	0.41
18300	0.41	0.43	0.43	0	0	0.41
18400	0.41	0.43	0.43	0	0	0.41
18500	0.41	0.43	0.43	0	0	0.41
18600	0.41	0.43	0.43	0	0	0.41
18700	0.41	0.44	0.44	0	0	0.41
18800	0.42	0.44	0.44	0	0	0.42
18900	0.42	0.44	0.44	0	0	0.42
19000	0.41	0.44	0.44	0	0	0.41
19100	0.42	0.43	0.43	0	0	0.42
19200	0.42	0.43	0.43	0	0	0.42
19300	0.42	0.43	0.43	0	0	0.42
19400	0.42	0.43	0.43	0	0	0.42
19500	0.41	0.43	0.43	0	0	0.41
19600	0.42	0.43	0.43	0	0	0.42
19700	0.42	0.44	0.44	0	0	0.42
19800	0.43	0.43	0.43	0	0	0.43
19900	0.43	0.44	0.44	0	0	0.43
20000	0.43	0.44	0.44	0	0	0.43
20100	0.43	0.44	0.44	0	0	0.43
20200	0.43	0.44	0.44	0	0	0.43
20300	0.43	0.44	0.44	0	0	0.43
20400	0.43	0.43	0.43	0	0	0.43
20500	0.43	0.43	0.43	0	0	0.43
20600	0.43	0.43	0.43	0	0	0.43
20700	0.43	0.43	0.43	0	0	0.43
20800	0.43	0.43	0.43	0	0	0.43
20900	0.43	0.43	0.43	0	0	0.43
21000	0.43	0.43	0.43	0	0	0.43
21100	0.43	0.43	0.43	0	0	0.43
21200	0.43	0.43	0.43	0	0	0.43
21300	0.43	0.43	0.43	0	0	0.43
21400	0.42	0.43	0.43	0	0	0.42
21500	0.42	0.43	0.43	0	0	0.42
21600	0.42	0.43	0.43	0	0	0.42
21700	0.42	0.43	0.43	0	0	0.42
21800	0.42	0.43	0.43	0	0	0.42
21900	0.42	0.43	0.43	0	0	0.42
22000	0.42	0.43	0.43	0	0	0.42
22100	0.42	0.43	0.43	0	0	0.42
22200	0.42	0.43	0.43	0	0	0.42
22300	0.42	0.43	0.43	0	0	0.42
22400	0.42	0.43	0.43	0	0	0.42
22500	0.41	0.43	0.43	0	0	0.41
22600	0.42	0.43	0.43	0	0	0.42
22700	0.42	0.43	0.43	0	0	0.42
22800	0.42	0.43	0.43	0	0	0.42
22900	0.42	0.43	0.43	0	0	0.42
23000	0.42	0.43	0.43	0	0	0.42
23100	0.42	0.43	0.43	0	0	0.42
23200	0.42	0.43	0.43	0	0	0.42
23300	0.42	0.44	0.44	0	0	0.42
23400	0.41	0.43	0.43	0	0	0.41
23500	0.41	0.43	0.43	0	0	0.41
23600	0.41	0.43	0.43	0	0	0.41
23700	0.41	0.43	0.43	0	0	0.41
23800	0.41	0.43	0.43	0	0	0.41
23900	0.4	0.43	0.43	0	0	0.4
24000	0.4	0.43	0.43	0	0	0.4
24100	0.4	0.43	0.43	0	0	0.4
24200	0.4	0.44	0.44	0	0	0.4
24300	0.4	0.44	0.44	0	0	0.4
24400	0.4	0.45	0.45	0	0	0.4
24500	0.4	0.45	0.45	0	0	0.4
24600	0.4	0.45	0.45	0	0	0.4
24700	0.4	0.46	0.46	0	0	0.4
24800	0.4	0.46	0.46	0	0	0.4
24900	0.4	0.45	0.45	0	0	0.4
25000	0.4	0.45	0.45	0	0	0.4
25100	0.4	0.45	0.45	0	0	0.4
25200	0.39	0.45	0.45	0	0	0.39
25300	0.39	0.45	0.45	0	0	0.39
25400	0.39	0.45	0.45	0	0	0.39
25500	0.39	0.45	0.45	0	0	0.39
25600	0.39	0.45	0.45	0	0	0.39
25700	0.39	0.45	0.45	0	0	0.39
25800	0.39	0.45	0.45	0	0	0.39
25900	0.39	0.44	0.44	0	0	0.39
26000	0.38	0.42	0.42	0	0	0.38
26100	0.38	0.42	0.42	0	0	0.38
26200	0.38	0.42	0.42	0	0	0.38
26300	0.37	0.42	0.42	0	0	0.37
26400	0.37	0.42	0.42	0	0	0.37
26500	0.38	0.41	0.41	0	0	0.38
26600	0.38	0.41	0.41	0	0	0.38
26700	0.37	0.41	0.41	0	0	0.37
26800	0.37	0.41	0.41	0	0	0.37
26900	0.38	0.41	0.41	0	0	0.38
27000	0.38	0.41	0.41	0	0	0.38
27100	0.38	0.41	0.41	0	0	0.38
27200	0.38	0.41	0.41	0	0	0.38
27300	0.38	0.4	0.4	0	0	0.38
27400	0.39	0.4	0.4	0	0	0.39
27500	0.4	0.4	0.4	0	0	0.4
27600	0.4	0.41	0.41	0	0	0.4
27700	0.41	0.41	0.41	0	0	0.41
27800	0.42	0.41	0.41	0	0	0.42
27900	0.42	0.41	0.41	0	0	0.42
28000	0.42	0.41	0.41	0	0	0.42
28100	0.42	0.41	0.41	0	0	0.42
28200	0.42	0.41	0.41	0	0	0.42
28300	0.41	0.41	0.41	0	0	0.41
28400	0.41	0.41	0.41	0	0	0.41
28500	0.41	0.41	0.41	0	0	0.41
28600	0.41	0.41	0.41	0	0	0.41
28700	0.41	0.42	0.42	0	0	0.41
28800	0.41	0.42	0.42	0	0	0.41
28900	0.41	0.42	0.42	0	0	0.41
29000	0.41	0.42	0.42	0	0	0.41
29100	0.41	0.41	0.41	0	0	0.41
29200	0.41	0.42	0.42	0	0	0.41
29300	0.41	0.42	0.42	0	0	0.41
29400	0.4	0.43	0.43	0	0	0.4
29500	0.4	0.43	0.43	0	0	0.4
29600	0.4	0.43	0.43	0	0	0.4
29700	0.39	0.43	0.43	0	0	0.39
29800	0.39	0.43	0.43	0	0	0.39
29900	0.39	0.43	0.43	0	0	0.39
30000	0.39	0.43	0.43	0	0	0.39
30100	0.4	0.43	0.43	0	0	0.4
30200	0.38	0.43	0.43	0	0	0.38
30300	0.38	0.43	0.43	0	0	0.38
30400	0.38	0.43	0.43	0	0	0.38
30500	0.38	0.43	0.43	0	0	0.38
30600	0.38	0.43	0.43	0	0	0.38
30700	0.37	0.43	0.43	0	0	0.37
30800	0.37	0.43	0.43	0	0	0.37
30900	0.38	0.44	0.44	0	0	0.38
31000	0.39	0.45	0.45	0	0	0.39
31100	0.39	0.45	0.45	0	0	0.39
31200	0.39	0.45	0.45	0	0	0.39
31300	0.39	0.45	0.45	0	0	0.39
31400	0.4	0.45	0.45	0	0	0.4
31500	0.4	0.45	0.45	0	0	0.4
31600	0.4	0.45	0.45	0	0	0.4
31700	0.4	0.45	0.45	0	0	0.4
31800	0.4	0.44	0.44	0	0	0.4
31900	0.41	0.44	0.44	0	0	0.41
32000	0.41	0.44	0.44	0	0	0.41
32100	0.41	0.44	0.44	0	0	0.41
32200	0.41	0.43	0.43	0	0	0.41
32300	0.42	0.43	0.43	0	0	0.42
32400	0.43	0.43	0.43	0	0	0.43
32500	0.43	0.43	0.43	0	0	0.43
32600	0.44	0.43	0.43	0	0	0.44
32700	0.44	0.43	0.43	0	0	0.44
32800	0.44	0.43	0.43	0	0	0.44
32900	0.45	0.43	0.43	0	0	0.45
33000	0.45	0.43	0.43	0	0	0.45
33100	0.45	0.43	0.43	0	0	0.45
33200	0.45	0.44	0.44	0	0	0.45
33300	0.45	0.44	0.44	0	0	0.45
33400	0.45	0.44	0.44	0	0	0.45
33500	0.45	0.44	0.44	0	0	0.45
33600	0.45	0.44	0.44	0	0	0.45
33700	0.45	0.44	0.44	0	0	0.45
33800	0.45	0.45	0.45	0	0	0.45
33900	0.46	0.45	0.45	0	0	0.46
34000	0.47	0.45	0.45	0	0	0.47
34100	0.47	0.45	0.45	0	0	0.47
34200	0.47	0.45	0.45	0	0	0.47
34300	0.47	0.45	0.45	0	0	0.47
34400	0.47	0.44	0.44	0	0	0.47
34500	0.47	0.44	0.44	0	0	0.47
34600	0.47	0.44	0.44	0	0	0.47
34700	0.47	0.44	0.44	0	0	0.47
34800	0.47	0.44	0.44	0	0	0.47
34900	0.47	0.44	0.44	0	0	0.47
35000	0.47	0.44	0.44	0	0	0.47
35100	0.47	0.44	0.44	0	0	0.47
35200	0.47	0.44	0.44	0	0	0.47
35300	0.47	0.44	0.44	0	0	0.47
35400	0.47	0.44	0.44	0	0	0.47
35500	0.47	0.44	0.44	0	0	0.47
35600	0.48	0.44	0.44	0	0	0.48
35700	0.48	0.44	0.44	0	0	0.48
35800	0.48	0.45	0.45	0	0	0.48
35900	0.48	0.46	0.46	0	0	0.48
36000	0.48	0.46	0.46	0	0	0.48
36100	0.48	0.46	0.46	0	0	0.48
36200	0.48	0.46	0.46	0	0	0.48
36300	0.48	0.46	0.46	0	0	0.48
36400	0.48	0.46	0.46	0	0	0.48
36500	0.48	0.46	0.46	0	0	0.48
36600	0.49	0.46	0.46	0	0	0.49
36700	0.48	0.44	0.44	0	0	0.48
36800	0.48	0.44	0.44	0	0	0.48
36900	0.48	0.43	0.43	0	0	0.48
37000	0.48	0.43	0.43	0	0	0.48
37100	0.48	0.43	0.43	0	0	0.48
37200	0.47	0.43	0.43	0	0	0.47
37300	0.46	0.43	0.43	0	0	0.46
37400	0.46	0.43	0.43	0	0	0.46
37500	0.46	0.43	0.43	0	0	0.46
37600	0.46	0.43	0.43	0	0	0.46
37700	0.46	0.43	0.43	0	0	0.46
37800	0.45	0.43	0.43	0	0	0.45
37900	0.45	0.43	0.43	0	0	0.45
38000	0.45	0.43	0.43	0	0	0.45
38100	0.46	0.43	0.43	0	0	0.46
38200	0.46	0.43	0.43	0	0	0.46
38300	0.46	0.44	0.44	0	0	0.46
38400	0.46	0.44	0.44	0	0	0.46
38500	0.46	0.44	0.44	0	0	0.46
38600	0.46	0.44	0.44	0	0	0.46
38700	0.46	0.45	0.45	0	0	0.46
38800	0.46	0.45	0.45	0	0	0.46
38900	0.46	0.45	0.45	0	0	0.46
39000	0.45	0.45	0.45	0	0	0.45
39100	0.45	0.45	0.45	0	0	0.45
39200	0.45	0.45	0.45	0	0	0.45
39300	0.45	0.45	0.45	0	0	0.45
39400	0.45	0.45	0.45	0	0	0.45
39500	0.45	0.45	0.45	0	0	0.45
39600	0.45	0.45	0.45	0	0	0.45
39700	0.44	0.45	0.45	0	0	0.44
39800	0.44	0.45	0.45	0	0	0.44
39900	0.45	0.45	0.45	0	0	0.45
40000	0.45	0.45	0.45	0	0	0.45
40100	0.45	0.45	0.45	0	0	0.45
40200	0.45	0.45	0.45	0	0	0.45
40300	0.45	0.45	0.45	0	0	0.45
40400	0.45	0.45	0.45	0	0	0.45
40500	0.44	0.45	0.45	0	0	0.44
40600	0.44	0.46	0.46	0	0	0.44
40700	0.44	0.46	0.46	0	0	0.44
40800	0.44	0.46	0.46	0	0	0.44
40900	0.44	0.45	0.45	0	0	0.44
41000	0.44	0.45	0.45	0	0	0.44
41100	0.44	0.45	0.45	0	0	0.44
41200	0.44	0.45	0.45	0	0	0.44
41300	0.45	0.45	0.45	0	0	0.45
41400	0.45	0.45	0.45	0	0	0.45
41500	0.44	0.45	0.45	0	0	0.44
41600	0.44	0.45	0.45	0	0	0.44
41700	0.44	0.45	0.45	0	0	0.44
41800	0.44	0.45	0.45	0	0	0.44
41900	0.44	0.45	0.45	0	0	0.44
42000	0.44	0.45	0.45	0	0	0.44
42100	0.44	0.45	0.45	0	0	0.44
42200	0.44	0.44	0.44	0	0	0.44
42300	0.44	0.44	0.44	0	0	0.44
42400	0.44	0.44	0.44	0	0	0.44
42500	0.44	0.45	0.45	0	0	0.44
42600	0.44	0.44	0.44	0	0	0.44
42700	0.44	0.43	0.43	0	0	0.44
42800	0.44	0.43	0.43	0	0	0.44
42900	0.44	0.43	0.43	0	0	0.44
43000	0.44	0.43	0.43	0	0	0.44
43100	0.45	0.43	0.43	0	0	0.45
43200	0.44	0.42	0.42	0	0	0.44
43300	0.45	0.42	0.42	0	0	0.45
43400	0.45	0.42	0.42	0	0	0.45
43500	0.45	0.42	0.42	0	0	0.45
43600	0.45	0.42	0.42	0	0	0.45
43700	0.45	0.42	0.42	0	0	0.45
43800	0.45	0.42	0.42	0	0	0.45
43900	0.45	0.42	0.42	0	0	0.45
44000	0.45	0.42	0.42	0	0	0.45
44100	0.45	0.43	0.43	0	0	0.45
44200	0.45	0.42	0.42	0	0	0.45
44300	0.45	0.42	0.42	0	0	0.45
44400	0.45	0.42	0.42	0	0	0.45
44500	0.45	0.42	0.42	0	0	0.45
44600	0.45	0.42	0.42	0	0	0.45
44700	0.45	0.42	0.42	0	0	0.45
44800	0.45	0.42	0.42	0	0	0.45
44900	0.45	0.42	0.42	0	0	0.45
45000	0.45	0.42	0.42	0	0	0.45
45100	0.45	0.42	0.42	0	0	0.45
45200	0.45	0.42	0.42	0	0	0.45
45300	0.45	0.42	0.42	0	0	0.45
45400	0.45	0.42	0.42	0	0	0.45
45500	0.46	0.43	0.43	0	0	0.46
45600	0.46	0.43	0.43	0	0	0.46
45700	0.46	0.43	0.43	0	0	0.46
45800	0.46	0.43	0.43	0	0	0.46
45900	0.46	0.43	0.43	0	0	0.46
46000	0.46	0.43	0.43	0	0	0.46
46100	0.46	0.43	0.43	0	0	0.46
46200	0.46	0.42	0.42	0	0	0.46
46300	0.47	0.42	0.42	0	0	0.47
46400	0.46	0.42	0.42	0	0	0.46
46500	0.46	0.42	0.42	0	0	0.46
46600	0.46	0.42	0.42	0	0	0.46
46700	0.46	0.42	0.42	0	0	0.46
46800	0.45	0.42	0.42	0	0	0.45
46900	0.45	0.42	0.42	0	0	0.45
47000	0.45	0.42	0.42	0	0	0.45
47100	0.45	0.42	0.42	0	0	0.45
47200	0.46	0.42	0.42	0	0	0.46
47300	0.46	0.42	0.42	0	0	0.46
47400	0.46	0.42	0.42	0	0	0.46
47500	0.46	0.42	0.42	0	0	0.46
47600	0.46	0.42	0.42	0	0	0.46
47700	0.46	0.42	0.42	0	0	0.46
47800	0.46	0.42	0.42	0	0	0.46
47900	0.46	0.42	0.42	0	0	0.46
48000	0.46	0.42	0.42	0	0	0.46
48100	0.46	0.42	0.42	0	0	0.46
48200	0.46	0.42	0.42	0	0	0.46
48300	0.46	0.42	0.42	0	0	0.46
48400	0.46	0.42	0.42	0	0	0.46
48500	0.46	0.42	0.42	0	0	0.46
48600	0.46	0.42	0.42	0	0	0.46
48700	0.46	0.42	0.42	0	0	0.46
48800	0.46	0.43	0.43	0	0	0.46
48900	0.46	0.43	0.43	0	0	0.46
49000	0.46	0.42	0.42	0	0	0.46
49100	0.46	0.42	0.42	0	0	0.46
49200	0.46	0.42	0.42	0	0	0.46
49300	0.46	0.42	0.42	0	0	0.46
49400	0.46	0.42	0.42	0	0	0.46
49500	0.46	0.42	0.42	0	0	0.46
49600	0.45	0.42	0.42	0	0	0.45
49700	0.45	0.41	0.41	0	0	0.45
49800	0.46	0.41	0.41	0	0	0.46
49900	0.46	0.41	0.41	0	0	0.46
50000	0.46	0.41	0.41	0	0	0.46
50100	0.47	0.41	0.41	0	0	0.47
50200	0.48	0.41	0.41	0	0	0.48
50300	0.48	0.41	0.41	0	0	0.48
50400	0.48	0.41	0.41	0	0	0.48
50500	0.48	0.41	0.41	0	0	0.48
50600	0.49	0.41	0.41	0	0	0.49
50700	0.49	0.41	0.41	0	0	0.49
50800	0.49	0.41	0.41	0	0	0.49
50900	0.49	0.41	0.41	0	0	0.49
51000	0.49	0.41	0.41	0	0	0.49
51100	0.5	0.41	0.41	0	0	0.5
51200	0.5	0.41	0.41	0	0	0.5
51300	0.49	0.41	0.41	0	0	0.49
51400	0.49	0.41	0.41	0	0	0.49
51500	0.48	0.41	0.41	0	0	0.48
51600	0.48	0.41	0.41	0	0	0.48
51700	0.48	0.41	0.41	0	0	0.48
51800	0.47	0.41	0.41	0	0	0.47
51900	0.47	0.41	0.41	0	0	0.47
52000	0.47	0.41	0.41	0	0	0.47
52100	0.47	0.41	0.41	0	0	0.47
52200	0.47	0.41	0.41	0	0	0.47
52300	0.47	0.41	0.41	0	0	0.47
52400	0.47	0.41	0.41	0	0	0.47
52500	0.47	0.41	0.41	0	0	0.47
52600	0.47	0.41	0.41	0	0	0.47
52700	0.47	0.41	0.41	0	0	0.47
52800	0.47	0.41	0.41	0	0	0.47
52900	0.47	0.41	0.41	0	0	0.47
53000	0.48	0.41	0.41	0	0	0.48
53100	0.48	0.41	0.41	0	0	0.48
53200	0.48	0.41	0.41	0	0	0.48
53300	0.49	0.41	0.41	0	0	0.49
53400	0.5	0.41	0.41	0	0	0.5
53500	0.5	0.41	0.41	0	0	0.5
53600	0.49	0.41	0.41	0	0	0.49
53700	0.49	0.41	0.41	0	0	0.49
53800	0.49	0.41	0.41	0	0	0.49
53900	0.49	0.41	0.41	0	0	0.49
54000	0.49	0.41	0.41	0	0	0.49
54100	0.49	0.41	0.41	0	0	0.49
54200	0.49	0.41	0.41	0	0	0.49
54300	0.49	0.4	0.4	0	0	0.49
54400	0.49	0.4	0.4	0	0	0.49
54500	0.49	0.4	0.4	0	0	0.49
54600	0.49	0.4	0.4	0	0	0.49
54700	0.49	0.4	0.4	0	0	0.49
54800	0.49	0.4	0.4	0	0	0.49
54900	0.49	0.4	0.4	0	0	0.49
55000	0.49	0.4	0.4	0	0	0.49
55100	0.49	0.4	0.4	0	0	0.49
55200	0.49	0.4	0.4	0	0	0.49
55300	0.49	0.4	0.4	0	0	0.49
55400	0.5	0.4	0.4	0	0	0.5
55500	0.5	0.4	0.4	0	0	0.5
55600	0.5	0.4	0.4	0	0	0.5
55700	0.5	0.4	0.4	0	0	0.5
55800	0.5	0.41	0.41	0	0	0.5
55900	0.5	0.41	0.41	0	0	0.5
56000	0.49	0.41	0.41	0	0	0.49
56100	0.49	0.41	0.41	0	0	0.49
56200	0.49	0.41	0.41	0	0	0.49
56300	0.49	0.4	0.4	0	0	0.49
56400	0.49	0.4	0.4	0	0	0.49
56500	0.49	0.4	0.4	0	0	0.49
56600	0.49	0.4	0.4	0	0	0.49
56700	0.49	0.4	0.4	0	0	0.49
56800	0.49	0.4	0.4	0	0	0.49
56900	0.49	0.4	0.4	0	0	0.49
57000	0.49	0.4	0.4	0	0	0.49
57100	0.49	0.39	0.39	0	0	0.49
57200	0.49	0.39	0.39	0	0	0.49
57300	0.49	0.39	0.39	0	0	0.49
57400	0.49	0.39	0.39	0	0	0.49
57500	0.49	0.39	0.39	0	0	0.49
57600	0.49	0.39	0.39	0	0	0.49
57700	0.49	0.39	0.39	0	0	0.49
57800	0.49	0.39	0.39	0	0	0.49
57900	0.49	0.4	0.4	0	0	0.49
58000	0.49	0.4	0.4	0	0	0.49
58100	0.48	0.4	0.4	0	0	0.48
58200	0.48	0.4	0.4	0	0	0.48
58300	0.48	0.4	0.4	0	0	0.48
58400	0.47	0.4	0.4	0	0	0.47
58500	0.46	0.4	0.4	0	0	0.46
58600	0.46	0.4	0.4	0	0	0.46
58700	0.46	0.4	0.4	0	0	0.46
58800	0.46	0.4	0.4	0	0	0.46
58900	0.47	0.4	0.4	0	0	0.47
59000	0.47	0.4	0.4	0	0	0.47
59100	0.47	0.4	0.4	0	0	0.47
59200	0.47	0.4	0.4	0	0	0.47
59300	0.47	0.4	0.4	0	0	0.47
59400	0.48	0.4	0.4	0	0	0.48
59500	0.47	0.4	0.4	0	0	0.47
59600	0.47	0.39	0.39	0	0	0.47
59700	0.47	0.39	0.39	0	0	0.47
59800	0.47	0.38	0.38	0	0	0.47
59900	0.47	0.38	0.38	0	0	0.47
60000	0.47	0.38	0.38	0	0	0.47
60100	0.47	0.38	0.38	0	0	0.47
60200	0.47	0.38	0.38	0	0	0.47
60300	0.47	0.38	0.38	0	0	0.47
60400	0.47	0.38	0.38	0	0	0.47
60500	0.47	0.38	0.38	0	0	0.47
60600	0.48	0.38	0.38	0	0	0.48
60700	0.48	0.38	0.38	0	0	0.48
60800	0.48	0.38	0.38	0	0	0.48
60900	0.48	0.38	0.38	0	0	0.48
61000	0.48	0.38	0.38	0	0	0.48
61100	0.49	0.38	0.38	0	0	0.49
61200	0.49	0.38	0.38	0	0	0.49
61300	0.49	0.38	0.38	0	0	0.49
61400	0.49	0.39	0.39	0	0	0.49
61500	0.49	0.4	0.4	0	0	0.49
61600	0.49	0.4	0.4	0	0	0.49
61700	0.49	0.4	0.4	0	0	0.49
61800	0.49	0.39	0.39	0	0	0.49
61900	0.49	0.39	0.39	0	0	0.49
62000	0.49	0.39	0.39	0	0	0.49
62100	0.49	0.39	0.39	0	0	0.49
62200	0.48	0.4	0.4	0	0	0.48
62300	0.48	0.4	0.4	0	0	0.48
62400	0.48	0.4	0.4	0	0	0.48
62500	0.48	0.4	0.4	0	0	0.48
62600	0.48	0.4	0.4	0	0	0.48
62700	0.48	0.4	0.4	0	0	0.48
62800	0.48	0.41	0.41	0	0	0.48
62900	0.48	0.41	0.41	0	0	0.48
63000	0.48	0.41	0.41	0	0	0.48
63100	0.48	0.41	0.41	0	0	0.48
63200	0.48	0.41	0.41	0	0	0.48
63300	0.48	0.41	0.41	0	0	0.48
63400	0.48	0.41	0.41	0	0	0.48
63500	0.48	0.41	0.41	0	0	0.48
63600	0.48	0.41	0.41	0	0	0.48
63700	0.48	0.41	0.41	0	0	0.48
63800	0.48	0.41	0.41	0	0	0.48
63900	0.48	0.41	0.41	0	0	0.48
64000	0.48	0.41	0.41	0	0	0.48
64100	0.48	0.41	0.41	0	0	0.48
64200	0.48	0.42	0.42	0	0	0.48
64300	0.48	0.42	0.42	0	0	0.48
64400	0.48	0.42	0.42	0	0	0.48
64500	0.47	0.42	0.42	0	0	0.47
64600	0.47	0.42	0.42	0	0	0.47
64700	0.47	0.42	0.42	0	0	0.47
64800	0.46	0.42	0.42	0	0	0.46
64900	0.46	0.42	0.42	0	0	0.46
65000	0.46	0.42	0.42	0	0	0.46
65100	0.46	0.42	0.42	0	0	0.46
65200	0.46	0.42	0.42	0	0	0.46
65300	0.46	0.42	0.42	0	0	0.46
65400	0.46	0.42	0.42	0	0	0.46
65500	0.46	0.43	0.43	0	0	0.46
65600	0.46	0.43	0.43	0	0	0.46
65700	0.46	0.43	0.43	0	0	0.46
65800	0.46	0.43	0.43	0	0	0.46
65900	0.46	0.43	0.43	0	0	0.46
66000	0.46	0.44	0.44	0	0	0.46
66100	0.46	0.43	0.43	0	0	0.46
66200	0.46	0.43	0.43	0	0	0.46
66300	0.46	0.43	0.43	0	0	0.46
66400	0.46	0.43	0.43	0	0	0.46
66500	0.46	0.43	0.43	0	0	0.46
66600	0.45	0.43	0.43	0	0	0.45
66700	0.45	0.43	0.43	0	0	0.45
66800	0.45	0.43	0.43	0	0	0.45
66900	0.45	0.43	0.43	0	0	0.45
67000	0.45	0.43	0.43	0	0	0.45
67100	0.45	0.43	0.43	0	0	0.45
67200	0.45	0.43	0.43	0	0	0.45
67300	0.45	0.43	0.43	0	0	0.45
67400	0.45	0.43	0.43	0	0	0.45
67500	0.45	0.43	0.43	0	0	0.45
67600	0.45	0.43	0.43	0	0	0.45
67700	0.45	0.43	0.43	0	0	0.45
67800	0.45	0.43	0.43	0	0	0.45
67900	0.45	0.43	0.43	0	0	0.45
68000	0.46	0.43	0.43	0	0	0.46
68100	0.46	0.44	0.44	0	0	0.46
68200	0.46	0.45	0.45	0	0	0.46
68300	0.46	0.45	0.45	0	0	0.46
68400	0.46	0.45	0.45	0	0	0.46
68500	0.46	0.45	0.45	0	0	0.46
68600	0.46	0.45	0.45	0	0	0.46
68700	0.46	0.45	0.45	0	0	0.46
68800	0.46	0.45	0.45	0	0	0.46
68900	0.46	0.46	0.46	0	0	0.46
69000	0.46	0.46	0.46	0	0	0.46
69100	0.45	0.46	0.46	0	0	0.45
69200	0.45	0.46	0.46	0	0	0.45
69300	0.45	0.46	0.46	0	0	0.45
69400	0.45	0.46	0.46	0	0	0.45
69500	0.45	0.46	0.46	0	0	0.45
69600	0.45	0.46	0.46	0	0	0.45
69700	0.45	0.46	0.46	0	0	0.45
69800	0.45	0.46	0.46	0	0	0.45
69900	0.45	0.46	0.46	0	0	0.45
70000	0.45	0.46	0.46	0	0	0.45
70100	0.46	0.47	0.47	0	0	0.46
70200	0.46	0.47	0.47	0	0	0.46
70300	0.46	0.47	0.47	0	0	0.46
70400	0.46	0.47	0.47	0	0	0.46
70500	0.46	0.47	0.47	0	0	0.46
70600	0.46	0.47	0.47	0	0	0.46
70700	0.46	0.47	0.47	0	0	0.46
70800	0.46	0.47	0.47	0	0	0.46
70900	0.46	0.47	0.47	0	0	0.46
71000	0.46	0.47	0.47	0	0	0.46
71100	0.46	0.47	0.47	0	0	0.46
71200	0.46	0.47	0.47	0	0	0.46
71300	0.46	0.47	0.47	0	0	0.46
71400	0.46	0.47	0.47	0	0	0.46
71500	0.46	0.47	0.47	0	0	0.46
71600	0.46	0.47	0.47	0	0	0.46
71700	0.46	0.47	0.47	0	0	0.46
71800	0.46	0.47	0.47	0	0	0.46
71900	0.46	0.47	0.47	0	0	0.46
72000	0.46	0.47	0.47	0	0	0.46
72100	0.46	0.47	0.47	0	0	0.46
72200	0.46	0.47	0.47	0	0	0.46
72300	0.46	0.47	0.47	0	0	0.46
72400	0.45	0.47	0.47	0	0	0.45
72500	0.45	0.47	0.47	0	0	0.45
72600	0.44	0.47	0.47	0	0	0.44
72700	0.44	0.47	0.47	0	0	0.44
72800	0.44	0.47	0.47	0	0	0.44
72900	0.44	0.47	0.47	0	0	0.44
73000	0.44	0.47	0.47	0	0	0.44
73100	0.44	0.47	0.47	0	0	0.44
73200	0.44	0.47	0.47	0	0	0.44
73300	0.44	0.47	0.47	0	0	0.44
73400	0.44	0.47	0.47	0	0	0.44
73500	0.44	0.47	0.47	0	0	0.44
73600	0.44	0.47	0.47	0	0	0.44
73700	0.44	0.47	0.47	0	0	0.44
73800	0.44	0.47	0.47	0	0	0.44
73900	0.44	0.47	0.47	0	0	0.44
74000	0.44	0.47	0.47	0	0	0.44
74100	0.44	0.47	0.47	0	0	0.44
74200	0.44	0.47	0.47	0	0	0.44
74300	0.44	0.47	0.47	0	0	0.44
74400	0.44	0.47	0.47	0	0	0.44
74500	0.44	0.47	0.47	0	0	0.44
74600	0.44	0.48	0.48	0	0	0.44
74700	0.44	0.48	0.48	0	0	0.44
74800	0.44	0.49	0.49	0	0	0.44
74900	0.44	0.49	0.49	0	0	0.44
75000	0.44	0.49	0.49	0	0	0.44
75100	0.44	0.49	0.49	0	0	0.44
75200	0.44	0.49	0.49	0	0	0.44
75300	0.44	0.49	0.49	0	0	0.44
75400	0.44	0.49	0.49	0	0	0.44
75500	0.44	0.49	0.49	0	0	0.44
75600	0.44	0.49	0.49	0	0	0.44
75700	0.44	0.49	0.49	0	0	0.44
75800	0.44	0.49	0.49	0	0	0.44
75900	0.44	0.49	0.49	0	0	0.44
76000	0.44	0.49	0.49	0	0	0.44
76100	0.44	0.49	0.49	0	0	0.44
76200	0.44	0.49	0.49	0	0	0.44
76300	0.44	0.49	0.49	0	0	0.44
76400	0.44	0.48	0.48	0	0	0.44
76500	0.44	0.48	0.48	0	0	0.44
76600	0.43	0.48	0.48	0	0	0.43
76700	0.43	0.48	0.48	0	0	0.43
76800	0.44	0.48	0.48	0	0	0.44
76900	0.44	0.48	0.48	0	0	0.44
77000	0.44	0.48	0.48	0	0	0.44
77100	0.44	0.48	0.48	0	0	0.44
77200	0.44	0.49	0.49	0	0	0.44
77300	0.44	0.49	0.49	0	0	0.44
77400	0.44	0.49	0.49	0	0	0.44
77500	0.44	0.49	0.49	0	0	0.44
77600	0.44	0.49	0.49	0	0	0.44
77700	0.44	0.49	0.49	0	0	0.44
77800	0.44	0.49	0.49	0	0	0.44
77900	0.45	0.49	0.49	0	0	0.45
78000	0.45	0.49	0.49	0	0	0.45
78100	0.45	0.49	0.49	0	0	0.45
78200	0.44	0.49	0.49	0	0	0.44
78300	0.44	0.49	0.49	0	0	0.44
78400	0.44	0.49	0.49	0	0	0.44
78500	0.44	0.49	0.49	0	0	0.44
78600	0.44	0.49	0.49	0	0	0.44
78700	0.44	0.49	0.49	0	0	0.44
78800	0.44	0.49	0.49	0	0	0.44
78900	0.44	0.49	0.49	0	0	0.44
79000	0.44	0.49	0.49	0	0	0.44
79100	0.44	0.49	0.49	0	0	0.44
79200	0.44	0.49	0.49	0	0	0.44
79300	0.44	0.49	0.49	0	0	0.44
79400	0.44	0.48	0.48	0	0	0.44
79500	0.44	0.48	0.48	0	0	0.44
79600	0.44	0.48	0.48	0	0	0.44
79700	0.44	0.48	0.48	0	0	0.44
79800	0.43	0.48	0.48	0	0	0.43
79900	0.43	0.48	0.48	0	0	0.43
80000	0.43	0.48	0.48	0	0	0.43
80100	0.43	0.48	0.48	0	0	0.43
80200	0.43	0.48	0.48	0	0	0.43
80300	0.43	0.48	0.48	0	0	0.43
80400	0.43	0.48	0.48	0	0	0.43
80500	0.43	0.49	0.49	0	0	0.43
80600	0.43	0.49	0.49	0	0	0.43
80700	0.43	0.49	0.49	0	0	0.43
80800	0.43	0.49	0.49	0	0	0.43
80900	0.44	0.48	0.48	0	0	0.44
81000	0.44	0.48	0.48	0	0	0.44
81100	0.44	0.48	0.48	0	0	0.44
81200	0.44	0.48	0.48	0	0	0.44
81300	0.44	0.48	0.48	0	0	0.44
81400	0.44	0.48	0.48	0	0	0.44
81500	0.44	0.47	0.47	0	0	0.44
81600	0.44	0.47	0.47	0	0	0.44
81700	0.44	0.47	0.47	0	0	0.44
81800	0.44	0.47	0.47	0	0	0.44
81900	0.44	0.46	0.46	0	0	0.44
82000	0.44	0.46	0.46	0	0	0.44
82100	0.43	0.46	0.46	0	0	0.43
82200	0.43	0.46	0.46	0	0	0.43
82300	0.43	0.46	0.46	0	0	0.43
82400	0.43	0.46	0.46	0	0	0.43
82500	0.43	0.46	0.46	0	0	0.43
82600	0.43	0.46	0.46	0	0	0.43
82700	0.43	0.45	0.45	0	0	0.43
82800	0.43	0.46	0.46	0	0	0.43
82900	0.43	0.46	0.46	0	0	0.43
83000	0.43	0.46	0.46	0	0	0.43
83100	0.43	0.47	0.47	0	0	0.43
83200	0.43	0.47	0.47	0	0	0.43
83300	0.43	0.47	0.47	0	0	0.43
83400	0.43	0.47	0.47	0	0	0.43
83500	0.43	0.47	0.47	0	0	0.43
83600	0.43	0.47	0.47	0	0	0.43
83700	0.43	0.47	0.47	0	0	0.43
83800	0.43	0.47	0.47	0	0	0.43
83900	0.43	0.47	0.47	0	0	0.43
84000	0.42	0.47	0.47	0	0	0.42
84100	0.42	0.47	0.47	0	0	0.42
84200	0.42	0.47	0.47	0	0	0.42
84300	0.42	0.47	0.47	0	0	0.42
84400	0.42	0.47	0.47	0	0	0.42
84500	0.42	0.47	0.47	0	0	0.42
84600	0.42	0.47	0.47	0	0	0.42
84700	0.42	0.47	0.47	0	0	0.42
84800	0.42	0.47	0.47	0	0	0.42
84900	0.42	0.48	0.48	0	0	0.42
85000	0.42	0.48	0.48	0	0	0.42
85100	0.43	0.48	0.48	0	0	0.43
85200	0.43	0.48	0.48	0	0	0.43
85300	0.43	0.48	0.48	0	0	0.43
85400	0.43	0.48	0.48	0	0	0.43
85500	0.43	0.48	0.48	0	0	0.43
85600	0.43	0.47	0.47	0	0	0.43
85700	0.43	0.47	0.47	0	0	0.43
85800	0.43	0.47	0.47	0	0	0.43
85900	0.43	0.47	0.47	0	0	0.43
86000	0.43	0.47	0.47	0	0	0.43
86100	0.43	0.47	0.47	0	0	0.43
86200	0.43	0.47	0.47	0	0	0.43
86300	0.43	0.46	0.46	0	0	0.43
86400	0.43	0.47	0.47	0	0	0.43
86500	0.43	0.46	0.46	0	0	0.43
86600	0.43	0.46	0.46	0	0	0.43
86700	0.43	0.46	0.46	0	0	0.43
86800	0.43	0.47	0.47	0	0	0.43
86900	0.44	0.47	0.47	0	0	0.44
87000	0.44	0.47	0.47	0	0	0.44
87100	0.43	0.47	0.47	0	0	0.43
87200	0.43	0.47	0.47	0	0	0.43
87300	0.43	0.47	0.47	0	0	0.43
87400	0.43	0.47	0.47	0	0	0.43
87500	0.43	0.47	0.47	0	0	0.43
87600	0.44	0.47	0.47	0	0	0.44
87700	0.44	0.47	0.47	0	0	0.44
87800	0.44	0.47	0.47	0	0	0.44
87900	0.44	0.47	0.47	0	0	0.44
88000	0.44	0.47	0.47	0	0	0.44
88100	0.44	0.47	0.47	0	0	0.44
88200	0.44	0.47	0.47	0	0	0.44
88300	0.44	0.46	0.46	0	0	0.44
88400	0.44	0.46	0.46	0	0	0.44
88500	0.44	0.46	0.46	0	0	0.44
88600	0.44	0.46	0.46	0	0	0.44
88700	0.44	0.46	0.46	0	0	0.44
88800	0.43	0.46	0.46	0	0	0.43
88900	0.43	0.46	0.46	0	0	0.43
89000	0.43	0.46	0.46	0	0	0.43
89100	0.43	0.46	0.46	0	0	0.43
89200	0.44	0.46	0.46	0	0	0.44
89300	0.43	0.45	0.45	0	0	0.43
89400	0.44	0.45	0.45	0	0	0.44
89500	0.44	0.45	0.45	0	0	0.44
89600	0.44	0.45	0.45	0	0	0.44
89700	0.44	0.45	0.45	0	0	0.44
89800	0.45	0.45	0.45	0	0	0.45
89900	0.45	0.45	0.45	0	0	0.45
90000	0.45	0.45	0.45	0	0	0.45
90100	0.45	0.45	0.45	0	0	0.45
90200	0.45	0.44	0.44	0	0	0.45
90300	0.45	0.44	0.44	0	0	0.45
90400	0.45	0.44	0.44	0	0	0.45
90500	0.45	0.44	0.44	0	0	0.45
90600	0.45	0.44	0.44	0	0	0.45
90700	0.46	0.44	0.44	0	0	0.46
90800	0.46	0.44	0.44	0	0	0.46
90900	0.46	0.44	0.44	0	0	0.46
91000	0.46	0.44	0.44	0	0	0.46
91100	0.46	0.44	0.44	0	0	0.46
91200	0.46	0.44	0.44	0	0	0.46
91300	0.46	0.44	0.44	0	0	0.46
91400	0.46	0.44	0.44	0	0	0.46
91500	0.46	0.45	0.45	0	0	0.46
91600	0.46	0.45	0.45	0	0	0.46
91700	0.46	0.45	0.45	0	0	0.46
91800	0.46	0.45	0.45	0	0	0.46
91900	0.46	0.45	0.45	0	0	0.46
92000	0.46	0.45	0.45	0	0	0.46
92100	0.46	0.45	0.45	0	0	0.46
92200	0.46	0.45	0.45	0	0	0.46
92300	0.46	0.45	0.45	0	0	0.46
92400	0.46	0.45	0.45	0	0	0.46
92500	0.46	0.45	0.45	0	0	0.46
92600	0.46	0.45	0.45	0	0	0.46
92700	0.46	0.45	0.45	0	0	0.46
92800	0.46	0.45	0.45	0	0	0.46
92900	0.46	0.46	0.46	0	0	0.46
93000	0.46	0.46	0.46	0	0	0.46
93100	0.46	0.46	0.46	0	0	0.46
93200	0.46	0.47	0.47	0	0	0.46
93300	0.46	0.48	0.48	0	0	0.46
93400	0.46	0.48	0.48	0	0	0.46
93500	0.46	0.48	0.48	0	0	0.46
93600	0.46	0.48	0.48	0	0	0.46
93700	0.46	0.47	0.47	0	0	0.46
93800	0.46	0.47	0.47	0	0	0.46
93900	0.46	0.47	0.47	0	0	0.46
94000	0.46	0.47	0.47	0	0	0.46
94100	0.47	0.47	0.47	0	0	0.47
94200	0.47	0.47	0.47	0	0	0.47
94300	0.47	0.47	0.47	0	0	0.47
94400	0.47	0.47	0.47	0	0	0.47
94500	0.46	0.47	0.47	0	0	0.46
94600	0.46	0.47	0.47	0	0	0.46
94700	0.46	0.47	0.47	0	0	0.46
94800	0.46	0.47	0.47	0	0	0.46
94900	0.46	0.47	0.47	0	0	0.46
95000	0.46	0.47	0.47	0	0	0.46
95100	0.46	0.47	0.47	0	0	0.46
95200	0.46	0.47	0.47	0	0	0.46
95300	0.46	0.47	0.47	0	0	0.46
95400	0.46	0.47	0.47	0	0	0.46
95500	0.46	0.47	0.47	0	0	0.46
95600	0.46	0.47	0.47	0	0	0.46
95700	0.46	0.47	0.47	0	0	0.46
95800	0.46	0.47	0.47	0	0	0.46
95900	0.46	0.47	0.47	0	0	0.46
96000	0.46	0.47	0.47	0	0	0.46
96100	0.46	0.47	0.47	0	0	0.46
96200	0.46	0.47	0.47	0	0	0.46
96300	0.46	0.47	0.47	0	0	0.46
96400	0.46	0.47	0.47	0	0	0.46
96500	0.46	0.47	0.47	0	0	0.46
96600	0.46	0.47	0.47	0	0	0.46
96700	0.46	0.47	0.47	0	0	0.46
96800	0.46	0.48	0.48	0	0	0.46
96900	0.46	0.48	0.48	0	0	0.46
97000	0.46	0.47	0.47	0	0	0.46
97100	0.46	0.47	0.47	0	0	0.46
97200	0.46	0.47	0.47	0	0	0.46
97300	0.46	0.47	0.47	0	0	0.46
97400	0.46	0.47	0.47	0	0	0.46
97500	0.46	0.46	0.46	0	0	0.46
97600	0.45	0.46	0.46	0	0	0.45
97700	0.45	0.46	0.46	0	0	0.45
97800	0.45	0.46	0.46	0	0	0.45
97900	0.45	0.46	0.46	0	0	0.45
98000	0.45	0.46	0.46	0	0	0.45
98100	0.45	0.46	0.46	0	0	0.45
98200	0.45	0.46	0.46	0	0	0.45
98300	0.45	0.46	0.46	0	0	0.45
98400	0.45	0.46	0.46	0	0	0.45
98500	0.45	0.46	0.46	0	0	0.45
98600	0.45	0.46	0.46	0	0	0.45
98700	0.45	0.47	0.47	0	0	0.45
98800	0.45	0.47	0.47	0	0	0.45
98900	0.45	0.47	0.47	0	0	0.45
99000	0.45	0.47	0.47	0	0	0.45
99100	0.45	0.47	0.47	0	0	0.45
99200	0.45	0.47	0.47	0	0	0.45
99300	0.44	0.47	0.47	0	0	0.44
99400	0.45	0.47	0.47	0	0	0.45
99500	0.45	0.47	0.47	0	0	0.45
99600	0.45	0.47	0.47	0	0	0.45
99700	0.45	0.47	0.47	0	0	0.45
99800	0.45	0.47	0.47	0	0	0.45
99900	0.45	0.47	0.47	0	0	0.45
100000	0.45	0.47	0.47	0	0	0.45
