100	0.09	0.14	0.14	0	0	0.09
200	0.12	0.14	0.14	0	0	0.12
300	0.13	0.15	0.15	0	0	0.13
400	0.14	0.18	0.18	0	0	0.14
500	0.14	0.18	0.18	0	0	0.14
600	0.14	0.19	0.19	0	0	0.14
700	0.15	0.18	0.18	0	0	0.15
800	0.17	0.18	0.18	0	0	0.17
900	0.17	0.18	0.18	0	0	0.17
1000	0.18	0.19	0.19	0	0	0.18
1100	0.18	0.19	0.19	0	0	0.18
1200	0.19	0.19	0.19	0	0	0.19
1300	0.19	0.19	0.19	0	0	0.19
1400	0.19	0.2	0.2	0	0	0.19
1500	0.2	0.2	0.2	0	0	0.2
1600	0.2	0.21	0.21	0	0	0.2
1700	0.2	0.22	0.22	0	0	0.2
1800	0.2	0.24	0.24	0	0	0.2
1900	0.21	0.26	0.26	0	0	0.21
2000	0.21	0.27	0.27	0	0	0.21
2100	0.24	0.28	0.28	0	0	0.24
2200	0.24	0.28	0.28	0	0	0.24
2300	0.25	0.29	0.29	0	0	0.25
2400	0.25	0.31	0.31	0	0	0.25
2500	0.25	0.3	0.3	0	0	0.25
2600	0.25	0.31	0.31	0	0	0.25
2700	0.26	0.3	0.3	0	0	0.26
2800	0.26	0.32	0.32	0	0	0.26
2900	0.26	0.32	0.32	0	0	0.26
3000	0.26	0.32	0.32	0	0	0.26
3100	0.26	0.32	0.32	0	0	0.26
3200	0.26	0.3	0.3	0	0	0.26
3300	0.26	0.3	0.3	0	0	0.26
3400	0.26	0.29	0.29	0	0	0.26
3500	0.26	0.3	0.3	0	0	0.26
3600	0.28	0.3	0.3	0	0	0.28
3700	0.29	0.29	0.29	0	0	0.29
3800	0.29	0.29	0.29	0	0	0.29
3900	0.29	0.3	0.3	0	0	0.29
4000	0.28	0.3	0.3	0	0	0.28
4100	0.31	0.32	0.32	0	0	0.31
4200	0.33	0.32	0.32	0	0	0.33
4300	0.33	0.32	0.32	0	0	0.33
4400	0.33	0.33	0.33	0	0	0.33
4500	0.33	0.35	0.35	0	0	0.33
4600	0.33	0.35	0.35	0	0	0.33
4700	0.32	0.34	0.34	0	0	0.32
4800	0.32	0.35	0.35	0	0	0.32
4900	0.32	0.36	0.36	0	0	0.32
5000	0.32	0.35	0.35	0	0	0.32
5100	0.32	0.36	0.36	0	0	0.32
5200	0.33	0.36	0.36	0	0	0.33
5300	0.35	0.36	0.36	0	0	0.35
5400	0.35	0.36	0.36	0	0	0.35
5500	0.36	0.37	0.37	0	0	0.36
5600	0.37	0.38	0.38	0	0	0.37
5700	0.37	0.38	0.38	0	0	0.37
5800	0.38	0.38	0.38	0	0	0.38
5900	0.38	0.38	0.38	0	0	0.38
6000	0.37	0.38	0.38	0	0	0.37
6100	0.36	0.38	0.38	0	0	0.36
6200	0.36	0.38	0.38	0	0	0.36
6300	0.36	0.38	0.38	0	0	0.36
6400	0.36	0.36	0.36	0	0	0.36
6500	0.36	0.37	0.37	0	0	0.36
6600	0.36	0.37	0.37	0	0	0.36
6700	0.38	0.37	0.37	0	0	0.38
6800	0.38	0.38	0.38	0	0	0.38
6900	0.38	0.39	0.39	0	0	0.38
7000	0.38	0.38	0.38	0	0	0.38
7100	0.38	0.38	0.38	0	0	0.38
7200	0.38	0.38	0.38	0	0	0.38
7300	0.39	0.38	0.38	0	0	0.39
7400	0.39	0.38	0.38	0	0	0.39
7500	0.4	0.39	0.39	0	0	0.4
7600	0.4	0.39	0.39	0	0	0.4
7700	0.41	0.38	0.38	0	0	0.41
7800	0.4	0.38	0.38	0	0	0.4
7900	0.4	0.38	0.38	0	0	0.4
8000	0.4	0.38	0.38	0	0	0.4
8100	0.4	0.37	0.37	0	0	0.4
8200	0.4	0.38	0.38	0	0	0.4
8300	0.4	0.36	0.36	0	0	0.4
8400	0.4	0.36	0.36	0	0	0.4
8500	0.41	0.36	0.36	0	0	0.41
8600	0.41	0.36	0.36	0	0	0.41
8700	0.41	0.36	0.36	0	0	0.41
8800	0.42	0.35	0.35	0	0	0.42
8900	0.42	0.35	0.35	0	0	0.42
9000	0.42	0.36	0.36	0	0	0.42
9100	0.42	0.35	0.35	0	0	0.42
9200	0.43	0.35	0.35	0	0	0.43
9300	0.43	0.35	0.35	0	0	0.43
9400	0.43	0.36	0.36	0	0	0.43
9500	0.42	0.36	0.36	0	0	0.42
9600	0.42	0.36	0.36	0	0	0.42
9700	0.41	0.36	0.36	0	0	0.41
9800	0.42	0.36	0.36	0	0	0.42
9900	0.42	0.35	0.35	0	0	0.42
10000	0.42	0.35	0.35	0	0	0.42
10100	0.42	0.35	0.35	0	0	0.42
10200	0.42	0.37	0.37	0	0	0.42
10300	0.42	0.37	0.37	0	0	0.42
10400	0.41	0.37	0.37	0	0	0.41
10500	0.4	0.37	0.37	0	0	0.4
10600	0.41	0.36	0.36	0	0	0.41
10700	0.41	0.36	0.36	0	0	0.41
10800	0.41	0.36	0.36	0	0	0.41
10900	0.41	0.36	0.36	0	0	0.41
11000	0.41	0.36	0.36	0	0	0.41
11100	0.41	0.36	0.36	0	0	0.41
11200	0.41	0.36	0.36	0	0	0.41
11300	0.41	0.36	0.36	0	0	0.41
11400	0.41	0.36	0.36	0	0	0.41
11500	0.42	0.36	0.36	0	0	0.42
11600	0.42	0.36	0.36	0	0	0.42
11700	0.43	0.36	0.36	0	0	0.43
11800	0.44	0.36	0.36	0	0	0.44
11900	0.44	0.36	0.36	0	0	0.44
12000	0.43	0.37	0.37	0	0	0.43
12100	0.44	0.37	0.37	0	0	0.44
12200	0.44	0.37	0.37	0	0	0.44
12300	0.44	0.37	0.37	0	0	0.44
12400	0.43	0.38	0.38	0	0	0.43
12500	0.43	0.38	0.38	0	0	0.43
12600	0.43	0.38	0.38	0	0	0.43
12700	0.43	0.38	0.38	0	0	0.43
12800	0.44	0.38	0.38	0	0	0.44
12900	0.44	0.38	0.38	0	0	0.44
13000	0.45	0.38	0.38	0	0	0.45
13100	0.45	0.38	0.38	0	0	0.45
13200	0.45	0.38	0.38	0	0	0.45
13300	0.45	0.38	0.38	0	0	0.45
13400	0.46	0.38	0.38	0	0	0.46
13500	0.46	0.38	0.38	0	0	0.46
13600	0.46	0.39	0.39	0	0	0.46
13700	0.46	0.39	0.39	0	0	0.46
13800	0.46	0.4	0.4	0	0	0.46
13900	0.46	0.4	0.4	0	0	0.46
14000	0.46	0.4	0.4	0	0	0.46
14100	0.46	0.4	0.4	0	0	0.46
14200	0.47	0.4	0.4	0	0	0.47
14300	0.47	0.39	0.39	0	0	0.47
14400	0.47	0.39	0.39	0	0	0.47
14500	0.47	0.39	0.39	0	0	0.47
14600	0.48	0.39	0.39	0	0	0.48
14700	0.48	0.4	0.4	0	0	0.48
14800	0.47	0.4	0.4	0	0	0.47
14900	0.47	0.4	0.4	0	0	0.47
15000	0.47	0.4	0.4	0	0	0.47
15100	0.47	0.4	0.4	0	0	0.47
15200	0.47	0.39	0.39	0	0	0.47
15300	0.47	0.39	0.39	0	0	0.47
15400	0.47	0.38	0.38	0	0	0.47
15500	0.47	0.38	0.38	0	0	0.47
15600	0.47	0.37	0.37	0	0	0.47
15700	0.47	0.37	0.37	0	0	0.47
15800	0.47	0.37	0.37	0	0	0.47
15900	0.47	0.36	0.36	0	0	0.47
16000	0.47	0.36	0.36	0	0	0.47
16100	0.47	0.36	0.36	0	0	0.47
16200	0.46	0.37	0.37	0	0	0.46
16300	0.46	0.39	0.39	0	0	0.46
16400	0.46	0.38	0.38	0	0	0.46
16500	0.46	0.38	0.38	0	0	0.46
16600	0.46	0.38	0.38	0	0	0.46
16700	0.46	0.38	0.38	0	0	0.46
16800	0.46	0.38	0.38	0	0	0.46
16900	0.46	0.38	0.38	0	0	0.46
17000	0.47	0.38	0.38	0	0	0.47
17100	0.47	0.38	0.38	0	0	0.47
17200	0.47	0.38	0.38	0	0	0.47
17300	0.46	0.38	0.38	0	0	0.46
17400	0.46	0.39	0.39	0	0	0.46
17500	0.46	0.4	0.4	0	0	0.46
17600	0.46	0.4	0.4	0	0	0.46
17700	0.46	0.4	0.4	0	0	0.46
17800	0.46	0.4	0.4	0	0	0.46
17900	0.46	0.4	0.4	0	0	0.46
18000	0.45	0.4	0.4	0	0	0.45
18100	0.45	0.39	0.39	0	0	0.45
18200	0.45	0.39	0.39	0	0	0.45
18300	0.45	0.38	0.38	0	0	0.45
18400	0.45	0.38	0.38	0	0	0.45
18500	0.45	0.38	0.38	0	0	0.45
18600	0.45	0.38	0.38	0	0	0.45
18700	0.45	0.38	0.38	0	0	0.45
18800	0.45	0.38	0.38	0	0	0.45
18900	0.46	0.38	0.38	0	0	0.46
19000	0.46	0.38	0.38	0	0	0.46
19100	0.46	0.38	0.38	0	0	0.46
19200	0.48	0.39	0.39	0	0	0.48
19300	0.47	0.39	0.39	0	0	0.47
19400	0.47	0.39	0.39	0	0	0.47
19500	0.47	0.39	0.39	0	0	0.47
19600	0.48	0.39	0.39	0	0	0.48
19700	0.48	0.39	0.39	0	0	0.48
19800	0.49	0.39	0.39	0	0	0.49
19900	0.48	0.39	0.39	0	0	0.48
20000	0.48	0.39	0.39	0	0	0.48
20100	0.49	0.39	0.39	0	0	0.49
20200	0.48	0.39	0.39	0	0	0.48
20300	0.48	0.39	0.39	0	0	0.48
20400	0.48	0.39	0.39	0	0	0.48
20500	0.46	0.39	0.39	0	0	0.46
20600	0.47	0.39	0.39	0	0	0.47
20700	0.47	0.39	0.39	0	0	0.47
20800	0.47	0.39	0.39	0	0	0.47
20900	0.47	0.4	0.4	0	0	0.47
21000	0.47	0.4	0.4	0	0	0.47
21100	0.47	0.4	0.4	0	0	0.47
21200	0.47	0.4	0.4	0	0	0.47
21300	0.47	0.39	0.39	0	0	0.47
21400	0.47	0.39	0.39	0	0	0.47
21500	0.47	0.39	0.39	0	0	0.47
21600	0.48	0.39	0.39	0	0	0.48
21700	0.48	0.39	0.39	0	0	0.48
21800	0.48	0.39	0.39	0	0	0.48
21900	0.47	0.39	0.39	0	0	0.47
22000	0.48	0.39	0.39	0	0	0.48
22100	0.48	0.39	0.39	0	0	0.48
22200	0.48	0.39	0.39	0	0	0.48
22300	0.48	0.39	0.39	0	0	0.48
22400	0.48	0.4	0.4	0	0	0.48
22500	0.48	0.41	0.41	0	0	0.48
22600	0.48	0.41	0.41	0	0	0.48
22700	0.48	0.41	0.41	0	0	0.48
22800	0.48	0.41	0.41	0	0	0.48
22900	0.48	0.42	0.42	0	0	0.48
23000	0.48	0.42	0.42	0	0	0.48
23100	0.49	0.42	0.42	0	0	0.49
23200	0.49	0.42	0.42	0	0	0.49
23300	0.49	0.42	0.42	0	0	0.49
23400	0.48	0.43	0.43	0	0	0.48
23500	0.48	0.43	0.43	0	0	0.48
23600	0.47	0.44	0.44	0	0	0.47
23700	0.47	0.44	0.44	0	0	0.47
23800	0.47	0.44	0.44	0	0	0.47
23900	0.46	0.44	0.44	0	0	0.46
24000	0.46	0.45	0.45	0	0	0.46
24100	0.46	0.45	0.45	0	0	0.46
24200	0.47	0.45	0.45	0	0	0.47
24300	0.46	0.45	0.45	0	0	0.46
24400	0.46	0.45	0.45	0	0	0.46
24500	0.46	0.45	0.45	0	0	0.46
24600	0.46	0.45	0.45	0	0	0.46
24700	0.45	0.45	0.45	0	0	0.45
24800	0.45	0.44	0.44	0	0	0.45
24900	0.45	0.44	0.44	0	0	0.45
25000	0.45	0.44	0.44	0	0	0.45
25100	0.45	0.44	0.44	0	0	0.45
25200	0.46	0.44	0.44	0	0	0.46
25300	0.46	0.44	0.44	0	0	0.46
25400	0.46	0.44	0.44	0	0	0.46
25500	0.46	0.44	0.44	0	0	0.46
25600	0.46	0.44	0.44	0	0	0.46
25700	0.46	0.44	0.44	0	0	0.46
25800	0.46	0.45	0.45	0	0	0.46
25900	0.46	0.45	0.45	0	0	0.46
26000	0.46	0.45	0.45	0	0	0.46
26100	0.46	0.45	0.45	0	0	0.46
26200	0.46	0.45	0.45	0	0	0.46
26300	0.46	0.45	0.45	0	0	0.46
26400	0.46	0.45	0.45	0	0	0.46
26500	0.46	0.45	0.45	0	0	0.46
26600	0.46	0.45	0.45	0	0	0.46
26700	0.46	0.45	0.45	0	0	0.46
26800	0.46	0.45	0.45	0	0	0.46
26900	0.46	0.45	0.45	0	0	0.46
27000	0.46	0.45	0.45	0	0	0.46
27100	0.46	0.45	0.45	0	0	0.46
27200	0.45	0.45	0.45	0	0	0.45
27300	0.45	0.45	0.45	0	0	0.45
27400	0.44	0.45	0.45	0	0	0.44
27500	0.44	0.44	0.44	0	0	0.44
27600	0.43	0.43	0.43	0	0	0.43
27700	0.44	0.43	0.43	0	0	0.44
27800	0.44	0.43	0.43	0	0	0.44
27900	0.42	0.43	0.43	0	0	0.42
28000	0.42	0.43	0.43	0	0	0.42
28100	0.42	0.43	0.43	0	0	0.42
28200	0.42	0.43	0.43	0	0	0.42
28300	0.42	0.43	0.43	0	0	0.42
28400	0.43	0.43	0.43	0	0	0.43
28500	0.42	0.43	0.43	0	0	0.42
28600	0.42	0.43	0.43	0	0	0.42
28700	0.41	0.43	0.43	0	0	0.41
28800	0.41	0.43	0.43	0	0	0.41
28900	0.42	0.44	0.44	0	0	0.42
29000	0.42	0.44	0.44	0	0	0.42
29100	0.42	0.45	0.45	0	0	0.42
29200	0.42	0.44	0.44	0	0	0.42
29300	0.41	0.44	0.44	0	0	0.41
29400	0.41	0.44	0.44	0	0	0.41
29500	0.41	0.44	0.44	0	0	0.41
29600	0.41	0.44	0.44	0	0	0.41
29700	0.41	0.44	0.44	0	0	0.41
29800	0.4	0.44	0.44	0	0	0.4
29900	0.4	0.44	0.44	0	0	0.4
30000	0.41	0.44	0.44	0	0	0.41
30100	0.41	0.44	0.44	0	0	0.41
30200	0.41	0.44	0.44	0	0	0.41
30300	0.41	0.44	0.44	0	0	0.41
30400	0.41	0.44	0.44	0	0	0.41
30500	0.41	0.44	0.44	0	0	0.41
30600	0.41	0.44	0.44	0	0	0.41
30700	0.41	0.44	0.44	0	0	0.41
30800	0.41	0.44	0.44	0	0	0.41
30900	0.41	0.44	0.44	0	0	0.41
31000	0.41	0.44	0.44	0	0	0.41
31100	0.41	0.44	0.44	0	0	0.41
31200	0.42	0.43	0.43	0	0	0.42
31300	0.42	0.43	0.43	0	0	0.42
31400	0.42	0.42	0.42	0	0	0.42
31500	0.41	0.42	0.42	0	0	0.41
31600	0.41	0.42	0.42	0	0	0.41
31700	0.41	0.42	0.42	0	0	0.41
31800	0.4	0.42	0.42	0	0	0.4
31900	0.4	0.42	0.42	0	0	0.4
32000	0.4	0.42	0.42	0	0	0.4
32100	0.4	0.43	0.43	0	0	0.4
32200	0.4	0.43	0.43	0	0	0.4
32300	0.39	0.43	0.43	0	0	0.39
32400	0.39	0.43	0.43	0	0	0.39
32500	0.39	0.43	0.43	0	0	0.39
32600	0.39	0.43	0.43	0	0	0.39
32700	0.39	0.43	0.43	0	0	0.39
32800	0.38	0.43	0.43	0	0	0.38
32900	0.39	0.45	0.45	0	0	0.39
33000	0.39	0.45	0.45	0	0	0.39
33100	0.38	0.44	0.44	0	0	0.38
33200	0.38	0.44	0.44	0	0	0.38
33300	0.38	0.44	0.44	0	0	0.38
33400	0.37	0.44	0.44	0	0	0.37
33500	0.36	0.44	0.44	0	0	0.36
33600	0.36	0.45	0.45	0	0	0.36
33700	0.36	0.45	0.45	0	0	0.36
33800	0.37	0.45	0.45	0	0	0.37
33900	0.38	0.45	0.45	0	0	0.38
34000	0.38	0.45	0.45	0	0	0.38
34100	0.38	0.45	0.45	0	0	0.38
34200	0.39	0.45	0.45	0	0	0.39
34300	0.39	0.45	0.45	0	0	0.39
34400	0.39	0.45	0.45	0	0	0.39
34500	0.4	0.45	0.45	0	0	0.4
34600	0.41	0.45	0.45	0	0	0.41
34700	0.41	0.45	0.45	0	0	0.41
34800	0.41	0.45	0.45	0	0	0.41
34900	0.42	0.45	0.45	0	0	0.42
35000	0.41	0.45	0.45	0	0	0.41
35100	0.41	0.46	0.46	0	0	0.41
35200	0.41	0.46	0.46	0	0	0.41
35300	0.41	0.46	0.46	0	0	0.41
35400	0.41	0.46	0.46	0	0	0.41
35500	0.41	0.45	0.45	0	0	0.41
35600	0.41	0.45	0.45	0	0	0.41
35700	0.41	0.44	0.44	0	0	0.41
35800	0.41	0.44	0.44	0	0	0.41
35900	0.41	0.44	0.44	0	0	0.41
36000	0.41	0.44	0.44	0	0	0.41
36100	0.41	0.44	0.44	0	0	0.41
36200	0.41	0.45	0.45	0	0	0.41
36300	0.41	0.45	0.45	0	0	0.41
36400	0.41	0.45	0.45	0	0	0.41
36500	0.41	0.46	0.46	0	0	0.41
36600	0.41	0.45	0.45	0	0	0.41
36700	0.41	0.46	0.46	0	0	0.41
36800	0.41	0.46	0.46	0	0	0.41
36900	0.41	0.46	0.46	0	0	0.41
37000	0.41	0.46	0.46	0	0	0.41
37100	0.41	0.46	0.46	0	0	0.41
37200	0.41	0.46	0.46	0	0	0.41
37300	0.41	0.45	0.45	0	0	0.41
37400	0.41	0.45	0.45	0	0	0.41
37500	0.41	0.45	0.45	0	0	0.41
37600	0.41	0.45	0.45	0	0	0.41
37700	0.41	0.44	0.44	0	0	0.41
37800	0.41	0.43	0.43	0	0	0.41
37900	0.41	0.43	0.43	0	0	0.41
38000	0.41	0.43	0.43	0	0	0.41
38100	0.41	0.43	0.43	0	0	0.41
38200	0.42	0.43	0.43	0	0	0.42
38300	0.42	0.43	0.43	0	0	0.42
38400	0.42	0.43	0.43	0	0	0.42
38500	0.42	0.43	0.43	0	0	0.42
38600	0.42	0.43	0.43	0	0	0.42
38700	0.43	0.43	0.43	0	0	0.43
38800	0.43	0.43	0.43	0	0	0.43
38900	0.43	0.43	0.43	0	0	0.43
39000	0.43	0.43	0.43	0	0	0.43
39100	0.43	0.43	0.43	0	0	0.43
39200	0.43	0.43	0.43	0	0	0.43
39300	0.43	0.42	0.42	0	0	0.43
39400	0.43	0.42	0.42	0	0	0.43
39500	0.43	0.43	0.43	0	0	0.43
39600	0.43	0.42	0.42	0	0	0.43
39700	0.43	0.42	0.42	0	0	0.43
39800	0.43	0.43	0.43	0	0	0.43
39900	0.43	0.43	0.43	0	0	0.43
40000	0.43	0.43	0.43	0	0	0.43
40100	0.43	0.43	0.43	0	0	0.43
40200	0.43	0.43	0.43	0	0	0.43
40300	0.43	0.43	0.43	0	0	0.43
40400	0.43	0.43	0.43	0	0	0.43
40500	0.43	0.43	0.43	0	0	0.43
40600	0.42	0.44	0.44	0	0	0.42
40700	0.41	0.44	0.44	0	0	0.41
40800	0.41	0.45	0.45	0	0	0.41
40900	0.41	0.45	0.45	0	0	0.41
41000	0.4	0.45	0.45	0	0	0.4
41100	0.4	0.46	0.46	0	0	0.4
41200	0.4	0.46	0.46	0	0	0.4
41300	0.4	0.46	0.46	0	0	0.4
41400	0.4	0.46	0.46	0	0	0.4
41500	0.4	0.47	0.47	0	0	0.4
41600	0.4	0.47	0.47	0	0	0.4
41700	0.39	0.47	0.47	0	0	0.39
41800	0.39	0.47	0.47	0	0	0.39
41900	0.39	0.47	0.47	0	0	0.39
42000	0.39	0.47	0.47	0	0	0.39
42100	0.39	0.48	0.48	0	0	0.39
42200	0.39	0.48	0.48	0	0	0.39
42300	0.39	0.48	0.48	0	0	0.39
42400	0.39	0.48	0.48	0	0	0.39
42500	0.39	0.48	0.48	0	0	0.39
42600	0.39	0.48	0.48	0	0	0.39
42700	0.39	0.48	0.48	0	0	0.39
42800	0.39	0.48	0.48	0	0	0.39
42900	0.39	0.48	0.48	0	0	0.39
43000	0.39	0.47	0.47	0	0	0.39
43100	0.39	0.47	0.47	0	0	0.39
43200	0.39	0.47	0.47	0	0	0.39
43300	0.4	0.47	0.47	0	0	0.4
43400	0.39	0.47	0.47	0	0	0.39
43500	0.39	0.47	0.47	0	0	0.39
43600	0.39	0.46	0.46	0	0	0.39
43700	0.39	0.47	0.47	0	0	0.39
43800	0.39	0.47	0.47	0	0	0.39
43900	0.39	0.48	0.48	0	0	0.39
44000	0.39	0.48	0.48	0	0	0.39
44100	0.39	0.48	0.48	0	0	0.39
44200	0.41	0.48	0.48	0	0	0.41
44300	0.4	0.48	0.48	0	0	0.4
44400	0.4	0.48	0.48	0	0	0.4
44500	0.4	0.48	0.48	0	0	0.4
44600	0.4	0.48	0.48	0	0	0.4
44700	0.4	0.48	0.48	0	0	0.4
44800	0.4	0.48	0.48	0	0	0.4
44900	0.4	0.48	0.48	0	0	0.4
45000	0.4	0.48	0.48	0	0	0.4
45100	0.4	0.48	0.48	0	0	0.4
45200	0.4	0.48	0.48	0	0	0.4
45300	0.4	0.49	0.49	0	0	0.4
45400	0.4	0.48	0.48	0	0	0.4
45500	0.4	0.48	0.48	0	0	0.4
45600	0.4	0.48	0.48	0	0	0.4
45700	0.4	0.48	0.48	0	0	0.4
45800	0.4	0.48	0.48	0	0	0.4
45900	0.41	0.48	0.48	0	0	0.41
46000	0.41	0.48	0.48	0	0	0.41
46100	0.41	0.48	0.48	0	0	0.41
46200	0.41	0.47	0.47	0	0	0.41
46300	0.41	0.47	0.47	0	0	0.41
46400	0.42	0.46	0.46	0	0	0.42
46500	0.42	0.46	0.46	0	0	0.42
46600	0.42	0.46	0.46	0	0	0.42
46700	0.42	0.46	0.46	0	0	0.42
46800	0.42	0.46	0.46	0	0	0.42
46900	0.42	0.46	0.46	0	0	0.42
47000	0.42	0.46	0.46	0	0	0.42
47100	0.42	0.46	0.46	0	0	0.42
47200	0.42	0.46	0.46	0	0	0.42
47300	0.42	0.46	0.46	0	0	0.42
47400	0.42	0.46	0.46	0	0	0.42
47500	0.42	0.46	0.46	0	0	0.42
47600	0.43	0.47	0.47	0	0	0.43
47700	0.43	0.47	0.47	0	0	0.43
47800	0.43	0.48	0.48	0	0	0.43
47900	0.43	0.48	0.48	0	0	0.43
48000	0.43	0.48	0.48	0	0	0.43
48100	0.43	0.48	0.48	0	0	0.43
48200	0.43	0.48	0.48	0	0	0.43
48300	0.43	0.49	0.49	0	0	0.43
48400	0.43	0.49	0.49	0	0	0.43
48500	0.42	0.49	0.49	0	0	0.42
48600	0.43	0.49	0.49	0	0	0.43
48700	0.43	0.49	0.49	0	0	0.43
48800	0.43	0.49	0.49	0	0	0.43
48900	0.43	0.49	0.49	0	0	0.43
49000	0.43	0.49	0.49	0	0	0.43
49100	0.43	0.49	0.49	0	0	0.43
49200	0.43	0.49	0.49	0	0	0.43
49300	0.43	0.49	0.49	0	0	0.43
49400	0.43	0.49	0.49	0	0	0.43
49500	0.43	0.49	0.49	0	0	0.43
49600	0.43	0.49	0.49	0	0	0.43
49700	0.44	0.49	0.49	0	0	0.44
49800	0.44	0.48	0.48	0	0	0.44
49900	0.44	0.48	0.48	0	0	0.44
50000	0.44	0.48	0.48	0	0	0.44
50100	0.44	0.48	0.48	0	0	0.44
50200	0.44	0.48	0.48	0	0	0.44
50300	0.44	0.49	0.49	0	0	0.44
50400	0.45	0.49	0.49	0	0	0.45
50500	0.45	0.49	0.49	0	0	0.45
50600	0.45	0.49	0.49	0	0	0.45
50700	0.44	0.49	0.49	0	0	0.44
50800	0.45	0.48	0.48	0	0	0.45
50900	0.44	0.47	0.47	0	0	0.44
51000	0.44	0.47	0.47	0	0	0.44
51100	0.44	0.47	0.47	0	0	0.44
51200	0.44	0.46	0.46	0	0	0.44
51300	0.44	0.46	0.46	0	0	0.44
51400	0.44	0.47	0.47	0	0	0.44
51500	0.44	0.48	0.48	0	0	0.44
51600	0.44	0.47	0.47	0	0	0.44
51700	0.44	0.47	0.47	0	0	0.44
51800	0.43	0.47	0.47	0	0	0.43
51900	0.43	0.46	0.46	0	0	0.43
52000	0.43	0.46	0.46	0	0	0.43
52100	0.43	0.46	0.46	0	0	0.43
52200	0.43	0.45	0.45	0	0	0.43
52300	0.44	0.46	0.46	0	0	0.44
52400	0.44	0.46	0.46	0	0	0.44
52500	0.44	0.46	0.46	0	0	0.44
52600	0.44	0.46	0.46	0	0	0.44
52700	0.44	0.46	0.46	0	0	0.44
52800	0.44	0.46	0.46	0	0	0.44
52900	0.43	0.46	0.46	0	0	0.43
53000	0.43	0.46	0.46	0	0	0.43
53100	0.43	0.46	0.46	0	0	0.43
53200	0.43	0.45	0.45	0	0	0.43
53300	0.43	0.45	0.45	0	0	0.43
53400	0.43	0.45	0.45	0	0	0.43
53500	0.42	0.45	0.45	0	0	0.42
53600	0.41	0.44	0.44	0	0	0.41
53700	0.41	0.44	0.44	0	0	0.41
53800	0.41	0.44	0.44	0	0	0.41
53900	0.4	0.44	0.44	0	0	0.4
54000	0.39	0.44	0.44	0	0	0.39
54100	0.39	0.44	0.44	0	0	0.39
54200	0.39	0.44	0.44	0	0	0.39
54300	0.39	0.44	0.44	0	0	0.39
54400	0.39	0.44	0.44	0	0	0.39
54500	0.39	0.46	0.46	0	0	0.39
54600	0.39	0.45	0.45	0	0	0.39
54700	0.39	0.45	0.45	0	0	0.39
54800	0.39	0.45	0.45	0	0	0.39
54900	0.39	0.45	0.45	0	0	0.39
55000	0.39	0.45	0.45	0	0	0.39
55100	0.4	0.45	0.45	0	0	0.4
55200	0.4	0.44	0.44	0	0	0.4
55300	0.39	0.45	0.45	0	0	0.39
55400	0.39	0.45	0.45	0	0	0.39
55500	0.39	0.44	0.44	0	0	0.39
55600	0.39	0.44	0.44	0	0	0.39
55700	0.39	0.44	0.44	0	0	0.39
55800	0.39	0.44	0.44	0	0	0.39
55900	0.39	0.44	0.44	0	0	0.39
56000	0.4	0.44	0.44	0	0	0.4
56100	0.4	0.44	0.44	0	0	0.4
56200	0.4	0.44	0.44	0	0	0.4
56300	0.41	0.45	0.45	0	0	0.41
56400	0.41	0.44	0.44	0	0	0.41
56500	0.41	0.44	0.44	0	0	0.41
56600	0.41	0.44	0.44	0	0	0.41
56700	0.41	0.44	0.44	0	0	0.41
56800	0.41	0.44	0.44	0	0	0.41
56900	0.41	0.44	0.44	0	0	0.41
57000	0.41	0.44	0.44	0	0	0.41
57100	0.41	0.45	0.45	0	0	0.41
57200	0.41	0.45	0.45	0	0	0.41
57300	0.41	0.45	0.45	0	0	0.41
57400	0.41	0.45	0.45	0	0	0.41
57500	0.41	0.46	0.46	0	0	0.41
57600	0.41	0.46	0.46	0	0	0.41
57700	0.41	0.46	0.46	0	0	0.41
57800	0.41	0.46	0.46	0	0	0.41
57900	0.41	0.46	0.46	0	0	0.41
58000	0.41	0.46	0.46	0	0	0.41
58100	0.41	0.46	0.46	0	0	0.41
58200	0.4	0.46	0.46	0	0	0.4
58300	0.4	0.46	0.46	0	0	0.4
58400	0.4	0.46	0.46	0	0	0.4
58500	0.4	0.46	0.46	0	0	0.4
58600	0.4	0.46	0.46	0	0	0.4
58700	0.4	0.46	0.46	0	0	0.4
58800	0.4	0.47	0.47	0	0	0.4
58900	0.4	0.46	0.46	0	0	0.4
59000	0.4	0.46	0.46	0	0	0.4
59100	0.4	0.47	0.47	0	0	0.4
59200	0.4	0.47	0.47	0	0	0.4
59300	0.4	0.47	0.47	0	0	0.4
59400	0.4	0.47	0.47	0	0	0.4
59500	0.41	0.47	0.47	0	0	0.41
59600	0.4	0.47	0.47	0	0	0.4
59700	0.4	0.47	0.47	0	0	0.4
59800	0.4	0.47	0.47	0	0	0.4
59900	0.4	0.47	0.47	0	0	0.4
60000	0.4	0.47	0.47	0	0	0.4
60100	0.4	0.48	0.48	0	0	0.4
60200	0.41	0.48	0.48	0	0	0.41
60300	0.41	0.48	0.48	0	0	0.41
60400	0.41	0.48	0.48	0	0	0.41
60500	0.41	0.48	0.48	0	0	0.41
60600	0.41	0.48	0.48	0	0	0.41
60700	0.41	0.48	0.48	0	0	0.41
60800	0.41	0.49	0.49	0	0	0.41
60900	0.41	0.49	0.49	0	0	0.41
61000	0.41	0.49	0.49	0	0	0.41
61100	0.41	0.49	0.49	0	0	0.41
61200	0.4	0.49	0.49	0	0	0.4
61300	0.4	0.48	0.48	0	0	0.4
61400	0.4	0.49	0.49	0	0	0.4
61500	0.4	0.5	0.5	0	0	0.4
61600	0.4	0.5	0.5	0	0	0.4
61700	0.4	0.5	0.5	0	0	0.4
61800	0.4	0.5	0.5	0	0	0.4
61900	0.4	0.5	0.5	0	0	0.4
62000	0.4	0.5	0.5	0	0	0.4
62100	0.4	0.5	0.5	0	0	0.4
62200	0.4	0.5	0.5	0	0	0.4
62300	0.4	0.5	0.5	0	0	0.4
62400	0.4	0.5	0.5	0	0	0.4
62500	0.4	0.49	0.49	0	0	0.4
62600	0.4	0.49	0.49	0	0	0.4
62700	0.4	0.49	0.49	0	0	0.4
62800	0.4	0.49	0.49	0	0	0.4
62900	0.4	0.49	0.49	0	0	0.4
63000	0.4	0.49	0.49	0	0	0.4
63100	0.4	0.49	0.49	0	0	0.4
63200	0.4	0.49	0.49	0	0	0.4
63300	0.4	0.49	0.49	0	0	0.4
63400	0.4	0.49	0.49	0	0	0.4
63500	0.4	0.49	0.49	0	0	0.4
63600	0.4	0.49	0.49	0	0	0.4
63700	0.4	0.5	0.5	0	0	0.4
63800	0.4	0.5	0.5	0	0	0.4
63900	0.39	0.5	0.5	0	0	0.39
64000	0.39	0.49	0.49	0	0	0.39
64100	0.39	0.49	0.49	0	0	0.39
64200	0.39	0.48	0.48	0	0	0.39
64300	0.39	0.48	0.48	0	0	0.39
64400	0.39	0.48	0.48	0	0	0.39
64500	0.39	0.48	0.48	0	0	0.39
64600	0.4	0.48	0.48	0	0	0.4
64700	0.4	0.48	0.48	0	0	0.4
64800	0.4	0.48	0.48	0	0	0.4
64900	0.4	0.48	0.48	0	0	0.4
65000	0.4	0.48	0.48	0	0	0.4
65100	0.4	0.48	0.48	0	0	0.4
65200	0.41	0.48	0.48	0	0	0.41
65300	0.41	0.48	0.48	0	0	0.41
65400	0.41	0.48	0.48	0	0	0.41
65500	0.41	0.48	0.48	0	0	0.41
65600	0.41	0.48	0.48	0	0	0.41
65700	0.41	0.48	0.48	0	0	0.41
65800	0.41	0.48	0.48	0	0	0.41
65900	0.41	0.48	0.48	0	0	0.41
66000	0.41	0.48	0.48	0	0	0.41
66100	0.43	0.48	0.48	0	0	0.43
66200	0.42	0.48	0.48	0	0	0.42
66300	0.42	0.48	0.48	0	0	0.42
66400	0.42	0.48	0.48	0	0	0.42
66500	0.42	0.48	0.48	0	0	0.42
66600	0.42	0.48	0.48	0	0	0.42
66700	0.43	0.49	0.49	0	0	0.43
66800	0.43	0.49	0.49	0	0	0.43
66900	0.43	0.49	0.49	0	0	0.43
67000	0.43	0.49	0.49	0	0	0.43
67100	0.43	0.49	0.49	0	0	0.43
67200	0.43	0.49	0.49	0	0	0.43
67300	0.43	0.49	0.49	0	0	0.43
67400	0.43	0.49	0.49	0	0	0.43
67500	0.43	0.49	0.49	0	0	0.43
67600	0.43	0.49	0.49	0	0	0.43
67700	0.43	0.49	0.49	0	0	0.43
67800	0.43	0.49	0.49	0	0	0.43
67900	0.43	0.49	0.49	0	0	0.43
68000	0.43	0.49	0.49	0	0	0.43
68100	0.43	0.49	0.49	0	0	0.43
68200	0.43	0.49	0.49	0	0	0.43
68300	0.43	0.49	0.49	0	0	0.43
68400	0.43	0.49	0.49	0	0	0.43
68500	0.43	0.49	0.49	0	0	0.43
68600	0.43	0.49	0.49	0	0	0.43
68700	0.43	0.49	0.49	0	0	0.43
68800	0.43	0.49	0.49	0	0	0.43
68900	0.43	0.49	0.49	0	0	0.43
69000	0.43	0.49	0.49	0	0	0.43
69100	0.43	0.49	0.49	0	0	0.43
69200	0.43	0.49	0.49	0	0	0.43
69300	0.43	0.49	0.49	0	0	0.43
69400	0.43	0.49	0.49	0	0	0.43
69500	0.42	0.49	0.49	0	0	0.42
69600	0.42	0.49	0.49	0	0	0.42
69700	0.42	0.49	0.49	0	0	0.42
69800	0.42	0.49	0.49	0	0	0.42
69900	0.42	0.49	0.49	0	0	0.42
70000	0.42	0.49	0.49	0	0	0.42
70100	0.41	0.49	0.49	0	0	0.41
70200	0.41	0.49	0.49	0	0	0.41
70300	0.42	0.49	0.49	0	0	0.42
70400	0.42	0.49	0.49	0	0	0.42
70500	0.42	0.49	0.49	0	0	0.42
70600	0.42	0.49	0.49	0	0	0.42
70700	0.42	0.49	0.49	0	0	0.42
70800	0.42	0.49	0.49	0	0	0.42
70900	0.42	0.49	0.49	0	0	0.42
71000	0.41	0.49	0.49	0	0	0.41
71100	0.41	0.49	0.49	0	0	0.41
71200	0.42	0.49	0.49	0	0	0.42
71300	0.42	0.48	0.48	0	0	0.42
71400	0.42	0.48	0.48	0	0	0.42
71500	0.43	0.48	0.48	0	0	0.43
71600	0.43	0.48	0.48	0	0	0.43
71700	0.43	0.48	0.48	0	0	0.43
71800	0.43	0.48	0.48	0	0	0.43
71900	0.44	0.48	0.48	0	0	0.44
72000	0.44	0.48	0.48	0	0	0.44
72100	0.44	0.47	0.47	0	0	0.44
72200	0.44	0.47	0.47	0	0	0.44
72300	0.44	0.47	0.47	0	0	0.44
72400	0.45	0.47	0.47	0	0	0.45
72500	0.45	0.47	0.47	0	0	0.45
72600	0.45	0.47	0.47	0	0	0.45
72700	0.45	0.47	0.47	0	0	0.45
72800	0.45	0.47	0.47	0	0	0.45
72900	0.45	0.47	0.47	0	0	0.45
73000	0.45	0.47	0.47	0	0	0.45
73100	0.45	0.47	0.47	0	0	0.45
73200	0.45	0.47	0.47	0	0	0.45
73300	0.46	0.46	0.46	0	0	0.46
73400	0.46	0.46	0.46	0	0	0.46
73500	0.47	0.46	0.46	0	0	0.47
73600	0.48	0.46	0.46	0	0	0.48
73700	0.47	0.46	0.46	0	0	0.47
73800	0.47	0.46	0.46	0	0	0.47
73900	0.46	0.46	0.46	0	0	0.46
74000	0.46	0.46	0.46	0	0	0.46
74100	0.46	0.46	0.46	0	0	0.46
74200	0.46	0.46	0.46	0	0	0.46
74300	0.46	0.46	0.46	0	0	0.46
74400	0.46	0.47	0.47	0	0	0.46
74500	0.46	0.47	0.47	0	0	0.46
74600	0.46	0.47	0.47	0	0	0.46
74700	0.46	0.47	0.47	0	0	0.46
74800	0.46	0.47	0.47	0	0	0.46
74900	0.45	0.47	0.47	0	0	0.45
75000	0.45	0.47	0.47	0	0	0.45
75100	0.45	0.47	0.47	0	0	0.45
75200	0.45	0.47	0.47	0	0	0.45
75300	0.45	0.47	0.47	0	0	0.45
75400	0.45	0.47	0.47	0	0	0.45
75500	0.45	0.47	0.47	0	0	0.45
75600	0.45	0.47	0.47	0	0	0.45
75700	0.45	0.48	0.48	0	0	0.45
75800	0.45	0.47	0.47	0	0	0.45
75900	0.45	0.46	0.46	0	0	0.45
76000	0.45	0.46	0.46	0	0	0.45
76100	0.45	0.46	0.46	0	0	0.45
76200	0.45	0.46	0.46	0	0	0.45
76300	0.45	0.46	0.46	0	0	0.45
76400	0.45	0.46	0.46	0	0	0.45
76500	0.45	0.46	0.46	0	0	0.45
76600	0.45	0.46	0.46	0	0	0.45
76700	0.45	0.46	0.46	0	0	0.45
76800	0.46	0.45	0.45	0	0	0.46
76900	0.46	0.45	0.45	0	0	0.46
77000	0.46	0.45	0.45	0	0	0.46
77100	0.46	0.45	0.45	0	0	0.46
77200	0.46	0.45	0.45	0	0	0.46
77300	0.46	0.45	0.45	0	0	0.46
77400	0.47	0.45	0.45	0	0	0.47
77500	0.47	0.45	0.45	0	0	0.47
77600	0.48	0.46	0.46	0	0	0.48
77700	0.48	0.46	0.46	0	0	0.48
77800	0.48	0.46	0.46	0	0	0.48
77900	0.49	0.46	0.46	0	0	0.49
78000	0.49	0.46	0.46	0	0	0.49
78100	0.49	0.46	0.46	0	0	0.49
78200	0.49	0.46	0.46	0	0	0.49
78300	0.49	0.46	0.46	0	0	0.49
78400	0.49	0.46	0.46	0	0	0.49
78500	0.49	0.46	0.46	0	0	0.49
78600	0.49	0.46	0.46	0	0	0.49
78700	0.49	0.47	0.47	0	0	0.49
78800	0.48	0.47	0.47	0	0	0.48
78900	0.48	0.47	0.47	0	0	0.48
79000	0.48	0.47	0.47	0	0	0.48
79100	0.48	0.47	0.47	0	0	0.48
79200	0.48	0.47	0.47	0	0	0.48
79300	0.48	0.47	0.47	0	0	0.48
79400	0.48	0.47	0.47	0	0	0.48
79500	0.48	0.47	0.47	0	0	0.48
79600	0.48	0.47	0.47	0	0	0.48
79700	0.48	0.47	0.47	0	0	0.48
79800	0.48	0.47	0.47	0	0	0.48
79900	0.47	0.47	0.47	0	0	0.47
80000	0.47	0.47	0.47	0	0	0.47
80100	0.47	0.47	0.47	0	0	0.47
80200	0.47	0.47	0.47	0	0	0.47
80300	0.47	0.46	0.46	0	0	0.47
80400	0.47	0.46	0.46	0	0	0.47
80500	0.47	0.46	0.46	0	0	0.47
80600	0.48	0.46	0.46	0	0	0.48
80700	0.48	0.46	0.46	0	0	0.48
80800	0.48	0.46	0.46	0	0	0.48
80900	0.48	0.46	0.46	0	0	0.48
81000	0.49	0.46	0.46	0	0	0.49
81100	0.49	0.46	0.46	0	0	0.49
81200	0.49	0.46	0.46	0	0	0.49
81300	0.49	0.46	0.46	0	0	0.49
81400	0.48	0.46	0.46	0	0	0.48
81500	0.48	0.46	0.46	0	0	0.48
81600	0.47	0.46	0.46	0	0	0.47
81700	0.47	0.46	0.46	0	0	0.47
81800	0.47	0.46	0.46	0	0	0.47
81900	0.47	0.46	0.46	0	0	0.47
82000	0.47	0.46	0.46	0	0	0.47
82100	0.47	0.46	0.46	0	0	0.47
82200	0.47	0.46	0.46	0	0	0.47
82300	0.47	0.46	0.46	0	0	0.47
82400	0.47	0.46	0.46	0	0	0.47
82500	0.46	0.46	0.46	0	0	0.46
82600	0.46	0.46	0.46	0	0	0.46
82700	0.46	0.46	0.46	0	0	0.46
82800	0.46	0.46	0.46	0	0	0.46
82900	0.46	0.45	0.45	0	0	0.46
83000	0.46	0.45	0.45	0	0	0.46
83100	0.46	0.45	0.45	0	0	0.46
83200	0.46	0.45	0.45	0	0	0.46
83300	0.46	0.45	0.45	0	0	0.46
83400	0.46	0.45	0.45	0	0	0.46
83500	0.46	0.46	0.46	0	0	0.46
83600	0.47	0.45	0.45	0	0	0.47
83700	0.47	0.45	0.45	0	0	0.47
83800	0.47	0.45	0.45	0	0	0.47
83900	0.48	0.44	0.44	0	0	0.48
84000	0.48	0.44	0.44	0	0	0.48
84100	0.48	0.44	0.44	0	0	0.48
84200	0.48	0.44	0.44	0	0	0.48
84300	0.48	0.45	0.45	0	0	0.48
84400	0.49	0.45	0.45	0	0	0.49
84500	0.49	0.45	0.45	0	0	0.49
84600	0.49	0.45	0.45	0	0	0.49
84700	0.49	0.45	0.45	0	0	0.49
84800	0.49	0.46	0.46	0	0	0.49
84900	0.49	0.46	0.46	0	0	0.49
85000	0.49	0.46	0.46	0	0	0.49
85100	0.49	0.46	0.46	0	0	0.49
85200	0.5	0.46	0.46	0	0	0.5
85300	0.5	0.46	0.46	0	0	0.5
85400	0.5	0.46	0.46	0	0	0.5
85500	0.49	0.46	0.46	0	0	0.49
85600	0.48	0.46	0.46	0	0	0.48
85700	0.48	0.46	0.46	0	0	0.48
85800	0.48	0.46	0.46	0	0	0.48
85900	0.48	0.46	0.46	0	0	0.48
86000	0.48	0.46	0.46	0	0	0.48
86100	0.48	0.46	0.46	0	0	0.48
86200	0.47	0.46	0.46	0	0	0.47
86300	0.47	0.46	0.46	0	0	0.47
86400	0.47	0.46	0.46	0	0	0.47
86500	0.47	0.46	0.46	0	0	0.47
86600	0.47	0.46	0.46	0	0	0.47
86700	0.47	0.46	0.46	0	0	0.47
86800	0.47	0.46	0.46	0	0	0.47
86900	0.47	0.46	0.46	0	0	0.47
87000	0.47	0.46	0.46	0	0	0.47
87100	0.47	0.46	0.46	0	0	0.47
87200	0.47	0.46	0.46	0	0	0.47
87300	0.47	0.46	0.46	0	0	0.47
87400	0.47	0.46	0.46	0	0	0.47
87500	0.47	0.46	0.46	0	0	0.47
87600	0.47	0.46	0.46	0	0	0.47
87700	0.47	0.46	0.46	0	0	0.47
87800	0.46	0.46	0.46	0	0	0.46
87900	0.46	0.46	0.46	0	0	0.46
88000	0.46	0.46	0.46	0	0	0.46
88100	0.46	0.46	0.46	0	0	0.46
88200	0.47	0.46	0.46	0	0	0.47
88300	0.47	0.46	0.46	0	0	0.47
88400	0.47	0.46	0.46	0	0	0.47
88500	0.47	0.46	0.46	0	0	0.47
88600	0.47	0.46	0.46	0	0	0.47
88700	0.47	0.46	0.46	0	0	0.47
88800	0.47	0.46	0.46	0	0	0.47
88900	0.47	0.46	0.46	0	0	0.47
89000	0.47	0.46	0.46	0	0	0.47
89100	0.47	0.47	0.47	0	0	0.47
89200	0.47	0.46	0.46	0	0	0.47
89300	0.47	0.46	0.46	0	0	0.47
89400	0.47	0.46	0.46	0	0	0.47
89500	0.47	0.46	0.46	0	0	0.47
89600	0.47	0.46	0.46	0	0	0.47
89700	0.47	0.46	0.46	0	0	0.47
89800	0.47	0.46	0.46	0	0	0.47
89900	0.47	0.46	0.46	0	0	0.47
90000	0.47	0.46	0.46	0	0	0.47
90100	0.47	0.46	0.46	0	0	0.47
90200	0.47	0.46	0.46	0	0	0.47
90300	0.47	0.46	0.46	0	0	0.47
90400	0.46	0.46	0.46	0	0	0.46
90500	0.46	0.46	0.46	0	0	0.46
90600	0.46	0.46	0.46	0	0	0.46
90700	0.46	0.46	0.46	0	0	0.46
90800	0.46	0.46	0.46	0	0	0.46
90900	0.47	0.47	0.47	0	0	0.47
91000	0.46	0.47	0.47	0	0	0.46
91100	0.46	0.46	0.46	0	0	0.46
91200	0.46	0.46	0.46	0	0	0.46
91300	0.46	0.46	0.46	0	0	0.46
91400	0.46	0.46	0.46	0	0	0.46
91500	0.47	0.46	0.46	0	0	0.47
91600	0.47	0.46	0.46	0	0	0.47
91700	0.47	0.46	0.46	0	0	0.47
91800	0.47	0.46	0.46	0	0	0.47
91900	0.47	0.46	0.46	0	0	0.47
92000	0.47	0.47	0.47	0	0	0.47
92100	0.47	0.47	0.47	0	0	0.47
92200	0.47	0.47	0.47	0	0	0.47
92300	0.46	0.47	0.47	0	0	0.46
92400	0.46	0.47	0.47	0	0	0.46
92500	0.46	0.47	0.47	0	0	0.46
92600	0.46	0.47	0.47	0	0	0.46
92700	0.46	0.47	0.47	0	0	0.46
92800	0.45	0.47	0.47	0	0	0.45
92900	0.45	0.47	0.47	0	0	0.45
93000	0.45	0.47	0.47	0	0	0.45
93100	0.45	0.47	0.47	0	0	0.45
93200	0.45	0.47	0.47	0	0	0.45
93300	0.44	0.47	0.47	0	0	0.44
93400	0.44	0.47	0.47	0	0	0.44
93500	0.44	0.47	0.47	0	0	0.44
93600	0.44	0.47	0.47	0	0	0.44
93700	0.44	0.47	0.47	0	0	0.44
93800	0.44	0.47	0.47	0	0	0.44
93900	0.44	0.47	0.47	0	0	0.44
94000	0.44	0.47	0.47	0	0	0.44
94100	0.44	0.46	0.46	0	0	0.44
94200	0.44	0.46	0.46	0	0	0.44
94300	0.44	0.46	0.46	0	0	0.44
94400	0.44	0.46	0.46	0	0	0.44
94500	0.44	0.46	0.46	0	0	0.44
94600	0.44	0.46	0.46	0	0	0.44
94700	0.45	0.46	0.46	0	0	0.45
94800	0.45	0.46	0.46	0	0	0.45
94900	0.45	0.46	0.46	0	0	0.45
95000	0.45	0.46	0.46	0	0	0.45
95100	0.45	0.47	0.47	0	0	0.45
95200	0.45	0.47	0.47	0	0	0.45
95300	0.45	0.47	0.47	0	0	0.45
95400	0.44	0.47	0.47	0	0	0.44
95500	0.44	0.47	0.47	0	0	0.44
95600	0.44	0.47	0.47	0	0	0.44
95700	0.44	0.47	0.47	0	0	0.44
95800	0.44	0.47	0.47	0	0	0.44
95900	0.44	0.47	0.47	0	0	0.44
96000	0.44	0.47	0.47	0	0	0.44
96100	0.44	0.47	0.47	0	0	0.44
96200	0.44	0.47	0.47	0	0	0.44
96300	0.44	0.47	0.47	0	0	0.44
96400	0.44	0.47	0.47	0	0	0.44
96500	0.44	0.47	0.47	0	0	0.44
96600	0.44	0.47	0.47	0	0	0.44
96700	0.45	0.47	0.47	0	0	0.45
96800	0.45	0.48	0.48	0	0	0.45
96900	0.45	0.48	0.48	0	0	0.45
97000	0.45	0.48	0.48	0	0	0.45
97100	0.45	0.48	0.48	0	0	0.45
97200	0.45	0.48	0.48	0	0	0.45
97300	0.45	0.48	0.48	0	0	0.45
97400	0.45	0.48	0.48	0	0	0.45
97500	0.46	0.48	0.48	0	0	0.46
97600	0.46	0.48	0.48	0	0	0.46
97700	0.46	0.48	0.48	0	0	0.46
97800	0.46	0.48	0.48	0	0	0.46
97900	0.46	0.48	0.48	0	0	0.46
98000	0.46	0.48	0.48	0	0	0.46
98100	0.46	0.48	0.48	0	0	0.46
98200	0.47	0.48	0.48	0	0	0.47
98300	0.47	0.48	0.48	0	0	0.47
98400	0.46	0.48	0.48	0	0	0.46
98500	0.46	0.48	0.48	0	0	0.46
98600	0.46	0.48	0.48	0	0	0.46
98700	0.46	0.48	0.48	0	0	0.46
98800	0.45	0.48	0.48	0	0	0.45
98900	0.45	0.48	0.48	0	0	0.45
99000	0.44	0.48	0.48	0	0	0.44
99100	0.44	0.48	0.48	0	0	0.44
99200	0.44	0.48	0.48	0	0	0.44
99300	0.44	0.48	0.48	0	0	0.44
99400	0.44	0.48	0.48	0	0	0.44
99500	0.44	0.48	0.48	0	0	0.44
99600	0.43	0.48	0.48	0	0	0.43
99700	0.43	0.48	0.48	0	0	0.43
99800	0.43	0.48	0.48	0	0	0.43
99900	0.43	0.47	0.47	0	0	0.43
100000	0.43	0.47	0.47	0	0	0.43
