100	0.1	0.08	0.08	0	0	0.1
200	0.12	0.1	0.1	0	0	0.12
300	0.14	0.12	0.12	0	0	0.14
400	0.15	0.14	0.14	0	0	0.15
500	0.16	0.15	0.15	0	0	0.16
600	0.16	0.16	0.16	0	0	0.16
700	0.17	0.16	0.16	0	0	0.17
800	0.17	0.17	0.17	0	0	0.17
900	0.18	0.18	0.18	0	0	0.18
1000	0.2	0.18	0.18	0	0	0.2
1100	0.2	0.18	0.18	0	0	0.2
1200	0.21	0.18	0.18	0	0	0.21
1300	0.21	0.21	0.21	0	0	0.21
1400	0.2	0.23	0.23	0	0	0.2
1500	0.23	0.23	0.23	0	0	0.23
1600	0.23	0.24	0.24	0	0	0.23
1700	0.24	0.26	0.26	0	0	0.24
1800	0.24	0.25	0.25	0	0	0.24
1900	0.26	0.25	0.25	0	0	0.26
2000	0.27	0.27	0.27	0	0	0.27
2100	0.25	0.26	0.26	0	0	0.25
2200	0.25	0.26	0.26	0	0	0.25
2300	0.25	0.26	0.26	0	0	0.25
2400	0.25	0.26	0.26	0	0	0.25
2500	0.26	0.26	0.26	0	0	0.26
2600	0.28	0.27	0.27	0	0	0.28
2700	0.3	0.27	0.27	0	0	0.3
2800	0.31	0.27	0.27	0	0	0.31
2900	0.31	0.27	0.27	0	0	0.31
3000	0.31	0.27	0.27	0	0	0.31
3100	0.32	0.27	0.27	0	0	0.32
3200	0.32	0.28	0.28	0	0	0.32
3300	0.33	0.29	0.29	0	0	0.33
3400	0.31	0.29	0.29	0	0	0.31
3500	0.3	0.3	0.3	0	0	0.3
3600	0.31	0.3	0.3	0	0	0.31
3700	0.31	0.32	0.32	0	0	0.31
3800	0.32	0.32	0.32	0	0	0.32
3900	0.32	0.33	0.33	0	0	0.32
4000	0.32	0.33	0.33	0	0	0.32
4100	0.33	0.33	0.33	0	0	0.33
4200	0.35	0.33	0.33	0	0	0.35
4300	0.36	0.33	0.33	0	0	0.36
4400	0.37	0.33	0.33	0	0	0.37
4500	0.38	0.35	0.35	0	0	0.38
4600	0.38	0.35	0.35	0	0	0.38
4700	0.38	0.35	0.35	0	0	0.38
4800	0.39	0.35	0.35	0	0	0.39
4900	0.39	0.36	0.36	0	0	0.39
5000	0.39	0.36	0.36	0	0	0.39
5100	0.39	0.36	0.36	0	0	0.39
5200	0.38	0.38	0.38	0	0	0.38
5300	0.38	0.38	0.38	0	0	0.38
5400	0.39	0.38	0.38	0	0	0.39
5500	0.39	0.38	0.38	0	0	0.39
5600	0.4	0.38	0.38	0	0	0.4
5700	0.4	0.39	0.39	0	0	0.4
5800	0.4	0.39	0.39	0	0	0.4
5900	0.41	0.39	0.39	0	0	0.41
6000	0.4	0.39	0.39	0	0	0.4
6100	0.39	0.39	0.39	0	0	0.39
6200	0.39	0.39	0.39	0	0	0.39
6300	0.38	0.39	0.39	0	0	0.38
6400	0.37	0.39	0.39	0	0	0.37
6500	0.37	0.38	0.38	0	0	0.37
6600	0.37	0.36	0.36	0	0	0.37
6700	0.38	0.36	0.36	0	0	0.38
6800	0.38	0.36	0.36	0	0	0.38
6900	0.38	0.37	0.37	0	0	0.38
7000	0.38	0.38	0.38	0	0	0.38
7100	0.37	0.38	0.38	0	0	0.37
7200	0.37	0.39	0.39	0	0	0.37
7300	0.39	0.4	0.4	0	0	0.39
7400	0.39	0.41	0.41	0	0	0.39
7500	0.39	0.41	0.41	0	0	0.39
7600	0.39	0.41	0.41	0	0	0.39
7700	0.38	0.42	0.42	0	0	0.38
7800	0.39	0.42	0.42	0	0	0.39
7900	0.39	0.43	0.43	0	0	0.39
8000	0.39	0.43	0.43	0	0	0.39
8100	0.39	0.43	0.43	0	0	0.39
8200	0.38	0.43	0.43	0	0	0.38
8300	0.39	0.42	0.42	0	0	0.39
8400	0.39	0.43	0.43	0	0	0.39
8500	0.4	0.43	0.43	0	0	0.4
8600	0.39	0.43	0.43	0	0	0.39
8700	0.39	0.45	0.45	0	0	0.39
8800	0.39	0.44	0.44	0	0	0.39
8900	0.39	0.44	0.44	0	0	0.39
9000	0.39	0.44	0.44	0	0	0.39
9100	0.39	0.44	0.44	0	0	0.39
9200	0.39	0.44	0.44	0	0	0.39
9300	0.39	0.44	0.44	0	0	0.39
9400	0.39	0.44	0.44	0	0	0.39
9500	0.37	0.44	0.44	0	0	0.37
9600	0.38	0.45	0.45	0	0	0.38
9700	0.38	0.46	0.46	0	0	0.38
9800	0.38	0.46	0.46	0	0	0.38
9900	0.38	0.46	0.46	0	0	0.38
10000	0.38	0.46	0.46	0	0	0.38
10100	0.39	0.46	0.46	0	0	0.39
10200	0.38	0.46	0.46	0	0	0.38
10300	0.38	0.47	0.47	0	0	0.38
10400	0.37	0.47	0.47	0	0	0.37
10500	0.36	0.47	0.47	0	0	0.36
10600	0.36	0.46	0.46	0	0	0.36
10700	0.37	0.46	0.46	0	0	0.37
10800	0.37	0.46	0.46	0	0	0.37
10900	0.37	0.46	0.46	0	0	0.37
11000	0.37	0.46	0.46	0	0	0.37
11100	0.39	0.46	0.46	0	0	0.39
11200	0.39	0.46	0.46	0	0	0.39
11300	0.39	0.46	0.46	0	0	0.39
11400	0.39	0.46	0.46	0	0	0.39
11500	0.4	0.46	0.46	0	0	0.4
11600	0.4	0.46	0.46	0	0	0.4
11700	0.4	0.46	0.46	0	0	0.4
11800	0.4	0.46	0.46	0	0	0.4
11900	0.4	0.46	0.46	0	0	0.4
12000	0.39	0.46	0.46	0	0	0.39
12100	0.38	0.46	0.46	0	0	0.38
12200	0.38	0.46	0.46	0	0	0.38
12300	0.38	0.46	0.46	0	0	0.38
12400	0.38	0.46	0.46	0	0	0.38
12500	0.39	0.46	0.46	0	0	0.39
12600	0.39	0.46	0.46	0	0	0.39
12700	0.39	0.46	0.46	0	0	0.39
12800	0.39	0.46	0.46	0	0	0.39
12900	0.39	0.47	0.47	0	0	0.39
13000	0.39	0.47	0.47	0	0	0.39
13100	0.39	0.47	0.47	0	0	0.39
13200	0.39	0.47	0.47	0	0	0.39
13300	0.39	0.47	0.47	0	0	0.39
13400	0.39	0.47	0.47	0	0	0.39
13500	0.39	0.47	0.47	0	0	0.39
13600	0.38	0.47	0.47	0	0	0.38
13700	0.38	0.47	0.47	0	0	0.38
13800	0.38	0.48	0.48	0	0	0.38
13900	0.38	0.48	0.48	0	0	0.38
14000	0.38	0.48	0.48	0	0	0.38
14100	0.38	0.48	0.48	0	0	0.38
14200	0.38	0.48	0.48	0	0	0.38
14300	0.37	0.48	0.48	0	0	0.37
14400	0.37	0.48	0.48	0	0	0.37
14500	0.37	0.47	0.47	0	0	0.37
14600	0.38	0.47	0.47	0	0	0.38
14700	0.38	0.47	0.47	0	0	0.38
14800	0.38	0.47	0.47	0	0	0.38
14900	0.38	0.48	0.48	0	0	0.38
15000	0.38	0.48	0.48	0	0	0.38
15100	0.38	0.48	0.48	0	0	0.38
15200	0.38	0.48	0.48	0	0	0.38
15300	0.38	0.48	0.48	0	0	0.38
15400	0.37	0.48	0.48	0	0	0.37
15500	0.37	0.48	0.48	0	0	0.37
15600	0.37	0.48	0.48	0	0	0.37
15700	0.37	0.49	0.49	0	0	0.37
15800	0.37	0.49	0.49	0	0	0.37
15900	0.37	0.49	0.49	0	0	0.37
16000	0.36	0.49	0.49	0	0	0.36
16100	0.36	0.49	0.49	0	0	0.36
16200	0.36	0.49	0.49	0	0	0.36
16300	0.37	0.5	0.5	0	0	0.37
16400	0.36	0.5	0.5	0	0	0.36
16500	0.36	0.51	0.51	0	0	0.36
16600	0.36	0.51	0.51	0	0	0.36
16700	0.36	0.51	0.51	0	0	0.36
16800	0.36	0.51	0.51	0	0	0.36
16900	0.36	0.51	0.51	0	0	0.36
17000	0.36	0.51	0.51	0	0	0.36
17100	0.36	0.51	0.51	0	0	0.36
17200	0.36	0.51	0.51	0	0	0.36
17300	0.36	0.51	0.51	0	0	0.36
17400	0.36	0.51	0.51	0	0	0.36
17500	0.36	0.51	0.51	0	0	0.36
17600	0.36	0.51	0.51	0	0	0.36
17700	0.37	0.51	0.51	0	0	0.37
17800	0.37	0.51	0.51	0	0	0.37
17900	0.37	0.51	0.51	0	0	0.37
18000	0.37	0.51	0.51	0	0	0.37
18100	0.38	0.51	0.51	0	0	0.38
18200	0.38	0.51	0.51	0	0	0.38
18300	0.38	0.51	0.51	0	0	0.38
18400	0.38	0.51	0.51	0	0	0.38
18500	0.38	0.51	0.51	0	0	0.38
18600	0.38	0.51	0.51	0	0	0.38
18700	0.38	0.51	0.51	0	0	0.38
18800	0.38	0.51	0.51	0	0	0.38
18900	0.38	0.51	0.51	0	0	0.38
19000	0.37	0.5	0.5	0	0	0.37
19100	0.37	0.49	0.49	0	0	0.37
19200	0.37	0.49	0.49	0	0	0.37
19300	0.37	0.5	0.5	0	0	0.37
19400	0.37	0.49	0.49	0	0	0.37
19500	0.37	0.49	0.49	0	0	0.37
19600	0.37	0.49	0.49	0	0	0.37
19700	0.37	0.49	0.49	0	0	0.37
19800	0.37	0.48	0.48	0	0	0.37
19900	0.37	0.46	0.46	0	0	0.37
20000	0.37	0.46	0.46	0	0	0.37
20100	0.37	0.46	0.46	0	0	0.37
20200	0.37	0.46	0.46	0	0	0.37
20300	0.37	0.46	0.46	0	0	0.37
20400	0.38	0.46	0.46	0	0	0.38
20500	0.38	0.46	0.46	0	0	0.38
20600	0.39	0.46	0.46	0	0	0.39
20700	0.38	0.45	0.45	0	0	0.38
20800	0.38	0.45	0.45	0	0	0.38
20900	0.38	0.45	0.45	0	0	0.38
21000	0.38	0.45	0.45	0	0	0.38
21100	0.38	0.45	0.45	0	0	0.38
21200	0.38	0.44	0.44	0	0	0.38
21300	0.38	0.44	0.44	0	0	0.38
21400	0.38	0.44	0.44	0	0	0.38
21500	0.38	0.44	0.44	0	0	0.38
21600	0.38	0.44	0.44	0	0	0.38
21700	0.38	0.44	0.44	0	0	0.38
21800	0.39	0.43	0.43	0	0	0.39
21900	0.39	0.43	0.43	0	0	0.39
22000	0.39	0.43	0.43	0	0	0.39
22100	0.39	0.42	0.42	0	0	0.39
22200	0.39	0.43	0.43	0	0	0.39
22300	0.39	0.42	0.42	0	0	0.39
22400	0.39	0.43	0.43	0	0	0.39
22500	0.4	0.43	0.43	0	0	0.4
22600	0.4	0.43	0.43	0	0	0.4
22700	0.4	0.43	0.43	0	0	0.4
22800	0.4	0.44	0.44	0	0	0.4
22900	0.4	0.43	0.43	0	0	0.4
23000	0.4	0.43	0.43	0	0	0.4
23100	0.4	0.43	0.43	0	0	0.4
23200	0.39	0.43	0.43	0	0	0.39
23300	0.39	0.43	0.43	0	0	0.39
23400	0.4	0.44	0.44	0	0	0.4
23500	0.4	0.44	0.44	0	0	0.4
23600	0.4	0.45	0.45	0	0	0.4
23700	0.4	0.45	0.45	0	0	0.4
23800	0.4	0.45	0.45	0	0	0.4
23900	0.4	0.45	0.45	0	0	0.4
24000	0.4	0.45	0.45	0	0	0.4
24100	0.4	0.45	0.45	0	0	0.4
24200	0.4	0.44	0.44	0	0	0.4
24300	0.4	0.44	0.44	0	0	0.4
24400	0.4	0.44	0.44	0	0	0.4
24500	0.4	0.44	0.44	0	0	0.4
24600	0.4	0.44	0.44	0	0	0.4
24700	0.4	0.44	0.44	0	0	0.4
24800	0.4	0.44	0.44	0	0	0.4
24900	0.4	0.45	0.45	0	0	0.4
25000	0.4	0.45	0.45	0	0	0.4
25100	0.4	0.45	0.45	0	0	0.4
25200	0.4	0.46	0.46	0	0	0.4
25300	0.4	0.46	0.46	0	0	0.4
25400	0.4	0.46	0.46	0	0	0.4
25500	0.41	0.47	0.47	0	0	0.41
25600	0.41	0.47	0.47	0	0	0.41
25700	0.41	0.47	0.47	0	0	0.41
25800	0.4	0.47	0.47	0	0	0.4
25900	0.4	0.47	0.47	0	0	0.4
26000	0.4	0.47	0.47	0	0	0.4
26100	0.4	0.48	0.48	0	0	0.4
26200	0.4	0.48	0.48	0	0	0.4
26300	0.4	0.48	0.48	0	0	0.4
26400	0.4	0.48	0.48	0	0	0.4
26500	0.4	0.48	0.48	0	0	0.4
26600	0.4	0.48	0.48	0	0	0.4
26700	0.4	0.48	0.48	0	0	0.4
26800	0.38	0.47	0.47	0	0	0.38
26900	0.38	0.47	0.47	0	0	0.38
27000	0.37	0.48	0.48	0	0	0.37
27100	0.37	0.48	0.48	0	0	0.37
27200	0.37	0.48	0.48	0	0	0.37
27300	0.37	0.48	0.48	0	0	0.37
27400	0.37	0.48	0.48	0	0	0.37
27500	0.37	0.48	0.48	0	0	0.37
27600	0.37	0.48	0.48	0	0	0.37
27700	0.37	0.48	0.48	0	0	0.37
27800	0.37	0.48	0.48	0	0	0.37
27900	0.37	0.48	0.48	0	0	0.37
28000	0.37	0.48	0.48	0	0	0.37
28100	0.37	0.48	0.48	0	0	0.37
28200	0.36	0.49	0.49	0	0	0.36
28300	0.37	0.49	0.49	0	0	0.37
28400	0.37	0.49	0.49	0	0	0.37
28500	0.37	0.49	0.49	0	0	0.37
28600	0.37	0.49	0.49	0	0	0.37
28700	0.37	0.48	0.48	0	0	0.37
28800	0.37	0.48	0.48	0	0	0.37
28900	0.37	0.48	0.48	0	0	0.37
29000	0.37	0.48	0.48	0	0	0.37
29100	0.37	0.48	0.48	0	0	0.37
29200	0.38	0.49	0.49	0	0	0.38
29300	0.37	0.48	0.48	0	0	0.37
29400	0.37	0.48	0.48	0	0	0.37
29500	0.37	0.48	0.48	0	0	0.37
29600	0.37	0.48	0.48	0	0	0.37
29700	0.37	0.48	0.48	0	0	0.37
29800	0.39	0.48	0.48	0	0	0.39
29900	0.4	0.48	0.48	0	0	0.4
30000	0.39	0.48	0.48	0	0	0.39
30100	0.39	0.49	0.49	0	0	0.39
30200	0.39	0.49	0.49	0	0	0.39
30300	0.39	0.49	0.49	0	0	0.39
30400	0.39	0.49	0.49	0	0	0.39
30500	0.39	0.49	0.49	0	0	0.39
30600	0.39	0.49	0.49	0	0	0.39
30700	0.39	0.49	0.49	0	0	0.39
30800	0.39	0.49	0.49	0	0	0.39
30900	0.39	0.49	0.49	0	0	0.39
31000	0.39	0.49	0.49	0	0	0.39
31100	0.39	0.49	0.49	0	0	0.39
31200	0.39	0.49	0.49	0	0	0.39
31300	0.39	0.48	0.48	0	0	0.39
31400	0.39	0.48	0.48	0	0	0.39
31500	0.39	0.48	0.48	0	0	0.39
31600	0.39	0.49	0.49	0	0	0.39
31700	0.39	0.49	0.49	0	0	0.39
31800	0.39	0.49	0.49	0	0	0.39
31900	0.39	0.49	0.49	0	0	0.39
32000	0.39	0.49	0.49	0	0	0.39
32100	0.39	0.49	0.49	0	0	0.39
32200	0.39	0.49	0.49	0	0	0.39
32300	0.39	0.49	0.49	0	0	0.39
32400	0.39	0.49	0.49	0	0	0.39
32500	0.39	0.48	0.48	0	0	0.39
32600	0.39	0.48	0.48	0	0	0.39
32700	0.39	0.48	0.48	0	0	0.39
32800	0.39	0.48	0.48	0	0	0.39
32900	0.4	0.47	0.47	0	0	0.4
33000	0.4	0.47	0.47	0	0	0.4
33100	0.4	0.47	0.47	0	0	0.4
33200	0.4	0.47	0.47	0	0	0.4
33300	0.4	0.47	0.47	0	0	0.4
33400	0.4	0.47	0.47	0	0	0.4
33500	0.4	0.47	0.47	0	0	0.4
33600	0.4	0.47	0.47	0	0	0.4
33700	0.41	0.47	0.47	0	0	0.41
33800	0.41	0.47	0.47	0	0	0.41
33900	0.41	0.47	0.47	0	0	0.41
34000	0.41	0.47	0.47	0	0	0.41
34100	0.41	0.46	0.46	0	0	0.41
34200	0.41	0.46	0.46	0	0	0.41
34300	0.41	0.46	0.46	0	0	0.41
34400	0.41	0.46	0.46	0	0	0.41
34500	0.41	0.46	0.46	0	0	0.41
34600	0.41	0.45	0.45	0	0	0.41
34700	0.41	0.45	0.45	0	0	0.41
34800	0.41	0.45	0.45	0	0	0.41
34900	0.41	0.45	0.45	0	0	0.41
35000	0.41	0.46	0.46	0	0	0.41
35100	0.42	0.46	0.46	0	0	0.42
35200	0.42	0.47	0.47	0	0	0.42
35300	0.42	0.47	0.47	0	0	0.42
35400	0.42	0.47	0.47	0	0	0.42
35500	0.42	0.47	0.47	0	0	0.42
35600	0.42	0.47	0.47	0	0	0.42
35700	0.42	0.47	0.47	0	0	0.42
35800	0.42	0.47	0.47	0	0	0.42
35900	0.42	0.47	0.47	0	0	0.42
36000	0.42	0.47	0.47	0	0	0.42
36100	0.42	0.47	0.47	0	0	0.42
36200	0.43	0.47	0.47	0	0	0.43
36300	0.43	0.47	0.47	0	0	0.43
36400	0.43	0.47	0.47	0	0	0.43
36500	0.42	0.47	0.47	0	0	0.42
36600	0.42	0.47	0.47	0	0	0.42
36700	0.42	0.47	0.47	0	0	0.42
36800	0.42	0.47	0.47	0	0	0.42
36900	0.42	0.47	0.47	0	0	0.42
37000	0.42	0.48	0.48	0	0	0.42
37100	0.42	0.48	0.48	0	0	0.42
37200	0.42	0.48	0.48	0	0	0.42
37300	0.41	0.49	0.49	0	0	0.41
37400	0.41	0.49	0.49	0	0	0.41
37500	0.41	0.49	0.49	0	0	0.41
37600	0.41	0.49	0.49	0	0	0.41
37700	0.42	0.49	0.49	0	0	0.42
37800	0.42	0.49	0.49	0	0	0.42
37900	0.42	0.49	0.49	0	0	0.42
38000	0.42	0.49	0.49	0	0	0.42
38100	0.41	0.49	0.49	0	0	0.41
38200	0.41	0.49	0.49	0	0	0.41
38300	0.41	0.48	0.48	0	0	0.41
38400	0.41	0.48	0.48	0	0	0.41
38500	0.41	0.48	0.48	0	0	0.41
38600	0.41	0.48	0.48	0	0	0.41
38700	0.41	0.48	0.48	0	0	0.41
38800	0.41	0.47	0.47	0	0	0.41
38900	0.41	0.47	0.47	0	0	0.41
39000	0.41	0.47	0.47	0	0	0.41
39100	0.41	0.46	0.46	0	0	0.41
39200	0.41	0.46	0.46	0	0	0.41
39300	0.41	0.46	0.46	0	0	0.41
39400	0.41	0.46	0.46	0	0	0.41
39500	0.41	0.46	0.46	0	0	0.41
39600	0.41	0.46	0.46	0	0	0.41
39700	0.41	0.46	0.46	0	0	0.41
39800	0.41	0.46	0.46	0	0	0.41
39900	0.41	0.46	0.46	0	0	0.41
40000	0.41	0.47	0.47	0	0	0.41
40100	0.41	0.47	0.47	0	0	0.41
40200	0.41	0.47	0.47	0	0	0.41
40300	0.41	0.47	0.47	0	0	0.41
40400	0.41	0.47	0.47	0	0	0.41
40500	0.41	0.47	0.47	0	0	0.41
40600	0.41	0.47	0.47	0	0	0.41
40700	0.41	0.47	0.47	0	0	0.41
40800	0.4	0.47	0.47	0	0	0.4
40900	0.4	0.47	0.47	0	0	0.4
41000	0.4	0.47	0.47	0	0	0.4
41100	0.4	0.47	0.47	0	0	0.4
41200	0.4	0.48	0.48	0	0	0.4
41300	0.4	0.49	0.49	0	0	0.4
41400	0.4	0.49	0.49	0	0	0.4
41500	0.4	0.49	0.49	0	0	0.4
41600	0.41	0.49	0.49	0	0	0.41
41700	0.41	0.49	0.49	0	0	0.41
41800	0.41	0.49	0.49	0	0	0.41
41900	0.41	0.5	0.5	0	0	0.41
42000	0.41	0.49	0.49	0	0	0.41
42100	0.41	0.49	0.49	0	0	0.41
42200	0.41	0.49	0.49	0	0	0.41
42300	0.4	0.49	0.49	0	0	0.4
42400	0.41	0.49	0.49	0	0	0.41
42500	0.41	0.49	0.49	0	0	0.41
42600	0.41	0.49	0.49	0	0	0.41
42700	0.42	0.49	0.49	0	0	0.42
42800	0.42	0.49	0.49	0	0	0.42
42900	0.42	0.49	0.49	0	0	0.42
43000	0.41	0.48	0.48	0	0	0.41
43100	0.4	0.48	0.48	0	0	0.4
43200	0.4	0.48	0.48	0	0	0.4
43300	0.4	0.48	0.48	0	0	0.4
43400	0.4	0.48	0.48	0	0	0.4
43500	0.4	0.48	0.48	0	0	0.4
43600	0.4	0.48	0.48	0	0	0.4
43700	0.4	0.47	0.47	0	0	0.4
43800	0.4	0.46	0.46	0	0	0.4
43900	0.4	0.46	0.46	0	0	0.4
44000	0.4	0.46	0.46	0	0	0.4
44100	0.4	0.46	0.46	0	0	0.4
44200	0.4	0.46	0.46	0	0	0.4
44300	0.4	0.46	0.46	0	0	0.4
44400	0.4	0.46	0.46	0	0	0.4
44500	0.4	0.46	0.46	0	0	0.4
44600	0.4	0.47	0.47	0	0	0.4
44700	0.4	0.47	0.47	0	0	0.4
44800	0.41	0.47	0.47	0	0	0.41
44900	0.42	0.47	0.47	0	0	0.42
45000	0.42	0.47	0.47	0	0	0.42
45100	0.42	0.47	0.47	0	0	0.42
45200	0.42	0.47	0.47	0	0	0.42
45300	0.42	0.47	0.47	0	0	0.42
45400	0.42	0.47	0.47	0	0	0.42
45500	0.42	0.48	0.48	0	0	0.42
45600	0.42	0.48	0.48	0	0	0.42
45700	0.42	0.48	0.48	0	0	0.42
45800	0.42	0.48	0.48	0	0	0.42
45900	0.42	0.48	0.48	0	0	0.42
46000	0.42	0.48	0.48	0	0	0.42
46100	0.42	0.48	0.48	0	0	0.42
46200	0.42	0.48	0.48	0	0	0.42
46300	0.42	0.48	0.48	0	0	0.42
46400	0.43	0.48	0.48	0	0	0.43
46500	0.43	0.48	0.48	0	0	0.43
46600	0.43	0.48	0.48	0	0	0.43
46700	0.43	0.48	0.48	0	0	0.43
46800	0.43	0.48	0.48	0	0	0.43
46900	0.43	0.49	0.49	0	0	0.43
47000	0.43	0.49	0.49	0	0	0.43
47100	0.43	0.49	0.49	0	0	0.43
47200	0.43	0.49	0.49	0	0	0.43
47300	0.43	0.49	0.49	0	0	0.43
47400	0.43	0.5	0.5	0	0	0.43
47500	0.43	0.5	0.5	0	0	0.43
47600	0.42	0.5	0.5	0	0	0.42
47700	0.42	0.5	0.5	0	0	0.42
47800	0.42	0.5	0.5	0	0	0.42
47900	0.42	0.5	0.5	0	0	0.42
48000	0.42	0.51	0.51	0	0	0.42
48100	0.42	0.51	0.51	0	0	0.42
48200	0.42	0.51	0.51	0	0	0.42
48300	0.42	0.51	0.51	0	0	0.42
48400	0.42	0.51	0.51	0	0	0.42
48500	0.42	0.51	0.51	0	0	0.42
48600	0.42	0.5	0.5	0	0	0.42
48700	0.42	0.5	0.5	0	0	0.42
48800	0.42	0.5	0.5	0	0	0.42
48900	0.42	0.49	0.49	0	0	0.42
49000	0.42	0.49	0.49	0	0	0.42
49100	0.42	0.49	0.49	0	0	0.42
49200	0.42	0.49	0.49	0	0	0.42
49300	0.42	0.49	0.49	0	0	0.42
49400	0.42	0.49	0.49	0	0	0.42
49500	0.42	0.49	0.49	0	0	0.42
49600	0.42	0.49	0.49	0	0	0.42
49700	0.42	0.49	0.49	0	0	0.42
49800	0.42	0.49	0.49	0	0	0.42
49900	0.42	0.49	0.49	0	0	0.42
50000	0.42	0.49	0.49	0	0	0.42
50100	0.42	0.49	0.49	0	0	0.42
50200	0.42	0.49	0.49	0	0	0.42
50300	0.42	0.48	0.48	0	0	0.42
50400	0.42	0.48	0.48	0	0	0.42
50500	0.42	0.48	0.48	0	0	0.42
50600	0.42	0.46	0.46	0	0	0.42
50700	0.43	0.46	0.46	0	0	0.43
50800	0.43	0.46	0.46	0	0	0.43
50900	0.43	0.46	0.46	0	0	0.43
51000	0.44	0.46	0.46	0	0	0.44
51100	0.43	0.47	0.47	0	0	0.43
51200	0.43	0.47	0.47	0	0	0.43
51300	0.43	0.47	0.47	0	0	0.43
51400	0.43	0.47	0.47	0	0	0.43
51500	0.43	0.47	0.47	0	0	0.43
51600	0.43	0.48	0.48	0	0	0.43
51700	0.44	0.48	0.48	0	0	0.44
51800	0.44	0.48	0.48	0	0	0.44
51900	0.44	0.48	0.48	0	0	0.44
52000	0.44	0.48	0.48	0	0	0.44
52100	0.44	0.48	0.48	0	0	0.44
52200	0.44	0.48	0.48	0	0	0.44
52300	0.44	0.48	0.48	0	0	0.44
52400	0.45	0.48	0.48	0	0	0.45
52500	0.45	0.47	0.47	0	0	0.45
52600	0.45	0.47	0.47	0	0	0.45
52700	0.45	0.47	0.47	0	0	0.45
52800	0.45	0.47	0.47	0	0	0.45
52900	0.45	0.47	0.47	0	0	0.45
53000	0.45	0.47	0.47	0	0	0.45
53100	0.45	0.46	0.46	0	0	0.45
53200	0.45	0.45	0.45	0	0	0.45
53300	0.45	0.45	0.45	0	0	0.45
53400	0.44	0.45	0.45	0	0	0.44
53500	0.44	0.45	0.45	0	0	0.44
53600	0.45	0.45	0.45	0	0	0.45
53700	0.45	0.45	0.45	0	0	0.45
53800	0.45	0.45	0.45	0	0	0.45
53900	0.46	0.45	0.45	0	0	0.46
54000	0.46	0.45	0.45	0	0	0.46
54100	0.46	0.45	0.45	0	0	0.46
54200	0.46	0.45	0.45	0	0	0.46
54300	0.46	0.45	0.45	0	0	0.46
54400	0.45	0.45	0.45	0	0	0.45
54500	0.45	0.45	0.45	0	0	0.45
54600	0.45	0.45	0.45	0	0	0.45
54700	0.45	0.45	0.45	0	0	0.45
54800	0.45	0.45	0.45	0	0	0.45
54900	0.46	0.45	0.45	0	0	0.46
55000	0.46	0.45	0.45	0	0	0.46
55100	0.47	0.45	0.45	0	0	0.47
55200	0.47	0.45	0.45	0	0	0.47
55300	0.47	0.45	0.45	0	0	0.47
55400	0.47	0.45	0.45	0	0	0.47
55500	0.47	0.45	0.45	0	0	0.47
55600	0.47	0.45	0.45	0	0	0.47
55700	0.47	0.44	0.44	0	0	0.47
55800	0.47	0.44	0.44	0	0	0.47
55900	0.47	0.44	0.44	0	0	0.47
56000	0.47	0.44	0.44	0	0	0.47
56100	0.47	0.44	0.44	0	0	0.47
56200	0.48	0.44	0.44	0	0	0.48
56300	0.47	0.45	0.45	0	0	0.47
56400	0.47	0.45	0.45	0	0	0.47
56500	0.46	0.45	0.45	0	0	0.46
56600	0.46	0.45	0.45	0	0	0.46
56700	0.46	0.45	0.45	0	0	0.46
56800	0.46	0.45	0.45	0	0	0.46
56900	0.46	0.45	0.45	0	0	0.46
57000	0.46	0.45	0.45	0	0	0.46
57100	0.46	0.45	0.45	0	0	0.46
57200	0.45	0.45	0.45	0	0	0.45
57300	0.44	0.45	0.45	0	0	0.44
57400	0.44	0.45	0.45	0	0	0.44
57500	0.44	0.45	0.45	0	0	0.44
57600	0.44	0.45	0.45	0	0	0.44
57700	0.44	0.45	0.45	0	0	0.44
57800	0.45	0.46	0.46	0	0	0.45
57900	0.45	0.46	0.46	0	0	0.45
58000	0.44	0.47	0.47	0	0	0.44
58100	0.44	0.47	0.47	0	0	0.44
58200	0.44	0.47	0.47	0	0	0.44
58300	0.45	0.47	0.47	0	0	0.45
58400	0.45	0.47	0.47	0	0	0.45
58500	0.45	0.47	0.47	0	0	0.45
58600	0.45	0.47	0.47	0	0	0.45
58700	0.45	0.47	0.47	0	0	0.45
58800	0.45	0.47	0.47	0	0	0.45
58900	0.46	0.47	0.47	0	0	0.46
59000	0.47	0.47	0.47	0	0	0.47
59100	0.47	0.47	0.47	0	0	0.47
59200	0.47	0.47	0.47	0	0	0.47
59300	0.47	0.47	0.47	0	0	0.47
59400	0.47	0.47	0.47	0	0	0.47
59500	0.47	0.47	0.47	0	0	0.47
59600	0.47	0.47	0.47	0	0	0.47
59700	0.47	0.47	0.47	0	0	0.47
59800	0.47	0.47	0.47	0	0	0.47
59900	0.47	0.47	0.47	0	0	0.47
60000	0.47	0.47	0.47	0	0	0.47
60100	0.47	0.47	0.47	0	0	0.47
60200	0.47	0.47	0.47	0	0	0.47
60300	0.47	0.47	0.47	0	0	0.47
60400	0.47	0.47	0.47	0	0	0.47
60500	0.46	0.47	0.47	0	0	0.46
60600	0.46	0.47	0.47	0	0	0.46
60700	0.46	0.47	0.47	0	0	0.46
60800	0.46	0.47	0.47	0	0	0.46
60900	0.46	0.47	0.47	0	0	0.46
61000	0.45	0.47	0.47	0	0	0.45
61100	0.45	0.47	0.47	0	0	0.45
61200	0.45	0.47	0.47	0	0	0.45
61300	0.45	0.47	0.47	0	0	0.45
61400	0.45	0.47	0.47	0	0	0.45
61500	0.44	0.46	0.46	0	0	0.44
61600	0.44	0.46	0.46	0	0	0.44
61700	0.44	0.46	0.46	0	0	0.44
61800	0.44	0.46	0.46	0	0	0.44
61900	0.44	0.45	0.45	0	0	0.44
62000	0.43	0.45	0.45	0	0	0.43
62100	0.43	0.45	0.45	0	0	0.43
62200	0.43	0.45	0.45	0	0	0.43
62300	0.43	0.45	0.45	0	0	0.43
62400	0.44	0.45	0.45	0	0	0.44
62500	0.44	0.45	0.45	0	0	0.44
62600	0.44	0.45	0.45	0	0	0.44
62700	0.44	0.45	0.45	0	0	0.44
62800	0.44	0.45	0.45	0	0	0.44
62900	0.44	0.45	0.45	0	0	0.44
63000	0.44	0.45	0.45	0	0	0.44
63100	0.44	0.45	0.45	0	0	0.44
63200	0.44	0.45	0.45	0	0	0.44
63300	0.44	0.45	0.45	0	0	0.44
63400	0.44	0.44	0.44	0	0	0.44
63500	0.44	0.44	0.44	0	0	0.44
63600	0.44	0.44	0.44	0	0	0.44
63700	0.44	0.44	0.44	0	0	0.44
63800	0.44	0.44	0.44	0	0	0.44
63900	0.44	0.44	0.44	0	0	0.44
64000	0.45	0.44	0.44	0	0	0.45
64100	0.45	0.44	0.44	0	0	0.45
64200	0.45	0.45	0.45	0	0	0.45
64300	0.45	0.44	0.44	0	0	0.45
64400	0.45	0.44	0.44	0	0	0.45
64500	0.45	0.44	0.44	0	0	0.45
64600	0.45	0.44	0.44	0	0	0.45
64700	0.46	0.44	0.44	0	0	0.46
64800	0.46	0.44	0.44	0	0	0.46
64900	0.46	0.44	0.44	0	0	0.46
65000	0.46	0.44	0.44	0	0	0.46
65100	0.46	0.44	0.44	0	0	0.46
65200	0.46	0.44	0.44	0	0	0.46
65300	0.46	0.44	0.44	0	0	0.46
65400	0.46	0.43	0.43	0	0	0.46
65500	0.46	0.43	0.43	0	0	0.46
65600	0.46	0.43	0.43	0	0	0.46
65700	0.46	0.43	0.43	0	0	0.46
65800	0.46	0.42	0.42	0	0	0.46
65900	0.46	0.42	0.42	0	0	0.46
66000	0.46	0.43	0.43	0	0	0.46
66100	0.46	0.43	0.43	0	0	0.46
66200	0.46	0.43	0.43	0	0	0.46
66300	0.46	0.43	0.43	0	0	0.46
66400	0.46	0.43	0.43	0	0	0.46
66500	0.46	0.43	0.43	0	0	0.46
66600	0.46	0.43	0.43	0	0	0.46
66700	0.46	0.43	0.43	0	0	0.46
66800	0.46	0.43	0.43	0	0	0.46
66900	0.46	0.43	0.43	0	0	0.46
67000	0.46	0.43	0.43	0	0	0.46
67100	0.45	0.43	0.43	0	0	0.45
67200	0.45	0.43	0.43	0	0	0.45
67300	0.45	0.43	0.43	0	0	0.45
67400	0.45	0.43	0.43	0	0	0.45
67500	0.45	0.43	0.43	0	0	0.45
67600	0.45	0.43	0.43	0	0	0.45
67700	0.46	0.43	0.43	0	0	0.46
67800	0.46	0.43	0.43	0	0	0.46
67900	0.46	0.43	0.43	0	0	0.46
68000	0.46	0.43	0.43	0	0	0.46
68100	0.46	0.43	0.43	0	0	0.46
68200	0.46	0.43	0.43	0	0	0.46
68300	0.47	0.43	0.43	0	0	0.47
68400	0.46	0.43	0.43	0	0	0.46
68500	0.46	0.42	0.42	0	0	0.46
68600	0.46	0.42	0.42	0	0	0.46
68700	0.46	0.42	0.42	0	0	0.46
68800	0.46	0.42	0.42	0	0	0.46
68900	0.46	0.42	0.42	0	0	0.46
69000	0.46	0.42	0.42	0	0	0.46
69100	0.46	0.42	0.42	0	0	0.46
69200	0.46	0.42	0.42	0	0	0.46
69300	0.46	0.42	0.42	0	0	0.46
69400	0.46	0.42	0.42	0	0	0.46
69500	0.46	0.42	0.42	0	0	0.46
69600	0.46	0.42	0.42	0	0	0.46
69700	0.47	0.44	0.44	0	0	0.47
69800	0.47	0.44	0.44	0	0	0.47
69900	0.46	0.44	0.44	0	0	0.46
70000	0.46	0.44	0.44	0	0	0.46
70100	0.46	0.44	0.44	0	0	0.46
70200	0.46	0.45	0.45	0	0	0.46
70300	0.46	0.45	0.45	0	0	0.46
70400	0.46	0.45	0.45	0	0	0.46
70500	0.46	0.45	0.45	0	0	0.46
70600	0.45	0.45	0.45	0	0	0.45
70700	0.45	0.45	0.45	0	0	0.45
70800	0.45	0.45	0.45	0	0	0.45
70900	0.45	0.45	0.45	0	0	0.45
71000	0.45	0.45	0.45	0	0	0.45
71100	0.45	0.45	0.45	0	0	0.45
71200	0.45	0.45	0.45	0	0	0.45
71300	0.45	0.45	0.45	0	0	0.45
71400	0.46	0.44	0.44	0	0	0.46
71500	0.45	0.44	0.44	0	0	0.45
71600	0.45	0.44	0.44	0	0	0.45
71700	0.44	0.44	0.44	0	0	0.44
71800	0.45	0.44	0.44	0	0	0.45
71900	0.45	0.43	0.43	0	0	0.45
72000	0.45	0.43	0.43	0	0	0.45
72100	0.44	0.42	0.42	0	0	0.44
72200	0.44	0.42	0.42	0	0	0.44
72300	0.44	0.42	0.42	0	0	0.44
72400	0.43	0.42	0.42	0	0	0.43
72500	0.43	0.42	0.42	0	0	0.43
72600	0.43	0.42	0.42	0	0	0.43
72700	0.43	0.42	0.42	0	0	0.43
72800	0.43	0.42	0.42	0	0	0.43
72900	0.43	0.42	0.42	0	0	0.43
73000	0.43	0.42	0.42	0	0	0.43
73100	0.43	0.43	0.43	0	0	0.43
73200	0.43	0.43	0.43	0	0	0.43
73300	0.43	0.43	0.43	0	0	0.43
73400	0.43	0.43	0.43	0	0	0.43
73500	0.43	0.43	0.43	0	0	0.43
73600	0.43	0.43	0.43	0	0	0.43
73700	0.43	0.43	0.43	0	0	0.43
73800	0.43	0.43	0.43	0	0	0.43
73900	0.43	0.43	0.43	0	0	0.43
74000	0.45	0.43	0.43	0	0	0.45
74100	0.45	0.44	0.44	0	0	0.45
74200	0.45	0.44	0.44	0	0	0.45
74300	0.45	0.44	0.44	0	0	0.45
74400	0.45	0.44	0.44	0	0	0.45
74500	0.47	0.45	0.45	0	0	0.47
74600	0.46	0.45	0.45	0	0	0.46
74700	0.46	0.44	0.44	0	0	0.46
74800	0.46	0.44	0.44	0	0	0.46
74900	0.46	0.44	0.44	0	0	0.46
75000	0.46	0.44	0.44	0	0	0.46
75100	0.46	0.44	0.44	0	0	0.46
75200	0.46	0.44	0.44	0	0	0.46
75300	0.46	0.44	0.44	0	0	0.46
75400	0.46	0.44	0.44	0	0	0.46
75500	0.46	0.44	0.44	0	0	0.46
75600	0.46	0.45	0.45	0	0	0.46
75700	0.46	0.45	0.45	0	0	0.46
75800	0.45	0.45	0.45	0	0	0.45
75900	0.45	0.45	0.45	0	0	0.45
76000	0.46	0.45	0.45	0	0	0.46
76100	0.46	0.45	0.45	0	0	0.46
76200	0.46	0.45	0.45	0	0	0.46
76300	0.46	0.45	0.45	0	0	0.46
76400	0.46	0.45	0.45	0	0	0.46
76500	0.46	0.45	0.45	0	0	0.46
76600	0.46	0.45	0.45	0	0	0.46
76700	0.46	0.45	0.45	0	0	0.46
76800	0.46	0.45	0.45	0	0	0.46
76900	0.46	0.44	0.44	0	0	0.46
77000	0.46	0.44	0.44	0	0	0.46
77100	0.46	0.44	0.44	0	0	0.46
77200	0.46	0.43	0.43	0	0	0.46
77300	0.46	0.43	0.43	0	0	0.46
77400	0.46	0.43	0.43	0	0	0.46
77500	0.46	0.43	0.43	0	0	0.46
77600	0.46	0.42	0.42	0	0	0.46
77700	0.47	0.42	0.42	0	0	0.47
77800	0.47	0.42	0.42	0	0	0.47
77900	0.47	0.42	0.42	0	0	0.47
78000	0.47	0.42	0.42	0	0	0.47
78100	0.47	0.42	0.42	0	0	0.47
78200	0.47	0.42	0.42	0	0	0.47
78300	0.48	0.42	0.42	0	0	0.48
78400	0.48	0.42	0.42	0	0	0.48
78500	0.48	0.42	0.42	0	0	0.48
78600	0.48	0.42	0.42	0	0	0.48
78700	0.48	0.42	0.42	0	0	0.48
78800	0.49	0.41	0.41	0	0	0.49
78900	0.48	0.41	0.41	0	0	0.48
79000	0.5	0.41	0.41	0	0	0.5
79100	0.5	0.4	0.4	0	0	0.5
79200	0.5	0.4	0.4	0	0	0.5
79300	0.5	0.4	0.4	0	0	0.5
79400	0.5	0.4	0.4	0	0	0.5
79500	0.49	0.4	0.4	0	0	0.49
79600	0.49	0.4	0.4	0	0	0.49
79700	0.49	0.4	0.4	0	0	0.49
79800	0.49	0.4	0.4	0	0	0.49
79900	0.49	0.4	0.4	0	0	0.49
80000	0.49	0.4	0.4	0	0	0.49
80100	0.49	0.4	0.4	0	0	0.49
80200	0.49	0.4	0.4	0	0	0.49
80300	0.49	0.4	0.4	0	0	0.49
80400	0.49	0.4	0.4	0	0	0.49
80500	0.49	0.4	0.4	0	0	0.49
80600	0.49	0.39	0.39	0	0	0.49
80700	0.49	0.39	0.39	0	0	0.49
80800	0.49	0.39	0.39	0	0	0.49
80900	0.49	0.38	0.38	0	0	0.49
81000	0.49	0.38	0.38	0	0	0.49
81100	0.49	0.38	0.38	0	0	0.49
81200	0.49	0.38	0.38	0	0	0.49
81300	0.49	0.38	0.38	0	0	0.49
81400	0.49	0.38	0.38	0	0	0.49
81500	0.49	0.38	0.38	0	0	0.49
81600	0.49	0.38	0.38	0	0	0.49
81700	0.5	0.38	0.38	0	0	0.5
81800	0.5	0.38	0.38	0	0	0.5
81900	0.5	0.38	0.38	0	0	0.5
82000	0.5	0.38	0.38	0	0	0.5
82100	0.51	0.38	0.38	0	0	0.51
82200	0.51	0.38	0.38	0	0	0.51
82300	0.51	0.38	0.38	0	0	0.51
82400	0.51	0.38	0.38	0	0	0.51
82500	0.52	0.38	0.38	0	0	0.52
82600	0.52	0.37	0.37	0	0	0.52
82700	0.52	0.37	0.37	0	0	0.52
82800	0.53	0.37	0.37	0	0	0.53
82900	0.53	0.37	0.37	0	0	0.53
83000	0.53	0.37	0.37	0	0	0.53
83100	0.53	0.37	0.37	0	0	0.53
83200	0.53	0.37	0.37	0	0	0.53
83300	0.53	0.37	0.37	0	0	0.53
83400	0.53	0.37	0.37	0	0	0.53
83500	0.53	0.37	0.37	0	0	0.53
83600	0.53	0.37	0.37	0	0	0.53
83700	0.53	0.37	0.37	0	0	0.53
83800	0.53	0.37	0.37	0	0	0.53
83900	0.53	0.37	0.37	0	0	0.53
84000	0.53	0.37	0.37	0	0	0.53
84100	0.53	0.36	0.36	0	0	0.53
84200	0.53	0.36	0.36	0	0	0.53
84300	0.53	0.36	0.36	0	0	0.53
84400	0.53	0.36	0.36	0	0	0.53
84500	0.53	0.36	0.36	0	0	0.53
84600	0.53	0.36	0.36	0	0	0.53
84700	0.53	0.36	0.36	0	0	0.53
84800	0.54	0.36	0.36	0	0	0.54
84900	0.55	0.36	0.36	0	0	0.55
85000	0.55	0.36	0.36	0	0	0.55
85100	0.55	0.36	0.36	0	0	0.55
85200	0.55	0.36	0.36	0	0	0.55
85300	0.55	0.36	0.36	0	0	0.55
85400	0.55	0.37	0.37	0	0	0.55
85500	0.55	0.37	0.37	0	0	0.55
85600	0.55	0.37	0.37	0	0	0.55
85700	0.54	0.37	0.37	0	0	0.54
85800	0.54	0.37	0.37	0	0	0.54
85900	0.54	0.37	0.37	0	0	0.54
86000	0.54	0.38	0.38	0	0	0.54
86100	0.54	0.38	0.38	0	0	0.54
86200	0.54	0.38	0.38	0	0	0.54
86300	0.54	0.38	0.38	0	0	0.54
86400	0.54	0.38	0.38	0	0	0.54
86500	0.54	0.38	0.38	0	0	0.54
86600	0.54	0.38	0.38	0	0	0.54
86700	0.54	0.38	0.38	0	0	0.54
86800	0.54	0.38	0.38	0	0	0.54
86900	0.54	0.38	0.38	0	0	0.54
87000	0.54	0.38	0.38	0	0	0.54
87100	0.54	0.38	0.38	0	0	0.54
87200	0.54	0.38	0.38	0	0	0.54
87300	0.54	0.38	0.38	0	0	0.54
87400	0.54	0.38	0.38	0	0	0.54
87500	0.54	0.38	0.38	0	0	0.54
87600	0.54	0.38	0.38	0	0	0.54
87700	0.54	0.38	0.38	0	0	0.54
87800	0.54	0.38	0.38	0	0	0.54
87900	0.53	0.38	0.38	0	0	0.53
88000	0.54	0.38	0.38	0	0	0.54
88100	0.54	0.38	0.38	0	0	0.54
88200	0.54	0.38	0.38	0	0	0.54
88300	0.54	0.38	0.38	0	0	0.54
88400	0.54	0.38	0.38	0	0	0.54
88500	0.54	0.38	0.38	0	0	0.54
88600	0.54	0.38	0.38	0	0	0.54
88700	0.54	0.38	0.38	0	0	0.54
88800	0.54	0.38	0.38	0	0	0.54
88900	0.54	0.39	0.39	0	0	0.54
89000	0.54	0.39	0.39	0	0	0.54
89100	0.54	0.39	0.39	0	0	0.54
89200	0.54	0.39	0.39	0	0	0.54
89300	0.54	0.39	0.39	0	0	0.54
89400	0.54	0.39	0.39	0	0	0.54
89500	0.53	0.39	0.39	0	0	0.53
89600	0.54	0.39	0.39	0	0	0.54
89700	0.54	0.39	0.39	0	0	0.54
89800	0.54	0.39	0.39	0	0	0.54
89900	0.54	0.39	0.39	0	0	0.54
90000	0.54	0.39	0.39	0	0	0.54
90100	0.54	0.39	0.39	0	0	0.54
90200	0.54	0.39	0.39	0	0	0.54
90300	0.54	0.39	0.39	0	0	0.54
90400	0.54	0.39	0.39	0	0	0.54
90500	0.54	0.39	0.39	0	0	0.54
90600	0.54	0.39	0.39	0	0	0.54
90700	0.54	0.39	0.39	0	0	0.54
90800	0.54	0.4	0.4	0	0	0.54
90900	0.54	0.39	0.39	0	0	0.54
91000	0.54	0.39	0.39	0	0	0.54
91100	0.54	0.39	0.39	0	0	0.54
91200	0.54	0.39	0.39	0	0	0.54
91300	0.54	0.39	0.39	0	0	0.54
91400	0.54	0.39	0.39	0	0	0.54
91500	0.54	0.39	0.39	0	0	0.54
91600	0.54	0.39	0.39	0	0	0.54
91700	0.54	0.38	0.38	0	0	0.54
91800	0.54	0.38	0.38	0	0	0.54
91900	0.54	0.38	0.38	0	0	0.54
92000	0.54	0.39	0.39	0	0	0.54
92100	0.54	0.39	0.39	0	0	0.54
92200	0.54	0.39	0.39	0	0	0.54
92300	0.54	0.39	0.39	0	0	0.54
92400	0.54	0.39	0.39	0	0	0.54
92500	0.54	0.4	0.4	0	0	0.54
92600	0.54	0.4	0.4	0	0	0.54
92700	0.54	0.4	0.4	0	0	0.54
92800	0.54	0.4	0.4	0	0	0.54
92900	0.54	0.4	0.4	0	0	0.54
93000	0.54	0.4	0.4	0	0	0.54
93100	0.54	0.4	0.4	0	0	0.54
93200	0.54	0.4	0.4	0	0	0.54
93300	0.54	0.4	0.4	0	0	0.54
93400	0.54	0.4	0.4	0	0	0.54
93500	0.53	0.4	0.4	0	0	0.53
93600	0.53	0.4	0.4	0	0	0.53
93700	0.53	0.4	0.4	0	0	0.53
93800	0.53	0.4	0.4	0	0	0.53
93900	0.53	0.4	0.4	0	0	0.53
94000	0.53	0.4	0.4	0	0	0.53
94100	0.53	0.4	0.4	0	0	0.53
94200	0.53	0.4	0.4	0	0	0.53
94300	0.53	0.4	0.4	0	0	0.53
94400	0.53	0.4	0.4	0	0	0.53
94500	0.53	0.4	0.4	0	0	0.53
94600	0.53	0.4	0.4	0	0	0.53
94700	0.53	0.4	0.4	0	0	0.53
94800	0.53	0.4	0.4	0	0	0.53
94900	0.53	0.4	0.4	0	0	0.53
95000	0.53	0.4	0.4	0	0	0.53
95100	0.53	0.4	0.4	0	0	0.53
95200	0.53	0.4	0.4	0	0	0.53
95300	0.53	0.4	0.4	0	0	0.53
95400	0.53	0.4	0.4	0	0	0.53
95500	0.54	0.4	0.4	0	0	0.54
95600	0.54	0.4	0.4	0	0	0.54
95700	0.54	0.4	0.4	0	0	0.54
95800	0.55	0.4	0.4	0	0	0.55
95900	0.55	0.4	0.4	0	0	0.55
96000	0.55	0.4	0.4	0	0	0.55
96100	0.55	0.4	0.4	0	0	0.55
96200	0.55	0.4	0.4	0	0	0.55
96300	0.55	0.4	0.4	0	0	0.55
96400	0.55	0.4	0.4	0	0	0.55
96500	0.55	0.4	0.4	0	0	0.55
96600	0.55	0.4	0.4	0	0	0.55
96700	0.55	0.4	0.4	0	0	0.55
96800	0.55	0.4	0.4	0	0	0.55
96900	0.54	0.4	0.4	0	0	0.54
97000	0.54	0.4	0.4	0	0	0.54
97100	0.54	0.4	0.4	0	0	0.54
97200	0.54	0.4	0.4	0	0	0.54
97300	0.54	0.4	0.4	0	0	0.54
97400	0.54	0.4	0.4	0	0	0.54
97500	0.54	0.4	0.4	0	0	0.54
97600	0.54	0.4	0.4	0	0	0.54
97700	0.54	0.4	0.4	0	0	0.54
97800	0.54	0.4	0.4	0	0	0.54
97900	0.54	0.4	0.4	0	0	0.54
98000	0.54	0.4	0.4	0	0	0.54
98100	0.54	0.4	0.4	0	0	0.54
98200	0.54	0.4	0.4	0	0	0.54
98300	0.54	0.4	0.4	0	0	0.54
98400	0.54	0.4	0.4	0	0	0.54
98500	0.54	0.4	0.4	0	0	0.54
98600	0.54	0.39	0.39	0	0	0.54
98700	0.54	0.39	0.39	0	0	0.54
98800	0.54	0.39	0.39	0	0	0.54
98900	0.54	0.39	0.39	0	0	0.54
99000	0.54	0.39	0.39	0	0	0.54
99100	0.54	0.39	0.39	0	0	0.54
99200	0.54	0.39	0.39	0	0	0.54
99300	0.54	0.39	0.39	0	0	0.54
99400	0.54	0.39	0.39	0	0	0.54
99500	0.54	0.39	0.39	0	0	0.54
99600	0.53	0.39	0.39	0	0	0.53
99700	0.53	0.39	0.39	0	0	0.53
99800	0.53	0.39	0.39	0	0	0.53
99900	0.53	0.39	0.39	0	0	0.53
100000	0.53	0.39	0.39	0	0	0.53
