100	0.1	0.06	0.06	0	0	0.1
200	0.13	0.07	0.07	0	0	0.13
300	0.13	0.1	0.1	0	0	0.13
400	0.13	0.11	0.11	0	0	0.13
500	0.16	0.12	0.12	0	0	0.16
600	0.15	0.14	0.14	0	0	0.15
700	0.15	0.14	0.14	0	0	0.15
800	0.15	0.14	0.14	0	0	0.15
900	0.16	0.16	0.16	0	0	0.16
1000	0.16	0.16	0.16	0	0	0.16
1100	0.16	0.17	0.17	0	0	0.16
1200	0.16	0.16	0.16	0	0	0.16
1300	0.17	0.17	0.17	0	0	0.17
1400	0.18	0.17	0.17	0	0	0.18
1500	0.18	0.17	0.17	0	0	0.18
1600	0.2	0.17	0.17	0	0	0.2
1700	0.21	0.17	0.17	0	0	0.21
1800	0.21	0.18	0.18	0	0	0.21
1900	0.24	0.18	0.18	0	0	0.24
2000	0.24	0.19	0.19	0	0	0.24
2100	0.23	0.19	0.19	0	0	0.23
2200	0.23	0.2	0.2	0	0	0.23
2300	0.24	0.21	0.21	0	0	0.24
2400	0.23	0.21	0.21	0	0	0.23
2500	0.24	0.21	0.21	0	0	0.24
2600	0.25	0.2	0.2	0	0	0.25
2700	0.26	0.22	0.22	0	0	0.26
2800	0.26	0.2	0.2	0	0	0.26
2900	0.26	0.2	0.2	0	0	0.26
3000	0.27	0.2	0.2	0	0	0.27
3100	0.27	0.2	0.2	0	0	0.27
3200	0.27	0.21	0.21	0	0	0.27
3300	0.26	0.2	0.2	0	0	0.26
3400	0.26	0.21	0.21	0	0	0.26
3500	0.26	0.21	0.21	0	0	0.26
3600	0.28	0.21	0.21	0	0	0.28
3700	0.28	0.21	0.21	0	0	0.28
3800	0.28	0.21	0.21	0	0	0.28
3900	0.28	0.21	0.21	0	0	0.28
4000	0.28	0.21	0.21	0	0	0.28
4100	0.29	0.21	0.21	0	0	0.29
4200	0.3	0.21	0.21	0	0	0.3
4300	0.31	0.23	0.23	0	0	0.31
4400	0.32	0.23	0.23	0	0	0.32
4500	0.32	0.24	0.24	0	0	0.32
4600	0.33	0.25	0.25	0	0	0.33
4700	0.34	0.25	0.25	0	0	0.34
4800	0.35	0.25	0.25	0	0	0.35
4900	0.33	0.26	0.26	0	0	0.33
5000	0.34	0.26	0.26	0	0	0.34
5100	0.33	0.26	0.26	0	0	0.33
5200	0.33	0.27	0.27	0	0	0.33
5300	0.33	0.27	0.27	0	0	0.33
5400	0.34	0.28	0.28	0	0	0.34
5500	0.34	0.29	0.29	0	0	0.34
5600	0.32	0.3	0.3	0	0	0.32
5700	0.32	0.3	0.3	0	0	0.32
5800	0.32	0.3	0.3	0	0	0.32
5900	0.32	0.31	0.31	0	0	0.32
6000	0.32	0.31	0.31	0	0	0.32
6100	0.32	0.32	0.32	0	0	0.32
6200	0.34	0.32	0.32	0	0	0.34
6300	0.34	0.32	0.32	0	0	0.34
6400	0.33	0.33	0.33	0	0	0.33
6500	0.33	0.34	0.34	0	0	0.33
6600	0.33	0.32	0.32	0	0	0.33
6700	0.33	0.32	0.32	0	0	0.33
6800	0.34	0.32	0.32	0	0	0.34
6900	0.34	0.32	0.32	0	0	0.34
7000	0.34	0.32	0.32	0	0	0.34
7100	0.34	0.32	0.32	0	0	0.34
7200	0.34	0.32	0.32	0	0	0.34
7300	0.34	0.33	0.33	0	0	0.34
7400	0.34	0.34	0.34	0	0	0.34
7500	0.34	0.34	0.34	0	0	0.34
7600	0.33	0.33	0.33	0	0	0.33
7700	0.33	0.33	0.33	0	0	0.33
7800	0.34	0.34	0.34	0	0	0.34
7900	0.35	0.35	0.35	0	0	0.35
8000	0.35	0.35	0.35	0	0	0.35
8100	0.34	0.35	0.35	0	0	0.34
8200	0.34	0.34	0.34	0	0	0.34
8300	0.35	0.34	0.34	0	0	0.35
8400	0.36	0.34	0.34	0	0	0.36
8500	0.36	0.34	0.34	0	0	0.36
8600	0.36	0.34	0.34	0	0	0.36
8700	0.36	0.34	0.34	0	0	0.36
8800	0.36	0.34	0.34	0	0	0.36
8900	0.36	0.34	0.34	0	0	0.36
9000	0.35	0.34	0.34	0	0	0.35
9100	0.36	0.35	0.35	0	0	0.36
9200	0.36	0.35	0.35	0	0	0.36
9300	0.36	0.35	0.35	0	0	0.36
9400	0.36	0.35	0.35	0	0	0.36
9500	0.36	0.36	0.36	0	0	0.36
9600	0.36	0.37	0.37	0	0	0.36
9700	0.36	0.37	0.37	0	0	0.36
9800	0.36	0.38	0.38	0	0	0.36
9900	0.37	0.37	0.37	0	0	0.37
10000	0.37	0.38	0.38	0	0	0.37
10100	0.37	0.38	0.38	0	0	0.37
10200	0.38	0.38	0.38	0	0	0.38
10300	0.38	0.38	0.38	0	0	0.38
10400	0.38	0.38	0.38	0	0	0.38
10500	0.37	0.38	0.38	0	0	0.37
10600	0.37	0.38	0.38	0	0	0.37
10700	0.37	0.38	0.38	0	0	0.37
10800	0.37	0.38	0.38	0	0	0.37
10900	0.37	0.39	0.39	0	0	0.37
11000	0.37	0.39	0.39	0	0	0.37
11100	0.37	0.39	0.39	0	0	0.37
11200	0.37	0.4	0.4	0	0	0.37
11300	0.37	0.4	0.4	0	0	0.37
11400	0.38	0.4	0.4	0	0	0.38
11500	0.4	0.4	0.4	0	0	0.4
11600	0.4	0.4	0.4	0	0	0.4
11700	0.4	0.41	0.41	0	0	0.4
11800	0.4	0.41	0.41	0	0	0.4
11900	0.4	0.42	0.42	0	0	0.4
12000	0.4	0.42	0.42	0	0	0.4
12100	0.4	0.42	0.42	0	0	0.4
12200	0.4	0.42	0.42	0	0	0.4
12300	0.41	0.42	0.42	0	0	0.41
12400	0.42	0.42	0.42	0	0	0.42
12500	0.42	0.42	0.42	0	0	0.42
12600	0.42	0.42	0.42	0	0	0.42
12700	0.42	0.42	0.42	0	0	0.42
12800	0.42	0.42	0.42	0	0	0.42
12900	0.42	0.41	0.41	0	0	0.42
13000	0.42	0.41	0.41	0	0	0.42
13100	0.42	0.41	0.41	0	0	0.42
13200	0.42	0.41	0.41	0	0	0.42
13300	0.42	0.41	0.41	0	0	0.42
13400	0.42	0.41	0.41	0	0	0.42
13500	0.42	0.4	0.4	0	0	0.42
13600	0.42	0.4	0.4	0	0	0.42
13700	0.42	0.41	0.41	0	0	0.42
13800	0.42	0.41	0.41	0	0	0.42
13900	0.42	0.41	0.41	0	0	0.42
14000	0.42	0.4	0.4	0	0	0.42
14100	0.42	0.4	0.4	0	0	0.42
14200	0.42	0.4	0.4	0	0	0.42
14300	0.42	0.4	0.4	0	0	0.42
14400	0.42	0.4	0.4	0	0	0.42
14500	0.42	0.4	0.4	0	0	0.42
14600	0.42	0.4	0.4	0	0	0.42
14700	0.42	0.39	0.39	0	0	0.42
14800	0.42	0.39	0.39	0	0	0.42
14900	0.43	0.39	0.39	0	0	0.43
15000	0.41	0.4	0.4	0	0	0.41
15100	0.41	0.4	0.4	0	0	0.41
15200	0.41	0.41	0.41	0	0	0.41
15300	0.41	0.4	0.4	0	0	0.41
15400	0.41	0.4	0.4	0	0	0.41
15500	0.41	0.4	0.4	0	0	0.41
15600	0.41	0.4	0.4	0	0	0.41
15700	0.41	0.4	0.4	0	0	0.41
15800	0.41	0.4	0.4	0	0	0.41
15900	0.41	0.39	0.39	0	0	0.41
16000	0.41	0.39	0.39	0	0	0.41
16100	0.41	0.39	0.39	0	0	0.41
16200	0.41	0.39	0.39	0	0	0.41
16300	0.41	0.39	0.39	0	0	0.41
16400	0.42	0.41	0.41	0	0	0.42
16500	0.42	0.42	0.42	0	0	0.42
16600	0.42	0.42	0.42	0	0	0.42
16700	0.42	0.43	0.43	0	0	0.42
16800	0.42	0.43	0.43	0	0	0.42
16900	0.42	0.43	0.43	0	0	0.42
17000	0.42	0.43	0.43	0	0	0.42
17100	0.43	0.45	0.45	0	0	0.43
17200	0.43	0.44	0.44	0	0	0.43
17300	0.43	0.44	0.44	0	0	0.43
17400	0.42	0.44	0.44	0	0	0.42
17500	0.42	0.45	0.45	0	0	0.42
17600	0.42	0.45	0.45	0	0	0.42
17700	0.42	0.45	0.45	0	0	0.42
17800	0.42	0.45	0.45	0	0	0.42
17900	0.42	0.45	0.45	0	0	0.42
18000	0.42	0.45	0.45	0	0	0.42
18100	0.42	0.45	0.45	0	0	0.42
18200	0.42	0.45	0.45	0	0	0.42
18300	0.42	0.45	0.45	0	0	0.42
18400	0.42	0.45	0.45	0	0	0.42
18500	0.42	0.45	0.45	0	0	0.42
18600	0.42	0.46	0.46	0	0	0.42
18700	0.43	0.46	0.46	0	0	0.43
18800	0.43	0.46	0.46	0	0	0.43
18900	0.43	0.46	0.46	0	0	0.43
19000	0.43	0.47	0.47	0	0	0.43
19100	0.43	0.47	0.47	0	0	0.43
19200	0.43	0.47	0.47	0	0	0.43
19300	0.43	0.47	0.47	0	0	0.43
19400	0.43	0.47	0.47	0	0	0.43
19500	0.43	0.48	0.48	0	0	0.43
19600	0.43	0.49	0.49	0	0	0.43
19700	0.44	0.49	0.49	0	0	0.44
19800	0.44	0.49	0.49	0	0	0.44
19900	0.44	0.49	0.49	0	0	0.44
20000	0.44	0.49	0.49	0	0	0.44
20100	0.44	0.49	0.49	0	0	0.44
20200	0.44	0.49	0.49	0	0	0.44
20300	0.44	0.5	0.5	0	0	0.44
20400	0.44	0.5	0.5	0	0	0.44
20500	0.44	0.5	0.5	0	0	0.44
20600	0.44	0.49	0.49	0	0	0.44
20700	0.44	0.49	0.49	0	0	0.44
20800	0.44	0.49	0.49	0	0	0.44
20900	0.44	0.48	0.48	0	0	0.44
21000	0.44	0.48	0.48	0	0	0.44
21100	0.44	0.48	0.48	0	0	0.44
21200	0.44	0.47	0.47	0	0	0.44
21300	0.44	0.47	0.47	0	0	0.44
21400	0.44	0.46	0.46	0	0	0.44
21500	0.44	0.46	0.46	0	0	0.44
21600	0.44	0.46	0.46	0	0	0.44
21700	0.44	0.46	0.46	0	0	0.44
21800	0.44	0.46	0.46	0	0	0.44
21900	0.44	0.46	0.46	0	0	0.44
22000	0.44	0.46	0.46	0	0	0.44
22100	0.44	0.46	0.46	0	0	0.44
22200	0.44	0.46	0.46	0	0	0.44
22300	0.45	0.46	0.46	0	0	0.45
22400	0.45	0.46	0.46	0	0	0.45
22500	0.45	0.47	0.47	0	0	0.45
22600	0.45	0.47	0.47	0	0	0.45
22700	0.45	0.47	0.47	0	0	0.45
22800	0.45	0.47	0.47	0	0	0.45
22900	0.45	0.47	0.47	0	0	0.45
23000	0.45	0.47	0.47	0	0	0.45
23100	0.45	0.47	0.47	0	0	0.45
23200	0.46	0.45	0.45	0	0	0.46
23300	0.46	0.44	0.44	0	0	0.46
23400	0.46	0.44	0.44	0	0	0.46
23500	0.46	0.44	0.44	0	0	0.46
23600	0.46	0.44	0.44	0	0	0.46
23700	0.46	0.44	0.44	0	0	0.46
23800	0.46	0.44	0.44	0	0	0.46
23900	0.46	0.45	0.45	0	0	0.46
24000	0.46	0.45	0.45	0	0	0.46
24100	0.46	0.45	0.45	0	0	0.46
24200	0.46	0.43	0.43	0	0	0.46
24300	0.46	0.43	0.43	0	0	0.46
24400	0.46	0.43	0.43	0	0	0.46
24500	0.47	0.43	0.43	0	0	0.47
24600	0.47	0.43	0.43	0	0	0.47
24700	0.47	0.43	0.43	0	0	0.47
24800	0.47	0.44	0.44	0	0	0.47
24900	0.46	0.44	0.44	0	0	0.46
25000	0.46	0.44	0.44	0	0	0.46
25100	0.46	0.45	0.45	0	0	0.46
25200	0.46	0.44	0.44	0	0	0.46
25300	0.46	0.44	0.44	0	0	0.46
25400	0.46	0.44	0.44	0	0	0.46
25500	0.46	0.44	0.44	0	0	0.46
25600	0.46	0.43	0.43	0	0	0.46
25700	0.46	0.43	0.43	0	0	0.46
25800	0.46	0.43	0.43	0	0	0.46
25900	0.46	0.43	0.43	0	0	0.46
26000	0.46	0.41	0.41	0	0	0.46
26100	0.46	0.41	0.41	0	0	0.46
26200	0.45	0.41	0.41	0	0	0.45
26300	0.45	0.42	0.42	0	0	0.45
26400	0.45	0.42	0.42	0	0	0.45
26500	0.45	0.42	0.42	0	0	0.45
26600	0.45	0.42	0.42	0	0	0.45
26700	0.45	0.42	0.42	0	0	0.45
26800	0.46	0.42	0.42	0	0	0.46
26900	0.46	0.42	0.42	0	0	0.46
27000	0.46	0.41	0.41	0	0	0.46
27100	0.46	0.41	0.41	0	0	0.46
27200	0.46	0.41	0.41	0	0	0.46
27300	0.46	0.42	0.42	0	0	0.46
27400	0.46	0.42	0.42	0	0	0.46
27500	0.46	0.42	0.42	0	0	0.46
27600	0.46	0.41	0.41	0	0	0.46
27700	0.46	0.43	0.43	0	0	0.46
27800	0.47	0.43	0.43	0	0	0.47
27900	0.47	0.43	0.43	0	0	0.47
28000	0.47	0.43	0.43	0	0	0.47
28100	0.47	0.43	0.43	0	0	0.47
28200	0.47	0.43	0.43	0	0	0.47
28300	0.47	0.43	0.43	0	0	0.47
28400	0.47	0.43	0.43	0	0	0.47
28500	0.47	0.44	0.44	0	0	0.47
28600	0.47	0.44	0.44	0	0	0.47
28700	0.47	0.44	0.44	0	0	0.47
28800	0.47	0.44	0.44	0	0	0.47
28900	0.48	0.44	0.44	0	0	0.48
29000	0.47	0.44	0.44	0	0	0.47
29100	0.47	0.43	0.43	0	0	0.47
29200	0.48	0.43	0.43	0	0	0.48
29300	0.48	0.43	0.43	0	0	0.48
29400	0.48	0.43	0.43	0	0	0.48
29500	0.47	0.43	0.43	0	0	0.47
29600	0.47	0.43	0.43	0	0	0.47
29700	0.47	0.43	0.43	0	0	0.47
29800	0.47	0.43	0.43	0	0	0.47
29900	0.47	0.43	0.43	0	0	0.47
30000	0.47	0.43	0.43	0	0	0.47
30100	0.47	0.43	0.43	0	0	0.47
30200	0.47	0.43	0.43	0	0	0.47
30300	0.47	0.43	0.43	0	0	0.47
30400	0.47	0.43	0.43	0	0	0.47
30500	0.47	0.43	0.43	0	0	0.47
30600	0.47	0.44	0.44	0	0	0.47
30700	0.47	0.43	0.43	0	0	0.47
30800	0.47	0.43	0.43	0	0	0.47
30900	0.47	0.42	0.42	0	0	0.47
31000	0.47	0.42	0.42	0	0	0.47
31100	0.47	0.43	0.43	0	0	0.47
31200	0.47	0.43	0.43	0	0	0.47
31300	0.46	0.43	0.43	0	0	0.46
31400	0.47	0.42	0.42	0	0	0.47
31500	0.47	0.42	0.42	0	0	0.47
31600	0.47	0.42	0.42	0	0	0.47
31700	0.47	0.42	0.42	0	0	0.47
31800	0.47	0.43	0.43	0	0	0.47
31900	0.47	0.43	0.43	0	0	0.47
32000	0.47	0.43	0.43	0	0	0.47
32100	0.47	0.42	0.42	0	0	0.47
32200	0.47	0.41	0.41	0	0	0.47
32300	0.47	0.41	0.41	0	0	0.47
32400	0.47	0.41	0.41	0	0	0.47
32500	0.46	0.41	0.41	0	0	0.46
32600	0.46	0.41	0.41	0	0	0.46
32700	0.46	0.41	0.41	0	0	0.46
32800	0.46	0.41	0.41	0	0	0.46
32900	0.46	0.41	0.41	0	0	0.46
33000	0.46	0.41	0.41	0	0	0.46
33100	0.46	0.41	0.41	0	0	0.46
33200	0.46	0.41	0.41	0	0	0.46
33300	0.46	0.41	0.41	0	0	0.46
33400	0.46	0.4	0.4	0	0	0.46
33500	0.46	0.4	0.4	0	0	0.46
33600	0.46	0.41	0.41	0	0	0.46
33700	0.46	0.41	0.41	0	0	0.46
33800	0.46	0.42	0.42	0	0	0.46
33900	0.46	0.42	0.42	0	0	0.46
34000	0.46	0.42	0.42	0	0	0.46
34100	0.46	0.42	0.42	0	0	0.46
34200	0.47	0.42	0.42	0	0	0.47
34300	0.47	0.42	0.42	0	0	0.47
34400	0.47	0.42	0.42	0	0	0.47
34500	0.48	0.42	0.42	0	0	0.48
34600	0.48	0.42	0.42	0	0	0.48
34700	0.48	0.42	0.42	0	0	0.48
34800	0.48	0.43	0.43	0	0	0.48
34900	0.48	0.43	0.43	0	0	0.48
35000	0.48	0.42	0.42	0	0	0.48
35100	0.48	0.42	0.42	0	0	0.48
35200	0.48	0.43	0.43	0	0	0.48
35300	0.48	0.43	0.43	0	0	0.48
35400	0.48	0.42	0.42	0	0	0.48
35500	0.48	0.42	0.42	0	0	0.48
35600	0.48	0.42	0.42	0	0	0.48
35700	0.48	0.42	0.42	0	0	0.48
35800	0.48	0.42	0.42	0	0	0.48
35900	0.48	0.42	0.42	0	0	0.48
36000	0.48	0.42	0.42	0	0	0.48
36100	0.48	0.42	0.42	0	0	0.48
36200	0.48	0.42	0.42	0	0	0.48
36300	0.48	0.42	0.42	0	0	0.48
36400	0.49	0.42	0.42	0	0	0.49
36500	0.49	0.42	0.42	0	0	0.49
36600	0.49	0.42	0.42	0	0	0.49
36700	0.49	0.4	0.4	0	0	0.49
36800	0.49	0.4	0.4	0	0	0.49
36900	0.49	0.4	0.4	0	0	0.49
37000	0.49	0.39	0.39	0	0	0.49
37100	0.49	0.39	0.39	0	0	0.49
37200	0.5	0.39	0.39	0	0	0.5
37300	0.5	0.39	0.39	0	0	0.5
37400	0.5	0.38	0.38	0	0	0.5
37500	0.5	0.37	0.37	0	0	0.5
37600	0.5	0.36	0.36	0	0	0.5
37700	0.5	0.36	0.36	0	0	0.5
37800	0.5	0.35	0.35	0	0	0.5
37900	0.5	0.34	0.34	0	0	0.5
38000	0.5	0.34	0.34	0	0	0.5
38100	0.5	0.34	0.34	0	0	0.5
38200	0.5	0.35	0.35	0	0	0.5
38300	0.5	0.34	0.34	0	0	0.5
38400	0.5	0.34	0.34	0	0	0.5
38500	0.5	0.35	0.35	0	0	0.5
38600	0.51	0.35	0.35	0	0	0.51
38700	0.52	0.35	0.35	0	0	0.52
38800	0.52	0.35	0.35	0	0	0.52
38900	0.52	0.35	0.35	0	0	0.52
39000	0.52	0.35	0.35	0	0	0.52
39100	0.51	0.36	0.36	0	0	0.51
39200	0.51	0.36	0.36	0	0	0.51
39300	0.51	0.36	0.36	0	0	0.51
39400	0.51	0.37	0.37	0	0	0.51
39500	0.51	0.37	0.37	0	0	0.51
39600	0.51	0.37	0.37	0	0	0.51
39700	0.51	0.37	0.37	0	0	0.51
39800	0.5	0.37	0.37	0	0	0.5
39900	0.5	0.37	0.37	0	0	0.5
40000	0.5	0.37	0.37	0	0	0.5
40100	0.5	0.36	0.36	0	0	0.5
40200	0.49	0.36	0.36	0	0	0.49
40300	0.49	0.36	0.36	0	0	0.49
40400	0.49	0.36	0.36	0	0	0.49
40500	0.49	0.36	0.36	0	0	0.49
40600	0.49	0.37	0.37	0	0	0.49
40700	0.49	0.37	0.37	0	0	0.49
40800	0.49	0.37	0.37	0	0	0.49
40900	0.49	0.38	0.38	0	0	0.49
41000	0.49	0.38	0.38	0	0	0.49
41100	0.49	0.38	0.38	0	0	0.49
41200	0.49	0.38	0.38	0	0	0.49
41300	0.49	0.38	0.38	0	0	0.49
41400	0.49	0.38	0.38	0	0	0.49
41500	0.49	0.39	0.39	0	0	0.49
41600	0.49	0.38	0.38	0	0	0.49
41700	0.49	0.38	0.38	0	0	0.49
41800	0.5	0.38	0.38	0	0	0.5
41900	0.5	0.38	0.38	0	0	0.5
42000	0.5	0.38	0.38	0	0	0.5
42100	0.5	0.37	0.37	0	0	0.5
42200	0.5	0.37	0.37	0	0	0.5
42300	0.5	0.37	0.37	0	0	0.5
42400	0.5	0.38	0.38	0	0	0.5
42500	0.5	0.38	0.38	0	0	0.5
42600	0.5	0.39	0.39	0	0	0.5
42700	0.5	0.39	0.39	0	0	0.5
42800	0.5	0.38	0.38	0	0	0.5
42900	0.5	0.38	0.38	0	0	0.5
43000	0.5	0.38	0.38	0	0	0.5
43100	0.5	0.38	0.38	0	0	0.5
43200	0.5	0.38	0.38	0	0	0.5
43300	0.5	0.38	0.38	0	0	0.5
43400	0.51	0.38	0.38	0	0	0.51
43500	0.51	0.36	0.36	0	0	0.51
43600	0.49	0.36	0.36	0	0	0.49
43700	0.49	0.36	0.36	0	0	0.49
43800	0.49	0.35	0.35	0	0	0.49
43900	0.48	0.35	0.35	0	0	0.48
44000	0.48	0.35	0.35	0	0	0.48
44100	0.48	0.35	0.35	0	0	0.48
44200	0.48	0.36	0.36	0	0	0.48
44300	0.47	0.36	0.36	0	0	0.47
44400	0.47	0.36	0.36	0	0	0.47
44500	0.47	0.36	0.36	0	0	0.47
44600	0.47	0.36	0.36	0	0	0.47
44700	0.47	0.36	0.36	0	0	0.47
44800	0.47	0.36	0.36	0	0	0.47
44900	0.47	0.37	0.37	0	0	0.47
45000	0.47	0.37	0.37	0	0	0.47
45100	0.47	0.37	0.37	0	0	0.47
45200	0.48	0.37	0.37	0	0	0.48
45300	0.48	0.37	0.37	0	0	0.48
45400	0.47	0.37	0.37	0	0	0.47
45500	0.47	0.37	0.37	0	0	0.47
45600	0.48	0.37	0.37	0	0	0.48
45700	0.48	0.38	0.38	0	0	0.48
45800	0.48	0.39	0.39	0	0	0.48
45900	0.48	0.39	0.39	0	0	0.48
46000	0.48	0.39	0.39	0	0	0.48
46100	0.48	0.39	0.39	0	0	0.48
46200	0.48	0.39	0.39	0	0	0.48
46300	0.48	0.39	0.39	0	0	0.48
46400	0.47	0.39	0.39	0	0	0.47
46500	0.47	0.39	0.39	0	0	0.47
46600	0.47	0.39	0.39	0	0	0.47
46700	0.47	0.39	0.39	0	0	0.47
46800	0.47	0.39	0.39	0	0	0.47
46900	0.47	0.4	0.4	0	0	0.47
47000	0.47	0.39	0.39	0	0	0.47
47100	0.48	0.39	0.39	0	0	0.48
47200	0.48	0.39	0.39	0	0	0.48
47300	0.48	0.39	0.39	0	0	0.48
47400	0.48	0.39	0.39	0	0	0.48
47500	0.48	0.39	0.39	0	0	0.48
47600	0.48	0.39	0.39	0	0	0.48
47700	0.48	0.39	0.39	0	0	0.48
47800	0.48	0.39	0.39	0	0	0.48
47900	0.49	0.39	0.39	0	0	0.49
48000	0.49	0.39	0.39	0	0	0.49
48100	0.49	0.39	0.39	0	0	0.49
48200	0.48	0.39	0.39	0	0	0.48
48300	0.48	0.39	0.39	0	0	0.48
48400	0.48	0.39	0.39	0	0	0.48
48500	0.48	0.4	0.4	0	0	0.48
48600	0.48	0.4	0.4	0	0	0.48
48700	0.48	0.4	0.4	0	0	0.48
48800	0.48	0.4	0.4	0	0	0.48
48900	0.48	0.4	0.4	0	0	0.48
49000	0.48	0.4	0.4	0	0	0.48
49100	0.48	0.4	0.4	0	0	0.48
49200	0.48	0.4	0.4	0	0	0.48
49300	0.48	0.4	0.4	0	0	0.48
49400	0.47	0.4	0.4	0	0	0.47
49500	0.47	0.4	0.4	0	0	0.47
49600	0.47	0.4	0.4	0	0	0.47
49700	0.47	0.4	0.4	0	0	0.47
49800	0.47	0.4	0.4	0	0	0.47
49900	0.45	0.39	0.39	0	0	0.45
50000	0.45	0.39	0.39	0	0	0.45
50100	0.45	0.39	0.39	0	0	0.45
50200	0.45	0.38	0.38	0	0	0.45
50300	0.44	0.38	0.38	0	0	0.44
50400	0.44	0.38	0.38	0	0	0.44
50500	0.44	0.37	0.37	0	0	0.44
50600	0.44	0.37	0.37	0	0	0.44
50700	0.43	0.37	0.37	0	0	0.43
50800	0.43	0.37	0.37	0	0	0.43
50900	0.43	0.38	0.38	0	0	0.43
51000	0.43	0.38	0.38	0	0	0.43
51100	0.43	0.38	0.38	0	0	0.43
51200	0.43	0.39	0.39	0	0	0.43
51300	0.43	0.39	0.39	0	0	0.43
51400	0.43	0.39	0.39	0	0	0.43
51500	0.42	0.39	0.39	0	0	0.42
51600	0.43	0.38	0.38	0	0	0.43
51700	0.43	0.38	0.38	0	0	0.43
51800	0.43	0.39	0.39	0	0	0.43
51900	0.43	0.38	0.38	0	0	0.43
52000	0.43	0.38	0.38	0	0	0.43
52100	0.43	0.38	0.38	0	0	0.43
52200	0.43	0.38	0.38	0	0	0.43
52300	0.43	0.38	0.38	0	0	0.43
52400	0.44	0.38	0.38	0	0	0.44
52500	0.44	0.39	0.39	0	0	0.44
52600	0.44	0.39	0.39	0	0	0.44
52700	0.44	0.39	0.39	0	0	0.44
52800	0.44	0.39	0.39	0	0	0.44
52900	0.44	0.39	0.39	0	0	0.44
53000	0.44	0.39	0.39	0	0	0.44
53100	0.44	0.39	0.39	0	0	0.44
53200	0.45	0.39	0.39	0	0	0.45
53300	0.44	0.39	0.39	0	0	0.44
53400	0.44	0.39	0.39	0	0	0.44
53500	0.45	0.39	0.39	0	0	0.45
53600	0.45	0.39	0.39	0	0	0.45
53700	0.45	0.39	0.39	0	0	0.45
53800	0.44	0.39	0.39	0	0	0.44
53900	0.44	0.39	0.39	0	0	0.44
54000	0.45	0.39	0.39	0	0	0.45
54100	0.45	0.39	0.39	0	0	0.45
54200	0.45	0.39	0.39	0	0	0.45
54300	0.45	0.39	0.39	0	0	0.45
54400	0.44	0.4	0.4	0	0	0.44
54500	0.44	0.4	0.4	0	0	0.44
54600	0.44	0.4	0.4	0	0	0.44
54700	0.44	0.4	0.4	0	0	0.44
54800	0.44	0.4	0.4	0	0	0.44
54900	0.45	0.4	0.4	0	0	0.45
55000	0.45	0.4	0.4	0	0	0.45
55100	0.45	0.4	0.4	0	0	0.45
55200	0.46	0.4	0.4	0	0	0.46
55300	0.46	0.4	0.4	0	0	0.46
55400	0.46	0.4	0.4	0	0	0.46
55500	0.46	0.4	0.4	0	0	0.46
55600	0.45	0.4	0.4	0	0	0.45
55700	0.45	0.4	0.4	0	0	0.45
55800	0.45	0.41	0.41	0	0	0.45
55900	0.45	0.42	0.42	0	0	0.45
56000	0.45	0.42	0.42	0	0	0.45
56100	0.45	0.42	0.42	0	0	0.45
56200	0.45	0.42	0.42	0	0	0.45
56300	0.45	0.42	0.42	0	0	0.45
56400	0.45	0.42	0.42	0	0	0.45
56500	0.45	0.42	0.42	0	0	0.45
56600	0.45	0.42	0.42	0	0	0.45
56700	0.46	0.42	0.42	0	0	0.46
56800	0.46	0.42	0.42	0	0	0.46
56900	0.46	0.42	0.42	0	0	0.46
57000	0.46	0.42	0.42	0	0	0.46
57100	0.46	0.41	0.41	0	0	0.46
57200	0.47	0.41	0.41	0	0	0.47
57300	0.46	0.41	0.41	0	0	0.46
57400	0.46	0.42	0.42	0	0	0.46
57500	0.46	0.41	0.41	0	0	0.46
57600	0.46	0.41	0.41	0	0	0.46
57700	0.46	0.41	0.41	0	0	0.46
57800	0.45	0.41	0.41	0	0	0.45
57900	0.44	0.41	0.41	0	0	0.44
58000	0.44	0.41	0.41	0	0	0.44
58100	0.44	0.42	0.42	0	0	0.44
58200	0.44	0.42	0.42	0	0	0.44
58300	0.44	0.42	0.42	0	0	0.44
58400	0.44	0.42	0.42	0	0	0.44
58500	0.45	0.42	0.42	0	0	0.45
58600	0.45	0.42	0.42	0	0	0.45
58700	0.45	0.42	0.42	0	0	0.45
58800	0.45	0.42	0.42	0	0	0.45
58900	0.45	0.42	0.42	0	0	0.45
59000	0.45	0.43	0.43	0	0	0.45
59100	0.44	0.43	0.43	0	0	0.44
59200	0.44	0.43	0.43	0	0	0.44
59300	0.44	0.43	0.43	0	0	0.44
59400	0.44	0.44	0.44	0	0	0.44
59500	0.44	0.43	0.43	0	0	0.44
59600	0.44	0.42	0.42	0	0	0.44
59700	0.44	0.42	0.42	0	0	0.44
59800	0.44	0.42	0.42	0	0	0.44
59900	0.44	0.42	0.42	0	0	0.44
60000	0.44	0.42	0.42	0	0	0.44
60100	0.44	0.41	0.41	0	0	0.44
60200	0.44	0.41	0.41	0	0	0.44
60300	0.43	0.41	0.41	0	0	0.43
60400	0.44	0.42	0.42	0	0	0.44
60500	0.44	0.42	0.42	0	0	0.44
60600	0.44	0.42	0.42	0	0	0.44
60700	0.44	0.42	0.42	0	0	0.44
60800	0.44	0.42	0.42	0	0	0.44
60900	0.44	0.43	0.43	0	0	0.44
61000	0.44	0.43	0.43	0	0	0.44
61100	0.44	0.44	0.44	0	0	0.44
61200	0.44	0.44	0.44	0	0	0.44
61300	0.44	0.44	0.44	0	0	0.44
61400	0.44	0.44	0.44	0	0	0.44
61500	0.44	0.44	0.44	0	0	0.44
61600	0.44	0.44	0.44	0	0	0.44
61700	0.44	0.44	0.44	0	0	0.44
61800	0.45	0.44	0.44	0	0	0.45
61900	0.45	0.44	0.44	0	0	0.45
62000	0.45	0.44	0.44	0	0	0.45
62100	0.46	0.44	0.44	0	0	0.46
62200	0.46	0.44	0.44	0	0	0.46
62300	0.46	0.44	0.44	0	0	0.46
62400	0.46	0.44	0.44	0	0	0.46
62500	0.46	0.44	0.44	0	0	0.46
62600	0.46	0.44	0.44	0	0	0.46
62700	0.47	0.44	0.44	0	0	0.47
62800	0.47	0.44	0.44	0	0	0.47
62900	0.47	0.44	0.44	0	0	0.47
63000	0.47	0.44	0.44	0	0	0.47
63100	0.47	0.45	0.45	0	0	0.47
63200	0.47	0.43	0.43	0	0	0.47
63300	0.47	0.43	0.43	0	0	0.47
63400	0.47	0.43	0.43	0	0	0.47
63500	0.47	0.43	0.43	0	0	0.47
63600	0.47	0.43	0.43	0	0	0.47
63700	0.47	0.43	0.43	0	0	0.47
63800	0.47	0.43	0.43	0	0	0.47
63900	0.47	0.43	0.43	0	0	0.47
64000	0.47	0.43	0.43	0	0	0.47
64100	0.47	0.43	0.43	0	0	0.47
64200	0.46	0.43	0.43	0	0	0.46
64300	0.46	0.43	0.43	0	0	0.46
64400	0.46	0.43	0.43	0	0	0.46
64500	0.46	0.43	0.43	0	0	0.46
64600	0.46	0.43	0.43	0	0	0.46
64700	0.46	0.43	0.43	0	0	0.46
64800	0.46	0.43	0.43	0	0	0.46
64900	0.46	0.43	0.43	0	0	0.46
65000	0.46	0.43	0.43	0	0	0.46
65100	0.46	0.43	0.43	0	0	0.46
65200	0.46	0.43	0.43	0	0	0.46
65300	0.46	0.43	0.43	0	0	0.46
65400	0.46	0.43	0.43	0	0	0.46
65500	0.46	0.42	0.42	0	0	0.46
65600	0.46	0.41	0.41	0	0	0.46
65700	0.46	0.42	0.42	0	0	0.46
65800	0.46	0.43	0.43	0	0	0.46
65900	0.46	0.44	0.44	0	0	0.46
66000	0.46	0.44	0.44	0	0	0.46
66100	0.46	0.45	0.45	0	0	0.46
66200	0.46	0.45	0.45	0	0	0.46
66300	0.46	0.45	0.45	0	0	0.46
66400	0.46	0.45	0.45	0	0	0.46
66500	0.46	0.45	0.45	0	0	0.46
66600	0.46	0.45	0.45	0	0	0.46
66700	0.46	0.45	0.45	0	0	0.46
66800	0.46	0.45	0.45	0	0	0.46
66900	0.46	0.45	0.45	0	0	0.46
67000	0.46	0.44	0.44	0	0	0.46
67100	0.46	0.44	0.44	0	0	0.46
67200	0.46	0.44	0.44	0	0	0.46
67300	0.46	0.44	0.44	0	0	0.46
67400	0.46	0.44	0.44	0	0	0.46
67500	0.47	0.44	0.44	0	0	0.47
67600	0.48	0.44	0.44	0	0	0.48
67700	0.48	0.44	0.44	0	0	0.48
67800	0.48	0.44	0.44	0	0	0.48
67900	0.48	0.45	0.45	0	0	0.48
68000	0.48	0.45	0.45	0	0	0.48
68100	0.48	0.45	0.45	0	0	0.48
68200	0.48	0.45	0.45	0	0	0.48
68300	0.48	0.45	0.45	0	0	0.48
68400	0.48	0.45	0.45	0	0	0.48
68500	0.49	0.45	0.45	0	0	0.49
68600	0.49	0.45	0.45	0	0	0.49
68700	0.49	0.45	0.45	0	0	0.49
68800	0.49	0.45	0.45	0	0	0.49
68900	0.49	0.45	0.45	0	0	0.49
69000	0.5	0.45	0.45	0	0	0.5
69100	0.51	0.45	0.45	0	0	0.51
69200	0.51	0.45	0.45	0	0	0.51
69300	0.51	0.45	0.45	0	0	0.51
69400	0.51	0.45	0.45	0	0	0.51
69500	0.51	0.45	0.45	0	0	0.51
69600	0.51	0.45	0.45	0	0	0.51
69700	0.51	0.45	0.45	0	0	0.51
69800	0.51	0.45	0.45	0	0	0.51
69900	0.51	0.45	0.45	0	0	0.51
70000	0.51	0.45	0.45	0	0	0.51
70100	0.51	0.45	0.45	0	0	0.51
70200	0.51	0.45	0.45	0	0	0.51
70300	0.5	0.45	0.45	0	0	0.5
70400	0.5	0.45	0.45	0	0	0.5
70500	0.5	0.45	0.45	0	0	0.5
70600	0.51	0.45	0.45	0	0	0.51
70700	0.51	0.46	0.46	0	0	0.51
70800	0.51	0.46	0.46	0	0	0.51
70900	0.51	0.45	0.45	0	0	0.51
71000	0.51	0.45	0.45	0	0	0.51
71100	0.51	0.45	0.45	0	0	0.51
71200	0.51	0.45	0.45	0	0	0.51
71300	0.51	0.45	0.45	0	0	0.51
71400	0.51	0.45	0.45	0	0	0.51
71500	0.5	0.45	0.45	0	0	0.5
71600	0.5	0.45	0.45	0	0	0.5
71700	0.5	0.45	0.45	0	0	0.5
71800	0.5	0.45	0.45	0	0	0.5
71900	0.5	0.45	0.45	0	0	0.5
72000	0.5	0.45	0.45	0	0	0.5
72100	0.5	0.45	0.45	0	0	0.5
72200	0.5	0.45	0.45	0	0	0.5
72300	0.49	0.45	0.45	0	0	0.49
72400	0.49	0.45	0.45	0	0	0.49
72500	0.49	0.45	0.45	0	0	0.49
72600	0.49	0.45	0.45	0	0	0.49
72700	0.49	0.45	0.45	0	0	0.49
72800	0.49	0.45	0.45	0	0	0.49
72900	0.49	0.45	0.45	0	0	0.49
73000	0.49	0.45	0.45	0	0	0.49
73100	0.49	0.44	0.44	0	0	0.49
73200	0.49	0.44	0.44	0	0	0.49
73300	0.48	0.44	0.44	0	0	0.48
73400	0.48	0.44	0.44	0	0	0.48
73500	0.48	0.44	0.44	0	0	0.48
73600	0.48	0.44	0.44	0	0	0.48
73700	0.48	0.44	0.44	0	0	0.48
73800	0.48	0.44	0.44	0	0	0.48
73900	0.48	0.44	0.44	0	0	0.48
74000	0.48	0.44	0.44	0	0	0.48
74100	0.49	0.44	0.44	0	0	0.49
74200	0.49	0.44	0.44	0	0	0.49
74300	0.49	0.44	0.44	0	0	0.49
74400	0.49	0.44	0.44	0	0	0.49
74500	0.49	0.44	0.44	0	0	0.49
74600	0.49	0.43	0.43	0	0	0.49
74700	0.49	0.43	0.43	0	0	0.49
74800	0.5	0.43	0.43	0	0	0.5
74900	0.5	0.43	0.43	0	0	0.5
75000	0.5	0.43	0.43	0	0	0.5
75100	0.49	0.43	0.43	0	0	0.49
75200	0.5	0.44	0.44	0	0	0.5
75300	0.49	0.44	0.44	0	0	0.49
75400	0.49	0.44	0.44	0	0	0.49
75500	0.49	0.43	0.43	0	0	0.49
75600	0.49	0.43	0.43	0	0	0.49
75700	0.49	0.43	0.43	0	0	0.49
75800	0.49	0.43	0.43	0	0	0.49
75900	0.49	0.44	0.44	0	0	0.49
76000	0.49	0.44	0.44	0	0	0.49
76100	0.49	0.44	0.44	0	0	0.49
76200	0.49	0.44	0.44	0	0	0.49
76300	0.49	0.44	0.44	0	0	0.49
76400	0.49	0.44	0.44	0	0	0.49
76500	0.49	0.44	0.44	0	0	0.49
76600	0.49	0.44	0.44	0	0	0.49
76700	0.49	0.44	0.44	0	0	0.49
76800	0.49	0.44	0.44	0	0	0.49
76900	0.49	0.44	0.44	0	0	0.49
77000	0.48	0.43	0.43	0	0	0.48
77100	0.46	0.43	0.43	0	0	0.46
77200	0.46	0.43	0.43	0	0	0.46
77300	0.46	0.43	0.43	0	0	0.46
77400	0.46	0.43	0.43	0	0	0.46
77500	0.46	0.43	0.43	0	0	0.46
77600	0.46	0.43	0.43	0	0	0.46
77700	0.46	0.43	0.43	0	0	0.46
77800	0.46	0.43	0.43	0	0	0.46
77900	0.46	0.43	0.43	0	0	0.46
78000	0.46	0.44	0.44	0	0	0.46
78100	0.46	0.43	0.43	0	0	0.46
78200	0.46	0.44	0.44	0	0	0.46
78300	0.46	0.43	0.43	0	0	0.46
78400	0.46	0.44	0.44	0	0	0.46
78500	0.46	0.44	0.44	0	0	0.46
78600	0.46	0.44	0.44	0	0	0.46
78700	0.46	0.44	0.44	0	0	0.46
78800	0.46	0.44	0.44	0	0	0.46
78900	0.46	0.44	0.44	0	0	0.46
79000	0.46	0.44	0.44	0	0	0.46
79100	0.46	0.44	0.44	0	0	0.46
79200	0.46	0.44	0.44	0	0	0.46
79300	0.46	0.44	0.44	0	0	0.46
79400	0.46	0.44	0.44	0	0	0.46
79500	0.46	0.44	0.44	0	0	0.46
79600	0.46	0.44	0.44	0	0	0.46
79700	0.46	0.44	0.44	0	0	0.46
79800	0.47	0.44	0.44	0	0	0.47
79900	0.47	0.44	0.44	0	0	0.47
80000	0.48	0.44	0.44	0	0	0.48
80100	0.48	0.43	0.43	0	0	0.48
80200	0.48	0.43	0.43	0	0	0.48
80300	0.48	0.43	0.43	0	0	0.48
80400	0.48	0.43	0.43	0	0	0.48
80500	0.48	0.43	0.43	0	0	0.48
80600	0.48	0.43	0.43	0	0	0.48
80700	0.48	0.43	0.43	0	0	0.48
80800	0.48	0.42	0.42	0	0	0.48
80900	0.48	0.42	0.42	0	0	0.48
81000	0.48	0.42	0.42	0	0	0.48
81100	0.48	0.42	0.42	0	0	0.48
81200	0.48	0.42	0.42	0	0	0.48
81300	0.48	0.42	0.42	0	0	0.48
81400	0.48	0.41	0.41	0	0	0.48
81500	0.48	0.41	0.41	0	0	0.48
81600	0.48	0.41	0.41	0	0	0.48
81700	0.49	0.42	0.42	0	0	0.49
81800	0.49	0.42	0.42	0	0	0.49
81900	0.49	0.43	0.43	0	0	0.49
82000	0.49	0.43	0.43	0	0	0.49
82100	0.48	0.43	0.43	0	0	0.48
82200	0.48	0.43	0.43	0	0	0.48
82300	0.48	0.43	0.43	0	0	0.48
82400	0.48	0.43	0.43	0	0	0.48
82500	0.48	0.44	0.44	0	0	0.48
82600	0.48	0.44	0.44	0	0	0.48
82700	0.48	0.44	0.44	0	0	0.48
82800	0.48	0.44	0.44	0	0	0.48
82900	0.48	0.44	0.44	0	0	0.48
83000	0.48	0.44	0.44	0	0	0.48
83100	0.48	0.44	0.44	0	0	0.48
83200	0.48	0.44	0.44	0	0	0.48
83300	0.48	0.44	0.44	0	0	0.48
83400	0.49	0.44	0.44	0	0	0.49
83500	0.49	0.44	0.44	0	0	0.49
83600	0.49	0.44	0.44	0	0	0.49
83700	0.49	0.45	0.45	0	0	0.49
83800	0.49	0.45	0.45	0	0	0.49
83900	0.49	0.45	0.45	0	0	0.49
84000	0.49	0.45	0.45	0	0	0.49
84100	0.49	0.45	0.45	0	0	0.49
84200	0.49	0.45	0.45	0	0	0.49
84300	0.49	0.45	0.45	0	0	0.49
84400	0.49	0.45	0.45	0	0	0.49
84500	0.5	0.45	0.45	0	0	0.5
84600	0.5	0.45	0.45	0	0	0.5
84700	0.5	0.45	0.45	0	0	0.5
84800	0.5	0.45	0.45	0	0	0.5
84900	0.5	0.46	0.46	0	0	0.5
85000	0.5	0.46	0.46	0	0	0.5
85100	0.5	0.46	0.46	0	0	0.5
85200	0.5	0.46	0.46	0	0	0.5
85300	0.5	0.46	0.46	0	0	0.5
85400	0.49	0.46	0.46	0	0	0.49
85500	0.49	0.46	0.46	0	0	0.49
85600	0.49	0.46	0.46	0	0	0.49
85700	0.49	0.46	0.46	0	0	0.49
85800	0.49	0.46	0.46	0	0	0.49
85900	0.49	0.46	0.46	0	0	0.49
86000	0.49	0.46	0.46	0	0	0.49
86100	0.49	0.46	0.46	0	0	0.49
86200	0.49	0.46	0.46	0	0	0.49
86300	0.49	0.47	0.47	0	0	0.49
86400	0.49	0.47	0.47	0	0	0.49
86500	0.49	0.47	0.47	0	0	0.49
86600	0.49	0.47	0.47	0	0	0.49
86700	0.49	0.47	0.47	0	0	0.49
86800	0.49	0.47	0.47	0	0	0.49
86900	0.49	0.47	0.47	0	0	0.49
87000	0.49	0.46	0.46	0	0	0.49
87100	0.48	0.46	0.46	0	0	0.48
87200	0.48	0.46	0.46	0	0	0.48
87300	0.48	0.46	0.46	0	0	0.48
87400	0.48	0.46	0.46	0	0	0.48
87500	0.48	0.46	0.46	0	0	0.48
87600	0.48	0.45	0.45	0	0	0.48
87700	0.48	0.45	0.45	0	0	0.48
87800	0.48	0.46	0.46	0	0	0.48
87900	0.47	0.46	0.46	0	0	0.47
88000	0.47	0.46	0.46	0	0	0.47
88100	0.47	0.46	0.46	0	0	0.47
88200	0.47	0.46	0.46	0	0	0.47
88300	0.47	0.46	0.46	0	0	0.47
88400	0.47	0.46	0.46	0	0	0.47
88500	0.47	0.46	0.46	0	0	0.47
88600	0.47	0.45	0.45	0	0	0.47
88700	0.47	0.45	0.45	0	0	0.47
88800	0.47	0.45	0.45	0	0	0.47
88900	0.47	0.45	0.45	0	0	0.47
89000	0.47	0.45	0.45	0	0	0.47
89100	0.47	0.45	0.45	0	0	0.47
89200	0.47	0.45	0.45	0	0	0.47
89300	0.48	0.45	0.45	0	0	0.48
89400	0.48	0.45	0.45	0	0	0.48
89500	0.48	0.45	0.45	0	0	0.48
89600	0.48	0.45	0.45	0	0	0.48
89700	0.48	0.45	0.45	0	0	0.48
89800	0.48	0.45	0.45	0	0	0.48
89900	0.48	0.45	0.45	0	0	0.48
90000	0.48	0.45	0.45	0	0	0.48
90100	0.48	0.45	0.45	0	0	0.48
90200	0.48	0.45	0.45	0	0	0.48
90300	0.48	0.44	0.44	0	0	0.48
90400	0.48	0.44	0.44	0	0	0.48
90500	0.48	0.44	0.44	0	0	0.48
90600	0.48	0.44	0.44	0	0	0.48
90700	0.48	0.44	0.44	0	0	0.48
90800	0.48	0.43	0.43	0	0	0.48
90900	0.48	0.43	0.43	0	0	0.48
91000	0.49	0.43	0.43	0	0	0.49
91100	0.49	0.43	0.43	0	0	0.49
91200	0.49	0.43	0.43	0	0	0.49
91300	0.49	0.43	0.43	0	0	0.49
91400	0.49	0.43	0.43	0	0	0.49
91500	0.49	0.43	0.43	0	0	0.49
91600	0.49	0.43	0.43	0	0	0.49
91700	0.49	0.42	0.42	0	0	0.49
91800	0.49	0.42	0.42	0	0	0.49
91900	0.49	0.43	0.43	0	0	0.49
92000	0.49	0.43	0.43	0	0	0.49
92100	0.49	0.43	0.43	0	0	0.49
92200	0.49	0.43	0.43	0	0	0.49
92300	0.49	0.43	0.43	0	0	0.49
92400	0.49	0.43	0.43	0	0	0.49
92500	0.49	0.43	0.43	0	0	0.49
92600	0.49	0.43	0.43	0	0	0.49
92700	0.49	0.43	0.43	0	0	0.49
92800	0.49	0.42	0.42	0	0	0.49
92900	0.49	0.42	0.42	0	0	0.49
93000	0.49	0.42	0.42	0	0	0.49
93100	0.49	0.42	0.42	0	0	0.49
93200	0.49	0.42	0.42	0	0	0.49
93300	0.49	0.42	0.42	0	0	0.49
93400	0.49	0.42	0.42	0	0	0.49
93500	0.49	0.42	0.42	0	0	0.49
93600	0.49	0.42	0.42	0	0	0.49
93700	0.49	0.42	0.42	0	0	0.49
93800	0.49	0.42	0.42	0	0	0.49
93900	0.48	0.42	0.42	0	0	0.48
94000	0.48	0.42	0.42	0	0	0.48
94100	0.48	0.43	0.43	0	0	0.48
94200	0.48	0.43	0.43	0	0	0.48
94300	0.48	0.43	0.43	0	0	0.48
94400	0.47	0.43	0.43	0	0	0.47
94500	0.47	0.43	0.43	0	0	0.47
94600	0.47	0.43	0.43	0	0	0.47
94700	0.47	0.44	0.44	0	0	0.47
94800	0.47	0.44	0.44	0	0	0.47
94900	0.47	0.44	0.44	0	0	0.47
95000	0.47	0.44	0.44	0	0	0.47
95100	0.46	0.45	0.45	0	0	0.46
95200	0.46	0.45	0.45	0	0	0.46
95300	0.46	0.45	0.45	0	0	0.46
95400	0.46	0.45	0.45	0	0	0.46
95500	0.46	0.45	0.45	0	0	0.46
95600	0.46	0.45	0.45	0	0	0.46
95700	0.46	0.45	0.45	0	0	0.46
95800	0.46	0.45	0.45	0	0	0.46
95900	0.45	0.45	0.45	0	0	0.45
96000	0.45	0.45	0.45	0	0	0.45
96100	0.45	0.45	0.45	0	0	0.45
96200	0.45	0.45	0.45	0	0	0.45
96300	0.45	0.45	0.45	0	0	0.45
96400	0.45	0.45	0.45	0	0	0.45
96500	0.45	0.45	0.45	0	0	0.45
96600	0.45	0.45	0.45	0	0	0.45
96700	0.45	0.45	0.45	0	0	0.45
96800	0.45	0.44	0.44	0	0	0.45
96900	0.45	0.44	0.44	0	0	0.45
97000	0.45	0.44	0.44	0	0	0.45
97100	0.44	0.44	0.44	0	0	0.44
97200	0.44	0.44	0.44	0	0	0.44
97300	0.44	0.44	0.44	0	0	0.44
97400	0.44	0.44	0.44	0	0	0.44
97500	0.44	0.44	0.44	0	0	0.44
97600	0.44	0.44	0.44	0	0	0.44
97700	0.44	0.44	0.44	0	0	0.44
97800	0.44	0.44	0.44	0	0	0.44
97900	0.45	0.44	0.44	0	0	0.45
98000	0.45	0.45	0.45	0	0	0.45
98100	0.45	0.45	0.45	0	0	0.45
98200	0.45	0.45	0.45	0	0	0.45
98300	0.45	0.45	0.45	0	0	0.45
98400	0.45	0.45	0.45	0	0	0.45
98500	0.45	0.45	0.45	0	0	0.45
98600	0.45	0.45	0.45	0	0	0.45
98700	0.45	0.45	0.45	0	0	0.45
98800	0.45	0.45	0.45	0	0	0.45
98900	0.45	0.45	0.45	0	0	0.45
99000	0.45	0.45	0.45	0	0	0.45
99100	0.45	0.45	0.45	0	0	0.45
99200	0.45	0.45	0.45	0	0	0.45
99300	0.45	0.45	0.45	0	0	0.45
99400	0.45	0.45	0.45	0	0	0.45
99500	0.45	0.45	0.45	0	0	0.45
99600	0.45	0.45	0.45	0	0	0.45
99700	0.45	0.45	0.45	0	0	0.45
99800	0.45	0.45	0.45	0	0	0.45
99900	0.45	0.45	0.45	0	0	0.45
100000	0.45	0.45	0.45	0	0	0.45
