100	0.09	0.12	0.12	0	0	0.09
200	0.1	0.13	0.13	0	0	0.1
300	0.1	0.14	0.14	0	0	0.1
400	0.1	0.2	0.2	0	0	0.1
500	0.11	0.2	0.2	0	0	0.11
600	0.12	0.23	0.23	0	0	0.12
700	0.13	0.21	0.21	0	0	0.13
800	0.13	0.21	0.21	0	0	0.13
900	0.14	0.22	0.22	0	0	0.14
1000	0.14	0.23	0.23	0	0	0.14
1100	0.14	0.24	0.24	0	0	0.14
1200	0.14	0.26	0.26	0	0	0.14
1300	0.15	0.27	0.27	0	0	0.15
1400	0.15	0.28	0.28	0	0	0.15
1500	0.15	0.29	0.29	0	0	0.15
1600	0.15	0.29	0.29	0	0	0.15
1700	0.16	0.3	0.3	0	0	0.16
1800	0.16	0.32	0.32	0	0	0.16
1900	0.16	0.33	0.33	0	0	0.16
2000	0.15	0.35	0.35	0	0	0.15
2100	0.15	0.36	0.36	0	0	0.15
2200	0.15	0.38	0.38	0	0	0.15
2300	0.15	0.39	0.39	0	0	0.15
2400	0.15	0.39	0.39	0	0	0.15
2500	0.15	0.39	0.39	0	0	0.15
2600	0.15	0.39	0.39	0	0	0.15
2700	0.17	0.39	0.39	0	0	0.17
2800	0.17	0.39	0.39	0	0	0.17
2900	0.17	0.4	0.4	0	0	0.17
3000	0.2	0.4	0.4	0	0	0.2
3100	0.2	0.4	0.4	0	0	0.2
3200	0.19	0.41	0.41	0	0	0.19
3300	0.19	0.42	0.42	0	0	0.19
3400	0.2	0.42	0.42	0	0	0.2
3500	0.21	0.43	0.43	0	0	0.21
3600	0.23	0.46	0.46	0	0	0.23
3700	0.24	0.45	0.45	0	0	0.24
3800	0.24	0.46	0.46	0	0	0.24
3900	0.24	0.46	0.46	0	0	0.24
4000	0.24	0.49	0.49	0	0	0.24
4100	0.24	0.47	0.47	0	0	0.24
4200	0.24	0.46	0.46	0	0	0.24
4300	0.25	0.45	0.45	0	0	0.25
4400	0.25	0.45	0.45	0	0	0.25
4500	0.25	0.45	0.45	0	0	0.25
4600	0.25	0.45	0.45	0	0	0.25
4700	0.25	0.45	0.45	0	0	0.25
4800	0.27	0.44	0.44	0	0	0.27
4900	0.27	0.44	0.44	0	0	0.27
5000	0.27	0.44	0.44	0	0	0.27
5100	0.27	0.42	0.42	0	0	0.27
5200	0.27	0.43	0.43	0	0	0.27
5300	0.28	0.43	0.43	0	0	0.28
5400	0.27	0.43	0.43	0	0	0.27
5500	0.28	0.43	0.43	0	0	0.28
5600	0.28	0.43	0.43	0	0	0.28
5700	0.3	0.42	0.42	0	0	0.3
5800	0.3	0.42	0.42	0	0	0.3
5900	0.3	0.43	0.43	0	0	0.3
6000	0.31	0.42	0.42	0	0	0.31
6100	0.3	0.42	0.42	0	0	0.3
6200	0.3	0.41	0.41	0	0	0.3
6300	0.3	0.42	0.42	0	0	0.3
6400	0.3	0.43	0.43	0	0	0.3
6500	0.3	0.43	0.43	0	0	0.3
6600	0.3	0.43	0.43	0	0	0.3
6700	0.31	0.43	0.43	0	0	0.31
6800	0.31	0.43	0.43	0	0	0.31
6900	0.32	0.44	0.44	0	0	0.32
7000	0.3	0.44	0.44	0	0	0.3
7100	0.3	0.44	0.44	0	0	0.3
7200	0.3	0.44	0.44	0	0	0.3
7300	0.31	0.44	0.44	0	0	0.31
7400	0.31	0.44	0.44	0	0	0.31
7500	0.31	0.44	0.44	0	0	0.31
7600	0.31	0.44	0.44	0	0	0.31
7700	0.31	0.44	0.44	0	0	0.31
7800	0.32	0.45	0.45	0	0	0.32
7900	0.32	0.45	0.45	0	0	0.32
8000	0.31	0.45	0.45	0	0	0.31
8100	0.31	0.45	0.45	0	0	0.31
8200	0.31	0.45	0.45	0	0	0.31
8300	0.31	0.45	0.45	0	0	0.31
8400	0.31	0.45	0.45	0	0	0.31
8500	0.31	0.45	0.45	0	0	0.31
8600	0.31	0.45	0.45	0	0	0.31
8700	0.3	0.45	0.45	0	0	0.3
8800	0.3	0.45	0.45	0	0	0.3
8900	0.3	0.46	0.46	0	0	0.3
9000	0.3	0.46	0.46	0	0	0.3
9100	0.3	0.47	0.47	0	0	0.3
9200	0.3	0.47	0.47	0	0	0.3
9300	0.3	0.47	0.47	0	0	0.3
9400	0.29	0.49	0.49	0	0	0.29
9500	0.29	0.49	0.49	0	0	0.29
9600	0.3	0.48	0.48	0	0	0.3
9700	0.3	0.48	0.48	0	0	0.3
9800	0.3	0.48	0.48	0	0	0.3
9900	0.3	0.48	0.48	0	0	0.3
10000	0.3	0.48	0.48	0	0	0.3
10100	0.3	0.48	0.48	0	0	0.3
10200	0.29	0.49	0.49	0	0	0.29
10300	0.3	0.49	0.49	0	0	0.3
10400	0.3	0.47	0.47	0	0	0.3
10500	0.3	0.47	0.47	0	0	0.3
10600	0.3	0.48	0.48	0	0	0.3
10700	0.3	0.48	0.48	0	0	0.3
10800	0.3	0.48	0.48	0	0	0.3
10900	0.3	0.49	0.49	0	0	0.3
11000	0.3	0.49	0.49	0	0	0.3
11100	0.3	0.49	0.49	0	0	0.3
11200	0.3	0.49	0.49	0	0	0.3
11300	0.3	0.49	0.49	0	0	0.3
11400	0.3	0.49	0.49	0	0	0.3
11500	0.3	0.48	0.48	0	0	0.3
11600	0.3	0.49	0.49	0	0	0.3
11700	0.31	0.49	0.49	0	0	0.31
11800	0.32	0.49	0.49	0	0	0.32
11900	0.31	0.49	0.49	0	0	0.31
12000	0.31	0.49	0.49	0	0	0.31
12100	0.3	0.49	0.49	0	0	0.3
12200	0.27	0.49	0.49	0	0	0.27
12300	0.28	0.5	0.5	0	0	0.28
12400	0.28	0.49	0.49	0	0	0.28
12500	0.28	0.49	0.49	0	0	0.28
12600	0.28	0.49	0.49	0	0	0.28
12700	0.28	0.49	0.49	0	0	0.28
12800	0.28	0.49	0.49	0	0	0.28
12900	0.29	0.48	0.48	0	0	0.29
13000	0.28	0.48	0.48	0	0	0.28
13100	0.28	0.47	0.47	0	0	0.28
13200	0.28	0.47	0.47	0	0	0.28
13300	0.28	0.47	0.47	0	0	0.28
13400	0.29	0.47	0.47	0	0	0.29
13500	0.29	0.47	0.47	0	0	0.29
13600	0.29	0.47	0.47	0	0	0.29
13700	0.29	0.47	0.47	0	0	0.29
13800	0.29	0.47	0.47	0	0	0.29
13900	0.29	0.47	0.47	0	0	0.29
14000	0.29	0.47	0.47	0	0	0.29
14100	0.29	0.46	0.46	0	0	0.29
14200	0.29	0.46	0.46	0	0	0.29
14300	0.29	0.46	0.46	0	0	0.29
14400	0.29	0.46	0.46	0	0	0.29
14500	0.29	0.46	0.46	0	0	0.29
14600	0.29	0.45	0.45	0	0	0.29
14700	0.29	0.46	0.46	0	0	0.29
14800	0.29	0.46	0.46	0	0	0.29
14900	0.29	0.46	0.46	0	0	0.29
15000	0.28	0.46	0.46	0	0	0.28
15100	0.27	0.47	0.47	0	0	0.27
15200	0.27	0.47	0.47	0	0	0.27
15300	0.27	0.47	0.47	0	0	0.27
15400	0.27	0.47	0.47	0	0	0.27
15500	0.27	0.47	0.47	0	0	0.27
15600	0.27	0.48	0.48	0	0	0.27
15700	0.27	0.48	0.48	0	0	0.27
15800	0.28	0.48	0.48	0	0	0.28
15900	0.29	0.49	0.49	0	0	0.29
16000	0.29	0.48	0.48	0	0	0.29
16100	0.29	0.47	0.47	0	0	0.29
16200	0.29	0.45	0.45	0	0	0.29
16300	0.29	0.45	0.45	0	0	0.29
16400	0.29	0.44	0.44	0	0	0.29
16500	0.29	0.45	0.45	0	0	0.29
16600	0.3	0.45	0.45	0	0	0.3
16700	0.3	0.45	0.45	0	0	0.3
16800	0.3	0.45	0.45	0	0	0.3
16900	0.3	0.45	0.45	0	0	0.3
17000	0.3	0.46	0.46	0	0	0.3
17100	0.3	0.46	0.46	0	0	0.3
17200	0.3	0.47	0.47	0	0	0.3
17300	0.3	0.47	0.47	0	0	0.3
17400	0.3	0.48	0.48	0	0	0.3
17500	0.3	0.49	0.49	0	0	0.3
17600	0.3	0.49	0.49	0	0	0.3
17700	0.3	0.48	0.48	0	0	0.3
17800	0.29	0.48	0.48	0	0	0.29
17900	0.29	0.47	0.47	0	0	0.29
18000	0.3	0.45	0.45	0	0	0.3
18100	0.3	0.45	0.45	0	0	0.3
18200	0.3	0.45	0.45	0	0	0.3
18300	0.3	0.45	0.45	0	0	0.3
18400	0.3	0.44	0.44	0	0	0.3
18500	0.3	0.44	0.44	0	0	0.3
18600	0.3	0.45	0.45	0	0	0.3
18700	0.3	0.45	0.45	0	0	0.3
18800	0.31	0.45	0.45	0	0	0.31
18900	0.31	0.46	0.46	0	0	0.31
19000	0.31	0.45	0.45	0	0	0.31
19100	0.3	0.45	0.45	0	0	0.3
19200	0.3	0.45	0.45	0	0	0.3
19300	0.31	0.45	0.45	0	0	0.31
19400	0.31	0.45	0.45	0	0	0.31
19500	0.31	0.45	0.45	0	0	0.31
19600	0.31	0.45	0.45	0	0	0.31
19700	0.31	0.45	0.45	0	0	0.31
19800	0.32	0.46	0.46	0	0	0.32
19900	0.32	0.47	0.47	0	0	0.32
20000	0.33	0.47	0.47	0	0	0.33
20100	0.33	0.47	0.47	0	0	0.33
20200	0.33	0.47	0.47	0	0	0.33
20300	0.33	0.47	0.47	0	0	0.33
20400	0.33	0.47	0.47	0	0	0.33
20500	0.33	0.47	0.47	0	0	0.33
20600	0.33	0.47	0.47	0	0	0.33
20700	0.33	0.47	0.47	0	0	0.33
20800	0.33	0.47	0.47	0	0	0.33
20900	0.33	0.48	0.48	0	0	0.33
21000	0.33	0.48	0.48	0	0	0.33
21100	0.33	0.49	0.49	0	0	0.33
21200	0.33	0.49	0.49	0	0	0.33
21300	0.33	0.49	0.49	0	0	0.33
21400	0.32	0.49	0.49	0	0	0.32
21500	0.32	0.49	0.49	0	0	0.32
21600	0.33	0.49	0.49	0	0	0.33
21700	0.33	0.49	0.49	0	0	0.33
21800	0.33	0.49	0.49	0	0	0.33
21900	0.33	0.5	0.5	0	0	0.33
22000	0.33	0.5	0.5	0	0	0.33
22100	0.33	0.5	0.5	0	0	0.33
22200	0.33	0.51	0.51	0	0	0.33
22300	0.33	0.5	0.5	0	0	0.33
22400	0.33	0.49	0.49	0	0	0.33
22500	0.33	0.49	0.49	0	0	0.33
22600	0.33	0.49	0.49	0	0	0.33
22700	0.33	0.49	0.49	0	0	0.33
22800	0.33	0.49	0.49	0	0	0.33
22900	0.33	0.49	0.49	0	0	0.33
23000	0.33	0.49	0.49	0	0	0.33
23100	0.33	0.5	0.5	0	0	0.33
23200	0.33	0.5	0.5	0	0	0.33
23300	0.33	0.49	0.49	0	0	0.33
23400	0.34	0.5	0.5	0	0	0.34
23500	0.34	0.5	0.5	0	0	0.34
23600	0.33	0.5	0.5	0	0	0.33
23700	0.33	0.5	0.5	0	0	0.33
23800	0.33	0.5	0.5	0	0	0.33
23900	0.34	0.5	0.5	0	0	0.34
24000	0.34	0.49	0.49	0	0	0.34
24100	0.34	0.49	0.49	0	0	0.34
24200	0.34	0.49	0.49	0	0	0.34
24300	0.34	0.48	0.48	0	0	0.34
24400	0.35	0.47	0.47	0	0	0.35
24500	0.35	0.47	0.47	0	0	0.35
24600	0.35	0.47	0.47	0	0	0.35
24700	0.35	0.47	0.47	0	0	0.35
24800	0.34	0.47	0.47	0	0	0.34
24900	0.34	0.47	0.47	0	0	0.34
25000	0.34	0.47	0.47	0	0	0.34
25100	0.34	0.47	0.47	0	0	0.34
25200	0.34	0.5	0.5	0	0	0.34
25300	0.34	0.5	0.5	0	0	0.34
25400	0.34	0.5	0.5	0	0	0.34
25500	0.33	0.5	0.5	0	0	0.33
25600	0.33	0.5	0.5	0	0	0.33
25700	0.33	0.51	0.51	0	0	0.33
25800	0.33	0.51	0.51	0	0	0.33
25900	0.33	0.51	0.51	0	0	0.33
26000	0.33	0.51	0.51	0	0	0.33
26100	0.33	0.51	0.51	0	0	0.33
26200	0.33	0.51	0.51	0	0	0.33
26300	0.33	0.51	0.51	0	0	0.33
26400	0.33	0.51	0.51	0	0	0.33
26500	0.33	0.51	0.51	0	0	0.33
26600	0.33	0.51	0.51	0	0	0.33
26700	0.33	0.51	0.51	0	0	0.33
26800	0.33	0.51	0.51	0	0	0.33
26900	0.33	0.51	0.51	0	0	0.33
27000	0.33	0.52	0.52	0	0	0.33
27100	0.33	0.5	0.5	0	0	0.33
27200	0.33	0.5	0.5	0	0	0.33
27300	0.33	0.51	0.51	0	0	0.33
27400	0.34	0.51	0.51	0	0	0.34
27500	0.34	0.52	0.52	0	0	0.34
27600	0.32	0.52	0.52	0	0	0.32
27700	0.31	0.52	0.52	0	0	0.31
27800	0.31	0.52	0.52	0	0	0.31
27900	0.31	0.53	0.53	0	0	0.31
28000	0.31	0.52	0.52	0	0	0.31
28100	0.31	0.52	0.52	0	0	0.31
28200	0.31	0.52	0.52	0	0	0.31
28300	0.31	0.52	0.52	0	0	0.31
28400	0.31	0.52	0.52	0	0	0.31
28500	0.31	0.52	0.52	0	0	0.31
28600	0.31	0.51	0.51	0	0	0.31
28700	0.31	0.51	0.51	0	0	0.31
28800	0.31	0.51	0.51	0	0	0.31
28900	0.31	0.51	0.51	0	0	0.31
29000	0.31	0.53	0.53	0	0	0.31
29100	0.31	0.53	0.53	0	0	0.31
29200	0.31	0.54	0.54	0	0	0.31
29300	0.32	0.54	0.54	0	0	0.32
29400	0.32	0.54	0.54	0	0	0.32
29500	0.31	0.55	0.55	0	0	0.31
29600	0.31	0.55	0.55	0	0	0.31
29700	0.31	0.55	0.55	0	0	0.31
29800	0.31	0.55	0.55	0	0	0.31
29900	0.31	0.55	0.55	0	0	0.31
30000	0.31	0.55	0.55	0	0	0.31
30100	0.31	0.55	0.55	0	0	0.31
30200	0.31	0.55	0.55	0	0	0.31
30300	0.31	0.55	0.55	0	0	0.31
30400	0.31	0.55	0.55	0	0	0.31
30500	0.32	0.55	0.55	0	0	0.32
30600	0.32	0.55	0.55	0	0	0.32
30700	0.32	0.55	0.55	0	0	0.32
30800	0.32	0.55	0.55	0	0	0.32
30900	0.33	0.55	0.55	0	0	0.33
31000	0.33	0.55	0.55	0	0	0.33
31100	0.33	0.55	0.55	0	0	0.33
31200	0.33	0.55	0.55	0	0	0.33
31300	0.33	0.55	0.55	0	0	0.33
31400	0.33	0.55	0.55	0	0	0.33
31500	0.33	0.55	0.55	0	0	0.33
31600	0.33	0.55	0.55	0	0	0.33
31700	0.35	0.55	0.55	0	0	0.35
31800	0.35	0.55	0.55	0	0	0.35
31900	0.34	0.55	0.55	0	0	0.34
32000	0.34	0.55	0.55	0	0	0.34
32100	0.34	0.55	0.55	0	0	0.34
32200	0.34	0.55	0.55	0	0	0.34
32300	0.34	0.55	0.55	0	0	0.34
32400	0.33	0.55	0.55	0	0	0.33
32500	0.33	0.55	0.55	0	0	0.33
32600	0.33	0.55	0.55	0	0	0.33
32700	0.33	0.55	0.55	0	0	0.33
32800	0.33	0.55	0.55	0	0	0.33
32900	0.33	0.54	0.54	0	0	0.33
33000	0.33	0.54	0.54	0	0	0.33
33100	0.33	0.54	0.54	0	0	0.33
33200	0.32	0.53	0.53	0	0	0.32
33300	0.32	0.53	0.53	0	0	0.32
33400	0.32	0.53	0.53	0	0	0.32
33500	0.32	0.53	0.53	0	0	0.32
33600	0.32	0.53	0.53	0	0	0.32
33700	0.32	0.53	0.53	0	0	0.32
33800	0.32	0.54	0.54	0	0	0.32
33900	0.32	0.53	0.53	0	0	0.32
34000	0.32	0.53	0.53	0	0	0.32
34100	0.32	0.53	0.53	0	0	0.32
34200	0.32	0.53	0.53	0	0	0.32
34300	0.32	0.53	0.53	0	0	0.32
34400	0.32	0.53	0.53	0	0	0.32
34500	0.32	0.53	0.53	0	0	0.32
34600	0.32	0.53	0.53	0	0	0.32
34700	0.32	0.52	0.52	0	0	0.32
34800	0.32	0.53	0.53	0	0	0.32
34900	0.32	0.53	0.53	0	0	0.32
35000	0.32	0.53	0.53	0	0	0.32
35100	0.32	0.53	0.53	0	0	0.32
35200	0.32	0.53	0.53	0	0	0.32
35300	0.32	0.52	0.52	0	0	0.32
35400	0.32	0.52	0.52	0	0	0.32
35500	0.32	0.51	0.51	0	0	0.32
35600	0.33	0.51	0.51	0	0	0.33
35700	0.33	0.51	0.51	0	0	0.33
35800	0.33	0.51	0.51	0	0	0.33
35900	0.34	0.52	0.52	0	0	0.34
36000	0.34	0.52	0.52	0	0	0.34
36100	0.34	0.52	0.52	0	0	0.34
36200	0.34	0.52	0.52	0	0	0.34
36300	0.34	0.52	0.52	0	0	0.34
36400	0.34	0.52	0.52	0	0	0.34
36500	0.34	0.52	0.52	0	0	0.34
36600	0.36	0.52	0.52	0	0	0.36
36700	0.36	0.52	0.52	0	0	0.36
36800	0.36	0.52	0.52	0	0	0.36
36900	0.36	0.52	0.52	0	0	0.36
37000	0.36	0.52	0.52	0	0	0.36
37100	0.36	0.52	0.52	0	0	0.36
37200	0.36	0.52	0.52	0	0	0.36
37300	0.36	0.52	0.52	0	0	0.36
37400	0.36	0.52	0.52	0	0	0.36
37500	0.36	0.52	0.52	0	0	0.36
37600	0.36	0.52	0.52	0	0	0.36
37700	0.36	0.52	0.52	0	0	0.36
37800	0.37	0.52	0.52	0	0	0.37
37900	0.37	0.52	0.52	0	0	0.37
38000	0.37	0.52	0.52	0	0	0.37
38100	0.37	0.52	0.52	0	0	0.37
38200	0.37	0.52	0.52	0	0	0.37
38300	0.37	0.52	0.52	0	0	0.37
38400	0.37	0.52	0.52	0	0	0.37
38500	0.37	0.52	0.52	0	0	0.37
38600	0.36	0.52	0.52	0	0	0.36
38700	0.36	0.52	0.52	0	0	0.36
38800	0.36	0.53	0.53	0	0	0.36
38900	0.36	0.53	0.53	0	0	0.36
39000	0.36	0.53	0.53	0	0	0.36
39100	0.36	0.53	0.53	0	0	0.36
39200	0.36	0.53	0.53	0	0	0.36
39300	0.36	0.53	0.53	0	0	0.36
39400	0.36	0.53	0.53	0	0	0.36
39500	0.35	0.54	0.54	0	0	0.35
39600	0.34	0.53	0.53	0	0	0.34
39700	0.35	0.54	0.54	0	0	0.35
39800	0.34	0.54	0.54	0	0	0.34
39900	0.34	0.55	0.55	0	0	0.34
40000	0.34	0.55	0.55	0	0	0.34
40100	0.34	0.55	0.55	0	0	0.34
40200	0.34	0.55	0.55	0	0	0.34
40300	0.34	0.55	0.55	0	0	0.34
40400	0.33	0.56	0.56	0	0	0.33
40500	0.33	0.54	0.54	0	0	0.33
40600	0.33	0.55	0.55	0	0	0.33
40700	0.32	0.54	0.54	0	0	0.32
40800	0.32	0.54	0.54	0	0	0.32
40900	0.32	0.54	0.54	0	0	0.32
41000	0.31	0.53	0.53	0	0	0.31
41100	0.31	0.53	0.53	0	0	0.31
41200	0.31	0.53	0.53	0	0	0.31
41300	0.31	0.53	0.53	0	0	0.31
41400	0.31	0.54	0.54	0	0	0.31
41500	0.31	0.54	0.54	0	0	0.31
41600	0.31	0.54	0.54	0	0	0.31
41700	0.31	0.54	0.54	0	0	0.31
41800	0.31	0.54	0.54	0	0	0.31
41900	0.31	0.55	0.55	0	0	0.31
42000	0.31	0.55	0.55	0	0	0.31
42100	0.3	0.55	0.55	0	0	0.3
42200	0.3	0.55	0.55	0	0	0.3
42300	0.3	0.55	0.55	0	0	0.3
42400	0.3	0.56	0.56	0	0	0.3
42500	0.3	0.55	0.55	0	0	0.3
42600	0.3	0.55	0.55	0	0	0.3
42700	0.3	0.55	0.55	0	0	0.3
42800	0.3	0.55	0.55	0	0	0.3
42900	0.3	0.55	0.55	0	0	0.3
43000	0.3	0.54	0.54	0	0	0.3
43100	0.3	0.54	0.54	0	0	0.3
43200	0.3	0.54	0.54	0	0	0.3
43300	0.3	0.54	0.54	0	0	0.3
43400	0.3	0.54	0.54	0	0	0.3
43500	0.3	0.53	0.53	0	0	0.3
43600	0.31	0.52	0.52	0	0	0.31
43700	0.31	0.52	0.52	0	0	0.31
43800	0.31	0.52	0.52	0	0	0.31
43900	0.31	0.52	0.52	0	0	0.31
44000	0.31	0.52	0.52	0	0	0.31
44100	0.31	0.52	0.52	0	0	0.31
44200	0.31	0.52	0.52	0	0	0.31
44300	0.32	0.52	0.52	0	0	0.32
44400	0.31	0.52	0.52	0	0	0.31
44500	0.31	0.52	0.52	0	0	0.31
44600	0.31	0.52	0.52	0	0	0.31
44700	0.31	0.52	0.52	0	0	0.31
44800	0.31	0.52	0.52	0	0	0.31
44900	0.31	0.52	0.52	0	0	0.31
45000	0.32	0.52	0.52	0	0	0.32
45100	0.32	0.52	0.52	0	0	0.32
45200	0.31	0.52	0.52	0	0	0.31
45300	0.31	0.52	0.52	0	0	0.31
45400	0.32	0.52	0.52	0	0	0.32
45500	0.32	0.52	0.52	0	0	0.32
45600	0.31	0.52	0.52	0	0	0.31
45700	0.31	0.52	0.52	0	0	0.31
45800	0.31	0.52	0.52	0	0	0.31
45900	0.31	0.52	0.52	0	0	0.31
46000	0.31	0.51	0.51	0	0	0.31
46100	0.31	0.5	0.5	0	0	0.31
46200	0.31	0.5	0.5	0	0	0.31
46300	0.31	0.5	0.5	0	0	0.31
46400	0.31	0.5	0.5	0	0	0.31
46500	0.31	0.5	0.5	0	0	0.31
46600	0.31	0.5	0.5	0	0	0.31
46700	0.32	0.51	0.51	0	0	0.32
46800	0.32	0.5	0.5	0	0	0.32
46900	0.32	0.5	0.5	0	0	0.32
47000	0.32	0.5	0.5	0	0	0.32
47100	0.34	0.5	0.5	0	0	0.34
47200	0.34	0.5	0.5	0	0	0.34
47300	0.34	0.5	0.5	0	0	0.34
47400	0.34	0.5	0.5	0	0	0.34
47500	0.34	0.5	0.5	0	0	0.34
47600	0.34	0.5	0.5	0	0	0.34
47700	0.34	0.5	0.5	0	0	0.34
47800	0.34	0.5	0.5	0	0	0.34
47900	0.34	0.51	0.51	0	0	0.34
48000	0.34	0.51	0.51	0	0	0.34
48100	0.34	0.51	0.51	0	0	0.34
48200	0.34	0.51	0.51	0	0	0.34
48300	0.36	0.51	0.51	0	0	0.36
48400	0.36	0.51	0.51	0	0	0.36
48500	0.36	0.51	0.51	0	0	0.36
48600	0.37	0.51	0.51	0	0	0.37
48700	0.37	0.51	0.51	0	0	0.37
48800	0.37	0.51	0.51	0	0	0.37
48900	0.36	0.51	0.51	0	0	0.36
49000	0.36	0.51	0.51	0	0	0.36
49100	0.36	0.51	0.51	0	0	0.36
49200	0.36	0.5	0.5	0	0	0.36
49300	0.36	0.5	0.5	0	0	0.36
49400	0.36	0.5	0.5	0	0	0.36
49500	0.36	0.51	0.51	0	0	0.36
49600	0.36	0.51	0.51	0	0	0.36
49700	0.36	0.51	0.51	0	0	0.36
49800	0.36	0.51	0.51	0	0	0.36
49900	0.36	0.51	0.51	0	0	0.36
50000	0.37	0.51	0.51	0	0	0.37
50100	0.37	0.51	0.51	0	0	0.37
50200	0.37	0.51	0.51	0	0	0.37
50300	0.37	0.5	0.5	0	0	0.37
50400	0.37	0.51	0.51	0	0	0.37
50500	0.37	0.51	0.51	0	0	0.37
50600	0.37	0.52	0.52	0	0	0.37
50700	0.37	0.52	0.52	0	0	0.37
50800	0.37	0.52	0.52	0	0	0.37
50900	0.37	0.52	0.52	0	0	0.37
51000	0.37	0.52	0.52	0	0	0.37
51100	0.37	0.52	0.52	0	0	0.37
51200	0.37	0.52	0.52	0	0	0.37
51300	0.37	0.52	0.52	0	0	0.37
51400	0.37	0.52	0.52	0	0	0.37
51500	0.36	0.52	0.52	0	0	0.36
51600	0.36	0.52	0.52	0	0	0.36
51700	0.36	0.51	0.51	0	0	0.36
51800	0.36	0.51	0.51	0	0	0.36
51900	0.36	0.51	0.51	0	0	0.36
52000	0.36	0.51	0.51	0	0	0.36
52100	0.37	0.52	0.52	0	0	0.37
52200	0.37	0.52	0.52	0	0	0.37
52300	0.37	0.52	0.52	0	0	0.37
52400	0.37	0.52	0.52	0	0	0.37
52500	0.36	0.52	0.52	0	0	0.36
52600	0.36	0.52	0.52	0	0	0.36
52700	0.36	0.52	0.52	0	0	0.36
52800	0.36	0.52	0.52	0	0	0.36
52900	0.36	0.52	0.52	0	0	0.36
53000	0.36	0.52	0.52	0	0	0.36
53100	0.36	0.52	0.52	0	0	0.36
53200	0.36	0.52	0.52	0	0	0.36
53300	0.36	0.52	0.52	0	0	0.36
53400	0.36	0.52	0.52	0	0	0.36
53500	0.36	0.52	0.52	0	0	0.36
53600	0.36	0.52	0.52	0	0	0.36
53700	0.36	0.52	0.52	0	0	0.36
53800	0.36	0.52	0.52	0	0	0.36
53900	0.34	0.52	0.52	0	0	0.34
54000	0.34	0.52	0.52	0	0	0.34
54100	0.34	0.52	0.52	0	0	0.34
54200	0.34	0.52	0.52	0	0	0.34
54300	0.34	0.52	0.52	0	0	0.34
54400	0.34	0.52	0.52	0	0	0.34
54500	0.34	0.52	0.52	0	0	0.34
54600	0.34	0.53	0.53	0	0	0.34
54700	0.34	0.53	0.53	0	0	0.34
54800	0.34	0.53	0.53	0	0	0.34
54900	0.34	0.53	0.53	0	0	0.34
55000	0.34	0.53	0.53	0	0	0.34
55100	0.35	0.53	0.53	0	0	0.35
55200	0.35	0.53	0.53	0	0	0.35
55300	0.35	0.53	0.53	0	0	0.35
55400	0.35	0.53	0.53	0	0	0.35
55500	0.35	0.53	0.53	0	0	0.35
55600	0.35	0.53	0.53	0	0	0.35
55700	0.35	0.53	0.53	0	0	0.35
55800	0.36	0.53	0.53	0	0	0.36
55900	0.36	0.53	0.53	0	0	0.36
56000	0.36	0.53	0.53	0	0	0.36
56100	0.36	0.53	0.53	0	0	0.36
56200	0.36	0.53	0.53	0	0	0.36
56300	0.36	0.53	0.53	0	0	0.36
56400	0.36	0.53	0.53	0	0	0.36
56500	0.36	0.53	0.53	0	0	0.36
56600	0.36	0.53	0.53	0	0	0.36
56700	0.36	0.52	0.52	0	0	0.36
56800	0.36	0.52	0.52	0	0	0.36
56900	0.36	0.5	0.5	0	0	0.36
57000	0.36	0.5	0.5	0	0	0.36
57100	0.36	0.5	0.5	0	0	0.36
57200	0.36	0.5	0.5	0	0	0.36
57300	0.36	0.51	0.51	0	0	0.36
57400	0.36	0.51	0.51	0	0	0.36
57500	0.36	0.51	0.51	0	0	0.36
57600	0.36	0.51	0.51	0	0	0.36
57700	0.36	0.51	0.51	0	0	0.36
57800	0.36	0.51	0.51	0	0	0.36
57900	0.36	0.5	0.5	0	0	0.36
58000	0.36	0.5	0.5	0	0	0.36
58100	0.36	0.5	0.5	0	0	0.36
58200	0.36	0.5	0.5	0	0	0.36
58300	0.36	0.5	0.5	0	0	0.36
58400	0.36	0.5	0.5	0	0	0.36
58500	0.36	0.5	0.5	0	0	0.36
58600	0.36	0.5	0.5	0	0	0.36
58700	0.36	0.5	0.5	0	0	0.36
58800	0.36	0.5	0.5	0	0	0.36
58900	0.36	0.5	0.5	0	0	0.36
59000	0.36	0.51	0.51	0	0	0.36
59100	0.36	0.51	0.51	0	0	0.36
59200	0.36	0.51	0.51	0	0	0.36
59300	0.36	0.51	0.51	0	0	0.36
59400	0.36	0.51	0.51	0	0	0.36
59500	0.36	0.51	0.51	0	0	0.36
59600	0.36	0.51	0.51	0	0	0.36
59700	0.36	0.5	0.5	0	0	0.36
59800	0.36	0.5	0.5	0	0	0.36
59900	0.36	0.5	0.5	0	0	0.36
60000	0.36	0.5	0.5	0	0	0.36
60100	0.36	0.51	0.51	0	0	0.36
60200	0.36	0.52	0.52	0	0	0.36
60300	0.36	0.51	0.51	0	0	0.36
60400	0.36	0.5	0.5	0	0	0.36
60500	0.36	0.5	0.5	0	0	0.36
60600	0.36	0.5	0.5	0	0	0.36
60700	0.36	0.5	0.5	0	0	0.36
60800	0.36	0.5	0.5	0	0	0.36
60900	0.36	0.5	0.5	0	0	0.36
61000	0.36	0.5	0.5	0	0	0.36
61100	0.36	0.5	0.5	0	0	0.36
61200	0.36	0.5	0.5	0	0	0.36
61300	0.36	0.5	0.5	0	0	0.36
61400	0.36	0.5	0.5	0	0	0.36
61500	0.36	0.5	0.5	0	0	0.36
61600	0.36	0.5	0.5	0	0	0.36
61700	0.36	0.5	0.5	0	0	0.36
61800	0.36	0.5	0.5	0	0	0.36
61900	0.36	0.5	0.5	0	0	0.36
62000	0.36	0.5	0.5	0	0	0.36
62100	0.36	0.5	0.5	0	0	0.36
62200	0.37	0.5	0.5	0	0	0.37
62300	0.37	0.5	0.5	0	0	0.37
62400	0.37	0.5	0.5	0	0	0.37
62500	0.37	0.5	0.5	0	0	0.37
62600	0.37	0.49	0.49	0	0	0.37
62700	0.37	0.48	0.48	0	0	0.37
62800	0.37	0.48	0.48	0	0	0.37
62900	0.37	0.48	0.48	0	0	0.37
63000	0.37	0.49	0.49	0	0	0.37
63100	0.37	0.5	0.5	0	0	0.37
63200	0.37	0.5	0.5	0	0	0.37
63300	0.37	0.49	0.49	0	0	0.37
63400	0.37	0.49	0.49	0	0	0.37
63500	0.37	0.49	0.49	0	0	0.37
63600	0.37	0.49	0.49	0	0	0.37
63700	0.37	0.49	0.49	0	0	0.37
63800	0.37	0.5	0.5	0	0	0.37
63900	0.37	0.49	0.49	0	0	0.37
64000	0.37	0.48	0.48	0	0	0.37
64100	0.37	0.48	0.48	0	0	0.37
64200	0.37	0.48	0.48	0	0	0.37
64300	0.37	0.48	0.48	0	0	0.37
64400	0.37	0.48	0.48	0	0	0.37
64500	0.37	0.48	0.48	0	0	0.37
64600	0.37	0.48	0.48	0	0	0.37
64700	0.37	0.48	0.48	0	0	0.37
64800	0.36	0.48	0.48	0	0	0.36
64900	0.36	0.48	0.48	0	0	0.36
65000	0.36	0.48	0.48	0	0	0.36
65100	0.37	0.48	0.48	0	0	0.37
65200	0.37	0.48	0.48	0	0	0.37
65300	0.38	0.48	0.48	0	0	0.38
65400	0.38	0.47	0.47	0	0	0.38
65500	0.38	0.48	0.48	0	0	0.38
65600	0.38	0.49	0.49	0	0	0.38
65700	0.38	0.49	0.49	0	0	0.38
65800	0.39	0.48	0.48	0	0	0.39
65900	0.38	0.48	0.48	0	0	0.38
66000	0.37	0.48	0.48	0	0	0.37
66100	0.37	0.48	0.48	0	0	0.37
66200	0.37	0.48	0.48	0	0	0.37
66300	0.37	0.49	0.49	0	0	0.37
66400	0.37	0.49	0.49	0	0	0.37
66500	0.37	0.49	0.49	0	0	0.37
66600	0.37	0.5	0.5	0	0	0.37
66700	0.37	0.5	0.5	0	0	0.37
66800	0.37	0.5	0.5	0	0	0.37
66900	0.37	0.5	0.5	0	0	0.37
67000	0.37	0.5	0.5	0	0	0.37
67100	0.37	0.49	0.49	0	0	0.37
67200	0.37	0.49	0.49	0	0	0.37
67300	0.37	0.49	0.49	0	0	0.37
67400	0.37	0.49	0.49	0	0	0.37
67500	0.37	0.49	0.49	0	0	0.37
67600	0.37	0.49	0.49	0	0	0.37
67700	0.37	0.5	0.5	0	0	0.37
67800	0.37	0.5	0.5	0	0	0.37
67900	0.37	0.5	0.5	0	0	0.37
68000	0.37	0.5	0.5	0	0	0.37
68100	0.37	0.5	0.5	0	0	0.37
68200	0.37	0.5	0.5	0	0	0.37
68300	0.37	0.5	0.5	0	0	0.37
68400	0.37	0.5	0.5	0	0	0.37
68500	0.37	0.5	0.5	0	0	0.37
68600	0.37	0.5	0.5	0	0	0.37
68700	0.37	0.49	0.49	0	0	0.37
68800	0.38	0.49	0.49	0	0	0.38
68900	0.38	0.5	0.5	0	0	0.38
69000	0.38	0.5	0.5	0	0	0.38
69100	0.38	0.51	0.51	0	0	0.38
69200	0.38	0.51	0.51	0	0	0.38
69300	0.38	0.51	0.51	0	0	0.38
69400	0.38	0.5	0.5	0	0	0.38
69500	0.38	0.5	0.5	0	0	0.38
69600	0.38	0.5	0.5	0	0	0.38
69700	0.38	0.5	0.5	0	0	0.38
69800	0.38	0.5	0.5	0	0	0.38
69900	0.37	0.5	0.5	0	0	0.37
70000	0.37	0.5	0.5	0	0	0.37
70100	0.37	0.5	0.5	0	0	0.37
70200	0.37	0.5	0.5	0	0	0.37
70300	0.37	0.5	0.5	0	0	0.37
70400	0.37	0.5	0.5	0	0	0.37
70500	0.37	0.5	0.5	0	0	0.37
70600	0.38	0.5	0.5	0	0	0.38
70700	0.37	0.5	0.5	0	0	0.37
70800	0.37	0.5	0.5	0	0	0.37
70900	0.37	0.5	0.5	0	0	0.37
71000	0.37	0.5	0.5	0	0	0.37
71100	0.37	0.5	0.5	0	0	0.37
71200	0.37	0.5	0.5	0	0	0.37
71300	0.37	0.5	0.5	0	0	0.37
71400	0.38	0.5	0.5	0	0	0.38
71500	0.37	0.5	0.5	0	0	0.37
71600	0.37	0.5	0.5	0	0	0.37
71700	0.37	0.5	0.5	0	0	0.37
71800	0.37	0.5	0.5	0	0	0.37
71900	0.37	0.5	0.5	0	0	0.37
72000	0.37	0.5	0.5	0	0	0.37
72100	0.38	0.5	0.5	0	0	0.38
72200	0.38	0.5	0.5	0	0	0.38
72300	0.38	0.5	0.5	0	0	0.38
72400	0.38	0.5	0.5	0	0	0.38
72500	0.38	0.5	0.5	0	0	0.38
72600	0.38	0.5	0.5	0	0	0.38
72700	0.38	0.5	0.5	0	0	0.38
72800	0.38	0.5	0.5	0	0	0.38
72900	0.37	0.5	0.5	0	0	0.37
73000	0.37	0.5	0.5	0	0	0.37
73100	0.37	0.5	0.5	0	0	0.37
73200	0.37	0.5	0.5	0	0	0.37
73300	0.37	0.5	0.5	0	0	0.37
73400	0.37	0.5	0.5	0	0	0.37
73500	0.37	0.5	0.5	0	0	0.37
73600	0.37	0.5	0.5	0	0	0.37
73700	0.37	0.49	0.49	0	0	0.37
73800	0.37	0.49	0.49	0	0	0.37
73900	0.37	0.49	0.49	0	0	0.37
74000	0.37	0.49	0.49	0	0	0.37
74100	0.37	0.49	0.49	0	0	0.37
74200	0.37	0.49	0.49	0	0	0.37
74300	0.37	0.5	0.5	0	0	0.37
74400	0.37	0.5	0.5	0	0	0.37
74500	0.37	0.5	0.5	0	0	0.37
74600	0.37	0.5	0.5	0	0	0.37
74700	0.37	0.5	0.5	0	0	0.37
74800	0.37	0.5	0.5	0	0	0.37
74900	0.37	0.5	0.5	0	0	0.37
75000	0.37	0.51	0.51	0	0	0.37
75100	0.37	0.51	0.51	0	0	0.37
75200	0.37	0.51	0.51	0	0	0.37
75300	0.38	0.51	0.51	0	0	0.38
75400	0.38	0.5	0.5	0	0	0.38
75500	0.38	0.5	0.5	0	0	0.38
75600	0.38	0.5	0.5	0	0	0.38
75700	0.38	0.5	0.5	0	0	0.38
75800	0.39	0.5	0.5	0	0	0.39
75900	0.39	0.51	0.51	0	0	0.39
76000	0.39	0.51	0.51	0	0	0.39
76100	0.39	0.52	0.52	0	0	0.39
76200	0.39	0.51	0.51	0	0	0.39
76300	0.39	0.51	0.51	0	0	0.39
76400	0.39	0.51	0.51	0	0	0.39
76500	0.39	0.51	0.51	0	0	0.39
76600	0.39	0.51	0.51	0	0	0.39
76700	0.39	0.51	0.51	0	0	0.39
76800	0.39	0.51	0.51	0	0	0.39
76900	0.4	0.51	0.51	0	0	0.4
77000	0.4	0.52	0.52	0	0	0.4
77100	0.4	0.52	0.52	0	0	0.4
77200	0.4	0.52	0.52	0	0	0.4
77300	0.4	0.52	0.52	0	0	0.4
77400	0.4	0.52	0.52	0	0	0.4
77500	0.4	0.52	0.52	0	0	0.4
77600	0.4	0.52	0.52	0	0	0.4
77700	0.4	0.52	0.52	0	0	0.4
77800	0.4	0.52	0.52	0	0	0.4
77900	0.4	0.52	0.52	0	0	0.4
78000	0.39	0.52	0.52	0	0	0.39
78100	0.39	0.52	0.52	0	0	0.39
78200	0.39	0.52	0.52	0	0	0.39
78300	0.39	0.52	0.52	0	0	0.39
78400	0.39	0.52	0.52	0	0	0.39
78500	0.39	0.52	0.52	0	0	0.39
78600	0.39	0.52	0.52	0	0	0.39
78700	0.39	0.52	0.52	0	0	0.39
78800	0.39	0.52	0.52	0	0	0.39
78900	0.39	0.52	0.52	0	0	0.39
79000	0.39	0.52	0.52	0	0	0.39
79100	0.39	0.52	0.52	0	0	0.39
79200	0.39	0.52	0.52	0	0	0.39
79300	0.39	0.52	0.52	0	0	0.39
79400	0.38	0.52	0.52	0	0	0.38
79500	0.38	0.52	0.52	0	0	0.38
79600	0.39	0.52	0.52	0	0	0.39
79700	0.39	0.52	0.52	0	0	0.39
79800	0.39	0.52	0.52	0	0	0.39
79900	0.39	0.53	0.53	0	0	0.39
80000	0.39	0.53	0.53	0	0	0.39
80100	0.39	0.53	0.53	0	0	0.39
80200	0.39	0.53	0.53	0	0	0.39
80300	0.39	0.53	0.53	0	0	0.39
80400	0.39	0.53	0.53	0	0	0.39
80500	0.39	0.53	0.53	0	0	0.39
80600	0.39	0.53	0.53	0	0	0.39
80700	0.39	0.53	0.53	0	0	0.39
80800	0.39	0.53	0.53	0	0	0.39
80900	0.39	0.53	0.53	0	0	0.39
81000	0.39	0.53	0.53	0	0	0.39
81100	0.39	0.53	0.53	0	0	0.39
81200	0.39	0.53	0.53	0	0	0.39
81300	0.39	0.53	0.53	0	0	0.39
81400	0.39	0.53	0.53	0	0	0.39
81500	0.39	0.53	0.53	0	0	0.39
81600	0.38	0.53	0.53	0	0	0.38
81700	0.38	0.53	0.53	0	0	0.38
81800	0.38	0.53	0.53	0	0	0.38
81900	0.38	0.53	0.53	0	0	0.38
82000	0.38	0.53	0.53	0	0	0.38
82100	0.38	0.53	0.53	0	0	0.38
82200	0.38	0.53	0.53	0	0	0.38
82300	0.38	0.53	0.53	0	0	0.38
82400	0.38	0.53	0.53	0	0	0.38
82500	0.38	0.53	0.53	0	0	0.38
82600	0.38	0.53	0.53	0	0	0.38
82700	0.37	0.53	0.53	0	0	0.37
82800	0.37	0.53	0.53	0	0	0.37
82900	0.37	0.53	0.53	0	0	0.37
83000	0.37	0.53	0.53	0	0	0.37
83100	0.37	0.53	0.53	0	0	0.37
83200	0.37	0.53	0.53	0	0	0.37
83300	0.37	0.53	0.53	0	0	0.37
83400	0.37	0.54	0.54	0	0	0.37
83500	0.37	0.54	0.54	0	0	0.37
83600	0.37	0.54	0.54	0	0	0.37
83700	0.37	0.54	0.54	0	0	0.37
83800	0.37	0.54	0.54	0	0	0.37
83900	0.37	0.54	0.54	0	0	0.37
84000	0.37	0.54	0.54	0	0	0.37
84100	0.37	0.54	0.54	0	0	0.37
84200	0.37	0.54	0.54	0	0	0.37
84300	0.38	0.54	0.54	0	0	0.38
84400	0.38	0.54	0.54	0	0	0.38
84500	0.38	0.53	0.53	0	0	0.38
84600	0.37	0.53	0.53	0	0	0.37
84700	0.37	0.53	0.53	0	0	0.37
84800	0.37	0.53	0.53	0	0	0.37
84900	0.37	0.54	0.54	0	0	0.37
85000	0.37	0.54	0.54	0	0	0.37
85100	0.37	0.54	0.54	0	0	0.37
85200	0.37	0.54	0.54	0	0	0.37
85300	0.36	0.54	0.54	0	0	0.36
85400	0.36	0.54	0.54	0	0	0.36
85500	0.36	0.54	0.54	0	0	0.36
85600	0.36	0.54	0.54	0	0	0.36
85700	0.36	0.54	0.54	0	0	0.36
85800	0.37	0.55	0.55	0	0	0.37
85900	0.37	0.55	0.55	0	0	0.37
86000	0.37	0.55	0.55	0	0	0.37
86100	0.37	0.55	0.55	0	0	0.37
86200	0.37	0.55	0.55	0	0	0.37
86300	0.37	0.55	0.55	0	0	0.37
86400	0.37	0.55	0.55	0	0	0.37
86500	0.37	0.55	0.55	0	0	0.37
86600	0.37	0.55	0.55	0	0	0.37
86700	0.37	0.55	0.55	0	0	0.37
86800	0.37	0.55	0.55	0	0	0.37
86900	0.37	0.55	0.55	0	0	0.37
87000	0.37	0.55	0.55	0	0	0.37
87100	0.37	0.55	0.55	0	0	0.37
87200	0.37	0.56	0.56	0	0	0.37
87300	0.37	0.56	0.56	0	0	0.37
87400	0.37	0.54	0.54	0	0	0.37
87500	0.37	0.54	0.54	0	0	0.37
87600	0.37	0.54	0.54	0	0	0.37
87700	0.37	0.54	0.54	0	0	0.37
87800	0.37	0.54	0.54	0	0	0.37
87900	0.37	0.54	0.54	0	0	0.37
88000	0.37	0.54	0.54	0	0	0.37
88100	0.37	0.54	0.54	0	0	0.37
88200	0.37	0.55	0.55	0	0	0.37
88300	0.37	0.55	0.55	0	0	0.37
88400	0.37	0.55	0.55	0	0	0.37
88500	0.37	0.55	0.55	0	0	0.37
88600	0.37	0.55	0.55	0	0	0.37
88700	0.37	0.55	0.55	0	0	0.37
88800	0.37	0.55	0.55	0	0	0.37
88900	0.37	0.55	0.55	0	0	0.37
89000	0.37	0.55	0.55	0	0	0.37
89100	0.37	0.55	0.55	0	0	0.37
89200	0.37	0.55	0.55	0	0	0.37
89300	0.37	0.55	0.55	0	0	0.37
89400	0.37	0.55	0.55	0	0	0.37
89500	0.37	0.55	0.55	0	0	0.37
89600	0.38	0.55	0.55	0	0	0.38
89700	0.38	0.55	0.55	0	0	0.38
89800	0.38	0.55	0.55	0	0	0.38
89900	0.38	0.55	0.55	0	0	0.38
90000	0.38	0.55	0.55	0	0	0.38
90100	0.38	0.55	0.55	0	0	0.38
90200	0.38	0.55	0.55	0	0	0.38
90300	0.38	0.56	0.56	0	0	0.38
90400	0.38	0.56	0.56	0	0	0.38
90500	0.38	0.56	0.56	0	0	0.38
90600	0.38	0.56	0.56	0	0	0.38
90700	0.38	0.56	0.56	0	0	0.38
90800	0.38	0.56	0.56	0	0	0.38
90900	0.38	0.56	0.56	0	0	0.38
91000	0.38	0.55	0.55	0	0	0.38
91100	0.38	0.55	0.55	0	0	0.38
91200	0.38	0.54	0.54	0	0	0.38
91300	0.38	0.54	0.54	0	0	0.38
91400	0.38	0.54	0.54	0	0	0.38
91500	0.38	0.54	0.54	0	0	0.38
91600	0.38	0.54	0.54	0	0	0.38
91700	0.38	0.53	0.53	0	0	0.38
91800	0.38	0.53	0.53	0	0	0.38
91900	0.38	0.53	0.53	0	0	0.38
92000	0.38	0.53	0.53	0	0	0.38
92100	0.38	0.53	0.53	0	0	0.38
92200	0.38	0.53	0.53	0	0	0.38
92300	0.38	0.53	0.53	0	0	0.38
92400	0.38	0.53	0.53	0	0	0.38
92500	0.38	0.53	0.53	0	0	0.38
92600	0.38	0.53	0.53	0	0	0.38
92700	0.38	0.53	0.53	0	0	0.38
92800	0.38	0.53	0.53	0	0	0.38
92900	0.38	0.54	0.54	0	0	0.38
93000	0.38	0.54	0.54	0	0	0.38
93100	0.38	0.54	0.54	0	0	0.38
93200	0.38	0.54	0.54	0	0	0.38
93300	0.38	0.54	0.54	0	0	0.38
93400	0.38	0.54	0.54	0	0	0.38
93500	0.38	0.54	0.54	0	0	0.38
93600	0.38	0.54	0.54	0	0	0.38
93700	0.38	0.54	0.54	0	0	0.38
93800	0.38	0.54	0.54	0	0	0.38
93900	0.39	0.54	0.54	0	0	0.39
94000	0.39	0.54	0.54	0	0	0.39
94100	0.39	0.54	0.54	0	0	0.39
94200	0.39	0.53	0.53	0	0	0.39
94300	0.39	0.53	0.53	0	0	0.39
94400	0.39	0.54	0.54	0	0	0.39
94500	0.39	0.53	0.53	0	0	0.39
94600	0.39	0.53	0.53	0	0	0.39
94700	0.39	0.53	0.53	0	0	0.39
94800	0.39	0.52	0.52	0	0	0.39
94900	0.39	0.51	0.51	0	0	0.39
95000	0.39	0.51	0.51	0	0	0.39
95100	0.39	0.51	0.51	0	0	0.39
95200	0.39	0.51	0.51	0	0	0.39
95300	0.39	0.51	0.51	0	0	0.39
95400	0.39	0.51	0.51	0	0	0.39
95500	0.39	0.51	0.51	0	0	0.39
95600	0.39	0.51	0.51	0	0	0.39
95700	0.39	0.51	0.51	0	0	0.39
95800	0.39	0.51	0.51	0	0	0.39
95900	0.39	0.51	0.51	0	0	0.39
96000	0.39	0.51	0.51	0	0	0.39
96100	0.39	0.5	0.5	0	0	0.39
96200	0.39	0.5	0.5	0	0	0.39
96300	0.39	0.5	0.5	0	0	0.39
96400	0.39	0.5	0.5	0	0	0.39
96500	0.39	0.5	0.5	0	0	0.39
96600	0.39	0.5	0.5	0	0	0.39
96700	0.39	0.5	0.5	0	0	0.39
96800	0.39	0.5	0.5	0	0	0.39
96900	0.38	0.5	0.5	0	0	0.38
97000	0.38	0.5	0.5	0	0	0.38
97100	0.38	0.5	0.5	0	0	0.38
97200	0.38	0.5	0.5	0	0	0.38
97300	0.38	0.5	0.5	0	0	0.38
97400	0.38	0.5	0.5	0	0	0.38
97500	0.38	0.5	0.5	0	0	0.38
97600	0.38	0.5	0.5	0	0	0.38
97700	0.38	0.51	0.51	0	0	0.38
97800	0.39	0.51	0.51	0	0	0.39
97900	0.39	0.51	0.51	0	0	0.39
98000	0.39	0.5	0.5	0	0	0.39
98100	0.39	0.5	0.5	0	0	0.39
98200	0.39	0.5	0.5	0	0	0.39
98300	0.39	0.5	0.5	0	0	0.39
98400	0.39	0.5	0.5	0	0	0.39
98500	0.39	0.5	0.5	0	0	0.39
98600	0.39	0.5	0.5	0	0	0.39
98700	0.39	0.5	0.5	0	0	0.39
98800	0.39	0.5	0.5	0	0	0.39
98900	0.39	0.5	0.5	0	0	0.39
99000	0.4	0.5	0.5	0	0	0.4
99100	0.41	0.5	0.5	0	0	0.41
99200	0.41	0.5	0.5	0	0	0.41
99300	0.4	0.5	0.5	0	0	0.4
99400	0.4	0.5	0.5	0	0	0.4
99500	0.4	0.5	0.5	0	0	0.4
99600	0.4	0.5	0.5	0	0	0.4
99700	0.4	0.5	0.5	0	0	0.4
99800	0.4	0.5	0.5	0	0	0.4
99900	0.4	0.5	0.5	0	0	0.4
100000	0.4	0.5	0.5	0	0	0.4
