100	0.09	0.1	0.1	0	0	0.09
200	0.12	0.12	0.12	0	0	0.12
300	0.13	0.14	0.14	0	0	0.13
400	0.13	0.14	0.14	0	0	0.13
500	0.15	0.14	0.14	0	0	0.15
600	0.15	0.14	0.14	0	0	0.15
700	0.16	0.14	0.14	0	0	0.16
800	0.15	0.15	0.15	0	0	0.15
900	0.15	0.15	0.15	0	0	0.15
1000	0.15	0.15	0.15	0	0	0.15
1100	0.15	0.16	0.16	0	0	0.15
1200	0.16	0.19	0.19	0	0	0.16
1300	0.16	0.2	0.2	0	0	0.16
1400	0.17	0.21	0.21	0	0	0.17
1500	0.2	0.21	0.21	0	0	0.2
1600	0.19	0.22	0.22	0	0	0.19
1700	0.21	0.23	0.23	0	0	0.21
1800	0.22	0.23	0.23	0	0	0.22
1900	0.23	0.23	0.23	0	0	0.23
2000	0.24	0.23	0.23	0	0	0.24
2100	0.23	0.22	0.22	0	0	0.23
2200	0.23	0.21	0.21	0	0	0.23
2300	0.23	0.21	0.21	0	0	0.23
2400	0.23	0.24	0.24	0	0	0.23
2500	0.23	0.25	0.25	0	0	0.23
2600	0.22	0.26	0.26	0	0	0.22
2700	0.22	0.26	0.26	0	0	0.22
2800	0.22	0.26	0.26	0	0	0.22
2900	0.22	0.26	0.26	0	0	0.22
3000	0.22	0.27	0.27	0	0	0.22
3100	0.22	0.27	0.27	0	0	0.22
3200	0.23	0.3	0.3	0	0	0.23
3300	0.23	0.31	0.31	0	0	0.23
3400	0.24	0.31	0.31	0	0	0.24
3500	0.24	0.32	0.32	0	0	0.24
3600	0.25	0.32	0.32	0	0	0.25
3700	0.25	0.33	0.33	0	0	0.25
3800	0.26	0.33	0.33	0	0	0.26
3900	0.26	0.33	0.33	0	0	0.26
4000	0.26	0.34	0.34	0	0	0.26
4100	0.27	0.32	0.32	0	0	0.27
4200	0.26	0.32	0.32	0	0	0.26
4300	0.27	0.32	0.32	0	0	0.27
4400	0.27	0.33	0.33	0	0	0.27
4500	0.27	0.34	0.34	0	0	0.27
4600	0.27	0.33	0.33	0	0	0.27
4700	0.28	0.34	0.34	0	0	0.28
4800	0.28	0.34	0.34	0	0	0.28
4900	0.28	0.34	0.34	0	0	0.28
5000	0.29	0.34	0.34	0	0	0.29
5100	0.28	0.34	0.34	0	0	0.28
5200	0.28	0.34	0.34	0	0	0.28
5300	0.29	0.34	0.34	0	0	0.29
5400	0.29	0.35	0.35	0	0	0.29
5500	0.29	0.36	0.36	0	0	0.29
5600	0.28	0.36	0.36	0	0	0.28
5700	0.28	0.36	0.36	0	0	0.28
5800	0.28	0.36	0.36	0	0	0.28
5900	0.28	0.36	0.36	0	0	0.28
6000	0.28	0.36	0.36	0	0	0.28
6100	0.28	0.36	0.36	0	0	0.28
6200	0.28	0.37	0.37	0	0	0.28
6300	0.28	0.37	0.37	0	0	0.28
6400	0.28	0.37	0.37	0	0	0.28
6500	0.26	0.37	0.37	0	0	0.26
6600	0.27	0.37	0.37	0	0	0.27
6700	0.26	0.37	0.37	0	0	0.26
6800	0.26	0.37	0.37	0	0	0.26
6900	0.26	0.37	0.37	0	0	0.26
7000	0.26	0.38	0.38	0	0	0.26
7100	0.26	0.38	0.38	0	0	0.26
7200	0.26	0.38	0.38	0	0	0.26
7300	0.26	0.37	0.37	0	0	0.26
7400	0.27	0.38	0.38	0	0	0.27
7500	0.28	0.38	0.38	0	0	0.28
7600	0.28	0.38	0.38	0	0	0.28
7700	0.28	0.38	0.38	0	0	0.28
7800	0.28	0.4	0.4	0	0	0.28
7900	0.28	0.42	0.42	0	0	0.28
8000	0.27	0.42	0.42	0	0	0.27
8100	0.27	0.42	0.42	0	0	0.27
8200	0.27	0.43	0.43	0	0	0.27
8300	0.28	0.42	0.42	0	0	0.28
8400	0.28	0.42	0.42	0	0	0.28
8500	0.28	0.42	0.42	0	0	0.28
8600	0.28	0.41	0.41	0	0	0.28
8700	0.28	0.41	0.41	0	0	0.28
8800	0.28	0.41	0.41	0	0	0.28
8900	0.27	0.41	0.41	0	0	0.27
9000	0.28	0.42	0.42	0	0	0.28
9100	0.29	0.42	0.42	0	0	0.29
9200	0.29	0.44	0.44	0	0	0.29
9300	0.31	0.44	0.44	0	0	0.31
9400	0.31	0.44	0.44	0	0	0.31
9500	0.31	0.44	0.44	0	0	0.31
9600	0.31	0.43	0.43	0	0	0.31
9700	0.31	0.44	0.44	0	0	0.31
9800	0.31	0.44	0.44	0	0	0.31
9900	0.31	0.44	0.44	0	0	0.31
10000	0.32	0.44	0.44	0	0	0.32
10100	0.32	0.45	0.45	0	0	0.32
10200	0.32	0.41	0.41	0	0	0.32
10300	0.32	0.41	0.41	0	0	0.32
10400	0.32	0.39	0.39	0	0	0.32
10500	0.32	0.39	0.39	0	0	0.32
10600	0.32	0.37	0.37	0	0	0.32
10700	0.31	0.36	0.36	0	0	0.31
10800	0.31	0.36	0.36	0	0	0.31
10900	0.32	0.35	0.35	0	0	0.32
11000	0.33	0.35	0.35	0	0	0.33
11100	0.34	0.35	0.35	0	0	0.34
11200	0.34	0.35	0.35	0	0	0.34
11300	0.32	0.35	0.35	0	0	0.32
11400	0.33	0.35	0.35	0	0	0.33
11500	0.33	0.36	0.36	0	0	0.33
11600	0.33	0.34	0.34	0	0	0.33
11700	0.31	0.35	0.35	0	0	0.31
11800	0.31	0.35	0.35	0	0	0.31
11900	0.33	0.36	0.36	0	0	0.33
12000	0.33	0.36	0.36	0	0	0.33
12100	0.33	0.37	0.37	0	0	0.33
12200	0.33	0.37	0.37	0	0	0.33
12300	0.33	0.37	0.37	0	0	0.33
12400	0.33	0.37	0.37	0	0	0.33
12500	0.33	0.37	0.37	0	0	0.33
12600	0.33	0.37	0.37	0	0	0.33
12700	0.33	0.38	0.38	0	0	0.33
12800	0.35	0.38	0.38	0	0	0.35
12900	0.36	0.38	0.38	0	0	0.36
13000	0.36	0.38	0.38	0	0	0.36
13100	0.36	0.37	0.37	0	0	0.36
13200	0.36	0.37	0.37	0	0	0.36
13300	0.37	0.37	0.37	0	0	0.37
13400	0.37	0.37	0.37	0	0	0.37
13500	0.37	0.37	0.37	0	0	0.37
13600	0.37	0.37	0.37	0	0	0.37
13700	0.38	0.37	0.37	0	0	0.38
13800	0.37	0.38	0.38	0	0	0.37
13900	0.36	0.39	0.39	0	0	0.36
14000	0.36	0.39	0.39	0	0	0.36
14100	0.36	0.41	0.41	0	0	0.36
14200	0.36	0.42	0.42	0	0	0.36
14300	0.36	0.42	0.42	0	0	0.36
14400	0.37	0.42	0.42	0	0	0.37
14500	0.37	0.41	0.41	0	0	0.37
14600	0.36	0.43	0.43	0	0	0.36
14700	0.36	0.44	0.44	0	0	0.36
14800	0.36	0.44	0.44	0	0	0.36
14900	0.36	0.45	0.45	0	0	0.36
15000	0.36	0.45	0.45	0	0	0.36
15100	0.36	0.46	0.46	0	0	0.36
15200	0.36	0.46	0.46	0	0	0.36
15300	0.35	0.45	0.45	0	0	0.35
15400	0.35	0.45	0.45	0	0	0.35
15500	0.35	0.45	0.45	0	0	0.35
15600	0.35	0.46	0.46	0	0	0.35
15700	0.35	0.46	0.46	0	0	0.35
15800	0.35	0.46	0.46	0	0	0.35
15900	0.35	0.46	0.46	0	0	0.35
16000	0.35	0.46	0.46	0	0	0.35
16100	0.35	0.46	0.46	0	0	0.35
16200	0.35	0.46	0.46	0	0	0.35
16300	0.35	0.46	0.46	0	0	0.35
16400	0.36	0.46	0.46	0	0	0.36
16500	0.36	0.46	0.46	0	0	0.36
16600	0.37	0.46	0.46	0	0	0.37
16700	0.36	0.45	0.45	0	0	0.36
16800	0.36	0.45	0.45	0	0	0.36
16900	0.36	0.47	0.47	0	0	0.36
17000	0.36	0.47	0.47	0	0	0.36
17100	0.36	0.47	0.47	0	0	0.36
17200	0.36	0.47	0.47	0	0	0.36
17300	0.36	0.47	0.47	0	0	0.36
17400	0.36	0.47	0.47	0	0	0.36
17500	0.36	0.47	0.47	0	0	0.36
17600	0.37	0.47	0.47	0	0	0.37
17700	0.37	0.47	0.47	0	0	0.37
17800	0.38	0.47	0.47	0	0	0.38
17900	0.38	0.47	0.47	0	0	0.38
18000	0.37	0.47	0.47	0	0	0.37
18100	0.37	0.46	0.46	0	0	0.37
18200	0.36	0.46	0.46	0	0	0.36
18300	0.36	0.46	0.46	0	0	0.36
18400	0.36	0.47	0.47	0	0	0.36
18500	0.36	0.46	0.46	0	0	0.36
18600	0.36	0.46	0.46	0	0	0.36
18700	0.36	0.46	0.46	0	0	0.36
18800	0.36	0.46	0.46	0	0	0.36
18900	0.36	0.47	0.47	0	0	0.36
19000	0.36	0.47	0.47	0	0	0.36
19100	0.36	0.47	0.47	0	0	0.36
19200	0.36	0.47	0.47	0	0	0.36
19300	0.36	0.47	0.47	0	0	0.36
19400	0.36	0.47	0.47	0	0	0.36
19500	0.36	0.47	0.47	0	0	0.36
19600	0.36	0.47	0.47	0	0	0.36
19700	0.36	0.47	0.47	0	0	0.36
19800	0.37	0.47	0.47	0	0	0.37
19900	0.37	0.46	0.46	0	0	0.37
20000	0.37	0.46	0.46	0	0	0.37
20100	0.38	0.46	0.46	0	0	0.38
20200	0.38	0.46	0.46	0	0	0.38
20300	0.38	0.46	0.46	0	0	0.38
20400	0.38	0.46	0.46	0	0	0.38
20500	0.38	0.47	0.47	0	0	0.38
20600	0.38	0.47	0.47	0	0	0.38
20700	0.38	0.49	0.49	0	0	0.38
20800	0.38	0.49	0.49	0	0	0.38
20900	0.38	0.49	0.49	0	0	0.38
21000	0.38	0.49	0.49	0	0	0.38
21100	0.38	0.49	0.49	0	0	0.38
21200	0.37	0.49	0.49	0	0	0.37
21300	0.37	0.49	0.49	0	0	0.37
21400	0.37	0.49	0.49	0	0	0.37
21500	0.38	0.49	0.49	0	0	0.38
21600	0.38	0.49	0.49	0	0	0.38
21700	0.38	0.49	0.49	0	0	0.38
21800	0.38	0.49	0.49	0	0	0.38
21900	0.39	0.49	0.49	0	0	0.39
22000	0.39	0.49	0.49	0	0	0.39
22100	0.39	0.49	0.49	0	0	0.39
22200	0.39	0.49	0.49	0	0	0.39
22300	0.38	0.5	0.5	0	0	0.38
22400	0.38	0.5	0.5	0	0	0.38
22500	0.38	0.5	0.5	0	0	0.38
22600	0.38	0.5	0.5	0	0	0.38
22700	0.37	0.5	0.5	0	0	0.37
22800	0.37	0.5	0.5	0	0	0.37
22900	0.37	0.5	0.5	0	0	0.37
23000	0.37	0.5	0.5	0	0	0.37
23100	0.37	0.5	0.5	0	0	0.37
23200	0.38	0.5	0.5	0	0	0.38
23300	0.38	0.5	0.5	0	0	0.38
23400	0.38	0.5	0.5	0	0	0.38
23500	0.38	0.5	0.5	0	0	0.38
23600	0.39	0.5	0.5	0	0	0.39
23700	0.39	0.5	0.5	0	0	0.39
23800	0.39	0.5	0.5	0	0	0.39
23900	0.39	0.5	0.5	0	0	0.39
24000	0.39	0.49	0.49	0	0	0.39
24100	0.39	0.49	0.49	0	0	0.39
24200	0.39	0.49	0.49	0	0	0.39
24300	0.39	0.49	0.49	0	0	0.39
24400	0.39	0.48	0.48	0	0	0.39
24500	0.39	0.47	0.47	0	0	0.39
24600	0.39	0.47	0.47	0	0	0.39
24700	0.39	0.47	0.47	0	0	0.39
24800	0.39	0.47	0.47	0	0	0.39
24900	0.39	0.47	0.47	0	0	0.39
25000	0.39	0.48	0.48	0	0	0.39
25100	0.39	0.48	0.48	0	0	0.39
25200	0.39	0.49	0.49	0	0	0.39
25300	0.39	0.5	0.5	0	0	0.39
25400	0.39	0.5	0.5	0	0	0.39
25500	0.39	0.51	0.51	0	0	0.39
25600	0.39	0.51	0.51	0	0	0.39
25700	0.39	0.5	0.5	0	0	0.39
25800	0.39	0.49	0.49	0	0	0.39
25900	0.39	0.49	0.49	0	0	0.39
26000	0.39	0.49	0.49	0	0	0.39
26100	0.39	0.48	0.48	0	0	0.39
26200	0.39	0.49	0.49	0	0	0.39
26300	0.38	0.49	0.49	0	0	0.38
26400	0.38	0.49	0.49	0	0	0.38
26500	0.37	0.49	0.49	0	0	0.37
26600	0.37	0.49	0.49	0	0	0.37
26700	0.37	0.49	0.49	0	0	0.37
26800	0.37	0.49	0.49	0	0	0.37
26900	0.37	0.49	0.49	0	0	0.37
27000	0.37	0.5	0.5	0	0	0.37
27100	0.37	0.51	0.51	0	0	0.37
27200	0.37	0.5	0.5	0	0	0.37
27300	0.37	0.5	0.5	0	0	0.37
27400	0.38	0.5	0.5	0	0	0.38
27500	0.38	0.5	0.5	0	0	0.38
27600	0.38	0.5	0.5	0	0	0.38
27700	0.38	0.5	0.5	0	0	0.38
27800	0.38	0.5	0.5	0	0	0.38
27900	0.38	0.5	0.5	0	0	0.38
28000	0.38	0.5	0.5	0	0	0.38
28100	0.38	0.5	0.5	0	0	0.38
28200	0.38	0.5	0.5	0	0	0.38
28300	0.38	0.5	0.5	0	0	0.38
28400	0.38	0.5	0.5	0	0	0.38
28500	0.38	0.49	0.49	0	0	0.38
28600	0.38	0.49	0.49	0	0	0.38
28700	0.38	0.49	0.49	0	0	0.38
28800	0.38	0.48	0.48	0	0	0.38
28900	0.37	0.48	0.48	0	0	0.37
29000	0.37	0.48	0.48	0	0	0.37
29100	0.37	0.48	0.48	0	0	0.37
29200	0.37	0.48	0.48	0	0	0.37
29300	0.37	0.48	0.48	0	0	0.37
29400	0.37	0.48	0.48	0	0	0.37
29500	0.37	0.46	0.46	0	0	0.37
29600	0.37	0.46	0.46	0	0	0.37
29700	0.37	0.46	0.46	0	0	0.37
29800	0.37	0.46	0.46	0	0	0.37
29900	0.37	0.46	0.46	0	0	0.37
30000	0.37	0.46	0.46	0	0	0.37
30100	0.37	0.46	0.46	0	0	0.37
30200	0.37	0.47	0.47	0	0	0.37
30300	0.37	0.49	0.49	0	0	0.37
30400	0.37	0.47	0.47	0	0	0.37
30500	0.37	0.47	0.47	0	0	0.37
30600	0.38	0.47	0.47	0	0	0.38
30700	0.38	0.47	0.47	0	0	0.38
30800	0.37	0.47	0.47	0	0	0.37
30900	0.37	0.48	0.48	0	0	0.37
31000	0.37	0.47	0.47	0	0	0.37
31100	0.37	0.47	0.47	0	0	0.37
31200	0.37	0.47	0.47	0	0	0.37
31300	0.37	0.47	0.47	0	0	0.37
31400	0.37	0.47	0.47	0	0	0.37
31500	0.37	0.47	0.47	0	0	0.37
31600	0.37	0.47	0.47	0	0	0.37
31700	0.37	0.46	0.46	0	0	0.37
31800	0.37	0.46	0.46	0	0	0.37
31900	0.37	0.46	0.46	0	0	0.37
32000	0.37	0.46	0.46	0	0	0.37
32100	0.38	0.45	0.45	0	0	0.38
32200	0.38	0.44	0.44	0	0	0.38
32300	0.38	0.44	0.44	0	0	0.38
32400	0.38	0.44	0.44	0	0	0.38
32500	0.38	0.44	0.44	0	0	0.38
32600	0.38	0.44	0.44	0	0	0.38
32700	0.38	0.44	0.44	0	0	0.38
32800	0.38	0.44	0.44	0	0	0.38
32900	0.38	0.44	0.44	0	0	0.38
33000	0.38	0.44	0.44	0	0	0.38
33100	0.39	0.44	0.44	0	0	0.39
33200	0.39	0.44	0.44	0	0	0.39
33300	0.39	0.44	0.44	0	0	0.39
33400	0.4	0.44	0.44	0	0	0.4
33500	0.4	0.44	0.44	0	0	0.4
33600	0.4	0.44	0.44	0	0	0.4
33700	0.4	0.45	0.45	0	0	0.4
33800	0.4	0.45	0.45	0	0	0.4
33900	0.4	0.45	0.45	0	0	0.4
34000	0.4	0.45	0.45	0	0	0.4
34100	0.4	0.46	0.46	0	0	0.4
34200	0.39	0.47	0.47	0	0	0.39
34300	0.39	0.46	0.46	0	0	0.39
34400	0.39	0.46	0.46	0	0	0.39
34500	0.39	0.46	0.46	0	0	0.39
34600	0.39	0.45	0.45	0	0	0.39
34700	0.39	0.45	0.45	0	0	0.39
34800	0.39	0.45	0.45	0	0	0.39
34900	0.39	0.45	0.45	0	0	0.39
35000	0.38	0.45	0.45	0	0	0.38
35100	0.38	0.46	0.46	0	0	0.38
35200	0.38	0.47	0.47	0	0	0.38
35300	0.37	0.47	0.47	0	0	0.37
35400	0.37	0.47	0.47	0	0	0.37
35500	0.36	0.47	0.47	0	0	0.36
35600	0.36	0.47	0.47	0	0	0.36
35700	0.36	0.47	0.47	0	0	0.36
35800	0.36	0.47	0.47	0	0	0.36
35900	0.36	0.45	0.45	0	0	0.36
36000	0.36	0.45	0.45	0	0	0.36
36100	0.36	0.45	0.45	0	0	0.36
36200	0.36	0.45	0.45	0	0	0.36
36300	0.36	0.45	0.45	0	0	0.36
36400	0.36	0.45	0.45	0	0	0.36
36500	0.37	0.45	0.45	0	0	0.37
36600	0.39	0.45	0.45	0	0	0.39
36700	0.39	0.45	0.45	0	0	0.39
36800	0.39	0.45	0.45	0	0	0.39
36900	0.39	0.45	0.45	0	0	0.39
37000	0.39	0.46	0.46	0	0	0.39
37100	0.39	0.46	0.46	0	0	0.39
37200	0.39	0.46	0.46	0	0	0.39
37300	0.39	0.46	0.46	0	0	0.39
37400	0.38	0.46	0.46	0	0	0.38
37500	0.38	0.46	0.46	0	0	0.38
37600	0.38	0.46	0.46	0	0	0.38
37700	0.38	0.46	0.46	0	0	0.38
37800	0.38	0.47	0.47	0	0	0.38
37900	0.38	0.46	0.46	0	0	0.38
38000	0.38	0.46	0.46	0	0	0.38
38100	0.38	0.47	0.47	0	0	0.38
38200	0.39	0.47	0.47	0	0	0.39
38300	0.39	0.48	0.48	0	0	0.39
38400	0.39	0.48	0.48	0	0	0.39
38500	0.39	0.48	0.48	0	0	0.39
38600	0.39	0.47	0.47	0	0	0.39
38700	0.39	0.47	0.47	0	0	0.39
38800	0.39	0.47	0.47	0	0	0.39
38900	0.4	0.46	0.46	0	0	0.4
39000	0.4	0.46	0.46	0	0	0.4
39100	0.4	0.46	0.46	0	0	0.4
39200	0.4	0.46	0.46	0	0	0.4
39300	0.4	0.46	0.46	0	0	0.4
39400	0.4	0.46	0.46	0	0	0.4
39500	0.4	0.46	0.46	0	0	0.4
39600	0.4	0.46	0.46	0	0	0.4
39700	0.4	0.46	0.46	0	0	0.4
39800	0.4	0.46	0.46	0	0	0.4
39900	0.4	0.46	0.46	0	0	0.4
40000	0.4	0.47	0.47	0	0	0.4
40100	0.4	0.47	0.47	0	0	0.4
40200	0.4	0.47	0.47	0	0	0.4
40300	0.39	0.47	0.47	0	0	0.39
40400	0.39	0.47	0.47	0	0	0.39
40500	0.39	0.47	0.47	0	0	0.39
40600	0.39	0.47	0.47	0	0	0.39
40700	0.39	0.47	0.47	0	0	0.39
40800	0.39	0.47	0.47	0	0	0.39
40900	0.4	0.47	0.47	0	0	0.4
41000	0.41	0.47	0.47	0	0	0.41
41100	0.41	0.47	0.47	0	0	0.41
41200	0.41	0.47	0.47	0	0	0.41
41300	0.41	0.47	0.47	0	0	0.41
41400	0.42	0.48	0.48	0	0	0.42
41500	0.42	0.48	0.48	0	0	0.42
41600	0.42	0.48	0.48	0	0	0.42
41700	0.42	0.48	0.48	0	0	0.42
41800	0.41	0.48	0.48	0	0	0.41
41900	0.41	0.48	0.48	0	0	0.41
42000	0.41	0.48	0.48	0	0	0.41
42100	0.41	0.48	0.48	0	0	0.41
42200	0.41	0.48	0.48	0	0	0.41
42300	0.41	0.49	0.49	0	0	0.41
42400	0.41	0.49	0.49	0	0	0.41
42500	0.41	0.49	0.49	0	0	0.41
42600	0.41	0.49	0.49	0	0	0.41
42700	0.41	0.49	0.49	0	0	0.41
42800	0.41	0.49	0.49	0	0	0.41
42900	0.41	0.49	0.49	0	0	0.41
43000	0.41	0.49	0.49	0	0	0.41
43100	0.42	0.48	0.48	0	0	0.42
43200	0.42	0.48	0.48	0	0	0.42
43300	0.42	0.48	0.48	0	0	0.42
43400	0.42	0.48	0.48	0	0	0.42
43500	0.42	0.48	0.48	0	0	0.42
43600	0.42	0.48	0.48	0	0	0.42
43700	0.42	0.48	0.48	0	0	0.42
43800	0.42	0.48	0.48	0	0	0.42
43900	0.42	0.48	0.48	0	0	0.42
44000	0.42	0.48	0.48	0	0	0.42
44100	0.42	0.48	0.48	0	0	0.42
44200	0.42	0.48	0.48	0	0	0.42
44300	0.42	0.48	0.48	0	0	0.42
44400	0.42	0.48	0.48	0	0	0.42
44500	0.42	0.47	0.47	0	0	0.42
44600	0.41	0.47	0.47	0	0	0.41
44700	0.41	0.47	0.47	0	0	0.41
44800	0.41	0.48	0.48	0	0	0.41
44900	0.41	0.48	0.48	0	0	0.41
45000	0.41	0.48	0.48	0	0	0.41
45100	0.41	0.48	0.48	0	0	0.41
45200	0.41	0.48	0.48	0	0	0.41
45300	0.41	0.48	0.48	0	0	0.41
45400	0.41	0.48	0.48	0	0	0.41
45500	0.41	0.48	0.48	0	0	0.41
45600	0.42	0.48	0.48	0	0	0.42
45700	0.42	0.48	0.48	0	0	0.42
45800	0.42	0.48	0.48	0	0	0.42
45900	0.44	0.48	0.48	0	0	0.44
46000	0.44	0.48	0.48	0	0	0.44
46100	0.44	0.49	0.49	0	0	0.44
46200	0.44	0.49	0.49	0	0	0.44
46300	0.44	0.49	0.49	0	0	0.44
46400	0.44	0.49	0.49	0	0	0.44
46500	0.44	0.49	0.49	0	0	0.44
46600	0.44	0.49	0.49	0	0	0.44
46700	0.44	0.49	0.49	0	0	0.44
46800	0.44	0.49	0.49	0	0	0.44
46900	0.44	0.5	0.5	0	0	0.44
47000	0.44	0.49	0.49	0	0	0.44
47100	0.44	0.49	0.49	0	0	0.44
47200	0.44	0.49	0.49	0	0	0.44
47300	0.44	0.49	0.49	0	0	0.44
47400	0.44	0.49	0.49	0	0	0.44
47500	0.44	0.49	0.49	0	0	0.44
47600	0.44	0.49	0.49	0	0	0.44
47700	0.43	0.49	0.49	0	0	0.43
47800	0.43	0.49	0.49	0	0	0.43
47900	0.42	0.49	0.49	0	0	0.42
48000	0.42	0.49	0.49	0	0	0.42
48100	0.42	0.49	0.49	0	0	0.42
48200	0.42	0.49	0.49	0	0	0.42
48300	0.42	0.49	0.49	0	0	0.42
48400	0.42	0.49	0.49	0	0	0.42
48500	0.42	0.49	0.49	0	0	0.42
48600	0.42	0.49	0.49	0	0	0.42
48700	0.42	0.49	0.49	0	0	0.42
48800	0.42	0.49	0.49	0	0	0.42
48900	0.42	0.49	0.49	0	0	0.42
49000	0.42	0.49	0.49	0	0	0.42
49100	0.42	0.49	0.49	0	0	0.42
49200	0.42	0.49	0.49	0	0	0.42
49300	0.42	0.49	0.49	0	0	0.42
49400	0.42	0.49	0.49	0	0	0.42
49500	0.42	0.49	0.49	0	0	0.42
49600	0.42	0.49	0.49	0	0	0.42
49700	0.42	0.5	0.5	0	0	0.42
49800	0.42	0.5	0.5	0	0	0.42
49900	0.42	0.5	0.5	0	0	0.42
50000	0.42	0.5	0.5	0	0	0.42
50100	0.42	0.5	0.5	0	0	0.42
50200	0.42	0.5	0.5	0	0	0.42
50300	0.42	0.49	0.49	0	0	0.42
50400	0.41	0.49	0.49	0	0	0.41
50500	0.41	0.5	0.5	0	0	0.41
50600	0.41	0.5	0.5	0	0	0.41
50700	0.41	0.5	0.5	0	0	0.41
50800	0.41	0.5	0.5	0	0	0.41
50900	0.41	0.5	0.5	0	0	0.41
51000	0.41	0.5	0.5	0	0	0.41
51100	0.41	0.5	0.5	0	0	0.41
51200	0.41	0.5	0.5	0	0	0.41
51300	0.41	0.5	0.5	0	0	0.41
51400	0.41	0.5	0.5	0	0	0.41
51500	0.41	0.5	0.5	0	0	0.41
51600	0.41	0.5	0.5	0	0	0.41
51700	0.42	0.5	0.5	0	0	0.42
51800	0.42	0.5	0.5	0	0	0.42
51900	0.42	0.5	0.5	0	0	0.42
52000	0.42	0.5	0.5	0	0	0.42
52100	0.41	0.5	0.5	0	0	0.41
52200	0.41	0.5	0.5	0	0	0.41
52300	0.41	0.5	0.5	0	0	0.41
52400	0.41	0.49	0.49	0	0	0.41
52500	0.41	0.49	0.49	0	0	0.41
52600	0.41	0.49	0.49	0	0	0.41
52700	0.41	0.49	0.49	0	0	0.41
52800	0.41	0.49	0.49	0	0	0.41
52900	0.41	0.49	0.49	0	0	0.41
53000	0.41	0.49	0.49	0	0	0.41
53100	0.41	0.49	0.49	0	0	0.41
53200	0.41	0.49	0.49	0	0	0.41
53300	0.41	0.49	0.49	0	0	0.41
53400	0.41	0.49	0.49	0	0	0.41
53500	0.41	0.48	0.48	0	0	0.41
53600	0.41	0.48	0.48	0	0	0.41
53700	0.41	0.48	0.48	0	0	0.41
53800	0.41	0.48	0.48	0	0	0.41
53900	0.41	0.49	0.49	0	0	0.41
54000	0.41	0.49	0.49	0	0	0.41
54100	0.41	0.49	0.49	0	0	0.41
54200	0.41	0.5	0.5	0	0	0.41
54300	0.41	0.49	0.49	0	0	0.41
54400	0.41	0.49	0.49	0	0	0.41
54500	0.41	0.49	0.49	0	0	0.41
54600	0.41	0.49	0.49	0	0	0.41
54700	0.41	0.49	0.49	0	0	0.41
54800	0.41	0.49	0.49	0	0	0.41
54900	0.41	0.49	0.49	0	0	0.41
55000	0.41	0.49	0.49	0	0	0.41
55100	0.41	0.49	0.49	0	0	0.41
55200	0.41	0.49	0.49	0	0	0.41
55300	0.41	0.5	0.5	0	0	0.41
55400	0.41	0.5	0.5	0	0	0.41
55500	0.41	0.5	0.5	0	0	0.41
55600	0.41	0.5	0.5	0	0	0.41
55700	0.41	0.5	0.5	0	0	0.41
55800	0.41	0.5	0.5	0	0	0.41
55900	0.41	0.5	0.5	0	0	0.41
56000	0.41	0.5	0.5	0	0	0.41
56100	0.41	0.5	0.5	0	0	0.41
56200	0.41	0.5	0.5	0	0	0.41
56300	0.41	0.5	0.5	0	0	0.41
56400	0.41	0.5	0.5	0	0	0.41
56500	0.41	0.5	0.5	0	0	0.41
56600	0.43	0.5	0.5	0	0	0.43
56700	0.43	0.5	0.5	0	0	0.43
56800	0.43	0.5	0.5	0	0	0.43
56900	0.43	0.5	0.5	0	0	0.43
57000	0.43	0.5	0.5	0	0	0.43
57100	0.43	0.5	0.5	0	0	0.43
57200	0.43	0.5	0.5	0	0	0.43
57300	0.43	0.5	0.5	0	0	0.43
57400	0.43	0.51	0.51	0	0	0.43
57500	0.43	0.51	0.51	0	0	0.43
57600	0.43	0.51	0.51	0	0	0.43
57700	0.43	0.51	0.51	0	0	0.43
57800	0.43	0.51	0.51	0	0	0.43
57900	0.43	0.51	0.51	0	0	0.43
58000	0.43	0.52	0.52	0	0	0.43
58100	0.43	0.53	0.53	0	0	0.43
58200	0.43	0.52	0.52	0	0	0.43
58300	0.43	0.52	0.52	0	0	0.43
58400	0.43	0.52	0.52	0	0	0.43
58500	0.43	0.52	0.52	0	0	0.43
58600	0.43	0.52	0.52	0	0	0.43
58700	0.43	0.52	0.52	0	0	0.43
58800	0.43	0.52	0.52	0	0	0.43
58900	0.43	0.52	0.52	0	0	0.43
59000	0.43	0.52	0.52	0	0	0.43
59100	0.43	0.52	0.52	0	0	0.43
59200	0.42	0.52	0.52	0	0	0.42
59300	0.42	0.52	0.52	0	0	0.42
59400	0.42	0.52	0.52	0	0	0.42
59500	0.42	0.52	0.52	0	0	0.42
59600	0.42	0.52	0.52	0	0	0.42
59700	0.41	0.52	0.52	0	0	0.41
59800	0.4	0.52	0.52	0	0	0.4
59900	0.4	0.52	0.52	0	0	0.4
60000	0.4	0.52	0.52	0	0	0.4
60100	0.41	0.52	0.52	0	0	0.41
60200	0.41	0.52	0.52	0	0	0.41
60300	0.41	0.52	0.52	0	0	0.41
60400	0.41	0.52	0.52	0	0	0.41
60500	0.41	0.52	0.52	0	0	0.41
60600	0.41	0.52	0.52	0	0	0.41
60700	0.41	0.51	0.51	0	0	0.41
60800	0.41	0.51	0.51	0	0	0.41
60900	0.41	0.51	0.51	0	0	0.41
61000	0.41	0.51	0.51	0	0	0.41
61100	0.41	0.51	0.51	0	0	0.41
61200	0.41	0.51	0.51	0	0	0.41
61300	0.41	0.51	0.51	0	0	0.41
61400	0.41	0.51	0.51	0	0	0.41
61500	0.41	0.51	0.51	0	0	0.41
61600	0.4	0.52	0.52	0	0	0.4
61700	0.4	0.52	0.52	0	0	0.4
61800	0.4	0.52	0.52	0	0	0.4
61900	0.4	0.52	0.52	0	0	0.4
62000	0.4	0.52	0.52	0	0	0.4
62100	0.4	0.52	0.52	0	0	0.4
62200	0.4	0.52	0.52	0	0	0.4
62300	0.4	0.52	0.52	0	0	0.4
62400	0.4	0.52	0.52	0	0	0.4
62500	0.4	0.52	0.52	0	0	0.4
62600	0.4	0.52	0.52	0	0	0.4
62700	0.4	0.52	0.52	0	0	0.4
62800	0.4	0.52	0.52	0	0	0.4
62900	0.4	0.53	0.53	0	0	0.4
63000	0.4	0.53	0.53	0	0	0.4
63100	0.4	0.53	0.53	0	0	0.4
63200	0.4	0.53	0.53	0	0	0.4
63300	0.4	0.53	0.53	0	0	0.4
63400	0.4	0.53	0.53	0	0	0.4
63500	0.4	0.53	0.53	0	0	0.4
63600	0.4	0.54	0.54	0	0	0.4
63700	0.4	0.54	0.54	0	0	0.4
63800	0.41	0.54	0.54	0	0	0.41
63900	0.41	0.54	0.54	0	0	0.41
64000	0.41	0.53	0.53	0	0	0.41
64100	0.41	0.53	0.53	0	0	0.41
64200	0.41	0.53	0.53	0	0	0.41
64300	0.41	0.52	0.52	0	0	0.41
64400	0.41	0.52	0.52	0	0	0.41
64500	0.41	0.52	0.52	0	0	0.41
64600	0.4	0.52	0.52	0	0	0.4
64700	0.4	0.52	0.52	0	0	0.4
64800	0.4	0.52	0.52	0	0	0.4
64900	0.4	0.51	0.51	0	0	0.4
65000	0.4	0.51	0.51	0	0	0.4
65100	0.4	0.51	0.51	0	0	0.4
65200	0.4	0.51	0.51	0	0	0.4
65300	0.4	0.51	0.51	0	0	0.4
65400	0.4	0.51	0.51	0	0	0.4
65500	0.4	0.51	0.51	0	0	0.4
65600	0.4	0.51	0.51	0	0	0.4
65700	0.4	0.51	0.51	0	0	0.4
65800	0.4	0.51	0.51	0	0	0.4
65900	0.4	0.5	0.5	0	0	0.4
66000	0.4	0.5	0.5	0	0	0.4
66100	0.4	0.5	0.5	0	0	0.4
66200	0.4	0.5	0.5	0	0	0.4
66300	0.4	0.5	0.5	0	0	0.4
66400	0.4	0.5	0.5	0	0	0.4
66500	0.4	0.5	0.5	0	0	0.4
66600	0.4	0.51	0.51	0	0	0.4
66700	0.4	0.5	0.5	0	0	0.4
66800	0.4	0.49	0.49	0	0	0.4
66900	0.4	0.49	0.49	0	0	0.4
67000	0.4	0.49	0.49	0	0	0.4
67100	0.4	0.5	0.5	0	0	0.4
67200	0.4	0.5	0.5	0	0	0.4
67300	0.4	0.5	0.5	0	0	0.4
67400	0.4	0.5	0.5	0	0	0.4
67500	0.4	0.5	0.5	0	0	0.4
67600	0.4	0.5	0.5	0	0	0.4
67700	0.4	0.5	0.5	0	0	0.4
67800	0.4	0.5	0.5	0	0	0.4
67900	0.4	0.51	0.51	0	0	0.4
68000	0.4	0.51	0.51	0	0	0.4
68100	0.4	0.51	0.51	0	0	0.4
68200	0.4	0.51	0.51	0	0	0.4
68300	0.4	0.51	0.51	0	0	0.4
68400	0.4	0.51	0.51	0	0	0.4
68500	0.4	0.51	0.51	0	0	0.4
68600	0.4	0.5	0.5	0	0	0.4
68700	0.4	0.5	0.5	0	0	0.4
68800	0.39	0.5	0.5	0	0	0.39
68900	0.39	0.5	0.5	0	0	0.39
69000	0.39	0.5	0.5	0	0	0.39
69100	0.39	0.5	0.5	0	0	0.39
69200	0.39	0.5	0.5	0	0	0.39
69300	0.39	0.5	0.5	0	0	0.39
69400	0.39	0.5	0.5	0	0	0.39
69500	0.39	0.49	0.49	0	0	0.39
69600	0.39	0.48	0.48	0	0	0.39
69700	0.39	0.47	0.47	0	0	0.39
69800	0.39	0.47	0.47	0	0	0.39
69900	0.39	0.47	0.47	0	0	0.39
70000	0.39	0.47	0.47	0	0	0.39
70100	0.39	0.47	0.47	0	0	0.39
70200	0.39	0.47	0.47	0	0	0.39
70300	0.39	0.47	0.47	0	0	0.39
70400	0.39	0.47	0.47	0	0	0.39
70500	0.39	0.47	0.47	0	0	0.39
70600	0.39	0.47	0.47	0	0	0.39
70700	0.39	0.47	0.47	0	0	0.39
70800	0.39	0.48	0.48	0	0	0.39
70900	0.39	0.48	0.48	0	0	0.39
71000	0.39	0.48	0.48	0	0	0.39
71100	0.39	0.48	0.48	0	0	0.39
71200	0.39	0.48	0.48	0	0	0.39
71300	0.39	0.48	0.48	0	0	0.39
71400	0.39	0.48	0.48	0	0	0.39
71500	0.39	0.48	0.48	0	0	0.39
71600	0.39	0.48	0.48	0	0	0.39
71700	0.39	0.48	0.48	0	0	0.39
71800	0.39	0.48	0.48	0	0	0.39
71900	0.39	0.48	0.48	0	0	0.39
72000	0.39	0.48	0.48	0	0	0.39
72100	0.39	0.48	0.48	0	0	0.39
72200	0.39	0.49	0.49	0	0	0.39
72300	0.39	0.49	0.49	0	0	0.39
72400	0.39	0.49	0.49	0	0	0.39
72500	0.39	0.49	0.49	0	0	0.39
72600	0.4	0.49	0.49	0	0	0.4
72700	0.4	0.48	0.48	0	0	0.4
72800	0.39	0.48	0.48	0	0	0.39
72900	0.39	0.48	0.48	0	0	0.39
73000	0.39	0.48	0.48	0	0	0.39
73100	0.39	0.47	0.47	0	0	0.39
73200	0.39	0.47	0.47	0	0	0.39
73300	0.39	0.47	0.47	0	0	0.39
73400	0.39	0.48	0.48	0	0	0.39
73500	0.39	0.48	0.48	0	0	0.39
73600	0.39	0.48	0.48	0	0	0.39
73700	0.4	0.48	0.48	0	0	0.4
73800	0.4	0.48	0.48	0	0	0.4
73900	0.4	0.48	0.48	0	0	0.4
74000	0.41	0.48	0.48	0	0	0.41
74100	0.42	0.48	0.48	0	0	0.42
74200	0.42	0.48	0.48	0	0	0.42
74300	0.42	0.48	0.48	0	0	0.42
74400	0.42	0.48	0.48	0	0	0.42
74500	0.43	0.48	0.48	0	0	0.43
74600	0.43	0.48	0.48	0	0	0.43
74700	0.44	0.48	0.48	0	0	0.44
74800	0.42	0.48	0.48	0	0	0.42
74900	0.42	0.48	0.48	0	0	0.42
75000	0.42	0.48	0.48	0	0	0.42
75100	0.42	0.48	0.48	0	0	0.42
75200	0.42	0.48	0.48	0	0	0.42
75300	0.42	0.48	0.48	0	0	0.42
75400	0.42	0.48	0.48	0	0	0.42
75500	0.41	0.48	0.48	0	0	0.41
75600	0.41	0.48	0.48	0	0	0.41
75700	0.41	0.48	0.48	0	0	0.41
75800	0.41	0.48	0.48	0	0	0.41
75900	0.41	0.48	0.48	0	0	0.41
76000	0.41	0.48	0.48	0	0	0.41
76100	0.41	0.48	0.48	0	0	0.41
76200	0.41	0.48	0.48	0	0	0.41
76300	0.41	0.48	0.48	0	0	0.41
76400	0.41	0.48	0.48	0	0	0.41
76500	0.41	0.48	0.48	0	0	0.41
76600	0.41	0.48	0.48	0	0	0.41
76700	0.41	0.49	0.49	0	0	0.41
76800	0.43	0.49	0.49	0	0	0.43
76900	0.43	0.49	0.49	0	0	0.43
77000	0.43	0.49	0.49	0	0	0.43
77100	0.43	0.49	0.49	0	0	0.43
77200	0.43	0.49	0.49	0	0	0.43
77300	0.43	0.49	0.49	0	0	0.43
77400	0.43	0.49	0.49	0	0	0.43
77500	0.43	0.49	0.49	0	0	0.43
77600	0.42	0.49	0.49	0	0	0.42
77700	0.42	0.49	0.49	0	0	0.42
77800	0.42	0.49	0.49	0	0	0.42
77900	0.42	0.49	0.49	0	0	0.42
78000	0.42	0.49	0.49	0	0	0.42
78100	0.42	0.49	0.49	0	0	0.42
78200	0.41	0.49	0.49	0	0	0.41
78300	0.41	0.49	0.49	0	0	0.41
78400	0.41	0.49	0.49	0	0	0.41
78500	0.41	0.49	0.49	0	0	0.41
78600	0.41	0.49	0.49	0	0	0.41
78700	0.41	0.49	0.49	0	0	0.41
78800	0.41	0.49	0.49	0	0	0.41
78900	0.41	0.49	0.49	0	0	0.41
79000	0.41	0.49	0.49	0	0	0.41
79100	0.41	0.49	0.49	0	0	0.41
79200	0.41	0.49	0.49	0	0	0.41
79300	0.41	0.49	0.49	0	0	0.41
79400	0.41	0.49	0.49	0	0	0.41
79500	0.41	0.49	0.49	0	0	0.41
79600	0.41	0.5	0.5	0	0	0.41
79700	0.41	0.5	0.5	0	0	0.41
79800	0.41	0.5	0.5	0	0	0.41
79900	0.41	0.5	0.5	0	0	0.41
80000	0.41	0.5	0.5	0	0	0.41
80100	0.41	0.5	0.5	0	0	0.41
80200	0.41	0.5	0.5	0	0	0.41
80300	0.41	0.5	0.5	0	0	0.41
80400	0.41	0.51	0.51	0	0	0.41
80500	0.41	0.51	0.51	0	0	0.41
80600	0.41	0.51	0.51	0	0	0.41
80700	0.41	0.51	0.51	0	0	0.41
80800	0.41	0.51	0.51	0	0	0.41
80900	0.41	0.51	0.51	0	0	0.41
81000	0.41	0.51	0.51	0	0	0.41
81100	0.41	0.51	0.51	0	0	0.41
81200	0.41	0.51	0.51	0	0	0.41
81300	0.41	0.51	0.51	0	0	0.41
81400	0.41	0.51	0.51	0	0	0.41
81500	0.41	0.51	0.51	0	0	0.41
81600	0.41	0.51	0.51	0	0	0.41
81700	0.41	0.51	0.51	0	0	0.41
81800	0.41	0.51	0.51	0	0	0.41
81900	0.42	0.51	0.51	0	0	0.42
82000	0.42	0.52	0.52	0	0	0.42
82100	0.42	0.52	0.52	0	0	0.42
82200	0.42	0.52	0.52	0	0	0.42
82300	0.42	0.52	0.52	0	0	0.42
82400	0.43	0.52	0.52	0	0	0.43
82500	0.43	0.52	0.52	0	0	0.43
82600	0.43	0.52	0.52	0	0	0.43
82700	0.43	0.52	0.52	0	0	0.43
82800	0.43	0.52	0.52	0	0	0.43
82900	0.43	0.52	0.52	0	0	0.43
83000	0.43	0.52	0.52	0	0	0.43
83100	0.43	0.52	0.52	0	0	0.43
83200	0.43	0.52	0.52	0	0	0.43
83300	0.43	0.52	0.52	0	0	0.43
83400	0.43	0.52	0.52	0	0	0.43
83500	0.43	0.52	0.52	0	0	0.43
83600	0.42	0.51	0.51	0	0	0.42
83700	0.42	0.51	0.51	0	0	0.42
83800	0.43	0.51	0.51	0	0	0.43
83900	0.43	0.51	0.51	0	0	0.43
84000	0.43	0.51	0.51	0	0	0.43
84100	0.43	0.51	0.51	0	0	0.43
84200	0.43	0.51	0.51	0	0	0.43
84300	0.43	0.51	0.51	0	0	0.43
84400	0.44	0.51	0.51	0	0	0.44
84500	0.44	0.51	0.51	0	0	0.44
84600	0.44	0.51	0.51	0	0	0.44
84700	0.44	0.51	0.51	0	0	0.44
84800	0.44	0.51	0.51	0	0	0.44
84900	0.44	0.51	0.51	0	0	0.44
85000	0.44	0.51	0.51	0	0	0.44
85100	0.44	0.51	0.51	0	0	0.44
85200	0.44	0.52	0.52	0	0	0.44
85300	0.44	0.52	0.52	0	0	0.44
85400	0.44	0.52	0.52	0	0	0.44
85500	0.44	0.52	0.52	0	0	0.44
85600	0.44	0.51	0.51	0	0	0.44
85700	0.44	0.51	0.51	0	0	0.44
85800	0.44	0.5	0.5	0	0	0.44
85900	0.44	0.5	0.5	0	0	0.44
86000	0.44	0.5	0.5	0	0	0.44
86100	0.44	0.5	0.5	0	0	0.44
86200	0.44	0.5	0.5	0	0	0.44
86300	0.44	0.5	0.5	0	0	0.44
86400	0.44	0.5	0.5	0	0	0.44
86500	0.44	0.5	0.5	0	0	0.44
86600	0.44	0.5	0.5	0	0	0.44
86700	0.44	0.5	0.5	0	0	0.44
86800	0.44	0.5	0.5	0	0	0.44
86900	0.44	0.5	0.5	0	0	0.44
87000	0.44	0.5	0.5	0	0	0.44
87100	0.44	0.5	0.5	0	0	0.44
87200	0.44	0.5	0.5	0	0	0.44
87300	0.44	0.5	0.5	0	0	0.44
87400	0.44	0.5	0.5	0	0	0.44
87500	0.44	0.5	0.5	0	0	0.44
87600	0.44	0.5	0.5	0	0	0.44
87700	0.44	0.49	0.49	0	0	0.44
87800	0.44	0.48	0.48	0	0	0.44
87900	0.45	0.48	0.48	0	0	0.45
88000	0.45	0.47	0.47	0	0	0.45
88100	0.46	0.47	0.47	0	0	0.46
88200	0.46	0.47	0.47	0	0	0.46
88300	0.46	0.47	0.47	0	0	0.46
88400	0.46	0.47	0.47	0	0	0.46
88500	0.46	0.47	0.47	0	0	0.46
88600	0.46	0.47	0.47	0	0	0.46
88700	0.46	0.48	0.48	0	0	0.46
88800	0.46	0.49	0.49	0	0	0.46
88900	0.46	0.49	0.49	0	0	0.46
89000	0.46	0.49	0.49	0	0	0.46
89100	0.46	0.49	0.49	0	0	0.46
89200	0.46	0.49	0.49	0	0	0.46
89300	0.46	0.49	0.49	0	0	0.46
89400	0.46	0.49	0.49	0	0	0.46
89500	0.47	0.49	0.49	0	0	0.47
89600	0.47	0.49	0.49	0	0	0.47
89700	0.47	0.48	0.48	0	0	0.47
89800	0.47	0.48	0.48	0	0	0.47
89900	0.47	0.48	0.48	0	0	0.47
90000	0.47	0.48	0.48	0	0	0.47
90100	0.47	0.48	0.48	0	0	0.47
90200	0.47	0.48	0.48	0	0	0.47
90300	0.47	0.48	0.48	0	0	0.47
90400	0.47	0.47	0.47	0	0	0.47
90500	0.47	0.47	0.47	0	0	0.47
90600	0.48	0.47	0.47	0	0	0.48
90700	0.48	0.47	0.47	0	0	0.48
90800	0.48	0.47	0.47	0	0	0.48
90900	0.48	0.47	0.47	0	0	0.48
91000	0.48	0.47	0.47	0	0	0.48
91100	0.48	0.47	0.47	0	0	0.48
91200	0.48	0.47	0.47	0	0	0.48
91300	0.48	0.47	0.47	0	0	0.48
91400	0.48	0.47	0.47	0	0	0.48
91500	0.48	0.47	0.47	0	0	0.48
91600	0.49	0.47	0.47	0	0	0.49
91700	0.49	0.47	0.47	0	0	0.49
91800	0.49	0.47	0.47	0	0	0.49
91900	0.49	0.47	0.47	0	0	0.49
92000	0.49	0.47	0.47	0	0	0.49
92100	0.49	0.46	0.46	0	0	0.49
92200	0.49	0.46	0.46	0	0	0.49
92300	0.49	0.46	0.46	0	0	0.49
92400	0.49	0.46	0.46	0	0	0.49
92500	0.49	0.46	0.46	0	0	0.49
92600	0.49	0.46	0.46	0	0	0.49
92700	0.49	0.46	0.46	0	0	0.49
92800	0.49	0.46	0.46	0	0	0.49
92900	0.49	0.46	0.46	0	0	0.49
93000	0.49	0.46	0.46	0	0	0.49
93100	0.48	0.46	0.46	0	0	0.48
93200	0.48	0.45	0.45	0	0	0.48
93300	0.48	0.45	0.45	0	0	0.48
93400	0.48	0.45	0.45	0	0	0.48
93500	0.48	0.45	0.45	0	0	0.48
93600	0.48	0.45	0.45	0	0	0.48
93700	0.48	0.45	0.45	0	0	0.48
93800	0.49	0.44	0.44	0	0	0.49
93900	0.49	0.44	0.44	0	0	0.49
94000	0.49	0.44	0.44	0	0	0.49
94100	0.49	0.45	0.45	0	0	0.49
94200	0.49	0.44	0.44	0	0	0.49
94300	0.49	0.44	0.44	0	0	0.49
94400	0.49	0.44	0.44	0	0	0.49
94500	0.49	0.44	0.44	0	0	0.49
94600	0.5	0.44	0.44	0	0	0.5
94700	0.5	0.44	0.44	0	0	0.5
94800	0.5	0.44	0.44	0	0	0.5
94900	0.5	0.44	0.44	0	0	0.5
95000	0.5	0.44	0.44	0	0	0.5
95100	0.5	0.44	0.44	0	0	0.5
95200	0.5	0.44	0.44	0	0	0.5
95300	0.5	0.44	0.44	0	0	0.5
95400	0.5	0.44	0.44	0	0	0.5
95500	0.5	0.44	0.44	0	0	0.5
95600	0.5	0.44	0.44	0	0	0.5
95700	0.5	0.44	0.44	0	0	0.5
95800	0.5	0.44	0.44	0	0	0.5
95900	0.51	0.44	0.44	0	0	0.51
96000	0.51	0.44	0.44	0	0	0.51
96100	0.51	0.44	0.44	0	0	0.51
96200	0.51	0.44	0.44	0	0	0.51
96300	0.51	0.44	0.44	0	0	0.51
96400	0.51	0.44	0.44	0	0	0.51
96500	0.51	0.44	0.44	0	0	0.51
96600	0.51	0.44	0.44	0	0	0.51
96700	0.51	0.44	0.44	0	0	0.51
96800	0.51	0.44	0.44	0	0	0.51
96900	0.51	0.44	0.44	0	0	0.51
97000	0.51	0.43	0.43	0	0	0.51
97100	0.51	0.43	0.43	0	0	0.51
97200	0.51	0.44	0.44	0	0	0.51
97300	0.51	0.44	0.44	0	0	0.51
97400	0.51	0.44	0.44	0	0	0.51
97500	0.51	0.44	0.44	0	0	0.51
97600	0.51	0.44	0.44	0	0	0.51
97700	0.51	0.44	0.44	0	0	0.51
97800	0.51	0.44	0.44	0	0	0.51
97900	0.51	0.44	0.44	0	0	0.51
98000	0.51	0.44	0.44	0	0	0.51
98100	0.51	0.44	0.44	0	0	0.51
98200	0.51	0.44	0.44	0	0	0.51
98300	0.51	0.44	0.44	0	0	0.51
98400	0.51	0.44	0.44	0	0	0.51
98500	0.51	0.44	0.44	0	0	0.51
98600	0.51	0.44	0.44	0	0	0.51
98700	0.51	0.44	0.44	0	0	0.51
98800	0.51	0.44	0.44	0	0	0.51
98900	0.51	0.44	0.44	0	0	0.51
99000	0.51	0.44	0.44	0	0	0.51
99100	0.51	0.44	0.44	0	0	0.51
99200	0.51	0.44	0.44	0	0	0.51
99300	0.51	0.44	0.44	0	0	0.51
99400	0.51	0.44	0.44	0	0	0.51
99500	0.51	0.44	0.44	0	0	0.51
99600	0.51	0.44	0.44	0	0	0.51
99700	0.51	0.44	0.44	0	0	0.51
99800	0.51	0.44	0.44	0	0	0.51
99900	0.49	0.44	0.44	0	0	0.49
100000	0.49	0.44	0.44	0	0	0.49
