100	0.09	0.1	0.1	0	0	0.09
200	0.11	0.1	0.1	0	0	0.11
300	0.12	0.12	0.12	0	0	0.12
400	0.12	0.16	0.16	0	0	0.12
500	0.13	0.18	0.18	0	0	0.13
600	0.13	0.16	0.16	0	0	0.13
700	0.14	0.19	0.19	0	0	0.14
800	0.15	0.2	0.2	0	0	0.15
900	0.16	0.2	0.2	0	0	0.16
1000	0.16	0.21	0.21	0	0	0.16
1100	0.16	0.22	0.22	0	0	0.16
1200	0.17	0.23	0.23	0	0	0.17
1300	0.17	0.23	0.23	0	0	0.17
1400	0.18	0.24	0.24	0	0	0.18
1500	0.18	0.25	0.25	0	0	0.18
1600	0.19	0.26	0.26	0	0	0.19
1700	0.19	0.26	0.26	0	0	0.19
1800	0.19	0.26	0.26	0	0	0.19
1900	0.2	0.27	0.27	0	0	0.2
2000	0.19	0.28	0.28	0	0	0.19
2100	0.19	0.29	0.29	0	0	0.19
2200	0.19	0.29	0.29	0	0	0.19
2300	0.21	0.3	0.3	0	0	0.21
2400	0.22	0.32	0.32	0	0	0.22
2500	0.22	0.33	0.33	0	0	0.22
2600	0.22	0.34	0.34	0	0	0.22
2700	0.24	0.33	0.33	0	0	0.24
2800	0.25	0.33	0.33	0	0	0.25
2900	0.25	0.33	0.33	0	0	0.25
3000	0.25	0.33	0.33	0	0	0.25
3100	0.25	0.33	0.33	0	0	0.25
3200	0.25	0.32	0.32	0	0	0.25
3300	0.25	0.32	0.32	0	0	0.25
3400	0.24	0.34	0.34	0	0	0.24
3500	0.24	0.34	0.34	0	0	0.24
3600	0.24	0.34	0.34	0	0	0.24
3700	0.24	0.34	0.34	0	0	0.24
3800	0.25	0.34	0.34	0	0	0.25
3900	0.25	0.34	0.34	0	0	0.25
4000	0.25	0.34	0.34	0	0	0.25
4100	0.26	0.34	0.34	0	0	0.26
4200	0.26	0.34	0.34	0	0	0.26
4300	0.3	0.35	0.35	0	0	0.3
4400	0.3	0.34	0.34	0	0	0.3
4500	0.3	0.36	0.36	0	0	0.3
4600	0.3	0.35	0.35	0	0	0.3
4700	0.3	0.34	0.34	0	0	0.3
4800	0.3	0.33	0.33	0	0	0.3
4900	0.3	0.34	0.34	0	0	0.3
5000	0.3	0.33	0.33	0	0	0.3
5100	0.3	0.33	0.33	0	0	0.3
5200	0.3	0.32	0.32	0	0	0.3
5300	0.3	0.32	0.32	0	0	0.3
5400	0.3	0.32	0.32	0	0	0.3
5500	0.29	0.32	0.32	0	0	0.29
5600	0.29	0.32	0.32	0	0	0.29
5700	0.3	0.32	0.32	0	0	0.3
5800	0.3	0.33	0.33	0	0	0.3
5900	0.31	0.33	0.33	0	0	0.31
6000	0.32	0.33	0.33	0	0	0.32
6100	0.32	0.34	0.34	0	0	0.32
6200	0.32	0.34	0.34	0	0	0.32
6300	0.32	0.35	0.35	0	0	0.32
6400	0.32	0.34	0.34	0	0	0.32
6500	0.32	0.34	0.34	0	0	0.32
6600	0.33	0.35	0.35	0	0	0.33
6700	0.33	0.35	0.35	0	0	0.33
6800	0.33	0.35	0.35	0	0	0.33
6900	0.33	0.36	0.36	0	0	0.33
7000	0.33	0.35	0.35	0	0	0.33
7100	0.34	0.36	0.36	0	0	0.34
7200	0.34	0.35	0.35	0	0	0.34
7300	0.34	0.37	0.37	0	0	0.34
7400	0.34	0.37	0.37	0	0	0.34
7500	0.32	0.37	0.37	0	0	0.32
7600	0.32	0.37	0.37	0	0	0.32
7700	0.32	0.37	0.37	0	0	0.32
7800	0.33	0.37	0.37	0	0	0.33
7900	0.33	0.37	0.37	0	0	0.33
8000	0.33	0.37	0.37	0	0	0.33
8100	0.33	0.37	0.37	0	0	0.33
8200	0.34	0.38	0.38	0	0	0.34
8300	0.33	0.38	0.38	0	0	0.33
8400	0.33	0.38	0.38	0	0	0.33
8500	0.33	0.39	0.39	0	0	0.33
8600	0.33	0.39	0.39	0	0	0.33
8700	0.33	0.39	0.39	0	0	0.33
8800	0.34	0.39	0.39	0	0	0.34
8900	0.34	0.39	0.39	0	0	0.34
9000	0.33	0.4	0.4	0	0	0.33
9100	0.33	0.41	0.41	0	0	0.33
9200	0.34	0.41	0.41	0	0	0.34
9300	0.33	0.41	0.41	0	0	0.33
9400	0.33	0.42	0.42	0	0	0.33
9500	0.33	0.4	0.4	0	0	0.33
9600	0.34	0.4	0.4	0	0	0.34
9700	0.34	0.4	0.4	0	0	0.34
9800	0.35	0.4	0.4	0	0	0.35
9900	0.34	0.4	0.4	0	0	0.34
10000	0.34	0.4	0.4	0	0	0.34
10100	0.34	0.4	0.4	0	0	0.34
10200	0.34	0.4	0.4	0	0	0.34
10300	0.34	0.4	0.4	0	0	0.34
10400	0.34	0.4	0.4	0	0	0.34
10500	0.34	0.41	0.41	0	0	0.34
10600	0.34	0.42	0.42	0	0	0.34
10700	0.34	0.42	0.42	0	0	0.34
10800	0.34	0.42	0.42	0	0	0.34
10900	0.34	0.42	0.42	0	0	0.34
11000	0.34	0.42	0.42	0	0	0.34
11100	0.34	0.42	0.42	0	0	0.34
11200	0.34	0.41	0.41	0	0	0.34
11300	0.34	0.41	0.41	0	0	0.34
11400	0.35	0.42	0.42	0	0	0.35
11500	0.36	0.43	0.43	0	0	0.36
11600	0.36	0.43	0.43	0	0	0.36
11700	0.36	0.43	0.43	0	0	0.36
11800	0.37	0.43	0.43	0	0	0.37
11900	0.37	0.43	0.43	0	0	0.37
12000	0.37	0.42	0.42	0	0	0.37
12100	0.37	0.42	0.42	0	0	0.37
12200	0.37	0.41	0.41	0	0	0.37
12300	0.37	0.4	0.4	0	0	0.37
12400	0.37	0.4	0.4	0	0	0.37
12500	0.37	0.4	0.4	0	0	0.37
12600	0.38	0.4	0.4	0	0	0.38
12700	0.38	0.4	0.4	0	0	0.38
12800	0.38	0.4	0.4	0	0	0.38
12900	0.38	0.39	0.39	0	0	0.38
13000	0.38	0.39	0.39	0	0	0.38
13100	0.38	0.39	0.39	0	0	0.38
13200	0.38	0.4	0.4	0	0	0.38
13300	0.38	0.4	0.4	0	0	0.38
13400	0.38	0.4	0.4	0	0	0.38
13500	0.38	0.4	0.4	0	0	0.38
13600	0.38	0.41	0.41	0	0	0.38
13700	0.38	0.42	0.42	0	0	0.38
13800	0.37	0.42	0.42	0	0	0.37
13900	0.37	0.42	0.42	0	0	0.37
14000	0.37	0.42	0.42	0	0	0.37
14100	0.37	0.41	0.41	0	0	0.37
14200	0.37	0.42	0.42	0	0	0.37
14300	0.37	0.42	0.42	0	0	0.37
14400	0.36	0.42	0.42	0	0	0.36
14500	0.36	0.43	0.43	0	0	0.36
14600	0.36	0.43	0.43	0	0	0.36
14700	0.35	0.43	0.43	0	0	0.35
14800	0.35	0.43	0.43	0	0	0.35
14900	0.35	0.42	0.42	0	0	0.35
15000	0.35	0.42	0.42	0	0	0.35
15100	0.36	0.42	0.42	0	0	0.36
15200	0.36	0.42	0.42	0	0	0.36
15300	0.36	0.42	0.42	0	0	0.36
15400	0.35	0.42	0.42	0	0	0.35
15500	0.35	0.42	0.42	0	0	0.35
15600	0.35	0.42	0.42	0	0	0.35
15700	0.35	0.42	0.42	0	0	0.35
15800	0.35	0.42	0.42	0	0	0.35
15900	0.35	0.42	0.42	0	0	0.35
16000	0.35	0.41	0.41	0	0	0.35
16100	0.35	0.41	0.41	0	0	0.35
16200	0.35	0.41	0.41	0	0	0.35
16300	0.35	0.41	0.41	0	0	0.35
16400	0.35	0.41	0.41	0	0	0.35
16500	0.35	0.41	0.41	0	0	0.35
16600	0.35	0.41	0.41	0	0	0.35
16700	0.35	0.41	0.41	0	0	0.35
16800	0.35	0.42	0.42	0	0	0.35
16900	0.35	0.42	0.42	0	0	0.35
17000	0.35	0.42	0.42	0	0	0.35
17100	0.35	0.42	0.42	0	0	0.35
17200	0.35	0.42	0.42	0	0	0.35
17300	0.35	0.41	0.41	0	0	0.35
17400	0.35	0.42	0.42	0	0	0.35
17500	0.34	0.43	0.43	0	0	0.34
17600	0.36	0.43	0.43	0	0	0.36
17700	0.36	0.44	0.44	0	0	0.36
17800	0.36	0.43	0.43	0	0	0.36
17900	0.36	0.43	0.43	0	0	0.36
18000	0.36	0.43	0.43	0	0	0.36
18100	0.36	0.43	0.43	0	0	0.36
18200	0.36	0.44	0.44	0	0	0.36
18300	0.36	0.43	0.43	0	0	0.36
18400	0.36	0.44	0.44	0	0	0.36
18500	0.37	0.44	0.44	0	0	0.37
18600	0.37	0.44	0.44	0	0	0.37
18700	0.37	0.45	0.45	0	0	0.37
18800	0.37	0.45	0.45	0	0	0.37
18900	0.37	0.44	0.44	0	0	0.37
19000	0.37	0.45	0.45	0	0	0.37
19100	0.37	0.45	0.45	0	0	0.37
19200	0.37	0.45	0.45	0	0	0.37
19300	0.37	0.45	0.45	0	0	0.37
19400	0.38	0.45	0.45	0	0	0.38
19500	0.38	0.45	0.45	0	0	0.38
19600	0.38	0.45	0.45	0	0	0.38
19700	0.38	0.46	0.46	0	0	0.38
19800	0.39	0.47	0.47	0	0	0.39
19900	0.39	0.47	0.47	0	0	0.39
20000	0.39	0.48	0.48	0	0	0.39
20100	0.39	0.48	0.48	0	0	0.39
20200	0.38	0.48	0.48	0	0	0.38
20300	0.37	0.48	0.48	0	0	0.37
20400	0.37	0.48	0.48	0	0	0.37
20500	0.36	0.48	0.48	0	0	0.36
20600	0.36	0.48	0.48	0	0	0.36
20700	0.36	0.49	0.49	0	0	0.36
20800	0.36	0.48	0.48	0	0	0.36
20900	0.36	0.48	0.48	0	0	0.36
21000	0.35	0.48	0.48	0	0	0.35
21100	0.36	0.48	0.48	0	0	0.36
21200	0.36	0.49	0.49	0	0	0.36
21300	0.37	0.49	0.49	0	0	0.37
21400	0.37	0.49	0.49	0	0	0.37
21500	0.37	0.49	0.49	0	0	0.37
21600	0.36	0.48	0.48	0	0	0.36
21700	0.36	0.48	0.48	0	0	0.36
21800	0.36	0.48	0.48	0	0	0.36
21900	0.36	0.48	0.48	0	0	0.36
22000	0.36	0.48	0.48	0	0	0.36
22100	0.36	0.48	0.48	0	0	0.36
22200	0.36	0.49	0.49	0	0	0.36
22300	0.36	0.49	0.49	0	0	0.36
22400	0.37	0.48	0.48	0	0	0.37
22500	0.37	0.48	0.48	0	0	0.37
22600	0.37	0.48	0.48	0	0	0.37
22700	0.37	0.48	0.48	0	0	0.37
22800	0.37	0.48	0.48	0	0	0.37
22900	0.37	0.48	0.48	0	0	0.37
23000	0.38	0.49	0.49	0	0	0.38
23100	0.37	0.48	0.48	0	0	0.37
23200	0.37	0.49	0.49	0	0	0.37
23300	0.36	0.49	0.49	0	0	0.36
23400	0.36	0.49	0.49	0	0	0.36
23500	0.36	0.49	0.49	0	0	0.36
23600	0.36	0.49	0.49	0	0	0.36
23700	0.36	0.49	0.49	0	0	0.36
23800	0.36	0.49	0.49	0	0	0.36
23900	0.35	0.49	0.49	0	0	0.35
24000	0.35	0.49	0.49	0	0	0.35
24100	0.36	0.49	0.49	0	0	0.36
24200	0.36	0.49	0.49	0	0	0.36
24300	0.35	0.49	0.49	0	0	0.35
24400	0.35	0.48	0.48	0	0	0.35
24500	0.35	0.48	0.48	0	0	0.35
24600	0.35	0.48	0.48	0	0	0.35
24700	0.36	0.47	0.47	0	0	0.36
24800	0.36	0.47	0.47	0	0	0.36
24900	0.37	0.48	0.48	0	0	0.37
25000	0.36	0.48	0.48	0	0	0.36
25100	0.36	0.48	0.48	0	0	0.36
25200	0.36	0.48	0.48	0	0	0.36
25300	0.36	0.48	0.48	0	0	0.36
25400	0.36	0.48	0.48	0	0	0.36
25500	0.35	0.48	0.48	0	0	0.35
25600	0.35	0.48	0.48	0	0	0.35
25700	0.35	0.48	0.48	0	0	0.35
25800	0.34	0.47	0.47	0	0	0.34
25900	0.35	0.47	0.47	0	0	0.35
26000	0.36	0.47	0.47	0	0	0.36
26100	0.36	0.47	0.47	0	0	0.36
26200	0.36	0.47	0.47	0	0	0.36
26300	0.37	0.47	0.47	0	0	0.37
26400	0.37	0.47	0.47	0	0	0.37
26500	0.37	0.47	0.47	0	0	0.37
26600	0.37	0.47	0.47	0	0	0.37
26700	0.37	0.47	0.47	0	0	0.37
26800	0.38	0.47	0.47	0	0	0.38
26900	0.38	0.48	0.48	0	0	0.38
27000	0.39	0.48	0.48	0	0	0.39
27100	0.39	0.48	0.48	0	0	0.39
27200	0.39	0.48	0.48	0	0	0.39
27300	0.39	0.48	0.48	0	0	0.39
27400	0.39	0.48	0.48	0	0	0.39
27500	0.39	0.48	0.48	0	0	0.39
27600	0.38	0.48	0.48	0	0	0.38
27700	0.38	0.48	0.48	0	0	0.38
27800	0.38	0.48	0.48	0	0	0.38
27900	0.38	0.48	0.48	0	0	0.38
28000	0.38	0.48	0.48	0	0	0.38
28100	0.38	0.48	0.48	0	0	0.38
28200	0.37	0.48	0.48	0	0	0.37
28300	0.37	0.48	0.48	0	0	0.37
28400	0.37	0.48	0.48	0	0	0.37
28500	0.36	0.46	0.46	0	0	0.36
28600	0.36	0.46	0.46	0	0	0.36
28700	0.36	0.47	0.47	0	0	0.36
28800	0.36	0.48	0.48	0	0	0.36
28900	0.36	0.48	0.48	0	0	0.36
29000	0.35	0.48	0.48	0	0	0.35
29100	0.35	0.48	0.48	0	0	0.35
29200	0.35	0.49	0.49	0	0	0.35
29300	0.35	0.5	0.5	0	0	0.35
29400	0.35	0.49	0.49	0	0	0.35
29500	0.35	0.49	0.49	0	0	0.35
29600	0.35	0.49	0.49	0	0	0.35
29700	0.35	0.5	0.5	0	0	0.35
29800	0.35	0.5	0.5	0	0	0.35
29900	0.35	0.49	0.49	0	0	0.35
30000	0.34	0.49	0.49	0	0	0.34
30100	0.34	0.49	0.49	0	0	0.34
30200	0.35	0.49	0.49	0	0	0.35
30300	0.35	0.49	0.49	0	0	0.35
30400	0.35	0.49	0.49	0	0	0.35
30500	0.35	0.5	0.5	0	0	0.35
30600	0.35	0.5	0.5	0	0	0.35
30700	0.35	0.5	0.5	0	0	0.35
30800	0.35	0.49	0.49	0	0	0.35
30900	0.35	0.49	0.49	0	0	0.35
31000	0.35	0.49	0.49	0	0	0.35
31100	0.35	0.49	0.49	0	0	0.35
31200	0.35	0.49	0.49	0	0	0.35
31300	0.34	0.49	0.49	0	0	0.34
31400	0.34	0.49	0.49	0	0	0.34
31500	0.34	0.49	0.49	0	0	0.34
31600	0.33	0.49	0.49	0	0	0.33
31700	0.33	0.48	0.48	0	0	0.33
31800	0.33	0.48	0.48	0	0	0.33
31900	0.33	0.48	0.48	0	0	0.33
32000	0.33	0.48	0.48	0	0	0.33
32100	0.33	0.48	0.48	0	0	0.33
32200	0.33	0.49	0.49	0	0	0.33
32300	0.33	0.49	0.49	0	0	0.33
32400	0.32	0.49	0.49	0	0	0.32
32500	0.32	0.49	0.49	0	0	0.32
32600	0.32	0.49	0.49	0	0	0.32
32700	0.33	0.49	0.49	0	0	0.33
32800	0.32	0.49	0.49	0	0	0.32
32900	0.32	0.48	0.48	0	0	0.32
33000	0.32	0.48	0.48	0	0	0.32
33100	0.32	0.48	0.48	0	0	0.32
33200	0.32	0.48	0.48	0	0	0.32
33300	0.34	0.49	0.49	0	0	0.34
33400	0.34	0.49	0.49	0	0	0.34
33500	0.34	0.49	0.49	0	0	0.34
33600	0.34	0.49	0.49	0	0	0.34
33700	0.34	0.49	0.49	0	0	0.34
33800	0.34	0.49	0.49	0	0	0.34
33900	0.34	0.49	0.49	0	0	0.34
34000	0.34	0.49	0.49	0	0	0.34
34100	0.35	0.49	0.49	0	0	0.35
34200	0.35	0.49	0.49	0	0	0.35
34300	0.35	0.49	0.49	0	0	0.35
34400	0.35	0.49	0.49	0	0	0.35
34500	0.35	0.49	0.49	0	0	0.35
34600	0.35	0.49	0.49	0	0	0.35
34700	0.36	0.49	0.49	0	0	0.36
34800	0.36	0.49	0.49	0	0	0.36
34900	0.36	0.49	0.49	0	0	0.36
35000	0.36	0.49	0.49	0	0	0.36
35100	0.36	0.49	0.49	0	0	0.36
35200	0.36	0.49	0.49	0	0	0.36
35300	0.36	0.49	0.49	0	0	0.36
35400	0.36	0.49	0.49	0	0	0.36
35500	0.36	0.49	0.49	0	0	0.36
35600	0.36	0.49	0.49	0	0	0.36
35700	0.36	0.49	0.49	0	0	0.36
35800	0.36	0.49	0.49	0	0	0.36
35900	0.36	0.49	0.49	0	0	0.36
36000	0.36	0.49	0.49	0	0	0.36
36100	0.36	0.5	0.5	0	0	0.36
36200	0.36	0.5	0.5	0	0	0.36
36300	0.36	0.5	0.5	0	0	0.36
36400	0.36	0.5	0.5	0	0	0.36
36500	0.36	0.5	0.5	0	0	0.36
36600	0.38	0.51	0.51	0	0	0.38
36700	0.38	0.51	0.51	0	0	0.38
36800	0.38	0.51	0.51	0	0	0.38
36900	0.38	0.51	0.51	0	0	0.38
37000	0.38	0.51	0.51	0	0	0.38
37100	0.39	0.51	0.51	0	0	0.39
37200	0.39	0.51	0.51	0	0	0.39
37300	0.39	0.51	0.51	0	0	0.39
37400	0.39	0.5	0.5	0	0	0.39
37500	0.39	0.5	0.5	0	0	0.39
37600	0.39	0.5	0.5	0	0	0.39
37700	0.39	0.5	0.5	0	0	0.39
37800	0.39	0.49	0.49	0	0	0.39
37900	0.39	0.48	0.48	0	0	0.39
38000	0.39	0.48	0.48	0	0	0.39
38100	0.39	0.48	0.48	0	0	0.39
38200	0.39	0.48	0.48	0	0	0.39
38300	0.39	0.48	0.48	0	0	0.39
38400	0.39	0.48	0.48	0	0	0.39
38500	0.39	0.48	0.48	0	0	0.39
38600	0.39	0.49	0.49	0	0	0.39
38700	0.39	0.49	0.49	0	0	0.39
38800	0.39	0.49	0.49	0	0	0.39
38900	0.39	0.5	0.5	0	0	0.39
39000	0.39	0.5	0.5	0	0	0.39
39100	0.39	0.5	0.5	0	0	0.39
39200	0.39	0.5	0.5	0	0	0.39
39300	0.39	0.5	0.5	0	0	0.39
39400	0.39	0.5	0.5	0	0	0.39
39500	0.39	0.5	0.5	0	0	0.39
39600	0.39	0.5	0.5	0	0	0.39
39700	0.39	0.5	0.5	0	0	0.39
39800	0.39	0.51	0.51	0	0	0.39
39900	0.39	0.51	0.51	0	0	0.39
40000	0.4	0.5	0.5	0	0	0.4
40100	0.4	0.5	0.5	0	0	0.4
40200	0.4	0.49	0.49	0	0	0.4
40300	0.4	0.49	0.49	0	0	0.4
40400	0.4	0.49	0.49	0	0	0.4
40500	0.39	0.49	0.49	0	0	0.39
40600	0.39	0.49	0.49	0	0	0.39
40700	0.39	0.48	0.48	0	0	0.39
40800	0.39	0.48	0.48	0	0	0.39
40900	0.39	0.48	0.48	0	0	0.39
41000	0.39	0.48	0.48	0	0	0.39
41100	0.39	0.48	0.48	0	0	0.39
41200	0.39	0.48	0.48	0	0	0.39
41300	0.39	0.48	0.48	0	0	0.39
41400	0.39	0.49	0.49	0	0	0.39
41500	0.39	0.49	0.49	0	0	0.39
41600	0.4	0.49	0.49	0	0	0.4
41700	0.4	0.49	0.49	0	0	0.4
41800	0.4	0.49	0.49	0	0	0.4
41900	0.4	0.5	0.5	0	0	0.4
42000	0.4	0.5	0.5	0	0	0.4
42100	0.4	0.49	0.49	0	0	0.4
42200	0.4	0.49	0.49	0	0	0.4
42300	0.4	0.49	0.49	0	0	0.4
42400	0.4	0.49	0.49	0	0	0.4
42500	0.4	0.49	0.49	0	0	0.4
42600	0.4	0.49	0.49	0	0	0.4
42700	0.4	0.49	0.49	0	0	0.4
42800	0.4	0.49	0.49	0	0	0.4
42900	0.41	0.49	0.49	0	0	0.41
43000	0.41	0.48	0.48	0	0	0.41
43100	0.41	0.48	0.48	0	0	0.41
43200	0.41	0.48	0.48	0	0	0.41
43300	0.41	0.48	0.48	0	0	0.41
43400	0.41	0.48	0.48	0	0	0.41
43500	0.41	0.48	0.48	0	0	0.41
43600	0.41	0.48	0.48	0	0	0.41
43700	0.41	0.48	0.48	0	0	0.41
43800	0.41	0.48	0.48	0	0	0.41
43900	0.42	0.48	0.48	0	0	0.42
44000	0.41	0.48	0.48	0	0	0.41
44100	0.41	0.47	0.47	0	0	0.41
44200	0.41	0.48	0.48	0	0	0.41
44300	0.41	0.48	0.48	0	0	0.41
44400	0.41	0.48	0.48	0	0	0.41
44500	0.41	0.48	0.48	0	0	0.41
44600	0.41	0.48	0.48	0	0	0.41
44700	0.41	0.48	0.48	0	0	0.41
44800	0.41	0.48	0.48	0	0	0.41
44900	0.41	0.48	0.48	0	0	0.41
45000	0.41	0.48	0.48	0	0	0.41
45100	0.41	0.48	0.48	0	0	0.41
45200	0.41	0.47	0.47	0	0	0.41
45300	0.41	0.46	0.46	0	0	0.41
45400	0.41	0.46	0.46	0	0	0.41
45500	0.41	0.46	0.46	0	0	0.41
45600	0.4	0.46	0.46	0	0	0.4
45700	0.4	0.47	0.47	0	0	0.4
45800	0.4	0.47	0.47	0	0	0.4
45900	0.4	0.47	0.47	0	0	0.4
46000	0.4	0.47	0.47	0	0	0.4
46100	0.4	0.47	0.47	0	0	0.4
46200	0.41	0.47	0.47	0	0	0.41
46300	0.41	0.47	0.47	0	0	0.41
46400	0.41	0.47	0.47	0	0	0.41
46500	0.41	0.48	0.48	0	0	0.41
46600	0.41	0.47	0.47	0	0	0.41
46700	0.41	0.47	0.47	0	0	0.41
46800	0.41	0.47	0.47	0	0	0.41
46900	0.42	0.47	0.47	0	0	0.42
47000	0.42	0.47	0.47	0	0	0.42
47100	0.42	0.47	0.47	0	0	0.42
47200	0.42	0.47	0.47	0	0	0.42
47300	0.42	0.48	0.48	0	0	0.42
47400	0.42	0.48	0.48	0	0	0.42
47500	0.42	0.48	0.48	0	0	0.42
47600	0.42	0.48	0.48	0	0	0.42
47700	0.42	0.48	0.48	0	0	0.42
47800	0.42	0.48	0.48	0	0	0.42
47900	0.42	0.49	0.49	0	0	0.42
48000	0.42	0.49	0.49	0	0	0.42
48100	0.42	0.49	0.49	0	0	0.42
48200	0.42	0.49	0.49	0	0	0.42
48300	0.42	0.49	0.49	0	0	0.42
48400	0.42	0.49	0.49	0	0	0.42
48500	0.42	0.49	0.49	0	0	0.42
48600	0.43	0.49	0.49	0	0	0.43
48700	0.43	0.49	0.49	0	0	0.43
48800	0.43	0.49	0.49	0	0	0.43
48900	0.43	0.49	0.49	0	0	0.43
49000	0.43	0.49	0.49	0	0	0.43
49100	0.43	0.49	0.49	0	0	0.43
49200	0.43	0.5	0.5	0	0	0.43
49300	0.42	0.5	0.5	0	0	0.42
49400	0.42	0.5	0.5	0	0	0.42
49500	0.42	0.5	0.5	0	0	0.42
49600	0.42	0.5	0.5	0	0	0.42
49700	0.42	0.51	0.51	0	0	0.42
49800	0.42	0.51	0.51	0	0	0.42
49900	0.42	0.5	0.5	0	0	0.42
50000	0.42	0.5	0.5	0	0	0.42
50100	0.42	0.5	0.5	0	0	0.42
50200	0.42	0.49	0.49	0	0	0.42
50300	0.42	0.49	0.49	0	0	0.42
50400	0.41	0.49	0.49	0	0	0.41
50500	0.41	0.49	0.49	0	0	0.41
50600	0.41	0.49	0.49	0	0	0.41
50700	0.41	0.49	0.49	0	0	0.41
50800	0.41	0.49	0.49	0	0	0.41
50900	0.41	0.49	0.49	0	0	0.41
51000	0.41	0.49	0.49	0	0	0.41
51100	0.41	0.49	0.49	0	0	0.41
51200	0.41	0.49	0.49	0	0	0.41
51300	0.41	0.49	0.49	0	0	0.41
51400	0.41	0.49	0.49	0	0	0.41
51500	0.41	0.49	0.49	0	0	0.41
51600	0.41	0.48	0.48	0	0	0.41
51700	0.4	0.48	0.48	0	0	0.4
51800	0.4	0.47	0.47	0	0	0.4
51900	0.4	0.47	0.47	0	0	0.4
52000	0.39	0.47	0.47	0	0	0.39
52100	0.39	0.48	0.48	0	0	0.39
52200	0.4	0.47	0.47	0	0	0.4
52300	0.4	0.47	0.47	0	0	0.4
52400	0.4	0.47	0.47	0	0	0.4
52500	0.4	0.47	0.47	0	0	0.4
52600	0.4	0.47	0.47	0	0	0.4
52700	0.4	0.47	0.47	0	0	0.4
52800	0.4	0.47	0.47	0	0	0.4
52900	0.4	0.47	0.47	0	0	0.4
53000	0.4	0.47	0.47	0	0	0.4
53100	0.4	0.47	0.47	0	0	0.4
53200	0.4	0.47	0.47	0	0	0.4
53300	0.4	0.47	0.47	0	0	0.4
53400	0.4	0.47	0.47	0	0	0.4
53500	0.4	0.47	0.47	0	0	0.4
53600	0.41	0.48	0.48	0	0	0.41
53700	0.41	0.48	0.48	0	0	0.41
53800	0.41	0.48	0.48	0	0	0.41
53900	0.41	0.48	0.48	0	0	0.41
54000	0.41	0.49	0.49	0	0	0.41
54100	0.41	0.49	0.49	0	0	0.41
54200	0.41	0.49	0.49	0	0	0.41
54300	0.41	0.49	0.49	0	0	0.41
54400	0.41	0.48	0.48	0	0	0.41
54500	0.41	0.48	0.48	0	0	0.41
54600	0.41	0.48	0.48	0	0	0.41
54700	0.41	0.48	0.48	0	0	0.41
54800	0.41	0.48	0.48	0	0	0.41
54900	0.41	0.48	0.48	0	0	0.41
55000	0.41	0.48	0.48	0	0	0.41
55100	0.41	0.48	0.48	0	0	0.41
55200	0.41	0.49	0.49	0	0	0.41
55300	0.41	0.49	0.49	0	0	0.41
55400	0.41	0.5	0.5	0	0	0.41
55500	0.41	0.5	0.5	0	0	0.41
55600	0.41	0.5	0.5	0	0	0.41
55700	0.41	0.5	0.5	0	0	0.41
55800	0.39	0.5	0.5	0	0	0.39
55900	0.39	0.5	0.5	0	0	0.39
56000	0.39	0.5	0.5	0	0	0.39
56100	0.39	0.49	0.49	0	0	0.39
56200	0.38	0.49	0.49	0	0	0.38
56300	0.38	0.49	0.49	0	0	0.38
56400	0.38	0.49	0.49	0	0	0.38
56500	0.38	0.49	0.49	0	0	0.38
56600	0.38	0.49	0.49	0	0	0.38
56700	0.38	0.49	0.49	0	0	0.38
56800	0.38	0.49	0.49	0	0	0.38
56900	0.38	0.49	0.49	0	0	0.38
57000	0.38	0.49	0.49	0	0	0.38
57100	0.38	0.49	0.49	0	0	0.38
57200	0.39	0.49	0.49	0	0	0.39
57300	0.39	0.49	0.49	0	0	0.39
57400	0.39	0.49	0.49	0	0	0.39
57500	0.39	0.49	0.49	0	0	0.39
57600	0.39	0.49	0.49	0	0	0.39
57700	0.39	0.49	0.49	0	0	0.39
57800	0.39	0.49	0.49	0	0	0.39
57900	0.39	0.49	0.49	0	0	0.39
58000	0.39	0.5	0.5	0	0	0.39
58100	0.38	0.5	0.5	0	0	0.38
58200	0.38	0.5	0.5	0	0	0.38
58300	0.38	0.5	0.5	0	0	0.38
58400	0.38	0.5	0.5	0	0	0.38
58500	0.38	0.5	0.5	0	0	0.38
58600	0.38	0.5	0.5	0	0	0.38
58700	0.38	0.5	0.5	0	0	0.38
58800	0.38	0.5	0.5	0	0	0.38
58900	0.38	0.5	0.5	0	0	0.38
59000	0.39	0.5	0.5	0	0	0.39
59100	0.39	0.5	0.5	0	0	0.39
59200	0.39	0.5	0.5	0	0	0.39
59300	0.39	0.5	0.5	0	0	0.39
59400	0.39	0.5	0.5	0	0	0.39
59500	0.39	0.5	0.5	0	0	0.39
59600	0.4	0.5	0.5	0	0	0.4
59700	0.39	0.5	0.5	0	0	0.39
59800	0.39	0.5	0.5	0	0	0.39
59900	0.39	0.5	0.5	0	0	0.39
60000	0.39	0.5	0.5	0	0	0.39
60100	0.39	0.5	0.5	0	0	0.39
60200	0.39	0.5	0.5	0	0	0.39
60300	0.4	0.5	0.5	0	0	0.4
60400	0.4	0.5	0.5	0	0	0.4
60500	0.4	0.5	0.5	0	0	0.4
60600	0.4	0.5	0.5	0	0	0.4
60700	0.4	0.5	0.5	0	0	0.4
60800	0.4	0.49	0.49	0	0	0.4
60900	0.4	0.49	0.49	0	0	0.4
61000	0.4	0.49	0.49	0	0	0.4
61100	0.4	0.49	0.49	0	0	0.4
61200	0.4	0.49	0.49	0	0	0.4
61300	0.4	0.48	0.48	0	0	0.4
61400	0.4	0.48	0.48	0	0	0.4
61500	0.4	0.48	0.48	0	0	0.4
61600	0.4	0.48	0.48	0	0	0.4
61700	0.4	0.48	0.48	0	0	0.4
61800	0.4	0.48	0.48	0	0	0.4
61900	0.4	0.49	0.49	0	0	0.4
62000	0.4	0.5	0.5	0	0	0.4
62100	0.39	0.5	0.5	0	0	0.39
62200	0.39	0.5	0.5	0	0	0.39
62300	0.39	0.5	0.5	0	0	0.39
62400	0.39	0.5	0.5	0	0	0.39
62500	0.39	0.5	0.5	0	0	0.39
62600	0.39	0.5	0.5	0	0	0.39
62700	0.39	0.5	0.5	0	0	0.39
62800	0.38	0.5	0.5	0	0	0.38
62900	0.38	0.49	0.49	0	0	0.38
63000	0.38	0.49	0.49	0	0	0.38
63100	0.38	0.49	0.49	0	0	0.38
63200	0.37	0.47	0.47	0	0	0.37
63300	0.37	0.47	0.47	0	0	0.37
63400	0.37	0.47	0.47	0	0	0.37
63500	0.37	0.47	0.47	0	0	0.37
63600	0.37	0.48	0.48	0	0	0.37
63700	0.37	0.48	0.48	0	0	0.37
63800	0.37	0.48	0.48	0	0	0.37
63900	0.37	0.48	0.48	0	0	0.37
64000	0.38	0.48	0.48	0	0	0.38
64100	0.38	0.48	0.48	0	0	0.38
64200	0.38	0.47	0.47	0	0	0.38
64300	0.38	0.48	0.48	0	0	0.38
64400	0.38	0.48	0.48	0	0	0.38
64500	0.38	0.48	0.48	0	0	0.38
64600	0.38	0.48	0.48	0	0	0.38
64700	0.38	0.48	0.48	0	0	0.38
64800	0.38	0.48	0.48	0	0	0.38
64900	0.39	0.48	0.48	0	0	0.39
65000	0.39	0.48	0.48	0	0	0.39
65100	0.39	0.48	0.48	0	0	0.39
65200	0.39	0.48	0.48	0	0	0.39
65300	0.39	0.48	0.48	0	0	0.39
65400	0.39	0.48	0.48	0	0	0.39
65500	0.39	0.48	0.48	0	0	0.39
65600	0.39	0.48	0.48	0	0	0.39
65700	0.39	0.48	0.48	0	0	0.39
65800	0.39	0.48	0.48	0	0	0.39
65900	0.39	0.49	0.49	0	0	0.39
66000	0.39	0.49	0.49	0	0	0.39
66100	0.39	0.49	0.49	0	0	0.39
66200	0.38	0.49	0.49	0	0	0.38
66300	0.38	0.49	0.49	0	0	0.38
66400	0.38	0.49	0.49	0	0	0.38
66500	0.38	0.49	0.49	0	0	0.38
66600	0.39	0.49	0.49	0	0	0.39
66700	0.39	0.49	0.49	0	0	0.39
66800	0.39	0.49	0.49	0	0	0.39
66900	0.39	0.48	0.48	0	0	0.39
67000	0.39	0.48	0.48	0	0	0.39
67100	0.4	0.48	0.48	0	0	0.4
67200	0.39	0.48	0.48	0	0	0.39
67300	0.39	0.48	0.48	0	0	0.39
67400	0.39	0.48	0.48	0	0	0.39
67500	0.39	0.48	0.48	0	0	0.39
67600	0.39	0.48	0.48	0	0	0.39
67700	0.39	0.48	0.48	0	0	0.39
67800	0.39	0.48	0.48	0	0	0.39
67900	0.39	0.47	0.47	0	0	0.39
68000	0.39	0.47	0.47	0	0	0.39
68100	0.39	0.47	0.47	0	0	0.39
68200	0.39	0.47	0.47	0	0	0.39
68300	0.39	0.47	0.47	0	0	0.39
68400	0.39	0.46	0.46	0	0	0.39
68500	0.39	0.46	0.46	0	0	0.39
68600	0.39	0.46	0.46	0	0	0.39
68700	0.38	0.46	0.46	0	0	0.38
68800	0.38	0.46	0.46	0	0	0.38
68900	0.38	0.46	0.46	0	0	0.38
69000	0.38	0.46	0.46	0	0	0.38
69100	0.38	0.46	0.46	0	0	0.38
69200	0.38	0.46	0.46	0	0	0.38
69300	0.38	0.46	0.46	0	0	0.38
69400	0.38	0.47	0.47	0	0	0.38
69500	0.38	0.47	0.47	0	0	0.38
69600	0.39	0.47	0.47	0	0	0.39
69700	0.38	0.47	0.47	0	0	0.38
69800	0.38	0.47	0.47	0	0	0.38
69900	0.38	0.47	0.47	0	0	0.38
70000	0.38	0.48	0.48	0	0	0.38
70100	0.38	0.48	0.48	0	0	0.38
70200	0.39	0.48	0.48	0	0	0.39
70300	0.39	0.48	0.48	0	0	0.39
70400	0.39	0.48	0.48	0	0	0.39
70500	0.39	0.48	0.48	0	0	0.39
70600	0.4	0.48	0.48	0	0	0.4
70700	0.4	0.48	0.48	0	0	0.4
70800	0.4	0.49	0.49	0	0	0.4
70900	0.4	0.49	0.49	0	0	0.4
71000	0.4	0.49	0.49	0	0	0.4
71100	0.4	0.49	0.49	0	0	0.4
71200	0.4	0.49	0.49	0	0	0.4
71300	0.4	0.49	0.49	0	0	0.4
71400	0.4	0.49	0.49	0	0	0.4
71500	0.39	0.5	0.5	0	0	0.39
71600	0.39	0.49	0.49	0	0	0.39
71700	0.39	0.49	0.49	0	0	0.39
71800	0.39	0.5	0.5	0	0	0.39
71900	0.39	0.5	0.5	0	0	0.39
72000	0.39	0.5	0.5	0	0	0.39
72100	0.39	0.5	0.5	0	0	0.39
72200	0.38	0.5	0.5	0	0	0.38
72300	0.38	0.5	0.5	0	0	0.38
72400	0.38	0.5	0.5	0	0	0.38
72500	0.38	0.51	0.51	0	0	0.38
72600	0.37	0.51	0.51	0	0	0.37
72700	0.37	0.51	0.51	0	0	0.37
72800	0.37	0.51	0.51	0	0	0.37
72900	0.37	0.51	0.51	0	0	0.37
73000	0.37	0.51	0.51	0	0	0.37
73100	0.37	0.52	0.52	0	0	0.37
73200	0.37	0.52	0.52	0	0	0.37
73300	0.37	0.52	0.52	0	0	0.37
73400	0.37	0.52	0.52	0	0	0.37
73500	0.37	0.52	0.52	0	0	0.37
73600	0.37	0.52	0.52	0	0	0.37
73700	0.37	0.52	0.52	0	0	0.37
73800	0.37	0.52	0.52	0	0	0.37
73900	0.37	0.52	0.52	0	0	0.37
74000	0.36	0.52	0.52	0	0	0.36
74100	0.36	0.52	0.52	0	0	0.36
74200	0.36	0.52	0.52	0	0	0.36
74300	0.36	0.52	0.52	0	0	0.36
74400	0.36	0.52	0.52	0	0	0.36
74500	0.36	0.52	0.52	0	0	0.36
74600	0.36	0.52	0.52	0	0	0.36
74700	0.36	0.52	0.52	0	0	0.36
74800	0.36	0.53	0.53	0	0	0.36
74900	0.36	0.53	0.53	0	0	0.36
75000	0.36	0.53	0.53	0	0	0.36
75100	0.36	0.53	0.53	0	0	0.36
75200	0.36	0.53	0.53	0	0	0.36
75300	0.37	0.53	0.53	0	0	0.37
75400	0.37	0.53	0.53	0	0	0.37
75500	0.37	0.53	0.53	0	0	0.37
75600	0.37	0.53	0.53	0	0	0.37
75700	0.37	0.53	0.53	0	0	0.37
75800	0.37	0.52	0.52	0	0	0.37
75900	0.37	0.52	0.52	0	0	0.37
76000	0.37	0.52	0.52	0	0	0.37
76100	0.36	0.52	0.52	0	0	0.36
76200	0.36	0.51	0.51	0	0	0.36
76300	0.36	0.51	0.51	0	0	0.36
76400	0.37	0.51	0.51	0	0	0.37
76500	0.37	0.51	0.51	0	0	0.37
76600	0.37	0.51	0.51	0	0	0.37
76700	0.36	0.51	0.51	0	0	0.36
76800	0.36	0.51	0.51	0	0	0.36
76900	0.36	0.51	0.51	0	0	0.36
77000	0.37	0.51	0.51	0	0	0.37
77100	0.37	0.51	0.51	0	0	0.37
77200	0.37	0.51	0.51	0	0	0.37
77300	0.37	0.51	0.51	0	0	0.37
77400	0.37	0.51	0.51	0	0	0.37
77500	0.37	0.51	0.51	0	0	0.37
77600	0.37	0.51	0.51	0	0	0.37
77700	0.37	0.51	0.51	0	0	0.37
77800	0.37	0.51	0.51	0	0	0.37
77900	0.37	0.51	0.51	0	0	0.37
78000	0.37	0.52	0.52	0	0	0.37
78100	0.37	0.52	0.52	0	0	0.37
78200	0.37	0.52	0.52	0	0	0.37
78300	0.37	0.52	0.52	0	0	0.37
78400	0.37	0.52	0.52	0	0	0.37
78500	0.37	0.52	0.52	0	0	0.37
78600	0.37	0.52	0.52	0	0	0.37
78700	0.37	0.52	0.52	0	0	0.37
78800	0.37	0.52	0.52	0	0	0.37
78900	0.37	0.52	0.52	0	0	0.37
79000	0.37	0.52	0.52	0	0	0.37
79100	0.37	0.52	0.52	0	0	0.37
79200	0.37	0.52	0.52	0	0	0.37
79300	0.37	0.52	0.52	0	0	0.37
79400	0.37	0.52	0.52	0	0	0.37
79500	0.37	0.52	0.52	0	0	0.37
79600	0.37	0.53	0.53	0	0	0.37
79700	0.37	0.52	0.52	0	0	0.37
79800	0.36	0.52	0.52	0	0	0.36
79900	0.36	0.52	0.52	0	0	0.36
80000	0.36	0.52	0.52	0	0	0.36
80100	0.37	0.52	0.52	0	0	0.37
80200	0.37	0.51	0.51	0	0	0.37
80300	0.37	0.51	0.51	0	0	0.37
80400	0.37	0.51	0.51	0	0	0.37
80500	0.37	0.51	0.51	0	0	0.37
80600	0.37	0.51	0.51	0	0	0.37
80700	0.37	0.51	0.51	0	0	0.37
80800	0.37	0.51	0.51	0	0	0.37
80900	0.37	0.51	0.51	0	0	0.37
81000	0.37	0.52	0.52	0	0	0.37
81100	0.37	0.52	0.52	0	0	0.37
81200	0.36	0.52	0.52	0	0	0.36
81300	0.36	0.52	0.52	0	0	0.36
81400	0.37	0.52	0.52	0	0	0.37
81500	0.37	0.52	0.52	0	0	0.37
81600	0.38	0.52	0.52	0	0	0.38
81700	0.39	0.52	0.52	0	0	0.39
81800	0.39	0.52	0.52	0	0	0.39
81900	0.39	0.52	0.52	0	0	0.39
82000	0.39	0.52	0.52	0	0	0.39
82100	0.39	0.52	0.52	0	0	0.39
82200	0.39	0.52	0.52	0	0	0.39
82300	0.39	0.52	0.52	0	0	0.39
82400	0.39	0.52	0.52	0	0	0.39
82500	0.4	0.53	0.53	0	0	0.4
82600	0.4	0.53	0.53	0	0	0.4
82700	0.4	0.53	0.53	0	0	0.4
82800	0.4	0.53	0.53	0	0	0.4
82900	0.4	0.53	0.53	0	0	0.4
83000	0.4	0.53	0.53	0	0	0.4
83100	0.4	0.53	0.53	0	0	0.4
83200	0.4	0.53	0.53	0	0	0.4
83300	0.4	0.53	0.53	0	0	0.4
83400	0.4	0.53	0.53	0	0	0.4
83500	0.4	0.53	0.53	0	0	0.4
83600	0.4	0.53	0.53	0	0	0.4
83700	0.4	0.53	0.53	0	0	0.4
83800	0.4	0.53	0.53	0	0	0.4
83900	0.4	0.53	0.53	0	0	0.4
84000	0.4	0.54	0.54	0	0	0.4
84100	0.4	0.54	0.54	0	0	0.4
84200	0.4	0.54	0.54	0	0	0.4
84300	0.4	0.53	0.53	0	0	0.4
84400	0.4	0.53	0.53	0	0	0.4
84500	0.4	0.53	0.53	0	0	0.4
84600	0.39	0.54	0.54	0	0	0.39
84700	0.39	0.53	0.53	0	0	0.39
84800	0.38	0.53	0.53	0	0	0.38
84900	0.38	0.53	0.53	0	0	0.38
85000	0.38	0.53	0.53	0	0	0.38
85100	0.38	0.53	0.53	0	0	0.38
85200	0.38	0.53	0.53	0	0	0.38
85300	0.38	0.53	0.53	0	0	0.38
85400	0.38	0.53	0.53	0	0	0.38
85500	0.38	0.53	0.53	0	0	0.38
85600	0.38	0.53	0.53	0	0	0.38
85700	0.38	0.53	0.53	0	0	0.38
85800	0.38	0.53	0.53	0	0	0.38
85900	0.38	0.53	0.53	0	0	0.38
86000	0.38	0.53	0.53	0	0	0.38
86100	0.38	0.53	0.53	0	0	0.38
86200	0.38	0.53	0.53	0	0	0.38
86300	0.38	0.53	0.53	0	0	0.38
86400	0.38	0.52	0.52	0	0	0.38
86500	0.38	0.52	0.52	0	0	0.38
86600	0.38	0.52	0.52	0	0	0.38
86700	0.38	0.52	0.52	0	0	0.38
86800	0.39	0.52	0.52	0	0	0.39
86900	0.39	0.52	0.52	0	0	0.39
87000	0.39	0.52	0.52	0	0	0.39
87100	0.39	0.51	0.51	0	0	0.39
87200	0.39	0.51	0.51	0	0	0.39
87300	0.39	0.51	0.51	0	0	0.39
87400	0.39	0.51	0.51	0	0	0.39
87500	0.39	0.51	0.51	0	0	0.39
87600	0.39	0.51	0.51	0	0	0.39
87700	0.39	0.51	0.51	0	0	0.39
87800	0.39	0.51	0.51	0	0	0.39
87900	0.39	0.51	0.51	0	0	0.39
88000	0.39	0.51	0.51	0	0	0.39
88100	0.39	0.51	0.51	0	0	0.39
88200	0.38	0.51	0.51	0	0	0.38
88300	0.38	0.51	0.51	0	0	0.38
88400	0.38	0.51	0.51	0	0	0.38
88500	0.38	0.51	0.51	0	0	0.38
88600	0.38	0.51	0.51	0	0	0.38
88700	0.38	0.51	0.51	0	0	0.38
88800	0.38	0.51	0.51	0	0	0.38
88900	0.38	0.51	0.51	0	0	0.38
89000	0.38	0.51	0.51	0	0	0.38
89100	0.38	0.51	0.51	0	0	0.38
89200	0.38	0.51	0.51	0	0	0.38
89300	0.38	0.51	0.51	0	0	0.38
89400	0.38	0.51	0.51	0	0	0.38
89500	0.39	0.51	0.51	0	0	0.39
89600	0.39	0.52	0.52	0	0	0.39
89700	0.39	0.52	0.52	0	0	0.39
89800	0.38	0.52	0.52	0	0	0.38
89900	0.38	0.52	0.52	0	0	0.38
90000	0.38	0.52	0.52	0	0	0.38
90100	0.38	0.52	0.52	0	0	0.38
90200	0.38	0.52	0.52	0	0	0.38
90300	0.38	0.52	0.52	0	0	0.38
90400	0.38	0.52	0.52	0	0	0.38
90500	0.38	0.52	0.52	0	0	0.38
90600	0.38	0.52	0.52	0	0	0.38
90700	0.38	0.52	0.52	0	0	0.38
90800	0.38	0.52	0.52	0	0	0.38
90900	0.38	0.52	0.52	0	0	0.38
91000	0.38	0.52	0.52	0	0	0.38
91100	0.39	0.52	0.52	0	0	0.39
91200	0.39	0.52	0.52	0	0	0.39
91300	0.39	0.52	0.52	0	0	0.39
91400	0.39	0.52	0.52	0	0	0.39
91500	0.39	0.52	0.52	0	0	0.39
91600	0.39	0.53	0.53	0	0	0.39
91700	0.39	0.53	0.53	0	0	0.39
91800	0.39	0.53	0.53	0	0	0.39
91900	0.39	0.53	0.53	0	0	0.39
92000	0.39	0.53	0.53	0	0	0.39
92100	0.39	0.53	0.53	0	0	0.39
92200	0.39	0.53	0.53	0	0	0.39
92300	0.39	0.53	0.53	0	0	0.39
92400	0.39	0.53	0.53	0	0	0.39
92500	0.39	0.53	0.53	0	0	0.39
92600	0.39	0.53	0.53	0	0	0.39
92700	0.39	0.53	0.53	0	0	0.39
92800	0.39	0.54	0.54	0	0	0.39
92900	0.39	0.53	0.53	0	0	0.39
93000	0.39	0.53	0.53	0	0	0.39
93100	0.39	0.53	0.53	0	0	0.39
93200	0.39	0.53	0.53	0	0	0.39
93300	0.39	0.53	0.53	0	0	0.39
93400	0.39	0.53	0.53	0	0	0.39
93500	0.39	0.53	0.53	0	0	0.39
93600	0.4	0.52	0.52	0	0	0.4
93700	0.4	0.52	0.52	0	0	0.4
93800	0.39	0.52	0.52	0	0	0.39
93900	0.39	0.52	0.52	0	0	0.39
94000	0.39	0.52	0.52	0	0	0.39
94100	0.39	0.52	0.52	0	0	0.39
94200	0.39	0.52	0.52	0	0	0.39
94300	0.39	0.52	0.52	0	0	0.39
94400	0.39	0.52	0.52	0	0	0.39
94500	0.39	0.52	0.52	0	0	0.39
94600	0.39	0.52	0.52	0	0	0.39
94700	0.39	0.52	0.52	0	0	0.39
94800	0.39	0.52	0.52	0	0	0.39
94900	0.39	0.52	0.52	0	0	0.39
95000	0.39	0.52	0.52	0	0	0.39
95100	0.39	0.52	0.52	0	0	0.39
95200	0.39	0.52	0.52	0	0	0.39
95300	0.39	0.52	0.52	0	0	0.39
95400	0.39	0.52	0.52	0	0	0.39
95500	0.39	0.52	0.52	0	0	0.39
95600	0.39	0.52	0.52	0	0	0.39
95700	0.39	0.52	0.52	0	0	0.39
95800	0.39	0.52	0.52	0	0	0.39
95900	0.39	0.52	0.52	0	0	0.39
96000	0.39	0.52	0.52	0	0	0.39
96100	0.39	0.53	0.53	0	0	0.39
96200	0.39	0.53	0.53	0	0	0.39
96300	0.39	0.53	0.53	0	0	0.39
96400	0.39	0.53	0.53	0	0	0.39
96500	0.39	0.53	0.53	0	0	0.39
96600	0.39	0.53	0.53	0	0	0.39
96700	0.39	0.53	0.53	0	0	0.39
96800	0.39	0.53	0.53	0	0	0.39
96900	0.4	0.53	0.53	0	0	0.4
97000	0.4	0.52	0.52	0	0	0.4
97100	0.4	0.52	0.52	0	0	0.4
97200	0.4	0.52	0.52	0	0	0.4
97300	0.41	0.52	0.52	0	0	0.41
97400	0.4	0.52	0.52	0	0	0.4
97500	0.4	0.52	0.52	0	0	0.4
97600	0.4	0.52	0.52	0	0	0.4
97700	0.4	0.52	0.52	0	0	0.4
97800	0.4	0.52	0.52	0	0	0.4
97900	0.4	0.52	0.52	0	0	0.4
98000	0.4	0.52	0.52	0	0	0.4
98100	0.4	0.52	0.52	0	0	0.4
98200	0.4	0.52	0.52	0	0	0.4
98300	0.4	0.52	0.52	0	0	0.4
98400	0.4	0.52	0.52	0	0	0.4
98500	0.4	0.52	0.52	0	0	0.4
98600	0.4	0.52	0.52	0	0	0.4
98700	0.4	0.52	0.52	0	0	0.4
98800	0.4	0.52	0.52	0	0	0.4
98900	0.4	0.52	0.52	0	0	0.4
99000	0.4	0.52	0.52	0	0	0.4
99100	0.39	0.52	0.52	0	0	0.39
99200	0.39	0.52	0.52	0	0	0.39
99300	0.39	0.51	0.51	0	0	0.39
99400	0.39	0.51	0.51	0	0	0.39
99500	0.39	0.51	0.51	0	0	0.39
99600	0.39	0.51	0.51	0	0	0.39
99700	0.4	0.51	0.51	0	0	0.4
99800	0.4	0.51	0.51	0	0	0.4
99900	0.4	0.51	0.51	0	0	0.4
100000	0.4	0.51	0.51	0	0	0.4
