100	0.08	0.12	0.12	0	0	0.08
200	0.12	0.14	0.14	0	0	0.12
300	0.14	0.15	0.15	0	0	0.14
400	0.15	0.18	0.18	0	0	0.15
500	0.15	0.19	0.19	0	0	0.15
600	0.16	0.2	0.2	0	0	0.16
700	0.16	0.2	0.2	0	0	0.16
800	0.16	0.2	0.2	0	0	0.16
900	0.17	0.22	0.22	0	0	0.17
1000	0.17	0.22	0.22	0	0	0.17
1100	0.17	0.23	0.23	0	0	0.17
1200	0.17	0.24	0.24	0	0	0.17
1300	0.17	0.24	0.24	0	0	0.17
1400	0.2	0.25	0.25	0	0	0.2
1500	0.2	0.26	0.26	0	0	0.2
1600	0.22	0.28	0.28	0	0	0.22
1700	0.24	0.28	0.28	0	0	0.24
1800	0.24	0.28	0.28	0	0	0.24
1900	0.25	0.29	0.29	0	0	0.25
2000	0.25	0.3	0.3	0	0	0.25
2100	0.26	0.3	0.3	0	0	0.26
2200	0.27	0.3	0.3	0	0	0.27
2300	0.27	0.31	0.31	0	0	0.27
2400	0.27	0.31	0.31	0	0	0.27
2500	0.27	0.32	0.32	0	0	0.27
2600	0.26	0.32	0.32	0	0	0.26
2700	0.26	0.32	0.32	0	0	0.26
2800	0.26	0.31	0.31	0	0	0.26
2900	0.26	0.32	0.32	0	0	0.26
3000	0.26	0.32	0.32	0	0	0.26
3100	0.26	0.32	0.32	0	0	0.26
3200	0.27	0.32	0.32	0	0	0.27
3300	0.27	0.32	0.32	0	0	0.27
3400	0.26	0.32	0.32	0	0	0.26
3500	0.27	0.32	0.32	0	0	0.27
3600	0.27	0.32	0.32	0	0	0.27
3700	0.27	0.32	0.32	0	0	0.27
3800	0.27	0.33	0.33	0	0	0.27
3900	0.27	0.35	0.35	0	0	0.27
4000	0.27	0.35	0.35	0	0	0.27
4100	0.27	0.35	0.35	0	0	0.27
4200	0.27	0.36	0.36	0	0	0.27
4300	0.26	0.37	0.37	0	0	0.26
4400	0.28	0.37	0.37	0	0	0.28
4500	0.28	0.36	0.36	0	0	0.28
4600	0.28	0.38	0.38	0	0	0.28
4700	0.29	0.39	0.39	0	0	0.29
4800	0.29	0.39	0.39	0	0	0.29
4900	0.29	0.4	0.4	0	0	0.29
5000	0.29	0.4	0.4	0	0	0.29
5100	0.29	0.4	0.4	0	0	0.29
5200	0.28	0.4	0.4	0	0	0.28
5300	0.28	0.4	0.4	0	0	0.28
5400	0.28	0.4	0.4	0	0	0.28
5500	0.28	0.4	0.4	0	0	0.28
5600	0.3	0.4	0.4	0	0	0.3
5700	0.3	0.39	0.39	0	0	0.3
5800	0.3	0.39	0.39	0	0	0.3
5900	0.3	0.39	0.39	0	0	0.3
6000	0.3	0.39	0.39	0	0	0.3
6100	0.3	0.41	0.41	0	0	0.3
6200	0.3	0.42	0.42	0	0	0.3
6300	0.31	0.42	0.42	0	0	0.31
6400	0.31	0.42	0.42	0	0	0.31
6500	0.32	0.42	0.42	0	0	0.32
6600	0.31	0.42	0.42	0	0	0.31
6700	0.31	0.42	0.42	0	0	0.31
6800	0.31	0.41	0.41	0	0	0.31
6900	0.3	0.4	0.4	0	0	0.3
7000	0.31	0.4	0.4	0	0	0.31
7100	0.31	0.4	0.4	0	0	0.31
7200	0.33	0.39	0.39	0	0	0.33
7300	0.32	0.39	0.39	0	0	0.32
7400	0.32	0.39	0.39	0	0	0.32
7500	0.32	0.39	0.39	0	0	0.32
7600	0.33	0.39	0.39	0	0	0.33
7700	0.33	0.39	0.39	0	0	0.33
7800	0.33	0.39	0.39	0	0	0.33
7900	0.33	0.4	0.4	0	0	0.33
8000	0.33	0.4	0.4	0	0	0.33
8100	0.33	0.4	0.4	0	0	0.33
8200	0.33	0.4	0.4	0	0	0.33
8300	0.33	0.4	0.4	0	0	0.33
8400	0.33	0.41	0.41	0	0	0.33
8500	0.33	0.41	0.41	0	0	0.33
8600	0.33	0.41	0.41	0	0	0.33
8700	0.34	0.42	0.42	0	0	0.34
8800	0.34	0.41	0.41	0	0	0.34
8900	0.33	0.41	0.41	0	0	0.33
9000	0.33	0.42	0.42	0	0	0.33
9100	0.33	0.42	0.42	0	0	0.33
9200	0.33	0.42	0.42	0	0	0.33
9300	0.34	0.42	0.42	0	0	0.34
9400	0.34	0.41	0.41	0	0	0.34
9500	0.34	0.42	0.42	0	0	0.34
9600	0.33	0.42	0.42	0	0	0.33
9700	0.33	0.43	0.43	0	0	0.33
9800	0.32	0.42	0.42	0	0	0.32
9900	0.32	0.42	0.42	0	0	0.32
10000	0.32	0.42	0.42	0	0	0.32
10100	0.32	0.42	0.42	0	0	0.32
10200	0.32	0.42	0.42	0	0	0.32
10300	0.32	0.42	0.42	0	0	0.32
10400	0.32	0.42	0.42	0	0	0.32
10500	0.32	0.41	0.41	0	0	0.32
10600	0.32	0.41	0.41	0	0	0.32
10700	0.32	0.41	0.41	0	0	0.32
10800	0.33	0.41	0.41	0	0	0.33
10900	0.33	0.41	0.41	0	0	0.33
11000	0.33	0.41	0.41	0	0	0.33
11100	0.33	0.41	0.41	0	0	0.33
11200	0.33	0.41	0.41	0	0	0.33
11300	0.33	0.42	0.42	0	0	0.33
11400	0.33	0.41	0.41	0	0	0.33
11500	0.33	0.42	0.42	0	0	0.33
11600	0.33	0.43	0.43	0	0	0.33
11700	0.33	0.43	0.43	0	0	0.33
11800	0.33	0.42	0.42	0	0	0.33
11900	0.34	0.42	0.42	0	0	0.34
12000	0.35	0.42	0.42	0	0	0.35
12100	0.35	0.42	0.42	0	0	0.35
12200	0.34	0.42	0.42	0	0	0.34
12300	0.34	0.42	0.42	0	0	0.34
12400	0.34	0.42	0.42	0	0	0.34
12500	0.33	0.42	0.42	0	0	0.33
12600	0.33	0.42	0.42	0	0	0.33
12700	0.33	0.41	0.41	0	0	0.33
12800	0.33	0.41	0.41	0	0	0.33
12900	0.32	0.41	0.41	0	0	0.32
13000	0.32	0.42	0.42	0	0	0.32
13100	0.31	0.42	0.42	0	0	0.31
13200	0.31	0.43	0.43	0	0	0.31
13300	0.31	0.43	0.43	0	0	0.31
13400	0.31	0.44	0.44	0	0	0.31
13500	0.31	0.44	0.44	0	0	0.31
13600	0.31	0.46	0.46	0	0	0.31
13700	0.31	0.47	0.47	0	0	0.31
13800	0.32	0.47	0.47	0	0	0.32
13900	0.32	0.48	0.48	0	0	0.32
14000	0.31	0.47	0.47	0	0	0.31
14100	0.3	0.47	0.47	0	0	0.3
14200	0.3	0.47	0.47	0	0	0.3
14300	0.3	0.48	0.48	0	0	0.3
14400	0.31	0.48	0.48	0	0	0.31
14500	0.3	0.48	0.48	0	0	0.3
14600	0.31	0.48	0.48	0	0	0.31
14700	0.31	0.47	0.47	0	0	0.31
14800	0.31	0.47	0.47	0	0	0.31
14900	0.31	0.47	0.47	0	0	0.31
15000	0.31	0.47	0.47	0	0	0.31
15100	0.31	0.46	0.46	0	0	0.31
15200	0.31	0.46	0.46	0	0	0.31
15300	0.31	0.46	0.46	0	0	0.31
15400	0.31	0.46	0.46	0	0	0.31
15500	0.31	0.47	0.47	0	0	0.31
15600	0.31	0.47	0.47	0	0	0.31
15700	0.31	0.47	0.47	0	0	0.31
15800	0.31	0.48	0.48	0	0	0.31
15900	0.31	0.49	0.49	0	0	0.31
16000	0.31	0.49	0.49	0	0	0.31
16100	0.31	0.49	0.49	0	0	0.31
16200	0.31	0.49	0.49	0	0	0.31
16300	0.31	0.49	0.49	0	0	0.31
16400	0.31	0.49	0.49	0	0	0.31
16500	0.31	0.5	0.5	0	0	0.31
16600	0.31	0.51	0.51	0	0	0.31
16700	0.31	0.51	0.51	0	0	0.31
16800	0.32	0.51	0.51	0	0	0.32
16900	0.32	0.52	0.52	0	0	0.32
17000	0.32	0.52	0.52	0	0	0.32
17100	0.32	0.52	0.52	0	0	0.32
17200	0.32	0.52	0.52	0	0	0.32
17300	0.33	0.52	0.52	0	0	0.33
17400	0.33	0.52	0.52	0	0	0.33
17500	0.33	0.53	0.53	0	0	0.33
17600	0.33	0.53	0.53	0	0	0.33
17700	0.33	0.53	0.53	0	0	0.33
17800	0.32	0.53	0.53	0	0	0.32
17900	0.32	0.53	0.53	0	0	0.32
18000	0.32	0.53	0.53	0	0	0.32
18100	0.32	0.53	0.53	0	0	0.32
18200	0.32	0.53	0.53	0	0	0.32
18300	0.32	0.53	0.53	0	0	0.32
18400	0.32	0.54	0.54	0	0	0.32
18500	0.31	0.54	0.54	0	0	0.31
18600	0.31	0.54	0.54	0	0	0.31
18700	0.31	0.54	0.54	0	0	0.31
18800	0.31	0.53	0.53	0	0	0.31
18900	0.31	0.53	0.53	0	0	0.31
19000	0.31	0.53	0.53	0	0	0.31
19100	0.31	0.53	0.53	0	0	0.31
19200	0.31	0.53	0.53	0	0	0.31
19300	0.31	0.53	0.53	0	0	0.31
19400	0.31	0.53	0.53	0	0	0.31
19500	0.31	0.53	0.53	0	0	0.31
19600	0.31	0.52	0.52	0	0	0.31
19700	0.32	0.53	0.53	0	0	0.32
19800	0.32	0.54	0.54	0	0	0.32
19900	0.32	0.54	0.54	0	0	0.32
20000	0.32	0.54	0.54	0	0	0.32
20100	0.32	0.54	0.54	0	0	0.32
20200	0.32	0.54	0.54	0	0	0.32
20300	0.32	0.54	0.54	0	0	0.32
20400	0.32	0.53	0.53	0	0	0.32
20500	0.32	0.53	0.53	0	0	0.32
20600	0.31	0.53	0.53	0	0	0.31
20700	0.31	0.52	0.52	0	0	0.31
20800	0.31	0.52	0.52	0	0	0.31
20900	0.31	0.52	0.52	0	0	0.31
21000	0.31	0.52	0.52	0	0	0.31
21100	0.31	0.52	0.52	0	0	0.31
21200	0.31	0.52	0.52	0	0	0.31
21300	0.31	0.52	0.52	0	0	0.31
21400	0.33	0.52	0.52	0	0	0.33
21500	0.33	0.52	0.52	0	0	0.33
21600	0.33	0.52	0.52	0	0	0.33
21700	0.33	0.52	0.52	0	0	0.33
21800	0.33	0.52	0.52	0	0	0.33
21900	0.33	0.52	0.52	0	0	0.33
22000	0.33	0.52	0.52	0	0	0.33
22100	0.33	0.52	0.52	0	0	0.33
22200	0.33	0.52	0.52	0	0	0.33
22300	0.34	0.52	0.52	0	0	0.34
22400	0.36	0.52	0.52	0	0	0.36
22500	0.35	0.52	0.52	0	0	0.35
22600	0.35	0.53	0.53	0	0	0.35
22700	0.35	0.53	0.53	0	0	0.35
22800	0.35	0.53	0.53	0	0	0.35
22900	0.36	0.53	0.53	0	0	0.36
23000	0.35	0.53	0.53	0	0	0.35
23100	0.35	0.53	0.53	0	0	0.35
23200	0.35	0.53	0.53	0	0	0.35
23300	0.34	0.52	0.52	0	0	0.34
23400	0.34	0.52	0.52	0	0	0.34
23500	0.35	0.52	0.52	0	0	0.35
23600	0.35	0.52	0.52	0	0	0.35
23700	0.35	0.52	0.52	0	0	0.35
23800	0.36	0.51	0.51	0	0	0.36
23900	0.36	0.5	0.5	0	0	0.36
24000	0.37	0.5	0.5	0	0	0.37
24100	0.36	0.5	0.5	0	0	0.36
24200	0.36	0.5	0.5	0	0	0.36
24300	0.36	0.5	0.5	0	0	0.36
24400	0.36	0.5	0.5	0	0	0.36
24500	0.36	0.5	0.5	0	0	0.36
24600	0.36	0.5	0.5	0	0	0.36
24700	0.36	0.5	0.5	0	0	0.36
24800	0.36	0.5	0.5	0	0	0.36
24900	0.36	0.5	0.5	0	0	0.36
25000	0.36	0.5	0.5	0	0	0.36
25100	0.36	0.49	0.49	0	0	0.36
25200	0.36	0.5	0.5	0	0	0.36
25300	0.36	0.51	0.51	0	0	0.36
25400	0.36	0.51	0.51	0	0	0.36
25500	0.36	0.51	0.51	0	0	0.36
25600	0.36	0.51	0.51	0	0	0.36
25700	0.36	0.51	0.51	0	0	0.36
25800	0.36	0.51	0.51	0	0	0.36
25900	0.36	0.51	0.51	0	0	0.36
26000	0.36	0.51	0.51	0	0	0.36
26100	0.36	0.51	0.51	0	0	0.36
26200	0.37	0.51	0.51	0	0	0.37
26300	0.37	0.51	0.51	0	0	0.37
26400	0.37	0.51	0.51	0	0	0.37
26500	0.37	0.51	0.51	0	0	0.37
26600	0.37	0.51	0.51	0	0	0.37
26700	0.36	0.51	0.51	0	0	0.36
26800	0.36	0.51	0.51	0	0	0.36
26900	0.36	0.51	0.51	0	0	0.36
27000	0.36	0.51	0.51	0	0	0.36
27100	0.36	0.51	0.51	0	0	0.36
27200	0.36	0.51	0.51	0	0	0.36
27300	0.36	0.5	0.5	0	0	0.36
27400	0.36	0.5	0.5	0	0	0.36
27500	0.37	0.5	0.5	0	0	0.37
27600	0.35	0.5	0.5	0	0	0.35
27700	0.34	0.5	0.5	0	0	0.34
27800	0.34	0.5	0.5	0	0	0.34
27900	0.34	0.51	0.51	0	0	0.34
28000	0.34	0.51	0.51	0	0	0.34
28100	0.34	0.51	0.51	0	0	0.34
28200	0.34	0.51	0.51	0	0	0.34
28300	0.35	0.51	0.51	0	0	0.35
28400	0.35	0.51	0.51	0	0	0.35
28500	0.35	0.51	0.51	0	0	0.35
28600	0.35	0.51	0.51	0	0	0.35
28700	0.35	0.51	0.51	0	0	0.35
28800	0.35	0.5	0.5	0	0	0.35
28900	0.35	0.5	0.5	0	0	0.35
29000	0.35	0.51	0.51	0	0	0.35
29100	0.35	0.51	0.51	0	0	0.35
29200	0.35	0.51	0.51	0	0	0.35
29300	0.35	0.51	0.51	0	0	0.35
29400	0.35	0.51	0.51	0	0	0.35
29500	0.36	0.51	0.51	0	0	0.36
29600	0.36	0.51	0.51	0	0	0.36
29700	0.36	0.51	0.51	0	0	0.36
29800	0.36	0.5	0.5	0	0	0.36
29900	0.37	0.5	0.5	0	0	0.37
30000	0.36	0.5	0.5	0	0	0.36
30100	0.36	0.52	0.52	0	0	0.36
30200	0.36	0.52	0.52	0	0	0.36
30300	0.36	0.52	0.52	0	0	0.36
30400	0.36	0.52	0.52	0	0	0.36
30500	0.36	0.51	0.51	0	0	0.36
30600	0.36	0.51	0.51	0	0	0.36
30700	0.36	0.51	0.51	0	0	0.36
30800	0.36	0.51	0.51	0	0	0.36
30900	0.36	0.51	0.51	0	0	0.36
31000	0.36	0.51	0.51	0	0	0.36
31100	0.36	0.51	0.51	0	0	0.36
31200	0.36	0.51	0.51	0	0	0.36
31300	0.37	0.51	0.51	0	0	0.37
31400	0.36	0.51	0.51	0	0	0.36
31500	0.36	0.51	0.51	0	0	0.36
31600	0.36	0.51	0.51	0	0	0.36
31700	0.36	0.51	0.51	0	0	0.36
31800	0.35	0.51	0.51	0	0	0.35
31900	0.36	0.51	0.51	0	0	0.36
32000	0.36	0.51	0.51	0	0	0.36
32100	0.36	0.51	0.51	0	0	0.36
32200	0.36	0.51	0.51	0	0	0.36
32300	0.36	0.51	0.51	0	0	0.36
32400	0.36	0.51	0.51	0	0	0.36
32500	0.36	0.51	0.51	0	0	0.36
32600	0.36	0.52	0.52	0	0	0.36
32700	0.36	0.51	0.51	0	0	0.36
32800	0.36	0.51	0.51	0	0	0.36
32900	0.37	0.51	0.51	0	0	0.37
33000	0.37	0.51	0.51	0	0	0.37
33100	0.37	0.51	0.51	0	0	0.37
33200	0.38	0.51	0.51	0	0	0.38
33300	0.38	0.51	0.51	0	0	0.38
33400	0.38	0.51	0.51	0	0	0.38
33500	0.38	0.51	0.51	0	0	0.38
33600	0.38	0.51	0.51	0	0	0.38
33700	0.38	0.51	0.51	0	0	0.38
33800	0.37	0.52	0.52	0	0	0.37
33900	0.37	0.52	0.52	0	0	0.37
34000	0.38	0.52	0.52	0	0	0.38
34100	0.38	0.51	0.51	0	0	0.38
34200	0.38	0.51	0.51	0	0	0.38
34300	0.38	0.52	0.52	0	0	0.38
34400	0.38	0.52	0.52	0	0	0.38
34500	0.38	0.52	0.52	0	0	0.38
34600	0.38	0.52	0.52	0	0	0.38
34700	0.38	0.52	0.52	0	0	0.38
34800	0.38	0.52	0.52	0	0	0.38
34900	0.38	0.52	0.52	0	0	0.38
35000	0.38	0.52	0.52	0	0	0.38
35100	0.38	0.53	0.53	0	0	0.38
35200	0.38	0.53	0.53	0	0	0.38
35300	0.38	0.53	0.53	0	0	0.38
35400	0.38	0.53	0.53	0	0	0.38
35500	0.38	0.53	0.53	0	0	0.38
35600	0.37	0.53	0.53	0	0	0.37
35700	0.37	0.53	0.53	0	0	0.37
35800	0.37	0.53	0.53	0	0	0.37
35900	0.38	0.53	0.53	0	0	0.38
36000	0.38	0.53	0.53	0	0	0.38
36100	0.38	0.53	0.53	0	0	0.38
36200	0.38	0.53	0.53	0	0	0.38
36300	0.38	0.53	0.53	0	0	0.38
36400	0.38	0.53	0.53	0	0	0.38
36500	0.39	0.53	0.53	0	0	0.39
36600	0.39	0.53	0.53	0	0	0.39
36700	0.39	0.53	0.53	0	0	0.39
36800	0.39	0.53	0.53	0	0	0.39
36900	0.39	0.54	0.54	0	0	0.39
37000	0.39	0.54	0.54	0	0	0.39
37100	0.39	0.54	0.54	0	0	0.39
37200	0.39	0.54	0.54	0	0	0.39
37300	0.39	0.53	0.53	0	0	0.39
37400	0.39	0.53	0.53	0	0	0.39
37500	0.39	0.53	0.53	0	0	0.39
37600	0.39	0.53	0.53	0	0	0.39
37700	0.38	0.53	0.53	0	0	0.38
37800	0.38	0.53	0.53	0	0	0.38
37900	0.37	0.53	0.53	0	0	0.37
38000	0.37	0.53	0.53	0	0	0.37
38100	0.37	0.52	0.52	0	0	0.37
38200	0.37	0.51	0.51	0	0	0.37
38300	0.37	0.51	0.51	0	0	0.37
38400	0.37	0.52	0.52	0	0	0.37
38500	0.37	0.52	0.52	0	0	0.37
38600	0.38	0.52	0.52	0	0	0.38
38700	0.38	0.52	0.52	0	0	0.38
38800	0.38	0.52	0.52	0	0	0.38
38900	0.38	0.51	0.51	0	0	0.38
39000	0.38	0.52	0.52	0	0	0.38
39100	0.38	0.51	0.51	0	0	0.38
39200	0.37	0.51	0.51	0	0	0.37
39300	0.37	0.51	0.51	0	0	0.37
39400	0.37	0.52	0.52	0	0	0.37
39500	0.37	0.52	0.52	0	0	0.37
39600	0.37	0.52	0.52	0	0	0.37
39700	0.37	0.52	0.52	0	0	0.37
39800	0.37	0.52	0.52	0	0	0.37
39900	0.36	0.52	0.52	0	0	0.36
40000	0.36	0.52	0.52	0	0	0.36
40100	0.36	0.53	0.53	0	0	0.36
40200	0.36	0.51	0.51	0	0	0.36
40300	0.36	0.51	0.51	0	0	0.36
40400	0.36	0.51	0.51	0	0	0.36
40500	0.36	0.51	0.51	0	0	0.36
40600	0.36	0.51	0.51	0	0	0.36
40700	0.36	0.5	0.5	0	0	0.36
40800	0.36	0.5	0.5	0	0	0.36
40900	0.36	0.5	0.5	0	0	0.36
41000	0.36	0.51	0.51	0	0	0.36
41100	0.36	0.51	0.51	0	0	0.36
41200	0.36	0.51	0.51	0	0	0.36
41300	0.36	0.51	0.51	0	0	0.36
41400	0.36	0.51	0.51	0	0	0.36
41500	0.36	0.51	0.51	0	0	0.36
41600	0.36	0.51	0.51	0	0	0.36
41700	0.36	0.51	0.51	0	0	0.36
41800	0.36	0.5	0.5	0	0	0.36
41900	0.36	0.5	0.5	0	0	0.36
42000	0.37	0.49	0.49	0	0	0.37
42100	0.37	0.49	0.49	0	0	0.37
42200	0.37	0.49	0.49	0	0	0.37
42300	0.37	0.49	0.49	0	0	0.37
42400	0.37	0.48	0.48	0	0	0.37
42500	0.37	0.48	0.48	0	0	0.37
42600	0.36	0.49	0.49	0	0	0.36
42700	0.36	0.49	0.49	0	0	0.36
42800	0.36	0.49	0.49	0	0	0.36
42900	0.36	0.49	0.49	0	0	0.36
43000	0.36	0.49	0.49	0	0	0.36
43100	0.36	0.49	0.49	0	0	0.36
43200	0.37	0.49	0.49	0	0	0.37
43300	0.37	0.5	0.5	0	0	0.37
43400	0.37	0.5	0.5	0	0	0.37
43500	0.37	0.5	0.5	0	0	0.37
43600	0.37	0.5	0.5	0	0	0.37
43700	0.37	0.49	0.49	0	0	0.37
43800	0.37	0.49	0.49	0	0	0.37
43900	0.37	0.49	0.49	0	0	0.37
44000	0.37	0.49	0.49	0	0	0.37
44100	0.37	0.48	0.48	0	0	0.37
44200	0.37	0.48	0.48	0	0	0.37
44300	0.37	0.48	0.48	0	0	0.37
44400	0.37	0.48	0.48	0	0	0.37
44500	0.37	0.48	0.48	0	0	0.37
44600	0.36	0.49	0.49	0	0	0.36
44700	0.36	0.49	0.49	0	0	0.36
44800	0.36	0.49	0.49	0	0	0.36
44900	0.36	0.5	0.5	0	0	0.36
45000	0.36	0.5	0.5	0	0	0.36
45100	0.36	0.5	0.5	0	0	0.36
45200	0.36	0.5	0.5	0	0	0.36
45300	0.37	0.5	0.5	0	0	0.37
45400	0.37	0.5	0.5	0	0	0.37
45500	0.37	0.5	0.5	0	0	0.37
45600	0.37	0.5	0.5	0	0	0.37
45700	0.37	0.5	0.5	0	0	0.37
45800	0.37	0.5	0.5	0	0	0.37
45900	0.37	0.5	0.5	0	0	0.37
46000	0.37	0.5	0.5	0	0	0.37
46100	0.37	0.5	0.5	0	0	0.37
46200	0.37	0.5	0.5	0	0	0.37
46300	0.37	0.5	0.5	0	0	0.37
46400	0.37	0.5	0.5	0	0	0.37
46500	0.37	0.5	0.5	0	0	0.37
46600	0.37	0.5	0.5	0	0	0.37
46700	0.36	0.5	0.5	0	0	0.36
46800	0.37	0.5	0.5	0	0	0.37
46900	0.37	0.5	0.5	0	0	0.37
47000	0.37	0.5	0.5	0	0	0.37
47100	0.37	0.5	0.5	0	0	0.37
47200	0.37	0.5	0.5	0	0	0.37
47300	0.36	0.5	0.5	0	0	0.36
47400	0.36	0.5	0.5	0	0	0.36
47500	0.37	0.5	0.5	0	0	0.37
47600	0.37	0.5	0.5	0	0	0.37
47700	0.37	0.5	0.5	0	0	0.37
47800	0.37	0.49	0.49	0	0	0.37
47900	0.37	0.49	0.49	0	0	0.37
48000	0.37	0.49	0.49	0	0	0.37
48100	0.37	0.49	0.49	0	0	0.37
48200	0.37	0.49	0.49	0	0	0.37
48300	0.37	0.49	0.49	0	0	0.37
48400	0.37	0.49	0.49	0	0	0.37
48500	0.37	0.49	0.49	0	0	0.37
48600	0.37	0.49	0.49	0	0	0.37
48700	0.38	0.49	0.49	0	0	0.38
48800	0.37	0.49	0.49	0	0	0.37
48900	0.37	0.49	0.49	0	0	0.37
49000	0.37	0.49	0.49	0	0	0.37
49100	0.37	0.49	0.49	0	0	0.37
49200	0.37	0.48	0.48	0	0	0.37
49300	0.37	0.49	0.49	0	0	0.37
49400	0.37	0.5	0.5	0	0	0.37
49500	0.36	0.49	0.49	0	0	0.36
49600	0.36	0.49	0.49	0	0	0.36
49700	0.36	0.49	0.49	0	0	0.36
49800	0.36	0.49	0.49	0	0	0.36
49900	0.36	0.49	0.49	0	0	0.36
50000	0.36	0.49	0.49	0	0	0.36
50100	0.36	0.49	0.49	0	0	0.36
50200	0.36	0.49	0.49	0	0	0.36
50300	0.36	0.49	0.49	0	0	0.36
50400	0.36	0.49	0.49	0	0	0.36
50500	0.37	0.49	0.49	0	0	0.37
50600	0.37	0.49	0.49	0	0	0.37
50700	0.38	0.49	0.49	0	0	0.38
50800	0.38	0.49	0.49	0	0	0.38
50900	0.38	0.49	0.49	0	0	0.38
51000	0.38	0.49	0.49	0	0	0.38
51100	0.38	0.49	0.49	0	0	0.38
51200	0.38	0.49	0.49	0	0	0.38
51300	0.38	0.49	0.49	0	0	0.38
51400	0.38	0.49	0.49	0	0	0.38
51500	0.38	0.49	0.49	0	0	0.38
51600	0.38	0.5	0.5	0	0	0.38
51700	0.38	0.5	0.5	0	0	0.38
51800	0.38	0.5	0.5	0	0	0.38
51900	0.38	0.5	0.5	0	0	0.38
52000	0.38	0.5	0.5	0	0	0.38
52100	0.39	0.5	0.5	0	0	0.39
52200	0.4	0.5	0.5	0	0	0.4
52300	0.4	0.5	0.5	0	0	0.4
52400	0.4	0.5	0.5	0	0	0.4
52500	0.4	0.5	0.5	0	0	0.4
52600	0.4	0.5	0.5	0	0	0.4
52700	0.4	0.5	0.5	0	0	0.4
52800	0.4	0.5	0.5	0	0	0.4
52900	0.4	0.5	0.5	0	0	0.4
53000	0.4	0.5	0.5	0	0	0.4
53100	0.4	0.5	0.5	0	0	0.4
53200	0.4	0.5	0.5	0	0	0.4
53300	0.4	0.5	0.5	0	0	0.4
53400	0.4	0.5	0.5	0	0	0.4
53500	0.4	0.5	0.5	0	0	0.4
53600	0.4	0.5	0.5	0	0	0.4
53700	0.4	0.5	0.5	0	0	0.4
53800	0.4	0.5	0.5	0	0	0.4
53900	0.4	0.5	0.5	0	0	0.4
54000	0.4	0.5	0.5	0	0	0.4
54100	0.4	0.5	0.5	0	0	0.4
54200	0.4	0.5	0.5	0	0	0.4
54300	0.4	0.5	0.5	0	0	0.4
54400	0.4	0.5	0.5	0	0	0.4
54500	0.4	0.5	0.5	0	0	0.4
54600	0.4	0.5	0.5	0	0	0.4
54700	0.4	0.5	0.5	0	0	0.4
54800	0.4	0.51	0.51	0	0	0.4
54900	0.4	0.5	0.5	0	0	0.4
55000	0.4	0.5	0.5	0	0	0.4
55100	0.4	0.49	0.49	0	0	0.4
55200	0.4	0.49	0.49	0	0	0.4
55300	0.4	0.49	0.49	0	0	0.4
55400	0.4	0.49	0.49	0	0	0.4
55500	0.4	0.49	0.49	0	0	0.4
55600	0.4	0.49	0.49	0	0	0.4
55700	0.4	0.49	0.49	0	0	0.4
55800	0.4	0.49	0.49	0	0	0.4
55900	0.4	0.49	0.49	0	0	0.4
56000	0.4	0.49	0.49	0	0	0.4
56100	0.4	0.49	0.49	0	0	0.4
56200	0.4	0.49	0.49	0	0	0.4
56300	0.41	0.48	0.48	0	0	0.41
56400	0.41	0.48	0.48	0	0	0.41
56500	0.41	0.48	0.48	0	0	0.41
56600	0.41	0.48	0.48	0	0	0.41
56700	0.41	0.48	0.48	0	0	0.41
56800	0.41	0.48	0.48	0	0	0.41
56900	0.41	0.48	0.48	0	0	0.41
57000	0.41	0.48	0.48	0	0	0.41
57100	0.41	0.48	0.48	0	0	0.41
57200	0.41	0.48	0.48	0	0	0.41
57300	0.41	0.48	0.48	0	0	0.41
57400	0.41	0.48	0.48	0	0	0.41
57500	0.41	0.49	0.49	0	0	0.41
57600	0.41	0.49	0.49	0	0	0.41
57700	0.41	0.49	0.49	0	0	0.41
57800	0.41	0.49	0.49	0	0	0.41
57900	0.41	0.49	0.49	0	0	0.41
58000	0.4	0.49	0.49	0	0	0.4
58100	0.4	0.5	0.5	0	0	0.4
58200	0.4	0.5	0.5	0	0	0.4
58300	0.4	0.5	0.5	0	0	0.4
58400	0.4	0.5	0.5	0	0	0.4
58500	0.4	0.5	0.5	0	0	0.4
58600	0.4	0.5	0.5	0	0	0.4
58700	0.4	0.51	0.51	0	0	0.4
58800	0.4	0.51	0.51	0	0	0.4
58900	0.4	0.51	0.51	0	0	0.4
59000	0.4	0.51	0.51	0	0	0.4
59100	0.41	0.51	0.51	0	0	0.41
59200	0.41	0.51	0.51	0	0	0.41
59300	0.41	0.51	0.51	0	0	0.41
59400	0.41	0.51	0.51	0	0	0.41
59500	0.41	0.51	0.51	0	0	0.41
59600	0.41	0.51	0.51	0	0	0.41
59700	0.41	0.51	0.51	0	0	0.41
59800	0.41	0.51	0.51	0	0	0.41
59900	0.41	0.51	0.51	0	0	0.41
60000	0.41	0.52	0.52	0	0	0.41
60100	0.41	0.5	0.5	0	0	0.41
60200	0.41	0.51	0.51	0	0	0.41
60300	0.41	0.52	0.52	0	0	0.41
60400	0.41	0.52	0.52	0	0	0.41
60500	0.41	0.53	0.53	0	0	0.41
60600	0.41	0.53	0.53	0	0	0.41
60700	0.41	0.53	0.53	0	0	0.41
60800	0.41	0.53	0.53	0	0	0.41
60900	0.41	0.53	0.53	0	0	0.41
61000	0.41	0.53	0.53	0	0	0.41
61100	0.41	0.53	0.53	0	0	0.41
61200	0.41	0.53	0.53	0	0	0.41
61300	0.41	0.53	0.53	0	0	0.41
61400	0.41	0.53	0.53	0	0	0.41
61500	0.41	0.53	0.53	0	0	0.41
61600	0.41	0.53	0.53	0	0	0.41
61700	0.41	0.53	0.53	0	0	0.41
61800	0.41	0.53	0.53	0	0	0.41
61900	0.41	0.54	0.54	0	0	0.41
62000	0.41	0.53	0.53	0	0	0.41
62100	0.41	0.53	0.53	0	0	0.41
62200	0.41	0.53	0.53	0	0	0.41
62300	0.41	0.53	0.53	0	0	0.41
62400	0.41	0.53	0.53	0	0	0.41
62500	0.41	0.53	0.53	0	0	0.41
62600	0.41	0.53	0.53	0	0	0.41
62700	0.41	0.53	0.53	0	0	0.41
62800	0.41	0.53	0.53	0	0	0.41
62900	0.41	0.53	0.53	0	0	0.41
63000	0.41	0.53	0.53	0	0	0.41
63100	0.41	0.53	0.53	0	0	0.41
63200	0.41	0.53	0.53	0	0	0.41
63300	0.41	0.53	0.53	0	0	0.41
63400	0.42	0.52	0.52	0	0	0.42
63500	0.42	0.52	0.52	0	0	0.42
63600	0.42	0.52	0.52	0	0	0.42
63700	0.42	0.52	0.52	0	0	0.42
63800	0.42	0.52	0.52	0	0	0.42
63900	0.42	0.52	0.52	0	0	0.42
64000	0.42	0.52	0.52	0	0	0.42
64100	0.42	0.52	0.52	0	0	0.42
64200	0.42	0.52	0.52	0	0	0.42
64300	0.42	0.52	0.52	0	0	0.42
64400	0.42	0.52	0.52	0	0	0.42
64500	0.42	0.52	0.52	0	0	0.42
64600	0.43	0.52	0.52	0	0	0.43
64700	0.43	0.52	0.52	0	0	0.43
64800	0.43	0.52	0.52	0	0	0.43
64900	0.43	0.53	0.53	0	0	0.43
65000	0.43	0.53	0.53	0	0	0.43
65100	0.43	0.53	0.53	0	0	0.43
65200	0.42	0.52	0.52	0	0	0.42
65300	0.43	0.52	0.52	0	0	0.43
65400	0.43	0.52	0.52	0	0	0.43
65500	0.43	0.52	0.52	0	0	0.43
65600	0.43	0.52	0.52	0	0	0.43
65700	0.43	0.52	0.52	0	0	0.43
65800	0.43	0.52	0.52	0	0	0.43
65900	0.43	0.52	0.52	0	0	0.43
66000	0.43	0.52	0.52	0	0	0.43
66100	0.43	0.51	0.51	0	0	0.43
66200	0.43	0.51	0.51	0	0	0.43
66300	0.43	0.51	0.51	0	0	0.43
66400	0.43	0.51	0.51	0	0	0.43
66500	0.43	0.51	0.51	0	0	0.43
66600	0.43	0.5	0.5	0	0	0.43
66700	0.43	0.5	0.5	0	0	0.43
66800	0.43	0.5	0.5	0	0	0.43
66900	0.43	0.5	0.5	0	0	0.43
67000	0.43	0.5	0.5	0	0	0.43
67100	0.43	0.5	0.5	0	0	0.43
67200	0.43	0.51	0.51	0	0	0.43
67300	0.43	0.51	0.51	0	0	0.43
67400	0.43	0.51	0.51	0	0	0.43
67500	0.43	0.51	0.51	0	0	0.43
67600	0.43	0.51	0.51	0	0	0.43
67700	0.43	0.51	0.51	0	0	0.43
67800	0.43	0.51	0.51	0	0	0.43
67900	0.43	0.51	0.51	0	0	0.43
68000	0.43	0.51	0.51	0	0	0.43
68100	0.43	0.51	0.51	0	0	0.43
68200	0.43	0.51	0.51	0	0	0.43
68300	0.43	0.51	0.51	0	0	0.43
68400	0.43	0.51	0.51	0	0	0.43
68500	0.43	0.51	0.51	0	0	0.43
68600	0.43	0.51	0.51	0	0	0.43
68700	0.43	0.51	0.51	0	0	0.43
68800	0.42	0.51	0.51	0	0	0.42
68900	0.42	0.52	0.52	0	0	0.42
69000	0.42	0.52	0.52	0	0	0.42
69100	0.42	0.52	0.52	0	0	0.42
69200	0.42	0.52	0.52	0	0	0.42
69300	0.42	0.53	0.53	0	0	0.42
69400	0.42	0.52	0.52	0	0	0.42
69500	0.43	0.52	0.52	0	0	0.43
69600	0.41	0.52	0.52	0	0	0.41
69700	0.41	0.52	0.52	0	0	0.41
69800	0.41	0.51	0.51	0	0	0.41
69900	0.41	0.51	0.51	0	0	0.41
70000	0.41	0.51	0.51	0	0	0.41
70100	0.41	0.51	0.51	0	0	0.41
70200	0.41	0.51	0.51	0	0	0.41
70300	0.41	0.51	0.51	0	0	0.41
70400	0.41	0.51	0.51	0	0	0.41
70500	0.41	0.51	0.51	0	0	0.41
70600	0.41	0.52	0.52	0	0	0.41
70700	0.41	0.52	0.52	0	0	0.41
70800	0.41	0.52	0.52	0	0	0.41
70900	0.41	0.52	0.52	0	0	0.41
71000	0.41	0.52	0.52	0	0	0.41
71100	0.41	0.51	0.51	0	0	0.41
71200	0.41	0.51	0.51	0	0	0.41
71300	0.41	0.51	0.51	0	0	0.41
71400	0.41	0.51	0.51	0	0	0.41
71500	0.42	0.51	0.51	0	0	0.42
71600	0.42	0.51	0.51	0	0	0.42
71700	0.43	0.51	0.51	0	0	0.43
71800	0.44	0.51	0.51	0	0	0.44
71900	0.44	0.51	0.51	0	0	0.44
72000	0.44	0.51	0.51	0	0	0.44
72100	0.44	0.51	0.51	0	0	0.44
72200	0.44	0.51	0.51	0	0	0.44
72300	0.44	0.51	0.51	0	0	0.44
72400	0.44	0.51	0.51	0	0	0.44
72500	0.44	0.51	0.51	0	0	0.44
72600	0.44	0.51	0.51	0	0	0.44
72700	0.44	0.51	0.51	0	0	0.44
72800	0.44	0.5	0.5	0	0	0.44
72900	0.44	0.5	0.5	0	0	0.44
73000	0.44	0.5	0.5	0	0	0.44
73100	0.44	0.5	0.5	0	0	0.44
73200	0.44	0.5	0.5	0	0	0.44
73300	0.44	0.5	0.5	0	0	0.44
73400	0.44	0.5	0.5	0	0	0.44
73500	0.44	0.5	0.5	0	0	0.44
73600	0.44	0.5	0.5	0	0	0.44
73700	0.44	0.5	0.5	0	0	0.44
73800	0.43	0.5	0.5	0	0	0.43
73900	0.43	0.5	0.5	0	0	0.43
74000	0.43	0.49	0.49	0	0	0.43
74100	0.43	0.49	0.49	0	0	0.43
74200	0.43	0.49	0.49	0	0	0.43
74300	0.43	0.49	0.49	0	0	0.43
74400	0.43	0.49	0.49	0	0	0.43
74500	0.43	0.49	0.49	0	0	0.43
74600	0.43	0.49	0.49	0	0	0.43
74700	0.43	0.49	0.49	0	0	0.43
74800	0.43	0.49	0.49	0	0	0.43
74900	0.43	0.49	0.49	0	0	0.43
75000	0.43	0.49	0.49	0	0	0.43
75100	0.43	0.49	0.49	0	0	0.43
75200	0.43	0.49	0.49	0	0	0.43
75300	0.43	0.49	0.49	0	0	0.43
75400	0.43	0.49	0.49	0	0	0.43
75500	0.43	0.49	0.49	0	0	0.43
75600	0.43	0.49	0.49	0	0	0.43
75700	0.43	0.49	0.49	0	0	0.43
75800	0.44	0.49	0.49	0	0	0.44
75900	0.44	0.5	0.5	0	0	0.44
76000	0.44	0.5	0.5	0	0	0.44
76100	0.44	0.5	0.5	0	0	0.44
76200	0.43	0.5	0.5	0	0	0.43
76300	0.42	0.5	0.5	0	0	0.42
76400	0.42	0.5	0.5	0	0	0.42
76500	0.42	0.5	0.5	0	0	0.42
76600	0.42	0.5	0.5	0	0	0.42
76700	0.42	0.5	0.5	0	0	0.42
76800	0.42	0.5	0.5	0	0	0.42
76900	0.42	0.5	0.5	0	0	0.42
77000	0.42	0.5	0.5	0	0	0.42
77100	0.42	0.5	0.5	0	0	0.42
77200	0.42	0.5	0.5	0	0	0.42
77300	0.42	0.5	0.5	0	0	0.42
77400	0.42	0.5	0.5	0	0	0.42
77500	0.42	0.5	0.5	0	0	0.42
77600	0.42	0.49	0.49	0	0	0.42
77700	0.42	0.49	0.49	0	0	0.42
77800	0.42	0.49	0.49	0	0	0.42
77900	0.42	0.49	0.49	0	0	0.42
78000	0.42	0.49	0.49	0	0	0.42
78100	0.42	0.49	0.49	0	0	0.42
78200	0.42	0.49	0.49	0	0	0.42
78300	0.42	0.49	0.49	0	0	0.42
78400	0.41	0.49	0.49	0	0	0.41
78500	0.41	0.5	0.5	0	0	0.41
78600	0.41	0.51	0.51	0	0	0.41
78700	0.41	0.51	0.51	0	0	0.41
78800	0.41	0.52	0.52	0	0	0.41
78900	0.41	0.52	0.52	0	0	0.41
79000	0.41	0.52	0.52	0	0	0.41
79100	0.41	0.53	0.53	0	0	0.41
79200	0.41	0.53	0.53	0	0	0.41
79300	0.41	0.53	0.53	0	0	0.41
79400	0.41	0.53	0.53	0	0	0.41
79500	0.4	0.53	0.53	0	0	0.4
79600	0.4	0.53	0.53	0	0	0.4
79700	0.4	0.53	0.53	0	0	0.4
79800	0.4	0.52	0.52	0	0	0.4
79900	0.4	0.52	0.52	0	0	0.4
80000	0.4	0.52	0.52	0	0	0.4
80100	0.4	0.52	0.52	0	0	0.4
80200	0.39	0.52	0.52	0	0	0.39
80300	0.39	0.52	0.52	0	0	0.39
80400	0.39	0.52	0.52	0	0	0.39
80500	0.39	0.52	0.52	0	0	0.39
80600	0.39	0.52	0.52	0	0	0.39
80700	0.39	0.52	0.52	0	0	0.39
80800	0.39	0.52	0.52	0	0	0.39
80900	0.39	0.52	0.52	0	0	0.39
81000	0.39	0.52	0.52	0	0	0.39
81100	0.39	0.52	0.52	0	0	0.39
81200	0.39	0.52	0.52	0	0	0.39
81300	0.39	0.52	0.52	0	0	0.39
81400	0.39	0.52	0.52	0	0	0.39
81500	0.39	0.52	0.52	0	0	0.39
81600	0.39	0.52	0.52	0	0	0.39
81700	0.39	0.52	0.52	0	0	0.39
81800	0.39	0.52	0.52	0	0	0.39
81900	0.39	0.52	0.52	0	0	0.39
82000	0.39	0.52	0.52	0	0	0.39
82100	0.39	0.52	0.52	0	0	0.39
82200	0.39	0.52	0.52	0	0	0.39
82300	0.39	0.52	0.52	0	0	0.39
82400	0.39	0.52	0.52	0	0	0.39
82500	0.39	0.52	0.52	0	0	0.39
82600	0.39	0.52	0.52	0	0	0.39
82700	0.39	0.52	0.52	0	0	0.39
82800	0.39	0.52	0.52	0	0	0.39
82900	0.39	0.52	0.52	0	0	0.39
83000	0.39	0.52	0.52	0	0	0.39
83100	0.39	0.52	0.52	0	0	0.39
83200	0.39	0.52	0.52	0	0	0.39
83300	0.39	0.53	0.53	0	0	0.39
83400	0.39	0.52	0.52	0	0	0.39
83500	0.39	0.53	0.53	0	0	0.39
83600	0.39	0.53	0.53	0	0	0.39
83700	0.39	0.53	0.53	0	0	0.39
83800	0.39	0.53	0.53	0	0	0.39
83900	0.39	0.53	0.53	0	0	0.39
84000	0.39	0.53	0.53	0	0	0.39
84100	0.39	0.53	0.53	0	0	0.39
84200	0.39	0.54	0.54	0	0	0.39
84300	0.39	0.54	0.54	0	0	0.39
84400	0.39	0.54	0.54	0	0	0.39
84500	0.39	0.54	0.54	0	0	0.39
84600	0.39	0.54	0.54	0	0	0.39
84700	0.39	0.54	0.54	0	0	0.39
84800	0.39	0.54	0.54	0	0	0.39
84900	0.39	0.54	0.54	0	0	0.39
85000	0.39	0.53	0.53	0	0	0.39
85100	0.39	0.53	0.53	0	0	0.39
85200	0.39	0.53	0.53	0	0	0.39
85300	0.39	0.54	0.54	0	0	0.39
85400	0.39	0.53	0.53	0	0	0.39
85500	0.39	0.53	0.53	0	0	0.39
85600	0.39	0.52	0.52	0	0	0.39
85700	0.39	0.53	0.53	0	0	0.39
85800	0.39	0.53	0.53	0	0	0.39
85900	0.38	0.53	0.53	0	0	0.38
86000	0.39	0.52	0.52	0	0	0.39
86100	0.39	0.52	0.52	0	0	0.39
86200	0.38	0.51	0.51	0	0	0.38
86300	0.38	0.51	0.51	0	0	0.38
86400	0.38	0.51	0.51	0	0	0.38
86500	0.38	0.5	0.5	0	0	0.38
86600	0.38	0.49	0.49	0	0	0.38
86700	0.38	0.49	0.49	0	0	0.38
86800	0.38	0.49	0.49	0	0	0.38
86900	0.38	0.49	0.49	0	0	0.38
87000	0.38	0.49	0.49	0	0	0.38
87100	0.38	0.49	0.49	0	0	0.38
87200	0.38	0.49	0.49	0	0	0.38
87300	0.38	0.49	0.49	0	0	0.38
87400	0.38	0.49	0.49	0	0	0.38
87500	0.38	0.49	0.49	0	0	0.38
87600	0.38	0.49	0.49	0	0	0.38
87700	0.39	0.49	0.49	0	0	0.39
87800	0.39	0.49	0.49	0	0	0.39
87900	0.38	0.49	0.49	0	0	0.38
88000	0.38	0.49	0.49	0	0	0.38
88100	0.38	0.49	0.49	0	0	0.38
88200	0.38	0.49	0.49	0	0	0.38
88300	0.38	0.49	0.49	0	0	0.38
88400	0.38	0.49	0.49	0	0	0.38
88500	0.38	0.49	0.49	0	0	0.38
88600	0.38	0.49	0.49	0	0	0.38
88700	0.38	0.49	0.49	0	0	0.38
88800	0.38	0.49	0.49	0	0	0.38
88900	0.37	0.49	0.49	0	0	0.37
89000	0.37	0.49	0.49	0	0	0.37
89100	0.37	0.49	0.49	0	0	0.37
89200	0.37	0.49	0.49	0	0	0.37
89300	0.37	0.49	0.49	0	0	0.37
89400	0.37	0.49	0.49	0	0	0.37
89500	0.37	0.49	0.49	0	0	0.37
89600	0.38	0.49	0.49	0	0	0.38
89700	0.38	0.49	0.49	0	0	0.38
89800	0.38	0.5	0.5	0	0	0.38
89900	0.38	0.5	0.5	0	0	0.38
90000	0.39	0.5	0.5	0	0	0.39
90100	0.39	0.51	0.51	0	0	0.39
90200	0.39	0.51	0.51	0	0	0.39
90300	0.39	0.51	0.51	0	0	0.39
90400	0.39	0.51	0.51	0	0	0.39
90500	0.39	0.51	0.51	0	0	0.39
90600	0.39	0.51	0.51	0	0	0.39
90700	0.39	0.51	0.51	0	0	0.39
90800	0.39	0.51	0.51	0	0	0.39
90900	0.39	0.51	0.51	0	0	0.39
91000	0.39	0.51	0.51	0	0	0.39
91100	0.39	0.51	0.51	0	0	0.39
91200	0.39	0.51	0.51	0	0	0.39
91300	0.39	0.51	0.51	0	0	0.39
91400	0.4	0.51	0.51	0	0	0.4
91500	0.4	0.51	0.51	0	0	0.4
91600	0.4	0.51	0.51	0	0	0.4
91700	0.41	0.51	0.51	0	0	0.41
91800	0.41	0.51	0.51	0	0	0.41
91900	0.41	0.51	0.51	0	0	0.41
92000	0.41	0.51	0.51	0	0	0.41
92100	0.41	0.51	0.51	0	0	0.41
92200	0.41	0.51	0.51	0	0	0.41
92300	0.41	0.52	0.52	0	0	0.41
92400	0.41	0.52	0.52	0	0	0.41
92500	0.41	0.52	0.52	0	0	0.41
92600	0.41	0.52	0.52	0	0	0.41
92700	0.41	0.52	0.52	0	0	0.41
92800	0.41	0.52	0.52	0	0	0.41
92900	0.41	0.52	0.52	0	0	0.41
93000	0.41	0.52	0.52	0	0	0.41
93100	0.41	0.52	0.52	0	0	0.41
93200	0.41	0.52	0.52	0	0	0.41
93300	0.41	0.52	0.52	0	0	0.41
93400	0.41	0.52	0.52	0	0	0.41
93500	0.41	0.52	0.52	0	0	0.41
93600	0.41	0.52	0.52	0	0	0.41
93700	0.41	0.52	0.52	0	0	0.41
93800	0.41	0.52	0.52	0	0	0.41
93900	0.41	0.52	0.52	0	0	0.41
94000	0.41	0.52	0.52	0	0	0.41
94100	0.41	0.52	0.52	0	0	0.41
94200	0.41	0.52	0.52	0	0	0.41
94300	0.41	0.52	0.52	0	0	0.41
94400	0.41	0.51	0.51	0	0	0.41
94500	0.41	0.51	0.51	0	0	0.41
94600	0.41	0.51	0.51	0	0	0.41
94700	0.41	0.51	0.51	0	0	0.41
94800	0.41	0.51	0.51	0	0	0.41
94900	0.41	0.51	0.51	0	0	0.41
95000	0.41	0.51	0.51	0	0	0.41
95100	0.4	0.52	0.52	0	0	0.4
95200	0.4	0.52	0.52	0	0	0.4
95300	0.4	0.52	0.52	0	0	0.4
95400	0.4	0.52	0.52	0	0	0.4
95500	0.4	0.53	0.53	0	0	0.4
95600	0.4	0.54	0.54	0	0	0.4
95700	0.4	0.54	0.54	0	0	0.4
95800	0.4	0.54	0.54	0	0	0.4
95900	0.4	0.54	0.54	0	0	0.4
96000	0.4	0.54	0.54	0	0	0.4
96100	0.4	0.54	0.54	0	0	0.4
96200	0.4	0.54	0.54	0	0	0.4
96300	0.39	0.54	0.54	0	0	0.39
96400	0.39	0.54	0.54	0	0	0.39
96500	0.39	0.54	0.54	0	0	0.39
96600	0.39	0.54	0.54	0	0	0.39
96700	0.39	0.54	0.54	0	0	0.39
96800	0.38	0.54	0.54	0	0	0.38
96900	0.38	0.54	0.54	0	0	0.38
97000	0.38	0.55	0.55	0	0	0.38
97100	0.38	0.55	0.55	0	0	0.38
97200	0.38	0.55	0.55	0	0	0.38
97300	0.38	0.55	0.55	0	0	0.38
97400	0.38	0.55	0.55	0	0	0.38
97500	0.38	0.55	0.55	0	0	0.38
97600	0.39	0.55	0.55	0	0	0.39
97700	0.39	0.55	0.55	0	0	0.39
97800	0.39	0.55	0.55	0	0	0.39
97900	0.38	0.55	0.55	0	0	0.38
98000	0.37	0.55	0.55	0	0	0.37
98100	0.37	0.55	0.55	0	0	0.37
98200	0.37	0.55	0.55	0	0	0.37
98300	0.37	0.55	0.55	0	0	0.37
98400	0.37	0.55	0.55	0	0	0.37
98500	0.37	0.55	0.55	0	0	0.37
98600	0.37	0.55	0.55	0	0	0.37
98700	0.37	0.55	0.55	0	0	0.37
98800	0.37	0.55	0.55	0	0	0.37
98900	0.37	0.55	0.55	0	0	0.37
99000	0.37	0.55	0.55	0	0	0.37
99100	0.36	0.55	0.55	0	0	0.36
99200	0.36	0.55	0.55	0	0	0.36
99300	0.36	0.56	0.56	0	0	0.36
99400	0.36	0.55	0.55	0	0	0.36
99500	0.36	0.55	0.55	0	0	0.36
99600	0.36	0.55	0.55	0	0	0.36
99700	0.36	0.55	0.55	0	0	0.36
99800	0.36	0.55	0.55	0	0	0.36
99900	0.36	0.55	0.55	0	0	0.36
100000	0.35	0.55	0.55	0	0	0.35
