100	0.08	0.07	0.07	0	0	0.08
200	0.08	0.09	0.09	0	0	0.08
300	0.09	0.1	0.1	0	0	0.09
400	0.1	0.11	0.11	0	0	0.1
500	0.12	0.12	0.12	0	0	0.12
600	0.12	0.12	0.12	0	0	0.12
700	0.12	0.13	0.13	0	0	0.12
800	0.15	0.13	0.13	0	0	0.15
900	0.16	0.16	0.16	0	0	0.16
1000	0.16	0.18	0.18	0	0	0.16
1100	0.16	0.21	0.21	0	0	0.16
1200	0.15	0.23	0.23	0	0	0.15
1300	0.14	0.24	0.24	0	0	0.14
1400	0.14	0.27	0.27	0	0	0.14
1500	0.16	0.27	0.27	0	0	0.16
1600	0.16	0.26	0.26	0	0	0.16
1700	0.17	0.26	0.26	0	0	0.17
1800	0.16	0.26	0.26	0	0	0.16
1900	0.16	0.25	0.25	0	0	0.16
2000	0.16	0.24	0.24	0	0	0.16
2100	0.17	0.24	0.24	0	0	0.17
2200	0.17	0.24	0.24	0	0	0.17
2300	0.19	0.24	0.24	0	0	0.19
2400	0.2	0.25	0.25	0	0	0.2
2500	0.2	0.25	0.25	0	0	0.2
2600	0.21	0.26	0.26	0	0	0.21
2700	0.22	0.25	0.25	0	0	0.22
2800	0.23	0.25	0.25	0	0	0.23
2900	0.23	0.26	0.26	0	0	0.23
3000	0.23	0.26	0.26	0	0	0.23
3100	0.25	0.26	0.26	0	0	0.25
3200	0.25	0.28	0.28	0	0	0.25
3300	0.26	0.29	0.29	0	0	0.26
3400	0.26	0.28	0.28	0	0	0.26
3500	0.25	0.28	0.28	0	0	0.25
3600	0.26	0.31	0.31	0	0	0.26
3700	0.26	0.32	0.32	0	0	0.26
3800	0.26	0.3	0.3	0	0	0.26
3900	0.27	0.3	0.3	0	0	0.27
4000	0.27	0.3	0.3	0	0	0.27
4100	0.27	0.3	0.3	0	0	0.27
4200	0.27	0.33	0.33	0	0	0.27
4300	0.25	0.34	0.34	0	0	0.25
4400	0.25	0.35	0.35	0	0	0.25
4500	0.25	0.34	0.34	0	0	0.25
4600	0.25	0.34	0.34	0	0	0.25
4700	0.26	0.33	0.33	0	0	0.26
4800	0.27	0.33	0.33	0	0	0.27
4900	0.27	0.33	0.33	0	0	0.27
5000	0.27	0.33	0.33	0	0	0.27
5100	0.28	0.34	0.34	0	0	0.28
5200	0.29	0.33	0.33	0	0	0.29
5300	0.29	0.33	0.33	0	0	0.29
5400	0.29	0.33	0.33	0	0	0.29
5500	0.3	0.34	0.34	0	0	0.3
5600	0.32	0.35	0.35	0	0	0.32
5700	0.32	0.37	0.37	0	0	0.32
5800	0.32	0.37	0.37	0	0	0.32
5900	0.32	0.37	0.37	0	0	0.32
6000	0.32	0.37	0.37	0	0	0.32
6100	0.33	0.37	0.37	0	0	0.33
6200	0.32	0.37	0.37	0	0	0.32
6300	0.32	0.38	0.38	0	0	0.32
6400	0.33	0.39	0.39	0	0	0.33
6500	0.33	0.39	0.39	0	0	0.33
6600	0.33	0.39	0.39	0	0	0.33
6700	0.34	0.39	0.39	0	0	0.34
6800	0.32	0.39	0.39	0	0	0.32
6900	0.32	0.39	0.39	0	0	0.32
7000	0.32	0.39	0.39	0	0	0.32
7100	0.32	0.39	0.39	0	0	0.32
7200	0.32	0.39	0.39	0	0	0.32
7300	0.31	0.39	0.39	0	0	0.31
7400	0.31	0.38	0.38	0	0	0.31
7500	0.3	0.38	0.38	0	0	0.3
7600	0.3	0.39	0.39	0	0	0.3
7700	0.3	0.38	0.38	0	0	0.3
7800	0.3	0.37	0.37	0	0	0.3
7900	0.3	0.37	0.37	0	0	0.3
8000	0.31	0.37	0.37	0	0	0.31
8100	0.32	0.37	0.37	0	0	0.32
8200	0.32	0.37	0.37	0	0	0.32
8300	0.32	0.37	0.37	0	0	0.32
8400	0.33	0.37	0.37	0	0	0.33
8500	0.33	0.37	0.37	0	0	0.33
8600	0.34	0.38	0.38	0	0	0.34
8700	0.34	0.38	0.38	0	0	0.34
8800	0.35	0.38	0.38	0	0	0.35
8900	0.35	0.39	0.39	0	0	0.35
9000	0.35	0.39	0.39	0	0	0.35
9100	0.35	0.39	0.39	0	0	0.35
9200	0.35	0.39	0.39	0	0	0.35
9300	0.35	0.39	0.39	0	0	0.35
9400	0.35	0.39	0.39	0	0	0.35
9500	0.35	0.39	0.39	0	0	0.35
9600	0.36	0.4	0.4	0	0	0.36
9700	0.36	0.39	0.39	0	0	0.36
9800	0.35	0.39	0.39	0	0	0.35
9900	0.35	0.39	0.39	0	0	0.35
10000	0.35	0.39	0.39	0	0	0.35
10100	0.36	0.39	0.39	0	0	0.36
10200	0.36	0.39	0.39	0	0	0.36
10300	0.37	0.4	0.4	0	0	0.37
10400	0.37	0.4	0.4	0	0	0.37
10500	0.38	0.4	0.4	0	0	0.38
10600	0.39	0.41	0.41	0	0	0.39
10700	0.4	0.41	0.41	0	0	0.4
10800	0.39	0.41	0.41	0	0	0.39
10900	0.39	0.4	0.4	0	0	0.39
11000	0.39	0.4	0.4	0	0	0.39
11100	0.39	0.41	0.41	0	0	0.39
11200	0.39	0.41	0.41	0	0	0.39
11300	0.4	0.4	0.4	0	0	0.4
11400	0.4	0.4	0.4	0	0	0.4
11500	0.4	0.41	0.41	0	0	0.4
11600	0.4	0.41	0.41	0	0	0.4
11700	0.4	0.42	0.42	0	0	0.4
11800	0.4	0.42	0.42	0	0	0.4
11900	0.41	0.42	0.42	0	0	0.41
12000	0.4	0.42	0.42	0	0	0.4
12100	0.39	0.42	0.42	0	0	0.39
12200	0.39	0.42	0.42	0	0	0.39
12300	0.39	0.42	0.42	0	0	0.39
12400	0.39	0.43	0.43	0	0	0.39
12500	0.39	0.43	0.43	0	0	0.39
12600	0.39	0.43	0.43	0	0	0.39
12700	0.39	0.43	0.43	0	0	0.39
12800	0.39	0.43	0.43	0	0	0.39
12900	0.38	0.43	0.43	0	0	0.38
13000	0.38	0.43	0.43	0	0	0.38
13100	0.39	0.44	0.44	0	0	0.39
13200	0.39	0.44	0.44	0	0	0.39
13300	0.39	0.44	0.44	0	0	0.39
13400	0.4	0.44	0.44	0	0	0.4
13500	0.39	0.45	0.45	0	0	0.39
13600	0.38	0.45	0.45	0	0	0.38
13700	0.38	0.45	0.45	0	0	0.38
13800	0.38	0.46	0.46	0	0	0.38
13900	0.39	0.47	0.47	0	0	0.39
14000	0.39	0.47	0.47	0	0	0.39
14100	0.39	0.47	0.47	0	0	0.39
14200	0.39	0.48	0.48	0	0	0.39
14300	0.39	0.47	0.47	0	0	0.39
14400	0.39	0.47	0.47	0	0	0.39
14500	0.39	0.47	0.47	0	0	0.39
14600	0.37	0.47	0.47	0	0	0.37
14700	0.37	0.46	0.46	0	0	0.37
14800	0.37	0.46	0.46	0	0	0.37
14900	0.36	0.46	0.46	0	0	0.36
15000	0.36	0.46	0.46	0	0	0.36
15100	0.36	0.46	0.46	0	0	0.36
15200	0.36	0.46	0.46	0	0	0.36
15300	0.36	0.46	0.46	0	0	0.36
15400	0.36	0.46	0.46	0	0	0.36
15500	0.36	0.46	0.46	0	0	0.36
15600	0.37	0.46	0.46	0	0	0.37
15700	0.37	0.46	0.46	0	0	0.37
15800	0.37	0.46	0.46	0	0	0.37
15900	0.37	0.46	0.46	0	0	0.37
16000	0.37	0.46	0.46	0	0	0.37
16100	0.37	0.46	0.46	0	0	0.37
16200	0.37	0.46	0.46	0	0	0.37
16300	0.37	0.45	0.45	0	0	0.37
16400	0.37	0.45	0.45	0	0	0.37
16500	0.37	0.45	0.45	0	0	0.37
16600	0.37	0.45	0.45	0	0	0.37
16700	0.37	0.46	0.46	0	0	0.37
16800	0.37	0.46	0.46	0	0	0.37
16900	0.38	0.46	0.46	0	0	0.38
17000	0.38	0.47	0.47	0	0	0.38
17100	0.38	0.46	0.46	0	0	0.38
17200	0.38	0.45	0.45	0	0	0.38
17300	0.38	0.46	0.46	0	0	0.38
17400	0.38	0.47	0.47	0	0	0.38
17500	0.38	0.47	0.47	0	0	0.38
17600	0.38	0.48	0.48	0	0	0.38
17700	0.39	0.48	0.48	0	0	0.39
17800	0.39	0.49	0.49	0	0	0.39
17900	0.39	0.49	0.49	0	0	0.39
18000	0.39	0.49	0.49	0	0	0.39
18100	0.39	0.49	0.49	0	0	0.39
18200	0.39	0.5	0.5	0	0	0.39
18300	0.4	0.5	0.5	0	0	0.4
18400	0.4	0.5	0.5	0	0	0.4
18500	0.4	0.5	0.5	0	0	0.4
18600	0.4	0.5	0.5	0	0	0.4
18700	0.4	0.5	0.5	0	0	0.4
18800	0.4	0.5	0.5	0	0	0.4
18900	0.4	0.5	0.5	0	0	0.4
19000	0.4	0.5	0.5	0	0	0.4
19100	0.4	0.5	0.5	0	0	0.4
19200	0.4	0.5	0.5	0	0	0.4
19300	0.4	0.5	0.5	0	0	0.4
19400	0.4	0.5	0.5	0	0	0.4
19500	0.4	0.5	0.5	0	0	0.4
19600	0.4	0.49	0.49	0	0	0.4
19700	0.4	0.49	0.49	0	0	0.4
19800	0.4	0.49	0.49	0	0	0.4
19900	0.4	0.49	0.49	0	0	0.4
20000	0.4	0.49	0.49	0	0	0.4
20100	0.4	0.49	0.49	0	0	0.4
20200	0.4	0.49	0.49	0	0	0.4
20300	0.4	0.49	0.49	0	0	0.4
20400	0.39	0.49	0.49	0	0	0.39
20500	0.39	0.49	0.49	0	0	0.39
20600	0.38	0.49	0.49	0	0	0.38
20700	0.39	0.5	0.5	0	0	0.39
20800	0.39	0.49	0.49	0	0	0.39
20900	0.39	0.49	0.49	0	0	0.39
21000	0.4	0.49	0.49	0	0	0.4
21100	0.4	0.49	0.49	0	0	0.4
21200	0.4	0.49	0.49	0	0	0.4
21300	0.39	0.49	0.49	0	0	0.39
21400	0.39	0.49	0.49	0	0	0.39
21500	0.39	0.49	0.49	0	0	0.39
21600	0.38	0.49	0.49	0	0	0.38
21700	0.38	0.49	0.49	0	0	0.38
21800	0.38	0.49	0.49	0	0	0.38
21900	0.38	0.49	0.49	0	0	0.38
22000	0.38	0.49	0.49	0	0	0.38
22100	0.38	0.49	0.49	0	0	0.38
22200	0.38	0.49	0.49	0	0	0.38
22300	0.38	0.49	0.49	0	0	0.38
22400	0.38	0.5	0.5	0	0	0.38
22500	0.38	0.49	0.49	0	0	0.38
22600	0.38	0.49	0.49	0	0	0.38
22700	0.38	0.49	0.49	0	0	0.38
22800	0.38	0.49	0.49	0	0	0.38
22900	0.39	0.49	0.49	0	0	0.39
23000	0.39	0.49	0.49	0	0	0.39
23100	0.39	0.48	0.48	0	0	0.39
23200	0.38	0.48	0.48	0	0	0.38
23300	0.38	0.48	0.48	0	0	0.38
23400	0.38	0.49	0.49	0	0	0.38
23500	0.38	0.49	0.49	0	0	0.38
23600	0.38	0.49	0.49	0	0	0.38
23700	0.38	0.49	0.49	0	0	0.38
23800	0.38	0.48	0.48	0	0	0.38
23900	0.38	0.48	0.48	0	0	0.38
24000	0.38	0.48	0.48	0	0	0.38
24100	0.38	0.49	0.49	0	0	0.38
24200	0.38	0.48	0.48	0	0	0.38
24300	0.38	0.48	0.48	0	0	0.38
24400	0.37	0.48	0.48	0	0	0.37
24500	0.37	0.49	0.49	0	0	0.37
24600	0.38	0.49	0.49	0	0	0.38
24700	0.38	0.49	0.49	0	0	0.38
24800	0.38	0.49	0.49	0	0	0.38
24900	0.38	0.49	0.49	0	0	0.38
25000	0.38	0.49	0.49	0	0	0.38
25100	0.38	0.47	0.47	0	0	0.38
25200	0.38	0.48	0.48	0	0	0.38
25300	0.37	0.48	0.48	0	0	0.37
25400	0.37	0.48	0.48	0	0	0.37
25500	0.37	0.48	0.48	0	0	0.37
25600	0.37	0.48	0.48	0	0	0.37
25700	0.37	0.48	0.48	0	0	0.37
25800	0.37	0.48	0.48	0	0	0.37
25900	0.37	0.48	0.48	0	0	0.37
26000	0.37	0.48	0.48	0	0	0.37
26100	0.37	0.48	0.48	0	0	0.37
26200	0.37	0.47	0.47	0	0	0.37
26300	0.37	0.47	0.47	0	0	0.37
26400	0.37	0.47	0.47	0	0	0.37
26500	0.37	0.48	0.48	0	0	0.37
26600	0.37	0.48	0.48	0	0	0.37
26700	0.37	0.48	0.48	0	0	0.37
26800	0.37	0.48	0.48	0	0	0.37
26900	0.37	0.48	0.48	0	0	0.37
27000	0.37	0.49	0.49	0	0	0.37
27100	0.37	0.49	0.49	0	0	0.37
27200	0.37	0.5	0.5	0	0	0.37
27300	0.37	0.5	0.5	0	0	0.37
27400	0.37	0.49	0.49	0	0	0.37
27500	0.37	0.49	0.49	0	0	0.37
27600	0.37	0.49	0.49	0	0	0.37
27700	0.37	0.49	0.49	0	0	0.37
27800	0.37	0.49	0.49	0	0	0.37
27900	0.37	0.49	0.49	0	0	0.37
28000	0.37	0.49	0.49	0	0	0.37
28100	0.37	0.49	0.49	0	0	0.37
28200	0.38	0.49	0.49	0	0	0.38
28300	0.38	0.49	0.49	0	0	0.38
28400	0.38	0.49	0.49	0	0	0.38
28500	0.38	0.5	0.5	0	0	0.38
28600	0.38	0.5	0.5	0	0	0.38
28700	0.38	0.5	0.5	0	0	0.38
28800	0.39	0.5	0.5	0	0	0.39
28900	0.39	0.51	0.51	0	0	0.39
29000	0.39	0.51	0.51	0	0	0.39
29100	0.39	0.51	0.51	0	0	0.39
29200	0.39	0.51	0.51	0	0	0.39
29300	0.39	0.51	0.51	0	0	0.39
29400	0.39	0.51	0.51	0	0	0.39
29500	0.39	0.51	0.51	0	0	0.39
29600	0.38	0.51	0.51	0	0	0.38
29700	0.37	0.51	0.51	0	0	0.37
29800	0.38	0.5	0.5	0	0	0.38
29900	0.38	0.5	0.5	0	0	0.38
30000	0.39	0.5	0.5	0	0	0.39
30100	0.38	0.5	0.5	0	0	0.38
30200	0.38	0.5	0.5	0	0	0.38
30300	0.38	0.48	0.48	0	0	0.38
30400	0.38	0.48	0.48	0	0	0.38
30500	0.38	0.48	0.48	0	0	0.38
30600	0.39	0.48	0.48	0	0	0.39
30700	0.39	0.48	0.48	0	0	0.39
30800	0.38	0.48	0.48	0	0	0.38
30900	0.38	0.48	0.48	0	0	0.38
31000	0.38	0.48	0.48	0	0	0.38
31100	0.38	0.49	0.49	0	0	0.38
31200	0.38	0.49	0.49	0	0	0.38
31300	0.38	0.49	0.49	0	0	0.38
31400	0.38	0.49	0.49	0	0	0.38
31500	0.38	0.49	0.49	0	0	0.38
31600	0.38	0.49	0.49	0	0	0.38
31700	0.38	0.49	0.49	0	0	0.38
31800	0.38	0.49	0.49	0	0	0.38
31900	0.38	0.49	0.49	0	0	0.38
32000	0.38	0.5	0.5	0	0	0.38
32100	0.38	0.5	0.5	0	0	0.38
32200	0.38	0.5	0.5	0	0	0.38
32300	0.38	0.51	0.51	0	0	0.38
32400	0.38	0.51	0.51	0	0	0.38
32500	0.38	0.51	0.51	0	0	0.38
32600	0.38	0.52	0.52	0	0	0.38
32700	0.38	0.51	0.51	0	0	0.38
32800	0.37	0.51	0.51	0	0	0.37
32900	0.37	0.51	0.51	0	0	0.37
33000	0.37	0.52	0.52	0	0	0.37
33100	0.37	0.52	0.52	0	0	0.37
33200	0.37	0.52	0.52	0	0	0.37
33300	0.37	0.52	0.52	0	0	0.37
33400	0.37	0.52	0.52	0	0	0.37
33500	0.37	0.52	0.52	0	0	0.37
33600	0.37	0.53	0.53	0	0	0.37
33700	0.37	0.53	0.53	0	0	0.37
33800	0.37	0.53	0.53	0	0	0.37
33900	0.37	0.53	0.53	0	0	0.37
34000	0.37	0.54	0.54	0	0	0.37
34100	0.38	0.53	0.53	0	0	0.38
34200	0.38	0.52	0.52	0	0	0.38
34300	0.38	0.52	0.52	0	0	0.38
34400	0.37	0.52	0.52	0	0	0.37
34500	0.37	0.52	0.52	0	0	0.37
34600	0.37	0.52	0.52	0	0	0.37
34700	0.37	0.52	0.52	0	0	0.37
34800	0.37	0.52	0.52	0	0	0.37
34900	0.37	0.52	0.52	0	0	0.37
35000	0.37	0.52	0.52	0	0	0.37
35100	0.37	0.52	0.52	0	0	0.37
35200	0.37	0.52	0.52	0	0	0.37
35300	0.37	0.52	0.52	0	0	0.37
35400	0.37	0.52	0.52	0	0	0.37
35500	0.37	0.52	0.52	0	0	0.37
35600	0.37	0.52	0.52	0	0	0.37
35700	0.37	0.52	0.52	0	0	0.37
35800	0.37	0.52	0.52	0	0	0.37
35900	0.37	0.52	0.52	0	0	0.37
36000	0.37	0.52	0.52	0	0	0.37
36100	0.37	0.52	0.52	0	0	0.37
36200	0.37	0.52	0.52	0	0	0.37
36300	0.37	0.52	0.52	0	0	0.37
36400	0.37	0.52	0.52	0	0	0.37
36500	0.37	0.53	0.53	0	0	0.37
36600	0.37	0.53	0.53	0	0	0.37
36700	0.37	0.53	0.53	0	0	0.37
36800	0.37	0.53	0.53	0	0	0.37
36900	0.37	0.53	0.53	0	0	0.37
37000	0.37	0.53	0.53	0	0	0.37
37100	0.36	0.53	0.53	0	0	0.36
37200	0.36	0.53	0.53	0	0	0.36
37300	0.36	0.52	0.52	0	0	0.36
37400	0.36	0.52	0.52	0	0	0.36
37500	0.36	0.52	0.52	0	0	0.36
37600	0.36	0.52	0.52	0	0	0.36
37700	0.36	0.52	0.52	0	0	0.36
37800	0.36	0.52	0.52	0	0	0.36
37900	0.36	0.52	0.52	0	0	0.36
38000	0.36	0.52	0.52	0	0	0.36
38100	0.36	0.51	0.51	0	0	0.36
38200	0.36	0.51	0.51	0	0	0.36
38300	0.36	0.51	0.51	0	0	0.36
38400	0.36	0.51	0.51	0	0	0.36
38500	0.36	0.51	0.51	0	0	0.36
38600	0.36	0.51	0.51	0	0	0.36
38700	0.36	0.51	0.51	0	0	0.36
38800	0.36	0.51	0.51	0	0	0.36
38900	0.36	0.53	0.53	0	0	0.36
39000	0.36	0.52	0.52	0	0	0.36
39100	0.36	0.52	0.52	0	0	0.36
39200	0.36	0.52	0.52	0	0	0.36
39300	0.36	0.52	0.52	0	0	0.36
39400	0.37	0.52	0.52	0	0	0.37
39500	0.37	0.52	0.52	0	0	0.37
39600	0.37	0.52	0.52	0	0	0.37
39700	0.37	0.52	0.52	0	0	0.37
39800	0.37	0.52	0.52	0	0	0.37
39900	0.37	0.52	0.52	0	0	0.37
40000	0.37	0.52	0.52	0	0	0.37
40100	0.37	0.52	0.52	0	0	0.37
40200	0.37	0.53	0.53	0	0	0.37
40300	0.37	0.53	0.53	0	0	0.37
40400	0.37	0.53	0.53	0	0	0.37
40500	0.37	0.53	0.53	0	0	0.37
40600	0.37	0.53	0.53	0	0	0.37
40700	0.37	0.53	0.53	0	0	0.37
40800	0.38	0.53	0.53	0	0	0.38
40900	0.38	0.53	0.53	0	0	0.38
41000	0.38	0.52	0.52	0	0	0.38
41100	0.38	0.51	0.51	0	0	0.38
41200	0.38	0.51	0.51	0	0	0.38
41300	0.38	0.51	0.51	0	0	0.38
41400	0.38	0.51	0.51	0	0	0.38
41500	0.38	0.51	0.51	0	0	0.38
41600	0.38	0.51	0.51	0	0	0.38
41700	0.38	0.51	0.51	0	0	0.38
41800	0.38	0.51	0.51	0	0	0.38
41900	0.38	0.52	0.52	0	0	0.38
42000	0.38	0.53	0.53	0	0	0.38
42100	0.38	0.53	0.53	0	0	0.38
42200	0.38	0.53	0.53	0	0	0.38
42300	0.38	0.52	0.52	0	0	0.38
42400	0.38	0.52	0.52	0	0	0.38
42500	0.38	0.52	0.52	0	0	0.38
42600	0.38	0.52	0.52	0	0	0.38
42700	0.38	0.52	0.52	0	0	0.38
42800	0.38	0.52	0.52	0	0	0.38
42900	0.38	0.52	0.52	0	0	0.38
43000	0.38	0.51	0.51	0	0	0.38
43100	0.38	0.51	0.51	0	0	0.38
43200	0.38	0.52	0.52	0	0	0.38
43300	0.38	0.52	0.52	0	0	0.38
43400	0.38	0.52	0.52	0	0	0.38
43500	0.39	0.51	0.51	0	0	0.39
43600	0.39	0.51	0.51	0	0	0.39
43700	0.39	0.52	0.52	0	0	0.39
43800	0.39	0.52	0.52	0	0	0.39
43900	0.38	0.52	0.52	0	0	0.38
44000	0.38	0.52	0.52	0	0	0.38
44100	0.38	0.52	0.52	0	0	0.38
44200	0.38	0.53	0.53	0	0	0.38
44300	0.38	0.53	0.53	0	0	0.38
44400	0.38	0.53	0.53	0	0	0.38
44500	0.38	0.53	0.53	0	0	0.38
44600	0.37	0.53	0.53	0	0	0.37
44700	0.37	0.53	0.53	0	0	0.37
44800	0.37	0.52	0.52	0	0	0.37
44900	0.37	0.52	0.52	0	0	0.37
45000	0.37	0.53	0.53	0	0	0.37
45100	0.37	0.53	0.53	0	0	0.37
45200	0.37	0.52	0.52	0	0	0.37
45300	0.37	0.52	0.52	0	0	0.37
45400	0.37	0.51	0.51	0	0	0.37
45500	0.37	0.51	0.51	0	0	0.37
45600	0.37	0.51	0.51	0	0	0.37
45700	0.37	0.51	0.51	0	0	0.37
45800	0.38	0.51	0.51	0	0	0.38
45900	0.38	0.51	0.51	0	0	0.38
46000	0.38	0.5	0.5	0	0	0.38
46100	0.38	0.5	0.5	0	0	0.38
46200	0.38	0.49	0.49	0	0	0.38
46300	0.38	0.49	0.49	0	0	0.38
46400	0.38	0.49	0.49	0	0	0.38
46500	0.38	0.49	0.49	0	0	0.38
46600	0.38	0.49	0.49	0	0	0.38
46700	0.38	0.48	0.48	0	0	0.38
46800	0.38	0.48	0.48	0	0	0.38
46900	0.38	0.49	0.49	0	0	0.38
47000	0.38	0.49	0.49	0	0	0.38
47100	0.38	0.48	0.48	0	0	0.38
47200	0.38	0.48	0.48	0	0	0.38
47300	0.38	0.48	0.48	0	0	0.38
47400	0.38	0.48	0.48	0	0	0.38
47500	0.38	0.49	0.49	0	0	0.38
47600	0.38	0.48	0.48	0	0	0.38
47700	0.38	0.48	0.48	0	0	0.38
47800	0.38	0.48	0.48	0	0	0.38
47900	0.38	0.5	0.5	0	0	0.38
48000	0.38	0.5	0.5	0	0	0.38
48100	0.38	0.49	0.49	0	0	0.38
48200	0.38	0.49	0.49	0	0	0.38
48300	0.38	0.49	0.49	0	0	0.38
48400	0.38	0.49	0.49	0	0	0.38
48500	0.38	0.49	0.49	0	0	0.38
48600	0.38	0.5	0.5	0	0	0.38
48700	0.38	0.5	0.5	0	0	0.38
48800	0.38	0.5	0.5	0	0	0.38
48900	0.38	0.5	0.5	0	0	0.38
49000	0.38	0.5	0.5	0	0	0.38
49100	0.38	0.5	0.5	0	0	0.38
49200	0.38	0.49	0.49	0	0	0.38
49300	0.38	0.49	0.49	0	0	0.38
49400	0.38	0.48	0.48	0	0	0.38
49500	0.38	0.48	0.48	0	0	0.38
49600	0.38	0.48	0.48	0	0	0.38
49700	0.38	0.48	0.48	0	0	0.38
49800	0.38	0.48	0.48	0	0	0.38
49900	0.38	0.48	0.48	0	0	0.38
50000	0.38	0.48	0.48	0	0	0.38
50100	0.38	0.49	0.49	0	0	0.38
50200	0.38	0.49	0.49	0	0	0.38
50300	0.38	0.49	0.49	0	0	0.38
50400	0.38	0.49	0.49	0	0	0.38
50500	0.38	0.49	0.49	0	0	0.38
50600	0.38	0.49	0.49	0	0	0.38
50700	0.38	0.48	0.48	0	0	0.38
50800	0.38	0.47	0.47	0	0	0.38
50900	0.38	0.46	0.46	0	0	0.38
51000	0.38	0.46	0.46	0	0	0.38
51100	0.38	0.46	0.46	0	0	0.38
51200	0.38	0.46	0.46	0	0	0.38
51300	0.38	0.46	0.46	0	0	0.38
51400	0.38	0.46	0.46	0	0	0.38
51500	0.38	0.46	0.46	0	0	0.38
51600	0.38	0.46	0.46	0	0	0.38
51700	0.38	0.46	0.46	0	0	0.38
51800	0.39	0.46	0.46	0	0	0.39
51900	0.39	0.46	0.46	0	0	0.39
52000	0.39	0.46	0.46	0	0	0.39
52100	0.39	0.46	0.46	0	0	0.39
52200	0.39	0.47	0.47	0	0	0.39
52300	0.39	0.47	0.47	0	0	0.39
52400	0.4	0.47	0.47	0	0	0.4
52500	0.4	0.47	0.47	0	0	0.4
52600	0.39	0.46	0.46	0	0	0.39
52700	0.39	0.46	0.46	0	0	0.39
52800	0.39	0.46	0.46	0	0	0.39
52900	0.39	0.46	0.46	0	0	0.39
53000	0.39	0.46	0.46	0	0	0.39
53100	0.4	0.46	0.46	0	0	0.4
53200	0.4	0.45	0.45	0	0	0.4
53300	0.4	0.45	0.45	0	0	0.4
53400	0.4	0.45	0.45	0	0	0.4
53500	0.4	0.45	0.45	0	0	0.4
53600	0.4	0.45	0.45	0	0	0.4
53700	0.4	0.45	0.45	0	0	0.4
53800	0.4	0.45	0.45	0	0	0.4
53900	0.4	0.45	0.45	0	0	0.4
54000	0.4	0.45	0.45	0	0	0.4
54100	0.4	0.45	0.45	0	0	0.4
54200	0.4	0.45	0.45	0	0	0.4
54300	0.41	0.45	0.45	0	0	0.41
54400	0.41	0.45	0.45	0	0	0.41
54500	0.41	0.46	0.46	0	0	0.41
54600	0.41	0.45	0.45	0	0	0.41
54700	0.41	0.45	0.45	0	0	0.41
54800	0.41	0.45	0.45	0	0	0.41
54900	0.41	0.45	0.45	0	0	0.41
55000	0.41	0.45	0.45	0	0	0.41
55100	0.41	0.45	0.45	0	0	0.41
55200	0.41	0.45	0.45	0	0	0.41
55300	0.41	0.45	0.45	0	0	0.41
55400	0.41	0.45	0.45	0	0	0.41
55500	0.41	0.45	0.45	0	0	0.41
55600	0.41	0.45	0.45	0	0	0.41
55700	0.41	0.45	0.45	0	0	0.41
55800	0.41	0.45	0.45	0	0	0.41
55900	0.41	0.45	0.45	0	0	0.41
56000	0.41	0.46	0.46	0	0	0.41
56100	0.41	0.46	0.46	0	0	0.41
56200	0.41	0.46	0.46	0	0	0.41
56300	0.41	0.46	0.46	0	0	0.41
56400	0.41	0.46	0.46	0	0	0.41
56500	0.41	0.46	0.46	0	0	0.41
56600	0.41	0.46	0.46	0	0	0.41
56700	0.41	0.46	0.46	0	0	0.41
56800	0.41	0.46	0.46	0	0	0.41
56900	0.41	0.46	0.46	0	0	0.41
57000	0.4	0.46	0.46	0	0	0.4
57100	0.4	0.46	0.46	0	0	0.4
57200	0.4	0.47	0.47	0	0	0.4
57300	0.4	0.47	0.47	0	0	0.4
57400	0.4	0.47	0.47	0	0	0.4
57500	0.4	0.47	0.47	0	0	0.4
57600	0.4	0.47	0.47	0	0	0.4
57700	0.4	0.47	0.47	0	0	0.4
57800	0.4	0.47	0.47	0	0	0.4
57900	0.4	0.47	0.47	0	0	0.4
58000	0.4	0.47	0.47	0	0	0.4
58100	0.4	0.47	0.47	0	0	0.4
58200	0.4	0.47	0.47	0	0	0.4
58300	0.4	0.47	0.47	0	0	0.4
58400	0.4	0.47	0.47	0	0	0.4
58500	0.4	0.47	0.47	0	0	0.4
58600	0.4	0.47	0.47	0	0	0.4
58700	0.4	0.46	0.46	0	0	0.4
58800	0.4	0.46	0.46	0	0	0.4
58900	0.4	0.46	0.46	0	0	0.4
59000	0.4	0.46	0.46	0	0	0.4
59100	0.4	0.46	0.46	0	0	0.4
59200	0.4	0.46	0.46	0	0	0.4
59300	0.4	0.46	0.46	0	0	0.4
59400	0.4	0.46	0.46	0	0	0.4
59500	0.39	0.46	0.46	0	0	0.39
59600	0.4	0.46	0.46	0	0	0.4
59700	0.4	0.46	0.46	0	0	0.4
59800	0.4	0.46	0.46	0	0	0.4
59900	0.41	0.47	0.47	0	0	0.41
60000	0.41	0.46	0.46	0	0	0.41
60100	0.41	0.46	0.46	0	0	0.41
60200	0.41	0.46	0.46	0	0	0.41
60300	0.41	0.46	0.46	0	0	0.41
60400	0.41	0.47	0.47	0	0	0.41
60500	0.41	0.47	0.47	0	0	0.41
60600	0.41	0.47	0.47	0	0	0.41
60700	0.41	0.47	0.47	0	0	0.41
60800	0.41	0.47	0.47	0	0	0.41
60900	0.41	0.47	0.47	0	0	0.41
61000	0.42	0.47	0.47	0	0	0.42
61100	0.42	0.47	0.47	0	0	0.42
61200	0.42	0.47	0.47	0	0	0.42
61300	0.42	0.47	0.47	0	0	0.42
61400	0.42	0.47	0.47	0	0	0.42
61500	0.42	0.47	0.47	0	0	0.42
61600	0.42	0.47	0.47	0	0	0.42
61700	0.42	0.47	0.47	0	0	0.42
61800	0.42	0.47	0.47	0	0	0.42
61900	0.41	0.47	0.47	0	0	0.41
62000	0.41	0.47	0.47	0	0	0.41
62100	0.41	0.47	0.47	0	0	0.41
62200	0.41	0.47	0.47	0	0	0.41
62300	0.41	0.47	0.47	0	0	0.41
62400	0.41	0.47	0.47	0	0	0.41
62500	0.41	0.47	0.47	0	0	0.41
62600	0.41	0.47	0.47	0	0	0.41
62700	0.41	0.47	0.47	0	0	0.41
62800	0.41	0.47	0.47	0	0	0.41
62900	0.42	0.47	0.47	0	0	0.42
63000	0.42	0.48	0.48	0	0	0.42
63100	0.42	0.48	0.48	0	0	0.42
63200	0.42	0.48	0.48	0	0	0.42
63300	0.42	0.48	0.48	0	0	0.42
63400	0.42	0.48	0.48	0	0	0.42
63500	0.42	0.48	0.48	0	0	0.42
63600	0.42	0.48	0.48	0	0	0.42
63700	0.42	0.48	0.48	0	0	0.42
63800	0.42	0.48	0.48	0	0	0.42
63900	0.42	0.48	0.48	0	0	0.42
64000	0.42	0.48	0.48	0	0	0.42
64100	0.42	0.48	0.48	0	0	0.42
64200	0.41	0.48	0.48	0	0	0.41
64300	0.41	0.48	0.48	0	0	0.41
64400	0.41	0.48	0.48	0	0	0.41
64500	0.41	0.48	0.48	0	0	0.41
64600	0.41	0.48	0.48	0	0	0.41
64700	0.41	0.48	0.48	0	0	0.41
64800	0.41	0.48	0.48	0	0	0.41
64900	0.41	0.48	0.48	0	0	0.41
65000	0.41	0.48	0.48	0	0	0.41
65100	0.41	0.48	0.48	0	0	0.41
65200	0.41	0.48	0.48	0	0	0.41
65300	0.41	0.48	0.48	0	0	0.41
65400	0.41	0.48	0.48	0	0	0.41
65500	0.41	0.48	0.48	0	0	0.41
65600	0.41	0.48	0.48	0	0	0.41
65700	0.4	0.48	0.48	0	0	0.4
65800	0.4	0.48	0.48	0	0	0.4
65900	0.4	0.48	0.48	0	0	0.4
66000	0.4	0.48	0.48	0	0	0.4
66100	0.39	0.48	0.48	0	0	0.39
66200	0.39	0.48	0.48	0	0	0.39
66300	0.39	0.48	0.48	0	0	0.39
66400	0.39	0.48	0.48	0	0	0.39
66500	0.39	0.48	0.48	0	0	0.39
66600	0.39	0.48	0.48	0	0	0.39
66700	0.39	0.48	0.48	0	0	0.39
66800	0.39	0.48	0.48	0	0	0.39
66900	0.39	0.49	0.49	0	0	0.39
67000	0.39	0.49	0.49	0	0	0.39
67100	0.38	0.49	0.49	0	0	0.38
67200	0.38	0.49	0.49	0	0	0.38
67300	0.38	0.49	0.49	0	0	0.38
67400	0.38	0.49	0.49	0	0	0.38
67500	0.38	0.49	0.49	0	0	0.38
67600	0.38	0.49	0.49	0	0	0.38
67700	0.38	0.5	0.5	0	0	0.38
67800	0.38	0.5	0.5	0	0	0.38
67900	0.38	0.5	0.5	0	0	0.38
68000	0.4	0.49	0.49	0	0	0.4
68100	0.4	0.49	0.49	0	0	0.4
68200	0.4	0.49	0.49	0	0	0.4
68300	0.4	0.49	0.49	0	0	0.4
68400	0.4	0.49	0.49	0	0	0.4
68500	0.4	0.49	0.49	0	0	0.4
68600	0.39	0.49	0.49	0	0	0.39
68700	0.38	0.49	0.49	0	0	0.38
68800	0.38	0.49	0.49	0	0	0.38
68900	0.38	0.49	0.49	0	0	0.38
69000	0.38	0.49	0.49	0	0	0.38
69100	0.38	0.49	0.49	0	0	0.38
69200	0.39	0.49	0.49	0	0	0.39
69300	0.39	0.49	0.49	0	0	0.39
69400	0.39	0.49	0.49	0	0	0.39
69500	0.39	0.49	0.49	0	0	0.39
69600	0.39	0.49	0.49	0	0	0.39
69700	0.39	0.49	0.49	0	0	0.39
69800	0.39	0.49	0.49	0	0	0.39
69900	0.39	0.5	0.5	0	0	0.39
70000	0.39	0.5	0.5	0	0	0.39
70100	0.39	0.5	0.5	0	0	0.39
70200	0.4	0.5	0.5	0	0	0.4
70300	0.4	0.51	0.51	0	0	0.4
70400	0.4	0.51	0.51	0	0	0.4
70500	0.4	0.51	0.51	0	0	0.4
70600	0.41	0.51	0.51	0	0	0.41
70700	0.41	0.51	0.51	0	0	0.41
70800	0.41	0.51	0.51	0	0	0.41
70900	0.41	0.51	0.51	0	0	0.41
71000	0.41	0.51	0.51	0	0	0.41
71100	0.41	0.51	0.51	0	0	0.41
71200	0.41	0.51	0.51	0	0	0.41
71300	0.41	0.51	0.51	0	0	0.41
71400	0.41	0.51	0.51	0	0	0.41
71500	0.41	0.51	0.51	0	0	0.41
71600	0.41	0.5	0.5	0	0	0.41
71700	0.41	0.5	0.5	0	0	0.41
71800	0.41	0.51	0.51	0	0	0.41
71900	0.41	0.51	0.51	0	0	0.41
72000	0.41	0.51	0.51	0	0	0.41
72100	0.4	0.51	0.51	0	0	0.4
72200	0.4	0.51	0.51	0	0	0.4
72300	0.4	0.51	0.51	0	0	0.4
72400	0.4	0.51	0.51	0	0	0.4
72500	0.4	0.51	0.51	0	0	0.4
72600	0.4	0.51	0.51	0	0	0.4
72700	0.4	0.51	0.51	0	0	0.4
72800	0.4	0.51	0.51	0	0	0.4
72900	0.4	0.51	0.51	0	0	0.4
73000	0.4	0.51	0.51	0	0	0.4
73100	0.4	0.51	0.51	0	0	0.4
73200	0.4	0.51	0.51	0	0	0.4
73300	0.4	0.51	0.51	0	0	0.4
73400	0.4	0.51	0.51	0	0	0.4
73500	0.4	0.51	0.51	0	0	0.4
73600	0.4	0.51	0.51	0	0	0.4
73700	0.4	0.52	0.52	0	0	0.4
73800	0.4	0.52	0.52	0	0	0.4
73900	0.4	0.52	0.52	0	0	0.4
74000	0.4	0.52	0.52	0	0	0.4
74100	0.4	0.52	0.52	0	0	0.4
74200	0.4	0.52	0.52	0	0	0.4
74300	0.4	0.52	0.52	0	0	0.4
74400	0.4	0.53	0.53	0	0	0.4
74500	0.4	0.53	0.53	0	0	0.4
74600	0.4	0.53	0.53	0	0	0.4
74700	0.41	0.53	0.53	0	0	0.41
74800	0.41	0.53	0.53	0	0	0.41
74900	0.41	0.53	0.53	0	0	0.41
75000	0.41	0.53	0.53	0	0	0.41
75100	0.41	0.53	0.53	0	0	0.41
75200	0.41	0.53	0.53	0	0	0.41
75300	0.42	0.53	0.53	0	0	0.42
75400	0.42	0.53	0.53	0	0	0.42
75500	0.42	0.53	0.53	0	0	0.42
75600	0.42	0.53	0.53	0	0	0.42
75700	0.42	0.53	0.53	0	0	0.42
75800	0.42	0.53	0.53	0	0	0.42
75900	0.41	0.53	0.53	0	0	0.41
76000	0.41	0.53	0.53	0	0	0.41
76100	0.41	0.53	0.53	0	0	0.41
76200	0.41	0.53	0.53	0	0	0.41
76300	0.41	0.53	0.53	0	0	0.41
76400	0.41	0.53	0.53	0	0	0.41
76500	0.41	0.53	0.53	0	0	0.41
76600	0.41	0.53	0.53	0	0	0.41
76700	0.41	0.53	0.53	0	0	0.41
76800	0.41	0.52	0.52	0	0	0.41
76900	0.41	0.52	0.52	0	0	0.41
77000	0.41	0.52	0.52	0	0	0.41
77100	0.41	0.52	0.52	0	0	0.41
77200	0.41	0.52	0.52	0	0	0.41
77300	0.41	0.52	0.52	0	0	0.41
77400	0.41	0.52	0.52	0	0	0.41
77500	0.41	0.52	0.52	0	0	0.41
77600	0.41	0.52	0.52	0	0	0.41
77700	0.41	0.52	0.52	0	0	0.41
77800	0.41	0.53	0.53	0	0	0.41
77900	0.41	0.53	0.53	0	0	0.41
78000	0.41	0.53	0.53	0	0	0.41
78100	0.41	0.53	0.53	0	0	0.41
78200	0.41	0.53	0.53	0	0	0.41
78300	0.41	0.53	0.53	0	0	0.41
78400	0.41	0.53	0.53	0	0	0.41
78500	0.41	0.53	0.53	0	0	0.41
78600	0.42	0.53	0.53	0	0	0.42
78700	0.42	0.53	0.53	0	0	0.42
78800	0.42	0.52	0.52	0	0	0.42
78900	0.42	0.52	0.52	0	0	0.42
79000	0.42	0.52	0.52	0	0	0.42
79100	0.42	0.51	0.51	0	0	0.42
79200	0.42	0.51	0.51	0	0	0.42
79300	0.42	0.51	0.51	0	0	0.42
79400	0.42	0.51	0.51	0	0	0.42
79500	0.42	0.51	0.51	0	0	0.42
79600	0.42	0.51	0.51	0	0	0.42
79700	0.42	0.52	0.52	0	0	0.42
79800	0.42	0.52	0.52	0	0	0.42
79900	0.42	0.52	0.52	0	0	0.42
80000	0.42	0.52	0.52	0	0	0.42
80100	0.42	0.52	0.52	0	0	0.42
80200	0.42	0.52	0.52	0	0	0.42
80300	0.42	0.52	0.52	0	0	0.42
80400	0.42	0.52	0.52	0	0	0.42
80500	0.42	0.52	0.52	0	0	0.42
80600	0.42	0.52	0.52	0	0	0.42
80700	0.42	0.51	0.51	0	0	0.42
80800	0.42	0.51	0.51	0	0	0.42
80900	0.42	0.51	0.51	0	0	0.42
81000	0.42	0.51	0.51	0	0	0.42
81100	0.42	0.52	0.52	0	0	0.42
81200	0.42	0.52	0.52	0	0	0.42
81300	0.42	0.52	0.52	0	0	0.42
81400	0.42	0.51	0.51	0	0	0.42
81500	0.42	0.51	0.51	0	0	0.42
81600	0.42	0.51	0.51	0	0	0.42
81700	0.42	0.51	0.51	0	0	0.42
81800	0.42	0.51	0.51	0	0	0.42
81900	0.42	0.51	0.51	0	0	0.42
82000	0.42	0.51	0.51	0	0	0.42
82100	0.42	0.51	0.51	0	0	0.42
82200	0.42	0.51	0.51	0	0	0.42
82300	0.42	0.51	0.51	0	0	0.42
82400	0.42	0.51	0.51	0	0	0.42
82500	0.42	0.51	0.51	0	0	0.42
82600	0.42	0.51	0.51	0	0	0.42
82700	0.42	0.51	0.51	0	0	0.42
82800	0.42	0.51	0.51	0	0	0.42
82900	0.42	0.51	0.51	0	0	0.42
83000	0.42	0.51	0.51	0	0	0.42
83100	0.42	0.51	0.51	0	0	0.42
83200	0.42	0.51	0.51	0	0	0.42
83300	0.42	0.51	0.51	0	0	0.42
83400	0.42	0.52	0.52	0	0	0.42
83500	0.42	0.52	0.52	0	0	0.42
83600	0.42	0.52	0.52	0	0	0.42
83700	0.41	0.52	0.52	0	0	0.41
83800	0.41	0.52	0.52	0	0	0.41
83900	0.41	0.52	0.52	0	0	0.41
84000	0.41	0.52	0.52	0	0	0.41
84100	0.41	0.52	0.52	0	0	0.41
84200	0.42	0.52	0.52	0	0	0.42
84300	0.42	0.52	0.52	0	0	0.42
84400	0.42	0.52	0.52	0	0	0.42
84500	0.42	0.52	0.52	0	0	0.42
84600	0.42	0.52	0.52	0	0	0.42
84700	0.42	0.52	0.52	0	0	0.42
84800	0.41	0.52	0.52	0	0	0.41
84900	0.41	0.52	0.52	0	0	0.41
85000	0.4	0.52	0.52	0	0	0.4
85100	0.4	0.52	0.52	0	0	0.4
85200	0.4	0.52	0.52	0	0	0.4
85300	0.4	0.52	0.52	0	0	0.4
85400	0.4	0.52	0.52	0	0	0.4
85500	0.4	0.52	0.52	0	0	0.4
85600	0.4	0.52	0.52	0	0	0.4
85700	0.4	0.52	0.52	0	0	0.4
85800	0.4	0.52	0.52	0	0	0.4
85900	0.4	0.52	0.52	0	0	0.4
86000	0.4	0.52	0.52	0	0	0.4
86100	0.4	0.52	0.52	0	0	0.4
86200	0.4	0.52	0.52	0	0	0.4
86300	0.4	0.52	0.52	0	0	0.4
86400	0.4	0.52	0.52	0	0	0.4
86500	0.4	0.52	0.52	0	0	0.4
86600	0.4	0.52	0.52	0	0	0.4
86700	0.4	0.52	0.52	0	0	0.4
86800	0.4	0.52	0.52	0	0	0.4
86900	0.42	0.52	0.52	0	0	0.42
87000	0.42	0.52	0.52	0	0	0.42
87100	0.42	0.51	0.51	0	0	0.42
87200	0.42	0.51	0.51	0	0	0.42
87300	0.42	0.51	0.51	0	0	0.42
87400	0.42	0.51	0.51	0	0	0.42
87500	0.43	0.51	0.51	0	0	0.43
87600	0.43	0.51	0.51	0	0	0.43
87700	0.43	0.51	0.51	0	0	0.43
87800	0.43	0.51	0.51	0	0	0.43
87900	0.43	0.51	0.51	0	0	0.43
88000	0.43	0.51	0.51	0	0	0.43
88100	0.43	0.51	0.51	0	0	0.43
88200	0.43	0.51	0.51	0	0	0.43
88300	0.43	0.51	0.51	0	0	0.43
88400	0.43	0.51	0.51	0	0	0.43
88500	0.43	0.51	0.51	0	0	0.43
88600	0.43	0.51	0.51	0	0	0.43
88700	0.43	0.51	0.51	0	0	0.43
88800	0.43	0.51	0.51	0	0	0.43
88900	0.43	0.51	0.51	0	0	0.43
89000	0.43	0.51	0.51	0	0	0.43
89100	0.43	0.51	0.51	0	0	0.43
89200	0.43	0.51	0.51	0	0	0.43
89300	0.43	0.51	0.51	0	0	0.43
89400	0.43	0.51	0.51	0	0	0.43
89500	0.43	0.51	0.51	0	0	0.43
89600	0.43	0.51	0.51	0	0	0.43
89700	0.43	0.51	0.51	0	0	0.43
89800	0.43	0.51	0.51	0	0	0.43
89900	0.43	0.51	0.51	0	0	0.43
90000	0.43	0.51	0.51	0	0	0.43
90100	0.43	0.51	0.51	0	0	0.43
90200	0.43	0.51	0.51	0	0	0.43
90300	0.43	0.51	0.51	0	0	0.43
90400	0.44	0.51	0.51	0	0	0.44
90500	0.44	0.51	0.51	0	0	0.44
90600	0.44	0.51	0.51	0	0	0.44
90700	0.44	0.51	0.51	0	0	0.44
90800	0.44	0.51	0.51	0	0	0.44
90900	0.44	0.51	0.51	0	0	0.44
91000	0.44	0.51	0.51	0	0	0.44
91100	0.44	0.51	0.51	0	0	0.44
91200	0.44	0.51	0.51	0	0	0.44
91300	0.44	0.51	0.51	0	0	0.44
91400	0.44	0.51	0.51	0	0	0.44
91500	0.44	0.51	0.51	0	0	0.44
91600	0.44	0.51	0.51	0	0	0.44
91700	0.44	0.51	0.51	0	0	0.44
91800	0.44	0.52	0.52	0	0	0.44
91900	0.43	0.52	0.52	0	0	0.43
92000	0.43	0.52	0.52	0	0	0.43
92100	0.43	0.52	0.52	0	0	0.43
92200	0.42	0.52	0.52	0	0	0.42
92300	0.42	0.52	0.52	0	0	0.42
92400	0.42	0.52	0.52	0	0	0.42
92500	0.42	0.52	0.52	0	0	0.42
92600	0.42	0.52	0.52	0	0	0.42
92700	0.42	0.52	0.52	0	0	0.42
92800	0.42	0.52	0.52	0	0	0.42
92900	0.43	0.52	0.52	0	0	0.43
93000	0.43	0.52	0.52	0	0	0.43
93100	0.42	0.52	0.52	0	0	0.42
93200	0.42	0.52	0.52	0	0	0.42
93300	0.42	0.51	0.51	0	0	0.42
93400	0.42	0.51	0.51	0	0	0.42
93500	0.42	0.51	0.51	0	0	0.42
93600	0.42	0.51	0.51	0	0	0.42
93700	0.42	0.51	0.51	0	0	0.42
93800	0.42	0.51	0.51	0	0	0.42
93900	0.42	0.51	0.51	0	0	0.42
94000	0.42	0.51	0.51	0	0	0.42
94100	0.41	0.51	0.51	0	0	0.41
94200	0.41	0.52	0.52	0	0	0.41
94300	0.41	0.51	0.51	0	0	0.41
94400	0.41	0.51	0.51	0	0	0.41
94500	0.41	0.51	0.51	0	0	0.41
94600	0.41	0.51	0.51	0	0	0.41
94700	0.41	0.51	0.51	0	0	0.41
94800	0.41	0.51	0.51	0	0	0.41
94900	0.41	0.51	0.51	0	0	0.41
95000	0.42	0.51	0.51	0	0	0.42
95100	0.42	0.51	0.51	0	0	0.42
95200	0.42	0.51	0.51	0	0	0.42
95300	0.42	0.51	0.51	0	0	0.42
95400	0.42	0.51	0.51	0	0	0.42
95500	0.42	0.52	0.52	0	0	0.42
95600	0.42	0.52	0.52	0	0	0.42
95700	0.42	0.52	0.52	0	0	0.42
95800	0.42	0.51	0.51	0	0	0.42
95900	0.42	0.51	0.51	0	0	0.42
96000	0.42	0.51	0.51	0	0	0.42
96100	0.42	0.51	0.51	0	0	0.42
96200	0.42	0.51	0.51	0	0	0.42
96300	0.42	0.51	0.51	0	0	0.42
96400	0.42	0.51	0.51	0	0	0.42
96500	0.42	0.51	0.51	0	0	0.42
96600	0.42	0.51	0.51	0	0	0.42
96700	0.42	0.51	0.51	0	0	0.42
96800	0.42	0.51	0.51	0	0	0.42
96900	0.42	0.51	0.51	0	0	0.42
97000	0.42	0.51	0.51	0	0	0.42
97100	0.42	0.51	0.51	0	0	0.42
97200	0.41	0.51	0.51	0	0	0.41
97300	0.41	0.51	0.51	0	0	0.41
97400	0.41	0.51	0.51	0	0	0.41
97500	0.42	0.51	0.51	0	0	0.42
97600	0.42	0.51	0.51	0	0	0.42
97700	0.42	0.51	0.51	0	0	0.42
97800	0.42	0.51	0.51	0	0	0.42
97900	0.42	0.51	0.51	0	0	0.42
98000	0.42	0.51	0.51	0	0	0.42
98100	0.42	0.51	0.51	0	0	0.42
98200	0.42	0.5	0.5	0	0	0.42
98300	0.42	0.5	0.5	0	0	0.42
98400	0.42	0.5	0.5	0	0	0.42
98500	0.42	0.5	0.5	0	0	0.42
98600	0.42	0.5	0.5	0	0	0.42
98700	0.42	0.5	0.5	0	0	0.42
98800	0.42	0.5	0.5	0	0	0.42
98900	0.42	0.5	0.5	0	0	0.42
99000	0.42	0.5	0.5	0	0	0.42
99100	0.42	0.5	0.5	0	0	0.42
99200	0.42	0.5	0.5	0	0	0.42
99300	0.43	0.5	0.5	0	0	0.43
99400	0.43	0.5	0.5	0	0	0.43
99500	0.43	0.5	0.5	0	0	0.43
99600	0.43	0.5	0.5	0	0	0.43
99700	0.43	0.51	0.51	0	0	0.43
99800	0.43	0.51	0.51	0	0	0.43
99900	0.44	0.51	0.51	0	0	0.44
100000	0.44	0.5	0.5	0	0	0.44
