100	0.08	0.14	0.14	0	0	0.08
200	0.09	0.17	0.17	0	0	0.09
300	0.09	0.16	0.16	0	0	0.09
400	0.12	0.16	0.16	0	0	0.12
500	0.12	0.18	0.18	0	0	0.12
600	0.12	0.18	0.18	0	0	0.12
700	0.12	0.17	0.17	0	0	0.12
800	0.14	0.17	0.17	0	0	0.14
900	0.14	0.17	0.17	0	0	0.14
1000	0.16	0.18	0.18	0	0	0.16
1100	0.17	0.21	0.21	0	0	0.17
1200	0.19	0.21	0.21	0	0	0.19
1300	0.2	0.21	0.21	0	0	0.2
1400	0.21	0.22	0.22	0	0	0.21
1500	0.21	0.24	0.24	0	0	0.21
1600	0.22	0.24	0.24	0	0	0.22
1700	0.22	0.25	0.25	0	0	0.22
1800	0.23	0.26	0.26	0	0	0.23
1900	0.23	0.26	0.26	0	0	0.23
2000	0.24	0.25	0.25	0	0	0.24
2100	0.25	0.27	0.27	0	0	0.25
2200	0.25	0.27	0.27	0	0	0.25
2300	0.25	0.26	0.26	0	0	0.25
2400	0.28	0.26	0.26	0	0	0.28
2500	0.28	0.27	0.27	0	0	0.28
2600	0.29	0.27	0.27	0	0	0.29
2700	0.28	0.27	0.27	0	0	0.28
2800	0.28	0.28	0.28	0	0	0.28
2900	0.25	0.28	0.28	0	0	0.25
3000	0.26	0.29	0.29	0	0	0.26
3100	0.26	0.3	0.3	0	0	0.26
3200	0.25	0.3	0.3	0	0	0.25
3300	0.25	0.32	0.32	0	0	0.25
3400	0.25	0.31	0.31	0	0	0.25
3500	0.25	0.32	0.32	0	0	0.25
3600	0.26	0.32	0.32	0	0	0.26
3700	0.26	0.33	0.33	0	0	0.26
3800	0.26	0.33	0.33	0	0	0.26
3900	0.26	0.34	0.34	0	0	0.26
4000	0.26	0.34	0.34	0	0	0.26
4100	0.28	0.36	0.36	0	0	0.28
4200	0.28	0.36	0.36	0	0	0.28
4300	0.28	0.36	0.36	0	0	0.28
4400	0.28	0.36	0.36	0	0	0.28
4500	0.29	0.35	0.35	0	0	0.29
4600	0.3	0.35	0.35	0	0	0.3
4700	0.31	0.35	0.35	0	0	0.31
4800	0.31	0.36	0.36	0	0	0.31
4900	0.31	0.36	0.36	0	0	0.31
5000	0.32	0.36	0.36	0	0	0.32
5100	0.33	0.36	0.36	0	0	0.33
5200	0.35	0.36	0.36	0	0	0.35
5300	0.34	0.36	0.36	0	0	0.34
5400	0.35	0.36	0.36	0	0	0.35
5500	0.35	0.36	0.36	0	0	0.35
5600	0.35	0.38	0.38	0	0	0.35
5700	0.34	0.37	0.37	0	0	0.34
5800	0.34	0.37	0.37	0	0	0.34
5900	0.34	0.37	0.37	0	0	0.34
6000	0.32	0.37	0.37	0	0	0.32
6100	0.33	0.37	0.37	0	0	0.33
6200	0.33	0.37	0.37	0	0	0.33
6300	0.34	0.37	0.37	0	0	0.34
6400	0.34	0.37	0.37	0	0	0.34
6500	0.35	0.37	0.37	0	0	0.35
6600	0.35	0.37	0.37	0	0	0.35
6700	0.35	0.38	0.38	0	0	0.35
6800	0.35	0.37	0.37	0	0	0.35
6900	0.35	0.38	0.38	0	0	0.35
7000	0.34	0.39	0.39	0	0	0.34
7100	0.35	0.39	0.39	0	0	0.35
7200	0.35	0.39	0.39	0	0	0.35
7300	0.34	0.36	0.36	0	0	0.34
7400	0.34	0.36	0.36	0	0	0.34
7500	0.34	0.36	0.36	0	0	0.34
7600	0.34	0.35	0.35	0	0	0.34
7700	0.34	0.36	0.36	0	0	0.34
7800	0.36	0.35	0.35	0	0	0.36
7900	0.36	0.35	0.35	0	0	0.36
8000	0.35	0.35	0.35	0	0	0.35
8100	0.35	0.35	0.35	0	0	0.35
8200	0.36	0.36	0.36	0	0	0.36
8300	0.36	0.37	0.37	0	0	0.36
8400	0.36	0.37	0.37	0	0	0.36
8500	0.35	0.36	0.36	0	0	0.35
8600	0.35	0.37	0.37	0	0	0.35
8700	0.35	0.37	0.37	0	0	0.35
8800	0.35	0.36	0.36	0	0	0.35
8900	0.36	0.35	0.35	0	0	0.36
9000	0.35	0.35	0.35	0	0	0.35
9100	0.35	0.35	0.35	0	0	0.35
9200	0.35	0.35	0.35	0	0	0.35
9300	0.36	0.35	0.35	0	0	0.36
9400	0.36	0.37	0.37	0	0	0.36
9500	0.35	0.37	0.37	0	0	0.35
9600	0.34	0.39	0.39	0	0	0.34
9700	0.35	0.39	0.39	0	0	0.35
9800	0.35	0.39	0.39	0	0	0.35
9900	0.35	0.38	0.38	0	0	0.35
10000	0.35	0.38	0.38	0	0	0.35
10100	0.35	0.38	0.38	0	0	0.35
10200	0.35	0.39	0.39	0	0	0.35
10300	0.35	0.39	0.39	0	0	0.35
10400	0.35	0.39	0.39	0	0	0.35
10500	0.35	0.39	0.39	0	0	0.35
10600	0.35	0.39	0.39	0	0	0.35
10700	0.35	0.39	0.39	0	0	0.35
10800	0.36	0.39	0.39	0	0	0.36
10900	0.37	0.39	0.39	0	0	0.37
11000	0.37	0.39	0.39	0	0	0.37
11100	0.37	0.39	0.39	0	0	0.37
11200	0.37	0.39	0.39	0	0	0.37
11300	0.38	0.41	0.41	0	0	0.38
11400	0.39	0.42	0.42	0	0	0.39
11500	0.39	0.41	0.41	0	0	0.39
11600	0.38	0.41	0.41	0	0	0.38
11700	0.36	0.41	0.41	0	0	0.36
11800	0.36	0.41	0.41	0	0	0.36
11900	0.36	0.41	0.41	0	0	0.36
12000	0.36	0.4	0.4	0	0	0.36
12100	0.37	0.41	0.41	0	0	0.37
12200	0.37	0.42	0.42	0	0	0.37
12300	0.37	0.42	0.42	0	0	0.37
12400	0.37	0.42	0.42	0	0	0.37
12500	0.37	0.42	0.42	0	0	0.37
12600	0.37	0.41	0.41	0	0	0.37
12700	0.38	0.42	0.42	0	0	0.38
12800	0.38	0.43	0.43	0	0	0.38
12900	0.38	0.42	0.42	0	0	0.38
13000	0.38	0.41	0.41	0	0	0.38
13100	0.38	0.4	0.4	0	0	0.38
13200	0.38	0.4	0.4	0	0	0.38
13300	0.38	0.4	0.4	0	0	0.38
13400	0.38	0.4	0.4	0	0	0.38
13500	0.38	0.4	0.4	0	0	0.38
13600	0.38	0.39	0.39	0	0	0.38
13700	0.38	0.39	0.39	0	0	0.38
13800	0.38	0.39	0.39	0	0	0.38
13900	0.38	0.4	0.4	0	0	0.38
14000	0.38	0.4	0.4	0	0	0.38
14100	0.38	0.41	0.41	0	0	0.38
14200	0.37	0.41	0.41	0	0	0.37
14300	0.37	0.42	0.42	0	0	0.37
14400	0.37	0.42	0.42	0	0	0.37
14500	0.37	0.42	0.42	0	0	0.37
14600	0.37	0.43	0.43	0	0	0.37
14700	0.37	0.44	0.44	0	0	0.37
14800	0.37	0.43	0.43	0	0	0.37
14900	0.36	0.44	0.44	0	0	0.36
15000	0.36	0.45	0.45	0	0	0.36
15100	0.35	0.43	0.43	0	0	0.35
15200	0.35	0.43	0.43	0	0	0.35
15300	0.35	0.44	0.44	0	0	0.35
15400	0.35	0.44	0.44	0	0	0.35
15500	0.35	0.44	0.44	0	0	0.35
15600	0.35	0.44	0.44	0	0	0.35
15700	0.35	0.44	0.44	0	0	0.35
15800	0.35	0.43	0.43	0	0	0.35
15900	0.35	0.43	0.43	0	0	0.35
16000	0.35	0.43	0.43	0	0	0.35
16100	0.36	0.43	0.43	0	0	0.36
16200	0.36	0.43	0.43	0	0	0.36
16300	0.36	0.43	0.43	0	0	0.36
16400	0.36	0.43	0.43	0	0	0.36
16500	0.36	0.43	0.43	0	0	0.36
16600	0.36	0.43	0.43	0	0	0.36
16700	0.35	0.44	0.44	0	0	0.35
16800	0.35	0.44	0.44	0	0	0.35
16900	0.35	0.44	0.44	0	0	0.35
17000	0.35	0.42	0.42	0	0	0.35
17100	0.37	0.42	0.42	0	0	0.37
17200	0.36	0.42	0.42	0	0	0.36
17300	0.35	0.42	0.42	0	0	0.35
17400	0.35	0.43	0.43	0	0	0.35
17500	0.36	0.43	0.43	0	0	0.36
17600	0.36	0.43	0.43	0	0	0.36
17700	0.36	0.43	0.43	0	0	0.36
17800	0.36	0.43	0.43	0	0	0.36
17900	0.36	0.44	0.44	0	0	0.36
18000	0.35	0.44	0.44	0	0	0.35
18100	0.35	0.44	0.44	0	0	0.35
18200	0.35	0.44	0.44	0	0	0.35
18300	0.35	0.44	0.44	0	0	0.35
18400	0.35	0.45	0.45	0	0	0.35
18500	0.35	0.45	0.45	0	0	0.35
18600	0.36	0.45	0.45	0	0	0.36
18700	0.36	0.46	0.46	0	0	0.36
18800	0.36	0.46	0.46	0	0	0.36
18900	0.36	0.45	0.45	0	0	0.36
19000	0.36	0.45	0.45	0	0	0.36
19100	0.36	0.45	0.45	0	0	0.36
19200	0.37	0.45	0.45	0	0	0.37
19300	0.36	0.45	0.45	0	0	0.36
19400	0.36	0.45	0.45	0	0	0.36
19500	0.36	0.45	0.45	0	0	0.36
19600	0.36	0.45	0.45	0	0	0.36
19700	0.37	0.45	0.45	0	0	0.37
19800	0.37	0.45	0.45	0	0	0.37
19900	0.37	0.45	0.45	0	0	0.37
20000	0.37	0.46	0.46	0	0	0.37
20100	0.37	0.46	0.46	0	0	0.37
20200	0.38	0.45	0.45	0	0	0.38
20300	0.37	0.45	0.45	0	0	0.37
20400	0.37	0.45	0.45	0	0	0.37
20500	0.37	0.45	0.45	0	0	0.37
20600	0.37	0.46	0.46	0	0	0.37
20700	0.37	0.46	0.46	0	0	0.37
20800	0.38	0.46	0.46	0	0	0.38
20900	0.38	0.47	0.47	0	0	0.38
21000	0.38	0.47	0.47	0	0	0.38
21100	0.38	0.48	0.48	0	0	0.38
21200	0.38	0.48	0.48	0	0	0.38
21300	0.38	0.49	0.49	0	0	0.38
21400	0.38	0.49	0.49	0	0	0.38
21500	0.38	0.49	0.49	0	0	0.38
21600	0.38	0.49	0.49	0	0	0.38
21700	0.38	0.49	0.49	0	0	0.38
21800	0.38	0.5	0.5	0	0	0.38
21900	0.38	0.5	0.5	0	0	0.38
22000	0.38	0.49	0.49	0	0	0.38
22100	0.38	0.49	0.49	0	0	0.38
22200	0.38	0.49	0.49	0	0	0.38
22300	0.38	0.5	0.5	0	0	0.38
22400	0.38	0.49	0.49	0	0	0.38
22500	0.38	0.49	0.49	0	0	0.38
22600	0.38	0.49	0.49	0	0	0.38
22700	0.38	0.49	0.49	0	0	0.38
22800	0.38	0.49	0.49	0	0	0.38
22900	0.38	0.49	0.49	0	0	0.38
23000	0.38	0.49	0.49	0	0	0.38
23100	0.38	0.49	0.49	0	0	0.38
23200	0.38	0.49	0.49	0	0	0.38
23300	0.38	0.5	0.5	0	0	0.38
23400	0.38	0.5	0.5	0	0	0.38
23500	0.38	0.5	0.5	0	0	0.38
23600	0.38	0.5	0.5	0	0	0.38
23700	0.38	0.5	0.5	0	0	0.38
23800	0.38	0.5	0.5	0	0	0.38
23900	0.38	0.51	0.51	0	0	0.38
24000	0.38	0.5	0.5	0	0	0.38
24100	0.38	0.5	0.5	0	0	0.38
24200	0.38	0.51	0.51	0	0	0.38
24300	0.38	0.51	0.51	0	0	0.38
24400	0.38	0.51	0.51	0	0	0.38
24500	0.38	0.51	0.51	0	0	0.38
24600	0.38	0.51	0.51	0	0	0.38
24700	0.38	0.51	0.51	0	0	0.38
24800	0.38	0.5	0.5	0	0	0.38
24900	0.38	0.5	0.5	0	0	0.38
25000	0.38	0.5	0.5	0	0	0.38
25100	0.38	0.5	0.5	0	0	0.38
25200	0.38	0.5	0.5	0	0	0.38
25300	0.38	0.49	0.49	0	0	0.38
25400	0.38	0.49	0.49	0	0	0.38
25500	0.38	0.49	0.49	0	0	0.38
25600	0.38	0.49	0.49	0	0	0.38
25700	0.38	0.49	0.49	0	0	0.38
25800	0.38	0.49	0.49	0	0	0.38
25900	0.38	0.49	0.49	0	0	0.38
26000	0.38	0.5	0.5	0	0	0.38
26100	0.38	0.5	0.5	0	0	0.38
26200	0.37	0.5	0.5	0	0	0.37
26300	0.37	0.5	0.5	0	0	0.37
26400	0.37	0.5	0.5	0	0	0.37
26500	0.37	0.5	0.5	0	0	0.37
26600	0.37	0.52	0.52	0	0	0.37
26700	0.37	0.52	0.52	0	0	0.37
26800	0.37	0.52	0.52	0	0	0.37
26900	0.37	0.51	0.51	0	0	0.37
27000	0.38	0.51	0.51	0	0	0.38
27100	0.38	0.51	0.51	0	0	0.38
27200	0.38	0.51	0.51	0	0	0.38
27300	0.38	0.51	0.51	0	0	0.38
27400	0.38	0.51	0.51	0	0	0.38
27500	0.38	0.51	0.51	0	0	0.38
27600	0.38	0.51	0.51	0	0	0.38
27700	0.38	0.51	0.51	0	0	0.38
27800	0.38	0.51	0.51	0	0	0.38
27900	0.38	0.51	0.51	0	0	0.38
28000	0.38	0.51	0.51	0	0	0.38
28100	0.38	0.51	0.51	0	0	0.38
28200	0.38	0.51	0.51	0	0	0.38
28300	0.38	0.51	0.51	0	0	0.38
28400	0.38	0.51	0.51	0	0	0.38
28500	0.38	0.51	0.51	0	0	0.38
28600	0.38	0.51	0.51	0	0	0.38
28700	0.39	0.51	0.51	0	0	0.39
28800	0.39	0.51	0.51	0	0	0.39
28900	0.4	0.52	0.52	0	0	0.4
29000	0.4	0.52	0.52	0	0	0.4
29100	0.4	0.52	0.52	0	0	0.4
29200	0.4	0.52	0.52	0	0	0.4
29300	0.4	0.52	0.52	0	0	0.4
29400	0.4	0.52	0.52	0	0	0.4
29500	0.4	0.52	0.52	0	0	0.4
29600	0.4	0.52	0.52	0	0	0.4
29700	0.4	0.52	0.52	0	0	0.4
29800	0.4	0.52	0.52	0	0	0.4
29900	0.4	0.52	0.52	0	0	0.4
30000	0.4	0.52	0.52	0	0	0.4
30100	0.4	0.52	0.52	0	0	0.4
30200	0.4	0.52	0.52	0	0	0.4
30300	0.4	0.52	0.52	0	0	0.4
30400	0.4	0.52	0.52	0	0	0.4
30500	0.4	0.51	0.51	0	0	0.4
30600	0.4	0.51	0.51	0	0	0.4
30700	0.4	0.51	0.51	0	0	0.4
30800	0.4	0.51	0.51	0	0	0.4
30900	0.4	0.5	0.5	0	0	0.4
31000	0.4	0.5	0.5	0	0	0.4
31100	0.4	0.5	0.5	0	0	0.4
31200	0.41	0.5	0.5	0	0	0.41
31300	0.41	0.51	0.51	0	0	0.41
31400	0.41	0.51	0.51	0	0	0.41
31500	0.41	0.51	0.51	0	0	0.41
31600	0.41	0.51	0.51	0	0	0.41
31700	0.41	0.51	0.51	0	0	0.41
31800	0.41	0.51	0.51	0	0	0.41
31900	0.4	0.51	0.51	0	0	0.4
32000	0.4	0.51	0.51	0	0	0.4
32100	0.4	0.51	0.51	0	0	0.4
32200	0.4	0.51	0.51	0	0	0.4
32300	0.4	0.51	0.51	0	0	0.4
32400	0.4	0.51	0.51	0	0	0.4
32500	0.4	0.5	0.5	0	0	0.4
32600	0.4	0.5	0.5	0	0	0.4
32700	0.4	0.5	0.5	0	0	0.4
32800	0.4	0.5	0.5	0	0	0.4
32900	0.4	0.5	0.5	0	0	0.4
33000	0.4	0.5	0.5	0	0	0.4
33100	0.4	0.5	0.5	0	0	0.4
33200	0.4	0.5	0.5	0	0	0.4
33300	0.4	0.5	0.5	0	0	0.4
33400	0.4	0.5	0.5	0	0	0.4
33500	0.4	0.5	0.5	0	0	0.4
33600	0.4	0.5	0.5	0	0	0.4
33700	0.4	0.5	0.5	0	0	0.4
33800	0.4	0.5	0.5	0	0	0.4
33900	0.4	0.49	0.49	0	0	0.4
34000	0.4	0.49	0.49	0	0	0.4
34100	0.4	0.49	0.49	0	0	0.4
34200	0.4	0.49	0.49	0	0	0.4
34300	0.4	0.49	0.49	0	0	0.4
34400	0.4	0.5	0.5	0	0	0.4
34500	0.4	0.5	0.5	0	0	0.4
34600	0.41	0.5	0.5	0	0	0.41
34700	0.42	0.5	0.5	0	0	0.42
34800	0.42	0.5	0.5	0	0	0.42
34900	0.42	0.5	0.5	0	0	0.42
35000	0.42	0.5	0.5	0	0	0.42
35100	0.42	0.5	0.5	0	0	0.42
35200	0.42	0.51	0.51	0	0	0.42
35300	0.42	0.51	0.51	0	0	0.42
35400	0.42	0.51	0.51	0	0	0.42
35500	0.42	0.51	0.51	0	0	0.42
35600	0.42	0.51	0.51	0	0	0.42
35700	0.42	0.51	0.51	0	0	0.42
35800	0.42	0.51	0.51	0	0	0.42
35900	0.42	0.51	0.51	0	0	0.42
36000	0.42	0.51	0.51	0	0	0.42
36100	0.43	0.51	0.51	0	0	0.43
36200	0.43	0.51	0.51	0	0	0.43
36300	0.43	0.51	0.51	0	0	0.43
36400	0.43	0.51	0.51	0	0	0.43
36500	0.43	0.51	0.51	0	0	0.43
36600	0.43	0.51	0.51	0	0	0.43
36700	0.43	0.51	0.51	0	0	0.43
36800	0.43	0.51	0.51	0	0	0.43
36900	0.43	0.51	0.51	0	0	0.43
37000	0.44	0.51	0.51	0	0	0.44
37100	0.44	0.51	0.51	0	0	0.44
37200	0.44	0.52	0.52	0	0	0.44
37300	0.44	0.52	0.52	0	0	0.44
37400	0.44	0.52	0.52	0	0	0.44
37500	0.44	0.52	0.52	0	0	0.44
37600	0.44	0.52	0.52	0	0	0.44
37700	0.44	0.52	0.52	0	0	0.44
37800	0.44	0.52	0.52	0	0	0.44
37900	0.44	0.52	0.52	0	0	0.44
38000	0.44	0.52	0.52	0	0	0.44
38100	0.44	0.52	0.52	0	0	0.44
38200	0.44	0.52	0.52	0	0	0.44
38300	0.44	0.52	0.52	0	0	0.44
38400	0.44	0.52	0.52	0	0	0.44
38500	0.44	0.52	0.52	0	0	0.44
38600	0.44	0.52	0.52	0	0	0.44
38700	0.44	0.52	0.52	0	0	0.44
38800	0.43	0.52	0.52	0	0	0.43
38900	0.43	0.52	0.52	0	0	0.43
39000	0.43	0.52	0.52	0	0	0.43
39100	0.43	0.52	0.52	0	0	0.43
39200	0.43	0.52	0.52	0	0	0.43
39300	0.44	0.52	0.52	0	0	0.44
39400	0.44	0.52	0.52	0	0	0.44
39500	0.44	0.52	0.52	0	0	0.44
39600	0.44	0.51	0.51	0	0	0.44
39700	0.44	0.49	0.49	0	0	0.44
39800	0.44	0.49	0.49	0	0	0.44
39900	0.44	0.49	0.49	0	0	0.44
40000	0.44	0.49	0.49	0	0	0.44
40100	0.44	0.48	0.48	0	0	0.44
40200	0.44	0.48	0.48	0	0	0.44
40300	0.44	0.48	0.48	0	0	0.44
40400	0.43	0.48	0.48	0	0	0.43
40500	0.43	0.48	0.48	0	0	0.43
40600	0.43	0.48	0.48	0	0	0.43
40700	0.43	0.48	0.48	0	0	0.43
40800	0.43	0.48	0.48	0	0	0.43
40900	0.43	0.48	0.48	0	0	0.43
41000	0.43	0.48	0.48	0	0	0.43
41100	0.43	0.48	0.48	0	0	0.43
41200	0.43	0.48	0.48	0	0	0.43
41300	0.43	0.48	0.48	0	0	0.43
41400	0.43	0.48	0.48	0	0	0.43
41500	0.43	0.49	0.49	0	0	0.43
41600	0.43	0.49	0.49	0	0	0.43
41700	0.43	0.49	0.49	0	0	0.43
41800	0.43	0.48	0.48	0	0	0.43
41900	0.43	0.48	0.48	0	0	0.43
42000	0.43	0.48	0.48	0	0	0.43
42100	0.43	0.48	0.48	0	0	0.43
42200	0.43	0.48	0.48	0	0	0.43
42300	0.43	0.48	0.48	0	0	0.43
42400	0.43	0.48	0.48	0	0	0.43
42500	0.43	0.48	0.48	0	0	0.43
42600	0.43	0.48	0.48	0	0	0.43
42700	0.43	0.48	0.48	0	0	0.43
42800	0.43	0.48	0.48	0	0	0.43
42900	0.43	0.48	0.48	0	0	0.43
43000	0.43	0.48	0.48	0	0	0.43
43100	0.42	0.49	0.49	0	0	0.42
43200	0.42	0.49	0.49	0	0	0.42
43300	0.42	0.48	0.48	0	0	0.42
43400	0.42	0.48	0.48	0	0	0.42
43500	0.42	0.48	0.48	0	0	0.42
43600	0.43	0.48	0.48	0	0	0.43
43700	0.43	0.48	0.48	0	0	0.43
43800	0.43	0.48	0.48	0	0	0.43
43900	0.43	0.48	0.48	0	0	0.43
44000	0.43	0.48	0.48	0	0	0.43
44100	0.43	0.48	0.48	0	0	0.43
44200	0.44	0.48	0.48	0	0	0.44
44300	0.44	0.48	0.48	0	0	0.44
44400	0.44	0.47	0.47	0	0	0.44
44500	0.44	0.47	0.47	0	0	0.44
44600	0.44	0.47	0.47	0	0	0.44
44700	0.44	0.47	0.47	0	0	0.44
44800	0.44	0.47	0.47	0	0	0.44
44900	0.44	0.47	0.47	0	0	0.44
45000	0.44	0.47	0.47	0	0	0.44
45100	0.44	0.47	0.47	0	0	0.44
45200	0.44	0.47	0.47	0	0	0.44
45300	0.43	0.47	0.47	0	0	0.43
45400	0.43	0.47	0.47	0	0	0.43
45500	0.44	0.47	0.47	0	0	0.44
45600	0.44	0.47	0.47	0	0	0.44
45700	0.44	0.47	0.47	0	0	0.44
45800	0.44	0.48	0.48	0	0	0.44
45900	0.44	0.48	0.48	0	0	0.44
46000	0.44	0.48	0.48	0	0	0.44
46100	0.44	0.48	0.48	0	0	0.44
46200	0.44	0.48	0.48	0	0	0.44
46300	0.44	0.48	0.48	0	0	0.44
46400	0.44	0.48	0.48	0	0	0.44
46500	0.44	0.48	0.48	0	0	0.44
46600	0.44	0.48	0.48	0	0	0.44
46700	0.44	0.48	0.48	0	0	0.44
46800	0.44	0.48	0.48	0	0	0.44
46900	0.44	0.48	0.48	0	0	0.44
47000	0.44	0.48	0.48	0	0	0.44
47100	0.44	0.48	0.48	0	0	0.44
47200	0.44	0.48	0.48	0	0	0.44
47300	0.44	0.49	0.49	0	0	0.44
47400	0.44	0.49	0.49	0	0	0.44
47500	0.44	0.49	0.49	0	0	0.44
47600	0.44	0.49	0.49	0	0	0.44
47700	0.44	0.49	0.49	0	0	0.44
47800	0.44	0.49	0.49	0	0	0.44
47900	0.44	0.49	0.49	0	0	0.44
48000	0.44	0.49	0.49	0	0	0.44
48100	0.44	0.49	0.49	0	0	0.44
48200	0.44	0.49	0.49	0	0	0.44
48300	0.44	0.49	0.49	0	0	0.44
48400	0.44	0.49	0.49	0	0	0.44
48500	0.44	0.49	0.49	0	0	0.44
48600	0.45	0.48	0.48	0	0	0.45
48700	0.44	0.48	0.48	0	0	0.44
48800	0.44	0.48	0.48	0	0	0.44
48900	0.44	0.48	0.48	0	0	0.44
49000	0.44	0.48	0.48	0	0	0.44
49100	0.44	0.48	0.48	0	0	0.44
49200	0.44	0.48	0.48	0	0	0.44
49300	0.45	0.48	0.48	0	0	0.45
49400	0.44	0.48	0.48	0	0	0.44
49500	0.45	0.48	0.48	0	0	0.45
49600	0.45	0.48	0.48	0	0	0.45
49700	0.45	0.48	0.48	0	0	0.45
49800	0.45	0.48	0.48	0	0	0.45
49900	0.45	0.49	0.49	0	0	0.45
50000	0.45	0.49	0.49	0	0	0.45
50100	0.45	0.49	0.49	0	0	0.45
50200	0.45	0.5	0.5	0	0	0.45
50300	0.45	0.5	0.5	0	0	0.45
50400	0.45	0.5	0.5	0	0	0.45
50500	0.45	0.5	0.5	0	0	0.45
50600	0.45	0.5	0.5	0	0	0.45
50700	0.45	0.5	0.5	0	0	0.45
50800	0.47	0.5	0.5	0	0	0.47
50900	0.46	0.5	0.5	0	0	0.46
51000	0.46	0.49	0.49	0	0	0.46
51100	0.46	0.49	0.49	0	0	0.46
51200	0.46	0.49	0.49	0	0	0.46
51300	0.46	0.49	0.49	0	0	0.46
51400	0.46	0.5	0.5	0	0	0.46
51500	0.46	0.5	0.5	0	0	0.46
51600	0.46	0.5	0.5	0	0	0.46
51700	0.46	0.5	0.5	0	0	0.46
51800	0.46	0.5	0.5	0	0	0.46
51900	0.46	0.5	0.5	0	0	0.46
52000	0.46	0.5	0.5	0	0	0.46
52100	0.46	0.5	0.5	0	0	0.46
52200	0.46	0.5	0.5	0	0	0.46
52300	0.46	0.5	0.5	0	0	0.46
52400	0.46	0.5	0.5	0	0	0.46
52500	0.45	0.5	0.5	0	0	0.45
52600	0.45	0.5	0.5	0	0	0.45
52700	0.45	0.5	0.5	0	0	0.45
52800	0.45	0.5	0.5	0	0	0.45
52900	0.45	0.5	0.5	0	0	0.45
53000	0.45	0.48	0.48	0	0	0.45
53100	0.45	0.48	0.48	0	0	0.45
53200	0.45	0.48	0.48	0	0	0.45
53300	0.45	0.48	0.48	0	0	0.45
53400	0.45	0.48	0.48	0	0	0.45
53500	0.45	0.48	0.48	0	0	0.45
53600	0.47	0.48	0.48	0	0	0.47
53700	0.47	0.48	0.48	0	0	0.47
53800	0.47	0.48	0.48	0	0	0.47
53900	0.47	0.48	0.48	0	0	0.47
54000	0.47	0.48	0.48	0	0	0.47
54100	0.47	0.48	0.48	0	0	0.47
54200	0.47	0.48	0.48	0	0	0.47
54300	0.47	0.48	0.48	0	0	0.47
54400	0.47	0.48	0.48	0	0	0.47
54500	0.47	0.47	0.47	0	0	0.47
54600	0.47	0.48	0.48	0	0	0.47
54700	0.48	0.47	0.47	0	0	0.48
54800	0.48	0.47	0.47	0	0	0.48
54900	0.48	0.47	0.47	0	0	0.48
55000	0.48	0.47	0.47	0	0	0.48
55100	0.48	0.47	0.47	0	0	0.48
55200	0.48	0.48	0.48	0	0	0.48
55300	0.48	0.48	0.48	0	0	0.48
55400	0.48	0.48	0.48	0	0	0.48
55500	0.48	0.48	0.48	0	0	0.48
55600	0.47	0.48	0.48	0	0	0.47
55700	0.47	0.48	0.48	0	0	0.47
55800	0.47	0.48	0.48	0	0	0.47
55900	0.47	0.48	0.48	0	0	0.47
56000	0.47	0.48	0.48	0	0	0.47
56100	0.47	0.48	0.48	0	0	0.47
56200	0.47	0.47	0.47	0	0	0.47
56300	0.47	0.47	0.47	0	0	0.47
56400	0.47	0.47	0.47	0	0	0.47
56500	0.47	0.47	0.47	0	0	0.47
56600	0.47	0.47	0.47	0	0	0.47
56700	0.47	0.47	0.47	0	0	0.47
56800	0.47	0.47	0.47	0	0	0.47
56900	0.47	0.47	0.47	0	0	0.47
57000	0.47	0.47	0.47	0	0	0.47
57100	0.47	0.47	0.47	0	0	0.47
57200	0.47	0.47	0.47	0	0	0.47
57300	0.47	0.47	0.47	0	0	0.47
57400	0.47	0.48	0.48	0	0	0.47
57500	0.47	0.48	0.48	0	0	0.47
57600	0.47	0.48	0.48	0	0	0.47
57700	0.47	0.48	0.48	0	0	0.47
57800	0.47	0.47	0.47	0	0	0.47
57900	0.47	0.47	0.47	0	0	0.47
58000	0.48	0.47	0.47	0	0	0.48
58100	0.48	0.47	0.47	0	0	0.48
58200	0.48	0.47	0.47	0	0	0.48
58300	0.48	0.48	0.48	0	0	0.48
58400	0.48	0.48	0.48	0	0	0.48
58500	0.48	0.48	0.48	0	0	0.48
58600	0.48	0.48	0.48	0	0	0.48
58700	0.48	0.48	0.48	0	0	0.48
58800	0.48	0.48	0.48	0	0	0.48
58900	0.48	0.48	0.48	0	0	0.48
59000	0.48	0.48	0.48	0	0	0.48
59100	0.48	0.49	0.49	0	0	0.48
59200	0.48	0.49	0.49	0	0	0.48
59300	0.48	0.49	0.49	0	0	0.48
59400	0.48	0.49	0.49	0	0	0.48
59500	0.48	0.49	0.49	0	0	0.48
59600	0.48	0.49	0.49	0	0	0.48
59700	0.48	0.49	0.49	0	0	0.48
59800	0.48	0.49	0.49	0	0	0.48
59900	0.48	0.49	0.49	0	0	0.48
60000	0.48	0.49	0.49	0	0	0.48
60100	0.48	0.49	0.49	0	0	0.48
60200	0.48	0.49	0.49	0	0	0.48
60300	0.48	0.49	0.49	0	0	0.48
60400	0.48	0.49	0.49	0	0	0.48
60500	0.49	0.49	0.49	0	0	0.49
60600	0.49	0.49	0.49	0	0	0.49
60700	0.49	0.49	0.49	0	0	0.49
60800	0.49	0.49	0.49	0	0	0.49
60900	0.49	0.49	0.49	0	0	0.49
61000	0.49	0.49	0.49	0	0	0.49
61100	0.49	0.49	0.49	0	0	0.49
61200	0.49	0.49	0.49	0	0	0.49
61300	0.49	0.49	0.49	0	0	0.49
61400	0.49	0.49	0.49	0	0	0.49
61500	0.49	0.48	0.48	0	0	0.49
61600	0.48	0.48	0.48	0	0	0.48
61700	0.48	0.48	0.48	0	0	0.48
61800	0.48	0.48	0.48	0	0	0.48
61900	0.48	0.48	0.48	0	0	0.48
62000	0.48	0.48	0.48	0	0	0.48
62100	0.48	0.48	0.48	0	0	0.48
62200	0.48	0.48	0.48	0	0	0.48
62300	0.48	0.48	0.48	0	0	0.48
62400	0.48	0.48	0.48	0	0	0.48
62500	0.48	0.48	0.48	0	0	0.48
62600	0.48	0.48	0.48	0	0	0.48
62700	0.48	0.48	0.48	0	0	0.48
62800	0.48	0.48	0.48	0	0	0.48
62900	0.48	0.48	0.48	0	0	0.48
63000	0.48	0.48	0.48	0	0	0.48
63100	0.47	0.49	0.49	0	0	0.47
63200	0.47	0.49	0.49	0	0	0.47
63300	0.47	0.49	0.49	0	0	0.47
63400	0.47	0.49	0.49	0	0	0.47
63500	0.47	0.49	0.49	0	0	0.47
63600	0.47	0.49	0.49	0	0	0.47
63700	0.47	0.49	0.49	0	0	0.47
63800	0.47	0.49	0.49	0	0	0.47
63900	0.48	0.49	0.49	0	0	0.48
64000	0.47	0.49	0.49	0	0	0.47
64100	0.47	0.49	0.49	0	0	0.47
64200	0.47	0.49	0.49	0	0	0.47
64300	0.47	0.49	0.49	0	0	0.47
64400	0.47	0.49	0.49	0	0	0.47
64500	0.47	0.49	0.49	0	0	0.47
64600	0.47	0.49	0.49	0	0	0.47
64700	0.47	0.49	0.49	0	0	0.47
64800	0.47	0.49	0.49	0	0	0.47
64900	0.47	0.49	0.49	0	0	0.47
65000	0.48	0.49	0.49	0	0	0.48
65100	0.48	0.49	0.49	0	0	0.48
65200	0.48	0.49	0.49	0	0	0.48
65300	0.48	0.49	0.49	0	0	0.48
65400	0.47	0.49	0.49	0	0	0.47
65500	0.47	0.49	0.49	0	0	0.47
65600	0.48	0.49	0.49	0	0	0.48
65700	0.48	0.49	0.49	0	0	0.48
65800	0.48	0.49	0.49	0	0	0.48
65900	0.48	0.49	0.49	0	0	0.48
66000	0.48	0.49	0.49	0	0	0.48
66100	0.48	0.49	0.49	0	0	0.48
66200	0.48	0.49	0.49	0	0	0.48
66300	0.48	0.49	0.49	0	0	0.48
66400	0.48	0.49	0.49	0	0	0.48
66500	0.48	0.49	0.49	0	0	0.48
66600	0.49	0.49	0.49	0	0	0.49
66700	0.49	0.49	0.49	0	0	0.49
66800	0.49	0.49	0.49	0	0	0.49
66900	0.49	0.49	0.49	0	0	0.49
67000	0.49	0.49	0.49	0	0	0.49
67100	0.49	0.49	0.49	0	0	0.49
67200	0.49	0.49	0.49	0	0	0.49
67300	0.49	0.49	0.49	0	0	0.49
67400	0.49	0.49	0.49	0	0	0.49
67500	0.49	0.49	0.49	0	0	0.49
67600	0.49	0.49	0.49	0	0	0.49
67700	0.49	0.49	0.49	0	0	0.49
67800	0.49	0.49	0.49	0	0	0.49
67900	0.49	0.49	0.49	0	0	0.49
68000	0.49	0.49	0.49	0	0	0.49
68100	0.49	0.49	0.49	0	0	0.49
68200	0.49	0.49	0.49	0	0	0.49
68300	0.49	0.49	0.49	0	0	0.49
68400	0.48	0.49	0.49	0	0	0.48
68500	0.48	0.49	0.49	0	0	0.48
68600	0.48	0.49	0.49	0	0	0.48
68700	0.48	0.49	0.49	0	0	0.48
68800	0.48	0.49	0.49	0	0	0.48
68900	0.48	0.49	0.49	0	0	0.48
69000	0.48	0.49	0.49	0	0	0.48
69100	0.48	0.49	0.49	0	0	0.48
69200	0.48	0.49	0.49	0	0	0.48
69300	0.48	0.49	0.49	0	0	0.48
69400	0.48	0.49	0.49	0	0	0.48
69500	0.48	0.49	0.49	0	0	0.48
69600	0.48	0.49	0.49	0	0	0.48
69700	0.47	0.49	0.49	0	0	0.47
69800	0.47	0.49	0.49	0	0	0.47
69900	0.47	0.49	0.49	0	0	0.47
70000	0.47	0.49	0.49	0	0	0.47
70100	0.47	0.49	0.49	0	0	0.47
70200	0.47	0.49	0.49	0	0	0.47
70300	0.47	0.49	0.49	0	0	0.47
70400	0.47	0.49	0.49	0	0	0.47
70500	0.47	0.49	0.49	0	0	0.47
70600	0.47	0.49	0.49	0	0	0.47
70700	0.47	0.49	0.49	0	0	0.47
70800	0.47	0.49	0.49	0	0	0.47
70900	0.47	0.49	0.49	0	0	0.47
71000	0.47	0.49	0.49	0	0	0.47
71100	0.47	0.49	0.49	0	0	0.47
71200	0.47	0.49	0.49	0	0	0.47
71300	0.47	0.49	0.49	0	0	0.47
71400	0.47	0.5	0.5	0	0	0.47
71500	0.47	0.48	0.48	0	0	0.47
71600	0.47	0.48	0.48	0	0	0.47
71700	0.47	0.48	0.48	0	0	0.47
71800	0.47	0.48	0.48	0	0	0.47
71900	0.47	0.48	0.48	0	0	0.47
72000	0.47	0.48	0.48	0	0	0.47
72100	0.47	0.48	0.48	0	0	0.47
72200	0.47	0.49	0.49	0	0	0.47
72300	0.47	0.48	0.48	0	0	0.47
72400	0.47	0.48	0.48	0	0	0.47
72500	0.47	0.48	0.48	0	0	0.47
72600	0.47	0.48	0.48	0	0	0.47
72700	0.47	0.48	0.48	0	0	0.47
72800	0.47	0.48	0.48	0	0	0.47
72900	0.47	0.48	0.48	0	0	0.47
73000	0.47	0.48	0.48	0	0	0.47
73100	0.47	0.48	0.48	0	0	0.47
73200	0.47	0.48	0.48	0	0	0.47
73300	0.47	0.48	0.48	0	0	0.47
73400	0.47	0.48	0.48	0	0	0.47
73500	0.47	0.48	0.48	0	0	0.47
73600	0.47	0.48	0.48	0	0	0.47
73700	0.47	0.48	0.48	0	0	0.47
73800	0.47	0.48	0.48	0	0	0.47
73900	0.47	0.48	0.48	0	0	0.47
74000	0.47	0.48	0.48	0	0	0.47
74100	0.47	0.48	0.48	0	0	0.47
74200	0.47	0.48	0.48	0	0	0.47
74300	0.47	0.48	0.48	0	0	0.47
74400	0.47	0.48	0.48	0	0	0.47
74500	0.47	0.48	0.48	0	0	0.47
74600	0.47	0.48	0.48	0	0	0.47
74700	0.46	0.48	0.48	0	0	0.46
74800	0.46	0.48	0.48	0	0	0.46
74900	0.46	0.48	0.48	0	0	0.46
75000	0.46	0.48	0.48	0	0	0.46
75100	0.46	0.47	0.47	0	0	0.46
75200	0.46	0.47	0.47	0	0	0.46
75300	0.46	0.47	0.47	0	0	0.46
75400	0.46	0.48	0.48	0	0	0.46
75500	0.47	0.48	0.48	0	0	0.47
75600	0.47	0.48	0.48	0	0	0.47
75700	0.47	0.48	0.48	0	0	0.47
75800	0.47	0.48	0.48	0	0	0.47
75900	0.47	0.48	0.48	0	0	0.47
76000	0.47	0.48	0.48	0	0	0.47
76100	0.47	0.48	0.48	0	0	0.47
76200	0.47	0.48	0.48	0	0	0.47
76300	0.47	0.48	0.48	0	0	0.47
76400	0.47	0.48	0.48	0	0	0.47
76500	0.47	0.49	0.49	0	0	0.47
76600	0.47	0.49	0.49	0	0	0.47
76700	0.47	0.49	0.49	0	0	0.47
76800	0.47	0.49	0.49	0	0	0.47
76900	0.47	0.49	0.49	0	0	0.47
77000	0.47	0.49	0.49	0	0	0.47
77100	0.47	0.49	0.49	0	0	0.47
77200	0.47	0.49	0.49	0	0	0.47
77300	0.47	0.49	0.49	0	0	0.47
77400	0.47	0.49	0.49	0	0	0.47
77500	0.47	0.49	0.49	0	0	0.47
77600	0.47	0.49	0.49	0	0	0.47
77700	0.47	0.49	0.49	0	0	0.47
77800	0.47	0.49	0.49	0	0	0.47
77900	0.47	0.49	0.49	0	0	0.47
78000	0.47	0.49	0.49	0	0	0.47
78100	0.47	0.49	0.49	0	0	0.47
78200	0.47	0.48	0.48	0	0	0.47
78300	0.47	0.48	0.48	0	0	0.47
78400	0.47	0.48	0.48	0	0	0.47
78500	0.47	0.48	0.48	0	0	0.47
78600	0.47	0.48	0.48	0	0	0.47
78700	0.47	0.48	0.48	0	0	0.47
78800	0.47	0.49	0.49	0	0	0.47
78900	0.47	0.49	0.49	0	0	0.47
79000	0.47	0.49	0.49	0	0	0.47
79100	0.47	0.49	0.49	0	0	0.47
79200	0.47	0.48	0.48	0	0	0.47
79300	0.47	0.48	0.48	0	0	0.47
79400	0.47	0.48	0.48	0	0	0.47
79500	0.47	0.48	0.48	0	0	0.47
79600	0.47	0.47	0.47	0	0	0.47
79700	0.47	0.47	0.47	0	0	0.47
79800	0.47	0.47	0.47	0	0	0.47
79900	0.47	0.47	0.47	0	0	0.47
80000	0.47	0.47	0.47	0	0	0.47
80100	0.47	0.47	0.47	0	0	0.47
80200	0.47	0.47	0.47	0	0	0.47
80300	0.47	0.47	0.47	0	0	0.47
80400	0.47	0.47	0.47	0	0	0.47
80500	0.47	0.47	0.47	0	0	0.47
80600	0.47	0.47	0.47	0	0	0.47
80700	0.46	0.47	0.47	0	0	0.46
80800	0.46	0.47	0.47	0	0	0.46
80900	0.46	0.47	0.47	0	0	0.46
81000	0.46	0.47	0.47	0	0	0.46
81100	0.46	0.47	0.47	0	0	0.46
81200	0.46	0.47	0.47	0	0	0.46
81300	0.46	0.47	0.47	0	0	0.46
81400	0.45	0.47	0.47	0	0	0.45
81500	0.45	0.47	0.47	0	0	0.45
81600	0.45	0.47	0.47	0	0	0.45
81700	0.45	0.47	0.47	0	0	0.45
81800	0.45	0.48	0.48	0	0	0.45
81900	0.45	0.48	0.48	0	0	0.45
82000	0.45	0.48	0.48	0	0	0.45
82100	0.45	0.48	0.48	0	0	0.45
82200	0.45	0.48	0.48	0	0	0.45
82300	0.45	0.48	0.48	0	0	0.45
82400	0.45	0.48	0.48	0	0	0.45
82500	0.46	0.48	0.48	0	0	0.46
82600	0.46	0.48	0.48	0	0	0.46
82700	0.46	0.48	0.48	0	0	0.46
82800	0.46	0.48	0.48	0	0	0.46
82900	0.46	0.48	0.48	0	0	0.46
83000	0.46	0.49	0.49	0	0	0.46
83100	0.46	0.49	0.49	0	0	0.46
83200	0.46	0.49	0.49	0	0	0.46
83300	0.46	0.49	0.49	0	0	0.46
83400	0.46	0.49	0.49	0	0	0.46
83500	0.46	0.49	0.49	0	0	0.46
83600	0.46	0.49	0.49	0	0	0.46
83700	0.46	0.49	0.49	0	0	0.46
83800	0.46	0.49	0.49	0	0	0.46
83900	0.46	0.49	0.49	0	0	0.46
84000	0.45	0.49	0.49	0	0	0.45
84100	0.45	0.49	0.49	0	0	0.45
84200	0.45	0.49	0.49	0	0	0.45
84300	0.45	0.49	0.49	0	0	0.45
84400	0.45	0.49	0.49	0	0	0.45
84500	0.45	0.49	0.49	0	0	0.45
84600	0.45	0.49	0.49	0	0	0.45
84700	0.45	0.49	0.49	0	0	0.45
84800	0.45	0.49	0.49	0	0	0.45
84900	0.45	0.48	0.48	0	0	0.45
85000	0.45	0.48	0.48	0	0	0.45
85100	0.45	0.48	0.48	0	0	0.45
85200	0.45	0.48	0.48	0	0	0.45
85300	0.45	0.48	0.48	0	0	0.45
85400	0.45	0.48	0.48	0	0	0.45
85500	0.45	0.48	0.48	0	0	0.45
85600	0.45	0.48	0.48	0	0	0.45
85700	0.45	0.48	0.48	0	0	0.45
85800	0.45	0.48	0.48	0	0	0.45
85900	0.45	0.48	0.48	0	0	0.45
86000	0.45	0.48	0.48	0	0	0.45
86100	0.46	0.48	0.48	0	0	0.46
86200	0.46	0.48	0.48	0	0	0.46
86300	0.46	0.48	0.48	0	0	0.46
86400	0.46	0.48	0.48	0	0	0.46
86500	0.46	0.48	0.48	0	0	0.46
86600	0.46	0.48	0.48	0	0	0.46
86700	0.46	0.48	0.48	0	0	0.46
86800	0.46	0.47	0.47	0	0	0.46
86900	0.47	0.47	0.47	0	0	0.47
87000	0.47	0.47	0.47	0	0	0.47
87100	0.47	0.47	0.47	0	0	0.47
87200	0.47	0.46	0.46	0	0	0.47
87300	0.47	0.46	0.46	0	0	0.47
87400	0.47	0.46	0.46	0	0	0.47
87500	0.47	0.46	0.46	0	0	0.47
87600	0.47	0.46	0.46	0	0	0.47
87700	0.47	0.47	0.47	0	0	0.47
87800	0.47	0.47	0.47	0	0	0.47
87900	0.47	0.47	0.47	0	0	0.47
88000	0.47	0.47	0.47	0	0	0.47
88100	0.47	0.47	0.47	0	0	0.47
88200	0.47	0.47	0.47	0	0	0.47
88300	0.47	0.47	0.47	0	0	0.47
88400	0.47	0.47	0.47	0	0	0.47
88500	0.47	0.47	0.47	0	0	0.47
88600	0.47	0.47	0.47	0	0	0.47
88700	0.47	0.47	0.47	0	0	0.47
88800	0.47	0.47	0.47	0	0	0.47
88900	0.46	0.47	0.47	0	0	0.46
89000	0.46	0.47	0.47	0	0	0.46
89100	0.46	0.47	0.47	0	0	0.46
89200	0.46	0.47	0.47	0	0	0.46
89300	0.46	0.47	0.47	0	0	0.46
89400	0.46	0.48	0.48	0	0	0.46
89500	0.46	0.48	0.48	0	0	0.46
89600	0.46	0.48	0.48	0	0	0.46
89700	0.46	0.48	0.48	0	0	0.46
89800	0.46	0.48	0.48	0	0	0.46
89900	0.46	0.48	0.48	0	0	0.46
90000	0.46	0.48	0.48	0	0	0.46
90100	0.46	0.49	0.49	0	0	0.46
90200	0.46	0.49	0.49	0	0	0.46
90300	0.46	0.49	0.49	0	0	0.46
90400	0.46	0.49	0.49	0	0	0.46
90500	0.46	0.5	0.5	0	0	0.46
90600	0.46	0.49	0.49	0	0	0.46
90700	0.46	0.49	0.49	0	0	0.46
90800	0.46	0.49	0.49	0	0	0.46
90900	0.46	0.49	0.49	0	0	0.46
91000	0.46	0.49	0.49	0	0	0.46
91100	0.46	0.49	0.49	0	0	0.46
91200	0.46	0.49	0.49	0	0	0.46
91300	0.46	0.49	0.49	0	0	0.46
91400	0.46	0.49	0.49	0	0	0.46
91500	0.46	0.49	0.49	0	0	0.46
91600	0.46	0.49	0.49	0	0	0.46
91700	0.46	0.49	0.49	0	0	0.46
91800	0.46	0.49	0.49	0	0	0.46
91900	0.46	0.49	0.49	0	0	0.46
92000	0.46	0.49	0.49	0	0	0.46
92100	0.46	0.49	0.49	0	0	0.46
92200	0.46	0.49	0.49	0	0	0.46
92300	0.46	0.49	0.49	0	0	0.46
92400	0.46	0.5	0.5	0	0	0.46
92500	0.46	0.49	0.49	0	0	0.46
92600	0.46	0.48	0.48	0	0	0.46
92700	0.46	0.48	0.48	0	0	0.46
92800	0.46	0.48	0.48	0	0	0.46
92900	0.46	0.48	0.48	0	0	0.46
93000	0.47	0.47	0.47	0	0	0.47
93100	0.47	0.47	0.47	0	0	0.47
93200	0.47	0.48	0.48	0	0	0.47
93300	0.47	0.47	0.47	0	0	0.47
93400	0.47	0.47	0.47	0	0	0.47
93500	0.47	0.47	0.47	0	0	0.47
93600	0.47	0.47	0.47	0	0	0.47
93700	0.47	0.47	0.47	0	0	0.47
93800	0.47	0.47	0.47	0	0	0.47
93900	0.47	0.47	0.47	0	0	0.47
94000	0.47	0.47	0.47	0	0	0.47
94100	0.47	0.47	0.47	0	0	0.47
94200	0.47	0.47	0.47	0	0	0.47
94300	0.47	0.47	0.47	0	0	0.47
94400	0.46	0.47	0.47	0	0	0.46
94500	0.46	0.47	0.47	0	0	0.46
94600	0.46	0.47	0.47	0	0	0.46
94700	0.46	0.47	0.47	0	0	0.46
94800	0.46	0.47	0.47	0	0	0.46
94900	0.46	0.47	0.47	0	0	0.46
95000	0.46	0.47	0.47	0	0	0.46
95100	0.46	0.47	0.47	0	0	0.46
95200	0.46	0.47	0.47	0	0	0.46
95300	0.46	0.47	0.47	0	0	0.46
95400	0.46	0.47	0.47	0	0	0.46
95500	0.46	0.47	0.47	0	0	0.46
95600	0.46	0.47	0.47	0	0	0.46
95700	0.47	0.47	0.47	0	0	0.47
95800	0.47	0.47	0.47	0	0	0.47
95900	0.47	0.47	0.47	0	0	0.47
96000	0.47	0.47	0.47	0	0	0.47
96100	0.47	0.47	0.47	0	0	0.47
96200	0.47	0.47	0.47	0	0	0.47
96300	0.47	0.47	0.47	0	0	0.47
96400	0.45	0.47	0.47	0	0	0.45
96500	0.45	0.47	0.47	0	0	0.45
96600	0.45	0.47	0.47	0	0	0.45
96700	0.45	0.47	0.47	0	0	0.45
96800	0.45	0.47	0.47	0	0	0.45
96900	0.45	0.47	0.47	0	0	0.45
97000	0.45	0.47	0.47	0	0	0.45
97100	0.45	0.47	0.47	0	0	0.45
97200	0.45	0.47	0.47	0	0	0.45
97300	0.45	0.47	0.47	0	0	0.45
97400	0.45	0.48	0.48	0	0	0.45
97500	0.45	0.47	0.47	0	0	0.45
97600	0.45	0.47	0.47	0	0	0.45
97700	0.44	0.47	0.47	0	0	0.44
97800	0.44	0.47	0.47	0	0	0.44
97900	0.44	0.47	0.47	0	0	0.44
98000	0.44	0.47	0.47	0	0	0.44
98100	0.44	0.47	0.47	0	0	0.44
98200	0.43	0.47	0.47	0	0	0.43
98300	0.43	0.47	0.47	0	0	0.43
98400	0.43	0.47	0.47	0	0	0.43
98500	0.43	0.47	0.47	0	0	0.43
98600	0.43	0.47	0.47	0	0	0.43
98700	0.43	0.47	0.47	0	0	0.43
98800	0.43	0.47	0.47	0	0	0.43
98900	0.44	0.47	0.47	0	0	0.44
99000	0.44	0.47	0.47	0	0	0.44
99100	0.44	0.47	0.47	0	0	0.44
99200	0.44	0.47	0.47	0	0	0.44
99300	0.44	0.46	0.46	0	0	0.44
99400	0.44	0.46	0.46	0	0	0.44
99500	0.44	0.46	0.46	0	0	0.44
99600	0.44	0.46	0.46	0	0	0.44
99700	0.43	0.46	0.46	0	0	0.43
99800	0.43	0.46	0.46	0	0	0.43
99900	0.43	0.46	0.46	0	0	0.43
100000	0.44	0.47	0.47	0	0	0.44
