100	0.1	0.17	0.17	0	0	0.1
200	0.11	0.17	0.17	0	0	0.11
300	0.12	0.17	0.17	0	0	0.12
400	0.12	0.18	0.18	0	0	0.12
500	0.12	0.19	0.19	0	0	0.12
600	0.12	0.23	0.23	0	0	0.12
700	0.13	0.25	0.25	0	0	0.13
800	0.13	0.26	0.26	0	0	0.13
900	0.13	0.28	0.28	0	0	0.13
1000	0.13	0.3	0.3	0	0	0.13
1100	0.13	0.29	0.29	0	0	0.13
1200	0.14	0.29	0.29	0	0	0.14
1300	0.13	0.29	0.29	0	0	0.13
1400	0.14	0.31	0.31	0	0	0.14
1500	0.14	0.31	0.31	0	0	0.14
1600	0.14	0.31	0.31	0	0	0.14
1700	0.14	0.32	0.32	0	0	0.14
1800	0.14	0.32	0.32	0	0	0.14
1900	0.15	0.33	0.33	0	0	0.15
2000	0.15	0.34	0.34	0	0	0.15
2100	0.14	0.35	0.35	0	0	0.14
2200	0.15	0.36	0.36	0	0	0.15
2300	0.15	0.34	0.34	0	0	0.15
2400	0.15	0.35	0.35	0	0	0.15
2500	0.15	0.38	0.38	0	0	0.15
2600	0.16	0.38	0.38	0	0	0.16
2700	0.15	0.39	0.39	0	0	0.15
2800	0.15	0.41	0.41	0	0	0.15
2900	0.16	0.42	0.42	0	0	0.16
3000	0.16	0.42	0.42	0	0	0.16
3100	0.17	0.42	0.42	0	0	0.17
3200	0.17	0.43	0.43	0	0	0.17
3300	0.17	0.43	0.43	0	0	0.17
3400	0.17	0.45	0.45	0	0	0.17
3500	0.17	0.45	0.45	0	0	0.17
3600	0.18	0.44	0.44	0	0	0.18
3700	0.19	0.47	0.47	0	0	0.19
3800	0.19	0.46	0.46	0	0	0.19
3900	0.19	0.46	0.46	0	0	0.19
4000	0.19	0.46	0.46	0	0	0.19
4100	0.19	0.45	0.45	0	0	0.19
4200	0.2	0.44	0.44	0	0	0.2
4300	0.2	0.44	0.44	0	0	0.2
4400	0.2	0.43	0.43	0	0	0.2
4500	0.21	0.44	0.44	0	0	0.21
4600	0.21	0.45	0.45	0	0	0.21
4700	0.21	0.44	0.44	0	0	0.21
4800	0.21	0.43	0.43	0	0	0.21
4900	0.2	0.43	0.43	0	0	0.2
5000	0.2	0.43	0.43	0	0	0.2
5100	0.21	0.42	0.42	0	0	0.21
5200	0.21	0.42	0.42	0	0	0.21
5300	0.21	0.42	0.42	0	0	0.21
5400	0.21	0.41	0.41	0	0	0.21
5500	0.21	0.41	0.41	0	0	0.21
5600	0.21	0.41	0.41	0	0	0.21
5700	0.21	0.41	0.41	0	0	0.21
5800	0.21	0.41	0.41	0	0	0.21
5900	0.22	0.41	0.41	0	0	0.22
6000	0.22	0.41	0.41	0	0	0.22
6100	0.23	0.41	0.41	0	0	0.23
6200	0.24	0.41	0.41	0	0	0.24
6300	0.24	0.42	0.42	0	0	0.24
6400	0.23	0.42	0.42	0	0	0.23
6500	0.23	0.42	0.42	0	0	0.23
6600	0.23	0.43	0.43	0	0	0.23
6700	0.23	0.43	0.43	0	0	0.23
6800	0.23	0.44	0.44	0	0	0.23
6900	0.23	0.44	0.44	0	0	0.23
7000	0.24	0.44	0.44	0	0	0.24
7100	0.24	0.46	0.46	0	0	0.24
7200	0.24	0.47	0.47	0	0	0.24
7300	0.25	0.47	0.47	0	0	0.25
7400	0.26	0.47	0.47	0	0	0.26
7500	0.27	0.47	0.47	0	0	0.27
7600	0.27	0.47	0.47	0	0	0.27
7700	0.27	0.45	0.45	0	0	0.27
7800	0.27	0.44	0.44	0	0	0.27
7900	0.27	0.45	0.45	0	0	0.27
8000	0.29	0.45	0.45	0	0	0.29
8100	0.29	0.45	0.45	0	0	0.29
8200	0.29	0.45	0.45	0	0	0.29
8300	0.29	0.45	0.45	0	0	0.29
8400	0.3	0.45	0.45	0	0	0.3
8500	0.3	0.44	0.44	0	0	0.3
8600	0.3	0.44	0.44	0	0	0.3
8700	0.3	0.43	0.43	0	0	0.3
8800	0.3	0.43	0.43	0	0	0.3
8900	0.3	0.43	0.43	0	0	0.3
9000	0.3	0.42	0.42	0	0	0.3
9100	0.3	0.42	0.42	0	0	0.3
9200	0.31	0.42	0.42	0	0	0.31
9300	0.31	0.42	0.42	0	0	0.31
9400	0.31	0.42	0.42	0	0	0.31
9500	0.31	0.42	0.42	0	0	0.31
9600	0.32	0.41	0.41	0	0	0.32
9700	0.32	0.42	0.42	0	0	0.32
9800	0.32	0.42	0.42	0	0	0.32
9900	0.33	0.42	0.42	0	0	0.33
10000	0.33	0.42	0.42	0	0	0.33
10100	0.34	0.42	0.42	0	0	0.34
10200	0.33	0.42	0.42	0	0	0.33
10300	0.33	0.42	0.42	0	0	0.33
10400	0.33	0.41	0.41	0	0	0.33
10500	0.33	0.41	0.41	0	0	0.33
10600	0.33	0.41	0.41	0	0	0.33
10700	0.33	0.41	0.41	0	0	0.33
10800	0.33	0.41	0.41	0	0	0.33
10900	0.33	0.41	0.41	0	0	0.33
11000	0.34	0.41	0.41	0	0	0.34
11100	0.34	0.42	0.42	0	0	0.34
11200	0.34	0.42	0.42	0	0	0.34
11300	0.34	0.42	0.42	0	0	0.34
11400	0.34	0.42	0.42	0	0	0.34
11500	0.34	0.42	0.42	0	0	0.34
11600	0.33	0.43	0.43	0	0	0.33
11700	0.33	0.43	0.43	0	0	0.33
11800	0.34	0.43	0.43	0	0	0.34
11900	0.34	0.43	0.43	0	0	0.34
12000	0.34	0.43	0.43	0	0	0.34
12100	0.34	0.43	0.43	0	0	0.34
12200	0.34	0.43	0.43	0	0	0.34
12300	0.34	0.43	0.43	0	0	0.34
12400	0.34	0.43	0.43	0	0	0.34
12500	0.35	0.43	0.43	0	0	0.35
12600	0.34	0.43	0.43	0	0	0.34
12700	0.34	0.44	0.44	0	0	0.34
12800	0.34	0.46	0.46	0	0	0.34
12900	0.35	0.46	0.46	0	0	0.35
13000	0.35	0.46	0.46	0	0	0.35
13100	0.35	0.46	0.46	0	0	0.35
13200	0.35	0.46	0.46	0	0	0.35
13300	0.34	0.46	0.46	0	0	0.34
13400	0.34	0.46	0.46	0	0	0.34
13500	0.34	0.45	0.45	0	0	0.34
13600	0.34	0.45	0.45	0	0	0.34
13700	0.33	0.46	0.46	0	0	0.33
13800	0.32	0.45	0.45	0	0	0.32
13900	0.32	0.45	0.45	0	0	0.32
14000	0.31	0.44	0.44	0	0	0.31
14100	0.31	0.44	0.44	0	0	0.31
14200	0.31	0.44	0.44	0	0	0.31
14300	0.31	0.44	0.44	0	0	0.31
14400	0.32	0.44	0.44	0	0	0.32
14500	0.32	0.44	0.44	0	0	0.32
14600	0.32	0.44	0.44	0	0	0.32
14700	0.32	0.43	0.43	0	0	0.32
14800	0.32	0.43	0.43	0	0	0.32
14900	0.32	0.43	0.43	0	0	0.32
15000	0.32	0.43	0.43	0	0	0.32
15100	0.32	0.43	0.43	0	0	0.32
15200	0.32	0.43	0.43	0	0	0.32
15300	0.33	0.43	0.43	0	0	0.33
15400	0.33	0.43	0.43	0	0	0.33
15500	0.32	0.43	0.43	0	0	0.32
15600	0.32	0.43	0.43	0	0	0.32
15700	0.32	0.43	0.43	0	0	0.32
15800	0.33	0.43	0.43	0	0	0.33
15900	0.33	0.43	0.43	0	0	0.33
16000	0.33	0.43	0.43	0	0	0.33
16100	0.33	0.44	0.44	0	0	0.33
16200	0.33	0.45	0.45	0	0	0.33
16300	0.33	0.45	0.45	0	0	0.33
16400	0.33	0.45	0.45	0	0	0.33
16500	0.32	0.43	0.43	0	0	0.32
16600	0.32	0.43	0.43	0	0	0.32
16700	0.32	0.43	0.43	0	0	0.32
16800	0.33	0.43	0.43	0	0	0.33
16900	0.33	0.43	0.43	0	0	0.33
17000	0.33	0.43	0.43	0	0	0.33
17100	0.33	0.43	0.43	0	0	0.33
17200	0.33	0.43	0.43	0	0	0.33
17300	0.33	0.45	0.45	0	0	0.33
17400	0.33	0.45	0.45	0	0	0.33
17500	0.33	0.45	0.45	0	0	0.33
17600	0.33	0.45	0.45	0	0	0.33
17700	0.33	0.45	0.45	0	0	0.33
17800	0.33	0.45	0.45	0	0	0.33
17900	0.33	0.45	0.45	0	0	0.33
18000	0.33	0.46	0.46	0	0	0.33
18100	0.33	0.46	0.46	0	0	0.33
18200	0.33	0.46	0.46	0	0	0.33
18300	0.33	0.45	0.45	0	0	0.33
18400	0.33	0.45	0.45	0	0	0.33
18500	0.33	0.45	0.45	0	0	0.33
18600	0.33	0.45	0.45	0	0	0.33
18700	0.33	0.47	0.47	0	0	0.33
18800	0.34	0.48	0.48	0	0	0.34
18900	0.34	0.48	0.48	0	0	0.34
19000	0.34	0.48	0.48	0	0	0.34
19100	0.33	0.48	0.48	0	0	0.33
19200	0.33	0.49	0.49	0	0	0.33
19300	0.33	0.49	0.49	0	0	0.33
19400	0.33	0.5	0.5	0	0	0.33
19500	0.34	0.5	0.5	0	0	0.34
19600	0.34	0.5	0.5	0	0	0.34
19700	0.34	0.51	0.51	0	0	0.34
19800	0.34	0.51	0.51	0	0	0.34
19900	0.35	0.52	0.52	0	0	0.35
20000	0.35	0.52	0.52	0	0	0.35
20100	0.35	0.52	0.52	0	0	0.35
20200	0.35	0.52	0.52	0	0	0.35
20300	0.36	0.51	0.51	0	0	0.36
20400	0.36	0.51	0.51	0	0	0.36
20500	0.36	0.51	0.51	0	0	0.36
20600	0.36	0.51	0.51	0	0	0.36
20700	0.36	0.51	0.51	0	0	0.36
20800	0.36	0.5	0.5	0	0	0.36
20900	0.35	0.5	0.5	0	0	0.35
21000	0.35	0.5	0.5	0	0	0.35
21100	0.36	0.5	0.5	0	0	0.36
21200	0.35	0.5	0.5	0	0	0.35
21300	0.35	0.5	0.5	0	0	0.35
21400	0.36	0.5	0.5	0	0	0.36
21500	0.35	0.5	0.5	0	0	0.35
21600	0.35	0.5	0.5	0	0	0.35
21700	0.35	0.49	0.49	0	0	0.35
21800	0.35	0.49	0.49	0	0	0.35
21900	0.35	0.48	0.48	0	0	0.35
22000	0.35	0.48	0.48	0	0	0.35
22100	0.35	0.49	0.49	0	0	0.35
22200	0.36	0.49	0.49	0	0	0.36
22300	0.36	0.49	0.49	0	0	0.36
22400	0.36	0.49	0.49	0	0	0.36
22500	0.36	0.49	0.49	0	0	0.36
22600	0.36	0.49	0.49	0	0	0.36
22700	0.36	0.49	0.49	0	0	0.36
22800	0.36	0.49	0.49	0	0	0.36
22900	0.36	0.49	0.49	0	0	0.36
23000	0.37	0.49	0.49	0	0	0.37
23100	0.37	0.49	0.49	0	0	0.37
23200	0.37	0.49	0.49	0	0	0.37
23300	0.36	0.49	0.49	0	0	0.36
23400	0.36	0.49	0.49	0	0	0.36
23500	0.36	0.5	0.5	0	0	0.36
23600	0.36	0.5	0.5	0	0	0.36
23700	0.38	0.5	0.5	0	0	0.38
23800	0.38	0.49	0.49	0	0	0.38
23900	0.38	0.49	0.49	0	0	0.38
24000	0.38	0.49	0.49	0	0	0.38
24100	0.38	0.49	0.49	0	0	0.38
24200	0.38	0.49	0.49	0	0	0.38
24300	0.38	0.49	0.49	0	0	0.38
24400	0.38	0.49	0.49	0	0	0.38
24500	0.38	0.49	0.49	0	0	0.38
24600	0.38	0.49	0.49	0	0	0.38
24700	0.38	0.49	0.49	0	0	0.38
24800	0.38	0.5	0.5	0	0	0.38
24900	0.38	0.5	0.5	0	0	0.38
25000	0.38	0.49	0.49	0	0	0.38
25100	0.38	0.49	0.49	0	0	0.38
25200	0.38	0.49	0.49	0	0	0.38
25300	0.38	0.49	0.49	0	0	0.38
25400	0.38	0.49	0.49	0	0	0.38
25500	0.38	0.49	0.49	0	0	0.38
25600	0.38	0.49	0.49	0	0	0.38
25700	0.38	0.49	0.49	0	0	0.38
25800	0.38	0.49	0.49	0	0	0.38
25900	0.4	0.49	0.49	0	0	0.4
26000	0.4	0.49	0.49	0	0	0.4
26100	0.4	0.49	0.49	0	0	0.4
26200	0.4	0.49	0.49	0	0	0.4
26300	0.4	0.49	0.49	0	0	0.4
26400	0.4	0.49	0.49	0	0	0.4
26500	0.4	0.49	0.49	0	0	0.4
26600	0.4	0.49	0.49	0	0	0.4
26700	0.4	0.49	0.49	0	0	0.4
26800	0.4	0.49	0.49	0	0	0.4
26900	0.4	0.49	0.49	0	0	0.4
27000	0.4	0.49	0.49	0	0	0.4
27100	0.4	0.49	0.49	0	0	0.4
27200	0.4	0.49	0.49	0	0	0.4
27300	0.4	0.49	0.49	0	0	0.4
27400	0.4	0.49	0.49	0	0	0.4
27500	0.4	0.49	0.49	0	0	0.4
27600	0.4	0.49	0.49	0	0	0.4
27700	0.4	0.49	0.49	0	0	0.4
27800	0.4	0.49	0.49	0	0	0.4
27900	0.4	0.49	0.49	0	0	0.4
28000	0.4	0.49	0.49	0	0	0.4
28100	0.4	0.49	0.49	0	0	0.4
28200	0.4	0.5	0.5	0	0	0.4
28300	0.4	0.5	0.5	0	0	0.4
28400	0.4	0.5	0.5	0	0	0.4
28500	0.4	0.5	0.5	0	0	0.4
28600	0.4	0.5	0.5	0	0	0.4
28700	0.4	0.5	0.5	0	0	0.4
28800	0.4	0.5	0.5	0	0	0.4
28900	0.39	0.5	0.5	0	0	0.39
29000	0.39	0.5	0.5	0	0	0.39
29100	0.39	0.5	0.5	0	0	0.39
29200	0.38	0.5	0.5	0	0	0.38
29300	0.38	0.5	0.5	0	0	0.38
29400	0.37	0.5	0.5	0	0	0.37
29500	0.36	0.5	0.5	0	0	0.36
29600	0.36	0.5	0.5	0	0	0.36
29700	0.36	0.5	0.5	0	0	0.36
29800	0.36	0.5	0.5	0	0	0.36
29900	0.36	0.5	0.5	0	0	0.36
30000	0.36	0.5	0.5	0	0	0.36
30100	0.36	0.5	0.5	0	0	0.36
30200	0.36	0.5	0.5	0	0	0.36
30300	0.36	0.5	0.5	0	0	0.36
30400	0.36	0.5	0.5	0	0	0.36
30500	0.37	0.5	0.5	0	0	0.37
30600	0.37	0.49	0.49	0	0	0.37
30700	0.37	0.49	0.49	0	0	0.37
30800	0.37	0.49	0.49	0	0	0.37
30900	0.37	0.49	0.49	0	0	0.37
31000	0.37	0.49	0.49	0	0	0.37
31100	0.38	0.49	0.49	0	0	0.38
31200	0.38	0.49	0.49	0	0	0.38
31300	0.38	0.49	0.49	0	0	0.38
31400	0.38	0.49	0.49	0	0	0.38
31500	0.38	0.49	0.49	0	0	0.38
31600	0.38	0.48	0.48	0	0	0.38
31700	0.38	0.48	0.48	0	0	0.38
31800	0.38	0.48	0.48	0	0	0.38
31900	0.38	0.48	0.48	0	0	0.38
32000	0.38	0.48	0.48	0	0	0.38
32100	0.38	0.47	0.47	0	0	0.38
32200	0.38	0.47	0.47	0	0	0.38
32300	0.38	0.47	0.47	0	0	0.38
32400	0.38	0.47	0.47	0	0	0.38
32500	0.38	0.47	0.47	0	0	0.38
32600	0.38	0.47	0.47	0	0	0.38
32700	0.38	0.47	0.47	0	0	0.38
32800	0.38	0.46	0.46	0	0	0.38
32900	0.37	0.47	0.47	0	0	0.37
33000	0.37	0.47	0.47	0	0	0.37
33100	0.37	0.47	0.47	0	0	0.37
33200	0.37	0.48	0.48	0	0	0.37
33300	0.38	0.48	0.48	0	0	0.38
33400	0.38	0.48	0.48	0	0	0.38
33500	0.38	0.48	0.48	0	0	0.38
33600	0.38	0.49	0.49	0	0	0.38
33700	0.38	0.49	0.49	0	0	0.38
33800	0.38	0.49	0.49	0	0	0.38
33900	0.38	0.49	0.49	0	0	0.38
34000	0.38	0.5	0.5	0	0	0.38
34100	0.38	0.5	0.5	0	0	0.38
34200	0.39	0.5	0.5	0	0	0.39
34300	0.39	0.5	0.5	0	0	0.39
34400	0.39	0.5	0.5	0	0	0.39
34500	0.39	0.5	0.5	0	0	0.39
34600	0.39	0.5	0.5	0	0	0.39
34700	0.38	0.5	0.5	0	0	0.38
34800	0.38	0.5	0.5	0	0	0.38
34900	0.38	0.5	0.5	0	0	0.38
35000	0.38	0.5	0.5	0	0	0.38
35100	0.38	0.5	0.5	0	0	0.38
35200	0.38	0.5	0.5	0	0	0.38
35300	0.38	0.49	0.49	0	0	0.38
35400	0.38	0.49	0.49	0	0	0.38
35500	0.38	0.49	0.49	0	0	0.38
35600	0.38	0.49	0.49	0	0	0.38
35700	0.38	0.49	0.49	0	0	0.38
35800	0.38	0.49	0.49	0	0	0.38
35900	0.38	0.49	0.49	0	0	0.38
36000	0.38	0.49	0.49	0	0	0.38
36100	0.38	0.49	0.49	0	0	0.38
36200	0.38	0.49	0.49	0	0	0.38
36300	0.38	0.49	0.49	0	0	0.38
36400	0.38	0.49	0.49	0	0	0.38
36500	0.38	0.49	0.49	0	0	0.38
36600	0.38	0.5	0.5	0	0	0.38
36700	0.38	0.5	0.5	0	0	0.38
36800	0.38	0.5	0.5	0	0	0.38
36900	0.38	0.5	0.5	0	0	0.38
37000	0.39	0.5	0.5	0	0	0.39
37100	0.39	0.5	0.5	0	0	0.39
37200	0.39	0.5	0.5	0	0	0.39
37300	0.39	0.5	0.5	0	0	0.39
37400	0.39	0.5	0.5	0	0	0.39
37500	0.39	0.5	0.5	0	0	0.39
37600	0.39	0.5	0.5	0	0	0.39
37700	0.39	0.5	0.5	0	0	0.39
37800	0.39	0.5	0.5	0	0	0.39
37900	0.39	0.49	0.49	0	0	0.39
38000	0.39	0.49	0.49	0	0	0.39
38100	0.39	0.51	0.51	0	0	0.39
38200	0.39	0.5	0.5	0	0	0.39
38300	0.39	0.5	0.5	0	0	0.39
38400	0.39	0.5	0.5	0	0	0.39
38500	0.39	0.5	0.5	0	0	0.39
38600	0.39	0.5	0.5	0	0	0.39
38700	0.38	0.5	0.5	0	0	0.38
38800	0.38	0.5	0.5	0	0	0.38
38900	0.38	0.5	0.5	0	0	0.38
39000	0.38	0.5	0.5	0	0	0.38
39100	0.38	0.5	0.5	0	0	0.38
39200	0.37	0.5	0.5	0	0	0.37
39300	0.37	0.5	0.5	0	0	0.37
39400	0.37	0.5	0.5	0	0	0.37
39500	0.37	0.5	0.5	0	0	0.37
39600	0.37	0.5	0.5	0	0	0.37
39700	0.37	0.5	0.5	0	0	0.37
39800	0.37	0.5	0.5	0	0	0.37
39900	0.37	0.5	0.5	0	0	0.37
40000	0.37	0.51	0.51	0	0	0.37
40100	0.37	0.5	0.5	0	0	0.37
40200	0.37	0.5	0.5	0	0	0.37
40300	0.37	0.5	0.5	0	0	0.37
40400	0.37	0.49	0.49	0	0	0.37
40500	0.37	0.49	0.49	0	0	0.37
40600	0.37	0.48	0.48	0	0	0.37
40700	0.38	0.48	0.48	0	0	0.38
40800	0.37	0.48	0.48	0	0	0.37
40900	0.37	0.48	0.48	0	0	0.37
41000	0.37	0.48	0.48	0	0	0.37
41100	0.37	0.48	0.48	0	0	0.37
41200	0.37	0.48	0.48	0	0	0.37
41300	0.37	0.48	0.48	0	0	0.37
41400	0.37	0.48	0.48	0	0	0.37
41500	0.37	0.47	0.47	0	0	0.37
41600	0.37	0.47	0.47	0	0	0.37
41700	0.37	0.48	0.48	0	0	0.37
41800	0.37	0.47	0.47	0	0	0.37
41900	0.37	0.47	0.47	0	0	0.37
42000	0.37	0.47	0.47	0	0	0.37
42100	0.37	0.47	0.47	0	0	0.37
42200	0.37	0.47	0.47	0	0	0.37
42300	0.37	0.47	0.47	0	0	0.37
42400	0.37	0.48	0.48	0	0	0.37
42500	0.37	0.48	0.48	0	0	0.37
42600	0.37	0.48	0.48	0	0	0.37
42700	0.38	0.48	0.48	0	0	0.38
42800	0.37	0.49	0.49	0	0	0.37
42900	0.37	0.49	0.49	0	0	0.37
43000	0.37	0.49	0.49	0	0	0.37
43100	0.37	0.49	0.49	0	0	0.37
43200	0.37	0.49	0.49	0	0	0.37
43300	0.37	0.49	0.49	0	0	0.37
43400	0.37	0.5	0.5	0	0	0.37
43500	0.37	0.51	0.51	0	0	0.37
43600	0.37	0.51	0.51	0	0	0.37
43700	0.37	0.51	0.51	0	0	0.37
43800	0.37	0.5	0.5	0	0	0.37
43900	0.37	0.5	0.5	0	0	0.37
44000	0.37	0.5	0.5	0	0	0.37
44100	0.37	0.51	0.51	0	0	0.37
44200	0.37	0.51	0.51	0	0	0.37
44300	0.37	0.51	0.51	0	0	0.37
44400	0.37	0.51	0.51	0	0	0.37
44500	0.37	0.51	0.51	0	0	0.37
44600	0.37	0.52	0.52	0	0	0.37
44700	0.37	0.52	0.52	0	0	0.37
44800	0.37	0.51	0.51	0	0	0.37
44900	0.37	0.51	0.51	0	0	0.37
45000	0.37	0.51	0.51	0	0	0.37
45100	0.37	0.51	0.51	0	0	0.37
45200	0.37	0.51	0.51	0	0	0.37
45300	0.37	0.51	0.51	0	0	0.37
45400	0.37	0.51	0.51	0	0	0.37
45500	0.37	0.52	0.52	0	0	0.37
45600	0.37	0.52	0.52	0	0	0.37
45700	0.37	0.53	0.53	0	0	0.37
45800	0.37	0.54	0.54	0	0	0.37
45900	0.37	0.55	0.55	0	0	0.37
46000	0.37	0.54	0.54	0	0	0.37
46100	0.37	0.54	0.54	0	0	0.37
46200	0.37	0.54	0.54	0	0	0.37
46300	0.37	0.54	0.54	0	0	0.37
46400	0.37	0.54	0.54	0	0	0.37
46500	0.36	0.54	0.54	0	0	0.36
46600	0.36	0.53	0.53	0	0	0.36
46700	0.36	0.53	0.53	0	0	0.36
46800	0.36	0.52	0.52	0	0	0.36
46900	0.36	0.52	0.52	0	0	0.36
47000	0.36	0.52	0.52	0	0	0.36
47100	0.36	0.52	0.52	0	0	0.36
47200	0.36	0.52	0.52	0	0	0.36
47300	0.36	0.53	0.53	0	0	0.36
47400	0.36	0.53	0.53	0	0	0.36
47500	0.36	0.53	0.53	0	0	0.36
47600	0.36	0.52	0.52	0	0	0.36
47700	0.36	0.52	0.52	0	0	0.36
47800	0.37	0.51	0.51	0	0	0.37
47900	0.37	0.51	0.51	0	0	0.37
48000	0.37	0.51	0.51	0	0	0.37
48100	0.37	0.51	0.51	0	0	0.37
48200	0.37	0.51	0.51	0	0	0.37
48300	0.37	0.51	0.51	0	0	0.37
48400	0.37	0.51	0.51	0	0	0.37
48500	0.37	0.5	0.5	0	0	0.37
48600	0.37	0.5	0.5	0	0	0.37
48700	0.38	0.5	0.5	0	0	0.38
48800	0.38	0.5	0.5	0	0	0.38
48900	0.38	0.51	0.51	0	0	0.38
49000	0.38	0.51	0.51	0	0	0.38
49100	0.38	0.51	0.51	0	0	0.38
49200	0.38	0.51	0.51	0	0	0.38
49300	0.38	0.51	0.51	0	0	0.38
49400	0.38	0.51	0.51	0	0	0.38
49500	0.38	0.51	0.51	0	0	0.38
49600	0.38	0.51	0.51	0	0	0.38
49700	0.38	0.51	0.51	0	0	0.38
49800	0.38	0.5	0.5	0	0	0.38
49900	0.38	0.5	0.5	0	0	0.38
50000	0.38	0.5	0.5	0	0	0.38
50100	0.38	0.5	0.5	0	0	0.38
50200	0.38	0.5	0.5	0	0	0.38
50300	0.38	0.5	0.5	0	0	0.38
50400	0.38	0.5	0.5	0	0	0.38
50500	0.38	0.5	0.5	0	0	0.38
50600	0.38	0.51	0.51	0	0	0.38
50700	0.38	0.51	0.51	0	0	0.38
50800	0.38	0.51	0.51	0	0	0.38
50900	0.38	0.51	0.51	0	0	0.38
51000	0.38	0.51	0.51	0	0	0.38
51100	0.38	0.51	0.51	0	0	0.38
51200	0.38	0.5	0.5	0	0	0.38
51300	0.38	0.5	0.5	0	0	0.38
51400	0.38	0.5	0.5	0	0	0.38
51500	0.38	0.5	0.5	0	0	0.38
51600	0.38	0.5	0.5	0	0	0.38
51700	0.38	0.5	0.5	0	0	0.38
51800	0.38	0.5	0.5	0	0	0.38
51900	0.38	0.49	0.49	0	0	0.38
52000	0.38	0.5	0.5	0	0	0.38
52100	0.38	0.5	0.5	0	0	0.38
52200	0.38	0.5	0.5	0	0	0.38
52300	0.38	0.5	0.5	0	0	0.38
52400	0.38	0.5	0.5	0	0	0.38
52500	0.38	0.5	0.5	0	0	0.38
52600	0.38	0.5	0.5	0	0	0.38
52700	0.38	0.5	0.5	0	0	0.38
52800	0.38	0.5	0.5	0	0	0.38
52900	0.38	0.51	0.51	0	0	0.38
53000	0.38	0.51	0.51	0	0	0.38
53100	0.38	0.51	0.51	0	0	0.38
53200	0.38	0.52	0.52	0	0	0.38
53300	0.38	0.52	0.52	0	0	0.38
53400	0.38	0.52	0.52	0	0	0.38
53500	0.38	0.52	0.52	0	0	0.38
53600	0.37	0.52	0.52	0	0	0.37
53700	0.37	0.52	0.52	0	0	0.37
53800	0.37	0.52	0.52	0	0	0.37
53900	0.37	0.52	0.52	0	0	0.37
54000	0.37	0.51	0.51	0	0	0.37
54100	0.37	0.51	0.51	0	0	0.37
54200	0.37	0.51	0.51	0	0	0.37
54300	0.37	0.51	0.51	0	0	0.37
54400	0.37	0.51	0.51	0	0	0.37
54500	0.37	0.51	0.51	0	0	0.37
54600	0.37	0.51	0.51	0	0	0.37
54700	0.37	0.51	0.51	0	0	0.37
54800	0.37	0.51	0.51	0	0	0.37
54900	0.37	0.51	0.51	0	0	0.37
55000	0.37	0.51	0.51	0	0	0.37
55100	0.37	0.52	0.52	0	0	0.37
55200	0.36	0.51	0.51	0	0	0.36
55300	0.36	0.52	0.52	0	0	0.36
55400	0.36	0.52	0.52	0	0	0.36
55500	0.36	0.52	0.52	0	0	0.36
55600	0.36	0.52	0.52	0	0	0.36
55700	0.36	0.52	0.52	0	0	0.36
55800	0.36	0.52	0.52	0	0	0.36
55900	0.36	0.52	0.52	0	0	0.36
56000	0.36	0.52	0.52	0	0	0.36
56100	0.36	0.52	0.52	0	0	0.36
56200	0.36	0.52	0.52	0	0	0.36
56300	0.36	0.51	0.51	0	0	0.36
56400	0.36	0.51	0.51	0	0	0.36
56500	0.36	0.51	0.51	0	0	0.36
56600	0.36	0.51	0.51	0	0	0.36
56700	0.36	0.51	0.51	0	0	0.36
56800	0.36	0.51	0.51	0	0	0.36
56900	0.36	0.51	0.51	0	0	0.36
57000	0.35	0.51	0.51	0	0	0.35
57100	0.35	0.51	0.51	0	0	0.35
57200	0.35	0.51	0.51	0	0	0.35
57300	0.35	0.51	0.51	0	0	0.35
57400	0.35	0.51	0.51	0	0	0.35
57500	0.35	0.51	0.51	0	0	0.35
57600	0.35	0.51	0.51	0	0	0.35
57700	0.36	0.51	0.51	0	0	0.36
57800	0.36	0.51	0.51	0	0	0.36
57900	0.36	0.51	0.51	0	0	0.36
58000	0.35	0.51	0.51	0	0	0.35
58100	0.35	0.51	0.51	0	0	0.35
58200	0.35	0.51	0.51	0	0	0.35
58300	0.34	0.51	0.51	0	0	0.34
58400	0.34	0.51	0.51	0	0	0.34
58500	0.34	0.51	0.51	0	0	0.34
58600	0.34	0.52	0.52	0	0	0.34
58700	0.34	0.52	0.52	0	0	0.34
58800	0.35	0.52	0.52	0	0	0.35
58900	0.35	0.52	0.52	0	0	0.35
59000	0.35	0.52	0.52	0	0	0.35
59100	0.35	0.52	0.52	0	0	0.35
59200	0.36	0.52	0.52	0	0	0.36
59300	0.36	0.52	0.52	0	0	0.36
59400	0.36	0.52	0.52	0	0	0.36
59500	0.36	0.52	0.52	0	0	0.36
59600	0.36	0.52	0.52	0	0	0.36
59700	0.36	0.53	0.53	0	0	0.36
59800	0.36	0.52	0.52	0	0	0.36
59900	0.36	0.52	0.52	0	0	0.36
60000	0.36	0.53	0.53	0	0	0.36
60100	0.36	0.53	0.53	0	0	0.36
60200	0.36	0.53	0.53	0	0	0.36
60300	0.36	0.53	0.53	0	0	0.36
60400	0.36	0.53	0.53	0	0	0.36
60500	0.36	0.53	0.53	0	0	0.36
60600	0.36	0.53	0.53	0	0	0.36
60700	0.35	0.53	0.53	0	0	0.35
60800	0.35	0.53	0.53	0	0	0.35
60900	0.35	0.52	0.52	0	0	0.35
61000	0.35	0.52	0.52	0	0	0.35
61100	0.35	0.52	0.52	0	0	0.35
61200	0.35	0.52	0.52	0	0	0.35
61300	0.35	0.52	0.52	0	0	0.35
61400	0.35	0.52	0.52	0	0	0.35
61500	0.35	0.52	0.52	0	0	0.35
61600	0.36	0.52	0.52	0	0	0.36
61700	0.36	0.52	0.52	0	0	0.36
61800	0.36	0.52	0.52	0	0	0.36
61900	0.36	0.52	0.52	0	0	0.36
62000	0.36	0.52	0.52	0	0	0.36
62100	0.36	0.52	0.52	0	0	0.36
62200	0.36	0.52	0.52	0	0	0.36
62300	0.36	0.52	0.52	0	0	0.36
62400	0.36	0.52	0.52	0	0	0.36
62500	0.36	0.52	0.52	0	0	0.36
62600	0.36	0.52	0.52	0	0	0.36
62700	0.36	0.52	0.52	0	0	0.36
62800	0.36	0.52	0.52	0	0	0.36
62900	0.35	0.52	0.52	0	0	0.35
63000	0.35	0.52	0.52	0	0	0.35
63100	0.35	0.51	0.51	0	0	0.35
63200	0.35	0.51	0.51	0	0	0.35
63300	0.35	0.51	0.51	0	0	0.35
63400	0.35	0.51	0.51	0	0	0.35
63500	0.35	0.51	0.51	0	0	0.35
63600	0.35	0.51	0.51	0	0	0.35
63700	0.35	0.51	0.51	0	0	0.35
63800	0.35	0.51	0.51	0	0	0.35
63900	0.34	0.51	0.51	0	0	0.34
64000	0.34	0.51	0.51	0	0	0.34
64100	0.34	0.51	0.51	0	0	0.34
64200	0.34	0.51	0.51	0	0	0.34
64300	0.34	0.51	0.51	0	0	0.34
64400	0.34	0.52	0.52	0	0	0.34
64500	0.34	0.52	0.52	0	0	0.34
64600	0.34	0.51	0.51	0	0	0.34
64700	0.35	0.51	0.51	0	0	0.35
64800	0.35	0.51	0.51	0	0	0.35
64900	0.35	0.51	0.51	0	0	0.35
65000	0.35	0.52	0.52	0	0	0.35
65100	0.35	0.53	0.53	0	0	0.35
65200	0.35	0.53	0.53	0	0	0.35
65300	0.35	0.53	0.53	0	0	0.35
65400	0.35	0.53	0.53	0	0	0.35
65500	0.35	0.53	0.53	0	0	0.35
65600	0.35	0.53	0.53	0	0	0.35
65700	0.35	0.53	0.53	0	0	0.35
65800	0.35	0.53	0.53	0	0	0.35
65900	0.35	0.53	0.53	0	0	0.35
66000	0.35	0.52	0.52	0	0	0.35
66100	0.35	0.52	0.52	0	0	0.35
66200	0.36	0.52	0.52	0	0	0.36
66300	0.36	0.52	0.52	0	0	0.36
66400	0.36	0.52	0.52	0	0	0.36
66500	0.36	0.52	0.52	0	0	0.36
66600	0.36	0.52	0.52	0	0	0.36
66700	0.36	0.52	0.52	0	0	0.36
66800	0.36	0.52	0.52	0	0	0.36
66900	0.36	0.51	0.51	0	0	0.36
67000	0.36	0.51	0.51	0	0	0.36
67100	0.36	0.51	0.51	0	0	0.36
67200	0.36	0.51	0.51	0	0	0.36
67300	0.36	0.51	0.51	0	0	0.36
67400	0.36	0.51	0.51	0	0	0.36
67500	0.37	0.51	0.51	0	0	0.37
67600	0.36	0.51	0.51	0	0	0.36
67700	0.36	0.51	0.51	0	0	0.36
67800	0.36	0.51	0.51	0	0	0.36
67900	0.36	0.5	0.5	0	0	0.36
68000	0.36	0.5	0.5	0	0	0.36
68100	0.36	0.5	0.5	0	0	0.36
68200	0.36	0.5	0.5	0	0	0.36
68300	0.36	0.5	0.5	0	0	0.36
68400	0.36	0.5	0.5	0	0	0.36
68500	0.36	0.5	0.5	0	0	0.36
68600	0.37	0.51	0.51	0	0	0.37
68700	0.37	0.51	0.51	0	0	0.37
68800	0.37	0.5	0.5	0	0	0.37
68900	0.37	0.5	0.5	0	0	0.37
69000	0.37	0.5	0.5	0	0	0.37
69100	0.37	0.5	0.5	0	0	0.37
69200	0.37	0.5	0.5	0	0	0.37
69300	0.37	0.5	0.5	0	0	0.37
69400	0.37	0.5	0.5	0	0	0.37
69500	0.37	0.5	0.5	0	0	0.37
69600	0.37	0.5	0.5	0	0	0.37
69700	0.37	0.5	0.5	0	0	0.37
69800	0.37	0.51	0.51	0	0	0.37
69900	0.37	0.5	0.5	0	0	0.37
70000	0.37	0.5	0.5	0	0	0.37
70100	0.37	0.5	0.5	0	0	0.37
70200	0.36	0.51	0.51	0	0	0.36
70300	0.36	0.51	0.51	0	0	0.36
70400	0.36	0.51	0.51	0	0	0.36
70500	0.36	0.51	0.51	0	0	0.36
70600	0.36	0.51	0.51	0	0	0.36
70700	0.36	0.5	0.5	0	0	0.36
70800	0.36	0.5	0.5	0	0	0.36
70900	0.36	0.5	0.5	0	0	0.36
71000	0.36	0.5	0.5	0	0	0.36
71100	0.36	0.51	0.51	0	0	0.36
71200	0.37	0.52	0.52	0	0	0.37
71300	0.37	0.51	0.51	0	0	0.37
71400	0.37	0.5	0.5	0	0	0.37
71500	0.37	0.5	0.5	0	0	0.37
71600	0.37	0.5	0.5	0	0	0.37
71700	0.37	0.5	0.5	0	0	0.37
71800	0.37	0.51	0.51	0	0	0.37
71900	0.37	0.51	0.51	0	0	0.37
72000	0.37	0.51	0.51	0	0	0.37
72100	0.37	0.51	0.51	0	0	0.37
72200	0.37	0.51	0.51	0	0	0.37
72300	0.37	0.51	0.51	0	0	0.37
72400	0.37	0.51	0.51	0	0	0.37
72500	0.37	0.51	0.51	0	0	0.37
72600	0.37	0.51	0.51	0	0	0.37
72700	0.37	0.51	0.51	0	0	0.37
72800	0.38	0.51	0.51	0	0	0.38
72900	0.37	0.51	0.51	0	0	0.37
73000	0.37	0.51	0.51	0	0	0.37
73100	0.38	0.51	0.51	0	0	0.38
73200	0.38	0.51	0.51	0	0	0.38
73300	0.38	0.51	0.51	0	0	0.38
73400	0.38	0.51	0.51	0	0	0.38
73500	0.38	0.51	0.51	0	0	0.38
73600	0.38	0.51	0.51	0	0	0.38
73700	0.38	0.51	0.51	0	0	0.38
73800	0.38	0.51	0.51	0	0	0.38
73900	0.38	0.51	0.51	0	0	0.38
74000	0.38	0.51	0.51	0	0	0.38
74100	0.38	0.51	0.51	0	0	0.38
74200	0.38	0.51	0.51	0	0	0.38
74300	0.38	0.51	0.51	0	0	0.38
74400	0.38	0.52	0.52	0	0	0.38
74500	0.38	0.52	0.52	0	0	0.38
74600	0.38	0.52	0.52	0	0	0.38
74700	0.39	0.52	0.52	0	0	0.39
74800	0.37	0.51	0.51	0	0	0.37
74900	0.37	0.51	0.51	0	0	0.37
75000	0.37	0.51	0.51	0	0	0.37
75100	0.37	0.51	0.51	0	0	0.37
75200	0.37	0.51	0.51	0	0	0.37
75300	0.37	0.51	0.51	0	0	0.37
75400	0.37	0.51	0.51	0	0	0.37
75500	0.37	0.51	0.51	0	0	0.37
75600	0.37	0.51	0.51	0	0	0.37
75700	0.36	0.51	0.51	0	0	0.36
75800	0.36	0.51	0.51	0	0	0.36
75900	0.36	0.51	0.51	0	0	0.36
76000	0.36	0.51	0.51	0	0	0.36
76100	0.36	0.51	0.51	0	0	0.36
76200	0.36	0.51	0.51	0	0	0.36
76300	0.36	0.51	0.51	0	0	0.36
76400	0.36	0.51	0.51	0	0	0.36
76500	0.36	0.51	0.51	0	0	0.36
76600	0.36	0.51	0.51	0	0	0.36
76700	0.36	0.51	0.51	0	0	0.36
76800	0.36	0.51	0.51	0	0	0.36
76900	0.36	0.51	0.51	0	0	0.36
77000	0.36	0.51	0.51	0	0	0.36
77100	0.36	0.51	0.51	0	0	0.36
77200	0.36	0.51	0.51	0	0	0.36
77300	0.36	0.52	0.52	0	0	0.36
77400	0.36	0.52	0.52	0	0	0.36
77500	0.36	0.52	0.52	0	0	0.36
77600	0.36	0.52	0.52	0	0	0.36
77700	0.36	0.52	0.52	0	0	0.36
77800	0.36	0.51	0.51	0	0	0.36
77900	0.36	0.51	0.51	0	0	0.36
78000	0.36	0.51	0.51	0	0	0.36
78100	0.35	0.51	0.51	0	0	0.35
78200	0.34	0.51	0.51	0	0	0.34
78300	0.34	0.51	0.51	0	0	0.34
78400	0.35	0.51	0.51	0	0	0.35
78500	0.35	0.51	0.51	0	0	0.35
78600	0.35	0.51	0.51	0	0	0.35
78700	0.35	0.51	0.51	0	0	0.35
78800	0.35	0.52	0.52	0	0	0.35
78900	0.36	0.52	0.52	0	0	0.36
79000	0.36	0.52	0.52	0	0	0.36
79100	0.36	0.52	0.52	0	0	0.36
79200	0.36	0.52	0.52	0	0	0.36
79300	0.36	0.52	0.52	0	0	0.36
79400	0.36	0.52	0.52	0	0	0.36
79500	0.36	0.52	0.52	0	0	0.36
79600	0.36	0.53	0.53	0	0	0.36
79700	0.36	0.53	0.53	0	0	0.36
79800	0.36	0.53	0.53	0	0	0.36
79900	0.36	0.53	0.53	0	0	0.36
80000	0.36	0.53	0.53	0	0	0.36
80100	0.36	0.53	0.53	0	0	0.36
80200	0.36	0.53	0.53	0	0	0.36
80300	0.35	0.53	0.53	0	0	0.35
80400	0.35	0.53	0.53	0	0	0.35
80500	0.35	0.53	0.53	0	0	0.35
80600	0.34	0.53	0.53	0	0	0.34
80700	0.34	0.53	0.53	0	0	0.34
80800	0.34	0.53	0.53	0	0	0.34
80900	0.34	0.53	0.53	0	0	0.34
81000	0.34	0.53	0.53	0	0	0.34
81100	0.34	0.53	0.53	0	0	0.34
81200	0.34	0.53	0.53	0	0	0.34
81300	0.35	0.53	0.53	0	0	0.35
81400	0.35	0.53	0.53	0	0	0.35
81500	0.35	0.53	0.53	0	0	0.35
81600	0.35	0.53	0.53	0	0	0.35
81700	0.35	0.53	0.53	0	0	0.35
81800	0.36	0.53	0.53	0	0	0.36
81900	0.36	0.53	0.53	0	0	0.36
82000	0.36	0.53	0.53	0	0	0.36
82100	0.37	0.53	0.53	0	0	0.37
82200	0.37	0.53	0.53	0	0	0.37
82300	0.37	0.53	0.53	0	0	0.37
82400	0.38	0.53	0.53	0	0	0.38
82500	0.38	0.53	0.53	0	0	0.38
82600	0.38	0.53	0.53	0	0	0.38
82700	0.39	0.53	0.53	0	0	0.39
82800	0.39	0.53	0.53	0	0	0.39
82900	0.4	0.53	0.53	0	0	0.4
83000	0.4	0.53	0.53	0	0	0.4
83100	0.4	0.53	0.53	0	0	0.4
83200	0.4	0.53	0.53	0	0	0.4
83300	0.4	0.53	0.53	0	0	0.4
83400	0.4	0.53	0.53	0	0	0.4
83500	0.4	0.53	0.53	0	0	0.4
83600	0.4	0.54	0.54	0	0	0.4
83700	0.4	0.54	0.54	0	0	0.4
83800	0.4	0.54	0.54	0	0	0.4
83900	0.41	0.54	0.54	0	0	0.41
84000	0.41	0.54	0.54	0	0	0.41
84100	0.41	0.54	0.54	0	0	0.41
84200	0.42	0.54	0.54	0	0	0.42
84300	0.42	0.54	0.54	0	0	0.42
84400	0.42	0.54	0.54	0	0	0.42
84500	0.42	0.54	0.54	0	0	0.42
84600	0.42	0.54	0.54	0	0	0.42
84700	0.42	0.53	0.53	0	0	0.42
84800	0.41	0.53	0.53	0	0	0.41
84900	0.4	0.53	0.53	0	0	0.4
85000	0.4	0.53	0.53	0	0	0.4
85100	0.4	0.53	0.53	0	0	0.4
85200	0.4	0.53	0.53	0	0	0.4
85300	0.4	0.53	0.53	0	0	0.4
85400	0.4	0.53	0.53	0	0	0.4
85500	0.39	0.53	0.53	0	0	0.39
85600	0.39	0.53	0.53	0	0	0.39
85700	0.39	0.53	0.53	0	0	0.39
85800	0.4	0.53	0.53	0	0	0.4
85900	0.4	0.53	0.53	0	0	0.4
86000	0.4	0.53	0.53	0	0	0.4
86100	0.39	0.53	0.53	0	0	0.39
86200	0.39	0.53	0.53	0	0	0.39
86300	0.39	0.53	0.53	0	0	0.39
86400	0.39	0.53	0.53	0	0	0.39
86500	0.39	0.53	0.53	0	0	0.39
86600	0.39	0.54	0.54	0	0	0.39
86700	0.39	0.54	0.54	0	0	0.39
86800	0.39	0.54	0.54	0	0	0.39
86900	0.39	0.54	0.54	0	0	0.39
87000	0.39	0.54	0.54	0	0	0.39
87100	0.38	0.54	0.54	0	0	0.38
87200	0.38	0.54	0.54	0	0	0.38
87300	0.38	0.54	0.54	0	0	0.38
87400	0.38	0.54	0.54	0	0	0.38
87500	0.38	0.54	0.54	0	0	0.38
87600	0.37	0.54	0.54	0	0	0.37
87700	0.37	0.54	0.54	0	0	0.37
87800	0.37	0.54	0.54	0	0	0.37
87900	0.35	0.54	0.54	0	0	0.35
88000	0.35	0.54	0.54	0	0	0.35
88100	0.35	0.54	0.54	0	0	0.35
88200	0.35	0.54	0.54	0	0	0.35
88300	0.35	0.54	0.54	0	0	0.35
88400	0.35	0.54	0.54	0	0	0.35
88500	0.35	0.54	0.54	0	0	0.35
88600	0.34	0.54	0.54	0	0	0.34
88700	0.34	0.54	0.54	0	0	0.34
88800	0.34	0.54	0.54	0	0	0.34
88900	0.34	0.54	0.54	0	0	0.34
89000	0.34	0.54	0.54	0	0	0.34
89100	0.34	0.54	0.54	0	0	0.34
89200	0.34	0.54	0.54	0	0	0.34
89300	0.34	0.54	0.54	0	0	0.34
89400	0.34	0.54	0.54	0	0	0.34
89500	0.34	0.54	0.54	0	0	0.34
89600	0.34	0.54	0.54	0	0	0.34
89700	0.34	0.54	0.54	0	0	0.34
89800	0.34	0.54	0.54	0	0	0.34
89900	0.34	0.55	0.55	0	0	0.34
90000	0.34	0.55	0.55	0	0	0.34
90100	0.34	0.55	0.55	0	0	0.34
90200	0.34	0.55	0.55	0	0	0.34
90300	0.34	0.55	0.55	0	0	0.34
90400	0.34	0.55	0.55	0	0	0.34
90500	0.34	0.55	0.55	0	0	0.34
90600	0.34	0.55	0.55	0	0	0.34
90700	0.34	0.55	0.55	0	0	0.34
90800	0.34	0.55	0.55	0	0	0.34
90900	0.34	0.55	0.55	0	0	0.34
91000	0.34	0.55	0.55	0	0	0.34
91100	0.34	0.55	0.55	0	0	0.34
91200	0.34	0.55	0.55	0	0	0.34
91300	0.34	0.55	0.55	0	0	0.34
91400	0.34	0.55	0.55	0	0	0.34
91500	0.35	0.55	0.55	0	0	0.35
91600	0.34	0.55	0.55	0	0	0.34
91700	0.34	0.55	0.55	0	0	0.34
91800	0.35	0.55	0.55	0	0	0.35
91900	0.35	0.55	0.55	0	0	0.35
92000	0.35	0.55	0.55	0	0	0.35
92100	0.36	0.55	0.55	0	0	0.36
92200	0.36	0.55	0.55	0	0	0.36
92300	0.36	0.55	0.55	0	0	0.36
92400	0.36	0.55	0.55	0	0	0.36
92500	0.36	0.55	0.55	0	0	0.36
92600	0.37	0.55	0.55	0	0	0.37
92700	0.37	0.55	0.55	0	0	0.37
92800	0.37	0.56	0.56	0	0	0.37
92900	0.37	0.56	0.56	0	0	0.37
93000	0.38	0.56	0.56	0	0	0.38
93100	0.38	0.56	0.56	0	0	0.38
93200	0.38	0.56	0.56	0	0	0.38
93300	0.38	0.56	0.56	0	0	0.38
93400	0.38	0.56	0.56	0	0	0.38
93500	0.38	0.56	0.56	0	0	0.38
93600	0.38	0.56	0.56	0	0	0.38
93700	0.38	0.56	0.56	0	0	0.38
93800	0.38	0.56	0.56	0	0	0.38
93900	0.39	0.56	0.56	0	0	0.39
94000	0.39	0.56	0.56	0	0	0.39
94100	0.39	0.56	0.56	0	0	0.39
94200	0.39	0.56	0.56	0	0	0.39
94300	0.38	0.56	0.56	0	0	0.38
94400	0.38	0.56	0.56	0	0	0.38
94500	0.38	0.56	0.56	0	0	0.38
94600	0.38	0.56	0.56	0	0	0.38
94700	0.38	0.56	0.56	0	0	0.38
94800	0.38	0.56	0.56	0	0	0.38
94900	0.38	0.56	0.56	0	0	0.38
95000	0.38	0.56	0.56	0	0	0.38
95100	0.38	0.56	0.56	0	0	0.38
95200	0.39	0.56	0.56	0	0	0.39
95300	0.39	0.56	0.56	0	0	0.39
95400	0.39	0.56	0.56	0	0	0.39
95500	0.39	0.56	0.56	0	0	0.39
95600	0.39	0.56	0.56	0	0	0.39
95700	0.39	0.56	0.56	0	0	0.39
95800	0.39	0.56	0.56	0	0	0.39
95900	0.39	0.56	0.56	0	0	0.39
96000	0.39	0.56	0.56	0	0	0.39
96100	0.39	0.56	0.56	0	0	0.39
96200	0.39	0.56	0.56	0	0	0.39
96300	0.39	0.56	0.56	0	0	0.39
96400	0.39	0.56	0.56	0	0	0.39
96500	0.39	0.56	0.56	0	0	0.39
96600	0.39	0.56	0.56	0	0	0.39
96700	0.39	0.56	0.56	0	0	0.39
96800	0.39	0.56	0.56	0	0	0.39
96900	0.38	0.56	0.56	0	0	0.38
97000	0.37	0.56	0.56	0	0	0.37
97100	0.37	0.56	0.56	0	0	0.37
97200	0.37	0.56	0.56	0	0	0.37
97300	0.37	0.56	0.56	0	0	0.37
97400	0.37	0.56	0.56	0	0	0.37
97500	0.37	0.56	0.56	0	0	0.37
97600	0.37	0.56	0.56	0	0	0.37
97700	0.37	0.56	0.56	0	0	0.37
97800	0.37	0.56	0.56	0	0	0.37
97900	0.37	0.56	0.56	0	0	0.37
98000	0.37	0.56	0.56	0	0	0.37
98100	0.37	0.56	0.56	0	0	0.37
98200	0.38	0.56	0.56	0	0	0.38
98300	0.38	0.56	0.56	0	0	0.38
98400	0.38	0.56	0.56	0	0	0.38
98500	0.38	0.56	0.56	0	0	0.38
98600	0.38	0.56	0.56	0	0	0.38
98700	0.38	0.56	0.56	0	0	0.38
98800	0.38	0.56	0.56	0	0	0.38
98900	0.38	0.56	0.56	0	0	0.38
99000	0.38	0.57	0.57	0	0	0.38
99100	0.38	0.57	0.57	0	0	0.38
99200	0.38	0.57	0.57	0	0	0.38
99300	0.38	0.57	0.57	0	0	0.38
99400	0.38	0.57	0.57	0	0	0.38
99500	0.38	0.57	0.57	0	0	0.38
99600	0.38	0.57	0.57	0	0	0.38
99700	0.38	0.57	0.57	0	0	0.38
99800	0.38	0.57	0.57	0	0	0.38
99900	0.38	0.57	0.57	0	0	0.38
100000	0.38	0.57	0.57	0	0	0.38
