100	0.07	0.11	0.11	0	0	0.07
200	0.07	0.16	0.16	0	0	0.07
300	0.08	0.18	0.18	0	0	0.08
400	0.1	0.19	0.19	0	0	0.1
500	0.1	0.19	0.19	0	0	0.1
600	0.09	0.19	0.19	0	0	0.09
700	0.1	0.2	0.2	0	0	0.1
800	0.11	0.21	0.21	0	0	0.11
900	0.1	0.22	0.22	0	0	0.1
1000	0.12	0.24	0.24	0	0	0.12
1100	0.12	0.24	0.24	0	0	0.12
1200	0.12	0.26	0.26	0	0	0.12
1300	0.12	0.28	0.28	0	0	0.12
1400	0.12	0.28	0.28	0	0	0.12
1500	0.12	0.28	0.28	0	0	0.12
1600	0.12	0.28	0.28	0	0	0.12
1700	0.13	0.3	0.3	0	0	0.13
1800	0.14	0.3	0.3	0	0	0.14
1900	0.14	0.3	0.3	0	0	0.14
2000	0.15	0.31	0.31	0	0	0.15
2100	0.15	0.31	0.31	0	0	0.15
2200	0.14	0.33	0.33	0	0	0.14
2300	0.15	0.34	0.34	0	0	0.15
2400	0.16	0.34	0.34	0	0	0.16
2500	0.18	0.35	0.35	0	0	0.18
2600	0.17	0.34	0.34	0	0	0.17
2700	0.17	0.35	0.35	0	0	0.17
2800	0.17	0.37	0.37	0	0	0.17
2900	0.18	0.37	0.37	0	0	0.18
3000	0.18	0.36	0.36	0	0	0.18
3100	0.19	0.37	0.37	0	0	0.19
3200	0.2	0.37	0.37	0	0	0.2
3300	0.21	0.37	0.37	0	0	0.21
3400	0.21	0.38	0.38	0	0	0.21
3500	0.21	0.38	0.38	0	0	0.21
3600	0.21	0.39	0.39	0	0	0.21
3700	0.21	0.39	0.39	0	0	0.21
3800	0.21	0.4	0.4	0	0	0.21
3900	0.21	0.41	0.41	0	0	0.21
4000	0.22	0.42	0.42	0	0	0.22
4100	0.23	0.43	0.43	0	0	0.23
4200	0.24	0.42	0.42	0	0	0.24
4300	0.24	0.43	0.43	0	0	0.24
4400	0.25	0.43	0.43	0	0	0.25
4500	0.25	0.44	0.44	0	0	0.25
4600	0.26	0.44	0.44	0	0	0.26
4700	0.26	0.44	0.44	0	0	0.26
4800	0.27	0.44	0.44	0	0	0.27
4900	0.27	0.45	0.45	0	0	0.27
5000	0.27	0.45	0.45	0	0	0.27
5100	0.27	0.45	0.45	0	0	0.27
5200	0.28	0.47	0.47	0	0	0.28
5300	0.28	0.46	0.46	0	0	0.28
5400	0.28	0.47	0.47	0	0	0.28
5500	0.28	0.47	0.47	0	0	0.28
5600	0.28	0.47	0.47	0	0	0.28
5700	0.28	0.47	0.47	0	0	0.28
5800	0.28	0.49	0.49	0	0	0.28
5900	0.28	0.49	0.49	0	0	0.28
6000	0.28	0.48	0.48	0	0	0.28
6100	0.28	0.48	0.48	0	0	0.28
6200	0.28	0.48	0.48	0	0	0.28
6300	0.28	0.48	0.48	0	0	0.28
6400	0.28	0.47	0.47	0	0	0.28
6500	0.28	0.47	0.47	0	0	0.28
6600	0.28	0.47	0.47	0	0	0.28
6700	0.28	0.47	0.47	0	0	0.28
6800	0.29	0.47	0.47	0	0	0.29
6900	0.28	0.47	0.47	0	0	0.28
7000	0.3	0.47	0.47	0	0	0.3
7100	0.29	0.47	0.47	0	0	0.29
7200	0.29	0.48	0.48	0	0	0.29
7300	0.29	0.47	0.47	0	0	0.29
7400	0.29	0.47	0.47	0	0	0.29
7500	0.29	0.46	0.46	0	0	0.29
7600	0.3	0.46	0.46	0	0	0.3
7700	0.32	0.46	0.46	0	0	0.32
7800	0.32	0.46	0.46	0	0	0.32
7900	0.32	0.46	0.46	0	0	0.32
8000	0.32	0.47	0.47	0	0	0.32
8100	0.32	0.45	0.45	0	0	0.32
8200	0.32	0.45	0.45	0	0	0.32
8300	0.32	0.45	0.45	0	0	0.32
8400	0.32	0.44	0.44	0	0	0.32
8500	0.33	0.43	0.43	0	0	0.33
8600	0.34	0.43	0.43	0	0	0.34
8700	0.35	0.41	0.41	0	0	0.35
8800	0.35	0.41	0.41	0	0	0.35
8900	0.35	0.42	0.42	0	0	0.35
9000	0.35	0.42	0.42	0	0	0.35
9100	0.35	0.42	0.42	0	0	0.35
9200	0.35	0.43	0.43	0	0	0.35
9300	0.35	0.44	0.44	0	0	0.35
9400	0.35	0.46	0.46	0	0	0.35
9500	0.36	0.45	0.45	0	0	0.36
9600	0.35	0.45	0.45	0	0	0.35
9700	0.35	0.45	0.45	0	0	0.35
9800	0.35	0.45	0.45	0	0	0.35
9900	0.34	0.45	0.45	0	0	0.34
10000	0.34	0.44	0.44	0	0	0.34
10100	0.35	0.44	0.44	0	0	0.35
10200	0.35	0.43	0.43	0	0	0.35
10300	0.35	0.42	0.42	0	0	0.35
10400	0.35	0.42	0.42	0	0	0.35
10500	0.35	0.43	0.43	0	0	0.35
10600	0.35	0.43	0.43	0	0	0.35
10700	0.35	0.43	0.43	0	0	0.35
10800	0.35	0.43	0.43	0	0	0.35
10900	0.35	0.44	0.44	0	0	0.35
11000	0.34	0.44	0.44	0	0	0.34
11100	0.34	0.44	0.44	0	0	0.34
11200	0.35	0.44	0.44	0	0	0.35
11300	0.35	0.44	0.44	0	0	0.35
11400	0.35	0.45	0.45	0	0	0.35
11500	0.35	0.45	0.45	0	0	0.35
11600	0.35	0.44	0.44	0	0	0.35
11700	0.35	0.44	0.44	0	0	0.35
11800	0.35	0.44	0.44	0	0	0.35
11900	0.35	0.44	0.44	0	0	0.35
12000	0.35	0.44	0.44	0	0	0.35
12100	0.35	0.45	0.45	0	0	0.35
12200	0.35	0.45	0.45	0	0	0.35
12300	0.35	0.45	0.45	0	0	0.35
12400	0.35	0.45	0.45	0	0	0.35
12500	0.35	0.46	0.46	0	0	0.35
12600	0.35	0.46	0.46	0	0	0.35
12700	0.34	0.46	0.46	0	0	0.34
12800	0.35	0.47	0.47	0	0	0.35
12900	0.35	0.47	0.47	0	0	0.35
13000	0.36	0.48	0.48	0	0	0.36
13100	0.36	0.48	0.48	0	0	0.36
13200	0.37	0.48	0.48	0	0	0.37
13300	0.36	0.48	0.48	0	0	0.36
13400	0.38	0.48	0.48	0	0	0.38
13500	0.37	0.48	0.48	0	0	0.37
13600	0.37	0.48	0.48	0	0	0.37
13700	0.37	0.48	0.48	0	0	0.37
13800	0.37	0.48	0.48	0	0	0.37
13900	0.37	0.47	0.47	0	0	0.37
14000	0.37	0.47	0.47	0	0	0.37
14100	0.37	0.47	0.47	0	0	0.37
14200	0.38	0.47	0.47	0	0	0.38
14300	0.39	0.47	0.47	0	0	0.39
14400	0.4	0.48	0.48	0	0	0.4
14500	0.4	0.47	0.47	0	0	0.4
14600	0.4	0.47	0.47	0	0	0.4
14700	0.4	0.47	0.47	0	0	0.4
14800	0.4	0.47	0.47	0	0	0.4
14900	0.41	0.47	0.47	0	0	0.41
15000	0.4	0.49	0.49	0	0	0.4
15100	0.4	0.49	0.49	0	0	0.4
15200	0.39	0.49	0.49	0	0	0.39
15300	0.39	0.49	0.49	0	0	0.39
15400	0.39	0.48	0.48	0	0	0.39
15500	0.39	0.48	0.48	0	0	0.39
15600	0.39	0.48	0.48	0	0	0.39
15700	0.39	0.47	0.47	0	0	0.39
15800	0.39	0.47	0.47	0	0	0.39
15900	0.39	0.47	0.47	0	0	0.39
16000	0.39	0.46	0.46	0	0	0.39
16100	0.39	0.46	0.46	0	0	0.39
16200	0.39	0.45	0.45	0	0	0.39
16300	0.37	0.45	0.45	0	0	0.37
16400	0.37	0.45	0.45	0	0	0.37
16500	0.37	0.45	0.45	0	0	0.37
16600	0.38	0.45	0.45	0	0	0.38
16700	0.38	0.45	0.45	0	0	0.38
16800	0.38	0.45	0.45	0	0	0.38
16900	0.38	0.45	0.45	0	0	0.38
17000	0.39	0.45	0.45	0	0	0.39
17100	0.39	0.45	0.45	0	0	0.39
17200	0.39	0.46	0.46	0	0	0.39
17300	0.39	0.46	0.46	0	0	0.39
17400	0.39	0.45	0.45	0	0	0.39
17500	0.4	0.45	0.45	0	0	0.4
17600	0.4	0.45	0.45	0	0	0.4
17700	0.4	0.45	0.45	0	0	0.4
17800	0.4	0.45	0.45	0	0	0.4
17900	0.4	0.43	0.43	0	0	0.4
18000	0.4	0.43	0.43	0	0	0.4
18100	0.39	0.43	0.43	0	0	0.39
18200	0.39	0.43	0.43	0	0	0.39
18300	0.39	0.43	0.43	0	0	0.39
18400	0.39	0.43	0.43	0	0	0.39
18500	0.39	0.43	0.43	0	0	0.39
18600	0.39	0.43	0.43	0	0	0.39
18700	0.4	0.42	0.42	0	0	0.4
18800	0.41	0.43	0.43	0	0	0.41
18900	0.4	0.43	0.43	0	0	0.4
19000	0.4	0.43	0.43	0	0	0.4
19100	0.4	0.42	0.42	0	0	0.4
19200	0.41	0.42	0.42	0	0	0.41
19300	0.4	0.42	0.42	0	0	0.4
19400	0.4	0.42	0.42	0	0	0.4
19500	0.4	0.42	0.42	0	0	0.4
19600	0.38	0.42	0.42	0	0	0.38
19700	0.39	0.42	0.42	0	0	0.39
19800	0.38	0.42	0.42	0	0	0.38
19900	0.38	0.42	0.42	0	0	0.38
20000	0.38	0.42	0.42	0	0	0.38
20100	0.38	0.42	0.42	0	0	0.38
20200	0.38	0.42	0.42	0	0	0.38
20300	0.39	0.41	0.41	0	0	0.39
20400	0.39	0.41	0.41	0	0	0.39
20500	0.39	0.42	0.42	0	0	0.39
20600	0.39	0.42	0.42	0	0	0.39
20700	0.39	0.42	0.42	0	0	0.39
20800	0.38	0.42	0.42	0	0	0.38
20900	0.39	0.42	0.42	0	0	0.39
21000	0.39	0.42	0.42	0	0	0.39
21100	0.39	0.42	0.42	0	0	0.39
21200	0.39	0.42	0.42	0	0	0.39
21300	0.4	0.42	0.42	0	0	0.4
21400	0.4	0.42	0.42	0	0	0.4
21500	0.4	0.42	0.42	0	0	0.4
21600	0.39	0.42	0.42	0	0	0.39
21700	0.39	0.42	0.42	0	0	0.39
21800	0.4	0.42	0.42	0	0	0.4
21900	0.4	0.42	0.42	0	0	0.4
22000	0.4	0.42	0.42	0	0	0.4
22100	0.4	0.43	0.43	0	0	0.4
22200	0.4	0.43	0.43	0	0	0.4
22300	0.4	0.43	0.43	0	0	0.4
22400	0.4	0.43	0.43	0	0	0.4
22500	0.4	0.43	0.43	0	0	0.4
22600	0.4	0.43	0.43	0	0	0.4
22700	0.4	0.43	0.43	0	0	0.4
22800	0.41	0.43	0.43	0	0	0.41
22900	0.41	0.43	0.43	0	0	0.41
23000	0.41	0.43	0.43	0	0	0.41
23100	0.41	0.44	0.44	0	0	0.41
23200	0.41	0.44	0.44	0	0	0.41
23300	0.41	0.44	0.44	0	0	0.41
23400	0.4	0.44	0.44	0	0	0.4
23500	0.4	0.44	0.44	0	0	0.4
23600	0.4	0.44	0.44	0	0	0.4
23700	0.4	0.44	0.44	0	0	0.4
23800	0.4	0.44	0.44	0	0	0.4
23900	0.4	0.44	0.44	0	0	0.4
24000	0.41	0.44	0.44	0	0	0.41
24100	0.4	0.44	0.44	0	0	0.4
24200	0.4	0.44	0.44	0	0	0.4
24300	0.4	0.44	0.44	0	0	0.4
24400	0.4	0.44	0.44	0	0	0.4
24500	0.41	0.44	0.44	0	0	0.41
24600	0.41	0.44	0.44	0	0	0.41
24700	0.41	0.44	0.44	0	0	0.41
24800	0.41	0.44	0.44	0	0	0.41
24900	0.41	0.44	0.44	0	0	0.41
25000	0.42	0.44	0.44	0	0	0.42
25100	0.42	0.44	0.44	0	0	0.42
25200	0.42	0.44	0.44	0	0	0.42
25300	0.42	0.45	0.45	0	0	0.42
25400	0.42	0.45	0.45	0	0	0.42
25500	0.41	0.45	0.45	0	0	0.41
25600	0.4	0.46	0.46	0	0	0.4
25700	0.4	0.46	0.46	0	0	0.4
25800	0.4	0.46	0.46	0	0	0.4
25900	0.41	0.46	0.46	0	0	0.41
26000	0.4	0.46	0.46	0	0	0.4
26100	0.4	0.45	0.45	0	0	0.4
26200	0.39	0.45	0.45	0	0	0.39
26300	0.39	0.44	0.44	0	0	0.39
26400	0.39	0.44	0.44	0	0	0.39
26500	0.39	0.44	0.44	0	0	0.39
26600	0.39	0.44	0.44	0	0	0.39
26700	0.39	0.44	0.44	0	0	0.39
26800	0.4	0.44	0.44	0	0	0.4
26900	0.4	0.44	0.44	0	0	0.4
27000	0.4	0.44	0.44	0	0	0.4
27100	0.4	0.43	0.43	0	0	0.4
27200	0.4	0.43	0.43	0	0	0.4
27300	0.4	0.43	0.43	0	0	0.4
27400	0.39	0.43	0.43	0	0	0.39
27500	0.39	0.43	0.43	0	0	0.39
27600	0.41	0.43	0.43	0	0	0.41
27700	0.41	0.44	0.44	0	0	0.41
27800	0.4	0.45	0.45	0	0	0.4
27900	0.4	0.46	0.46	0	0	0.4
28000	0.4	0.46	0.46	0	0	0.4
28100	0.4	0.46	0.46	0	0	0.4
28200	0.4	0.47	0.47	0	0	0.4
28300	0.4	0.47	0.47	0	0	0.4
28400	0.4	0.47	0.47	0	0	0.4
28500	0.4	0.48	0.48	0	0	0.4
28600	0.4	0.48	0.48	0	0	0.4
28700	0.4	0.47	0.47	0	0	0.4
28800	0.4	0.47	0.47	0	0	0.4
28900	0.4	0.47	0.47	0	0	0.4
29000	0.4	0.47	0.47	0	0	0.4
29100	0.4	0.46	0.46	0	0	0.4
29200	0.4	0.46	0.46	0	0	0.4
29300	0.4	0.47	0.47	0	0	0.4
29400	0.4	0.47	0.47	0	0	0.4
29500	0.42	0.46	0.46	0	0	0.42
29600	0.42	0.46	0.46	0	0	0.42
29700	0.42	0.46	0.46	0	0	0.42
29800	0.42	0.46	0.46	0	0	0.42
29900	0.42	0.46	0.46	0	0	0.42
30000	0.42	0.46	0.46	0	0	0.42
30100	0.42	0.46	0.46	0	0	0.42
30200	0.42	0.46	0.46	0	0	0.42
30300	0.42	0.46	0.46	0	0	0.42
30400	0.41	0.46	0.46	0	0	0.41
30500	0.41	0.45	0.45	0	0	0.41
30600	0.41	0.45	0.45	0	0	0.41
30700	0.41	0.45	0.45	0	0	0.41
30800	0.41	0.45	0.45	0	0	0.41
30900	0.4	0.45	0.45	0	0	0.4
31000	0.4	0.45	0.45	0	0	0.4
31100	0.4	0.46	0.46	0	0	0.4
31200	0.4	0.45	0.45	0	0	0.4
31300	0.4	0.45	0.45	0	0	0.4
31400	0.4	0.45	0.45	0	0	0.4
31500	0.4	0.45	0.45	0	0	0.4
31600	0.4	0.45	0.45	0	0	0.4
31700	0.4	0.45	0.45	0	0	0.4
31800	0.4	0.45	0.45	0	0	0.4
31900	0.41	0.45	0.45	0	0	0.41
32000	0.41	0.45	0.45	0	0	0.41
32100	0.42	0.45	0.45	0	0	0.42
32200	0.42	0.45	0.45	0	0	0.42
32300	0.42	0.46	0.46	0	0	0.42
32400	0.42	0.46	0.46	0	0	0.42
32500	0.42	0.46	0.46	0	0	0.42
32600	0.42	0.46	0.46	0	0	0.42
32700	0.43	0.46	0.46	0	0	0.43
32800	0.43	0.46	0.46	0	0	0.43
32900	0.41	0.46	0.46	0	0	0.41
33000	0.41	0.46	0.46	0	0	0.41
33100	0.4	0.46	0.46	0	0	0.4
33200	0.4	0.46	0.46	0	0	0.4
33300	0.4	0.46	0.46	0	0	0.4
33400	0.41	0.46	0.46	0	0	0.41
33500	0.41	0.46	0.46	0	0	0.41
33600	0.41	0.46	0.46	0	0	0.41
33700	0.42	0.46	0.46	0	0	0.42
33800	0.42	0.46	0.46	0	0	0.42
33900	0.42	0.46	0.46	0	0	0.42
34000	0.42	0.46	0.46	0	0	0.42
34100	0.42	0.46	0.46	0	0	0.42
34200	0.41	0.46	0.46	0	0	0.41
34300	0.41	0.46	0.46	0	0	0.41
34400	0.4	0.46	0.46	0	0	0.4
34500	0.4	0.46	0.46	0	0	0.4
34600	0.39	0.46	0.46	0	0	0.39
34700	0.39	0.46	0.46	0	0	0.39
34800	0.39	0.47	0.47	0	0	0.39
34900	0.39	0.47	0.47	0	0	0.39
35000	0.39	0.47	0.47	0	0	0.39
35100	0.39	0.47	0.47	0	0	0.39
35200	0.39	0.47	0.47	0	0	0.39
35300	0.38	0.47	0.47	0	0	0.38
35400	0.38	0.47	0.47	0	0	0.38
35500	0.38	0.47	0.47	0	0	0.38
35600	0.39	0.47	0.47	0	0	0.39
35700	0.39	0.47	0.47	0	0	0.39
35800	0.38	0.47	0.47	0	0	0.38
35900	0.38	0.47	0.47	0	0	0.38
36000	0.38	0.47	0.47	0	0	0.38
36100	0.38	0.47	0.47	0	0	0.38
36200	0.38	0.47	0.47	0	0	0.38
36300	0.38	0.47	0.47	0	0	0.38
36400	0.38	0.47	0.47	0	0	0.38
36500	0.38	0.47	0.47	0	0	0.38
36600	0.37	0.47	0.47	0	0	0.37
36700	0.37	0.47	0.47	0	0	0.37
36800	0.37	0.48	0.48	0	0	0.37
36900	0.37	0.48	0.48	0	0	0.37
37000	0.37	0.48	0.48	0	0	0.37
37100	0.37	0.48	0.48	0	0	0.37
37200	0.37	0.48	0.48	0	0	0.37
37300	0.37	0.48	0.48	0	0	0.37
37400	0.37	0.48	0.48	0	0	0.37
37500	0.37	0.48	0.48	0	0	0.37
37600	0.37	0.48	0.48	0	0	0.37
37700	0.37	0.48	0.48	0	0	0.37
37800	0.37	0.48	0.48	0	0	0.37
37900	0.37	0.48	0.48	0	0	0.37
38000	0.37	0.48	0.48	0	0	0.37
38100	0.37	0.48	0.48	0	0	0.37
38200	0.37	0.48	0.48	0	0	0.37
38300	0.37	0.49	0.49	0	0	0.37
38400	0.37	0.49	0.49	0	0	0.37
38500	0.37	0.49	0.49	0	0	0.37
38600	0.37	0.49	0.49	0	0	0.37
38700	0.37	0.49	0.49	0	0	0.37
38800	0.37	0.49	0.49	0	0	0.37
38900	0.37	0.49	0.49	0	0	0.37
39000	0.37	0.49	0.49	0	0	0.37
39100	0.37	0.49	0.49	0	0	0.37
39200	0.37	0.49	0.49	0	0	0.37
39300	0.37	0.49	0.49	0	0	0.37
39400	0.37	0.49	0.49	0	0	0.37
39500	0.38	0.49	0.49	0	0	0.38
39600	0.38	0.49	0.49	0	0	0.38
39700	0.38	0.49	0.49	0	0	0.38
39800	0.38	0.49	0.49	0	0	0.38
39900	0.38	0.49	0.49	0	0	0.38
40000	0.38	0.49	0.49	0	0	0.38
40100	0.38	0.49	0.49	0	0	0.38
40200	0.38	0.5	0.5	0	0	0.38
40300	0.38	0.5	0.5	0	0	0.38
40400	0.38	0.5	0.5	0	0	0.38
40500	0.38	0.5	0.5	0	0	0.38
40600	0.38	0.5	0.5	0	0	0.38
40700	0.38	0.5	0.5	0	0	0.38
40800	0.38	0.5	0.5	0	0	0.38
40900	0.38	0.5	0.5	0	0	0.38
41000	0.38	0.5	0.5	0	0	0.38
41100	0.37	0.5	0.5	0	0	0.37
41200	0.37	0.5	0.5	0	0	0.37
41300	0.37	0.5	0.5	0	0	0.37
41400	0.37	0.5	0.5	0	0	0.37
41500	0.37	0.5	0.5	0	0	0.37
41600	0.37	0.5	0.5	0	0	0.37
41700	0.37	0.5	0.5	0	0	0.37
41800	0.37	0.5	0.5	0	0	0.37
41900	0.37	0.5	0.5	0	0	0.37
42000	0.37	0.5	0.5	0	0	0.37
42100	0.38	0.51	0.51	0	0	0.38
42200	0.38	0.5	0.5	0	0	0.38
42300	0.38	0.5	0.5	0	0	0.38
42400	0.38	0.5	0.5	0	0	0.38
42500	0.38	0.5	0.5	0	0	0.38
42600	0.39	0.5	0.5	0	0	0.39
42700	0.39	0.5	0.5	0	0	0.39
42800	0.39	0.5	0.5	0	0	0.39
42900	0.39	0.5	0.5	0	0	0.39
43000	0.39	0.5	0.5	0	0	0.39
43100	0.4	0.5	0.5	0	0	0.4
43200	0.4	0.5	0.5	0	0	0.4
43300	0.4	0.5	0.5	0	0	0.4
43400	0.4	0.5	0.5	0	0	0.4
43500	0.4	0.5	0.5	0	0	0.4
43600	0.4	0.5	0.5	0	0	0.4
43700	0.4	0.49	0.49	0	0	0.4
43800	0.4	0.49	0.49	0	0	0.4
43900	0.4	0.48	0.48	0	0	0.4
44000	0.4	0.48	0.48	0	0	0.4
44100	0.4	0.48	0.48	0	0	0.4
44200	0.4	0.48	0.48	0	0	0.4
44300	0.4	0.48	0.48	0	0	0.4
44400	0.4	0.48	0.48	0	0	0.4
44500	0.4	0.48	0.48	0	0	0.4
44600	0.4	0.48	0.48	0	0	0.4
44700	0.4	0.48	0.48	0	0	0.4
44800	0.4	0.48	0.48	0	0	0.4
44900	0.39	0.48	0.48	0	0	0.39
45000	0.39	0.48	0.48	0	0	0.39
45100	0.39	0.48	0.48	0	0	0.39
45200	0.39	0.48	0.48	0	0	0.39
45300	0.39	0.48	0.48	0	0	0.39
45400	0.39	0.48	0.48	0	0	0.39
45500	0.39	0.48	0.48	0	0	0.39
45600	0.39	0.48	0.48	0	0	0.39
45700	0.39	0.48	0.48	0	0	0.39
45800	0.39	0.48	0.48	0	0	0.39
45900	0.39	0.48	0.48	0	0	0.39
46000	0.39	0.48	0.48	0	0	0.39
46100	0.39	0.48	0.48	0	0	0.39
46200	0.39	0.48	0.48	0	0	0.39
46300	0.39	0.49	0.49	0	0	0.39
46400	0.39	0.49	0.49	0	0	0.39
46500	0.4	0.49	0.49	0	0	0.4
46600	0.4	0.49	0.49	0	0	0.4
46700	0.39	0.49	0.49	0	0	0.39
46800	0.39	0.49	0.49	0	0	0.39
46900	0.39	0.49	0.49	0	0	0.39
47000	0.39	0.49	0.49	0	0	0.39
47100	0.4	0.49	0.49	0	0	0.4
47200	0.4	0.49	0.49	0	0	0.4
47300	0.4	0.49	0.49	0	0	0.4
47400	0.4	0.49	0.49	0	0	0.4
47500	0.4	0.49	0.49	0	0	0.4
47600	0.4	0.49	0.49	0	0	0.4
47700	0.4	0.49	0.49	0	0	0.4
47800	0.4	0.49	0.49	0	0	0.4
47900	0.4	0.49	0.49	0	0	0.4
48000	0.4	0.49	0.49	0	0	0.4
48100	0.4	0.49	0.49	0	0	0.4
48200	0.4	0.49	0.49	0	0	0.4
48300	0.4	0.49	0.49	0	0	0.4
48400	0.4	0.49	0.49	0	0	0.4
48500	0.4	0.49	0.49	0	0	0.4
48600	0.4	0.49	0.49	0	0	0.4
48700	0.4	0.49	0.49	0	0	0.4
48800	0.4	0.49	0.49	0	0	0.4
48900	0.4	0.49	0.49	0	0	0.4
49000	0.4	0.49	0.49	0	0	0.4
49100	0.4	0.49	0.49	0	0	0.4
49200	0.4	0.49	0.49	0	0	0.4
49300	0.4	0.48	0.48	0	0	0.4
49400	0.4	0.48	0.48	0	0	0.4
49500	0.4	0.49	0.49	0	0	0.4
49600	0.4	0.49	0.49	0	0	0.4
49700	0.4	0.49	0.49	0	0	0.4
49800	0.4	0.49	0.49	0	0	0.4
49900	0.4	0.49	0.49	0	0	0.4
50000	0.4	0.49	0.49	0	0	0.4
50100	0.4	0.49	0.49	0	0	0.4
50200	0.4	0.49	0.49	0	0	0.4
50300	0.39	0.49	0.49	0	0	0.39
50400	0.39	0.49	0.49	0	0	0.39
50500	0.39	0.5	0.5	0	0	0.39
50600	0.39	0.5	0.5	0	0	0.39
50700	0.39	0.5	0.5	0	0	0.39
50800	0.39	0.5	0.5	0	0	0.39
50900	0.38	0.5	0.5	0	0	0.38
51000	0.38	0.5	0.5	0	0	0.38
51100	0.38	0.5	0.5	0	0	0.38
51200	0.38	0.5	0.5	0	0	0.38
51300	0.38	0.5	0.5	0	0	0.38
51400	0.38	0.5	0.5	0	0	0.38
51500	0.38	0.5	0.5	0	0	0.38
51600	0.38	0.5	0.5	0	0	0.38
51700	0.38	0.5	0.5	0	0	0.38
51800	0.38	0.5	0.5	0	0	0.38
51900	0.38	0.5	0.5	0	0	0.38
52000	0.38	0.5	0.5	0	0	0.38
52100	0.38	0.5	0.5	0	0	0.38
52200	0.38	0.5	0.5	0	0	0.38
52300	0.38	0.5	0.5	0	0	0.38
52400	0.38	0.5	0.5	0	0	0.38
52500	0.38	0.5	0.5	0	0	0.38
52600	0.39	0.5	0.5	0	0	0.39
52700	0.39	0.5	0.5	0	0	0.39
52800	0.38	0.5	0.5	0	0	0.38
52900	0.39	0.5	0.5	0	0	0.39
53000	0.39	0.5	0.5	0	0	0.39
53100	0.39	0.5	0.5	0	0	0.39
53200	0.39	0.51	0.51	0	0	0.39
53300	0.39	0.51	0.51	0	0	0.39
53400	0.38	0.51	0.51	0	0	0.38
53500	0.38	0.51	0.51	0	0	0.38
53600	0.38	0.51	0.51	0	0	0.38
53700	0.38	0.51	0.51	0	0	0.38
53800	0.38	0.51	0.51	0	0	0.38
53900	0.38	0.51	0.51	0	0	0.38
54000	0.39	0.51	0.51	0	0	0.39
54100	0.39	0.51	0.51	0	0	0.39
54200	0.39	0.51	0.51	0	0	0.39
54300	0.39	0.51	0.51	0	0	0.39
54400	0.39	0.51	0.51	0	0	0.39
54500	0.39	0.51	0.51	0	0	0.39
54600	0.39	0.51	0.51	0	0	0.39
54700	0.38	0.52	0.52	0	0	0.38
54800	0.38	0.52	0.52	0	0	0.38
54900	0.38	0.52	0.52	0	0	0.38
55000	0.38	0.52	0.52	0	0	0.38
55100	0.37	0.52	0.52	0	0	0.37
55200	0.37	0.52	0.52	0	0	0.37
55300	0.37	0.52	0.52	0	0	0.37
55400	0.37	0.52	0.52	0	0	0.37
55500	0.37	0.52	0.52	0	0	0.37
55600	0.37	0.51	0.51	0	0	0.37
55700	0.38	0.51	0.51	0	0	0.38
55800	0.38	0.51	0.51	0	0	0.38
55900	0.37	0.51	0.51	0	0	0.37
56000	0.37	0.51	0.51	0	0	0.37
56100	0.37	0.51	0.51	0	0	0.37
56200	0.37	0.51	0.51	0	0	0.37
56300	0.37	0.51	0.51	0	0	0.37
56400	0.37	0.51	0.51	0	0	0.37
56500	0.36	0.51	0.51	0	0	0.36
56600	0.36	0.51	0.51	0	0	0.36
56700	0.36	0.51	0.51	0	0	0.36
56800	0.36	0.51	0.51	0	0	0.36
56900	0.36	0.51	0.51	0	0	0.36
57000	0.36	0.5	0.5	0	0	0.36
57100	0.36	0.5	0.5	0	0	0.36
57200	0.36	0.5	0.5	0	0	0.36
57300	0.36	0.5	0.5	0	0	0.36
57400	0.36	0.5	0.5	0	0	0.36
57500	0.36	0.5	0.5	0	0	0.36
57600	0.36	0.5	0.5	0	0	0.36
57700	0.36	0.5	0.5	0	0	0.36
57800	0.36	0.5	0.5	0	0	0.36
57900	0.37	0.5	0.5	0	0	0.37
58000	0.37	0.5	0.5	0	0	0.37
58100	0.37	0.5	0.5	0	0	0.37
58200	0.37	0.5	0.5	0	0	0.37
58300	0.37	0.5	0.5	0	0	0.37
58400	0.37	0.5	0.5	0	0	0.37
58500	0.37	0.49	0.49	0	0	0.37
58600	0.37	0.49	0.49	0	0	0.37
58700	0.37	0.48	0.48	0	0	0.37
58800	0.37	0.48	0.48	0	0	0.37
58900	0.37	0.48	0.48	0	0	0.37
59000	0.37	0.47	0.47	0	0	0.37
59100	0.37	0.46	0.46	0	0	0.37
59200	0.37	0.45	0.45	0	0	0.37
59300	0.37	0.45	0.45	0	0	0.37
59400	0.37	0.47	0.47	0	0	0.37
59500	0.38	0.47	0.47	0	0	0.38
59600	0.38	0.47	0.47	0	0	0.38
59700	0.38	0.47	0.47	0	0	0.38
59800	0.38	0.47	0.47	0	0	0.38
59900	0.38	0.48	0.48	0	0	0.38
60000	0.38	0.48	0.48	0	0	0.38
60100	0.38	0.48	0.48	0	0	0.38
60200	0.38	0.48	0.48	0	0	0.38
60300	0.38	0.48	0.48	0	0	0.38
60400	0.38	0.48	0.48	0	0	0.38
60500	0.38	0.48	0.48	0	0	0.38
60600	0.38	0.48	0.48	0	0	0.38
60700	0.38	0.48	0.48	0	0	0.38
60800	0.38	0.48	0.48	0	0	0.38
60900	0.38	0.48	0.48	0	0	0.38
61000	0.38	0.48	0.48	0	0	0.38
61100	0.38	0.48	0.48	0	0	0.38
61200	0.38	0.48	0.48	0	0	0.38
61300	0.38	0.48	0.48	0	0	0.38
61400	0.38	0.48	0.48	0	0	0.38
61500	0.38	0.48	0.48	0	0	0.38
61600	0.38	0.48	0.48	0	0	0.38
61700	0.38	0.48	0.48	0	0	0.38
61800	0.38	0.48	0.48	0	0	0.38
61900	0.38	0.48	0.48	0	0	0.38
62000	0.38	0.48	0.48	0	0	0.38
62100	0.38	0.48	0.48	0	0	0.38
62200	0.38	0.48	0.48	0	0	0.38
62300	0.38	0.48	0.48	0	0	0.38
62400	0.38	0.48	0.48	0	0	0.38
62500	0.38	0.48	0.48	0	0	0.38
62600	0.38	0.48	0.48	0	0	0.38
62700	0.38	0.48	0.48	0	0	0.38
62800	0.38	0.48	0.48	0	0	0.38
62900	0.38	0.48	0.48	0	0	0.38
63000	0.38	0.48	0.48	0	0	0.38
63100	0.38	0.48	0.48	0	0	0.38
63200	0.38	0.49	0.49	0	0	0.38
63300	0.39	0.49	0.49	0	0	0.39
63400	0.39	0.49	0.49	0	0	0.39
63500	0.4	0.49	0.49	0	0	0.4
63600	0.4	0.49	0.49	0	0	0.4
63700	0.4	0.49	0.49	0	0	0.4
63800	0.4	0.49	0.49	0	0	0.4
63900	0.4	0.49	0.49	0	0	0.4
64000	0.4	0.49	0.49	0	0	0.4
64100	0.4	0.49	0.49	0	0	0.4
64200	0.4	0.49	0.49	0	0	0.4
64300	0.4	0.49	0.49	0	0	0.4
64400	0.4	0.49	0.49	0	0	0.4
64500	0.4	0.49	0.49	0	0	0.4
64600	0.4	0.49	0.49	0	0	0.4
64700	0.4	0.49	0.49	0	0	0.4
64800	0.4	0.49	0.49	0	0	0.4
64900	0.4	0.49	0.49	0	0	0.4
65000	0.4	0.49	0.49	0	0	0.4
65100	0.4	0.5	0.5	0	0	0.4
65200	0.41	0.5	0.5	0	0	0.41
65300	0.41	0.5	0.5	0	0	0.41
65400	0.41	0.5	0.5	0	0	0.41
65500	0.41	0.5	0.5	0	0	0.41
65600	0.41	0.5	0.5	0	0	0.41
65700	0.41	0.5	0.5	0	0	0.41
65800	0.41	0.51	0.51	0	0	0.41
65900	0.41	0.51	0.51	0	0	0.41
66000	0.41	0.51	0.51	0	0	0.41
66100	0.41	0.51	0.51	0	0	0.41
66200	0.41	0.51	0.51	0	0	0.41
66300	0.41	0.51	0.51	0	0	0.41
66400	0.41	0.51	0.51	0	0	0.41
66500	0.41	0.51	0.51	0	0	0.41
66600	0.41	0.51	0.51	0	0	0.41
66700	0.41	0.51	0.51	0	0	0.41
66800	0.41	0.51	0.51	0	0	0.41
66900	0.41	0.51	0.51	0	0	0.41
67000	0.41	0.51	0.51	0	0	0.41
67100	0.4	0.51	0.51	0	0	0.4
67200	0.4	0.51	0.51	0	0	0.4
67300	0.4	0.51	0.51	0	0	0.4
67400	0.4	0.51	0.51	0	0	0.4
67500	0.4	0.51	0.51	0	0	0.4
67600	0.4	0.51	0.51	0	0	0.4
67700	0.4	0.51	0.51	0	0	0.4
67800	0.4	0.51	0.51	0	0	0.4
67900	0.4	0.51	0.51	0	0	0.4
68000	0.4	0.51	0.51	0	0	0.4
68100	0.4	0.51	0.51	0	0	0.4
68200	0.4	0.51	0.51	0	0	0.4
68300	0.4	0.51	0.51	0	0	0.4
68400	0.4	0.51	0.51	0	0	0.4
68500	0.4	0.51	0.51	0	0	0.4
68600	0.4	0.51	0.51	0	0	0.4
68700	0.4	0.52	0.52	0	0	0.4
68800	0.4	0.52	0.52	0	0	0.4
68900	0.4	0.52	0.52	0	0	0.4
69000	0.39	0.52	0.52	0	0	0.39
69100	0.39	0.52	0.52	0	0	0.39
69200	0.39	0.52	0.52	0	0	0.39
69300	0.38	0.51	0.51	0	0	0.38
69400	0.38	0.51	0.51	0	0	0.38
69500	0.38	0.51	0.51	0	0	0.38
69600	0.38	0.51	0.51	0	0	0.38
69700	0.38	0.51	0.51	0	0	0.38
69800	0.38	0.51	0.51	0	0	0.38
69900	0.37	0.5	0.5	0	0	0.37
70000	0.37	0.5	0.5	0	0	0.37
70100	0.37	0.5	0.5	0	0	0.37
70200	0.37	0.5	0.5	0	0	0.37
70300	0.37	0.51	0.51	0	0	0.37
70400	0.37	0.51	0.51	0	0	0.37
70500	0.37	0.51	0.51	0	0	0.37
70600	0.36	0.51	0.51	0	0	0.36
70700	0.36	0.51	0.51	0	0	0.36
70800	0.36	0.51	0.51	0	0	0.36
70900	0.36	0.51	0.51	0	0	0.36
71000	0.36	0.51	0.51	0	0	0.36
71100	0.36	0.51	0.51	0	0	0.36
71200	0.36	0.51	0.51	0	0	0.36
71300	0.36	0.51	0.51	0	0	0.36
71400	0.37	0.52	0.52	0	0	0.37
71500	0.38	0.52	0.52	0	0	0.38
71600	0.38	0.52	0.52	0	0	0.38
71700	0.38	0.52	0.52	0	0	0.38
71800	0.38	0.52	0.52	0	0	0.38
71900	0.38	0.52	0.52	0	0	0.38
72000	0.38	0.52	0.52	0	0	0.38
72100	0.38	0.52	0.52	0	0	0.38
72200	0.38	0.52	0.52	0	0	0.38
72300	0.38	0.52	0.52	0	0	0.38
72400	0.38	0.52	0.52	0	0	0.38
72500	0.38	0.52	0.52	0	0	0.38
72600	0.38	0.52	0.52	0	0	0.38
72700	0.38	0.52	0.52	0	0	0.38
72800	0.38	0.52	0.52	0	0	0.38
72900	0.38	0.52	0.52	0	0	0.38
73000	0.38	0.52	0.52	0	0	0.38
73100	0.38	0.52	0.52	0	0	0.38
73200	0.38	0.52	0.52	0	0	0.38
73300	0.38	0.52	0.52	0	0	0.38
73400	0.38	0.52	0.52	0	0	0.38
73500	0.38	0.52	0.52	0	0	0.38
73600	0.38	0.52	0.52	0	0	0.38
73700	0.38	0.52	0.52	0	0	0.38
73800	0.38	0.52	0.52	0	0	0.38
73900	0.38	0.52	0.52	0	0	0.38
74000	0.38	0.52	0.52	0	0	0.38
74100	0.38	0.52	0.52	0	0	0.38
74200	0.38	0.52	0.52	0	0	0.38
74300	0.38	0.52	0.52	0	0	0.38
74400	0.38	0.52	0.52	0	0	0.38
74500	0.38	0.52	0.52	0	0	0.38
74600	0.38	0.52	0.52	0	0	0.38
74700	0.38	0.51	0.51	0	0	0.38
74800	0.38	0.51	0.51	0	0	0.38
74900	0.38	0.51	0.51	0	0	0.38
75000	0.38	0.51	0.51	0	0	0.38
75100	0.38	0.51	0.51	0	0	0.38
75200	0.39	0.51	0.51	0	0	0.39
75300	0.39	0.51	0.51	0	0	0.39
75400	0.39	0.51	0.51	0	0	0.39
75500	0.39	0.51	0.51	0	0	0.39
75600	0.39	0.51	0.51	0	0	0.39
75700	0.39	0.51	0.51	0	0	0.39
75800	0.39	0.51	0.51	0	0	0.39
75900	0.39	0.51	0.51	0	0	0.39
76000	0.39	0.51	0.51	0	0	0.39
76100	0.39	0.51	0.51	0	0	0.39
76200	0.39	0.51	0.51	0	0	0.39
76300	0.39	0.51	0.51	0	0	0.39
76400	0.39	0.51	0.51	0	0	0.39
76500	0.38	0.51	0.51	0	0	0.38
76600	0.38	0.51	0.51	0	0	0.38
76700	0.39	0.51	0.51	0	0	0.39
76800	0.39	0.51	0.51	0	0	0.39
76900	0.4	0.51	0.51	0	0	0.4
77000	0.4	0.51	0.51	0	0	0.4
77100	0.4	0.5	0.5	0	0	0.4
77200	0.4	0.5	0.5	0	0	0.4
77300	0.4	0.5	0.5	0	0	0.4
77400	0.4	0.5	0.5	0	0	0.4
77500	0.4	0.5	0.5	0	0	0.4
77600	0.4	0.5	0.5	0	0	0.4
77700	0.4	0.5	0.5	0	0	0.4
77800	0.4	0.5	0.5	0	0	0.4
77900	0.4	0.5	0.5	0	0	0.4
78000	0.4	0.5	0.5	0	0	0.4
78100	0.4	0.5	0.5	0	0	0.4
78200	0.4	0.5	0.5	0	0	0.4
78300	0.4	0.49	0.49	0	0	0.4
78400	0.39	0.49	0.49	0	0	0.39
78500	0.39	0.49	0.49	0	0	0.39
78600	0.39	0.49	0.49	0	0	0.39
78700	0.39	0.49	0.49	0	0	0.39
78800	0.39	0.49	0.49	0	0	0.39
78900	0.39	0.49	0.49	0	0	0.39
79000	0.39	0.5	0.5	0	0	0.39
79100	0.39	0.5	0.5	0	0	0.39
79200	0.39	0.5	0.5	0	0	0.39
79300	0.39	0.5	0.5	0	0	0.39
79400	0.39	0.5	0.5	0	0	0.39
79500	0.39	0.5	0.5	0	0	0.39
79600	0.39	0.5	0.5	0	0	0.39
79700	0.39	0.5	0.5	0	0	0.39
79800	0.39	0.51	0.51	0	0	0.39
79900	0.39	0.51	0.51	0	0	0.39
80000	0.39	0.51	0.51	0	0	0.39
80100	0.39	0.51	0.51	0	0	0.39
80200	0.39	0.51	0.51	0	0	0.39
80300	0.39	0.51	0.51	0	0	0.39
80400	0.39	0.51	0.51	0	0	0.39
80500	0.39	0.51	0.51	0	0	0.39
80600	0.38	0.51	0.51	0	0	0.38
80700	0.38	0.51	0.51	0	0	0.38
80800	0.38	0.51	0.51	0	0	0.38
80900	0.38	0.51	0.51	0	0	0.38
81000	0.38	0.51	0.51	0	0	0.38
81100	0.38	0.51	0.51	0	0	0.38
81200	0.38	0.51	0.51	0	0	0.38
81300	0.38	0.51	0.51	0	0	0.38
81400	0.38	0.52	0.52	0	0	0.38
81500	0.38	0.53	0.53	0	0	0.38
81600	0.38	0.52	0.52	0	0	0.38
81700	0.38	0.52	0.52	0	0	0.38
81800	0.38	0.52	0.52	0	0	0.38
81900	0.38	0.51	0.51	0	0	0.38
82000	0.38	0.52	0.52	0	0	0.38
82100	0.38	0.52	0.52	0	0	0.38
82200	0.38	0.52	0.52	0	0	0.38
82300	0.38	0.52	0.52	0	0	0.38
82400	0.38	0.52	0.52	0	0	0.38
82500	0.38	0.52	0.52	0	0	0.38
82600	0.38	0.52	0.52	0	0	0.38
82700	0.38	0.52	0.52	0	0	0.38
82800	0.38	0.52	0.52	0	0	0.38
82900	0.38	0.52	0.52	0	0	0.38
83000	0.38	0.52	0.52	0	0	0.38
83100	0.38	0.53	0.53	0	0	0.38
83200	0.38	0.53	0.53	0	0	0.38
83300	0.38	0.53	0.53	0	0	0.38
83400	0.38	0.53	0.53	0	0	0.38
83500	0.38	0.54	0.54	0	0	0.38
83600	0.38	0.54	0.54	0	0	0.38
83700	0.38	0.54	0.54	0	0	0.38
83800	0.38	0.54	0.54	0	0	0.38
83900	0.38	0.54	0.54	0	0	0.38
84000	0.38	0.54	0.54	0	0	0.38
84100	0.38	0.54	0.54	0	0	0.38
84200	0.38	0.54	0.54	0	0	0.38
84300	0.38	0.54	0.54	0	0	0.38
84400	0.38	0.54	0.54	0	0	0.38
84500	0.38	0.54	0.54	0	0	0.38
84600	0.38	0.54	0.54	0	0	0.38
84700	0.38	0.54	0.54	0	0	0.38
84800	0.38	0.54	0.54	0	0	0.38
84900	0.38	0.54	0.54	0	0	0.38
85000	0.38	0.53	0.53	0	0	0.38
85100	0.38	0.53	0.53	0	0	0.38
85200	0.38	0.53	0.53	0	0	0.38
85300	0.38	0.53	0.53	0	0	0.38
85400	0.38	0.53	0.53	0	0	0.38
85500	0.38	0.53	0.53	0	0	0.38
85600	0.38	0.53	0.53	0	0	0.38
85700	0.38	0.53	0.53	0	0	0.38
85800	0.38	0.53	0.53	0	0	0.38
85900	0.38	0.53	0.53	0	0	0.38
86000	0.38	0.53	0.53	0	0	0.38
86100	0.38	0.53	0.53	0	0	0.38
86200	0.38	0.53	0.53	0	0	0.38
86300	0.38	0.52	0.52	0	0	0.38
86400	0.38	0.52	0.52	0	0	0.38
86500	0.38	0.52	0.52	0	0	0.38
86600	0.38	0.52	0.52	0	0	0.38
86700	0.38	0.52	0.52	0	0	0.38
86800	0.38	0.52	0.52	0	0	0.38
86900	0.38	0.52	0.52	0	0	0.38
87000	0.38	0.52	0.52	0	0	0.38
87100	0.39	0.52	0.52	0	0	0.39
87200	0.39	0.52	0.52	0	0	0.39
87300	0.39	0.52	0.52	0	0	0.39
87400	0.39	0.52	0.52	0	0	0.39
87500	0.39	0.52	0.52	0	0	0.39
87600	0.39	0.52	0.52	0	0	0.39
87700	0.39	0.52	0.52	0	0	0.39
87800	0.39	0.52	0.52	0	0	0.39
87900	0.39	0.52	0.52	0	0	0.39
88000	0.39	0.52	0.52	0	0	0.39
88100	0.39	0.52	0.52	0	0	0.39
88200	0.38	0.52	0.52	0	0	0.38
88300	0.38	0.52	0.52	0	0	0.38
88400	0.38	0.52	0.52	0	0	0.38
88500	0.38	0.52	0.52	0	0	0.38
88600	0.38	0.52	0.52	0	0	0.38
88700	0.38	0.52	0.52	0	0	0.38
88800	0.38	0.52	0.52	0	0	0.38
88900	0.38	0.52	0.52	0	0	0.38
89000	0.38	0.53	0.53	0	0	0.38
89100	0.38	0.52	0.52	0	0	0.38
89200	0.38	0.52	0.52	0	0	0.38
89300	0.38	0.52	0.52	0	0	0.38
89400	0.38	0.52	0.52	0	0	0.38
89500	0.38	0.52	0.52	0	0	0.38
89600	0.38	0.52	0.52	0	0	0.38
89700	0.38	0.52	0.52	0	0	0.38
89800	0.39	0.52	0.52	0	0	0.39
89900	0.38	0.52	0.52	0	0	0.38
90000	0.38	0.52	0.52	0	0	0.38
90100	0.37	0.52	0.52	0	0	0.37
90200	0.37	0.53	0.53	0	0	0.37
90300	0.37	0.53	0.53	0	0	0.37
90400	0.37	0.53	0.53	0	0	0.37
90500	0.37	0.53	0.53	0	0	0.37
90600	0.37	0.54	0.54	0	0	0.37
90700	0.37	0.54	0.54	0	0	0.37
90800	0.37	0.54	0.54	0	0	0.37
90900	0.37	0.54	0.54	0	0	0.37
91000	0.37	0.54	0.54	0	0	0.37
91100	0.37	0.54	0.54	0	0	0.37
91200	0.38	0.54	0.54	0	0	0.38
91300	0.38	0.54	0.54	0	0	0.38
91400	0.38	0.54	0.54	0	0	0.38
91500	0.38	0.54	0.54	0	0	0.38
91600	0.38	0.54	0.54	0	0	0.38
91700	0.38	0.54	0.54	0	0	0.38
91800	0.38	0.54	0.54	0	0	0.38
91900	0.38	0.54	0.54	0	0	0.38
92000	0.38	0.54	0.54	0	0	0.38
92100	0.38	0.54	0.54	0	0	0.38
92200	0.38	0.54	0.54	0	0	0.38
92300	0.38	0.54	0.54	0	0	0.38
92400	0.38	0.53	0.53	0	0	0.38
92500	0.38	0.53	0.53	0	0	0.38
92600	0.38	0.53	0.53	0	0	0.38
92700	0.38	0.53	0.53	0	0	0.38
92800	0.38	0.53	0.53	0	0	0.38
92900	0.38	0.53	0.53	0	0	0.38
93000	0.38	0.53	0.53	0	0	0.38
93100	0.38	0.53	0.53	0	0	0.38
93200	0.38	0.53	0.53	0	0	0.38
93300	0.38	0.53	0.53	0	0	0.38
93400	0.38	0.53	0.53	0	0	0.38
93500	0.38	0.53	0.53	0	0	0.38
93600	0.38	0.53	0.53	0	0	0.38
93700	0.38	0.53	0.53	0	0	0.38
93800	0.38	0.53	0.53	0	0	0.38
93900	0.38	0.53	0.53	0	0	0.38
94000	0.38	0.53	0.53	0	0	0.38
94100	0.38	0.53	0.53	0	0	0.38
94200	0.38	0.53	0.53	0	0	0.38
94300	0.37	0.53	0.53	0	0	0.37
94400	0.37	0.53	0.53	0	0	0.37
94500	0.37	0.53	0.53	0	0	0.37
94600	0.37	0.53	0.53	0	0	0.37
94700	0.37	0.53	0.53	0	0	0.37
94800	0.37	0.53	0.53	0	0	0.37
94900	0.37	0.53	0.53	0	0	0.37
95000	0.37	0.53	0.53	0	0	0.37
95100	0.37	0.53	0.53	0	0	0.37
95200	0.37	0.53	0.53	0	0	0.37
95300	0.37	0.53	0.53	0	0	0.37
95400	0.37	0.53	0.53	0	0	0.37
95500	0.37	0.53	0.53	0	0	0.37
95600	0.37	0.54	0.54	0	0	0.37
95700	0.37	0.54	0.54	0	0	0.37
95800	0.37	0.54	0.54	0	0	0.37
95900	0.38	0.54	0.54	0	0	0.38
96000	0.37	0.54	0.54	0	0	0.37
96100	0.37	0.54	0.54	0	0	0.37
96200	0.37	0.54	0.54	0	0	0.37
96300	0.37	0.54	0.54	0	0	0.37
96400	0.37	0.54	0.54	0	0	0.37
96500	0.37	0.54	0.54	0	0	0.37
96600	0.37	0.54	0.54	0	0	0.37
96700	0.37	0.54	0.54	0	0	0.37
96800	0.37	0.54	0.54	0	0	0.37
96900	0.37	0.54	0.54	0	0	0.37
97000	0.37	0.54	0.54	0	0	0.37
97100	0.37	0.54	0.54	0	0	0.37
97200	0.37	0.54	0.54	0	0	0.37
97300	0.37	0.55	0.55	0	0	0.37
97400	0.37	0.55	0.55	0	0	0.37
97500	0.37	0.55	0.55	0	0	0.37
97600	0.37	0.55	0.55	0	0	0.37
97700	0.37	0.55	0.55	0	0	0.37
97800	0.37	0.55	0.55	0	0	0.37
97900	0.37	0.55	0.55	0	0	0.37
98000	0.37	0.55	0.55	0	0	0.37
98100	0.37	0.55	0.55	0	0	0.37
98200	0.37	0.55	0.55	0	0	0.37
98300	0.37	0.55	0.55	0	0	0.37
98400	0.37	0.55	0.55	0	0	0.37
98500	0.37	0.55	0.55	0	0	0.37
98600	0.37	0.55	0.55	0	0	0.37
98700	0.37	0.55	0.55	0	0	0.37
98800	0.37	0.55	0.55	0	0	0.37
98900	0.37	0.55	0.55	0	0	0.37
99000	0.37	0.55	0.55	0	0	0.37
99100	0.37	0.55	0.55	0	0	0.37
99200	0.37	0.55	0.55	0	0	0.37
99300	0.37	0.55	0.55	0	0	0.37
99400	0.37	0.55	0.55	0	0	0.37
99500	0.37	0.55	0.55	0	0	0.37
99600	0.37	0.55	0.55	0	0	0.37
99700	0.37	0.55	0.55	0	0	0.37
99800	0.37	0.55	0.55	0	0	0.37
99900	0.37	0.55	0.55	0	0	0.37
100000	0.37	0.55	0.55	0	0	0.37
