100	0.05	0.13	0.13	0	0	0.05
200	0.06	0.18	0.18	0	0	0.06
300	0.09	0.19	0.19	0	0	0.09
400	0.1	0.19	0.19	0	0	0.1
500	0.1	0.2	0.2	0	0	0.1
600	0.1	0.22	0.22	0	0	0.1
700	0.12	0.23	0.23	0	0	0.12
800	0.14	0.23	0.23	0	0	0.14
900	0.15	0.24	0.24	0	0	0.15
1000	0.15	0.26	0.26	0	0	0.15
1100	0.15	0.27	0.27	0	0	0.15
1200	0.15	0.28	0.28	0	0	0.15
1300	0.17	0.29	0.29	0	0	0.17
1400	0.17	0.29	0.29	0	0	0.17
1500	0.17	0.28	0.28	0	0	0.17
1600	0.19	0.28	0.28	0	0	0.19
1700	0.19	0.28	0.28	0	0	0.19
1800	0.2	0.28	0.28	0	0	0.2
1900	0.2	0.29	0.29	0	0	0.2
2000	0.2	0.32	0.32	0	0	0.2
2100	0.2	0.33	0.33	0	0	0.2
2200	0.21	0.33	0.33	0	0	0.21
2300	0.23	0.33	0.33	0	0	0.23
2400	0.24	0.33	0.33	0	0	0.24
2500	0.23	0.33	0.33	0	0	0.23
2600	0.23	0.34	0.34	0	0	0.23
2700	0.23	0.34	0.34	0	0	0.23
2800	0.23	0.34	0.34	0	0	0.23
2900	0.23	0.34	0.34	0	0	0.23
3000	0.24	0.34	0.34	0	0	0.24
3100	0.23	0.34	0.34	0	0	0.23
3200	0.23	0.34	0.34	0	0	0.23
3300	0.23	0.34	0.34	0	0	0.23
3400	0.23	0.35	0.35	0	0	0.23
3500	0.23	0.36	0.36	0	0	0.23
3600	0.23	0.36	0.36	0	0	0.23
3700	0.23	0.36	0.36	0	0	0.23
3800	0.22	0.37	0.37	0	0	0.22
3900	0.22	0.37	0.37	0	0	0.22
4000	0.22	0.37	0.37	0	0	0.22
4100	0.22	0.37	0.37	0	0	0.22
4200	0.22	0.38	0.38	0	0	0.22
4300	0.22	0.38	0.38	0	0	0.22
4400	0.23	0.38	0.38	0	0	0.23
4500	0.23	0.38	0.38	0	0	0.23
4600	0.23	0.39	0.39	0	0	0.23
4700	0.25	0.39	0.39	0	0	0.25
4800	0.25	0.4	0.4	0	0	0.25
4900	0.26	0.4	0.4	0	0	0.26
5000	0.27	0.41	0.41	0	0	0.27
5100	0.26	0.4	0.4	0	0	0.26
5200	0.28	0.38	0.38	0	0	0.28
5300	0.28	0.38	0.38	0	0	0.28
5400	0.28	0.38	0.38	0	0	0.28
5500	0.28	0.38	0.38	0	0	0.28
5600	0.28	0.38	0.38	0	0	0.28
5700	0.28	0.39	0.39	0	0	0.28
5800	0.28	0.39	0.39	0	0	0.28
5900	0.28	0.4	0.4	0	0	0.28
6000	0.28	0.4	0.4	0	0	0.28
6100	0.28	0.39	0.39	0	0	0.28
6200	0.28	0.39	0.39	0	0	0.28
6300	0.27	0.4	0.4	0	0	0.27
6400	0.27	0.41	0.41	0	0	0.27
6500	0.28	0.41	0.41	0	0	0.28
6600	0.28	0.41	0.41	0	0	0.28
6700	0.28	0.41	0.41	0	0	0.28
6800	0.28	0.4	0.4	0	0	0.28
6900	0.28	0.42	0.42	0	0	0.28
7000	0.28	0.42	0.42	0	0	0.28
7100	0.28	0.41	0.41	0	0	0.28
7200	0.28	0.41	0.41	0	0	0.28
7300	0.28	0.4	0.4	0	0	0.28
7400	0.28	0.41	0.41	0	0	0.28
7500	0.28	0.42	0.42	0	0	0.28
7600	0.28	0.42	0.42	0	0	0.28
7700	0.28	0.42	0.42	0	0	0.28
7800	0.28	0.43	0.43	0	0	0.28
7900	0.29	0.43	0.43	0	0	0.29
8000	0.29	0.43	0.43	0	0	0.29
8100	0.29	0.42	0.42	0	0	0.29
8200	0.29	0.42	0.42	0	0	0.29
8300	0.3	0.42	0.42	0	0	0.3
8400	0.32	0.43	0.43	0	0	0.32
8500	0.32	0.43	0.43	0	0	0.32
8600	0.32	0.44	0.44	0	0	0.32
8700	0.32	0.44	0.44	0	0	0.32
8800	0.31	0.44	0.44	0	0	0.31
8900	0.31	0.44	0.44	0	0	0.31
9000	0.3	0.45	0.45	0	0	0.3
9100	0.3	0.46	0.46	0	0	0.3
9200	0.3	0.46	0.46	0	0	0.3
9300	0.3	0.45	0.45	0	0	0.3
9400	0.3	0.45	0.45	0	0	0.3
9500	0.29	0.45	0.45	0	0	0.29
9600	0.29	0.46	0.46	0	0	0.29
9700	0.29	0.46	0.46	0	0	0.29
9800	0.29	0.44	0.44	0	0	0.29
9900	0.29	0.43	0.43	0	0	0.29
10000	0.29	0.45	0.45	0	0	0.29
10100	0.29	0.45	0.45	0	0	0.29
10200	0.3	0.45	0.45	0	0	0.3
10300	0.3	0.44	0.44	0	0	0.3
10400	0.3	0.43	0.43	0	0	0.3
10500	0.31	0.43	0.43	0	0	0.31
10600	0.31	0.43	0.43	0	0	0.31
10700	0.31	0.43	0.43	0	0	0.31
10800	0.31	0.43	0.43	0	0	0.31
10900	0.31	0.42	0.42	0	0	0.31
11000	0.31	0.42	0.42	0	0	0.31
11100	0.3	0.4	0.4	0	0	0.3
11200	0.3	0.4	0.4	0	0	0.3
11300	0.3	0.41	0.41	0	0	0.3
11400	0.3	0.4	0.4	0	0	0.3
11500	0.3	0.4	0.4	0	0	0.3
11600	0.3	0.4	0.4	0	0	0.3
11700	0.3	0.4	0.4	0	0	0.3
11800	0.31	0.4	0.4	0	0	0.31
11900	0.31	0.4	0.4	0	0	0.31
12000	0.31	0.41	0.41	0	0	0.31
12100	0.31	0.41	0.41	0	0	0.31
12200	0.31	0.43	0.43	0	0	0.31
12300	0.31	0.43	0.43	0	0	0.31
12400	0.31	0.43	0.43	0	0	0.31
12500	0.31	0.43	0.43	0	0	0.31
12600	0.31	0.43	0.43	0	0	0.31
12700	0.31	0.43	0.43	0	0	0.31
12800	0.31	0.43	0.43	0	0	0.31
12900	0.31	0.44	0.44	0	0	0.31
13000	0.31	0.44	0.44	0	0	0.31
13100	0.31	0.43	0.43	0	0	0.31
13200	0.31	0.43	0.43	0	0	0.31
13300	0.31	0.43	0.43	0	0	0.31
13400	0.31	0.43	0.43	0	0	0.31
13500	0.32	0.42	0.42	0	0	0.32
13600	0.32	0.42	0.42	0	0	0.32
13700	0.32	0.43	0.43	0	0	0.32
13800	0.32	0.42	0.42	0	0	0.32
13900	0.32	0.42	0.42	0	0	0.32
14000	0.31	0.42	0.42	0	0	0.31
14100	0.33	0.42	0.42	0	0	0.33
14200	0.33	0.41	0.41	0	0	0.33
14300	0.32	0.41	0.41	0	0	0.32
14400	0.32	0.41	0.41	0	0	0.32
14500	0.32	0.42	0.42	0	0	0.32
14600	0.32	0.42	0.42	0	0	0.32
14700	0.31	0.43	0.43	0	0	0.31
14800	0.31	0.42	0.42	0	0	0.31
14900	0.31	0.42	0.42	0	0	0.31
15000	0.32	0.42	0.42	0	0	0.32
15100	0.31	0.42	0.42	0	0	0.31
15200	0.31	0.42	0.42	0	0	0.31
15300	0.31	0.41	0.41	0	0	0.31
15400	0.31	0.41	0.41	0	0	0.31
15500	0.31	0.41	0.41	0	0	0.31
15600	0.31	0.41	0.41	0	0	0.31
15700	0.31	0.41	0.41	0	0	0.31
15800	0.31	0.41	0.41	0	0	0.31
15900	0.31	0.41	0.41	0	0	0.31
16000	0.31	0.41	0.41	0	0	0.31
16100	0.3	0.4	0.4	0	0	0.3
16200	0.3	0.4	0.4	0	0	0.3
16300	0.3	0.39	0.39	0	0	0.3
16400	0.3	0.39	0.39	0	0	0.3
16500	0.31	0.41	0.41	0	0	0.31
16600	0.31	0.41	0.41	0	0	0.31
16700	0.31	0.41	0.41	0	0	0.31
16800	0.31	0.41	0.41	0	0	0.31
16900	0.31	0.41	0.41	0	0	0.31
17000	0.31	0.41	0.41	0	0	0.31
17100	0.32	0.42	0.42	0	0	0.32
17200	0.32	0.42	0.42	0	0	0.32
17300	0.34	0.43	0.43	0	0	0.34
17400	0.34	0.43	0.43	0	0	0.34
17500	0.35	0.43	0.43	0	0	0.35
17600	0.34	0.43	0.43	0	0	0.34
17700	0.34	0.43	0.43	0	0	0.34
17800	0.33	0.43	0.43	0	0	0.33
17900	0.33	0.43	0.43	0	0	0.33
18000	0.33	0.44	0.44	0	0	0.33
18100	0.33	0.47	0.47	0	0	0.33
18200	0.33	0.46	0.46	0	0	0.33
18300	0.33	0.46	0.46	0	0	0.33
18400	0.33	0.46	0.46	0	0	0.33
18500	0.33	0.46	0.46	0	0	0.33
18600	0.33	0.47	0.47	0	0	0.33
18700	0.32	0.47	0.47	0	0	0.32
18800	0.32	0.47	0.47	0	0	0.32
18900	0.32	0.47	0.47	0	0	0.32
19000	0.32	0.47	0.47	0	0	0.32
19100	0.33	0.47	0.47	0	0	0.33
19200	0.33	0.47	0.47	0	0	0.33
19300	0.32	0.47	0.47	0	0	0.32
19400	0.32	0.48	0.48	0	0	0.32
19500	0.32	0.48	0.48	0	0	0.32
19600	0.32	0.47	0.47	0	0	0.32
19700	0.32	0.47	0.47	0	0	0.32
19800	0.32	0.47	0.47	0	0	0.32
19900	0.32	0.47	0.47	0	0	0.32
20000	0.32	0.47	0.47	0	0	0.32
20100	0.32	0.47	0.47	0	0	0.32
20200	0.32	0.47	0.47	0	0	0.32
20300	0.32	0.47	0.47	0	0	0.32
20400	0.32	0.47	0.47	0	0	0.32
20500	0.33	0.47	0.47	0	0	0.33
20600	0.33	0.47	0.47	0	0	0.33
20700	0.33	0.47	0.47	0	0	0.33
20800	0.33	0.47	0.47	0	0	0.33
20900	0.33	0.46	0.46	0	0	0.33
21000	0.33	0.46	0.46	0	0	0.33
21100	0.34	0.47	0.47	0	0	0.34
21200	0.34	0.47	0.47	0	0	0.34
21300	0.35	0.47	0.47	0	0	0.35
21400	0.35	0.47	0.47	0	0	0.35
21500	0.35	0.48	0.48	0	0	0.35
21600	0.35	0.48	0.48	0	0	0.35
21700	0.35	0.48	0.48	0	0	0.35
21800	0.36	0.48	0.48	0	0	0.36
21900	0.36	0.48	0.48	0	0	0.36
22000	0.36	0.49	0.49	0	0	0.36
22100	0.36	0.49	0.49	0	0	0.36
22200	0.36	0.49	0.49	0	0	0.36
22300	0.35	0.49	0.49	0	0	0.35
22400	0.36	0.49	0.49	0	0	0.36
22500	0.37	0.49	0.49	0	0	0.37
22600	0.37	0.49	0.49	0	0	0.37
22700	0.37	0.49	0.49	0	0	0.37
22800	0.37	0.49	0.49	0	0	0.37
22900	0.37	0.48	0.48	0	0	0.37
23000	0.37	0.49	0.49	0	0	0.37
23100	0.37	0.49	0.49	0	0	0.37
23200	0.37	0.5	0.5	0	0	0.37
23300	0.38	0.5	0.5	0	0	0.38
23400	0.38	0.5	0.5	0	0	0.38
23500	0.38	0.5	0.5	0	0	0.38
23600	0.38	0.5	0.5	0	0	0.38
23700	0.38	0.49	0.49	0	0	0.38
23800	0.38	0.49	0.49	0	0	0.38
23900	0.38	0.49	0.49	0	0	0.38
24000	0.39	0.49	0.49	0	0	0.39
24100	0.39	0.49	0.49	0	0	0.39
24200	0.39	0.49	0.49	0	0	0.39
24300	0.39	0.49	0.49	0	0	0.39
24400	0.39	0.49	0.49	0	0	0.39
24500	0.39	0.49	0.49	0	0	0.39
24600	0.39	0.49	0.49	0	0	0.39
24700	0.39	0.49	0.49	0	0	0.39
24800	0.39	0.5	0.5	0	0	0.39
24900	0.39	0.5	0.5	0	0	0.39
25000	0.4	0.5	0.5	0	0	0.4
25100	0.39	0.5	0.5	0	0	0.39
25200	0.39	0.5	0.5	0	0	0.39
25300	0.39	0.5	0.5	0	0	0.39
25400	0.39	0.5	0.5	0	0	0.39
25500	0.39	0.5	0.5	0	0	0.39
25600	0.39	0.5	0.5	0	0	0.39
25700	0.39	0.51	0.51	0	0	0.39
25800	0.38	0.51	0.51	0	0	0.38
25900	0.38	0.51	0.51	0	0	0.38
26000	0.38	0.5	0.5	0	0	0.38
26100	0.38	0.5	0.5	0	0	0.38
26200	0.38	0.5	0.5	0	0	0.38
26300	0.38	0.49	0.49	0	0	0.38
26400	0.38	0.5	0.5	0	0	0.38
26500	0.38	0.5	0.5	0	0	0.38
26600	0.37	0.5	0.5	0	0	0.37
26700	0.37	0.5	0.5	0	0	0.37
26800	0.37	0.5	0.5	0	0	0.37
26900	0.38	0.49	0.49	0	0	0.38
27000	0.38	0.49	0.49	0	0	0.38
27100	0.38	0.49	0.49	0	0	0.38
27200	0.38	0.49	0.49	0	0	0.38
27300	0.38	0.49	0.49	0	0	0.38
27400	0.38	0.49	0.49	0	0	0.38
27500	0.38	0.49	0.49	0	0	0.38
27600	0.38	0.49	0.49	0	0	0.38
27700	0.38	0.49	0.49	0	0	0.38
27800	0.37	0.5	0.5	0	0	0.37
27900	0.37	0.5	0.5	0	0	0.37
28000	0.37	0.49	0.49	0	0	0.37
28100	0.37	0.5	0.5	0	0	0.37
28200	0.37	0.5	0.5	0	0	0.37
28300	0.37	0.5	0.5	0	0	0.37
28400	0.37	0.49	0.49	0	0	0.37
28500	0.37	0.5	0.5	0	0	0.37
28600	0.37	0.5	0.5	0	0	0.37
28700	0.37	0.51	0.51	0	0	0.37
28800	0.37	0.5	0.5	0	0	0.37
28900	0.37	0.5	0.5	0	0	0.37
29000	0.37	0.5	0.5	0	0	0.37
29100	0.37	0.5	0.5	0	0	0.37
29200	0.37	0.5	0.5	0	0	0.37
29300	0.36	0.51	0.51	0	0	0.36
29400	0.36	0.51	0.51	0	0	0.36
29500	0.36	0.51	0.51	0	0	0.36
29600	0.36	0.51	0.51	0	0	0.36
29700	0.36	0.51	0.51	0	0	0.36
29800	0.36	0.51	0.51	0	0	0.36
29900	0.36	0.51	0.51	0	0	0.36
30000	0.36	0.5	0.5	0	0	0.36
30100	0.36	0.5	0.5	0	0	0.36
30200	0.36	0.5	0.5	0	0	0.36
30300	0.36	0.5	0.5	0	0	0.36
30400	0.36	0.5	0.5	0	0	0.36
30500	0.36	0.5	0.5	0	0	0.36
30600	0.36	0.5	0.5	0	0	0.36
30700	0.36	0.5	0.5	0	0	0.36
30800	0.37	0.5	0.5	0	0	0.37
30900	0.37	0.5	0.5	0	0	0.37
31000	0.37	0.5	0.5	0	0	0.37
31100	0.37	0.5	0.5	0	0	0.37
31200	0.37	0.5	0.5	0	0	0.37
31300	0.38	0.5	0.5	0	0	0.38
31400	0.38	0.5	0.5	0	0	0.38
31500	0.38	0.5	0.5	0	0	0.38
31600	0.38	0.5	0.5	0	0	0.38
31700	0.38	0.51	0.51	0	0	0.38
31800	0.38	0.51	0.51	0	0	0.38
31900	0.38	0.51	0.51	0	0	0.38
32000	0.38	0.51	0.51	0	0	0.38
32100	0.38	0.51	0.51	0	0	0.38
32200	0.38	0.51	0.51	0	0	0.38
32300	0.38	0.51	0.51	0	0	0.38
32400	0.38	0.51	0.51	0	0	0.38
32500	0.38	0.51	0.51	0	0	0.38
32600	0.38	0.51	0.51	0	0	0.38
32700	0.38	0.51	0.51	0	0	0.38
32800	0.38	0.51	0.51	0	0	0.38
32900	0.39	0.51	0.51	0	0	0.39
33000	0.39	0.51	0.51	0	0	0.39
33100	0.39	0.51	0.51	0	0	0.39
33200	0.39	0.51	0.51	0	0	0.39
33300	0.39	0.51	0.51	0	0	0.39
33400	0.39	0.51	0.51	0	0	0.39
33500	0.39	0.51	0.51	0	0	0.39
33600	0.39	0.51	0.51	0	0	0.39
33700	0.39	0.51	0.51	0	0	0.39
33800	0.39	0.51	0.51	0	0	0.39
33900	0.39	0.51	0.51	0	0	0.39
34000	0.39	0.51	0.51	0	0	0.39
34100	0.4	0.51	0.51	0	0	0.4
34200	0.4	0.51	0.51	0	0	0.4
34300	0.4	0.51	0.51	0	0	0.4
34400	0.4	0.51	0.51	0	0	0.4
34500	0.4	0.51	0.51	0	0	0.4
34600	0.4	0.51	0.51	0	0	0.4
34700	0.4	0.5	0.5	0	0	0.4
34800	0.4	0.5	0.5	0	0	0.4
34900	0.4	0.5	0.5	0	0	0.4
35000	0.4	0.5	0.5	0	0	0.4
35100	0.4	0.49	0.49	0	0	0.4
35200	0.4	0.49	0.49	0	0	0.4
35300	0.4	0.47	0.47	0	0	0.4
35400	0.4	0.47	0.47	0	0	0.4
35500	0.4	0.47	0.47	0	0	0.4
35600	0.4	0.47	0.47	0	0	0.4
35700	0.4	0.47	0.47	0	0	0.4
35800	0.4	0.47	0.47	0	0	0.4
35900	0.4	0.47	0.47	0	0	0.4
36000	0.4	0.46	0.46	0	0	0.4
36100	0.4	0.46	0.46	0	0	0.4
36200	0.4	0.46	0.46	0	0	0.4
36300	0.4	0.46	0.46	0	0	0.4
36400	0.4	0.46	0.46	0	0	0.4
36500	0.4	0.46	0.46	0	0	0.4
36600	0.4	0.46	0.46	0	0	0.4
36700	0.4	0.46	0.46	0	0	0.4
36800	0.4	0.46	0.46	0	0	0.4
36900	0.4	0.46	0.46	0	0	0.4
37000	0.39	0.46	0.46	0	0	0.39
37100	0.39	0.46	0.46	0	0	0.39
37200	0.39	0.46	0.46	0	0	0.39
37300	0.39	0.46	0.46	0	0	0.39
37400	0.39	0.45	0.45	0	0	0.39
37500	0.39	0.45	0.45	0	0	0.39
37600	0.39	0.44	0.44	0	0	0.39
37700	0.39	0.43	0.43	0	0	0.39
37800	0.39	0.43	0.43	0	0	0.39
37900	0.39	0.43	0.43	0	0	0.39
38000	0.39	0.43	0.43	0	0	0.39
38100	0.39	0.43	0.43	0	0	0.39
38200	0.39	0.43	0.43	0	0	0.39
38300	0.39	0.43	0.43	0	0	0.39
38400	0.39	0.43	0.43	0	0	0.39
38500	0.38	0.43	0.43	0	0	0.38
38600	0.38	0.43	0.43	0	0	0.38
38700	0.39	0.43	0.43	0	0	0.39
38800	0.38	0.43	0.43	0	0	0.38
38900	0.38	0.43	0.43	0	0	0.38
39000	0.38	0.43	0.43	0	0	0.38
39100	0.37	0.43	0.43	0	0	0.37
39200	0.37	0.43	0.43	0	0	0.37
39300	0.37	0.43	0.43	0	0	0.37
39400	0.37	0.43	0.43	0	0	0.37
39500	0.37	0.43	0.43	0	0	0.37
39600	0.37	0.43	0.43	0	0	0.37
39700	0.37	0.43	0.43	0	0	0.37
39800	0.37	0.43	0.43	0	0	0.37
39900	0.37	0.43	0.43	0	0	0.37
40000	0.38	0.42	0.42	0	0	0.38
40100	0.38	0.43	0.43	0	0	0.38
40200	0.38	0.43	0.43	0	0	0.38
40300	0.38	0.43	0.43	0	0	0.38
40400	0.38	0.43	0.43	0	0	0.38
40500	0.38	0.43	0.43	0	0	0.38
40600	0.38	0.44	0.44	0	0	0.38
40700	0.38	0.44	0.44	0	0	0.38
40800	0.38	0.44	0.44	0	0	0.38
40900	0.38	0.44	0.44	0	0	0.38
41000	0.38	0.44	0.44	0	0	0.38
41100	0.38	0.44	0.44	0	0	0.38
41200	0.38	0.44	0.44	0	0	0.38
41300	0.38	0.45	0.45	0	0	0.38
41400	0.38	0.45	0.45	0	0	0.38
41500	0.38	0.45	0.45	0	0	0.38
41600	0.38	0.45	0.45	0	0	0.38
41700	0.38	0.46	0.46	0	0	0.38
41800	0.38	0.46	0.46	0	0	0.38
41900	0.38	0.46	0.46	0	0	0.38
42000	0.38	0.46	0.46	0	0	0.38
42100	0.38	0.46	0.46	0	0	0.38
42200	0.38	0.46	0.46	0	0	0.38
42300	0.38	0.46	0.46	0	0	0.38
42400	0.38	0.46	0.46	0	0	0.38
42500	0.38	0.46	0.46	0	0	0.38
42600	0.38	0.46	0.46	0	0	0.38
42700	0.38	0.46	0.46	0	0	0.38
42800	0.38	0.46	0.46	0	0	0.38
42900	0.39	0.46	0.46	0	0	0.39
43000	0.39	0.46	0.46	0	0	0.39
43100	0.4	0.45	0.45	0	0	0.4
43200	0.4	0.45	0.45	0	0	0.4
43300	0.4	0.45	0.45	0	0	0.4
43400	0.4	0.46	0.46	0	0	0.4
43500	0.4	0.47	0.47	0	0	0.4
43600	0.4	0.47	0.47	0	0	0.4
43700	0.4	0.47	0.47	0	0	0.4
43800	0.4	0.47	0.47	0	0	0.4
43900	0.4	0.47	0.47	0	0	0.4
44000	0.4	0.47	0.47	0	0	0.4
44100	0.4	0.47	0.47	0	0	0.4
44200	0.4	0.47	0.47	0	0	0.4
44300	0.4	0.47	0.47	0	0	0.4
44400	0.4	0.47	0.47	0	0	0.4
44500	0.4	0.47	0.47	0	0	0.4
44600	0.4	0.47	0.47	0	0	0.4
44700	0.4	0.47	0.47	0	0	0.4
44800	0.4	0.47	0.47	0	0	0.4
44900	0.4	0.47	0.47	0	0	0.4
45000	0.4	0.47	0.47	0	0	0.4
45100	0.4	0.46	0.46	0	0	0.4
45200	0.4	0.46	0.46	0	0	0.4
45300	0.4	0.46	0.46	0	0	0.4
45400	0.4	0.46	0.46	0	0	0.4
45500	0.4	0.46	0.46	0	0	0.4
45600	0.4	0.46	0.46	0	0	0.4
45700	0.4	0.46	0.46	0	0	0.4
45800	0.41	0.46	0.46	0	0	0.41
45900	0.4	0.46	0.46	0	0	0.4
46000	0.4	0.46	0.46	0	0	0.4
46100	0.4	0.46	0.46	0	0	0.4
46200	0.4	0.46	0.46	0	0	0.4
46300	0.4	0.46	0.46	0	0	0.4
46400	0.39	0.46	0.46	0	0	0.39
46500	0.39	0.46	0.46	0	0	0.39
46600	0.39	0.46	0.46	0	0	0.39
46700	0.4	0.45	0.45	0	0	0.4
46800	0.39	0.45	0.45	0	0	0.39
46900	0.39	0.45	0.45	0	0	0.39
47000	0.39	0.44	0.44	0	0	0.39
47100	0.39	0.44	0.44	0	0	0.39
47200	0.39	0.44	0.44	0	0	0.39
47300	0.39	0.44	0.44	0	0	0.39
47400	0.39	0.45	0.45	0	0	0.39
47500	0.39	0.45	0.45	0	0	0.39
47600	0.39	0.45	0.45	0	0	0.39
47700	0.39	0.45	0.45	0	0	0.39
47800	0.39	0.45	0.45	0	0	0.39
47900	0.39	0.45	0.45	0	0	0.39
48000	0.39	0.45	0.45	0	0	0.39
48100	0.39	0.45	0.45	0	0	0.39
48200	0.39	0.45	0.45	0	0	0.39
48300	0.39	0.46	0.46	0	0	0.39
48400	0.39	0.46	0.46	0	0	0.39
48500	0.39	0.46	0.46	0	0	0.39
48600	0.39	0.46	0.46	0	0	0.39
48700	0.39	0.46	0.46	0	0	0.39
48800	0.39	0.46	0.46	0	0	0.39
48900	0.39	0.46	0.46	0	0	0.39
49000	0.39	0.46	0.46	0	0	0.39
49100	0.39	0.46	0.46	0	0	0.39
49200	0.39	0.46	0.46	0	0	0.39
49300	0.38	0.46	0.46	0	0	0.38
49400	0.38	0.46	0.46	0	0	0.38
49500	0.38	0.46	0.46	0	0	0.38
49600	0.39	0.45	0.45	0	0	0.39
49700	0.39	0.46	0.46	0	0	0.39
49800	0.39	0.46	0.46	0	0	0.39
49900	0.39	0.46	0.46	0	0	0.39
50000	0.39	0.46	0.46	0	0	0.39
50100	0.39	0.46	0.46	0	0	0.39
50200	0.39	0.47	0.47	0	0	0.39
50300	0.39	0.47	0.47	0	0	0.39
50400	0.39	0.47	0.47	0	0	0.39
50500	0.39	0.47	0.47	0	0	0.39
50600	0.39	0.48	0.48	0	0	0.39
50700	0.39	0.48	0.48	0	0	0.39
50800	0.39	0.48	0.48	0	0	0.39
50900	0.39	0.48	0.48	0	0	0.39
51000	0.39	0.48	0.48	0	0	0.39
51100	0.39	0.48	0.48	0	0	0.39
51200	0.39	0.48	0.48	0	0	0.39
51300	0.39	0.48	0.48	0	0	0.39
51400	0.39	0.48	0.48	0	0	0.39
51500	0.39	0.47	0.47	0	0	0.39
51600	0.39	0.46	0.46	0	0	0.39
51700	0.39	0.46	0.46	0	0	0.39
51800	0.39	0.46	0.46	0	0	0.39
51900	0.39	0.46	0.46	0	0	0.39
52000	0.39	0.46	0.46	0	0	0.39
52100	0.39	0.46	0.46	0	0	0.39
52200	0.39	0.46	0.46	0	0	0.39
52300	0.4	0.46	0.46	0	0	0.4
52400	0.4	0.47	0.47	0	0	0.4
52500	0.39	0.47	0.47	0	0	0.39
52600	0.39	0.47	0.47	0	0	0.39
52700	0.39	0.48	0.48	0	0	0.39
52800	0.39	0.47	0.47	0	0	0.39
52900	0.4	0.47	0.47	0	0	0.4
53000	0.4	0.47	0.47	0	0	0.4
53100	0.4	0.47	0.47	0	0	0.4
53200	0.4	0.47	0.47	0	0	0.4
53300	0.4	0.47	0.47	0	0	0.4
53400	0.4	0.47	0.47	0	0	0.4
53500	0.4	0.47	0.47	0	0	0.4
53600	0.41	0.47	0.47	0	0	0.41
53700	0.41	0.46	0.46	0	0	0.41
53800	0.41	0.46	0.46	0	0	0.41
53900	0.41	0.47	0.47	0	0	0.41
54000	0.41	0.47	0.47	0	0	0.41
54100	0.41	0.48	0.48	0	0	0.41
54200	0.41	0.48	0.48	0	0	0.41
54300	0.41	0.48	0.48	0	0	0.41
54400	0.41	0.48	0.48	0	0	0.41
54500	0.41	0.48	0.48	0	0	0.41
54600	0.41	0.48	0.48	0	0	0.41
54700	0.41	0.48	0.48	0	0	0.41
54800	0.41	0.48	0.48	0	0	0.41
54900	0.41	0.48	0.48	0	0	0.41
55000	0.41	0.48	0.48	0	0	0.41
55100	0.41	0.48	0.48	0	0	0.41
55200	0.41	0.48	0.48	0	0	0.41
55300	0.41	0.48	0.48	0	0	0.41
55400	0.41	0.48	0.48	0	0	0.41
55500	0.41	0.48	0.48	0	0	0.41
55600	0.41	0.48	0.48	0	0	0.41
55700	0.41	0.48	0.48	0	0	0.41
55800	0.41	0.48	0.48	0	0	0.41
55900	0.41	0.48	0.48	0	0	0.41
56000	0.41	0.48	0.48	0	0	0.41
56100	0.41	0.48	0.48	0	0	0.41
56200	0.41	0.48	0.48	0	0	0.41
56300	0.41	0.48	0.48	0	0	0.41
56400	0.4	0.48	0.48	0	0	0.4
56500	0.4	0.48	0.48	0	0	0.4
56600	0.4	0.48	0.48	0	0	0.4
56700	0.4	0.48	0.48	0	0	0.4
56800	0.4	0.48	0.48	0	0	0.4
56900	0.4	0.48	0.48	0	0	0.4
57000	0.4	0.47	0.47	0	0	0.4
57100	0.4	0.47	0.47	0	0	0.4
57200	0.4	0.47	0.47	0	0	0.4
57300	0.4	0.47	0.47	0	0	0.4
57400	0.4	0.47	0.47	0	0	0.4
57500	0.4	0.47	0.47	0	0	0.4
57600	0.4	0.47	0.47	0	0	0.4
57700	0.4	0.47	0.47	0	0	0.4
57800	0.4	0.47	0.47	0	0	0.4
57900	0.4	0.47	0.47	0	0	0.4
58000	0.4	0.47	0.47	0	0	0.4
58100	0.4	0.47	0.47	0	0	0.4
58200	0.41	0.47	0.47	0	0	0.41
58300	0.41	0.47	0.47	0	0	0.41
58400	0.41	0.47	0.47	0	0	0.41
58500	0.41	0.47	0.47	0	0	0.41
58600	0.4	0.47	0.47	0	0	0.4
58700	0.4	0.47	0.47	0	0	0.4
58800	0.4	0.47	0.47	0	0	0.4
58900	0.4	0.47	0.47	0	0	0.4
59000	0.4	0.47	0.47	0	0	0.4
59100	0.4	0.47	0.47	0	0	0.4
59200	0.4	0.47	0.47	0	0	0.4
59300	0.4	0.47	0.47	0	0	0.4
59400	0.4	0.47	0.47	0	0	0.4
59500	0.4	0.47	0.47	0	0	0.4
59600	0.39	0.47	0.47	0	0	0.39
59700	0.39	0.47	0.47	0	0	0.39
59800	0.4	0.47	0.47	0	0	0.4
59900	0.4	0.47	0.47	0	0	0.4
60000	0.4	0.47	0.47	0	0	0.4
60100	0.4	0.47	0.47	0	0	0.4
60200	0.4	0.47	0.47	0	0	0.4
60300	0.4	0.47	0.47	0	0	0.4
60400	0.41	0.47	0.47	0	0	0.41
60500	0.41	0.48	0.48	0	0	0.41
60600	0.41	0.48	0.48	0	0	0.41
60700	0.41	0.48	0.48	0	0	0.41
60800	0.41	0.48	0.48	0	0	0.41
60900	0.41	0.47	0.47	0	0	0.41
61000	0.41	0.47	0.47	0	0	0.41
61100	0.41	0.47	0.47	0	0	0.41
61200	0.41	0.47	0.47	0	0	0.41
61300	0.41	0.47	0.47	0	0	0.41
61400	0.41	0.47	0.47	0	0	0.41
61500	0.41	0.47	0.47	0	0	0.41
61600	0.41	0.47	0.47	0	0	0.41
61700	0.41	0.47	0.47	0	0	0.41
61800	0.41	0.47	0.47	0	0	0.41
61900	0.41	0.47	0.47	0	0	0.41
62000	0.41	0.47	0.47	0	0	0.41
62100	0.41	0.47	0.47	0	0	0.41
62200	0.41	0.47	0.47	0	0	0.41
62300	0.41	0.47	0.47	0	0	0.41
62400	0.42	0.47	0.47	0	0	0.42
62500	0.42	0.47	0.47	0	0	0.42
62600	0.42	0.47	0.47	0	0	0.42
62700	0.42	0.47	0.47	0	0	0.42
62800	0.42	0.47	0.47	0	0	0.42
62900	0.42	0.47	0.47	0	0	0.42
63000	0.42	0.48	0.48	0	0	0.42
63100	0.42	0.47	0.47	0	0	0.42
63200	0.43	0.47	0.47	0	0	0.43
63300	0.42	0.47	0.47	0	0	0.42
63400	0.42	0.47	0.47	0	0	0.42
63500	0.42	0.47	0.47	0	0	0.42
63600	0.42	0.47	0.47	0	0	0.42
63700	0.42	0.48	0.48	0	0	0.42
63800	0.42	0.48	0.48	0	0	0.42
63900	0.41	0.48	0.48	0	0	0.41
64000	0.41	0.48	0.48	0	0	0.41
64100	0.41	0.48	0.48	0	0	0.41
64200	0.41	0.48	0.48	0	0	0.41
64300	0.41	0.48	0.48	0	0	0.41
64400	0.41	0.48	0.48	0	0	0.41
64500	0.41	0.48	0.48	0	0	0.41
64600	0.41	0.48	0.48	0	0	0.41
64700	0.41	0.48	0.48	0	0	0.41
64800	0.41	0.48	0.48	0	0	0.41
64900	0.41	0.48	0.48	0	0	0.41
65000	0.41	0.48	0.48	0	0	0.41
65100	0.41	0.48	0.48	0	0	0.41
65200	0.41	0.48	0.48	0	0	0.41
65300	0.41	0.48	0.48	0	0	0.41
65400	0.41	0.48	0.48	0	0	0.41
65500	0.41	0.48	0.48	0	0	0.41
65600	0.4	0.48	0.48	0	0	0.4
65700	0.41	0.48	0.48	0	0	0.41
65800	0.4	0.48	0.48	0	0	0.4
65900	0.4	0.48	0.48	0	0	0.4
66000	0.4	0.48	0.48	0	0	0.4
66100	0.4	0.48	0.48	0	0	0.4
66200	0.4	0.48	0.48	0	0	0.4
66300	0.4	0.48	0.48	0	0	0.4
66400	0.4	0.48	0.48	0	0	0.4
66500	0.4	0.48	0.48	0	0	0.4
66600	0.4	0.48	0.48	0	0	0.4
66700	0.4	0.48	0.48	0	0	0.4
66800	0.4	0.48	0.48	0	0	0.4
66900	0.4	0.49	0.49	0	0	0.4
67000	0.4	0.49	0.49	0	0	0.4
67100	0.4	0.49	0.49	0	0	0.4
67200	0.4	0.49	0.49	0	0	0.4
67300	0.4	0.49	0.49	0	0	0.4
67400	0.4	0.48	0.48	0	0	0.4
67500	0.4	0.48	0.48	0	0	0.4
67600	0.4	0.48	0.48	0	0	0.4
67700	0.4	0.48	0.48	0	0	0.4
67800	0.4	0.48	0.48	0	0	0.4
67900	0.4	0.49	0.49	0	0	0.4
68000	0.4	0.49	0.49	0	0	0.4
68100	0.4	0.49	0.49	0	0	0.4
68200	0.4	0.49	0.49	0	0	0.4
68300	0.4	0.49	0.49	0	0	0.4
68400	0.4	0.49	0.49	0	0	0.4
68500	0.4	0.49	0.49	0	0	0.4
68600	0.4	0.49	0.49	0	0	0.4
68700	0.4	0.49	0.49	0	0	0.4
68800	0.4	0.49	0.49	0	0	0.4
68900	0.4	0.49	0.49	0	0	0.4
69000	0.4	0.5	0.5	0	0	0.4
69100	0.4	0.49	0.49	0	0	0.4
69200	0.4	0.49	0.49	0	0	0.4
69300	0.4	0.48	0.48	0	0	0.4
69400	0.39	0.48	0.48	0	0	0.39
69500	0.39	0.48	0.48	0	0	0.39
69600	0.39	0.48	0.48	0	0	0.39
69700	0.39	0.48	0.48	0	0	0.39
69800	0.39	0.48	0.48	0	0	0.39
69900	0.39	0.48	0.48	0	0	0.39
70000	0.39	0.48	0.48	0	0	0.39
70100	0.4	0.49	0.49	0	0	0.4
70200	0.4	0.49	0.49	0	0	0.4
70300	0.4	0.49	0.49	0	0	0.4
70400	0.4	0.49	0.49	0	0	0.4
70500	0.4	0.49	0.49	0	0	0.4
70600	0.4	0.49	0.49	0	0	0.4
70700	0.4	0.49	0.49	0	0	0.4
70800	0.4	0.49	0.49	0	0	0.4
70900	0.41	0.49	0.49	0	0	0.41
71000	0.4	0.49	0.49	0	0	0.4
71100	0.4	0.49	0.49	0	0	0.4
71200	0.41	0.49	0.49	0	0	0.41
71300	0.41	0.49	0.49	0	0	0.41
71400	0.41	0.49	0.49	0	0	0.41
71500	0.41	0.49	0.49	0	0	0.41
71600	0.41	0.49	0.49	0	0	0.41
71700	0.41	0.49	0.49	0	0	0.41
71800	0.41	0.49	0.49	0	0	0.41
71900	0.41	0.49	0.49	0	0	0.41
72000	0.41	0.49	0.49	0	0	0.41
72100	0.41	0.49	0.49	0	0	0.41
72200	0.41	0.5	0.5	0	0	0.41
72300	0.41	0.5	0.5	0	0	0.41
72400	0.41	0.5	0.5	0	0	0.41
72500	0.41	0.5	0.5	0	0	0.41
72600	0.41	0.5	0.5	0	0	0.41
72700	0.41	0.5	0.5	0	0	0.41
72800	0.41	0.5	0.5	0	0	0.41
72900	0.41	0.5	0.5	0	0	0.41
73000	0.42	0.5	0.5	0	0	0.42
73100	0.42	0.5	0.5	0	0	0.42
73200	0.42	0.5	0.5	0	0	0.42
73300	0.42	0.51	0.51	0	0	0.42
73400	0.42	0.51	0.51	0	0	0.42
73500	0.42	0.51	0.51	0	0	0.42
73600	0.42	0.51	0.51	0	0	0.42
73700	0.42	0.5	0.5	0	0	0.42
73800	0.42	0.5	0.5	0	0	0.42
73900	0.42	0.5	0.5	0	0	0.42
74000	0.42	0.5	0.5	0	0	0.42
74100	0.42	0.5	0.5	0	0	0.42
74200	0.42	0.5	0.5	0	0	0.42
74300	0.42	0.5	0.5	0	0	0.42
74400	0.42	0.5	0.5	0	0	0.42
74500	0.42	0.5	0.5	0	0	0.42
74600	0.42	0.5	0.5	0	0	0.42
74700	0.41	0.5	0.5	0	0	0.41
74800	0.41	0.5	0.5	0	0	0.41
74900	0.4	0.5	0.5	0	0	0.4
75000	0.4	0.5	0.5	0	0	0.4
75100	0.4	0.5	0.5	0	0	0.4
75200	0.4	0.5	0.5	0	0	0.4
75300	0.4	0.5	0.5	0	0	0.4
75400	0.4	0.5	0.5	0	0	0.4
75500	0.4	0.5	0.5	0	0	0.4
75600	0.4	0.5	0.5	0	0	0.4
75700	0.4	0.5	0.5	0	0	0.4
75800	0.4	0.49	0.49	0	0	0.4
75900	0.4	0.49	0.49	0	0	0.4
76000	0.4	0.49	0.49	0	0	0.4
76100	0.4	0.49	0.49	0	0	0.4
76200	0.4	0.49	0.49	0	0	0.4
76300	0.4	0.49	0.49	0	0	0.4
76400	0.4	0.49	0.49	0	0	0.4
76500	0.4	0.49	0.49	0	0	0.4
76600	0.4	0.49	0.49	0	0	0.4
76700	0.41	0.49	0.49	0	0	0.41
76800	0.41	0.48	0.48	0	0	0.41
76900	0.41	0.48	0.48	0	0	0.41
77000	0.41	0.48	0.48	0	0	0.41
77100	0.41	0.48	0.48	0	0	0.41
77200	0.41	0.48	0.48	0	0	0.41
77300	0.41	0.47	0.47	0	0	0.41
77400	0.41	0.47	0.47	0	0	0.41
77500	0.41	0.47	0.47	0	0	0.41
77600	0.41	0.48	0.48	0	0	0.41
77700	0.41	0.48	0.48	0	0	0.41
77800	0.41	0.48	0.48	0	0	0.41
77900	0.41	0.48	0.48	0	0	0.41
78000	0.41	0.48	0.48	0	0	0.41
78100	0.41	0.48	0.48	0	0	0.41
78200	0.41	0.48	0.48	0	0	0.41
78300	0.41	0.48	0.48	0	0	0.41
78400	0.41	0.48	0.48	0	0	0.41
78500	0.41	0.48	0.48	0	0	0.41
78600	0.41	0.48	0.48	0	0	0.41
78700	0.42	0.48	0.48	0	0	0.42
78800	0.42	0.49	0.49	0	0	0.42
78900	0.42	0.48	0.48	0	0	0.42
79000	0.42	0.48	0.48	0	0	0.42
79100	0.42	0.48	0.48	0	0	0.42
79200	0.42	0.48	0.48	0	0	0.42
79300	0.42	0.48	0.48	0	0	0.42
79400	0.42	0.48	0.48	0	0	0.42
79500	0.43	0.48	0.48	0	0	0.43
79600	0.42	0.48	0.48	0	0	0.42
79700	0.42	0.48	0.48	0	0	0.42
79800	0.42	0.48	0.48	0	0	0.42
79900	0.41	0.48	0.48	0	0	0.41
80000	0.41	0.48	0.48	0	0	0.41
80100	0.41	0.48	0.48	0	0	0.41
80200	0.41	0.48	0.48	0	0	0.41
80300	0.41	0.48	0.48	0	0	0.41
80400	0.41	0.48	0.48	0	0	0.41
80500	0.41	0.49	0.49	0	0	0.41
80600	0.41	0.49	0.49	0	0	0.41
80700	0.41	0.48	0.48	0	0	0.41
80800	0.41	0.49	0.49	0	0	0.41
80900	0.41	0.5	0.5	0	0	0.41
81000	0.41	0.5	0.5	0	0	0.41
81100	0.41	0.5	0.5	0	0	0.41
81200	0.41	0.5	0.5	0	0	0.41
81300	0.42	0.5	0.5	0	0	0.42
81400	0.41	0.5	0.5	0	0	0.41
81500	0.41	0.5	0.5	0	0	0.41
81600	0.41	0.5	0.5	0	0	0.41
81700	0.41	0.5	0.5	0	0	0.41
81800	0.41	0.5	0.5	0	0	0.41
81900	0.4	0.5	0.5	0	0	0.4
82000	0.4	0.5	0.5	0	0	0.4
82100	0.4	0.5	0.5	0	0	0.4
82200	0.4	0.5	0.5	0	0	0.4
82300	0.4	0.5	0.5	0	0	0.4
82400	0.4	0.5	0.5	0	0	0.4
82500	0.4	0.5	0.5	0	0	0.4
82600	0.41	0.5	0.5	0	0	0.41
82700	0.41	0.49	0.49	0	0	0.41
82800	0.41	0.49	0.49	0	0	0.41
82900	0.41	0.49	0.49	0	0	0.41
83000	0.41	0.49	0.49	0	0	0.41
83100	0.4	0.49	0.49	0	0	0.4
83200	0.38	0.49	0.49	0	0	0.38
83300	0.38	0.49	0.49	0	0	0.38
83400	0.38	0.49	0.49	0	0	0.38
83500	0.38	0.49	0.49	0	0	0.38
83600	0.38	0.49	0.49	0	0	0.38
83700	0.38	0.49	0.49	0	0	0.38
83800	0.38	0.49	0.49	0	0	0.38
83900	0.38	0.49	0.49	0	0	0.38
84000	0.38	0.49	0.49	0	0	0.38
84100	0.38	0.49	0.49	0	0	0.38
84200	0.38	0.49	0.49	0	0	0.38
84300	0.38	0.49	0.49	0	0	0.38
84400	0.38	0.49	0.49	0	0	0.38
84500	0.38	0.49	0.49	0	0	0.38
84600	0.38	0.49	0.49	0	0	0.38
84700	0.38	0.49	0.49	0	0	0.38
84800	0.38	0.49	0.49	0	0	0.38
84900	0.38	0.5	0.5	0	0	0.38
85000	0.38	0.5	0.5	0	0	0.38
85100	0.38	0.5	0.5	0	0	0.38
85200	0.38	0.51	0.51	0	0	0.38
85300	0.38	0.51	0.51	0	0	0.38
85400	0.38	0.5	0.5	0	0	0.38
85500	0.38	0.5	0.5	0	0	0.38
85600	0.38	0.5	0.5	0	0	0.38
85700	0.4	0.5	0.5	0	0	0.4
85800	0.39	0.5	0.5	0	0	0.39
85900	0.38	0.5	0.5	0	0	0.38
86000	0.38	0.5	0.5	0	0	0.38
86100	0.38	0.5	0.5	0	0	0.38
86200	0.38	0.5	0.5	0	0	0.38
86300	0.38	0.5	0.5	0	0	0.38
86400	0.39	0.5	0.5	0	0	0.39
86500	0.39	0.5	0.5	0	0	0.39
86600	0.39	0.5	0.5	0	0	0.39
86700	0.39	0.5	0.5	0	0	0.39
86800	0.39	0.5	0.5	0	0	0.39
86900	0.39	0.5	0.5	0	0	0.39
87000	0.39	0.5	0.5	0	0	0.39
87100	0.38	0.5	0.5	0	0	0.38
87200	0.38	0.5	0.5	0	0	0.38
87300	0.38	0.5	0.5	0	0	0.38
87400	0.38	0.5	0.5	0	0	0.38
87500	0.38	0.5	0.5	0	0	0.38
87600	0.38	0.5	0.5	0	0	0.38
87700	0.38	0.5	0.5	0	0	0.38
87800	0.38	0.5	0.5	0	0	0.38
87900	0.38	0.5	0.5	0	0	0.38
88000	0.38	0.5	0.5	0	0	0.38
88100	0.38	0.5	0.5	0	0	0.38
88200	0.38	0.5	0.5	0	0	0.38
88300	0.39	0.5	0.5	0	0	0.39
88400	0.39	0.5	0.5	0	0	0.39
88500	0.39	0.5	0.5	0	0	0.39
88600	0.39	0.5	0.5	0	0	0.39
88700	0.4	0.5	0.5	0	0	0.4
88800	0.4	0.5	0.5	0	0	0.4
88900	0.4	0.5	0.5	0	0	0.4
89000	0.4	0.5	0.5	0	0	0.4
89100	0.4	0.5	0.5	0	0	0.4
89200	0.4	0.5	0.5	0	0	0.4
89300	0.4	0.5	0.5	0	0	0.4
89400	0.4	0.5	0.5	0	0	0.4
89500	0.4	0.5	0.5	0	0	0.4
89600	0.4	0.5	0.5	0	0	0.4
89700	0.4	0.5	0.5	0	0	0.4
89800	0.4	0.5	0.5	0	0	0.4
89900	0.41	0.5	0.5	0	0	0.41
90000	0.41	0.5	0.5	0	0	0.41
90100	0.42	0.5	0.5	0	0	0.42
90200	0.42	0.5	0.5	0	0	0.42
90300	0.42	0.5	0.5	0	0	0.42
90400	0.42	0.5	0.5	0	0	0.42
90500	0.42	0.5	0.5	0	0	0.42
90600	0.42	0.5	0.5	0	0	0.42
90700	0.42	0.5	0.5	0	0	0.42
90800	0.42	0.5	0.5	0	0	0.42
90900	0.42	0.5	0.5	0	0	0.42
91000	0.42	0.5	0.5	0	0	0.42
91100	0.42	0.5	0.5	0	0	0.42
91200	0.42	0.5	0.5	0	0	0.42
91300	0.41	0.5	0.5	0	0	0.41
91400	0.41	0.5	0.5	0	0	0.41
91500	0.41	0.5	0.5	0	0	0.41
91600	0.41	0.5	0.5	0	0	0.41
91700	0.41	0.5	0.5	0	0	0.41
91800	0.41	0.5	0.5	0	0	0.41
91900	0.4	0.5	0.5	0	0	0.4
92000	0.4	0.5	0.5	0	0	0.4
92100	0.4	0.5	0.5	0	0	0.4
92200	0.39	0.5	0.5	0	0	0.39
92300	0.39	0.5	0.5	0	0	0.39
92400	0.39	0.5	0.5	0	0	0.39
92500	0.39	0.5	0.5	0	0	0.39
92600	0.39	0.5	0.5	0	0	0.39
92700	0.38	0.5	0.5	0	0	0.38
92800	0.38	0.5	0.5	0	0	0.38
92900	0.38	0.5	0.5	0	0	0.38
93000	0.38	0.5	0.5	0	0	0.38
93100	0.38	0.5	0.5	0	0	0.38
93200	0.38	0.49	0.49	0	0	0.38
93300	0.38	0.49	0.49	0	0	0.38
93400	0.38	0.49	0.49	0	0	0.38
93500	0.38	0.49	0.49	0	0	0.38
93600	0.38	0.48	0.48	0	0	0.38
93700	0.39	0.48	0.48	0	0	0.39
93800	0.38	0.49	0.49	0	0	0.38
93900	0.38	0.49	0.49	0	0	0.38
94000	0.38	0.49	0.49	0	0	0.38
94100	0.38	0.49	0.49	0	0	0.38
94200	0.38	0.49	0.49	0	0	0.38
94300	0.38	0.5	0.5	0	0	0.38
94400	0.38	0.5	0.5	0	0	0.38
94500	0.38	0.5	0.5	0	0	0.38
94600	0.39	0.5	0.5	0	0	0.39
94700	0.38	0.5	0.5	0	0	0.38
94800	0.38	0.5	0.5	0	0	0.38
94900	0.38	0.5	0.5	0	0	0.38
95000	0.39	0.5	0.5	0	0	0.39
95100	0.39	0.49	0.49	0	0	0.39
95200	0.39	0.47	0.47	0	0	0.39
95300	0.39	0.47	0.47	0	0	0.39
95400	0.39	0.47	0.47	0	0	0.39
95500	0.39	0.47	0.47	0	0	0.39
95600	0.39	0.47	0.47	0	0	0.39
95700	0.39	0.46	0.46	0	0	0.39
95800	0.39	0.46	0.46	0	0	0.39
95900	0.4	0.46	0.46	0	0	0.4
96000	0.4	0.46	0.46	0	0	0.4
96100	0.4	0.46	0.46	0	0	0.4
96200	0.4	0.46	0.46	0	0	0.4
96300	0.4	0.48	0.48	0	0	0.4
96400	0.4	0.46	0.46	0	0	0.4
96500	0.4	0.46	0.46	0	0	0.4
96600	0.4	0.46	0.46	0	0	0.4
96700	0.4	0.46	0.46	0	0	0.4
96800	0.4	0.46	0.46	0	0	0.4
96900	0.4	0.46	0.46	0	0	0.4
97000	0.4	0.46	0.46	0	0	0.4
97100	0.4	0.46	0.46	0	0	0.4
97200	0.4	0.46	0.46	0	0	0.4
97300	0.4	0.46	0.46	0	0	0.4
97400	0.4	0.46	0.46	0	0	0.4
97500	0.4	0.46	0.46	0	0	0.4
97600	0.4	0.46	0.46	0	0	0.4
97700	0.4	0.46	0.46	0	0	0.4
97800	0.4	0.46	0.46	0	0	0.4
97900	0.4	0.46	0.46	0	0	0.4
98000	0.4	0.46	0.46	0	0	0.4
98100	0.41	0.46	0.46	0	0	0.41
98200	0.41	0.46	0.46	0	0	0.41
98300	0.41	0.46	0.46	0	0	0.41
98400	0.42	0.46	0.46	0	0	0.42
98500	0.42	0.45	0.45	0	0	0.42
98600	0.42	0.45	0.45	0	0	0.42
98700	0.42	0.45	0.45	0	0	0.42
98800	0.42	0.45	0.45	0	0	0.42
98900	0.42	0.45	0.45	0	0	0.42
99000	0.42	0.46	0.46	0	0	0.42
99100	0.42	0.46	0.46	0	0	0.42
99200	0.42	0.46	0.46	0	0	0.42
99300	0.42	0.47	0.47	0	0	0.42
99400	0.42	0.47	0.47	0	0	0.42
99500	0.42	0.47	0.47	0	0	0.42
99600	0.42	0.47	0.47	0	0	0.42
99700	0.43	0.47	0.47	0	0	0.43
99800	0.42	0.47	0.47	0	0	0.42
99900	0.42	0.47	0.47	0	0	0.42
100000	0.42	0.47	0.47	0	0	0.42
