100	0.1	0.1	0.1	0	0	0.1
200	0.11	0.11	0.11	0	0	0.11
300	0.14	0.12	0.12	0	0	0.14
400	0.15	0.13	0.13	0	0	0.15
500	0.16	0.14	0.14	0	0	0.16
600	0.17	0.15	0.15	0	0	0.17
700	0.17	0.16	0.16	0	0	0.17
800	0.17	0.16	0.16	0	0	0.17
900	0.18	0.18	0.18	0	0	0.18
1000	0.18	0.18	0.18	0	0	0.18
1100	0.18	0.19	0.19	0	0	0.18
1200	0.18	0.19	0.19	0	0	0.18
1300	0.2	0.19	0.19	0	0	0.2
1400	0.2	0.22	0.22	0	0	0.2
1500	0.21	0.23	0.23	0	0	0.21
1600	0.2	0.23	0.23	0	0	0.2
1700	0.2	0.24	0.24	0	0	0.2
1800	0.2	0.24	0.24	0	0	0.2
1900	0.21	0.25	0.25	0	0	0.21
2000	0.21	0.26	0.26	0	0	0.21
2100	0.21	0.26	0.26	0	0	0.21
2200	0.21	0.24	0.24	0	0	0.21
2300	0.21	0.25	0.25	0	0	0.21
2400	0.23	0.25	0.25	0	0	0.23
2500	0.23	0.25	0.25	0	0	0.23
2600	0.24	0.26	0.26	0	0	0.24
2700	0.26	0.27	0.27	0	0	0.26
2800	0.26	0.27	0.27	0	0	0.26
2900	0.26	0.28	0.28	0	0	0.26
3000	0.27	0.3	0.3	0	0	0.27
3100	0.28	0.29	0.29	0	0	0.28
3200	0.27	0.29	0.29	0	0	0.27
3300	0.28	0.29	0.29	0	0	0.28
3400	0.28	0.29	0.29	0	0	0.28
3500	0.28	0.29	0.29	0	0	0.28
3600	0.29	0.29	0.29	0	0	0.29
3700	0.28	0.3	0.3	0	0	0.28
3800	0.27	0.31	0.31	0	0	0.27
3900	0.28	0.31	0.31	0	0	0.28
4000	0.28	0.32	0.32	0	0	0.28
4100	0.29	0.32	0.32	0	0	0.29
4200	0.29	0.32	0.32	0	0	0.29
4300	0.29	0.32	0.32	0	0	0.29
4400	0.3	0.34	0.34	0	0	0.3
4500	0.31	0.34	0.34	0	0	0.31
4600	0.31	0.34	0.34	0	0	0.31
4700	0.3	0.34	0.34	0	0	0.3
4800	0.31	0.35	0.35	0	0	0.31
4900	0.31	0.34	0.34	0	0	0.31
5000	0.31	0.34	0.34	0	0	0.31
5100	0.31	0.36	0.36	0	0	0.31
5200	0.31	0.36	0.36	0	0	0.31
5300	0.31	0.36	0.36	0	0	0.31
5400	0.31	0.36	0.36	0	0	0.31
5500	0.31	0.34	0.34	0	0	0.31
5600	0.31	0.35	0.35	0	0	0.31
5700	0.31	0.35	0.35	0	0	0.31
5800	0.31	0.35	0.35	0	0	0.31
5900	0.31	0.35	0.35	0	0	0.31
6000	0.31	0.36	0.36	0	0	0.31
6100	0.33	0.37	0.37	0	0	0.33
6200	0.34	0.37	0.37	0	0	0.34
6300	0.34	0.37	0.37	0	0	0.34
6400	0.34	0.38	0.38	0	0	0.34
6500	0.34	0.38	0.38	0	0	0.34
6600	0.34	0.37	0.37	0	0	0.34
6700	0.34	0.37	0.37	0	0	0.34
6800	0.35	0.37	0.37	0	0	0.35
6900	0.35	0.37	0.37	0	0	0.35
7000	0.35	0.38	0.38	0	0	0.35
7100	0.35	0.38	0.38	0	0	0.35
7200	0.36	0.38	0.38	0	0	0.36
7300	0.36	0.39	0.39	0	0	0.36
7400	0.36	0.39	0.39	0	0	0.36
7500	0.36	0.39	0.39	0	0	0.36
7600	0.36	0.39	0.39	0	0	0.36
7700	0.36	0.39	0.39	0	0	0.36
7800	0.35	0.39	0.39	0	0	0.35
7900	0.35	0.38	0.38	0	0	0.35
8000	0.35	0.38	0.38	0	0	0.35
8100	0.35	0.38	0.38	0	0	0.35
8200	0.36	0.38	0.38	0	0	0.36
8300	0.36	0.39	0.39	0	0	0.36
8400	0.35	0.39	0.39	0	0	0.35
8500	0.35	0.4	0.4	0	0	0.35
8600	0.35	0.4	0.4	0	0	0.35
8700	0.36	0.4	0.4	0	0	0.36
8800	0.36	0.4	0.4	0	0	0.36
8900	0.36	0.4	0.4	0	0	0.36
9000	0.36	0.4	0.4	0	0	0.36
9100	0.35	0.4	0.4	0	0	0.35
9200	0.35	0.41	0.41	0	0	0.35
9300	0.36	0.41	0.41	0	0	0.36
9400	0.35	0.42	0.42	0	0	0.35
9500	0.35	0.41	0.41	0	0	0.35
9600	0.35	0.41	0.41	0	0	0.35
9700	0.35	0.41	0.41	0	0	0.35
9800	0.35	0.41	0.41	0	0	0.35
9900	0.35	0.41	0.41	0	0	0.35
10000	0.35	0.4	0.4	0	0	0.35
10100	0.36	0.4	0.4	0	0	0.36
10200	0.36	0.4	0.4	0	0	0.36
10300	0.36	0.4	0.4	0	0	0.36
10400	0.36	0.39	0.39	0	0	0.36
10500	0.36	0.4	0.4	0	0	0.36
10600	0.36	0.4	0.4	0	0	0.36
10700	0.35	0.41	0.41	0	0	0.35
10800	0.35	0.41	0.41	0	0	0.35
10900	0.35	0.41	0.41	0	0	0.35
11000	0.35	0.41	0.41	0	0	0.35
11100	0.35	0.41	0.41	0	0	0.35
11200	0.36	0.41	0.41	0	0	0.36
11300	0.36	0.41	0.41	0	0	0.36
11400	0.36	0.42	0.42	0	0	0.36
11500	0.36	0.42	0.42	0	0	0.36
11600	0.37	0.42	0.42	0	0	0.37
11700	0.37	0.42	0.42	0	0	0.37
11800	0.37	0.42	0.42	0	0	0.37
11900	0.37	0.43	0.43	0	0	0.37
12000	0.37	0.44	0.44	0	0	0.37
12100	0.37	0.44	0.44	0	0	0.37
12200	0.37	0.45	0.45	0	0	0.37
12300	0.37	0.45	0.45	0	0	0.37
12400	0.37	0.46	0.46	0	0	0.37
12500	0.37	0.46	0.46	0	0	0.37
12600	0.37	0.46	0.46	0	0	0.37
12700	0.37	0.46	0.46	0	0	0.37
12800	0.37	0.46	0.46	0	0	0.37
12900	0.37	0.46	0.46	0	0	0.37
13000	0.37	0.46	0.46	0	0	0.37
13100	0.37	0.46	0.46	0	0	0.37
13200	0.37	0.46	0.46	0	0	0.37
13300	0.37	0.46	0.46	0	0	0.37
13400	0.37	0.46	0.46	0	0	0.37
13500	0.38	0.46	0.46	0	0	0.38
13600	0.38	0.45	0.45	0	0	0.38
13700	0.38	0.45	0.45	0	0	0.38
13800	0.38	0.45	0.45	0	0	0.38
13900	0.38	0.46	0.46	0	0	0.38
14000	0.38	0.47	0.47	0	0	0.38
14100	0.38	0.47	0.47	0	0	0.38
14200	0.38	0.47	0.47	0	0	0.38
14300	0.38	0.47	0.47	0	0	0.38
14400	0.38	0.47	0.47	0	0	0.38
14500	0.37	0.47	0.47	0	0	0.37
14600	0.36	0.47	0.47	0	0	0.36
14700	0.36	0.46	0.46	0	0	0.36
14800	0.36	0.46	0.46	0	0	0.36
14900	0.36	0.46	0.46	0	0	0.36
15000	0.35	0.46	0.46	0	0	0.35
15100	0.36	0.46	0.46	0	0	0.36
15200	0.37	0.46	0.46	0	0	0.37
15300	0.37	0.46	0.46	0	0	0.37
15400	0.37	0.46	0.46	0	0	0.37
15500	0.38	0.46	0.46	0	0	0.38
15600	0.38	0.48	0.48	0	0	0.38
15700	0.38	0.48	0.48	0	0	0.38
15800	0.38	0.47	0.47	0	0	0.38
15900	0.38	0.47	0.47	0	0	0.38
16000	0.39	0.47	0.47	0	0	0.39
16100	0.38	0.47	0.47	0	0	0.38
16200	0.39	0.47	0.47	0	0	0.39
16300	0.37	0.46	0.46	0	0	0.37
16400	0.37	0.46	0.46	0	0	0.37
16500	0.37	0.46	0.46	0	0	0.37
16600	0.37	0.46	0.46	0	0	0.37
16700	0.37	0.46	0.46	0	0	0.37
16800	0.37	0.46	0.46	0	0	0.37
16900	0.37	0.45	0.45	0	0	0.37
17000	0.37	0.45	0.45	0	0	0.37
17100	0.37	0.44	0.44	0	0	0.37
17200	0.37	0.44	0.44	0	0	0.37
17300	0.37	0.44	0.44	0	0	0.37
17400	0.37	0.43	0.43	0	0	0.37
17500	0.36	0.43	0.43	0	0	0.36
17600	0.36	0.42	0.42	0	0	0.36
17700	0.36	0.41	0.41	0	0	0.36
17800	0.36	0.41	0.41	0	0	0.36
17900	0.37	0.41	0.41	0	0	0.37
18000	0.36	0.41	0.41	0	0	0.36
18100	0.36	0.41	0.41	0	0	0.36
18200	0.36	0.42	0.42	0	0	0.36
18300	0.36	0.42	0.42	0	0	0.36
18400	0.36	0.42	0.42	0	0	0.36
18500	0.35	0.42	0.42	0	0	0.35
18600	0.35	0.43	0.43	0	0	0.35
18700	0.36	0.44	0.44	0	0	0.36
18800	0.36	0.45	0.45	0	0	0.36
18900	0.36	0.45	0.45	0	0	0.36
19000	0.36	0.45	0.45	0	0	0.36
19100	0.36	0.45	0.45	0	0	0.36
19200	0.36	0.45	0.45	0	0	0.36
19300	0.36	0.45	0.45	0	0	0.36
19400	0.36	0.45	0.45	0	0	0.36
19500	0.37	0.45	0.45	0	0	0.37
19600	0.37	0.45	0.45	0	0	0.37
19700	0.37	0.45	0.45	0	0	0.37
19800	0.37	0.45	0.45	0	0	0.37
19900	0.37	0.45	0.45	0	0	0.37
20000	0.37	0.45	0.45	0	0	0.37
20100	0.36	0.45	0.45	0	0	0.36
20200	0.36	0.45	0.45	0	0	0.36
20300	0.36	0.45	0.45	0	0	0.36
20400	0.36	0.45	0.45	0	0	0.36
20500	0.36	0.45	0.45	0	0	0.36
20600	0.37	0.45	0.45	0	0	0.37
20700	0.37	0.44	0.44	0	0	0.37
20800	0.37	0.44	0.44	0	0	0.37
20900	0.36	0.44	0.44	0	0	0.36
21000	0.36	0.44	0.44	0	0	0.36
21100	0.36	0.44	0.44	0	0	0.36
21200	0.36	0.44	0.44	0	0	0.36
21300	0.36	0.44	0.44	0	0	0.36
21400	0.36	0.44	0.44	0	0	0.36
21500	0.37	0.44	0.44	0	0	0.37
21600	0.37	0.47	0.47	0	0	0.37
21700	0.37	0.47	0.47	0	0	0.37
21800	0.35	0.47	0.47	0	0	0.35
21900	0.35	0.47	0.47	0	0	0.35
22000	0.35	0.46	0.46	0	0	0.35
22100	0.35	0.46	0.46	0	0	0.35
22200	0.35	0.45	0.45	0	0	0.35
22300	0.35	0.45	0.45	0	0	0.35
22400	0.35	0.46	0.46	0	0	0.35
22500	0.35	0.45	0.45	0	0	0.35
22600	0.35	0.45	0.45	0	0	0.35
22700	0.35	0.45	0.45	0	0	0.35
22800	0.35	0.46	0.46	0	0	0.35
22900	0.35	0.45	0.45	0	0	0.35
23000	0.35	0.44	0.44	0	0	0.35
23100	0.35	0.44	0.44	0	0	0.35
23200	0.35	0.45	0.45	0	0	0.35
23300	0.36	0.45	0.45	0	0	0.36
23400	0.36	0.45	0.45	0	0	0.36
23500	0.36	0.45	0.45	0	0	0.36
23600	0.36	0.45	0.45	0	0	0.36
23700	0.36	0.45	0.45	0	0	0.36
23800	0.36	0.45	0.45	0	0	0.36
23900	0.36	0.45	0.45	0	0	0.36
24000	0.36	0.45	0.45	0	0	0.36
24100	0.37	0.45	0.45	0	0	0.37
24200	0.37	0.45	0.45	0	0	0.37
24300	0.37	0.45	0.45	0	0	0.37
24400	0.37	0.45	0.45	0	0	0.37
24500	0.37	0.45	0.45	0	0	0.37
24600	0.37	0.45	0.45	0	0	0.37
24700	0.37	0.45	0.45	0	0	0.37
24800	0.37	0.45	0.45	0	0	0.37
24900	0.37	0.46	0.46	0	0	0.37
25000	0.37	0.45	0.45	0	0	0.37
25100	0.37	0.45	0.45	0	0	0.37
25200	0.37	0.45	0.45	0	0	0.37
25300	0.37	0.45	0.45	0	0	0.37
25400	0.37	0.45	0.45	0	0	0.37
25500	0.37	0.45	0.45	0	0	0.37
25600	0.37	0.45	0.45	0	0	0.37
25700	0.36	0.45	0.45	0	0	0.36
25800	0.36	0.45	0.45	0	0	0.36
25900	0.37	0.45	0.45	0	0	0.37
26000	0.37	0.45	0.45	0	0	0.37
26100	0.37	0.45	0.45	0	0	0.37
26200	0.37	0.46	0.46	0	0	0.37
26300	0.37	0.46	0.46	0	0	0.37
26400	0.37	0.47	0.47	0	0	0.37
26500	0.37	0.47	0.47	0	0	0.37
26600	0.37	0.48	0.48	0	0	0.37
26700	0.37	0.47	0.47	0	0	0.37
26800	0.37	0.47	0.47	0	0	0.37
26900	0.37	0.48	0.48	0	0	0.37
27000	0.37	0.48	0.48	0	0	0.37
27100	0.37	0.48	0.48	0	0	0.37
27200	0.37	0.48	0.48	0	0	0.37
27300	0.37	0.48	0.48	0	0	0.37
27400	0.37	0.48	0.48	0	0	0.37
27500	0.38	0.48	0.48	0	0	0.38
27600	0.38	0.48	0.48	0	0	0.38
27700	0.38	0.48	0.48	0	0	0.38
27800	0.38	0.48	0.48	0	0	0.38
27900	0.38	0.48	0.48	0	0	0.38
28000	0.38	0.48	0.48	0	0	0.38
28100	0.38	0.48	0.48	0	0	0.38
28200	0.38	0.48	0.48	0	0	0.38
28300	0.38	0.48	0.48	0	0	0.38
28400	0.38	0.48	0.48	0	0	0.38
28500	0.38	0.48	0.48	0	0	0.38
28600	0.38	0.48	0.48	0	0	0.38
28700	0.39	0.48	0.48	0	0	0.39
28800	0.39	0.48	0.48	0	0	0.39
28900	0.39	0.48	0.48	0	0	0.39
29000	0.39	0.48	0.48	0	0	0.39
29100	0.39	0.49	0.49	0	0	0.39
29200	0.39	0.48	0.48	0	0	0.39
29300	0.39	0.48	0.48	0	0	0.39
29400	0.4	0.48	0.48	0	0	0.4
29500	0.4	0.49	0.49	0	0	0.4
29600	0.39	0.49	0.49	0	0	0.39
29700	0.39	0.48	0.48	0	0	0.39
29800	0.39	0.48	0.48	0	0	0.39
29900	0.39	0.47	0.47	0	0	0.39
30000	0.39	0.47	0.47	0	0	0.39
30100	0.39	0.47	0.47	0	0	0.39
30200	0.4	0.47	0.47	0	0	0.4
30300	0.4	0.47	0.47	0	0	0.4
30400	0.4	0.47	0.47	0	0	0.4
30500	0.4	0.47	0.47	0	0	0.4
30600	0.4	0.47	0.47	0	0	0.4
30700	0.4	0.47	0.47	0	0	0.4
30800	0.4	0.47	0.47	0	0	0.4
30900	0.4	0.47	0.47	0	0	0.4
31000	0.4	0.47	0.47	0	0	0.4
31100	0.4	0.47	0.47	0	0	0.4
31200	0.4	0.48	0.48	0	0	0.4
31300	0.4	0.48	0.48	0	0	0.4
31400	0.4	0.49	0.49	0	0	0.4
31500	0.4	0.48	0.48	0	0	0.4
31600	0.41	0.48	0.48	0	0	0.41
31700	0.41	0.48	0.48	0	0	0.41
31800	0.41	0.48	0.48	0	0	0.41
31900	0.41	0.48	0.48	0	0	0.41
32000	0.41	0.48	0.48	0	0	0.41
32100	0.41	0.49	0.49	0	0	0.41
32200	0.41	0.49	0.49	0	0	0.41
32300	0.41	0.49	0.49	0	0	0.41
32400	0.41	0.49	0.49	0	0	0.41
32500	0.41	0.49	0.49	0	0	0.41
32600	0.41	0.49	0.49	0	0	0.41
32700	0.41	0.49	0.49	0	0	0.41
32800	0.41	0.49	0.49	0	0	0.41
32900	0.41	0.49	0.49	0	0	0.41
33000	0.41	0.5	0.5	0	0	0.41
33100	0.41	0.51	0.51	0	0	0.41
33200	0.42	0.5	0.5	0	0	0.42
33300	0.42	0.49	0.49	0	0	0.42
33400	0.42	0.49	0.49	0	0	0.42
33500	0.42	0.49	0.49	0	0	0.42
33600	0.42	0.49	0.49	0	0	0.42
33700	0.42	0.49	0.49	0	0	0.42
33800	0.42	0.49	0.49	0	0	0.42
33900	0.41	0.49	0.49	0	0	0.41
34000	0.41	0.49	0.49	0	0	0.41
34100	0.41	0.49	0.49	0	0	0.41
34200	0.4	0.5	0.5	0	0	0.4
34300	0.4	0.5	0.5	0	0	0.4
34400	0.4	0.5	0.5	0	0	0.4
34500	0.39	0.5	0.5	0	0	0.39
34600	0.39	0.5	0.5	0	0	0.39
34700	0.39	0.5	0.5	0	0	0.39
34800	0.39	0.5	0.5	0	0	0.39
34900	0.39	0.5	0.5	0	0	0.39
35000	0.39	0.5	0.5	0	0	0.39
35100	0.4	0.5	0.5	0	0	0.4
35200	0.39	0.5	0.5	0	0	0.39
35300	0.39	0.5	0.5	0	0	0.39
35400	0.39	0.5	0.5	0	0	0.39
35500	0.39	0.5	0.5	0	0	0.39
35600	0.39	0.5	0.5	0	0	0.39
35700	0.39	0.5	0.5	0	0	0.39
35800	0.39	0.5	0.5	0	0	0.39
35900	0.39	0.5	0.5	0	0	0.39
36000	0.39	0.5	0.5	0	0	0.39
36100	0.39	0.49	0.49	0	0	0.39
36200	0.39	0.49	0.49	0	0	0.39
36300	0.39	0.49	0.49	0	0	0.39
36400	0.39	0.49	0.49	0	0	0.39
36500	0.39	0.49	0.49	0	0	0.39
36600	0.39	0.49	0.49	0	0	0.39
36700	0.39	0.49	0.49	0	0	0.39
36800	0.39	0.5	0.5	0	0	0.39
36900	0.39	0.5	0.5	0	0	0.39
37000	0.39	0.51	0.51	0	0	0.39
37100	0.39	0.5	0.5	0	0	0.39
37200	0.39	0.51	0.51	0	0	0.39
37300	0.39	0.5	0.5	0	0	0.39
37400	0.38	0.5	0.5	0	0	0.38
37500	0.38	0.5	0.5	0	0	0.38
37600	0.38	0.5	0.5	0	0	0.38
37700	0.38	0.5	0.5	0	0	0.38
37800	0.38	0.5	0.5	0	0	0.38
37900	0.38	0.49	0.49	0	0	0.38
38000	0.38	0.49	0.49	0	0	0.38
38100	0.38	0.49	0.49	0	0	0.38
38200	0.38	0.5	0.5	0	0	0.38
38300	0.38	0.5	0.5	0	0	0.38
38400	0.38	0.5	0.5	0	0	0.38
38500	0.38	0.5	0.5	0	0	0.38
38600	0.38	0.5	0.5	0	0	0.38
38700	0.38	0.5	0.5	0	0	0.38
38800	0.38	0.5	0.5	0	0	0.38
38900	0.38	0.5	0.5	0	0	0.38
39000	0.38	0.5	0.5	0	0	0.38
39100	0.38	0.5	0.5	0	0	0.38
39200	0.38	0.51	0.51	0	0	0.38
39300	0.38	0.5	0.5	0	0	0.38
39400	0.38	0.5	0.5	0	0	0.38
39500	0.38	0.5	0.5	0	0	0.38
39600	0.38	0.49	0.49	0	0	0.38
39700	0.38	0.49	0.49	0	0	0.38
39800	0.38	0.49	0.49	0	0	0.38
39900	0.38	0.49	0.49	0	0	0.38
40000	0.38	0.5	0.5	0	0	0.38
40100	0.38	0.5	0.5	0	0	0.38
40200	0.38	0.5	0.5	0	0	0.38
40300	0.39	0.5	0.5	0	0	0.39
40400	0.39	0.51	0.51	0	0	0.39
40500	0.39	0.51	0.51	0	0	0.39
40600	0.39	0.51	0.51	0	0	0.39
40700	0.39	0.51	0.51	0	0	0.39
40800	0.39	0.51	0.51	0	0	0.39
40900	0.39	0.51	0.51	0	0	0.39
41000	0.39	0.51	0.51	0	0	0.39
41100	0.39	0.51	0.51	0	0	0.39
41200	0.39	0.52	0.52	0	0	0.39
41300	0.39	0.52	0.52	0	0	0.39
41400	0.39	0.52	0.52	0	0	0.39
41500	0.39	0.52	0.52	0	0	0.39
41600	0.39	0.52	0.52	0	0	0.39
41700	0.39	0.52	0.52	0	0	0.39
41800	0.39	0.52	0.52	0	0	0.39
41900	0.39	0.52	0.52	0	0	0.39
42000	0.39	0.53	0.53	0	0	0.39
42100	0.39	0.53	0.53	0	0	0.39
42200	0.39	0.53	0.53	0	0	0.39
42300	0.38	0.53	0.53	0	0	0.38
42400	0.38	0.53	0.53	0	0	0.38
42500	0.38	0.53	0.53	0	0	0.38
42600	0.38	0.53	0.53	0	0	0.38
42700	0.38	0.53	0.53	0	0	0.38
42800	0.38	0.53	0.53	0	0	0.38
42900	0.38	0.53	0.53	0	0	0.38
43000	0.38	0.53	0.53	0	0	0.38
43100	0.38	0.53	0.53	0	0	0.38
43200	0.38	0.53	0.53	0	0	0.38
43300	0.38	0.52	0.52	0	0	0.38
43400	0.38	0.51	0.51	0	0	0.38
43500	0.38	0.5	0.5	0	0	0.38
43600	0.38	0.5	0.5	0	0	0.38
43700	0.38	0.5	0.5	0	0	0.38
43800	0.38	0.5	0.5	0	0	0.38
43900	0.38	0.49	0.49	0	0	0.38
44000	0.38	0.49	0.49	0	0	0.38
44100	0.38	0.49	0.49	0	0	0.38
44200	0.38	0.49	0.49	0	0	0.38
44300	0.38	0.49	0.49	0	0	0.38
44400	0.39	0.49	0.49	0	0	0.39
44500	0.39	0.49	0.49	0	0	0.39
44600	0.39	0.49	0.49	0	0	0.39
44700	0.39	0.48	0.48	0	0	0.39
44800	0.39	0.47	0.47	0	0	0.39
44900	0.39	0.47	0.47	0	0	0.39
45000	0.39	0.47	0.47	0	0	0.39
45100	0.39	0.46	0.46	0	0	0.39
45200	0.39	0.46	0.46	0	0	0.39
45300	0.39	0.46	0.46	0	0	0.39
45400	0.39	0.46	0.46	0	0	0.39
45500	0.39	0.46	0.46	0	0	0.39
45600	0.39	0.46	0.46	0	0	0.39
45700	0.4	0.46	0.46	0	0	0.4
45800	0.4	0.46	0.46	0	0	0.4
45900	0.4	0.46	0.46	0	0	0.4
46000	0.4	0.47	0.47	0	0	0.4
46100	0.4	0.47	0.47	0	0	0.4
46200	0.4	0.47	0.47	0	0	0.4
46300	0.4	0.47	0.47	0	0	0.4
46400	0.4	0.47	0.47	0	0	0.4
46500	0.4	0.47	0.47	0	0	0.4
46600	0.4	0.47	0.47	0	0	0.4
46700	0.4	0.47	0.47	0	0	0.4
46800	0.4	0.47	0.47	0	0	0.4
46900	0.41	0.47	0.47	0	0	0.41
47000	0.41	0.47	0.47	0	0	0.41
47100	0.41	0.46	0.46	0	0	0.41
47200	0.41	0.46	0.46	0	0	0.41
47300	0.41	0.46	0.46	0	0	0.41
47400	0.41	0.46	0.46	0	0	0.41
47500	0.41	0.46	0.46	0	0	0.41
47600	0.41	0.46	0.46	0	0	0.41
47700	0.41	0.46	0.46	0	0	0.41
47800	0.41	0.45	0.45	0	0	0.41
47900	0.41	0.45	0.45	0	0	0.41
48000	0.41	0.45	0.45	0	0	0.41
48100	0.41	0.45	0.45	0	0	0.41
48200	0.41	0.45	0.45	0	0	0.41
48300	0.41	0.45	0.45	0	0	0.41
48400	0.41	0.45	0.45	0	0	0.41
48500	0.41	0.45	0.45	0	0	0.41
48600	0.41	0.45	0.45	0	0	0.41
48700	0.41	0.45	0.45	0	0	0.41
48800	0.39	0.46	0.46	0	0	0.39
48900	0.39	0.47	0.47	0	0	0.39
49000	0.39	0.47	0.47	0	0	0.39
49100	0.39	0.47	0.47	0	0	0.39
49200	0.39	0.47	0.47	0	0	0.39
49300	0.39	0.48	0.48	0	0	0.39
49400	0.39	0.48	0.48	0	0	0.39
49500	0.39	0.48	0.48	0	0	0.39
49600	0.39	0.48	0.48	0	0	0.39
49700	0.39	0.48	0.48	0	0	0.39
49800	0.39	0.48	0.48	0	0	0.39
49900	0.39	0.48	0.48	0	0	0.39
50000	0.39	0.48	0.48	0	0	0.39
50100	0.39	0.48	0.48	0	0	0.39
50200	0.39	0.48	0.48	0	0	0.39
50300	0.39	0.48	0.48	0	0	0.39
50400	0.39	0.48	0.48	0	0	0.39
50500	0.39	0.48	0.48	0	0	0.39
50600	0.39	0.48	0.48	0	0	0.39
50700	0.39	0.48	0.48	0	0	0.39
50800	0.39	0.48	0.48	0	0	0.39
50900	0.39	0.48	0.48	0	0	0.39
51000	0.39	0.49	0.49	0	0	0.39
51100	0.39	0.48	0.48	0	0	0.39
51200	0.39	0.48	0.48	0	0	0.39
51300	0.4	0.48	0.48	0	0	0.4
51400	0.39	0.48	0.48	0	0	0.39
51500	0.39	0.48	0.48	0	0	0.39
51600	0.39	0.49	0.49	0	0	0.39
51700	0.39	0.49	0.49	0	0	0.39
51800	0.39	0.5	0.5	0	0	0.39
51900	0.39	0.5	0.5	0	0	0.39
52000	0.39	0.5	0.5	0	0	0.39
52100	0.39	0.5	0.5	0	0	0.39
52200	0.39	0.5	0.5	0	0	0.39
52300	0.38	0.51	0.51	0	0	0.38
52400	0.38	0.51	0.51	0	0	0.38
52500	0.38	0.51	0.51	0	0	0.38
52600	0.38	0.51	0.51	0	0	0.38
52700	0.38	0.51	0.51	0	0	0.38
52800	0.38	0.52	0.52	0	0	0.38
52900	0.38	0.53	0.53	0	0	0.38
53000	0.38	0.53	0.53	0	0	0.38
53100	0.38	0.53	0.53	0	0	0.38
53200	0.38	0.53	0.53	0	0	0.38
53300	0.38	0.53	0.53	0	0	0.38
53400	0.38	0.53	0.53	0	0	0.38
53500	0.38	0.53	0.53	0	0	0.38
53600	0.38	0.53	0.53	0	0	0.38
53700	0.38	0.53	0.53	0	0	0.38
53800	0.38	0.53	0.53	0	0	0.38
53900	0.38	0.53	0.53	0	0	0.38
54000	0.38	0.53	0.53	0	0	0.38
54100	0.38	0.53	0.53	0	0	0.38
54200	0.38	0.52	0.52	0	0	0.38
54300	0.38	0.52	0.52	0	0	0.38
54400	0.37	0.52	0.52	0	0	0.37
54500	0.37	0.52	0.52	0	0	0.37
54600	0.37	0.52	0.52	0	0	0.37
54700	0.37	0.52	0.52	0	0	0.37
54800	0.37	0.52	0.52	0	0	0.37
54900	0.37	0.5	0.5	0	0	0.37
55000	0.37	0.5	0.5	0	0	0.37
55100	0.37	0.49	0.49	0	0	0.37
55200	0.37	0.5	0.5	0	0	0.37
55300	0.37	0.5	0.5	0	0	0.37
55400	0.37	0.51	0.51	0	0	0.37
55500	0.38	0.51	0.51	0	0	0.38
55600	0.38	0.51	0.51	0	0	0.38
55700	0.38	0.51	0.51	0	0	0.38
55800	0.38	0.51	0.51	0	0	0.38
55900	0.38	0.51	0.51	0	0	0.38
56000	0.38	0.51	0.51	0	0	0.38
56100	0.38	0.51	0.51	0	0	0.38
56200	0.38	0.52	0.52	0	0	0.38
56300	0.38	0.52	0.52	0	0	0.38
56400	0.38	0.53	0.53	0	0	0.38
56500	0.38	0.53	0.53	0	0	0.38
56600	0.38	0.53	0.53	0	0	0.38
56700	0.38	0.53	0.53	0	0	0.38
56800	0.38	0.53	0.53	0	0	0.38
56900	0.38	0.53	0.53	0	0	0.38
57000	0.38	0.52	0.52	0	0	0.38
57100	0.38	0.5	0.5	0	0	0.38
57200	0.38	0.5	0.5	0	0	0.38
57300	0.38	0.5	0.5	0	0	0.38
57400	0.38	0.5	0.5	0	0	0.38
57500	0.38	0.5	0.5	0	0	0.38
57600	0.38	0.5	0.5	0	0	0.38
57700	0.37	0.49	0.49	0	0	0.37
57800	0.37	0.49	0.49	0	0	0.37
57900	0.37	0.49	0.49	0	0	0.37
58000	0.37	0.49	0.49	0	0	0.37
58100	0.37	0.5	0.5	0	0	0.37
58200	0.38	0.5	0.5	0	0	0.38
58300	0.38	0.49	0.49	0	0	0.38
58400	0.39	0.49	0.49	0	0	0.39
58500	0.39	0.49	0.49	0	0	0.39
58600	0.38	0.49	0.49	0	0	0.38
58700	0.38	0.49	0.49	0	0	0.38
58800	0.38	0.49	0.49	0	0	0.38
58900	0.38	0.48	0.48	0	0	0.38
59000	0.38	0.48	0.48	0	0	0.38
59100	0.38	0.48	0.48	0	0	0.38
59200	0.38	0.48	0.48	0	0	0.38
59300	0.38	0.48	0.48	0	0	0.38
59400	0.38	0.48	0.48	0	0	0.38
59500	0.38	0.48	0.48	0	0	0.38
59600	0.38	0.48	0.48	0	0	0.38
59700	0.38	0.48	0.48	0	0	0.38
59800	0.38	0.48	0.48	0	0	0.38
59900	0.38	0.48	0.48	0	0	0.38
60000	0.38	0.49	0.49	0	0	0.38
60100	0.38	0.49	0.49	0	0	0.38
60200	0.38	0.49	0.49	0	0	0.38
60300	0.38	0.49	0.49	0	0	0.38
60400	0.38	0.49	0.49	0	0	0.38
60500	0.38	0.48	0.48	0	0	0.38
60600	0.38	0.49	0.49	0	0	0.38
60700	0.38	0.49	0.49	0	0	0.38
60800	0.38	0.49	0.49	0	0	0.38
60900	0.39	0.49	0.49	0	0	0.39
61000	0.39	0.48	0.48	0	0	0.39
61100	0.39	0.48	0.48	0	0	0.39
61200	0.39	0.48	0.48	0	0	0.39
61300	0.39	0.48	0.48	0	0	0.39
61400	0.38	0.47	0.47	0	0	0.38
61500	0.38	0.48	0.48	0	0	0.38
61600	0.38	0.48	0.48	0	0	0.38
61700	0.38	0.48	0.48	0	0	0.38
61800	0.38	0.48	0.48	0	0	0.38
61900	0.38	0.49	0.49	0	0	0.38
62000	0.38	0.49	0.49	0	0	0.38
62100	0.38	0.49	0.49	0	0	0.38
62200	0.38	0.49	0.49	0	0	0.38
62300	0.38	0.49	0.49	0	0	0.38
62400	0.38	0.49	0.49	0	0	0.38
62500	0.38	0.48	0.48	0	0	0.38
62600	0.38	0.49	0.49	0	0	0.38
62700	0.39	0.49	0.49	0	0	0.39
62800	0.39	0.49	0.49	0	0	0.39
62900	0.39	0.5	0.5	0	0	0.39
63000	0.39	0.51	0.51	0	0	0.39
63100	0.39	0.5	0.5	0	0	0.39
63200	0.39	0.5	0.5	0	0	0.39
63300	0.39	0.5	0.5	0	0	0.39
63400	0.39	0.5	0.5	0	0	0.39
63500	0.39	0.49	0.49	0	0	0.39
63600	0.39	0.48	0.48	0	0	0.39
63700	0.39	0.49	0.49	0	0	0.39
63800	0.38	0.49	0.49	0	0	0.38
63900	0.38	0.49	0.49	0	0	0.38
64000	0.38	0.49	0.49	0	0	0.38
64100	0.38	0.49	0.49	0	0	0.38
64200	0.37	0.49	0.49	0	0	0.37
64300	0.37	0.49	0.49	0	0	0.37
64400	0.37	0.49	0.49	0	0	0.37
64500	0.37	0.49	0.49	0	0	0.37
64600	0.37	0.49	0.49	0	0	0.37
64700	0.37	0.49	0.49	0	0	0.37
64800	0.37	0.49	0.49	0	0	0.37
64900	0.37	0.49	0.49	0	0	0.37
65000	0.37	0.49	0.49	0	0	0.37
65100	0.37	0.49	0.49	0	0	0.37
65200	0.38	0.49	0.49	0	0	0.38
65300	0.38	0.48	0.48	0	0	0.38
65400	0.38	0.48	0.48	0	0	0.38
65500	0.38	0.48	0.48	0	0	0.38
65600	0.38	0.48	0.48	0	0	0.38
65700	0.38	0.48	0.48	0	0	0.38
65800	0.38	0.49	0.49	0	0	0.38
65900	0.38	0.49	0.49	0	0	0.38
66000	0.38	0.48	0.48	0	0	0.38
66100	0.38	0.48	0.48	0	0	0.38
66200	0.38	0.48	0.48	0	0	0.38
66300	0.38	0.49	0.49	0	0	0.38
66400	0.38	0.49	0.49	0	0	0.38
66500	0.38	0.49	0.49	0	0	0.38
66600	0.38	0.49	0.49	0	0	0.38
66700	0.38	0.5	0.5	0	0	0.38
66800	0.39	0.5	0.5	0	0	0.39
66900	0.39	0.5	0.5	0	0	0.39
67000	0.39	0.5	0.5	0	0	0.39
67100	0.39	0.5	0.5	0	0	0.39
67200	0.39	0.5	0.5	0	0	0.39
67300	0.39	0.51	0.51	0	0	0.39
67400	0.39	0.51	0.51	0	0	0.39
67500	0.39	0.5	0.5	0	0	0.39
67600	0.39	0.5	0.5	0	0	0.39
67700	0.39	0.51	0.51	0	0	0.39
67800	0.39	0.5	0.5	0	0	0.39
67900	0.39	0.5	0.5	0	0	0.39
68000	0.38	0.5	0.5	0	0	0.38
68100	0.38	0.5	0.5	0	0	0.38
68200	0.38	0.5	0.5	0	0	0.38
68300	0.38	0.5	0.5	0	0	0.38
68400	0.38	0.5	0.5	0	0	0.38
68500	0.38	0.5	0.5	0	0	0.38
68600	0.38	0.5	0.5	0	0	0.38
68700	0.38	0.5	0.5	0	0	0.38
68800	0.38	0.5	0.5	0	0	0.38
68900	0.38	0.5	0.5	0	0	0.38
69000	0.39	0.5	0.5	0	0	0.39
69100	0.39	0.5	0.5	0	0	0.39
69200	0.39	0.5	0.5	0	0	0.39
69300	0.39	0.5	0.5	0	0	0.39
69400	0.39	0.5	0.5	0	0	0.39
69500	0.39	0.5	0.5	0	0	0.39
69600	0.39	0.5	0.5	0	0	0.39
69700	0.39	0.5	0.5	0	0	0.39
69800	0.39	0.5	0.5	0	0	0.39
69900	0.39	0.5	0.5	0	0	0.39
70000	0.39	0.5	0.5	0	0	0.39
70100	0.39	0.5	0.5	0	0	0.39
70200	0.39	0.5	0.5	0	0	0.39
70300	0.39	0.5	0.5	0	0	0.39
70400	0.39	0.5	0.5	0	0	0.39
70500	0.4	0.5	0.5	0	0	0.4
70600	0.4	0.5	0.5	0	0	0.4
70700	0.4	0.5	0.5	0	0	0.4
70800	0.41	0.5	0.5	0	0	0.41
70900	0.41	0.5	0.5	0	0	0.41
71000	0.41	0.47	0.47	0	0	0.41
71100	0.41	0.47	0.47	0	0	0.41
71200	0.41	0.47	0.47	0	0	0.41
71300	0.41	0.46	0.46	0	0	0.41
71400	0.41	0.46	0.46	0	0	0.41
71500	0.41	0.46	0.46	0	0	0.41
71600	0.41	0.46	0.46	0	0	0.41
71700	0.41	0.46	0.46	0	0	0.41
71800	0.42	0.46	0.46	0	0	0.42
71900	0.42	0.46	0.46	0	0	0.42
72000	0.42	0.46	0.46	0	0	0.42
72100	0.42	0.46	0.46	0	0	0.42
72200	0.42	0.46	0.46	0	0	0.42
72300	0.42	0.46	0.46	0	0	0.42
72400	0.42	0.46	0.46	0	0	0.42
72500	0.42	0.46	0.46	0	0	0.42
72600	0.42	0.46	0.46	0	0	0.42
72700	0.42	0.47	0.47	0	0	0.42
72800	0.42	0.47	0.47	0	0	0.42
72900	0.42	0.47	0.47	0	0	0.42
73000	0.42	0.47	0.47	0	0	0.42
73100	0.42	0.47	0.47	0	0	0.42
73200	0.42	0.47	0.47	0	0	0.42
73300	0.42	0.47	0.47	0	0	0.42
73400	0.42	0.47	0.47	0	0	0.42
73500	0.42	0.47	0.47	0	0	0.42
73600	0.42	0.46	0.46	0	0	0.42
73700	0.42	0.46	0.46	0	0	0.42
73800	0.43	0.46	0.46	0	0	0.43
73900	0.43	0.47	0.47	0	0	0.43
74000	0.43	0.47	0.47	0	0	0.43
74100	0.43	0.47	0.47	0	0	0.43
74200	0.43	0.47	0.47	0	0	0.43
74300	0.43	0.47	0.47	0	0	0.43
74400	0.43	0.47	0.47	0	0	0.43
74500	0.43	0.47	0.47	0	0	0.43
74600	0.43	0.46	0.46	0	0	0.43
74700	0.43	0.46	0.46	0	0	0.43
74800	0.43	0.46	0.46	0	0	0.43
74900	0.43	0.46	0.46	0	0	0.43
75000	0.43	0.46	0.46	0	0	0.43
75100	0.43	0.46	0.46	0	0	0.43
75200	0.43	0.46	0.46	0	0	0.43
75300	0.43	0.46	0.46	0	0	0.43
75400	0.44	0.46	0.46	0	0	0.44
75500	0.44	0.47	0.47	0	0	0.44
75600	0.44	0.48	0.48	0	0	0.44
75700	0.44	0.48	0.48	0	0	0.44
75800	0.44	0.48	0.48	0	0	0.44
75900	0.44	0.48	0.48	0	0	0.44
76000	0.44	0.48	0.48	0	0	0.44
76100	0.44	0.48	0.48	0	0	0.44
76200	0.44	0.48	0.48	0	0	0.44
76300	0.44	0.48	0.48	0	0	0.44
76400	0.44	0.49	0.49	0	0	0.44
76500	0.43	0.49	0.49	0	0	0.43
76600	0.43	0.49	0.49	0	0	0.43
76700	0.43	0.49	0.49	0	0	0.43
76800	0.43	0.49	0.49	0	0	0.43
76900	0.43	0.49	0.49	0	0	0.43
77000	0.43	0.49	0.49	0	0	0.43
77100	0.43	0.49	0.49	0	0	0.43
77200	0.43	0.49	0.49	0	0	0.43
77300	0.43	0.49	0.49	0	0	0.43
77400	0.43	0.49	0.49	0	0	0.43
77500	0.43	0.49	0.49	0	0	0.43
77600	0.43	0.49	0.49	0	0	0.43
77700	0.43	0.49	0.49	0	0	0.43
77800	0.43	0.49	0.49	0	0	0.43
77900	0.43	0.49	0.49	0	0	0.43
78000	0.43	0.49	0.49	0	0	0.43
78100	0.43	0.49	0.49	0	0	0.43
78200	0.43	0.49	0.49	0	0	0.43
78300	0.43	0.49	0.49	0	0	0.43
78400	0.43	0.49	0.49	0	0	0.43
78500	0.43	0.49	0.49	0	0	0.43
78600	0.43	0.49	0.49	0	0	0.43
78700	0.43	0.49	0.49	0	0	0.43
78800	0.43	0.49	0.49	0	0	0.43
78900	0.43	0.49	0.49	0	0	0.43
79000	0.43	0.49	0.49	0	0	0.43
79100	0.43	0.5	0.5	0	0	0.43
79200	0.43	0.5	0.5	0	0	0.43
79300	0.43	0.5	0.5	0	0	0.43
79400	0.43	0.5	0.5	0	0	0.43
79500	0.43	0.49	0.49	0	0	0.43
79600	0.43	0.49	0.49	0	0	0.43
79700	0.43	0.49	0.49	0	0	0.43
79800	0.43	0.49	0.49	0	0	0.43
79900	0.43	0.49	0.49	0	0	0.43
80000	0.43	0.49	0.49	0	0	0.43
80100	0.43	0.49	0.49	0	0	0.43
80200	0.43	0.49	0.49	0	0	0.43
80300	0.43	0.49	0.49	0	0	0.43
80400	0.43	0.49	0.49	0	0	0.43
80500	0.43	0.49	0.49	0	0	0.43
80600	0.43	0.49	0.49	0	0	0.43
80700	0.43	0.49	0.49	0	0	0.43
80800	0.43	0.49	0.49	0	0	0.43
80900	0.43	0.49	0.49	0	0	0.43
81000	0.43	0.49	0.49	0	0	0.43
81100	0.43	0.49	0.49	0	0	0.43
81200	0.43	0.49	0.49	0	0	0.43
81300	0.43	0.49	0.49	0	0	0.43
81400	0.42	0.49	0.49	0	0	0.42
81500	0.42	0.49	0.49	0	0	0.42
81600	0.42	0.49	0.49	0	0	0.42
81700	0.42	0.49	0.49	0	0	0.42
81800	0.42	0.5	0.5	0	0	0.42
81900	0.42	0.5	0.5	0	0	0.42
82000	0.42	0.5	0.5	0	0	0.42
82100	0.42	0.5	0.5	0	0	0.42
82200	0.42	0.5	0.5	0	0	0.42
82300	0.42	0.5	0.5	0	0	0.42
82400	0.43	0.5	0.5	0	0	0.43
82500	0.43	0.5	0.5	0	0	0.43
82600	0.43	0.5	0.5	0	0	0.43
82700	0.43	0.5	0.5	0	0	0.43
82800	0.43	0.5	0.5	0	0	0.43
82900	0.43	0.5	0.5	0	0	0.43
83000	0.43	0.5	0.5	0	0	0.43
83100	0.43	0.5	0.5	0	0	0.43
83200	0.43	0.5	0.5	0	0	0.43
83300	0.43	0.5	0.5	0	0	0.43
83400	0.43	0.49	0.49	0	0	0.43
83500	0.43	0.49	0.49	0	0	0.43
83600	0.43	0.49	0.49	0	0	0.43
83700	0.43	0.49	0.49	0	0	0.43
83800	0.43	0.49	0.49	0	0	0.43
83900	0.43	0.49	0.49	0	0	0.43
84000	0.43	0.49	0.49	0	0	0.43
84100	0.43	0.49	0.49	0	0	0.43
84200	0.43	0.49	0.49	0	0	0.43
84300	0.43	0.49	0.49	0	0	0.43
84400	0.43	0.49	0.49	0	0	0.43
84500	0.43	0.49	0.49	0	0	0.43
84600	0.43	0.49	0.49	0	0	0.43
84700	0.43	0.49	0.49	0	0	0.43
84800	0.43	0.49	0.49	0	0	0.43
84900	0.43	0.49	0.49	0	0	0.43
85000	0.43	0.49	0.49	0	0	0.43
85100	0.43	0.49	0.49	0	0	0.43
85200	0.43	0.49	0.49	0	0	0.43
85300	0.43	0.49	0.49	0	0	0.43
85400	0.43	0.49	0.49	0	0	0.43
85500	0.43	0.49	0.49	0	0	0.43
85600	0.43	0.49	0.49	0	0	0.43
85700	0.43	0.49	0.49	0	0	0.43
85800	0.43	0.49	0.49	0	0	0.43
85900	0.43	0.49	0.49	0	0	0.43
86000	0.43	0.49	0.49	0	0	0.43
86100	0.43	0.49	0.49	0	0	0.43
86200	0.43	0.49	0.49	0	0	0.43
86300	0.43	0.49	0.49	0	0	0.43
86400	0.43	0.49	0.49	0	0	0.43
86500	0.43	0.49	0.49	0	0	0.43
86600	0.43	0.49	0.49	0	0	0.43
86700	0.43	0.49	0.49	0	0	0.43
86800	0.43	0.5	0.5	0	0	0.43
86900	0.43	0.49	0.49	0	0	0.43
87000	0.42	0.49	0.49	0	0	0.42
87100	0.43	0.49	0.49	0	0	0.43
87200	0.43	0.49	0.49	0	0	0.43
87300	0.43	0.49	0.49	0	0	0.43
87400	0.42	0.49	0.49	0	0	0.42
87500	0.42	0.49	0.49	0	0	0.42
87600	0.42	0.49	0.49	0	0	0.42
87700	0.42	0.49	0.49	0	0	0.42
87800	0.42	0.49	0.49	0	0	0.42
87900	0.42	0.49	0.49	0	0	0.42
88000	0.42	0.49	0.49	0	0	0.42
88100	0.42	0.49	0.49	0	0	0.42
88200	0.42	0.49	0.49	0	0	0.42
88300	0.42	0.49	0.49	0	0	0.42
88400	0.42	0.49	0.49	0	0	0.42
88500	0.42	0.49	0.49	0	0	0.42
88600	0.42	0.49	0.49	0	0	0.42
88700	0.42	0.49	0.49	0	0	0.42
88800	0.42	0.49	0.49	0	0	0.42
88900	0.42	0.49	0.49	0	0	0.42
89000	0.42	0.49	0.49	0	0	0.42
89100	0.43	0.49	0.49	0	0	0.43
89200	0.43	0.49	0.49	0	0	0.43
89300	0.43	0.49	0.49	0	0	0.43
89400	0.43	0.49	0.49	0	0	0.43
89500	0.44	0.49	0.49	0	0	0.44
89600	0.44	0.49	0.49	0	0	0.44
89700	0.44	0.49	0.49	0	0	0.44
89800	0.44	0.49	0.49	0	0	0.44
89900	0.44	0.48	0.48	0	0	0.44
90000	0.44	0.48	0.48	0	0	0.44
90100	0.44	0.48	0.48	0	0	0.44
90200	0.44	0.48	0.48	0	0	0.44
90300	0.44	0.48	0.48	0	0	0.44
90400	0.44	0.48	0.48	0	0	0.44
90500	0.44	0.48	0.48	0	0	0.44
90600	0.44	0.48	0.48	0	0	0.44
90700	0.43	0.48	0.48	0	0	0.43
90800	0.43	0.48	0.48	0	0	0.43
90900	0.43	0.48	0.48	0	0	0.43
91000	0.43	0.49	0.49	0	0	0.43
91100	0.43	0.5	0.5	0	0	0.43
91200	0.43	0.5	0.5	0	0	0.43
91300	0.43	0.5	0.5	0	0	0.43
91400	0.43	0.5	0.5	0	0	0.43
91500	0.43	0.5	0.5	0	0	0.43
91600	0.43	0.5	0.5	0	0	0.43
91700	0.43	0.49	0.49	0	0	0.43
91800	0.43	0.49	0.49	0	0	0.43
91900	0.43	0.49	0.49	0	0	0.43
92000	0.43	0.49	0.49	0	0	0.43
92100	0.43	0.49	0.49	0	0	0.43
92200	0.43	0.49	0.49	0	0	0.43
92300	0.43	0.49	0.49	0	0	0.43
92400	0.42	0.49	0.49	0	0	0.42
92500	0.42	0.49	0.49	0	0	0.42
92600	0.42	0.49	0.49	0	0	0.42
92700	0.42	0.49	0.49	0	0	0.42
92800	0.42	0.49	0.49	0	0	0.42
92900	0.43	0.49	0.49	0	0	0.43
93000	0.43	0.49	0.49	0	0	0.43
93100	0.42	0.49	0.49	0	0	0.42
93200	0.42	0.49	0.49	0	0	0.42
93300	0.42	0.49	0.49	0	0	0.42
93400	0.42	0.49	0.49	0	0	0.42
93500	0.42	0.49	0.49	0	0	0.42
93600	0.42	0.49	0.49	0	0	0.42
93700	0.42	0.49	0.49	0	0	0.42
93800	0.42	0.49	0.49	0	0	0.42
93900	0.42	0.49	0.49	0	0	0.42
94000	0.42	0.49	0.49	0	0	0.42
94100	0.43	0.49	0.49	0	0	0.43
94200	0.43	0.49	0.49	0	0	0.43
94300	0.42	0.49	0.49	0	0	0.42
94400	0.42	0.49	0.49	0	0	0.42
94500	0.42	0.49	0.49	0	0	0.42
94600	0.42	0.49	0.49	0	0	0.42
94700	0.42	0.49	0.49	0	0	0.42
94800	0.42	0.49	0.49	0	0	0.42
94900	0.42	0.49	0.49	0	0	0.42
95000	0.43	0.49	0.49	0	0	0.43
95100	0.43	0.49	0.49	0	0	0.43
95200	0.44	0.49	0.49	0	0	0.44
95300	0.44	0.49	0.49	0	0	0.44
95400	0.44	0.49	0.49	0	0	0.44
95500	0.44	0.51	0.51	0	0	0.44
95600	0.44	0.51	0.51	0	0	0.44
95700	0.44	0.51	0.51	0	0	0.44
95800	0.44	0.51	0.51	0	0	0.44
95900	0.44	0.51	0.51	0	0	0.44
96000	0.44	0.51	0.51	0	0	0.44
96100	0.44	0.51	0.51	0	0	0.44
96200	0.44	0.51	0.51	0	0	0.44
96300	0.44	0.51	0.51	0	0	0.44
96400	0.44	0.51	0.51	0	0	0.44
96500	0.44	0.51	0.51	0	0	0.44
96600	0.44	0.51	0.51	0	0	0.44
96700	0.44	0.51	0.51	0	0	0.44
96800	0.44	0.51	0.51	0	0	0.44
96900	0.44	0.51	0.51	0	0	0.44
97000	0.44	0.51	0.51	0	0	0.44
97100	0.44	0.51	0.51	0	0	0.44
97200	0.44	0.51	0.51	0	0	0.44
97300	0.44	0.52	0.52	0	0	0.44
97400	0.44	0.52	0.52	0	0	0.44
97500	0.44	0.52	0.52	0	0	0.44
97600	0.44	0.52	0.52	0	0	0.44
97700	0.44	0.52	0.52	0	0	0.44
97800	0.44	0.52	0.52	0	0	0.44
97900	0.44	0.52	0.52	0	0	0.44
98000	0.44	0.52	0.52	0	0	0.44
98100	0.44	0.52	0.52	0	0	0.44
98200	0.44	0.52	0.52	0	0	0.44
98300	0.44	0.52	0.52	0	0	0.44
98400	0.44	0.52	0.52	0	0	0.44
98500	0.44	0.52	0.52	0	0	0.44
98600	0.44	0.52	0.52	0	0	0.44
98700	0.44	0.52	0.52	0	0	0.44
98800	0.44	0.52	0.52	0	0	0.44
98900	0.44	0.52	0.52	0	0	0.44
99000	0.44	0.52	0.52	0	0	0.44
99100	0.44	0.52	0.52	0	0	0.44
99200	0.44	0.51	0.51	0	0	0.44
99300	0.44	0.51	0.51	0	0	0.44
99400	0.44	0.52	0.52	0	0	0.44
99500	0.44	0.52	0.52	0	0	0.44
99600	0.44	0.52	0.52	0	0	0.44
99700	0.44	0.52	0.52	0	0	0.44
99800	0.44	0.52	0.52	0	0	0.44
99900	0.44	0.52	0.52	0	0	0.44
100000	0.44	0.51	0.51	0	0	0.44
