100	0.12	0.11	0.11	0	0	0.12
200	0.13	0.12	0.12	0	0	0.13
300	0.15	0.14	0.14	0	0	0.15
400	0.16	0.16	0.16	0	0	0.16
500	0.17	0.19	0.19	0	0	0.17
600	0.18	0.19	0.19	0	0	0.18
700	0.19	0.2	0.2	0	0	0.19
800	0.21	0.2	0.2	0	0	0.21
900	0.21	0.21	0.21	0	0	0.21
1000	0.21	0.22	0.22	0	0	0.21
1100	0.21	0.23	0.23	0	0	0.21
1200	0.22	0.23	0.23	0	0	0.22
1300	0.23	0.25	0.25	0	0	0.23
1400	0.25	0.27	0.27	0	0	0.25
1500	0.26	0.27	0.27	0	0	0.26
1600	0.25	0.27	0.27	0	0	0.25
1700	0.25	0.27	0.27	0	0	0.25
1800	0.25	0.3	0.3	0	0	0.25
1900	0.26	0.3	0.3	0	0	0.26
2000	0.26	0.32	0.32	0	0	0.26
2100	0.26	0.33	0.33	0	0	0.26
2200	0.27	0.34	0.34	0	0	0.27
2300	0.26	0.34	0.34	0	0	0.26
2400	0.28	0.34	0.34	0	0	0.28
2500	0.29	0.34	0.34	0	0	0.29
2600	0.29	0.35	0.35	0	0	0.29
2700	0.29	0.34	0.34	0	0	0.29
2800	0.29	0.33	0.33	0	0	0.29
2900	0.3	0.33	0.33	0	0	0.3
3000	0.31	0.32	0.32	0	0	0.31
3100	0.31	0.31	0.31	0	0	0.31
3200	0.3	0.31	0.31	0	0	0.3
3300	0.3	0.3	0.3	0	0	0.3
3400	0.32	0.31	0.31	0	0	0.32
3500	0.32	0.3	0.3	0	0	0.32
3600	0.32	0.3	0.3	0	0	0.32
3700	0.32	0.3	0.3	0	0	0.32
3800	0.31	0.3	0.3	0	0	0.31
3900	0.31	0.3	0.3	0	0	0.31
4000	0.31	0.32	0.32	0	0	0.31
4100	0.31	0.32	0.32	0	0	0.31
4200	0.31	0.33	0.33	0	0	0.31
4300	0.31	0.33	0.33	0	0	0.31
4400	0.31	0.33	0.33	0	0	0.31
4500	0.31	0.33	0.33	0	0	0.31
4600	0.31	0.33	0.33	0	0	0.31
4700	0.31	0.33	0.33	0	0	0.31
4800	0.31	0.33	0.33	0	0	0.31
4900	0.31	0.33	0.33	0	0	0.31
5000	0.32	0.33	0.33	0	0	0.32
5100	0.32	0.33	0.33	0	0	0.32
5200	0.33	0.33	0.33	0	0	0.33
5300	0.33	0.34	0.34	0	0	0.33
5400	0.34	0.33	0.33	0	0	0.34
5500	0.34	0.33	0.33	0	0	0.34
5600	0.34	0.33	0.33	0	0	0.34
5700	0.34	0.34	0.34	0	0	0.34
5800	0.33	0.33	0.33	0	0	0.33
5900	0.33	0.33	0.33	0	0	0.33
6000	0.33	0.32	0.32	0	0	0.33
6100	0.34	0.33	0.33	0	0	0.34
6200	0.35	0.33	0.33	0	0	0.35
6300	0.35	0.33	0.33	0	0	0.35
6400	0.34	0.34	0.34	0	0	0.34
6500	0.34	0.33	0.33	0	0	0.34
6600	0.34	0.33	0.33	0	0	0.34
6700	0.34	0.33	0.33	0	0	0.34
6800	0.35	0.33	0.33	0	0	0.35
6900	0.35	0.34	0.34	0	0	0.35
7000	0.35	0.34	0.34	0	0	0.35
7100	0.35	0.35	0.35	0	0	0.35
7200	0.35	0.35	0.35	0	0	0.35
7300	0.35	0.35	0.35	0	0	0.35
7400	0.36	0.35	0.35	0	0	0.36
7500	0.36	0.35	0.35	0	0	0.36
7600	0.36	0.35	0.35	0	0	0.36
7700	0.36	0.35	0.35	0	0	0.36
7800	0.36	0.35	0.35	0	0	0.36
7900	0.36	0.35	0.35	0	0	0.36
8000	0.36	0.35	0.35	0	0	0.36
8100	0.36	0.35	0.35	0	0	0.36
8200	0.37	0.35	0.35	0	0	0.37
8300	0.37	0.37	0.37	0	0	0.37
8400	0.37	0.37	0.37	0	0	0.37
8500	0.37	0.38	0.38	0	0	0.37
8600	0.37	0.38	0.38	0	0	0.37
8700	0.38	0.38	0.38	0	0	0.38
8800	0.37	0.38	0.38	0	0	0.37
8900	0.36	0.38	0.38	0	0	0.36
9000	0.37	0.37	0.37	0	0	0.37
9100	0.37	0.36	0.36	0	0	0.37
9200	0.36	0.36	0.36	0	0	0.36
9300	0.36	0.36	0.36	0	0	0.36
9400	0.36	0.37	0.37	0	0	0.36
9500	0.36	0.38	0.38	0	0	0.36
9600	0.36	0.38	0.38	0	0	0.36
9700	0.35	0.38	0.38	0	0	0.35
9800	0.35	0.39	0.39	0	0	0.35
9900	0.34	0.39	0.39	0	0	0.34
10000	0.34	0.4	0.4	0	0	0.34
10100	0.35	0.41	0.41	0	0	0.35
10200	0.36	0.41	0.41	0	0	0.36
10300	0.36	0.41	0.41	0	0	0.36
10400	0.36	0.43	0.43	0	0	0.36
10500	0.36	0.44	0.44	0	0	0.36
10600	0.36	0.44	0.44	0	0	0.36
10700	0.36	0.44	0.44	0	0	0.36
10800	0.37	0.45	0.45	0	0	0.37
10900	0.36	0.45	0.45	0	0	0.36
11000	0.36	0.45	0.45	0	0	0.36
11100	0.36	0.43	0.43	0	0	0.36
11200	0.36	0.41	0.41	0	0	0.36
11300	0.36	0.41	0.41	0	0	0.36
11400	0.36	0.42	0.42	0	0	0.36
11500	0.36	0.42	0.42	0	0	0.36
11600	0.36	0.42	0.42	0	0	0.36
11700	0.36	0.42	0.42	0	0	0.36
11800	0.36	0.41	0.41	0	0	0.36
11900	0.37	0.41	0.41	0	0	0.37
12000	0.37	0.4	0.4	0	0	0.37
12100	0.37	0.4	0.4	0	0	0.37
12200	0.37	0.41	0.41	0	0	0.37
12300	0.37	0.39	0.39	0	0	0.37
12400	0.37	0.39	0.39	0	0	0.37
12500	0.37	0.39	0.39	0	0	0.37
12600	0.37	0.39	0.39	0	0	0.37
12700	0.36	0.39	0.39	0	0	0.36
12800	0.35	0.39	0.39	0	0	0.35
12900	0.35	0.4	0.4	0	0	0.35
13000	0.35	0.4	0.4	0	0	0.35
13100	0.35	0.4	0.4	0	0	0.35
13200	0.35	0.41	0.41	0	0	0.35
13300	0.36	0.41	0.41	0	0	0.36
13400	0.36	0.42	0.42	0	0	0.36
13500	0.36	0.42	0.42	0	0	0.36
13600	0.36	0.43	0.43	0	0	0.36
13700	0.35	0.43	0.43	0	0	0.35
13800	0.34	0.43	0.43	0	0	0.34
13900	0.34	0.43	0.43	0	0	0.34
14000	0.34	0.43	0.43	0	0	0.34
14100	0.35	0.43	0.43	0	0	0.35
14200	0.35	0.43	0.43	0	0	0.35
14300	0.35	0.43	0.43	0	0	0.35
14400	0.34	0.43	0.43	0	0	0.34
14500	0.34	0.43	0.43	0	0	0.34
14600	0.35	0.43	0.43	0	0	0.35
14700	0.35	0.43	0.43	0	0	0.35
14800	0.35	0.44	0.44	0	0	0.35
14900	0.35	0.44	0.44	0	0	0.35
15000	0.36	0.44	0.44	0	0	0.36
15100	0.37	0.44	0.44	0	0	0.37
15200	0.38	0.44	0.44	0	0	0.38
15300	0.38	0.44	0.44	0	0	0.38
15400	0.38	0.43	0.43	0	0	0.38
15500	0.38	0.44	0.44	0	0	0.38
15600	0.38	0.43	0.43	0	0	0.38
15700	0.38	0.43	0.43	0	0	0.38
15800	0.38	0.43	0.43	0	0	0.38
15900	0.38	0.43	0.43	0	0	0.38
16000	0.38	0.44	0.44	0	0	0.38
16100	0.38	0.43	0.43	0	0	0.38
16200	0.38	0.43	0.43	0	0	0.38
16300	0.39	0.43	0.43	0	0	0.39
16400	0.39	0.44	0.44	0	0	0.39
16500	0.39	0.45	0.45	0	0	0.39
16600	0.39	0.45	0.45	0	0	0.39
16700	0.39	0.45	0.45	0	0	0.39
16800	0.39	0.45	0.45	0	0	0.39
16900	0.39	0.45	0.45	0	0	0.39
17000	0.39	0.45	0.45	0	0	0.39
17100	0.39	0.45	0.45	0	0	0.39
17200	0.39	0.44	0.44	0	0	0.39
17300	0.39	0.44	0.44	0	0	0.39
17400	0.39	0.44	0.44	0	0	0.39
17500	0.39	0.44	0.44	0	0	0.39
17600	0.39	0.44	0.44	0	0	0.39
17700	0.39	0.44	0.44	0	0	0.39
17800	0.38	0.43	0.43	0	0	0.38
17900	0.37	0.43	0.43	0	0	0.37
18000	0.37	0.43	0.43	0	0	0.37
18100	0.37	0.43	0.43	0	0	0.37
18200	0.37	0.43	0.43	0	0	0.37
18300	0.37	0.43	0.43	0	0	0.37
18400	0.37	0.43	0.43	0	0	0.37
18500	0.37	0.43	0.43	0	0	0.37
18600	0.37	0.42	0.42	0	0	0.37
18700	0.37	0.42	0.42	0	0	0.37
18800	0.37	0.41	0.41	0	0	0.37
18900	0.37	0.41	0.41	0	0	0.37
19000	0.37	0.41	0.41	0	0	0.37
19100	0.37	0.41	0.41	0	0	0.37
19200	0.36	0.41	0.41	0	0	0.36
19300	0.37	0.41	0.41	0	0	0.37
19400	0.37	0.42	0.42	0	0	0.37
19500	0.37	0.41	0.41	0	0	0.37
19600	0.38	0.41	0.41	0	0	0.38
19700	0.38	0.41	0.41	0	0	0.38
19800	0.38	0.41	0.41	0	0	0.38
19900	0.38	0.42	0.42	0	0	0.38
20000	0.38	0.41	0.41	0	0	0.38
20100	0.38	0.42	0.42	0	0	0.38
20200	0.38	0.42	0.42	0	0	0.38
20300	0.38	0.42	0.42	0	0	0.38
20400	0.39	0.42	0.42	0	0	0.39
20500	0.39	0.43	0.43	0	0	0.39
20600	0.4	0.43	0.43	0	0	0.4
20700	0.4	0.42	0.42	0	0	0.4
20800	0.4	0.42	0.42	0	0	0.4
20900	0.4	0.42	0.42	0	0	0.4
21000	0.41	0.42	0.42	0	0	0.41
21100	0.41	0.41	0.41	0	0	0.41
21200	0.41	0.41	0.41	0	0	0.41
21300	0.41	0.41	0.41	0	0	0.41
21400	0.41	0.41	0.41	0	0	0.41
21500	0.41	0.41	0.41	0	0	0.41
21600	0.42	0.41	0.41	0	0	0.42
21700	0.42	0.41	0.41	0	0	0.42
21800	0.42	0.42	0.42	0	0	0.42
21900	0.42	0.42	0.42	0	0	0.42
22000	0.43	0.44	0.44	0	0	0.43
22100	0.43	0.44	0.44	0	0	0.43
22200	0.42	0.44	0.44	0	0	0.42
22300	0.43	0.45	0.45	0	0	0.43
22400	0.43	0.45	0.45	0	0	0.43
22500	0.43	0.46	0.46	0	0	0.43
22600	0.43	0.47	0.47	0	0	0.43
22700	0.43	0.48	0.48	0	0	0.43
22800	0.43	0.48	0.48	0	0	0.43
22900	0.43	0.48	0.48	0	0	0.43
23000	0.42	0.48	0.48	0	0	0.42
23100	0.42	0.48	0.48	0	0	0.42
23200	0.42	0.48	0.48	0	0	0.42
23300	0.42	0.48	0.48	0	0	0.42
23400	0.42	0.48	0.48	0	0	0.42
23500	0.42	0.48	0.48	0	0	0.42
23600	0.42	0.48	0.48	0	0	0.42
23700	0.42	0.48	0.48	0	0	0.42
23800	0.42	0.48	0.48	0	0	0.42
23900	0.42	0.48	0.48	0	0	0.42
24000	0.41	0.48	0.48	0	0	0.41
24100	0.41	0.48	0.48	0	0	0.41
24200	0.4	0.48	0.48	0	0	0.4
24300	0.4	0.48	0.48	0	0	0.4
24400	0.4	0.48	0.48	0	0	0.4
24500	0.4	0.48	0.48	0	0	0.4
24600	0.4	0.48	0.48	0	0	0.4
24700	0.39	0.47	0.47	0	0	0.39
24800	0.39	0.47	0.47	0	0	0.39
24900	0.39	0.47	0.47	0	0	0.39
25000	0.38	0.47	0.47	0	0	0.38
25100	0.38	0.48	0.48	0	0	0.38
25200	0.38	0.49	0.49	0	0	0.38
25300	0.38	0.49	0.49	0	0	0.38
25400	0.37	0.49	0.49	0	0	0.37
25500	0.37	0.49	0.49	0	0	0.37
25600	0.36	0.49	0.49	0	0	0.36
25700	0.36	0.49	0.49	0	0	0.36
25800	0.36	0.49	0.49	0	0	0.36
25900	0.36	0.48	0.48	0	0	0.36
26000	0.36	0.47	0.47	0	0	0.36
26100	0.37	0.47	0.47	0	0	0.37
26200	0.37	0.47	0.47	0	0	0.37
26300	0.36	0.47	0.47	0	0	0.36
26400	0.36	0.47	0.47	0	0	0.36
26500	0.36	0.47	0.47	0	0	0.36
26600	0.36	0.48	0.48	0	0	0.36
26700	0.36	0.48	0.48	0	0	0.36
26800	0.36	0.48	0.48	0	0	0.36
26900	0.36	0.48	0.48	0	0	0.36
27000	0.36	0.48	0.48	0	0	0.36
27100	0.36	0.48	0.48	0	0	0.36
27200	0.36	0.49	0.49	0	0	0.36
27300	0.36	0.48	0.48	0	0	0.36
27400	0.36	0.48	0.48	0	0	0.36
27500	0.36	0.48	0.48	0	0	0.36
27600	0.37	0.48	0.48	0	0	0.37
27700	0.37	0.48	0.48	0	0	0.37
27800	0.37	0.48	0.48	0	0	0.37
27900	0.37	0.48	0.48	0	0	0.37
28000	0.37	0.48	0.48	0	0	0.37
28100	0.37	0.48	0.48	0	0	0.37
28200	0.37	0.49	0.49	0	0	0.37
28300	0.37	0.49	0.49	0	0	0.37
28400	0.37	0.49	0.49	0	0	0.37
28500	0.37	0.49	0.49	0	0	0.37
28600	0.37	0.49	0.49	0	0	0.37
28700	0.37	0.48	0.48	0	0	0.37
28800	0.37	0.48	0.48	0	0	0.37
28900	0.37	0.48	0.48	0	0	0.37
29000	0.37	0.48	0.48	0	0	0.37
29100	0.36	0.48	0.48	0	0	0.36
29200	0.36	0.48	0.48	0	0	0.36
29300	0.36	0.48	0.48	0	0	0.36
29400	0.36	0.48	0.48	0	0	0.36
29500	0.36	0.47	0.47	0	0	0.36
29600	0.36	0.46	0.46	0	0	0.36
29700	0.36	0.46	0.46	0	0	0.36
29800	0.36	0.46	0.46	0	0	0.36
29900	0.36	0.46	0.46	0	0	0.36
30000	0.36	0.46	0.46	0	0	0.36
30100	0.37	0.46	0.46	0	0	0.37
30200	0.36	0.47	0.47	0	0	0.36
30300	0.36	0.47	0.47	0	0	0.36
30400	0.36	0.47	0.47	0	0	0.36
30500	0.36	0.46	0.46	0	0	0.36
30600	0.36	0.46	0.46	0	0	0.36
30700	0.36	0.46	0.46	0	0	0.36
30800	0.35	0.46	0.46	0	0	0.35
30900	0.35	0.46	0.46	0	0	0.35
31000	0.34	0.46	0.46	0	0	0.34
31100	0.34	0.46	0.46	0	0	0.34
31200	0.34	0.46	0.46	0	0	0.34
31300	0.34	0.47	0.47	0	0	0.34
31400	0.34	0.47	0.47	0	0	0.34
31500	0.34	0.47	0.47	0	0	0.34
31600	0.34	0.47	0.47	0	0	0.34
31700	0.34	0.47	0.47	0	0	0.34
31800	0.34	0.47	0.47	0	0	0.34
31900	0.34	0.46	0.46	0	0	0.34
32000	0.33	0.47	0.47	0	0	0.33
32100	0.33	0.48	0.48	0	0	0.33
32200	0.33	0.5	0.5	0	0	0.33
32300	0.33	0.5	0.5	0	0	0.33
32400	0.33	0.5	0.5	0	0	0.33
32500	0.34	0.5	0.5	0	0	0.34
32600	0.34	0.5	0.5	0	0	0.34
32700	0.34	0.5	0.5	0	0	0.34
32800	0.34	0.49	0.49	0	0	0.34
32900	0.34	0.49	0.49	0	0	0.34
33000	0.34	0.49	0.49	0	0	0.34
33100	0.34	0.49	0.49	0	0	0.34
33200	0.34	0.49	0.49	0	0	0.34
33300	0.34	0.48	0.48	0	0	0.34
33400	0.34	0.48	0.48	0	0	0.34
33500	0.34	0.48	0.48	0	0	0.34
33600	0.34	0.48	0.48	0	0	0.34
33700	0.34	0.48	0.48	0	0	0.34
33800	0.34	0.47	0.47	0	0	0.34
33900	0.35	0.47	0.47	0	0	0.35
34000	0.35	0.47	0.47	0	0	0.35
34100	0.36	0.47	0.47	0	0	0.36
34200	0.36	0.47	0.47	0	0	0.36
34300	0.37	0.48	0.48	0	0	0.37
34400	0.38	0.48	0.48	0	0	0.38
34500	0.38	0.49	0.49	0	0	0.38
34600	0.38	0.49	0.49	0	0	0.38
34700	0.38	0.49	0.49	0	0	0.38
34800	0.38	0.49	0.49	0	0	0.38
34900	0.38	0.49	0.49	0	0	0.38
35000	0.38	0.49	0.49	0	0	0.38
35100	0.38	0.49	0.49	0	0	0.38
35200	0.38	0.49	0.49	0	0	0.38
35300	0.38	0.49	0.49	0	0	0.38
35400	0.38	0.49	0.49	0	0	0.38
35500	0.37	0.49	0.49	0	0	0.37
35600	0.37	0.49	0.49	0	0	0.37
35700	0.37	0.5	0.5	0	0	0.37
35800	0.38	0.5	0.5	0	0	0.38
35900	0.38	0.5	0.5	0	0	0.38
36000	0.38	0.5	0.5	0	0	0.38
36100	0.38	0.5	0.5	0	0	0.38
36200	0.38	0.51	0.51	0	0	0.38
36300	0.39	0.51	0.51	0	0	0.39
36400	0.39	0.51	0.51	0	0	0.39
36500	0.39	0.51	0.51	0	0	0.39
36600	0.39	0.51	0.51	0	0	0.39
36700	0.38	0.51	0.51	0	0	0.38
36800	0.38	0.51	0.51	0	0	0.38
36900	0.38	0.51	0.51	0	0	0.38
37000	0.38	0.51	0.51	0	0	0.38
37100	0.38	0.51	0.51	0	0	0.38
37200	0.38	0.51	0.51	0	0	0.38
37300	0.38	0.51	0.51	0	0	0.38
37400	0.38	0.51	0.51	0	0	0.38
37500	0.38	0.51	0.51	0	0	0.38
37600	0.38	0.51	0.51	0	0	0.38
37700	0.38	0.52	0.52	0	0	0.38
37800	0.38	0.52	0.52	0	0	0.38
37900	0.38	0.52	0.52	0	0	0.38
38000	0.38	0.52	0.52	0	0	0.38
38100	0.38	0.52	0.52	0	0	0.38
38200	0.38	0.52	0.52	0	0	0.38
38300	0.38	0.52	0.52	0	0	0.38
38400	0.38	0.52	0.52	0	0	0.38
38500	0.38	0.52	0.52	0	0	0.38
38600	0.38	0.52	0.52	0	0	0.38
38700	0.38	0.52	0.52	0	0	0.38
38800	0.38	0.52	0.52	0	0	0.38
38900	0.38	0.52	0.52	0	0	0.38
39000	0.38	0.53	0.53	0	0	0.38
39100	0.38	0.52	0.52	0	0	0.38
39200	0.38	0.53	0.53	0	0	0.38
39300	0.38	0.53	0.53	0	0	0.38
39400	0.38	0.53	0.53	0	0	0.38
39500	0.38	0.53	0.53	0	0	0.38
39600	0.38	0.53	0.53	0	0	0.38
39700	0.37	0.53	0.53	0	0	0.37
39800	0.37	0.53	0.53	0	0	0.37
39900	0.37	0.53	0.53	0	0	0.37
40000	0.37	0.53	0.53	0	0	0.37
40100	0.37	0.53	0.53	0	0	0.37
40200	0.37	0.53	0.53	0	0	0.37
40300	0.37	0.53	0.53	0	0	0.37
40400	0.37	0.53	0.53	0	0	0.37
40500	0.37	0.53	0.53	0	0	0.37
40600	0.37	0.53	0.53	0	0	0.37
40700	0.37	0.53	0.53	0	0	0.37
40800	0.37	0.53	0.53	0	0	0.37
40900	0.37	0.53	0.53	0	0	0.37
41000	0.36	0.54	0.54	0	0	0.36
41100	0.36	0.54	0.54	0	0	0.36
41200	0.36	0.54	0.54	0	0	0.36
41300	0.36	0.54	0.54	0	0	0.36
41400	0.36	0.54	0.54	0	0	0.36
41500	0.36	0.54	0.54	0	0	0.36
41600	0.36	0.54	0.54	0	0	0.36
41700	0.36	0.53	0.53	0	0	0.36
41800	0.36	0.53	0.53	0	0	0.36
41900	0.34	0.53	0.53	0	0	0.34
42000	0.35	0.53	0.53	0	0	0.35
42100	0.35	0.53	0.53	0	0	0.35
42200	0.35	0.53	0.53	0	0	0.35
42300	0.35	0.53	0.53	0	0	0.35
42400	0.35	0.52	0.52	0	0	0.35
42500	0.35	0.52	0.52	0	0	0.35
42600	0.35	0.52	0.52	0	0	0.35
42700	0.35	0.52	0.52	0	0	0.35
42800	0.35	0.52	0.52	0	0	0.35
42900	0.35	0.52	0.52	0	0	0.35
43000	0.35	0.52	0.52	0	0	0.35
43100	0.35	0.51	0.51	0	0	0.35
43200	0.35	0.51	0.51	0	0	0.35
43300	0.35	0.51	0.51	0	0	0.35
43400	0.35	0.51	0.51	0	0	0.35
43500	0.35	0.51	0.51	0	0	0.35
43600	0.35	0.51	0.51	0	0	0.35
43700	0.35	0.51	0.51	0	0	0.35
43800	0.35	0.51	0.51	0	0	0.35
43900	0.34	0.52	0.52	0	0	0.34
44000	0.34	0.52	0.52	0	0	0.34
44100	0.34	0.52	0.52	0	0	0.34
44200	0.34	0.52	0.52	0	0	0.34
44300	0.34	0.52	0.52	0	0	0.34
44400	0.34	0.52	0.52	0	0	0.34
44500	0.34	0.53	0.53	0	0	0.34
44600	0.34	0.53	0.53	0	0	0.34
44700	0.35	0.53	0.53	0	0	0.35
44800	0.35	0.53	0.53	0	0	0.35
44900	0.35	0.53	0.53	0	0	0.35
45000	0.36	0.53	0.53	0	0	0.36
45100	0.36	0.53	0.53	0	0	0.36
45200	0.36	0.53	0.53	0	0	0.36
45300	0.36	0.53	0.53	0	0	0.36
45400	0.36	0.53	0.53	0	0	0.36
45500	0.36	0.53	0.53	0	0	0.36
45600	0.36	0.53	0.53	0	0	0.36
45700	0.36	0.53	0.53	0	0	0.36
45800	0.36	0.52	0.52	0	0	0.36
45900	0.36	0.52	0.52	0	0	0.36
46000	0.36	0.52	0.52	0	0	0.36
46100	0.36	0.52	0.52	0	0	0.36
46200	0.36	0.53	0.53	0	0	0.36
46300	0.36	0.52	0.52	0	0	0.36
46400	0.36	0.52	0.52	0	0	0.36
46500	0.36	0.52	0.52	0	0	0.36
46600	0.37	0.52	0.52	0	0	0.37
46700	0.37	0.52	0.52	0	0	0.37
46800	0.37	0.52	0.52	0	0	0.37
46900	0.37	0.52	0.52	0	0	0.37
47000	0.37	0.52	0.52	0	0	0.37
47100	0.37	0.52	0.52	0	0	0.37
47200	0.37	0.52	0.52	0	0	0.37
47300	0.38	0.52	0.52	0	0	0.38
47400	0.38	0.52	0.52	0	0	0.38
47500	0.38	0.52	0.52	0	0	0.38
47600	0.38	0.52	0.52	0	0	0.38
47700	0.39	0.52	0.52	0	0	0.39
47800	0.39	0.52	0.52	0	0	0.39
47900	0.39	0.52	0.52	0	0	0.39
48000	0.39	0.52	0.52	0	0	0.39
48100	0.39	0.52	0.52	0	0	0.39
48200	0.39	0.52	0.52	0	0	0.39
48300	0.39	0.52	0.52	0	0	0.39
48400	0.39	0.52	0.52	0	0	0.39
48500	0.39	0.52	0.52	0	0	0.39
48600	0.39	0.51	0.51	0	0	0.39
48700	0.39	0.51	0.51	0	0	0.39
48800	0.39	0.5	0.5	0	0	0.39
48900	0.39	0.5	0.5	0	0	0.39
49000	0.38	0.5	0.5	0	0	0.38
49100	0.38	0.5	0.5	0	0	0.38
49200	0.38	0.49	0.49	0	0	0.38
49300	0.38	0.49	0.49	0	0	0.38
49400	0.38	0.49	0.49	0	0	0.38
49500	0.38	0.49	0.49	0	0	0.38
49600	0.39	0.48	0.48	0	0	0.39
49700	0.39	0.48	0.48	0	0	0.39
49800	0.39	0.48	0.48	0	0	0.39
49900	0.39	0.48	0.48	0	0	0.39
50000	0.39	0.48	0.48	0	0	0.39
50100	0.39	0.48	0.48	0	0	0.39
50200	0.39	0.48	0.48	0	0	0.39
50300	0.39	0.48	0.48	0	0	0.39
50400	0.39	0.48	0.48	0	0	0.39
50500	0.4	0.48	0.48	0	0	0.4
50600	0.4	0.48	0.48	0	0	0.4
50700	0.4	0.49	0.49	0	0	0.4
50800	0.4	0.49	0.49	0	0	0.4
50900	0.39	0.49	0.49	0	0	0.39
51000	0.39	0.49	0.49	0	0	0.39
51100	0.39	0.48	0.48	0	0	0.39
51200	0.39	0.49	0.49	0	0	0.39
51300	0.39	0.49	0.49	0	0	0.39
51400	0.39	0.49	0.49	0	0	0.39
51500	0.39	0.49	0.49	0	0	0.39
51600	0.39	0.49	0.49	0	0	0.39
51700	0.39	0.5	0.5	0	0	0.39
51800	0.4	0.5	0.5	0	0	0.4
51900	0.4	0.5	0.5	0	0	0.4
52000	0.4	0.5	0.5	0	0	0.4
52100	0.4	0.5	0.5	0	0	0.4
52200	0.4	0.5	0.5	0	0	0.4
52300	0.4	0.5	0.5	0	0	0.4
52400	0.4	0.5	0.5	0	0	0.4
52500	0.38	0.5	0.5	0	0	0.38
52600	0.38	0.5	0.5	0	0	0.38
52700	0.38	0.5	0.5	0	0	0.38
52800	0.38	0.5	0.5	0	0	0.38
52900	0.38	0.5	0.5	0	0	0.38
53000	0.38	0.5	0.5	0	0	0.38
53100	0.38	0.5	0.5	0	0	0.38
53200	0.38	0.5	0.5	0	0	0.38
53300	0.39	0.5	0.5	0	0	0.39
53400	0.39	0.5	0.5	0	0	0.39
53500	0.39	0.5	0.5	0	0	0.39
53600	0.39	0.5	0.5	0	0	0.39
53700	0.39	0.5	0.5	0	0	0.39
53800	0.4	0.5	0.5	0	0	0.4
53900	0.4	0.5	0.5	0	0	0.4
54000	0.4	0.5	0.5	0	0	0.4
54100	0.4	0.5	0.5	0	0	0.4
54200	0.4	0.5	0.5	0	0	0.4
54300	0.4	0.5	0.5	0	0	0.4
54400	0.4	0.5	0.5	0	0	0.4
54500	0.39	0.5	0.5	0	0	0.39
54600	0.39	0.5	0.5	0	0	0.39
54700	0.4	0.5	0.5	0	0	0.4
54800	0.4	0.5	0.5	0	0	0.4
54900	0.4	0.5	0.5	0	0	0.4
55000	0.4	0.5	0.5	0	0	0.4
55100	0.41	0.5	0.5	0	0	0.41
55200	0.4	0.5	0.5	0	0	0.4
55300	0.39	0.5	0.5	0	0	0.39
55400	0.39	0.5	0.5	0	0	0.39
55500	0.39	0.5	0.5	0	0	0.39
55600	0.39	0.5	0.5	0	0	0.39
55700	0.39	0.5	0.5	0	0	0.39
55800	0.39	0.5	0.5	0	0	0.39
55900	0.39	0.51	0.51	0	0	0.39
56000	0.39	0.51	0.51	0	0	0.39
56100	0.39	0.51	0.51	0	0	0.39
56200	0.39	0.51	0.51	0	0	0.39
56300	0.39	0.52	0.52	0	0	0.39
56400	0.39	0.52	0.52	0	0	0.39
56500	0.39	0.52	0.52	0	0	0.39
56600	0.39	0.52	0.52	0	0	0.39
56700	0.38	0.52	0.52	0	0	0.38
56800	0.38	0.52	0.52	0	0	0.38
56900	0.38	0.51	0.51	0	0	0.38
57000	0.37	0.51	0.51	0	0	0.37
57100	0.37	0.52	0.52	0	0	0.37
57200	0.37	0.52	0.52	0	0	0.37
57300	0.37	0.52	0.52	0	0	0.37
57400	0.37	0.52	0.52	0	0	0.37
57500	0.37	0.52	0.52	0	0	0.37
57600	0.37	0.52	0.52	0	0	0.37
57700	0.37	0.53	0.53	0	0	0.37
57800	0.37	0.53	0.53	0	0	0.37
57900	0.37	0.53	0.53	0	0	0.37
58000	0.37	0.53	0.53	0	0	0.37
58100	0.37	0.53	0.53	0	0	0.37
58200	0.37	0.53	0.53	0	0	0.37
58300	0.37	0.52	0.52	0	0	0.37
58400	0.37	0.52	0.52	0	0	0.37
58500	0.37	0.52	0.52	0	0	0.37
58600	0.37	0.52	0.52	0	0	0.37
58700	0.37	0.52	0.52	0	0	0.37
58800	0.37	0.52	0.52	0	0	0.37
58900	0.38	0.52	0.52	0	0	0.38
59000	0.38	0.52	0.52	0	0	0.38
59100	0.38	0.52	0.52	0	0	0.38
59200	0.38	0.52	0.52	0	0	0.38
59300	0.38	0.53	0.53	0	0	0.38
59400	0.38	0.53	0.53	0	0	0.38
59500	0.38	0.53	0.53	0	0	0.38
59600	0.38	0.53	0.53	0	0	0.38
59700	0.38	0.53	0.53	0	0	0.38
59800	0.38	0.53	0.53	0	0	0.38
59900	0.38	0.54	0.54	0	0	0.38
60000	0.38	0.54	0.54	0	0	0.38
60100	0.38	0.54	0.54	0	0	0.38
60200	0.38	0.54	0.54	0	0	0.38
60300	0.38	0.54	0.54	0	0	0.38
60400	0.38	0.54	0.54	0	0	0.38
60500	0.38	0.54	0.54	0	0	0.38
60600	0.38	0.54	0.54	0	0	0.38
60700	0.37	0.54	0.54	0	0	0.37
60800	0.37	0.54	0.54	0	0	0.37
60900	0.36	0.54	0.54	0	0	0.36
61000	0.36	0.54	0.54	0	0	0.36
61100	0.36	0.54	0.54	0	0	0.36
61200	0.36	0.54	0.54	0	0	0.36
61300	0.36	0.54	0.54	0	0	0.36
61400	0.36	0.54	0.54	0	0	0.36
61500	0.36	0.54	0.54	0	0	0.36
61600	0.37	0.54	0.54	0	0	0.37
61700	0.36	0.54	0.54	0	0	0.36
61800	0.36	0.54	0.54	0	0	0.36
61900	0.36	0.54	0.54	0	0	0.36
62000	0.36	0.54	0.54	0	0	0.36
62100	0.36	0.54	0.54	0	0	0.36
62200	0.36	0.54	0.54	0	0	0.36
62300	0.35	0.54	0.54	0	0	0.35
62400	0.35	0.54	0.54	0	0	0.35
62500	0.35	0.54	0.54	0	0	0.35
62600	0.35	0.54	0.54	0	0	0.35
62700	0.35	0.54	0.54	0	0	0.35
62800	0.35	0.54	0.54	0	0	0.35
62900	0.35	0.54	0.54	0	0	0.35
63000	0.35	0.54	0.54	0	0	0.35
63100	0.35	0.54	0.54	0	0	0.35
63200	0.35	0.54	0.54	0	0	0.35
63300	0.35	0.54	0.54	0	0	0.35
63400	0.35	0.54	0.54	0	0	0.35
63500	0.35	0.54	0.54	0	0	0.35
63600	0.35	0.54	0.54	0	0	0.35
63700	0.35	0.54	0.54	0	0	0.35
63800	0.35	0.54	0.54	0	0	0.35
63900	0.35	0.53	0.53	0	0	0.35
64000	0.36	0.53	0.53	0	0	0.36
64100	0.36	0.53	0.53	0	0	0.36
64200	0.36	0.53	0.53	0	0	0.36
64300	0.36	0.52	0.52	0	0	0.36
64400	0.36	0.52	0.52	0	0	0.36
64500	0.36	0.53	0.53	0	0	0.36
64600	0.36	0.53	0.53	0	0	0.36
64700	0.36	0.53	0.53	0	0	0.36
64800	0.36	0.53	0.53	0	0	0.36
64900	0.36	0.53	0.53	0	0	0.36
65000	0.36	0.53	0.53	0	0	0.36
65100	0.36	0.53	0.53	0	0	0.36
65200	0.36	0.53	0.53	0	0	0.36
65300	0.36	0.53	0.53	0	0	0.36
65400	0.36	0.53	0.53	0	0	0.36
65500	0.36	0.53	0.53	0	0	0.36
65600	0.36	0.53	0.53	0	0	0.36
65700	0.36	0.53	0.53	0	0	0.36
65800	0.36	0.53	0.53	0	0	0.36
65900	0.36	0.53	0.53	0	0	0.36
66000	0.36	0.53	0.53	0	0	0.36
66100	0.36	0.53	0.53	0	0	0.36
66200	0.36	0.55	0.55	0	0	0.36
66300	0.36	0.55	0.55	0	0	0.36
66400	0.36	0.54	0.54	0	0	0.36
66500	0.36	0.53	0.53	0	0	0.36
66600	0.36	0.53	0.53	0	0	0.36
66700	0.36	0.52	0.52	0	0	0.36
66800	0.36	0.52	0.52	0	0	0.36
66900	0.36	0.52	0.52	0	0	0.36
67000	0.36	0.52	0.52	0	0	0.36
67100	0.36	0.52	0.52	0	0	0.36
67200	0.36	0.52	0.52	0	0	0.36
67300	0.36	0.52	0.52	0	0	0.36
67400	0.36	0.52	0.52	0	0	0.36
67500	0.36	0.52	0.52	0	0	0.36
67600	0.37	0.52	0.52	0	0	0.37
67700	0.37	0.52	0.52	0	0	0.37
67800	0.37	0.52	0.52	0	0	0.37
67900	0.37	0.52	0.52	0	0	0.37
68000	0.37	0.52	0.52	0	0	0.37
68100	0.37	0.52	0.52	0	0	0.37
68200	0.38	0.52	0.52	0	0	0.38
68300	0.38	0.52	0.52	0	0	0.38
68400	0.38	0.52	0.52	0	0	0.38
68500	0.38	0.52	0.52	0	0	0.38
68600	0.38	0.52	0.52	0	0	0.38
68700	0.38	0.52	0.52	0	0	0.38
68800	0.38	0.52	0.52	0	0	0.38
68900	0.38	0.52	0.52	0	0	0.38
69000	0.38	0.52	0.52	0	0	0.38
69100	0.38	0.52	0.52	0	0	0.38
69200	0.38	0.52	0.52	0	0	0.38
69300	0.38	0.52	0.52	0	0	0.38
69400	0.38	0.52	0.52	0	0	0.38
69500	0.38	0.52	0.52	0	0	0.38
69600	0.38	0.53	0.53	0	0	0.38
69700	0.39	0.53	0.53	0	0	0.39
69800	0.39	0.53	0.53	0	0	0.39
69900	0.39	0.53	0.53	0	0	0.39
70000	0.39	0.53	0.53	0	0	0.39
70100	0.39	0.53	0.53	0	0	0.39
70200	0.39	0.54	0.54	0	0	0.39
70300	0.39	0.54	0.54	0	0	0.39
70400	0.39	0.54	0.54	0	0	0.39
70500	0.39	0.53	0.53	0	0	0.39
70600	0.39	0.53	0.53	0	0	0.39
70700	0.39	0.53	0.53	0	0	0.39
70800	0.39	0.53	0.53	0	0	0.39
70900	0.4	0.53	0.53	0	0	0.4
71000	0.4	0.53	0.53	0	0	0.4
71100	0.4	0.53	0.53	0	0	0.4
71200	0.4	0.53	0.53	0	0	0.4
71300	0.4	0.53	0.53	0	0	0.4
71400	0.4	0.53	0.53	0	0	0.4
71500	0.4	0.53	0.53	0	0	0.4
71600	0.4	0.53	0.53	0	0	0.4
71700	0.4	0.53	0.53	0	0	0.4
71800	0.4	0.53	0.53	0	0	0.4
71900	0.4	0.53	0.53	0	0	0.4
72000	0.41	0.53	0.53	0	0	0.41
72100	0.4	0.53	0.53	0	0	0.4
72200	0.4	0.53	0.53	0	0	0.4
72300	0.4	0.53	0.53	0	0	0.4
72400	0.4	0.53	0.53	0	0	0.4
72500	0.4	0.53	0.53	0	0	0.4
72600	0.4	0.53	0.53	0	0	0.4
72700	0.4	0.53	0.53	0	0	0.4
72800	0.4	0.53	0.53	0	0	0.4
72900	0.4	0.53	0.53	0	0	0.4
73000	0.4	0.53	0.53	0	0	0.4
73100	0.4	0.52	0.52	0	0	0.4
73200	0.4	0.52	0.52	0	0	0.4
73300	0.4	0.51	0.51	0	0	0.4
73400	0.4	0.51	0.51	0	0	0.4
73500	0.4	0.51	0.51	0	0	0.4
73600	0.4	0.51	0.51	0	0	0.4
73700	0.4	0.51	0.51	0	0	0.4
73800	0.4	0.51	0.51	0	0	0.4
73900	0.4	0.51	0.51	0	0	0.4
74000	0.4	0.51	0.51	0	0	0.4
74100	0.4	0.51	0.51	0	0	0.4
74200	0.4	0.52	0.52	0	0	0.4
74300	0.4	0.52	0.52	0	0	0.4
74400	0.4	0.52	0.52	0	0	0.4
74500	0.41	0.52	0.52	0	0	0.41
74600	0.4	0.52	0.52	0	0	0.4
74700	0.39	0.52	0.52	0	0	0.39
74800	0.39	0.52	0.52	0	0	0.39
74900	0.4	0.52	0.52	0	0	0.4
75000	0.4	0.52	0.52	0	0	0.4
75100	0.42	0.52	0.52	0	0	0.42
75200	0.42	0.51	0.51	0	0	0.42
75300	0.42	0.51	0.51	0	0	0.42
75400	0.42	0.51	0.51	0	0	0.42
75500	0.42	0.51	0.51	0	0	0.42
75600	0.42	0.51	0.51	0	0	0.42
75700	0.42	0.51	0.51	0	0	0.42
75800	0.42	0.51	0.51	0	0	0.42
75900	0.42	0.51	0.51	0	0	0.42
76000	0.42	0.51	0.51	0	0	0.42
76100	0.42	0.51	0.51	0	0	0.42
76200	0.42	0.51	0.51	0	0	0.42
76300	0.43	0.51	0.51	0	0	0.43
76400	0.43	0.52	0.52	0	0	0.43
76500	0.43	0.52	0.52	0	0	0.43
76600	0.43	0.52	0.52	0	0	0.43
76700	0.43	0.52	0.52	0	0	0.43
76800	0.43	0.52	0.52	0	0	0.43
76900	0.43	0.52	0.52	0	0	0.43
77000	0.43	0.52	0.52	0	0	0.43
77100	0.43	0.52	0.52	0	0	0.43
77200	0.43	0.52	0.52	0	0	0.43
77300	0.43	0.52	0.52	0	0	0.43
77400	0.43	0.52	0.52	0	0	0.43
77500	0.43	0.52	0.52	0	0	0.43
77600	0.43	0.52	0.52	0	0	0.43
77700	0.43	0.52	0.52	0	0	0.43
77800	0.43	0.52	0.52	0	0	0.43
77900	0.43	0.52	0.52	0	0	0.43
78000	0.43	0.52	0.52	0	0	0.43
78100	0.42	0.52	0.52	0	0	0.42
78200	0.42	0.52	0.52	0	0	0.42
78300	0.42	0.51	0.51	0	0	0.42
78400	0.42	0.51	0.51	0	0	0.42
78500	0.42	0.51	0.51	0	0	0.42
78600	0.42	0.51	0.51	0	0	0.42
78700	0.42	0.51	0.51	0	0	0.42
78800	0.42	0.51	0.51	0	0	0.42
78900	0.43	0.51	0.51	0	0	0.43
79000	0.43	0.51	0.51	0	0	0.43
79100	0.43	0.51	0.51	0	0	0.43
79200	0.43	0.51	0.51	0	0	0.43
79300	0.43	0.51	0.51	0	0	0.43
79400	0.43	0.51	0.51	0	0	0.43
79500	0.43	0.51	0.51	0	0	0.43
79600	0.43	0.51	0.51	0	0	0.43
79700	0.43	0.5	0.5	0	0	0.43
79800	0.43	0.5	0.5	0	0	0.43
79900	0.43	0.5	0.5	0	0	0.43
80000	0.43	0.5	0.5	0	0	0.43
80100	0.43	0.5	0.5	0	0	0.43
80200	0.43	0.5	0.5	0	0	0.43
80300	0.43	0.5	0.5	0	0	0.43
80400	0.44	0.5	0.5	0	0	0.44
80500	0.44	0.5	0.5	0	0	0.44
80600	0.43	0.5	0.5	0	0	0.43
80700	0.43	0.5	0.5	0	0	0.43
80800	0.43	0.5	0.5	0	0	0.43
80900	0.43	0.5	0.5	0	0	0.43
81000	0.43	0.5	0.5	0	0	0.43
81100	0.43	0.5	0.5	0	0	0.43
81200	0.43	0.5	0.5	0	0	0.43
81300	0.43	0.5	0.5	0	0	0.43
81400	0.43	0.5	0.5	0	0	0.43
81500	0.43	0.5	0.5	0	0	0.43
81600	0.43	0.5	0.5	0	0	0.43
81700	0.43	0.5	0.5	0	0	0.43
81800	0.43	0.5	0.5	0	0	0.43
81900	0.43	0.5	0.5	0	0	0.43
82000	0.44	0.5	0.5	0	0	0.44
82100	0.44	0.5	0.5	0	0	0.44
82200	0.44	0.5	0.5	0	0	0.44
82300	0.44	0.5	0.5	0	0	0.44
82400	0.43	0.51	0.51	0	0	0.43
82500	0.43	0.51	0.51	0	0	0.43
82600	0.43	0.51	0.51	0	0	0.43
82700	0.43	0.51	0.51	0	0	0.43
82800	0.43	0.51	0.51	0	0	0.43
82900	0.43	0.51	0.51	0	0	0.43
83000	0.43	0.51	0.51	0	0	0.43
83100	0.43	0.51	0.51	0	0	0.43
83200	0.43	0.51	0.51	0	0	0.43
83300	0.43	0.51	0.51	0	0	0.43
83400	0.43	0.51	0.51	0	0	0.43
83500	0.43	0.51	0.51	0	0	0.43
83600	0.43	0.51	0.51	0	0	0.43
83700	0.43	0.51	0.51	0	0	0.43
83800	0.43	0.51	0.51	0	0	0.43
83900	0.42	0.51	0.51	0	0	0.42
84000	0.42	0.51	0.51	0	0	0.42
84100	0.42	0.51	0.51	0	0	0.42
84200	0.42	0.51	0.51	0	0	0.42
84300	0.42	0.51	0.51	0	0	0.42
84400	0.42	0.52	0.52	0	0	0.42
84500	0.42	0.52	0.52	0	0	0.42
84600	0.42	0.52	0.52	0	0	0.42
84700	0.42	0.52	0.52	0	0	0.42
84800	0.42	0.52	0.52	0	0	0.42
84900	0.42	0.52	0.52	0	0	0.42
85000	0.42	0.52	0.52	0	0	0.42
85100	0.42	0.52	0.52	0	0	0.42
85200	0.42	0.52	0.52	0	0	0.42
85300	0.42	0.52	0.52	0	0	0.42
85400	0.42	0.52	0.52	0	0	0.42
85500	0.42	0.52	0.52	0	0	0.42
85600	0.42	0.52	0.52	0	0	0.42
85700	0.43	0.52	0.52	0	0	0.43
85800	0.43	0.52	0.52	0	0	0.43
85900	0.43	0.52	0.52	0	0	0.43
86000	0.43	0.52	0.52	0	0	0.43
86100	0.43	0.52	0.52	0	0	0.43
86200	0.43	0.52	0.52	0	0	0.43
86300	0.43	0.52	0.52	0	0	0.43
86400	0.43	0.52	0.52	0	0	0.43
86500	0.43	0.52	0.52	0	0	0.43
86600	0.42	0.52	0.52	0	0	0.42
86700	0.42	0.52	0.52	0	0	0.42
86800	0.43	0.52	0.52	0	0	0.43
86900	0.43	0.52	0.52	0	0	0.43
87000	0.43	0.52	0.52	0	0	0.43
87100	0.43	0.52	0.52	0	0	0.43
87200	0.43	0.52	0.52	0	0	0.43
87300	0.43	0.52	0.52	0	0	0.43
87400	0.43	0.52	0.52	0	0	0.43
87500	0.43	0.52	0.52	0	0	0.43
87600	0.43	0.52	0.52	0	0	0.43
87700	0.43	0.52	0.52	0	0	0.43
87800	0.43	0.52	0.52	0	0	0.43
87900	0.43	0.52	0.52	0	0	0.43
88000	0.43	0.52	0.52	0	0	0.43
88100	0.43	0.52	0.52	0	0	0.43
88200	0.43	0.52	0.52	0	0	0.43
88300	0.43	0.52	0.52	0	0	0.43
88400	0.43	0.52	0.52	0	0	0.43
88500	0.43	0.52	0.52	0	0	0.43
88600	0.43	0.52	0.52	0	0	0.43
88700	0.43	0.52	0.52	0	0	0.43
88800	0.43	0.52	0.52	0	0	0.43
88900	0.43	0.52	0.52	0	0	0.43
89000	0.43	0.52	0.52	0	0	0.43
89100	0.43	0.52	0.52	0	0	0.43
89200	0.43	0.52	0.52	0	0	0.43
89300	0.43	0.52	0.52	0	0	0.43
89400	0.43	0.52	0.52	0	0	0.43
89500	0.43	0.52	0.52	0	0	0.43
89600	0.43	0.52	0.52	0	0	0.43
89700	0.43	0.52	0.52	0	0	0.43
89800	0.43	0.52	0.52	0	0	0.43
89900	0.43	0.52	0.52	0	0	0.43
90000	0.43	0.52	0.52	0	0	0.43
90100	0.43	0.52	0.52	0	0	0.43
90200	0.43	0.52	0.52	0	0	0.43
90300	0.43	0.52	0.52	0	0	0.43
90400	0.43	0.52	0.52	0	0	0.43
90500	0.43	0.52	0.52	0	0	0.43
90600	0.43	0.52	0.52	0	0	0.43
90700	0.43	0.52	0.52	0	0	0.43
90800	0.44	0.52	0.52	0	0	0.44
90900	0.44	0.52	0.52	0	0	0.44
91000	0.44	0.52	0.52	0	0	0.44
91100	0.44	0.52	0.52	0	0	0.44
91200	0.44	0.52	0.52	0	0	0.44
91300	0.44	0.52	0.52	0	0	0.44
91400	0.44	0.52	0.52	0	0	0.44
91500	0.44	0.52	0.52	0	0	0.44
91600	0.44	0.52	0.52	0	0	0.44
91700	0.44	0.52	0.52	0	0	0.44
91800	0.44	0.52	0.52	0	0	0.44
91900	0.44	0.52	0.52	0	0	0.44
92000	0.44	0.52	0.52	0	0	0.44
92100	0.44	0.52	0.52	0	0	0.44
92200	0.44	0.52	0.52	0	0	0.44
92300	0.44	0.51	0.51	0	0	0.44
92400	0.44	0.51	0.51	0	0	0.44
92500	0.44	0.51	0.51	0	0	0.44
92600	0.44	0.51	0.51	0	0	0.44
92700	0.44	0.51	0.51	0	0	0.44
92800	0.44	0.51	0.51	0	0	0.44
92900	0.43	0.5	0.5	0	0	0.43
93000	0.43	0.5	0.5	0	0	0.43
93100	0.43	0.5	0.5	0	0	0.43
93200	0.43	0.5	0.5	0	0	0.43
93300	0.43	0.5	0.5	0	0	0.43
93400	0.43	0.5	0.5	0	0	0.43
93500	0.43	0.5	0.5	0	0	0.43
93600	0.43	0.5	0.5	0	0	0.43
93700	0.43	0.5	0.5	0	0	0.43
93800	0.43	0.5	0.5	0	0	0.43
93900	0.43	0.51	0.51	0	0	0.43
94000	0.43	0.51	0.51	0	0	0.43
94100	0.44	0.51	0.51	0	0	0.44
94200	0.44	0.51	0.51	0	0	0.44
94300	0.43	0.51	0.51	0	0	0.43
94400	0.43	0.51	0.51	0	0	0.43
94500	0.43	0.51	0.51	0	0	0.43
94600	0.43	0.51	0.51	0	0	0.43
94700	0.43	0.51	0.51	0	0	0.43
94800	0.43	0.51	0.51	0	0	0.43
94900	0.43	0.51	0.51	0	0	0.43
95000	0.43	0.51	0.51	0	0	0.43
95100	0.43	0.51	0.51	0	0	0.43
95200	0.43	0.51	0.51	0	0	0.43
95300	0.43	0.51	0.51	0	0	0.43
95400	0.43	0.53	0.53	0	0	0.43
95500	0.43	0.53	0.53	0	0	0.43
95600	0.43	0.53	0.53	0	0	0.43
95700	0.43	0.53	0.53	0	0	0.43
95800	0.43	0.53	0.53	0	0	0.43
95900	0.43	0.53	0.53	0	0	0.43
96000	0.43	0.53	0.53	0	0	0.43
96100	0.43	0.53	0.53	0	0	0.43
96200	0.43	0.53	0.53	0	0	0.43
96300	0.43	0.53	0.53	0	0	0.43
96400	0.43	0.53	0.53	0	0	0.43
96500	0.43	0.53	0.53	0	0	0.43
96600	0.43	0.53	0.53	0	0	0.43
96700	0.43	0.53	0.53	0	0	0.43
96800	0.43	0.53	0.53	0	0	0.43
96900	0.43	0.53	0.53	0	0	0.43
97000	0.43	0.53	0.53	0	0	0.43
97100	0.43	0.53	0.53	0	0	0.43
97200	0.43	0.53	0.53	0	0	0.43
97300	0.43	0.53	0.53	0	0	0.43
97400	0.43	0.53	0.53	0	0	0.43
97500	0.43	0.53	0.53	0	0	0.43
97600	0.44	0.53	0.53	0	0	0.44
97700	0.44	0.53	0.53	0	0	0.44
97800	0.44	0.53	0.53	0	0	0.44
97900	0.44	0.53	0.53	0	0	0.44
98000	0.44	0.53	0.53	0	0	0.44
98100	0.44	0.53	0.53	0	0	0.44
98200	0.44	0.53	0.53	0	0	0.44
98300	0.45	0.53	0.53	0	0	0.45
98400	0.45	0.53	0.53	0	0	0.45
98500	0.45	0.53	0.53	0	0	0.45
98600	0.45	0.53	0.53	0	0	0.45
98700	0.45	0.53	0.53	0	0	0.45
98800	0.45	0.53	0.53	0	0	0.45
98900	0.45	0.53	0.53	0	0	0.45
99000	0.45	0.53	0.53	0	0	0.45
99100	0.45	0.53	0.53	0	0	0.45
99200	0.45	0.53	0.53	0	0	0.45
99300	0.45	0.53	0.53	0	0	0.45
99400	0.45	0.53	0.53	0	0	0.45
99500	0.45	0.53	0.53	0	0	0.45
99600	0.45	0.53	0.53	0	0	0.45
99700	0.45	0.53	0.53	0	0	0.45
99800	0.44	0.53	0.53	0	0	0.44
99900	0.44	0.53	0.53	0	0	0.44
100000	0.44	0.53	0.53	0	0	0.44
