100	0.09	0.06	0.06	0	0	0.09
200	0.1	0.09	0.09	0	0	0.1
300	0.13	0.1	0.1	0	0	0.13
400	0.16	0.1	0.1	0	0	0.16
500	0.17	0.11	0.11	0	0	0.17
600	0.19	0.12	0.12	0	0	0.19
700	0.19	0.12	0.12	0	0	0.19
800	0.18	0.13	0.13	0	0	0.18
900	0.19	0.14	0.14	0	0	0.19
1000	0.19	0.14	0.14	0	0	0.19
1100	0.19	0.16	0.16	0	0	0.19
1200	0.19	0.17	0.17	0	0	0.19
1300	0.19	0.17	0.17	0	0	0.19
1400	0.19	0.17	0.17	0	0	0.19
1500	0.2	0.18	0.18	0	0	0.2
1600	0.2	0.18	0.18	0	0	0.2
1700	0.21	0.18	0.18	0	0	0.21
1800	0.2	0.21	0.21	0	0	0.2
1900	0.2	0.21	0.21	0	0	0.2
2000	0.2	0.22	0.22	0	0	0.2
2100	0.21	0.22	0.22	0	0	0.21
2200	0.21	0.22	0.22	0	0	0.21
2300	0.22	0.25	0.25	0	0	0.22
2400	0.22	0.26	0.26	0	0	0.22
2500	0.22	0.28	0.28	0	0	0.22
2600	0.23	0.29	0.29	0	0	0.23
2700	0.24	0.34	0.34	0	0	0.24
2800	0.25	0.34	0.34	0	0	0.25
2900	0.25	0.34	0.34	0	0	0.25
3000	0.25	0.33	0.33	0	0	0.25
3100	0.25	0.33	0.33	0	0	0.25
3200	0.24	0.33	0.33	0	0	0.24
3300	0.24	0.34	0.34	0	0	0.24
3400	0.24	0.32	0.32	0	0	0.24
3500	0.24	0.32	0.32	0	0	0.24
3600	0.23	0.32	0.32	0	0	0.23
3700	0.23	0.32	0.32	0	0	0.23
3800	0.23	0.31	0.31	0	0	0.23
3900	0.23	0.31	0.31	0	0	0.23
4000	0.23	0.31	0.31	0	0	0.23
4100	0.23	0.32	0.32	0	0	0.23
4200	0.23	0.32	0.32	0	0	0.23
4300	0.24	0.32	0.32	0	0	0.24
4400	0.24	0.32	0.32	0	0	0.24
4500	0.24	0.33	0.33	0	0	0.24
4600	0.24	0.33	0.33	0	0	0.24
4700	0.25	0.32	0.32	0	0	0.25
4800	0.25	0.32	0.32	0	0	0.25
4900	0.25	0.34	0.34	0	0	0.25
5000	0.25	0.34	0.34	0	0	0.25
5100	0.26	0.33	0.33	0	0	0.26
5200	0.26	0.33	0.33	0	0	0.26
5300	0.27	0.33	0.33	0	0	0.27
5400	0.27	0.33	0.33	0	0	0.27
5500	0.27	0.33	0.33	0	0	0.27
5600	0.27	0.33	0.33	0	0	0.27
5700	0.29	0.33	0.33	0	0	0.29
5800	0.29	0.34	0.34	0	0	0.29
5900	0.29	0.35	0.35	0	0	0.29
6000	0.29	0.35	0.35	0	0	0.29
6100	0.29	0.35	0.35	0	0	0.29
6200	0.29	0.36	0.36	0	0	0.29
6300	0.29	0.36	0.36	0	0	0.29
6400	0.29	0.36	0.36	0	0	0.29
6500	0.3	0.37	0.37	0	0	0.3
6600	0.3	0.37	0.37	0	0	0.3
6700	0.3	0.37	0.37	0	0	0.3
6800	0.3	0.38	0.38	0	0	0.3
6900	0.3	0.37	0.37	0	0	0.3
7000	0.31	0.38	0.38	0	0	0.31
7100	0.31	0.39	0.39	0	0	0.31
7200	0.31	0.4	0.4	0	0	0.31
7300	0.32	0.4	0.4	0	0	0.32
7400	0.33	0.41	0.41	0	0	0.33
7500	0.34	0.41	0.41	0	0	0.34
7600	0.32	0.41	0.41	0	0	0.32
7700	0.32	0.41	0.41	0	0	0.32
7800	0.32	0.4	0.4	0	0	0.32
7900	0.33	0.41	0.41	0	0	0.33
8000	0.33	0.41	0.41	0	0	0.33
8100	0.34	0.41	0.41	0	0	0.34
8200	0.34	0.43	0.43	0	0	0.34
8300	0.35	0.43	0.43	0	0	0.35
8400	0.36	0.43	0.43	0	0	0.36
8500	0.36	0.42	0.42	0	0	0.36
8600	0.36	0.42	0.42	0	0	0.36
8700	0.35	0.41	0.41	0	0	0.35
8800	0.35	0.41	0.41	0	0	0.35
8900	0.36	0.4	0.4	0	0	0.36
9000	0.36	0.4	0.4	0	0	0.36
9100	0.36	0.4	0.4	0	0	0.36
9200	0.36	0.39	0.39	0	0	0.36
9300	0.36	0.39	0.39	0	0	0.36
9400	0.36	0.4	0.4	0	0	0.36
9500	0.36	0.4	0.4	0	0	0.36
9600	0.35	0.41	0.41	0	0	0.35
9700	0.35	0.42	0.42	0	0	0.35
9800	0.35	0.42	0.42	0	0	0.35
9900	0.35	0.43	0.43	0	0	0.35
10000	0.35	0.43	0.43	0	0	0.35
10100	0.35	0.43	0.43	0	0	0.35
10200	0.35	0.43	0.43	0	0	0.35
10300	0.35	0.43	0.43	0	0	0.35
10400	0.35	0.43	0.43	0	0	0.35
10500	0.35	0.43	0.43	0	0	0.35
10600	0.35	0.43	0.43	0	0	0.35
10700	0.37	0.43	0.43	0	0	0.37
10800	0.37	0.43	0.43	0	0	0.37
10900	0.37	0.43	0.43	0	0	0.37
11000	0.37	0.43	0.43	0	0	0.37
11100	0.37	0.43	0.43	0	0	0.37
11200	0.37	0.44	0.44	0	0	0.37
11300	0.37	0.43	0.43	0	0	0.37
11400	0.37	0.43	0.43	0	0	0.37
11500	0.37	0.43	0.43	0	0	0.37
11600	0.38	0.43	0.43	0	0	0.38
11700	0.37	0.43	0.43	0	0	0.37
11800	0.37	0.43	0.43	0	0	0.37
11900	0.36	0.43	0.43	0	0	0.36
12000	0.37	0.42	0.42	0	0	0.37
12100	0.37	0.42	0.42	0	0	0.37
12200	0.37	0.41	0.41	0	0	0.37
12300	0.36	0.41	0.41	0	0	0.36
12400	0.36	0.42	0.42	0	0	0.36
12500	0.36	0.43	0.43	0	0	0.36
12600	0.36	0.43	0.43	0	0	0.36
12700	0.36	0.43	0.43	0	0	0.36
12800	0.36	0.42	0.42	0	0	0.36
12900	0.36	0.42	0.42	0	0	0.36
13000	0.36	0.41	0.41	0	0	0.36
13100	0.36	0.41	0.41	0	0	0.36
13200	0.36	0.41	0.41	0	0	0.36
13300	0.36	0.41	0.41	0	0	0.36
13400	0.36	0.41	0.41	0	0	0.36
13500	0.37	0.42	0.42	0	0	0.37
13600	0.38	0.42	0.42	0	0	0.38
13700	0.37	0.44	0.44	0	0	0.37
13800	0.37	0.42	0.42	0	0	0.37
13900	0.36	0.42	0.42	0	0	0.36
14000	0.36	0.42	0.42	0	0	0.36
14100	0.36	0.41	0.41	0	0	0.36
14200	0.36	0.41	0.41	0	0	0.36
14300	0.36	0.41	0.41	0	0	0.36
14400	0.36	0.41	0.41	0	0	0.36
14500	0.36	0.41	0.41	0	0	0.36
14600	0.37	0.4	0.4	0	0	0.37
14700	0.36	0.4	0.4	0	0	0.36
14800	0.36	0.41	0.41	0	0	0.36
14900	0.36	0.41	0.41	0	0	0.36
15000	0.36	0.41	0.41	0	0	0.36
15100	0.37	0.42	0.42	0	0	0.37
15200	0.37	0.42	0.42	0	0	0.37
15300	0.36	0.42	0.42	0	0	0.36
15400	0.36	0.43	0.43	0	0	0.36
15500	0.36	0.43	0.43	0	0	0.36
15600	0.36	0.43	0.43	0	0	0.36
15700	0.35	0.43	0.43	0	0	0.35
15800	0.35	0.42	0.42	0	0	0.35
15900	0.35	0.42	0.42	0	0	0.35
16000	0.35	0.42	0.42	0	0	0.35
16100	0.35	0.43	0.43	0	0	0.35
16200	0.35	0.41	0.41	0	0	0.35
16300	0.36	0.41	0.41	0	0	0.36
16400	0.37	0.4	0.4	0	0	0.37
16500	0.37	0.41	0.41	0	0	0.37
16600	0.36	0.4	0.4	0	0	0.36
16700	0.36	0.4	0.4	0	0	0.36
16800	0.36	0.39	0.39	0	0	0.36
16900	0.36	0.39	0.39	0	0	0.36
17000	0.34	0.4	0.4	0	0	0.34
17100	0.34	0.4	0.4	0	0	0.34
17200	0.34	0.4	0.4	0	0	0.34
17300	0.34	0.4	0.4	0	0	0.34
17400	0.35	0.41	0.41	0	0	0.35
17500	0.37	0.4	0.4	0	0	0.37
17600	0.37	0.4	0.4	0	0	0.37
17700	0.36	0.4	0.4	0	0	0.36
17800	0.37	0.39	0.39	0	0	0.37
17900	0.37	0.39	0.39	0	0	0.37
18000	0.37	0.39	0.39	0	0	0.37
18100	0.37	0.39	0.39	0	0	0.37
18200	0.37	0.4	0.4	0	0	0.37
18300	0.38	0.4	0.4	0	0	0.38
18400	0.39	0.41	0.41	0	0	0.39
18500	0.39	0.41	0.41	0	0	0.39
18600	0.39	0.41	0.41	0	0	0.39
18700	0.39	0.41	0.41	0	0	0.39
18800	0.39	0.41	0.41	0	0	0.39
18900	0.39	0.41	0.41	0	0	0.39
19000	0.39	0.41	0.41	0	0	0.39
19100	0.39	0.41	0.41	0	0	0.39
19200	0.39	0.4	0.4	0	0	0.39
19300	0.39	0.4	0.4	0	0	0.39
19400	0.39	0.41	0.41	0	0	0.39
19500	0.39	0.41	0.41	0	0	0.39
19600	0.4	0.41	0.41	0	0	0.4
19700	0.4	0.4	0.4	0	0	0.4
19800	0.4	0.4	0.4	0	0	0.4
19900	0.4	0.4	0.4	0	0	0.4
20000	0.4	0.41	0.41	0	0	0.4
20100	0.4	0.41	0.41	0	0	0.4
20200	0.4	0.41	0.41	0	0	0.4
20300	0.41	0.41	0.41	0	0	0.41
20400	0.41	0.41	0.41	0	0	0.41
20500	0.41	0.41	0.41	0	0	0.41
20600	0.4	0.41	0.41	0	0	0.4
20700	0.4	0.41	0.41	0	0	0.4
20800	0.4	0.41	0.41	0	0	0.4
20900	0.4	0.41	0.41	0	0	0.4
21000	0.4	0.41	0.41	0	0	0.4
21100	0.4	0.41	0.41	0	0	0.4
21200	0.4	0.4	0.4	0	0	0.4
21300	0.4	0.4	0.4	0	0	0.4
21400	0.4	0.4	0.4	0	0	0.4
21500	0.4	0.4	0.4	0	0	0.4
21600	0.4	0.4	0.4	0	0	0.4
21700	0.4	0.39	0.39	0	0	0.4
21800	0.4	0.39	0.39	0	0	0.4
21900	0.4	0.39	0.39	0	0	0.4
22000	0.4	0.39	0.39	0	0	0.4
22100	0.39	0.39	0.39	0	0	0.39
22200	0.39	0.39	0.39	0	0	0.39
22300	0.4	0.39	0.39	0	0	0.4
22400	0.39	0.39	0.39	0	0	0.39
22500	0.4	0.39	0.39	0	0	0.4
22600	0.4	0.39	0.39	0	0	0.4
22700	0.4	0.4	0.4	0	0	0.4
22800	0.4	0.4	0.4	0	0	0.4
22900	0.4	0.41	0.41	0	0	0.4
23000	0.4	0.42	0.42	0	0	0.4
23100	0.41	0.43	0.43	0	0	0.41
23200	0.41	0.43	0.43	0	0	0.41
23300	0.41	0.44	0.44	0	0	0.41
23400	0.41	0.44	0.44	0	0	0.41
23500	0.41	0.45	0.45	0	0	0.41
23600	0.41	0.46	0.46	0	0	0.41
23700	0.41	0.46	0.46	0	0	0.41
23800	0.41	0.46	0.46	0	0	0.41
23900	0.41	0.46	0.46	0	0	0.41
24000	0.41	0.47	0.47	0	0	0.41
24100	0.41	0.47	0.47	0	0	0.41
24200	0.41	0.47	0.47	0	0	0.41
24300	0.41	0.46	0.46	0	0	0.41
24400	0.41	0.46	0.46	0	0	0.41
24500	0.41	0.45	0.45	0	0	0.41
24600	0.41	0.45	0.45	0	0	0.41
24700	0.41	0.45	0.45	0	0	0.41
24800	0.41	0.45	0.45	0	0	0.41
24900	0.41	0.45	0.45	0	0	0.41
25000	0.41	0.45	0.45	0	0	0.41
25100	0.41	0.46	0.46	0	0	0.41
25200	0.42	0.46	0.46	0	0	0.42
25300	0.42	0.46	0.46	0	0	0.42
25400	0.42	0.46	0.46	0	0	0.42
25500	0.42	0.46	0.46	0	0	0.42
25600	0.42	0.46	0.46	0	0	0.42
25700	0.41	0.46	0.46	0	0	0.41
25800	0.41	0.46	0.46	0	0	0.41
25900	0.41	0.46	0.46	0	0	0.41
26000	0.41	0.46	0.46	0	0	0.41
26100	0.41	0.46	0.46	0	0	0.41
26200	0.41	0.46	0.46	0	0	0.41
26300	0.41	0.46	0.46	0	0	0.41
26400	0.41	0.46	0.46	0	0	0.41
26500	0.41	0.45	0.45	0	0	0.41
26600	0.41	0.45	0.45	0	0	0.41
26700	0.41	0.45	0.45	0	0	0.41
26800	0.41	0.44	0.44	0	0	0.41
26900	0.42	0.44	0.44	0	0	0.42
27000	0.42	0.44	0.44	0	0	0.42
27100	0.41	0.44	0.44	0	0	0.41
27200	0.41	0.44	0.44	0	0	0.41
27300	0.41	0.45	0.45	0	0	0.41
27400	0.41	0.46	0.46	0	0	0.41
27500	0.41	0.46	0.46	0	0	0.41
27600	0.41	0.46	0.46	0	0	0.41
27700	0.41	0.46	0.46	0	0	0.41
27800	0.41	0.46	0.46	0	0	0.41
27900	0.41	0.46	0.46	0	0	0.41
28000	0.41	0.46	0.46	0	0	0.41
28100	0.41	0.46	0.46	0	0	0.41
28200	0.41	0.46	0.46	0	0	0.41
28300	0.41	0.46	0.46	0	0	0.41
28400	0.41	0.46	0.46	0	0	0.41
28500	0.41	0.46	0.46	0	0	0.41
28600	0.42	0.46	0.46	0	0	0.42
28700	0.43	0.46	0.46	0	0	0.43
28800	0.43	0.47	0.47	0	0	0.43
28900	0.43	0.47	0.47	0	0	0.43
29000	0.43	0.47	0.47	0	0	0.43
29100	0.43	0.46	0.46	0	0	0.43
29200	0.43	0.46	0.46	0	0	0.43
29300	0.43	0.46	0.46	0	0	0.43
29400	0.43	0.46	0.46	0	0	0.43
29500	0.43	0.46	0.46	0	0	0.43
29600	0.43	0.46	0.46	0	0	0.43
29700	0.43	0.46	0.46	0	0	0.43
29800	0.43	0.46	0.46	0	0	0.43
29900	0.43	0.46	0.46	0	0	0.43
30000	0.43	0.46	0.46	0	0	0.43
30100	0.43	0.46	0.46	0	0	0.43
30200	0.43	0.46	0.46	0	0	0.43
30300	0.43	0.45	0.45	0	0	0.43
30400	0.43	0.45	0.45	0	0	0.43
30500	0.43	0.43	0.43	0	0	0.43
30600	0.43	0.43	0.43	0	0	0.43
30700	0.43	0.43	0.43	0	0	0.43
30800	0.43	0.43	0.43	0	0	0.43
30900	0.43	0.43	0.43	0	0	0.43
31000	0.43	0.43	0.43	0	0	0.43
31100	0.43	0.43	0.43	0	0	0.43
31200	0.43	0.43	0.43	0	0	0.43
31300	0.44	0.43	0.43	0	0	0.44
31400	0.44	0.43	0.43	0	0	0.44
31500	0.44	0.43	0.43	0	0	0.44
31600	0.44	0.42	0.42	0	0	0.44
31700	0.44	0.42	0.42	0	0	0.44
31800	0.44	0.42	0.42	0	0	0.44
31900	0.44	0.42	0.42	0	0	0.44
32000	0.44	0.42	0.42	0	0	0.44
32100	0.44	0.42	0.42	0	0	0.44
32200	0.44	0.42	0.42	0	0	0.44
32300	0.44	0.43	0.43	0	0	0.44
32400	0.44	0.42	0.42	0	0	0.44
32500	0.44	0.41	0.41	0	0	0.44
32600	0.44	0.41	0.41	0	0	0.44
32700	0.44	0.41	0.41	0	0	0.44
32800	0.44	0.41	0.41	0	0	0.44
32900	0.44	0.41	0.41	0	0	0.44
33000	0.44	0.41	0.41	0	0	0.44
33100	0.44	0.41	0.41	0	0	0.44
33200	0.44	0.41	0.41	0	0	0.44
33300	0.45	0.41	0.41	0	0	0.45
33400	0.45	0.4	0.4	0	0	0.45
33500	0.45	0.4	0.4	0	0	0.45
33600	0.45	0.41	0.41	0	0	0.45
33700	0.45	0.42	0.42	0	0	0.45
33800	0.45	0.42	0.42	0	0	0.45
33900	0.45	0.42	0.42	0	0	0.45
34000	0.45	0.42	0.42	0	0	0.45
34100	0.46	0.42	0.42	0	0	0.46
34200	0.46	0.42	0.42	0	0	0.46
34300	0.46	0.43	0.43	0	0	0.46
34400	0.46	0.43	0.43	0	0	0.46
34500	0.46	0.43	0.43	0	0	0.46
34600	0.46	0.43	0.43	0	0	0.46
34700	0.46	0.43	0.43	0	0	0.46
34800	0.46	0.43	0.43	0	0	0.46
34900	0.46	0.43	0.43	0	0	0.46
35000	0.46	0.43	0.43	0	0	0.46
35100	0.46	0.43	0.43	0	0	0.46
35200	0.46	0.43	0.43	0	0	0.46
35300	0.46	0.43	0.43	0	0	0.46
35400	0.46	0.43	0.43	0	0	0.46
35500	0.46	0.44	0.44	0	0	0.46
35600	0.46	0.44	0.44	0	0	0.46
35700	0.45	0.44	0.44	0	0	0.45
35800	0.45	0.44	0.44	0	0	0.45
35900	0.45	0.45	0.45	0	0	0.45
36000	0.45	0.45	0.45	0	0	0.45
36100	0.45	0.45	0.45	0	0	0.45
36200	0.45	0.45	0.45	0	0	0.45
36300	0.45	0.45	0.45	0	0	0.45
36400	0.45	0.45	0.45	0	0	0.45
36500	0.45	0.45	0.45	0	0	0.45
36600	0.45	0.45	0.45	0	0	0.45
36700	0.45	0.45	0.45	0	0	0.45
36800	0.45	0.45	0.45	0	0	0.45
36900	0.45	0.45	0.45	0	0	0.45
37000	0.45	0.46	0.46	0	0	0.45
37100	0.45	0.46	0.46	0	0	0.45
37200	0.45	0.45	0.45	0	0	0.45
37300	0.45	0.44	0.44	0	0	0.45
37400	0.45	0.44	0.44	0	0	0.45
37500	0.45	0.44	0.44	0	0	0.45
37600	0.45	0.43	0.43	0	0	0.45
37700	0.45	0.43	0.43	0	0	0.45
37800	0.44	0.43	0.43	0	0	0.44
37900	0.44	0.43	0.43	0	0	0.44
38000	0.44	0.43	0.43	0	0	0.44
38100	0.44	0.43	0.43	0	0	0.44
38200	0.44	0.43	0.43	0	0	0.44
38300	0.44	0.43	0.43	0	0	0.44
38400	0.43	0.43	0.43	0	0	0.43
38500	0.43	0.43	0.43	0	0	0.43
38600	0.43	0.43	0.43	0	0	0.43
38700	0.43	0.43	0.43	0	0	0.43
38800	0.42	0.44	0.44	0	0	0.42
38900	0.42	0.44	0.44	0	0	0.42
39000	0.42	0.44	0.44	0	0	0.42
39100	0.42	0.44	0.44	0	0	0.42
39200	0.42	0.44	0.44	0	0	0.42
39300	0.42	0.45	0.45	0	0	0.42
39400	0.42	0.45	0.45	0	0	0.42
39500	0.42	0.45	0.45	0	0	0.42
39600	0.43	0.45	0.45	0	0	0.43
39700	0.42	0.45	0.45	0	0	0.42
39800	0.42	0.45	0.45	0	0	0.42
39900	0.42	0.46	0.46	0	0	0.42
40000	0.42	0.46	0.46	0	0	0.42
40100	0.42	0.46	0.46	0	0	0.42
40200	0.42	0.46	0.46	0	0	0.42
40300	0.42	0.46	0.46	0	0	0.42
40400	0.42	0.46	0.46	0	0	0.42
40500	0.42	0.46	0.46	0	0	0.42
40600	0.42	0.46	0.46	0	0	0.42
40700	0.41	0.46	0.46	0	0	0.41
40800	0.42	0.46	0.46	0	0	0.42
40900	0.42	0.46	0.46	0	0	0.42
41000	0.42	0.46	0.46	0	0	0.42
41100	0.42	0.46	0.46	0	0	0.42
41200	0.42	0.46	0.46	0	0	0.42
41300	0.42	0.46	0.46	0	0	0.42
41400	0.42	0.46	0.46	0	0	0.42
41500	0.42	0.46	0.46	0	0	0.42
41600	0.42	0.46	0.46	0	0	0.42
41700	0.43	0.46	0.46	0	0	0.43
41800	0.43	0.46	0.46	0	0	0.43
41900	0.42	0.46	0.46	0	0	0.42
42000	0.42	0.46	0.46	0	0	0.42
42100	0.42	0.46	0.46	0	0	0.42
42200	0.42	0.46	0.46	0	0	0.42
42300	0.42	0.46	0.46	0	0	0.42
42400	0.42	0.46	0.46	0	0	0.42
42500	0.42	0.46	0.46	0	0	0.42
42600	0.42	0.46	0.46	0	0	0.42
42700	0.42	0.47	0.47	0	0	0.42
42800	0.42	0.47	0.47	0	0	0.42
42900	0.42	0.47	0.47	0	0	0.42
43000	0.42	0.47	0.47	0	0	0.42
43100	0.42	0.47	0.47	0	0	0.42
43200	0.42	0.47	0.47	0	0	0.42
43300	0.42	0.47	0.47	0	0	0.42
43400	0.42	0.47	0.47	0	0	0.42
43500	0.42	0.47	0.47	0	0	0.42
43600	0.42	0.47	0.47	0	0	0.42
43700	0.41	0.47	0.47	0	0	0.41
43800	0.41	0.47	0.47	0	0	0.41
43900	0.41	0.47	0.47	0	0	0.41
44000	0.41	0.49	0.49	0	0	0.41
44100	0.41	0.5	0.5	0	0	0.41
44200	0.41	0.5	0.5	0	0	0.41
44300	0.41	0.51	0.51	0	0	0.41
44400	0.41	0.51	0.51	0	0	0.41
44500	0.41	0.51	0.51	0	0	0.41
44600	0.41	0.51	0.51	0	0	0.41
44700	0.42	0.51	0.51	0	0	0.42
44800	0.42	0.51	0.51	0	0	0.42
44900	0.42	0.51	0.51	0	0	0.42
45000	0.42	0.51	0.51	0	0	0.42
45100	0.42	0.51	0.51	0	0	0.42
45200	0.42	0.51	0.51	0	0	0.42
45300	0.42	0.51	0.51	0	0	0.42
45400	0.42	0.51	0.51	0	0	0.42
45500	0.42	0.51	0.51	0	0	0.42
45600	0.42	0.51	0.51	0	0	0.42
45700	0.42	0.51	0.51	0	0	0.42
45800	0.42	0.51	0.51	0	0	0.42
45900	0.42	0.51	0.51	0	0	0.42
46000	0.42	0.51	0.51	0	0	0.42
46100	0.42	0.51	0.51	0	0	0.42
46200	0.42	0.51	0.51	0	0	0.42
46300	0.43	0.51	0.51	0	0	0.43
46400	0.43	0.51	0.51	0	0	0.43
46500	0.43	0.51	0.51	0	0	0.43
46600	0.43	0.51	0.51	0	0	0.43
46700	0.43	0.5	0.5	0	0	0.43
46800	0.43	0.51	0.51	0	0	0.43
46900	0.43	0.51	0.51	0	0	0.43
47000	0.43	0.51	0.51	0	0	0.43
47100	0.42	0.51	0.51	0	0	0.42
47200	0.42	0.51	0.51	0	0	0.42
47300	0.42	0.51	0.51	0	0	0.42
47400	0.42	0.51	0.51	0	0	0.42
47500	0.43	0.51	0.51	0	0	0.43
47600	0.42	0.51	0.51	0	0	0.42
47700	0.42	0.51	0.51	0	0	0.42
47800	0.42	0.51	0.51	0	0	0.42
47900	0.42	0.51	0.51	0	0	0.42
48000	0.42	0.51	0.51	0	0	0.42
48100	0.41	0.51	0.51	0	0	0.41
48200	0.41	0.51	0.51	0	0	0.41
48300	0.41	0.51	0.51	0	0	0.41
48400	0.41	0.51	0.51	0	0	0.41
48500	0.41	0.51	0.51	0	0	0.41
48600	0.41	0.51	0.51	0	0	0.41
48700	0.41	0.51	0.51	0	0	0.41
48800	0.41	0.51	0.51	0	0	0.41
48900	0.41	0.52	0.52	0	0	0.41
49000	0.41	0.52	0.52	0	0	0.41
49100	0.41	0.51	0.51	0	0	0.41
49200	0.41	0.51	0.51	0	0	0.41
49300	0.41	0.51	0.51	0	0	0.41
49400	0.41	0.5	0.5	0	0	0.41
49500	0.41	0.5	0.5	0	0	0.41
49600	0.41	0.5	0.5	0	0	0.41
49700	0.41	0.5	0.5	0	0	0.41
49800	0.41	0.5	0.5	0	0	0.41
49900	0.41	0.5	0.5	0	0	0.41
50000	0.41	0.5	0.5	0	0	0.41
50100	0.41	0.5	0.5	0	0	0.41
50200	0.41	0.51	0.51	0	0	0.41
50300	0.41	0.51	0.51	0	0	0.41
50400	0.41	0.51	0.51	0	0	0.41
50500	0.41	0.51	0.51	0	0	0.41
50600	0.42	0.51	0.51	0	0	0.42
50700	0.42	0.51	0.51	0	0	0.42
50800	0.42	0.51	0.51	0	0	0.42
50900	0.42	0.51	0.51	0	0	0.42
51000	0.42	0.51	0.51	0	0	0.42
51100	0.42	0.51	0.51	0	0	0.42
51200	0.42	0.5	0.5	0	0	0.42
51300	0.42	0.5	0.5	0	0	0.42
51400	0.42	0.5	0.5	0	0	0.42
51500	0.42	0.51	0.51	0	0	0.42
51600	0.42	0.51	0.51	0	0	0.42
51700	0.42	0.51	0.51	0	0	0.42
51800	0.42	0.51	0.51	0	0	0.42
51900	0.42	0.51	0.51	0	0	0.42
52000	0.42	0.5	0.5	0	0	0.42
52100	0.42	0.5	0.5	0	0	0.42
52200	0.42	0.5	0.5	0	0	0.42
52300	0.42	0.5	0.5	0	0	0.42
52400	0.42	0.5	0.5	0	0	0.42
52500	0.42	0.5	0.5	0	0	0.42
52600	0.42	0.51	0.51	0	0	0.42
52700	0.42	0.51	0.51	0	0	0.42
52800	0.42	0.51	0.51	0	0	0.42
52900	0.42	0.51	0.51	0	0	0.42
53000	0.42	0.51	0.51	0	0	0.42
53100	0.42	0.51	0.51	0	0	0.42
53200	0.41	0.5	0.5	0	0	0.41
53300	0.41	0.5	0.5	0	0	0.41
53400	0.41	0.5	0.5	0	0	0.41
53500	0.41	0.51	0.51	0	0	0.41
53600	0.41	0.51	0.51	0	0	0.41
53700	0.41	0.51	0.51	0	0	0.41
53800	0.41	0.51	0.51	0	0	0.41
53900	0.41	0.51	0.51	0	0	0.41
54000	0.41	0.51	0.51	0	0	0.41
54100	0.41	0.51	0.51	0	0	0.41
54200	0.41	0.51	0.51	0	0	0.41
54300	0.41	0.51	0.51	0	0	0.41
54400	0.41	0.51	0.51	0	0	0.41
54500	0.41	0.51	0.51	0	0	0.41
54600	0.4	0.51	0.51	0	0	0.4
54700	0.4	0.51	0.51	0	0	0.4
54800	0.41	0.51	0.51	0	0	0.41
54900	0.41	0.51	0.51	0	0	0.41
55000	0.41	0.52	0.52	0	0	0.41
55100	0.41	0.52	0.52	0	0	0.41
55200	0.41	0.52	0.52	0	0	0.41
55300	0.41	0.52	0.52	0	0	0.41
55400	0.41	0.52	0.52	0	0	0.41
55500	0.41	0.52	0.52	0	0	0.41
55600	0.41	0.52	0.52	0	0	0.41
55700	0.41	0.52	0.52	0	0	0.41
55800	0.41	0.52	0.52	0	0	0.41
55900	0.41	0.52	0.52	0	0	0.41
56000	0.4	0.52	0.52	0	0	0.4
56100	0.4	0.52	0.52	0	0	0.4
56200	0.4	0.52	0.52	0	0	0.4
56300	0.4	0.51	0.51	0	0	0.4
56400	0.39	0.51	0.51	0	0	0.39
56500	0.38	0.51	0.51	0	0	0.38
56600	0.38	0.51	0.51	0	0	0.38
56700	0.38	0.5	0.5	0	0	0.38
56800	0.38	0.5	0.5	0	0	0.38
56900	0.38	0.5	0.5	0	0	0.38
57000	0.38	0.51	0.51	0	0	0.38
57100	0.38	0.51	0.51	0	0	0.38
57200	0.38	0.51	0.51	0	0	0.38
57300	0.37	0.51	0.51	0	0	0.37
57400	0.37	0.51	0.51	0	0	0.37
57500	0.36	0.51	0.51	0	0	0.36
57600	0.36	0.51	0.51	0	0	0.36
57700	0.36	0.5	0.5	0	0	0.36
57800	0.36	0.5	0.5	0	0	0.36
57900	0.36	0.5	0.5	0	0	0.36
58000	0.36	0.5	0.5	0	0	0.36
58100	0.36	0.5	0.5	0	0	0.36
58200	0.36	0.51	0.51	0	0	0.36
58300	0.35	0.51	0.51	0	0	0.35
58400	0.35	0.51	0.51	0	0	0.35
58500	0.35	0.51	0.51	0	0	0.35
58600	0.35	0.51	0.51	0	0	0.35
58700	0.35	0.51	0.51	0	0	0.35
58800	0.35	0.51	0.51	0	0	0.35
58900	0.35	0.51	0.51	0	0	0.35
59000	0.35	0.51	0.51	0	0	0.35
59100	0.35	0.51	0.51	0	0	0.35
59200	0.35	0.51	0.51	0	0	0.35
59300	0.34	0.51	0.51	0	0	0.34
59400	0.34	0.51	0.51	0	0	0.34
59500	0.34	0.51	0.51	0	0	0.34
59600	0.34	0.52	0.52	0	0	0.34
59700	0.34	0.52	0.52	0	0	0.34
59800	0.34	0.52	0.52	0	0	0.34
59900	0.34	0.52	0.52	0	0	0.34
60000	0.34	0.52	0.52	0	0	0.34
60100	0.34	0.52	0.52	0	0	0.34
60200	0.34	0.52	0.52	0	0	0.34
60300	0.34	0.52	0.52	0	0	0.34
60400	0.34	0.53	0.53	0	0	0.34
60500	0.34	0.52	0.52	0	0	0.34
60600	0.34	0.52	0.52	0	0	0.34
60700	0.34	0.52	0.52	0	0	0.34
60800	0.35	0.52	0.52	0	0	0.35
60900	0.35	0.52	0.52	0	0	0.35
61000	0.35	0.52	0.52	0	0	0.35
61100	0.35	0.52	0.52	0	0	0.35
61200	0.35	0.51	0.51	0	0	0.35
61300	0.35	0.51	0.51	0	0	0.35
61400	0.35	0.51	0.51	0	0	0.35
61500	0.35	0.51	0.51	0	0	0.35
61600	0.35	0.51	0.51	0	0	0.35
61700	0.35	0.51	0.51	0	0	0.35
61800	0.35	0.51	0.51	0	0	0.35
61900	0.35	0.51	0.51	0	0	0.35
62000	0.35	0.51	0.51	0	0	0.35
62100	0.35	0.51	0.51	0	0	0.35
62200	0.35	0.52	0.52	0	0	0.35
62300	0.35	0.52	0.52	0	0	0.35
62400	0.34	0.52	0.52	0	0	0.34
62500	0.34	0.52	0.52	0	0	0.34
62600	0.34	0.52	0.52	0	0	0.34
62700	0.34	0.52	0.52	0	0	0.34
62800	0.34	0.52	0.52	0	0	0.34
62900	0.34	0.52	0.52	0	0	0.34
63000	0.34	0.52	0.52	0	0	0.34
63100	0.34	0.52	0.52	0	0	0.34
63200	0.34	0.52	0.52	0	0	0.34
63300	0.34	0.52	0.52	0	0	0.34
63400	0.35	0.52	0.52	0	0	0.35
63500	0.35	0.52	0.52	0	0	0.35
63600	0.35	0.52	0.52	0	0	0.35
63700	0.35	0.52	0.52	0	0	0.35
63800	0.35	0.52	0.52	0	0	0.35
63900	0.35	0.52	0.52	0	0	0.35
64000	0.35	0.53	0.53	0	0	0.35
64100	0.35	0.53	0.53	0	0	0.35
64200	0.35	0.53	0.53	0	0	0.35
64300	0.35	0.53	0.53	0	0	0.35
64400	0.36	0.53	0.53	0	0	0.36
64500	0.35	0.53	0.53	0	0	0.35
64600	0.35	0.53	0.53	0	0	0.35
64700	0.35	0.53	0.53	0	0	0.35
64800	0.35	0.53	0.53	0	0	0.35
64900	0.37	0.53	0.53	0	0	0.37
65000	0.37	0.54	0.54	0	0	0.37
65100	0.37	0.54	0.54	0	0	0.37
65200	0.37	0.54	0.54	0	0	0.37
65300	0.37	0.54	0.54	0	0	0.37
65400	0.37	0.54	0.54	0	0	0.37
65500	0.38	0.54	0.54	0	0	0.38
65600	0.38	0.54	0.54	0	0	0.38
65700	0.38	0.54	0.54	0	0	0.38
65800	0.38	0.55	0.55	0	0	0.38
65900	0.38	0.54	0.54	0	0	0.38
66000	0.38	0.53	0.53	0	0	0.38
66100	0.38	0.53	0.53	0	0	0.38
66200	0.38	0.54	0.54	0	0	0.38
66300	0.38	0.55	0.55	0	0	0.38
66400	0.38	0.55	0.55	0	0	0.38
66500	0.38	0.55	0.55	0	0	0.38
66600	0.38	0.56	0.56	0	0	0.38
66700	0.38	0.56	0.56	0	0	0.38
66800	0.38	0.56	0.56	0	0	0.38
66900	0.38	0.56	0.56	0	0	0.38
67000	0.38	0.57	0.57	0	0	0.38
67100	0.38	0.57	0.57	0	0	0.38
67200	0.38	0.57	0.57	0	0	0.38
67300	0.38	0.57	0.57	0	0	0.38
67400	0.38	0.57	0.57	0	0	0.38
67500	0.38	0.57	0.57	0	0	0.38
67600	0.38	0.57	0.57	0	0	0.38
67700	0.38	0.57	0.57	0	0	0.38
67800	0.37	0.57	0.57	0	0	0.37
67900	0.37	0.57	0.57	0	0	0.37
68000	0.37	0.57	0.57	0	0	0.37
68100	0.37	0.57	0.57	0	0	0.37
68200	0.37	0.57	0.57	0	0	0.37
68300	0.37	0.57	0.57	0	0	0.37
68400	0.37	0.57	0.57	0	0	0.37
68500	0.37	0.57	0.57	0	0	0.37
68600	0.37	0.57	0.57	0	0	0.37
68700	0.37	0.57	0.57	0	0	0.37
68800	0.37	0.57	0.57	0	0	0.37
68900	0.37	0.58	0.58	0	0	0.37
69000	0.37	0.58	0.58	0	0	0.37
69100	0.37	0.58	0.58	0	0	0.37
69200	0.37	0.58	0.58	0	0	0.37
69300	0.37	0.58	0.58	0	0	0.37
69400	0.37	0.58	0.58	0	0	0.37
69500	0.37	0.57	0.57	0	0	0.37
69600	0.37	0.57	0.57	0	0	0.37
69700	0.37	0.57	0.57	0	0	0.37
69800	0.37	0.57	0.57	0	0	0.37
69900	0.37	0.57	0.57	0	0	0.37
70000	0.37	0.56	0.56	0	0	0.37
70100	0.37	0.54	0.54	0	0	0.37
70200	0.37	0.54	0.54	0	0	0.37
70300	0.37	0.54	0.54	0	0	0.37
70400	0.37	0.54	0.54	0	0	0.37
70500	0.37	0.54	0.54	0	0	0.37
70600	0.37	0.54	0.54	0	0	0.37
70700	0.37	0.53	0.53	0	0	0.37
70800	0.37	0.53	0.53	0	0	0.37
70900	0.37	0.53	0.53	0	0	0.37
71000	0.37	0.53	0.53	0	0	0.37
71100	0.37	0.53	0.53	0	0	0.37
71200	0.37	0.53	0.53	0	0	0.37
71300	0.37	0.53	0.53	0	0	0.37
71400	0.37	0.53	0.53	0	0	0.37
71500	0.37	0.53	0.53	0	0	0.37
71600	0.37	0.53	0.53	0	0	0.37
71700	0.37	0.53	0.53	0	0	0.37
71800	0.37	0.53	0.53	0	0	0.37
71900	0.37	0.53	0.53	0	0	0.37
72000	0.37	0.53	0.53	0	0	0.37
72100	0.37	0.53	0.53	0	0	0.37
72200	0.38	0.54	0.54	0	0	0.38
72300	0.38	0.54	0.54	0	0	0.38
72400	0.38	0.54	0.54	0	0	0.38
72500	0.38	0.52	0.52	0	0	0.38
72600	0.38	0.52	0.52	0	0	0.38
72700	0.38	0.52	0.52	0	0	0.38
72800	0.38	0.52	0.52	0	0	0.38
72900	0.38	0.52	0.52	0	0	0.38
73000	0.38	0.52	0.52	0	0	0.38
73100	0.38	0.52	0.52	0	0	0.38
73200	0.38	0.52	0.52	0	0	0.38
73300	0.38	0.53	0.53	0	0	0.38
73400	0.38	0.53	0.53	0	0	0.38
73500	0.38	0.53	0.53	0	0	0.38
73600	0.38	0.53	0.53	0	0	0.38
73700	0.37	0.53	0.53	0	0	0.37
73800	0.37	0.54	0.54	0	0	0.37
73900	0.37	0.53	0.53	0	0	0.37
74000	0.37	0.54	0.54	0	0	0.37
74100	0.37	0.54	0.54	0	0	0.37
74200	0.37	0.54	0.54	0	0	0.37
74300	0.37	0.54	0.54	0	0	0.37
74400	0.37	0.54	0.54	0	0	0.37
74500	0.37	0.54	0.54	0	0	0.37
74600	0.37	0.54	0.54	0	0	0.37
74700	0.37	0.54	0.54	0	0	0.37
74800	0.37	0.54	0.54	0	0	0.37
74900	0.37	0.54	0.54	0	0	0.37
75000	0.37	0.54	0.54	0	0	0.37
75100	0.38	0.54	0.54	0	0	0.38
75200	0.38	0.54	0.54	0	0	0.38
75300	0.39	0.54	0.54	0	0	0.39
75400	0.39	0.53	0.53	0	0	0.39
75500	0.39	0.53	0.53	0	0	0.39
75600	0.39	0.53	0.53	0	0	0.39
75700	0.4	0.53	0.53	0	0	0.4
75800	0.4	0.53	0.53	0	0	0.4
75900	0.4	0.53	0.53	0	0	0.4
76000	0.4	0.53	0.53	0	0	0.4
76100	0.4	0.52	0.52	0	0	0.4
76200	0.4	0.52	0.52	0	0	0.4
76300	0.4	0.52	0.52	0	0	0.4
76400	0.4	0.52	0.52	0	0	0.4
76500	0.4	0.52	0.52	0	0	0.4
76600	0.4	0.52	0.52	0	0	0.4
76700	0.4	0.5	0.5	0	0	0.4
76800	0.4	0.5	0.5	0	0	0.4
76900	0.4	0.5	0.5	0	0	0.4
77000	0.4	0.5	0.5	0	0	0.4
77100	0.4	0.5	0.5	0	0	0.4
77200	0.4	0.5	0.5	0	0	0.4
77300	0.4	0.5	0.5	0	0	0.4
77400	0.4	0.5	0.5	0	0	0.4
77500	0.4	0.5	0.5	0	0	0.4
77600	0.4	0.5	0.5	0	0	0.4
77700	0.4	0.5	0.5	0	0	0.4
77800	0.4	0.5	0.5	0	0	0.4
77900	0.4	0.51	0.51	0	0	0.4
78000	0.4	0.51	0.51	0	0	0.4
78100	0.4	0.52	0.52	0	0	0.4
78200	0.4	0.52	0.52	0	0	0.4
78300	0.4	0.52	0.52	0	0	0.4
78400	0.4	0.52	0.52	0	0	0.4
78500	0.4	0.52	0.52	0	0	0.4
78600	0.4	0.52	0.52	0	0	0.4
78700	0.4	0.52	0.52	0	0	0.4
78800	0.4	0.52	0.52	0	0	0.4
78900	0.4	0.52	0.52	0	0	0.4
79000	0.4	0.52	0.52	0	0	0.4
79100	0.4	0.52	0.52	0	0	0.4
79200	0.4	0.51	0.51	0	0	0.4
79300	0.4	0.51	0.51	0	0	0.4
79400	0.4	0.51	0.51	0	0	0.4
79500	0.4	0.51	0.51	0	0	0.4
79600	0.4	0.51	0.51	0	0	0.4
79700	0.4	0.51	0.51	0	0	0.4
79800	0.4	0.51	0.51	0	0	0.4
79900	0.4	0.51	0.51	0	0	0.4
80000	0.4	0.51	0.51	0	0	0.4
80100	0.4	0.51	0.51	0	0	0.4
80200	0.4	0.51	0.51	0	0	0.4
80300	0.4	0.51	0.51	0	0	0.4
80400	0.4	0.51	0.51	0	0	0.4
80500	0.4	0.51	0.51	0	0	0.4
80600	0.4	0.51	0.51	0	0	0.4
80700	0.4	0.51	0.51	0	0	0.4
80800	0.4	0.51	0.51	0	0	0.4
80900	0.4	0.51	0.51	0	0	0.4
81000	0.41	0.51	0.51	0	0	0.41
81100	0.41	0.51	0.51	0	0	0.41
81200	0.41	0.51	0.51	0	0	0.41
81300	0.41	0.51	0.51	0	0	0.41
81400	0.41	0.51	0.51	0	0	0.41
81500	0.41	0.51	0.51	0	0	0.41
81600	0.41	0.51	0.51	0	0	0.41
81700	0.41	0.5	0.5	0	0	0.41
81800	0.41	0.5	0.5	0	0	0.41
81900	0.4	0.5	0.5	0	0	0.4
82000	0.4	0.51	0.51	0	0	0.4
82100	0.4	0.51	0.51	0	0	0.4
82200	0.4	0.51	0.51	0	0	0.4
82300	0.4	0.51	0.51	0	0	0.4
82400	0.4	0.51	0.51	0	0	0.4
82500	0.4	0.51	0.51	0	0	0.4
82600	0.4	0.51	0.51	0	0	0.4
82700	0.4	0.51	0.51	0	0	0.4
82800	0.4	0.51	0.51	0	0	0.4
82900	0.4	0.51	0.51	0	0	0.4
83000	0.4	0.51	0.51	0	0	0.4
83100	0.4	0.51	0.51	0	0	0.4
83200	0.41	0.51	0.51	0	0	0.41
83300	0.4	0.51	0.51	0	0	0.4
83400	0.4	0.51	0.51	0	0	0.4
83500	0.4	0.52	0.52	0	0	0.4
83600	0.4	0.52	0.52	0	0	0.4
83700	0.4	0.52	0.52	0	0	0.4
83800	0.4	0.52	0.52	0	0	0.4
83900	0.4	0.52	0.52	0	0	0.4
84000	0.4	0.52	0.52	0	0	0.4
84100	0.4	0.52	0.52	0	0	0.4
84200	0.4	0.52	0.52	0	0	0.4
84300	0.4	0.52	0.52	0	0	0.4
84400	0.4	0.52	0.52	0	0	0.4
84500	0.4	0.52	0.52	0	0	0.4
84600	0.4	0.52	0.52	0	0	0.4
84700	0.4	0.52	0.52	0	0	0.4
84800	0.4	0.52	0.52	0	0	0.4
84900	0.4	0.52	0.52	0	0	0.4
85000	0.4	0.52	0.52	0	0	0.4
85100	0.41	0.52	0.52	0	0	0.41
85200	0.4	0.52	0.52	0	0	0.4
85300	0.4	0.52	0.52	0	0	0.4
85400	0.4	0.52	0.52	0	0	0.4
85500	0.4	0.52	0.52	0	0	0.4
85600	0.4	0.53	0.53	0	0	0.4
85700	0.4	0.53	0.53	0	0	0.4
85800	0.4	0.53	0.53	0	0	0.4
85900	0.4	0.53	0.53	0	0	0.4
86000	0.4	0.53	0.53	0	0	0.4
86100	0.4	0.53	0.53	0	0	0.4
86200	0.4	0.53	0.53	0	0	0.4
86300	0.4	0.53	0.53	0	0	0.4
86400	0.4	0.53	0.53	0	0	0.4
86500	0.4	0.53	0.53	0	0	0.4
86600	0.4	0.53	0.53	0	0	0.4
86700	0.4	0.54	0.54	0	0	0.4
86800	0.4	0.54	0.54	0	0	0.4
86900	0.4	0.54	0.54	0	0	0.4
87000	0.4	0.54	0.54	0	0	0.4
87100	0.4	0.54	0.54	0	0	0.4
87200	0.4	0.54	0.54	0	0	0.4
87300	0.4	0.53	0.53	0	0	0.4
87400	0.4	0.53	0.53	0	0	0.4
87500	0.4	0.53	0.53	0	0	0.4
87600	0.4	0.53	0.53	0	0	0.4
87700	0.4	0.53	0.53	0	0	0.4
87800	0.4	0.53	0.53	0	0	0.4
87900	0.4	0.53	0.53	0	0	0.4
88000	0.4	0.53	0.53	0	0	0.4
88100	0.4	0.53	0.53	0	0	0.4
88200	0.4	0.53	0.53	0	0	0.4
88300	0.4	0.53	0.53	0	0	0.4
88400	0.4	0.53	0.53	0	0	0.4
88500	0.4	0.53	0.53	0	0	0.4
88600	0.4	0.53	0.53	0	0	0.4
88700	0.4	0.53	0.53	0	0	0.4
88800	0.4	0.53	0.53	0	0	0.4
88900	0.4	0.53	0.53	0	0	0.4
89000	0.39	0.53	0.53	0	0	0.39
89100	0.39	0.53	0.53	0	0	0.39
89200	0.39	0.53	0.53	0	0	0.39
89300	0.39	0.53	0.53	0	0	0.39
89400	0.39	0.53	0.53	0	0	0.39
89500	0.39	0.53	0.53	0	0	0.39
89600	0.39	0.53	0.53	0	0	0.39
89700	0.39	0.53	0.53	0	0	0.39
89800	0.39	0.53	0.53	0	0	0.39
89900	0.39	0.53	0.53	0	0	0.39
90000	0.39	0.53	0.53	0	0	0.39
90100	0.39	0.53	0.53	0	0	0.39
90200	0.39	0.53	0.53	0	0	0.39
90300	0.39	0.53	0.53	0	0	0.39
90400	0.39	0.52	0.52	0	0	0.39
90500	0.39	0.52	0.52	0	0	0.39
90600	0.39	0.52	0.52	0	0	0.39
90700	0.39	0.52	0.52	0	0	0.39
90800	0.39	0.51	0.51	0	0	0.39
90900	0.39	0.51	0.51	0	0	0.39
91000	0.39	0.51	0.51	0	0	0.39
91100	0.39	0.51	0.51	0	0	0.39
91200	0.4	0.51	0.51	0	0	0.4
91300	0.4	0.51	0.51	0	0	0.4
91400	0.4	0.51	0.51	0	0	0.4
91500	0.4	0.51	0.51	0	0	0.4
91600	0.4	0.51	0.51	0	0	0.4
91700	0.4	0.51	0.51	0	0	0.4
91800	0.4	0.51	0.51	0	0	0.4
91900	0.4	0.52	0.52	0	0	0.4
92000	0.4	0.52	0.52	0	0	0.4
92100	0.4	0.52	0.52	0	0	0.4
92200	0.4	0.52	0.52	0	0	0.4
92300	0.4	0.52	0.52	0	0	0.4
92400	0.4	0.52	0.52	0	0	0.4
92500	0.4	0.52	0.52	0	0	0.4
92600	0.4	0.52	0.52	0	0	0.4
92700	0.4	0.52	0.52	0	0	0.4
92800	0.4	0.51	0.51	0	0	0.4
92900	0.4	0.51	0.51	0	0	0.4
93000	0.41	0.5	0.5	0	0	0.41
93100	0.41	0.5	0.5	0	0	0.41
93200	0.41	0.5	0.5	0	0	0.41
93300	0.41	0.5	0.5	0	0	0.41
93400	0.41	0.5	0.5	0	0	0.41
93500	0.41	0.5	0.5	0	0	0.41
93600	0.41	0.5	0.5	0	0	0.41
93700	0.4	0.5	0.5	0	0	0.4
93800	0.4	0.5	0.5	0	0	0.4
93900	0.41	0.5	0.5	0	0	0.41
94000	0.41	0.51	0.51	0	0	0.41
94100	0.41	0.51	0.51	0	0	0.41
94200	0.41	0.52	0.52	0	0	0.41
94300	0.41	0.52	0.52	0	0	0.41
94400	0.41	0.52	0.52	0	0	0.41
94500	0.41	0.52	0.52	0	0	0.41
94600	0.41	0.52	0.52	0	0	0.41
94700	0.41	0.52	0.52	0	0	0.41
94800	0.41	0.52	0.52	0	0	0.41
94900	0.41	0.52	0.52	0	0	0.41
95000	0.41	0.52	0.52	0	0	0.41
95100	0.41	0.52	0.52	0	0	0.41
95200	0.41	0.52	0.52	0	0	0.41
95300	0.41	0.52	0.52	0	0	0.41
95400	0.41	0.52	0.52	0	0	0.41
95500	0.41	0.52	0.52	0	0	0.41
95600	0.41	0.52	0.52	0	0	0.41
95700	0.41	0.52	0.52	0	0	0.41
95800	0.41	0.52	0.52	0	0	0.41
95900	0.41	0.52	0.52	0	0	0.41
96000	0.41	0.52	0.52	0	0	0.41
96100	0.41	0.52	0.52	0	0	0.41
96200	0.41	0.52	0.52	0	0	0.41
96300	0.41	0.52	0.52	0	0	0.41
96400	0.41	0.52	0.52	0	0	0.41
96500	0.41	0.52	0.52	0	0	0.41
96600	0.41	0.52	0.52	0	0	0.41
96700	0.41	0.52	0.52	0	0	0.41
96800	0.41	0.52	0.52	0	0	0.41
96900	0.41	0.52	0.52	0	0	0.41
97000	0.41	0.52	0.52	0	0	0.41
97100	0.41	0.52	0.52	0	0	0.41
97200	0.41	0.52	0.52	0	0	0.41
97300	0.41	0.52	0.52	0	0	0.41
97400	0.41	0.52	0.52	0	0	0.41
97500	0.41	0.52	0.52	0	0	0.41
97600	0.41	0.52	0.52	0	0	0.41
97700	0.41	0.52	0.52	0	0	0.41
97800	0.41	0.53	0.53	0	0	0.41
97900	0.41	0.53	0.53	0	0	0.41
98000	0.41	0.53	0.53	0	0	0.41
98100	0.41	0.53	0.53	0	0	0.41
98200	0.41	0.53	0.53	0	0	0.41
98300	0.41	0.53	0.53	0	0	0.41
98400	0.41	0.53	0.53	0	0	0.41
98500	0.41	0.53	0.53	0	0	0.41
98600	0.41	0.53	0.53	0	0	0.41
98700	0.41	0.53	0.53	0	0	0.41
98800	0.41	0.53	0.53	0	0	0.41
98900	0.41	0.53	0.53	0	0	0.41
99000	0.41	0.53	0.53	0	0	0.41
99100	0.41	0.53	0.53	0	0	0.41
99200	0.41	0.52	0.52	0	0	0.41
99300	0.41	0.52	0.52	0	0	0.41
99400	0.41	0.52	0.52	0	0	0.41
99500	0.41	0.52	0.52	0	0	0.41
99600	0.41	0.52	0.52	0	0	0.41
99700	0.42	0.53	0.53	0	0	0.42
99800	0.42	0.53	0.53	0	0	0.42
99900	0.42	0.53	0.53	0	0	0.42
100000	0.42	0.53	0.53	0	0	0.42
