100	0.07	0.06	0.06	0	0	0.07
200	0.08	0.07	0.07	0	0	0.08
300	0.1	0.08	0.08	0	0	0.1
400	0.1	0.12	0.12	0	0	0.1
500	0.1	0.11	0.11	0	0	0.1
600	0.1	0.14	0.14	0	0	0.1
700	0.1	0.16	0.16	0	0	0.1
800	0.1	0.15	0.15	0	0	0.1
900	0.11	0.17	0.17	0	0	0.11
1000	0.11	0.18	0.18	0	0	0.11
1100	0.11	0.19	0.19	0	0	0.11
1200	0.13	0.2	0.2	0	0	0.13
1300	0.13	0.23	0.23	0	0	0.13
1400	0.14	0.23	0.23	0	0	0.14
1500	0.15	0.24	0.24	0	0	0.15
1600	0.15	0.24	0.24	0	0	0.15
1700	0.15	0.23	0.23	0	0	0.15
1800	0.16	0.24	0.24	0	0	0.16
1900	0.16	0.24	0.24	0	0	0.16
2000	0.16	0.26	0.26	0	0	0.16
2100	0.16	0.26	0.26	0	0	0.16
2200	0.17	0.26	0.26	0	0	0.17
2300	0.19	0.28	0.28	0	0	0.19
2400	0.19	0.32	0.32	0	0	0.19
2500	0.2	0.31	0.31	0	0	0.2
2600	0.21	0.31	0.31	0	0	0.21
2700	0.21	0.31	0.31	0	0	0.21
2800	0.22	0.31	0.31	0	0	0.22
2900	0.22	0.32	0.32	0	0	0.22
3000	0.22	0.33	0.33	0	0	0.22
3100	0.22	0.33	0.33	0	0	0.22
3200	0.22	0.33	0.33	0	0	0.22
3300	0.23	0.34	0.34	0	0	0.23
3400	0.24	0.34	0.34	0	0	0.24
3500	0.25	0.34	0.34	0	0	0.25
3600	0.25	0.34	0.34	0	0	0.25
3700	0.26	0.36	0.36	0	0	0.26
3800	0.26	0.37	0.37	0	0	0.26
3900	0.26	0.36	0.36	0	0	0.26
4000	0.26	0.36	0.36	0	0	0.26
4100	0.27	0.36	0.36	0	0	0.27
4200	0.27	0.36	0.36	0	0	0.27
4300	0.28	0.36	0.36	0	0	0.28
4400	0.28	0.35	0.35	0	0	0.28
4500	0.28	0.36	0.36	0	0	0.28
4600	0.29	0.37	0.37	0	0	0.29
4700	0.29	0.36	0.36	0	0	0.29
4800	0.29	0.37	0.37	0	0	0.29
4900	0.29	0.37	0.37	0	0	0.29
5000	0.28	0.37	0.37	0	0	0.28
5100	0.28	0.37	0.37	0	0	0.28
5200	0.29	0.36	0.36	0	0	0.29
5300	0.29	0.37	0.37	0	0	0.29
5400	0.29	0.38	0.38	0	0	0.29
5500	0.29	0.39	0.39	0	0	0.29
5600	0.3	0.39	0.39	0	0	0.3
5700	0.3	0.39	0.39	0	0	0.3
5800	0.3	0.4	0.4	0	0	0.3
5900	0.3	0.4	0.4	0	0	0.3
6000	0.31	0.39	0.39	0	0	0.31
6100	0.31	0.4	0.4	0	0	0.31
6200	0.31	0.4	0.4	0	0	0.31
6300	0.31	0.4	0.4	0	0	0.31
6400	0.31	0.4	0.4	0	0	0.31
6500	0.31	0.39	0.39	0	0	0.31
6600	0.3	0.4	0.4	0	0	0.3
6700	0.3	0.41	0.41	0	0	0.3
6800	0.31	0.42	0.42	0	0	0.31
6900	0.31	0.42	0.42	0	0	0.31
7000	0.32	0.4	0.4	0	0	0.32
7100	0.32	0.39	0.39	0	0	0.32
7200	0.32	0.39	0.39	0	0	0.32
7300	0.32	0.39	0.39	0	0	0.32
7400	0.32	0.39	0.39	0	0	0.32
7500	0.34	0.39	0.39	0	0	0.34
7600	0.33	0.38	0.38	0	0	0.33
7700	0.33	0.38	0.38	0	0	0.33
7800	0.33	0.4	0.4	0	0	0.33
7900	0.33	0.41	0.41	0	0	0.33
8000	0.33	0.41	0.41	0	0	0.33
8100	0.33	0.4	0.4	0	0	0.33
8200	0.33	0.4	0.4	0	0	0.33
8300	0.33	0.4	0.4	0	0	0.33
8400	0.33	0.41	0.41	0	0	0.33
8500	0.33	0.42	0.42	0	0	0.33
8600	0.34	0.43	0.43	0	0	0.34
8700	0.34	0.42	0.42	0	0	0.34
8800	0.34	0.42	0.42	0	0	0.34
8900	0.33	0.43	0.43	0	0	0.33
9000	0.33	0.43	0.43	0	0	0.33
9100	0.33	0.44	0.44	0	0	0.33
9200	0.33	0.44	0.44	0	0	0.33
9300	0.33	0.45	0.45	0	0	0.33
9400	0.33	0.46	0.46	0	0	0.33
9500	0.33	0.46	0.46	0	0	0.33
9600	0.33	0.44	0.44	0	0	0.33
9700	0.33	0.44	0.44	0	0	0.33
9800	0.33	0.46	0.46	0	0	0.33
9900	0.33	0.45	0.45	0	0	0.33
10000	0.33	0.45	0.45	0	0	0.33
10100	0.33	0.44	0.44	0	0	0.33
10200	0.33	0.45	0.45	0	0	0.33
10300	0.34	0.45	0.45	0	0	0.34
10400	0.34	0.45	0.45	0	0	0.34
10500	0.34	0.46	0.46	0	0	0.34
10600	0.34	0.47	0.47	0	0	0.34
10700	0.34	0.47	0.47	0	0	0.34
10800	0.34	0.46	0.46	0	0	0.34
10900	0.34	0.46	0.46	0	0	0.34
11000	0.34	0.45	0.45	0	0	0.34
11100	0.34	0.46	0.46	0	0	0.34
11200	0.34	0.45	0.45	0	0	0.34
11300	0.35	0.45	0.45	0	0	0.35
11400	0.35	0.45	0.45	0	0	0.35
11500	0.35	0.45	0.45	0	0	0.35
11600	0.37	0.45	0.45	0	0	0.37
11700	0.37	0.44	0.44	0	0	0.37
11800	0.37	0.43	0.43	0	0	0.37
11900	0.37	0.44	0.44	0	0	0.37
12000	0.39	0.44	0.44	0	0	0.39
12100	0.39	0.45	0.45	0	0	0.39
12200	0.38	0.45	0.45	0	0	0.38
12300	0.38	0.45	0.45	0	0	0.38
12400	0.38	0.44	0.44	0	0	0.38
12500	0.38	0.45	0.45	0	0	0.38
12600	0.38	0.45	0.45	0	0	0.38
12700	0.38	0.45	0.45	0	0	0.38
12800	0.37	0.45	0.45	0	0	0.37
12900	0.38	0.45	0.45	0	0	0.38
13000	0.38	0.46	0.46	0	0	0.38
13100	0.38	0.47	0.47	0	0	0.38
13200	0.38	0.47	0.47	0	0	0.38
13300	0.38	0.47	0.47	0	0	0.38
13400	0.38	0.47	0.47	0	0	0.38
13500	0.38	0.47	0.47	0	0	0.38
13600	0.38	0.47	0.47	0	0	0.38
13700	0.38	0.47	0.47	0	0	0.38
13800	0.38	0.47	0.47	0	0	0.38
13900	0.38	0.47	0.47	0	0	0.38
14000	0.38	0.47	0.47	0	0	0.38
14100	0.38	0.47	0.47	0	0	0.38
14200	0.38	0.48	0.48	0	0	0.38
14300	0.38	0.48	0.48	0	0	0.38
14400	0.38	0.48	0.48	0	0	0.38
14500	0.37	0.48	0.48	0	0	0.37
14600	0.36	0.49	0.49	0	0	0.36
14700	0.36	0.49	0.49	0	0	0.36
14800	0.36	0.49	0.49	0	0	0.36
14900	0.36	0.46	0.46	0	0	0.36
15000	0.36	0.46	0.46	0	0	0.36
15100	0.36	0.46	0.46	0	0	0.36
15200	0.36	0.46	0.46	0	0	0.36
15300	0.36	0.46	0.46	0	0	0.36
15400	0.37	0.46	0.46	0	0	0.37
15500	0.37	0.46	0.46	0	0	0.37
15600	0.37	0.47	0.47	0	0	0.37
15700	0.38	0.47	0.47	0	0	0.38
15800	0.38	0.47	0.47	0	0	0.38
15900	0.38	0.47	0.47	0	0	0.38
16000	0.38	0.47	0.47	0	0	0.38
16100	0.38	0.48	0.48	0	0	0.38
16200	0.38	0.48	0.48	0	0	0.38
16300	0.39	0.48	0.48	0	0	0.39
16400	0.39	0.48	0.48	0	0	0.39
16500	0.39	0.48	0.48	0	0	0.39
16600	0.38	0.48	0.48	0	0	0.38
16700	0.39	0.48	0.48	0	0	0.39
16800	0.38	0.48	0.48	0	0	0.38
16900	0.37	0.48	0.48	0	0	0.37
17000	0.37	0.48	0.48	0	0	0.37
17100	0.36	0.48	0.48	0	0	0.36
17200	0.36	0.48	0.48	0	0	0.36
17300	0.36	0.48	0.48	0	0	0.36
17400	0.36	0.5	0.5	0	0	0.36
17500	0.37	0.5	0.5	0	0	0.37
17600	0.37	0.5	0.5	0	0	0.37
17700	0.37	0.5	0.5	0	0	0.37
17800	0.37	0.49	0.49	0	0	0.37
17900	0.36	0.49	0.49	0	0	0.36
18000	0.36	0.49	0.49	0	0	0.36
18100	0.35	0.49	0.49	0	0	0.35
18200	0.35	0.49	0.49	0	0	0.35
18300	0.35	0.49	0.49	0	0	0.35
18400	0.35	0.49	0.49	0	0	0.35
18500	0.34	0.49	0.49	0	0	0.34
18600	0.34	0.49	0.49	0	0	0.34
18700	0.34	0.49	0.49	0	0	0.34
18800	0.34	0.49	0.49	0	0	0.34
18900	0.34	0.49	0.49	0	0	0.34
19000	0.34	0.49	0.49	0	0	0.34
19100	0.34	0.48	0.48	0	0	0.34
19200	0.34	0.47	0.47	0	0	0.34
19300	0.34	0.47	0.47	0	0	0.34
19400	0.34	0.48	0.48	0	0	0.34
19500	0.34	0.48	0.48	0	0	0.34
19600	0.34	0.49	0.49	0	0	0.34
19700	0.34	0.49	0.49	0	0	0.34
19800	0.34	0.49	0.49	0	0	0.34
19900	0.35	0.49	0.49	0	0	0.35
20000	0.35	0.5	0.5	0	0	0.35
20100	0.35	0.51	0.51	0	0	0.35
20200	0.35	0.51	0.51	0	0	0.35
20300	0.35	0.5	0.5	0	0	0.35
20400	0.35	0.5	0.5	0	0	0.35
20500	0.35	0.5	0.5	0	0	0.35
20600	0.35	0.5	0.5	0	0	0.35
20700	0.35	0.49	0.49	0	0	0.35
20800	0.36	0.49	0.49	0	0	0.36
20900	0.35	0.49	0.49	0	0	0.35
21000	0.35	0.49	0.49	0	0	0.35
21100	0.35	0.49	0.49	0	0	0.35
21200	0.35	0.5	0.5	0	0	0.35
21300	0.35	0.49	0.49	0	0	0.35
21400	0.35	0.49	0.49	0	0	0.35
21500	0.35	0.5	0.5	0	0	0.35
21600	0.35	0.51	0.51	0	0	0.35
21700	0.36	0.49	0.49	0	0	0.36
21800	0.36	0.49	0.49	0	0	0.36
21900	0.36	0.49	0.49	0	0	0.36
22000	0.36	0.49	0.49	0	0	0.36
22100	0.36	0.49	0.49	0	0	0.36
22200	0.36	0.49	0.49	0	0	0.36
22300	0.36	0.49	0.49	0	0	0.36
22400	0.36	0.49	0.49	0	0	0.36
22500	0.36	0.49	0.49	0	0	0.36
22600	0.36	0.49	0.49	0	0	0.36
22700	0.36	0.49	0.49	0	0	0.36
22800	0.36	0.49	0.49	0	0	0.36
22900	0.36	0.49	0.49	0	0	0.36
23000	0.36	0.49	0.49	0	0	0.36
23100	0.36	0.48	0.48	0	0	0.36
23200	0.36	0.48	0.48	0	0	0.36
23300	0.36	0.48	0.48	0	0	0.36
23400	0.36	0.47	0.47	0	0	0.36
23500	0.36	0.47	0.47	0	0	0.36
23600	0.36	0.47	0.47	0	0	0.36
23700	0.36	0.47	0.47	0	0	0.36
23800	0.36	0.47	0.47	0	0	0.36
23900	0.36	0.47	0.47	0	0	0.36
24000	0.35	0.47	0.47	0	0	0.35
24100	0.35	0.48	0.48	0	0	0.35
24200	0.35	0.48	0.48	0	0	0.35
24300	0.35	0.48	0.48	0	0	0.35
24400	0.35	0.48	0.48	0	0	0.35
24500	0.35	0.48	0.48	0	0	0.35
24600	0.35	0.49	0.49	0	0	0.35
24700	0.35	0.49	0.49	0	0	0.35
24800	0.36	0.5	0.5	0	0	0.36
24900	0.36	0.5	0.5	0	0	0.36
25000	0.36	0.5	0.5	0	0	0.36
25100	0.36	0.5	0.5	0	0	0.36
25200	0.36	0.5	0.5	0	0	0.36
25300	0.36	0.5	0.5	0	0	0.36
25400	0.36	0.5	0.5	0	0	0.36
25500	0.36	0.5	0.5	0	0	0.36
25600	0.36	0.51	0.51	0	0	0.36
25700	0.36	0.51	0.51	0	0	0.36
25800	0.36	0.52	0.52	0	0	0.36
25900	0.36	0.51	0.51	0	0	0.36
26000	0.37	0.5	0.5	0	0	0.37
26100	0.37	0.51	0.51	0	0	0.37
26200	0.37	0.52	0.52	0	0	0.37
26300	0.37	0.52	0.52	0	0	0.37
26400	0.37	0.52	0.52	0	0	0.37
26500	0.37	0.52	0.52	0	0	0.37
26600	0.37	0.52	0.52	0	0	0.37
26700	0.37	0.52	0.52	0	0	0.37
26800	0.36	0.53	0.53	0	0	0.36
26900	0.36	0.53	0.53	0	0	0.36
27000	0.36	0.53	0.53	0	0	0.36
27100	0.36	0.53	0.53	0	0	0.36
27200	0.36	0.53	0.53	0	0	0.36
27300	0.36	0.53	0.53	0	0	0.36
27400	0.36	0.53	0.53	0	0	0.36
27500	0.36	0.53	0.53	0	0	0.36
27600	0.36	0.53	0.53	0	0	0.36
27700	0.36	0.53	0.53	0	0	0.36
27800	0.36	0.54	0.54	0	0	0.36
27900	0.36	0.54	0.54	0	0	0.36
28000	0.36	0.54	0.54	0	0	0.36
28100	0.36	0.54	0.54	0	0	0.36
28200	0.36	0.54	0.54	0	0	0.36
28300	0.36	0.54	0.54	0	0	0.36
28400	0.36	0.53	0.53	0	0	0.36
28500	0.36	0.53	0.53	0	0	0.36
28600	0.36	0.53	0.53	0	0	0.36
28700	0.36	0.53	0.53	0	0	0.36
28800	0.36	0.52	0.52	0	0	0.36
28900	0.36	0.52	0.52	0	0	0.36
29000	0.36	0.52	0.52	0	0	0.36
29100	0.36	0.52	0.52	0	0	0.36
29200	0.37	0.52	0.52	0	0	0.37
29300	0.37	0.52	0.52	0	0	0.37
29400	0.37	0.52	0.52	0	0	0.37
29500	0.37	0.52	0.52	0	0	0.37
29600	0.36	0.53	0.53	0	0	0.36
29700	0.36	0.53	0.53	0	0	0.36
29800	0.36	0.53	0.53	0	0	0.36
29900	0.35	0.53	0.53	0	0	0.35
30000	0.35	0.53	0.53	0	0	0.35
30100	0.35	0.53	0.53	0	0	0.35
30200	0.35	0.53	0.53	0	0	0.35
30300	0.35	0.54	0.54	0	0	0.35
30400	0.35	0.54	0.54	0	0	0.35
30500	0.35	0.54	0.54	0	0	0.35
30600	0.35	0.54	0.54	0	0	0.35
30700	0.35	0.54	0.54	0	0	0.35
30800	0.35	0.54	0.54	0	0	0.35
30900	0.35	0.54	0.54	0	0	0.35
31000	0.35	0.54	0.54	0	0	0.35
31100	0.35	0.54	0.54	0	0	0.35
31200	0.35	0.54	0.54	0	0	0.35
31300	0.35	0.54	0.54	0	0	0.35
31400	0.35	0.54	0.54	0	0	0.35
31500	0.35	0.54	0.54	0	0	0.35
31600	0.35	0.54	0.54	0	0	0.35
31700	0.35	0.54	0.54	0	0	0.35
31800	0.35	0.54	0.54	0	0	0.35
31900	0.35	0.53	0.53	0	0	0.35
32000	0.35	0.53	0.53	0	0	0.35
32100	0.35	0.53	0.53	0	0	0.35
32200	0.35	0.53	0.53	0	0	0.35
32300	0.35	0.54	0.54	0	0	0.35
32400	0.35	0.54	0.54	0	0	0.35
32500	0.35	0.54	0.54	0	0	0.35
32600	0.35	0.53	0.53	0	0	0.35
32700	0.35	0.53	0.53	0	0	0.35
32800	0.35	0.53	0.53	0	0	0.35
32900	0.35	0.54	0.54	0	0	0.35
33000	0.35	0.54	0.54	0	0	0.35
33100	0.35	0.54	0.54	0	0	0.35
33200	0.35	0.53	0.53	0	0	0.35
33300	0.36	0.53	0.53	0	0	0.36
33400	0.35	0.53	0.53	0	0	0.35
33500	0.35	0.53	0.53	0	0	0.35
33600	0.35	0.53	0.53	0	0	0.35
33700	0.34	0.53	0.53	0	0	0.34
33800	0.34	0.55	0.55	0	0	0.34
33900	0.34	0.54	0.54	0	0	0.34
34000	0.35	0.54	0.54	0	0	0.35
34100	0.35	0.54	0.54	0	0	0.35
34200	0.35	0.55	0.55	0	0	0.35
34300	0.35	0.55	0.55	0	0	0.35
34400	0.35	0.55	0.55	0	0	0.35
34500	0.35	0.55	0.55	0	0	0.35
34600	0.35	0.55	0.55	0	0	0.35
34700	0.35	0.55	0.55	0	0	0.35
34800	0.35	0.55	0.55	0	0	0.35
34900	0.35	0.55	0.55	0	0	0.35
35000	0.35	0.54	0.54	0	0	0.35
35100	0.35	0.54	0.54	0	0	0.35
35200	0.35	0.54	0.54	0	0	0.35
35300	0.35	0.54	0.54	0	0	0.35
35400	0.35	0.54	0.54	0	0	0.35
35500	0.35	0.54	0.54	0	0	0.35
35600	0.35	0.54	0.54	0	0	0.35
35700	0.35	0.54	0.54	0	0	0.35
35800	0.35	0.54	0.54	0	0	0.35
35900	0.35	0.54	0.54	0	0	0.35
36000	0.35	0.54	0.54	0	0	0.35
36100	0.35	0.53	0.53	0	0	0.35
36200	0.35	0.53	0.53	0	0	0.35
36300	0.35	0.53	0.53	0	0	0.35
36400	0.35	0.53	0.53	0	0	0.35
36500	0.35	0.53	0.53	0	0	0.35
36600	0.35	0.53	0.53	0	0	0.35
36700	0.35	0.53	0.53	0	0	0.35
36800	0.35	0.53	0.53	0	0	0.35
36900	0.35	0.52	0.52	0	0	0.35
37000	0.35	0.52	0.52	0	0	0.35
37100	0.35	0.52	0.52	0	0	0.35
37200	0.36	0.53	0.53	0	0	0.36
37300	0.38	0.53	0.53	0	0	0.38
37400	0.38	0.54	0.54	0	0	0.38
37500	0.38	0.54	0.54	0	0	0.38
37600	0.38	0.54	0.54	0	0	0.38
37700	0.39	0.54	0.54	0	0	0.39
37800	0.39	0.54	0.54	0	0	0.39
37900	0.39	0.54	0.54	0	0	0.39
38000	0.39	0.54	0.54	0	0	0.39
38100	0.39	0.55	0.55	0	0	0.39
38200	0.39	0.54	0.54	0	0	0.39
38300	0.39	0.54	0.54	0	0	0.39
38400	0.39	0.54	0.54	0	0	0.39
38500	0.39	0.54	0.54	0	0	0.39
38600	0.4	0.54	0.54	0	0	0.4
38700	0.39	0.54	0.54	0	0	0.39
38800	0.39	0.54	0.54	0	0	0.39
38900	0.39	0.54	0.54	0	0	0.39
39000	0.39	0.54	0.54	0	0	0.39
39100	0.39	0.54	0.54	0	0	0.39
39200	0.39	0.54	0.54	0	0	0.39
39300	0.38	0.54	0.54	0	0	0.38
39400	0.38	0.55	0.55	0	0	0.38
39500	0.38	0.55	0.55	0	0	0.38
39600	0.38	0.55	0.55	0	0	0.38
39700	0.38	0.55	0.55	0	0	0.38
39800	0.38	0.55	0.55	0	0	0.38
39900	0.38	0.55	0.55	0	0	0.38
40000	0.38	0.55	0.55	0	0	0.38
40100	0.38	0.55	0.55	0	0	0.38
40200	0.38	0.55	0.55	0	0	0.38
40300	0.37	0.55	0.55	0	0	0.37
40400	0.37	0.55	0.55	0	0	0.37
40500	0.38	0.55	0.55	0	0	0.38
40600	0.38	0.55	0.55	0	0	0.38
40700	0.38	0.55	0.55	0	0	0.38
40800	0.38	0.55	0.55	0	0	0.38
40900	0.38	0.55	0.55	0	0	0.38
41000	0.38	0.55	0.55	0	0	0.38
41100	0.38	0.55	0.55	0	0	0.38
41200	0.38	0.55	0.55	0	0	0.38
41300	0.37	0.55	0.55	0	0	0.37
41400	0.37	0.55	0.55	0	0	0.37
41500	0.37	0.55	0.55	0	0	0.37
41600	0.37	0.55	0.55	0	0	0.37
41700	0.37	0.56	0.56	0	0	0.37
41800	0.37	0.56	0.56	0	0	0.37
41900	0.37	0.56	0.56	0	0	0.37
42000	0.37	0.56	0.56	0	0	0.37
42100	0.38	0.56	0.56	0	0	0.38
42200	0.37	0.56	0.56	0	0	0.37
42300	0.37	0.56	0.56	0	0	0.37
42400	0.37	0.56	0.56	0	0	0.37
42500	0.37	0.56	0.56	0	0	0.37
42600	0.37	0.56	0.56	0	0	0.37
42700	0.37	0.56	0.56	0	0	0.37
42800	0.37	0.56	0.56	0	0	0.37
42900	0.37	0.56	0.56	0	0	0.37
43000	0.37	0.56	0.56	0	0	0.37
43100	0.37	0.56	0.56	0	0	0.37
43200	0.36	0.56	0.56	0	0	0.36
43300	0.36	0.56	0.56	0	0	0.36
43400	0.36	0.56	0.56	0	0	0.36
43500	0.37	0.56	0.56	0	0	0.37
43600	0.37	0.56	0.56	0	0	0.37
43700	0.37	0.56	0.56	0	0	0.37
43800	0.37	0.56	0.56	0	0	0.37
43900	0.38	0.56	0.56	0	0	0.38
44000	0.38	0.56	0.56	0	0	0.38
44100	0.38	0.56	0.56	0	0	0.38
44200	0.38	0.56	0.56	0	0	0.38
44300	0.38	0.56	0.56	0	0	0.38
44400	0.38	0.56	0.56	0	0	0.38
44500	0.38	0.56	0.56	0	0	0.38
44600	0.38	0.56	0.56	0	0	0.38
44700	0.37	0.56	0.56	0	0	0.37
44800	0.37	0.56	0.56	0	0	0.37
44900	0.36	0.56	0.56	0	0	0.36
45000	0.36	0.56	0.56	0	0	0.36
45100	0.36	0.56	0.56	0	0	0.36
45200	0.36	0.56	0.56	0	0	0.36
45300	0.36	0.56	0.56	0	0	0.36
45400	0.35	0.57	0.57	0	0	0.35
45500	0.35	0.57	0.57	0	0	0.35
45600	0.34	0.57	0.57	0	0	0.34
45700	0.35	0.58	0.58	0	0	0.35
45800	0.35	0.58	0.58	0	0	0.35
45900	0.35	0.58	0.58	0	0	0.35
46000	0.35	0.58	0.58	0	0	0.35
46100	0.35	0.58	0.58	0	0	0.35
46200	0.34	0.58	0.58	0	0	0.34
46300	0.34	0.58	0.58	0	0	0.34
46400	0.34	0.58	0.58	0	0	0.34
46500	0.34	0.58	0.58	0	0	0.34
46600	0.35	0.58	0.58	0	0	0.35
46700	0.35	0.58	0.58	0	0	0.35
46800	0.35	0.58	0.58	0	0	0.35
46900	0.35	0.58	0.58	0	0	0.35
47000	0.35	0.58	0.58	0	0	0.35
47100	0.35	0.58	0.58	0	0	0.35
47200	0.35	0.58	0.58	0	0	0.35
47300	0.35	0.58	0.58	0	0	0.35
47400	0.35	0.59	0.59	0	0	0.35
47500	0.35	0.59	0.59	0	0	0.35
47600	0.35	0.58	0.58	0	0	0.35
47700	0.35	0.58	0.58	0	0	0.35
47800	0.35	0.58	0.58	0	0	0.35
47900	0.36	0.58	0.58	0	0	0.36
48000	0.35	0.58	0.58	0	0	0.35
48100	0.35	0.58	0.58	0	0	0.35
48200	0.35	0.58	0.58	0	0	0.35
48300	0.35	0.57	0.57	0	0	0.35
48400	0.35	0.57	0.57	0	0	0.35
48500	0.35	0.57	0.57	0	0	0.35
48600	0.35	0.57	0.57	0	0	0.35
48700	0.35	0.57	0.57	0	0	0.35
48800	0.35	0.58	0.58	0	0	0.35
48900	0.35	0.56	0.56	0	0	0.35
49000	0.34	0.56	0.56	0	0	0.34
49100	0.34	0.56	0.56	0	0	0.34
49200	0.34	0.56	0.56	0	0	0.34
49300	0.34	0.56	0.56	0	0	0.34
49400	0.34	0.56	0.56	0	0	0.34
49500	0.35	0.56	0.56	0	0	0.35
49600	0.35	0.54	0.54	0	0	0.35
49700	0.35	0.54	0.54	0	0	0.35
49800	0.35	0.54	0.54	0	0	0.35
49900	0.35	0.54	0.54	0	0	0.35
50000	0.35	0.54	0.54	0	0	0.35
50100	0.36	0.54	0.54	0	0	0.36
50200	0.36	0.54	0.54	0	0	0.36
50300	0.37	0.54	0.54	0	0	0.37
50400	0.37	0.54	0.54	0	0	0.37
50500	0.38	0.54	0.54	0	0	0.38
50600	0.37	0.54	0.54	0	0	0.37
50700	0.37	0.54	0.54	0	0	0.37
50800	0.38	0.54	0.54	0	0	0.38
50900	0.38	0.54	0.54	0	0	0.38
51000	0.38	0.54	0.54	0	0	0.38
51100	0.38	0.54	0.54	0	0	0.38
51200	0.38	0.54	0.54	0	0	0.38
51300	0.38	0.54	0.54	0	0	0.38
51400	0.37	0.54	0.54	0	0	0.37
51500	0.37	0.55	0.55	0	0	0.37
51600	0.38	0.55	0.55	0	0	0.38
51700	0.39	0.55	0.55	0	0	0.39
51800	0.38	0.55	0.55	0	0	0.38
51900	0.38	0.55	0.55	0	0	0.38
52000	0.38	0.55	0.55	0	0	0.38
52100	0.38	0.55	0.55	0	0	0.38
52200	0.37	0.55	0.55	0	0	0.37
52300	0.37	0.55	0.55	0	0	0.37
52400	0.36	0.55	0.55	0	0	0.36
52500	0.36	0.55	0.55	0	0	0.36
52600	0.36	0.55	0.55	0	0	0.36
52700	0.36	0.55	0.55	0	0	0.36
52800	0.36	0.55	0.55	0	0	0.36
52900	0.36	0.55	0.55	0	0	0.36
53000	0.36	0.55	0.55	0	0	0.36
53100	0.36	0.55	0.55	0	0	0.36
53200	0.36	0.55	0.55	0	0	0.36
53300	0.36	0.55	0.55	0	0	0.36
53400	0.36	0.55	0.55	0	0	0.36
53500	0.36	0.55	0.55	0	0	0.36
53600	0.36	0.55	0.55	0	0	0.36
53700	0.36	0.56	0.56	0	0	0.36
53800	0.36	0.56	0.56	0	0	0.36
53900	0.36	0.57	0.57	0	0	0.36
54000	0.35	0.57	0.57	0	0	0.35
54100	0.35	0.57	0.57	0	0	0.35
54200	0.36	0.57	0.57	0	0	0.36
54300	0.35	0.57	0.57	0	0	0.35
54400	0.34	0.57	0.57	0	0	0.34
54500	0.34	0.57	0.57	0	0	0.34
54600	0.34	0.57	0.57	0	0	0.34
54700	0.34	0.57	0.57	0	0	0.34
54800	0.34	0.56	0.56	0	0	0.34
54900	0.34	0.56	0.56	0	0	0.34
55000	0.35	0.56	0.56	0	0	0.35
55100	0.35	0.56	0.56	0	0	0.35
55200	0.35	0.56	0.56	0	0	0.35
55300	0.35	0.56	0.56	0	0	0.35
55400	0.35	0.56	0.56	0	0	0.35
55500	0.35	0.56	0.56	0	0	0.35
55600	0.35	0.56	0.56	0	0	0.35
55700	0.35	0.56	0.56	0	0	0.35
55800	0.35	0.56	0.56	0	0	0.35
55900	0.36	0.56	0.56	0	0	0.36
56000	0.36	0.56	0.56	0	0	0.36
56100	0.36	0.56	0.56	0	0	0.36
56200	0.36	0.56	0.56	0	0	0.36
56300	0.36	0.56	0.56	0	0	0.36
56400	0.36	0.56	0.56	0	0	0.36
56500	0.36	0.56	0.56	0	0	0.36
56600	0.36	0.56	0.56	0	0	0.36
56700	0.36	0.56	0.56	0	0	0.36
56800	0.36	0.56	0.56	0	0	0.36
56900	0.36	0.56	0.56	0	0	0.36
57000	0.36	0.56	0.56	0	0	0.36
57100	0.36	0.56	0.56	0	0	0.36
57200	0.36	0.56	0.56	0	0	0.36
57300	0.36	0.56	0.56	0	0	0.36
57400	0.36	0.56	0.56	0	0	0.36
57500	0.36	0.56	0.56	0	0	0.36
57600	0.36	0.56	0.56	0	0	0.36
57700	0.36	0.56	0.56	0	0	0.36
57800	0.36	0.56	0.56	0	0	0.36
57900	0.36	0.56	0.56	0	0	0.36
58000	0.36	0.57	0.57	0	0	0.36
58100	0.36	0.57	0.57	0	0	0.36
58200	0.36	0.57	0.57	0	0	0.36
58300	0.36	0.57	0.57	0	0	0.36
58400	0.36	0.57	0.57	0	0	0.36
58500	0.36	0.57	0.57	0	0	0.36
58600	0.36	0.58	0.58	0	0	0.36
58700	0.36	0.57	0.57	0	0	0.36
58800	0.35	0.57	0.57	0	0	0.35
58900	0.35	0.57	0.57	0	0	0.35
59000	0.35	0.57	0.57	0	0	0.35
59100	0.35	0.57	0.57	0	0	0.35
59200	0.35	0.57	0.57	0	0	0.35
59300	0.35	0.57	0.57	0	0	0.35
59400	0.35	0.57	0.57	0	0	0.35
59500	0.35	0.58	0.58	0	0	0.35
59600	0.35	0.56	0.56	0	0	0.35
59700	0.35	0.56	0.56	0	0	0.35
59800	0.35	0.56	0.56	0	0	0.35
59900	0.35	0.57	0.57	0	0	0.35
60000	0.35	0.57	0.57	0	0	0.35
60100	0.34	0.57	0.57	0	0	0.34
60200	0.34	0.57	0.57	0	0	0.34
60300	0.34	0.57	0.57	0	0	0.34
60400	0.34	0.57	0.57	0	0	0.34
60500	0.34	0.57	0.57	0	0	0.34
60600	0.34	0.57	0.57	0	0	0.34
60700	0.34	0.57	0.57	0	0	0.34
60800	0.34	0.57	0.57	0	0	0.34
60900	0.34	0.57	0.57	0	0	0.34
61000	0.34	0.57	0.57	0	0	0.34
61100	0.34	0.56	0.56	0	0	0.34
61200	0.34	0.56	0.56	0	0	0.34
61300	0.34	0.57	0.57	0	0	0.34
61400	0.34	0.56	0.56	0	0	0.34
61500	0.33	0.56	0.56	0	0	0.33
61600	0.33	0.56	0.56	0	0	0.33
61700	0.32	0.56	0.56	0	0	0.32
61800	0.33	0.56	0.56	0	0	0.33
61900	0.33	0.56	0.56	0	0	0.33
62000	0.33	0.56	0.56	0	0	0.33
62100	0.33	0.56	0.56	0	0	0.33
62200	0.33	0.56	0.56	0	0	0.33
62300	0.33	0.56	0.56	0	0	0.33
62400	0.33	0.57	0.57	0	0	0.33
62500	0.33	0.57	0.57	0	0	0.33
62600	0.33	0.57	0.57	0	0	0.33
62700	0.33	0.56	0.56	0	0	0.33
62800	0.33	0.55	0.55	0	0	0.33
62900	0.33	0.55	0.55	0	0	0.33
63000	0.33	0.55	0.55	0	0	0.33
63100	0.33	0.54	0.54	0	0	0.33
63200	0.33	0.54	0.54	0	0	0.33
63300	0.34	0.54	0.54	0	0	0.34
63400	0.34	0.54	0.54	0	0	0.34
63500	0.34	0.54	0.54	0	0	0.34
63600	0.34	0.54	0.54	0	0	0.34
63700	0.34	0.54	0.54	0	0	0.34
63800	0.34	0.54	0.54	0	0	0.34
63900	0.34	0.54	0.54	0	0	0.34
64000	0.34	0.53	0.53	0	0	0.34
64100	0.34	0.53	0.53	0	0	0.34
64200	0.34	0.53	0.53	0	0	0.34
64300	0.35	0.52	0.52	0	0	0.35
64400	0.35	0.53	0.53	0	0	0.35
64500	0.35	0.52	0.52	0	0	0.35
64600	0.35	0.52	0.52	0	0	0.35
64700	0.35	0.52	0.52	0	0	0.35
64800	0.35	0.52	0.52	0	0	0.35
64900	0.35	0.53	0.53	0	0	0.35
65000	0.35	0.53	0.53	0	0	0.35
65100	0.36	0.53	0.53	0	0	0.36
65200	0.36	0.53	0.53	0	0	0.36
65300	0.35	0.53	0.53	0	0	0.35
65400	0.35	0.54	0.54	0	0	0.35
65500	0.35	0.54	0.54	0	0	0.35
65600	0.35	0.54	0.54	0	0	0.35
65700	0.35	0.55	0.55	0	0	0.35
65800	0.35	0.54	0.54	0	0	0.35
65900	0.35	0.54	0.54	0	0	0.35
66000	0.35	0.54	0.54	0	0	0.35
66100	0.35	0.54	0.54	0	0	0.35
66200	0.35	0.54	0.54	0	0	0.35
66300	0.36	0.53	0.53	0	0	0.36
66400	0.36	0.53	0.53	0	0	0.36
66500	0.36	0.53	0.53	0	0	0.36
66600	0.36	0.53	0.53	0	0	0.36
66700	0.36	0.53	0.53	0	0	0.36
66800	0.36	0.52	0.52	0	0	0.36
66900	0.36	0.52	0.52	0	0	0.36
67000	0.37	0.52	0.52	0	0	0.37
67100	0.37	0.53	0.53	0	0	0.37
67200	0.37	0.52	0.52	0	0	0.37
67300	0.37	0.52	0.52	0	0	0.37
67400	0.37	0.52	0.52	0	0	0.37
67500	0.37	0.52	0.52	0	0	0.37
67600	0.37	0.52	0.52	0	0	0.37
67700	0.37	0.52	0.52	0	0	0.37
67800	0.37	0.52	0.52	0	0	0.37
67900	0.37	0.52	0.52	0	0	0.37
68000	0.37	0.52	0.52	0	0	0.37
68100	0.37	0.52	0.52	0	0	0.37
68200	0.37	0.52	0.52	0	0	0.37
68300	0.37	0.52	0.52	0	0	0.37
68400	0.37	0.52	0.52	0	0	0.37
68500	0.37	0.52	0.52	0	0	0.37
68600	0.37	0.52	0.52	0	0	0.37
68700	0.37	0.52	0.52	0	0	0.37
68800	0.37	0.52	0.52	0	0	0.37
68900	0.37	0.53	0.53	0	0	0.37
69000	0.37	0.53	0.53	0	0	0.37
69100	0.37	0.53	0.53	0	0	0.37
69200	0.37	0.52	0.52	0	0	0.37
69300	0.37	0.52	0.52	0	0	0.37
69400	0.37	0.52	0.52	0	0	0.37
69500	0.37	0.52	0.52	0	0	0.37
69600	0.37	0.52	0.52	0	0	0.37
69700	0.37	0.52	0.52	0	0	0.37
69800	0.37	0.52	0.52	0	0	0.37
69900	0.37	0.52	0.52	0	0	0.37
70000	0.37	0.52	0.52	0	0	0.37
70100	0.37	0.52	0.52	0	0	0.37
70200	0.37	0.52	0.52	0	0	0.37
70300	0.37	0.52	0.52	0	0	0.37
70400	0.37	0.52	0.52	0	0	0.37
70500	0.37	0.52	0.52	0	0	0.37
70600	0.37	0.52	0.52	0	0	0.37
70700	0.37	0.52	0.52	0	0	0.37
70800	0.37	0.52	0.52	0	0	0.37
70900	0.37	0.52	0.52	0	0	0.37
71000	0.37	0.52	0.52	0	0	0.37
71100	0.37	0.52	0.52	0	0	0.37
71200	0.38	0.52	0.52	0	0	0.38
71300	0.37	0.52	0.52	0	0	0.37
71400	0.37	0.52	0.52	0	0	0.37
71500	0.37	0.52	0.52	0	0	0.37
71600	0.37	0.52	0.52	0	0	0.37
71700	0.37	0.53	0.53	0	0	0.37
71800	0.37	0.53	0.53	0	0	0.37
71900	0.37	0.53	0.53	0	0	0.37
72000	0.37	0.53	0.53	0	0	0.37
72100	0.37	0.53	0.53	0	0	0.37
72200	0.37	0.53	0.53	0	0	0.37
72300	0.38	0.53	0.53	0	0	0.38
72400	0.38	0.53	0.53	0	0	0.38
72500	0.38	0.53	0.53	0	0	0.38
72600	0.38	0.53	0.53	0	0	0.38
72700	0.38	0.52	0.52	0	0	0.38
72800	0.38	0.52	0.52	0	0	0.38
72900	0.38	0.52	0.52	0	0	0.38
73000	0.38	0.52	0.52	0	0	0.38
73100	0.38	0.52	0.52	0	0	0.38
73200	0.38	0.52	0.52	0	0	0.38
73300	0.38	0.52	0.52	0	0	0.38
73400	0.37	0.52	0.52	0	0	0.37
73500	0.37	0.52	0.52	0	0	0.37
73600	0.37	0.52	0.52	0	0	0.37
73700	0.37	0.52	0.52	0	0	0.37
73800	0.38	0.52	0.52	0	0	0.38
73900	0.38	0.52	0.52	0	0	0.38
74000	0.38	0.53	0.53	0	0	0.38
74100	0.38	0.52	0.52	0	0	0.38
74200	0.38	0.52	0.52	0	0	0.38
74300	0.38	0.52	0.52	0	0	0.38
74400	0.38	0.52	0.52	0	0	0.38
74500	0.38	0.52	0.52	0	0	0.38
74600	0.38	0.53	0.53	0	0	0.38
74700	0.38	0.53	0.53	0	0	0.38
74800	0.38	0.53	0.53	0	0	0.38
74900	0.38	0.53	0.53	0	0	0.38
75000	0.38	0.53	0.53	0	0	0.38
75100	0.38	0.53	0.53	0	0	0.38
75200	0.38	0.53	0.53	0	0	0.38
75300	0.38	0.53	0.53	0	0	0.38
75400	0.38	0.53	0.53	0	0	0.38
75500	0.38	0.53	0.53	0	0	0.38
75600	0.38	0.53	0.53	0	0	0.38
75700	0.38	0.53	0.53	0	0	0.38
75800	0.38	0.53	0.53	0	0	0.38
75900	0.38	0.53	0.53	0	0	0.38
76000	0.38	0.53	0.53	0	0	0.38
76100	0.38	0.53	0.53	0	0	0.38
76200	0.38	0.53	0.53	0	0	0.38
76300	0.38	0.53	0.53	0	0	0.38
76400	0.38	0.54	0.54	0	0	0.38
76500	0.38	0.54	0.54	0	0	0.38
76600	0.38	0.54	0.54	0	0	0.38
76700	0.38	0.54	0.54	0	0	0.38
76800	0.38	0.54	0.54	0	0	0.38
76900	0.38	0.54	0.54	0	0	0.38
77000	0.38	0.53	0.53	0	0	0.38
77100	0.38	0.53	0.53	0	0	0.38
77200	0.38	0.53	0.53	0	0	0.38
77300	0.38	0.53	0.53	0	0	0.38
77400	0.38	0.53	0.53	0	0	0.38
77500	0.38	0.53	0.53	0	0	0.38
77600	0.38	0.53	0.53	0	0	0.38
77700	0.38	0.53	0.53	0	0	0.38
77800	0.38	0.53	0.53	0	0	0.38
77900	0.38	0.53	0.53	0	0	0.38
78000	0.38	0.54	0.54	0	0	0.38
78100	0.38	0.54	0.54	0	0	0.38
78200	0.38	0.54	0.54	0	0	0.38
78300	0.37	0.54	0.54	0	0	0.37
78400	0.37	0.54	0.54	0	0	0.37
78500	0.37	0.54	0.54	0	0	0.37
78600	0.37	0.54	0.54	0	0	0.37
78700	0.37	0.54	0.54	0	0	0.37
78800	0.37	0.54	0.54	0	0	0.37
78900	0.37	0.53	0.53	0	0	0.37
79000	0.37	0.53	0.53	0	0	0.37
79100	0.37	0.52	0.52	0	0	0.37
79200	0.37	0.52	0.52	0	0	0.37
79300	0.37	0.52	0.52	0	0	0.37
79400	0.37	0.52	0.52	0	0	0.37
79500	0.37	0.52	0.52	0	0	0.37
79600	0.37	0.52	0.52	0	0	0.37
79700	0.37	0.52	0.52	0	0	0.37
79800	0.37	0.52	0.52	0	0	0.37
79900	0.37	0.52	0.52	0	0	0.37
80000	0.37	0.52	0.52	0	0	0.37
80100	0.37	0.52	0.52	0	0	0.37
80200	0.37	0.52	0.52	0	0	0.37
80300	0.37	0.52	0.52	0	0	0.37
80400	0.37	0.52	0.52	0	0	0.37
80500	0.37	0.52	0.52	0	0	0.37
80600	0.37	0.52	0.52	0	0	0.37
80700	0.37	0.52	0.52	0	0	0.37
80800	0.37	0.52	0.52	0	0	0.37
80900	0.38	0.52	0.52	0	0	0.38
81000	0.38	0.52	0.52	0	0	0.38
81100	0.37	0.52	0.52	0	0	0.37
81200	0.37	0.52	0.52	0	0	0.37
81300	0.38	0.52	0.52	0	0	0.38
81400	0.38	0.52	0.52	0	0	0.38
81500	0.38	0.52	0.52	0	0	0.38
81600	0.38	0.52	0.52	0	0	0.38
81700	0.38	0.52	0.52	0	0	0.38
81800	0.38	0.53	0.53	0	0	0.38
81900	0.38	0.53	0.53	0	0	0.38
82000	0.38	0.53	0.53	0	0	0.38
82100	0.38	0.53	0.53	0	0	0.38
82200	0.38	0.53	0.53	0	0	0.38
82300	0.38	0.53	0.53	0	0	0.38
82400	0.38	0.53	0.53	0	0	0.38
82500	0.38	0.53	0.53	0	0	0.38
82600	0.38	0.53	0.53	0	0	0.38
82700	0.38	0.53	0.53	0	0	0.38
82800	0.38	0.53	0.53	0	0	0.38
82900	0.38	0.53	0.53	0	0	0.38
83000	0.38	0.53	0.53	0	0	0.38
83100	0.38	0.53	0.53	0	0	0.38
83200	0.38	0.53	0.53	0	0	0.38
83300	0.38	0.53	0.53	0	0	0.38
83400	0.38	0.53	0.53	0	0	0.38
83500	0.38	0.53	0.53	0	0	0.38
83600	0.38	0.53	0.53	0	0	0.38
83700	0.38	0.53	0.53	0	0	0.38
83800	0.38	0.53	0.53	0	0	0.38
83900	0.38	0.53	0.53	0	0	0.38
84000	0.38	0.52	0.52	0	0	0.38
84100	0.38	0.52	0.52	0	0	0.38
84200	0.38	0.52	0.52	0	0	0.38
84300	0.38	0.52	0.52	0	0	0.38
84400	0.38	0.52	0.52	0	0	0.38
84500	0.38	0.52	0.52	0	0	0.38
84600	0.38	0.52	0.52	0	0	0.38
84700	0.38	0.52	0.52	0	0	0.38
84800	0.38	0.52	0.52	0	0	0.38
84900	0.38	0.52	0.52	0	0	0.38
85000	0.38	0.52	0.52	0	0	0.38
85100	0.38	0.52	0.52	0	0	0.38
85200	0.38	0.52	0.52	0	0	0.38
85300	0.38	0.52	0.52	0	0	0.38
85400	0.39	0.51	0.51	0	0	0.39
85500	0.39	0.51	0.51	0	0	0.39
85600	0.39	0.51	0.51	0	0	0.39
85700	0.39	0.51	0.51	0	0	0.39
85800	0.39	0.51	0.51	0	0	0.39
85900	0.39	0.51	0.51	0	0	0.39
86000	0.39	0.51	0.51	0	0	0.39
86100	0.39	0.51	0.51	0	0	0.39
86200	0.39	0.51	0.51	0	0	0.39
86300	0.39	0.51	0.51	0	0	0.39
86400	0.39	0.51	0.51	0	0	0.39
86500	0.39	0.51	0.51	0	0	0.39
86600	0.39	0.51	0.51	0	0	0.39
86700	0.39	0.51	0.51	0	0	0.39
86800	0.39	0.51	0.51	0	0	0.39
86900	0.39	0.51	0.51	0	0	0.39
87000	0.39	0.51	0.51	0	0	0.39
87100	0.39	0.51	0.51	0	0	0.39
87200	0.39	0.51	0.51	0	0	0.39
87300	0.39	0.51	0.51	0	0	0.39
87400	0.39	0.51	0.51	0	0	0.39
87500	0.39	0.51	0.51	0	0	0.39
87600	0.39	0.51	0.51	0	0	0.39
87700	0.39	0.51	0.51	0	0	0.39
87800	0.39	0.51	0.51	0	0	0.39
87900	0.39	0.51	0.51	0	0	0.39
88000	0.39	0.51	0.51	0	0	0.39
88100	0.4	0.51	0.51	0	0	0.4
88200	0.4	0.51	0.51	0	0	0.4
88300	0.4	0.51	0.51	0	0	0.4
88400	0.4	0.51	0.51	0	0	0.4
88500	0.4	0.5	0.5	0	0	0.4
88600	0.4	0.5	0.5	0	0	0.4
88700	0.4	0.5	0.5	0	0	0.4
88800	0.4	0.5	0.5	0	0	0.4
88900	0.4	0.5	0.5	0	0	0.4
89000	0.4	0.5	0.5	0	0	0.4
89100	0.4	0.5	0.5	0	0	0.4
89200	0.4	0.5	0.5	0	0	0.4
89300	0.4	0.5	0.5	0	0	0.4
89400	0.4	0.5	0.5	0	0	0.4
89500	0.4	0.5	0.5	0	0	0.4
89600	0.4	0.5	0.5	0	0	0.4
89700	0.4	0.51	0.51	0	0	0.4
89800	0.4	0.52	0.52	0	0	0.4
89900	0.4	0.53	0.53	0	0	0.4
90000	0.4	0.53	0.53	0	0	0.4
90100	0.4	0.53	0.53	0	0	0.4
90200	0.41	0.53	0.53	0	0	0.41
90300	0.41	0.53	0.53	0	0	0.41
90400	0.41	0.53	0.53	0	0	0.41
90500	0.41	0.53	0.53	0	0	0.41
90600	0.41	0.53	0.53	0	0	0.41
90700	0.41	0.53	0.53	0	0	0.41
90800	0.41	0.53	0.53	0	0	0.41
90900	0.41	0.53	0.53	0	0	0.41
91000	0.41	0.53	0.53	0	0	0.41
91100	0.41	0.53	0.53	0	0	0.41
91200	0.41	0.53	0.53	0	0	0.41
91300	0.41	0.54	0.54	0	0	0.41
91400	0.41	0.54	0.54	0	0	0.41
91500	0.41	0.54	0.54	0	0	0.41
91600	0.41	0.54	0.54	0	0	0.41
91700	0.41	0.54	0.54	0	0	0.41
91800	0.41	0.54	0.54	0	0	0.41
91900	0.41	0.53	0.53	0	0	0.41
92000	0.41	0.53	0.53	0	0	0.41
92100	0.41	0.53	0.53	0	0	0.41
92200	0.41	0.53	0.53	0	0	0.41
92300	0.41	0.54	0.54	0	0	0.41
92400	0.41	0.54	0.54	0	0	0.41
92500	0.41	0.54	0.54	0	0	0.41
92600	0.41	0.53	0.53	0	0	0.41
92700	0.41	0.53	0.53	0	0	0.41
92800	0.41	0.52	0.52	0	0	0.41
92900	0.41	0.52	0.52	0	0	0.41
93000	0.4	0.52	0.52	0	0	0.4
93100	0.4	0.52	0.52	0	0	0.4
93200	0.4	0.52	0.52	0	0	0.4
93300	0.4	0.52	0.52	0	0	0.4
93400	0.4	0.52	0.52	0	0	0.4
93500	0.4	0.52	0.52	0	0	0.4
93600	0.4	0.53	0.53	0	0	0.4
93700	0.4	0.53	0.53	0	0	0.4
93800	0.4	0.53	0.53	0	0	0.4
93900	0.4	0.53	0.53	0	0	0.4
94000	0.4	0.53	0.53	0	0	0.4
94100	0.4	0.53	0.53	0	0	0.4
94200	0.4	0.53	0.53	0	0	0.4
94300	0.4	0.53	0.53	0	0	0.4
94400	0.4	0.53	0.53	0	0	0.4
94500	0.4	0.53	0.53	0	0	0.4
94600	0.4	0.53	0.53	0	0	0.4
94700	0.4	0.53	0.53	0	0	0.4
94800	0.4	0.53	0.53	0	0	0.4
94900	0.4	0.53	0.53	0	0	0.4
95000	0.4	0.53	0.53	0	0	0.4
95100	0.4	0.52	0.52	0	0	0.4
95200	0.4	0.52	0.52	0	0	0.4
95300	0.41	0.52	0.52	0	0	0.41
95400	0.41	0.52	0.52	0	0	0.41
95500	0.42	0.52	0.52	0	0	0.42
95600	0.42	0.52	0.52	0	0	0.42
95700	0.42	0.52	0.52	0	0	0.42
95800	0.42	0.52	0.52	0	0	0.42
95900	0.42	0.52	0.52	0	0	0.42
96000	0.43	0.52	0.52	0	0	0.43
96100	0.43	0.52	0.52	0	0	0.43
96200	0.43	0.52	0.52	0	0	0.43
96300	0.42	0.52	0.52	0	0	0.42
96400	0.41	0.52	0.52	0	0	0.41
96500	0.41	0.52	0.52	0	0	0.41
96600	0.41	0.52	0.52	0	0	0.41
96700	0.41	0.52	0.52	0	0	0.41
96800	0.41	0.52	0.52	0	0	0.41
96900	0.41	0.53	0.53	0	0	0.41
97000	0.41	0.53	0.53	0	0	0.41
97100	0.41	0.53	0.53	0	0	0.41
97200	0.41	0.53	0.53	0	0	0.41
97300	0.41	0.53	0.53	0	0	0.41
97400	0.41	0.53	0.53	0	0	0.41
97500	0.41	0.53	0.53	0	0	0.41
97600	0.41	0.53	0.53	0	0	0.41
97700	0.41	0.53	0.53	0	0	0.41
97800	0.41	0.53	0.53	0	0	0.41
97900	0.41	0.53	0.53	0	0	0.41
98000	0.41	0.53	0.53	0	0	0.41
98100	0.41	0.53	0.53	0	0	0.41
98200	0.41	0.53	0.53	0	0	0.41
98300	0.41	0.52	0.52	0	0	0.41
98400	0.41	0.52	0.52	0	0	0.41
98500	0.41	0.52	0.52	0	0	0.41
98600	0.41	0.52	0.52	0	0	0.41
98700	0.41	0.52	0.52	0	0	0.41
98800	0.42	0.52	0.52	0	0	0.42
98900	0.42	0.52	0.52	0	0	0.42
99000	0.42	0.52	0.52	0	0	0.42
99100	0.42	0.52	0.52	0	0	0.42
99200	0.42	0.52	0.52	0	0	0.42
99300	0.42	0.52	0.52	0	0	0.42
99400	0.42	0.52	0.52	0	0	0.42
99500	0.42	0.52	0.52	0	0	0.42
99600	0.42	0.52	0.52	0	0	0.42
99700	0.42	0.52	0.52	0	0	0.42
99800	0.42	0.52	0.52	0	0	0.42
99900	0.42	0.52	0.52	0	0	0.42
100000	0.43	0.52	0.52	0	0	0.43
