100	0.07	0.11	0.11	0	0	0.07
200	0.08	0.13	0.13	0	0	0.08
300	0.08	0.15	0.15	0	0	0.08
400	0.11	0.17	0.17	0	0	0.11
500	0.13	0.19	0.19	0	0	0.13
600	0.13	0.21	0.21	0	0	0.13
700	0.13	0.23	0.23	0	0	0.13
800	0.13	0.21	0.21	0	0	0.13
900	0.15	0.22	0.22	0	0	0.15
1000	0.14	0.24	0.24	0	0	0.14
1100	0.15	0.25	0.25	0	0	0.15
1200	0.16	0.25	0.25	0	0	0.16
1300	0.17	0.28	0.28	0	0	0.17
1400	0.18	0.29	0.29	0	0	0.18
1500	0.19	0.29	0.29	0	0	0.19
1600	0.19	0.3	0.3	0	0	0.19
1700	0.18	0.3	0.3	0	0	0.18
1800	0.18	0.31	0.31	0	0	0.18
1900	0.18	0.31	0.31	0	0	0.18
2000	0.19	0.31	0.31	0	0	0.19
2100	0.2	0.3	0.3	0	0	0.2
2200	0.2	0.33	0.33	0	0	0.2
2300	0.21	0.34	0.34	0	0	0.21
2400	0.21	0.34	0.34	0	0	0.21
2500	0.21	0.35	0.35	0	0	0.21
2600	0.21	0.35	0.35	0	0	0.21
2700	0.21	0.37	0.37	0	0	0.21
2800	0.22	0.37	0.37	0	0	0.22
2900	0.22	0.37	0.37	0	0	0.22
3000	0.22	0.37	0.37	0	0	0.22
3100	0.22	0.37	0.37	0	0	0.22
3200	0.22	0.36	0.36	0	0	0.22
3300	0.22	0.36	0.36	0	0	0.22
3400	0.24	0.35	0.35	0	0	0.24
3500	0.24	0.36	0.36	0	0	0.24
3600	0.24	0.35	0.35	0	0	0.24
3700	0.25	0.35	0.35	0	0	0.25
3800	0.25	0.36	0.36	0	0	0.25
3900	0.25	0.36	0.36	0	0	0.25
4000	0.25	0.35	0.35	0	0	0.25
4100	0.25	0.34	0.34	0	0	0.25
4200	0.25	0.34	0.34	0	0	0.25
4300	0.26	0.35	0.35	0	0	0.26
4400	0.26	0.35	0.35	0	0	0.26
4500	0.27	0.34	0.34	0	0	0.27
4600	0.27	0.35	0.35	0	0	0.27
4700	0.27	0.35	0.35	0	0	0.27
4800	0.26	0.36	0.36	0	0	0.26
4900	0.26	0.36	0.36	0	0	0.26
5000	0.26	0.36	0.36	0	0	0.26
5100	0.26	0.36	0.36	0	0	0.26
5200	0.26	0.36	0.36	0	0	0.26
5300	0.27	0.37	0.37	0	0	0.27
5400	0.27	0.37	0.37	0	0	0.27
5500	0.27	0.38	0.38	0	0	0.27
5600	0.26	0.39	0.39	0	0	0.26
5700	0.26	0.4	0.4	0	0	0.26
5800	0.27	0.4	0.4	0	0	0.27
5900	0.27	0.4	0.4	0	0	0.27
6000	0.27	0.4	0.4	0	0	0.27
6100	0.27	0.4	0.4	0	0	0.27
6200	0.27	0.42	0.42	0	0	0.27
6300	0.27	0.42	0.42	0	0	0.27
6400	0.27	0.42	0.42	0	0	0.27
6500	0.27	0.42	0.42	0	0	0.27
6600	0.27	0.42	0.42	0	0	0.27
6700	0.27	0.45	0.45	0	0	0.27
6800	0.27	0.45	0.45	0	0	0.27
6900	0.28	0.45	0.45	0	0	0.28
7000	0.28	0.45	0.45	0	0	0.28
7100	0.27	0.45	0.45	0	0	0.27
7200	0.28	0.47	0.47	0	0	0.28
7300	0.28	0.47	0.47	0	0	0.28
7400	0.28	0.46	0.46	0	0	0.28
7500	0.28	0.46	0.46	0	0	0.28
7600	0.28	0.46	0.46	0	0	0.28
7700	0.28	0.47	0.47	0	0	0.28
7800	0.29	0.47	0.47	0	0	0.29
7900	0.29	0.48	0.48	0	0	0.29
8000	0.29	0.47	0.47	0	0	0.29
8100	0.29	0.47	0.47	0	0	0.29
8200	0.29	0.48	0.48	0	0	0.29
8300	0.29	0.48	0.48	0	0	0.29
8400	0.3	0.49	0.49	0	0	0.3
8500	0.3	0.49	0.49	0	0	0.3
8600	0.3	0.49	0.49	0	0	0.3
8700	0.3	0.48	0.48	0	0	0.3
8800	0.3	0.49	0.49	0	0	0.3
8900	0.31	0.49	0.49	0	0	0.31
9000	0.32	0.49	0.49	0	0	0.32
9100	0.33	0.5	0.5	0	0	0.33
9200	0.33	0.51	0.51	0	0	0.33
9300	0.33	0.51	0.51	0	0	0.33
9400	0.34	0.51	0.51	0	0	0.34
9500	0.34	0.51	0.51	0	0	0.34
9600	0.35	0.51	0.51	0	0	0.35
9700	0.34	0.5	0.5	0	0	0.34
9800	0.34	0.5	0.5	0	0	0.34
9900	0.34	0.5	0.5	0	0	0.34
10000	0.34	0.5	0.5	0	0	0.34
10100	0.34	0.5	0.5	0	0	0.34
10200	0.34	0.5	0.5	0	0	0.34
10300	0.34	0.5	0.5	0	0	0.34
10400	0.34	0.52	0.52	0	0	0.34
10500	0.34	0.52	0.52	0	0	0.34
10600	0.34	0.52	0.52	0	0	0.34
10700	0.34	0.52	0.52	0	0	0.34
10800	0.33	0.52	0.52	0	0	0.33
10900	0.34	0.52	0.52	0	0	0.34
11000	0.34	0.53	0.53	0	0	0.34
11100	0.33	0.53	0.53	0	0	0.33
11200	0.33	0.53	0.53	0	0	0.33
11300	0.32	0.53	0.53	0	0	0.32
11400	0.32	0.53	0.53	0	0	0.32
11500	0.32	0.52	0.52	0	0	0.32
11600	0.32	0.53	0.53	0	0	0.32
11700	0.32	0.54	0.54	0	0	0.32
11800	0.31	0.54	0.54	0	0	0.31
11900	0.31	0.54	0.54	0	0	0.31
12000	0.31	0.54	0.54	0	0	0.31
12100	0.31	0.54	0.54	0	0	0.31
12200	0.32	0.54	0.54	0	0	0.32
12300	0.31	0.54	0.54	0	0	0.31
12400	0.32	0.55	0.55	0	0	0.32
12500	0.32	0.55	0.55	0	0	0.32
12600	0.33	0.55	0.55	0	0	0.33
12700	0.32	0.55	0.55	0	0	0.32
12800	0.32	0.55	0.55	0	0	0.32
12900	0.32	0.55	0.55	0	0	0.32
13000	0.32	0.55	0.55	0	0	0.32
13100	0.32	0.54	0.54	0	0	0.32
13200	0.33	0.54	0.54	0	0	0.33
13300	0.33	0.55	0.55	0	0	0.33
13400	0.33	0.55	0.55	0	0	0.33
13500	0.32	0.56	0.56	0	0	0.32
13600	0.32	0.56	0.56	0	0	0.32
13700	0.32	0.55	0.55	0	0	0.32
13800	0.32	0.54	0.54	0	0	0.32
13900	0.32	0.54	0.54	0	0	0.32
14000	0.32	0.54	0.54	0	0	0.32
14100	0.32	0.54	0.54	0	0	0.32
14200	0.32	0.54	0.54	0	0	0.32
14300	0.32	0.54	0.54	0	0	0.32
14400	0.32	0.53	0.53	0	0	0.32
14500	0.32	0.53	0.53	0	0	0.32
14600	0.32	0.53	0.53	0	0	0.32
14700	0.32	0.53	0.53	0	0	0.32
14800	0.32	0.52	0.52	0	0	0.32
14900	0.32	0.53	0.53	0	0	0.32
15000	0.32	0.53	0.53	0	0	0.32
15100	0.32	0.53	0.53	0	0	0.32
15200	0.32	0.53	0.53	0	0	0.32
15300	0.33	0.54	0.54	0	0	0.33
15400	0.33	0.54	0.54	0	0	0.33
15500	0.34	0.54	0.54	0	0	0.34
15600	0.33	0.54	0.54	0	0	0.33
15700	0.32	0.53	0.53	0	0	0.32
15800	0.32	0.54	0.54	0	0	0.32
15900	0.32	0.54	0.54	0	0	0.32
16000	0.32	0.54	0.54	0	0	0.32
16100	0.32	0.54	0.54	0	0	0.32
16200	0.32	0.54	0.54	0	0	0.32
16300	0.32	0.54	0.54	0	0	0.32
16400	0.32	0.54	0.54	0	0	0.32
16500	0.32	0.54	0.54	0	0	0.32
16600	0.32	0.54	0.54	0	0	0.32
16700	0.32	0.54	0.54	0	0	0.32
16800	0.32	0.54	0.54	0	0	0.32
16900	0.32	0.54	0.54	0	0	0.32
17000	0.32	0.54	0.54	0	0	0.32
17100	0.32	0.54	0.54	0	0	0.32
17200	0.32	0.54	0.54	0	0	0.32
17300	0.32	0.54	0.54	0	0	0.32
17400	0.32	0.53	0.53	0	0	0.32
17500	0.32	0.53	0.53	0	0	0.32
17600	0.32	0.53	0.53	0	0	0.32
17700	0.33	0.53	0.53	0	0	0.33
17800	0.33	0.54	0.54	0	0	0.33
17900	0.34	0.54	0.54	0	0	0.34
18000	0.34	0.54	0.54	0	0	0.34
18100	0.34	0.54	0.54	0	0	0.34
18200	0.34	0.54	0.54	0	0	0.34
18300	0.34	0.55	0.55	0	0	0.34
18400	0.34	0.55	0.55	0	0	0.34
18500	0.34	0.54	0.54	0	0	0.34
18600	0.35	0.54	0.54	0	0	0.35
18700	0.35	0.54	0.54	0	0	0.35
18800	0.35	0.54	0.54	0	0	0.35
18900	0.35	0.54	0.54	0	0	0.35
19000	0.34	0.54	0.54	0	0	0.34
19100	0.34	0.54	0.54	0	0	0.34
19200	0.34	0.54	0.54	0	0	0.34
19300	0.34	0.54	0.54	0	0	0.34
19400	0.34	0.54	0.54	0	0	0.34
19500	0.35	0.53	0.53	0	0	0.35
19600	0.35	0.52	0.52	0	0	0.35
19700	0.35	0.52	0.52	0	0	0.35
19800	0.35	0.53	0.53	0	0	0.35
19900	0.36	0.53	0.53	0	0	0.36
20000	0.37	0.53	0.53	0	0	0.37
20100	0.37	0.53	0.53	0	0	0.37
20200	0.37	0.53	0.53	0	0	0.37
20300	0.37	0.53	0.53	0	0	0.37
20400	0.34	0.52	0.52	0	0	0.34
20500	0.34	0.52	0.52	0	0	0.34
20600	0.34	0.51	0.51	0	0	0.34
20700	0.34	0.52	0.52	0	0	0.34
20800	0.34	0.52	0.52	0	0	0.34
20900	0.34	0.52	0.52	0	0	0.34
21000	0.34	0.52	0.52	0	0	0.34
21100	0.34	0.52	0.52	0	0	0.34
21200	0.35	0.52	0.52	0	0	0.35
21300	0.35	0.52	0.52	0	0	0.35
21400	0.35	0.52	0.52	0	0	0.35
21500	0.35	0.53	0.53	0	0	0.35
21600	0.35	0.53	0.53	0	0	0.35
21700	0.35	0.53	0.53	0	0	0.35
21800	0.35	0.54	0.54	0	0	0.35
21900	0.35	0.54	0.54	0	0	0.35
22000	0.35	0.53	0.53	0	0	0.35
22100	0.35	0.53	0.53	0	0	0.35
22200	0.35	0.53	0.53	0	0	0.35
22300	0.35	0.53	0.53	0	0	0.35
22400	0.35	0.53	0.53	0	0	0.35
22500	0.35	0.53	0.53	0	0	0.35
22600	0.35	0.53	0.53	0	0	0.35
22700	0.36	0.53	0.53	0	0	0.36
22800	0.35	0.53	0.53	0	0	0.35
22900	0.36	0.53	0.53	0	0	0.36
23000	0.35	0.53	0.53	0	0	0.35
23100	0.35	0.53	0.53	0	0	0.35
23200	0.35	0.53	0.53	0	0	0.35
23300	0.36	0.53	0.53	0	0	0.36
23400	0.36	0.53	0.53	0	0	0.36
23500	0.36	0.53	0.53	0	0	0.36
23600	0.35	0.52	0.52	0	0	0.35
23700	0.35	0.52	0.52	0	0	0.35
23800	0.35	0.51	0.51	0	0	0.35
23900	0.35	0.5	0.5	0	0	0.35
24000	0.35	0.5	0.5	0	0	0.35
24100	0.35	0.5	0.5	0	0	0.35
24200	0.35	0.5	0.5	0	0	0.35
24300	0.35	0.5	0.5	0	0	0.35
24400	0.34	0.5	0.5	0	0	0.34
24500	0.34	0.5	0.5	0	0	0.34
24600	0.34	0.5	0.5	0	0	0.34
24700	0.35	0.51	0.51	0	0	0.35
24800	0.35	0.51	0.51	0	0	0.35
24900	0.35	0.52	0.52	0	0	0.35
25000	0.35	0.52	0.52	0	0	0.35
25100	0.35	0.52	0.52	0	0	0.35
25200	0.35	0.52	0.52	0	0	0.35
25300	0.35	0.52	0.52	0	0	0.35
25400	0.35	0.52	0.52	0	0	0.35
25500	0.35	0.52	0.52	0	0	0.35
25600	0.36	0.52	0.52	0	0	0.36
25700	0.36	0.53	0.53	0	0	0.36
25800	0.36	0.54	0.54	0	0	0.36
25900	0.36	0.54	0.54	0	0	0.36
26000	0.36	0.54	0.54	0	0	0.36
26100	0.36	0.54	0.54	0	0	0.36
26200	0.36	0.54	0.54	0	0	0.36
26300	0.36	0.55	0.55	0	0	0.36
26400	0.36	0.55	0.55	0	0	0.36
26500	0.36	0.55	0.55	0	0	0.36
26600	0.36	0.55	0.55	0	0	0.36
26700	0.36	0.54	0.54	0	0	0.36
26800	0.36	0.54	0.54	0	0	0.36
26900	0.36	0.54	0.54	0	0	0.36
27000	0.36	0.54	0.54	0	0	0.36
27100	0.36	0.55	0.55	0	0	0.36
27200	0.36	0.55	0.55	0	0	0.36
27300	0.36	0.55	0.55	0	0	0.36
27400	0.36	0.55	0.55	0	0	0.36
27500	0.36	0.55	0.55	0	0	0.36
27600	0.36	0.55	0.55	0	0	0.36
27700	0.36	0.56	0.56	0	0	0.36
27800	0.36	0.55	0.55	0	0	0.36
27900	0.35	0.56	0.56	0	0	0.35
28000	0.35	0.56	0.56	0	0	0.35
28100	0.35	0.56	0.56	0	0	0.35
28200	0.35	0.56	0.56	0	0	0.35
28300	0.35	0.56	0.56	0	0	0.35
28400	0.35	0.56	0.56	0	0	0.35
28500	0.35	0.55	0.55	0	0	0.35
28600	0.35	0.55	0.55	0	0	0.35
28700	0.36	0.55	0.55	0	0	0.36
28800	0.36	0.55	0.55	0	0	0.36
28900	0.36	0.55	0.55	0	0	0.36
29000	0.36	0.55	0.55	0	0	0.36
29100	0.36	0.55	0.55	0	0	0.36
29200	0.37	0.55	0.55	0	0	0.37
29300	0.37	0.54	0.54	0	0	0.37
29400	0.37	0.54	0.54	0	0	0.37
29500	0.37	0.54	0.54	0	0	0.37
29600	0.37	0.52	0.52	0	0	0.37
29700	0.37	0.52	0.52	0	0	0.37
29800	0.37	0.52	0.52	0	0	0.37
29900	0.37	0.52	0.52	0	0	0.37
30000	0.37	0.51	0.51	0	0	0.37
30100	0.38	0.51	0.51	0	0	0.38
30200	0.38	0.51	0.51	0	0	0.38
30300	0.38	0.51	0.51	0	0	0.38
30400	0.38	0.51	0.51	0	0	0.38
30500	0.38	0.51	0.51	0	0	0.38
30600	0.38	0.51	0.51	0	0	0.38
30700	0.38	0.51	0.51	0	0	0.38
30800	0.38	0.51	0.51	0	0	0.38
30900	0.38	0.51	0.51	0	0	0.38
31000	0.38	0.51	0.51	0	0	0.38
31100	0.38	0.51	0.51	0	0	0.38
31200	0.38	0.5	0.5	0	0	0.38
31300	0.38	0.5	0.5	0	0	0.38
31400	0.39	0.5	0.5	0	0	0.39
31500	0.39	0.5	0.5	0	0	0.39
31600	0.39	0.5	0.5	0	0	0.39
31700	0.39	0.51	0.51	0	0	0.39
31800	0.39	0.52	0.52	0	0	0.39
31900	0.39	0.52	0.52	0	0	0.39
32000	0.4	0.52	0.52	0	0	0.4
32100	0.4	0.52	0.52	0	0	0.4
32200	0.4	0.52	0.52	0	0	0.4
32300	0.4	0.52	0.52	0	0	0.4
32400	0.4	0.52	0.52	0	0	0.4
32500	0.4	0.51	0.51	0	0	0.4
32600	0.39	0.51	0.51	0	0	0.39
32700	0.39	0.51	0.51	0	0	0.39
32800	0.39	0.51	0.51	0	0	0.39
32900	0.39	0.51	0.51	0	0	0.39
33000	0.39	0.51	0.51	0	0	0.39
33100	0.39	0.51	0.51	0	0	0.39
33200	0.39	0.52	0.52	0	0	0.39
33300	0.39	0.51	0.51	0	0	0.39
33400	0.39	0.51	0.51	0	0	0.39
33500	0.38	0.5	0.5	0	0	0.38
33600	0.38	0.5	0.5	0	0	0.38
33700	0.37	0.5	0.5	0	0	0.37
33800	0.37	0.5	0.5	0	0	0.37
33900	0.37	0.5	0.5	0	0	0.37
34000	0.37	0.5	0.5	0	0	0.37
34100	0.37	0.5	0.5	0	0	0.37
34200	0.37	0.5	0.5	0	0	0.37
34300	0.37	0.5	0.5	0	0	0.37
34400	0.38	0.5	0.5	0	0	0.38
34500	0.38	0.5	0.5	0	0	0.38
34600	0.39	0.5	0.5	0	0	0.39
34700	0.39	0.5	0.5	0	0	0.39
34800	0.39	0.5	0.5	0	0	0.39
34900	0.38	0.5	0.5	0	0	0.38
35000	0.38	0.5	0.5	0	0	0.38
35100	0.38	0.5	0.5	0	0	0.38
35200	0.38	0.5	0.5	0	0	0.38
35300	0.38	0.5	0.5	0	0	0.38
35400	0.37	0.5	0.5	0	0	0.37
35500	0.37	0.51	0.51	0	0	0.37
35600	0.37	0.51	0.51	0	0	0.37
35700	0.37	0.51	0.51	0	0	0.37
35800	0.36	0.51	0.51	0	0	0.36
35900	0.36	0.51	0.51	0	0	0.36
36000	0.35	0.51	0.51	0	0	0.35
36100	0.35	0.51	0.51	0	0	0.35
36200	0.35	0.51	0.51	0	0	0.35
36300	0.35	0.51	0.51	0	0	0.35
36400	0.35	0.51	0.51	0	0	0.35
36500	0.34	0.51	0.51	0	0	0.34
36600	0.34	0.51	0.51	0	0	0.34
36700	0.33	0.5	0.5	0	0	0.33
36800	0.33	0.5	0.5	0	0	0.33
36900	0.33	0.5	0.5	0	0	0.33
37000	0.33	0.5	0.5	0	0	0.33
37100	0.33	0.5	0.5	0	0	0.33
37200	0.32	0.5	0.5	0	0	0.32
37300	0.32	0.5	0.5	0	0	0.32
37400	0.32	0.5	0.5	0	0	0.32
37500	0.32	0.51	0.51	0	0	0.32
37600	0.32	0.53	0.53	0	0	0.32
37700	0.32	0.53	0.53	0	0	0.32
37800	0.33	0.53	0.53	0	0	0.33
37900	0.33	0.53	0.53	0	0	0.33
38000	0.33	0.53	0.53	0	0	0.33
38100	0.33	0.53	0.53	0	0	0.33
38200	0.33	0.53	0.53	0	0	0.33
38300	0.33	0.53	0.53	0	0	0.33
38400	0.33	0.53	0.53	0	0	0.33
38500	0.32	0.53	0.53	0	0	0.32
38600	0.33	0.53	0.53	0	0	0.33
38700	0.33	0.53	0.53	0	0	0.33
38800	0.33	0.53	0.53	0	0	0.33
38900	0.33	0.53	0.53	0	0	0.33
39000	0.33	0.53	0.53	0	0	0.33
39100	0.34	0.53	0.53	0	0	0.34
39200	0.34	0.53	0.53	0	0	0.34
39300	0.33	0.53	0.53	0	0	0.33
39400	0.33	0.53	0.53	0	0	0.33
39500	0.33	0.53	0.53	0	0	0.33
39600	0.33	0.53	0.53	0	0	0.33
39700	0.33	0.53	0.53	0	0	0.33
39800	0.33	0.53	0.53	0	0	0.33
39900	0.33	0.54	0.54	0	0	0.33
40000	0.33	0.54	0.54	0	0	0.33
40100	0.33	0.54	0.54	0	0	0.33
40200	0.33	0.55	0.55	0	0	0.33
40300	0.33	0.55	0.55	0	0	0.33
40400	0.33	0.55	0.55	0	0	0.33
40500	0.33	0.55	0.55	0	0	0.33
40600	0.33	0.55	0.55	0	0	0.33
40700	0.33	0.55	0.55	0	0	0.33
40800	0.33	0.55	0.55	0	0	0.33
40900	0.33	0.55	0.55	0	0	0.33
41000	0.33	0.55	0.55	0	0	0.33
41100	0.34	0.55	0.55	0	0	0.34
41200	0.34	0.55	0.55	0	0	0.34
41300	0.33	0.54	0.54	0	0	0.33
41400	0.33	0.54	0.54	0	0	0.33
41500	0.33	0.54	0.54	0	0	0.33
41600	0.33	0.54	0.54	0	0	0.33
41700	0.33	0.54	0.54	0	0	0.33
41800	0.33	0.54	0.54	0	0	0.33
41900	0.33	0.54	0.54	0	0	0.33
42000	0.33	0.54	0.54	0	0	0.33
42100	0.33	0.54	0.54	0	0	0.33
42200	0.33	0.54	0.54	0	0	0.33
42300	0.33	0.54	0.54	0	0	0.33
42400	0.34	0.54	0.54	0	0	0.34
42500	0.34	0.54	0.54	0	0	0.34
42600	0.34	0.54	0.54	0	0	0.34
42700	0.34	0.54	0.54	0	0	0.34
42800	0.34	0.54	0.54	0	0	0.34
42900	0.34	0.54	0.54	0	0	0.34
43000	0.34	0.54	0.54	0	0	0.34
43100	0.34	0.55	0.55	0	0	0.34
43200	0.34	0.55	0.55	0	0	0.34
43300	0.34	0.55	0.55	0	0	0.34
43400	0.34	0.55	0.55	0	0	0.34
43500	0.34	0.55	0.55	0	0	0.34
43600	0.34	0.55	0.55	0	0	0.34
43700	0.33	0.55	0.55	0	0	0.33
43800	0.33	0.55	0.55	0	0	0.33
43900	0.33	0.55	0.55	0	0	0.33
44000	0.32	0.55	0.55	0	0	0.32
44100	0.32	0.55	0.55	0	0	0.32
44200	0.32	0.55	0.55	0	0	0.32
44300	0.32	0.54	0.54	0	0	0.32
44400	0.32	0.54	0.54	0	0	0.32
44500	0.32	0.54	0.54	0	0	0.32
44600	0.32	0.54	0.54	0	0	0.32
44700	0.32	0.54	0.54	0	0	0.32
44800	0.32	0.54	0.54	0	0	0.32
44900	0.32	0.54	0.54	0	0	0.32
45000	0.32	0.54	0.54	0	0	0.32
45100	0.32	0.54	0.54	0	0	0.32
45200	0.32	0.54	0.54	0	0	0.32
45300	0.32	0.54	0.54	0	0	0.32
45400	0.32	0.54	0.54	0	0	0.32
45500	0.32	0.54	0.54	0	0	0.32
45600	0.33	0.54	0.54	0	0	0.33
45700	0.33	0.54	0.54	0	0	0.33
45800	0.32	0.54	0.54	0	0	0.32
45900	0.32	0.54	0.54	0	0	0.32
46000	0.32	0.55	0.55	0	0	0.32
46100	0.32	0.54	0.54	0	0	0.32
46200	0.32	0.54	0.54	0	0	0.32
46300	0.33	0.56	0.56	0	0	0.33
46400	0.33	0.56	0.56	0	0	0.33
46500	0.33	0.56	0.56	0	0	0.33
46600	0.33	0.56	0.56	0	0	0.33
46700	0.34	0.56	0.56	0	0	0.34
46800	0.34	0.56	0.56	0	0	0.34
46900	0.34	0.56	0.56	0	0	0.34
47000	0.34	0.56	0.56	0	0	0.34
47100	0.35	0.56	0.56	0	0	0.35
47200	0.35	0.56	0.56	0	0	0.35
47300	0.35	0.56	0.56	0	0	0.35
47400	0.35	0.55	0.55	0	0	0.35
47500	0.35	0.55	0.55	0	0	0.35
47600	0.35	0.55	0.55	0	0	0.35
47700	0.34	0.55	0.55	0	0	0.34
47800	0.34	0.56	0.56	0	0	0.34
47900	0.34	0.56	0.56	0	0	0.34
48000	0.34	0.56	0.56	0	0	0.34
48100	0.34	0.56	0.56	0	0	0.34
48200	0.34	0.56	0.56	0	0	0.34
48300	0.34	0.56	0.56	0	0	0.34
48400	0.34	0.57	0.57	0	0	0.34
48500	0.34	0.57	0.57	0	0	0.34
48600	0.34	0.57	0.57	0	0	0.34
48700	0.34	0.57	0.57	0	0	0.34
48800	0.33	0.57	0.57	0	0	0.33
48900	0.33	0.57	0.57	0	0	0.33
49000	0.33	0.58	0.58	0	0	0.33
49100	0.33	0.58	0.58	0	0	0.33
49200	0.33	0.58	0.58	0	0	0.33
49300	0.33	0.58	0.58	0	0	0.33
49400	0.33	0.58	0.58	0	0	0.33
49500	0.33	0.58	0.58	0	0	0.33
49600	0.33	0.58	0.58	0	0	0.33
49700	0.33	0.58	0.58	0	0	0.33
49800	0.33	0.58	0.58	0	0	0.33
49900	0.33	0.58	0.58	0	0	0.33
50000	0.33	0.58	0.58	0	0	0.33
50100	0.33	0.58	0.58	0	0	0.33
50200	0.33	0.59	0.59	0	0	0.33
50300	0.33	0.59	0.59	0	0	0.33
50400	0.33	0.59	0.59	0	0	0.33
50500	0.33	0.59	0.59	0	0	0.33
50600	0.33	0.59	0.59	0	0	0.33
50700	0.33	0.58	0.58	0	0	0.33
50800	0.33	0.58	0.58	0	0	0.33
50900	0.33	0.58	0.58	0	0	0.33
51000	0.33	0.58	0.58	0	0	0.33
51100	0.33	0.58	0.58	0	0	0.33
51200	0.33	0.58	0.58	0	0	0.33
51300	0.33	0.58	0.58	0	0	0.33
51400	0.33	0.58	0.58	0	0	0.33
51500	0.33	0.58	0.58	0	0	0.33
51600	0.33	0.58	0.58	0	0	0.33
51700	0.33	0.58	0.58	0	0	0.33
51800	0.33	0.58	0.58	0	0	0.33
51900	0.33	0.57	0.57	0	0	0.33
52000	0.33	0.57	0.57	0	0	0.33
52100	0.33	0.58	0.58	0	0	0.33
52200	0.33	0.58	0.58	0	0	0.33
52300	0.33	0.58	0.58	0	0	0.33
52400	0.33	0.58	0.58	0	0	0.33
52500	0.34	0.58	0.58	0	0	0.34
52600	0.34	0.58	0.58	0	0	0.34
52700	0.34	0.58	0.58	0	0	0.34
52800	0.34	0.57	0.57	0	0	0.34
52900	0.34	0.57	0.57	0	0	0.34
53000	0.34	0.57	0.57	0	0	0.34
53100	0.34	0.57	0.57	0	0	0.34
53200	0.34	0.57	0.57	0	0	0.34
53300	0.34	0.57	0.57	0	0	0.34
53400	0.34	0.57	0.57	0	0	0.34
53500	0.34	0.57	0.57	0	0	0.34
53600	0.34	0.57	0.57	0	0	0.34
53700	0.34	0.57	0.57	0	0	0.34
53800	0.34	0.57	0.57	0	0	0.34
53900	0.34	0.57	0.57	0	0	0.34
54000	0.35	0.58	0.58	0	0	0.35
54100	0.36	0.58	0.58	0	0	0.36
54200	0.36	0.58	0.58	0	0	0.36
54300	0.36	0.57	0.57	0	0	0.36
54400	0.36	0.57	0.57	0	0	0.36
54500	0.36	0.57	0.57	0	0	0.36
54600	0.36	0.57	0.57	0	0	0.36
54700	0.36	0.57	0.57	0	0	0.36
54800	0.36	0.57	0.57	0	0	0.36
54900	0.36	0.57	0.57	0	0	0.36
55000	0.36	0.57	0.57	0	0	0.36
55100	0.36	0.57	0.57	0	0	0.36
55200	0.36	0.57	0.57	0	0	0.36
55300	0.36	0.57	0.57	0	0	0.36
55400	0.35	0.57	0.57	0	0	0.35
55500	0.35	0.57	0.57	0	0	0.35
55600	0.35	0.57	0.57	0	0	0.35
55700	0.35	0.57	0.57	0	0	0.35
55800	0.35	0.57	0.57	0	0	0.35
55900	0.34	0.56	0.56	0	0	0.34
56000	0.34	0.57	0.57	0	0	0.34
56100	0.34	0.58	0.58	0	0	0.34
56200	0.34	0.58	0.58	0	0	0.34
56300	0.34	0.58	0.58	0	0	0.34
56400	0.34	0.58	0.58	0	0	0.34
56500	0.34	0.58	0.58	0	0	0.34
56600	0.34	0.58	0.58	0	0	0.34
56700	0.34	0.58	0.58	0	0	0.34
56800	0.34	0.58	0.58	0	0	0.34
56900	0.34	0.58	0.58	0	0	0.34
57000	0.34	0.58	0.58	0	0	0.34
57100	0.34	0.58	0.58	0	0	0.34
57200	0.34	0.58	0.58	0	0	0.34
57300	0.33	0.58	0.58	0	0	0.33
57400	0.33	0.58	0.58	0	0	0.33
57500	0.33	0.58	0.58	0	0	0.33
57600	0.33	0.58	0.58	0	0	0.33
57700	0.35	0.58	0.58	0	0	0.35
57800	0.35	0.58	0.58	0	0	0.35
57900	0.35	0.59	0.59	0	0	0.35
58000	0.35	0.59	0.59	0	0	0.35
58100	0.35	0.58	0.58	0	0	0.35
58200	0.34	0.58	0.58	0	0	0.34
58300	0.34	0.58	0.58	0	0	0.34
58400	0.34	0.57	0.57	0	0	0.34
58500	0.34	0.57	0.57	0	0	0.34
58600	0.34	0.57	0.57	0	0	0.34
58700	0.34	0.57	0.57	0	0	0.34
58800	0.34	0.57	0.57	0	0	0.34
58900	0.34	0.57	0.57	0	0	0.34
59000	0.34	0.57	0.57	0	0	0.34
59100	0.34	0.57	0.57	0	0	0.34
59200	0.34	0.57	0.57	0	0	0.34
59300	0.34	0.57	0.57	0	0	0.34
59400	0.34	0.57	0.57	0	0	0.34
59500	0.34	0.57	0.57	0	0	0.34
59600	0.34	0.57	0.57	0	0	0.34
59700	0.34	0.57	0.57	0	0	0.34
59800	0.34	0.57	0.57	0	0	0.34
59900	0.34	0.57	0.57	0	0	0.34
60000	0.34	0.57	0.57	0	0	0.34
60100	0.33	0.57	0.57	0	0	0.33
60200	0.33	0.57	0.57	0	0	0.33
60300	0.33	0.57	0.57	0	0	0.33
60400	0.33	0.57	0.57	0	0	0.33
60500	0.33	0.57	0.57	0	0	0.33
60600	0.33	0.57	0.57	0	0	0.33
60700	0.33	0.57	0.57	0	0	0.33
60800	0.33	0.57	0.57	0	0	0.33
60900	0.33	0.57	0.57	0	0	0.33
61000	0.33	0.57	0.57	0	0	0.33
61100	0.33	0.57	0.57	0	0	0.33
61200	0.33	0.57	0.57	0	0	0.33
61300	0.33	0.57	0.57	0	0	0.33
61400	0.33	0.57	0.57	0	0	0.33
61500	0.33	0.56	0.56	0	0	0.33
61600	0.33	0.56	0.56	0	0	0.33
61700	0.33	0.56	0.56	0	0	0.33
61800	0.33	0.55	0.55	0	0	0.33
61900	0.33	0.54	0.54	0	0	0.33
62000	0.33	0.54	0.54	0	0	0.33
62100	0.34	0.54	0.54	0	0	0.34
62200	0.34	0.54	0.54	0	0	0.34
62300	0.34	0.54	0.54	0	0	0.34
62400	0.34	0.54	0.54	0	0	0.34
62500	0.35	0.54	0.54	0	0	0.35
62600	0.35	0.54	0.54	0	0	0.35
62700	0.35	0.53	0.53	0	0	0.35
62800	0.35	0.53	0.53	0	0	0.35
62900	0.35	0.54	0.54	0	0	0.35
63000	0.35	0.54	0.54	0	0	0.35
63100	0.35	0.55	0.55	0	0	0.35
63200	0.35	0.55	0.55	0	0	0.35
63300	0.35	0.55	0.55	0	0	0.35
63400	0.35	0.54	0.54	0	0	0.35
63500	0.35	0.54	0.54	0	0	0.35
63600	0.36	0.54	0.54	0	0	0.36
63700	0.36	0.54	0.54	0	0	0.36
63800	0.36	0.54	0.54	0	0	0.36
63900	0.36	0.54	0.54	0	0	0.36
64000	0.36	0.54	0.54	0	0	0.36
64100	0.36	0.54	0.54	0	0	0.36
64200	0.36	0.54	0.54	0	0	0.36
64300	0.36	0.54	0.54	0	0	0.36
64400	0.36	0.54	0.54	0	0	0.36
64500	0.36	0.54	0.54	0	0	0.36
64600	0.36	0.54	0.54	0	0	0.36
64700	0.36	0.54	0.54	0	0	0.36
64800	0.36	0.54	0.54	0	0	0.36
64900	0.36	0.54	0.54	0	0	0.36
65000	0.36	0.54	0.54	0	0	0.36
65100	0.36	0.54	0.54	0	0	0.36
65200	0.36	0.54	0.54	0	0	0.36
65300	0.36	0.54	0.54	0	0	0.36
65400	0.36	0.54	0.54	0	0	0.36
65500	0.36	0.54	0.54	0	0	0.36
65600	0.36	0.54	0.54	0	0	0.36
65700	0.36	0.54	0.54	0	0	0.36
65800	0.36	0.54	0.54	0	0	0.36
65900	0.36	0.55	0.55	0	0	0.36
66000	0.36	0.55	0.55	0	0	0.36
66100	0.36	0.54	0.54	0	0	0.36
66200	0.36	0.54	0.54	0	0	0.36
66300	0.36	0.54	0.54	0	0	0.36
66400	0.36	0.55	0.55	0	0	0.36
66500	0.36	0.56	0.56	0	0	0.36
66600	0.36	0.56	0.56	0	0	0.36
66700	0.36	0.56	0.56	0	0	0.36
66800	0.36	0.56	0.56	0	0	0.36
66900	0.36	0.56	0.56	0	0	0.36
67000	0.36	0.56	0.56	0	0	0.36
67100	0.36	0.57	0.57	0	0	0.36
67200	0.36	0.57	0.57	0	0	0.36
67300	0.36	0.57	0.57	0	0	0.36
67400	0.36	0.57	0.57	0	0	0.36
67500	0.36	0.57	0.57	0	0	0.36
67600	0.36	0.57	0.57	0	0	0.36
67700	0.36	0.57	0.57	0	0	0.36
67800	0.36	0.57	0.57	0	0	0.36
67900	0.36	0.57	0.57	0	0	0.36
68000	0.36	0.57	0.57	0	0	0.36
68100	0.36	0.56	0.56	0	0	0.36
68200	0.36	0.56	0.56	0	0	0.36
68300	0.36	0.56	0.56	0	0	0.36
68400	0.36	0.56	0.56	0	0	0.36
68500	0.36	0.56	0.56	0	0	0.36
68600	0.36	0.56	0.56	0	0	0.36
68700	0.36	0.56	0.56	0	0	0.36
68800	0.36	0.56	0.56	0	0	0.36
68900	0.36	0.56	0.56	0	0	0.36
69000	0.36	0.56	0.56	0	0	0.36
69100	0.36	0.55	0.55	0	0	0.36
69200	0.36	0.55	0.55	0	0	0.36
69300	0.36	0.55	0.55	0	0	0.36
69400	0.36	0.55	0.55	0	0	0.36
69500	0.36	0.55	0.55	0	0	0.36
69600	0.36	0.55	0.55	0	0	0.36
69700	0.36	0.55	0.55	0	0	0.36
69800	0.36	0.55	0.55	0	0	0.36
69900	0.36	0.55	0.55	0	0	0.36
70000	0.36	0.55	0.55	0	0	0.36
70100	0.36	0.55	0.55	0	0	0.36
70200	0.36	0.56	0.56	0	0	0.36
70300	0.36	0.55	0.55	0	0	0.36
70400	0.36	0.55	0.55	0	0	0.36
70500	0.36	0.55	0.55	0	0	0.36
70600	0.36	0.56	0.56	0	0	0.36
70700	0.36	0.55	0.55	0	0	0.36
70800	0.36	0.55	0.55	0	0	0.36
70900	0.36	0.55	0.55	0	0	0.36
71000	0.36	0.55	0.55	0	0	0.36
71100	0.36	0.55	0.55	0	0	0.36
71200	0.36	0.55	0.55	0	0	0.36
71300	0.36	0.55	0.55	0	0	0.36
71400	0.36	0.55	0.55	0	0	0.36
71500	0.36	0.55	0.55	0	0	0.36
71600	0.36	0.55	0.55	0	0	0.36
71700	0.36	0.55	0.55	0	0	0.36
71800	0.36	0.55	0.55	0	0	0.36
71900	0.36	0.55	0.55	0	0	0.36
72000	0.36	0.55	0.55	0	0	0.36
72100	0.36	0.55	0.55	0	0	0.36
72200	0.37	0.55	0.55	0	0	0.37
72300	0.36	0.55	0.55	0	0	0.36
72400	0.36	0.55	0.55	0	0	0.36
72500	0.36	0.55	0.55	0	0	0.36
72600	0.36	0.55	0.55	0	0	0.36
72700	0.36	0.55	0.55	0	0	0.36
72800	0.36	0.55	0.55	0	0	0.36
72900	0.36	0.55	0.55	0	0	0.36
73000	0.36	0.55	0.55	0	0	0.36
73100	0.36	0.55	0.55	0	0	0.36
73200	0.36	0.55	0.55	0	0	0.36
73300	0.36	0.55	0.55	0	0	0.36
73400	0.36	0.54	0.54	0	0	0.36
73500	0.36	0.54	0.54	0	0	0.36
73600	0.36	0.54	0.54	0	0	0.36
73700	0.36	0.54	0.54	0	0	0.36
73800	0.36	0.54	0.54	0	0	0.36
73900	0.36	0.54	0.54	0	0	0.36
74000	0.36	0.54	0.54	0	0	0.36
74100	0.36	0.54	0.54	0	0	0.36
74200	0.36	0.54	0.54	0	0	0.36
74300	0.36	0.54	0.54	0	0	0.36
74400	0.36	0.54	0.54	0	0	0.36
74500	0.37	0.54	0.54	0	0	0.37
74600	0.37	0.54	0.54	0	0	0.37
74700	0.37	0.54	0.54	0	0	0.37
74800	0.37	0.54	0.54	0	0	0.37
74900	0.37	0.54	0.54	0	0	0.37
75000	0.37	0.55	0.55	0	0	0.37
75100	0.37	0.55	0.55	0	0	0.37
75200	0.37	0.55	0.55	0	0	0.37
75300	0.37	0.55	0.55	0	0	0.37
75400	0.37	0.54	0.54	0	0	0.37
75500	0.37	0.54	0.54	0	0	0.37
75600	0.37	0.54	0.54	0	0	0.37
75700	0.37	0.54	0.54	0	0	0.37
75800	0.37	0.54	0.54	0	0	0.37
75900	0.37	0.54	0.54	0	0	0.37
76000	0.37	0.54	0.54	0	0	0.37
76100	0.37	0.54	0.54	0	0	0.37
76200	0.37	0.54	0.54	0	0	0.37
76300	0.37	0.54	0.54	0	0	0.37
76400	0.37	0.54	0.54	0	0	0.37
76500	0.37	0.54	0.54	0	0	0.37
76600	0.37	0.53	0.53	0	0	0.37
76700	0.37	0.53	0.53	0	0	0.37
76800	0.37	0.53	0.53	0	0	0.37
76900	0.37	0.53	0.53	0	0	0.37
77000	0.37	0.53	0.53	0	0	0.37
77100	0.37	0.53	0.53	0	0	0.37
77200	0.37	0.53	0.53	0	0	0.37
77300	0.37	0.53	0.53	0	0	0.37
77400	0.37	0.53	0.53	0	0	0.37
77500	0.37	0.53	0.53	0	0	0.37
77600	0.37	0.53	0.53	0	0	0.37
77700	0.37	0.53	0.53	0	0	0.37
77800	0.37	0.53	0.53	0	0	0.37
77900	0.37	0.53	0.53	0	0	0.37
78000	0.37	0.53	0.53	0	0	0.37
78100	0.37	0.53	0.53	0	0	0.37
78200	0.37	0.53	0.53	0	0	0.37
78300	0.37	0.53	0.53	0	0	0.37
78400	0.37	0.54	0.54	0	0	0.37
78500	0.37	0.53	0.53	0	0	0.37
78600	0.37	0.53	0.53	0	0	0.37
78700	0.37	0.53	0.53	0	0	0.37
78800	0.38	0.53	0.53	0	0	0.38
78900	0.38	0.53	0.53	0	0	0.38
79000	0.38	0.53	0.53	0	0	0.38
79100	0.38	0.53	0.53	0	0	0.38
79200	0.39	0.53	0.53	0	0	0.39
79300	0.39	0.53	0.53	0	0	0.39
79400	0.39	0.53	0.53	0	0	0.39
79500	0.39	0.53	0.53	0	0	0.39
79600	0.39	0.53	0.53	0	0	0.39
79700	0.39	0.53	0.53	0	0	0.39
79800	0.39	0.53	0.53	0	0	0.39
79900	0.39	0.53	0.53	0	0	0.39
80000	0.39	0.53	0.53	0	0	0.39
80100	0.39	0.53	0.53	0	0	0.39
80200	0.39	0.53	0.53	0	0	0.39
80300	0.39	0.53	0.53	0	0	0.39
80400	0.39	0.53	0.53	0	0	0.39
80500	0.39	0.53	0.53	0	0	0.39
80600	0.39	0.53	0.53	0	0	0.39
80700	0.38	0.53	0.53	0	0	0.38
80800	0.38	0.53	0.53	0	0	0.38
80900	0.38	0.53	0.53	0	0	0.38
81000	0.38	0.53	0.53	0	0	0.38
81100	0.37	0.53	0.53	0	0	0.37
81200	0.37	0.53	0.53	0	0	0.37
81300	0.37	0.54	0.54	0	0	0.37
81400	0.37	0.54	0.54	0	0	0.37
81500	0.38	0.54	0.54	0	0	0.38
81600	0.38	0.54	0.54	0	0	0.38
81700	0.37	0.54	0.54	0	0	0.37
81800	0.37	0.54	0.54	0	0	0.37
81900	0.37	0.54	0.54	0	0	0.37
82000	0.37	0.54	0.54	0	0	0.37
82100	0.37	0.54	0.54	0	0	0.37
82200	0.37	0.54	0.54	0	0	0.37
82300	0.37	0.53	0.53	0	0	0.37
82400	0.37	0.53	0.53	0	0	0.37
82500	0.38	0.52	0.52	0	0	0.38
82600	0.38	0.52	0.52	0	0	0.38
82700	0.39	0.51	0.51	0	0	0.39
82800	0.39	0.51	0.51	0	0	0.39
82900	0.39	0.52	0.52	0	0	0.39
83000	0.39	0.52	0.52	0	0	0.39
83100	0.39	0.52	0.52	0	0	0.39
83200	0.39	0.52	0.52	0	0	0.39
83300	0.39	0.52	0.52	0	0	0.39
83400	0.39	0.52	0.52	0	0	0.39
83500	0.39	0.52	0.52	0	0	0.39
83600	0.39	0.52	0.52	0	0	0.39
83700	0.39	0.52	0.52	0	0	0.39
83800	0.39	0.52	0.52	0	0	0.39
83900	0.39	0.52	0.52	0	0	0.39
84000	0.39	0.52	0.52	0	0	0.39
84100	0.39	0.52	0.52	0	0	0.39
84200	0.39	0.52	0.52	0	0	0.39
84300	0.39	0.52	0.52	0	0	0.39
84400	0.39	0.52	0.52	0	0	0.39
84500	0.39	0.53	0.53	0	0	0.39
84600	0.39	0.53	0.53	0	0	0.39
84700	0.39	0.53	0.53	0	0	0.39
84800	0.39	0.53	0.53	0	0	0.39
84900	0.39	0.53	0.53	0	0	0.39
85000	0.39	0.53	0.53	0	0	0.39
85100	0.39	0.53	0.53	0	0	0.39
85200	0.39	0.53	0.53	0	0	0.39
85300	0.39	0.53	0.53	0	0	0.39
85400	0.39	0.53	0.53	0	0	0.39
85500	0.39	0.53	0.53	0	0	0.39
85600	0.39	0.54	0.54	0	0	0.39
85700	0.4	0.54	0.54	0	0	0.4
85800	0.4	0.54	0.54	0	0	0.4
85900	0.4	0.57	0.57	0	0	0.4
86000	0.4	0.57	0.57	0	0	0.4
86100	0.4	0.57	0.57	0	0	0.4
86200	0.39	0.57	0.57	0	0	0.39
86300	0.39	0.57	0.57	0	0	0.39
86400	0.39	0.57	0.57	0	0	0.39
86500	0.39	0.57	0.57	0	0	0.39
86600	0.39	0.57	0.57	0	0	0.39
86700	0.39	0.57	0.57	0	0	0.39
86800	0.39	0.57	0.57	0	0	0.39
86900	0.39	0.57	0.57	0	0	0.39
87000	0.39	0.57	0.57	0	0	0.39
87100	0.39	0.56	0.56	0	0	0.39
87200	0.39	0.56	0.56	0	0	0.39
87300	0.39	0.56	0.56	0	0	0.39
87400	0.39	0.56	0.56	0	0	0.39
87500	0.38	0.56	0.56	0	0	0.38
87600	0.38	0.56	0.56	0	0	0.38
87700	0.38	0.56	0.56	0	0	0.38
87800	0.38	0.56	0.56	0	0	0.38
87900	0.38	0.56	0.56	0	0	0.38
88000	0.38	0.56	0.56	0	0	0.38
88100	0.38	0.56	0.56	0	0	0.38
88200	0.38	0.56	0.56	0	0	0.38
88300	0.38	0.56	0.56	0	0	0.38
88400	0.38	0.56	0.56	0	0	0.38
88500	0.38	0.56	0.56	0	0	0.38
88600	0.38	0.56	0.56	0	0	0.38
88700	0.38	0.56	0.56	0	0	0.38
88800	0.38	0.56	0.56	0	0	0.38
88900	0.38	0.56	0.56	0	0	0.38
89000	0.38	0.56	0.56	0	0	0.38
89100	0.38	0.56	0.56	0	0	0.38
89200	0.38	0.56	0.56	0	0	0.38
89300	0.38	0.56	0.56	0	0	0.38
89400	0.38	0.56	0.56	0	0	0.38
89500	0.38	0.56	0.56	0	0	0.38
89600	0.38	0.56	0.56	0	0	0.38
89700	0.39	0.56	0.56	0	0	0.39
89800	0.39	0.56	0.56	0	0	0.39
89900	0.39	0.56	0.56	0	0	0.39
90000	0.39	0.57	0.57	0	0	0.39
90100	0.39	0.56	0.56	0	0	0.39
90200	0.39	0.56	0.56	0	0	0.39
90300	0.39	0.56	0.56	0	0	0.39
90400	0.39	0.56	0.56	0	0	0.39
90500	0.39	0.56	0.56	0	0	0.39
90600	0.39	0.56	0.56	0	0	0.39
90700	0.38	0.56	0.56	0	0	0.38
90800	0.38	0.56	0.56	0	0	0.38
90900	0.38	0.57	0.57	0	0	0.38
91000	0.38	0.57	0.57	0	0	0.38
91100	0.38	0.57	0.57	0	0	0.38
91200	0.38	0.57	0.57	0	0	0.38
91300	0.38	0.58	0.58	0	0	0.38
91400	0.38	0.58	0.58	0	0	0.38
91500	0.38	0.58	0.58	0	0	0.38
91600	0.38	0.58	0.58	0	0	0.38
91700	0.37	0.58	0.58	0	0	0.37
91800	0.37	0.58	0.58	0	0	0.37
91900	0.37	0.57	0.57	0	0	0.37
92000	0.37	0.57	0.57	0	0	0.37
92100	0.37	0.57	0.57	0	0	0.37
92200	0.37	0.58	0.58	0	0	0.37
92300	0.37	0.58	0.58	0	0	0.37
92400	0.37	0.58	0.58	0	0	0.37
92500	0.37	0.58	0.58	0	0	0.37
92600	0.37	0.58	0.58	0	0	0.37
92700	0.37	0.58	0.58	0	0	0.37
92800	0.36	0.58	0.58	0	0	0.36
92900	0.36	0.58	0.58	0	0	0.36
93000	0.37	0.58	0.58	0	0	0.37
93100	0.37	0.58	0.58	0	0	0.37
93200	0.37	0.58	0.58	0	0	0.37
93300	0.37	0.58	0.58	0	0	0.37
93400	0.37	0.59	0.59	0	0	0.37
93500	0.37	0.59	0.59	0	0	0.37
93600	0.37	0.59	0.59	0	0	0.37
93700	0.37	0.59	0.59	0	0	0.37
93800	0.37	0.58	0.58	0	0	0.37
93900	0.37	0.58	0.58	0	0	0.37
94000	0.37	0.58	0.58	0	0	0.37
94100	0.37	0.58	0.58	0	0	0.37
94200	0.37	0.59	0.59	0	0	0.37
94300	0.37	0.59	0.59	0	0	0.37
94400	0.37	0.59	0.59	0	0	0.37
94500	0.37	0.59	0.59	0	0	0.37
94600	0.37	0.59	0.59	0	0	0.37
94700	0.37	0.59	0.59	0	0	0.37
94800	0.37	0.59	0.59	0	0	0.37
94900	0.37	0.59	0.59	0	0	0.37
95000	0.37	0.59	0.59	0	0	0.37
95100	0.37	0.59	0.59	0	0	0.37
95200	0.37	0.59	0.59	0	0	0.37
95300	0.37	0.59	0.59	0	0	0.37
95400	0.37	0.59	0.59	0	0	0.37
95500	0.37	0.59	0.59	0	0	0.37
95600	0.37	0.59	0.59	0	0	0.37
95700	0.37	0.59	0.59	0	0	0.37
95800	0.37	0.59	0.59	0	0	0.37
95900	0.37	0.59	0.59	0	0	0.37
96000	0.37	0.58	0.58	0	0	0.37
96100	0.37	0.58	0.58	0	0	0.37
96200	0.37	0.58	0.58	0	0	0.37
96300	0.37	0.58	0.58	0	0	0.37
96400	0.37	0.58	0.58	0	0	0.37
96500	0.36	0.58	0.58	0	0	0.36
96600	0.36	0.58	0.58	0	0	0.36
96700	0.36	0.58	0.58	0	0	0.36
96800	0.36	0.58	0.58	0	0	0.36
96900	0.36	0.58	0.58	0	0	0.36
97000	0.36	0.58	0.58	0	0	0.36
97100	0.36	0.58	0.58	0	0	0.36
97200	0.36	0.58	0.58	0	0	0.36
97300	0.36	0.58	0.58	0	0	0.36
97400	0.36	0.58	0.58	0	0	0.36
97500	0.36	0.58	0.58	0	0	0.36
97600	0.36	0.58	0.58	0	0	0.36
97700	0.37	0.58	0.58	0	0	0.37
97800	0.37	0.58	0.58	0	0	0.37
97900	0.37	0.58	0.58	0	0	0.37
98000	0.37	0.58	0.58	0	0	0.37
98100	0.37	0.57	0.57	0	0	0.37
98200	0.37	0.57	0.57	0	0	0.37
98300	0.37	0.57	0.57	0	0	0.37
98400	0.37	0.57	0.57	0	0	0.37
98500	0.37	0.57	0.57	0	0	0.37
98600	0.37	0.57	0.57	0	0	0.37
98700	0.37	0.57	0.57	0	0	0.37
98800	0.37	0.57	0.57	0	0	0.37
98900	0.37	0.56	0.56	0	0	0.37
99000	0.37	0.55	0.55	0	0	0.37
99100	0.37	0.55	0.55	0	0	0.37
99200	0.38	0.55	0.55	0	0	0.38
99300	0.38	0.55	0.55	0	0	0.38
99400	0.38	0.55	0.55	0	0	0.38
99500	0.38	0.55	0.55	0	0	0.38
99600	0.38	0.55	0.55	0	0	0.38
99700	0.38	0.55	0.55	0	0	0.38
99800	0.38	0.55	0.55	0	0	0.38
99900	0.38	0.55	0.55	0	0	0.38
100000	0.38	0.55	0.55	0	0	0.38
