100	0.06	0.08	0.08	0	0	0.06
200	0.07	0.09	0.09	0	0	0.07
300	0.07	0.09	0.09	0	0	0.07
400	0.07	0.11	0.11	0	0	0.07
500	0.09	0.12	0.12	0	0	0.09
600	0.1	0.13	0.13	0	0	0.1
700	0.12	0.13	0.13	0	0	0.12
800	0.15	0.13	0.13	0	0	0.15
900	0.17	0.13	0.13	0	0	0.17
1000	0.17	0.14	0.14	0	0	0.17
1100	0.17	0.14	0.14	0	0	0.17
1200	0.18	0.13	0.13	0	0	0.18
1300	0.2	0.15	0.15	0	0	0.2
1400	0.22	0.16	0.16	0	0	0.22
1500	0.22	0.17	0.17	0	0	0.22
1600	0.21	0.17	0.17	0	0	0.21
1700	0.22	0.18	0.18	0	0	0.22
1800	0.23	0.17	0.17	0	0	0.23
1900	0.25	0.17	0.17	0	0	0.25
2000	0.26	0.17	0.17	0	0	0.26
2100	0.25	0.18	0.18	0	0	0.25
2200	0.25	0.18	0.18	0	0	0.25
2300	0.26	0.2	0.2	0	0	0.26
2400	0.26	0.23	0.23	0	0	0.26
2500	0.26	0.23	0.23	0	0	0.26
2600	0.26	0.23	0.23	0	0	0.26
2700	0.26	0.23	0.23	0	0	0.26
2800	0.26	0.24	0.24	0	0	0.26
2900	0.26	0.24	0.24	0	0	0.26
3000	0.26	0.27	0.27	0	0	0.26
3100	0.26	0.28	0.28	0	0	0.26
3200	0.26	0.29	0.29	0	0	0.26
3300	0.26	0.3	0.3	0	0	0.26
3400	0.26	0.31	0.31	0	0	0.26
3500	0.26	0.32	0.32	0	0	0.26
3600	0.26	0.31	0.31	0	0	0.26
3700	0.26	0.3	0.3	0	0	0.26
3800	0.27	0.3	0.3	0	0	0.27
3900	0.28	0.29	0.29	0	0	0.28
4000	0.29	0.31	0.31	0	0	0.29
4100	0.28	0.31	0.31	0	0	0.28
4200	0.28	0.31	0.31	0	0	0.28
4300	0.29	0.31	0.31	0	0	0.29
4400	0.29	0.3	0.3	0	0	0.29
4500	0.3	0.31	0.31	0	0	0.3
4600	0.3	0.31	0.31	0	0	0.3
4700	0.3	0.31	0.31	0	0	0.3
4800	0.3	0.31	0.31	0	0	0.3
4900	0.3	0.33	0.33	0	0	0.3
5000	0.3	0.33	0.33	0	0	0.3
5100	0.3	0.33	0.33	0	0	0.3
5200	0.3	0.33	0.33	0	0	0.3
5300	0.3	0.33	0.33	0	0	0.3
5400	0.3	0.33	0.33	0	0	0.3
5500	0.31	0.31	0.31	0	0	0.31
5600	0.31	0.32	0.32	0	0	0.31
5700	0.3	0.33	0.33	0	0	0.3
5800	0.3	0.34	0.34	0	0	0.3
5900	0.3	0.34	0.34	0	0	0.3
6000	0.3	0.35	0.35	0	0	0.3
6100	0.3	0.37	0.37	0	0	0.3
6200	0.3	0.37	0.37	0	0	0.3
6300	0.31	0.34	0.34	0	0	0.31
6400	0.31	0.35	0.35	0	0	0.31
6500	0.31	0.35	0.35	0	0	0.31
6600	0.31	0.35	0.35	0	0	0.31
6700	0.31	0.35	0.35	0	0	0.31
6800	0.33	0.35	0.35	0	0	0.33
6900	0.33	0.35	0.35	0	0	0.33
7000	0.33	0.35	0.35	0	0	0.33
7100	0.33	0.34	0.34	0	0	0.33
7200	0.33	0.34	0.34	0	0	0.33
7300	0.33	0.34	0.34	0	0	0.33
7400	0.33	0.34	0.34	0	0	0.33
7500	0.33	0.33	0.33	0	0	0.33
7600	0.33	0.33	0.33	0	0	0.33
7700	0.33	0.33	0.33	0	0	0.33
7800	0.33	0.33	0.33	0	0	0.33
7900	0.33	0.33	0.33	0	0	0.33
8000	0.32	0.34	0.34	0	0	0.32
8100	0.32	0.35	0.35	0	0	0.32
8200	0.32	0.33	0.33	0	0	0.32
8300	0.32	0.34	0.34	0	0	0.32
8400	0.32	0.33	0.33	0	0	0.32
8500	0.32	0.33	0.33	0	0	0.32
8600	0.32	0.34	0.34	0	0	0.32
8700	0.32	0.34	0.34	0	0	0.32
8800	0.32	0.35	0.35	0	0	0.32
8900	0.32	0.35	0.35	0	0	0.32
9000	0.32	0.36	0.36	0	0	0.32
9100	0.32	0.37	0.37	0	0	0.32
9200	0.32	0.38	0.38	0	0	0.32
9300	0.31	0.38	0.38	0	0	0.31
9400	0.31	0.37	0.37	0	0	0.31
9500	0.31	0.37	0.37	0	0	0.31
9600	0.31	0.37	0.37	0	0	0.31
9700	0.32	0.37	0.37	0	0	0.32
9800	0.32	0.37	0.37	0	0	0.32
9900	0.32	0.39	0.39	0	0	0.32
10000	0.32	0.39	0.39	0	0	0.32
10100	0.33	0.4	0.4	0	0	0.33
10200	0.33	0.4	0.4	0	0	0.33
10300	0.34	0.4	0.4	0	0	0.34
10400	0.35	0.38	0.38	0	0	0.35
10500	0.35	0.38	0.38	0	0	0.35
10600	0.35	0.38	0.38	0	0	0.35
10700	0.35	0.38	0.38	0	0	0.35
10800	0.35	0.38	0.38	0	0	0.35
10900	0.35	0.38	0.38	0	0	0.35
11000	0.35	0.38	0.38	0	0	0.35
11100	0.35	0.39	0.39	0	0	0.35
11200	0.37	0.39	0.39	0	0	0.37
11300	0.37	0.38	0.38	0	0	0.37
11400	0.37	0.38	0.38	0	0	0.37
11500	0.37	0.39	0.39	0	0	0.37
11600	0.37	0.39	0.39	0	0	0.37
11700	0.37	0.39	0.39	0	0	0.37
11800	0.37	0.38	0.38	0	0	0.37
11900	0.37	0.4	0.4	0	0	0.37
12000	0.37	0.39	0.39	0	0	0.37
12100	0.37	0.39	0.39	0	0	0.37
12200	0.38	0.39	0.39	0	0	0.38
12300	0.38	0.39	0.39	0	0	0.38
12400	0.38	0.4	0.4	0	0	0.38
12500	0.38	0.4	0.4	0	0	0.38
12600	0.39	0.4	0.4	0	0	0.39
12700	0.39	0.4	0.4	0	0	0.39
12800	0.39	0.41	0.41	0	0	0.39
12900	0.38	0.41	0.41	0	0	0.38
13000	0.38	0.41	0.41	0	0	0.38
13100	0.37	0.42	0.42	0	0	0.37
13200	0.37	0.42	0.42	0	0	0.37
13300	0.36	0.43	0.43	0	0	0.36
13400	0.36	0.43	0.43	0	0	0.36
13500	0.36	0.43	0.43	0	0	0.36
13600	0.36	0.43	0.43	0	0	0.36
13700	0.36	0.44	0.44	0	0	0.36
13800	0.35	0.44	0.44	0	0	0.35
13900	0.35	0.43	0.43	0	0	0.35
14000	0.35	0.43	0.43	0	0	0.35
14100	0.35	0.43	0.43	0	0	0.35
14200	0.35	0.43	0.43	0	0	0.35
14300	0.35	0.43	0.43	0	0	0.35
14400	0.36	0.43	0.43	0	0	0.36
14500	0.36	0.43	0.43	0	0	0.36
14600	0.36	0.43	0.43	0	0	0.36
14700	0.34	0.43	0.43	0	0	0.34
14800	0.34	0.44	0.44	0	0	0.34
14900	0.34	0.44	0.44	0	0	0.34
15000	0.34	0.43	0.43	0	0	0.34
15100	0.34	0.42	0.42	0	0	0.34
15200	0.34	0.42	0.42	0	0	0.34
15300	0.34	0.42	0.42	0	0	0.34
15400	0.34	0.42	0.42	0	0	0.34
15500	0.36	0.42	0.42	0	0	0.36
15600	0.36	0.43	0.43	0	0	0.36
15700	0.36	0.43	0.43	0	0	0.36
15800	0.36	0.43	0.43	0	0	0.36
15900	0.37	0.43	0.43	0	0	0.37
16000	0.36	0.43	0.43	0	0	0.36
16100	0.36	0.43	0.43	0	0	0.36
16200	0.36	0.43	0.43	0	0	0.36
16300	0.36	0.43	0.43	0	0	0.36
16400	0.36	0.43	0.43	0	0	0.36
16500	0.36	0.42	0.42	0	0	0.36
16600	0.37	0.42	0.42	0	0	0.37
16700	0.38	0.42	0.42	0	0	0.38
16800	0.38	0.42	0.42	0	0	0.38
16900	0.38	0.42	0.42	0	0	0.38
17000	0.4	0.42	0.42	0	0	0.4
17100	0.4	0.42	0.42	0	0	0.4
17200	0.41	0.42	0.42	0	0	0.41
17300	0.4	0.42	0.42	0	0	0.4
17400	0.4	0.42	0.42	0	0	0.4
17500	0.4	0.42	0.42	0	0	0.4
17600	0.4	0.42	0.42	0	0	0.4
17700	0.4	0.42	0.42	0	0	0.4
17800	0.39	0.42	0.42	0	0	0.39
17900	0.39	0.42	0.42	0	0	0.39
18000	0.39	0.42	0.42	0	0	0.39
18100	0.39	0.42	0.42	0	0	0.39
18200	0.4	0.42	0.42	0	0	0.4
18300	0.4	0.42	0.42	0	0	0.4
18400	0.39	0.41	0.41	0	0	0.39
18500	0.39	0.41	0.41	0	0	0.39
18600	0.39	0.41	0.41	0	0	0.39
18700	0.39	0.41	0.41	0	0	0.39
18800	0.39	0.42	0.42	0	0	0.39
18900	0.39	0.4	0.4	0	0	0.39
19000	0.39	0.4	0.4	0	0	0.39
19100	0.39	0.4	0.4	0	0	0.39
19200	0.4	0.39	0.39	0	0	0.4
19300	0.4	0.4	0.4	0	0	0.4
19400	0.4	0.4	0.4	0	0	0.4
19500	0.4	0.4	0.4	0	0	0.4
19600	0.4	0.4	0.4	0	0	0.4
19700	0.4	0.4	0.4	0	0	0.4
19800	0.4	0.4	0.4	0	0	0.4
19900	0.4	0.4	0.4	0	0	0.4
20000	0.4	0.4	0.4	0	0	0.4
20100	0.4	0.4	0.4	0	0	0.4
20200	0.4	0.4	0.4	0	0	0.4
20300	0.4	0.4	0.4	0	0	0.4
20400	0.4	0.4	0.4	0	0	0.4
20500	0.4	0.4	0.4	0	0	0.4
20600	0.4	0.4	0.4	0	0	0.4
20700	0.39	0.41	0.41	0	0	0.39
20800	0.39	0.41	0.41	0	0	0.39
20900	0.38	0.42	0.42	0	0	0.38
21000	0.38	0.43	0.43	0	0	0.38
21100	0.38	0.43	0.43	0	0	0.38
21200	0.38	0.43	0.43	0	0	0.38
21300	0.38	0.43	0.43	0	0	0.38
21400	0.39	0.43	0.43	0	0	0.39
21500	0.39	0.43	0.43	0	0	0.39
21600	0.39	0.43	0.43	0	0	0.39
21700	0.39	0.43	0.43	0	0	0.39
21800	0.39	0.43	0.43	0	0	0.39
21900	0.4	0.43	0.43	0	0	0.4
22000	0.4	0.44	0.44	0	0	0.4
22100	0.4	0.44	0.44	0	0	0.4
22200	0.4	0.44	0.44	0	0	0.4
22300	0.4	0.45	0.45	0	0	0.4
22400	0.4	0.45	0.45	0	0	0.4
22500	0.4	0.45	0.45	0	0	0.4
22600	0.4	0.44	0.44	0	0	0.4
22700	0.4	0.45	0.45	0	0	0.4
22800	0.4	0.45	0.45	0	0	0.4
22900	0.4	0.45	0.45	0	0	0.4
23000	0.4	0.46	0.46	0	0	0.4
23100	0.4	0.47	0.47	0	0	0.4
23200	0.4	0.47	0.47	0	0	0.4
23300	0.4	0.47	0.47	0	0	0.4
23400	0.4	0.47	0.47	0	0	0.4
23500	0.4	0.47	0.47	0	0	0.4
23600	0.39	0.46	0.46	0	0	0.39
23700	0.39	0.45	0.45	0	0	0.39
23800	0.39	0.45	0.45	0	0	0.39
23900	0.39	0.45	0.45	0	0	0.39
24000	0.39	0.44	0.44	0	0	0.39
24100	0.39	0.44	0.44	0	0	0.39
24200	0.4	0.44	0.44	0	0	0.4
24300	0.39	0.44	0.44	0	0	0.39
24400	0.39	0.44	0.44	0	0	0.39
24500	0.39	0.45	0.45	0	0	0.39
24600	0.39	0.45	0.45	0	0	0.39
24700	0.39	0.45	0.45	0	0	0.39
24800	0.4	0.45	0.45	0	0	0.4
24900	0.39	0.45	0.45	0	0	0.39
25000	0.39	0.45	0.45	0	0	0.39
25100	0.39	0.45	0.45	0	0	0.39
25200	0.39	0.45	0.45	0	0	0.39
25300	0.39	0.45	0.45	0	0	0.39
25400	0.38	0.45	0.45	0	0	0.38
25500	0.38	0.45	0.45	0	0	0.38
25600	0.38	0.45	0.45	0	0	0.38
25700	0.38	0.45	0.45	0	0	0.38
25800	0.39	0.46	0.46	0	0	0.39
25900	0.39	0.46	0.46	0	0	0.39
26000	0.39	0.46	0.46	0	0	0.39
26100	0.39	0.48	0.48	0	0	0.39
26200	0.39	0.48	0.48	0	0	0.39
26300	0.39	0.48	0.48	0	0	0.39
26400	0.39	0.48	0.48	0	0	0.39
26500	0.39	0.48	0.48	0	0	0.39
26600	0.39	0.48	0.48	0	0	0.39
26700	0.38	0.48	0.48	0	0	0.38
26800	0.38	0.49	0.49	0	0	0.38
26900	0.38	0.48	0.48	0	0	0.38
27000	0.38	0.48	0.48	0	0	0.38
27100	0.38	0.49	0.49	0	0	0.38
27200	0.38	0.49	0.49	0	0	0.38
27300	0.39	0.49	0.49	0	0	0.39
27400	0.39	0.5	0.5	0	0	0.39
27500	0.39	0.5	0.5	0	0	0.39
27600	0.39	0.5	0.5	0	0	0.39
27700	0.39	0.5	0.5	0	0	0.39
27800	0.39	0.5	0.5	0	0	0.39
27900	0.39	0.5	0.5	0	0	0.39
28000	0.39	0.5	0.5	0	0	0.39
28100	0.39	0.5	0.5	0	0	0.39
28200	0.39	0.5	0.5	0	0	0.39
28300	0.39	0.5	0.5	0	0	0.39
28400	0.39	0.51	0.51	0	0	0.39
28500	0.39	0.51	0.51	0	0	0.39
28600	0.39	0.51	0.51	0	0	0.39
28700	0.39	0.51	0.51	0	0	0.39
28800	0.39	0.51	0.51	0	0	0.39
28900	0.39	0.51	0.51	0	0	0.39
29000	0.39	0.51	0.51	0	0	0.39
29100	0.39	0.51	0.51	0	0	0.39
29200	0.39	0.51	0.51	0	0	0.39
29300	0.39	0.51	0.51	0	0	0.39
29400	0.39	0.52	0.52	0	0	0.39
29500	0.39	0.53	0.53	0	0	0.39
29600	0.39	0.53	0.53	0	0	0.39
29700	0.39	0.53	0.53	0	0	0.39
29800	0.39	0.53	0.53	0	0	0.39
29900	0.39	0.53	0.53	0	0	0.39
30000	0.4	0.53	0.53	0	0	0.4
30100	0.4	0.53	0.53	0	0	0.4
30200	0.4	0.53	0.53	0	0	0.4
30300	0.4	0.53	0.53	0	0	0.4
30400	0.4	0.53	0.53	0	0	0.4
30500	0.4	0.53	0.53	0	0	0.4
30600	0.4	0.52	0.52	0	0	0.4
30700	0.4	0.52	0.52	0	0	0.4
30800	0.4	0.51	0.51	0	0	0.4
30900	0.4	0.52	0.52	0	0	0.4
31000	0.4	0.52	0.52	0	0	0.4
31100	0.4	0.51	0.51	0	0	0.4
31200	0.4	0.51	0.51	0	0	0.4
31300	0.4	0.51	0.51	0	0	0.4
31400	0.4	0.51	0.51	0	0	0.4
31500	0.4	0.51	0.51	0	0	0.4
31600	0.4	0.51	0.51	0	0	0.4
31700	0.4	0.52	0.52	0	0	0.4
31800	0.4	0.52	0.52	0	0	0.4
31900	0.41	0.52	0.52	0	0	0.41
32000	0.41	0.52	0.52	0	0	0.41
32100	0.41	0.52	0.52	0	0	0.41
32200	0.41	0.52	0.52	0	0	0.41
32300	0.41	0.53	0.53	0	0	0.41
32400	0.41	0.54	0.54	0	0	0.41
32500	0.41	0.54	0.54	0	0	0.41
32600	0.41	0.55	0.55	0	0	0.41
32700	0.41	0.55	0.55	0	0	0.41
32800	0.41	0.55	0.55	0	0	0.41
32900	0.41	0.55	0.55	0	0	0.41
33000	0.41	0.55	0.55	0	0	0.41
33100	0.41	0.55	0.55	0	0	0.41
33200	0.41	0.55	0.55	0	0	0.41
33300	0.41	0.55	0.55	0	0	0.41
33400	0.41	0.55	0.55	0	0	0.41
33500	0.41	0.55	0.55	0	0	0.41
33600	0.41	0.55	0.55	0	0	0.41
33700	0.41	0.55	0.55	0	0	0.41
33800	0.41	0.55	0.55	0	0	0.41
33900	0.4	0.56	0.56	0	0	0.4
34000	0.4	0.56	0.56	0	0	0.4
34100	0.4	0.55	0.55	0	0	0.4
34200	0.4	0.55	0.55	0	0	0.4
34300	0.4	0.55	0.55	0	0	0.4
34400	0.4	0.55	0.55	0	0	0.4
34500	0.4	0.54	0.54	0	0	0.4
34600	0.4	0.52	0.52	0	0	0.4
34700	0.4	0.52	0.52	0	0	0.4
34800	0.4	0.52	0.52	0	0	0.4
34900	0.4	0.52	0.52	0	0	0.4
35000	0.4	0.52	0.52	0	0	0.4
35100	0.4	0.52	0.52	0	0	0.4
35200	0.4	0.52	0.52	0	0	0.4
35300	0.4	0.52	0.52	0	0	0.4
35400	0.4	0.52	0.52	0	0	0.4
35500	0.4	0.52	0.52	0	0	0.4
35600	0.4	0.52	0.52	0	0	0.4
35700	0.4	0.51	0.51	0	0	0.4
35800	0.4	0.51	0.51	0	0	0.4
35900	0.4	0.52	0.52	0	0	0.4
36000	0.4	0.52	0.52	0	0	0.4
36100	0.4	0.52	0.52	0	0	0.4
36200	0.41	0.52	0.52	0	0	0.41
36300	0.41	0.52	0.52	0	0	0.41
36400	0.41	0.52	0.52	0	0	0.41
36500	0.41	0.52	0.52	0	0	0.41
36600	0.41	0.53	0.53	0	0	0.41
36700	0.41	0.53	0.53	0	0	0.41
36800	0.41	0.53	0.53	0	0	0.41
36900	0.41	0.53	0.53	0	0	0.41
37000	0.41	0.53	0.53	0	0	0.41
37100	0.41	0.53	0.53	0	0	0.41
37200	0.41	0.53	0.53	0	0	0.41
37300	0.41	0.53	0.53	0	0	0.41
37400	0.41	0.53	0.53	0	0	0.41
37500	0.41	0.53	0.53	0	0	0.41
37600	0.41	0.53	0.53	0	0	0.41
37700	0.41	0.53	0.53	0	0	0.41
37800	0.41	0.53	0.53	0	0	0.41
37900	0.41	0.53	0.53	0	0	0.41
38000	0.41	0.53	0.53	0	0	0.41
38100	0.41	0.53	0.53	0	0	0.41
38200	0.41	0.53	0.53	0	0	0.41
38300	0.4	0.53	0.53	0	0	0.4
38400	0.4	0.53	0.53	0	0	0.4
38500	0.4	0.53	0.53	0	0	0.4
38600	0.4	0.53	0.53	0	0	0.4
38700	0.4	0.53	0.53	0	0	0.4
38800	0.4	0.53	0.53	0	0	0.4
38900	0.4	0.53	0.53	0	0	0.4
39000	0.4	0.53	0.53	0	0	0.4
39100	0.4	0.53	0.53	0	0	0.4
39200	0.4	0.53	0.53	0	0	0.4
39300	0.4	0.53	0.53	0	0	0.4
39400	0.4	0.53	0.53	0	0	0.4
39500	0.4	0.53	0.53	0	0	0.4
39600	0.4	0.53	0.53	0	0	0.4
39700	0.4	0.53	0.53	0	0	0.4
39800	0.4	0.53	0.53	0	0	0.4
39900	0.4	0.53	0.53	0	0	0.4
40000	0.41	0.53	0.53	0	0	0.41
40100	0.41	0.53	0.53	0	0	0.41
40200	0.41	0.53	0.53	0	0	0.41
40300	0.41	0.53	0.53	0	0	0.41
40400	0.41	0.53	0.53	0	0	0.41
40500	0.41	0.53	0.53	0	0	0.41
40600	0.41	0.54	0.54	0	0	0.41
40700	0.41	0.54	0.54	0	0	0.41
40800	0.41	0.54	0.54	0	0	0.41
40900	0.41	0.54	0.54	0	0	0.41
41000	0.41	0.54	0.54	0	0	0.41
41100	0.41	0.54	0.54	0	0	0.41
41200	0.41	0.54	0.54	0	0	0.41
41300	0.41	0.54	0.54	0	0	0.41
41400	0.41	0.54	0.54	0	0	0.41
41500	0.41	0.54	0.54	0	0	0.41
41600	0.41	0.54	0.54	0	0	0.41
41700	0.41	0.54	0.54	0	0	0.41
41800	0.41	0.54	0.54	0	0	0.41
41900	0.4	0.54	0.54	0	0	0.4
42000	0.4	0.54	0.54	0	0	0.4
42100	0.4	0.54	0.54	0	0	0.4
42200	0.4	0.54	0.54	0	0	0.4
42300	0.4	0.54	0.54	0	0	0.4
42400	0.4	0.54	0.54	0	0	0.4
42500	0.4	0.54	0.54	0	0	0.4
42600	0.4	0.54	0.54	0	0	0.4
42700	0.4	0.54	0.54	0	0	0.4
42800	0.4	0.53	0.53	0	0	0.4
42900	0.4	0.53	0.53	0	0	0.4
43000	0.4	0.53	0.53	0	0	0.4
43100	0.4	0.53	0.53	0	0	0.4
43200	0.4	0.53	0.53	0	0	0.4
43300	0.4	0.52	0.52	0	0	0.4
43400	0.4	0.52	0.52	0	0	0.4
43500	0.4	0.52	0.52	0	0	0.4
43600	0.4	0.52	0.52	0	0	0.4
43700	0.4	0.52	0.52	0	0	0.4
43800	0.4	0.53	0.53	0	0	0.4
43900	0.4	0.53	0.53	0	0	0.4
44000	0.4	0.53	0.53	0	0	0.4
44100	0.4	0.53	0.53	0	0	0.4
44200	0.4	0.53	0.53	0	0	0.4
44300	0.4	0.53	0.53	0	0	0.4
44400	0.4	0.53	0.53	0	0	0.4
44500	0.4	0.53	0.53	0	0	0.4
44600	0.4	0.53	0.53	0	0	0.4
44700	0.4	0.53	0.53	0	0	0.4
44800	0.4	0.54	0.54	0	0	0.4
44900	0.4	0.54	0.54	0	0	0.4
45000	0.4	0.54	0.54	0	0	0.4
45100	0.4	0.54	0.54	0	0	0.4
45200	0.4	0.54	0.54	0	0	0.4
45300	0.4	0.54	0.54	0	0	0.4
45400	0.4	0.54	0.54	0	0	0.4
45500	0.4	0.53	0.53	0	0	0.4
45600	0.4	0.53	0.53	0	0	0.4
45700	0.4	0.53	0.53	0	0	0.4
45800	0.4	0.53	0.53	0	0	0.4
45900	0.4	0.53	0.53	0	0	0.4
46000	0.4	0.53	0.53	0	0	0.4
46100	0.4	0.54	0.54	0	0	0.4
46200	0.4	0.54	0.54	0	0	0.4
46300	0.4	0.54	0.54	0	0	0.4
46400	0.4	0.53	0.53	0	0	0.4
46500	0.41	0.53	0.53	0	0	0.41
46600	0.41	0.53	0.53	0	0	0.41
46700	0.41	0.53	0.53	0	0	0.41
46800	0.41	0.53	0.53	0	0	0.41
46900	0.41	0.53	0.53	0	0	0.41
47000	0.41	0.53	0.53	0	0	0.41
47100	0.41	0.53	0.53	0	0	0.41
47200	0.41	0.52	0.52	0	0	0.41
47300	0.41	0.52	0.52	0	0	0.41
47400	0.41	0.52	0.52	0	0	0.41
47500	0.41	0.52	0.52	0	0	0.41
47600	0.41	0.52	0.52	0	0	0.41
47700	0.41	0.52	0.52	0	0	0.41
47800	0.41	0.52	0.52	0	0	0.41
47900	0.41	0.52	0.52	0	0	0.41
48000	0.41	0.52	0.52	0	0	0.41
48100	0.41	0.52	0.52	0	0	0.41
48200	0.41	0.52	0.52	0	0	0.41
48300	0.41	0.52	0.52	0	0	0.41
48400	0.4	0.52	0.52	0	0	0.4
48500	0.4	0.52	0.52	0	0	0.4
48600	0.4	0.52	0.52	0	0	0.4
48700	0.4	0.53	0.53	0	0	0.4
48800	0.4	0.53	0.53	0	0	0.4
48900	0.4	0.53	0.53	0	0	0.4
49000	0.39	0.53	0.53	0	0	0.39
49100	0.39	0.53	0.53	0	0	0.39
49200	0.39	0.53	0.53	0	0	0.39
49300	0.38	0.53	0.53	0	0	0.38
49400	0.39	0.53	0.53	0	0	0.39
49500	0.39	0.53	0.53	0	0	0.39
49600	0.39	0.53	0.53	0	0	0.39
49700	0.39	0.54	0.54	0	0	0.39
49800	0.39	0.55	0.55	0	0	0.39
49900	0.39	0.54	0.54	0	0	0.39
50000	0.39	0.54	0.54	0	0	0.39
50100	0.39	0.54	0.54	0	0	0.39
50200	0.39	0.55	0.55	0	0	0.39
50300	0.39	0.55	0.55	0	0	0.39
50400	0.39	0.55	0.55	0	0	0.39
50500	0.39	0.55	0.55	0	0	0.39
50600	0.39	0.56	0.56	0	0	0.39
50700	0.39	0.56	0.56	0	0	0.39
50800	0.39	0.56	0.56	0	0	0.39
50900	0.38	0.56	0.56	0	0	0.38
51000	0.37	0.55	0.55	0	0	0.37
51100	0.37	0.55	0.55	0	0	0.37
51200	0.37	0.55	0.55	0	0	0.37
51300	0.37	0.55	0.55	0	0	0.37
51400	0.37	0.54	0.54	0	0	0.37
51500	0.37	0.53	0.53	0	0	0.37
51600	0.37	0.52	0.52	0	0	0.37
51700	0.37	0.52	0.52	0	0	0.37
51800	0.37	0.52	0.52	0	0	0.37
51900	0.37	0.52	0.52	0	0	0.37
52000	0.37	0.52	0.52	0	0	0.37
52100	0.37	0.52	0.52	0	0	0.37
52200	0.37	0.52	0.52	0	0	0.37
52300	0.37	0.52	0.52	0	0	0.37
52400	0.37	0.52	0.52	0	0	0.37
52500	0.37	0.52	0.52	0	0	0.37
52600	0.37	0.52	0.52	0	0	0.37
52700	0.37	0.52	0.52	0	0	0.37
52800	0.37	0.52	0.52	0	0	0.37
52900	0.37	0.51	0.51	0	0	0.37
53000	0.37	0.51	0.51	0	0	0.37
53100	0.37	0.51	0.51	0	0	0.37
53200	0.37	0.51	0.51	0	0	0.37
53300	0.37	0.51	0.51	0	0	0.37
53400	0.37	0.51	0.51	0	0	0.37
53500	0.37	0.51	0.51	0	0	0.37
53600	0.38	0.51	0.51	0	0	0.38
53700	0.38	0.52	0.52	0	0	0.38
53800	0.38	0.52	0.52	0	0	0.38
53900	0.38	0.52	0.52	0	0	0.38
54000	0.38	0.52	0.52	0	0	0.38
54100	0.38	0.53	0.53	0	0	0.38
54200	0.38	0.53	0.53	0	0	0.38
54300	0.38	0.53	0.53	0	0	0.38
54400	0.39	0.53	0.53	0	0	0.39
54500	0.39	0.52	0.52	0	0	0.39
54600	0.39	0.52	0.52	0	0	0.39
54700	0.39	0.52	0.52	0	0	0.39
54800	0.39	0.52	0.52	0	0	0.39
54900	0.39	0.52	0.52	0	0	0.39
55000	0.39	0.52	0.52	0	0	0.39
55100	0.39	0.52	0.52	0	0	0.39
55200	0.39	0.52	0.52	0	0	0.39
55300	0.38	0.52	0.52	0	0	0.38
55400	0.38	0.52	0.52	0	0	0.38
55500	0.38	0.52	0.52	0	0	0.38
55600	0.38	0.52	0.52	0	0	0.38
55700	0.38	0.52	0.52	0	0	0.38
55800	0.38	0.53	0.53	0	0	0.38
55900	0.38	0.53	0.53	0	0	0.38
56000	0.38	0.53	0.53	0	0	0.38
56100	0.38	0.53	0.53	0	0	0.38
56200	0.37	0.53	0.53	0	0	0.37
56300	0.37	0.53	0.53	0	0	0.37
56400	0.37	0.53	0.53	0	0	0.37
56500	0.37	0.53	0.53	0	0	0.37
56600	0.37	0.53	0.53	0	0	0.37
56700	0.37	0.53	0.53	0	0	0.37
56800	0.37	0.53	0.53	0	0	0.37
56900	0.37	0.53	0.53	0	0	0.37
57000	0.37	0.53	0.53	0	0	0.37
57100	0.37	0.54	0.54	0	0	0.37
57200	0.37	0.54	0.54	0	0	0.37
57300	0.37	0.54	0.54	0	0	0.37
57400	0.38	0.54	0.54	0	0	0.38
57500	0.38	0.54	0.54	0	0	0.38
57600	0.38	0.54	0.54	0	0	0.38
57700	0.38	0.53	0.53	0	0	0.38
57800	0.38	0.53	0.53	0	0	0.38
57900	0.38	0.53	0.53	0	0	0.38
58000	0.38	0.53	0.53	0	0	0.38
58100	0.38	0.52	0.52	0	0	0.38
58200	0.38	0.53	0.53	0	0	0.38
58300	0.38	0.53	0.53	0	0	0.38
58400	0.38	0.53	0.53	0	0	0.38
58500	0.38	0.53	0.53	0	0	0.38
58600	0.38	0.53	0.53	0	0	0.38
58700	0.38	0.54	0.54	0	0	0.38
58800	0.38	0.54	0.54	0	0	0.38
58900	0.38	0.54	0.54	0	0	0.38
59000	0.38	0.54	0.54	0	0	0.38
59100	0.38	0.54	0.54	0	0	0.38
59200	0.38	0.54	0.54	0	0	0.38
59300	0.38	0.54	0.54	0	0	0.38
59400	0.38	0.54	0.54	0	0	0.38
59500	0.38	0.54	0.54	0	0	0.38
59600	0.38	0.55	0.55	0	0	0.38
59700	0.38	0.56	0.56	0	0	0.38
59800	0.38	0.56	0.56	0	0	0.38
59900	0.38	0.55	0.55	0	0	0.38
60000	0.38	0.55	0.55	0	0	0.38
60100	0.38	0.55	0.55	0	0	0.38
60200	0.38	0.55	0.55	0	0	0.38
60300	0.38	0.55	0.55	0	0	0.38
60400	0.38	0.55	0.55	0	0	0.38
60500	0.38	0.55	0.55	0	0	0.38
60600	0.37	0.55	0.55	0	0	0.37
60700	0.37	0.55	0.55	0	0	0.37
60800	0.37	0.54	0.54	0	0	0.37
60900	0.37	0.54	0.54	0	0	0.37
61000	0.37	0.54	0.54	0	0	0.37
61100	0.37	0.55	0.55	0	0	0.37
61200	0.37	0.55	0.55	0	0	0.37
61300	0.37	0.55	0.55	0	0	0.37
61400	0.37	0.55	0.55	0	0	0.37
61500	0.37	0.55	0.55	0	0	0.37
61600	0.36	0.55	0.55	0	0	0.36
61700	0.36	0.55	0.55	0	0	0.36
61800	0.35	0.55	0.55	0	0	0.35
61900	0.35	0.55	0.55	0	0	0.35
62000	0.35	0.55	0.55	0	0	0.35
62100	0.35	0.55	0.55	0	0	0.35
62200	0.35	0.56	0.56	0	0	0.35
62300	0.36	0.56	0.56	0	0	0.36
62400	0.36	0.56	0.56	0	0	0.36
62500	0.36	0.56	0.56	0	0	0.36
62600	0.36	0.56	0.56	0	0	0.36
62700	0.36	0.56	0.56	0	0	0.36
62800	0.36	0.56	0.56	0	0	0.36
62900	0.36	0.56	0.56	0	0	0.36
63000	0.36	0.56	0.56	0	0	0.36
63100	0.36	0.56	0.56	0	0	0.36
63200	0.36	0.57	0.57	0	0	0.36
63300	0.36	0.57	0.57	0	0	0.36
63400	0.36	0.57	0.57	0	0	0.36
63500	0.36	0.57	0.57	0	0	0.36
63600	0.36	0.57	0.57	0	0	0.36
63700	0.36	0.57	0.57	0	0	0.36
63800	0.36	0.58	0.58	0	0	0.36
63900	0.36	0.58	0.58	0	0	0.36
64000	0.36	0.58	0.58	0	0	0.36
64100	0.36	0.58	0.58	0	0	0.36
64200	0.36	0.58	0.58	0	0	0.36
64300	0.36	0.58	0.58	0	0	0.36
64400	0.36	0.58	0.58	0	0	0.36
64500	0.35	0.58	0.58	0	0	0.35
64600	0.35	0.58	0.58	0	0	0.35
64700	0.35	0.58	0.58	0	0	0.35
64800	0.35	0.58	0.58	0	0	0.35
64900	0.35	0.58	0.58	0	0	0.35
65000	0.35	0.58	0.58	0	0	0.35
65100	0.35	0.58	0.58	0	0	0.35
65200	0.35	0.58	0.58	0	0	0.35
65300	0.35	0.58	0.58	0	0	0.35
65400	0.35	0.58	0.58	0	0	0.35
65500	0.35	0.58	0.58	0	0	0.35
65600	0.35	0.58	0.58	0	0	0.35
65700	0.35	0.59	0.59	0	0	0.35
65800	0.35	0.59	0.59	0	0	0.35
65900	0.35	0.59	0.59	0	0	0.35
66000	0.35	0.59	0.59	0	0	0.35
66100	0.35	0.59	0.59	0	0	0.35
66200	0.36	0.59	0.59	0	0	0.36
66300	0.36	0.59	0.59	0	0	0.36
66400	0.36	0.59	0.59	0	0	0.36
66500	0.36	0.59	0.59	0	0	0.36
66600	0.36	0.59	0.59	0	0	0.36
66700	0.36	0.59	0.59	0	0	0.36
66800	0.36	0.59	0.59	0	0	0.36
66900	0.36	0.59	0.59	0	0	0.36
67000	0.36	0.59	0.59	0	0	0.36
67100	0.36	0.58	0.58	0	0	0.36
67200	0.36	0.58	0.58	0	0	0.36
67300	0.36	0.57	0.57	0	0	0.36
67400	0.36	0.57	0.57	0	0	0.36
67500	0.36	0.57	0.57	0	0	0.36
67600	0.36	0.57	0.57	0	0	0.36
67700	0.36	0.56	0.56	0	0	0.36
67800	0.36	0.57	0.57	0	0	0.36
67900	0.36	0.56	0.56	0	0	0.36
68000	0.36	0.56	0.56	0	0	0.36
68100	0.36	0.56	0.56	0	0	0.36
68200	0.36	0.56	0.56	0	0	0.36
68300	0.36	0.56	0.56	0	0	0.36
68400	0.36	0.56	0.56	0	0	0.36
68500	0.36	0.55	0.55	0	0	0.36
68600	0.36	0.54	0.54	0	0	0.36
68700	0.36	0.54	0.54	0	0	0.36
68800	0.36	0.54	0.54	0	0	0.36
68900	0.36	0.54	0.54	0	0	0.36
69000	0.36	0.54	0.54	0	0	0.36
69100	0.36	0.54	0.54	0	0	0.36
69200	0.36	0.54	0.54	0	0	0.36
69300	0.36	0.54	0.54	0	0	0.36
69400	0.36	0.54	0.54	0	0	0.36
69500	0.36	0.54	0.54	0	0	0.36
69600	0.36	0.54	0.54	0	0	0.36
69700	0.36	0.53	0.53	0	0	0.36
69800	0.36	0.54	0.54	0	0	0.36
69900	0.36	0.54	0.54	0	0	0.36
70000	0.35	0.54	0.54	0	0	0.35
70100	0.35	0.54	0.54	0	0	0.35
70200	0.35	0.54	0.54	0	0	0.35
70300	0.36	0.54	0.54	0	0	0.36
70400	0.36	0.54	0.54	0	0	0.36
70500	0.36	0.55	0.55	0	0	0.36
70600	0.36	0.55	0.55	0	0	0.36
70700	0.36	0.56	0.56	0	0	0.36
70800	0.36	0.56	0.56	0	0	0.36
70900	0.36	0.56	0.56	0	0	0.36
71000	0.36	0.56	0.56	0	0	0.36
71100	0.36	0.56	0.56	0	0	0.36
71200	0.36	0.56	0.56	0	0	0.36
71300	0.36	0.56	0.56	0	0	0.36
71400	0.36	0.56	0.56	0	0	0.36
71500	0.36	0.56	0.56	0	0	0.36
71600	0.36	0.57	0.57	0	0	0.36
71700	0.36	0.57	0.57	0	0	0.36
71800	0.36	0.58	0.58	0	0	0.36
71900	0.36	0.58	0.58	0	0	0.36
72000	0.36	0.59	0.59	0	0	0.36
72100	0.36	0.58	0.58	0	0	0.36
72200	0.36	0.58	0.58	0	0	0.36
72300	0.36	0.57	0.57	0	0	0.36
72400	0.36	0.57	0.57	0	0	0.36
72500	0.36	0.57	0.57	0	0	0.36
72600	0.36	0.57	0.57	0	0	0.36
72700	0.36	0.57	0.57	0	0	0.36
72800	0.36	0.57	0.57	0	0	0.36
72900	0.36	0.57	0.57	0	0	0.36
73000	0.36	0.57	0.57	0	0	0.36
73100	0.36	0.57	0.57	0	0	0.36
73200	0.36	0.56	0.56	0	0	0.36
73300	0.36	0.56	0.56	0	0	0.36
73400	0.36	0.57	0.57	0	0	0.36
73500	0.36	0.57	0.57	0	0	0.36
73600	0.36	0.56	0.56	0	0	0.36
73700	0.36	0.55	0.55	0	0	0.36
73800	0.36	0.54	0.54	0	0	0.36
73900	0.36	0.54	0.54	0	0	0.36
74000	0.36	0.54	0.54	0	0	0.36
74100	0.36	0.56	0.56	0	0	0.36
74200	0.36	0.56	0.56	0	0	0.36
74300	0.36	0.56	0.56	0	0	0.36
74400	0.36	0.57	0.57	0	0	0.36
74500	0.36	0.57	0.57	0	0	0.36
74600	0.36	0.57	0.57	0	0	0.36
74700	0.36	0.57	0.57	0	0	0.36
74800	0.36	0.57	0.57	0	0	0.36
74900	0.36	0.57	0.57	0	0	0.36
75000	0.36	0.57	0.57	0	0	0.36
75100	0.36	0.56	0.56	0	0	0.36
75200	0.36	0.56	0.56	0	0	0.36
75300	0.36	0.56	0.56	0	0	0.36
75400	0.36	0.56	0.56	0	0	0.36
75500	0.36	0.56	0.56	0	0	0.36
75600	0.36	0.56	0.56	0	0	0.36
75700	0.36	0.56	0.56	0	0	0.36
75800	0.36	0.56	0.56	0	0	0.36
75900	0.36	0.56	0.56	0	0	0.36
76000	0.36	0.56	0.56	0	0	0.36
76100	0.36	0.56	0.56	0	0	0.36
76200	0.36	0.56	0.56	0	0	0.36
76300	0.36	0.56	0.56	0	0	0.36
76400	0.36	0.56	0.56	0	0	0.36
76500	0.36	0.55	0.55	0	0	0.36
76600	0.36	0.55	0.55	0	0	0.36
76700	0.36	0.55	0.55	0	0	0.36
76800	0.36	0.55	0.55	0	0	0.36
76900	0.36	0.55	0.55	0	0	0.36
77000	0.36	0.55	0.55	0	0	0.36
77100	0.35	0.55	0.55	0	0	0.35
77200	0.35	0.55	0.55	0	0	0.35
77300	0.35	0.55	0.55	0	0	0.35
77400	0.35	0.55	0.55	0	0	0.35
77500	0.35	0.55	0.55	0	0	0.35
77600	0.35	0.55	0.55	0	0	0.35
77700	0.35	0.55	0.55	0	0	0.35
77800	0.36	0.55	0.55	0	0	0.36
77900	0.36	0.56	0.56	0	0	0.36
78000	0.35	0.56	0.56	0	0	0.35
78100	0.35	0.56	0.56	0	0	0.35
78200	0.35	0.57	0.57	0	0	0.35
78300	0.35	0.57	0.57	0	0	0.35
78400	0.35	0.57	0.57	0	0	0.35
78500	0.35	0.57	0.57	0	0	0.35
78600	0.35	0.57	0.57	0	0	0.35
78700	0.35	0.57	0.57	0	0	0.35
78800	0.35	0.57	0.57	0	0	0.35
78900	0.35	0.56	0.56	0	0	0.35
79000	0.35	0.56	0.56	0	0	0.35
79100	0.35	0.56	0.56	0	0	0.35
79200	0.35	0.56	0.56	0	0	0.35
79300	0.35	0.56	0.56	0	0	0.35
79400	0.35	0.56	0.56	0	0	0.35
79500	0.35	0.56	0.56	0	0	0.35
79600	0.35	0.57	0.57	0	0	0.35
79700	0.35	0.57	0.57	0	0	0.35
79800	0.35	0.56	0.56	0	0	0.35
79900	0.35	0.56	0.56	0	0	0.35
80000	0.35	0.56	0.56	0	0	0.35
80100	0.35	0.56	0.56	0	0	0.35
80200	0.35	0.56	0.56	0	0	0.35
80300	0.35	0.56	0.56	0	0	0.35
80400	0.35	0.56	0.56	0	0	0.35
80500	0.35	0.56	0.56	0	0	0.35
80600	0.35	0.57	0.57	0	0	0.35
80700	0.35	0.57	0.57	0	0	0.35
80800	0.35	0.57	0.57	0	0	0.35
80900	0.35	0.57	0.57	0	0	0.35
81000	0.35	0.57	0.57	0	0	0.35
81100	0.35	0.57	0.57	0	0	0.35
81200	0.35	0.57	0.57	0	0	0.35
81300	0.35	0.57	0.57	0	0	0.35
81400	0.35	0.57	0.57	0	0	0.35
81500	0.36	0.57	0.57	0	0	0.36
81600	0.36	0.57	0.57	0	0	0.36
81700	0.36	0.57	0.57	0	0	0.36
81800	0.36	0.57	0.57	0	0	0.36
81900	0.36	0.58	0.58	0	0	0.36
82000	0.36	0.57	0.57	0	0	0.36
82100	0.36	0.57	0.57	0	0	0.36
82200	0.36	0.57	0.57	0	0	0.36
82300	0.36	0.58	0.58	0	0	0.36
82400	0.36	0.58	0.58	0	0	0.36
82500	0.36	0.58	0.58	0	0	0.36
82600	0.36	0.58	0.58	0	0	0.36
82700	0.36	0.58	0.58	0	0	0.36
82800	0.36	0.58	0.58	0	0	0.36
82900	0.36	0.58	0.58	0	0	0.36
83000	0.36	0.58	0.58	0	0	0.36
83100	0.36	0.58	0.58	0	0	0.36
83200	0.36	0.58	0.58	0	0	0.36
83300	0.36	0.58	0.58	0	0	0.36
83400	0.36	0.58	0.58	0	0	0.36
83500	0.36	0.58	0.58	0	0	0.36
83600	0.36	0.58	0.58	0	0	0.36
83700	0.36	0.58	0.58	0	0	0.36
83800	0.36	0.59	0.59	0	0	0.36
83900	0.36	0.59	0.59	0	0	0.36
84000	0.36	0.59	0.59	0	0	0.36
84100	0.36	0.59	0.59	0	0	0.36
84200	0.36	0.59	0.59	0	0	0.36
84300	0.36	0.59	0.59	0	0	0.36
84400	0.36	0.59	0.59	0	0	0.36
84500	0.36	0.59	0.59	0	0	0.36
84600	0.36	0.59	0.59	0	0	0.36
84700	0.36	0.59	0.59	0	0	0.36
84800	0.36	0.59	0.59	0	0	0.36
84900	0.36	0.59	0.59	0	0	0.36
85000	0.37	0.59	0.59	0	0	0.37
85100	0.37	0.59	0.59	0	0	0.37
85200	0.37	0.59	0.59	0	0	0.37
85300	0.37	0.59	0.59	0	0	0.37
85400	0.37	0.59	0.59	0	0	0.37
85500	0.37	0.59	0.59	0	0	0.37
85600	0.37	0.59	0.59	0	0	0.37
85700	0.37	0.59	0.59	0	0	0.37
85800	0.37	0.59	0.59	0	0	0.37
85900	0.37	0.59	0.59	0	0	0.37
86000	0.37	0.59	0.59	0	0	0.37
86100	0.37	0.59	0.59	0	0	0.37
86200	0.37	0.59	0.59	0	0	0.37
86300	0.37	0.59	0.59	0	0	0.37
86400	0.37	0.59	0.59	0	0	0.37
86500	0.37	0.59	0.59	0	0	0.37
86600	0.37	0.59	0.59	0	0	0.37
86700	0.37	0.58	0.58	0	0	0.37
86800	0.37	0.58	0.58	0	0	0.37
86900	0.37	0.58	0.58	0	0	0.37
87000	0.37	0.58	0.58	0	0	0.37
87100	0.37	0.58	0.58	0	0	0.37
87200	0.37	0.58	0.58	0	0	0.37
87300	0.37	0.58	0.58	0	0	0.37
87400	0.37	0.58	0.58	0	0	0.37
87500	0.37	0.58	0.58	0	0	0.37
87600	0.37	0.58	0.58	0	0	0.37
87700	0.37	0.58	0.58	0	0	0.37
87800	0.37	0.58	0.58	0	0	0.37
87900	0.37	0.58	0.58	0	0	0.37
88000	0.37	0.58	0.58	0	0	0.37
88100	0.37	0.59	0.59	0	0	0.37
88200	0.37	0.59	0.59	0	0	0.37
88300	0.37	0.59	0.59	0	0	0.37
88400	0.37	0.59	0.59	0	0	0.37
88500	0.37	0.59	0.59	0	0	0.37
88600	0.37	0.59	0.59	0	0	0.37
88700	0.37	0.59	0.59	0	0	0.37
88800	0.37	0.59	0.59	0	0	0.37
88900	0.37	0.59	0.59	0	0	0.37
89000	0.37	0.59	0.59	0	0	0.37
89100	0.37	0.59	0.59	0	0	0.37
89200	0.37	0.59	0.59	0	0	0.37
89300	0.37	0.59	0.59	0	0	0.37
89400	0.36	0.59	0.59	0	0	0.36
89500	0.35	0.59	0.59	0	0	0.35
89600	0.35	0.59	0.59	0	0	0.35
89700	0.35	0.58	0.58	0	0	0.35
89800	0.35	0.58	0.58	0	0	0.35
89900	0.35	0.58	0.58	0	0	0.35
90000	0.35	0.58	0.58	0	0	0.35
90100	0.35	0.58	0.58	0	0	0.35
90200	0.35	0.58	0.58	0	0	0.35
90300	0.35	0.58	0.58	0	0	0.35
90400	0.35	0.57	0.57	0	0	0.35
90500	0.35	0.56	0.56	0	0	0.35
90600	0.35	0.56	0.56	0	0	0.35
90700	0.35	0.57	0.57	0	0	0.35
90800	0.34	0.57	0.57	0	0	0.34
90900	0.34	0.57	0.57	0	0	0.34
91000	0.34	0.57	0.57	0	0	0.34
91100	0.34	0.57	0.57	0	0	0.34
91200	0.34	0.56	0.56	0	0	0.34
91300	0.34	0.56	0.56	0	0	0.34
91400	0.34	0.56	0.56	0	0	0.34
91500	0.34	0.57	0.57	0	0	0.34
91600	0.33	0.57	0.57	0	0	0.33
91700	0.33	0.56	0.56	0	0	0.33
91800	0.33	0.57	0.57	0	0	0.33
91900	0.33	0.57	0.57	0	0	0.33
92000	0.33	0.57	0.57	0	0	0.33
92100	0.33	0.56	0.56	0	0	0.33
92200	0.33	0.56	0.56	0	0	0.33
92300	0.33	0.56	0.56	0	0	0.33
92400	0.33	0.56	0.56	0	0	0.33
92500	0.34	0.56	0.56	0	0	0.34
92600	0.35	0.56	0.56	0	0	0.35
92700	0.35	0.56	0.56	0	0	0.35
92800	0.35	0.56	0.56	0	0	0.35
92900	0.35	0.56	0.56	0	0	0.35
93000	0.36	0.56	0.56	0	0	0.36
93100	0.36	0.56	0.56	0	0	0.36
93200	0.36	0.57	0.57	0	0	0.36
93300	0.36	0.57	0.57	0	0	0.36
93400	0.36	0.57	0.57	0	0	0.36
93500	0.36	0.57	0.57	0	0	0.36
93600	0.37	0.57	0.57	0	0	0.37
93700	0.37	0.56	0.56	0	0	0.37
93800	0.37	0.56	0.56	0	0	0.37
93900	0.37	0.56	0.56	0	0	0.37
94000	0.37	0.56	0.56	0	0	0.37
94100	0.37	0.56	0.56	0	0	0.37
94200	0.37	0.57	0.57	0	0	0.37
94300	0.37	0.57	0.57	0	0	0.37
94400	0.37	0.57	0.57	0	0	0.37
94500	0.37	0.57	0.57	0	0	0.37
94600	0.37	0.57	0.57	0	0	0.37
94700	0.37	0.57	0.57	0	0	0.37
94800	0.37	0.57	0.57	0	0	0.37
94900	0.37	0.57	0.57	0	0	0.37
95000	0.37	0.57	0.57	0	0	0.37
95100	0.37	0.57	0.57	0	0	0.37
95200	0.37	0.57	0.57	0	0	0.37
95300	0.37	0.56	0.56	0	0	0.37
95400	0.37	0.56	0.56	0	0	0.37
95500	0.37	0.56	0.56	0	0	0.37
95600	0.37	0.56	0.56	0	0	0.37
95700	0.37	0.56	0.56	0	0	0.37
95800	0.37	0.56	0.56	0	0	0.37
95900	0.37	0.56	0.56	0	0	0.37
96000	0.37	0.56	0.56	0	0	0.37
96100	0.37	0.56	0.56	0	0	0.37
96200	0.37	0.56	0.56	0	0	0.37
96300	0.37	0.55	0.55	0	0	0.37
96400	0.37	0.55	0.55	0	0	0.37
96500	0.37	0.55	0.55	0	0	0.37
96600	0.37	0.55	0.55	0	0	0.37
96700	0.37	0.55	0.55	0	0	0.37
96800	0.37	0.55	0.55	0	0	0.37
96900	0.37	0.55	0.55	0	0	0.37
97000	0.37	0.55	0.55	0	0	0.37
97100	0.37	0.55	0.55	0	0	0.37
97200	0.37	0.55	0.55	0	0	0.37
97300	0.37	0.55	0.55	0	0	0.37
97400	0.37	0.54	0.54	0	0	0.37
97500	0.37	0.54	0.54	0	0	0.37
97600	0.37	0.54	0.54	0	0	0.37
97700	0.37	0.54	0.54	0	0	0.37
97800	0.37	0.54	0.54	0	0	0.37
97900	0.37	0.55	0.55	0	0	0.37
98000	0.37	0.56	0.56	0	0	0.37
98100	0.37	0.57	0.57	0	0	0.37
98200	0.37	0.56	0.56	0	0	0.37
98300	0.37	0.56	0.56	0	0	0.37
98400	0.37	0.56	0.56	0	0	0.37
98500	0.37	0.56	0.56	0	0	0.37
98600	0.37	0.56	0.56	0	0	0.37
98700	0.37	0.55	0.55	0	0	0.37
98800	0.37	0.55	0.55	0	0	0.37
98900	0.37	0.55	0.55	0	0	0.37
99000	0.37	0.54	0.54	0	0	0.37
99100	0.37	0.54	0.54	0	0	0.37
99200	0.37	0.54	0.54	0	0	0.37
99300	0.37	0.53	0.53	0	0	0.37
99400	0.38	0.53	0.53	0	0	0.38
99500	0.38	0.53	0.53	0	0	0.38
99600	0.38	0.53	0.53	0	0	0.38
99700	0.38	0.53	0.53	0	0	0.38
99800	0.38	0.53	0.53	0	0	0.38
99900	0.38	0.53	0.53	0	0	0.38
100000	0.38	0.53	0.53	0	0	0.38
