100	0.06	0.08	0.08	0	0	0.06
200	0.07	0.1	0.1	0	0	0.07
300	0.08	0.12	0.12	0	0	0.08
400	0.08	0.12	0.12	0	0	0.08
500	0.08	0.12	0.12	0	0	0.08
600	0.09	0.15	0.15	0	0	0.09
700	0.1	0.15	0.15	0	0	0.1
800	0.1	0.16	0.16	0	0	0.1
900	0.1	0.15	0.15	0	0	0.1
1000	0.1	0.16	0.16	0	0	0.1
1100	0.1	0.17	0.17	0	0	0.1
1200	0.12	0.17	0.17	0	0	0.12
1300	0.13	0.18	0.18	0	0	0.13
1400	0.15	0.22	0.22	0	0	0.15
1500	0.16	0.22	0.22	0	0	0.16
1600	0.18	0.23	0.23	0	0	0.18
1700	0.19	0.24	0.24	0	0	0.19
1800	0.19	0.24	0.24	0	0	0.19
1900	0.21	0.24	0.24	0	0	0.21
2000	0.21	0.25	0.25	0	0	0.21
2100	0.21	0.27	0.27	0	0	0.21
2200	0.24	0.27	0.27	0	0	0.24
2300	0.25	0.27	0.27	0	0	0.25
2400	0.25	0.28	0.28	0	0	0.25
2500	0.25	0.28	0.28	0	0	0.25
2600	0.25	0.27	0.27	0	0	0.25
2700	0.24	0.27	0.27	0	0	0.24
2800	0.23	0.29	0.29	0	0	0.23
2900	0.23	0.3	0.3	0	0	0.23
3000	0.23	0.31	0.31	0	0	0.23
3100	0.23	0.31	0.31	0	0	0.23
3200	0.23	0.33	0.33	0	0	0.23
3300	0.23	0.33	0.33	0	0	0.23
3400	0.23	0.33	0.33	0	0	0.23
3500	0.23	0.33	0.33	0	0	0.23
3600	0.24	0.34	0.34	0	0	0.24
3700	0.24	0.36	0.36	0	0	0.24
3800	0.24	0.35	0.35	0	0	0.24
3900	0.24	0.35	0.35	0	0	0.24
4000	0.26	0.36	0.36	0	0	0.26
4100	0.26	0.36	0.36	0	0	0.26
4200	0.27	0.37	0.37	0	0	0.27
4300	0.27	0.37	0.37	0	0	0.27
4400	0.27	0.37	0.37	0	0	0.27
4500	0.27	0.37	0.37	0	0	0.27
4600	0.27	0.37	0.37	0	0	0.27
4700	0.27	0.39	0.39	0	0	0.27
4800	0.28	0.39	0.39	0	0	0.28
4900	0.28	0.39	0.39	0	0	0.28
5000	0.28	0.39	0.39	0	0	0.28
5100	0.28	0.39	0.39	0	0	0.28
5200	0.28	0.38	0.38	0	0	0.28
5300	0.29	0.38	0.38	0	0	0.29
5400	0.3	0.38	0.38	0	0	0.3
5500	0.3	0.39	0.39	0	0	0.3
5600	0.3	0.39	0.39	0	0	0.3
5700	0.29	0.39	0.39	0	0	0.29
5800	0.3	0.39	0.39	0	0	0.3
5900	0.3	0.39	0.39	0	0	0.3
6000	0.3	0.38	0.38	0	0	0.3
6100	0.31	0.39	0.39	0	0	0.31
6200	0.32	0.39	0.39	0	0	0.32
6300	0.32	0.38	0.38	0	0	0.32
6400	0.31	0.37	0.37	0	0	0.31
6500	0.31	0.37	0.37	0	0	0.31
6600	0.3	0.37	0.37	0	0	0.3
6700	0.3	0.38	0.38	0	0	0.3
6800	0.3	0.39	0.39	0	0	0.3
6900	0.31	0.4	0.4	0	0	0.31
7000	0.31	0.4	0.4	0	0	0.31
7100	0.31	0.41	0.41	0	0	0.31
7200	0.31	0.41	0.41	0	0	0.31
7300	0.31	0.41	0.41	0	0	0.31
7400	0.3	0.41	0.41	0	0	0.3
7500	0.3	0.42	0.42	0	0	0.3
7600	0.3	0.43	0.43	0	0	0.3
7700	0.3	0.43	0.43	0	0	0.3
7800	0.3	0.43	0.43	0	0	0.3
7900	0.3	0.44	0.44	0	0	0.3
8000	0.3	0.45	0.45	0	0	0.3
8100	0.3	0.46	0.46	0	0	0.3
8200	0.3	0.46	0.46	0	0	0.3
8300	0.3	0.46	0.46	0	0	0.3
8400	0.3	0.47	0.47	0	0	0.3
8500	0.3	0.48	0.48	0	0	0.3
8600	0.3	0.49	0.49	0	0	0.3
8700	0.3	0.5	0.5	0	0	0.3
8800	0.3	0.5	0.5	0	0	0.3
8900	0.3	0.51	0.51	0	0	0.3
9000	0.3	0.51	0.51	0	0	0.3
9100	0.3	0.51	0.51	0	0	0.3
9200	0.3	0.51	0.51	0	0	0.3
9300	0.3	0.51	0.51	0	0	0.3
9400	0.3	0.52	0.52	0	0	0.3
9500	0.3	0.52	0.52	0	0	0.3
9600	0.3	0.52	0.52	0	0	0.3
9700	0.3	0.52	0.52	0	0	0.3
9800	0.3	0.51	0.51	0	0	0.3
9900	0.3	0.5	0.5	0	0	0.3
10000	0.3	0.49	0.49	0	0	0.3
10100	0.3	0.48	0.48	0	0	0.3
10200	0.3	0.48	0.48	0	0	0.3
10300	0.31	0.48	0.48	0	0	0.31
10400	0.31	0.48	0.48	0	0	0.31
10500	0.31	0.48	0.48	0	0	0.31
10600	0.31	0.47	0.47	0	0	0.31
10700	0.32	0.47	0.47	0	0	0.32
10800	0.32	0.47	0.47	0	0	0.32
10900	0.32	0.47	0.47	0	0	0.32
11000	0.32	0.47	0.47	0	0	0.32
11100	0.32	0.47	0.47	0	0	0.32
11200	0.32	0.47	0.47	0	0	0.32
11300	0.32	0.48	0.48	0	0	0.32
11400	0.32	0.47	0.47	0	0	0.32
11500	0.33	0.47	0.47	0	0	0.33
11600	0.33	0.47	0.47	0	0	0.33
11700	0.34	0.47	0.47	0	0	0.34
11800	0.34	0.45	0.45	0	0	0.34
11900	0.34	0.44	0.44	0	0	0.34
12000	0.34	0.44	0.44	0	0	0.34
12100	0.34	0.45	0.45	0	0	0.34
12200	0.34	0.44	0.44	0	0	0.34
12300	0.34	0.43	0.43	0	0	0.34
12400	0.34	0.42	0.42	0	0	0.34
12500	0.34	0.43	0.43	0	0	0.34
12600	0.34	0.43	0.43	0	0	0.34
12700	0.33	0.43	0.43	0	0	0.33
12800	0.33	0.42	0.42	0	0	0.33
12900	0.34	0.42	0.42	0	0	0.34
13000	0.35	0.42	0.42	0	0	0.35
13100	0.35	0.42	0.42	0	0	0.35
13200	0.35	0.42	0.42	0	0	0.35
13300	0.35	0.42	0.42	0	0	0.35
13400	0.35	0.42	0.42	0	0	0.35
13500	0.35	0.42	0.42	0	0	0.35
13600	0.35	0.42	0.42	0	0	0.35
13700	0.35	0.43	0.43	0	0	0.35
13800	0.36	0.43	0.43	0	0	0.36
13900	0.35	0.44	0.44	0	0	0.35
14000	0.35	0.44	0.44	0	0	0.35
14100	0.34	0.44	0.44	0	0	0.34
14200	0.34	0.44	0.44	0	0	0.34
14300	0.35	0.44	0.44	0	0	0.35
14400	0.35	0.44	0.44	0	0	0.35
14500	0.34	0.44	0.44	0	0	0.34
14600	0.34	0.44	0.44	0	0	0.34
14700	0.34	0.44	0.44	0	0	0.34
14800	0.34	0.45	0.45	0	0	0.34
14900	0.34	0.45	0.45	0	0	0.34
15000	0.34	0.45	0.45	0	0	0.34
15100	0.34	0.45	0.45	0	0	0.34
15200	0.34	0.45	0.45	0	0	0.34
15300	0.35	0.44	0.44	0	0	0.35
15400	0.35	0.44	0.44	0	0	0.35
15500	0.35	0.44	0.44	0	0	0.35
15600	0.35	0.45	0.45	0	0	0.35
15700	0.35	0.45	0.45	0	0	0.35
15800	0.35	0.46	0.46	0	0	0.35
15900	0.35	0.45	0.45	0	0	0.35
16000	0.35	0.44	0.44	0	0	0.35
16100	0.36	0.44	0.44	0	0	0.36
16200	0.36	0.44	0.44	0	0	0.36
16300	0.36	0.44	0.44	0	0	0.36
16400	0.36	0.44	0.44	0	0	0.36
16500	0.36	0.43	0.43	0	0	0.36
16600	0.36	0.43	0.43	0	0	0.36
16700	0.36	0.43	0.43	0	0	0.36
16800	0.36	0.43	0.43	0	0	0.36
16900	0.36	0.43	0.43	0	0	0.36
17000	0.36	0.43	0.43	0	0	0.36
17100	0.36	0.43	0.43	0	0	0.36
17200	0.36	0.44	0.44	0	0	0.36
17300	0.36	0.43	0.43	0	0	0.36
17400	0.36	0.44	0.44	0	0	0.36
17500	0.37	0.44	0.44	0	0	0.37
17600	0.37	0.44	0.44	0	0	0.37
17700	0.36	0.44	0.44	0	0	0.36
17800	0.36	0.44	0.44	0	0	0.36
17900	0.36	0.44	0.44	0	0	0.36
18000	0.37	0.44	0.44	0	0	0.37
18100	0.37	0.44	0.44	0	0	0.37
18200	0.37	0.44	0.44	0	0	0.37
18300	0.37	0.44	0.44	0	0	0.37
18400	0.37	0.44	0.44	0	0	0.37
18500	0.37	0.46	0.46	0	0	0.37
18600	0.35	0.46	0.46	0	0	0.35
18700	0.35	0.46	0.46	0	0	0.35
18800	0.35	0.45	0.45	0	0	0.35
18900	0.36	0.45	0.45	0	0	0.36
19000	0.36	0.45	0.45	0	0	0.36
19100	0.36	0.45	0.45	0	0	0.36
19200	0.36	0.45	0.45	0	0	0.36
19300	0.36	0.44	0.44	0	0	0.36
19400	0.36	0.44	0.44	0	0	0.36
19500	0.36	0.44	0.44	0	0	0.36
19600	0.36	0.44	0.44	0	0	0.36
19700	0.36	0.44	0.44	0	0	0.36
19800	0.36	0.44	0.44	0	0	0.36
19900	0.36	0.44	0.44	0	0	0.36
20000	0.36	0.44	0.44	0	0	0.36
20100	0.35	0.43	0.43	0	0	0.35
20200	0.35	0.43	0.43	0	0	0.35
20300	0.36	0.43	0.43	0	0	0.36
20400	0.37	0.42	0.42	0	0	0.37
20500	0.37	0.42	0.42	0	0	0.37
20600	0.37	0.42	0.42	0	0	0.37
20700	0.37	0.42	0.42	0	0	0.37
20800	0.37	0.42	0.42	0	0	0.37
20900	0.37	0.42	0.42	0	0	0.37
21000	0.38	0.44	0.44	0	0	0.38
21100	0.38	0.43	0.43	0	0	0.38
21200	0.38	0.43	0.43	0	0	0.38
21300	0.38	0.43	0.43	0	0	0.38
21400	0.38	0.43	0.43	0	0	0.38
21500	0.38	0.43	0.43	0	0	0.38
21600	0.37	0.43	0.43	0	0	0.37
21700	0.37	0.43	0.43	0	0	0.37
21800	0.36	0.43	0.43	0	0	0.36
21900	0.36	0.41	0.41	0	0	0.36
22000	0.36	0.41	0.41	0	0	0.36
22100	0.36	0.41	0.41	0	0	0.36
22200	0.36	0.41	0.41	0	0	0.36
22300	0.36	0.41	0.41	0	0	0.36
22400	0.36	0.41	0.41	0	0	0.36
22500	0.37	0.41	0.41	0	0	0.37
22600	0.37	0.41	0.41	0	0	0.37
22700	0.38	0.42	0.42	0	0	0.38
22800	0.38	0.42	0.42	0	0	0.38
22900	0.38	0.43	0.43	0	0	0.38
23000	0.38	0.43	0.43	0	0	0.38
23100	0.38	0.43	0.43	0	0	0.38
23200	0.38	0.43	0.43	0	0	0.38
23300	0.38	0.43	0.43	0	0	0.38
23400	0.37	0.43	0.43	0	0	0.37
23500	0.37	0.43	0.43	0	0	0.37
23600	0.36	0.43	0.43	0	0	0.36
23700	0.36	0.43	0.43	0	0	0.36
23800	0.36	0.44	0.44	0	0	0.36
23900	0.36	0.44	0.44	0	0	0.36
24000	0.36	0.44	0.44	0	0	0.36
24100	0.36	0.44	0.44	0	0	0.36
24200	0.36	0.44	0.44	0	0	0.36
24300	0.37	0.44	0.44	0	0	0.37
24400	0.37	0.44	0.44	0	0	0.37
24500	0.37	0.44	0.44	0	0	0.37
24600	0.37	0.44	0.44	0	0	0.37
24700	0.37	0.45	0.45	0	0	0.37
24800	0.37	0.44	0.44	0	0	0.37
24900	0.37	0.44	0.44	0	0	0.37
25000	0.37	0.44	0.44	0	0	0.37
25100	0.37	0.44	0.44	0	0	0.37
25200	0.38	0.44	0.44	0	0	0.38
25300	0.38	0.44	0.44	0	0	0.38
25400	0.38	0.44	0.44	0	0	0.38
25500	0.38	0.44	0.44	0	0	0.38
25600	0.38	0.44	0.44	0	0	0.38
25700	0.38	0.44	0.44	0	0	0.38
25800	0.38	0.44	0.44	0	0	0.38
25900	0.38	0.44	0.44	0	0	0.38
26000	0.38	0.44	0.44	0	0	0.38
26100	0.38	0.44	0.44	0	0	0.38
26200	0.38	0.44	0.44	0	0	0.38
26300	0.4	0.43	0.43	0	0	0.4
26400	0.4	0.43	0.43	0	0	0.4
26500	0.4	0.45	0.45	0	0	0.4
26600	0.4	0.46	0.46	0	0	0.4
26700	0.4	0.46	0.46	0	0	0.4
26800	0.4	0.46	0.46	0	0	0.4
26900	0.41	0.46	0.46	0	0	0.41
27000	0.41	0.46	0.46	0	0	0.41
27100	0.41	0.46	0.46	0	0	0.41
27200	0.4	0.47	0.47	0	0	0.4
27300	0.4	0.47	0.47	0	0	0.4
27400	0.4	0.47	0.47	0	0	0.4
27500	0.4	0.47	0.47	0	0	0.4
27600	0.4	0.46	0.46	0	0	0.4
27700	0.4	0.46	0.46	0	0	0.4
27800	0.4	0.47	0.47	0	0	0.4
27900	0.4	0.47	0.47	0	0	0.4
28000	0.4	0.47	0.47	0	0	0.4
28100	0.4	0.47	0.47	0	0	0.4
28200	0.4	0.47	0.47	0	0	0.4
28300	0.4	0.47	0.47	0	0	0.4
28400	0.4	0.47	0.47	0	0	0.4
28500	0.4	0.47	0.47	0	0	0.4
28600	0.4	0.46	0.46	0	0	0.4
28700	0.39	0.47	0.47	0	0	0.39
28800	0.39	0.47	0.47	0	0	0.39
28900	0.39	0.47	0.47	0	0	0.39
29000	0.39	0.47	0.47	0	0	0.39
29100	0.39	0.47	0.47	0	0	0.39
29200	0.39	0.48	0.48	0	0	0.39
29300	0.39	0.48	0.48	0	0	0.39
29400	0.39	0.48	0.48	0	0	0.39
29500	0.39	0.48	0.48	0	0	0.39
29600	0.39	0.48	0.48	0	0	0.39
29700	0.39	0.48	0.48	0	0	0.39
29800	0.39	0.48	0.48	0	0	0.39
29900	0.38	0.48	0.48	0	0	0.38
30000	0.38	0.48	0.48	0	0	0.38
30100	0.38	0.48	0.48	0	0	0.38
30200	0.38	0.48	0.48	0	0	0.38
30300	0.38	0.48	0.48	0	0	0.38
30400	0.38	0.48	0.48	0	0	0.38
30500	0.38	0.48	0.48	0	0	0.38
30600	0.38	0.48	0.48	0	0	0.38
30700	0.38	0.48	0.48	0	0	0.38
30800	0.38	0.48	0.48	0	0	0.38
30900	0.38	0.48	0.48	0	0	0.38
31000	0.38	0.48	0.48	0	0	0.38
31100	0.38	0.49	0.49	0	0	0.38
31200	0.38	0.48	0.48	0	0	0.38
31300	0.38	0.48	0.48	0	0	0.38
31400	0.38	0.48	0.48	0	0	0.38
31500	0.38	0.48	0.48	0	0	0.38
31600	0.38	0.48	0.48	0	0	0.38
31700	0.38	0.48	0.48	0	0	0.38
31800	0.39	0.48	0.48	0	0	0.39
31900	0.39	0.48	0.48	0	0	0.39
32000	0.39	0.48	0.48	0	0	0.39
32100	0.38	0.48	0.48	0	0	0.38
32200	0.38	0.5	0.5	0	0	0.38
32300	0.38	0.5	0.5	0	0	0.38
32400	0.38	0.5	0.5	0	0	0.38
32500	0.38	0.5	0.5	0	0	0.38
32600	0.38	0.49	0.49	0	0	0.38
32700	0.39	0.49	0.49	0	0	0.39
32800	0.39	0.49	0.49	0	0	0.39
32900	0.39	0.49	0.49	0	0	0.39
33000	0.39	0.49	0.49	0	0	0.39
33100	0.39	0.49	0.49	0	0	0.39
33200	0.39	0.49	0.49	0	0	0.39
33300	0.39	0.49	0.49	0	0	0.39
33400	0.39	0.49	0.49	0	0	0.39
33500	0.39	0.49	0.49	0	0	0.39
33600	0.39	0.49	0.49	0	0	0.39
33700	0.39	0.48	0.48	0	0	0.39
33800	0.39	0.48	0.48	0	0	0.39
33900	0.4	0.48	0.48	0	0	0.4
34000	0.4	0.48	0.48	0	0	0.4
34100	0.4	0.48	0.48	0	0	0.4
34200	0.41	0.48	0.48	0	0	0.41
34300	0.41	0.48	0.48	0	0	0.41
34400	0.41	0.48	0.48	0	0	0.41
34500	0.42	0.48	0.48	0	0	0.42
34600	0.4	0.48	0.48	0	0	0.4
34700	0.4	0.48	0.48	0	0	0.4
34800	0.4	0.48	0.48	0	0	0.4
34900	0.4	0.48	0.48	0	0	0.4
35000	0.4	0.48	0.48	0	0	0.4
35100	0.4	0.48	0.48	0	0	0.4
35200	0.4	0.48	0.48	0	0	0.4
35300	0.4	0.49	0.49	0	0	0.4
35400	0.4	0.49	0.49	0	0	0.4
35500	0.4	0.49	0.49	0	0	0.4
35600	0.4	0.49	0.49	0	0	0.4
35700	0.4	0.49	0.49	0	0	0.4
35800	0.4	0.49	0.49	0	0	0.4
35900	0.4	0.49	0.49	0	0	0.4
36000	0.4	0.49	0.49	0	0	0.4
36100	0.4	0.49	0.49	0	0	0.4
36200	0.39	0.49	0.49	0	0	0.39
36300	0.39	0.49	0.49	0	0	0.39
36400	0.39	0.49	0.49	0	0	0.39
36500	0.39	0.49	0.49	0	0	0.39
36600	0.39	0.49	0.49	0	0	0.39
36700	0.39	0.49	0.49	0	0	0.39
36800	0.39	0.49	0.49	0	0	0.39
36900	0.39	0.49	0.49	0	0	0.39
37000	0.39	0.49	0.49	0	0	0.39
37100	0.4	0.49	0.49	0	0	0.4
37200	0.4	0.49	0.49	0	0	0.4
37300	0.4	0.49	0.49	0	0	0.4
37400	0.4	0.49	0.49	0	0	0.4
37500	0.39	0.49	0.49	0	0	0.39
37600	0.39	0.49	0.49	0	0	0.39
37700	0.39	0.49	0.49	0	0	0.39
37800	0.39	0.49	0.49	0	0	0.39
37900	0.39	0.49	0.49	0	0	0.39
38000	0.39	0.49	0.49	0	0	0.39
38100	0.39	0.49	0.49	0	0	0.39
38200	0.39	0.49	0.49	0	0	0.39
38300	0.39	0.48	0.48	0	0	0.39
38400	0.39	0.48	0.48	0	0	0.39
38500	0.39	0.47	0.47	0	0	0.39
38600	0.39	0.47	0.47	0	0	0.39
38700	0.39	0.47	0.47	0	0	0.39
38800	0.39	0.47	0.47	0	0	0.39
38900	0.39	0.47	0.47	0	0	0.39
39000	0.39	0.47	0.47	0	0	0.39
39100	0.39	0.47	0.47	0	0	0.39
39200	0.39	0.47	0.47	0	0	0.39
39300	0.39	0.47	0.47	0	0	0.39
39400	0.39	0.47	0.47	0	0	0.39
39500	0.39	0.47	0.47	0	0	0.39
39600	0.4	0.47	0.47	0	0	0.4
39700	0.39	0.47	0.47	0	0	0.39
39800	0.39	0.47	0.47	0	0	0.39
39900	0.39	0.47	0.47	0	0	0.39
40000	0.39	0.47	0.47	0	0	0.39
40100	0.39	0.47	0.47	0	0	0.39
40200	0.39	0.47	0.47	0	0	0.39
40300	0.39	0.47	0.47	0	0	0.39
40400	0.39	0.47	0.47	0	0	0.39
40500	0.39	0.47	0.47	0	0	0.39
40600	0.39	0.47	0.47	0	0	0.39
40700	0.39	0.47	0.47	0	0	0.39
40800	0.39	0.47	0.47	0	0	0.39
40900	0.39	0.47	0.47	0	0	0.39
41000	0.39	0.47	0.47	0	0	0.39
41100	0.39	0.49	0.49	0	0	0.39
41200	0.39	0.48	0.48	0	0	0.39
41300	0.39	0.48	0.48	0	0	0.39
41400	0.39	0.48	0.48	0	0	0.39
41500	0.39	0.48	0.48	0	0	0.39
41600	0.39	0.48	0.48	0	0	0.39
41700	0.4	0.48	0.48	0	0	0.4
41800	0.4	0.48	0.48	0	0	0.4
41900	0.4	0.48	0.48	0	0	0.4
42000	0.4	0.48	0.48	0	0	0.4
42100	0.4	0.47	0.47	0	0	0.4
42200	0.4	0.47	0.47	0	0	0.4
42300	0.39	0.47	0.47	0	0	0.39
42400	0.39	0.47	0.47	0	0	0.39
42500	0.39	0.47	0.47	0	0	0.39
42600	0.39	0.48	0.48	0	0	0.39
42700	0.39	0.47	0.47	0	0	0.39
42800	0.39	0.47	0.47	0	0	0.39
42900	0.4	0.47	0.47	0	0	0.4
43000	0.4	0.48	0.48	0	0	0.4
43100	0.4	0.48	0.48	0	0	0.4
43200	0.4	0.48	0.48	0	0	0.4
43300	0.4	0.48	0.48	0	0	0.4
43400	0.4	0.48	0.48	0	0	0.4
43500	0.4	0.48	0.48	0	0	0.4
43600	0.4	0.48	0.48	0	0	0.4
43700	0.4	0.48	0.48	0	0	0.4
43800	0.4	0.48	0.48	0	0	0.4
43900	0.4	0.49	0.49	0	0	0.4
44000	0.4	0.49	0.49	0	0	0.4
44100	0.4	0.5	0.5	0	0	0.4
44200	0.4	0.5	0.5	0	0	0.4
44300	0.4	0.49	0.49	0	0	0.4
44400	0.4	0.49	0.49	0	0	0.4
44500	0.4	0.49	0.49	0	0	0.4
44600	0.4	0.49	0.49	0	0	0.4
44700	0.4	0.49	0.49	0	0	0.4
44800	0.4	0.49	0.49	0	0	0.4
44900	0.4	0.49	0.49	0	0	0.4
45000	0.41	0.49	0.49	0	0	0.41
45100	0.41	0.49	0.49	0	0	0.41
45200	0.41	0.49	0.49	0	0	0.41
45300	0.42	0.48	0.48	0	0	0.42
45400	0.41	0.48	0.48	0	0	0.41
45500	0.41	0.48	0.48	0	0	0.41
45600	0.4	0.49	0.49	0	0	0.4
45700	0.4	0.49	0.49	0	0	0.4
45800	0.4	0.49	0.49	0	0	0.4
45900	0.4	0.49	0.49	0	0	0.4
46000	0.4	0.49	0.49	0	0	0.4
46100	0.4	0.5	0.5	0	0	0.4
46200	0.41	0.5	0.5	0	0	0.41
46300	0.41	0.5	0.5	0	0	0.41
46400	0.41	0.49	0.49	0	0	0.41
46500	0.41	0.49	0.49	0	0	0.41
46600	0.42	0.49	0.49	0	0	0.42
46700	0.42	0.49	0.49	0	0	0.42
46800	0.42	0.49	0.49	0	0	0.42
46900	0.42	0.49	0.49	0	0	0.42
47000	0.42	0.49	0.49	0	0	0.42
47100	0.42	0.49	0.49	0	0	0.42
47200	0.42	0.49	0.49	0	0	0.42
47300	0.42	0.5	0.5	0	0	0.42
47400	0.42	0.5	0.5	0	0	0.42
47500	0.42	0.5	0.5	0	0	0.42
47600	0.42	0.5	0.5	0	0	0.42
47700	0.42	0.5	0.5	0	0	0.42
47800	0.42	0.5	0.5	0	0	0.42
47900	0.42	0.5	0.5	0	0	0.42
48000	0.42	0.5	0.5	0	0	0.42
48100	0.42	0.49	0.49	0	0	0.42
48200	0.42	0.49	0.49	0	0	0.42
48300	0.4	0.49	0.49	0	0	0.4
48400	0.4	0.49	0.49	0	0	0.4
48500	0.4	0.49	0.49	0	0	0.4
48600	0.4	0.49	0.49	0	0	0.4
48700	0.4	0.49	0.49	0	0	0.4
48800	0.4	0.5	0.5	0	0	0.4
48900	0.4	0.5	0.5	0	0	0.4
49000	0.4	0.5	0.5	0	0	0.4
49100	0.4	0.5	0.5	0	0	0.4
49200	0.4	0.5	0.5	0	0	0.4
49300	0.4	0.49	0.49	0	0	0.4
49400	0.4	0.49	0.49	0	0	0.4
49500	0.4	0.49	0.49	0	0	0.4
49600	0.4	0.49	0.49	0	0	0.4
49700	0.4	0.5	0.5	0	0	0.4
49800	0.39	0.5	0.5	0	0	0.39
49900	0.39	0.5	0.5	0	0	0.39
50000	0.39	0.5	0.5	0	0	0.39
50100	0.39	0.5	0.5	0	0	0.39
50200	0.39	0.5	0.5	0	0	0.39
50300	0.39	0.5	0.5	0	0	0.39
50400	0.39	0.49	0.49	0	0	0.39
50500	0.4	0.49	0.49	0	0	0.4
50600	0.4	0.49	0.49	0	0	0.4
50700	0.4	0.49	0.49	0	0	0.4
50800	0.4	0.49	0.49	0	0	0.4
50900	0.41	0.48	0.48	0	0	0.41
51000	0.41	0.48	0.48	0	0	0.41
51100	0.42	0.47	0.47	0	0	0.42
51200	0.42	0.47	0.47	0	0	0.42
51300	0.42	0.47	0.47	0	0	0.42
51400	0.42	0.47	0.47	0	0	0.42
51500	0.42	0.47	0.47	0	0	0.42
51600	0.42	0.47	0.47	0	0	0.42
51700	0.42	0.47	0.47	0	0	0.42
51800	0.42	0.47	0.47	0	0	0.42
51900	0.42	0.47	0.47	0	0	0.42
52000	0.42	0.47	0.47	0	0	0.42
52100	0.42	0.47	0.47	0	0	0.42
52200	0.42	0.47	0.47	0	0	0.42
52300	0.42	0.47	0.47	0	0	0.42
52400	0.42	0.47	0.47	0	0	0.42
52500	0.42	0.48	0.48	0	0	0.42
52600	0.42	0.48	0.48	0	0	0.42
52700	0.42	0.48	0.48	0	0	0.42
52800	0.42	0.48	0.48	0	0	0.42
52900	0.42	0.48	0.48	0	0	0.42
53000	0.42	0.48	0.48	0	0	0.42
53100	0.42	0.48	0.48	0	0	0.42
53200	0.43	0.48	0.48	0	0	0.43
53300	0.43	0.48	0.48	0	0	0.43
53400	0.43	0.48	0.48	0	0	0.43
53500	0.43	0.47	0.47	0	0	0.43
53600	0.43	0.47	0.47	0	0	0.43
53700	0.43	0.47	0.47	0	0	0.43
53800	0.43	0.46	0.46	0	0	0.43
53900	0.44	0.47	0.47	0	0	0.44
54000	0.44	0.46	0.46	0	0	0.44
54100	0.44	0.46	0.46	0	0	0.44
54200	0.44	0.46	0.46	0	0	0.44
54300	0.44	0.46	0.46	0	0	0.44
54400	0.44	0.45	0.45	0	0	0.44
54500	0.44	0.45	0.45	0	0	0.44
54600	0.44	0.45	0.45	0	0	0.44
54700	0.44	0.45	0.45	0	0	0.44
54800	0.44	0.45	0.45	0	0	0.44
54900	0.44	0.45	0.45	0	0	0.44
55000	0.44	0.45	0.45	0	0	0.44
55100	0.44	0.45	0.45	0	0	0.44
55200	0.44	0.45	0.45	0	0	0.44
55300	0.44	0.45	0.45	0	0	0.44
55400	0.44	0.45	0.45	0	0	0.44
55500	0.44	0.45	0.45	0	0	0.44
55600	0.44	0.45	0.45	0	0	0.44
55700	0.44	0.45	0.45	0	0	0.44
55800	0.44	0.45	0.45	0	0	0.44
55900	0.44	0.45	0.45	0	0	0.44
56000	0.44	0.45	0.45	0	0	0.44
56100	0.44	0.46	0.46	0	0	0.44
56200	0.44	0.46	0.46	0	0	0.44
56300	0.44	0.46	0.46	0	0	0.44
56400	0.44	0.46	0.46	0	0	0.44
56500	0.44	0.46	0.46	0	0	0.44
56600	0.44	0.47	0.47	0	0	0.44
56700	0.44	0.46	0.46	0	0	0.44
56800	0.44	0.46	0.46	0	0	0.44
56900	0.44	0.46	0.46	0	0	0.44
57000	0.43	0.46	0.46	0	0	0.43
57100	0.43	0.46	0.46	0	0	0.43
57200	0.43	0.46	0.46	0	0	0.43
57300	0.43	0.46	0.46	0	0	0.43
57400	0.44	0.46	0.46	0	0	0.44
57500	0.44	0.46	0.46	0	0	0.44
57600	0.44	0.46	0.46	0	0	0.44
57700	0.44	0.47	0.47	0	0	0.44
57800	0.44	0.47	0.47	0	0	0.44
57900	0.44	0.47	0.47	0	0	0.44
58000	0.44	0.47	0.47	0	0	0.44
58100	0.44	0.47	0.47	0	0	0.44
58200	0.43	0.47	0.47	0	0	0.43
58300	0.43	0.47	0.47	0	0	0.43
58400	0.43	0.47	0.47	0	0	0.43
58500	0.43	0.47	0.47	0	0	0.43
58600	0.43	0.47	0.47	0	0	0.43
58700	0.43	0.47	0.47	0	0	0.43
58800	0.43	0.47	0.47	0	0	0.43
58900	0.43	0.47	0.47	0	0	0.43
59000	0.43	0.47	0.47	0	0	0.43
59100	0.43	0.47	0.47	0	0	0.43
59200	0.43	0.47	0.47	0	0	0.43
59300	0.43	0.47	0.47	0	0	0.43
59400	0.42	0.47	0.47	0	0	0.42
59500	0.42	0.47	0.47	0	0	0.42
59600	0.42	0.47	0.47	0	0	0.42
59700	0.43	0.47	0.47	0	0	0.43
59800	0.43	0.47	0.47	0	0	0.43
59900	0.43	0.47	0.47	0	0	0.43
60000	0.43	0.47	0.47	0	0	0.43
60100	0.43	0.47	0.47	0	0	0.43
60200	0.44	0.47	0.47	0	0	0.44
60300	0.44	0.47	0.47	0	0	0.44
60400	0.43	0.47	0.47	0	0	0.43
60500	0.43	0.47	0.47	0	0	0.43
60600	0.43	0.47	0.47	0	0	0.43
60700	0.43	0.47	0.47	0	0	0.43
60800	0.43	0.47	0.47	0	0	0.43
60900	0.43	0.47	0.47	0	0	0.43
61000	0.43	0.47	0.47	0	0	0.43
61100	0.43	0.47	0.47	0	0	0.43
61200	0.43	0.47	0.47	0	0	0.43
61300	0.43	0.47	0.47	0	0	0.43
61400	0.43	0.48	0.48	0	0	0.43
61500	0.43	0.48	0.48	0	0	0.43
61600	0.43	0.48	0.48	0	0	0.43
61700	0.43	0.48	0.48	0	0	0.43
61800	0.43	0.48	0.48	0	0	0.43
61900	0.43	0.48	0.48	0	0	0.43
62000	0.43	0.49	0.49	0	0	0.43
62100	0.43	0.48	0.48	0	0	0.43
62200	0.43	0.49	0.49	0	0	0.43
62300	0.43	0.49	0.49	0	0	0.43
62400	0.43	0.49	0.49	0	0	0.43
62500	0.43	0.49	0.49	0	0	0.43
62600	0.43	0.49	0.49	0	0	0.43
62700	0.42	0.49	0.49	0	0	0.42
62800	0.42	0.49	0.49	0	0	0.42
62900	0.42	0.49	0.49	0	0	0.42
63000	0.42	0.49	0.49	0	0	0.42
63100	0.42	0.49	0.49	0	0	0.42
63200	0.42	0.49	0.49	0	0	0.42
63300	0.42	0.5	0.5	0	0	0.42
63400	0.42	0.5	0.5	0	0	0.42
63500	0.42	0.5	0.5	0	0	0.42
63600	0.43	0.5	0.5	0	0	0.43
63700	0.43	0.5	0.5	0	0	0.43
63800	0.43	0.5	0.5	0	0	0.43
63900	0.43	0.5	0.5	0	0	0.43
64000	0.43	0.5	0.5	0	0	0.43
64100	0.43	0.5	0.5	0	0	0.43
64200	0.43	0.5	0.5	0	0	0.43
64300	0.43	0.5	0.5	0	0	0.43
64400	0.43	0.5	0.5	0	0	0.43
64500	0.43	0.5	0.5	0	0	0.43
64600	0.43	0.5	0.5	0	0	0.43
64700	0.43	0.5	0.5	0	0	0.43
64800	0.43	0.5	0.5	0	0	0.43
64900	0.43	0.5	0.5	0	0	0.43
65000	0.43	0.5	0.5	0	0	0.43
65100	0.43	0.5	0.5	0	0	0.43
65200	0.43	0.5	0.5	0	0	0.43
65300	0.43	0.5	0.5	0	0	0.43
65400	0.43	0.5	0.5	0	0	0.43
65500	0.43	0.5	0.5	0	0	0.43
65600	0.43	0.5	0.5	0	0	0.43
65700	0.43	0.5	0.5	0	0	0.43
65800	0.43	0.51	0.51	0	0	0.43
65900	0.43	0.51	0.51	0	0	0.43
66000	0.43	0.51	0.51	0	0	0.43
66100	0.44	0.51	0.51	0	0	0.44
66200	0.44	0.51	0.51	0	0	0.44
66300	0.44	0.52	0.52	0	0	0.44
66400	0.44	0.51	0.51	0	0	0.44
66500	0.44	0.51	0.51	0	0	0.44
66600	0.44	0.51	0.51	0	0	0.44
66700	0.44	0.51	0.51	0	0	0.44
66800	0.44	0.51	0.51	0	0	0.44
66900	0.44	0.51	0.51	0	0	0.44
67000	0.44	0.51	0.51	0	0	0.44
67100	0.44	0.51	0.51	0	0	0.44
67200	0.44	0.51	0.51	0	0	0.44
67300	0.44	0.51	0.51	0	0	0.44
67400	0.44	0.51	0.51	0	0	0.44
67500	0.44	0.51	0.51	0	0	0.44
67600	0.44	0.51	0.51	0	0	0.44
67700	0.45	0.51	0.51	0	0	0.45
67800	0.45	0.51	0.51	0	0	0.45
67900	0.45	0.51	0.51	0	0	0.45
68000	0.45	0.51	0.51	0	0	0.45
68100	0.45	0.51	0.51	0	0	0.45
68200	0.45	0.51	0.51	0	0	0.45
68300	0.45	0.51	0.51	0	0	0.45
68400	0.45	0.51	0.51	0	0	0.45
68500	0.45	0.51	0.51	0	0	0.45
68600	0.45	0.51	0.51	0	0	0.45
68700	0.45	0.49	0.49	0	0	0.45
68800	0.45	0.5	0.5	0	0	0.45
68900	0.45	0.49	0.49	0	0	0.45
69000	0.45	0.48	0.48	0	0	0.45
69100	0.45	0.48	0.48	0	0	0.45
69200	0.45	0.48	0.48	0	0	0.45
69300	0.45	0.48	0.48	0	0	0.45
69400	0.45	0.48	0.48	0	0	0.45
69500	0.45	0.48	0.48	0	0	0.45
69600	0.45	0.48	0.48	0	0	0.45
69700	0.45	0.48	0.48	0	0	0.45
69800	0.45	0.48	0.48	0	0	0.45
69900	0.45	0.48	0.48	0	0	0.45
70000	0.45	0.48	0.48	0	0	0.45
70100	0.45	0.48	0.48	0	0	0.45
70200	0.45	0.48	0.48	0	0	0.45
70300	0.45	0.48	0.48	0	0	0.45
70400	0.45	0.48	0.48	0	0	0.45
70500	0.45	0.48	0.48	0	0	0.45
70600	0.45	0.48	0.48	0	0	0.45
70700	0.45	0.48	0.48	0	0	0.45
70800	0.45	0.48	0.48	0	0	0.45
70900	0.45	0.48	0.48	0	0	0.45
71000	0.45	0.47	0.47	0	0	0.45
71100	0.45	0.47	0.47	0	0	0.45
71200	0.45	0.47	0.47	0	0	0.45
71300	0.45	0.47	0.47	0	0	0.45
71400	0.45	0.47	0.47	0	0	0.45
71500	0.45	0.48	0.48	0	0	0.45
71600	0.45	0.48	0.48	0	0	0.45
71700	0.45	0.48	0.48	0	0	0.45
71800	0.45	0.48	0.48	0	0	0.45
71900	0.45	0.48	0.48	0	0	0.45
72000	0.45	0.48	0.48	0	0	0.45
72100	0.44	0.48	0.48	0	0	0.44
72200	0.44	0.48	0.48	0	0	0.44
72300	0.44	0.48	0.48	0	0	0.44
72400	0.44	0.48	0.48	0	0	0.44
72500	0.44	0.48	0.48	0	0	0.44
72600	0.44	0.48	0.48	0	0	0.44
72700	0.44	0.48	0.48	0	0	0.44
72800	0.44	0.48	0.48	0	0	0.44
72900	0.44	0.48	0.48	0	0	0.44
73000	0.44	0.48	0.48	0	0	0.44
73100	0.44	0.48	0.48	0	0	0.44
73200	0.44	0.49	0.49	0	0	0.44
73300	0.44	0.49	0.49	0	0	0.44
73400	0.44	0.49	0.49	0	0	0.44
73500	0.44	0.49	0.49	0	0	0.44
73600	0.44	0.49	0.49	0	0	0.44
73700	0.44	0.49	0.49	0	0	0.44
73800	0.44	0.49	0.49	0	0	0.44
73900	0.44	0.49	0.49	0	0	0.44
74000	0.44	0.49	0.49	0	0	0.44
74100	0.44	0.49	0.49	0	0	0.44
74200	0.44	0.49	0.49	0	0	0.44
74300	0.44	0.49	0.49	0	0	0.44
74400	0.44	0.49	0.49	0	0	0.44
74500	0.44	0.48	0.48	0	0	0.44
74600	0.44	0.48	0.48	0	0	0.44
74700	0.44	0.48	0.48	0	0	0.44
74800	0.44	0.48	0.48	0	0	0.44
74900	0.44	0.48	0.48	0	0	0.44
75000	0.43	0.48	0.48	0	0	0.43
75100	0.44	0.48	0.48	0	0	0.44
75200	0.43	0.48	0.48	0	0	0.43
75300	0.43	0.48	0.48	0	0	0.43
75400	0.43	0.48	0.48	0	0	0.43
75500	0.43	0.48	0.48	0	0	0.43
75600	0.42	0.47	0.47	0	0	0.42
75700	0.42	0.47	0.47	0	0	0.42
75800	0.42	0.47	0.47	0	0	0.42
75900	0.42	0.47	0.47	0	0	0.42
76000	0.42	0.47	0.47	0	0	0.42
76100	0.42	0.47	0.47	0	0	0.42
76200	0.42	0.47	0.47	0	0	0.42
76300	0.42	0.47	0.47	0	0	0.42
76400	0.42	0.47	0.47	0	0	0.42
76500	0.42	0.47	0.47	0	0	0.42
76600	0.42	0.47	0.47	0	0	0.42
76700	0.42	0.47	0.47	0	0	0.42
76800	0.42	0.48	0.48	0	0	0.42
76900	0.42	0.48	0.48	0	0	0.42
77000	0.42	0.47	0.47	0	0	0.42
77100	0.42	0.47	0.47	0	0	0.42
77200	0.42	0.47	0.47	0	0	0.42
77300	0.42	0.47	0.47	0	0	0.42
77400	0.42	0.47	0.47	0	0	0.42
77500	0.42	0.47	0.47	0	0	0.42
77600	0.42	0.46	0.46	0	0	0.42
77700	0.42	0.46	0.46	0	0	0.42
77800	0.42	0.46	0.46	0	0	0.42
77900	0.42	0.46	0.46	0	0	0.42
78000	0.42	0.46	0.46	0	0	0.42
78100	0.42	0.46	0.46	0	0	0.42
78200	0.42	0.46	0.46	0	0	0.42
78300	0.42	0.46	0.46	0	0	0.42
78400	0.42	0.46	0.46	0	0	0.42
78500	0.43	0.46	0.46	0	0	0.43
78600	0.43	0.46	0.46	0	0	0.43
78700	0.43	0.46	0.46	0	0	0.43
78800	0.43	0.46	0.46	0	0	0.43
78900	0.43	0.46	0.46	0	0	0.43
79000	0.43	0.46	0.46	0	0	0.43
79100	0.43	0.46	0.46	0	0	0.43
79200	0.43	0.46	0.46	0	0	0.43
79300	0.43	0.46	0.46	0	0	0.43
79400	0.43	0.45	0.45	0	0	0.43
79500	0.43	0.45	0.45	0	0	0.43
79600	0.43	0.45	0.45	0	0	0.43
79700	0.43	0.45	0.45	0	0	0.43
79800	0.44	0.45	0.45	0	0	0.44
79900	0.45	0.45	0.45	0	0	0.45
80000	0.45	0.45	0.45	0	0	0.45
80100	0.45	0.45	0.45	0	0	0.45
80200	0.45	0.45	0.45	0	0	0.45
80300	0.45	0.45	0.45	0	0	0.45
80400	0.45	0.45	0.45	0	0	0.45
80500	0.45	0.45	0.45	0	0	0.45
80600	0.45	0.45	0.45	0	0	0.45
80700	0.45	0.45	0.45	0	0	0.45
80800	0.46	0.45	0.45	0	0	0.46
80900	0.46	0.45	0.45	0	0	0.46
81000	0.46	0.45	0.45	0	0	0.46
81100	0.46	0.45	0.45	0	0	0.46
81200	0.46	0.46	0.46	0	0	0.46
81300	0.46	0.46	0.46	0	0	0.46
81400	0.46	0.46	0.46	0	0	0.46
81500	0.47	0.46	0.46	0	0	0.47
81600	0.46	0.46	0.46	0	0	0.46
81700	0.46	0.46	0.46	0	0	0.46
81800	0.46	0.46	0.46	0	0	0.46
81900	0.46	0.46	0.46	0	0	0.46
82000	0.46	0.46	0.46	0	0	0.46
82100	0.46	0.46	0.46	0	0	0.46
82200	0.46	0.46	0.46	0	0	0.46
82300	0.46	0.46	0.46	0	0	0.46
82400	0.46	0.46	0.46	0	0	0.46
82500	0.46	0.46	0.46	0	0	0.46
82600	0.46	0.46	0.46	0	0	0.46
82700	0.46	0.46	0.46	0	0	0.46
82800	0.47	0.46	0.46	0	0	0.47
82900	0.47	0.46	0.46	0	0	0.47
83000	0.46	0.46	0.46	0	0	0.46
83100	0.46	0.46	0.46	0	0	0.46
83200	0.46	0.46	0.46	0	0	0.46
83300	0.46	0.46	0.46	0	0	0.46
83400	0.46	0.46	0.46	0	0	0.46
83500	0.46	0.46	0.46	0	0	0.46
83600	0.46	0.46	0.46	0	0	0.46
83700	0.46	0.46	0.46	0	0	0.46
83800	0.46	0.46	0.46	0	0	0.46
83900	0.46	0.46	0.46	0	0	0.46
84000	0.46	0.46	0.46	0	0	0.46
84100	0.46	0.46	0.46	0	0	0.46
84200	0.46	0.46	0.46	0	0	0.46
84300	0.46	0.46	0.46	0	0	0.46
84400	0.46	0.46	0.46	0	0	0.46
84500	0.46	0.46	0.46	0	0	0.46
84600	0.46	0.46	0.46	0	0	0.46
84700	0.46	0.46	0.46	0	0	0.46
84800	0.46	0.46	0.46	0	0	0.46
84900	0.46	0.46	0.46	0	0	0.46
85000	0.46	0.46	0.46	0	0	0.46
85100	0.46	0.46	0.46	0	0	0.46
85200	0.46	0.45	0.45	0	0	0.46
85300	0.47	0.45	0.45	0	0	0.47
85400	0.47	0.45	0.45	0	0	0.47
85500	0.48	0.45	0.45	0	0	0.48
85600	0.48	0.45	0.45	0	0	0.48
85700	0.48	0.45	0.45	0	0	0.48
85800	0.48	0.45	0.45	0	0	0.48
85900	0.48	0.45	0.45	0	0	0.48
86000	0.48	0.46	0.46	0	0	0.48
86100	0.48	0.46	0.46	0	0	0.48
86200	0.48	0.46	0.46	0	0	0.48
86300	0.48	0.46	0.46	0	0	0.48
86400	0.5	0.46	0.46	0	0	0.5
86500	0.5	0.46	0.46	0	0	0.5
86600	0.5	0.46	0.46	0	0	0.5
86700	0.5	0.46	0.46	0	0	0.5
86800	0.5	0.46	0.46	0	0	0.5
86900	0.5	0.46	0.46	0	0	0.5
87000	0.5	0.46	0.46	0	0	0.5
87100	0.5	0.46	0.46	0	0	0.5
87200	0.5	0.45	0.45	0	0	0.5
87300	0.5	0.45	0.45	0	0	0.5
87400	0.5	0.45	0.45	0	0	0.5
87500	0.5	0.45	0.45	0	0	0.5
87600	0.5	0.45	0.45	0	0	0.5
87700	0.5	0.45	0.45	0	0	0.5
87800	0.51	0.45	0.45	0	0	0.51
87900	0.51	0.45	0.45	0	0	0.51
88000	0.5	0.45	0.45	0	0	0.5
88100	0.5	0.45	0.45	0	0	0.5
88200	0.5	0.45	0.45	0	0	0.5
88300	0.5	0.45	0.45	0	0	0.5
88400	0.5	0.45	0.45	0	0	0.5
88500	0.5	0.45	0.45	0	0	0.5
88600	0.5	0.44	0.44	0	0	0.5
88700	0.5	0.44	0.44	0	0	0.5
88800	0.5	0.44	0.44	0	0	0.5
88900	0.5	0.44	0.44	0	0	0.5
89000	0.5	0.44	0.44	0	0	0.5
89100	0.5	0.44	0.44	0	0	0.5
89200	0.5	0.44	0.44	0	0	0.5
89300	0.5	0.44	0.44	0	0	0.5
89400	0.5	0.44	0.44	0	0	0.5
89500	0.5	0.44	0.44	0	0	0.5
89600	0.5	0.44	0.44	0	0	0.5
89700	0.49	0.44	0.44	0	0	0.49
89800	0.49	0.44	0.44	0	0	0.49
89900	0.49	0.44	0.44	0	0	0.49
90000	0.49	0.44	0.44	0	0	0.49
90100	0.49	0.44	0.44	0	0	0.49
90200	0.49	0.45	0.45	0	0	0.49
90300	0.49	0.45	0.45	0	0	0.49
90400	0.49	0.45	0.45	0	0	0.49
90500	0.49	0.45	0.45	0	0	0.49
90600	0.49	0.45	0.45	0	0	0.49
90700	0.49	0.45	0.45	0	0	0.49
90800	0.49	0.45	0.45	0	0	0.49
90900	0.5	0.45	0.45	0	0	0.5
91000	0.5	0.45	0.45	0	0	0.5
91100	0.5	0.45	0.45	0	0	0.5
91200	0.49	0.45	0.45	0	0	0.49
91300	0.49	0.45	0.45	0	0	0.49
91400	0.49	0.45	0.45	0	0	0.49
91500	0.49	0.45	0.45	0	0	0.49
91600	0.49	0.45	0.45	0	0	0.49
91700	0.48	0.45	0.45	0	0	0.48
91800	0.48	0.45	0.45	0	0	0.48
91900	0.48	0.45	0.45	0	0	0.48
92000	0.48	0.45	0.45	0	0	0.48
92100	0.48	0.45	0.45	0	0	0.48
92200	0.48	0.45	0.45	0	0	0.48
92300	0.48	0.45	0.45	0	0	0.48
92400	0.48	0.45	0.45	0	0	0.48
92500	0.48	0.45	0.45	0	0	0.48
92600	0.47	0.45	0.45	0	0	0.47
92700	0.47	0.45	0.45	0	0	0.47
92800	0.47	0.45	0.45	0	0	0.47
92900	0.47	0.45	0.45	0	0	0.47
93000	0.47	0.45	0.45	0	0	0.47
93100	0.47	0.45	0.45	0	0	0.47
93200	0.47	0.45	0.45	0	0	0.47
93300	0.47	0.45	0.45	0	0	0.47
93400	0.47	0.45	0.45	0	0	0.47
93500	0.48	0.45	0.45	0	0	0.48
93600	0.48	0.45	0.45	0	0	0.48
93700	0.48	0.45	0.45	0	0	0.48
93800	0.48	0.45	0.45	0	0	0.48
93900	0.48	0.45	0.45	0	0	0.48
94000	0.48	0.45	0.45	0	0	0.48
94100	0.48	0.45	0.45	0	0	0.48
94200	0.48	0.45	0.45	0	0	0.48
94300	0.48	0.45	0.45	0	0	0.48
94400	0.48	0.45	0.45	0	0	0.48
94500	0.48	0.45	0.45	0	0	0.48
94600	0.48	0.45	0.45	0	0	0.48
94700	0.48	0.44	0.44	0	0	0.48
94800	0.48	0.44	0.44	0	0	0.48
94900	0.47	0.44	0.44	0	0	0.47
95000	0.47	0.45	0.45	0	0	0.47
95100	0.46	0.45	0.45	0	0	0.46
95200	0.46	0.45	0.45	0	0	0.46
95300	0.46	0.45	0.45	0	0	0.46
95400	0.46	0.45	0.45	0	0	0.46
95500	0.46	0.45	0.45	0	0	0.46
95600	0.46	0.45	0.45	0	0	0.46
95700	0.46	0.45	0.45	0	0	0.46
95800	0.46	0.44	0.44	0	0	0.46
95900	0.47	0.44	0.44	0	0	0.47
96000	0.47	0.44	0.44	0	0	0.47
96100	0.47	0.44	0.44	0	0	0.47
96200	0.47	0.44	0.44	0	0	0.47
96300	0.47	0.44	0.44	0	0	0.47
96400	0.47	0.44	0.44	0	0	0.47
96500	0.47	0.44	0.44	0	0	0.47
96600	0.47	0.44	0.44	0	0	0.47
96700	0.47	0.44	0.44	0	0	0.47
96800	0.47	0.44	0.44	0	0	0.47
96900	0.48	0.44	0.44	0	0	0.48
97000	0.48	0.44	0.44	0	0	0.48
97100	0.48	0.44	0.44	0	0	0.48
97200	0.48	0.44	0.44	0	0	0.48
97300	0.48	0.43	0.43	0	0	0.48
97400	0.48	0.43	0.43	0	0	0.48
97500	0.48	0.43	0.43	0	0	0.48
97600	0.48	0.43	0.43	0	0	0.48
97700	0.48	0.43	0.43	0	0	0.48
97800	0.48	0.43	0.43	0	0	0.48
97900	0.48	0.43	0.43	0	0	0.48
98000	0.48	0.43	0.43	0	0	0.48
98100	0.48	0.43	0.43	0	0	0.48
98200	0.48	0.43	0.43	0	0	0.48
98300	0.48	0.43	0.43	0	0	0.48
98400	0.48	0.43	0.43	0	0	0.48
98500	0.48	0.43	0.43	0	0	0.48
98600	0.48	0.43	0.43	0	0	0.48
98700	0.48	0.43	0.43	0	0	0.48
98800	0.47	0.43	0.43	0	0	0.47
98900	0.46	0.43	0.43	0	0	0.46
99000	0.46	0.43	0.43	0	0	0.46
99100	0.46	0.43	0.43	0	0	0.46
99200	0.46	0.43	0.43	0	0	0.46
99300	0.46	0.43	0.43	0	0	0.46
99400	0.46	0.43	0.43	0	0	0.46
99500	0.46	0.43	0.43	0	0	0.46
99600	0.46	0.43	0.43	0	0	0.46
99700	0.45	0.43	0.43	0	0	0.45
99800	0.45	0.43	0.43	0	0	0.45
99900	0.45	0.43	0.43	0	0	0.45
100000	0.45	0.43	0.43	0	0	0.45
