100	0.06	0.12	0.12	0	0	0.06
200	0.07	0.16	0.16	0	0	0.07
300	0.09	0.2	0.2	0	0	0.09
400	0.09	0.22	0.22	0	0	0.09
500	0.09	0.22	0.22	0	0	0.09
600	0.08	0.24	0.24	0	0	0.08
700	0.1	0.26	0.26	0	0	0.1
800	0.11	0.29	0.29	0	0	0.11
900	0.11	0.3	0.3	0	0	0.11
1000	0.11	0.33	0.33	0	0	0.11
1100	0.12	0.33	0.33	0	0	0.12
1200	0.12	0.34	0.34	0	0	0.12
1300	0.12	0.35	0.35	0	0	0.12
1400	0.12	0.34	0.34	0	0	0.12
1500	0.12	0.35	0.35	0	0	0.12
1600	0.12	0.36	0.36	0	0	0.12
1700	0.13	0.37	0.37	0	0	0.13
1800	0.15	0.37	0.37	0	0	0.15
1900	0.16	0.36	0.36	0	0	0.16
2000	0.15	0.37	0.37	0	0	0.15
2100	0.16	0.37	0.37	0	0	0.16
2200	0.16	0.37	0.37	0	0	0.16
2300	0.17	0.37	0.37	0	0	0.17
2400	0.19	0.37	0.37	0	0	0.19
2500	0.18	0.38	0.38	0	0	0.18
2600	0.18	0.37	0.37	0	0	0.18
2700	0.19	0.37	0.37	0	0	0.19
2800	0.19	0.37	0.37	0	0	0.19
2900	0.2	0.37	0.37	0	0	0.2
3000	0.21	0.37	0.37	0	0	0.21
3100	0.21	0.39	0.39	0	0	0.21
3200	0.21	0.37	0.37	0	0	0.21
3300	0.21	0.37	0.37	0	0	0.21
3400	0.21	0.37	0.37	0	0	0.21
3500	0.21	0.38	0.38	0	0	0.21
3600	0.21	0.38	0.38	0	0	0.21
3700	0.21	0.4	0.4	0	0	0.21
3800	0.21	0.41	0.41	0	0	0.21
3900	0.21	0.41	0.41	0	0	0.21
4000	0.21	0.41	0.41	0	0	0.21
4100	0.22	0.41	0.41	0	0	0.22
4200	0.22	0.41	0.41	0	0	0.22
4300	0.22	0.41	0.41	0	0	0.22
4400	0.22	0.41	0.41	0	0	0.22
4500	0.22	0.41	0.41	0	0	0.22
4600	0.22	0.41	0.41	0	0	0.22
4700	0.22	0.41	0.41	0	0	0.22
4800	0.23	0.41	0.41	0	0	0.23
4900	0.25	0.41	0.41	0	0	0.25
5000	0.25	0.42	0.42	0	0	0.25
5100	0.27	0.42	0.42	0	0	0.27
5200	0.27	0.42	0.42	0	0	0.27
5300	0.27	0.42	0.42	0	0	0.27
5400	0.27	0.42	0.42	0	0	0.27
5500	0.27	0.43	0.43	0	0	0.27
5600	0.27	0.42	0.42	0	0	0.27
5700	0.27	0.42	0.42	0	0	0.27
5800	0.28	0.43	0.43	0	0	0.28
5900	0.27	0.43	0.43	0	0	0.27
6000	0.28	0.44	0.44	0	0	0.28
6100	0.28	0.44	0.44	0	0	0.28
6200	0.28	0.44	0.44	0	0	0.28
6300	0.28	0.44	0.44	0	0	0.28
6400	0.28	0.44	0.44	0	0	0.28
6500	0.28	0.44	0.44	0	0	0.28
6600	0.28	0.44	0.44	0	0	0.28
6700	0.28	0.44	0.44	0	0	0.28
6800	0.28	0.45	0.45	0	0	0.28
6900	0.28	0.47	0.47	0	0	0.28
7000	0.28	0.48	0.48	0	0	0.28
7100	0.28	0.48	0.48	0	0	0.28
7200	0.28	0.48	0.48	0	0	0.28
7300	0.28	0.48	0.48	0	0	0.28
7400	0.27	0.47	0.47	0	0	0.27
7500	0.25	0.47	0.47	0	0	0.25
7600	0.25	0.47	0.47	0	0	0.25
7700	0.25	0.46	0.46	0	0	0.25
7800	0.26	0.45	0.45	0	0	0.26
7900	0.26	0.46	0.46	0	0	0.26
8000	0.27	0.46	0.46	0	0	0.27
8100	0.27	0.46	0.46	0	0	0.27
8200	0.29	0.46	0.46	0	0	0.29
8300	0.29	0.47	0.47	0	0	0.29
8400	0.29	0.48	0.48	0	0	0.29
8500	0.29	0.47	0.47	0	0	0.29
8600	0.29	0.46	0.46	0	0	0.29
8700	0.29	0.46	0.46	0	0	0.29
8800	0.29	0.46	0.46	0	0	0.29
8900	0.29	0.45	0.45	0	0	0.29
9000	0.3	0.45	0.45	0	0	0.3
9100	0.31	0.45	0.45	0	0	0.31
9200	0.31	0.45	0.45	0	0	0.31
9300	0.31	0.46	0.46	0	0	0.31
9400	0.31	0.46	0.46	0	0	0.31
9500	0.3	0.48	0.48	0	0	0.3
9600	0.3	0.47	0.47	0	0	0.3
9700	0.3	0.47	0.47	0	0	0.3
9800	0.3	0.46	0.46	0	0	0.3
9900	0.3	0.46	0.46	0	0	0.3
10000	0.31	0.47	0.47	0	0	0.31
10100	0.31	0.47	0.47	0	0	0.31
10200	0.31	0.46	0.46	0	0	0.31
10300	0.32	0.46	0.46	0	0	0.32
10400	0.32	0.46	0.46	0	0	0.32
10500	0.32	0.47	0.47	0	0	0.32
10600	0.32	0.48	0.48	0	0	0.32
10700	0.32	0.48	0.48	0	0	0.32
10800	0.31	0.48	0.48	0	0	0.31
10900	0.3	0.48	0.48	0	0	0.3
11000	0.29	0.48	0.48	0	0	0.29
11100	0.29	0.46	0.46	0	0	0.29
11200	0.29	0.46	0.46	0	0	0.29
11300	0.29	0.46	0.46	0	0	0.29
11400	0.29	0.46	0.46	0	0	0.29
11500	0.29	0.46	0.46	0	0	0.29
11600	0.29	0.46	0.46	0	0	0.29
11700	0.3	0.46	0.46	0	0	0.3
11800	0.3	0.47	0.47	0	0	0.3
11900	0.3	0.48	0.48	0	0	0.3
12000	0.29	0.48	0.48	0	0	0.29
12100	0.29	0.49	0.49	0	0	0.29
12200	0.29	0.49	0.49	0	0	0.29
12300	0.3	0.49	0.49	0	0	0.3
12400	0.3	0.49	0.49	0	0	0.3
12500	0.3	0.49	0.49	0	0	0.3
12600	0.3	0.49	0.49	0	0	0.3
12700	0.3	0.49	0.49	0	0	0.3
12800	0.3	0.5	0.5	0	0	0.3
12900	0.31	0.49	0.49	0	0	0.31
13000	0.32	0.48	0.48	0	0	0.32
13100	0.32	0.48	0.48	0	0	0.32
13200	0.31	0.48	0.48	0	0	0.31
13300	0.31	0.47	0.47	0	0	0.31
13400	0.32	0.47	0.47	0	0	0.32
13500	0.31	0.47	0.47	0	0	0.31
13600	0.31	0.47	0.47	0	0	0.31
13700	0.3	0.47	0.47	0	0	0.3
13800	0.3	0.47	0.47	0	0	0.3
13900	0.3	0.47	0.47	0	0	0.3
14000	0.3	0.48	0.48	0	0	0.3
14100	0.3	0.48	0.48	0	0	0.3
14200	0.3	0.49	0.49	0	0	0.3
14300	0.3	0.49	0.49	0	0	0.3
14400	0.3	0.49	0.49	0	0	0.3
14500	0.31	0.48	0.48	0	0	0.31
14600	0.31	0.48	0.48	0	0	0.31
14700	0.31	0.48	0.48	0	0	0.31
14800	0.31	0.48	0.48	0	0	0.31
14900	0.31	0.48	0.48	0	0	0.31
15000	0.31	0.48	0.48	0	0	0.31
15100	0.31	0.48	0.48	0	0	0.31
15200	0.32	0.48	0.48	0	0	0.32
15300	0.32	0.48	0.48	0	0	0.32
15400	0.31	0.48	0.48	0	0	0.31
15500	0.31	0.48	0.48	0	0	0.31
15600	0.31	0.49	0.49	0	0	0.31
15700	0.31	0.49	0.49	0	0	0.31
15800	0.31	0.49	0.49	0	0	0.31
15900	0.31	0.49	0.49	0	0	0.31
16000	0.31	0.49	0.49	0	0	0.31
16100	0.31	0.49	0.49	0	0	0.31
16200	0.31	0.49	0.49	0	0	0.31
16300	0.31	0.49	0.49	0	0	0.31
16400	0.31	0.49	0.49	0	0	0.31
16500	0.31	0.49	0.49	0	0	0.31
16600	0.31	0.49	0.49	0	0	0.31
16700	0.31	0.49	0.49	0	0	0.31
16800	0.31	0.49	0.49	0	0	0.31
16900	0.32	0.49	0.49	0	0	0.32
17000	0.33	0.49	0.49	0	0	0.33
17100	0.32	0.49	0.49	0	0	0.32
17200	0.32	0.49	0.49	0	0	0.32
17300	0.33	0.49	0.49	0	0	0.33
17400	0.33	0.49	0.49	0	0	0.33
17500	0.33	0.49	0.49	0	0	0.33
17600	0.32	0.49	0.49	0	0	0.32
17700	0.32	0.49	0.49	0	0	0.32
17800	0.32	0.49	0.49	0	0	0.32
17900	0.32	0.49	0.49	0	0	0.32
18000	0.32	0.49	0.49	0	0	0.32
18100	0.32	0.49	0.49	0	0	0.32
18200	0.32	0.49	0.49	0	0	0.32
18300	0.32	0.49	0.49	0	0	0.32
18400	0.32	0.5	0.5	0	0	0.32
18500	0.32	0.49	0.49	0	0	0.32
18600	0.32	0.49	0.49	0	0	0.32
18700	0.32	0.49	0.49	0	0	0.32
18800	0.31	0.49	0.49	0	0	0.31
18900	0.31	0.49	0.49	0	0	0.31
19000	0.31	0.49	0.49	0	0	0.31
19100	0.31	0.49	0.49	0	0	0.31
19200	0.31	0.49	0.49	0	0	0.31
19300	0.31	0.5	0.5	0	0	0.31
19400	0.31	0.5	0.5	0	0	0.31
19500	0.31	0.49	0.49	0	0	0.31
19600	0.31	0.5	0.5	0	0	0.31
19700	0.31	0.51	0.51	0	0	0.31
19800	0.3	0.51	0.51	0	0	0.3
19900	0.3	0.51	0.51	0	0	0.3
20000	0.3	0.51	0.51	0	0	0.3
20100	0.31	0.51	0.51	0	0	0.31
20200	0.31	0.53	0.53	0	0	0.31
20300	0.31	0.53	0.53	0	0	0.31
20400	0.32	0.53	0.53	0	0	0.32
20500	0.32	0.53	0.53	0	0	0.32
20600	0.32	0.53	0.53	0	0	0.32
20700	0.32	0.54	0.54	0	0	0.32
20800	0.32	0.53	0.53	0	0	0.32
20900	0.32	0.53	0.53	0	0	0.32
21000	0.32	0.53	0.53	0	0	0.32
21100	0.32	0.53	0.53	0	0	0.32
21200	0.32	0.53	0.53	0	0	0.32
21300	0.32	0.54	0.54	0	0	0.32
21400	0.32	0.53	0.53	0	0	0.32
21500	0.32	0.53	0.53	0	0	0.32
21600	0.32	0.53	0.53	0	0	0.32
21700	0.32	0.53	0.53	0	0	0.32
21800	0.32	0.52	0.52	0	0	0.32
21900	0.32	0.53	0.53	0	0	0.32
22000	0.32	0.53	0.53	0	0	0.32
22100	0.32	0.53	0.53	0	0	0.32
22200	0.32	0.53	0.53	0	0	0.32
22300	0.32	0.53	0.53	0	0	0.32
22400	0.32	0.54	0.54	0	0	0.32
22500	0.32	0.53	0.53	0	0	0.32
22600	0.32	0.54	0.54	0	0	0.32
22700	0.31	0.53	0.53	0	0	0.31
22800	0.32	0.53	0.53	0	0	0.32
22900	0.31	0.53	0.53	0	0	0.31
23000	0.31	0.53	0.53	0	0	0.31
23100	0.32	0.53	0.53	0	0	0.32
23200	0.32	0.53	0.53	0	0	0.32
23300	0.32	0.53	0.53	0	0	0.32
23400	0.32	0.53	0.53	0	0	0.32
23500	0.32	0.53	0.53	0	0	0.32
23600	0.32	0.53	0.53	0	0	0.32
23700	0.32	0.53	0.53	0	0	0.32
23800	0.32	0.53	0.53	0	0	0.32
23900	0.32	0.53	0.53	0	0	0.32
24000	0.32	0.53	0.53	0	0	0.32
24100	0.32	0.54	0.54	0	0	0.32
24200	0.32	0.54	0.54	0	0	0.32
24300	0.32	0.54	0.54	0	0	0.32
24400	0.32	0.55	0.55	0	0	0.32
24500	0.32	0.56	0.56	0	0	0.32
24600	0.32	0.56	0.56	0	0	0.32
24700	0.32	0.56	0.56	0	0	0.32
24800	0.32	0.56	0.56	0	0	0.32
24900	0.32	0.56	0.56	0	0	0.32
25000	0.32	0.56	0.56	0	0	0.32
25100	0.32	0.56	0.56	0	0	0.32
25200	0.32	0.54	0.54	0	0	0.32
25300	0.32	0.54	0.54	0	0	0.32
25400	0.32	0.55	0.55	0	0	0.32
25500	0.32	0.55	0.55	0	0	0.32
25600	0.31	0.55	0.55	0	0	0.31
25700	0.31	0.54	0.54	0	0	0.31
25800	0.31	0.54	0.54	0	0	0.31
25900	0.31	0.54	0.54	0	0	0.31
26000	0.31	0.54	0.54	0	0	0.31
26100	0.31	0.52	0.52	0	0	0.31
26200	0.32	0.52	0.52	0	0	0.32
26300	0.32	0.52	0.52	0	0	0.32
26400	0.32	0.52	0.52	0	0	0.32
26500	0.32	0.52	0.52	0	0	0.32
26600	0.33	0.52	0.52	0	0	0.33
26700	0.33	0.52	0.52	0	0	0.33
26800	0.34	0.52	0.52	0	0	0.34
26900	0.35	0.52	0.52	0	0	0.35
27000	0.35	0.51	0.51	0	0	0.35
27100	0.35	0.52	0.52	0	0	0.35
27200	0.35	0.52	0.52	0	0	0.35
27300	0.35	0.52	0.52	0	0	0.35
27400	0.35	0.53	0.53	0	0	0.35
27500	0.35	0.52	0.52	0	0	0.35
27600	0.35	0.52	0.52	0	0	0.35
27700	0.35	0.51	0.51	0	0	0.35
27800	0.35	0.51	0.51	0	0	0.35
27900	0.35	0.51	0.51	0	0	0.35
28000	0.35	0.51	0.51	0	0	0.35
28100	0.35	0.51	0.51	0	0	0.35
28200	0.36	0.51	0.51	0	0	0.36
28300	0.36	0.51	0.51	0	0	0.36
28400	0.35	0.51	0.51	0	0	0.35
28500	0.35	0.51	0.51	0	0	0.35
28600	0.35	0.51	0.51	0	0	0.35
28700	0.35	0.51	0.51	0	0	0.35
28800	0.35	0.51	0.51	0	0	0.35
28900	0.36	0.51	0.51	0	0	0.36
29000	0.36	0.51	0.51	0	0	0.36
29100	0.36	0.51	0.51	0	0	0.36
29200	0.35	0.51	0.51	0	0	0.35
29300	0.35	0.51	0.51	0	0	0.35
29400	0.35	0.51	0.51	0	0	0.35
29500	0.35	0.51	0.51	0	0	0.35
29600	0.35	0.52	0.52	0	0	0.35
29700	0.35	0.52	0.52	0	0	0.35
29800	0.36	0.52	0.52	0	0	0.36
29900	0.36	0.52	0.52	0	0	0.36
30000	0.36	0.52	0.52	0	0	0.36
30100	0.36	0.52	0.52	0	0	0.36
30200	0.35	0.52	0.52	0	0	0.35
30300	0.35	0.52	0.52	0	0	0.35
30400	0.35	0.53	0.53	0	0	0.35
30500	0.35	0.53	0.53	0	0	0.35
30600	0.35	0.52	0.52	0	0	0.35
30700	0.35	0.51	0.51	0	0	0.35
30800	0.35	0.52	0.52	0	0	0.35
30900	0.36	0.52	0.52	0	0	0.36
31000	0.36	0.51	0.51	0	0	0.36
31100	0.36	0.51	0.51	0	0	0.36
31200	0.36	0.51	0.51	0	0	0.36
31300	0.36	0.51	0.51	0	0	0.36
31400	0.36	0.51	0.51	0	0	0.36
31500	0.36	0.51	0.51	0	0	0.36
31600	0.37	0.51	0.51	0	0	0.37
31700	0.37	0.51	0.51	0	0	0.37
31800	0.37	0.51	0.51	0	0	0.37
31900	0.37	0.51	0.51	0	0	0.37
32000	0.37	0.51	0.51	0	0	0.37
32100	0.37	0.51	0.51	0	0	0.37
32200	0.37	0.51	0.51	0	0	0.37
32300	0.37	0.51	0.51	0	0	0.37
32400	0.37	0.51	0.51	0	0	0.37
32500	0.37	0.51	0.51	0	0	0.37
32600	0.37	0.51	0.51	0	0	0.37
32700	0.37	0.51	0.51	0	0	0.37
32800	0.37	0.51	0.51	0	0	0.37
32900	0.37	0.51	0.51	0	0	0.37
33000	0.36	0.51	0.51	0	0	0.36
33100	0.36	0.51	0.51	0	0	0.36
33200	0.36	0.51	0.51	0	0	0.36
33300	0.36	0.51	0.51	0	0	0.36
33400	0.36	0.52	0.52	0	0	0.36
33500	0.36	0.53	0.53	0	0	0.36
33600	0.36	0.53	0.53	0	0	0.36
33700	0.35	0.53	0.53	0	0	0.35
33800	0.35	0.53	0.53	0	0	0.35
33900	0.35	0.53	0.53	0	0	0.35
34000	0.35	0.53	0.53	0	0	0.35
34100	0.35	0.53	0.53	0	0	0.35
34200	0.35	0.53	0.53	0	0	0.35
34300	0.35	0.53	0.53	0	0	0.35
34400	0.35	0.53	0.53	0	0	0.35
34500	0.35	0.53	0.53	0	0	0.35
34600	0.35	0.53	0.53	0	0	0.35
34700	0.35	0.53	0.53	0	0	0.35
34800	0.36	0.53	0.53	0	0	0.36
34900	0.36	0.53	0.53	0	0	0.36
35000	0.36	0.53	0.53	0	0	0.36
35100	0.37	0.53	0.53	0	0	0.37
35200	0.37	0.53	0.53	0	0	0.37
35300	0.37	0.53	0.53	0	0	0.37
35400	0.37	0.53	0.53	0	0	0.37
35500	0.37	0.53	0.53	0	0	0.37
35600	0.37	0.53	0.53	0	0	0.37
35700	0.38	0.54	0.54	0	0	0.38
35800	0.37	0.54	0.54	0	0	0.37
35900	0.37	0.54	0.54	0	0	0.37
36000	0.37	0.54	0.54	0	0	0.37
36100	0.37	0.54	0.54	0	0	0.37
36200	0.37	0.54	0.54	0	0	0.37
36300	0.38	0.54	0.54	0	0	0.38
36400	0.37	0.54	0.54	0	0	0.37
36500	0.37	0.54	0.54	0	0	0.37
36600	0.37	0.54	0.54	0	0	0.37
36700	0.37	0.54	0.54	0	0	0.37
36800	0.37	0.53	0.53	0	0	0.37
36900	0.36	0.53	0.53	0	0	0.36
37000	0.36	0.53	0.53	0	0	0.36
37100	0.36	0.53	0.53	0	0	0.36
37200	0.36	0.53	0.53	0	0	0.36
37300	0.36	0.52	0.52	0	0	0.36
37400	0.36	0.52	0.52	0	0	0.36
37500	0.36	0.52	0.52	0	0	0.36
37600	0.36	0.52	0.52	0	0	0.36
37700	0.36	0.52	0.52	0	0	0.36
37800	0.36	0.52	0.52	0	0	0.36
37900	0.36	0.52	0.52	0	0	0.36
38000	0.36	0.52	0.52	0	0	0.36
38100	0.36	0.52	0.52	0	0	0.36
38200	0.36	0.52	0.52	0	0	0.36
38300	0.36	0.51	0.51	0	0	0.36
38400	0.36	0.51	0.51	0	0	0.36
38500	0.35	0.51	0.51	0	0	0.35
38600	0.37	0.52	0.52	0	0	0.37
38700	0.37	0.52	0.52	0	0	0.37
38800	0.37	0.52	0.52	0	0	0.37
38900	0.37	0.52	0.52	0	0	0.37
39000	0.37	0.51	0.51	0	0	0.37
39100	0.37	0.51	0.51	0	0	0.37
39200	0.37	0.52	0.52	0	0	0.37
39300	0.37	0.52	0.52	0	0	0.37
39400	0.37	0.52	0.52	0	0	0.37
39500	0.37	0.52	0.52	0	0	0.37
39600	0.37	0.52	0.52	0	0	0.37
39700	0.37	0.52	0.52	0	0	0.37
39800	0.37	0.52	0.52	0	0	0.37
39900	0.37	0.52	0.52	0	0	0.37
40000	0.38	0.52	0.52	0	0	0.38
40100	0.38	0.52	0.52	0	0	0.38
40200	0.39	0.52	0.52	0	0	0.39
40300	0.4	0.52	0.52	0	0	0.4
40400	0.4	0.52	0.52	0	0	0.4
40500	0.39	0.52	0.52	0	0	0.39
40600	0.39	0.52	0.52	0	0	0.39
40700	0.39	0.52	0.52	0	0	0.39
40800	0.4	0.52	0.52	0	0	0.4
40900	0.4	0.52	0.52	0	0	0.4
41000	0.4	0.52	0.52	0	0	0.4
41100	0.41	0.53	0.53	0	0	0.41
41200	0.42	0.53	0.53	0	0	0.42
41300	0.42	0.53	0.53	0	0	0.42
41400	0.42	0.52	0.52	0	0	0.42
41500	0.41	0.52	0.52	0	0	0.41
41600	0.41	0.52	0.52	0	0	0.41
41700	0.41	0.52	0.52	0	0	0.41
41800	0.42	0.52	0.52	0	0	0.42
41900	0.42	0.52	0.52	0	0	0.42
42000	0.42	0.52	0.52	0	0	0.42
42100	0.42	0.52	0.52	0	0	0.42
42200	0.42	0.52	0.52	0	0	0.42
42300	0.42	0.53	0.53	0	0	0.42
42400	0.42	0.52	0.52	0	0	0.42
42500	0.42	0.52	0.52	0	0	0.42
42600	0.42	0.52	0.52	0	0	0.42
42700	0.42	0.52	0.52	0	0	0.42
42800	0.42	0.52	0.52	0	0	0.42
42900	0.42	0.52	0.52	0	0	0.42
43000	0.42	0.52	0.52	0	0	0.42
43100	0.41	0.52	0.52	0	0	0.41
43200	0.39	0.52	0.52	0	0	0.39
43300	0.4	0.52	0.52	0	0	0.4
43400	0.41	0.52	0.52	0	0	0.41
43500	0.4	0.52	0.52	0	0	0.4
43600	0.4	0.52	0.52	0	0	0.4
43700	0.4	0.52	0.52	0	0	0.4
43800	0.4	0.52	0.52	0	0	0.4
43900	0.4	0.52	0.52	0	0	0.4
44000	0.4	0.52	0.52	0	0	0.4
44100	0.4	0.52	0.52	0	0	0.4
44200	0.4	0.52	0.52	0	0	0.4
44300	0.4	0.52	0.52	0	0	0.4
44400	0.4	0.52	0.52	0	0	0.4
44500	0.4	0.52	0.52	0	0	0.4
44600	0.4	0.52	0.52	0	0	0.4
44700	0.4	0.52	0.52	0	0	0.4
44800	0.4	0.52	0.52	0	0	0.4
44900	0.4	0.52	0.52	0	0	0.4
45000	0.4	0.52	0.52	0	0	0.4
45100	0.4	0.52	0.52	0	0	0.4
45200	0.4	0.52	0.52	0	0	0.4
45300	0.4	0.52	0.52	0	0	0.4
45400	0.39	0.52	0.52	0	0	0.39
45500	0.4	0.51	0.51	0	0	0.4
45600	0.41	0.51	0.51	0	0	0.41
45700	0.41	0.51	0.51	0	0	0.41
45800	0.41	0.53	0.53	0	0	0.41
45900	0.41	0.53	0.53	0	0	0.41
46000	0.41	0.53	0.53	0	0	0.41
46100	0.41	0.53	0.53	0	0	0.41
46200	0.41	0.53	0.53	0	0	0.41
46300	0.41	0.53	0.53	0	0	0.41
46400	0.41	0.53	0.53	0	0	0.41
46500	0.41	0.53	0.53	0	0	0.41
46600	0.41	0.54	0.54	0	0	0.41
46700	0.41	0.53	0.53	0	0	0.41
46800	0.41	0.53	0.53	0	0	0.41
46900	0.41	0.53	0.53	0	0	0.41
47000	0.41	0.53	0.53	0	0	0.41
47100	0.42	0.53	0.53	0	0	0.42
47200	0.42	0.53	0.53	0	0	0.42
47300	0.42	0.53	0.53	0	0	0.42
47400	0.42	0.53	0.53	0	0	0.42
47500	0.42	0.53	0.53	0	0	0.42
47600	0.42	0.53	0.53	0	0	0.42
47700	0.42	0.53	0.53	0	0	0.42
47800	0.42	0.53	0.53	0	0	0.42
47900	0.41	0.53	0.53	0	0	0.41
48000	0.41	0.53	0.53	0	0	0.41
48100	0.41	0.54	0.54	0	0	0.41
48200	0.41	0.54	0.54	0	0	0.41
48300	0.41	0.54	0.54	0	0	0.41
48400	0.41	0.54	0.54	0	0	0.41
48500	0.41	0.54	0.54	0	0	0.41
48600	0.41	0.54	0.54	0	0	0.41
48700	0.41	0.54	0.54	0	0	0.41
48800	0.4	0.54	0.54	0	0	0.4
48900	0.41	0.54	0.54	0	0	0.41
49000	0.41	0.54	0.54	0	0	0.41
49100	0.41	0.54	0.54	0	0	0.41
49200	0.41	0.54	0.54	0	0	0.41
49300	0.41	0.54	0.54	0	0	0.41
49400	0.41	0.54	0.54	0	0	0.41
49500	0.41	0.53	0.53	0	0	0.41
49600	0.41	0.52	0.52	0	0	0.41
49700	0.41	0.52	0.52	0	0	0.41
49800	0.41	0.52	0.52	0	0	0.41
49900	0.41	0.52	0.52	0	0	0.41
50000	0.41	0.52	0.52	0	0	0.41
50100	0.41	0.52	0.52	0	0	0.41
50200	0.41	0.52	0.52	0	0	0.41
50300	0.41	0.52	0.52	0	0	0.41
50400	0.41	0.52	0.52	0	0	0.41
50500	0.41	0.52	0.52	0	0	0.41
50600	0.4	0.51	0.51	0	0	0.4
50700	0.4	0.51	0.51	0	0	0.4
50800	0.42	0.51	0.51	0	0	0.42
50900	0.4	0.51	0.51	0	0	0.4
51000	0.4	0.52	0.52	0	0	0.4
51100	0.4	0.52	0.52	0	0	0.4
51200	0.4	0.52	0.52	0	0	0.4
51300	0.4	0.52	0.52	0	0	0.4
51400	0.4	0.52	0.52	0	0	0.4
51500	0.4	0.52	0.52	0	0	0.4
51600	0.41	0.52	0.52	0	0	0.41
51700	0.41	0.52	0.52	0	0	0.41
51800	0.41	0.52	0.52	0	0	0.41
51900	0.41	0.52	0.52	0	0	0.41
52000	0.41	0.52	0.52	0	0	0.41
52100	0.4	0.52	0.52	0	0	0.4
52200	0.4	0.51	0.51	0	0	0.4
52300	0.4	0.51	0.51	0	0	0.4
52400	0.4	0.52	0.52	0	0	0.4
52500	0.4	0.52	0.52	0	0	0.4
52600	0.39	0.52	0.52	0	0	0.39
52700	0.39	0.52	0.52	0	0	0.39
52800	0.39	0.52	0.52	0	0	0.39
52900	0.39	0.52	0.52	0	0	0.39
53000	0.39	0.52	0.52	0	0	0.39
53100	0.4	0.52	0.52	0	0	0.4
53200	0.4	0.52	0.52	0	0	0.4
53300	0.41	0.52	0.52	0	0	0.41
53400	0.41	0.52	0.52	0	0	0.41
53500	0.42	0.52	0.52	0	0	0.42
53600	0.42	0.52	0.52	0	0	0.42
53700	0.42	0.51	0.51	0	0	0.42
53800	0.42	0.51	0.51	0	0	0.42
53900	0.42	0.52	0.52	0	0	0.42
54000	0.42	0.52	0.52	0	0	0.42
54100	0.42	0.52	0.52	0	0	0.42
54200	0.42	0.52	0.52	0	0	0.42
54300	0.42	0.52	0.52	0	0	0.42
54400	0.42	0.51	0.51	0	0	0.42
54500	0.41	0.51	0.51	0	0	0.41
54600	0.4	0.51	0.51	0	0	0.4
54700	0.39	0.51	0.51	0	0	0.39
54800	0.39	0.51	0.51	0	0	0.39
54900	0.39	0.5	0.5	0	0	0.39
55000	0.4	0.5	0.5	0	0	0.4
55100	0.4	0.5	0.5	0	0	0.4
55200	0.4	0.5	0.5	0	0	0.4
55300	0.4	0.5	0.5	0	0	0.4
55400	0.4	0.5	0.5	0	0	0.4
55500	0.4	0.5	0.5	0	0	0.4
55600	0.4	0.5	0.5	0	0	0.4
55700	0.41	0.5	0.5	0	0	0.41
55800	0.41	0.5	0.5	0	0	0.41
55900	0.41	0.5	0.5	0	0	0.41
56000	0.41	0.5	0.5	0	0	0.41
56100	0.41	0.5	0.5	0	0	0.41
56200	0.41	0.5	0.5	0	0	0.41
56300	0.41	0.5	0.5	0	0	0.41
56400	0.41	0.5	0.5	0	0	0.41
56500	0.42	0.5	0.5	0	0	0.42
56600	0.42	0.5	0.5	0	0	0.42
56700	0.42	0.5	0.5	0	0	0.42
56800	0.42	0.5	0.5	0	0	0.42
56900	0.43	0.5	0.5	0	0	0.43
57000	0.43	0.5	0.5	0	0	0.43
57100	0.43	0.5	0.5	0	0	0.43
57200	0.43	0.5	0.5	0	0	0.43
57300	0.43	0.5	0.5	0	0	0.43
57400	0.43	0.5	0.5	0	0	0.43
57500	0.43	0.5	0.5	0	0	0.43
57600	0.43	0.5	0.5	0	0	0.43
57700	0.43	0.5	0.5	0	0	0.43
57800	0.43	0.5	0.5	0	0	0.43
57900	0.43	0.5	0.5	0	0	0.43
58000	0.43	0.5	0.5	0	0	0.43
58100	0.43	0.5	0.5	0	0	0.43
58200	0.43	0.51	0.51	0	0	0.43
58300	0.43	0.51	0.51	0	0	0.43
58400	0.43	0.51	0.51	0	0	0.43
58500	0.43	0.51	0.51	0	0	0.43
58600	0.43	0.5	0.5	0	0	0.43
58700	0.43	0.5	0.5	0	0	0.43
58800	0.43	0.5	0.5	0	0	0.43
58900	0.43	0.5	0.5	0	0	0.43
59000	0.43	0.5	0.5	0	0	0.43
59100	0.43	0.5	0.5	0	0	0.43
59200	0.43	0.5	0.5	0	0	0.43
59300	0.43	0.5	0.5	0	0	0.43
59400	0.43	0.5	0.5	0	0	0.43
59500	0.43	0.5	0.5	0	0	0.43
59600	0.43	0.5	0.5	0	0	0.43
59700	0.43	0.5	0.5	0	0	0.43
59800	0.43	0.5	0.5	0	0	0.43
59900	0.43	0.5	0.5	0	0	0.43
60000	0.43	0.5	0.5	0	0	0.43
60100	0.43	0.51	0.51	0	0	0.43
60200	0.43	0.51	0.51	0	0	0.43
60300	0.42	0.51	0.51	0	0	0.42
60400	0.42	0.51	0.51	0	0	0.42
60500	0.42	0.51	0.51	0	0	0.42
60600	0.42	0.51	0.51	0	0	0.42
60700	0.42	0.51	0.51	0	0	0.42
60800	0.42	0.51	0.51	0	0	0.42
60900	0.42	0.51	0.51	0	0	0.42
61000	0.42	0.51	0.51	0	0	0.42
61100	0.41	0.51	0.51	0	0	0.41
61200	0.41	0.51	0.51	0	0	0.41
61300	0.41	0.51	0.51	0	0	0.41
61400	0.42	0.51	0.51	0	0	0.42
61500	0.42	0.51	0.51	0	0	0.42
61600	0.42	0.51	0.51	0	0	0.42
61700	0.42	0.5	0.5	0	0	0.42
61800	0.41	0.51	0.51	0	0	0.41
61900	0.41	0.52	0.52	0	0	0.41
62000	0.41	0.52	0.52	0	0	0.41
62100	0.41	0.52	0.52	0	0	0.41
62200	0.41	0.52	0.52	0	0	0.41
62300	0.41	0.52	0.52	0	0	0.41
62400	0.41	0.52	0.52	0	0	0.41
62500	0.41	0.52	0.52	0	0	0.41
62600	0.41	0.52	0.52	0	0	0.41
62700	0.41	0.52	0.52	0	0	0.41
62800	0.41	0.52	0.52	0	0	0.41
62900	0.41	0.53	0.53	0	0	0.41
63000	0.41	0.54	0.54	0	0	0.41
63100	0.41	0.54	0.54	0	0	0.41
63200	0.41	0.54	0.54	0	0	0.41
63300	0.4	0.54	0.54	0	0	0.4
63400	0.4	0.54	0.54	0	0	0.4
63500	0.4	0.54	0.54	0	0	0.4
63600	0.4	0.54	0.54	0	0	0.4
63700	0.4	0.54	0.54	0	0	0.4
63800	0.4	0.54	0.54	0	0	0.4
63900	0.4	0.53	0.53	0	0	0.4
64000	0.4	0.54	0.54	0	0	0.4
64100	0.4	0.53	0.53	0	0	0.4
64200	0.4	0.53	0.53	0	0	0.4
64300	0.4	0.53	0.53	0	0	0.4
64400	0.4	0.54	0.54	0	0	0.4
64500	0.4	0.53	0.53	0	0	0.4
64600	0.4	0.53	0.53	0	0	0.4
64700	0.4	0.53	0.53	0	0	0.4
64800	0.4	0.53	0.53	0	0	0.4
64900	0.4	0.53	0.53	0	0	0.4
65000	0.4	0.53	0.53	0	0	0.4
65100	0.4	0.53	0.53	0	0	0.4
65200	0.4	0.53	0.53	0	0	0.4
65300	0.4	0.53	0.53	0	0	0.4
65400	0.4	0.53	0.53	0	0	0.4
65500	0.4	0.53	0.53	0	0	0.4
65600	0.4	0.52	0.52	0	0	0.4
65700	0.4	0.53	0.53	0	0	0.4
65800	0.39	0.53	0.53	0	0	0.39
65900	0.39	0.53	0.53	0	0	0.39
66000	0.38	0.52	0.52	0	0	0.38
66100	0.38	0.51	0.51	0	0	0.38
66200	0.38	0.51	0.51	0	0	0.38
66300	0.38	0.51	0.51	0	0	0.38
66400	0.38	0.51	0.51	0	0	0.38
66500	0.38	0.51	0.51	0	0	0.38
66600	0.38	0.51	0.51	0	0	0.38
66700	0.38	0.51	0.51	0	0	0.38
66800	0.38	0.51	0.51	0	0	0.38
66900	0.38	0.51	0.51	0	0	0.38
67000	0.38	0.51	0.51	0	0	0.38
67100	0.38	0.51	0.51	0	0	0.38
67200	0.38	0.51	0.51	0	0	0.38
67300	0.39	0.51	0.51	0	0	0.39
67400	0.39	0.51	0.51	0	0	0.39
67500	0.39	0.51	0.51	0	0	0.39
67600	0.39	0.51	0.51	0	0	0.39
67700	0.4	0.51	0.51	0	0	0.4
67800	0.4	0.51	0.51	0	0	0.4
67900	0.4	0.5	0.5	0	0	0.4
68000	0.4	0.49	0.49	0	0	0.4
68100	0.4	0.49	0.49	0	0	0.4
68200	0.4	0.49	0.49	0	0	0.4
68300	0.4	0.49	0.49	0	0	0.4
68400	0.4	0.48	0.48	0	0	0.4
68500	0.4	0.48	0.48	0	0	0.4
68600	0.4	0.48	0.48	0	0	0.4
68700	0.4	0.48	0.48	0	0	0.4
68800	0.4	0.48	0.48	0	0	0.4
68900	0.4	0.48	0.48	0	0	0.4
69000	0.4	0.48	0.48	0	0	0.4
69100	0.4	0.48	0.48	0	0	0.4
69200	0.4	0.49	0.49	0	0	0.4
69300	0.4	0.48	0.48	0	0	0.4
69400	0.4	0.48	0.48	0	0	0.4
69500	0.4	0.48	0.48	0	0	0.4
69600	0.4	0.48	0.48	0	0	0.4
69700	0.4	0.48	0.48	0	0	0.4
69800	0.4	0.48	0.48	0	0	0.4
69900	0.4	0.48	0.48	0	0	0.4
70000	0.4	0.48	0.48	0	0	0.4
70100	0.4	0.48	0.48	0	0	0.4
70200	0.4	0.48	0.48	0	0	0.4
70300	0.4	0.48	0.48	0	0	0.4
70400	0.4	0.48	0.48	0	0	0.4
70500	0.4	0.48	0.48	0	0	0.4
70600	0.4	0.48	0.48	0	0	0.4
70700	0.4	0.48	0.48	0	0	0.4
70800	0.4	0.48	0.48	0	0	0.4
70900	0.4	0.48	0.48	0	0	0.4
71000	0.4	0.48	0.48	0	0	0.4
71100	0.4	0.48	0.48	0	0	0.4
71200	0.4	0.48	0.48	0	0	0.4
71300	0.4	0.49	0.49	0	0	0.4
71400	0.4	0.48	0.48	0	0	0.4
71500	0.4	0.48	0.48	0	0	0.4
71600	0.4	0.49	0.49	0	0	0.4
71700	0.4	0.49	0.49	0	0	0.4
71800	0.4	0.49	0.49	0	0	0.4
71900	0.4	0.49	0.49	0	0	0.4
72000	0.4	0.49	0.49	0	0	0.4
72100	0.4	0.49	0.49	0	0	0.4
72200	0.4	0.49	0.49	0	0	0.4
72300	0.4	0.49	0.49	0	0	0.4
72400	0.4	0.49	0.49	0	0	0.4
72500	0.4	0.5	0.5	0	0	0.4
72600	0.41	0.49	0.49	0	0	0.41
72700	0.41	0.49	0.49	0	0	0.41
72800	0.41	0.49	0.49	0	0	0.41
72900	0.41	0.49	0.49	0	0	0.41
73000	0.4	0.49	0.49	0	0	0.4
73100	0.4	0.5	0.5	0	0	0.4
73200	0.4	0.5	0.5	0	0	0.4
73300	0.4	0.49	0.49	0	0	0.4
73400	0.4	0.49	0.49	0	0	0.4
73500	0.41	0.49	0.49	0	0	0.41
73600	0.41	0.49	0.49	0	0	0.41
73700	0.41	0.49	0.49	0	0	0.41
73800	0.41	0.49	0.49	0	0	0.41
73900	0.41	0.48	0.48	0	0	0.41
74000	0.41	0.48	0.48	0	0	0.41
74100	0.4	0.48	0.48	0	0	0.4
74200	0.4	0.48	0.48	0	0	0.4
74300	0.4	0.48	0.48	0	0	0.4
74400	0.4	0.48	0.48	0	0	0.4
74500	0.4	0.48	0.48	0	0	0.4
74600	0.4	0.48	0.48	0	0	0.4
74700	0.4	0.48	0.48	0	0	0.4
74800	0.4	0.48	0.48	0	0	0.4
74900	0.4	0.48	0.48	0	0	0.4
75000	0.4	0.48	0.48	0	0	0.4
75100	0.4	0.48	0.48	0	0	0.4
75200	0.4	0.48	0.48	0	0	0.4
75300	0.4	0.48	0.48	0	0	0.4
75400	0.4	0.48	0.48	0	0	0.4
75500	0.39	0.48	0.48	0	0	0.39
75600	0.4	0.49	0.49	0	0	0.4
75700	0.4	0.49	0.49	0	0	0.4
75800	0.4	0.49	0.49	0	0	0.4
75900	0.4	0.5	0.5	0	0	0.4
76000	0.4	0.49	0.49	0	0	0.4
76100	0.4	0.49	0.49	0	0	0.4
76200	0.4	0.49	0.49	0	0	0.4
76300	0.4	0.49	0.49	0	0	0.4
76400	0.4	0.49	0.49	0	0	0.4
76500	0.4	0.49	0.49	0	0	0.4
76600	0.4	0.49	0.49	0	0	0.4
76700	0.4	0.49	0.49	0	0	0.4
76800	0.4	0.49	0.49	0	0	0.4
76900	0.4	0.49	0.49	0	0	0.4
77000	0.4	0.49	0.49	0	0	0.4
77100	0.4	0.48	0.48	0	0	0.4
77200	0.4	0.49	0.49	0	0	0.4
77300	0.4	0.49	0.49	0	0	0.4
77400	0.4	0.49	0.49	0	0	0.4
77500	0.4	0.5	0.5	0	0	0.4
77600	0.4	0.5	0.5	0	0	0.4
77700	0.39	0.5	0.5	0	0	0.39
77800	0.39	0.5	0.5	0	0	0.39
77900	0.39	0.5	0.5	0	0	0.39
78000	0.39	0.5	0.5	0	0	0.39
78100	0.39	0.5	0.5	0	0	0.39
78200	0.39	0.5	0.5	0	0	0.39
78300	0.39	0.49	0.49	0	0	0.39
78400	0.39	0.49	0.49	0	0	0.39
78500	0.39	0.49	0.49	0	0	0.39
78600	0.39	0.49	0.49	0	0	0.39
78700	0.39	0.49	0.49	0	0	0.39
78800	0.39	0.49	0.49	0	0	0.39
78900	0.39	0.49	0.49	0	0	0.39
79000	0.4	0.49	0.49	0	0	0.4
79100	0.4	0.49	0.49	0	0	0.4
79200	0.4	0.5	0.5	0	0	0.4
79300	0.4	0.5	0.5	0	0	0.4
79400	0.4	0.5	0.5	0	0	0.4
79500	0.4	0.5	0.5	0	0	0.4
79600	0.4	0.5	0.5	0	0	0.4
79700	0.4	0.5	0.5	0	0	0.4
79800	0.4	0.5	0.5	0	0	0.4
79900	0.4	0.5	0.5	0	0	0.4
80000	0.4	0.5	0.5	0	0	0.4
80100	0.4	0.51	0.51	0	0	0.4
80200	0.4	0.5	0.5	0	0	0.4
80300	0.4	0.5	0.5	0	0	0.4
80400	0.4	0.51	0.51	0	0	0.4
80500	0.4	0.51	0.51	0	0	0.4
80600	0.4	0.51	0.51	0	0	0.4
80700	0.4	0.51	0.51	0	0	0.4
80800	0.4	0.51	0.51	0	0	0.4
80900	0.4	0.51	0.51	0	0	0.4
81000	0.4	0.51	0.51	0	0	0.4
81100	0.4	0.51	0.51	0	0	0.4
81200	0.4	0.51	0.51	0	0	0.4
81300	0.4	0.51	0.51	0	0	0.4
81400	0.4	0.51	0.51	0	0	0.4
81500	0.4	0.51	0.51	0	0	0.4
81600	0.4	0.51	0.51	0	0	0.4
81700	0.4	0.51	0.51	0	0	0.4
81800	0.4	0.51	0.51	0	0	0.4
81900	0.4	0.51	0.51	0	0	0.4
82000	0.4	0.51	0.51	0	0	0.4
82100	0.4	0.51	0.51	0	0	0.4
82200	0.4	0.51	0.51	0	0	0.4
82300	0.4	0.51	0.51	0	0	0.4
82400	0.4	0.51	0.51	0	0	0.4
82500	0.4	0.51	0.51	0	0	0.4
82600	0.4	0.51	0.51	0	0	0.4
82700	0.4	0.51	0.51	0	0	0.4
82800	0.4	0.51	0.51	0	0	0.4
82900	0.4	0.51	0.51	0	0	0.4
83000	0.4	0.51	0.51	0	0	0.4
83100	0.4	0.51	0.51	0	0	0.4
83200	0.4	0.51	0.51	0	0	0.4
83300	0.4	0.51	0.51	0	0	0.4
83400	0.4	0.51	0.51	0	0	0.4
83500	0.41	0.51	0.51	0	0	0.41
83600	0.41	0.51	0.51	0	0	0.41
83700	0.41	0.51	0.51	0	0	0.41
83800	0.41	0.51	0.51	0	0	0.41
83900	0.41	0.51	0.51	0	0	0.41
84000	0.41	0.51	0.51	0	0	0.41
84100	0.41	0.51	0.51	0	0	0.41
84200	0.41	0.51	0.51	0	0	0.41
84300	0.41	0.51	0.51	0	0	0.41
84400	0.41	0.51	0.51	0	0	0.41
84500	0.41	0.51	0.51	0	0	0.41
84600	0.42	0.51	0.51	0	0	0.42
84700	0.41	0.52	0.52	0	0	0.41
84800	0.41	0.52	0.52	0	0	0.41
84900	0.41	0.52	0.52	0	0	0.41
85000	0.41	0.52	0.52	0	0	0.41
85100	0.4	0.52	0.52	0	0	0.4
85200	0.4	0.52	0.52	0	0	0.4
85300	0.4	0.52	0.52	0	0	0.4
85400	0.4	0.52	0.52	0	0	0.4
85500	0.4	0.52	0.52	0	0	0.4
85600	0.4	0.52	0.52	0	0	0.4
85700	0.4	0.52	0.52	0	0	0.4
85800	0.4	0.53	0.53	0	0	0.4
85900	0.4	0.53	0.53	0	0	0.4
86000	0.4	0.53	0.53	0	0	0.4
86100	0.4	0.53	0.53	0	0	0.4
86200	0.4	0.53	0.53	0	0	0.4
86300	0.4	0.53	0.53	0	0	0.4
86400	0.4	0.53	0.53	0	0	0.4
86500	0.4	0.53	0.53	0	0	0.4
86600	0.4	0.54	0.54	0	0	0.4
86700	0.4	0.54	0.54	0	0	0.4
86800	0.41	0.54	0.54	0	0	0.41
86900	0.41	0.54	0.54	0	0	0.41
87000	0.41	0.54	0.54	0	0	0.41
87100	0.41	0.53	0.53	0	0	0.41
87200	0.41	0.53	0.53	0	0	0.41
87300	0.41	0.53	0.53	0	0	0.41
87400	0.41	0.53	0.53	0	0	0.41
87500	0.41	0.53	0.53	0	0	0.41
87600	0.41	0.53	0.53	0	0	0.41
87700	0.41	0.54	0.54	0	0	0.41
87800	0.41	0.54	0.54	0	0	0.41
87900	0.41	0.54	0.54	0	0	0.41
88000	0.41	0.54	0.54	0	0	0.41
88100	0.41	0.54	0.54	0	0	0.41
88200	0.41	0.54	0.54	0	0	0.41
88300	0.41	0.54	0.54	0	0	0.41
88400	0.41	0.54	0.54	0	0	0.41
88500	0.41	0.54	0.54	0	0	0.41
88600	0.41	0.54	0.54	0	0	0.41
88700	0.41	0.55	0.55	0	0	0.41
88800	0.41	0.54	0.54	0	0	0.41
88900	0.41	0.54	0.54	0	0	0.41
89000	0.41	0.54	0.54	0	0	0.41
89100	0.41	0.54	0.54	0	0	0.41
89200	0.41	0.55	0.55	0	0	0.41
89300	0.41	0.55	0.55	0	0	0.41
89400	0.41	0.55	0.55	0	0	0.41
89500	0.41	0.55	0.55	0	0	0.41
89600	0.41	0.55	0.55	0	0	0.41
89700	0.41	0.55	0.55	0	0	0.41
89800	0.41	0.55	0.55	0	0	0.41
89900	0.41	0.55	0.55	0	0	0.41
90000	0.41	0.55	0.55	0	0	0.41
90100	0.41	0.55	0.55	0	0	0.41
90200	0.41	0.55	0.55	0	0	0.41
90300	0.41	0.55	0.55	0	0	0.41
90400	0.41	0.55	0.55	0	0	0.41
90500	0.41	0.55	0.55	0	0	0.41
90600	0.41	0.55	0.55	0	0	0.41
90700	0.41	0.55	0.55	0	0	0.41
90800	0.41	0.55	0.55	0	0	0.41
90900	0.41	0.55	0.55	0	0	0.41
91000	0.41	0.54	0.54	0	0	0.41
91100	0.41	0.54	0.54	0	0	0.41
91200	0.41	0.54	0.54	0	0	0.41
91300	0.41	0.54	0.54	0	0	0.41
91400	0.41	0.54	0.54	0	0	0.41
91500	0.42	0.54	0.54	0	0	0.42
91600	0.42	0.54	0.54	0	0	0.42
91700	0.42	0.54	0.54	0	0	0.42
91800	0.42	0.54	0.54	0	0	0.42
91900	0.42	0.54	0.54	0	0	0.42
92000	0.42	0.54	0.54	0	0	0.42
92100	0.42	0.54	0.54	0	0	0.42
92200	0.42	0.54	0.54	0	0	0.42
92300	0.42	0.54	0.54	0	0	0.42
92400	0.41	0.54	0.54	0	0	0.41
92500	0.41	0.54	0.54	0	0	0.41
92600	0.41	0.54	0.54	0	0	0.41
92700	0.41	0.54	0.54	0	0	0.41
92800	0.41	0.54	0.54	0	0	0.41
92900	0.41	0.54	0.54	0	0	0.41
93000	0.4	0.54	0.54	0	0	0.4
93100	0.4	0.54	0.54	0	0	0.4
93200	0.4	0.54	0.54	0	0	0.4
93300	0.4	0.54	0.54	0	0	0.4
93400	0.4	0.54	0.54	0	0	0.4
93500	0.4	0.54	0.54	0	0	0.4
93600	0.4	0.53	0.53	0	0	0.4
93700	0.4	0.53	0.53	0	0	0.4
93800	0.4	0.53	0.53	0	0	0.4
93900	0.4	0.53	0.53	0	0	0.4
94000	0.4	0.53	0.53	0	0	0.4
94100	0.4	0.53	0.53	0	0	0.4
94200	0.4	0.53	0.53	0	0	0.4
94300	0.4	0.53	0.53	0	0	0.4
94400	0.4	0.53	0.53	0	0	0.4
94500	0.4	0.53	0.53	0	0	0.4
94600	0.4	0.53	0.53	0	0	0.4
94700	0.4	0.53	0.53	0	0	0.4
94800	0.41	0.53	0.53	0	0	0.41
94900	0.41	0.53	0.53	0	0	0.41
95000	0.41	0.53	0.53	0	0	0.41
95100	0.41	0.53	0.53	0	0	0.41
95200	0.41	0.53	0.53	0	0	0.41
95300	0.41	0.53	0.53	0	0	0.41
95400	0.41	0.53	0.53	0	0	0.41
95500	0.41	0.53	0.53	0	0	0.41
95600	0.41	0.53	0.53	0	0	0.41
95700	0.41	0.53	0.53	0	0	0.41
95800	0.41	0.53	0.53	0	0	0.41
95900	0.41	0.53	0.53	0	0	0.41
96000	0.41	0.53	0.53	0	0	0.41
96100	0.41	0.53	0.53	0	0	0.41
96200	0.41	0.53	0.53	0	0	0.41
96300	0.41	0.52	0.52	0	0	0.41
96400	0.41	0.52	0.52	0	0	0.41
96500	0.41	0.52	0.52	0	0	0.41
96600	0.41	0.52	0.52	0	0	0.41
96700	0.41	0.52	0.52	0	0	0.41
96800	0.41	0.52	0.52	0	0	0.41
96900	0.41	0.52	0.52	0	0	0.41
97000	0.41	0.52	0.52	0	0	0.41
97100	0.41	0.52	0.52	0	0	0.41
97200	0.41	0.52	0.52	0	0	0.41
97300	0.41	0.52	0.52	0	0	0.41
97400	0.41	0.52	0.52	0	0	0.41
97500	0.41	0.52	0.52	0	0	0.41
97600	0.41	0.52	0.52	0	0	0.41
97700	0.41	0.52	0.52	0	0	0.41
97800	0.41	0.52	0.52	0	0	0.41
97900	0.41	0.52	0.52	0	0	0.41
98000	0.41	0.53	0.53	0	0	0.41
98100	0.41	0.53	0.53	0	0	0.41
98200	0.41	0.53	0.53	0	0	0.41
98300	0.41	0.53	0.53	0	0	0.41
98400	0.41	0.54	0.54	0	0	0.41
98500	0.41	0.53	0.53	0	0	0.41
98600	0.41	0.53	0.53	0	0	0.41
98700	0.41	0.53	0.53	0	0	0.41
98800	0.41	0.53	0.53	0	0	0.41
98900	0.41	0.53	0.53	0	0	0.41
99000	0.41	0.53	0.53	0	0	0.41
99100	0.41	0.53	0.53	0	0	0.41
99200	0.41	0.53	0.53	0	0	0.41
99300	0.4	0.53	0.53	0	0	0.4
99400	0.4	0.53	0.53	0	0	0.4
99500	0.4	0.53	0.53	0	0	0.4
99600	0.4	0.53	0.53	0	0	0.4
99700	0.39	0.53	0.53	0	0	0.39
99800	0.39	0.53	0.53	0	0	0.39
99900	0.4	0.53	0.53	0	0	0.4
100000	0.4	0.53	0.53	0	0	0.4
