100	0.08	0.13	0.13	0	0	0.08
200	0.08	0.16	0.16	0	0	0.08
300	0.11	0.16	0.16	0	0	0.11
400	0.12	0.17	0.17	0	0	0.12
500	0.12	0.16	0.16	0	0	0.12
600	0.13	0.17	0.17	0	0	0.13
700	0.13	0.18	0.18	0	0	0.13
800	0.14	0.18	0.18	0	0	0.14
900	0.14	0.17	0.17	0	0	0.14
1000	0.14	0.18	0.18	0	0	0.14
1100	0.15	0.18	0.18	0	0	0.15
1200	0.14	0.18	0.18	0	0	0.14
1300	0.14	0.2	0.2	0	0	0.14
1400	0.16	0.22	0.22	0	0	0.16
1500	0.16	0.23	0.23	0	0	0.16
1600	0.17	0.23	0.23	0	0	0.17
1700	0.17	0.24	0.24	0	0	0.17
1800	0.17	0.23	0.23	0	0	0.17
1900	0.18	0.23	0.23	0	0	0.18
2000	0.19	0.23	0.23	0	0	0.19
2100	0.19	0.26	0.26	0	0	0.19
2200	0.19	0.26	0.26	0	0	0.19
2300	0.2	0.28	0.28	0	0	0.2
2400	0.2	0.27	0.27	0	0	0.2
2500	0.2	0.27	0.27	0	0	0.2
2600	0.2	0.28	0.28	0	0	0.2
2700	0.21	0.28	0.28	0	0	0.21
2800	0.22	0.27	0.27	0	0	0.22
2900	0.22	0.27	0.27	0	0	0.22
3000	0.23	0.29	0.29	0	0	0.23
3100	0.23	0.29	0.29	0	0	0.23
3200	0.23	0.3	0.3	0	0	0.23
3300	0.23	0.31	0.31	0	0	0.23
3400	0.22	0.31	0.31	0	0	0.22
3500	0.23	0.31	0.31	0	0	0.23
3600	0.22	0.31	0.31	0	0	0.22
3700	0.22	0.31	0.31	0	0	0.22
3800	0.22	0.31	0.31	0	0	0.22
3900	0.22	0.32	0.32	0	0	0.22
4000	0.21	0.32	0.32	0	0	0.21
4100	0.21	0.33	0.33	0	0	0.21
4200	0.21	0.33	0.33	0	0	0.21
4300	0.2	0.35	0.35	0	0	0.2
4400	0.2	0.35	0.35	0	0	0.2
4500	0.21	0.36	0.36	0	0	0.21
4600	0.2	0.36	0.36	0	0	0.2
4700	0.21	0.36	0.36	0	0	0.21
4800	0.21	0.35	0.35	0	0	0.21
4900	0.21	0.34	0.34	0	0	0.21
5000	0.21	0.33	0.33	0	0	0.21
5100	0.21	0.32	0.32	0	0	0.21
5200	0.2	0.33	0.33	0	0	0.2
5300	0.21	0.33	0.33	0	0	0.21
5400	0.21	0.33	0.33	0	0	0.21
5500	0.21	0.33	0.33	0	0	0.21
5600	0.21	0.33	0.33	0	0	0.21
5700	0.21	0.34	0.34	0	0	0.21
5800	0.2	0.34	0.34	0	0	0.2
5900	0.2	0.35	0.35	0	0	0.2
6000	0.22	0.34	0.34	0	0	0.22
6100	0.22	0.35	0.35	0	0	0.22
6200	0.22	0.35	0.35	0	0	0.22
6300	0.23	0.35	0.35	0	0	0.23
6400	0.24	0.35	0.35	0	0	0.24
6500	0.22	0.35	0.35	0	0	0.22
6600	0.22	0.36	0.36	0	0	0.22
6700	0.22	0.38	0.38	0	0	0.22
6800	0.23	0.4	0.4	0	0	0.23
6900	0.23	0.39	0.39	0	0	0.23
7000	0.24	0.39	0.39	0	0	0.24
7100	0.24	0.39	0.39	0	0	0.24
7200	0.24	0.38	0.38	0	0	0.24
7300	0.24	0.38	0.38	0	0	0.24
7400	0.25	0.39	0.39	0	0	0.25
7500	0.25	0.42	0.42	0	0	0.25
7600	0.25	0.42	0.42	0	0	0.25
7700	0.25	0.42	0.42	0	0	0.25
7800	0.25	0.42	0.42	0	0	0.25
7900	0.25	0.43	0.43	0	0	0.25
8000	0.25	0.43	0.43	0	0	0.25
8100	0.26	0.42	0.42	0	0	0.26
8200	0.26	0.41	0.41	0	0	0.26
8300	0.26	0.41	0.41	0	0	0.26
8400	0.26	0.41	0.41	0	0	0.26
8500	0.26	0.43	0.43	0	0	0.26
8600	0.26	0.43	0.43	0	0	0.26
8700	0.26	0.43	0.43	0	0	0.26
8800	0.26	0.42	0.42	0	0	0.26
8900	0.26	0.43	0.43	0	0	0.26
9000	0.28	0.43	0.43	0	0	0.28
9100	0.27	0.43	0.43	0	0	0.27
9200	0.28	0.43	0.43	0	0	0.28
9300	0.29	0.43	0.43	0	0	0.29
9400	0.29	0.44	0.44	0	0	0.29
9500	0.29	0.44	0.44	0	0	0.29
9600	0.3	0.44	0.44	0	0	0.3
9700	0.3	0.44	0.44	0	0	0.3
9800	0.3	0.44	0.44	0	0	0.3
9900	0.3	0.45	0.45	0	0	0.3
10000	0.3	0.44	0.44	0	0	0.3
10100	0.3	0.45	0.45	0	0	0.3
10200	0.3	0.44	0.44	0	0	0.3
10300	0.3	0.44	0.44	0	0	0.3
10400	0.3	0.44	0.44	0	0	0.3
10500	0.3	0.43	0.43	0	0	0.3
10600	0.3	0.43	0.43	0	0	0.3
10700	0.3	0.43	0.43	0	0	0.3
10800	0.3	0.44	0.44	0	0	0.3
10900	0.3	0.43	0.43	0	0	0.3
11000	0.3	0.43	0.43	0	0	0.3
11100	0.31	0.43	0.43	0	0	0.31
11200	0.31	0.42	0.42	0	0	0.31
11300	0.34	0.42	0.42	0	0	0.34
11400	0.34	0.42	0.42	0	0	0.34
11500	0.33	0.42	0.42	0	0	0.33
11600	0.33	0.42	0.42	0	0	0.33
11700	0.33	0.42	0.42	0	0	0.33
11800	0.33	0.42	0.42	0	0	0.33
11900	0.33	0.44	0.44	0	0	0.33
12000	0.33	0.44	0.44	0	0	0.33
12100	0.33	0.44	0.44	0	0	0.33
12200	0.33	0.44	0.44	0	0	0.33
12300	0.32	0.45	0.45	0	0	0.32
12400	0.32	0.45	0.45	0	0	0.32
12500	0.32	0.46	0.46	0	0	0.32
12600	0.32	0.47	0.47	0	0	0.32
12700	0.32	0.47	0.47	0	0	0.32
12800	0.32	0.47	0.47	0	0	0.32
12900	0.32	0.47	0.47	0	0	0.32
13000	0.32	0.48	0.48	0	0	0.32
13100	0.32	0.47	0.47	0	0	0.32
13200	0.33	0.48	0.48	0	0	0.33
13300	0.33	0.48	0.48	0	0	0.33
13400	0.34	0.49	0.49	0	0	0.34
13500	0.34	0.49	0.49	0	0	0.34
13600	0.34	0.48	0.48	0	0	0.34
13700	0.34	0.49	0.49	0	0	0.34
13800	0.34	0.49	0.49	0	0	0.34
13900	0.34	0.5	0.5	0	0	0.34
14000	0.35	0.5	0.5	0	0	0.35
14100	0.35	0.5	0.5	0	0	0.35
14200	0.35	0.5	0.5	0	0	0.35
14300	0.35	0.5	0.5	0	0	0.35
14400	0.35	0.5	0.5	0	0	0.35
14500	0.36	0.49	0.49	0	0	0.36
14600	0.36	0.49	0.49	0	0	0.36
14700	0.36	0.49	0.49	0	0	0.36
14800	0.36	0.49	0.49	0	0	0.36
14900	0.36	0.49	0.49	0	0	0.36
15000	0.36	0.49	0.49	0	0	0.36
15100	0.36	0.49	0.49	0	0	0.36
15200	0.36	0.5	0.5	0	0	0.36
15300	0.36	0.5	0.5	0	0	0.36
15400	0.36	0.51	0.51	0	0	0.36
15500	0.35	0.5	0.5	0	0	0.35
15600	0.35	0.5	0.5	0	0	0.35
15700	0.35	0.5	0.5	0	0	0.35
15800	0.35	0.49	0.49	0	0	0.35
15900	0.34	0.49	0.49	0	0	0.34
16000	0.34	0.49	0.49	0	0	0.34
16100	0.34	0.49	0.49	0	0	0.34
16200	0.34	0.5	0.5	0	0	0.34
16300	0.34	0.49	0.49	0	0	0.34
16400	0.34	0.49	0.49	0	0	0.34
16500	0.34	0.49	0.49	0	0	0.34
16600	0.34	0.5	0.5	0	0	0.34
16700	0.33	0.51	0.51	0	0	0.33
16800	0.32	0.52	0.52	0	0	0.32
16900	0.32	0.52	0.52	0	0	0.32
17000	0.32	0.52	0.52	0	0	0.32
17100	0.32	0.52	0.52	0	0	0.32
17200	0.32	0.52	0.52	0	0	0.32
17300	0.32	0.52	0.52	0	0	0.32
17400	0.32	0.52	0.52	0	0	0.32
17500	0.34	0.51	0.51	0	0	0.34
17600	0.34	0.51	0.51	0	0	0.34
17700	0.34	0.5	0.5	0	0	0.34
17800	0.35	0.5	0.5	0	0	0.35
17900	0.35	0.5	0.5	0	0	0.35
18000	0.35	0.5	0.5	0	0	0.35
18100	0.35	0.5	0.5	0	0	0.35
18200	0.35	0.5	0.5	0	0	0.35
18300	0.35	0.5	0.5	0	0	0.35
18400	0.35	0.5	0.5	0	0	0.35
18500	0.35	0.5	0.5	0	0	0.35
18600	0.35	0.5	0.5	0	0	0.35
18700	0.35	0.5	0.5	0	0	0.35
18800	0.35	0.5	0.5	0	0	0.35
18900	0.36	0.5	0.5	0	0	0.36
19000	0.36	0.5	0.5	0	0	0.36
19100	0.36	0.49	0.49	0	0	0.36
19200	0.36	0.49	0.49	0	0	0.36
19300	0.36	0.49	0.49	0	0	0.36
19400	0.36	0.49	0.49	0	0	0.36
19500	0.36	0.49	0.49	0	0	0.36
19600	0.36	0.49	0.49	0	0	0.36
19700	0.35	0.49	0.49	0	0	0.35
19800	0.35	0.49	0.49	0	0	0.35
19900	0.35	0.49	0.49	0	0	0.35
20000	0.35	0.49	0.49	0	0	0.35
20100	0.35	0.49	0.49	0	0	0.35
20200	0.35	0.5	0.5	0	0	0.35
20300	0.35	0.5	0.5	0	0	0.35
20400	0.35	0.5	0.5	0	0	0.35
20500	0.35	0.5	0.5	0	0	0.35
20600	0.35	0.5	0.5	0	0	0.35
20700	0.35	0.5	0.5	0	0	0.35
20800	0.35	0.51	0.51	0	0	0.35
20900	0.35	0.51	0.51	0	0	0.35
21000	0.35	0.51	0.51	0	0	0.35
21100	0.35	0.51	0.51	0	0	0.35
21200	0.35	0.51	0.51	0	0	0.35
21300	0.33	0.51	0.51	0	0	0.33
21400	0.33	0.51	0.51	0	0	0.33
21500	0.33	0.51	0.51	0	0	0.33
21600	0.33	0.5	0.5	0	0	0.33
21700	0.33	0.5	0.5	0	0	0.33
21800	0.33	0.5	0.5	0	0	0.33
21900	0.33	0.5	0.5	0	0	0.33
22000	0.33	0.5	0.5	0	0	0.33
22100	0.33	0.5	0.5	0	0	0.33
22200	0.33	0.5	0.5	0	0	0.33
22300	0.34	0.51	0.51	0	0	0.34
22400	0.34	0.51	0.51	0	0	0.34
22500	0.34	0.51	0.51	0	0	0.34
22600	0.34	0.5	0.5	0	0	0.34
22700	0.34	0.5	0.5	0	0	0.34
22800	0.34	0.5	0.5	0	0	0.34
22900	0.34	0.5	0.5	0	0	0.34
23000	0.33	0.5	0.5	0	0	0.33
23100	0.33	0.5	0.5	0	0	0.33
23200	0.34	0.5	0.5	0	0	0.34
23300	0.34	0.49	0.49	0	0	0.34
23400	0.34	0.48	0.48	0	0	0.34
23500	0.34	0.48	0.48	0	0	0.34
23600	0.34	0.48	0.48	0	0	0.34
23700	0.34	0.48	0.48	0	0	0.34
23800	0.35	0.48	0.48	0	0	0.35
23900	0.35	0.48	0.48	0	0	0.35
24000	0.35	0.48	0.48	0	0	0.35
24100	0.35	0.48	0.48	0	0	0.35
24200	0.34	0.48	0.48	0	0	0.34
24300	0.34	0.48	0.48	0	0	0.34
24400	0.34	0.48	0.48	0	0	0.34
24500	0.34	0.48	0.48	0	0	0.34
24600	0.34	0.48	0.48	0	0	0.34
24700	0.34	0.47	0.47	0	0	0.34
24800	0.34	0.47	0.47	0	0	0.34
24900	0.34	0.47	0.47	0	0	0.34
25000	0.34	0.47	0.47	0	0	0.34
25100	0.34	0.47	0.47	0	0	0.34
25200	0.34	0.47	0.47	0	0	0.34
25300	0.35	0.47	0.47	0	0	0.35
25400	0.35	0.47	0.47	0	0	0.35
25500	0.35	0.46	0.46	0	0	0.35
25600	0.36	0.46	0.46	0	0	0.36
25700	0.36	0.47	0.47	0	0	0.36
25800	0.36	0.46	0.46	0	0	0.36
25900	0.37	0.46	0.46	0	0	0.37
26000	0.37	0.46	0.46	0	0	0.37
26100	0.37	0.46	0.46	0	0	0.37
26200	0.37	0.46	0.46	0	0	0.37
26300	0.37	0.46	0.46	0	0	0.37
26400	0.37	0.46	0.46	0	0	0.37
26500	0.36	0.46	0.46	0	0	0.36
26600	0.36	0.46	0.46	0	0	0.36
26700	0.36	0.46	0.46	0	0	0.36
26800	0.36	0.46	0.46	0	0	0.36
26900	0.36	0.46	0.46	0	0	0.36
27000	0.36	0.47	0.47	0	0	0.36
27100	0.38	0.47	0.47	0	0	0.38
27200	0.36	0.47	0.47	0	0	0.36
27300	0.36	0.47	0.47	0	0	0.36
27400	0.36	0.47	0.47	0	0	0.36
27500	0.36	0.47	0.47	0	0	0.36
27600	0.36	0.47	0.47	0	0	0.36
27700	0.35	0.47	0.47	0	0	0.35
27800	0.35	0.47	0.47	0	0	0.35
27900	0.35	0.47	0.47	0	0	0.35
28000	0.35	0.47	0.47	0	0	0.35
28100	0.35	0.47	0.47	0	0	0.35
28200	0.34	0.47	0.47	0	0	0.34
28300	0.34	0.47	0.47	0	0	0.34
28400	0.34	0.47	0.47	0	0	0.34
28500	0.35	0.47	0.47	0	0	0.35
28600	0.35	0.47	0.47	0	0	0.35
28700	0.35	0.47	0.47	0	0	0.35
28800	0.35	0.47	0.47	0	0	0.35
28900	0.35	0.47	0.47	0	0	0.35
29000	0.35	0.47	0.47	0	0	0.35
29100	0.35	0.49	0.49	0	0	0.35
29200	0.35	0.48	0.48	0	0	0.35
29300	0.36	0.48	0.48	0	0	0.36
29400	0.37	0.49	0.49	0	0	0.37
29500	0.37	0.48	0.48	0	0	0.37
29600	0.37	0.48	0.48	0	0	0.37
29700	0.37	0.48	0.48	0	0	0.37
29800	0.37	0.49	0.49	0	0	0.37
29900	0.37	0.49	0.49	0	0	0.37
30000	0.37	0.48	0.48	0	0	0.37
30100	0.37	0.48	0.48	0	0	0.37
30200	0.37	0.48	0.48	0	0	0.37
30300	0.37	0.48	0.48	0	0	0.37
30400	0.37	0.48	0.48	0	0	0.37
30500	0.37	0.48	0.48	0	0	0.37
30600	0.37	0.49	0.49	0	0	0.37
30700	0.37	0.49	0.49	0	0	0.37
30800	0.37	0.49	0.49	0	0	0.37
30900	0.37	0.49	0.49	0	0	0.37
31000	0.37	0.49	0.49	0	0	0.37
31100	0.37	0.49	0.49	0	0	0.37
31200	0.37	0.49	0.49	0	0	0.37
31300	0.37	0.49	0.49	0	0	0.37
31400	0.37	0.49	0.49	0	0	0.37
31500	0.37	0.49	0.49	0	0	0.37
31600	0.37	0.49	0.49	0	0	0.37
31700	0.37	0.49	0.49	0	0	0.37
31800	0.37	0.49	0.49	0	0	0.37
31900	0.37	0.49	0.49	0	0	0.37
32000	0.38	0.48	0.48	0	0	0.38
32100	0.38	0.48	0.48	0	0	0.38
32200	0.39	0.48	0.48	0	0	0.39
32300	0.38	0.48	0.48	0	0	0.38
32400	0.38	0.48	0.48	0	0	0.38
32500	0.38	0.48	0.48	0	0	0.38
32600	0.38	0.48	0.48	0	0	0.38
32700	0.38	0.48	0.48	0	0	0.38
32800	0.38	0.48	0.48	0	0	0.38
32900	0.38	0.48	0.48	0	0	0.38
33000	0.38	0.48	0.48	0	0	0.38
33100	0.38	0.48	0.48	0	0	0.38
33200	0.38	0.48	0.48	0	0	0.38
33300	0.38	0.48	0.48	0	0	0.38
33400	0.38	0.48	0.48	0	0	0.38
33500	0.38	0.48	0.48	0	0	0.38
33600	0.38	0.49	0.49	0	0	0.38
33700	0.38	0.49	0.49	0	0	0.38
33800	0.38	0.49	0.49	0	0	0.38
33900	0.38	0.49	0.49	0	0	0.38
34000	0.38	0.49	0.49	0	0	0.38
34100	0.38	0.49	0.49	0	0	0.38
34200	0.38	0.49	0.49	0	0	0.38
34300	0.38	0.49	0.49	0	0	0.38
34400	0.38	0.48	0.48	0	0	0.38
34500	0.38	0.48	0.48	0	0	0.38
34600	0.38	0.48	0.48	0	0	0.38
34700	0.38	0.48	0.48	0	0	0.38
34800	0.38	0.48	0.48	0	0	0.38
34900	0.38	0.48	0.48	0	0	0.38
35000	0.38	0.48	0.48	0	0	0.38
35100	0.38	0.48	0.48	0	0	0.38
35200	0.38	0.48	0.48	0	0	0.38
35300	0.38	0.48	0.48	0	0	0.38
35400	0.39	0.48	0.48	0	0	0.39
35500	0.38	0.48	0.48	0	0	0.38
35600	0.38	0.48	0.48	0	0	0.38
35700	0.38	0.48	0.48	0	0	0.38
35800	0.38	0.48	0.48	0	0	0.38
35900	0.38	0.48	0.48	0	0	0.38
36000	0.38	0.48	0.48	0	0	0.38
36100	0.38	0.48	0.48	0	0	0.38
36200	0.38	0.48	0.48	0	0	0.38
36300	0.38	0.48	0.48	0	0	0.38
36400	0.38	0.49	0.49	0	0	0.38
36500	0.38	0.49	0.49	0	0	0.38
36600	0.38	0.49	0.49	0	0	0.38
36700	0.38	0.49	0.49	0	0	0.38
36800	0.38	0.49	0.49	0	0	0.38
36900	0.38	0.49	0.49	0	0	0.38
37000	0.38	0.49	0.49	0	0	0.38
37100	0.38	0.49	0.49	0	0	0.38
37200	0.38	0.49	0.49	0	0	0.38
37300	0.38	0.49	0.49	0	0	0.38
37400	0.38	0.49	0.49	0	0	0.38
37500	0.38	0.48	0.48	0	0	0.38
37600	0.38	0.48	0.48	0	0	0.38
37700	0.38	0.48	0.48	0	0	0.38
37800	0.38	0.48	0.48	0	0	0.38
37900	0.37	0.48	0.48	0	0	0.37
38000	0.37	0.48	0.48	0	0	0.37
38100	0.37	0.48	0.48	0	0	0.37
38200	0.37	0.48	0.48	0	0	0.37
38300	0.37	0.48	0.48	0	0	0.37
38400	0.37	0.48	0.48	0	0	0.37
38500	0.37	0.48	0.48	0	0	0.37
38600	0.37	0.48	0.48	0	0	0.37
38700	0.37	0.48	0.48	0	0	0.37
38800	0.37	0.48	0.48	0	0	0.37
38900	0.37	0.48	0.48	0	0	0.37
39000	0.37	0.48	0.48	0	0	0.37
39100	0.37	0.49	0.49	0	0	0.37
39200	0.37	0.49	0.49	0	0	0.37
39300	0.37	0.5	0.5	0	0	0.37
39400	0.37	0.5	0.5	0	0	0.37
39500	0.37	0.5	0.5	0	0	0.37
39600	0.37	0.49	0.49	0	0	0.37
39700	0.37	0.49	0.49	0	0	0.37
39800	0.37	0.49	0.49	0	0	0.37
39900	0.37	0.5	0.5	0	0	0.37
40000	0.36	0.5	0.5	0	0	0.36
40100	0.36	0.5	0.5	0	0	0.36
40200	0.36	0.51	0.51	0	0	0.36
40300	0.36	0.51	0.51	0	0	0.36
40400	0.36	0.51	0.51	0	0	0.36
40500	0.36	0.51	0.51	0	0	0.36
40600	0.35	0.5	0.5	0	0	0.35
40700	0.35	0.5	0.5	0	0	0.35
40800	0.35	0.5	0.5	0	0	0.35
40900	0.35	0.5	0.5	0	0	0.35
41000	0.35	0.5	0.5	0	0	0.35
41100	0.35	0.5	0.5	0	0	0.35
41200	0.35	0.5	0.5	0	0	0.35
41300	0.35	0.5	0.5	0	0	0.35
41400	0.36	0.5	0.5	0	0	0.36
41500	0.36	0.5	0.5	0	0	0.36
41600	0.36	0.5	0.5	0	0	0.36
41700	0.36	0.5	0.5	0	0	0.36
41800	0.36	0.5	0.5	0	0	0.36
41900	0.36	0.51	0.51	0	0	0.36
42000	0.35	0.51	0.51	0	0	0.35
42100	0.35	0.51	0.51	0	0	0.35
42200	0.35	0.51	0.51	0	0	0.35
42300	0.35	0.51	0.51	0	0	0.35
42400	0.36	0.51	0.51	0	0	0.36
42500	0.35	0.51	0.51	0	0	0.35
42600	0.35	0.51	0.51	0	0	0.35
42700	0.35	0.51	0.51	0	0	0.35
42800	0.35	0.52	0.52	0	0	0.35
42900	0.35	0.52	0.52	0	0	0.35
43000	0.35	0.52	0.52	0	0	0.35
43100	0.35	0.52	0.52	0	0	0.35
43200	0.35	0.53	0.53	0	0	0.35
43300	0.35	0.53	0.53	0	0	0.35
43400	0.35	0.53	0.53	0	0	0.35
43500	0.35	0.52	0.52	0	0	0.35
43600	0.35	0.51	0.51	0	0	0.35
43700	0.35	0.51	0.51	0	0	0.35
43800	0.35	0.51	0.51	0	0	0.35
43900	0.35	0.51	0.51	0	0	0.35
44000	0.35	0.51	0.51	0	0	0.35
44100	0.35	0.51	0.51	0	0	0.35
44200	0.36	0.51	0.51	0	0	0.36
44300	0.36	0.51	0.51	0	0	0.36
44400	0.36	0.51	0.51	0	0	0.36
44500	0.36	0.51	0.51	0	0	0.36
44600	0.36	0.51	0.51	0	0	0.36
44700	0.37	0.5	0.5	0	0	0.37
44800	0.37	0.5	0.5	0	0	0.37
44900	0.37	0.5	0.5	0	0	0.37
45000	0.37	0.5	0.5	0	0	0.37
45100	0.37	0.5	0.5	0	0	0.37
45200	0.37	0.5	0.5	0	0	0.37
45300	0.37	0.5	0.5	0	0	0.37
45400	0.37	0.5	0.5	0	0	0.37
45500	0.37	0.5	0.5	0	0	0.37
45600	0.37	0.5	0.5	0	0	0.37
45700	0.37	0.5	0.5	0	0	0.37
45800	0.36	0.5	0.5	0	0	0.36
45900	0.36	0.5	0.5	0	0	0.36
46000	0.36	0.5	0.5	0	0	0.36
46100	0.36	0.5	0.5	0	0	0.36
46200	0.36	0.5	0.5	0	0	0.36
46300	0.36	0.5	0.5	0	0	0.36
46400	0.36	0.5	0.5	0	0	0.36
46500	0.36	0.5	0.5	0	0	0.36
46600	0.36	0.5	0.5	0	0	0.36
46700	0.36	0.5	0.5	0	0	0.36
46800	0.36	0.5	0.5	0	0	0.36
46900	0.36	0.5	0.5	0	0	0.36
47000	0.36	0.5	0.5	0	0	0.36
47100	0.36	0.5	0.5	0	0	0.36
47200	0.36	0.5	0.5	0	0	0.36
47300	0.36	0.5	0.5	0	0	0.36
47400	0.36	0.5	0.5	0	0	0.36
47500	0.36	0.5	0.5	0	0	0.36
47600	0.36	0.5	0.5	0	0	0.36
47700	0.36	0.5	0.5	0	0	0.36
47800	0.36	0.5	0.5	0	0	0.36
47900	0.36	0.49	0.49	0	0	0.36
48000	0.36	0.49	0.49	0	0	0.36
48100	0.36	0.49	0.49	0	0	0.36
48200	0.36	0.49	0.49	0	0	0.36
48300	0.36	0.48	0.48	0	0	0.36
48400	0.36	0.48	0.48	0	0	0.36
48500	0.36	0.48	0.48	0	0	0.36
48600	0.36	0.49	0.49	0	0	0.36
48700	0.36	0.49	0.49	0	0	0.36
48800	0.36	0.49	0.49	0	0	0.36
48900	0.36	0.48	0.48	0	0	0.36
49000	0.36	0.48	0.48	0	0	0.36
49100	0.36	0.48	0.48	0	0	0.36
49200	0.36	0.48	0.48	0	0	0.36
49300	0.36	0.48	0.48	0	0	0.36
49400	0.36	0.49	0.49	0	0	0.36
49500	0.36	0.48	0.48	0	0	0.36
49600	0.36	0.49	0.49	0	0	0.36
49700	0.36	0.49	0.49	0	0	0.36
49800	0.36	0.49	0.49	0	0	0.36
49900	0.36	0.49	0.49	0	0	0.36
50000	0.36	0.48	0.48	0	0	0.36
50100	0.36	0.48	0.48	0	0	0.36
50200	0.37	0.48	0.48	0	0	0.37
50300	0.37	0.48	0.48	0	0	0.37
50400	0.37	0.48	0.48	0	0	0.37
50500	0.37	0.48	0.48	0	0	0.37
50600	0.36	0.48	0.48	0	0	0.36
50700	0.36	0.48	0.48	0	0	0.36
50800	0.36	0.48	0.48	0	0	0.36
50900	0.35	0.48	0.48	0	0	0.35
51000	0.35	0.48	0.48	0	0	0.35
51100	0.35	0.48	0.48	0	0	0.35
51200	0.35	0.49	0.49	0	0	0.35
51300	0.36	0.49	0.49	0	0	0.36
51400	0.36	0.5	0.5	0	0	0.36
51500	0.36	0.5	0.5	0	0	0.36
51600	0.36	0.5	0.5	0	0	0.36
51700	0.36	0.5	0.5	0	0	0.36
51800	0.36	0.5	0.5	0	0	0.36
51900	0.36	0.5	0.5	0	0	0.36
52000	0.36	0.5	0.5	0	0	0.36
52100	0.36	0.5	0.5	0	0	0.36
52200	0.36	0.5	0.5	0	0	0.36
52300	0.36	0.5	0.5	0	0	0.36
52400	0.36	0.5	0.5	0	0	0.36
52500	0.36	0.5	0.5	0	0	0.36
52600	0.36	0.5	0.5	0	0	0.36
52700	0.36	0.5	0.5	0	0	0.36
52800	0.36	0.49	0.49	0	0	0.36
52900	0.36	0.49	0.49	0	0	0.36
53000	0.36	0.49	0.49	0	0	0.36
53100	0.36	0.49	0.49	0	0	0.36
53200	0.36	0.48	0.48	0	0	0.36
53300	0.36	0.49	0.49	0	0	0.36
53400	0.36	0.49	0.49	0	0	0.36
53500	0.37	0.5	0.5	0	0	0.37
53600	0.37	0.49	0.49	0	0	0.37
53700	0.37	0.49	0.49	0	0	0.37
53800	0.37	0.49	0.49	0	0	0.37
53900	0.37	0.49	0.49	0	0	0.37
54000	0.37	0.49	0.49	0	0	0.37
54100	0.37	0.49	0.49	0	0	0.37
54200	0.37	0.49	0.49	0	0	0.37
54300	0.38	0.49	0.49	0	0	0.38
54400	0.38	0.49	0.49	0	0	0.38
54500	0.38	0.49	0.49	0	0	0.38
54600	0.38	0.5	0.5	0	0	0.38
54700	0.37	0.5	0.5	0	0	0.37
54800	0.37	0.49	0.49	0	0	0.37
54900	0.37	0.49	0.49	0	0	0.37
55000	0.37	0.5	0.5	0	0	0.37
55100	0.37	0.5	0.5	0	0	0.37
55200	0.37	0.49	0.49	0	0	0.37
55300	0.37	0.49	0.49	0	0	0.37
55400	0.37	0.49	0.49	0	0	0.37
55500	0.37	0.49	0.49	0	0	0.37
55600	0.37	0.49	0.49	0	0	0.37
55700	0.37	0.5	0.5	0	0	0.37
55800	0.37	0.5	0.5	0	0	0.37
55900	0.37	0.5	0.5	0	0	0.37
56000	0.37	0.5	0.5	0	0	0.37
56100	0.37	0.5	0.5	0	0	0.37
56200	0.38	0.5	0.5	0	0	0.38
56300	0.37	0.5	0.5	0	0	0.37
56400	0.37	0.5	0.5	0	0	0.37
56500	0.37	0.5	0.5	0	0	0.37
56600	0.37	0.5	0.5	0	0	0.37
56700	0.38	0.5	0.5	0	0	0.38
56800	0.38	0.5	0.5	0	0	0.38
56900	0.38	0.5	0.5	0	0	0.38
57000	0.38	0.5	0.5	0	0	0.38
57100	0.38	0.5	0.5	0	0	0.38
57200	0.38	0.5	0.5	0	0	0.38
57300	0.38	0.51	0.51	0	0	0.38
57400	0.38	0.51	0.51	0	0	0.38
57500	0.38	0.51	0.51	0	0	0.38
57600	0.38	0.5	0.5	0	0	0.38
57700	0.38	0.5	0.5	0	0	0.38
57800	0.38	0.5	0.5	0	0	0.38
57900	0.38	0.5	0.5	0	0	0.38
58000	0.38	0.5	0.5	0	0	0.38
58100	0.38	0.5	0.5	0	0	0.38
58200	0.38	0.5	0.5	0	0	0.38
58300	0.38	0.5	0.5	0	0	0.38
58400	0.38	0.52	0.52	0	0	0.38
58500	0.38	0.52	0.52	0	0	0.38
58600	0.38	0.52	0.52	0	0	0.38
58700	0.38	0.52	0.52	0	0	0.38
58800	0.38	0.52	0.52	0	0	0.38
58900	0.38	0.52	0.52	0	0	0.38
59000	0.38	0.52	0.52	0	0	0.38
59100	0.38	0.52	0.52	0	0	0.38
59200	0.38	0.52	0.52	0	0	0.38
59300	0.38	0.52	0.52	0	0	0.38
59400	0.39	0.52	0.52	0	0	0.39
59500	0.39	0.52	0.52	0	0	0.39
59600	0.39	0.52	0.52	0	0	0.39
59700	0.39	0.52	0.52	0	0	0.39
59800	0.39	0.52	0.52	0	0	0.39
59900	0.39	0.53	0.53	0	0	0.39
60000	0.39	0.52	0.52	0	0	0.39
60100	0.39	0.52	0.52	0	0	0.39
60200	0.39	0.52	0.52	0	0	0.39
60300	0.39	0.51	0.51	0	0	0.39
60400	0.39	0.51	0.51	0	0	0.39
60500	0.39	0.51	0.51	0	0	0.39
60600	0.39	0.51	0.51	0	0	0.39
60700	0.39	0.51	0.51	0	0	0.39
60800	0.39	0.51	0.51	0	0	0.39
60900	0.39	0.51	0.51	0	0	0.39
61000	0.39	0.51	0.51	0	0	0.39
61100	0.39	0.51	0.51	0	0	0.39
61200	0.38	0.51	0.51	0	0	0.38
61300	0.38	0.51	0.51	0	0	0.38
61400	0.38	0.51	0.51	0	0	0.38
61500	0.38	0.51	0.51	0	0	0.38
61600	0.38	0.51	0.51	0	0	0.38
61700	0.38	0.51	0.51	0	0	0.38
61800	0.38	0.52	0.52	0	0	0.38
61900	0.38	0.52	0.52	0	0	0.38
62000	0.38	0.52	0.52	0	0	0.38
62100	0.38	0.52	0.52	0	0	0.38
62200	0.38	0.52	0.52	0	0	0.38
62300	0.38	0.52	0.52	0	0	0.38
62400	0.38	0.52	0.52	0	0	0.38
62500	0.38	0.52	0.52	0	0	0.38
62600	0.38	0.52	0.52	0	0	0.38
62700	0.38	0.52	0.52	0	0	0.38
62800	0.38	0.51	0.51	0	0	0.38
62900	0.37	0.51	0.51	0	0	0.37
63000	0.37	0.51	0.51	0	0	0.37
63100	0.37	0.52	0.52	0	0	0.37
63200	0.37	0.52	0.52	0	0	0.37
63300	0.37	0.52	0.52	0	0	0.37
63400	0.37	0.52	0.52	0	0	0.37
63500	0.37	0.52	0.52	0	0	0.37
63600	0.37	0.52	0.52	0	0	0.37
63700	0.37	0.52	0.52	0	0	0.37
63800	0.36	0.52	0.52	0	0	0.36
63900	0.36	0.52	0.52	0	0	0.36
64000	0.36	0.52	0.52	0	0	0.36
64100	0.36	0.52	0.52	0	0	0.36
64200	0.36	0.52	0.52	0	0	0.36
64300	0.36	0.52	0.52	0	0	0.36
64400	0.37	0.52	0.52	0	0	0.37
64500	0.37	0.52	0.52	0	0	0.37
64600	0.37	0.52	0.52	0	0	0.37
64700	0.36	0.53	0.53	0	0	0.36
64800	0.36	0.53	0.53	0	0	0.36
64900	0.36	0.53	0.53	0	0	0.36
65000	0.36	0.53	0.53	0	0	0.36
65100	0.36	0.53	0.53	0	0	0.36
65200	0.36	0.52	0.52	0	0	0.36
65300	0.37	0.52	0.52	0	0	0.37
65400	0.37	0.52	0.52	0	0	0.37
65500	0.37	0.52	0.52	0	0	0.37
65600	0.38	0.53	0.53	0	0	0.38
65700	0.38	0.52	0.52	0	0	0.38
65800	0.38	0.52	0.52	0	0	0.38
65900	0.38	0.52	0.52	0	0	0.38
66000	0.38	0.52	0.52	0	0	0.38
66100	0.38	0.52	0.52	0	0	0.38
66200	0.38	0.52	0.52	0	0	0.38
66300	0.38	0.52	0.52	0	0	0.38
66400	0.38	0.52	0.52	0	0	0.38
66500	0.38	0.52	0.52	0	0	0.38
66600	0.38	0.52	0.52	0	0	0.38
66700	0.38	0.52	0.52	0	0	0.38
66800	0.38	0.52	0.52	0	0	0.38
66900	0.38	0.52	0.52	0	0	0.38
67000	0.38	0.52	0.52	0	0	0.38
67100	0.38	0.52	0.52	0	0	0.38
67200	0.38	0.52	0.52	0	0	0.38
67300	0.39	0.52	0.52	0	0	0.39
67400	0.39	0.52	0.52	0	0	0.39
67500	0.39	0.52	0.52	0	0	0.39
67600	0.39	0.52	0.52	0	0	0.39
67700	0.39	0.52	0.52	0	0	0.39
67800	0.39	0.52	0.52	0	0	0.39
67900	0.39	0.52	0.52	0	0	0.39
68000	0.39	0.52	0.52	0	0	0.39
68100	0.39	0.52	0.52	0	0	0.39
68200	0.39	0.52	0.52	0	0	0.39
68300	0.39	0.52	0.52	0	0	0.39
68400	0.39	0.52	0.52	0	0	0.39
68500	0.39	0.52	0.52	0	0	0.39
68600	0.39	0.52	0.52	0	0	0.39
68700	0.39	0.52	0.52	0	0	0.39
68800	0.39	0.52	0.52	0	0	0.39
68900	0.39	0.52	0.52	0	0	0.39
69000	0.39	0.52	0.52	0	0	0.39
69100	0.39	0.52	0.52	0	0	0.39
69200	0.39	0.52	0.52	0	0	0.39
69300	0.39	0.53	0.53	0	0	0.39
69400	0.39	0.53	0.53	0	0	0.39
69500	0.39	0.53	0.53	0	0	0.39
69600	0.38	0.52	0.52	0	0	0.38
69700	0.38	0.52	0.52	0	0	0.38
69800	0.38	0.52	0.52	0	0	0.38
69900	0.38	0.52	0.52	0	0	0.38
70000	0.39	0.52	0.52	0	0	0.39
70100	0.39	0.52	0.52	0	0	0.39
70200	0.4	0.51	0.51	0	0	0.4
70300	0.4	0.51	0.51	0	0	0.4
70400	0.4	0.51	0.51	0	0	0.4
70500	0.4	0.51	0.51	0	0	0.4
70600	0.4	0.51	0.51	0	0	0.4
70700	0.4	0.51	0.51	0	0	0.4
70800	0.4	0.52	0.52	0	0	0.4
70900	0.4	0.52	0.52	0	0	0.4
71000	0.4	0.52	0.52	0	0	0.4
71100	0.4	0.52	0.52	0	0	0.4
71200	0.4	0.52	0.52	0	0	0.4
71300	0.4	0.52	0.52	0	0	0.4
71400	0.4	0.52	0.52	0	0	0.4
71500	0.4	0.52	0.52	0	0	0.4
71600	0.4	0.52	0.52	0	0	0.4
71700	0.4	0.52	0.52	0	0	0.4
71800	0.4	0.52	0.52	0	0	0.4
71900	0.39	0.52	0.52	0	0	0.39
72000	0.39	0.52	0.52	0	0	0.39
72100	0.39	0.52	0.52	0	0	0.39
72200	0.39	0.52	0.52	0	0	0.39
72300	0.39	0.52	0.52	0	0	0.39
72400	0.39	0.52	0.52	0	0	0.39
72500	0.39	0.52	0.52	0	0	0.39
72600	0.39	0.51	0.51	0	0	0.39
72700	0.39	0.51	0.51	0	0	0.39
72800	0.39	0.51	0.51	0	0	0.39
72900	0.39	0.51	0.51	0	0	0.39
73000	0.39	0.51	0.51	0	0	0.39
73100	0.39	0.51	0.51	0	0	0.39
73200	0.39	0.51	0.51	0	0	0.39
73300	0.39	0.5	0.5	0	0	0.39
73400	0.39	0.5	0.5	0	0	0.39
73500	0.39	0.5	0.5	0	0	0.39
73600	0.39	0.5	0.5	0	0	0.39
73700	0.39	0.5	0.5	0	0	0.39
73800	0.39	0.5	0.5	0	0	0.39
73900	0.39	0.5	0.5	0	0	0.39
74000	0.39	0.5	0.5	0	0	0.39
74100	0.39	0.5	0.5	0	0	0.39
74200	0.4	0.5	0.5	0	0	0.4
74300	0.39	0.5	0.5	0	0	0.39
74400	0.4	0.5	0.5	0	0	0.4
74500	0.41	0.5	0.5	0	0	0.41
74600	0.41	0.5	0.5	0	0	0.41
74700	0.41	0.5	0.5	0	0	0.41
74800	0.41	0.5	0.5	0	0	0.41
74900	0.41	0.5	0.5	0	0	0.41
75000	0.4	0.5	0.5	0	0	0.4
75100	0.4	0.5	0.5	0	0	0.4
75200	0.4	0.5	0.5	0	0	0.4
75300	0.4	0.5	0.5	0	0	0.4
75400	0.4	0.5	0.5	0	0	0.4
75500	0.4	0.5	0.5	0	0	0.4
75600	0.4	0.5	0.5	0	0	0.4
75700	0.4	0.51	0.51	0	0	0.4
75800	0.4	0.5	0.5	0	0	0.4
75900	0.4	0.5	0.5	0	0	0.4
76000	0.41	0.5	0.5	0	0	0.41
76100	0.41	0.5	0.5	0	0	0.41
76200	0.41	0.5	0.5	0	0	0.41
76300	0.41	0.5	0.5	0	0	0.41
76400	0.41	0.5	0.5	0	0	0.41
76500	0.41	0.5	0.5	0	0	0.41
76600	0.41	0.5	0.5	0	0	0.41
76700	0.41	0.5	0.5	0	0	0.41
76800	0.41	0.5	0.5	0	0	0.41
76900	0.41	0.5	0.5	0	0	0.41
77000	0.42	0.5	0.5	0	0	0.42
77100	0.42	0.5	0.5	0	0	0.42
77200	0.42	0.5	0.5	0	0	0.42
77300	0.42	0.5	0.5	0	0	0.42
77400	0.42	0.5	0.5	0	0	0.42
77500	0.43	0.5	0.5	0	0	0.43
77600	0.43	0.5	0.5	0	0	0.43
77700	0.43	0.5	0.5	0	0	0.43
77800	0.44	0.5	0.5	0	0	0.44
77900	0.44	0.5	0.5	0	0	0.44
78000	0.44	0.5	0.5	0	0	0.44
78100	0.44	0.5	0.5	0	0	0.44
78200	0.44	0.5	0.5	0	0	0.44
78300	0.44	0.5	0.5	0	0	0.44
78400	0.43	0.5	0.5	0	0	0.43
78500	0.43	0.5	0.5	0	0	0.43
78600	0.43	0.49	0.49	0	0	0.43
78700	0.43	0.49	0.49	0	0	0.43
78800	0.43	0.49	0.49	0	0	0.43
78900	0.43	0.49	0.49	0	0	0.43
79000	0.43	0.49	0.49	0	0	0.43
79100	0.43	0.49	0.49	0	0	0.43
79200	0.43	0.49	0.49	0	0	0.43
79300	0.43	0.49	0.49	0	0	0.43
79400	0.43	0.49	0.49	0	0	0.43
79500	0.44	0.49	0.49	0	0	0.44
79600	0.43	0.49	0.49	0	0	0.43
79700	0.43	0.49	0.49	0	0	0.43
79800	0.43	0.49	0.49	0	0	0.43
79900	0.43	0.48	0.48	0	0	0.43
80000	0.43	0.48	0.48	0	0	0.43
80100	0.43	0.48	0.48	0	0	0.43
80200	0.43	0.48	0.48	0	0	0.43
80300	0.43	0.48	0.48	0	0	0.43
80400	0.43	0.48	0.48	0	0	0.43
80500	0.42	0.48	0.48	0	0	0.42
80600	0.42	0.48	0.48	0	0	0.42
80700	0.42	0.48	0.48	0	0	0.42
80800	0.42	0.48	0.48	0	0	0.42
80900	0.42	0.48	0.48	0	0	0.42
81000	0.42	0.48	0.48	0	0	0.42
81100	0.43	0.48	0.48	0	0	0.43
81200	0.43	0.48	0.48	0	0	0.43
81300	0.43	0.48	0.48	0	0	0.43
81400	0.43	0.48	0.48	0	0	0.43
81500	0.42	0.48	0.48	0	0	0.42
81600	0.43	0.48	0.48	0	0	0.43
81700	0.43	0.48	0.48	0	0	0.43
81800	0.43	0.48	0.48	0	0	0.43
81900	0.43	0.48	0.48	0	0	0.43
82000	0.43	0.48	0.48	0	0	0.43
82100	0.43	0.48	0.48	0	0	0.43
82200	0.43	0.48	0.48	0	0	0.43
82300	0.43	0.48	0.48	0	0	0.43
82400	0.43	0.48	0.48	0	0	0.43
82500	0.43	0.48	0.48	0	0	0.43
82600	0.43	0.48	0.48	0	0	0.43
82700	0.43	0.48	0.48	0	0	0.43
82800	0.43	0.48	0.48	0	0	0.43
82900	0.43	0.48	0.48	0	0	0.43
83000	0.43	0.48	0.48	0	0	0.43
83100	0.43	0.48	0.48	0	0	0.43
83200	0.43	0.48	0.48	0	0	0.43
83300	0.43	0.48	0.48	0	0	0.43
83400	0.43	0.48	0.48	0	0	0.43
83500	0.43	0.48	0.48	0	0	0.43
83600	0.43	0.48	0.48	0	0	0.43
83700	0.43	0.48	0.48	0	0	0.43
83800	0.43	0.48	0.48	0	0	0.43
83900	0.43	0.48	0.48	0	0	0.43
84000	0.43	0.48	0.48	0	0	0.43
84100	0.43	0.48	0.48	0	0	0.43
84200	0.43	0.48	0.48	0	0	0.43
84300	0.42	0.48	0.48	0	0	0.42
84400	0.42	0.48	0.48	0	0	0.42
84500	0.42	0.48	0.48	0	0	0.42
84600	0.42	0.48	0.48	0	0	0.42
84700	0.42	0.48	0.48	0	0	0.42
84800	0.42	0.48	0.48	0	0	0.42
84900	0.42	0.48	0.48	0	0	0.42
85000	0.42	0.48	0.48	0	0	0.42
85100	0.42	0.48	0.48	0	0	0.42
85200	0.42	0.48	0.48	0	0	0.42
85300	0.42	0.48	0.48	0	0	0.42
85400	0.41	0.48	0.48	0	0	0.41
85500	0.41	0.48	0.48	0	0	0.41
85600	0.4	0.48	0.48	0	0	0.4
85700	0.4	0.48	0.48	0	0	0.4
85800	0.4	0.5	0.5	0	0	0.4
85900	0.4	0.5	0.5	0	0	0.4
86000	0.4	0.5	0.5	0	0	0.4
86100	0.4	0.5	0.5	0	0	0.4
86200	0.4	0.5	0.5	0	0	0.4
86300	0.4	0.5	0.5	0	0	0.4
86400	0.4	0.5	0.5	0	0	0.4
86500	0.4	0.5	0.5	0	0	0.4
86600	0.41	0.5	0.5	0	0	0.41
86700	0.4	0.5	0.5	0	0	0.4
86800	0.4	0.5	0.5	0	0	0.4
86900	0.4	0.5	0.5	0	0	0.4
87000	0.4	0.5	0.5	0	0	0.4
87100	0.4	0.5	0.5	0	0	0.4
87200	0.4	0.5	0.5	0	0	0.4
87300	0.4	0.5	0.5	0	0	0.4
87400	0.41	0.5	0.5	0	0	0.41
87500	0.41	0.49	0.49	0	0	0.41
87600	0.41	0.49	0.49	0	0	0.41
87700	0.41	0.49	0.49	0	0	0.41
87800	0.41	0.49	0.49	0	0	0.41
87900	0.41	0.49	0.49	0	0	0.41
88000	0.41	0.49	0.49	0	0	0.41
88100	0.41	0.49	0.49	0	0	0.41
88200	0.41	0.5	0.5	0	0	0.41
88300	0.41	0.5	0.5	0	0	0.41
88400	0.41	0.5	0.5	0	0	0.41
88500	0.41	0.5	0.5	0	0	0.41
88600	0.41	0.5	0.5	0	0	0.41
88700	0.41	0.5	0.5	0	0	0.41
88800	0.41	0.5	0.5	0	0	0.41
88900	0.41	0.5	0.5	0	0	0.41
89000	0.41	0.5	0.5	0	0	0.41
89100	0.41	0.5	0.5	0	0	0.41
89200	0.41	0.5	0.5	0	0	0.41
89300	0.41	0.5	0.5	0	0	0.41
89400	0.41	0.5	0.5	0	0	0.41
89500	0.41	0.5	0.5	0	0	0.41
89600	0.41	0.5	0.5	0	0	0.41
89700	0.41	0.5	0.5	0	0	0.41
89800	0.41	0.5	0.5	0	0	0.41
89900	0.41	0.5	0.5	0	0	0.41
90000	0.41	0.5	0.5	0	0	0.41
90100	0.41	0.51	0.51	0	0	0.41
90200	0.41	0.51	0.51	0	0	0.41
90300	0.41	0.52	0.52	0	0	0.41
90400	0.41	0.52	0.52	0	0	0.41
90500	0.41	0.52	0.52	0	0	0.41
90600	0.41	0.52	0.52	0	0	0.41
90700	0.41	0.52	0.52	0	0	0.41
90800	0.42	0.52	0.52	0	0	0.42
90900	0.42	0.52	0.52	0	0	0.42
91000	0.42	0.53	0.53	0	0	0.42
91100	0.42	0.53	0.53	0	0	0.42
91200	0.42	0.53	0.53	0	0	0.42
91300	0.42	0.53	0.53	0	0	0.42
91400	0.42	0.53	0.53	0	0	0.42
91500	0.42	0.53	0.53	0	0	0.42
91600	0.42	0.53	0.53	0	0	0.42
91700	0.42	0.53	0.53	0	0	0.42
91800	0.42	0.53	0.53	0	0	0.42
91900	0.41	0.53	0.53	0	0	0.41
92000	0.41	0.53	0.53	0	0	0.41
92100	0.41	0.53	0.53	0	0	0.41
92200	0.41	0.53	0.53	0	0	0.41
92300	0.41	0.53	0.53	0	0	0.41
92400	0.41	0.53	0.53	0	0	0.41
92500	0.41	0.53	0.53	0	0	0.41
92600	0.41	0.53	0.53	0	0	0.41
92700	0.42	0.53	0.53	0	0	0.42
92800	0.42	0.53	0.53	0	0	0.42
92900	0.42	0.53	0.53	0	0	0.42
93000	0.42	0.53	0.53	0	0	0.42
93100	0.42	0.53	0.53	0	0	0.42
93200	0.42	0.53	0.53	0	0	0.42
93300	0.42	0.53	0.53	0	0	0.42
93400	0.42	0.53	0.53	0	0	0.42
93500	0.41	0.53	0.53	0	0	0.41
93600	0.41	0.53	0.53	0	0	0.41
93700	0.41	0.53	0.53	0	0	0.41
93800	0.41	0.53	0.53	0	0	0.41
93900	0.41	0.53	0.53	0	0	0.41
94000	0.41	0.53	0.53	0	0	0.41
94100	0.4	0.52	0.52	0	0	0.4
94200	0.4	0.52	0.52	0	0	0.4
94300	0.4	0.51	0.51	0	0	0.4
94400	0.4	0.51	0.51	0	0	0.4
94500	0.4	0.51	0.51	0	0	0.4
94600	0.4	0.51	0.51	0	0	0.4
94700	0.4	0.51	0.51	0	0	0.4
94800	0.4	0.51	0.51	0	0	0.4
94900	0.4	0.51	0.51	0	0	0.4
95000	0.4	0.51	0.51	0	0	0.4
95100	0.4	0.51	0.51	0	0	0.4
95200	0.39	0.51	0.51	0	0	0.39
95300	0.39	0.51	0.51	0	0	0.39
95400	0.39	0.51	0.51	0	0	0.39
95500	0.39	0.51	0.51	0	0	0.39
95600	0.39	0.51	0.51	0	0	0.39
95700	0.39	0.51	0.51	0	0	0.39
95800	0.39	0.51	0.51	0	0	0.39
95900	0.39	0.51	0.51	0	0	0.39
96000	0.39	0.51	0.51	0	0	0.39
96100	0.39	0.51	0.51	0	0	0.39
96200	0.39	0.51	0.51	0	0	0.39
96300	0.39	0.51	0.51	0	0	0.39
96400	0.39	0.51	0.51	0	0	0.39
96500	0.39	0.51	0.51	0	0	0.39
96600	0.39	0.51	0.51	0	0	0.39
96700	0.39	0.51	0.51	0	0	0.39
96800	0.39	0.51	0.51	0	0	0.39
96900	0.38	0.51	0.51	0	0	0.38
97000	0.38	0.51	0.51	0	0	0.38
97100	0.38	0.51	0.51	0	0	0.38
97200	0.38	0.51	0.51	0	0	0.38
97300	0.38	0.51	0.51	0	0	0.38
97400	0.38	0.51	0.51	0	0	0.38
97500	0.38	0.5	0.5	0	0	0.38
97600	0.38	0.5	0.5	0	0	0.38
97700	0.38	0.5	0.5	0	0	0.38
97800	0.38	0.51	0.51	0	0	0.38
97900	0.38	0.51	0.51	0	0	0.38
98000	0.38	0.51	0.51	0	0	0.38
98100	0.38	0.51	0.51	0	0	0.38
98200	0.38	0.51	0.51	0	0	0.38
98300	0.38	0.52	0.52	0	0	0.38
98400	0.38	0.51	0.51	0	0	0.38
98500	0.38	0.51	0.51	0	0	0.38
98600	0.38	0.51	0.51	0	0	0.38
98700	0.38	0.52	0.52	0	0	0.38
98800	0.38	0.52	0.52	0	0	0.38
98900	0.38	0.52	0.52	0	0	0.38
99000	0.38	0.52	0.52	0	0	0.38
99100	0.38	0.52	0.52	0	0	0.38
99200	0.38	0.52	0.52	0	0	0.38
99300	0.38	0.52	0.52	0	0	0.38
99400	0.38	0.53	0.53	0	0	0.38
99500	0.38	0.53	0.53	0	0	0.38
99600	0.38	0.53	0.53	0	0	0.38
99700	0.38	0.53	0.53	0	0	0.38
99800	0.38	0.53	0.53	0	0	0.38
99900	0.38	0.53	0.53	0	0	0.38
100000	0.38	0.52	0.52	0	0	0.38
