100	0.09	0.11	0.11	0	0	0.09
200	0.11	0.13	0.13	0	0	0.11
300	0.11	0.14	0.14	0	0	0.11
400	0.12	0.15	0.15	0	0	0.12
500	0.12	0.16	0.16	0	0	0.12
600	0.13	0.17	0.17	0	0	0.13
700	0.13	0.2	0.2	0	0	0.13
800	0.13	0.19	0.19	0	0	0.13
900	0.13	0.19	0.19	0	0	0.13
1000	0.14	0.2	0.2	0	0	0.14
1100	0.14	0.19	0.19	0	0	0.14
1200	0.14	0.2	0.2	0	0	0.14
1300	0.14	0.2	0.2	0	0	0.14
1400	0.16	0.2	0.2	0	0	0.16
1500	0.17	0.22	0.22	0	0	0.17
1600	0.17	0.22	0.22	0	0	0.17
1700	0.18	0.23	0.23	0	0	0.18
1800	0.19	0.23	0.23	0	0	0.19
1900	0.19	0.24	0.24	0	0	0.19
2000	0.19	0.24	0.24	0	0	0.19
2100	0.19	0.25	0.25	0	0	0.19
2200	0.19	0.25	0.25	0	0	0.19
2300	0.2	0.24	0.24	0	0	0.2
2400	0.21	0.24	0.24	0	0	0.21
2500	0.23	0.25	0.25	0	0	0.23
2600	0.24	0.27	0.27	0	0	0.24
2700	0.22	0.28	0.28	0	0	0.22
2800	0.24	0.28	0.28	0	0	0.24
2900	0.24	0.28	0.28	0	0	0.24
3000	0.25	0.28	0.28	0	0	0.25
3100	0.24	0.3	0.3	0	0	0.24
3200	0.24	0.3	0.3	0	0	0.24
3300	0.25	0.32	0.32	0	0	0.25
3400	0.26	0.33	0.33	0	0	0.26
3500	0.27	0.34	0.34	0	0	0.27
3600	0.28	0.35	0.35	0	0	0.28
3700	0.29	0.34	0.34	0	0	0.29
3800	0.29	0.36	0.36	0	0	0.29
3900	0.29	0.38	0.38	0	0	0.29
4000	0.29	0.38	0.38	0	0	0.29
4100	0.3	0.38	0.38	0	0	0.3
4200	0.3	0.38	0.38	0	0	0.3
4300	0.3	0.38	0.38	0	0	0.3
4400	0.3	0.38	0.38	0	0	0.3
4500	0.3	0.38	0.38	0	0	0.3
4600	0.3	0.39	0.39	0	0	0.3
4700	0.3	0.39	0.39	0	0	0.3
4800	0.3	0.4	0.4	0	0	0.3
4900	0.29	0.4	0.4	0	0	0.29
5000	0.28	0.4	0.4	0	0	0.28
5100	0.29	0.4	0.4	0	0	0.29
5200	0.29	0.39	0.39	0	0	0.29
5300	0.3	0.39	0.39	0	0	0.3
5400	0.3	0.41	0.41	0	0	0.3
5500	0.3	0.4	0.4	0	0	0.3
5600	0.3	0.4	0.4	0	0	0.3
5700	0.3	0.4	0.4	0	0	0.3
5800	0.3	0.4	0.4	0	0	0.3
5900	0.3	0.41	0.41	0	0	0.3
6000	0.3	0.41	0.41	0	0	0.3
6100	0.29	0.39	0.39	0	0	0.29
6200	0.29	0.39	0.39	0	0	0.29
6300	0.29	0.39	0.39	0	0	0.29
6400	0.29	0.39	0.39	0	0	0.29
6500	0.29	0.4	0.4	0	0	0.29
6600	0.29	0.4	0.4	0	0	0.29
6700	0.29	0.41	0.41	0	0	0.29
6800	0.3	0.41	0.41	0	0	0.3
6900	0.3	0.41	0.41	0	0	0.3
7000	0.3	0.41	0.41	0	0	0.3
7100	0.3	0.41	0.41	0	0	0.3
7200	0.3	0.42	0.42	0	0	0.3
7300	0.3	0.42	0.42	0	0	0.3
7400	0.3	0.42	0.42	0	0	0.3
7500	0.3	0.42	0.42	0	0	0.3
7600	0.3	0.42	0.42	0	0	0.3
7700	0.3	0.44	0.44	0	0	0.3
7800	0.3	0.44	0.44	0	0	0.3
7900	0.31	0.43	0.43	0	0	0.31
8000	0.31	0.42	0.42	0	0	0.31
8100	0.31	0.42	0.42	0	0	0.31
8200	0.32	0.42	0.42	0	0	0.32
8300	0.31	0.41	0.41	0	0	0.31
8400	0.32	0.42	0.42	0	0	0.32
8500	0.32	0.42	0.42	0	0	0.32
8600	0.32	0.4	0.4	0	0	0.32
8700	0.32	0.42	0.42	0	0	0.32
8800	0.32	0.42	0.42	0	0	0.32
8900	0.32	0.42	0.42	0	0	0.32
9000	0.32	0.42	0.42	0	0	0.32
9100	0.32	0.41	0.41	0	0	0.32
9200	0.32	0.41	0.41	0	0	0.32
9300	0.32	0.41	0.41	0	0	0.32
9400	0.32	0.41	0.41	0	0	0.32
9500	0.32	0.41	0.41	0	0	0.32
9600	0.32	0.42	0.42	0	0	0.32
9700	0.32	0.42	0.42	0	0	0.32
9800	0.32	0.42	0.42	0	0	0.32
9900	0.32	0.42	0.42	0	0	0.32
10000	0.32	0.42	0.42	0	0	0.32
10100	0.32	0.42	0.42	0	0	0.32
10200	0.32	0.42	0.42	0	0	0.32
10300	0.32	0.45	0.45	0	0	0.32
10400	0.32	0.45	0.45	0	0	0.32
10500	0.32	0.46	0.46	0	0	0.32
10600	0.33	0.46	0.46	0	0	0.33
10700	0.33	0.45	0.45	0	0	0.33
10800	0.33	0.45	0.45	0	0	0.33
10900	0.33	0.45	0.45	0	0	0.33
11000	0.33	0.45	0.45	0	0	0.33
11100	0.33	0.46	0.46	0	0	0.33
11200	0.33	0.46	0.46	0	0	0.33
11300	0.33	0.47	0.47	0	0	0.33
11400	0.33	0.46	0.46	0	0	0.33
11500	0.33	0.47	0.47	0	0	0.33
11600	0.33	0.47	0.47	0	0	0.33
11700	0.33	0.47	0.47	0	0	0.33
11800	0.33	0.47	0.47	0	0	0.33
11900	0.33	0.47	0.47	0	0	0.33
12000	0.33	0.48	0.48	0	0	0.33
12100	0.33	0.48	0.48	0	0	0.33
12200	0.33	0.48	0.48	0	0	0.33
12300	0.33	0.49	0.49	0	0	0.33
12400	0.33	0.49	0.49	0	0	0.33
12500	0.33	0.49	0.49	0	0	0.33
12600	0.33	0.49	0.49	0	0	0.33
12700	0.32	0.5	0.5	0	0	0.32
12800	0.32	0.5	0.5	0	0	0.32
12900	0.32	0.5	0.5	0	0	0.32
13000	0.32	0.49	0.49	0	0	0.32
13100	0.32	0.49	0.49	0	0	0.32
13200	0.32	0.49	0.49	0	0	0.32
13300	0.32	0.49	0.49	0	0	0.32
13400	0.32	0.5	0.5	0	0	0.32
13500	0.32	0.49	0.49	0	0	0.32
13600	0.32	0.5	0.5	0	0	0.32
13700	0.32	0.5	0.5	0	0	0.32
13800	0.33	0.5	0.5	0	0	0.33
13900	0.33	0.49	0.49	0	0	0.33
14000	0.32	0.49	0.49	0	0	0.32
14100	0.34	0.49	0.49	0	0	0.34
14200	0.34	0.49	0.49	0	0	0.34
14300	0.34	0.49	0.49	0	0	0.34
14400	0.34	0.49	0.49	0	0	0.34
14500	0.34	0.49	0.49	0	0	0.34
14600	0.34	0.49	0.49	0	0	0.34
14700	0.34	0.49	0.49	0	0	0.34
14800	0.34	0.5	0.5	0	0	0.34
14900	0.34	0.5	0.5	0	0	0.34
15000	0.34	0.5	0.5	0	0	0.34
15100	0.34	0.5	0.5	0	0	0.34
15200	0.34	0.5	0.5	0	0	0.34
15300	0.34	0.5	0.5	0	0	0.34
15400	0.34	0.5	0.5	0	0	0.34
15500	0.34	0.5	0.5	0	0	0.34
15600	0.33	0.5	0.5	0	0	0.33
15700	0.33	0.5	0.5	0	0	0.33
15800	0.33	0.48	0.48	0	0	0.33
15900	0.33	0.48	0.48	0	0	0.33
16000	0.33	0.48	0.48	0	0	0.33
16100	0.33	0.48	0.48	0	0	0.33
16200	0.32	0.48	0.48	0	0	0.32
16300	0.32	0.49	0.49	0	0	0.32
16400	0.32	0.49	0.49	0	0	0.32
16500	0.33	0.49	0.49	0	0	0.33
16600	0.34	0.5	0.5	0	0	0.34
16700	0.34	0.51	0.51	0	0	0.34
16800	0.34	0.51	0.51	0	0	0.34
16900	0.34	0.51	0.51	0	0	0.34
17000	0.34	0.51	0.51	0	0	0.34
17100	0.34	0.51	0.51	0	0	0.34
17200	0.35	0.51	0.51	0	0	0.35
17300	0.35	0.51	0.51	0	0	0.35
17400	0.35	0.51	0.51	0	0	0.35
17500	0.35	0.51	0.51	0	0	0.35
17600	0.35	0.51	0.51	0	0	0.35
17700	0.35	0.52	0.52	0	0	0.35
17800	0.35	0.52	0.52	0	0	0.35
17900	0.34	0.52	0.52	0	0	0.34
18000	0.34	0.52	0.52	0	0	0.34
18100	0.34	0.52	0.52	0	0	0.34
18200	0.34	0.54	0.54	0	0	0.34
18300	0.34	0.55	0.55	0	0	0.34
18400	0.34	0.55	0.55	0	0	0.34
18500	0.34	0.55	0.55	0	0	0.34
18600	0.34	0.55	0.55	0	0	0.34
18700	0.34	0.54	0.54	0	0	0.34
18800	0.34	0.54	0.54	0	0	0.34
18900	0.34	0.54	0.54	0	0	0.34
19000	0.34	0.54	0.54	0	0	0.34
19100	0.34	0.54	0.54	0	0	0.34
19200	0.34	0.54	0.54	0	0	0.34
19300	0.34	0.54	0.54	0	0	0.34
19400	0.34	0.54	0.54	0	0	0.34
19500	0.34	0.54	0.54	0	0	0.34
19600	0.34	0.54	0.54	0	0	0.34
19700	0.34	0.54	0.54	0	0	0.34
19800	0.34	0.53	0.53	0	0	0.34
19900	0.33	0.53	0.53	0	0	0.33
20000	0.33	0.53	0.53	0	0	0.33
20100	0.33	0.53	0.53	0	0	0.33
20200	0.33	0.53	0.53	0	0	0.33
20300	0.33	0.53	0.53	0	0	0.33
20400	0.32	0.53	0.53	0	0	0.32
20500	0.32	0.53	0.53	0	0	0.32
20600	0.32	0.53	0.53	0	0	0.32
20700	0.32	0.53	0.53	0	0	0.32
20800	0.32	0.53	0.53	0	0	0.32
20900	0.32	0.53	0.53	0	0	0.32
21000	0.32	0.53	0.53	0	0	0.32
21100	0.32	0.53	0.53	0	0	0.32
21200	0.32	0.53	0.53	0	0	0.32
21300	0.32	0.53	0.53	0	0	0.32
21400	0.32	0.53	0.53	0	0	0.32
21500	0.32	0.52	0.52	0	0	0.32
21600	0.32	0.52	0.52	0	0	0.32
21700	0.32	0.52	0.52	0	0	0.32
21800	0.33	0.52	0.52	0	0	0.33
21900	0.32	0.52	0.52	0	0	0.32
22000	0.32	0.52	0.52	0	0	0.32
22100	0.32	0.52	0.52	0	0	0.32
22200	0.32	0.52	0.52	0	0	0.32
22300	0.32	0.52	0.52	0	0	0.32
22400	0.32	0.52	0.52	0	0	0.32
22500	0.32	0.52	0.52	0	0	0.32
22600	0.32	0.52	0.52	0	0	0.32
22700	0.32	0.52	0.52	0	0	0.32
22800	0.33	0.52	0.52	0	0	0.33
22900	0.33	0.52	0.52	0	0	0.33
23000	0.33	0.52	0.52	0	0	0.33
23100	0.33	0.52	0.52	0	0	0.33
23200	0.33	0.52	0.52	0	0	0.33
23300	0.33	0.52	0.52	0	0	0.33
23400	0.33	0.52	0.52	0	0	0.33
23500	0.32	0.52	0.52	0	0	0.32
23600	0.32	0.5	0.5	0	0	0.32
23700	0.32	0.5	0.5	0	0	0.32
23800	0.32	0.5	0.5	0	0	0.32
23900	0.32	0.5	0.5	0	0	0.32
24000	0.32	0.5	0.5	0	0	0.32
24100	0.32	0.5	0.5	0	0	0.32
24200	0.32	0.5	0.5	0	0	0.32
24300	0.32	0.5	0.5	0	0	0.32
24400	0.32	0.51	0.51	0	0	0.32
24500	0.32	0.51	0.51	0	0	0.32
24600	0.33	0.51	0.51	0	0	0.33
24700	0.33	0.52	0.52	0	0	0.33
24800	0.33	0.53	0.53	0	0	0.33
24900	0.33	0.54	0.54	0	0	0.33
25000	0.33	0.54	0.54	0	0	0.33
25100	0.33	0.54	0.54	0	0	0.33
25200	0.33	0.54	0.54	0	0	0.33
25300	0.33	0.55	0.55	0	0	0.33
25400	0.33	0.56	0.56	0	0	0.33
25500	0.33	0.56	0.56	0	0	0.33
25600	0.33	0.56	0.56	0	0	0.33
25700	0.33	0.56	0.56	0	0	0.33
25800	0.33	0.56	0.56	0	0	0.33
25900	0.33	0.57	0.57	0	0	0.33
26000	0.33	0.57	0.57	0	0	0.33
26100	0.33	0.57	0.57	0	0	0.33
26200	0.33	0.56	0.56	0	0	0.33
26300	0.33	0.56	0.56	0	0	0.33
26400	0.33	0.56	0.56	0	0	0.33
26500	0.33	0.55	0.55	0	0	0.33
26600	0.33	0.55	0.55	0	0	0.33
26700	0.33	0.55	0.55	0	0	0.33
26800	0.33	0.55	0.55	0	0	0.33
26900	0.33	0.55	0.55	0	0	0.33
27000	0.33	0.55	0.55	0	0	0.33
27100	0.33	0.55	0.55	0	0	0.33
27200	0.33	0.55	0.55	0	0	0.33
27300	0.34	0.55	0.55	0	0	0.34
27400	0.35	0.55	0.55	0	0	0.35
27500	0.35	0.55	0.55	0	0	0.35
27600	0.35	0.55	0.55	0	0	0.35
27700	0.35	0.55	0.55	0	0	0.35
27800	0.35	0.55	0.55	0	0	0.35
27900	0.35	0.55	0.55	0	0	0.35
28000	0.35	0.55	0.55	0	0	0.35
28100	0.35	0.55	0.55	0	0	0.35
28200	0.35	0.55	0.55	0	0	0.35
28300	0.35	0.55	0.55	0	0	0.35
28400	0.35	0.55	0.55	0	0	0.35
28500	0.35	0.55	0.55	0	0	0.35
28600	0.35	0.55	0.55	0	0	0.35
28700	0.35	0.55	0.55	0	0	0.35
28800	0.34	0.55	0.55	0	0	0.34
28900	0.34	0.55	0.55	0	0	0.34
29000	0.34	0.55	0.55	0	0	0.34
29100	0.35	0.55	0.55	0	0	0.35
29200	0.35	0.55	0.55	0	0	0.35
29300	0.35	0.55	0.55	0	0	0.35
29400	0.35	0.56	0.56	0	0	0.35
29500	0.35	0.56	0.56	0	0	0.35
29600	0.35	0.57	0.57	0	0	0.35
29700	0.35	0.57	0.57	0	0	0.35
29800	0.35	0.57	0.57	0	0	0.35
29900	0.35	0.56	0.56	0	0	0.35
30000	0.35	0.56	0.56	0	0	0.35
30100	0.35	0.56	0.56	0	0	0.35
30200	0.35	0.56	0.56	0	0	0.35
30300	0.35	0.56	0.56	0	0	0.35
30400	0.35	0.55	0.55	0	0	0.35
30500	0.35	0.55	0.55	0	0	0.35
30600	0.35	0.55	0.55	0	0	0.35
30700	0.35	0.54	0.54	0	0	0.35
30800	0.35	0.54	0.54	0	0	0.35
30900	0.35	0.54	0.54	0	0	0.35
31000	0.35	0.54	0.54	0	0	0.35
31100	0.35	0.54	0.54	0	0	0.35
31200	0.35	0.54	0.54	0	0	0.35
31300	0.35	0.54	0.54	0	0	0.35
31400	0.35	0.54	0.54	0	0	0.35
31500	0.34	0.55	0.55	0	0	0.34
31600	0.34	0.55	0.55	0	0	0.34
31700	0.35	0.53	0.53	0	0	0.35
31800	0.35	0.53	0.53	0	0	0.35
31900	0.35	0.53	0.53	0	0	0.35
32000	0.35	0.53	0.53	0	0	0.35
32100	0.35	0.53	0.53	0	0	0.35
32200	0.35	0.53	0.53	0	0	0.35
32300	0.35	0.53	0.53	0	0	0.35
32400	0.35	0.53	0.53	0	0	0.35
32500	0.35	0.53	0.53	0	0	0.35
32600	0.35	0.53	0.53	0	0	0.35
32700	0.35	0.53	0.53	0	0	0.35
32800	0.35	0.53	0.53	0	0	0.35
32900	0.35	0.53	0.53	0	0	0.35
33000	0.35	0.53	0.53	0	0	0.35
33100	0.35	0.53	0.53	0	0	0.35
33200	0.35	0.53	0.53	0	0	0.35
33300	0.35	0.53	0.53	0	0	0.35
33400	0.35	0.53	0.53	0	0	0.35
33500	0.35	0.53	0.53	0	0	0.35
33600	0.35	0.53	0.53	0	0	0.35
33700	0.35	0.53	0.53	0	0	0.35
33800	0.35	0.52	0.52	0	0	0.35
33900	0.35	0.51	0.51	0	0	0.35
34000	0.34	0.51	0.51	0	0	0.34
34100	0.34	0.51	0.51	0	0	0.34
34200	0.35	0.51	0.51	0	0	0.35
34300	0.36	0.5	0.5	0	0	0.36
34400	0.36	0.49	0.49	0	0	0.36
34500	0.35	0.49	0.49	0	0	0.35
34600	0.35	0.5	0.5	0	0	0.35
34700	0.35	0.5	0.5	0	0	0.35
34800	0.35	0.5	0.5	0	0	0.35
34900	0.35	0.51	0.51	0	0	0.35
35000	0.35	0.51	0.51	0	0	0.35
35100	0.35	0.51	0.51	0	0	0.35
35200	0.35	0.5	0.5	0	0	0.35
35300	0.35	0.5	0.5	0	0	0.35
35400	0.35	0.5	0.5	0	0	0.35
35500	0.35	0.5	0.5	0	0	0.35
35600	0.35	0.5	0.5	0	0	0.35
35700	0.36	0.5	0.5	0	0	0.36
35800	0.36	0.5	0.5	0	0	0.36
35900	0.36	0.5	0.5	0	0	0.36
36000	0.36	0.5	0.5	0	0	0.36
36100	0.36	0.5	0.5	0	0	0.36
36200	0.37	0.5	0.5	0	0	0.37
36300	0.37	0.51	0.51	0	0	0.37
36400	0.37	0.51	0.51	0	0	0.37
36500	0.37	0.51	0.51	0	0	0.37
36600	0.37	0.51	0.51	0	0	0.37
36700	0.37	0.51	0.51	0	0	0.37
36800	0.37	0.51	0.51	0	0	0.37
36900	0.37	0.51	0.51	0	0	0.37
37000	0.37	0.51	0.51	0	0	0.37
37100	0.37	0.51	0.51	0	0	0.37
37200	0.37	0.51	0.51	0	0	0.37
37300	0.37	0.51	0.51	0	0	0.37
37400	0.37	0.51	0.51	0	0	0.37
37500	0.37	0.51	0.51	0	0	0.37
37600	0.37	0.51	0.51	0	0	0.37
37700	0.37	0.51	0.51	0	0	0.37
37800	0.37	0.51	0.51	0	0	0.37
37900	0.37	0.51	0.51	0	0	0.37
38000	0.37	0.51	0.51	0	0	0.37
38100	0.37	0.51	0.51	0	0	0.37
38200	0.37	0.51	0.51	0	0	0.37
38300	0.37	0.51	0.51	0	0	0.37
38400	0.37	0.51	0.51	0	0	0.37
38500	0.37	0.51	0.51	0	0	0.37
38600	0.37	0.51	0.51	0	0	0.37
38700	0.37	0.51	0.51	0	0	0.37
38800	0.37	0.51	0.51	0	0	0.37
38900	0.37	0.51	0.51	0	0	0.37
39000	0.37	0.51	0.51	0	0	0.37
39100	0.37	0.51	0.51	0	0	0.37
39200	0.37	0.51	0.51	0	0	0.37
39300	0.37	0.51	0.51	0	0	0.37
39400	0.37	0.5	0.5	0	0	0.37
39500	0.37	0.5	0.5	0	0	0.37
39600	0.37	0.5	0.5	0	0	0.37
39700	0.37	0.5	0.5	0	0	0.37
39800	0.37	0.5	0.5	0	0	0.37
39900	0.37	0.5	0.5	0	0	0.37
40000	0.37	0.5	0.5	0	0	0.37
40100	0.37	0.51	0.51	0	0	0.37
40200	0.37	0.51	0.51	0	0	0.37
40300	0.37	0.51	0.51	0	0	0.37
40400	0.37	0.51	0.51	0	0	0.37
40500	0.37	0.5	0.5	0	0	0.37
40600	0.37	0.5	0.5	0	0	0.37
40700	0.37	0.5	0.5	0	0	0.37
40800	0.37	0.5	0.5	0	0	0.37
40900	0.37	0.5	0.5	0	0	0.37
41000	0.38	0.5	0.5	0	0	0.38
41100	0.38	0.5	0.5	0	0	0.38
41200	0.38	0.5	0.5	0	0	0.38
41300	0.38	0.5	0.5	0	0	0.38
41400	0.38	0.5	0.5	0	0	0.38
41500	0.38	0.5	0.5	0	0	0.38
41600	0.38	0.5	0.5	0	0	0.38
41700	0.38	0.49	0.49	0	0	0.38
41800	0.38	0.49	0.49	0	0	0.38
41900	0.38	0.49	0.49	0	0	0.38
42000	0.38	0.49	0.49	0	0	0.38
42100	0.38	0.49	0.49	0	0	0.38
42200	0.38	0.49	0.49	0	0	0.38
42300	0.38	0.49	0.49	0	0	0.38
42400	0.39	0.49	0.49	0	0	0.39
42500	0.39	0.49	0.49	0	0	0.39
42600	0.39	0.49	0.49	0	0	0.39
42700	0.39	0.49	0.49	0	0	0.39
42800	0.4	0.49	0.49	0	0	0.4
42900	0.4	0.48	0.48	0	0	0.4
43000	0.4	0.48	0.48	0	0	0.4
43100	0.4	0.48	0.48	0	0	0.4
43200	0.4	0.48	0.48	0	0	0.4
43300	0.4	0.48	0.48	0	0	0.4
43400	0.4	0.49	0.49	0	0	0.4
43500	0.4	0.5	0.5	0	0	0.4
43600	0.4	0.5	0.5	0	0	0.4
43700	0.4	0.5	0.5	0	0	0.4
43800	0.4	0.5	0.5	0	0	0.4
43900	0.4	0.5	0.5	0	0	0.4
44000	0.4	0.5	0.5	0	0	0.4
44100	0.4	0.5	0.5	0	0	0.4
44200	0.4	0.51	0.51	0	0	0.4
44300	0.4	0.51	0.51	0	0	0.4
44400	0.4	0.51	0.51	0	0	0.4
44500	0.4	0.51	0.51	0	0	0.4
44600	0.4	0.51	0.51	0	0	0.4
44700	0.4	0.51	0.51	0	0	0.4
44800	0.4	0.51	0.51	0	0	0.4
44900	0.4	0.51	0.51	0	0	0.4
45000	0.4	0.51	0.51	0	0	0.4
45100	0.4	0.51	0.51	0	0	0.4
45200	0.4	0.51	0.51	0	0	0.4
45300	0.4	0.51	0.51	0	0	0.4
45400	0.4	0.51	0.51	0	0	0.4
45500	0.4	0.51	0.51	0	0	0.4
45600	0.4	0.51	0.51	0	0	0.4
45700	0.4	0.51	0.51	0	0	0.4
45800	0.4	0.52	0.52	0	0	0.4
45900	0.4	0.52	0.52	0	0	0.4
46000	0.4	0.52	0.52	0	0	0.4
46100	0.4	0.51	0.51	0	0	0.4
46200	0.4	0.51	0.51	0	0	0.4
46300	0.4	0.51	0.51	0	0	0.4
46400	0.39	0.51	0.51	0	0	0.39
46500	0.39	0.51	0.51	0	0	0.39
46600	0.39	0.51	0.51	0	0	0.39
46700	0.39	0.51	0.51	0	0	0.39
46800	0.39	0.51	0.51	0	0	0.39
46900	0.39	0.5	0.5	0	0	0.39
47000	0.39	0.51	0.51	0	0	0.39
47100	0.39	0.52	0.52	0	0	0.39
47200	0.39	0.51	0.51	0	0	0.39
47300	0.39	0.51	0.51	0	0	0.39
47400	0.39	0.51	0.51	0	0	0.39
47500	0.38	0.51	0.51	0	0	0.38
47600	0.39	0.51	0.51	0	0	0.39
47700	0.39	0.51	0.51	0	0	0.39
47800	0.39	0.51	0.51	0	0	0.39
47900	0.39	0.51	0.51	0	0	0.39
48000	0.39	0.51	0.51	0	0	0.39
48100	0.39	0.51	0.51	0	0	0.39
48200	0.39	0.5	0.5	0	0	0.39
48300	0.39	0.5	0.5	0	0	0.39
48400	0.39	0.5	0.5	0	0	0.39
48500	0.39	0.49	0.49	0	0	0.39
48600	0.39	0.49	0.49	0	0	0.39
48700	0.39	0.49	0.49	0	0	0.39
48800	0.39	0.49	0.49	0	0	0.39
48900	0.39	0.48	0.48	0	0	0.39
49000	0.39	0.48	0.48	0	0	0.39
49100	0.39	0.48	0.48	0	0	0.39
49200	0.39	0.48	0.48	0	0	0.39
49300	0.39	0.48	0.48	0	0	0.39
49400	0.39	0.48	0.48	0	0	0.39
49500	0.39	0.49	0.49	0	0	0.39
49600	0.39	0.49	0.49	0	0	0.39
49700	0.39	0.49	0.49	0	0	0.39
49800	0.38	0.49	0.49	0	0	0.38
49900	0.38	0.49	0.49	0	0	0.38
50000	0.37	0.49	0.49	0	0	0.37
50100	0.37	0.5	0.5	0	0	0.37
50200	0.37	0.5	0.5	0	0	0.37
50300	0.37	0.5	0.5	0	0	0.37
50400	0.37	0.5	0.5	0	0	0.37
50500	0.37	0.5	0.5	0	0	0.37
50600	0.37	0.5	0.5	0	0	0.37
50700	0.37	0.5	0.5	0	0	0.37
50800	0.37	0.5	0.5	0	0	0.37
50900	0.37	0.5	0.5	0	0	0.37
51000	0.37	0.5	0.5	0	0	0.37
51100	0.37	0.5	0.5	0	0	0.37
51200	0.38	0.49	0.49	0	0	0.38
51300	0.38	0.49	0.49	0	0	0.38
51400	0.38	0.5	0.5	0	0	0.38
51500	0.38	0.5	0.5	0	0	0.38
51600	0.38	0.5	0.5	0	0	0.38
51700	0.38	0.5	0.5	0	0	0.38
51800	0.38	0.5	0.5	0	0	0.38
51900	0.38	0.5	0.5	0	0	0.38
52000	0.37	0.5	0.5	0	0	0.37
52100	0.38	0.5	0.5	0	0	0.38
52200	0.38	0.5	0.5	0	0	0.38
52300	0.38	0.5	0.5	0	0	0.38
52400	0.38	0.5	0.5	0	0	0.38
52500	0.38	0.5	0.5	0	0	0.38
52600	0.39	0.5	0.5	0	0	0.39
52700	0.38	0.5	0.5	0	0	0.38
52800	0.38	0.49	0.49	0	0	0.38
52900	0.38	0.49	0.49	0	0	0.38
53000	0.39	0.47	0.47	0	0	0.39
53100	0.39	0.47	0.47	0	0	0.39
53200	0.38	0.47	0.47	0	0	0.38
53300	0.38	0.47	0.47	0	0	0.38
53400	0.38	0.47	0.47	0	0	0.38
53500	0.38	0.47	0.47	0	0	0.38
53600	0.38	0.47	0.47	0	0	0.38
53700	0.38	0.47	0.47	0	0	0.38
53800	0.38	0.47	0.47	0	0	0.38
53900	0.39	0.47	0.47	0	0	0.39
54000	0.39	0.46	0.46	0	0	0.39
54100	0.39	0.46	0.46	0	0	0.39
54200	0.39	0.46	0.46	0	0	0.39
54300	0.39	0.47	0.47	0	0	0.39
54400	0.39	0.47	0.47	0	0	0.39
54500	0.39	0.47	0.47	0	0	0.39
54600	0.39	0.47	0.47	0	0	0.39
54700	0.39	0.47	0.47	0	0	0.39
54800	0.39	0.47	0.47	0	0	0.39
54900	0.39	0.47	0.47	0	0	0.39
55000	0.39	0.47	0.47	0	0	0.39
55100	0.39	0.47	0.47	0	0	0.39
55200	0.39	0.47	0.47	0	0	0.39
55300	0.39	0.47	0.47	0	0	0.39
55400	0.39	0.47	0.47	0	0	0.39
55500	0.4	0.47	0.47	0	0	0.4
55600	0.4	0.47	0.47	0	0	0.4
55700	0.4	0.47	0.47	0	0	0.4
55800	0.4	0.45	0.45	0	0	0.4
55900	0.4	0.46	0.46	0	0	0.4
56000	0.4	0.45	0.45	0	0	0.4
56100	0.41	0.44	0.44	0	0	0.41
56200	0.41	0.44	0.44	0	0	0.41
56300	0.41	0.44	0.44	0	0	0.41
56400	0.41	0.44	0.44	0	0	0.41
56500	0.42	0.44	0.44	0	0	0.42
56600	0.42	0.44	0.44	0	0	0.42
56700	0.43	0.44	0.44	0	0	0.43
56800	0.43	0.44	0.44	0	0	0.43
56900	0.43	0.44	0.44	0	0	0.43
57000	0.43	0.44	0.44	0	0	0.43
57100	0.43	0.44	0.44	0	0	0.43
57200	0.43	0.44	0.44	0	0	0.43
57300	0.43	0.44	0.44	0	0	0.43
57400	0.43	0.44	0.44	0	0	0.43
57500	0.42	0.44	0.44	0	0	0.42
57600	0.42	0.44	0.44	0	0	0.42
57700	0.42	0.44	0.44	0	0	0.42
57800	0.42	0.44	0.44	0	0	0.42
57900	0.42	0.44	0.44	0	0	0.42
58000	0.42	0.44	0.44	0	0	0.42
58100	0.42	0.44	0.44	0	0	0.42
58200	0.42	0.45	0.45	0	0	0.42
58300	0.42	0.45	0.45	0	0	0.42
58400	0.42	0.45	0.45	0	0	0.42
58500	0.42	0.45	0.45	0	0	0.42
58600	0.42	0.46	0.46	0	0	0.42
58700	0.42	0.46	0.46	0	0	0.42
58800	0.42	0.46	0.46	0	0	0.42
58900	0.42	0.46	0.46	0	0	0.42
59000	0.42	0.46	0.46	0	0	0.42
59100	0.42	0.46	0.46	0	0	0.42
59200	0.42	0.47	0.47	0	0	0.42
59300	0.42	0.47	0.47	0	0	0.42
59400	0.42	0.47	0.47	0	0	0.42
59500	0.42	0.47	0.47	0	0	0.42
59600	0.42	0.47	0.47	0	0	0.42
59700	0.42	0.48	0.48	0	0	0.42
59800	0.42	0.49	0.49	0	0	0.42
59900	0.41	0.49	0.49	0	0	0.41
60000	0.41	0.49	0.49	0	0	0.41
60100	0.42	0.49	0.49	0	0	0.42
60200	0.42	0.49	0.49	0	0	0.42
60300	0.42	0.49	0.49	0	0	0.42
60400	0.42	0.49	0.49	0	0	0.42
60500	0.42	0.49	0.49	0	0	0.42
60600	0.42	0.49	0.49	0	0	0.42
60700	0.42	0.49	0.49	0	0	0.42
60800	0.42	0.49	0.49	0	0	0.42
60900	0.42	0.49	0.49	0	0	0.42
61000	0.42	0.49	0.49	0	0	0.42
61100	0.42	0.5	0.5	0	0	0.42
61200	0.42	0.5	0.5	0	0	0.42
61300	0.42	0.5	0.5	0	0	0.42
61400	0.42	0.5	0.5	0	0	0.42
61500	0.42	0.5	0.5	0	0	0.42
61600	0.42	0.5	0.5	0	0	0.42
61700	0.42	0.5	0.5	0	0	0.42
61800	0.41	0.49	0.49	0	0	0.41
61900	0.41	0.49	0.49	0	0	0.41
62000	0.41	0.49	0.49	0	0	0.41
62100	0.41	0.49	0.49	0	0	0.41
62200	0.41	0.49	0.49	0	0	0.41
62300	0.41	0.5	0.5	0	0	0.41
62400	0.41	0.49	0.49	0	0	0.41
62500	0.41	0.49	0.49	0	0	0.41
62600	0.41	0.5	0.5	0	0	0.41
62700	0.41	0.51	0.51	0	0	0.41
62800	0.41	0.51	0.51	0	0	0.41
62900	0.41	0.51	0.51	0	0	0.41
63000	0.41	0.51	0.51	0	0	0.41
63100	0.41	0.51	0.51	0	0	0.41
63200	0.41	0.51	0.51	0	0	0.41
63300	0.41	0.51	0.51	0	0	0.41
63400	0.41	0.52	0.52	0	0	0.41
63500	0.41	0.52	0.52	0	0	0.41
63600	0.41	0.52	0.52	0	0	0.41
63700	0.41	0.52	0.52	0	0	0.41
63800	0.41	0.52	0.52	0	0	0.41
63900	0.41	0.52	0.52	0	0	0.41
64000	0.42	0.52	0.52	0	0	0.42
64100	0.42	0.52	0.52	0	0	0.42
64200	0.42	0.52	0.52	0	0	0.42
64300	0.42	0.52	0.52	0	0	0.42
64400	0.42	0.52	0.52	0	0	0.42
64500	0.42	0.52	0.52	0	0	0.42
64600	0.42	0.52	0.52	0	0	0.42
64700	0.42	0.52	0.52	0	0	0.42
64800	0.42	0.52	0.52	0	0	0.42
64900	0.42	0.52	0.52	0	0	0.42
65000	0.42	0.52	0.52	0	0	0.42
65100	0.42	0.52	0.52	0	0	0.42
65200	0.42	0.52	0.52	0	0	0.42
65300	0.42	0.52	0.52	0	0	0.42
65400	0.42	0.52	0.52	0	0	0.42
65500	0.42	0.52	0.52	0	0	0.42
65600	0.42	0.52	0.52	0	0	0.42
65700	0.42	0.52	0.52	0	0	0.42
65800	0.42	0.53	0.53	0	0	0.42
65900	0.42	0.53	0.53	0	0	0.42
66000	0.42	0.53	0.53	0	0	0.42
66100	0.42	0.52	0.52	0	0	0.42
66200	0.42	0.52	0.52	0	0	0.42
66300	0.42	0.52	0.52	0	0	0.42
66400	0.42	0.52	0.52	0	0	0.42
66500	0.42	0.52	0.52	0	0	0.42
66600	0.42	0.52	0.52	0	0	0.42
66700	0.42	0.52	0.52	0	0	0.42
66800	0.42	0.52	0.52	0	0	0.42
66900	0.42	0.52	0.52	0	0	0.42
67000	0.42	0.51	0.51	0	0	0.42
67100	0.42	0.51	0.51	0	0	0.42
67200	0.42	0.51	0.51	0	0	0.42
67300	0.42	0.51	0.51	0	0	0.42
67400	0.42	0.51	0.51	0	0	0.42
67500	0.42	0.51	0.51	0	0	0.42
67600	0.42	0.5	0.5	0	0	0.42
67700	0.42	0.5	0.5	0	0	0.42
67800	0.42	0.5	0.5	0	0	0.42
67900	0.42	0.5	0.5	0	0	0.42
68000	0.42	0.5	0.5	0	0	0.42
68100	0.42	0.5	0.5	0	0	0.42
68200	0.41	0.5	0.5	0	0	0.41
68300	0.41	0.5	0.5	0	0	0.41
68400	0.41	0.5	0.5	0	0	0.41
68500	0.41	0.5	0.5	0	0	0.41
68600	0.41	0.5	0.5	0	0	0.41
68700	0.4	0.5	0.5	0	0	0.4
68800	0.4	0.5	0.5	0	0	0.4
68900	0.4	0.5	0.5	0	0	0.4
69000	0.4	0.49	0.49	0	0	0.4
69100	0.4	0.49	0.49	0	0	0.4
69200	0.39	0.49	0.49	0	0	0.39
69300	0.39	0.49	0.49	0	0	0.39
69400	0.39	0.49	0.49	0	0	0.39
69500	0.39	0.49	0.49	0	0	0.39
69600	0.39	0.49	0.49	0	0	0.39
69700	0.39	0.49	0.49	0	0	0.39
69800	0.39	0.49	0.49	0	0	0.39
69900	0.39	0.49	0.49	0	0	0.39
70000	0.39	0.49	0.49	0	0	0.39
70100	0.39	0.49	0.49	0	0	0.39
70200	0.39	0.5	0.5	0	0	0.39
70300	0.39	0.5	0.5	0	0	0.39
70400	0.39	0.49	0.49	0	0	0.39
70500	0.39	0.5	0.5	0	0	0.39
70600	0.39	0.49	0.49	0	0	0.39
70700	0.39	0.49	0.49	0	0	0.39
70800	0.39	0.49	0.49	0	0	0.39
70900	0.39	0.49	0.49	0	0	0.39
71000	0.39	0.49	0.49	0	0	0.39
71100	0.39	0.49	0.49	0	0	0.39
71200	0.39	0.49	0.49	0	0	0.39
71300	0.39	0.49	0.49	0	0	0.39
71400	0.39	0.49	0.49	0	0	0.39
71500	0.39	0.49	0.49	0	0	0.39
71600	0.39	0.49	0.49	0	0	0.39
71700	0.39	0.49	0.49	0	0	0.39
71800	0.39	0.49	0.49	0	0	0.39
71900	0.39	0.49	0.49	0	0	0.39
72000	0.39	0.49	0.49	0	0	0.39
72100	0.39	0.49	0.49	0	0	0.39
72200	0.39	0.49	0.49	0	0	0.39
72300	0.39	0.49	0.49	0	0	0.39
72400	0.39	0.49	0.49	0	0	0.39
72500	0.39	0.49	0.49	0	0	0.39
72600	0.39	0.49	0.49	0	0	0.39
72700	0.39	0.49	0.49	0	0	0.39
72800	0.4	0.49	0.49	0	0	0.4
72900	0.4	0.5	0.5	0	0	0.4
73000	0.4	0.5	0.5	0	0	0.4
73100	0.4	0.5	0.5	0	0	0.4
73200	0.4	0.5	0.5	0	0	0.4
73300	0.4	0.5	0.5	0	0	0.4
73400	0.4	0.5	0.5	0	0	0.4
73500	0.4	0.51	0.51	0	0	0.4
73600	0.4	0.51	0.51	0	0	0.4
73700	0.4	0.51	0.51	0	0	0.4
73800	0.39	0.51	0.51	0	0	0.39
73900	0.38	0.51	0.51	0	0	0.38
74000	0.38	0.51	0.51	0	0	0.38
74100	0.38	0.51	0.51	0	0	0.38
74200	0.38	0.51	0.51	0	0	0.38
74300	0.38	0.51	0.51	0	0	0.38
74400	0.38	0.51	0.51	0	0	0.38
74500	0.38	0.51	0.51	0	0	0.38
74600	0.38	0.51	0.51	0	0	0.38
74700	0.38	0.51	0.51	0	0	0.38
74800	0.38	0.51	0.51	0	0	0.38
74900	0.38	0.51	0.51	0	0	0.38
75000	0.38	0.5	0.5	0	0	0.38
75100	0.38	0.5	0.5	0	0	0.38
75200	0.38	0.5	0.5	0	0	0.38
75300	0.38	0.5	0.5	0	0	0.38
75400	0.38	0.5	0.5	0	0	0.38
75500	0.38	0.5	0.5	0	0	0.38
75600	0.38	0.5	0.5	0	0	0.38
75700	0.38	0.5	0.5	0	0	0.38
75800	0.38	0.5	0.5	0	0	0.38
75900	0.38	0.5	0.5	0	0	0.38
76000	0.38	0.49	0.49	0	0	0.38
76100	0.38	0.49	0.49	0	0	0.38
76200	0.38	0.48	0.48	0	0	0.38
76300	0.38	0.48	0.48	0	0	0.38
76400	0.38	0.48	0.48	0	0	0.38
76500	0.38	0.48	0.48	0	0	0.38
76600	0.38	0.48	0.48	0	0	0.38
76700	0.38	0.48	0.48	0	0	0.38
76800	0.38	0.48	0.48	0	0	0.38
76900	0.38	0.48	0.48	0	0	0.38
77000	0.38	0.49	0.49	0	0	0.38
77100	0.38	0.49	0.49	0	0	0.38
77200	0.39	0.49	0.49	0	0	0.39
77300	0.39	0.49	0.49	0	0	0.39
77400	0.39	0.49	0.49	0	0	0.39
77500	0.39	0.49	0.49	0	0	0.39
77600	0.39	0.49	0.49	0	0	0.39
77700	0.39	0.49	0.49	0	0	0.39
77800	0.39	0.49	0.49	0	0	0.39
77900	0.39	0.49	0.49	0	0	0.39
78000	0.39	0.49	0.49	0	0	0.39
78100	0.39	0.5	0.5	0	0	0.39
78200	0.39	0.51	0.51	0	0	0.39
78300	0.39	0.51	0.51	0	0	0.39
78400	0.39	0.52	0.52	0	0	0.39
78500	0.39	0.52	0.52	0	0	0.39
78600	0.39	0.52	0.52	0	0	0.39
78700	0.39	0.52	0.52	0	0	0.39
78800	0.39	0.52	0.52	0	0	0.39
78900	0.39	0.52	0.52	0	0	0.39
79000	0.39	0.52	0.52	0	0	0.39
79100	0.39	0.52	0.52	0	0	0.39
79200	0.39	0.52	0.52	0	0	0.39
79300	0.39	0.52	0.52	0	0	0.39
79400	0.39	0.52	0.52	0	0	0.39
79500	0.39	0.52	0.52	0	0	0.39
79600	0.39	0.52	0.52	0	0	0.39
79700	0.39	0.52	0.52	0	0	0.39
79800	0.39	0.52	0.52	0	0	0.39
79900	0.39	0.52	0.52	0	0	0.39
80000	0.39	0.52	0.52	0	0	0.39
80100	0.39	0.52	0.52	0	0	0.39
80200	0.39	0.53	0.53	0	0	0.39
80300	0.39	0.53	0.53	0	0	0.39
80400	0.39	0.54	0.54	0	0	0.39
80500	0.39	0.53	0.53	0	0	0.39
80600	0.39	0.53	0.53	0	0	0.39
80700	0.39	0.53	0.53	0	0	0.39
80800	0.39	0.53	0.53	0	0	0.39
80900	0.39	0.53	0.53	0	0	0.39
81000	0.39	0.53	0.53	0	0	0.39
81100	0.39	0.53	0.53	0	0	0.39
81200	0.39	0.53	0.53	0	0	0.39
81300	0.39	0.53	0.53	0	0	0.39
81400	0.39	0.53	0.53	0	0	0.39
81500	0.39	0.53	0.53	0	0	0.39
81600	0.39	0.53	0.53	0	0	0.39
81700	0.39	0.53	0.53	0	0	0.39
81800	0.39	0.53	0.53	0	0	0.39
81900	0.39	0.53	0.53	0	0	0.39
82000	0.39	0.53	0.53	0	0	0.39
82100	0.39	0.53	0.53	0	0	0.39
82200	0.39	0.53	0.53	0	0	0.39
82300	0.39	0.53	0.53	0	0	0.39
82400	0.39	0.53	0.53	0	0	0.39
82500	0.39	0.54	0.54	0	0	0.39
82600	0.39	0.54	0.54	0	0	0.39
82700	0.39	0.54	0.54	0	0	0.39
82800	0.39	0.54	0.54	0	0	0.39
82900	0.39	0.54	0.54	0	0	0.39
83000	0.39	0.54	0.54	0	0	0.39
83100	0.39	0.54	0.54	0	0	0.39
83200	0.39	0.54	0.54	0	0	0.39
83300	0.39	0.53	0.53	0	0	0.39
83400	0.39	0.53	0.53	0	0	0.39
83500	0.39	0.53	0.53	0	0	0.39
83600	0.39	0.53	0.53	0	0	0.39
83700	0.38	0.53	0.53	0	0	0.38
83800	0.38	0.53	0.53	0	0	0.38
83900	0.38	0.53	0.53	0	0	0.38
84000	0.38	0.53	0.53	0	0	0.38
84100	0.38	0.53	0.53	0	0	0.38
84200	0.38	0.53	0.53	0	0	0.38
84300	0.38	0.53	0.53	0	0	0.38
84400	0.38	0.53	0.53	0	0	0.38
84500	0.38	0.53	0.53	0	0	0.38
84600	0.38	0.53	0.53	0	0	0.38
84700	0.38	0.53	0.53	0	0	0.38
84800	0.38	0.53	0.53	0	0	0.38
84900	0.38	0.53	0.53	0	0	0.38
85000	0.38	0.53	0.53	0	0	0.38
85100	0.38	0.53	0.53	0	0	0.38
85200	0.38	0.53	0.53	0	0	0.38
85300	0.38	0.53	0.53	0	0	0.38
85400	0.38	0.53	0.53	0	0	0.38
85500	0.38	0.53	0.53	0	0	0.38
85600	0.38	0.53	0.53	0	0	0.38
85700	0.38	0.53	0.53	0	0	0.38
85800	0.38	0.53	0.53	0	0	0.38
85900	0.38	0.53	0.53	0	0	0.38
86000	0.38	0.53	0.53	0	0	0.38
86100	0.38	0.53	0.53	0	0	0.38
86200	0.38	0.53	0.53	0	0	0.38
86300	0.38	0.53	0.53	0	0	0.38
86400	0.38	0.53	0.53	0	0	0.38
86500	0.38	0.53	0.53	0	0	0.38
86600	0.38	0.52	0.52	0	0	0.38
86700	0.38	0.52	0.52	0	0	0.38
86800	0.38	0.52	0.52	0	0	0.38
86900	0.38	0.52	0.52	0	0	0.38
87000	0.38	0.52	0.52	0	0	0.38
87100	0.38	0.51	0.51	0	0	0.38
87200	0.38	0.51	0.51	0	0	0.38
87300	0.38	0.51	0.51	0	0	0.38
87400	0.38	0.5	0.5	0	0	0.38
87500	0.38	0.5	0.5	0	0	0.38
87600	0.38	0.5	0.5	0	0	0.38
87700	0.38	0.5	0.5	0	0	0.38
87800	0.38	0.5	0.5	0	0	0.38
87900	0.39	0.5	0.5	0	0	0.39
88000	0.39	0.5	0.5	0	0	0.39
88100	0.39	0.5	0.5	0	0	0.39
88200	0.39	0.5	0.5	0	0	0.39
88300	0.39	0.5	0.5	0	0	0.39
88400	0.39	0.5	0.5	0	0	0.39
88500	0.38	0.49	0.49	0	0	0.38
88600	0.38	0.49	0.49	0	0	0.38
88700	0.38	0.49	0.49	0	0	0.38
88800	0.38	0.49	0.49	0	0	0.38
88900	0.38	0.49	0.49	0	0	0.38
89000	0.39	0.49	0.49	0	0	0.39
89100	0.39	0.49	0.49	0	0	0.39
89200	0.38	0.49	0.49	0	0	0.38
89300	0.38	0.49	0.49	0	0	0.38
89400	0.38	0.49	0.49	0	0	0.38
89500	0.38	0.49	0.49	0	0	0.38
89600	0.38	0.49	0.49	0	0	0.38
89700	0.38	0.49	0.49	0	0	0.38
89800	0.38	0.49	0.49	0	0	0.38
89900	0.38	0.5	0.5	0	0	0.38
90000	0.38	0.5	0.5	0	0	0.38
90100	0.38	0.5	0.5	0	0	0.38
90200	0.38	0.5	0.5	0	0	0.38
90300	0.38	0.5	0.5	0	0	0.38
90400	0.37	0.5	0.5	0	0	0.37
90500	0.37	0.5	0.5	0	0	0.37
90600	0.37	0.51	0.51	0	0	0.37
90700	0.37	0.51	0.51	0	0	0.37
90800	0.37	0.51	0.51	0	0	0.37
90900	0.37	0.51	0.51	0	0	0.37
91000	0.36	0.51	0.51	0	0	0.36
91100	0.36	0.51	0.51	0	0	0.36
91200	0.37	0.51	0.51	0	0	0.37
91300	0.37	0.51	0.51	0	0	0.37
91400	0.37	0.51	0.51	0	0	0.37
91500	0.37	0.51	0.51	0	0	0.37
91600	0.37	0.52	0.52	0	0	0.37
91700	0.37	0.51	0.51	0	0	0.37
91800	0.37	0.51	0.51	0	0	0.37
91900	0.37	0.51	0.51	0	0	0.37
92000	0.37	0.51	0.51	0	0	0.37
92100	0.37	0.51	0.51	0	0	0.37
92200	0.37	0.51	0.51	0	0	0.37
92300	0.37	0.51	0.51	0	0	0.37
92400	0.37	0.51	0.51	0	0	0.37
92500	0.37	0.51	0.51	0	0	0.37
92600	0.37	0.51	0.51	0	0	0.37
92700	0.37	0.51	0.51	0	0	0.37
92800	0.37	0.51	0.51	0	0	0.37
92900	0.37	0.51	0.51	0	0	0.37
93000	0.37	0.51	0.51	0	0	0.37
93100	0.37	0.52	0.52	0	0	0.37
93200	0.37	0.52	0.52	0	0	0.37
93300	0.37	0.52	0.52	0	0	0.37
93400	0.37	0.52	0.52	0	0	0.37
93500	0.38	0.52	0.52	0	0	0.38
93600	0.38	0.52	0.52	0	0	0.38
93700	0.38	0.52	0.52	0	0	0.38
93800	0.38	0.52	0.52	0	0	0.38
93900	0.37	0.52	0.52	0	0	0.37
94000	0.37	0.52	0.52	0	0	0.37
94100	0.37	0.52	0.52	0	0	0.37
94200	0.37	0.52	0.52	0	0	0.37
94300	0.37	0.52	0.52	0	0	0.37
94400	0.37	0.52	0.52	0	0	0.37
94500	0.37	0.52	0.52	0	0	0.37
94600	0.37	0.52	0.52	0	0	0.37
94700	0.37	0.51	0.51	0	0	0.37
94800	0.38	0.51	0.51	0	0	0.38
94900	0.38	0.51	0.51	0	0	0.38
95000	0.38	0.51	0.51	0	0	0.38
95100	0.38	0.51	0.51	0	0	0.38
95200	0.38	0.51	0.51	0	0	0.38
95300	0.38	0.51	0.51	0	0	0.38
95400	0.39	0.5	0.5	0	0	0.39
95500	0.39	0.5	0.5	0	0	0.39
95600	0.39	0.5	0.5	0	0	0.39
95700	0.39	0.5	0.5	0	0	0.39
95800	0.39	0.5	0.5	0	0	0.39
95900	0.39	0.5	0.5	0	0	0.39
96000	0.39	0.5	0.5	0	0	0.39
96100	0.39	0.5	0.5	0	0	0.39
96200	0.39	0.5	0.5	0	0	0.39
96300	0.39	0.5	0.5	0	0	0.39
96400	0.39	0.5	0.5	0	0	0.39
96500	0.39	0.51	0.51	0	0	0.39
96600	0.39	0.51	0.51	0	0	0.39
96700	0.39	0.51	0.51	0	0	0.39
96800	0.39	0.51	0.51	0	0	0.39
96900	0.39	0.51	0.51	0	0	0.39
97000	0.39	0.51	0.51	0	0	0.39
97100	0.39	0.51	0.51	0	0	0.39
97200	0.39	0.51	0.51	0	0	0.39
97300	0.39	0.51	0.51	0	0	0.39
97400	0.39	0.51	0.51	0	0	0.39
97500	0.38	0.51	0.51	0	0	0.38
97600	0.38	0.51	0.51	0	0	0.38
97700	0.38	0.51	0.51	0	0	0.38
97800	0.38	0.51	0.51	0	0	0.38
97900	0.38	0.51	0.51	0	0	0.38
98000	0.38	0.51	0.51	0	0	0.38
98100	0.38	0.51	0.51	0	0	0.38
98200	0.38	0.51	0.51	0	0	0.38
98300	0.38	0.51	0.51	0	0	0.38
98400	0.38	0.51	0.51	0	0	0.38
98500	0.38	0.51	0.51	0	0	0.38
98600	0.38	0.51	0.51	0	0	0.38
98700	0.38	0.51	0.51	0	0	0.38
98800	0.38	0.51	0.51	0	0	0.38
98900	0.38	0.51	0.51	0	0	0.38
99000	0.38	0.51	0.51	0	0	0.38
99100	0.38	0.51	0.51	0	0	0.38
99200	0.38	0.51	0.51	0	0	0.38
99300	0.38	0.51	0.51	0	0	0.38
99400	0.39	0.51	0.51	0	0	0.39
99500	0.39	0.51	0.51	0	0	0.39
99600	0.39	0.51	0.51	0	0	0.39
99700	0.39	0.5	0.5	0	0	0.39
99800	0.39	0.5	0.5	0	0	0.39
99900	0.39	0.5	0.5	0	0	0.39
100000	0.39	0.5	0.5	0	0	0.39
