100	0.07	0.14	0.14	0	0	0.07
200	0.09	0.16	0.16	0	0	0.09
300	0.09	0.16	0.16	0	0	0.09
400	0.1	0.17	0.17	0	0	0.1
500	0.12	0.19	0.19	0	0	0.12
600	0.12	0.19	0.19	0	0	0.12
700	0.14	0.19	0.19	0	0	0.14
800	0.14	0.19	0.19	0	0	0.14
900	0.14	0.19	0.19	0	0	0.14
1000	0.13	0.21	0.21	0	0	0.13
1100	0.13	0.21	0.21	0	0	0.13
1200	0.14	0.22	0.22	0	0	0.14
1300	0.14	0.23	0.23	0	0	0.14
1400	0.14	0.24	0.24	0	0	0.14
1500	0.15	0.26	0.26	0	0	0.15
1600	0.16	0.25	0.25	0	0	0.16
1700	0.17	0.26	0.26	0	0	0.17
1800	0.17	0.27	0.27	0	0	0.17
1900	0.17	0.28	0.28	0	0	0.17
2000	0.17	0.29	0.29	0	0	0.17
2100	0.18	0.29	0.29	0	0	0.18
2200	0.18	0.29	0.29	0	0	0.18
2300	0.18	0.29	0.29	0	0	0.18
2400	0.18	0.29	0.29	0	0	0.18
2500	0.18	0.31	0.31	0	0	0.18
2600	0.18	0.3	0.3	0	0	0.18
2700	0.17	0.31	0.31	0	0	0.17
2800	0.18	0.31	0.31	0	0	0.18
2900	0.19	0.32	0.32	0	0	0.19
3000	0.19	0.33	0.33	0	0	0.19
3100	0.19	0.34	0.34	0	0	0.19
3200	0.18	0.34	0.34	0	0	0.18
3300	0.18	0.34	0.34	0	0	0.18
3400	0.18	0.34	0.34	0	0	0.18
3500	0.18	0.34	0.34	0	0	0.18
3600	0.18	0.33	0.33	0	0	0.18
3700	0.18	0.33	0.33	0	0	0.18
3800	0.18	0.33	0.33	0	0	0.18
3900	0.19	0.36	0.36	0	0	0.19
4000	0.2	0.36	0.36	0	0	0.2
4100	0.21	0.37	0.37	0	0	0.21
4200	0.23	0.35	0.35	0	0	0.23
4300	0.23	0.34	0.34	0	0	0.23
4400	0.22	0.35	0.35	0	0	0.22
4500	0.22	0.36	0.36	0	0	0.22
4600	0.22	0.36	0.36	0	0	0.22
4700	0.22	0.37	0.37	0	0	0.22
4800	0.22	0.37	0.37	0	0	0.22
4900	0.22	0.38	0.38	0	0	0.22
5000	0.22	0.38	0.38	0	0	0.22
5100	0.21	0.38	0.38	0	0	0.21
5200	0.21	0.38	0.38	0	0	0.21
5300	0.2	0.38	0.38	0	0	0.2
5400	0.2	0.4	0.4	0	0	0.2
5500	0.2	0.4	0.4	0	0	0.2
5600	0.2	0.4	0.4	0	0	0.2
5700	0.2	0.4	0.4	0	0	0.2
5800	0.2	0.4	0.4	0	0	0.2
5900	0.22	0.41	0.41	0	0	0.22
6000	0.22	0.41	0.41	0	0	0.22
6100	0.22	0.41	0.41	0	0	0.22
6200	0.22	0.41	0.41	0	0	0.22
6300	0.22	0.41	0.41	0	0	0.22
6400	0.22	0.41	0.41	0	0	0.22
6500	0.23	0.41	0.41	0	0	0.23
6600	0.22	0.41	0.41	0	0	0.22
6700	0.22	0.41	0.41	0	0	0.22
6800	0.22	0.41	0.41	0	0	0.22
6900	0.22	0.41	0.41	0	0	0.22
7000	0.23	0.41	0.41	0	0	0.23
7100	0.23	0.42	0.42	0	0	0.23
7200	0.23	0.41	0.41	0	0	0.23
7300	0.23	0.4	0.4	0	0	0.23
7400	0.23	0.4	0.4	0	0	0.23
7500	0.24	0.4	0.4	0	0	0.24
7600	0.24	0.4	0.4	0	0	0.24
7700	0.24	0.4	0.4	0	0	0.24
7800	0.24	0.4	0.4	0	0	0.24
7900	0.24	0.41	0.41	0	0	0.24
8000	0.24	0.41	0.41	0	0	0.24
8100	0.24	0.39	0.39	0	0	0.24
8200	0.25	0.39	0.39	0	0	0.25
8300	0.25	0.39	0.39	0	0	0.25
8400	0.27	0.39	0.39	0	0	0.27
8500	0.28	0.39	0.39	0	0	0.28
8600	0.27	0.4	0.4	0	0	0.27
8700	0.27	0.41	0.41	0	0	0.27
8800	0.27	0.4	0.4	0	0	0.27
8900	0.27	0.41	0.41	0	0	0.27
9000	0.27	0.42	0.42	0	0	0.27
9100	0.28	0.42	0.42	0	0	0.28
9200	0.28	0.42	0.42	0	0	0.28
9300	0.29	0.43	0.43	0	0	0.29
9400	0.29	0.43	0.43	0	0	0.29
9500	0.29	0.43	0.43	0	0	0.29
9600	0.3	0.42	0.42	0	0	0.3
9700	0.3	0.42	0.42	0	0	0.3
9800	0.3	0.42	0.42	0	0	0.3
9900	0.31	0.43	0.43	0	0	0.31
10000	0.31	0.44	0.44	0	0	0.31
10100	0.31	0.45	0.45	0	0	0.31
10200	0.31	0.45	0.45	0	0	0.31
10300	0.31	0.44	0.44	0	0	0.31
10400	0.31	0.44	0.44	0	0	0.31
10500	0.31	0.44	0.44	0	0	0.31
10600	0.31	0.44	0.44	0	0	0.31
10700	0.3	0.43	0.43	0	0	0.3
10800	0.3	0.43	0.43	0	0	0.3
10900	0.3	0.42	0.42	0	0	0.3
11000	0.3	0.44	0.44	0	0	0.3
11100	0.3	0.43	0.43	0	0	0.3
11200	0.31	0.43	0.43	0	0	0.31
11300	0.31	0.44	0.44	0	0	0.31
11400	0.31	0.43	0.43	0	0	0.31
11500	0.31	0.43	0.43	0	0	0.31
11600	0.32	0.44	0.44	0	0	0.32
11700	0.32	0.43	0.43	0	0	0.32
11800	0.32	0.43	0.43	0	0	0.32
11900	0.32	0.43	0.43	0	0	0.32
12000	0.32	0.42	0.42	0	0	0.32
12100	0.32	0.42	0.42	0	0	0.32
12200	0.32	0.42	0.42	0	0	0.32
12300	0.32	0.42	0.42	0	0	0.32
12400	0.32	0.43	0.43	0	0	0.32
12500	0.32	0.42	0.42	0	0	0.32
12600	0.31	0.42	0.42	0	0	0.31
12700	0.31	0.42	0.42	0	0	0.31
12800	0.31	0.42	0.42	0	0	0.31
12900	0.31	0.41	0.41	0	0	0.31
13000	0.31	0.41	0.41	0	0	0.31
13100	0.31	0.4	0.4	0	0	0.31
13200	0.31	0.4	0.4	0	0	0.31
13300	0.31	0.4	0.4	0	0	0.31
13400	0.31	0.4	0.4	0	0	0.31
13500	0.31	0.4	0.4	0	0	0.31
13600	0.31	0.41	0.41	0	0	0.31
13700	0.31	0.39	0.39	0	0	0.31
13800	0.31	0.39	0.39	0	0	0.31
13900	0.31	0.38	0.38	0	0	0.31
14000	0.31	0.38	0.38	0	0	0.31
14100	0.31	0.4	0.4	0	0	0.31
14200	0.34	0.4	0.4	0	0	0.34
14300	0.34	0.41	0.41	0	0	0.34
14400	0.34	0.4	0.4	0	0	0.34
14500	0.34	0.4	0.4	0	0	0.34
14600	0.34	0.4	0.4	0	0	0.34
14700	0.34	0.4	0.4	0	0	0.34
14800	0.34	0.41	0.41	0	0	0.34
14900	0.34	0.41	0.41	0	0	0.34
15000	0.35	0.41	0.41	0	0	0.35
15100	0.35	0.41	0.41	0	0	0.35
15200	0.36	0.41	0.41	0	0	0.36
15300	0.36	0.41	0.41	0	0	0.36
15400	0.36	0.41	0.41	0	0	0.36
15500	0.35	0.41	0.41	0	0	0.35
15600	0.35	0.41	0.41	0	0	0.35
15700	0.35	0.4	0.4	0	0	0.35
15800	0.35	0.4	0.4	0	0	0.35
15900	0.35	0.4	0.4	0	0	0.35
16000	0.35	0.39	0.39	0	0	0.35
16100	0.35	0.41	0.41	0	0	0.35
16200	0.35	0.4	0.4	0	0	0.35
16300	0.35	0.4	0.4	0	0	0.35
16400	0.35	0.4	0.4	0	0	0.35
16500	0.36	0.41	0.41	0	0	0.36
16600	0.36	0.41	0.41	0	0	0.36
16700	0.36	0.41	0.41	0	0	0.36
16800	0.36	0.41	0.41	0	0	0.36
16900	0.35	0.41	0.41	0	0	0.35
17000	0.35	0.41	0.41	0	0	0.35
17100	0.35	0.41	0.41	0	0	0.35
17200	0.35	0.42	0.42	0	0	0.35
17300	0.35	0.43	0.43	0	0	0.35
17400	0.35	0.42	0.42	0	0	0.35
17500	0.35	0.42	0.42	0	0	0.35
17600	0.35	0.42	0.42	0	0	0.35
17700	0.35	0.42	0.42	0	0	0.35
17800	0.35	0.42	0.42	0	0	0.35
17900	0.35	0.42	0.42	0	0	0.35
18000	0.35	0.42	0.42	0	0	0.35
18100	0.35	0.42	0.42	0	0	0.35
18200	0.35	0.42	0.42	0	0	0.35
18300	0.35	0.41	0.41	0	0	0.35
18400	0.36	0.41	0.41	0	0	0.36
18500	0.36	0.42	0.42	0	0	0.36
18600	0.35	0.42	0.42	0	0	0.35
18700	0.35	0.42	0.42	0	0	0.35
18800	0.35	0.42	0.42	0	0	0.35
18900	0.35	0.42	0.42	0	0	0.35
19000	0.36	0.42	0.42	0	0	0.36
19100	0.36	0.42	0.42	0	0	0.36
19200	0.36	0.43	0.43	0	0	0.36
19300	0.36	0.43	0.43	0	0	0.36
19400	0.36	0.43	0.43	0	0	0.36
19500	0.36	0.43	0.43	0	0	0.36
19600	0.36	0.45	0.45	0	0	0.36
19700	0.36	0.45	0.45	0	0	0.36
19800	0.36	0.46	0.46	0	0	0.36
19900	0.36	0.46	0.46	0	0	0.36
20000	0.36	0.46	0.46	0	0	0.36
20100	0.36	0.46	0.46	0	0	0.36
20200	0.35	0.46	0.46	0	0	0.35
20300	0.35	0.46	0.46	0	0	0.35
20400	0.34	0.46	0.46	0	0	0.34
20500	0.34	0.46	0.46	0	0	0.34
20600	0.34	0.46	0.46	0	0	0.34
20700	0.34	0.46	0.46	0	0	0.34
20800	0.34	0.47	0.47	0	0	0.34
20900	0.34	0.47	0.47	0	0	0.34
21000	0.34	0.49	0.49	0	0	0.34
21100	0.34	0.48	0.48	0	0	0.34
21200	0.34	0.48	0.48	0	0	0.34
21300	0.34	0.48	0.48	0	0	0.34
21400	0.35	0.48	0.48	0	0	0.35
21500	0.34	0.48	0.48	0	0	0.34
21600	0.34	0.48	0.48	0	0	0.34
21700	0.34	0.49	0.49	0	0	0.34
21800	0.34	0.5	0.5	0	0	0.34
21900	0.34	0.49	0.49	0	0	0.34
22000	0.34	0.49	0.49	0	0	0.34
22100	0.34	0.49	0.49	0	0	0.34
22200	0.34	0.49	0.49	0	0	0.34
22300	0.34	0.49	0.49	0	0	0.34
22400	0.34	0.49	0.49	0	0	0.34
22500	0.34	0.5	0.5	0	0	0.34
22600	0.34	0.5	0.5	0	0	0.34
22700	0.34	0.5	0.5	0	0	0.34
22800	0.34	0.5	0.5	0	0	0.34
22900	0.35	0.5	0.5	0	0	0.35
23000	0.34	0.5	0.5	0	0	0.34
23100	0.34	0.5	0.5	0	0	0.34
23200	0.34	0.5	0.5	0	0	0.34
23300	0.34	0.5	0.5	0	0	0.34
23400	0.33	0.5	0.5	0	0	0.33
23500	0.34	0.5	0.5	0	0	0.34
23600	0.34	0.5	0.5	0	0	0.34
23700	0.34	0.5	0.5	0	0	0.34
23800	0.34	0.5	0.5	0	0	0.34
23900	0.34	0.51	0.51	0	0	0.34
24000	0.34	0.51	0.51	0	0	0.34
24100	0.33	0.52	0.52	0	0	0.33
24200	0.33	0.52	0.52	0	0	0.33
24300	0.33	0.52	0.52	0	0	0.33
24400	0.33	0.52	0.52	0	0	0.33
24500	0.33	0.52	0.52	0	0	0.33
24600	0.34	0.52	0.52	0	0	0.34
24700	0.32	0.52	0.52	0	0	0.32
24800	0.32	0.52	0.52	0	0	0.32
24900	0.32	0.53	0.53	0	0	0.32
25000	0.32	0.53	0.53	0	0	0.32
25100	0.32	0.52	0.52	0	0	0.32
25200	0.32	0.52	0.52	0	0	0.32
25300	0.31	0.52	0.52	0	0	0.31
25400	0.31	0.52	0.52	0	0	0.31
25500	0.31	0.52	0.52	0	0	0.31
25600	0.31	0.52	0.52	0	0	0.31
25700	0.31	0.52	0.52	0	0	0.31
25800	0.31	0.51	0.51	0	0	0.31
25900	0.31	0.51	0.51	0	0	0.31
26000	0.31	0.51	0.51	0	0	0.31
26100	0.31	0.51	0.51	0	0	0.31
26200	0.31	0.51	0.51	0	0	0.31
26300	0.31	0.51	0.51	0	0	0.31
26400	0.31	0.51	0.51	0	0	0.31
26500	0.31	0.52	0.52	0	0	0.31
26600	0.31	0.51	0.51	0	0	0.31
26700	0.31	0.51	0.51	0	0	0.31
26800	0.32	0.49	0.49	0	0	0.32
26900	0.32	0.49	0.49	0	0	0.32
27000	0.32	0.49	0.49	0	0	0.32
27100	0.32	0.49	0.49	0	0	0.32
27200	0.32	0.49	0.49	0	0	0.32
27300	0.32	0.5	0.5	0	0	0.32
27400	0.32	0.5	0.5	0	0	0.32
27500	0.32	0.5	0.5	0	0	0.32
27600	0.32	0.5	0.5	0	0	0.32
27700	0.32	0.5	0.5	0	0	0.32
27800	0.32	0.5	0.5	0	0	0.32
27900	0.32	0.5	0.5	0	0	0.32
28000	0.32	0.49	0.49	0	0	0.32
28100	0.32	0.49	0.49	0	0	0.32
28200	0.32	0.49	0.49	0	0	0.32
28300	0.33	0.49	0.49	0	0	0.33
28400	0.33	0.48	0.48	0	0	0.33
28500	0.33	0.48	0.48	0	0	0.33
28600	0.33	0.48	0.48	0	0	0.33
28700	0.33	0.48	0.48	0	0	0.33
28800	0.34	0.48	0.48	0	0	0.34
28900	0.34	0.48	0.48	0	0	0.34
29000	0.34	0.48	0.48	0	0	0.34
29100	0.34	0.48	0.48	0	0	0.34
29200	0.34	0.48	0.48	0	0	0.34
29300	0.34	0.49	0.49	0	0	0.34
29400	0.34	0.49	0.49	0	0	0.34
29500	0.34	0.49	0.49	0	0	0.34
29600	0.34	0.49	0.49	0	0	0.34
29700	0.34	0.49	0.49	0	0	0.34
29800	0.34	0.49	0.49	0	0	0.34
29900	0.34	0.5	0.5	0	0	0.34
30000	0.34	0.51	0.51	0	0	0.34
30100	0.34	0.51	0.51	0	0	0.34
30200	0.34	0.51	0.51	0	0	0.34
30300	0.34	0.51	0.51	0	0	0.34
30400	0.34	0.51	0.51	0	0	0.34
30500	0.34	0.51	0.51	0	0	0.34
30600	0.34	0.51	0.51	0	0	0.34
30700	0.34	0.51	0.51	0	0	0.34
30800	0.34	0.51	0.51	0	0	0.34
30900	0.34	0.51	0.51	0	0	0.34
31000	0.34	0.51	0.51	0	0	0.34
31100	0.35	0.51	0.51	0	0	0.35
31200	0.35	0.52	0.52	0	0	0.35
31300	0.35	0.51	0.51	0	0	0.35
31400	0.35	0.5	0.5	0	0	0.35
31500	0.35	0.5	0.5	0	0	0.35
31600	0.35	0.5	0.5	0	0	0.35
31700	0.35	0.49	0.49	0	0	0.35
31800	0.35	0.48	0.48	0	0	0.35
31900	0.35	0.48	0.48	0	0	0.35
32000	0.35	0.48	0.48	0	0	0.35
32100	0.35	0.48	0.48	0	0	0.35
32200	0.35	0.48	0.48	0	0	0.35
32300	0.35	0.48	0.48	0	0	0.35
32400	0.35	0.47	0.47	0	0	0.35
32500	0.35	0.48	0.48	0	0	0.35
32600	0.35	0.48	0.48	0	0	0.35
32700	0.35	0.48	0.48	0	0	0.35
32800	0.35	0.48	0.48	0	0	0.35
32900	0.35	0.47	0.47	0	0	0.35
33000	0.36	0.47	0.47	0	0	0.36
33100	0.36	0.46	0.46	0	0	0.36
33200	0.36	0.46	0.46	0	0	0.36
33300	0.36	0.46	0.46	0	0	0.36
33400	0.36	0.46	0.46	0	0	0.36
33500	0.36	0.45	0.45	0	0	0.36
33600	0.36	0.45	0.45	0	0	0.36
33700	0.36	0.45	0.45	0	0	0.36
33800	0.36	0.46	0.46	0	0	0.36
33900	0.36	0.46	0.46	0	0	0.36
34000	0.36	0.46	0.46	0	0	0.36
34100	0.36	0.46	0.46	0	0	0.36
34200	0.36	0.47	0.47	0	0	0.36
34300	0.36	0.47	0.47	0	0	0.36
34400	0.36	0.47	0.47	0	0	0.36
34500	0.36	0.47	0.47	0	0	0.36
34600	0.37	0.47	0.47	0	0	0.37
34700	0.36	0.47	0.47	0	0	0.36
34800	0.36	0.48	0.48	0	0	0.36
34900	0.36	0.49	0.49	0	0	0.36
35000	0.36	0.49	0.49	0	0	0.36
35100	0.36	0.49	0.49	0	0	0.36
35200	0.36	0.49	0.49	0	0	0.36
35300	0.36	0.49	0.49	0	0	0.36
35400	0.36	0.49	0.49	0	0	0.36
35500	0.36	0.49	0.49	0	0	0.36
35600	0.36	0.49	0.49	0	0	0.36
35700	0.36	0.49	0.49	0	0	0.36
35800	0.36	0.49	0.49	0	0	0.36
35900	0.36	0.49	0.49	0	0	0.36
36000	0.36	0.49	0.49	0	0	0.36
36100	0.36	0.49	0.49	0	0	0.36
36200	0.35	0.48	0.48	0	0	0.35
36300	0.35	0.48	0.48	0	0	0.35
36400	0.35	0.48	0.48	0	0	0.35
36500	0.34	0.48	0.48	0	0	0.34
36600	0.34	0.48	0.48	0	0	0.34
36700	0.34	0.49	0.49	0	0	0.34
36800	0.34	0.49	0.49	0	0	0.34
36900	0.34	0.5	0.5	0	0	0.34
37000	0.34	0.5	0.5	0	0	0.34
37100	0.34	0.5	0.5	0	0	0.34
37200	0.34	0.5	0.5	0	0	0.34
37300	0.34	0.51	0.51	0	0	0.34
37400	0.34	0.51	0.51	0	0	0.34
37500	0.34	0.51	0.51	0	0	0.34
37600	0.34	0.51	0.51	0	0	0.34
37700	0.34	0.5	0.5	0	0	0.34
37800	0.34	0.5	0.5	0	0	0.34
37900	0.34	0.51	0.51	0	0	0.34
38000	0.34	0.51	0.51	0	0	0.34
38100	0.34	0.52	0.52	0	0	0.34
38200	0.34	0.52	0.52	0	0	0.34
38300	0.34	0.53	0.53	0	0	0.34
38400	0.34	0.53	0.53	0	0	0.34
38500	0.35	0.54	0.54	0	0	0.35
38600	0.35	0.54	0.54	0	0	0.35
38700	0.35	0.54	0.54	0	0	0.35
38800	0.35	0.54	0.54	0	0	0.35
38900	0.35	0.54	0.54	0	0	0.35
39000	0.35	0.54	0.54	0	0	0.35
39100	0.35	0.54	0.54	0	0	0.35
39200	0.35	0.54	0.54	0	0	0.35
39300	0.35	0.54	0.54	0	0	0.35
39400	0.35	0.54	0.54	0	0	0.35
39500	0.36	0.54	0.54	0	0	0.36
39600	0.36	0.55	0.55	0	0	0.36
39700	0.36	0.55	0.55	0	0	0.36
39800	0.36	0.55	0.55	0	0	0.36
39900	0.36	0.55	0.55	0	0	0.36
40000	0.36	0.54	0.54	0	0	0.36
40100	0.35	0.54	0.54	0	0	0.35
40200	0.35	0.54	0.54	0	0	0.35
40300	0.35	0.54	0.54	0	0	0.35
40400	0.35	0.54	0.54	0	0	0.35
40500	0.35	0.54	0.54	0	0	0.35
40600	0.35	0.54	0.54	0	0	0.35
40700	0.35	0.54	0.54	0	0	0.35
40800	0.35	0.54	0.54	0	0	0.35
40900	0.35	0.54	0.54	0	0	0.35
41000	0.35	0.53	0.53	0	0	0.35
41100	0.36	0.53	0.53	0	0	0.36
41200	0.36	0.53	0.53	0	0	0.36
41300	0.36	0.53	0.53	0	0	0.36
41400	0.36	0.53	0.53	0	0	0.36
41500	0.36	0.53	0.53	0	0	0.36
41600	0.37	0.53	0.53	0	0	0.37
41700	0.37	0.53	0.53	0	0	0.37
41800	0.37	0.53	0.53	0	0	0.37
41900	0.37	0.53	0.53	0	0	0.37
42000	0.37	0.53	0.53	0	0	0.37
42100	0.37	0.54	0.54	0	0	0.37
42200	0.38	0.53	0.53	0	0	0.38
42300	0.38	0.53	0.53	0	0	0.38
42400	0.38	0.53	0.53	0	0	0.38
42500	0.38	0.53	0.53	0	0	0.38
42600	0.38	0.53	0.53	0	0	0.38
42700	0.38	0.53	0.53	0	0	0.38
42800	0.38	0.53	0.53	0	0	0.38
42900	0.38	0.53	0.53	0	0	0.38
43000	0.38	0.53	0.53	0	0	0.38
43100	0.38	0.53	0.53	0	0	0.38
43200	0.37	0.53	0.53	0	0	0.37
43300	0.37	0.53	0.53	0	0	0.37
43400	0.37	0.53	0.53	0	0	0.37
43500	0.37	0.53	0.53	0	0	0.37
43600	0.37	0.53	0.53	0	0	0.37
43700	0.37	0.52	0.52	0	0	0.37
43800	0.36	0.52	0.52	0	0	0.36
43900	0.36	0.52	0.52	0	0	0.36
44000	0.36	0.52	0.52	0	0	0.36
44100	0.37	0.52	0.52	0	0	0.37
44200	0.37	0.52	0.52	0	0	0.37
44300	0.37	0.52	0.52	0	0	0.37
44400	0.37	0.52	0.52	0	0	0.37
44500	0.37	0.52	0.52	0	0	0.37
44600	0.37	0.52	0.52	0	0	0.37
44700	0.37	0.52	0.52	0	0	0.37
44800	0.37	0.52	0.52	0	0	0.37
44900	0.37	0.53	0.53	0	0	0.37
45000	0.37	0.54	0.54	0	0	0.37
45100	0.37	0.54	0.54	0	0	0.37
45200	0.37	0.54	0.54	0	0	0.37
45300	0.37	0.54	0.54	0	0	0.37
45400	0.37	0.55	0.55	0	0	0.37
45500	0.37	0.55	0.55	0	0	0.37
45600	0.37	0.55	0.55	0	0	0.37
45700	0.37	0.55	0.55	0	0	0.37
45800	0.37	0.55	0.55	0	0	0.37
45900	0.37	0.54	0.54	0	0	0.37
46000	0.37	0.54	0.54	0	0	0.37
46100	0.37	0.54	0.54	0	0	0.37
46200	0.37	0.54	0.54	0	0	0.37
46300	0.36	0.54	0.54	0	0	0.36
46400	0.36	0.54	0.54	0	0	0.36
46500	0.36	0.53	0.53	0	0	0.36
46600	0.36	0.53	0.53	0	0	0.36
46700	0.35	0.53	0.53	0	0	0.35
46800	0.35	0.53	0.53	0	0	0.35
46900	0.35	0.53	0.53	0	0	0.35
47000	0.35	0.53	0.53	0	0	0.35
47100	0.34	0.53	0.53	0	0	0.34
47200	0.34	0.53	0.53	0	0	0.34
47300	0.34	0.53	0.53	0	0	0.34
47400	0.34	0.53	0.53	0	0	0.34
47500	0.34	0.54	0.54	0	0	0.34
47600	0.34	0.54	0.54	0	0	0.34
47700	0.34	0.54	0.54	0	0	0.34
47800	0.34	0.54	0.54	0	0	0.34
47900	0.34	0.54	0.54	0	0	0.34
48000	0.34	0.54	0.54	0	0	0.34
48100	0.34	0.55	0.55	0	0	0.34
48200	0.34	0.55	0.55	0	0	0.34
48300	0.34	0.55	0.55	0	0	0.34
48400	0.34	0.55	0.55	0	0	0.34
48500	0.34	0.55	0.55	0	0	0.34
48600	0.34	0.55	0.55	0	0	0.34
48700	0.34	0.55	0.55	0	0	0.34
48800	0.34	0.55	0.55	0	0	0.34
48900	0.34	0.55	0.55	0	0	0.34
49000	0.34	0.54	0.54	0	0	0.34
49100	0.34	0.54	0.54	0	0	0.34
49200	0.34	0.54	0.54	0	0	0.34
49300	0.34	0.54	0.54	0	0	0.34
49400	0.34	0.53	0.53	0	0	0.34
49500	0.34	0.54	0.54	0	0	0.34
49600	0.35	0.54	0.54	0	0	0.35
49700	0.35	0.54	0.54	0	0	0.35
49800	0.35	0.54	0.54	0	0	0.35
49900	0.35	0.54	0.54	0	0	0.35
50000	0.36	0.54	0.54	0	0	0.36
50100	0.36	0.54	0.54	0	0	0.36
50200	0.36	0.54	0.54	0	0	0.36
50300	0.36	0.54	0.54	0	0	0.36
50400	0.36	0.54	0.54	0	0	0.36
50500	0.37	0.54	0.54	0	0	0.37
50600	0.36	0.54	0.54	0	0	0.36
50700	0.36	0.54	0.54	0	0	0.36
50800	0.36	0.54	0.54	0	0	0.36
50900	0.36	0.54	0.54	0	0	0.36
51000	0.37	0.54	0.54	0	0	0.37
51100	0.37	0.54	0.54	0	0	0.37
51200	0.37	0.54	0.54	0	0	0.37
51300	0.37	0.54	0.54	0	0	0.37
51400	0.37	0.54	0.54	0	0	0.37
51500	0.37	0.54	0.54	0	0	0.37
51600	0.37	0.54	0.54	0	0	0.37
51700	0.37	0.53	0.53	0	0	0.37
51800	0.37	0.53	0.53	0	0	0.37
51900	0.37	0.53	0.53	0	0	0.37
52000	0.37	0.53	0.53	0	0	0.37
52100	0.37	0.53	0.53	0	0	0.37
52200	0.37	0.53	0.53	0	0	0.37
52300	0.37	0.53	0.53	0	0	0.37
52400	0.37	0.53	0.53	0	0	0.37
52500	0.37	0.53	0.53	0	0	0.37
52600	0.37	0.53	0.53	0	0	0.37
52700	0.37	0.53	0.53	0	0	0.37
52800	0.37	0.53	0.53	0	0	0.37
52900	0.37	0.53	0.53	0	0	0.37
53000	0.37	0.53	0.53	0	0	0.37
53100	0.37	0.53	0.53	0	0	0.37
53200	0.37	0.53	0.53	0	0	0.37
53300	0.37	0.53	0.53	0	0	0.37
53400	0.37	0.53	0.53	0	0	0.37
53500	0.37	0.53	0.53	0	0	0.37
53600	0.37	0.53	0.53	0	0	0.37
53700	0.37	0.53	0.53	0	0	0.37
53800	0.37	0.53	0.53	0	0	0.37
53900	0.37	0.52	0.52	0	0	0.37
54000	0.37	0.52	0.52	0	0	0.37
54100	0.37	0.52	0.52	0	0	0.37
54200	0.36	0.52	0.52	0	0	0.36
54300	0.36	0.52	0.52	0	0	0.36
54400	0.36	0.52	0.52	0	0	0.36
54500	0.36	0.52	0.52	0	0	0.36
54600	0.36	0.52	0.52	0	0	0.36
54700	0.36	0.52	0.52	0	0	0.36
54800	0.37	0.52	0.52	0	0	0.37
54900	0.37	0.52	0.52	0	0	0.37
55000	0.37	0.52	0.52	0	0	0.37
55100	0.37	0.52	0.52	0	0	0.37
55200	0.37	0.51	0.51	0	0	0.37
55300	0.37	0.5	0.5	0	0	0.37
55400	0.37	0.5	0.5	0	0	0.37
55500	0.37	0.5	0.5	0	0	0.37
55600	0.35	0.49	0.49	0	0	0.35
55700	0.35	0.49	0.49	0	0	0.35
55800	0.35	0.49	0.49	0	0	0.35
55900	0.35	0.49	0.49	0	0	0.35
56000	0.35	0.49	0.49	0	0	0.35
56100	0.35	0.49	0.49	0	0	0.35
56200	0.35	0.49	0.49	0	0	0.35
56300	0.35	0.49	0.49	0	0	0.35
56400	0.35	0.49	0.49	0	0	0.35
56500	0.35	0.49	0.49	0	0	0.35
56600	0.35	0.49	0.49	0	0	0.35
56700	0.35	0.49	0.49	0	0	0.35
56800	0.35	0.49	0.49	0	0	0.35
56900	0.35	0.48	0.48	0	0	0.35
57000	0.35	0.47	0.47	0	0	0.35
57100	0.35	0.48	0.48	0	0	0.35
57200	0.35	0.48	0.48	0	0	0.35
57300	0.35	0.48	0.48	0	0	0.35
57400	0.35	0.48	0.48	0	0	0.35
57500	0.35	0.48	0.48	0	0	0.35
57600	0.35	0.48	0.48	0	0	0.35
57700	0.35	0.49	0.49	0	0	0.35
57800	0.35	0.49	0.49	0	0	0.35
57900	0.35	0.48	0.48	0	0	0.35
58000	0.35	0.48	0.48	0	0	0.35
58100	0.35	0.48	0.48	0	0	0.35
58200	0.35	0.47	0.47	0	0	0.35
58300	0.35	0.47	0.47	0	0	0.35
58400	0.35	0.47	0.47	0	0	0.35
58500	0.35	0.47	0.47	0	0	0.35
58600	0.35	0.47	0.47	0	0	0.35
58700	0.35	0.47	0.47	0	0	0.35
58800	0.35	0.47	0.47	0	0	0.35
58900	0.35	0.47	0.47	0	0	0.35
59000	0.35	0.47	0.47	0	0	0.35
59100	0.35	0.47	0.47	0	0	0.35
59200	0.35	0.46	0.46	0	0	0.35
59300	0.34	0.46	0.46	0	0	0.34
59400	0.34	0.46	0.46	0	0	0.34
59500	0.34	0.47	0.47	0	0	0.34
59600	0.34	0.48	0.48	0	0	0.34
59700	0.34	0.48	0.48	0	0	0.34
59800	0.35	0.49	0.49	0	0	0.35
59900	0.35	0.48	0.48	0	0	0.35
60000	0.35	0.48	0.48	0	0	0.35
60100	0.35	0.48	0.48	0	0	0.35
60200	0.35	0.48	0.48	0	0	0.35
60300	0.36	0.48	0.48	0	0	0.36
60400	0.36	0.48	0.48	0	0	0.36
60500	0.36	0.48	0.48	0	0	0.36
60600	0.36	0.48	0.48	0	0	0.36
60700	0.36	0.48	0.48	0	0	0.36
60800	0.36	0.48	0.48	0	0	0.36
60900	0.36	0.48	0.48	0	0	0.36
61000	0.36	0.48	0.48	0	0	0.36
61100	0.36	0.48	0.48	0	0	0.36
61200	0.36	0.48	0.48	0	0	0.36
61300	0.36	0.48	0.48	0	0	0.36
61400	0.36	0.48	0.48	0	0	0.36
61500	0.36	0.48	0.48	0	0	0.36
61600	0.36	0.49	0.49	0	0	0.36
61700	0.36	0.48	0.48	0	0	0.36
61800	0.37	0.48	0.48	0	0	0.37
61900	0.37	0.48	0.48	0	0	0.37
62000	0.37	0.48	0.48	0	0	0.37
62100	0.37	0.48	0.48	0	0	0.37
62200	0.37	0.48	0.48	0	0	0.37
62300	0.37	0.48	0.48	0	0	0.37
62400	0.38	0.48	0.48	0	0	0.38
62500	0.38	0.48	0.48	0	0	0.38
62600	0.39	0.48	0.48	0	0	0.39
62700	0.38	0.48	0.48	0	0	0.38
62800	0.37	0.48	0.48	0	0	0.37
62900	0.37	0.49	0.49	0	0	0.37
63000	0.37	0.49	0.49	0	0	0.37
63100	0.37	0.49	0.49	0	0	0.37
63200	0.37	0.48	0.48	0	0	0.37
63300	0.37	0.48	0.48	0	0	0.37
63400	0.37	0.48	0.48	0	0	0.37
63500	0.37	0.48	0.48	0	0	0.37
63600	0.37	0.48	0.48	0	0	0.37
63700	0.37	0.48	0.48	0	0	0.37
63800	0.37	0.48	0.48	0	0	0.37
63900	0.37	0.48	0.48	0	0	0.37
64000	0.37	0.48	0.48	0	0	0.37
64100	0.37	0.48	0.48	0	0	0.37
64200	0.37	0.48	0.48	0	0	0.37
64300	0.37	0.49	0.49	0	0	0.37
64400	0.38	0.49	0.49	0	0	0.38
64500	0.38	0.49	0.49	0	0	0.38
64600	0.38	0.49	0.49	0	0	0.38
64700	0.38	0.49	0.49	0	0	0.38
64800	0.38	0.49	0.49	0	0	0.38
64900	0.39	0.49	0.49	0	0	0.39
65000	0.39	0.49	0.49	0	0	0.39
65100	0.39	0.49	0.49	0	0	0.39
65200	0.39	0.49	0.49	0	0	0.39
65300	0.39	0.49	0.49	0	0	0.39
65400	0.39	0.49	0.49	0	0	0.39
65500	0.39	0.5	0.5	0	0	0.39
65600	0.39	0.5	0.5	0	0	0.39
65700	0.4	0.5	0.5	0	0	0.4
65800	0.39	0.5	0.5	0	0	0.39
65900	0.39	0.49	0.49	0	0	0.39
66000	0.39	0.49	0.49	0	0	0.39
66100	0.39	0.49	0.49	0	0	0.39
66200	0.39	0.49	0.49	0	0	0.39
66300	0.39	0.49	0.49	0	0	0.39
66400	0.39	0.49	0.49	0	0	0.39
66500	0.39	0.49	0.49	0	0	0.39
66600	0.39	0.49	0.49	0	0	0.39
66700	0.39	0.49	0.49	0	0	0.39
66800	0.39	0.49	0.49	0	0	0.39
66900	0.39	0.5	0.5	0	0	0.39
67000	0.39	0.51	0.51	0	0	0.39
67100	0.39	0.51	0.51	0	0	0.39
67200	0.39	0.51	0.51	0	0	0.39
67300	0.39	0.51	0.51	0	0	0.39
67400	0.39	0.51	0.51	0	0	0.39
67500	0.39	0.51	0.51	0	0	0.39
67600	0.39	0.51	0.51	0	0	0.39
67700	0.39	0.51	0.51	0	0	0.39
67800	0.39	0.51	0.51	0	0	0.39
67900	0.39	0.51	0.51	0	0	0.39
68000	0.39	0.51	0.51	0	0	0.39
68100	0.39	0.51	0.51	0	0	0.39
68200	0.39	0.51	0.51	0	0	0.39
68300	0.4	0.51	0.51	0	0	0.4
68400	0.4	0.5	0.5	0	0	0.4
68500	0.4	0.5	0.5	0	0	0.4
68600	0.4	0.5	0.5	0	0	0.4
68700	0.4	0.5	0.5	0	0	0.4
68800	0.4	0.5	0.5	0	0	0.4
68900	0.4	0.49	0.49	0	0	0.4
69000	0.4	0.49	0.49	0	0	0.4
69100	0.4	0.49	0.49	0	0	0.4
69200	0.4	0.49	0.49	0	0	0.4
69300	0.4	0.49	0.49	0	0	0.4
69400	0.4	0.49	0.49	0	0	0.4
69500	0.4	0.49	0.49	0	0	0.4
69600	0.4	0.49	0.49	0	0	0.4
69700	0.4	0.49	0.49	0	0	0.4
69800	0.4	0.49	0.49	0	0	0.4
69900	0.4	0.49	0.49	0	0	0.4
70000	0.4	0.49	0.49	0	0	0.4
70100	0.4	0.49	0.49	0	0	0.4
70200	0.4	0.49	0.49	0	0	0.4
70300	0.41	0.49	0.49	0	0	0.41
70400	0.41	0.49	0.49	0	0	0.41
70500	0.41	0.49	0.49	0	0	0.41
70600	0.41	0.49	0.49	0	0	0.41
70700	0.41	0.49	0.49	0	0	0.41
70800	0.41	0.49	0.49	0	0	0.41
70900	0.41	0.49	0.49	0	0	0.41
71000	0.41	0.49	0.49	0	0	0.41
71100	0.4	0.49	0.49	0	0	0.4
71200	0.4	0.49	0.49	0	0	0.4
71300	0.4	0.49	0.49	0	0	0.4
71400	0.4	0.49	0.49	0	0	0.4
71500	0.4	0.49	0.49	0	0	0.4
71600	0.4	0.49	0.49	0	0	0.4
71700	0.4	0.48	0.48	0	0	0.4
71800	0.4	0.48	0.48	0	0	0.4
71900	0.4	0.48	0.48	0	0	0.4
72000	0.4	0.46	0.46	0	0	0.4
72100	0.4	0.46	0.46	0	0	0.4
72200	0.4	0.46	0.46	0	0	0.4
72300	0.39	0.46	0.46	0	0	0.39
72400	0.39	0.46	0.46	0	0	0.39
72500	0.38	0.46	0.46	0	0	0.38
72600	0.38	0.46	0.46	0	0	0.38
72700	0.38	0.47	0.47	0	0	0.38
72800	0.38	0.46	0.46	0	0	0.38
72900	0.38	0.47	0.47	0	0	0.38
73000	0.38	0.47	0.47	0	0	0.38
73100	0.38	0.48	0.48	0	0	0.38
73200	0.38	0.48	0.48	0	0	0.38
73300	0.38	0.48	0.48	0	0	0.38
73400	0.38	0.48	0.48	0	0	0.38
73500	0.38	0.48	0.48	0	0	0.38
73600	0.38	0.48	0.48	0	0	0.38
73700	0.38	0.48	0.48	0	0	0.38
73800	0.38	0.48	0.48	0	0	0.38
73900	0.38	0.48	0.48	0	0	0.38
74000	0.38	0.48	0.48	0	0	0.38
74100	0.38	0.48	0.48	0	0	0.38
74200	0.38	0.48	0.48	0	0	0.38
74300	0.38	0.48	0.48	0	0	0.38
74400	0.38	0.48	0.48	0	0	0.38
74500	0.38	0.48	0.48	0	0	0.38
74600	0.39	0.48	0.48	0	0	0.39
74700	0.39	0.48	0.48	0	0	0.39
74800	0.4	0.48	0.48	0	0	0.4
74900	0.4	0.48	0.48	0	0	0.4
75000	0.4	0.48	0.48	0	0	0.4
75100	0.4	0.48	0.48	0	0	0.4
75200	0.4	0.48	0.48	0	0	0.4
75300	0.4	0.48	0.48	0	0	0.4
75400	0.4	0.48	0.48	0	0	0.4
75500	0.4	0.48	0.48	0	0	0.4
75600	0.4	0.48	0.48	0	0	0.4
75700	0.4	0.48	0.48	0	0	0.4
75800	0.4	0.48	0.48	0	0	0.4
75900	0.4	0.48	0.48	0	0	0.4
76000	0.41	0.48	0.48	0	0	0.41
76100	0.41	0.49	0.49	0	0	0.41
76200	0.41	0.5	0.5	0	0	0.41
76300	0.42	0.49	0.49	0	0	0.42
76400	0.42	0.49	0.49	0	0	0.42
76500	0.42	0.49	0.49	0	0	0.42
76600	0.42	0.49	0.49	0	0	0.42
76700	0.42	0.49	0.49	0	0	0.42
76800	0.42	0.49	0.49	0	0	0.42
76900	0.42	0.49	0.49	0	0	0.42
77000	0.42	0.49	0.49	0	0	0.42
77100	0.42	0.49	0.49	0	0	0.42
77200	0.42	0.49	0.49	0	0	0.42
77300	0.41	0.49	0.49	0	0	0.41
77400	0.41	0.49	0.49	0	0	0.41
77500	0.41	0.49	0.49	0	0	0.41
77600	0.41	0.49	0.49	0	0	0.41
77700	0.41	0.49	0.49	0	0	0.41
77800	0.41	0.49	0.49	0	0	0.41
77900	0.41	0.49	0.49	0	0	0.41
78000	0.41	0.49	0.49	0	0	0.41
78100	0.41	0.49	0.49	0	0	0.41
78200	0.41	0.49	0.49	0	0	0.41
78300	0.41	0.49	0.49	0	0	0.41
78400	0.41	0.49	0.49	0	0	0.41
78500	0.41	0.49	0.49	0	0	0.41
78600	0.41	0.49	0.49	0	0	0.41
78700	0.41	0.49	0.49	0	0	0.41
78800	0.41	0.5	0.5	0	0	0.41
78900	0.41	0.5	0.5	0	0	0.41
79000	0.41	0.5	0.5	0	0	0.41
79100	0.4	0.5	0.5	0	0	0.4
79200	0.4	0.5	0.5	0	0	0.4
79300	0.4	0.5	0.5	0	0	0.4
79400	0.4	0.51	0.51	0	0	0.4
79500	0.4	0.51	0.51	0	0	0.4
79600	0.4	0.51	0.51	0	0	0.4
79700	0.41	0.51	0.51	0	0	0.41
79800	0.41	0.51	0.51	0	0	0.41
79900	0.41	0.51	0.51	0	0	0.41
80000	0.41	0.51	0.51	0	0	0.41
80100	0.41	0.51	0.51	0	0	0.41
80200	0.41	0.51	0.51	0	0	0.41
80300	0.41	0.52	0.52	0	0	0.41
80400	0.41	0.52	0.52	0	0	0.41
80500	0.41	0.52	0.52	0	0	0.41
80600	0.41	0.52	0.52	0	0	0.41
80700	0.41	0.52	0.52	0	0	0.41
80800	0.41	0.51	0.51	0	0	0.41
80900	0.41	0.51	0.51	0	0	0.41
81000	0.42	0.5	0.5	0	0	0.42
81100	0.41	0.5	0.5	0	0	0.41
81200	0.4	0.5	0.5	0	0	0.4
81300	0.4	0.5	0.5	0	0	0.4
81400	0.4	0.5	0.5	0	0	0.4
81500	0.4	0.5	0.5	0	0	0.4
81600	0.4	0.5	0.5	0	0	0.4
81700	0.4	0.5	0.5	0	0	0.4
81800	0.4	0.5	0.5	0	0	0.4
81900	0.4	0.5	0.5	0	0	0.4
82000	0.4	0.5	0.5	0	0	0.4
82100	0.4	0.5	0.5	0	0	0.4
82200	0.4	0.5	0.5	0	0	0.4
82300	0.4	0.5	0.5	0	0	0.4
82400	0.4	0.5	0.5	0	0	0.4
82500	0.4	0.5	0.5	0	0	0.4
82600	0.4	0.5	0.5	0	0	0.4
82700	0.38	0.51	0.51	0	0	0.38
82800	0.39	0.5	0.5	0	0	0.39
82900	0.39	0.5	0.5	0	0	0.39
83000	0.39	0.5	0.5	0	0	0.39
83100	0.39	0.5	0.5	0	0	0.39
83200	0.39	0.5	0.5	0	0	0.39
83300	0.39	0.5	0.5	0	0	0.39
83400	0.39	0.5	0.5	0	0	0.39
83500	0.39	0.5	0.5	0	0	0.39
83600	0.39	0.5	0.5	0	0	0.39
83700	0.39	0.5	0.5	0	0	0.39
83800	0.39	0.5	0.5	0	0	0.39
83900	0.39	0.5	0.5	0	0	0.39
84000	0.39	0.5	0.5	0	0	0.39
84100	0.39	0.5	0.5	0	0	0.39
84200	0.39	0.5	0.5	0	0	0.39
84300	0.39	0.51	0.51	0	0	0.39
84400	0.39	0.49	0.49	0	0	0.39
84500	0.39	0.49	0.49	0	0	0.39
84600	0.39	0.49	0.49	0	0	0.39
84700	0.39	0.49	0.49	0	0	0.39
84800	0.39	0.49	0.49	0	0	0.39
84900	0.4	0.49	0.49	0	0	0.4
85000	0.4	0.49	0.49	0	0	0.4
85100	0.41	0.49	0.49	0	0	0.41
85200	0.41	0.49	0.49	0	0	0.41
85300	0.41	0.49	0.49	0	0	0.41
85400	0.41	0.49	0.49	0	0	0.41
85500	0.41	0.49	0.49	0	0	0.41
85600	0.41	0.49	0.49	0	0	0.41
85700	0.41	0.49	0.49	0	0	0.41
85800	0.41	0.49	0.49	0	0	0.41
85900	0.41	0.49	0.49	0	0	0.41
86000	0.41	0.49	0.49	0	0	0.41
86100	0.41	0.49	0.49	0	0	0.41
86200	0.41	0.49	0.49	0	0	0.41
86300	0.41	0.49	0.49	0	0	0.41
86400	0.41	0.49	0.49	0	0	0.41
86500	0.41	0.49	0.49	0	0	0.41
86600	0.41	0.49	0.49	0	0	0.41
86700	0.41	0.49	0.49	0	0	0.41
86800	0.41	0.49	0.49	0	0	0.41
86900	0.4	0.49	0.49	0	0	0.4
87000	0.4	0.49	0.49	0	0	0.4
87100	0.4	0.5	0.5	0	0	0.4
87200	0.4	0.49	0.49	0	0	0.4
87300	0.4	0.49	0.49	0	0	0.4
87400	0.41	0.49	0.49	0	0	0.41
87500	0.41	0.49	0.49	0	0	0.41
87600	0.41	0.5	0.5	0	0	0.41
87700	0.41	0.5	0.5	0	0	0.41
87800	0.41	0.5	0.5	0	0	0.41
87900	0.41	0.5	0.5	0	0	0.41
88000	0.41	0.5	0.5	0	0	0.41
88100	0.41	0.5	0.5	0	0	0.41
88200	0.41	0.5	0.5	0	0	0.41
88300	0.41	0.5	0.5	0	0	0.41
88400	0.41	0.5	0.5	0	0	0.41
88500	0.41	0.5	0.5	0	0	0.41
88600	0.41	0.5	0.5	0	0	0.41
88700	0.41	0.5	0.5	0	0	0.41
88800	0.41	0.5	0.5	0	0	0.41
88900	0.41	0.5	0.5	0	0	0.41
89000	0.41	0.5	0.5	0	0	0.41
89100	0.41	0.5	0.5	0	0	0.41
89200	0.41	0.5	0.5	0	0	0.41
89300	0.41	0.5	0.5	0	0	0.41
89400	0.41	0.5	0.5	0	0	0.41
89500	0.41	0.5	0.5	0	0	0.41
89600	0.41	0.5	0.5	0	0	0.41
89700	0.41	0.5	0.5	0	0	0.41
89800	0.41	0.5	0.5	0	0	0.41
89900	0.41	0.5	0.5	0	0	0.41
90000	0.41	0.5	0.5	0	0	0.41
90100	0.41	0.5	0.5	0	0	0.41
90200	0.41	0.5	0.5	0	0	0.41
90300	0.41	0.5	0.5	0	0	0.41
90400	0.41	0.5	0.5	0	0	0.41
90500	0.41	0.5	0.5	0	0	0.41
90600	0.41	0.5	0.5	0	0	0.41
90700	0.42	0.5	0.5	0	0	0.42
90800	0.42	0.5	0.5	0	0	0.42
90900	0.42	0.5	0.5	0	0	0.42
91000	0.42	0.5	0.5	0	0	0.42
91100	0.42	0.5	0.5	0	0	0.42
91200	0.42	0.5	0.5	0	0	0.42
91300	0.42	0.5	0.5	0	0	0.42
91400	0.42	0.49	0.49	0	0	0.42
91500	0.42	0.49	0.49	0	0	0.42
91600	0.41	0.49	0.49	0	0	0.41
91700	0.41	0.49	0.49	0	0	0.41
91800	0.41	0.49	0.49	0	0	0.41
91900	0.41	0.49	0.49	0	0	0.41
92000	0.41	0.49	0.49	0	0	0.41
92100	0.41	0.49	0.49	0	0	0.41
92200	0.4	0.49	0.49	0	0	0.4
92300	0.4	0.5	0.5	0	0	0.4
92400	0.4	0.5	0.5	0	0	0.4
92500	0.39	0.51	0.51	0	0	0.39
92600	0.39	0.51	0.51	0	0	0.39
92700	0.39	0.51	0.51	0	0	0.39
92800	0.39	0.5	0.5	0	0	0.39
92900	0.39	0.5	0.5	0	0	0.39
93000	0.39	0.5	0.5	0	0	0.39
93100	0.39	0.5	0.5	0	0	0.39
93200	0.39	0.5	0.5	0	0	0.39
93300	0.39	0.5	0.5	0	0	0.39
93400	0.39	0.5	0.5	0	0	0.39
93500	0.39	0.5	0.5	0	0	0.39
93600	0.39	0.5	0.5	0	0	0.39
93700	0.39	0.5	0.5	0	0	0.39
93800	0.39	0.5	0.5	0	0	0.39
93900	0.39	0.5	0.5	0	0	0.39
94000	0.39	0.5	0.5	0	0	0.39
94100	0.39	0.5	0.5	0	0	0.39
94200	0.38	0.51	0.51	0	0	0.38
94300	0.38	0.51	0.51	0	0	0.38
94400	0.38	0.51	0.51	0	0	0.38
94500	0.38	0.51	0.51	0	0	0.38
94600	0.38	0.51	0.51	0	0	0.38
94700	0.38	0.51	0.51	0	0	0.38
94800	0.38	0.5	0.5	0	0	0.38
94900	0.38	0.49	0.49	0	0	0.38
95000	0.38	0.49	0.49	0	0	0.38
95100	0.38	0.5	0.5	0	0	0.38
95200	0.38	0.5	0.5	0	0	0.38
95300	0.38	0.5	0.5	0	0	0.38
95400	0.37	0.5	0.5	0	0	0.37
95500	0.36	0.5	0.5	0	0	0.36
95600	0.36	0.5	0.5	0	0	0.36
95700	0.36	0.5	0.5	0	0	0.36
95800	0.36	0.5	0.5	0	0	0.36
95900	0.36	0.5	0.5	0	0	0.36
96000	0.36	0.5	0.5	0	0	0.36
96100	0.36	0.5	0.5	0	0	0.36
96200	0.36	0.5	0.5	0	0	0.36
96300	0.36	0.5	0.5	0	0	0.36
96400	0.37	0.5	0.5	0	0	0.37
96500	0.37	0.5	0.5	0	0	0.37
96600	0.37	0.5	0.5	0	0	0.37
96700	0.37	0.5	0.5	0	0	0.37
96800	0.37	0.5	0.5	0	0	0.37
96900	0.37	0.5	0.5	0	0	0.37
97000	0.37	0.5	0.5	0	0	0.37
97100	0.37	0.5	0.5	0	0	0.37
97200	0.37	0.5	0.5	0	0	0.37
97300	0.37	0.5	0.5	0	0	0.37
97400	0.37	0.51	0.51	0	0	0.37
97500	0.37	0.5	0.5	0	0	0.37
97600	0.38	0.5	0.5	0	0	0.38
97700	0.38	0.5	0.5	0	0	0.38
97800	0.37	0.5	0.5	0	0	0.37
97900	0.37	0.5	0.5	0	0	0.37
98000	0.37	0.5	0.5	0	0	0.37
98100	0.37	0.5	0.5	0	0	0.37
98200	0.37	0.5	0.5	0	0	0.37
98300	0.37	0.5	0.5	0	0	0.37
98400	0.37	0.5	0.5	0	0	0.37
98500	0.38	0.5	0.5	0	0	0.38
98600	0.38	0.5	0.5	0	0	0.38
98700	0.38	0.5	0.5	0	0	0.38
98800	0.38	0.5	0.5	0	0	0.38
98900	0.38	0.5	0.5	0	0	0.38
99000	0.38	0.5	0.5	0	0	0.38
99100	0.37	0.5	0.5	0	0	0.37
99200	0.37	0.5	0.5	0	0	0.37
99300	0.37	0.49	0.49	0	0	0.37
99400	0.37	0.49	0.49	0	0	0.37
99500	0.37	0.49	0.49	0	0	0.37
99600	0.37	0.49	0.49	0	0	0.37
99700	0.37	0.48	0.48	0	0	0.37
99800	0.38	0.48	0.48	0	0	0.38
99900	0.38	0.48	0.48	0	0	0.38
100000	0.38	0.48	0.48	0	0	0.38
