100	0.09	0.08	0.08	0	0	0.09
200	0.09	0.1	0.1	0	0	0.09
300	0.09	0.12	0.12	0	0	0.09
400	0.1	0.13	0.13	0	0	0.1
500	0.1	0.15	0.15	0	0	0.1
600	0.1	0.16	0.16	0	0	0.1
700	0.11	0.18	0.18	0	0	0.11
800	0.11	0.18	0.18	0	0	0.11
900	0.11	0.18	0.18	0	0	0.11
1000	0.13	0.18	0.18	0	0	0.13
1100	0.13	0.18	0.18	0	0	0.13
1200	0.15	0.21	0.21	0	0	0.15
1300	0.17	0.24	0.24	0	0	0.17
1400	0.17	0.25	0.25	0	0	0.17
1500	0.18	0.27	0.27	0	0	0.18
1600	0.18	0.26	0.26	0	0	0.18
1700	0.18	0.25	0.25	0	0	0.18
1800	0.18	0.25	0.25	0	0	0.18
1900	0.19	0.25	0.25	0	0	0.19
2000	0.19	0.26	0.26	0	0	0.19
2100	0.19	0.27	0.27	0	0	0.19
2200	0.2	0.27	0.27	0	0	0.2
2300	0.21	0.25	0.25	0	0	0.21
2400	0.21	0.27	0.27	0	0	0.21
2500	0.2	0.27	0.27	0	0	0.2
2600	0.22	0.28	0.28	0	0	0.22
2700	0.21	0.29	0.29	0	0	0.21
2800	0.21	0.31	0.31	0	0	0.21
2900	0.22	0.31	0.31	0	0	0.22
3000	0.22	0.31	0.31	0	0	0.22
3100	0.22	0.34	0.34	0	0	0.22
3200	0.22	0.33	0.33	0	0	0.22
3300	0.22	0.32	0.32	0	0	0.22
3400	0.22	0.31	0.31	0	0	0.22
3500	0.23	0.32	0.32	0	0	0.23
3600	0.25	0.32	0.32	0	0	0.25
3700	0.25	0.33	0.33	0	0	0.25
3800	0.25	0.33	0.33	0	0	0.25
3900	0.27	0.33	0.33	0	0	0.27
4000	0.27	0.32	0.32	0	0	0.27
4100	0.27	0.32	0.32	0	0	0.27
4200	0.27	0.33	0.33	0	0	0.27
4300	0.27	0.33	0.33	0	0	0.27
4400	0.27	0.33	0.33	0	0	0.27
4500	0.27	0.32	0.32	0	0	0.27
4600	0.27	0.34	0.34	0	0	0.27
4700	0.27	0.35	0.35	0	0	0.27
4800	0.27	0.35	0.35	0	0	0.27
4900	0.28	0.35	0.35	0	0	0.28
5000	0.29	0.32	0.32	0	0	0.29
5100	0.28	0.32	0.32	0	0	0.28
5200	0.29	0.32	0.32	0	0	0.29
5300	0.29	0.32	0.32	0	0	0.29
5400	0.29	0.33	0.33	0	0	0.29
5500	0.29	0.34	0.34	0	0	0.29
5600	0.3	0.34	0.34	0	0	0.3
5700	0.3	0.35	0.35	0	0	0.3
5800	0.3	0.36	0.36	0	0	0.3
5900	0.3	0.36	0.36	0	0	0.3
6000	0.3	0.37	0.37	0	0	0.3
6100	0.3	0.37	0.37	0	0	0.3
6200	0.3	0.37	0.37	0	0	0.3
6300	0.3	0.38	0.38	0	0	0.3
6400	0.3	0.39	0.39	0	0	0.3
6500	0.31	0.39	0.39	0	0	0.31
6600	0.31	0.4	0.4	0	0	0.31
6700	0.31	0.4	0.4	0	0	0.31
6800	0.31	0.41	0.41	0	0	0.31
6900	0.31	0.41	0.41	0	0	0.31
7000	0.3	0.42	0.42	0	0	0.3
7100	0.3	0.43	0.43	0	0	0.3
7200	0.3	0.43	0.43	0	0	0.3
7300	0.3	0.43	0.43	0	0	0.3
7400	0.3	0.43	0.43	0	0	0.3
7500	0.3	0.43	0.43	0	0	0.3
7600	0.3	0.45	0.45	0	0	0.3
7700	0.31	0.45	0.45	0	0	0.31
7800	0.31	0.45	0.45	0	0	0.31
7900	0.31	0.45	0.45	0	0	0.31
8000	0.31	0.45	0.45	0	0	0.31
8100	0.31	0.45	0.45	0	0	0.31
8200	0.31	0.45	0.45	0	0	0.31
8300	0.31	0.45	0.45	0	0	0.31
8400	0.31	0.46	0.46	0	0	0.31
8500	0.31	0.44	0.44	0	0	0.31
8600	0.31	0.44	0.44	0	0	0.31
8700	0.31	0.44	0.44	0	0	0.31
8800	0.31	0.43	0.43	0	0	0.31
8900	0.31	0.44	0.44	0	0	0.31
9000	0.31	0.44	0.44	0	0	0.31
9100	0.31	0.44	0.44	0	0	0.31
9200	0.31	0.44	0.44	0	0	0.31
9300	0.31	0.43	0.43	0	0	0.31
9400	0.31	0.44	0.44	0	0	0.31
9500	0.31	0.42	0.42	0	0	0.31
9600	0.32	0.41	0.41	0	0	0.32
9700	0.31	0.4	0.4	0	0	0.31
9800	0.31	0.4	0.4	0	0	0.31
9900	0.31	0.4	0.4	0	0	0.31
10000	0.3	0.4	0.4	0	0	0.3
10100	0.3	0.4	0.4	0	0	0.3
10200	0.3	0.39	0.39	0	0	0.3
10300	0.31	0.39	0.39	0	0	0.31
10400	0.31	0.38	0.38	0	0	0.31
10500	0.31	0.39	0.39	0	0	0.31
10600	0.3	0.38	0.38	0	0	0.3
10700	0.3	0.41	0.41	0	0	0.3
10800	0.3	0.42	0.42	0	0	0.3
10900	0.3	0.41	0.41	0	0	0.3
11000	0.3	0.4	0.4	0	0	0.3
11100	0.3	0.4	0.4	0	0	0.3
11200	0.31	0.4	0.4	0	0	0.31
11300	0.31	0.43	0.43	0	0	0.31
11400	0.31	0.44	0.44	0	0	0.31
11500	0.31	0.44	0.44	0	0	0.31
11600	0.33	0.43	0.43	0	0	0.33
11700	0.33	0.43	0.43	0	0	0.33
11800	0.33	0.43	0.43	0	0	0.33
11900	0.33	0.43	0.43	0	0	0.33
12000	0.33	0.44	0.44	0	0	0.33
12100	0.34	0.44	0.44	0	0	0.34
12200	0.34	0.44	0.44	0	0	0.34
12300	0.34	0.44	0.44	0	0	0.34
12400	0.34	0.43	0.43	0	0	0.34
12500	0.34	0.43	0.43	0	0	0.34
12600	0.35	0.43	0.43	0	0	0.35
12700	0.34	0.43	0.43	0	0	0.34
12800	0.34	0.43	0.43	0	0	0.34
12900	0.34	0.42	0.42	0	0	0.34
13000	0.34	0.42	0.42	0	0	0.34
13100	0.35	0.42	0.42	0	0	0.35
13200	0.35	0.42	0.42	0	0	0.35
13300	0.35	0.42	0.42	0	0	0.35
13400	0.35	0.43	0.43	0	0	0.35
13500	0.35	0.43	0.43	0	0	0.35
13600	0.34	0.43	0.43	0	0	0.34
13700	0.34	0.43	0.43	0	0	0.34
13800	0.34	0.44	0.44	0	0	0.34
13900	0.34	0.43	0.43	0	0	0.34
14000	0.33	0.43	0.43	0	0	0.33
14100	0.34	0.43	0.43	0	0	0.34
14200	0.34	0.42	0.42	0	0	0.34
14300	0.34	0.43	0.43	0	0	0.34
14400	0.33	0.43	0.43	0	0	0.33
14500	0.33	0.43	0.43	0	0	0.33
14600	0.33	0.43	0.43	0	0	0.33
14700	0.33	0.43	0.43	0	0	0.33
14800	0.33	0.43	0.43	0	0	0.33
14900	0.33	0.43	0.43	0	0	0.33
15000	0.33	0.44	0.44	0	0	0.33
15100	0.33	0.44	0.44	0	0	0.33
15200	0.34	0.46	0.46	0	0	0.34
15300	0.34	0.46	0.46	0	0	0.34
15400	0.35	0.46	0.46	0	0	0.35
15500	0.35	0.46	0.46	0	0	0.35
15600	0.36	0.46	0.46	0	0	0.36
15700	0.36	0.46	0.46	0	0	0.36
15800	0.35	0.46	0.46	0	0	0.35
15900	0.35	0.45	0.45	0	0	0.35
16000	0.34	0.45	0.45	0	0	0.34
16100	0.34	0.45	0.45	0	0	0.34
16200	0.34	0.45	0.45	0	0	0.34
16300	0.34	0.45	0.45	0	0	0.34
16400	0.34	0.45	0.45	0	0	0.34
16500	0.34	0.45	0.45	0	0	0.34
16600	0.33	0.46	0.46	0	0	0.33
16700	0.33	0.46	0.46	0	0	0.33
16800	0.33	0.46	0.46	0	0	0.33
16900	0.33	0.47	0.47	0	0	0.33
17000	0.33	0.47	0.47	0	0	0.33
17100	0.32	0.48	0.48	0	0	0.32
17200	0.32	0.49	0.49	0	0	0.32
17300	0.32	0.47	0.47	0	0	0.32
17400	0.32	0.47	0.47	0	0	0.32
17500	0.32	0.47	0.47	0	0	0.32
17600	0.32	0.46	0.46	0	0	0.32
17700	0.32	0.46	0.46	0	0	0.32
17800	0.32	0.46	0.46	0	0	0.32
17900	0.31	0.46	0.46	0	0	0.31
18000	0.31	0.46	0.46	0	0	0.31
18100	0.32	0.46	0.46	0	0	0.32
18200	0.32	0.47	0.47	0	0	0.32
18300	0.32	0.47	0.47	0	0	0.32
18400	0.33	0.46	0.46	0	0	0.33
18500	0.33	0.46	0.46	0	0	0.33
18600	0.33	0.46	0.46	0	0	0.33
18700	0.33	0.46	0.46	0	0	0.33
18800	0.33	0.46	0.46	0	0	0.33
18900	0.33	0.46	0.46	0	0	0.33
19000	0.33	0.46	0.46	0	0	0.33
19100	0.33	0.46	0.46	0	0	0.33
19200	0.33	0.46	0.46	0	0	0.33
19300	0.33	0.46	0.46	0	0	0.33
19400	0.33	0.47	0.47	0	0	0.33
19500	0.33	0.47	0.47	0	0	0.33
19600	0.33	0.47	0.47	0	0	0.33
19700	0.33	0.48	0.48	0	0	0.33
19800	0.33	0.48	0.48	0	0	0.33
19900	0.33	0.48	0.48	0	0	0.33
20000	0.33	0.47	0.47	0	0	0.33
20100	0.33	0.48	0.48	0	0	0.33
20200	0.33	0.48	0.48	0	0	0.33
20300	0.33	0.48	0.48	0	0	0.33
20400	0.33	0.49	0.49	0	0	0.33
20500	0.32	0.48	0.48	0	0	0.32
20600	0.32	0.48	0.48	0	0	0.32
20700	0.31	0.48	0.48	0	0	0.31
20800	0.31	0.48	0.48	0	0	0.31
20900	0.31	0.48	0.48	0	0	0.31
21000	0.3	0.48	0.48	0	0	0.3
21100	0.3	0.48	0.48	0	0	0.3
21200	0.32	0.49	0.49	0	0	0.32
21300	0.32	0.49	0.49	0	0	0.32
21400	0.32	0.49	0.49	0	0	0.32
21500	0.32	0.5	0.5	0	0	0.32
21600	0.31	0.5	0.5	0	0	0.31
21700	0.31	0.5	0.5	0	0	0.31
21800	0.31	0.5	0.5	0	0	0.31
21900	0.31	0.5	0.5	0	0	0.31
22000	0.3	0.5	0.5	0	0	0.3
22100	0.3	0.5	0.5	0	0	0.3
22200	0.31	0.49	0.49	0	0	0.31
22300	0.31	0.49	0.49	0	0	0.31
22400	0.31	0.49	0.49	0	0	0.31
22500	0.31	0.49	0.49	0	0	0.31
22600	0.31	0.49	0.49	0	0	0.31
22700	0.31	0.49	0.49	0	0	0.31
22800	0.31	0.49	0.49	0	0	0.31
22900	0.32	0.49	0.49	0	0	0.32
23000	0.31	0.49	0.49	0	0	0.31
23100	0.31	0.49	0.49	0	0	0.31
23200	0.31	0.49	0.49	0	0	0.31
23300	0.31	0.49	0.49	0	0	0.31
23400	0.31	0.49	0.49	0	0	0.31
23500	0.32	0.49	0.49	0	0	0.32
23600	0.33	0.5	0.5	0	0	0.33
23700	0.32	0.5	0.5	0	0	0.32
23800	0.32	0.5	0.5	0	0	0.32
23900	0.32	0.5	0.5	0	0	0.32
24000	0.32	0.51	0.51	0	0	0.32
24100	0.32	0.52	0.52	0	0	0.32
24200	0.32	0.52	0.52	0	0	0.32
24300	0.32	0.52	0.52	0	0	0.32
24400	0.32	0.52	0.52	0	0	0.32
24500	0.32	0.52	0.52	0	0	0.32
24600	0.32	0.52	0.52	0	0	0.32
24700	0.32	0.52	0.52	0	0	0.32
24800	0.32	0.52	0.52	0	0	0.32
24900	0.32	0.52	0.52	0	0	0.32
25000	0.32	0.52	0.52	0	0	0.32
25100	0.33	0.52	0.52	0	0	0.33
25200	0.33	0.52	0.52	0	0	0.33
25300	0.33	0.52	0.52	0	0	0.33
25400	0.33	0.52	0.52	0	0	0.33
25500	0.33	0.52	0.52	0	0	0.33
25600	0.33	0.52	0.52	0	0	0.33
25700	0.33	0.52	0.52	0	0	0.33
25800	0.33	0.52	0.52	0	0	0.33
25900	0.33	0.52	0.52	0	0	0.33
26000	0.33	0.51	0.51	0	0	0.33
26100	0.33	0.51	0.51	0	0	0.33
26200	0.33	0.52	0.52	0	0	0.33
26300	0.33	0.51	0.51	0	0	0.33
26400	0.34	0.51	0.51	0	0	0.34
26500	0.34	0.51	0.51	0	0	0.34
26600	0.34	0.52	0.52	0	0	0.34
26700	0.34	0.54	0.54	0	0	0.34
26800	0.34	0.53	0.53	0	0	0.34
26900	0.34	0.51	0.51	0	0	0.34
27000	0.34	0.51	0.51	0	0	0.34
27100	0.34	0.51	0.51	0	0	0.34
27200	0.34	0.51	0.51	0	0	0.34
27300	0.34	0.5	0.5	0	0	0.34
27400	0.34	0.5	0.5	0	0	0.34
27500	0.35	0.5	0.5	0	0	0.35
27600	0.35	0.49	0.49	0	0	0.35
27700	0.35	0.49	0.49	0	0	0.35
27800	0.35	0.49	0.49	0	0	0.35
27900	0.35	0.49	0.49	0	0	0.35
28000	0.35	0.49	0.49	0	0	0.35
28100	0.35	0.49	0.49	0	0	0.35
28200	0.35	0.49	0.49	0	0	0.35
28300	0.35	0.49	0.49	0	0	0.35
28400	0.35	0.49	0.49	0	0	0.35
28500	0.35	0.49	0.49	0	0	0.35
28600	0.35	0.49	0.49	0	0	0.35
28700	0.35	0.49	0.49	0	0	0.35
28800	0.35	0.49	0.49	0	0	0.35
28900	0.35	0.49	0.49	0	0	0.35
29000	0.34	0.49	0.49	0	0	0.34
29100	0.34	0.49	0.49	0	0	0.34
29200	0.34	0.49	0.49	0	0	0.34
29300	0.34	0.49	0.49	0	0	0.34
29400	0.33	0.49	0.49	0	0	0.33
29500	0.33	0.49	0.49	0	0	0.33
29600	0.34	0.49	0.49	0	0	0.34
29700	0.33	0.49	0.49	0	0	0.33
29800	0.33	0.5	0.5	0	0	0.33
29900	0.33	0.5	0.5	0	0	0.33
30000	0.33	0.49	0.49	0	0	0.33
30100	0.33	0.49	0.49	0	0	0.33
30200	0.34	0.5	0.5	0	0	0.34
30300	0.34	0.51	0.51	0	0	0.34
30400	0.34	0.51	0.51	0	0	0.34
30500	0.33	0.52	0.52	0	0	0.33
30600	0.33	0.51	0.51	0	0	0.33
30700	0.33	0.5	0.5	0	0	0.33
30800	0.33	0.5	0.5	0	0	0.33
30900	0.33	0.5	0.5	0	0	0.33
31000	0.33	0.5	0.5	0	0	0.33
31100	0.33	0.5	0.5	0	0	0.33
31200	0.33	0.5	0.5	0	0	0.33
31300	0.33	0.5	0.5	0	0	0.33
31400	0.33	0.5	0.5	0	0	0.33
31500	0.33	0.52	0.52	0	0	0.33
31600	0.33	0.52	0.52	0	0	0.33
31700	0.34	0.52	0.52	0	0	0.34
31800	0.33	0.52	0.52	0	0	0.33
31900	0.33	0.52	0.52	0	0	0.33
32000	0.33	0.52	0.52	0	0	0.33
32100	0.32	0.53	0.53	0	0	0.32
32200	0.32	0.53	0.53	0	0	0.32
32300	0.31	0.54	0.54	0	0	0.31
32400	0.31	0.54	0.54	0	0	0.31
32500	0.31	0.54	0.54	0	0	0.31
32600	0.31	0.54	0.54	0	0	0.31
32700	0.31	0.54	0.54	0	0	0.31
32800	0.31	0.53	0.53	0	0	0.31
32900	0.31	0.53	0.53	0	0	0.31
33000	0.31	0.53	0.53	0	0	0.31
33100	0.31	0.53	0.53	0	0	0.31
33200	0.31	0.53	0.53	0	0	0.31
33300	0.31	0.53	0.53	0	0	0.31
33400	0.31	0.53	0.53	0	0	0.31
33500	0.31	0.53	0.53	0	0	0.31
33600	0.31	0.53	0.53	0	0	0.31
33700	0.32	0.53	0.53	0	0	0.32
33800	0.32	0.53	0.53	0	0	0.32
33900	0.31	0.53	0.53	0	0	0.31
34000	0.31	0.53	0.53	0	0	0.31
34100	0.31	0.54	0.54	0	0	0.31
34200	0.31	0.54	0.54	0	0	0.31
34300	0.31	0.54	0.54	0	0	0.31
34400	0.31	0.54	0.54	0	0	0.31
34500	0.31	0.54	0.54	0	0	0.31
34600	0.31	0.55	0.55	0	0	0.31
34700	0.31	0.56	0.56	0	0	0.31
34800	0.3	0.56	0.56	0	0	0.3
34900	0.3	0.56	0.56	0	0	0.3
35000	0.3	0.56	0.56	0	0	0.3
35100	0.3	0.56	0.56	0	0	0.3
35200	0.3	0.56	0.56	0	0	0.3
35300	0.3	0.56	0.56	0	0	0.3
35400	0.3	0.56	0.56	0	0	0.3
35500	0.3	0.56	0.56	0	0	0.3
35600	0.3	0.56	0.56	0	0	0.3
35700	0.3	0.56	0.56	0	0	0.3
35800	0.3	0.56	0.56	0	0	0.3
35900	0.3	0.56	0.56	0	0	0.3
36000	0.29	0.56	0.56	0	0	0.29
36100	0.29	0.57	0.57	0	0	0.29
36200	0.29	0.57	0.57	0	0	0.29
36300	0.29	0.57	0.57	0	0	0.29
36400	0.29	0.58	0.58	0	0	0.29
36500	0.29	0.58	0.58	0	0	0.29
36600	0.29	0.58	0.58	0	0	0.29
36700	0.29	0.58	0.58	0	0	0.29
36800	0.29	0.58	0.58	0	0	0.29
36900	0.29	0.59	0.59	0	0	0.29
37000	0.29	0.59	0.59	0	0	0.29
37100	0.29	0.58	0.58	0	0	0.29
37200	0.29	0.58	0.58	0	0	0.29
37300	0.29	0.58	0.58	0	0	0.29
37400	0.3	0.58	0.58	0	0	0.3
37500	0.3	0.58	0.58	0	0	0.3
37600	0.3	0.58	0.58	0	0	0.3
37700	0.3	0.58	0.58	0	0	0.3
37800	0.3	0.59	0.59	0	0	0.3
37900	0.3	0.59	0.59	0	0	0.3
38000	0.3	0.59	0.59	0	0	0.3
38100	0.3	0.59	0.59	0	0	0.3
38200	0.3	0.59	0.59	0	0	0.3
38300	0.31	0.59	0.59	0	0	0.31
38400	0.31	0.59	0.59	0	0	0.31
38500	0.31	0.59	0.59	0	0	0.31
38600	0.31	0.59	0.59	0	0	0.31
38700	0.31	0.6	0.6	0	0	0.31
38800	0.31	0.6	0.6	0	0	0.31
38900	0.31	0.6	0.6	0	0	0.31
39000	0.31	0.6	0.6	0	0	0.31
39100	0.31	0.6	0.6	0	0	0.31
39200	0.31	0.59	0.59	0	0	0.31
39300	0.31	0.59	0.59	0	0	0.31
39400	0.31	0.59	0.59	0	0	0.31
39500	0.31	0.59	0.59	0	0	0.31
39600	0.31	0.59	0.59	0	0	0.31
39700	0.31	0.59	0.59	0	0	0.31
39800	0.31	0.59	0.59	0	0	0.31
39900	0.31	0.59	0.59	0	0	0.31
40000	0.32	0.59	0.59	0	0	0.32
40100	0.32	0.58	0.58	0	0	0.32
40200	0.32	0.58	0.58	0	0	0.32
40300	0.32	0.58	0.58	0	0	0.32
40400	0.32	0.58	0.58	0	0	0.32
40500	0.32	0.58	0.58	0	0	0.32
40600	0.31	0.58	0.58	0	0	0.31
40700	0.31	0.58	0.58	0	0	0.31
40800	0.31	0.57	0.57	0	0	0.31
40900	0.31	0.58	0.58	0	0	0.31
41000	0.31	0.58	0.58	0	0	0.31
41100	0.31	0.57	0.57	0	0	0.31
41200	0.31	0.57	0.57	0	0	0.31
41300	0.31	0.57	0.57	0	0	0.31
41400	0.31	0.57	0.57	0	0	0.31
41500	0.31	0.57	0.57	0	0	0.31
41600	0.31	0.56	0.56	0	0	0.31
41700	0.31	0.56	0.56	0	0	0.31
41800	0.32	0.56	0.56	0	0	0.32
41900	0.32	0.56	0.56	0	0	0.32
42000	0.32	0.56	0.56	0	0	0.32
42100	0.32	0.56	0.56	0	0	0.32
42200	0.32	0.56	0.56	0	0	0.32
42300	0.32	0.56	0.56	0	0	0.32
42400	0.32	0.56	0.56	0	0	0.32
42500	0.31	0.56	0.56	0	0	0.31
42600	0.31	0.56	0.56	0	0	0.31
42700	0.31	0.56	0.56	0	0	0.31
42800	0.31	0.56	0.56	0	0	0.31
42900	0.31	0.56	0.56	0	0	0.31
43000	0.31	0.56	0.56	0	0	0.31
43100	0.31	0.56	0.56	0	0	0.31
43200	0.31	0.56	0.56	0	0	0.31
43300	0.31	0.56	0.56	0	0	0.31
43400	0.31	0.56	0.56	0	0	0.31
43500	0.31	0.56	0.56	0	0	0.31
43600	0.31	0.56	0.56	0	0	0.31
43700	0.31	0.56	0.56	0	0	0.31
43800	0.31	0.56	0.56	0	0	0.31
43900	0.31	0.56	0.56	0	0	0.31
44000	0.31	0.56	0.56	0	0	0.31
44100	0.31	0.56	0.56	0	0	0.31
44200	0.31	0.57	0.57	0	0	0.31
44300	0.3	0.57	0.57	0	0	0.3
44400	0.3	0.57	0.57	0	0	0.3
44500	0.3	0.57	0.57	0	0	0.3
44600	0.3	0.57	0.57	0	0	0.3
44700	0.29	0.57	0.57	0	0	0.29
44800	0.29	0.57	0.57	0	0	0.29
44900	0.29	0.57	0.57	0	0	0.29
45000	0.29	0.57	0.57	0	0	0.29
45100	0.29	0.57	0.57	0	0	0.29
45200	0.29	0.57	0.57	0	0	0.29
45300	0.29	0.58	0.58	0	0	0.29
45400	0.29	0.58	0.58	0	0	0.29
45500	0.29	0.58	0.58	0	0	0.29
45600	0.29	0.58	0.58	0	0	0.29
45700	0.29	0.58	0.58	0	0	0.29
45800	0.29	0.58	0.58	0	0	0.29
45900	0.29	0.57	0.57	0	0	0.29
46000	0.29	0.57	0.57	0	0	0.29
46100	0.29	0.58	0.58	0	0	0.29
46200	0.29	0.58	0.58	0	0	0.29
46300	0.29	0.58	0.58	0	0	0.29
46400	0.29	0.58	0.58	0	0	0.29
46500	0.29	0.58	0.58	0	0	0.29
46600	0.29	0.58	0.58	0	0	0.29
46700	0.29	0.57	0.57	0	0	0.29
46800	0.29	0.57	0.57	0	0	0.29
46900	0.29	0.57	0.57	0	0	0.29
47000	0.29	0.57	0.57	0	0	0.29
47100	0.29	0.57	0.57	0	0	0.29
47200	0.29	0.58	0.58	0	0	0.29
47300	0.29	0.57	0.57	0	0	0.29
47400	0.3	0.57	0.57	0	0	0.3
47500	0.3	0.57	0.57	0	0	0.3
47600	0.3	0.57	0.57	0	0	0.3
47700	0.3	0.57	0.57	0	0	0.3
47800	0.31	0.57	0.57	0	0	0.31
47900	0.31	0.57	0.57	0	0	0.31
48000	0.31	0.57	0.57	0	0	0.31
48100	0.31	0.55	0.55	0	0	0.31
48200	0.3	0.55	0.55	0	0	0.3
48300	0.3	0.55	0.55	0	0	0.3
48400	0.3	0.54	0.54	0	0	0.3
48500	0.3	0.53	0.53	0	0	0.3
48600	0.3	0.53	0.53	0	0	0.3
48700	0.3	0.53	0.53	0	0	0.3
48800	0.3	0.53	0.53	0	0	0.3
48900	0.3	0.53	0.53	0	0	0.3
49000	0.3	0.53	0.53	0	0	0.3
49100	0.3	0.53	0.53	0	0	0.3
49200	0.3	0.52	0.52	0	0	0.3
49300	0.31	0.52	0.52	0	0	0.31
49400	0.31	0.53	0.53	0	0	0.31
49500	0.31	0.52	0.52	0	0	0.31
49600	0.32	0.52	0.52	0	0	0.32
49700	0.31	0.52	0.52	0	0	0.31
49800	0.31	0.52	0.52	0	0	0.31
49900	0.31	0.52	0.52	0	0	0.31
50000	0.31	0.52	0.52	0	0	0.31
50100	0.32	0.51	0.51	0	0	0.32
50200	0.32	0.51	0.51	0	0	0.32
50300	0.32	0.51	0.51	0	0	0.32
50400	0.32	0.51	0.51	0	0	0.32
50500	0.32	0.51	0.51	0	0	0.32
50600	0.32	0.51	0.51	0	0	0.32
50700	0.32	0.53	0.53	0	0	0.32
50800	0.32	0.53	0.53	0	0	0.32
50900	0.32	0.53	0.53	0	0	0.32
51000	0.33	0.53	0.53	0	0	0.33
51100	0.33	0.53	0.53	0	0	0.33
51200	0.33	0.53	0.53	0	0	0.33
51300	0.33	0.53	0.53	0	0	0.33
51400	0.33	0.53	0.53	0	0	0.33
51500	0.33	0.53	0.53	0	0	0.33
51600	0.33	0.53	0.53	0	0	0.33
51700	0.33	0.54	0.54	0	0	0.33
51800	0.33	0.54	0.54	0	0	0.33
51900	0.33	0.54	0.54	0	0	0.33
52000	0.33	0.54	0.54	0	0	0.33
52100	0.34	0.54	0.54	0	0	0.34
52200	0.34	0.54	0.54	0	0	0.34
52300	0.35	0.54	0.54	0	0	0.35
52400	0.35	0.54	0.54	0	0	0.35
52500	0.34	0.54	0.54	0	0	0.34
52600	0.34	0.54	0.54	0	0	0.34
52700	0.34	0.54	0.54	0	0	0.34
52800	0.34	0.54	0.54	0	0	0.34
52900	0.34	0.54	0.54	0	0	0.34
53000	0.34	0.54	0.54	0	0	0.34
53100	0.34	0.54	0.54	0	0	0.34
53200	0.34	0.54	0.54	0	0	0.34
53300	0.34	0.53	0.53	0	0	0.34
53400	0.34	0.53	0.53	0	0	0.34
53500	0.34	0.53	0.53	0	0	0.34
53600	0.35	0.53	0.53	0	0	0.35
53700	0.35	0.53	0.53	0	0	0.35
53800	0.35	0.53	0.53	0	0	0.35
53900	0.35	0.53	0.53	0	0	0.35
54000	0.35	0.53	0.53	0	0	0.35
54100	0.35	0.53	0.53	0	0	0.35
54200	0.35	0.53	0.53	0	0	0.35
54300	0.35	0.54	0.54	0	0	0.35
54400	0.35	0.54	0.54	0	0	0.35
54500	0.35	0.54	0.54	0	0	0.35
54600	0.35	0.54	0.54	0	0	0.35
54700	0.35	0.54	0.54	0	0	0.35
54800	0.35	0.54	0.54	0	0	0.35
54900	0.35	0.54	0.54	0	0	0.35
55000	0.35	0.54	0.54	0	0	0.35
55100	0.36	0.55	0.55	0	0	0.36
55200	0.35	0.55	0.55	0	0	0.35
55300	0.35	0.55	0.55	0	0	0.35
55400	0.35	0.55	0.55	0	0	0.35
55500	0.35	0.55	0.55	0	0	0.35
55600	0.35	0.55	0.55	0	0	0.35
55700	0.35	0.55	0.55	0	0	0.35
55800	0.35	0.55	0.55	0	0	0.35
55900	0.35	0.55	0.55	0	0	0.35
56000	0.35	0.55	0.55	0	0	0.35
56100	0.35	0.55	0.55	0	0	0.35
56200	0.35	0.55	0.55	0	0	0.35
56300	0.35	0.54	0.54	0	0	0.35
56400	0.35	0.54	0.54	0	0	0.35
56500	0.35	0.53	0.53	0	0	0.35
56600	0.35	0.53	0.53	0	0	0.35
56700	0.35	0.53	0.53	0	0	0.35
56800	0.34	0.53	0.53	0	0	0.34
56900	0.34	0.53	0.53	0	0	0.34
57000	0.34	0.53	0.53	0	0	0.34
57100	0.34	0.53	0.53	0	0	0.34
57200	0.34	0.53	0.53	0	0	0.34
57300	0.34	0.53	0.53	0	0	0.34
57400	0.34	0.53	0.53	0	0	0.34
57500	0.34	0.53	0.53	0	0	0.34
57600	0.34	0.53	0.53	0	0	0.34
57700	0.34	0.53	0.53	0	0	0.34
57800	0.34	0.53	0.53	0	0	0.34
57900	0.34	0.53	0.53	0	0	0.34
58000	0.34	0.53	0.53	0	0	0.34
58100	0.34	0.52	0.52	0	0	0.34
58200	0.34	0.52	0.52	0	0	0.34
58300	0.34	0.52	0.52	0	0	0.34
58400	0.34	0.53	0.53	0	0	0.34
58500	0.34	0.53	0.53	0	0	0.34
58600	0.34	0.53	0.53	0	0	0.34
58700	0.34	0.53	0.53	0	0	0.34
58800	0.35	0.53	0.53	0	0	0.35
58900	0.34	0.53	0.53	0	0	0.34
59000	0.34	0.53	0.53	0	0	0.34
59100	0.34	0.53	0.53	0	0	0.34
59200	0.34	0.53	0.53	0	0	0.34
59300	0.34	0.53	0.53	0	0	0.34
59400	0.34	0.53	0.53	0	0	0.34
59500	0.34	0.53	0.53	0	0	0.34
59600	0.34	0.53	0.53	0	0	0.34
59700	0.34	0.54	0.54	0	0	0.34
59800	0.34	0.54	0.54	0	0	0.34
59900	0.35	0.54	0.54	0	0	0.35
60000	0.35	0.54	0.54	0	0	0.35
60100	0.35	0.54	0.54	0	0	0.35
60200	0.35	0.54	0.54	0	0	0.35
60300	0.35	0.54	0.54	0	0	0.35
60400	0.35	0.54	0.54	0	0	0.35
60500	0.36	0.54	0.54	0	0	0.36
60600	0.36	0.54	0.54	0	0	0.36
60700	0.37	0.54	0.54	0	0	0.37
60800	0.37	0.53	0.53	0	0	0.37
60900	0.39	0.53	0.53	0	0	0.39
61000	0.39	0.52	0.52	0	0	0.39
61100	0.39	0.53	0.53	0	0	0.39
61200	0.39	0.53	0.53	0	0	0.39
61300	0.39	0.53	0.53	0	0	0.39
61400	0.39	0.53	0.53	0	0	0.39
61500	0.39	0.53	0.53	0	0	0.39
61600	0.39	0.53	0.53	0	0	0.39
61700	0.39	0.53	0.53	0	0	0.39
61800	0.39	0.53	0.53	0	0	0.39
61900	0.39	0.53	0.53	0	0	0.39
62000	0.39	0.53	0.53	0	0	0.39
62100	0.39	0.53	0.53	0	0	0.39
62200	0.39	0.52	0.52	0	0	0.39
62300	0.39	0.51	0.51	0	0	0.39
62400	0.39	0.51	0.51	0	0	0.39
62500	0.39	0.51	0.51	0	0	0.39
62600	0.39	0.51	0.51	0	0	0.39
62700	0.39	0.51	0.51	0	0	0.39
62800	0.39	0.51	0.51	0	0	0.39
62900	0.39	0.5	0.5	0	0	0.39
63000	0.39	0.5	0.5	0	0	0.39
63100	0.39	0.5	0.5	0	0	0.39
63200	0.39	0.5	0.5	0	0	0.39
63300	0.39	0.5	0.5	0	0	0.39
63400	0.4	0.5	0.5	0	0	0.4
63500	0.4	0.5	0.5	0	0	0.4
63600	0.4	0.49	0.49	0	0	0.4
63700	0.4	0.49	0.49	0	0	0.4
63800	0.4	0.48	0.48	0	0	0.4
63900	0.4	0.48	0.48	0	0	0.4
64000	0.4	0.49	0.49	0	0	0.4
64100	0.4	0.49	0.49	0	0	0.4
64200	0.4	0.49	0.49	0	0	0.4
64300	0.4	0.49	0.49	0	0	0.4
64400	0.4	0.5	0.5	0	0	0.4
64500	0.4	0.5	0.5	0	0	0.4
64600	0.4	0.5	0.5	0	0	0.4
64700	0.39	0.5	0.5	0	0	0.39
64800	0.39	0.5	0.5	0	0	0.39
64900	0.39	0.5	0.5	0	0	0.39
65000	0.39	0.5	0.5	0	0	0.39
65100	0.38	0.5	0.5	0	0	0.38
65200	0.39	0.5	0.5	0	0	0.39
65300	0.39	0.5	0.5	0	0	0.39
65400	0.39	0.5	0.5	0	0	0.39
65500	0.39	0.5	0.5	0	0	0.39
65600	0.39	0.5	0.5	0	0	0.39
65700	0.39	0.5	0.5	0	0	0.39
65800	0.4	0.5	0.5	0	0	0.4
65900	0.4	0.5	0.5	0	0	0.4
66000	0.4	0.5	0.5	0	0	0.4
66100	0.4	0.5	0.5	0	0	0.4
66200	0.4	0.5	0.5	0	0	0.4
66300	0.4	0.51	0.51	0	0	0.4
66400	0.4	0.51	0.51	0	0	0.4
66500	0.4	0.52	0.52	0	0	0.4
66600	0.4	0.52	0.52	0	0	0.4
66700	0.4	0.52	0.52	0	0	0.4
66800	0.4	0.52	0.52	0	0	0.4
66900	0.4	0.52	0.52	0	0	0.4
67000	0.4	0.52	0.52	0	0	0.4
67100	0.4	0.52	0.52	0	0	0.4
67200	0.4	0.53	0.53	0	0	0.4
67300	0.4	0.53	0.53	0	0	0.4
67400	0.4	0.53	0.53	0	0	0.4
67500	0.4	0.53	0.53	0	0	0.4
67600	0.4	0.53	0.53	0	0	0.4
67700	0.4	0.53	0.53	0	0	0.4
67800	0.4	0.53	0.53	0	0	0.4
67900	0.4	0.53	0.53	0	0	0.4
68000	0.4	0.53	0.53	0	0	0.4
68100	0.4	0.53	0.53	0	0	0.4
68200	0.4	0.53	0.53	0	0	0.4
68300	0.4	0.53	0.53	0	0	0.4
68400	0.4	0.52	0.52	0	0	0.4
68500	0.4	0.52	0.52	0	0	0.4
68600	0.4	0.52	0.52	0	0	0.4
68700	0.4	0.52	0.52	0	0	0.4
68800	0.4	0.52	0.52	0	0	0.4
68900	0.39	0.52	0.52	0	0	0.39
69000	0.39	0.52	0.52	0	0	0.39
69100	0.39	0.52	0.52	0	0	0.39
69200	0.39	0.52	0.52	0	0	0.39
69300	0.39	0.52	0.52	0	0	0.39
69400	0.39	0.52	0.52	0	0	0.39
69500	0.39	0.52	0.52	0	0	0.39
69600	0.39	0.52	0.52	0	0	0.39
69700	0.39	0.52	0.52	0	0	0.39
69800	0.39	0.52	0.52	0	0	0.39
69900	0.39	0.52	0.52	0	0	0.39
70000	0.39	0.52	0.52	0	0	0.39
70100	0.39	0.52	0.52	0	0	0.39
70200	0.39	0.52	0.52	0	0	0.39
70300	0.39	0.52	0.52	0	0	0.39
70400	0.39	0.52	0.52	0	0	0.39
70500	0.39	0.52	0.52	0	0	0.39
70600	0.39	0.52	0.52	0	0	0.39
70700	0.39	0.52	0.52	0	0	0.39
70800	0.39	0.52	0.52	0	0	0.39
70900	0.39	0.51	0.51	0	0	0.39
71000	0.39	0.51	0.51	0	0	0.39
71100	0.39	0.51	0.51	0	0	0.39
71200	0.39	0.51	0.51	0	0	0.39
71300	0.39	0.51	0.51	0	0	0.39
71400	0.4	0.51	0.51	0	0	0.4
71500	0.4	0.51	0.51	0	0	0.4
71600	0.4	0.51	0.51	0	0	0.4
71700	0.4	0.51	0.51	0	0	0.4
71800	0.4	0.51	0.51	0	0	0.4
71900	0.4	0.51	0.51	0	0	0.4
72000	0.4	0.51	0.51	0	0	0.4
72100	0.4	0.51	0.51	0	0	0.4
72200	0.4	0.51	0.51	0	0	0.4
72300	0.4	0.51	0.51	0	0	0.4
72400	0.4	0.51	0.51	0	0	0.4
72500	0.4	0.52	0.52	0	0	0.4
72600	0.4	0.52	0.52	0	0	0.4
72700	0.4	0.51	0.51	0	0	0.4
72800	0.4	0.51	0.51	0	0	0.4
72900	0.4	0.51	0.51	0	0	0.4
73000	0.4	0.51	0.51	0	0	0.4
73100	0.4	0.52	0.52	0	0	0.4
73200	0.4	0.52	0.52	0	0	0.4
73300	0.4	0.52	0.52	0	0	0.4
73400	0.4	0.51	0.51	0	0	0.4
73500	0.4	0.51	0.51	0	0	0.4
73600	0.4	0.5	0.5	0	0	0.4
73700	0.4	0.5	0.5	0	0	0.4
73800	0.4	0.5	0.5	0	0	0.4
73900	0.4	0.5	0.5	0	0	0.4
74000	0.4	0.5	0.5	0	0	0.4
74100	0.4	0.49	0.49	0	0	0.4
74200	0.4	0.49	0.49	0	0	0.4
74300	0.4	0.49	0.49	0	0	0.4
74400	0.4	0.5	0.5	0	0	0.4
74500	0.4	0.5	0.5	0	0	0.4
74600	0.4	0.5	0.5	0	0	0.4
74700	0.4	0.5	0.5	0	0	0.4
74800	0.4	0.5	0.5	0	0	0.4
74900	0.4	0.5	0.5	0	0	0.4
75000	0.4	0.5	0.5	0	0	0.4
75100	0.4	0.5	0.5	0	0	0.4
75200	0.4	0.5	0.5	0	0	0.4
75300	0.4	0.5	0.5	0	0	0.4
75400	0.4	0.5	0.5	0	0	0.4
75500	0.4	0.5	0.5	0	0	0.4
75600	0.4	0.51	0.51	0	0	0.4
75700	0.4	0.5	0.5	0	0	0.4
75800	0.4	0.5	0.5	0	0	0.4
75900	0.4	0.5	0.5	0	0	0.4
76000	0.4	0.5	0.5	0	0	0.4
76100	0.4	0.5	0.5	0	0	0.4
76200	0.4	0.5	0.5	0	0	0.4
76300	0.41	0.5	0.5	0	0	0.41
76400	0.41	0.51	0.51	0	0	0.41
76500	0.41	0.51	0.51	0	0	0.41
76600	0.41	0.51	0.51	0	0	0.41
76700	0.41	0.51	0.51	0	0	0.41
76800	0.41	0.51	0.51	0	0	0.41
76900	0.41	0.51	0.51	0	0	0.41
77000	0.41	0.51	0.51	0	0	0.41
77100	0.41	0.51	0.51	0	0	0.41
77200	0.41	0.51	0.51	0	0	0.41
77300	0.41	0.51	0.51	0	0	0.41
77400	0.41	0.51	0.51	0	0	0.41
77500	0.41	0.51	0.51	0	0	0.41
77600	0.41	0.51	0.51	0	0	0.41
77700	0.41	0.51	0.51	0	0	0.41
77800	0.41	0.51	0.51	0	0	0.41
77900	0.41	0.52	0.52	0	0	0.41
78000	0.41	0.52	0.52	0	0	0.41
78100	0.41	0.52	0.52	0	0	0.41
78200	0.41	0.52	0.52	0	0	0.41
78300	0.41	0.52	0.52	0	0	0.41
78400	0.4	0.52	0.52	0	0	0.4
78500	0.4	0.52	0.52	0	0	0.4
78600	0.4	0.52	0.52	0	0	0.4
78700	0.4	0.52	0.52	0	0	0.4
78800	0.41	0.52	0.52	0	0	0.41
78900	0.41	0.51	0.51	0	0	0.41
79000	0.41	0.51	0.51	0	0	0.41
79100	0.41	0.51	0.51	0	0	0.41
79200	0.41	0.51	0.51	0	0	0.41
79300	0.41	0.51	0.51	0	0	0.41
79400	0.41	0.51	0.51	0	0	0.41
79500	0.41	0.51	0.51	0	0	0.41
79600	0.41	0.51	0.51	0	0	0.41
79700	0.41	0.51	0.51	0	0	0.41
79800	0.41	0.51	0.51	0	0	0.41
79900	0.41	0.51	0.51	0	0	0.41
80000	0.41	0.51	0.51	0	0	0.41
80100	0.42	0.51	0.51	0	0	0.42
80200	0.42	0.51	0.51	0	0	0.42
80300	0.41	0.51	0.51	0	0	0.41
80400	0.41	0.51	0.51	0	0	0.41
80500	0.41	0.51	0.51	0	0	0.41
80600	0.41	0.51	0.51	0	0	0.41
80700	0.41	0.51	0.51	0	0	0.41
80800	0.41	0.51	0.51	0	0	0.41
80900	0.41	0.51	0.51	0	0	0.41
81000	0.41	0.51	0.51	0	0	0.41
81100	0.41	0.52	0.52	0	0	0.41
81200	0.41	0.52	0.52	0	0	0.41
81300	0.41	0.52	0.52	0	0	0.41
81400	0.41	0.52	0.52	0	0	0.41
81500	0.41	0.53	0.53	0	0	0.41
81600	0.41	0.53	0.53	0	0	0.41
81700	0.41	0.53	0.53	0	0	0.41
81800	0.41	0.53	0.53	0	0	0.41
81900	0.41	0.53	0.53	0	0	0.41
82000	0.41	0.53	0.53	0	0	0.41
82100	0.41	0.53	0.53	0	0	0.41
82200	0.41	0.53	0.53	0	0	0.41
82300	0.41	0.53	0.53	0	0	0.41
82400	0.41	0.53	0.53	0	0	0.41
82500	0.41	0.53	0.53	0	0	0.41
82600	0.41	0.53	0.53	0	0	0.41
82700	0.41	0.53	0.53	0	0	0.41
82800	0.41	0.53	0.53	0	0	0.41
82900	0.41	0.53	0.53	0	0	0.41
83000	0.41	0.53	0.53	0	0	0.41
83100	0.41	0.53	0.53	0	0	0.41
83200	0.41	0.53	0.53	0	0	0.41
83300	0.41	0.53	0.53	0	0	0.41
83400	0.41	0.53	0.53	0	0	0.41
83500	0.41	0.53	0.53	0	0	0.41
83600	0.41	0.53	0.53	0	0	0.41
83700	0.41	0.53	0.53	0	0	0.41
83800	0.41	0.53	0.53	0	0	0.41
83900	0.41	0.53	0.53	0	0	0.41
84000	0.41	0.53	0.53	0	0	0.41
84100	0.41	0.53	0.53	0	0	0.41
84200	0.41	0.52	0.52	0	0	0.41
84300	0.41	0.52	0.52	0	0	0.41
84400	0.41	0.52	0.52	0	0	0.41
84500	0.41	0.52	0.52	0	0	0.41
84600	0.41	0.52	0.52	0	0	0.41
84700	0.41	0.52	0.52	0	0	0.41
84800	0.41	0.52	0.52	0	0	0.41
84900	0.41	0.52	0.52	0	0	0.41
85000	0.41	0.52	0.52	0	0	0.41
85100	0.41	0.52	0.52	0	0	0.41
85200	0.41	0.51	0.51	0	0	0.41
85300	0.41	0.51	0.51	0	0	0.41
85400	0.41	0.51	0.51	0	0	0.41
85500	0.41	0.51	0.51	0	0	0.41
85600	0.41	0.51	0.51	0	0	0.41
85700	0.41	0.51	0.51	0	0	0.41
85800	0.41	0.51	0.51	0	0	0.41
85900	0.41	0.51	0.51	0	0	0.41
86000	0.41	0.51	0.51	0	0	0.41
86100	0.41	0.51	0.51	0	0	0.41
86200	0.41	0.51	0.51	0	0	0.41
86300	0.41	0.51	0.51	0	0	0.41
86400	0.41	0.5	0.5	0	0	0.41
86500	0.41	0.5	0.5	0	0	0.41
86600	0.41	0.5	0.5	0	0	0.41
86700	0.41	0.5	0.5	0	0	0.41
86800	0.41	0.5	0.5	0	0	0.41
86900	0.41	0.5	0.5	0	0	0.41
87000	0.41	0.51	0.51	0	0	0.41
87100	0.41	0.51	0.51	0	0	0.41
87200	0.41	0.51	0.51	0	0	0.41
87300	0.41	0.51	0.51	0	0	0.41
87400	0.41	0.51	0.51	0	0	0.41
87500	0.41	0.51	0.51	0	0	0.41
87600	0.4	0.51	0.51	0	0	0.4
87700	0.4	0.51	0.51	0	0	0.4
87800	0.4	0.51	0.51	0	0	0.4
87900	0.4	0.51	0.51	0	0	0.4
88000	0.4	0.51	0.51	0	0	0.4
88100	0.4	0.51	0.51	0	0	0.4
88200	0.4	0.51	0.51	0	0	0.4
88300	0.4	0.51	0.51	0	0	0.4
88400	0.4	0.51	0.51	0	0	0.4
88500	0.4	0.52	0.52	0	0	0.4
88600	0.4	0.53	0.53	0	0	0.4
88700	0.4	0.53	0.53	0	0	0.4
88800	0.4	0.53	0.53	0	0	0.4
88900	0.4	0.53	0.53	0	0	0.4
89000	0.4	0.53	0.53	0	0	0.4
89100	0.4	0.53	0.53	0	0	0.4
89200	0.4	0.52	0.52	0	0	0.4
89300	0.4	0.52	0.52	0	0	0.4
89400	0.4	0.52	0.52	0	0	0.4
89500	0.4	0.52	0.52	0	0	0.4
89600	0.4	0.52	0.52	0	0	0.4
89700	0.4	0.52	0.52	0	0	0.4
89800	0.41	0.53	0.53	0	0	0.41
89900	0.41	0.54	0.54	0	0	0.41
90000	0.41	0.54	0.54	0	0	0.41
90100	0.41	0.54	0.54	0	0	0.41
90200	0.41	0.54	0.54	0	0	0.41
90300	0.41	0.54	0.54	0	0	0.41
90400	0.41	0.53	0.53	0	0	0.41
90500	0.41	0.53	0.53	0	0	0.41
90600	0.41	0.53	0.53	0	0	0.41
90700	0.41	0.53	0.53	0	0	0.41
90800	0.41	0.53	0.53	0	0	0.41
90900	0.41	0.52	0.52	0	0	0.41
91000	0.41	0.52	0.52	0	0	0.41
91100	0.41	0.52	0.52	0	0	0.41
91200	0.41	0.52	0.52	0	0	0.41
91300	0.41	0.52	0.52	0	0	0.41
91400	0.41	0.52	0.52	0	0	0.41
91500	0.41	0.52	0.52	0	0	0.41
91600	0.41	0.52	0.52	0	0	0.41
91700	0.41	0.52	0.52	0	0	0.41
91800	0.41	0.52	0.52	0	0	0.41
91900	0.41	0.52	0.52	0	0	0.41
92000	0.41	0.52	0.52	0	0	0.41
92100	0.41	0.52	0.52	0	0	0.41
92200	0.42	0.51	0.51	0	0	0.42
92300	0.42	0.51	0.51	0	0	0.42
92400	0.42	0.51	0.51	0	0	0.42
92500	0.42	0.51	0.51	0	0	0.42
92600	0.42	0.51	0.51	0	0	0.42
92700	0.42	0.51	0.51	0	0	0.42
92800	0.42	0.51	0.51	0	0	0.42
92900	0.42	0.51	0.51	0	0	0.42
93000	0.42	0.51	0.51	0	0	0.42
93100	0.42	0.52	0.52	0	0	0.42
93200	0.42	0.52	0.52	0	0	0.42
93300	0.42	0.52	0.52	0	0	0.42
93400	0.42	0.52	0.52	0	0	0.42
93500	0.42	0.52	0.52	0	0	0.42
93600	0.42	0.51	0.51	0	0	0.42
93700	0.42	0.51	0.51	0	0	0.42
93800	0.42	0.51	0.51	0	0	0.42
93900	0.42	0.51	0.51	0	0	0.42
94000	0.42	0.51	0.51	0	0	0.42
94100	0.42	0.51	0.51	0	0	0.42
94200	0.42	0.51	0.51	0	0	0.42
94300	0.42	0.51	0.51	0	0	0.42
94400	0.42	0.51	0.51	0	0	0.42
94500	0.42	0.51	0.51	0	0	0.42
94600	0.42	0.51	0.51	0	0	0.42
94700	0.4	0.51	0.51	0	0	0.4
94800	0.39	0.51	0.51	0	0	0.39
94900	0.39	0.51	0.51	0	0	0.39
95000	0.39	0.51	0.51	0	0	0.39
95100	0.39	0.51	0.51	0	0	0.39
95200	0.4	0.51	0.51	0	0	0.4
95300	0.4	0.51	0.51	0	0	0.4
95400	0.4	0.51	0.51	0	0	0.4
95500	0.4	0.51	0.51	0	0	0.4
95600	0.4	0.51	0.51	0	0	0.4
95700	0.4	0.51	0.51	0	0	0.4
95800	0.4	0.51	0.51	0	0	0.4
95900	0.4	0.51	0.51	0	0	0.4
96000	0.4	0.51	0.51	0	0	0.4
96100	0.4	0.51	0.51	0	0	0.4
96200	0.41	0.51	0.51	0	0	0.41
96300	0.41	0.51	0.51	0	0	0.41
96400	0.41	0.51	0.51	0	0	0.41
96500	0.41	0.51	0.51	0	0	0.41
96600	0.41	0.51	0.51	0	0	0.41
96700	0.41	0.51	0.51	0	0	0.41
96800	0.41	0.52	0.52	0	0	0.41
96900	0.41	0.52	0.52	0	0	0.41
97000	0.41	0.52	0.52	0	0	0.41
97100	0.41	0.52	0.52	0	0	0.41
97200	0.41	0.52	0.52	0	0	0.41
97300	0.41	0.52	0.52	0	0	0.41
97400	0.41	0.52	0.52	0	0	0.41
97500	0.41	0.52	0.52	0	0	0.41
97600	0.41	0.52	0.52	0	0	0.41
97700	0.41	0.52	0.52	0	0	0.41
97800	0.41	0.52	0.52	0	0	0.41
97900	0.41	0.52	0.52	0	0	0.41
98000	0.41	0.52	0.52	0	0	0.41
98100	0.41	0.52	0.52	0	0	0.41
98200	0.41	0.52	0.52	0	0	0.41
98300	0.41	0.52	0.52	0	0	0.41
98400	0.41	0.52	0.52	0	0	0.41
98500	0.41	0.52	0.52	0	0	0.41
98600	0.41	0.51	0.51	0	0	0.41
98700	0.41	0.51	0.51	0	0	0.41
98800	0.41	0.51	0.51	0	0	0.41
98900	0.4	0.51	0.51	0	0	0.4
99000	0.38	0.51	0.51	0	0	0.38
99100	0.38	0.51	0.51	0	0	0.38
99200	0.38	0.51	0.51	0	0	0.38
99300	0.38	0.51	0.51	0	0	0.38
99400	0.38	0.51	0.51	0	0	0.38
99500	0.38	0.51	0.51	0	0	0.38
99600	0.38	0.51	0.51	0	0	0.38
99700	0.38	0.51	0.51	0	0	0.38
99800	0.38	0.51	0.51	0	0	0.38
99900	0.38	0.51	0.51	0	0	0.38
100000	0.38	0.51	0.51	0	0	0.38
