100	0.14	0.05	0.05	0	0	0.14
200	0.16	0.06	0.06	0	0	0.16
300	0.16	0.08	0.08	0	0	0.16
400	0.17	0.09	0.09	0	0	0.17
500	0.18	0.1	0.1	0	0	0.18
600	0.18	0.1	0.1	0	0	0.18
700	0.18	0.11	0.11	0	0	0.18
800	0.19	0.11	0.11	0	0	0.19
900	0.19	0.11	0.11	0	0	0.19
1000	0.21	0.13	0.13	0	0	0.21
1100	0.21	0.13	0.13	0	0	0.21
1200	0.21	0.14	0.14	0	0	0.21
1300	0.24	0.15	0.15	0	0	0.24
1400	0.25	0.15	0.15	0	0	0.25
1500	0.26	0.16	0.16	0	0	0.26
1600	0.26	0.17	0.17	0	0	0.26
1700	0.28	0.18	0.18	0	0	0.28
1800	0.28	0.2	0.2	0	0	0.28
1900	0.29	0.2	0.2	0	0	0.29
2000	0.29	0.2	0.2	0	0	0.29
2100	0.29	0.21	0.21	0	0	0.29
2200	0.28	0.23	0.23	0	0	0.28
2300	0.28	0.23	0.23	0	0	0.28
2400	0.29	0.23	0.23	0	0	0.29
2500	0.29	0.22	0.22	0	0	0.29
2600	0.29	0.22	0.22	0	0	0.29
2700	0.31	0.22	0.22	0	0	0.31
2800	0.31	0.23	0.23	0	0	0.31
2900	0.31	0.23	0.23	0	0	0.31
3000	0.32	0.22	0.22	0	0	0.32
3100	0.32	0.23	0.23	0	0	0.32
3200	0.32	0.25	0.25	0	0	0.32
3300	0.32	0.24	0.24	0	0	0.32
3400	0.32	0.27	0.27	0	0	0.32
3500	0.32	0.28	0.28	0	0	0.32
3600	0.32	0.28	0.28	0	0	0.32
3700	0.32	0.29	0.29	0	0	0.32
3800	0.32	0.31	0.31	0	0	0.32
3900	0.32	0.31	0.31	0	0	0.32
4000	0.34	0.31	0.31	0	0	0.34
4100	0.35	0.29	0.29	0	0	0.35
4200	0.35	0.3	0.3	0	0	0.35
4300	0.35	0.29	0.29	0	0	0.35
4400	0.35	0.29	0.29	0	0	0.35
4500	0.35	0.29	0.29	0	0	0.35
4600	0.36	0.3	0.3	0	0	0.36
4700	0.36	0.3	0.3	0	0	0.36
4800	0.36	0.3	0.3	0	0	0.36
4900	0.37	0.3	0.3	0	0	0.37
5000	0.37	0.3	0.3	0	0	0.37
5100	0.37	0.31	0.31	0	0	0.37
5200	0.37	0.33	0.33	0	0	0.37
5300	0.37	0.34	0.34	0	0	0.37
5400	0.37	0.34	0.34	0	0	0.37
5500	0.37	0.33	0.33	0	0	0.37
5600	0.38	0.33	0.33	0	0	0.38
5700	0.37	0.33	0.33	0	0	0.37
5800	0.38	0.34	0.34	0	0	0.38
5900	0.4	0.34	0.34	0	0	0.4
6000	0.39	0.34	0.34	0	0	0.39
6100	0.39	0.34	0.34	0	0	0.39
6200	0.39	0.35	0.35	0	0	0.39
6300	0.39	0.35	0.35	0	0	0.39
6400	0.38	0.34	0.34	0	0	0.38
6500	0.37	0.34	0.34	0	0	0.37
6600	0.37	0.34	0.34	0	0	0.37
6700	0.37	0.34	0.34	0	0	0.37
6800	0.37	0.35	0.35	0	0	0.37
6900	0.37	0.35	0.35	0	0	0.37
7000	0.37	0.35	0.35	0	0	0.37
7100	0.37	0.35	0.35	0	0	0.37
7200	0.37	0.35	0.35	0	0	0.37
7300	0.37	0.35	0.35	0	0	0.37
7400	0.38	0.36	0.36	0	0	0.38
7500	0.38	0.35	0.35	0	0	0.38
7600	0.38	0.35	0.35	0	0	0.38
7700	0.38	0.35	0.35	0	0	0.38
7800	0.39	0.35	0.35	0	0	0.39
7900	0.39	0.35	0.35	0	0	0.39
8000	0.39	0.35	0.35	0	0	0.39
8100	0.39	0.35	0.35	0	0	0.39
8200	0.39	0.34	0.34	0	0	0.39
8300	0.39	0.36	0.36	0	0	0.39
8400	0.39	0.35	0.35	0	0	0.39
8500	0.39	0.35	0.35	0	0	0.39
8600	0.39	0.35	0.35	0	0	0.39
8700	0.39	0.35	0.35	0	0	0.39
8800	0.39	0.35	0.35	0	0	0.39
8900	0.39	0.35	0.35	0	0	0.39
9000	0.39	0.35	0.35	0	0	0.39
9100	0.39	0.35	0.35	0	0	0.39
9200	0.39	0.33	0.33	0	0	0.39
9300	0.39	0.33	0.33	0	0	0.39
9400	0.39	0.33	0.33	0	0	0.39
9500	0.39	0.34	0.34	0	0	0.39
9600	0.4	0.34	0.34	0	0	0.4
9700	0.39	0.34	0.34	0	0	0.39
9800	0.39	0.34	0.34	0	0	0.39
9900	0.39	0.34	0.34	0	0	0.39
10000	0.39	0.35	0.35	0	0	0.39
10100	0.39	0.35	0.35	0	0	0.39
10200	0.39	0.35	0.35	0	0	0.39
10300	0.39	0.34	0.34	0	0	0.39
10400	0.39	0.34	0.34	0	0	0.39
10500	0.41	0.34	0.34	0	0	0.41
10600	0.4	0.34	0.34	0	0	0.4
10700	0.4	0.34	0.34	0	0	0.4
10800	0.41	0.35	0.35	0	0	0.41
10900	0.4	0.34	0.34	0	0	0.4
11000	0.4	0.34	0.34	0	0	0.4
11100	0.4	0.34	0.34	0	0	0.4
11200	0.4	0.34	0.34	0	0	0.4
11300	0.39	0.33	0.33	0	0	0.39
11400	0.39	0.33	0.33	0	0	0.39
11500	0.4	0.33	0.33	0	0	0.4
11600	0.4	0.33	0.33	0	0	0.4
11700	0.41	0.33	0.33	0	0	0.41
11800	0.42	0.34	0.34	0	0	0.42
11900	0.43	0.34	0.34	0	0	0.43
12000	0.43	0.32	0.32	0	0	0.43
12100	0.43	0.33	0.33	0	0	0.43
12200	0.43	0.33	0.33	0	0	0.43
12300	0.43	0.33	0.33	0	0	0.43
12400	0.43	0.34	0.34	0	0	0.43
12500	0.43	0.34	0.34	0	0	0.43
12600	0.43	0.34	0.34	0	0	0.43
12700	0.43	0.34	0.34	0	0	0.43
12800	0.43	0.33	0.33	0	0	0.43
12900	0.41	0.34	0.34	0	0	0.41
13000	0.41	0.34	0.34	0	0	0.41
13100	0.41	0.34	0.34	0	0	0.41
13200	0.41	0.34	0.34	0	0	0.41
13300	0.42	0.33	0.33	0	0	0.42
13400	0.42	0.34	0.34	0	0	0.42
13500	0.42	0.34	0.34	0	0	0.42
13600	0.42	0.34	0.34	0	0	0.42
13700	0.42	0.35	0.35	0	0	0.42
13800	0.42	0.35	0.35	0	0	0.42
13900	0.42	0.35	0.35	0	0	0.42
14000	0.42	0.35	0.35	0	0	0.42
14100	0.43	0.35	0.35	0	0	0.43
14200	0.44	0.35	0.35	0	0	0.44
14300	0.44	0.35	0.35	0	0	0.44
14400	0.43	0.35	0.35	0	0	0.43
14500	0.43	0.35	0.35	0	0	0.43
14600	0.43	0.35	0.35	0	0	0.43
14700	0.43	0.35	0.35	0	0	0.43
14800	0.43	0.35	0.35	0	0	0.43
14900	0.43	0.35	0.35	0	0	0.43
15000	0.43	0.34	0.34	0	0	0.43
15100	0.43	0.34	0.34	0	0	0.43
15200	0.44	0.34	0.34	0	0	0.44
15300	0.44	0.34	0.34	0	0	0.44
15400	0.44	0.33	0.33	0	0	0.44
15500	0.44	0.33	0.33	0	0	0.44
15600	0.44	0.34	0.34	0	0	0.44
15700	0.44	0.34	0.34	0	0	0.44
15800	0.44	0.34	0.34	0	0	0.44
15900	0.43	0.34	0.34	0	0	0.43
16000	0.43	0.34	0.34	0	0	0.43
16100	0.44	0.34	0.34	0	0	0.44
16200	0.43	0.34	0.34	0	0	0.43
16300	0.43	0.34	0.34	0	0	0.43
16400	0.44	0.34	0.34	0	0	0.44
16500	0.44	0.35	0.35	0	0	0.44
16600	0.44	0.34	0.34	0	0	0.44
16700	0.44	0.34	0.34	0	0	0.44
16800	0.44	0.34	0.34	0	0	0.44
16900	0.44	0.35	0.35	0	0	0.44
17000	0.44	0.35	0.35	0	0	0.44
17100	0.45	0.35	0.35	0	0	0.45
17200	0.45	0.34	0.34	0	0	0.45
17300	0.45	0.34	0.34	0	0	0.45
17400	0.45	0.34	0.34	0	0	0.45
17500	0.45	0.33	0.33	0	0	0.45
17600	0.45	0.33	0.33	0	0	0.45
17700	0.45	0.33	0.33	0	0	0.45
17800	0.45	0.33	0.33	0	0	0.45
17900	0.45	0.33	0.33	0	0	0.45
18000	0.45	0.34	0.34	0	0	0.45
18100	0.45	0.34	0.34	0	0	0.45
18200	0.45	0.34	0.34	0	0	0.45
18300	0.45	0.34	0.34	0	0	0.45
18400	0.45	0.34	0.34	0	0	0.45
18500	0.44	0.34	0.34	0	0	0.44
18600	0.44	0.34	0.34	0	0	0.44
18700	0.44	0.34	0.34	0	0	0.44
18800	0.42	0.34	0.34	0	0	0.42
18900	0.42	0.35	0.35	0	0	0.42
19000	0.42	0.34	0.34	0	0	0.42
19100	0.42	0.33	0.33	0	0	0.42
19200	0.42	0.34	0.34	0	0	0.42
19300	0.42	0.34	0.34	0	0	0.42
19400	0.42	0.33	0.33	0	0	0.42
19500	0.42	0.34	0.34	0	0	0.42
19600	0.42	0.33	0.33	0	0	0.42
19700	0.42	0.32	0.32	0	0	0.42
19800	0.42	0.33	0.33	0	0	0.42
19900	0.42	0.33	0.33	0	0	0.42
20000	0.42	0.32	0.32	0	0	0.42
20100	0.42	0.33	0.33	0	0	0.42
20200	0.42	0.33	0.33	0	0	0.42
20300	0.42	0.34	0.34	0	0	0.42
20400	0.42	0.34	0.34	0	0	0.42
20500	0.42	0.34	0.34	0	0	0.42
20600	0.42	0.35	0.35	0	0	0.42
20700	0.42	0.35	0.35	0	0	0.42
20800	0.42	0.36	0.36	0	0	0.42
20900	0.43	0.36	0.36	0	0	0.43
21000	0.43	0.36	0.36	0	0	0.43
21100	0.45	0.37	0.37	0	0	0.45
21200	0.44	0.37	0.37	0	0	0.44
21300	0.44	0.37	0.37	0	0	0.44
21400	0.44	0.37	0.37	0	0	0.44
21500	0.44	0.37	0.37	0	0	0.44
21600	0.44	0.37	0.37	0	0	0.44
21700	0.44	0.37	0.37	0	0	0.44
21800	0.44	0.37	0.37	0	0	0.44
21900	0.44	0.38	0.38	0	0	0.44
22000	0.44	0.38	0.38	0	0	0.44
22100	0.44	0.38	0.38	0	0	0.44
22200	0.43	0.38	0.38	0	0	0.43
22300	0.43	0.38	0.38	0	0	0.43
22400	0.43	0.38	0.38	0	0	0.43
22500	0.43	0.38	0.38	0	0	0.43
22600	0.43	0.38	0.38	0	0	0.43
22700	0.43	0.38	0.38	0	0	0.43
22800	0.43	0.37	0.37	0	0	0.43
22900	0.43	0.38	0.38	0	0	0.43
23000	0.44	0.38	0.38	0	0	0.44
23100	0.44	0.38	0.38	0	0	0.44
23200	0.44	0.38	0.38	0	0	0.44
23300	0.44	0.38	0.38	0	0	0.44
23400	0.45	0.38	0.38	0	0	0.45
23500	0.45	0.37	0.37	0	0	0.45
23600	0.45	0.37	0.37	0	0	0.45
23700	0.45	0.37	0.37	0	0	0.45
23800	0.45	0.37	0.37	0	0	0.45
23900	0.45	0.37	0.37	0	0	0.45
24000	0.45	0.37	0.37	0	0	0.45
24100	0.45	0.37	0.37	0	0	0.45
24200	0.45	0.37	0.37	0	0	0.45
24300	0.45	0.38	0.38	0	0	0.45
24400	0.45	0.38	0.38	0	0	0.45
24500	0.45	0.38	0.38	0	0	0.45
24600	0.45	0.38	0.38	0	0	0.45
24700	0.45	0.38	0.38	0	0	0.45
24800	0.45	0.4	0.4	0	0	0.45
24900	0.45	0.39	0.39	0	0	0.45
25000	0.45	0.39	0.39	0	0	0.45
25100	0.45	0.39	0.39	0	0	0.45
25200	0.46	0.39	0.39	0	0	0.46
25300	0.46	0.39	0.39	0	0	0.46
25400	0.46	0.39	0.39	0	0	0.46
25500	0.47	0.38	0.38	0	0	0.47
25600	0.47	0.38	0.38	0	0	0.47
25700	0.47	0.37	0.37	0	0	0.47
25800	0.47	0.37	0.37	0	0	0.47
25900	0.47	0.37	0.37	0	0	0.47
26000	0.48	0.37	0.37	0	0	0.48
26100	0.48	0.36	0.36	0	0	0.48
26200	0.47	0.36	0.36	0	0	0.47
26300	0.47	0.36	0.36	0	0	0.47
26400	0.47	0.36	0.36	0	0	0.47
26500	0.47	0.37	0.37	0	0	0.47
26600	0.48	0.37	0.37	0	0	0.48
26700	0.47	0.37	0.37	0	0	0.47
26800	0.47	0.38	0.38	0	0	0.47
26900	0.47	0.4	0.4	0	0	0.47
27000	0.47	0.4	0.4	0	0	0.47
27100	0.47	0.4	0.4	0	0	0.47
27200	0.47	0.4	0.4	0	0	0.47
27300	0.48	0.4	0.4	0	0	0.48
27400	0.47	0.4	0.4	0	0	0.47
27500	0.48	0.4	0.4	0	0	0.48
27600	0.48	0.4	0.4	0	0	0.48
27700	0.48	0.4	0.4	0	0	0.48
27800	0.48	0.4	0.4	0	0	0.48
27900	0.48	0.4	0.4	0	0	0.48
28000	0.48	0.4	0.4	0	0	0.48
28100	0.48	0.4	0.4	0	0	0.48
28200	0.48	0.4	0.4	0	0	0.48
28300	0.48	0.4	0.4	0	0	0.48
28400	0.48	0.39	0.39	0	0	0.48
28500	0.48	0.39	0.39	0	0	0.48
28600	0.47	0.4	0.4	0	0	0.47
28700	0.47	0.4	0.4	0	0	0.47
28800	0.47	0.4	0.4	0	0	0.47
28900	0.47	0.4	0.4	0	0	0.47
29000	0.47	0.4	0.4	0	0	0.47
29100	0.47	0.4	0.4	0	0	0.47
29200	0.45	0.41	0.41	0	0	0.45
29300	0.45	0.41	0.41	0	0	0.45
29400	0.44	0.41	0.41	0	0	0.44
29500	0.44	0.4	0.4	0	0	0.44
29600	0.43	0.4	0.4	0	0	0.43
29700	0.43	0.4	0.4	0	0	0.43
29800	0.43	0.41	0.41	0	0	0.43
29900	0.43	0.42	0.42	0	0	0.43
30000	0.44	0.42	0.42	0	0	0.44
30100	0.44	0.43	0.43	0	0	0.44
30200	0.44	0.43	0.43	0	0	0.44
30300	0.44	0.43	0.43	0	0	0.44
30400	0.43	0.44	0.44	0	0	0.43
30500	0.43	0.44	0.44	0	0	0.43
30600	0.44	0.44	0.44	0	0	0.44
30700	0.44	0.44	0.44	0	0	0.44
30800	0.44	0.44	0.44	0	0	0.44
30900	0.44	0.45	0.45	0	0	0.44
31000	0.44	0.46	0.46	0	0	0.44
31100	0.44	0.46	0.46	0	0	0.44
31200	0.44	0.46	0.46	0	0	0.44
31300	0.44	0.46	0.46	0	0	0.44
31400	0.44	0.45	0.45	0	0	0.44
31500	0.44	0.45	0.45	0	0	0.44
31600	0.44	0.45	0.45	0	0	0.44
31700	0.44	0.45	0.45	0	0	0.44
31800	0.44	0.45	0.45	0	0	0.44
31900	0.44	0.45	0.45	0	0	0.44
32000	0.44	0.45	0.45	0	0	0.44
32100	0.44	0.45	0.45	0	0	0.44
32200	0.44	0.45	0.45	0	0	0.44
32300	0.44	0.45	0.45	0	0	0.44
32400	0.45	0.45	0.45	0	0	0.45
32500	0.45	0.44	0.44	0	0	0.45
32600	0.45	0.44	0.44	0	0	0.45
32700	0.45	0.44	0.44	0	0	0.45
32800	0.45	0.44	0.44	0	0	0.45
32900	0.45	0.44	0.44	0	0	0.45
33000	0.45	0.44	0.44	0	0	0.45
33100	0.45	0.44	0.44	0	0	0.45
33200	0.46	0.43	0.43	0	0	0.46
33300	0.46	0.43	0.43	0	0	0.46
33400	0.46	0.43	0.43	0	0	0.46
33500	0.46	0.43	0.43	0	0	0.46
33600	0.46	0.43	0.43	0	0	0.46
33700	0.46	0.43	0.43	0	0	0.46
33800	0.46	0.43	0.43	0	0	0.46
33900	0.46	0.43	0.43	0	0	0.46
34000	0.46	0.43	0.43	0	0	0.46
34100	0.46	0.43	0.43	0	0	0.46
34200	0.46	0.43	0.43	0	0	0.46
34300	0.45	0.43	0.43	0	0	0.45
34400	0.45	0.43	0.43	0	0	0.45
34500	0.45	0.43	0.43	0	0	0.45
34600	0.46	0.43	0.43	0	0	0.46
34700	0.46	0.44	0.44	0	0	0.46
34800	0.46	0.44	0.44	0	0	0.46
34900	0.46	0.44	0.44	0	0	0.46
35000	0.46	0.44	0.44	0	0	0.46
35100	0.46	0.44	0.44	0	0	0.46
35200	0.46	0.44	0.44	0	0	0.46
35300	0.46	0.44	0.44	0	0	0.46
35400	0.46	0.44	0.44	0	0	0.46
35500	0.47	0.44	0.44	0	0	0.47
35600	0.47	0.44	0.44	0	0	0.47
35700	0.47	0.44	0.44	0	0	0.47
35800	0.47	0.44	0.44	0	0	0.47
35900	0.47	0.44	0.44	0	0	0.47
36000	0.47	0.44	0.44	0	0	0.47
36100	0.47	0.44	0.44	0	0	0.47
36200	0.47	0.44	0.44	0	0	0.47
36300	0.47	0.44	0.44	0	0	0.47
36400	0.47	0.44	0.44	0	0	0.47
36500	0.47	0.44	0.44	0	0	0.47
36600	0.47	0.44	0.44	0	0	0.47
36700	0.47	0.43	0.43	0	0	0.47
36800	0.47	0.44	0.44	0	0	0.47
36900	0.47	0.44	0.44	0	0	0.47
37000	0.47	0.44	0.44	0	0	0.47
37100	0.47	0.44	0.44	0	0	0.47
37200	0.46	0.44	0.44	0	0	0.46
37300	0.46	0.44	0.44	0	0	0.46
37400	0.46	0.44	0.44	0	0	0.46
37500	0.47	0.44	0.44	0	0	0.47
37600	0.47	0.44	0.44	0	0	0.47
37700	0.47	0.44	0.44	0	0	0.47
37800	0.47	0.45	0.45	0	0	0.47
37900	0.47	0.45	0.45	0	0	0.47
38000	0.47	0.45	0.45	0	0	0.47
38100	0.46	0.45	0.45	0	0	0.46
38200	0.46	0.45	0.45	0	0	0.46
38300	0.46	0.45	0.45	0	0	0.46
38400	0.46	0.45	0.45	0	0	0.46
38500	0.44	0.45	0.45	0	0	0.44
38600	0.44	0.45	0.45	0	0	0.44
38700	0.44	0.43	0.43	0	0	0.44
38800	0.44	0.43	0.43	0	0	0.44
38900	0.44	0.43	0.43	0	0	0.44
39000	0.44	0.43	0.43	0	0	0.44
39100	0.44	0.43	0.43	0	0	0.44
39200	0.44	0.43	0.43	0	0	0.44
39300	0.44	0.43	0.43	0	0	0.44
39400	0.43	0.43	0.43	0	0	0.43
39500	0.43	0.43	0.43	0	0	0.43
39600	0.43	0.43	0.43	0	0	0.43
39700	0.43	0.42	0.42	0	0	0.43
39800	0.43	0.42	0.42	0	0	0.43
39900	0.43	0.42	0.42	0	0	0.43
40000	0.43	0.42	0.42	0	0	0.43
40100	0.43	0.42	0.42	0	0	0.43
40200	0.43	0.42	0.42	0	0	0.43
40300	0.43	0.41	0.41	0	0	0.43
40400	0.43	0.41	0.41	0	0	0.43
40500	0.43	0.41	0.41	0	0	0.43
40600	0.43	0.41	0.41	0	0	0.43
40700	0.43	0.4	0.4	0	0	0.43
40800	0.43	0.4	0.4	0	0	0.43
40900	0.42	0.4	0.4	0	0	0.42
41000	0.42	0.4	0.4	0	0	0.42
41100	0.42	0.4	0.4	0	0	0.42
41200	0.42	0.4	0.4	0	0	0.42
41300	0.42	0.39	0.39	0	0	0.42
41400	0.42	0.39	0.39	0	0	0.42
41500	0.42	0.4	0.4	0	0	0.42
41600	0.42	0.41	0.41	0	0	0.42
41700	0.42	0.42	0.42	0	0	0.42
41800	0.42	0.42	0.42	0	0	0.42
41900	0.42	0.42	0.42	0	0	0.42
42000	0.42	0.43	0.43	0	0	0.42
42100	0.42	0.42	0.42	0	0	0.42
42200	0.41	0.41	0.41	0	0	0.41
42300	0.41	0.42	0.42	0	0	0.41
42400	0.41	0.42	0.42	0	0	0.41
42500	0.41	0.42	0.42	0	0	0.41
42600	0.41	0.43	0.43	0	0	0.41
42700	0.41	0.43	0.43	0	0	0.41
42800	0.41	0.42	0.42	0	0	0.41
42900	0.41	0.42	0.42	0	0	0.41
43000	0.41	0.42	0.42	0	0	0.41
43100	0.41	0.42	0.42	0	0	0.41
43200	0.41	0.42	0.42	0	0	0.41
43300	0.41	0.42	0.42	0	0	0.41
43400	0.41	0.42	0.42	0	0	0.41
43500	0.41	0.42	0.42	0	0	0.41
43600	0.41	0.42	0.42	0	0	0.41
43700	0.41	0.42	0.42	0	0	0.41
43800	0.41	0.42	0.42	0	0	0.41
43900	0.41	0.42	0.42	0	0	0.41
44000	0.41	0.42	0.42	0	0	0.41
44100	0.41	0.42	0.42	0	0	0.41
44200	0.41	0.42	0.42	0	0	0.41
44300	0.42	0.42	0.42	0	0	0.42
44400	0.42	0.42	0.42	0	0	0.42
44500	0.42	0.42	0.42	0	0	0.42
44600	0.42	0.42	0.42	0	0	0.42
44700	0.41	0.42	0.42	0	0	0.41
44800	0.41	0.44	0.44	0	0	0.41
44900	0.4	0.43	0.43	0	0	0.4
45000	0.4	0.43	0.43	0	0	0.4
45100	0.4	0.43	0.43	0	0	0.4
45200	0.39	0.42	0.42	0	0	0.39
45300	0.4	0.42	0.42	0	0	0.4
45400	0.4	0.43	0.43	0	0	0.4
45500	0.4	0.43	0.43	0	0	0.4
45600	0.4	0.43	0.43	0	0	0.4
45700	0.4	0.43	0.43	0	0	0.4
45800	0.41	0.42	0.42	0	0	0.41
45900	0.4	0.42	0.42	0	0	0.4
46000	0.4	0.42	0.42	0	0	0.4
46100	0.4	0.42	0.42	0	0	0.4
46200	0.4	0.42	0.42	0	0	0.4
46300	0.4	0.42	0.42	0	0	0.4
46400	0.4	0.42	0.42	0	0	0.4
46500	0.4	0.42	0.42	0	0	0.4
46600	0.4	0.41	0.41	0	0	0.4
46700	0.4	0.41	0.41	0	0	0.4
46800	0.4	0.41	0.41	0	0	0.4
46900	0.4	0.41	0.41	0	0	0.4
47000	0.41	0.41	0.41	0	0	0.41
47100	0.41	0.41	0.41	0	0	0.41
47200	0.41	0.41	0.41	0	0	0.41
47300	0.41	0.41	0.41	0	0	0.41
47400	0.41	0.41	0.41	0	0	0.41
47500	0.41	0.41	0.41	0	0	0.41
47600	0.41	0.41	0.41	0	0	0.41
47700	0.41	0.41	0.41	0	0	0.41
47800	0.41	0.41	0.41	0	0	0.41
47900	0.41	0.41	0.41	0	0	0.41
48000	0.41	0.41	0.41	0	0	0.41
48100	0.42	0.41	0.41	0	0	0.42
48200	0.42	0.41	0.41	0	0	0.42
48300	0.42	0.41	0.41	0	0	0.42
48400	0.42	0.41	0.41	0	0	0.42
48500	0.42	0.41	0.41	0	0	0.42
48600	0.43	0.41	0.41	0	0	0.43
48700	0.44	0.4	0.4	0	0	0.44
48800	0.44	0.4	0.4	0	0	0.44
48900	0.44	0.41	0.41	0	0	0.44
49000	0.44	0.42	0.42	0	0	0.44
49100	0.44	0.42	0.42	0	0	0.44
49200	0.44	0.42	0.42	0	0	0.44
49300	0.43	0.42	0.42	0	0	0.43
49400	0.43	0.42	0.42	0	0	0.43
49500	0.43	0.43	0.43	0	0	0.43
49600	0.43	0.43	0.43	0	0	0.43
49700	0.43	0.42	0.42	0	0	0.43
49800	0.43	0.42	0.42	0	0	0.43
49900	0.43	0.42	0.42	0	0	0.43
50000	0.43	0.42	0.42	0	0	0.43
50100	0.43	0.42	0.42	0	0	0.43
50200	0.44	0.42	0.42	0	0	0.44
50300	0.43	0.42	0.42	0	0	0.43
50400	0.43	0.42	0.42	0	0	0.43
50500	0.43	0.42	0.42	0	0	0.43
50600	0.43	0.42	0.42	0	0	0.43
50700	0.43	0.42	0.42	0	0	0.43
50800	0.43	0.42	0.42	0	0	0.43
50900	0.43	0.42	0.42	0	0	0.43
51000	0.44	0.43	0.43	0	0	0.44
51100	0.44	0.43	0.43	0	0	0.44
51200	0.44	0.43	0.43	0	0	0.44
51300	0.43	0.43	0.43	0	0	0.43
51400	0.44	0.43	0.43	0	0	0.44
51500	0.44	0.42	0.42	0	0	0.44
51600	0.44	0.42	0.42	0	0	0.44
51700	0.44	0.42	0.42	0	0	0.44
51800	0.44	0.42	0.42	0	0	0.44
51900	0.43	0.43	0.43	0	0	0.43
52000	0.43	0.43	0.43	0	0	0.43
52100	0.43	0.43	0.43	0	0	0.43
52200	0.43	0.43	0.43	0	0	0.43
52300	0.43	0.43	0.43	0	0	0.43
52400	0.43	0.43	0.43	0	0	0.43
52500	0.43	0.43	0.43	0	0	0.43
52600	0.43	0.43	0.43	0	0	0.43
52700	0.43	0.43	0.43	0	0	0.43
52800	0.43	0.43	0.43	0	0	0.43
52900	0.43	0.43	0.43	0	0	0.43
53000	0.43	0.43	0.43	0	0	0.43
53100	0.43	0.44	0.44	0	0	0.43
53200	0.43	0.44	0.44	0	0	0.43
53300	0.43	0.44	0.44	0	0	0.43
53400	0.43	0.44	0.44	0	0	0.43
53500	0.44	0.44	0.44	0	0	0.44
53600	0.43	0.44	0.44	0	0	0.43
53700	0.44	0.44	0.44	0	0	0.44
53800	0.44	0.44	0.44	0	0	0.44
53900	0.44	0.44	0.44	0	0	0.44
54000	0.44	0.44	0.44	0	0	0.44
54100	0.44	0.44	0.44	0	0	0.44
54200	0.44	0.44	0.44	0	0	0.44
54300	0.44	0.45	0.45	0	0	0.44
54400	0.44	0.45	0.45	0	0	0.44
54500	0.44	0.45	0.45	0	0	0.44
54600	0.44	0.45	0.45	0	0	0.44
54700	0.44	0.45	0.45	0	0	0.44
54800	0.44	0.44	0.44	0	0	0.44
54900	0.44	0.44	0.44	0	0	0.44
55000	0.44	0.44	0.44	0	0	0.44
55100	0.45	0.44	0.44	0	0	0.45
55200	0.45	0.44	0.44	0	0	0.45
55300	0.45	0.44	0.44	0	0	0.45
55400	0.45	0.44	0.44	0	0	0.45
55500	0.45	0.43	0.43	0	0	0.45
55600	0.45	0.43	0.43	0	0	0.45
55700	0.45	0.43	0.43	0	0	0.45
55800	0.45	0.44	0.44	0	0	0.45
55900	0.45	0.44	0.44	0	0	0.45
56000	0.45	0.44	0.44	0	0	0.45
56100	0.45	0.44	0.44	0	0	0.45
56200	0.45	0.44	0.44	0	0	0.45
56300	0.45	0.44	0.44	0	0	0.45
56400	0.45	0.44	0.44	0	0	0.45
56500	0.45	0.44	0.44	0	0	0.45
56600	0.45	0.44	0.44	0	0	0.45
56700	0.45	0.44	0.44	0	0	0.45
56800	0.45	0.44	0.44	0	0	0.45
56900	0.45	0.44	0.44	0	0	0.45
57000	0.45	0.44	0.44	0	0	0.45
57100	0.45	0.44	0.44	0	0	0.45
57200	0.45	0.44	0.44	0	0	0.45
57300	0.44	0.44	0.44	0	0	0.44
57400	0.44	0.44	0.44	0	0	0.44
57500	0.44	0.44	0.44	0	0	0.44
57600	0.45	0.44	0.44	0	0	0.45
57700	0.45	0.44	0.44	0	0	0.45
57800	0.45	0.44	0.44	0	0	0.45
57900	0.45	0.44	0.44	0	0	0.45
58000	0.45	0.44	0.44	0	0	0.45
58100	0.45	0.45	0.45	0	0	0.45
58200	0.46	0.45	0.45	0	0	0.46
58300	0.46	0.45	0.45	0	0	0.46
58400	0.46	0.45	0.45	0	0	0.46
58500	0.46	0.45	0.45	0	0	0.46
58600	0.46	0.45	0.45	0	0	0.46
58700	0.46	0.45	0.45	0	0	0.46
58800	0.46	0.45	0.45	0	0	0.46
58900	0.46	0.45	0.45	0	0	0.46
59000	0.46	0.45	0.45	0	0	0.46
59100	0.46	0.45	0.45	0	0	0.46
59200	0.46	0.45	0.45	0	0	0.46
59300	0.46	0.45	0.45	0	0	0.46
59400	0.46	0.46	0.46	0	0	0.46
59500	0.46	0.46	0.46	0	0	0.46
59600	0.46	0.46	0.46	0	0	0.46
59700	0.46	0.46	0.46	0	0	0.46
59800	0.46	0.46	0.46	0	0	0.46
59900	0.46	0.46	0.46	0	0	0.46
60000	0.46	0.46	0.46	0	0	0.46
60100	0.46	0.46	0.46	0	0	0.46
60200	0.46	0.45	0.45	0	0	0.46
60300	0.46	0.45	0.45	0	0	0.46
60400	0.46	0.45	0.45	0	0	0.46
60500	0.46	0.45	0.45	0	0	0.46
60600	0.46	0.45	0.45	0	0	0.46
60700	0.46	0.45	0.45	0	0	0.46
60800	0.46	0.46	0.46	0	0	0.46
60900	0.46	0.46	0.46	0	0	0.46
61000	0.46	0.46	0.46	0	0	0.46
61100	0.46	0.46	0.46	0	0	0.46
61200	0.47	0.46	0.46	0	0	0.47
61300	0.47	0.46	0.46	0	0	0.47
61400	0.47	0.46	0.46	0	0	0.47
61500	0.47	0.46	0.46	0	0	0.47
61600	0.47	0.46	0.46	0	0	0.47
61700	0.47	0.46	0.46	0	0	0.47
61800	0.47	0.46	0.46	0	0	0.47
61900	0.47	0.46	0.46	0	0	0.47
62000	0.47	0.46	0.46	0	0	0.47
62100	0.47	0.46	0.46	0	0	0.47
62200	0.47	0.47	0.47	0	0	0.47
62300	0.47	0.47	0.47	0	0	0.47
62400	0.47	0.47	0.47	0	0	0.47
62500	0.47	0.47	0.47	0	0	0.47
62600	0.46	0.47	0.47	0	0	0.46
62700	0.46	0.47	0.47	0	0	0.46
62800	0.46	0.47	0.47	0	0	0.46
62900	0.45	0.47	0.47	0	0	0.45
63000	0.46	0.47	0.47	0	0	0.46
63100	0.46	0.48	0.48	0	0	0.46
63200	0.46	0.48	0.48	0	0	0.46
63300	0.46	0.48	0.48	0	0	0.46
63400	0.46	0.48	0.48	0	0	0.46
63500	0.46	0.48	0.48	0	0	0.46
63600	0.46	0.48	0.48	0	0	0.46
63700	0.46	0.48	0.48	0	0	0.46
63800	0.46	0.47	0.47	0	0	0.46
63900	0.46	0.47	0.47	0	0	0.46
64000	0.46	0.47	0.47	0	0	0.46
64100	0.46	0.47	0.47	0	0	0.46
64200	0.46	0.47	0.47	0	0	0.46
64300	0.46	0.47	0.47	0	0	0.46
64400	0.46	0.47	0.47	0	0	0.46
64500	0.46	0.47	0.47	0	0	0.46
64600	0.46	0.47	0.47	0	0	0.46
64700	0.46	0.47	0.47	0	0	0.46
64800	0.46	0.47	0.47	0	0	0.46
64900	0.46	0.47	0.47	0	0	0.46
65000	0.46	0.47	0.47	0	0	0.46
65100	0.46	0.47	0.47	0	0	0.46
65200	0.46	0.47	0.47	0	0	0.46
65300	0.46	0.47	0.47	0	0	0.46
65400	0.46	0.47	0.47	0	0	0.46
65500	0.46	0.47	0.47	0	0	0.46
65600	0.46	0.47	0.47	0	0	0.46
65700	0.46	0.47	0.47	0	0	0.46
65800	0.46	0.47	0.47	0	0	0.46
65900	0.46	0.47	0.47	0	0	0.46
66000	0.46	0.47	0.47	0	0	0.46
66100	0.46	0.47	0.47	0	0	0.46
66200	0.46	0.47	0.47	0	0	0.46
66300	0.46	0.47	0.47	0	0	0.46
66400	0.46	0.48	0.48	0	0	0.46
66500	0.46	0.48	0.48	0	0	0.46
66600	0.46	0.48	0.48	0	0	0.46
66700	0.46	0.48	0.48	0	0	0.46
66800	0.46	0.48	0.48	0	0	0.46
66900	0.46	0.48	0.48	0	0	0.46
67000	0.46	0.48	0.48	0	0	0.46
67100	0.46	0.49	0.49	0	0	0.46
67200	0.46	0.49	0.49	0	0	0.46
67300	0.46	0.49	0.49	0	0	0.46
67400	0.46	0.5	0.5	0	0	0.46
67500	0.46	0.49	0.49	0	0	0.46
67600	0.46	0.49	0.49	0	0	0.46
67700	0.46	0.49	0.49	0	0	0.46
67800	0.46	0.49	0.49	0	0	0.46
67900	0.46	0.49	0.49	0	0	0.46
68000	0.45	0.49	0.49	0	0	0.45
68100	0.45	0.48	0.48	0	0	0.45
68200	0.45	0.48	0.48	0	0	0.45
68300	0.45	0.48	0.48	0	0	0.45
68400	0.45	0.48	0.48	0	0	0.45
68500	0.45	0.48	0.48	0	0	0.45
68600	0.45	0.47	0.47	0	0	0.45
68700	0.45	0.47	0.47	0	0	0.45
68800	0.45	0.47	0.47	0	0	0.45
68900	0.45	0.47	0.47	0	0	0.45
69000	0.45	0.47	0.47	0	0	0.45
69100	0.45	0.47	0.47	0	0	0.45
69200	0.45	0.47	0.47	0	0	0.45
69300	0.45	0.47	0.47	0	0	0.45
69400	0.45	0.47	0.47	0	0	0.45
69500	0.45	0.47	0.47	0	0	0.45
69600	0.45	0.47	0.47	0	0	0.45
69700	0.45	0.47	0.47	0	0	0.45
69800	0.45	0.47	0.47	0	0	0.45
69900	0.45	0.47	0.47	0	0	0.45
70000	0.45	0.48	0.48	0	0	0.45
70100	0.45	0.47	0.47	0	0	0.45
70200	0.45	0.47	0.47	0	0	0.45
70300	0.45	0.47	0.47	0	0	0.45
70400	0.45	0.47	0.47	0	0	0.45
70500	0.45	0.47	0.47	0	0	0.45
70600	0.45	0.47	0.47	0	0	0.45
70700	0.45	0.47	0.47	0	0	0.45
70800	0.45	0.48	0.48	0	0	0.45
70900	0.45	0.48	0.48	0	0	0.45
71000	0.45	0.48	0.48	0	0	0.45
71100	0.45	0.48	0.48	0	0	0.45
71200	0.45	0.48	0.48	0	0	0.45
71300	0.45	0.48	0.48	0	0	0.45
71400	0.45	0.48	0.48	0	0	0.45
71500	0.45	0.49	0.49	0	0	0.45
71600	0.45	0.49	0.49	0	0	0.45
71700	0.45	0.49	0.49	0	0	0.45
71800	0.45	0.49	0.49	0	0	0.45
71900	0.45	0.49	0.49	0	0	0.45
72000	0.45	0.49	0.49	0	0	0.45
72100	0.45	0.48	0.48	0	0	0.45
72200	0.45	0.47	0.47	0	0	0.45
72300	0.45	0.47	0.47	0	0	0.45
72400	0.45	0.47	0.47	0	0	0.45
72500	0.45	0.47	0.47	0	0	0.45
72600	0.45	0.47	0.47	0	0	0.45
72700	0.45	0.47	0.47	0	0	0.45
72800	0.45	0.47	0.47	0	0	0.45
72900	0.45	0.47	0.47	0	0	0.45
73000	0.45	0.47	0.47	0	0	0.45
73100	0.45	0.47	0.47	0	0	0.45
73200	0.45	0.47	0.47	0	0	0.45
73300	0.45	0.47	0.47	0	0	0.45
73400	0.45	0.47	0.47	0	0	0.45
73500	0.45	0.47	0.47	0	0	0.45
73600	0.45	0.47	0.47	0	0	0.45
73700	0.46	0.47	0.47	0	0	0.46
73800	0.46	0.47	0.47	0	0	0.46
73900	0.46	0.47	0.47	0	0	0.46
74000	0.46	0.47	0.47	0	0	0.46
74100	0.46	0.47	0.47	0	0	0.46
74200	0.46	0.47	0.47	0	0	0.46
74300	0.46	0.47	0.47	0	0	0.46
74400	0.46	0.47	0.47	0	0	0.46
74500	0.45	0.47	0.47	0	0	0.45
74600	0.45	0.47	0.47	0	0	0.45
74700	0.45	0.47	0.47	0	0	0.45
74800	0.45	0.47	0.47	0	0	0.45
74900	0.45	0.47	0.47	0	0	0.45
75000	0.45	0.47	0.47	0	0	0.45
75100	0.44	0.47	0.47	0	0	0.44
75200	0.44	0.46	0.46	0	0	0.44
75300	0.44	0.47	0.47	0	0	0.44
75400	0.44	0.47	0.47	0	0	0.44
75500	0.44	0.47	0.47	0	0	0.44
75600	0.44	0.47	0.47	0	0	0.44
75700	0.44	0.47	0.47	0	0	0.44
75800	0.43	0.47	0.47	0	0	0.43
75900	0.43	0.47	0.47	0	0	0.43
76000	0.43	0.47	0.47	0	0	0.43
76100	0.43	0.47	0.47	0	0	0.43
76200	0.43	0.47	0.47	0	0	0.43
76300	0.43	0.47	0.47	0	0	0.43
76400	0.43	0.47	0.47	0	0	0.43
76500	0.43	0.47	0.47	0	0	0.43
76600	0.43	0.47	0.47	0	0	0.43
76700	0.43	0.47	0.47	0	0	0.43
76800	0.43	0.47	0.47	0	0	0.43
76900	0.43	0.47	0.47	0	0	0.43
77000	0.43	0.47	0.47	0	0	0.43
77100	0.43	0.47	0.47	0	0	0.43
77200	0.43	0.47	0.47	0	0	0.43
77300	0.43	0.48	0.48	0	0	0.43
77400	0.43	0.48	0.48	0	0	0.43
77500	0.43	0.48	0.48	0	0	0.43
77600	0.43	0.48	0.48	0	0	0.43
77700	0.43	0.48	0.48	0	0	0.43
77800	0.43	0.48	0.48	0	0	0.43
77900	0.43	0.48	0.48	0	0	0.43
78000	0.43	0.47	0.47	0	0	0.43
78100	0.43	0.47	0.47	0	0	0.43
78200	0.43	0.47	0.47	0	0	0.43
78300	0.43	0.47	0.47	0	0	0.43
78400	0.43	0.47	0.47	0	0	0.43
78500	0.43	0.47	0.47	0	0	0.43
78600	0.43	0.47	0.47	0	0	0.43
78700	0.43	0.47	0.47	0	0	0.43
78800	0.44	0.47	0.47	0	0	0.44
78900	0.44	0.47	0.47	0	0	0.44
79000	0.43	0.47	0.47	0	0	0.43
79100	0.43	0.47	0.47	0	0	0.43
79200	0.43	0.47	0.47	0	0	0.43
79300	0.43	0.47	0.47	0	0	0.43
79400	0.42	0.47	0.47	0	0	0.42
79500	0.42	0.47	0.47	0	0	0.42
79600	0.42	0.47	0.47	0	0	0.42
79700	0.42	0.48	0.48	0	0	0.42
79800	0.42	0.48	0.48	0	0	0.42
79900	0.42	0.49	0.49	0	0	0.42
80000	0.42	0.49	0.49	0	0	0.42
80100	0.42	0.48	0.48	0	0	0.42
80200	0.42	0.48	0.48	0	0	0.42
80300	0.42	0.48	0.48	0	0	0.42
80400	0.42	0.49	0.49	0	0	0.42
80500	0.42	0.49	0.49	0	0	0.42
80600	0.42	0.49	0.49	0	0	0.42
80700	0.42	0.49	0.49	0	0	0.42
80800	0.42	0.49	0.49	0	0	0.42
80900	0.42	0.49	0.49	0	0	0.42
81000	0.42	0.49	0.49	0	0	0.42
81100	0.42	0.48	0.48	0	0	0.42
81200	0.42	0.48	0.48	0	0	0.42
81300	0.42	0.48	0.48	0	0	0.42
81400	0.42	0.48	0.48	0	0	0.42
81500	0.42	0.48	0.48	0	0	0.42
81600	0.42	0.48	0.48	0	0	0.42
81700	0.42	0.48	0.48	0	0	0.42
81800	0.42	0.48	0.48	0	0	0.42
81900	0.43	0.48	0.48	0	0	0.43
82000	0.43	0.48	0.48	0	0	0.43
82100	0.43	0.47	0.47	0	0	0.43
82200	0.43	0.47	0.47	0	0	0.43
82300	0.43	0.48	0.48	0	0	0.43
82400	0.43	0.48	0.48	0	0	0.43
82500	0.43	0.48	0.48	0	0	0.43
82600	0.43	0.48	0.48	0	0	0.43
82700	0.43	0.48	0.48	0	0	0.43
82800	0.43	0.48	0.48	0	0	0.43
82900	0.43	0.48	0.48	0	0	0.43
83000	0.43	0.48	0.48	0	0	0.43
83100	0.43	0.48	0.48	0	0	0.43
83200	0.43	0.49	0.49	0	0	0.43
83300	0.43	0.49	0.49	0	0	0.43
83400	0.43	0.5	0.5	0	0	0.43
83500	0.43	0.49	0.49	0	0	0.43
83600	0.43	0.49	0.49	0	0	0.43
83700	0.43	0.49	0.49	0	0	0.43
83800	0.43	0.49	0.49	0	0	0.43
83900	0.43	0.49	0.49	0	0	0.43
84000	0.43	0.49	0.49	0	0	0.43
84100	0.43	0.48	0.48	0	0	0.43
84200	0.43	0.48	0.48	0	0	0.43
84300	0.43	0.48	0.48	0	0	0.43
84400	0.43	0.48	0.48	0	0	0.43
84500	0.43	0.48	0.48	0	0	0.43
84600	0.43	0.47	0.47	0	0	0.43
84700	0.43	0.47	0.47	0	0	0.43
84800	0.43	0.47	0.47	0	0	0.43
84900	0.42	0.47	0.47	0	0	0.42
85000	0.42	0.47	0.47	0	0	0.42
85100	0.42	0.46	0.46	0	0	0.42
85200	0.42	0.47	0.47	0	0	0.42
85300	0.42	0.45	0.45	0	0	0.42
85400	0.42	0.45	0.45	0	0	0.42
85500	0.42	0.45	0.45	0	0	0.42
85600	0.42	0.45	0.45	0	0	0.42
85700	0.42	0.45	0.45	0	0	0.42
85800	0.42	0.45	0.45	0	0	0.42
85900	0.42	0.45	0.45	0	0	0.42
86000	0.42	0.45	0.45	0	0	0.42
86100	0.42	0.45	0.45	0	0	0.42
86200	0.42	0.45	0.45	0	0	0.42
86300	0.41	0.45	0.45	0	0	0.41
86400	0.41	0.45	0.45	0	0	0.41
86500	0.41	0.45	0.45	0	0	0.41
86600	0.41	0.44	0.44	0	0	0.41
86700	0.41	0.44	0.44	0	0	0.41
86800	0.41	0.44	0.44	0	0	0.41
86900	0.41	0.44	0.44	0	0	0.41
87000	0.42	0.44	0.44	0	0	0.42
87100	0.41	0.44	0.44	0	0	0.41
87200	0.41	0.44	0.44	0	0	0.41
87300	0.41	0.44	0.44	0	0	0.41
87400	0.41	0.44	0.44	0	0	0.41
87500	0.41	0.44	0.44	0	0	0.41
87600	0.41	0.43	0.43	0	0	0.41
87700	0.41	0.43	0.43	0	0	0.41
87800	0.41	0.43	0.43	0	0	0.41
87900	0.41	0.43	0.43	0	0	0.41
88000	0.41	0.43	0.43	0	0	0.41
88100	0.41	0.44	0.44	0	0	0.41
88200	0.41	0.44	0.44	0	0	0.41
88300	0.41	0.44	0.44	0	0	0.41
88400	0.41	0.44	0.44	0	0	0.41
88500	0.41	0.43	0.43	0	0	0.41
88600	0.41	0.43	0.43	0	0	0.41
88700	0.41	0.43	0.43	0	0	0.41
88800	0.41	0.44	0.44	0	0	0.41
88900	0.41	0.44	0.44	0	0	0.41
89000	0.41	0.44	0.44	0	0	0.41
89100	0.41	0.45	0.45	0	0	0.41
89200	0.41	0.45	0.45	0	0	0.41
89300	0.41	0.45	0.45	0	0	0.41
89400	0.41	0.45	0.45	0	0	0.41
89500	0.41	0.45	0.45	0	0	0.41
89600	0.41	0.44	0.44	0	0	0.41
89700	0.41	0.44	0.44	0	0	0.41
89800	0.41	0.44	0.44	0	0	0.41
89900	0.41	0.45	0.45	0	0	0.41
90000	0.41	0.45	0.45	0	0	0.41
90100	0.41	0.45	0.45	0	0	0.41
90200	0.41	0.45	0.45	0	0	0.41
90300	0.42	0.45	0.45	0	0	0.42
90400	0.42	0.45	0.45	0	0	0.42
90500	0.42	0.45	0.45	0	0	0.42
90600	0.42	0.45	0.45	0	0	0.42
90700	0.42	0.45	0.45	0	0	0.42
90800	0.42	0.46	0.46	0	0	0.42
90900	0.42	0.47	0.47	0	0	0.42
91000	0.43	0.48	0.48	0	0	0.43
91100	0.43	0.48	0.48	0	0	0.43
91200	0.43	0.48	0.48	0	0	0.43
91300	0.43	0.48	0.48	0	0	0.43
91400	0.43	0.48	0.48	0	0	0.43
91500	0.43	0.48	0.48	0	0	0.43
91600	0.43	0.48	0.48	0	0	0.43
91700	0.44	0.48	0.48	0	0	0.44
91800	0.44	0.48	0.48	0	0	0.44
91900	0.43	0.49	0.49	0	0	0.43
92000	0.42	0.49	0.49	0	0	0.42
92100	0.42	0.49	0.49	0	0	0.42
92200	0.42	0.49	0.49	0	0	0.42
92300	0.42	0.49	0.49	0	0	0.42
92400	0.42	0.49	0.49	0	0	0.42
92500	0.42	0.49	0.49	0	0	0.42
92600	0.43	0.49	0.49	0	0	0.43
92700	0.43	0.49	0.49	0	0	0.43
92800	0.43	0.49	0.49	0	0	0.43
92900	0.42	0.49	0.49	0	0	0.42
93000	0.42	0.49	0.49	0	0	0.42
93100	0.42	0.49	0.49	0	0	0.42
93200	0.42	0.49	0.49	0	0	0.42
93300	0.42	0.49	0.49	0	0	0.42
93400	0.42	0.49	0.49	0	0	0.42
93500	0.42	0.49	0.49	0	0	0.42
93600	0.42	0.49	0.49	0	0	0.42
93700	0.42	0.49	0.49	0	0	0.42
93800	0.42	0.49	0.49	0	0	0.42
93900	0.42	0.49	0.49	0	0	0.42
94000	0.42	0.49	0.49	0	0	0.42
94100	0.42	0.49	0.49	0	0	0.42
94200	0.42	0.49	0.49	0	0	0.42
94300	0.42	0.49	0.49	0	0	0.42
94400	0.42	0.49	0.49	0	0	0.42
94500	0.42	0.49	0.49	0	0	0.42
94600	0.42	0.49	0.49	0	0	0.42
94700	0.42	0.49	0.49	0	0	0.42
94800	0.42	0.48	0.48	0	0	0.42
94900	0.42	0.48	0.48	0	0	0.42
95000	0.42	0.48	0.48	0	0	0.42
95100	0.43	0.48	0.48	0	0	0.43
95200	0.43	0.48	0.48	0	0	0.43
95300	0.43	0.48	0.48	0	0	0.43
95400	0.43	0.48	0.48	0	0	0.43
95500	0.43	0.48	0.48	0	0	0.43
95600	0.43	0.48	0.48	0	0	0.43
95700	0.43	0.48	0.48	0	0	0.43
95800	0.42	0.48	0.48	0	0	0.42
95900	0.42	0.48	0.48	0	0	0.42
96000	0.42	0.48	0.48	0	0	0.42
96100	0.42	0.48	0.48	0	0	0.42
96200	0.42	0.48	0.48	0	0	0.42
96300	0.41	0.48	0.48	0	0	0.41
96400	0.41	0.48	0.48	0	0	0.41
96500	0.41	0.48	0.48	0	0	0.41
96600	0.41	0.48	0.48	0	0	0.41
96700	0.41	0.48	0.48	0	0	0.41
96800	0.41	0.48	0.48	0	0	0.41
96900	0.41	0.48	0.48	0	0	0.41
97000	0.41	0.48	0.48	0	0	0.41
97100	0.41	0.48	0.48	0	0	0.41
97200	0.41	0.48	0.48	0	0	0.41
97300	0.41	0.48	0.48	0	0	0.41
97400	0.41	0.48	0.48	0	0	0.41
97500	0.41	0.48	0.48	0	0	0.41
97600	0.41	0.48	0.48	0	0	0.41
97700	0.41	0.48	0.48	0	0	0.41
97800	0.41	0.48	0.48	0	0	0.41
97900	0.41	0.48	0.48	0	0	0.41
98000	0.41	0.48	0.48	0	0	0.41
98100	0.41	0.48	0.48	0	0	0.41
98200	0.41	0.48	0.48	0	0	0.41
98300	0.41	0.48	0.48	0	0	0.41
98400	0.42	0.48	0.48	0	0	0.42
98500	0.42	0.48	0.48	0	0	0.42
98600	0.42	0.48	0.48	0	0	0.42
98700	0.42	0.47	0.47	0	0	0.42
98800	0.42	0.47	0.47	0	0	0.42
98900	0.42	0.47	0.47	0	0	0.42
99000	0.42	0.47	0.47	0	0	0.42
99100	0.42	0.47	0.47	0	0	0.42
99200	0.42	0.47	0.47	0	0	0.42
99300	0.42	0.47	0.47	0	0	0.42
99400	0.42	0.47	0.47	0	0	0.42
99500	0.42	0.47	0.47	0	0	0.42
99600	0.41	0.47	0.47	0	0	0.41
99700	0.41	0.47	0.47	0	0	0.41
99800	0.41	0.47	0.47	0	0	0.41
99900	0.41	0.47	0.47	0	0	0.41
100000	0.41	0.47	0.47	0	0	0.41
