100	0.06	0.1	0.1	0	0	0.06
200	0.08	0.11	0.11	0	0	0.08
300	0.1	0.14	0.14	0	0	0.1
400	0.13	0.15	0.15	0	0	0.13
500	0.16	0.16	0.16	0	0	0.16
600	0.17	0.17	0.17	0	0	0.17
700	0.17	0.17	0.17	0	0	0.17
800	0.19	0.19	0.19	0	0	0.19
900	0.2	0.19	0.19	0	0	0.2
1000	0.2	0.18	0.18	0	0	0.2
1100	0.21	0.18	0.18	0	0	0.21
1200	0.22	0.19	0.19	0	0	0.22
1300	0.23	0.21	0.21	0	0	0.23
1400	0.22	0.19	0.19	0	0	0.22
1500	0.24	0.2	0.2	0	0	0.24
1600	0.25	0.2	0.2	0	0	0.25
1700	0.25	0.21	0.21	0	0	0.25
1800	0.25	0.22	0.22	0	0	0.25
1900	0.25	0.22	0.22	0	0	0.25
2000	0.25	0.24	0.24	0	0	0.25
2100	0.25	0.24	0.24	0	0	0.25
2200	0.25	0.25	0.25	0	0	0.25
2300	0.25	0.26	0.26	0	0	0.25
2400	0.25	0.26	0.26	0	0	0.25
2500	0.26	0.29	0.29	0	0	0.26
2600	0.26	0.28	0.28	0	0	0.26
2700	0.26	0.28	0.28	0	0	0.26
2800	0.26	0.28	0.28	0	0	0.26
2900	0.26	0.29	0.29	0	0	0.26
3000	0.26	0.29	0.29	0	0	0.26
3100	0.26	0.29	0.29	0	0	0.26
3200	0.26	0.3	0.3	0	0	0.26
3300	0.28	0.31	0.31	0	0	0.28
3400	0.28	0.32	0.32	0	0	0.28
3500	0.29	0.33	0.33	0	0	0.29
3600	0.29	0.33	0.33	0	0	0.29
3700	0.28	0.35	0.35	0	0	0.28
3800	0.29	0.36	0.36	0	0	0.29
3900	0.29	0.35	0.35	0	0	0.29
4000	0.28	0.35	0.35	0	0	0.28
4100	0.28	0.35	0.35	0	0	0.28
4200	0.28	0.36	0.36	0	0	0.28
4300	0.28	0.36	0.36	0	0	0.28
4400	0.28	0.36	0.36	0	0	0.28
4500	0.28	0.36	0.36	0	0	0.28
4600	0.28	0.36	0.36	0	0	0.28
4700	0.27	0.38	0.38	0	0	0.27
4800	0.27	0.38	0.38	0	0	0.27
4900	0.27	0.38	0.38	0	0	0.27
5000	0.27	0.38	0.38	0	0	0.27
5100	0.28	0.38	0.38	0	0	0.28
5200	0.28	0.38	0.38	0	0	0.28
5300	0.28	0.38	0.38	0	0	0.28
5400	0.29	0.39	0.39	0	0	0.29
5500	0.29	0.39	0.39	0	0	0.29
5600	0.29	0.39	0.39	0	0	0.29
5700	0.29	0.39	0.39	0	0	0.29
5800	0.31	0.39	0.39	0	0	0.31
5900	0.33	0.39	0.39	0	0	0.33
6000	0.33	0.4	0.4	0	0	0.33
6100	0.32	0.39	0.39	0	0	0.32
6200	0.32	0.39	0.39	0	0	0.32
6300	0.32	0.4	0.4	0	0	0.32
6400	0.33	0.4	0.4	0	0	0.33
6500	0.33	0.4	0.4	0	0	0.33
6600	0.32	0.41	0.41	0	0	0.32
6700	0.32	0.41	0.41	0	0	0.32
6800	0.32	0.41	0.41	0	0	0.32
6900	0.32	0.41	0.41	0	0	0.32
7000	0.32	0.41	0.41	0	0	0.32
7100	0.33	0.42	0.42	0	0	0.33
7200	0.33	0.43	0.43	0	0	0.33
7300	0.33	0.43	0.43	0	0	0.33
7400	0.33	0.43	0.43	0	0	0.33
7500	0.32	0.43	0.43	0	0	0.32
7600	0.32	0.43	0.43	0	0	0.32
7700	0.31	0.43	0.43	0	0	0.31
7800	0.31	0.43	0.43	0	0	0.31
7900	0.31	0.44	0.44	0	0	0.31
8000	0.31	0.45	0.45	0	0	0.31
8100	0.32	0.45	0.45	0	0	0.32
8200	0.32	0.44	0.44	0	0	0.32
8300	0.32	0.43	0.43	0	0	0.32
8400	0.32	0.43	0.43	0	0	0.32
8500	0.32	0.44	0.44	0	0	0.32
8600	0.32	0.44	0.44	0	0	0.32
8700	0.32	0.45	0.45	0	0	0.32
8800	0.32	0.45	0.45	0	0	0.32
8900	0.34	0.45	0.45	0	0	0.34
9000	0.34	0.45	0.45	0	0	0.34
9100	0.34	0.45	0.45	0	0	0.34
9200	0.35	0.45	0.45	0	0	0.35
9300	0.35	0.44	0.44	0	0	0.35
9400	0.35	0.44	0.44	0	0	0.35
9500	0.36	0.44	0.44	0	0	0.36
9600	0.36	0.45	0.45	0	0	0.36
9700	0.36	0.45	0.45	0	0	0.36
9800	0.36	0.45	0.45	0	0	0.36
9900	0.35	0.45	0.45	0	0	0.35
10000	0.35	0.45	0.45	0	0	0.35
10100	0.35	0.46	0.46	0	0	0.35
10200	0.36	0.46	0.46	0	0	0.36
10300	0.36	0.45	0.45	0	0	0.36
10400	0.36	0.44	0.44	0	0	0.36
10500	0.36	0.44	0.44	0	0	0.36
10600	0.36	0.44	0.44	0	0	0.36
10700	0.36	0.43	0.43	0	0	0.36
10800	0.36	0.44	0.44	0	0	0.36
10900	0.36	0.44	0.44	0	0	0.36
11000	0.36	0.44	0.44	0	0	0.36
11100	0.37	0.44	0.44	0	0	0.37
11200	0.37	0.44	0.44	0	0	0.37
11300	0.37	0.44	0.44	0	0	0.37
11400	0.37	0.44	0.44	0	0	0.37
11500	0.35	0.45	0.45	0	0	0.35
11600	0.35	0.45	0.45	0	0	0.35
11700	0.35	0.45	0.45	0	0	0.35
11800	0.34	0.45	0.45	0	0	0.34
11900	0.34	0.45	0.45	0	0	0.34
12000	0.34	0.45	0.45	0	0	0.34
12100	0.34	0.46	0.46	0	0	0.34
12200	0.35	0.46	0.46	0	0	0.35
12300	0.36	0.45	0.45	0	0	0.36
12400	0.36	0.46	0.46	0	0	0.36
12500	0.36	0.47	0.47	0	0	0.36
12600	0.36	0.47	0.47	0	0	0.36
12700	0.37	0.47	0.47	0	0	0.37
12800	0.37	0.48	0.48	0	0	0.37
12900	0.36	0.46	0.46	0	0	0.36
13000	0.36	0.46	0.46	0	0	0.36
13100	0.36	0.46	0.46	0	0	0.36
13200	0.37	0.46	0.46	0	0	0.37
13300	0.37	0.46	0.46	0	0	0.37
13400	0.37	0.46	0.46	0	0	0.37
13500	0.37	0.45	0.45	0	0	0.37
13600	0.37	0.45	0.45	0	0	0.37
13700	0.37	0.45	0.45	0	0	0.37
13800	0.37	0.46	0.46	0	0	0.37
13900	0.37	0.46	0.46	0	0	0.37
14000	0.37	0.46	0.46	0	0	0.37
14100	0.36	0.46	0.46	0	0	0.36
14200	0.36	0.46	0.46	0	0	0.36
14300	0.36	0.46	0.46	0	0	0.36
14400	0.36	0.46	0.46	0	0	0.36
14500	0.36	0.45	0.45	0	0	0.36
14600	0.36	0.46	0.46	0	0	0.36
14700	0.36	0.46	0.46	0	0	0.36
14800	0.36	0.46	0.46	0	0	0.36
14900	0.36	0.46	0.46	0	0	0.36
15000	0.36	0.46	0.46	0	0	0.36
15100	0.36	0.45	0.45	0	0	0.36
15200	0.37	0.45	0.45	0	0	0.37
15300	0.37	0.45	0.45	0	0	0.37
15400	0.37	0.46	0.46	0	0	0.37
15500	0.37	0.46	0.46	0	0	0.37
15600	0.37	0.46	0.46	0	0	0.37
15700	0.37	0.46	0.46	0	0	0.37
15800	0.37	0.46	0.46	0	0	0.37
15900	0.37	0.46	0.46	0	0	0.37
16000	0.37	0.46	0.46	0	0	0.37
16100	0.38	0.46	0.46	0	0	0.38
16200	0.38	0.46	0.46	0	0	0.38
16300	0.38	0.46	0.46	0	0	0.38
16400	0.38	0.46	0.46	0	0	0.38
16500	0.38	0.46	0.46	0	0	0.38
16600	0.38	0.46	0.46	0	0	0.38
16700	0.38	0.46	0.46	0	0	0.38
16800	0.38	0.46	0.46	0	0	0.38
16900	0.38	0.46	0.46	0	0	0.38
17000	0.38	0.46	0.46	0	0	0.38
17100	0.38	0.46	0.46	0	0	0.38
17200	0.38	0.46	0.46	0	0	0.38
17300	0.37	0.45	0.45	0	0	0.37
17400	0.38	0.45	0.45	0	0	0.38
17500	0.38	0.45	0.45	0	0	0.38
17600	0.38	0.45	0.45	0	0	0.38
17700	0.38	0.45	0.45	0	0	0.38
17800	0.38	0.45	0.45	0	0	0.38
17900	0.38	0.45	0.45	0	0	0.38
18000	0.38	0.45	0.45	0	0	0.38
18100	0.38	0.45	0.45	0	0	0.38
18200	0.38	0.45	0.45	0	0	0.38
18300	0.38	0.45	0.45	0	0	0.38
18400	0.38	0.45	0.45	0	0	0.38
18500	0.38	0.45	0.45	0	0	0.38
18600	0.38	0.45	0.45	0	0	0.38
18700	0.38	0.46	0.46	0	0	0.38
18800	0.39	0.46	0.46	0	0	0.39
18900	0.38	0.46	0.46	0	0	0.38
19000	0.38	0.46	0.46	0	0	0.38
19100	0.38	0.46	0.46	0	0	0.38
19200	0.39	0.46	0.46	0	0	0.39
19300	0.39	0.46	0.46	0	0	0.39
19400	0.4	0.46	0.46	0	0	0.4
19500	0.4	0.46	0.46	0	0	0.4
19600	0.4	0.46	0.46	0	0	0.4
19700	0.39	0.46	0.46	0	0	0.39
19800	0.39	0.46	0.46	0	0	0.39
19900	0.39	0.46	0.46	0	0	0.39
20000	0.39	0.46	0.46	0	0	0.39
20100	0.39	0.46	0.46	0	0	0.39
20200	0.39	0.46	0.46	0	0	0.39
20300	0.39	0.46	0.46	0	0	0.39
20400	0.38	0.45	0.45	0	0	0.38
20500	0.38	0.45	0.45	0	0	0.38
20600	0.38	0.46	0.46	0	0	0.38
20700	0.37	0.46	0.46	0	0	0.37
20800	0.38	0.46	0.46	0	0	0.38
20900	0.38	0.46	0.46	0	0	0.38
21000	0.38	0.46	0.46	0	0	0.38
21100	0.38	0.46	0.46	0	0	0.38
21200	0.39	0.45	0.45	0	0	0.39
21300	0.39	0.45	0.45	0	0	0.39
21400	0.39	0.45	0.45	0	0	0.39
21500	0.4	0.46	0.46	0	0	0.4
21600	0.41	0.46	0.46	0	0	0.41
21700	0.41	0.46	0.46	0	0	0.41
21800	0.41	0.46	0.46	0	0	0.41
21900	0.4	0.46	0.46	0	0	0.4
22000	0.4	0.46	0.46	0	0	0.4
22100	0.4	0.46	0.46	0	0	0.4
22200	0.4	0.46	0.46	0	0	0.4
22300	0.4	0.46	0.46	0	0	0.4
22400	0.39	0.46	0.46	0	0	0.39
22500	0.4	0.47	0.47	0	0	0.4
22600	0.4	0.47	0.47	0	0	0.4
22700	0.4	0.47	0.47	0	0	0.4
22800	0.4	0.47	0.47	0	0	0.4
22900	0.4	0.47	0.47	0	0	0.4
23000	0.4	0.47	0.47	0	0	0.4
23100	0.4	0.47	0.47	0	0	0.4
23200	0.4	0.47	0.47	0	0	0.4
23300	0.4	0.47	0.47	0	0	0.4
23400	0.4	0.47	0.47	0	0	0.4
23500	0.4	0.47	0.47	0	0	0.4
23600	0.4	0.46	0.46	0	0	0.4
23700	0.4	0.46	0.46	0	0	0.4
23800	0.4	0.46	0.46	0	0	0.4
23900	0.4	0.47	0.47	0	0	0.4
24000	0.39	0.47	0.47	0	0	0.39
24100	0.39	0.47	0.47	0	0	0.39
24200	0.39	0.47	0.47	0	0	0.39
24300	0.39	0.48	0.48	0	0	0.39
24400	0.39	0.48	0.48	0	0	0.39
24500	0.39	0.48	0.48	0	0	0.39
24600	0.4	0.48	0.48	0	0	0.4
24700	0.39	0.48	0.48	0	0	0.39
24800	0.39	0.47	0.47	0	0	0.39
24900	0.39	0.47	0.47	0	0	0.39
25000	0.4	0.48	0.48	0	0	0.4
25100	0.4	0.48	0.48	0	0	0.4
25200	0.41	0.48	0.48	0	0	0.41
25300	0.41	0.48	0.48	0	0	0.41
25400	0.41	0.48	0.48	0	0	0.41
25500	0.41	0.48	0.48	0	0	0.41
25600	0.41	0.48	0.48	0	0	0.41
25700	0.41	0.48	0.48	0	0	0.41
25800	0.42	0.48	0.48	0	0	0.42
25900	0.43	0.47	0.47	0	0	0.43
26000	0.43	0.47	0.47	0	0	0.43
26100	0.43	0.47	0.47	0	0	0.43
26200	0.43	0.47	0.47	0	0	0.43
26300	0.43	0.47	0.47	0	0	0.43
26400	0.43	0.47	0.47	0	0	0.43
26500	0.43	0.47	0.47	0	0	0.43
26600	0.43	0.47	0.47	0	0	0.43
26700	0.43	0.47	0.47	0	0	0.43
26800	0.43	0.47	0.47	0	0	0.43
26900	0.43	0.47	0.47	0	0	0.43
27000	0.43	0.47	0.47	0	0	0.43
27100	0.43	0.47	0.47	0	0	0.43
27200	0.43	0.47	0.47	0	0	0.43
27300	0.43	0.47	0.47	0	0	0.43
27400	0.43	0.46	0.46	0	0	0.43
27500	0.43	0.44	0.44	0	0	0.43
27600	0.43	0.44	0.44	0	0	0.43
27700	0.43	0.44	0.44	0	0	0.43
27800	0.43	0.44	0.44	0	0	0.43
27900	0.43	0.44	0.44	0	0	0.43
28000	0.43	0.44	0.44	0	0	0.43
28100	0.43	0.44	0.44	0	0	0.43
28200	0.42	0.44	0.44	0	0	0.42
28300	0.42	0.44	0.44	0	0	0.42
28400	0.43	0.44	0.44	0	0	0.43
28500	0.44	0.44	0.44	0	0	0.44
28600	0.43	0.44	0.44	0	0	0.43
28700	0.43	0.45	0.45	0	0	0.43
28800	0.44	0.44	0.44	0	0	0.44
28900	0.44	0.44	0.44	0	0	0.44
29000	0.44	0.44	0.44	0	0	0.44
29100	0.44	0.44	0.44	0	0	0.44
29200	0.44	0.45	0.45	0	0	0.44
29300	0.44	0.45	0.45	0	0	0.44
29400	0.44	0.45	0.45	0	0	0.44
29500	0.44	0.45	0.45	0	0	0.44
29600	0.44	0.45	0.45	0	0	0.44
29700	0.44	0.45	0.45	0	0	0.44
29800	0.44	0.45	0.45	0	0	0.44
29900	0.44	0.45	0.45	0	0	0.44
30000	0.44	0.45	0.45	0	0	0.44
30100	0.43	0.45	0.45	0	0	0.43
30200	0.42	0.45	0.45	0	0	0.42
30300	0.42	0.45	0.45	0	0	0.42
30400	0.42	0.45	0.45	0	0	0.42
30500	0.41	0.45	0.45	0	0	0.41
30600	0.41	0.46	0.46	0	0	0.41
30700	0.42	0.46	0.46	0	0	0.42
30800	0.42	0.46	0.46	0	0	0.42
30900	0.42	0.46	0.46	0	0	0.42
31000	0.43	0.46	0.46	0	0	0.43
31100	0.43	0.46	0.46	0	0	0.43
31200	0.43	0.46	0.46	0	0	0.43
31300	0.44	0.46	0.46	0	0	0.44
31400	0.44	0.46	0.46	0	0	0.44
31500	0.45	0.46	0.46	0	0	0.45
31600	0.45	0.46	0.46	0	0	0.45
31700	0.45	0.45	0.45	0	0	0.45
31800	0.44	0.45	0.45	0	0	0.44
31900	0.44	0.46	0.46	0	0	0.44
32000	0.44	0.46	0.46	0	0	0.44
32100	0.44	0.46	0.46	0	0	0.44
32200	0.44	0.46	0.46	0	0	0.44
32300	0.44	0.46	0.46	0	0	0.44
32400	0.45	0.47	0.47	0	0	0.45
32500	0.45	0.47	0.47	0	0	0.45
32600	0.45	0.47	0.47	0	0	0.45
32700	0.45	0.47	0.47	0	0	0.45
32800	0.44	0.47	0.47	0	0	0.44
32900	0.44	0.48	0.48	0	0	0.44
33000	0.44	0.47	0.47	0	0	0.44
33100	0.44	0.47	0.47	0	0	0.44
33200	0.44	0.47	0.47	0	0	0.44
33300	0.44	0.46	0.46	0	0	0.44
33400	0.44	0.46	0.46	0	0	0.44
33500	0.44	0.46	0.46	0	0	0.44
33600	0.43	0.46	0.46	0	0	0.43
33700	0.42	0.46	0.46	0	0	0.42
33800	0.42	0.47	0.47	0	0	0.42
33900	0.42	0.49	0.49	0	0	0.42
34000	0.42	0.49	0.49	0	0	0.42
34100	0.42	0.49	0.49	0	0	0.42
34200	0.42	0.49	0.49	0	0	0.42
34300	0.42	0.49	0.49	0	0	0.42
34400	0.42	0.47	0.47	0	0	0.42
34500	0.42	0.47	0.47	0	0	0.42
34600	0.42	0.47	0.47	0	0	0.42
34700	0.42	0.47	0.47	0	0	0.42
34800	0.42	0.47	0.47	0	0	0.42
34900	0.42	0.47	0.47	0	0	0.42
35000	0.42	0.47	0.47	0	0	0.42
35100	0.42	0.47	0.47	0	0	0.42
35200	0.43	0.48	0.48	0	0	0.43
35300	0.43	0.48	0.48	0	0	0.43
35400	0.43	0.48	0.48	0	0	0.43
35500	0.43	0.47	0.47	0	0	0.43
35600	0.42	0.47	0.47	0	0	0.42
35700	0.42	0.47	0.47	0	0	0.42
35800	0.42	0.47	0.47	0	0	0.42
35900	0.42	0.47	0.47	0	0	0.42
36000	0.42	0.47	0.47	0	0	0.42
36100	0.42	0.47	0.47	0	0	0.42
36200	0.42	0.47	0.47	0	0	0.42
36300	0.41	0.47	0.47	0	0	0.41
36400	0.41	0.47	0.47	0	0	0.41
36500	0.41	0.46	0.46	0	0	0.41
36600	0.41	0.46	0.46	0	0	0.41
36700	0.41	0.45	0.45	0	0	0.41
36800	0.41	0.46	0.46	0	0	0.41
36900	0.41	0.46	0.46	0	0	0.41
37000	0.41	0.46	0.46	0	0	0.41
37100	0.41	0.46	0.46	0	0	0.41
37200	0.41	0.46	0.46	0	0	0.41
37300	0.42	0.46	0.46	0	0	0.42
37400	0.42	0.46	0.46	0	0	0.42
37500	0.42	0.46	0.46	0	0	0.42
37600	0.42	0.46	0.46	0	0	0.42
37700	0.42	0.46	0.46	0	0	0.42
37800	0.42	0.46	0.46	0	0	0.42
37900	0.42	0.48	0.48	0	0	0.42
38000	0.42	0.48	0.48	0	0	0.42
38100	0.42	0.49	0.49	0	0	0.42
38200	0.42	0.49	0.49	0	0	0.42
38300	0.43	0.49	0.49	0	0	0.43
38400	0.41	0.49	0.49	0	0	0.41
38500	0.41	0.49	0.49	0	0	0.41
38600	0.41	0.49	0.49	0	0	0.41
38700	0.41	0.49	0.49	0	0	0.41
38800	0.41	0.49	0.49	0	0	0.41
38900	0.41	0.49	0.49	0	0	0.41
39000	0.41	0.49	0.49	0	0	0.41
39100	0.41	0.49	0.49	0	0	0.41
39200	0.41	0.49	0.49	0	0	0.41
39300	0.41	0.49	0.49	0	0	0.41
39400	0.41	0.49	0.49	0	0	0.41
39500	0.41	0.49	0.49	0	0	0.41
39600	0.41	0.49	0.49	0	0	0.41
39700	0.4	0.49	0.49	0	0	0.4
39800	0.4	0.49	0.49	0	0	0.4
39900	0.4	0.49	0.49	0	0	0.4
40000	0.4	0.5	0.5	0	0	0.4
40100	0.39	0.5	0.5	0	0	0.39
40200	0.39	0.5	0.5	0	0	0.39
40300	0.39	0.5	0.5	0	0	0.39
40400	0.38	0.5	0.5	0	0	0.38
40500	0.38	0.5	0.5	0	0	0.38
40600	0.38	0.51	0.51	0	0	0.38
40700	0.38	0.51	0.51	0	0	0.38
40800	0.38	0.51	0.51	0	0	0.38
40900	0.38	0.51	0.51	0	0	0.38
41000	0.38	0.52	0.52	0	0	0.38
41100	0.38	0.52	0.52	0	0	0.38
41200	0.38	0.52	0.52	0	0	0.38
41300	0.38	0.52	0.52	0	0	0.38
41400	0.38	0.52	0.52	0	0	0.38
41500	0.38	0.52	0.52	0	0	0.38
41600	0.37	0.52	0.52	0	0	0.37
41700	0.37	0.52	0.52	0	0	0.37
41800	0.37	0.52	0.52	0	0	0.37
41900	0.37	0.52	0.52	0	0	0.37
42000	0.37	0.53	0.53	0	0	0.37
42100	0.38	0.53	0.53	0	0	0.38
42200	0.38	0.52	0.52	0	0	0.38
42300	0.38	0.52	0.52	0	0	0.38
42400	0.38	0.52	0.52	0	0	0.38
42500	0.38	0.52	0.52	0	0	0.38
42600	0.38	0.52	0.52	0	0	0.38
42700	0.38	0.52	0.52	0	0	0.38
42800	0.38	0.52	0.52	0	0	0.38
42900	0.38	0.52	0.52	0	0	0.38
43000	0.38	0.52	0.52	0	0	0.38
43100	0.37	0.52	0.52	0	0	0.37
43200	0.37	0.52	0.52	0	0	0.37
43300	0.37	0.52	0.52	0	0	0.37
43400	0.37	0.52	0.52	0	0	0.37
43500	0.37	0.52	0.52	0	0	0.37
43600	0.37	0.52	0.52	0	0	0.37
43700	0.37	0.52	0.52	0	0	0.37
43800	0.36	0.52	0.52	0	0	0.36
43900	0.36	0.52	0.52	0	0	0.36
44000	0.37	0.52	0.52	0	0	0.37
44100	0.37	0.52	0.52	0	0	0.37
44200	0.37	0.51	0.51	0	0	0.37
44300	0.37	0.51	0.51	0	0	0.37
44400	0.37	0.51	0.51	0	0	0.37
44500	0.37	0.51	0.51	0	0	0.37
44600	0.37	0.51	0.51	0	0	0.37
44700	0.37	0.51	0.51	0	0	0.37
44800	0.37	0.5	0.5	0	0	0.37
44900	0.37	0.5	0.5	0	0	0.37
45000	0.37	0.5	0.5	0	0	0.37
45100	0.37	0.5	0.5	0	0	0.37
45200	0.37	0.5	0.5	0	0	0.37
45300	0.37	0.5	0.5	0	0	0.37
45400	0.37	0.5	0.5	0	0	0.37
45500	0.38	0.5	0.5	0	0	0.38
45600	0.38	0.5	0.5	0	0	0.38
45700	0.38	0.49	0.49	0	0	0.38
45800	0.38	0.49	0.49	0	0	0.38
45900	0.38	0.5	0.5	0	0	0.38
46000	0.39	0.5	0.5	0	0	0.39
46100	0.39	0.5	0.5	0	0	0.39
46200	0.39	0.5	0.5	0	0	0.39
46300	0.39	0.51	0.51	0	0	0.39
46400	0.39	0.51	0.51	0	0	0.39
46500	0.39	0.51	0.51	0	0	0.39
46600	0.4	0.5	0.5	0	0	0.4
46700	0.41	0.5	0.5	0	0	0.41
46800	0.41	0.5	0.5	0	0	0.41
46900	0.41	0.5	0.5	0	0	0.41
47000	0.41	0.5	0.5	0	0	0.41
47100	0.41	0.5	0.5	0	0	0.41
47200	0.41	0.49	0.49	0	0	0.41
47300	0.41	0.5	0.5	0	0	0.41
47400	0.41	0.5	0.5	0	0	0.41
47500	0.41	0.5	0.5	0	0	0.41
47600	0.41	0.5	0.5	0	0	0.41
47700	0.41	0.5	0.5	0	0	0.41
47800	0.41	0.5	0.5	0	0	0.41
47900	0.41	0.5	0.5	0	0	0.41
48000	0.41	0.51	0.51	0	0	0.41
48100	0.41	0.51	0.51	0	0	0.41
48200	0.41	0.51	0.51	0	0	0.41
48300	0.41	0.51	0.51	0	0	0.41
48400	0.41	0.51	0.51	0	0	0.41
48500	0.41	0.51	0.51	0	0	0.41
48600	0.41	0.51	0.51	0	0	0.41
48700	0.41	0.51	0.51	0	0	0.41
48800	0.41	0.51	0.51	0	0	0.41
48900	0.41	0.52	0.52	0	0	0.41
49000	0.41	0.52	0.52	0	0	0.41
49100	0.41	0.52	0.52	0	0	0.41
49200	0.41	0.52	0.52	0	0	0.41
49300	0.41	0.52	0.52	0	0	0.41
49400	0.41	0.52	0.52	0	0	0.41
49500	0.41	0.52	0.52	0	0	0.41
49600	0.41	0.52	0.52	0	0	0.41
49700	0.41	0.51	0.51	0	0	0.41
49800	0.41	0.51	0.51	0	0	0.41
49900	0.41	0.51	0.51	0	0	0.41
50000	0.41	0.51	0.51	0	0	0.41
50100	0.4	0.51	0.51	0	0	0.4
50200	0.4	0.51	0.51	0	0	0.4
50300	0.4	0.51	0.51	0	0	0.4
50400	0.4	0.51	0.51	0	0	0.4
50500	0.4	0.51	0.51	0	0	0.4
50600	0.4	0.51	0.51	0	0	0.4
50700	0.4	0.51	0.51	0	0	0.4
50800	0.4	0.51	0.51	0	0	0.4
50900	0.4	0.51	0.51	0	0	0.4
51000	0.4	0.51	0.51	0	0	0.4
51100	0.4	0.51	0.51	0	0	0.4
51200	0.4	0.5	0.5	0	0	0.4
51300	0.4	0.5	0.5	0	0	0.4
51400	0.4	0.5	0.5	0	0	0.4
51500	0.41	0.5	0.5	0	0	0.41
51600	0.41	0.5	0.5	0	0	0.41
51700	0.41	0.5	0.5	0	0	0.41
51800	0.41	0.51	0.51	0	0	0.41
51900	0.41	0.5	0.5	0	0	0.41
52000	0.41	0.5	0.5	0	0	0.41
52100	0.42	0.5	0.5	0	0	0.42
52200	0.41	0.5	0.5	0	0	0.41
52300	0.41	0.5	0.5	0	0	0.41
52400	0.41	0.51	0.51	0	0	0.41
52500	0.41	0.51	0.51	0	0	0.41
52600	0.41	0.51	0.51	0	0	0.41
52700	0.41	0.51	0.51	0	0	0.41
52800	0.41	0.51	0.51	0	0	0.41
52900	0.41	0.51	0.51	0	0	0.41
53000	0.41	0.51	0.51	0	0	0.41
53100	0.42	0.51	0.51	0	0	0.42
53200	0.42	0.51	0.51	0	0	0.42
53300	0.42	0.51	0.51	0	0	0.42
53400	0.42	0.51	0.51	0	0	0.42
53500	0.42	0.51	0.51	0	0	0.42
53600	0.42	0.51	0.51	0	0	0.42
53700	0.42	0.51	0.51	0	0	0.42
53800	0.42	0.51	0.51	0	0	0.42
53900	0.42	0.51	0.51	0	0	0.42
54000	0.42	0.51	0.51	0	0	0.42
54100	0.42	0.51	0.51	0	0	0.42
54200	0.42	0.51	0.51	0	0	0.42
54300	0.42	0.51	0.51	0	0	0.42
54400	0.42	0.51	0.51	0	0	0.42
54500	0.42	0.51	0.51	0	0	0.42
54600	0.42	0.51	0.51	0	0	0.42
54700	0.42	0.51	0.51	0	0	0.42
54800	0.41	0.51	0.51	0	0	0.41
54900	0.41	0.51	0.51	0	0	0.41
55000	0.41	0.51	0.51	0	0	0.41
55100	0.41	0.51	0.51	0	0	0.41
55200	0.41	0.51	0.51	0	0	0.41
55300	0.41	0.5	0.5	0	0	0.41
55400	0.41	0.5	0.5	0	0	0.41
55500	0.41	0.5	0.5	0	0	0.41
55600	0.41	0.51	0.51	0	0	0.41
55700	0.41	0.51	0.51	0	0	0.41
55800	0.41	0.51	0.51	0	0	0.41
55900	0.41	0.52	0.52	0	0	0.41
56000	0.41	0.52	0.52	0	0	0.41
56100	0.41	0.52	0.52	0	0	0.41
56200	0.41	0.52	0.52	0	0	0.41
56300	0.41	0.52	0.52	0	0	0.41
56400	0.41	0.52	0.52	0	0	0.41
56500	0.41	0.52	0.52	0	0	0.41
56600	0.41	0.52	0.52	0	0	0.41
56700	0.41	0.52	0.52	0	0	0.41
56800	0.41	0.52	0.52	0	0	0.41
56900	0.41	0.51	0.51	0	0	0.41
57000	0.41	0.51	0.51	0	0	0.41
57100	0.41	0.51	0.51	0	0	0.41
57200	0.41	0.51	0.51	0	0	0.41
57300	0.41	0.51	0.51	0	0	0.41
57400	0.41	0.51	0.51	0	0	0.41
57500	0.41	0.51	0.51	0	0	0.41
57600	0.41	0.51	0.51	0	0	0.41
57700	0.41	0.51	0.51	0	0	0.41
57800	0.41	0.51	0.51	0	0	0.41
57900	0.41	0.5	0.5	0	0	0.41
58000	0.41	0.51	0.51	0	0	0.41
58100	0.4	0.51	0.51	0	0	0.4
58200	0.4	0.51	0.51	0	0	0.4
58300	0.4	0.51	0.51	0	0	0.4
58400	0.4	0.51	0.51	0	0	0.4
58500	0.4	0.51	0.51	0	0	0.4
58600	0.4	0.51	0.51	0	0	0.4
58700	0.4	0.51	0.51	0	0	0.4
58800	0.42	0.51	0.51	0	0	0.42
58900	0.42	0.51	0.51	0	0	0.42
59000	0.42	0.51	0.51	0	0	0.42
59100	0.42	0.51	0.51	0	0	0.42
59200	0.42	0.51	0.51	0	0	0.42
59300	0.42	0.51	0.51	0	0	0.42
59400	0.42	0.51	0.51	0	0	0.42
59500	0.42	0.51	0.51	0	0	0.42
59600	0.42	0.51	0.51	0	0	0.42
59700	0.42	0.51	0.51	0	0	0.42
59800	0.42	0.51	0.51	0	0	0.42
59900	0.42	0.51	0.51	0	0	0.42
60000	0.42	0.51	0.51	0	0	0.42
60100	0.42	0.51	0.51	0	0	0.42
60200	0.41	0.51	0.51	0	0	0.41
60300	0.4	0.51	0.51	0	0	0.4
60400	0.4	0.51	0.51	0	0	0.4
60500	0.39	0.51	0.51	0	0	0.39
60600	0.39	0.51	0.51	0	0	0.39
60700	0.39	0.51	0.51	0	0	0.39
60800	0.39	0.51	0.51	0	0	0.39
60900	0.39	0.51	0.51	0	0	0.39
61000	0.39	0.51	0.51	0	0	0.39
61100	0.39	0.5	0.5	0	0	0.39
61200	0.39	0.5	0.5	0	0	0.39
61300	0.39	0.5	0.5	0	0	0.39
61400	0.39	0.49	0.49	0	0	0.39
61500	0.39	0.49	0.49	0	0	0.39
61600	0.39	0.49	0.49	0	0	0.39
61700	0.39	0.49	0.49	0	0	0.39
61800	0.39	0.49	0.49	0	0	0.39
61900	0.39	0.5	0.5	0	0	0.39
62000	0.39	0.5	0.5	0	0	0.39
62100	0.39	0.5	0.5	0	0	0.39
62200	0.39	0.5	0.5	0	0	0.39
62300	0.39	0.5	0.5	0	0	0.39
62400	0.39	0.5	0.5	0	0	0.39
62500	0.39	0.49	0.49	0	0	0.39
62600	0.38	0.49	0.49	0	0	0.38
62700	0.38	0.49	0.49	0	0	0.38
62800	0.38	0.49	0.49	0	0	0.38
62900	0.39	0.49	0.49	0	0	0.39
63000	0.39	0.49	0.49	0	0	0.39
63100	0.39	0.49	0.49	0	0	0.39
63200	0.4	0.49	0.49	0	0	0.4
63300	0.4	0.49	0.49	0	0	0.4
63400	0.39	0.49	0.49	0	0	0.39
63500	0.39	0.49	0.49	0	0	0.39
63600	0.39	0.49	0.49	0	0	0.39
63700	0.39	0.49	0.49	0	0	0.39
63800	0.4	0.49	0.49	0	0	0.4
63900	0.4	0.48	0.48	0	0	0.4
64000	0.4	0.48	0.48	0	0	0.4
64100	0.4	0.48	0.48	0	0	0.4
64200	0.4	0.48	0.48	0	0	0.4
64300	0.4	0.47	0.47	0	0	0.4
64400	0.4	0.47	0.47	0	0	0.4
64500	0.4	0.47	0.47	0	0	0.4
64600	0.4	0.48	0.48	0	0	0.4
64700	0.39	0.49	0.49	0	0	0.39
64800	0.39	0.49	0.49	0	0	0.39
64900	0.38	0.49	0.49	0	0	0.38
65000	0.38	0.49	0.49	0	0	0.38
65100	0.38	0.49	0.49	0	0	0.38
65200	0.38	0.49	0.49	0	0	0.38
65300	0.38	0.49	0.49	0	0	0.38
65400	0.38	0.49	0.49	0	0	0.38
65500	0.38	0.49	0.49	0	0	0.38
65600	0.38	0.48	0.48	0	0	0.38
65700	0.38	0.48	0.48	0	0	0.38
65800	0.39	0.48	0.48	0	0	0.39
65900	0.39	0.48	0.48	0	0	0.39
66000	0.39	0.48	0.48	0	0	0.39
66100	0.39	0.48	0.48	0	0	0.39
66200	0.39	0.48	0.48	0	0	0.39
66300	0.39	0.48	0.48	0	0	0.39
66400	0.39	0.49	0.49	0	0	0.39
66500	0.39	0.49	0.49	0	0	0.39
66600	0.39	0.49	0.49	0	0	0.39
66700	0.39	0.49	0.49	0	0	0.39
66800	0.39	0.49	0.49	0	0	0.39
66900	0.4	0.49	0.49	0	0	0.4
67000	0.4	0.5	0.5	0	0	0.4
67100	0.4	0.49	0.49	0	0	0.4
67200	0.4	0.49	0.49	0	0	0.4
67300	0.4	0.49	0.49	0	0	0.4
67400	0.4	0.49	0.49	0	0	0.4
67500	0.4	0.49	0.49	0	0	0.4
67600	0.4	0.49	0.49	0	0	0.4
67700	0.4	0.49	0.49	0	0	0.4
67800	0.4	0.49	0.49	0	0	0.4
67900	0.4	0.49	0.49	0	0	0.4
68000	0.41	0.5	0.5	0	0	0.41
68100	0.41	0.5	0.5	0	0	0.41
68200	0.41	0.5	0.5	0	0	0.41
68300	0.41	0.51	0.51	0	0	0.41
68400	0.4	0.49	0.49	0	0	0.4
68500	0.4	0.49	0.49	0	0	0.4
68600	0.4	0.49	0.49	0	0	0.4
68700	0.4	0.49	0.49	0	0	0.4
68800	0.4	0.49	0.49	0	0	0.4
68900	0.4	0.5	0.5	0	0	0.4
69000	0.4	0.5	0.5	0	0	0.4
69100	0.4	0.5	0.5	0	0	0.4
69200	0.4	0.5	0.5	0	0	0.4
69300	0.4	0.5	0.5	0	0	0.4
69400	0.4	0.5	0.5	0	0	0.4
69500	0.4	0.5	0.5	0	0	0.4
69600	0.4	0.5	0.5	0	0	0.4
69700	0.4	0.5	0.5	0	0	0.4
69800	0.39	0.51	0.51	0	0	0.39
69900	0.39	0.51	0.51	0	0	0.39
70000	0.39	0.52	0.52	0	0	0.39
70100	0.39	0.52	0.52	0	0	0.39
70200	0.39	0.53	0.53	0	0	0.39
70300	0.39	0.51	0.51	0	0	0.39
70400	0.39	0.51	0.51	0	0	0.39
70500	0.39	0.51	0.51	0	0	0.39
70600	0.39	0.5	0.5	0	0	0.39
70700	0.39	0.52	0.52	0	0	0.39
70800	0.39	0.52	0.52	0	0	0.39
70900	0.39	0.52	0.52	0	0	0.39
71000	0.39	0.53	0.53	0	0	0.39
71100	0.39	0.53	0.53	0	0	0.39
71200	0.39	0.53	0.53	0	0	0.39
71300	0.39	0.53	0.53	0	0	0.39
71400	0.39	0.53	0.53	0	0	0.39
71500	0.39	0.53	0.53	0	0	0.39
71600	0.39	0.53	0.53	0	0	0.39
71700	0.39	0.53	0.53	0	0	0.39
71800	0.39	0.53	0.53	0	0	0.39
71900	0.39	0.53	0.53	0	0	0.39
72000	0.39	0.53	0.53	0	0	0.39
72100	0.39	0.53	0.53	0	0	0.39
72200	0.39	0.53	0.53	0	0	0.39
72300	0.39	0.53	0.53	0	0	0.39
72400	0.39	0.53	0.53	0	0	0.39
72500	0.39	0.53	0.53	0	0	0.39
72600	0.38	0.53	0.53	0	0	0.38
72700	0.38	0.53	0.53	0	0	0.38
72800	0.37	0.53	0.53	0	0	0.37
72900	0.37	0.52	0.52	0	0	0.37
73000	0.37	0.52	0.52	0	0	0.37
73100	0.37	0.52	0.52	0	0	0.37
73200	0.37	0.52	0.52	0	0	0.37
73300	0.37	0.52	0.52	0	0	0.37
73400	0.37	0.52	0.52	0	0	0.37
73500	0.37	0.52	0.52	0	0	0.37
73600	0.37	0.52	0.52	0	0	0.37
73700	0.38	0.52	0.52	0	0	0.38
73800	0.38	0.52	0.52	0	0	0.38
73900	0.38	0.52	0.52	0	0	0.38
74000	0.38	0.53	0.53	0	0	0.38
74100	0.38	0.53	0.53	0	0	0.38
74200	0.38	0.53	0.53	0	0	0.38
74300	0.38	0.53	0.53	0	0	0.38
74400	0.38	0.53	0.53	0	0	0.38
74500	0.38	0.53	0.53	0	0	0.38
74600	0.4	0.53	0.53	0	0	0.4
74700	0.39	0.53	0.53	0	0	0.39
74800	0.38	0.53	0.53	0	0	0.38
74900	0.38	0.53	0.53	0	0	0.38
75000	0.38	0.53	0.53	0	0	0.38
75100	0.38	0.53	0.53	0	0	0.38
75200	0.37	0.53	0.53	0	0	0.37
75300	0.37	0.53	0.53	0	0	0.37
75400	0.37	0.53	0.53	0	0	0.37
75500	0.37	0.53	0.53	0	0	0.37
75600	0.37	0.54	0.54	0	0	0.37
75700	0.37	0.54	0.54	0	0	0.37
75800	0.37	0.54	0.54	0	0	0.37
75900	0.37	0.54	0.54	0	0	0.37
76000	0.37	0.54	0.54	0	0	0.37
76100	0.37	0.54	0.54	0	0	0.37
76200	0.37	0.54	0.54	0	0	0.37
76300	0.37	0.54	0.54	0	0	0.37
76400	0.37	0.54	0.54	0	0	0.37
76500	0.37	0.54	0.54	0	0	0.37
76600	0.37	0.54	0.54	0	0	0.37
76700	0.37	0.54	0.54	0	0	0.37
76800	0.37	0.54	0.54	0	0	0.37
76900	0.37	0.54	0.54	0	0	0.37
77000	0.37	0.54	0.54	0	0	0.37
77100	0.37	0.54	0.54	0	0	0.37
77200	0.37	0.54	0.54	0	0	0.37
77300	0.37	0.54	0.54	0	0	0.37
77400	0.37	0.54	0.54	0	0	0.37
77500	0.37	0.54	0.54	0	0	0.37
77600	0.37	0.54	0.54	0	0	0.37
77700	0.37	0.54	0.54	0	0	0.37
77800	0.37	0.54	0.54	0	0	0.37
77900	0.37	0.54	0.54	0	0	0.37
78000	0.37	0.54	0.54	0	0	0.37
78100	0.37	0.54	0.54	0	0	0.37
78200	0.38	0.54	0.54	0	0	0.38
78300	0.38	0.55	0.55	0	0	0.38
78400	0.38	0.54	0.54	0	0	0.38
78500	0.38	0.54	0.54	0	0	0.38
78600	0.38	0.54	0.54	0	0	0.38
78700	0.38	0.54	0.54	0	0	0.38
78800	0.38	0.54	0.54	0	0	0.38
78900	0.38	0.54	0.54	0	0	0.38
79000	0.38	0.53	0.53	0	0	0.38
79100	0.38	0.53	0.53	0	0	0.38
79200	0.38	0.53	0.53	0	0	0.38
79300	0.38	0.53	0.53	0	0	0.38
79400	0.38	0.53	0.53	0	0	0.38
79500	0.38	0.53	0.53	0	0	0.38
79600	0.38	0.53	0.53	0	0	0.38
79700	0.37	0.52	0.52	0	0	0.37
79800	0.37	0.52	0.52	0	0	0.37
79900	0.37	0.52	0.52	0	0	0.37
80000	0.37	0.52	0.52	0	0	0.37
80100	0.37	0.52	0.52	0	0	0.37
80200	0.38	0.52	0.52	0	0	0.38
80300	0.38	0.52	0.52	0	0	0.38
80400	0.38	0.52	0.52	0	0	0.38
80500	0.38	0.52	0.52	0	0	0.38
80600	0.38	0.52	0.52	0	0	0.38
80700	0.38	0.52	0.52	0	0	0.38
80800	0.38	0.52	0.52	0	0	0.38
80900	0.39	0.52	0.52	0	0	0.39
81000	0.39	0.52	0.52	0	0	0.39
81100	0.39	0.52	0.52	0	0	0.39
81200	0.39	0.52	0.52	0	0	0.39
81300	0.39	0.51	0.51	0	0	0.39
81400	0.39	0.51	0.51	0	0	0.39
81500	0.39	0.51	0.51	0	0	0.39
81600	0.39	0.51	0.51	0	0	0.39
81700	0.39	0.51	0.51	0	0	0.39
81800	0.39	0.52	0.52	0	0	0.39
81900	0.39	0.52	0.52	0	0	0.39
82000	0.39	0.52	0.52	0	0	0.39
82100	0.39	0.52	0.52	0	0	0.39
82200	0.39	0.52	0.52	0	0	0.39
82300	0.39	0.53	0.53	0	0	0.39
82400	0.39	0.52	0.52	0	0	0.39
82500	0.39	0.52	0.52	0	0	0.39
82600	0.39	0.52	0.52	0	0	0.39
82700	0.39	0.52	0.52	0	0	0.39
82800	0.39	0.52	0.52	0	0	0.39
82900	0.4	0.53	0.53	0	0	0.4
83000	0.4	0.53	0.53	0	0	0.4
83100	0.4	0.53	0.53	0	0	0.4
83200	0.4	0.53	0.53	0	0	0.4
83300	0.4	0.53	0.53	0	0	0.4
83400	0.4	0.53	0.53	0	0	0.4
83500	0.4	0.53	0.53	0	0	0.4
83600	0.4	0.53	0.53	0	0	0.4
83700	0.4	0.53	0.53	0	0	0.4
83800	0.4	0.53	0.53	0	0	0.4
83900	0.41	0.52	0.52	0	0	0.41
84000	0.4	0.52	0.52	0	0	0.4
84100	0.4	0.52	0.52	0	0	0.4
84200	0.4	0.52	0.52	0	0	0.4
84300	0.4	0.52	0.52	0	0	0.4
84400	0.4	0.52	0.52	0	0	0.4
84500	0.4	0.52	0.52	0	0	0.4
84600	0.4	0.52	0.52	0	0	0.4
84700	0.4	0.52	0.52	0	0	0.4
84800	0.41	0.52	0.52	0	0	0.41
84900	0.4	0.52	0.52	0	0	0.4
85000	0.4	0.52	0.52	0	0	0.4
85100	0.39	0.52	0.52	0	0	0.39
85200	0.39	0.52	0.52	0	0	0.39
85300	0.39	0.52	0.52	0	0	0.39
85400	0.39	0.52	0.52	0	0	0.39
85500	0.38	0.52	0.52	0	0	0.38
85600	0.38	0.52	0.52	0	0	0.38
85700	0.38	0.52	0.52	0	0	0.38
85800	0.38	0.52	0.52	0	0	0.38
85900	0.38	0.52	0.52	0	0	0.38
86000	0.38	0.53	0.53	0	0	0.38
86100	0.38	0.53	0.53	0	0	0.38
86200	0.38	0.53	0.53	0	0	0.38
86300	0.38	0.53	0.53	0	0	0.38
86400	0.38	0.54	0.54	0	0	0.38
86500	0.38	0.54	0.54	0	0	0.38
86600	0.38	0.54	0.54	0	0	0.38
86700	0.38	0.55	0.55	0	0	0.38
86800	0.37	0.55	0.55	0	0	0.37
86900	0.37	0.54	0.54	0	0	0.37
87000	0.37	0.54	0.54	0	0	0.37
87100	0.37	0.54	0.54	0	0	0.37
87200	0.37	0.55	0.55	0	0	0.37
87300	0.37	0.54	0.54	0	0	0.37
87400	0.37	0.54	0.54	0	0	0.37
87500	0.37	0.54	0.54	0	0	0.37
87600	0.37	0.54	0.54	0	0	0.37
87700	0.37	0.54	0.54	0	0	0.37
87800	0.37	0.54	0.54	0	0	0.37
87900	0.37	0.55	0.55	0	0	0.37
88000	0.37	0.55	0.55	0	0	0.37
88100	0.37	0.55	0.55	0	0	0.37
88200	0.37	0.55	0.55	0	0	0.37
88300	0.37	0.54	0.54	0	0	0.37
88400	0.37	0.53	0.53	0	0	0.37
88500	0.37	0.53	0.53	0	0	0.37
88600	0.37	0.53	0.53	0	0	0.37
88700	0.37	0.53	0.53	0	0	0.37
88800	0.37	0.53	0.53	0	0	0.37
88900	0.37	0.53	0.53	0	0	0.37
89000	0.37	0.53	0.53	0	0	0.37
89100	0.37	0.53	0.53	0	0	0.37
89200	0.37	0.53	0.53	0	0	0.37
89300	0.37	0.53	0.53	0	0	0.37
89400	0.37	0.53	0.53	0	0	0.37
89500	0.37	0.53	0.53	0	0	0.37
89600	0.37	0.54	0.54	0	0	0.37
89700	0.37	0.54	0.54	0	0	0.37
89800	0.37	0.54	0.54	0	0	0.37
89900	0.37	0.54	0.54	0	0	0.37
90000	0.37	0.54	0.54	0	0	0.37
90100	0.37	0.55	0.55	0	0	0.37
90200	0.37	0.55	0.55	0	0	0.37
90300	0.36	0.55	0.55	0	0	0.36
90400	0.36	0.54	0.54	0	0	0.36
90500	0.36	0.54	0.54	0	0	0.36
90600	0.36	0.53	0.53	0	0	0.36
90700	0.36	0.53	0.53	0	0	0.36
90800	0.36	0.53	0.53	0	0	0.36
90900	0.36	0.53	0.53	0	0	0.36
91000	0.36	0.53	0.53	0	0	0.36
91100	0.36	0.53	0.53	0	0	0.36
91200	0.37	0.53	0.53	0	0	0.37
91300	0.37	0.53	0.53	0	0	0.37
91400	0.37	0.53	0.53	0	0	0.37
91500	0.37	0.53	0.53	0	0	0.37
91600	0.37	0.53	0.53	0	0	0.37
91700	0.38	0.54	0.54	0	0	0.38
91800	0.38	0.54	0.54	0	0	0.38
91900	0.38	0.54	0.54	0	0	0.38
92000	0.38	0.54	0.54	0	0	0.38
92100	0.38	0.54	0.54	0	0	0.38
92200	0.38	0.54	0.54	0	0	0.38
92300	0.38	0.54	0.54	0	0	0.38
92400	0.38	0.54	0.54	0	0	0.38
92500	0.38	0.54	0.54	0	0	0.38
92600	0.38	0.53	0.53	0	0	0.38
92700	0.38	0.53	0.53	0	0	0.38
92800	0.38	0.53	0.53	0	0	0.38
92900	0.38	0.54	0.54	0	0	0.38
93000	0.38	0.54	0.54	0	0	0.38
93100	0.37	0.54	0.54	0	0	0.37
93200	0.37	0.54	0.54	0	0	0.37
93300	0.37	0.53	0.53	0	0	0.37
93400	0.37	0.53	0.53	0	0	0.37
93500	0.37	0.52	0.52	0	0	0.37
93600	0.37	0.52	0.52	0	0	0.37
93700	0.37	0.52	0.52	0	0	0.37
93800	0.37	0.52	0.52	0	0	0.37
93900	0.39	0.52	0.52	0	0	0.39
94000	0.39	0.52	0.52	0	0	0.39
94100	0.39	0.51	0.51	0	0	0.39
94200	0.39	0.51	0.51	0	0	0.39
94300	0.39	0.51	0.51	0	0	0.39
94400	0.39	0.51	0.51	0	0	0.39
94500	0.4	0.51	0.51	0	0	0.4
94600	0.4	0.52	0.52	0	0	0.4
94700	0.4	0.52	0.52	0	0	0.4
94800	0.4	0.52	0.52	0	0	0.4
94900	0.4	0.52	0.52	0	0	0.4
95000	0.4	0.52	0.52	0	0	0.4
95100	0.4	0.52	0.52	0	0	0.4
95200	0.4	0.52	0.52	0	0	0.4
95300	0.4	0.52	0.52	0	0	0.4
95400	0.4	0.52	0.52	0	0	0.4
95500	0.4	0.52	0.52	0	0	0.4
95600	0.4	0.52	0.52	0	0	0.4
95700	0.4	0.52	0.52	0	0	0.4
95800	0.4	0.52	0.52	0	0	0.4
95900	0.4	0.52	0.52	0	0	0.4
96000	0.4	0.52	0.52	0	0	0.4
96100	0.4	0.52	0.52	0	0	0.4
96200	0.4	0.52	0.52	0	0	0.4
96300	0.4	0.53	0.53	0	0	0.4
96400	0.41	0.53	0.53	0	0	0.41
96500	0.41	0.53	0.53	0	0	0.41
96600	0.41	0.53	0.53	0	0	0.41
96700	0.42	0.53	0.53	0	0	0.42
96800	0.41	0.53	0.53	0	0	0.41
96900	0.41	0.54	0.54	0	0	0.41
97000	0.41	0.54	0.54	0	0	0.41
97100	0.41	0.54	0.54	0	0	0.41
97200	0.41	0.54	0.54	0	0	0.41
97300	0.41	0.54	0.54	0	0	0.41
97400	0.41	0.54	0.54	0	0	0.41
97500	0.41	0.54	0.54	0	0	0.41
97600	0.41	0.54	0.54	0	0	0.41
97700	0.41	0.54	0.54	0	0	0.41
97800	0.41	0.54	0.54	0	0	0.41
97900	0.41	0.54	0.54	0	0	0.41
98000	0.41	0.54	0.54	0	0	0.41
98100	0.41	0.54	0.54	0	0	0.41
98200	0.41	0.54	0.54	0	0	0.41
98300	0.4	0.54	0.54	0	0	0.4
98400	0.4	0.54	0.54	0	0	0.4
98500	0.4	0.54	0.54	0	0	0.4
98600	0.4	0.54	0.54	0	0	0.4
98700	0.4	0.53	0.53	0	0	0.4
98800	0.4	0.53	0.53	0	0	0.4
98900	0.4	0.53	0.53	0	0	0.4
99000	0.4	0.53	0.53	0	0	0.4
99100	0.4	0.53	0.53	0	0	0.4
99200	0.39	0.53	0.53	0	0	0.39
99300	0.39	0.52	0.52	0	0	0.39
99400	0.39	0.52	0.52	0	0	0.39
99500	0.4	0.52	0.52	0	0	0.4
99600	0.4	0.52	0.52	0	0	0.4
99700	0.4	0.52	0.52	0	0	0.4
99800	0.4	0.52	0.52	0	0	0.4
99900	0.4	0.52	0.52	0	0	0.4
100000	0.4	0.52	0.52	0	0	0.4
