100	0.07	0.1	0.1	0	0	0.07
200	0.09	0.11	0.11	0	0	0.09
300	0.09	0.12	0.12	0	0	0.09
400	0.11	0.16	0.16	0	0	0.11
500	0.11	0.18	0.18	0	0	0.11
600	0.11	0.19	0.19	0	0	0.11
700	0.11	0.18	0.18	0	0	0.11
800	0.12	0.19	0.19	0	0	0.12
900	0.13	0.21	0.21	0	0	0.13
1000	0.13	0.22	0.22	0	0	0.13
1100	0.15	0.22	0.22	0	0	0.15
1200	0.16	0.23	0.23	0	0	0.16
1300	0.17	0.24	0.24	0	0	0.17
1400	0.18	0.27	0.27	0	0	0.18
1500	0.2	0.3	0.3	0	0	0.2
1600	0.21	0.31	0.31	0	0	0.21
1700	0.21	0.31	0.31	0	0	0.21
1800	0.22	0.33	0.33	0	0	0.22
1900	0.22	0.33	0.33	0	0	0.22
2000	0.22	0.33	0.33	0	0	0.22
2100	0.22	0.32	0.32	0	0	0.22
2200	0.23	0.33	0.33	0	0	0.23
2300	0.23	0.37	0.37	0	0	0.23
2400	0.23	0.38	0.38	0	0	0.23
2500	0.23	0.37	0.37	0	0	0.23
2600	0.24	0.37	0.37	0	0	0.24
2700	0.24	0.37	0.37	0	0	0.24
2800	0.24	0.38	0.38	0	0	0.24
2900	0.24	0.39	0.39	0	0	0.24
3000	0.25	0.4	0.4	0	0	0.25
3100	0.25	0.39	0.39	0	0	0.25
3200	0.25	0.4	0.4	0	0	0.25
3300	0.24	0.39	0.39	0	0	0.24
3400	0.23	0.38	0.38	0	0	0.23
3500	0.23	0.39	0.39	0	0	0.23
3600	0.23	0.39	0.39	0	0	0.23
3700	0.23	0.4	0.4	0	0	0.23
3800	0.24	0.4	0.4	0	0	0.24
3900	0.24	0.4	0.4	0	0	0.24
4000	0.23	0.41	0.41	0	0	0.23
4100	0.23	0.4	0.4	0	0	0.23
4200	0.23	0.4	0.4	0	0	0.23
4300	0.24	0.41	0.41	0	0	0.24
4400	0.24	0.41	0.41	0	0	0.24
4500	0.24	0.41	0.41	0	0	0.24
4600	0.23	0.4	0.4	0	0	0.23
4700	0.23	0.41	0.41	0	0	0.23
4800	0.24	0.42	0.42	0	0	0.24
4900	0.24	0.42	0.42	0	0	0.24
5000	0.24	0.42	0.42	0	0	0.24
5100	0.24	0.42	0.42	0	0	0.24
5200	0.24	0.45	0.45	0	0	0.24
5300	0.23	0.44	0.44	0	0	0.23
5400	0.23	0.44	0.44	0	0	0.23
5500	0.23	0.45	0.45	0	0	0.23
5600	0.23	0.44	0.44	0	0	0.23
5700	0.24	0.44	0.44	0	0	0.24
5800	0.24	0.45	0.45	0	0	0.24
5900	0.24	0.45	0.45	0	0	0.24
6000	0.24	0.47	0.47	0	0	0.24
6100	0.24	0.47	0.47	0	0	0.24
6200	0.24	0.47	0.47	0	0	0.24
6300	0.24	0.47	0.47	0	0	0.24
6400	0.24	0.49	0.49	0	0	0.24
6500	0.24	0.5	0.5	0	0	0.24
6600	0.25	0.5	0.5	0	0	0.25
6700	0.24	0.5	0.5	0	0	0.24
6800	0.25	0.5	0.5	0	0	0.25
6900	0.26	0.49	0.49	0	0	0.26
7000	0.26	0.49	0.49	0	0	0.26
7100	0.26	0.49	0.49	0	0	0.26
7200	0.26	0.49	0.49	0	0	0.26
7300	0.26	0.49	0.49	0	0	0.26
7400	0.27	0.5	0.5	0	0	0.27
7500	0.27	0.5	0.5	0	0	0.27
7600	0.27	0.51	0.51	0	0	0.27
7700	0.27	0.51	0.51	0	0	0.27
7800	0.27	0.49	0.49	0	0	0.27
7900	0.27	0.48	0.48	0	0	0.27
8000	0.25	0.48	0.48	0	0	0.25
8100	0.26	0.48	0.48	0	0	0.26
8200	0.26	0.48	0.48	0	0	0.26
8300	0.26	0.48	0.48	0	0	0.26
8400	0.26	0.48	0.48	0	0	0.26
8500	0.28	0.49	0.49	0	0	0.28
8600	0.29	0.49	0.49	0	0	0.29
8700	0.3	0.5	0.5	0	0	0.3
8800	0.31	0.48	0.48	0	0	0.31
8900	0.31	0.48	0.48	0	0	0.31
9000	0.31	0.48	0.48	0	0	0.31
9100	0.3	0.48	0.48	0	0	0.3
9200	0.3	0.48	0.48	0	0	0.3
9300	0.3	0.49	0.49	0	0	0.3
9400	0.31	0.48	0.48	0	0	0.31
9500	0.3	0.49	0.49	0	0	0.3
9600	0.3	0.49	0.49	0	0	0.3
9700	0.3	0.49	0.49	0	0	0.3
9800	0.3	0.49	0.49	0	0	0.3
9900	0.3	0.5	0.5	0	0	0.3
10000	0.3	0.49	0.49	0	0	0.3
10100	0.3	0.49	0.49	0	0	0.3
10200	0.3	0.5	0.5	0	0	0.3
10300	0.3	0.5	0.5	0	0	0.3
10400	0.3	0.5	0.5	0	0	0.3
10500	0.3	0.5	0.5	0	0	0.3
10600	0.3	0.5	0.5	0	0	0.3
10700	0.3	0.5	0.5	0	0	0.3
10800	0.3	0.5	0.5	0	0	0.3
10900	0.3	0.5	0.5	0	0	0.3
11000	0.3	0.5	0.5	0	0	0.3
11100	0.29	0.53	0.53	0	0	0.29
11200	0.29	0.52	0.52	0	0	0.29
11300	0.29	0.52	0.52	0	0	0.29
11400	0.29	0.52	0.52	0	0	0.29
11500	0.29	0.51	0.51	0	0	0.29
11600	0.29	0.51	0.51	0	0	0.29
11700	0.29	0.51	0.51	0	0	0.29
11800	0.29	0.52	0.52	0	0	0.29
11900	0.29	0.52	0.52	0	0	0.29
12000	0.29	0.52	0.52	0	0	0.29
12100	0.29	0.52	0.52	0	0	0.29
12200	0.29	0.53	0.53	0	0	0.29
12300	0.3	0.54	0.54	0	0	0.3
12400	0.31	0.54	0.54	0	0	0.31
12500	0.3	0.54	0.54	0	0	0.3
12600	0.3	0.54	0.54	0	0	0.3
12700	0.31	0.54	0.54	0	0	0.31
12800	0.31	0.54	0.54	0	0	0.31
12900	0.31	0.54	0.54	0	0	0.31
13000	0.31	0.54	0.54	0	0	0.31
13100	0.31	0.54	0.54	0	0	0.31
13200	0.32	0.54	0.54	0	0	0.32
13300	0.32	0.54	0.54	0	0	0.32
13400	0.32	0.54	0.54	0	0	0.32
13500	0.33	0.53	0.53	0	0	0.33
13600	0.33	0.53	0.53	0	0	0.33
13700	0.32	0.53	0.53	0	0	0.32
13800	0.32	0.53	0.53	0	0	0.32
13900	0.32	0.53	0.53	0	0	0.32
14000	0.32	0.53	0.53	0	0	0.32
14100	0.32	0.53	0.53	0	0	0.32
14200	0.32	0.53	0.53	0	0	0.32
14300	0.32	0.53	0.53	0	0	0.32
14400	0.32	0.53	0.53	0	0	0.32
14500	0.33	0.53	0.53	0	0	0.33
14600	0.33	0.53	0.53	0	0	0.33
14700	0.34	0.53	0.53	0	0	0.34
14800	0.33	0.53	0.53	0	0	0.33
14900	0.33	0.53	0.53	0	0	0.33
15000	0.33	0.53	0.53	0	0	0.33
15100	0.33	0.53	0.53	0	0	0.33
15200	0.33	0.53	0.53	0	0	0.33
15300	0.34	0.52	0.52	0	0	0.34
15400	0.34	0.52	0.52	0	0	0.34
15500	0.33	0.51	0.51	0	0	0.33
15600	0.33	0.51	0.51	0	0	0.33
15700	0.33	0.52	0.52	0	0	0.33
15800	0.33	0.52	0.52	0	0	0.33
15900	0.35	0.52	0.52	0	0	0.35
16000	0.36	0.53	0.53	0	0	0.36
16100	0.36	0.53	0.53	0	0	0.36
16200	0.36	0.53	0.53	0	0	0.36
16300	0.35	0.52	0.52	0	0	0.35
16400	0.35	0.52	0.52	0	0	0.35
16500	0.35	0.51	0.51	0	0	0.35
16600	0.35	0.51	0.51	0	0	0.35
16700	0.35	0.52	0.52	0	0	0.35
16800	0.36	0.53	0.53	0	0	0.36
16900	0.36	0.53	0.53	0	0	0.36
17000	0.36	0.53	0.53	0	0	0.36
17100	0.36	0.53	0.53	0	0	0.36
17200	0.37	0.53	0.53	0	0	0.37
17300	0.37	0.53	0.53	0	0	0.37
17400	0.37	0.53	0.53	0	0	0.37
17500	0.37	0.53	0.53	0	0	0.37
17600	0.37	0.54	0.54	0	0	0.37
17700	0.37	0.54	0.54	0	0	0.37
17800	0.37	0.53	0.53	0	0	0.37
17900	0.37	0.53	0.53	0	0	0.37
18000	0.37	0.53	0.53	0	0	0.37
18100	0.37	0.53	0.53	0	0	0.37
18200	0.37	0.52	0.52	0	0	0.37
18300	0.36	0.52	0.52	0	0	0.36
18400	0.36	0.52	0.52	0	0	0.36
18500	0.36	0.52	0.52	0	0	0.36
18600	0.37	0.52	0.52	0	0	0.37
18700	0.36	0.51	0.51	0	0	0.36
18800	0.36	0.51	0.51	0	0	0.36
18900	0.36	0.51	0.51	0	0	0.36
19000	0.36	0.51	0.51	0	0	0.36
19100	0.36	0.51	0.51	0	0	0.36
19200	0.36	0.52	0.52	0	0	0.36
19300	0.36	0.51	0.51	0	0	0.36
19400	0.36	0.51	0.51	0	0	0.36
19500	0.36	0.5	0.5	0	0	0.36
19600	0.36	0.5	0.5	0	0	0.36
19700	0.36	0.5	0.5	0	0	0.36
19800	0.36	0.51	0.51	0	0	0.36
19900	0.36	0.51	0.51	0	0	0.36
20000	0.36	0.51	0.51	0	0	0.36
20100	0.36	0.51	0.51	0	0	0.36
20200	0.36	0.52	0.52	0	0	0.36
20300	0.36	0.52	0.52	0	0	0.36
20400	0.36	0.52	0.52	0	0	0.36
20500	0.36	0.52	0.52	0	0	0.36
20600	0.36	0.52	0.52	0	0	0.36
20700	0.37	0.52	0.52	0	0	0.37
20800	0.36	0.51	0.51	0	0	0.36
20900	0.36	0.51	0.51	0	0	0.36
21000	0.36	0.51	0.51	0	0	0.36
21100	0.36	0.51	0.51	0	0	0.36
21200	0.36	0.52	0.52	0	0	0.36
21300	0.36	0.52	0.52	0	0	0.36
21400	0.36	0.53	0.53	0	0	0.36
21500	0.36	0.53	0.53	0	0	0.36
21600	0.36	0.53	0.53	0	0	0.36
21700	0.36	0.53	0.53	0	0	0.36
21800	0.36	0.53	0.53	0	0	0.36
21900	0.35	0.53	0.53	0	0	0.35
22000	0.35	0.53	0.53	0	0	0.35
22100	0.35	0.51	0.51	0	0	0.35
22200	0.35	0.51	0.51	0	0	0.35
22300	0.34	0.51	0.51	0	0	0.34
22400	0.34	0.52	0.52	0	0	0.34
22500	0.34	0.51	0.51	0	0	0.34
22600	0.34	0.51	0.51	0	0	0.34
22700	0.35	0.51	0.51	0	0	0.35
22800	0.35	0.51	0.51	0	0	0.35
22900	0.35	0.51	0.51	0	0	0.35
23000	0.34	0.51	0.51	0	0	0.34
23100	0.35	0.51	0.51	0	0	0.35
23200	0.35	0.51	0.51	0	0	0.35
23300	0.35	0.51	0.51	0	0	0.35
23400	0.35	0.52	0.52	0	0	0.35
23500	0.35	0.52	0.52	0	0	0.35
23600	0.35	0.52	0.52	0	0	0.35
23700	0.35	0.51	0.51	0	0	0.35
23800	0.35	0.51	0.51	0	0	0.35
23900	0.35	0.51	0.51	0	0	0.35
24000	0.35	0.51	0.51	0	0	0.35
24100	0.35	0.51	0.51	0	0	0.35
24200	0.35	0.51	0.51	0	0	0.35
24300	0.35	0.52	0.52	0	0	0.35
24400	0.35	0.52	0.52	0	0	0.35
24500	0.35	0.52	0.52	0	0	0.35
24600	0.35	0.52	0.52	0	0	0.35
24700	0.36	0.52	0.52	0	0	0.36
24800	0.36	0.52	0.52	0	0	0.36
24900	0.36	0.52	0.52	0	0	0.36
25000	0.37	0.52	0.52	0	0	0.37
25100	0.38	0.52	0.52	0	0	0.38
25200	0.38	0.52	0.52	0	0	0.38
25300	0.38	0.52	0.52	0	0	0.38
25400	0.38	0.52	0.52	0	0	0.38
25500	0.38	0.53	0.53	0	0	0.38
25600	0.38	0.52	0.52	0	0	0.38
25700	0.38	0.52	0.52	0	0	0.38
25800	0.38	0.51	0.51	0	0	0.38
25900	0.39	0.51	0.51	0	0	0.39
26000	0.39	0.51	0.51	0	0	0.39
26100	0.39	0.51	0.51	0	0	0.39
26200	0.39	0.51	0.51	0	0	0.39
26300	0.39	0.51	0.51	0	0	0.39
26400	0.38	0.51	0.51	0	0	0.38
26500	0.38	0.51	0.51	0	0	0.38
26600	0.38	0.51	0.51	0	0	0.38
26700	0.39	0.5	0.5	0	0	0.39
26800	0.39	0.5	0.5	0	0	0.39
26900	0.39	0.5	0.5	0	0	0.39
27000	0.39	0.5	0.5	0	0	0.39
27100	0.39	0.5	0.5	0	0	0.39
27200	0.39	0.5	0.5	0	0	0.39
27300	0.39	0.5	0.5	0	0	0.39
27400	0.39	0.5	0.5	0	0	0.39
27500	0.39	0.5	0.5	0	0	0.39
27600	0.39	0.51	0.51	0	0	0.39
27700	0.38	0.5	0.5	0	0	0.38
27800	0.38	0.5	0.5	0	0	0.38
27900	0.38	0.5	0.5	0	0	0.38
28000	0.38	0.5	0.5	0	0	0.38
28100	0.38	0.5	0.5	0	0	0.38
28200	0.38	0.5	0.5	0	0	0.38
28300	0.38	0.5	0.5	0	0	0.38
28400	0.38	0.5	0.5	0	0	0.38
28500	0.38	0.49	0.49	0	0	0.38
28600	0.38	0.49	0.49	0	0	0.38
28700	0.38	0.49	0.49	0	0	0.38
28800	0.38	0.5	0.5	0	0	0.38
28900	0.38	0.5	0.5	0	0	0.38
29000	0.38	0.51	0.51	0	0	0.38
29100	0.38	0.5	0.5	0	0	0.38
29200	0.38	0.5	0.5	0	0	0.38
29300	0.38	0.51	0.51	0	0	0.38
29400	0.38	0.51	0.51	0	0	0.38
29500	0.38	0.51	0.51	0	0	0.38
29600	0.39	0.5	0.5	0	0	0.39
29700	0.4	0.49	0.49	0	0	0.4
29800	0.4	0.49	0.49	0	0	0.4
29900	0.39	0.49	0.49	0	0	0.39
30000	0.39	0.49	0.49	0	0	0.39
30100	0.39	0.5	0.5	0	0	0.39
30200	0.4	0.5	0.5	0	0	0.4
30300	0.4	0.5	0.5	0	0	0.4
30400	0.41	0.5	0.5	0	0	0.41
30500	0.41	0.5	0.5	0	0	0.41
30600	0.41	0.5	0.5	0	0	0.41
30700	0.41	0.5	0.5	0	0	0.41
30800	0.41	0.5	0.5	0	0	0.41
30900	0.41	0.5	0.5	0	0	0.41
31000	0.41	0.49	0.49	0	0	0.41
31100	0.41	0.49	0.49	0	0	0.41
31200	0.41	0.49	0.49	0	0	0.41
31300	0.41	0.49	0.49	0	0	0.41
31400	0.41	0.49	0.49	0	0	0.41
31500	0.41	0.48	0.48	0	0	0.41
31600	0.4	0.48	0.48	0	0	0.4
31700	0.41	0.48	0.48	0	0	0.41
31800	0.41	0.48	0.48	0	0	0.41
31900	0.42	0.48	0.48	0	0	0.42
32000	0.42	0.48	0.48	0	0	0.42
32100	0.41	0.48	0.48	0	0	0.41
32200	0.41	0.47	0.47	0	0	0.41
32300	0.41	0.47	0.47	0	0	0.41
32400	0.41	0.47	0.47	0	0	0.41
32500	0.41	0.47	0.47	0	0	0.41
32600	0.41	0.47	0.47	0	0	0.41
32700	0.41	0.47	0.47	0	0	0.41
32800	0.41	0.47	0.47	0	0	0.41
32900	0.41	0.47	0.47	0	0	0.41
33000	0.41	0.47	0.47	0	0	0.41
33100	0.41	0.47	0.47	0	0	0.41
33200	0.41	0.47	0.47	0	0	0.41
33300	0.41	0.47	0.47	0	0	0.41
33400	0.41	0.47	0.47	0	0	0.41
33500	0.41	0.47	0.47	0	0	0.41
33600	0.41	0.47	0.47	0	0	0.41
33700	0.41	0.47	0.47	0	0	0.41
33800	0.41	0.47	0.47	0	0	0.41
33900	0.4	0.46	0.46	0	0	0.4
34000	0.4	0.46	0.46	0	0	0.4
34100	0.4	0.46	0.46	0	0	0.4
34200	0.4	0.46	0.46	0	0	0.4
34300	0.4	0.46	0.46	0	0	0.4
34400	0.4	0.46	0.46	0	0	0.4
34500	0.4	0.46	0.46	0	0	0.4
34600	0.4	0.47	0.47	0	0	0.4
34700	0.4	0.47	0.47	0	0	0.4
34800	0.4	0.47	0.47	0	0	0.4
34900	0.4	0.47	0.47	0	0	0.4
35000	0.4	0.48	0.48	0	0	0.4
35100	0.4	0.47	0.47	0	0	0.4
35200	0.4	0.47	0.47	0	0	0.4
35300	0.4	0.47	0.47	0	0	0.4
35400	0.39	0.47	0.47	0	0	0.39
35500	0.39	0.47	0.47	0	0	0.39
35600	0.39	0.47	0.47	0	0	0.39
35700	0.39	0.48	0.48	0	0	0.39
35800	0.39	0.48	0.48	0	0	0.39
35900	0.39	0.47	0.47	0	0	0.39
36000	0.39	0.47	0.47	0	0	0.39
36100	0.39	0.47	0.47	0	0	0.39
36200	0.38	0.47	0.47	0	0	0.38
36300	0.38	0.47	0.47	0	0	0.38
36400	0.38	0.47	0.47	0	0	0.38
36500	0.38	0.47	0.47	0	0	0.38
36600	0.38	0.47	0.47	0	0	0.38
36700	0.38	0.47	0.47	0	0	0.38
36800	0.38	0.47	0.47	0	0	0.38
36900	0.38	0.47	0.47	0	0	0.38
37000	0.38	0.47	0.47	0	0	0.38
37100	0.38	0.47	0.47	0	0	0.38
37200	0.38	0.47	0.47	0	0	0.38
37300	0.38	0.47	0.47	0	0	0.38
37400	0.38	0.46	0.46	0	0	0.38
37500	0.38	0.47	0.47	0	0	0.38
37600	0.39	0.47	0.47	0	0	0.39
37700	0.39	0.47	0.47	0	0	0.39
37800	0.39	0.48	0.48	0	0	0.39
37900	0.39	0.48	0.48	0	0	0.39
38000	0.39	0.48	0.48	0	0	0.39
38100	0.39	0.47	0.47	0	0	0.39
38200	0.39	0.47	0.47	0	0	0.39
38300	0.39	0.47	0.47	0	0	0.39
38400	0.39	0.47	0.47	0	0	0.39
38500	0.39	0.47	0.47	0	0	0.39
38600	0.39	0.47	0.47	0	0	0.39
38700	0.39	0.47	0.47	0	0	0.39
38800	0.39	0.47	0.47	0	0	0.39
38900	0.39	0.47	0.47	0	0	0.39
39000	0.39	0.47	0.47	0	0	0.39
39100	0.39	0.47	0.47	0	0	0.39
39200	0.39	0.47	0.47	0	0	0.39
39300	0.39	0.47	0.47	0	0	0.39
39400	0.39	0.47	0.47	0	0	0.39
39500	0.39	0.47	0.47	0	0	0.39
39600	0.39	0.47	0.47	0	0	0.39
39700	0.39	0.47	0.47	0	0	0.39
39800	0.39	0.47	0.47	0	0	0.39
39900	0.39	0.47	0.47	0	0	0.39
40000	0.39	0.47	0.47	0	0	0.39
40100	0.39	0.47	0.47	0	0	0.39
40200	0.39	0.47	0.47	0	0	0.39
40300	0.39	0.47	0.47	0	0	0.39
40400	0.39	0.48	0.48	0	0	0.39
40500	0.39	0.47	0.47	0	0	0.39
40600	0.39	0.47	0.47	0	0	0.39
40700	0.39	0.47	0.47	0	0	0.39
40800	0.39	0.47	0.47	0	0	0.39
40900	0.4	0.46	0.46	0	0	0.4
41000	0.4	0.46	0.46	0	0	0.4
41100	0.4	0.46	0.46	0	0	0.4
41200	0.4	0.46	0.46	0	0	0.4
41300	0.4	0.46	0.46	0	0	0.4
41400	0.4	0.46	0.46	0	0	0.4
41500	0.4	0.46	0.46	0	0	0.4
41600	0.4	0.46	0.46	0	0	0.4
41700	0.39	0.46	0.46	0	0	0.39
41800	0.39	0.46	0.46	0	0	0.39
41900	0.39	0.46	0.46	0	0	0.39
42000	0.39	0.46	0.46	0	0	0.39
42100	0.39	0.46	0.46	0	0	0.39
42200	0.39	0.46	0.46	0	0	0.39
42300	0.4	0.46	0.46	0	0	0.4
42400	0.4	0.47	0.47	0	0	0.4
42500	0.4	0.47	0.47	0	0	0.4
42600	0.4	0.47	0.47	0	0	0.4
42700	0.4	0.47	0.47	0	0	0.4
42800	0.4	0.47	0.47	0	0	0.4
42900	0.4	0.47	0.47	0	0	0.4
43000	0.4	0.47	0.47	0	0	0.4
43100	0.4	0.47	0.47	0	0	0.4
43200	0.4	0.47	0.47	0	0	0.4
43300	0.41	0.47	0.47	0	0	0.41
43400	0.41	0.47	0.47	0	0	0.41
43500	0.41	0.47	0.47	0	0	0.41
43600	0.41	0.47	0.47	0	0	0.41
43700	0.41	0.47	0.47	0	0	0.41
43800	0.41	0.47	0.47	0	0	0.41
43900	0.4	0.47	0.47	0	0	0.4
44000	0.39	0.47	0.47	0	0	0.39
44100	0.39	0.47	0.47	0	0	0.39
44200	0.39	0.47	0.47	0	0	0.39
44300	0.39	0.49	0.49	0	0	0.39
44400	0.39	0.48	0.48	0	0	0.39
44500	0.39	0.48	0.48	0	0	0.39
44600	0.39	0.48	0.48	0	0	0.39
44700	0.39	0.48	0.48	0	0	0.39
44800	0.39	0.48	0.48	0	0	0.39
44900	0.39	0.48	0.48	0	0	0.39
45000	0.39	0.48	0.48	0	0	0.39
45100	0.39	0.48	0.48	0	0	0.39
45200	0.39	0.49	0.49	0	0	0.39
45300	0.39	0.49	0.49	0	0	0.39
45400	0.39	0.49	0.49	0	0	0.39
45500	0.39	0.49	0.49	0	0	0.39
45600	0.39	0.48	0.48	0	0	0.39
45700	0.39	0.48	0.48	0	0	0.39
45800	0.4	0.48	0.48	0	0	0.4
45900	0.4	0.48	0.48	0	0	0.4
46000	0.4	0.48	0.48	0	0	0.4
46100	0.4	0.47	0.47	0	0	0.4
46200	0.4	0.47	0.47	0	0	0.4
46300	0.4	0.47	0.47	0	0	0.4
46400	0.4	0.47	0.47	0	0	0.4
46500	0.4	0.47	0.47	0	0	0.4
46600	0.4	0.47	0.47	0	0	0.4
46700	0.4	0.48	0.48	0	0	0.4
46800	0.4	0.48	0.48	0	0	0.4
46900	0.39	0.49	0.49	0	0	0.39
47000	0.39	0.49	0.49	0	0	0.39
47100	0.39	0.5	0.5	0	0	0.39
47200	0.39	0.5	0.5	0	0	0.39
47300	0.39	0.5	0.5	0	0	0.39
47400	0.39	0.5	0.5	0	0	0.39
47500	0.39	0.5	0.5	0	0	0.39
47600	0.39	0.51	0.51	0	0	0.39
47700	0.39	0.51	0.51	0	0	0.39
47800	0.39	0.51	0.51	0	0	0.39
47900	0.39	0.51	0.51	0	0	0.39
48000	0.39	0.51	0.51	0	0	0.39
48100	0.39	0.5	0.5	0	0	0.39
48200	0.39	0.5	0.5	0	0	0.39
48300	0.39	0.49	0.49	0	0	0.39
48400	0.39	0.49	0.49	0	0	0.39
48500	0.39	0.49	0.49	0	0	0.39
48600	0.39	0.49	0.49	0	0	0.39
48700	0.39	0.49	0.49	0	0	0.39
48800	0.4	0.49	0.49	0	0	0.4
48900	0.41	0.49	0.49	0	0	0.41
49000	0.41	0.49	0.49	0	0	0.41
49100	0.41	0.49	0.49	0	0	0.41
49200	0.41	0.49	0.49	0	0	0.41
49300	0.42	0.5	0.5	0	0	0.42
49400	0.42	0.5	0.5	0	0	0.42
49500	0.42	0.49	0.49	0	0	0.42
49600	0.42	0.49	0.49	0	0	0.42
49700	0.42	0.49	0.49	0	0	0.42
49800	0.42	0.49	0.49	0	0	0.42
49900	0.42	0.48	0.48	0	0	0.42
50000	0.42	0.48	0.48	0	0	0.42
50100	0.41	0.47	0.47	0	0	0.41
50200	0.41	0.47	0.47	0	0	0.41
50300	0.41	0.47	0.47	0	0	0.41
50400	0.42	0.47	0.47	0	0	0.42
50500	0.42	0.47	0.47	0	0	0.42
50600	0.42	0.47	0.47	0	0	0.42
50700	0.42	0.47	0.47	0	0	0.42
50800	0.42	0.48	0.48	0	0	0.42
50900	0.42	0.47	0.47	0	0	0.42
51000	0.42	0.47	0.47	0	0	0.42
51100	0.42	0.47	0.47	0	0	0.42
51200	0.42	0.47	0.47	0	0	0.42
51300	0.42	0.47	0.47	0	0	0.42
51400	0.42	0.47	0.47	0	0	0.42
51500	0.43	0.47	0.47	0	0	0.43
51600	0.43	0.48	0.48	0	0	0.43
51700	0.43	0.47	0.47	0	0	0.43
51800	0.42	0.47	0.47	0	0	0.42
51900	0.42	0.47	0.47	0	0	0.42
52000	0.42	0.47	0.47	0	0	0.42
52100	0.42	0.47	0.47	0	0	0.42
52200	0.42	0.47	0.47	0	0	0.42
52300	0.42	0.48	0.48	0	0	0.42
52400	0.42	0.48	0.48	0	0	0.42
52500	0.42	0.48	0.48	0	0	0.42
52600	0.41	0.48	0.48	0	0	0.41
52700	0.41	0.49	0.49	0	0	0.41
52800	0.42	0.49	0.49	0	0	0.42
52900	0.42	0.49	0.49	0	0	0.42
53000	0.4	0.49	0.49	0	0	0.4
53100	0.41	0.49	0.49	0	0	0.41
53200	0.41	0.49	0.49	0	0	0.41
53300	0.4	0.49	0.49	0	0	0.4
53400	0.4	0.49	0.49	0	0	0.4
53500	0.41	0.49	0.49	0	0	0.41
53600	0.41	0.49	0.49	0	0	0.41
53700	0.41	0.49	0.49	0	0	0.41
53800	0.41	0.49	0.49	0	0	0.41
53900	0.41	0.49	0.49	0	0	0.41
54000	0.41	0.49	0.49	0	0	0.41
54100	0.41	0.49	0.49	0	0	0.41
54200	0.41	0.49	0.49	0	0	0.41
54300	0.41	0.49	0.49	0	0	0.41
54400	0.42	0.49	0.49	0	0	0.42
54500	0.42	0.49	0.49	0	0	0.42
54600	0.41	0.49	0.49	0	0	0.41
54700	0.41	0.49	0.49	0	0	0.41
54800	0.41	0.47	0.47	0	0	0.41
54900	0.41	0.47	0.47	0	0	0.41
55000	0.41	0.47	0.47	0	0	0.41
55100	0.41	0.47	0.47	0	0	0.41
55200	0.41	0.47	0.47	0	0	0.41
55300	0.41	0.47	0.47	0	0	0.41
55400	0.4	0.47	0.47	0	0	0.4
55500	0.4	0.47	0.47	0	0	0.4
55600	0.4	0.47	0.47	0	0	0.4
55700	0.4	0.49	0.49	0	0	0.4
55800	0.4	0.49	0.49	0	0	0.4
55900	0.4	0.5	0.5	0	0	0.4
56000	0.4	0.5	0.5	0	0	0.4
56100	0.4	0.49	0.49	0	0	0.4
56200	0.39	0.49	0.49	0	0	0.39
56300	0.39	0.49	0.49	0	0	0.39
56400	0.39	0.49	0.49	0	0	0.39
56500	0.39	0.48	0.48	0	0	0.39
56600	0.39	0.48	0.48	0	0	0.39
56700	0.39	0.47	0.47	0	0	0.39
56800	0.39	0.47	0.47	0	0	0.39
56900	0.39	0.47	0.47	0	0	0.39
57000	0.39	0.47	0.47	0	0	0.39
57100	0.39	0.47	0.47	0	0	0.39
57200	0.39	0.47	0.47	0	0	0.39
57300	0.39	0.48	0.48	0	0	0.39
57400	0.39	0.48	0.48	0	0	0.39
57500	0.39	0.48	0.48	0	0	0.39
57600	0.39	0.48	0.48	0	0	0.39
57700	0.39	0.48	0.48	0	0	0.39
57800	0.41	0.48	0.48	0	0	0.41
57900	0.41	0.48	0.48	0	0	0.41
58000	0.41	0.48	0.48	0	0	0.41
58100	0.4	0.48	0.48	0	0	0.4
58200	0.4	0.48	0.48	0	0	0.4
58300	0.4	0.48	0.48	0	0	0.4
58400	0.4	0.48	0.48	0	0	0.4
58500	0.4	0.48	0.48	0	0	0.4
58600	0.4	0.48	0.48	0	0	0.4
58700	0.41	0.48	0.48	0	0	0.41
58800	0.41	0.48	0.48	0	0	0.41
58900	0.41	0.48	0.48	0	0	0.41
59000	0.41	0.48	0.48	0	0	0.41
59100	0.41	0.48	0.48	0	0	0.41
59200	0.41	0.49	0.49	0	0	0.41
59300	0.41	0.49	0.49	0	0	0.41
59400	0.4	0.49	0.49	0	0	0.4
59500	0.4	0.49	0.49	0	0	0.4
59600	0.4	0.49	0.49	0	0	0.4
59700	0.4	0.48	0.48	0	0	0.4
59800	0.4	0.48	0.48	0	0	0.4
59900	0.4	0.48	0.48	0	0	0.4
60000	0.4	0.49	0.49	0	0	0.4
60100	0.4	0.49	0.49	0	0	0.4
60200	0.4	0.49	0.49	0	0	0.4
60300	0.39	0.49	0.49	0	0	0.39
60400	0.39	0.49	0.49	0	0	0.39
60500	0.39	0.49	0.49	0	0	0.39
60600	0.39	0.49	0.49	0	0	0.39
60700	0.39	0.49	0.49	0	0	0.39
60800	0.38	0.5	0.5	0	0	0.38
60900	0.38	0.5	0.5	0	0	0.38
61000	0.38	0.5	0.5	0	0	0.38
61100	0.38	0.49	0.49	0	0	0.38
61200	0.38	0.49	0.49	0	0	0.38
61300	0.37	0.5	0.5	0	0	0.37
61400	0.37	0.51	0.51	0	0	0.37
61500	0.37	0.52	0.52	0	0	0.37
61600	0.37	0.52	0.52	0	0	0.37
61700	0.37	0.52	0.52	0	0	0.37
61800	0.37	0.52	0.52	0	0	0.37
61900	0.37	0.52	0.52	0	0	0.37
62000	0.37	0.52	0.52	0	0	0.37
62100	0.38	0.52	0.52	0	0	0.38
62200	0.38	0.52	0.52	0	0	0.38
62300	0.38	0.52	0.52	0	0	0.38
62400	0.38	0.52	0.52	0	0	0.38
62500	0.38	0.53	0.53	0	0	0.38
62600	0.38	0.53	0.53	0	0	0.38
62700	0.39	0.55	0.55	0	0	0.39
62800	0.39	0.55	0.55	0	0	0.39
62900	0.39	0.55	0.55	0	0	0.39
63000	0.39	0.54	0.54	0	0	0.39
63100	0.39	0.54	0.54	0	0	0.39
63200	0.38	0.54	0.54	0	0	0.38
63300	0.38	0.54	0.54	0	0	0.38
63400	0.38	0.54	0.54	0	0	0.38
63500	0.38	0.55	0.55	0	0	0.38
63600	0.38	0.55	0.55	0	0	0.38
63700	0.38	0.55	0.55	0	0	0.38
63800	0.38	0.56	0.56	0	0	0.38
63900	0.38	0.56	0.56	0	0	0.38
64000	0.38	0.56	0.56	0	0	0.38
64100	0.38	0.56	0.56	0	0	0.38
64200	0.38	0.56	0.56	0	0	0.38
64300	0.38	0.56	0.56	0	0	0.38
64400	0.38	0.57	0.57	0	0	0.38
64500	0.38	0.58	0.58	0	0	0.38
64600	0.38	0.58	0.58	0	0	0.38
64700	0.38	0.58	0.58	0	0	0.38
64800	0.38	0.58	0.58	0	0	0.38
64900	0.38	0.57	0.57	0	0	0.38
65000	0.38	0.57	0.57	0	0	0.38
65100	0.38	0.57	0.57	0	0	0.38
65200	0.38	0.57	0.57	0	0	0.38
65300	0.38	0.57	0.57	0	0	0.38
65400	0.38	0.57	0.57	0	0	0.38
65500	0.38	0.57	0.57	0	0	0.38
65600	0.38	0.56	0.56	0	0	0.38
65700	0.38	0.56	0.56	0	0	0.38
65800	0.38	0.56	0.56	0	0	0.38
65900	0.38	0.56	0.56	0	0	0.38
66000	0.38	0.56	0.56	0	0	0.38
66100	0.38	0.56	0.56	0	0	0.38
66200	0.38	0.56	0.56	0	0	0.38
66300	0.38	0.56	0.56	0	0	0.38
66400	0.38	0.56	0.56	0	0	0.38
66500	0.38	0.56	0.56	0	0	0.38
66600	0.38	0.56	0.56	0	0	0.38
66700	0.38	0.56	0.56	0	0	0.38
66800	0.38	0.56	0.56	0	0	0.38
66900	0.38	0.56	0.56	0	0	0.38
67000	0.38	0.56	0.56	0	0	0.38
67100	0.38	0.56	0.56	0	0	0.38
67200	0.38	0.56	0.56	0	0	0.38
67300	0.38	0.56	0.56	0	0	0.38
67400	0.38	0.56	0.56	0	0	0.38
67500	0.38	0.55	0.55	0	0	0.38
67600	0.38	0.55	0.55	0	0	0.38
67700	0.38	0.55	0.55	0	0	0.38
67800	0.38	0.55	0.55	0	0	0.38
67900	0.38	0.55	0.55	0	0	0.38
68000	0.38	0.55	0.55	0	0	0.38
68100	0.38	0.56	0.56	0	0	0.38
68200	0.38	0.56	0.56	0	0	0.38
68300	0.38	0.56	0.56	0	0	0.38
68400	0.38	0.56	0.56	0	0	0.38
68500	0.38	0.56	0.56	0	0	0.38
68600	0.38	0.56	0.56	0	0	0.38
68700	0.38	0.56	0.56	0	0	0.38
68800	0.38	0.56	0.56	0	0	0.38
68900	0.38	0.56	0.56	0	0	0.38
69000	0.38	0.56	0.56	0	0	0.38
69100	0.38	0.56	0.56	0	0	0.38
69200	0.38	0.56	0.56	0	0	0.38
69300	0.38	0.56	0.56	0	0	0.38
69400	0.38	0.56	0.56	0	0	0.38
69500	0.38	0.57	0.57	0	0	0.38
69600	0.38	0.57	0.57	0	0	0.38
69700	0.38	0.57	0.57	0	0	0.38
69800	0.38	0.57	0.57	0	0	0.38
69900	0.38	0.57	0.57	0	0	0.38
70000	0.38	0.56	0.56	0	0	0.38
70100	0.38	0.56	0.56	0	0	0.38
70200	0.38	0.56	0.56	0	0	0.38
70300	0.38	0.56	0.56	0	0	0.38
70400	0.38	0.56	0.56	0	0	0.38
70500	0.38	0.56	0.56	0	0	0.38
70600	0.38	0.57	0.57	0	0	0.38
70700	0.38	0.57	0.57	0	0	0.38
70800	0.37	0.56	0.56	0	0	0.37
70900	0.37	0.56	0.56	0	0	0.37
71000	0.37	0.56	0.56	0	0	0.37
71100	0.37	0.56	0.56	0	0	0.37
71200	0.37	0.56	0.56	0	0	0.37
71300	0.37	0.56	0.56	0	0	0.37
71400	0.37	0.56	0.56	0	0	0.37
71500	0.37	0.56	0.56	0	0	0.37
71600	0.37	0.56	0.56	0	0	0.37
71700	0.37	0.56	0.56	0	0	0.37
71800	0.37	0.56	0.56	0	0	0.37
71900	0.37	0.56	0.56	0	0	0.37
72000	0.37	0.56	0.56	0	0	0.37
72100	0.37	0.55	0.55	0	0	0.37
72200	0.37	0.55	0.55	0	0	0.37
72300	0.37	0.55	0.55	0	0	0.37
72400	0.37	0.55	0.55	0	0	0.37
72500	0.37	0.55	0.55	0	0	0.37
72600	0.36	0.55	0.55	0	0	0.36
72700	0.36	0.55	0.55	0	0	0.36
72800	0.36	0.55	0.55	0	0	0.36
72900	0.36	0.55	0.55	0	0	0.36
73000	0.36	0.55	0.55	0	0	0.36
73100	0.36	0.55	0.55	0	0	0.36
73200	0.36	0.55	0.55	0	0	0.36
73300	0.36	0.53	0.53	0	0	0.36
73400	0.36	0.54	0.54	0	0	0.36
73500	0.36	0.54	0.54	0	0	0.36
73600	0.36	0.53	0.53	0	0	0.36
73700	0.36	0.52	0.52	0	0	0.36
73800	0.36	0.52	0.52	0	0	0.36
73900	0.36	0.52	0.52	0	0	0.36
74000	0.36	0.52	0.52	0	0	0.36
74100	0.36	0.52	0.52	0	0	0.36
74200	0.36	0.52	0.52	0	0	0.36
74300	0.36	0.52	0.52	0	0	0.36
74400	0.36	0.52	0.52	0	0	0.36
74500	0.36	0.52	0.52	0	0	0.36
74600	0.36	0.52	0.52	0	0	0.36
74700	0.36	0.52	0.52	0	0	0.36
74800	0.36	0.52	0.52	0	0	0.36
74900	0.36	0.52	0.52	0	0	0.36
75000	0.36	0.51	0.51	0	0	0.36
75100	0.36	0.53	0.53	0	0	0.36
75200	0.36	0.53	0.53	0	0	0.36
75300	0.37	0.53	0.53	0	0	0.37
75400	0.37	0.53	0.53	0	0	0.37
75500	0.37	0.53	0.53	0	0	0.37
75600	0.37	0.53	0.53	0	0	0.37
75700	0.37	0.53	0.53	0	0	0.37
75800	0.37	0.53	0.53	0	0	0.37
75900	0.37	0.53	0.53	0	0	0.37
76000	0.37	0.53	0.53	0	0	0.37
76100	0.37	0.54	0.54	0	0	0.37
76200	0.37	0.54	0.54	0	0	0.37
76300	0.37	0.54	0.54	0	0	0.37
76400	0.37	0.54	0.54	0	0	0.37
76500	0.37	0.54	0.54	0	0	0.37
76600	0.37	0.54	0.54	0	0	0.37
76700	0.37	0.54	0.54	0	0	0.37
76800	0.37	0.55	0.55	0	0	0.37
76900	0.37	0.55	0.55	0	0	0.37
77000	0.37	0.55	0.55	0	0	0.37
77100	0.37	0.55	0.55	0	0	0.37
77200	0.37	0.55	0.55	0	0	0.37
77300	0.37	0.55	0.55	0	0	0.37
77400	0.37	0.55	0.55	0	0	0.37
77500	0.37	0.55	0.55	0	0	0.37
77600	0.37	0.56	0.56	0	0	0.37
77700	0.37	0.56	0.56	0	0	0.37
77800	0.37	0.56	0.56	0	0	0.37
77900	0.37	0.56	0.56	0	0	0.37
78000	0.37	0.56	0.56	0	0	0.37
78100	0.37	0.56	0.56	0	0	0.37
78200	0.37	0.56	0.56	0	0	0.37
78300	0.37	0.56	0.56	0	0	0.37
78400	0.37	0.56	0.56	0	0	0.37
78500	0.37	0.56	0.56	0	0	0.37
78600	0.37	0.56	0.56	0	0	0.37
78700	0.37	0.56	0.56	0	0	0.37
78800	0.37	0.56	0.56	0	0	0.37
78900	0.37	0.56	0.56	0	0	0.37
79000	0.37	0.56	0.56	0	0	0.37
79100	0.37	0.56	0.56	0	0	0.37
79200	0.37	0.56	0.56	0	0	0.37
79300	0.37	0.56	0.56	0	0	0.37
79400	0.37	0.56	0.56	0	0	0.37
79500	0.37	0.56	0.56	0	0	0.37
79600	0.37	0.56	0.56	0	0	0.37
79700	0.37	0.56	0.56	0	0	0.37
79800	0.37	0.56	0.56	0	0	0.37
79900	0.37	0.56	0.56	0	0	0.37
80000	0.38	0.56	0.56	0	0	0.38
80100	0.38	0.56	0.56	0	0	0.38
80200	0.38	0.56	0.56	0	0	0.38
80300	0.38	0.56	0.56	0	0	0.38
80400	0.38	0.56	0.56	0	0	0.38
80500	0.38	0.56	0.56	0	0	0.38
80600	0.38	0.55	0.55	0	0	0.38
80700	0.38	0.55	0.55	0	0	0.38
80800	0.38	0.55	0.55	0	0	0.38
80900	0.38	0.55	0.55	0	0	0.38
81000	0.38	0.55	0.55	0	0	0.38
81100	0.38	0.55	0.55	0	0	0.38
81200	0.38	0.55	0.55	0	0	0.38
81300	0.38	0.55	0.55	0	0	0.38
81400	0.38	0.55	0.55	0	0	0.38
81500	0.38	0.55	0.55	0	0	0.38
81600	0.38	0.55	0.55	0	0	0.38
81700	0.38	0.55	0.55	0	0	0.38
81800	0.38	0.55	0.55	0	0	0.38
81900	0.39	0.55	0.55	0	0	0.39
82000	0.39	0.55	0.55	0	0	0.39
82100	0.38	0.55	0.55	0	0	0.38
82200	0.38	0.56	0.56	0	0	0.38
82300	0.37	0.56	0.56	0	0	0.37
82400	0.37	0.56	0.56	0	0	0.37
82500	0.37	0.57	0.57	0	0	0.37
82600	0.37	0.58	0.58	0	0	0.37
82700	0.37	0.58	0.58	0	0	0.37
82800	0.37	0.59	0.59	0	0	0.37
82900	0.37	0.59	0.59	0	0	0.37
83000	0.37	0.59	0.59	0	0	0.37
83100	0.37	0.59	0.59	0	0	0.37
83200	0.37	0.59	0.59	0	0	0.37
83300	0.37	0.59	0.59	0	0	0.37
83400	0.37	0.59	0.59	0	0	0.37
83500	0.37	0.59	0.59	0	0	0.37
83600	0.37	0.59	0.59	0	0	0.37
83700	0.37	0.59	0.59	0	0	0.37
83800	0.37	0.59	0.59	0	0	0.37
83900	0.36	0.59	0.59	0	0	0.36
84000	0.36	0.59	0.59	0	0	0.36
84100	0.35	0.59	0.59	0	0	0.35
84200	0.35	0.59	0.59	0	0	0.35
84300	0.35	0.59	0.59	0	0	0.35
84400	0.35	0.59	0.59	0	0	0.35
84500	0.35	0.59	0.59	0	0	0.35
84600	0.35	0.59	0.59	0	0	0.35
84700	0.35	0.58	0.58	0	0	0.35
84800	0.35	0.58	0.58	0	0	0.35
84900	0.35	0.58	0.58	0	0	0.35
85000	0.35	0.58	0.58	0	0	0.35
85100	0.35	0.58	0.58	0	0	0.35
85200	0.35	0.58	0.58	0	0	0.35
85300	0.35	0.58	0.58	0	0	0.35
85400	0.35	0.58	0.58	0	0	0.35
85500	0.35	0.58	0.58	0	0	0.35
85600	0.35	0.57	0.57	0	0	0.35
85700	0.35	0.57	0.57	0	0	0.35
85800	0.35	0.57	0.57	0	0	0.35
85900	0.35	0.56	0.56	0	0	0.35
86000	0.35	0.56	0.56	0	0	0.35
86100	0.35	0.58	0.58	0	0	0.35
86200	0.35	0.58	0.58	0	0	0.35
86300	0.35	0.57	0.57	0	0	0.35
86400	0.35	0.57	0.57	0	0	0.35
86500	0.35	0.57	0.57	0	0	0.35
86600	0.35	0.57	0.57	0	0	0.35
86700	0.35	0.57	0.57	0	0	0.35
86800	0.35	0.57	0.57	0	0	0.35
86900	0.35	0.57	0.57	0	0	0.35
87000	0.35	0.57	0.57	0	0	0.35
87100	0.35	0.57	0.57	0	0	0.35
87200	0.36	0.57	0.57	0	0	0.36
87300	0.36	0.57	0.57	0	0	0.36
87400	0.36	0.58	0.58	0	0	0.36
87500	0.36	0.57	0.57	0	0	0.36
87600	0.36	0.57	0.57	0	0	0.36
87700	0.36	0.57	0.57	0	0	0.36
87800	0.36	0.57	0.57	0	0	0.36
87900	0.36	0.57	0.57	0	0	0.36
88000	0.36	0.57	0.57	0	0	0.36
88100	0.36	0.57	0.57	0	0	0.36
88200	0.36	0.57	0.57	0	0	0.36
88300	0.36	0.57	0.57	0	0	0.36
88400	0.36	0.55	0.55	0	0	0.36
88500	0.36	0.55	0.55	0	0	0.36
88600	0.36	0.55	0.55	0	0	0.36
88700	0.36	0.55	0.55	0	0	0.36
88800	0.36	0.55	0.55	0	0	0.36
88900	0.36	0.55	0.55	0	0	0.36
89000	0.36	0.55	0.55	0	0	0.36
89100	0.37	0.54	0.54	0	0	0.37
89200	0.37	0.54	0.54	0	0	0.37
89300	0.37	0.54	0.54	0	0	0.37
89400	0.37	0.54	0.54	0	0	0.37
89500	0.37	0.54	0.54	0	0	0.37
89600	0.37	0.54	0.54	0	0	0.37
89700	0.37	0.54	0.54	0	0	0.37
89800	0.37	0.54	0.54	0	0	0.37
89900	0.37	0.54	0.54	0	0	0.37
90000	0.38	0.54	0.54	0	0	0.38
90100	0.38	0.54	0.54	0	0	0.38
90200	0.38	0.54	0.54	0	0	0.38
90300	0.38	0.54	0.54	0	0	0.38
90400	0.38	0.54	0.54	0	0	0.38
90500	0.38	0.54	0.54	0	0	0.38
90600	0.38	0.55	0.55	0	0	0.38
90700	0.38	0.55	0.55	0	0	0.38
90800	0.38	0.55	0.55	0	0	0.38
90900	0.38	0.55	0.55	0	0	0.38
91000	0.38	0.55	0.55	0	0	0.38
91100	0.38	0.55	0.55	0	0	0.38
91200	0.38	0.55	0.55	0	0	0.38
91300	0.38	0.55	0.55	0	0	0.38
91400	0.38	0.55	0.55	0	0	0.38
91500	0.38	0.55	0.55	0	0	0.38
91600	0.38	0.55	0.55	0	0	0.38
91700	0.38	0.55	0.55	0	0	0.38
91800	0.38	0.55	0.55	0	0	0.38
91900	0.38	0.55	0.55	0	0	0.38
92000	0.38	0.55	0.55	0	0	0.38
92100	0.38	0.55	0.55	0	0	0.38
92200	0.38	0.55	0.55	0	0	0.38
92300	0.38	0.55	0.55	0	0	0.38
92400	0.38	0.55	0.55	0	0	0.38
92500	0.38	0.55	0.55	0	0	0.38
92600	0.38	0.55	0.55	0	0	0.38
92700	0.38	0.55	0.55	0	0	0.38
92800	0.38	0.54	0.54	0	0	0.38
92900	0.38	0.54	0.54	0	0	0.38
93000	0.38	0.54	0.54	0	0	0.38
93100	0.38	0.54	0.54	0	0	0.38
93200	0.38	0.54	0.54	0	0	0.38
93300	0.38	0.54	0.54	0	0	0.38
93400	0.38	0.54	0.54	0	0	0.38
93500	0.38	0.54	0.54	0	0	0.38
93600	0.38	0.54	0.54	0	0	0.38
93700	0.38	0.54	0.54	0	0	0.38
93800	0.38	0.54	0.54	0	0	0.38
93900	0.38	0.54	0.54	0	0	0.38
94000	0.38	0.53	0.53	0	0	0.38
94100	0.38	0.53	0.53	0	0	0.38
94200	0.38	0.53	0.53	0	0	0.38
94300	0.38	0.53	0.53	0	0	0.38
94400	0.38	0.53	0.53	0	0	0.38
94500	0.38	0.53	0.53	0	0	0.38
94600	0.38	0.53	0.53	0	0	0.38
94700	0.38	0.53	0.53	0	0	0.38
94800	0.38	0.53	0.53	0	0	0.38
94900	0.38	0.53	0.53	0	0	0.38
95000	0.38	0.53	0.53	0	0	0.38
95100	0.38	0.53	0.53	0	0	0.38
95200	0.38	0.53	0.53	0	0	0.38
95300	0.38	0.53	0.53	0	0	0.38
95400	0.38	0.53	0.53	0	0	0.38
95500	0.38	0.53	0.53	0	0	0.38
95600	0.38	0.53	0.53	0	0	0.38
95700	0.39	0.53	0.53	0	0	0.39
95800	0.39	0.53	0.53	0	0	0.39
95900	0.39	0.53	0.53	0	0	0.39
96000	0.39	0.53	0.53	0	0	0.39
96100	0.39	0.53	0.53	0	0	0.39
96200	0.39	0.52	0.52	0	0	0.39
96300	0.39	0.52	0.52	0	0	0.39
96400	0.39	0.52	0.52	0	0	0.39
96500	0.39	0.52	0.52	0	0	0.39
96600	0.39	0.52	0.52	0	0	0.39
96700	0.39	0.52	0.52	0	0	0.39
96800	0.39	0.52	0.52	0	0	0.39
96900	0.39	0.52	0.52	0	0	0.39
97000	0.39	0.52	0.52	0	0	0.39
97100	0.39	0.52	0.52	0	0	0.39
97200	0.39	0.51	0.51	0	0	0.39
97300	0.39	0.52	0.52	0	0	0.39
97400	0.39	0.52	0.52	0	0	0.39
97500	0.39	0.51	0.51	0	0	0.39
97600	0.39	0.51	0.51	0	0	0.39
97700	0.39	0.51	0.51	0	0	0.39
97800	0.39	0.51	0.51	0	0	0.39
97900	0.39	0.51	0.51	0	0	0.39
98000	0.39	0.51	0.51	0	0	0.39
98100	0.4	0.51	0.51	0	0	0.4
98200	0.4	0.51	0.51	0	0	0.4
98300	0.4	0.51	0.51	0	0	0.4
98400	0.4	0.51	0.51	0	0	0.4
98500	0.41	0.51	0.51	0	0	0.41
98600	0.41	0.51	0.51	0	0	0.41
98700	0.41	0.51	0.51	0	0	0.41
98800	0.41	0.52	0.52	0	0	0.41
98900	0.41	0.52	0.52	0	0	0.41
99000	0.41	0.52	0.52	0	0	0.41
99100	0.41	0.52	0.52	0	0	0.41
99200	0.41	0.52	0.52	0	0	0.41
99300	0.41	0.52	0.52	0	0	0.41
99400	0.41	0.52	0.52	0	0	0.41
99500	0.41	0.52	0.52	0	0	0.41
99600	0.41	0.52	0.52	0	0	0.41
99700	0.41	0.52	0.52	0	0	0.41
99800	0.41	0.52	0.52	0	0	0.41
99900	0.41	0.52	0.52	0	0	0.41
100000	0.41	0.52	0.52	0	0	0.41
