100	0.07	0.06	0.06	0	0	0.07
200	0.09	0.09	0.09	0	0	0.09
300	0.1	0.13	0.13	0	0	0.1
400	0.09	0.13	0.13	0	0	0.09
500	0.09	0.15	0.15	0	0	0.09
600	0.09	0.15	0.15	0	0	0.09
700	0.09	0.16	0.16	0	0	0.09
800	0.1	0.18	0.18	0	0	0.1
900	0.09	0.19	0.19	0	0	0.09
1000	0.1	0.2	0.2	0	0	0.1
1100	0.13	0.22	0.22	0	0	0.13
1200	0.13	0.23	0.23	0	0	0.13
1300	0.13	0.23	0.23	0	0	0.13
1400	0.14	0.25	0.25	0	0	0.14
1500	0.17	0.24	0.24	0	0	0.17
1600	0.17	0.23	0.23	0	0	0.17
1700	0.17	0.23	0.23	0	0	0.17
1800	0.21	0.23	0.23	0	0	0.21
1900	0.21	0.24	0.24	0	0	0.21
2000	0.22	0.25	0.25	0	0	0.22
2100	0.21	0.25	0.25	0	0	0.21
2200	0.21	0.25	0.25	0	0	0.21
2300	0.21	0.26	0.26	0	0	0.21
2400	0.21	0.27	0.27	0	0	0.21
2500	0.21	0.28	0.28	0	0	0.21
2600	0.22	0.28	0.28	0	0	0.22
2700	0.22	0.28	0.28	0	0	0.22
2800	0.23	0.29	0.29	0	0	0.23
2900	0.23	0.3	0.3	0	0	0.23
3000	0.23	0.3	0.3	0	0	0.23
3100	0.23	0.32	0.32	0	0	0.23
3200	0.23	0.33	0.33	0	0	0.23
3300	0.23	0.33	0.33	0	0	0.23
3400	0.22	0.32	0.32	0	0	0.22
3500	0.23	0.33	0.33	0	0	0.23
3600	0.23	0.33	0.33	0	0	0.23
3700	0.23	0.33	0.33	0	0	0.23
3800	0.23	0.35	0.35	0	0	0.23
3900	0.23	0.34	0.34	0	0	0.23
4000	0.23	0.34	0.34	0	0	0.23
4100	0.23	0.34	0.34	0	0	0.23
4200	0.23	0.34	0.34	0	0	0.23
4300	0.24	0.34	0.34	0	0	0.24
4400	0.25	0.33	0.33	0	0	0.25
4500	0.26	0.33	0.33	0	0	0.26
4600	0.26	0.33	0.33	0	0	0.26
4700	0.26	0.33	0.33	0	0	0.26
4800	0.26	0.35	0.35	0	0	0.26
4900	0.27	0.35	0.35	0	0	0.27
5000	0.25	0.36	0.36	0	0	0.25
5100	0.25	0.38	0.38	0	0	0.25
5200	0.26	0.38	0.38	0	0	0.26
5300	0.26	0.38	0.38	0	0	0.26
5400	0.26	0.38	0.38	0	0	0.26
5500	0.26	0.37	0.37	0	0	0.26
5600	0.28	0.36	0.36	0	0	0.28
5700	0.28	0.36	0.36	0	0	0.28
5800	0.28	0.36	0.36	0	0	0.28
5900	0.27	0.35	0.35	0	0	0.27
6000	0.27	0.35	0.35	0	0	0.27
6100	0.27	0.35	0.35	0	0	0.27
6200	0.27	0.35	0.35	0	0	0.27
6300	0.27	0.36	0.36	0	0	0.27
6400	0.28	0.36	0.36	0	0	0.28
6500	0.28	0.36	0.36	0	0	0.28
6600	0.28	0.35	0.35	0	0	0.28
6700	0.28	0.36	0.36	0	0	0.28
6800	0.28	0.35	0.35	0	0	0.28
6900	0.28	0.35	0.35	0	0	0.28
7000	0.28	0.33	0.33	0	0	0.28
7100	0.29	0.33	0.33	0	0	0.29
7200	0.29	0.34	0.34	0	0	0.29
7300	0.3	0.34	0.34	0	0	0.3
7400	0.3	0.34	0.34	0	0	0.3
7500	0.3	0.35	0.35	0	0	0.3
7600	0.3	0.38	0.38	0	0	0.3
7700	0.3	0.38	0.38	0	0	0.3
7800	0.31	0.38	0.38	0	0	0.31
7900	0.31	0.39	0.39	0	0	0.31
8000	0.31	0.39	0.39	0	0	0.31
8100	0.31	0.39	0.39	0	0	0.31
8200	0.31	0.4	0.4	0	0	0.31
8300	0.31	0.41	0.41	0	0	0.31
8400	0.31	0.4	0.4	0	0	0.31
8500	0.31	0.41	0.41	0	0	0.31
8600	0.31	0.41	0.41	0	0	0.31
8700	0.31	0.41	0.41	0	0	0.31
8800	0.31	0.41	0.41	0	0	0.31
8900	0.31	0.42	0.42	0	0	0.31
9000	0.31	0.43	0.43	0	0	0.31
9100	0.31	0.43	0.43	0	0	0.31
9200	0.31	0.43	0.43	0	0	0.31
9300	0.31	0.44	0.44	0	0	0.31
9400	0.31	0.45	0.45	0	0	0.31
9500	0.31	0.45	0.45	0	0	0.31
9600	0.31	0.45	0.45	0	0	0.31
9700	0.31	0.47	0.47	0	0	0.31
9800	0.31	0.47	0.47	0	0	0.31
9900	0.31	0.47	0.47	0	0	0.31
10000	0.31	0.47	0.47	0	0	0.31
10100	0.31	0.46	0.46	0	0	0.31
10200	0.32	0.46	0.46	0	0	0.32
10300	0.32	0.46	0.46	0	0	0.32
10400	0.32	0.46	0.46	0	0	0.32
10500	0.32	0.46	0.46	0	0	0.32
10600	0.32	0.47	0.47	0	0	0.32
10700	0.32	0.47	0.47	0	0	0.32
10800	0.31	0.47	0.47	0	0	0.31
10900	0.32	0.48	0.48	0	0	0.32
11000	0.32	0.48	0.48	0	0	0.32
11100	0.32	0.48	0.48	0	0	0.32
11200	0.32	0.49	0.49	0	0	0.32
11300	0.32	0.49	0.49	0	0	0.32
11400	0.32	0.49	0.49	0	0	0.32
11500	0.32	0.5	0.5	0	0	0.32
11600	0.32	0.5	0.5	0	0	0.32
11700	0.33	0.5	0.5	0	0	0.33
11800	0.33	0.52	0.52	0	0	0.33
11900	0.32	0.52	0.52	0	0	0.32
12000	0.33	0.52	0.52	0	0	0.33
12100	0.33	0.52	0.52	0	0	0.33
12200	0.33	0.52	0.52	0	0	0.33
12300	0.33	0.52	0.52	0	0	0.33
12400	0.34	0.52	0.52	0	0	0.34
12500	0.34	0.52	0.52	0	0	0.34
12600	0.34	0.52	0.52	0	0	0.34
12700	0.34	0.53	0.53	0	0	0.34
12800	0.34	0.53	0.53	0	0	0.34
12900	0.34	0.53	0.53	0	0	0.34
13000	0.35	0.53	0.53	0	0	0.35
13100	0.35	0.53	0.53	0	0	0.35
13200	0.36	0.53	0.53	0	0	0.36
13300	0.37	0.53	0.53	0	0	0.37
13400	0.37	0.53	0.53	0	0	0.37
13500	0.37	0.53	0.53	0	0	0.37
13600	0.37	0.52	0.52	0	0	0.37
13700	0.38	0.53	0.53	0	0	0.38
13800	0.38	0.53	0.53	0	0	0.38
13900	0.38	0.53	0.53	0	0	0.38
14000	0.38	0.53	0.53	0	0	0.38
14100	0.38	0.52	0.52	0	0	0.38
14200	0.37	0.52	0.52	0	0	0.37
14300	0.37	0.52	0.52	0	0	0.37
14400	0.37	0.52	0.52	0	0	0.37
14500	0.37	0.51	0.51	0	0	0.37
14600	0.37	0.5	0.5	0	0	0.37
14700	0.37	0.5	0.5	0	0	0.37
14800	0.37	0.48	0.48	0	0	0.37
14900	0.37	0.47	0.47	0	0	0.37
15000	0.37	0.47	0.47	0	0	0.37
15100	0.37	0.48	0.48	0	0	0.37
15200	0.37	0.48	0.48	0	0	0.37
15300	0.37	0.48	0.48	0	0	0.37
15400	0.37	0.48	0.48	0	0	0.37
15500	0.37	0.48	0.48	0	0	0.37
15600	0.37	0.48	0.48	0	0	0.37
15700	0.37	0.48	0.48	0	0	0.37
15800	0.37	0.49	0.49	0	0	0.37
15900	0.38	0.48	0.48	0	0	0.38
16000	0.39	0.48	0.48	0	0	0.39
16100	0.39	0.48	0.48	0	0	0.39
16200	0.39	0.48	0.48	0	0	0.39
16300	0.39	0.48	0.48	0	0	0.39
16400	0.39	0.48	0.48	0	0	0.39
16500	0.39	0.48	0.48	0	0	0.39
16600	0.39	0.48	0.48	0	0	0.39
16700	0.39	0.48	0.48	0	0	0.39
16800	0.39	0.48	0.48	0	0	0.39
16900	0.39	0.48	0.48	0	0	0.39
17000	0.39	0.48	0.48	0	0	0.39
17100	0.38	0.47	0.47	0	0	0.38
17200	0.38	0.47	0.47	0	0	0.38
17300	0.38	0.47	0.47	0	0	0.38
17400	0.38	0.47	0.47	0	0	0.38
17500	0.38	0.46	0.46	0	0	0.38
17600	0.38	0.46	0.46	0	0	0.38
17700	0.39	0.46	0.46	0	0	0.39
17800	0.39	0.46	0.46	0	0	0.39
17900	0.39	0.46	0.46	0	0	0.39
18000	0.41	0.46	0.46	0	0	0.41
18100	0.41	0.46	0.46	0	0	0.41
18200	0.41	0.46	0.46	0	0	0.41
18300	0.41	0.46	0.46	0	0	0.41
18400	0.41	0.46	0.46	0	0	0.41
18500	0.41	0.46	0.46	0	0	0.41
18600	0.42	0.46	0.46	0	0	0.42
18700	0.41	0.46	0.46	0	0	0.41
18800	0.41	0.46	0.46	0	0	0.41
18900	0.4	0.46	0.46	0	0	0.4
19000	0.4	0.46	0.46	0	0	0.4
19100	0.4	0.47	0.47	0	0	0.4
19200	0.4	0.47	0.47	0	0	0.4
19300	0.39	0.47	0.47	0	0	0.39
19400	0.39	0.47	0.47	0	0	0.39
19500	0.39	0.47	0.47	0	0	0.39
19600	0.39	0.47	0.47	0	0	0.39
19700	0.39	0.47	0.47	0	0	0.39
19800	0.39	0.47	0.47	0	0	0.39
19900	0.39	0.47	0.47	0	0	0.39
20000	0.39	0.47	0.47	0	0	0.39
20100	0.39	0.47	0.47	0	0	0.39
20200	0.39	0.47	0.47	0	0	0.39
20300	0.39	0.47	0.47	0	0	0.39
20400	0.39	0.47	0.47	0	0	0.39
20500	0.39	0.46	0.46	0	0	0.39
20600	0.38	0.46	0.46	0	0	0.38
20700	0.38	0.46	0.46	0	0	0.38
20800	0.38	0.47	0.47	0	0	0.38
20900	0.38	0.47	0.47	0	0	0.38
21000	0.38	0.47	0.47	0	0	0.38
21100	0.37	0.47	0.47	0	0	0.37
21200	0.37	0.47	0.47	0	0	0.37
21300	0.38	0.46	0.46	0	0	0.38
21400	0.38	0.46	0.46	0	0	0.38
21500	0.38	0.46	0.46	0	0	0.38
21600	0.39	0.46	0.46	0	0	0.39
21700	0.39	0.45	0.45	0	0	0.39
21800	0.39	0.45	0.45	0	0	0.39
21900	0.39	0.45	0.45	0	0	0.39
22000	0.39	0.45	0.45	0	0	0.39
22100	0.39	0.45	0.45	0	0	0.39
22200	0.39	0.45	0.45	0	0	0.39
22300	0.39	0.45	0.45	0	0	0.39
22400	0.39	0.45	0.45	0	0	0.39
22500	0.39	0.45	0.45	0	0	0.39
22600	0.39	0.46	0.46	0	0	0.39
22700	0.38	0.46	0.46	0	0	0.38
22800	0.38	0.46	0.46	0	0	0.38
22900	0.38	0.46	0.46	0	0	0.38
23000	0.38	0.46	0.46	0	0	0.38
23100	0.38	0.46	0.46	0	0	0.38
23200	0.38	0.47	0.47	0	0	0.38
23300	0.38	0.47	0.47	0	0	0.38
23400	0.38	0.46	0.46	0	0	0.38
23500	0.38	0.46	0.46	0	0	0.38
23600	0.38	0.46	0.46	0	0	0.38
23700	0.38	0.46	0.46	0	0	0.38
23800	0.38	0.47	0.47	0	0	0.38
23900	0.38	0.47	0.47	0	0	0.38
24000	0.38	0.47	0.47	0	0	0.38
24100	0.38	0.47	0.47	0	0	0.38
24200	0.38	0.47	0.47	0	0	0.38
24300	0.38	0.47	0.47	0	0	0.38
24400	0.38	0.47	0.47	0	0	0.38
24500	0.38	0.47	0.47	0	0	0.38
24600	0.38	0.47	0.47	0	0	0.38
24700	0.38	0.47	0.47	0	0	0.38
24800	0.38	0.47	0.47	0	0	0.38
24900	0.38	0.47	0.47	0	0	0.38
25000	0.38	0.47	0.47	0	0	0.38
25100	0.38	0.47	0.47	0	0	0.38
25200	0.38	0.47	0.47	0	0	0.38
25300	0.37	0.47	0.47	0	0	0.37
25400	0.37	0.47	0.47	0	0	0.37
25500	0.37	0.47	0.47	0	0	0.37
25600	0.37	0.47	0.47	0	0	0.37
25700	0.37	0.47	0.47	0	0	0.37
25800	0.37	0.47	0.47	0	0	0.37
25900	0.37	0.47	0.47	0	0	0.37
26000	0.37	0.47	0.47	0	0	0.37
26100	0.37	0.47	0.47	0	0	0.37
26200	0.37	0.47	0.47	0	0	0.37
26300	0.37	0.46	0.46	0	0	0.37
26400	0.37	0.46	0.46	0	0	0.37
26500	0.38	0.46	0.46	0	0	0.38
26600	0.38	0.45	0.45	0	0	0.38
26700	0.38	0.45	0.45	0	0	0.38
26800	0.38	0.45	0.45	0	0	0.38
26900	0.39	0.45	0.45	0	0	0.39
27000	0.39	0.46	0.46	0	0	0.39
27100	0.39	0.46	0.46	0	0	0.39
27200	0.4	0.46	0.46	0	0	0.4
27300	0.4	0.46	0.46	0	0	0.4
27400	0.4	0.46	0.46	0	0	0.4
27500	0.4	0.46	0.46	0	0	0.4
27600	0.4	0.46	0.46	0	0	0.4
27700	0.4	0.46	0.46	0	0	0.4
27800	0.41	0.46	0.46	0	0	0.41
27900	0.4	0.46	0.46	0	0	0.4
28000	0.4	0.46	0.46	0	0	0.4
28100	0.4	0.46	0.46	0	0	0.4
28200	0.4	0.46	0.46	0	0	0.4
28300	0.4	0.46	0.46	0	0	0.4
28400	0.4	0.46	0.46	0	0	0.4
28500	0.4	0.46	0.46	0	0	0.4
28600	0.4	0.46	0.46	0	0	0.4
28700	0.39	0.46	0.46	0	0	0.39
28800	0.4	0.46	0.46	0	0	0.4
28900	0.4	0.46	0.46	0	0	0.4
29000	0.39	0.46	0.46	0	0	0.39
29100	0.39	0.46	0.46	0	0	0.39
29200	0.39	0.46	0.46	0	0	0.39
29300	0.39	0.46	0.46	0	0	0.39
29400	0.39	0.46	0.46	0	0	0.39
29500	0.39	0.46	0.46	0	0	0.39
29600	0.39	0.46	0.46	0	0	0.39
29700	0.39	0.46	0.46	0	0	0.39
29800	0.38	0.46	0.46	0	0	0.38
29900	0.38	0.46	0.46	0	0	0.38
30000	0.38	0.46	0.46	0	0	0.38
30100	0.38	0.46	0.46	0	0	0.38
30200	0.38	0.46	0.46	0	0	0.38
30300	0.39	0.46	0.46	0	0	0.39
30400	0.38	0.46	0.46	0	0	0.38
30500	0.38	0.46	0.46	0	0	0.38
30600	0.38	0.46	0.46	0	0	0.38
30700	0.38	0.46	0.46	0	0	0.38
30800	0.38	0.46	0.46	0	0	0.38
30900	0.39	0.46	0.46	0	0	0.39
31000	0.39	0.46	0.46	0	0	0.39
31100	0.39	0.47	0.47	0	0	0.39
31200	0.39	0.47	0.47	0	0	0.39
31300	0.39	0.48	0.48	0	0	0.39
31400	0.39	0.48	0.48	0	0	0.39
31500	0.39	0.48	0.48	0	0	0.39
31600	0.39	0.48	0.48	0	0	0.39
31700	0.39	0.48	0.48	0	0	0.39
31800	0.39	0.48	0.48	0	0	0.39
31900	0.39	0.49	0.49	0	0	0.39
32000	0.39	0.49	0.49	0	0	0.39
32100	0.39	0.5	0.5	0	0	0.39
32200	0.38	0.52	0.52	0	0	0.38
32300	0.37	0.52	0.52	0	0	0.37
32400	0.37	0.52	0.52	0	0	0.37
32500	0.37	0.52	0.52	0	0	0.37
32600	0.37	0.52	0.52	0	0	0.37
32700	0.37	0.52	0.52	0	0	0.37
32800	0.37	0.51	0.51	0	0	0.37
32900	0.37	0.51	0.51	0	0	0.37
33000	0.37	0.51	0.51	0	0	0.37
33100	0.37	0.51	0.51	0	0	0.37
33200	0.37	0.51	0.51	0	0	0.37
33300	0.37	0.51	0.51	0	0	0.37
33400	0.37	0.51	0.51	0	0	0.37
33500	0.37	0.51	0.51	0	0	0.37
33600	0.37	0.51	0.51	0	0	0.37
33700	0.37	0.51	0.51	0	0	0.37
33800	0.37	0.51	0.51	0	0	0.37
33900	0.37	0.5	0.5	0	0	0.37
34000	0.37	0.5	0.5	0	0	0.37
34100	0.37	0.5	0.5	0	0	0.37
34200	0.37	0.5	0.5	0	0	0.37
34300	0.37	0.5	0.5	0	0	0.37
34400	0.37	0.5	0.5	0	0	0.37
34500	0.37	0.5	0.5	0	0	0.37
34600	0.38	0.5	0.5	0	0	0.38
34700	0.38	0.5	0.5	0	0	0.38
34800	0.38	0.49	0.49	0	0	0.38
34900	0.38	0.49	0.49	0	0	0.38
35000	0.38	0.5	0.5	0	0	0.38
35100	0.38	0.5	0.5	0	0	0.38
35200	0.39	0.5	0.5	0	0	0.39
35300	0.39	0.5	0.5	0	0	0.39
35400	0.39	0.5	0.5	0	0	0.39
35500	0.39	0.52	0.52	0	0	0.39
35600	0.39	0.52	0.52	0	0	0.39
35700	0.39	0.52	0.52	0	0	0.39
35800	0.38	0.52	0.52	0	0	0.38
35900	0.38	0.52	0.52	0	0	0.38
36000	0.38	0.52	0.52	0	0	0.38
36100	0.39	0.52	0.52	0	0	0.39
36200	0.39	0.52	0.52	0	0	0.39
36300	0.4	0.52	0.52	0	0	0.4
36400	0.39	0.52	0.52	0	0	0.39
36500	0.39	0.52	0.52	0	0	0.39
36600	0.38	0.52	0.52	0	0	0.38
36700	0.39	0.53	0.53	0	0	0.39
36800	0.39	0.53	0.53	0	0	0.39
36900	0.4	0.54	0.54	0	0	0.4
37000	0.4	0.54	0.54	0	0	0.4
37100	0.4	0.54	0.54	0	0	0.4
37200	0.4	0.54	0.54	0	0	0.4
37300	0.4	0.54	0.54	0	0	0.4
37400	0.4	0.54	0.54	0	0	0.4
37500	0.4	0.54	0.54	0	0	0.4
37600	0.41	0.54	0.54	0	0	0.41
37700	0.41	0.54	0.54	0	0	0.41
37800	0.41	0.54	0.54	0	0	0.41
37900	0.41	0.54	0.54	0	0	0.41
38000	0.41	0.54	0.54	0	0	0.41
38100	0.41	0.54	0.54	0	0	0.41
38200	0.41	0.54	0.54	0	0	0.41
38300	0.41	0.54	0.54	0	0	0.41
38400	0.41	0.54	0.54	0	0	0.41
38500	0.41	0.54	0.54	0	0	0.41
38600	0.41	0.54	0.54	0	0	0.41
38700	0.41	0.54	0.54	0	0	0.41
38800	0.41	0.54	0.54	0	0	0.41
38900	0.42	0.54	0.54	0	0	0.42
39000	0.41	0.54	0.54	0	0	0.41
39100	0.41	0.54	0.54	0	0	0.41
39200	0.41	0.54	0.54	0	0	0.41
39300	0.41	0.54	0.54	0	0	0.41
39400	0.41	0.54	0.54	0	0	0.41
39500	0.41	0.54	0.54	0	0	0.41
39600	0.4	0.54	0.54	0	0	0.4
39700	0.4	0.54	0.54	0	0	0.4
39800	0.4	0.54	0.54	0	0	0.4
39900	0.4	0.54	0.54	0	0	0.4
40000	0.4	0.53	0.53	0	0	0.4
40100	0.4	0.53	0.53	0	0	0.4
40200	0.4	0.53	0.53	0	0	0.4
40300	0.4	0.53	0.53	0	0	0.4
40400	0.4	0.53	0.53	0	0	0.4
40500	0.4	0.53	0.53	0	0	0.4
40600	0.4	0.53	0.53	0	0	0.4
40700	0.4	0.52	0.52	0	0	0.4
40800	0.4	0.52	0.52	0	0	0.4
40900	0.4	0.51	0.51	0	0	0.4
41000	0.4	0.51	0.51	0	0	0.4
41100	0.4	0.51	0.51	0	0	0.4
41200	0.4	0.51	0.51	0	0	0.4
41300	0.4	0.51	0.51	0	0	0.4
41400	0.4	0.51	0.51	0	0	0.4
41500	0.4	0.51	0.51	0	0	0.4
41600	0.41	0.5	0.5	0	0	0.41
41700	0.41	0.5	0.5	0	0	0.41
41800	0.41	0.5	0.5	0	0	0.41
41900	0.41	0.5	0.5	0	0	0.41
42000	0.41	0.5	0.5	0	0	0.41
42100	0.41	0.5	0.5	0	0	0.41
42200	0.41	0.51	0.51	0	0	0.41
42300	0.4	0.51	0.51	0	0	0.4
42400	0.4	0.51	0.51	0	0	0.4
42500	0.4	0.51	0.51	0	0	0.4
42600	0.41	0.51	0.51	0	0	0.41
42700	0.41	0.51	0.51	0	0	0.41
42800	0.41	0.51	0.51	0	0	0.41
42900	0.4	0.51	0.51	0	0	0.4
43000	0.4	0.52	0.52	0	0	0.4
43100	0.4	0.53	0.53	0	0	0.4
43200	0.4	0.53	0.53	0	0	0.4
43300	0.4	0.53	0.53	0	0	0.4
43400	0.4	0.53	0.53	0	0	0.4
43500	0.4	0.53	0.53	0	0	0.4
43600	0.4	0.53	0.53	0	0	0.4
43700	0.4	0.53	0.53	0	0	0.4
43800	0.4	0.52	0.52	0	0	0.4
43900	0.39	0.53	0.53	0	0	0.39
44000	0.39	0.53	0.53	0	0	0.39
44100	0.39	0.53	0.53	0	0	0.39
44200	0.38	0.54	0.54	0	0	0.38
44300	0.38	0.54	0.54	0	0	0.38
44400	0.38	0.55	0.55	0	0	0.38
44500	0.38	0.55	0.55	0	0	0.38
44600	0.38	0.55	0.55	0	0	0.38
44700	0.38	0.55	0.55	0	0	0.38
44800	0.38	0.55	0.55	0	0	0.38
44900	0.38	0.55	0.55	0	0	0.38
45000	0.38	0.55	0.55	0	0	0.38
45100	0.37	0.55	0.55	0	0	0.37
45200	0.37	0.55	0.55	0	0	0.37
45300	0.37	0.56	0.56	0	0	0.37
45400	0.37	0.56	0.56	0	0	0.37
45500	0.37	0.56	0.56	0	0	0.37
45600	0.37	0.56	0.56	0	0	0.37
45700	0.37	0.56	0.56	0	0	0.37
45800	0.37	0.56	0.56	0	0	0.37
45900	0.37	0.56	0.56	0	0	0.37
46000	0.37	0.56	0.56	0	0	0.37
46100	0.36	0.56	0.56	0	0	0.36
46200	0.36	0.56	0.56	0	0	0.36
46300	0.37	0.56	0.56	0	0	0.37
46400	0.37	0.56	0.56	0	0	0.37
46500	0.37	0.56	0.56	0	0	0.37
46600	0.37	0.56	0.56	0	0	0.37
46700	0.37	0.56	0.56	0	0	0.37
46800	0.37	0.56	0.56	0	0	0.37
46900	0.37	0.56	0.56	0	0	0.37
47000	0.37	0.57	0.57	0	0	0.37
47100	0.37	0.56	0.56	0	0	0.37
47200	0.37	0.55	0.55	0	0	0.37
47300	0.37	0.55	0.55	0	0	0.37
47400	0.37	0.55	0.55	0	0	0.37
47500	0.37	0.55	0.55	0	0	0.37
47600	0.37	0.55	0.55	0	0	0.37
47700	0.37	0.55	0.55	0	0	0.37
47800	0.37	0.54	0.54	0	0	0.37
47900	0.37	0.54	0.54	0	0	0.37
48000	0.37	0.54	0.54	0	0	0.37
48100	0.37	0.54	0.54	0	0	0.37
48200	0.37	0.54	0.54	0	0	0.37
48300	0.38	0.54	0.54	0	0	0.38
48400	0.39	0.54	0.54	0	0	0.39
48500	0.39	0.54	0.54	0	0	0.39
48600	0.39	0.54	0.54	0	0	0.39
48700	0.39	0.54	0.54	0	0	0.39
48800	0.39	0.54	0.54	0	0	0.39
48900	0.39	0.55	0.55	0	0	0.39
49000	0.39	0.55	0.55	0	0	0.39
49100	0.39	0.55	0.55	0	0	0.39
49200	0.39	0.53	0.53	0	0	0.39
49300	0.39	0.53	0.53	0	0	0.39
49400	0.39	0.53	0.53	0	0	0.39
49500	0.39	0.53	0.53	0	0	0.39
49600	0.4	0.53	0.53	0	0	0.4
49700	0.4	0.53	0.53	0	0	0.4
49800	0.39	0.53	0.53	0	0	0.39
49900	0.39	0.53	0.53	0	0	0.39
50000	0.38	0.53	0.53	0	0	0.38
50100	0.38	0.53	0.53	0	0	0.38
50200	0.38	0.53	0.53	0	0	0.38
50300	0.38	0.53	0.53	0	0	0.38
50400	0.38	0.53	0.53	0	0	0.38
50500	0.38	0.53	0.53	0	0	0.38
50600	0.38	0.53	0.53	0	0	0.38
50700	0.38	0.53	0.53	0	0	0.38
50800	0.38	0.53	0.53	0	0	0.38
50900	0.38	0.53	0.53	0	0	0.38
51000	0.38	0.54	0.54	0	0	0.38
51100	0.38	0.54	0.54	0	0	0.38
51200	0.38	0.54	0.54	0	0	0.38
51300	0.38	0.54	0.54	0	0	0.38
51400	0.38	0.54	0.54	0	0	0.38
51500	0.38	0.54	0.54	0	0	0.38
51600	0.38	0.54	0.54	0	0	0.38
51700	0.38	0.54	0.54	0	0	0.38
51800	0.37	0.54	0.54	0	0	0.37
51900	0.37	0.54	0.54	0	0	0.37
52000	0.38	0.54	0.54	0	0	0.38
52100	0.38	0.54	0.54	0	0	0.38
52200	0.38	0.54	0.54	0	0	0.38
52300	0.38	0.54	0.54	0	0	0.38
52400	0.38	0.54	0.54	0	0	0.38
52500	0.38	0.54	0.54	0	0	0.38
52600	0.38	0.54	0.54	0	0	0.38
52700	0.38	0.54	0.54	0	0	0.38
52800	0.38	0.54	0.54	0	0	0.38
52900	0.38	0.54	0.54	0	0	0.38
53000	0.38	0.54	0.54	0	0	0.38
53100	0.38	0.54	0.54	0	0	0.38
53200	0.39	0.54	0.54	0	0	0.39
53300	0.4	0.54	0.54	0	0	0.4
53400	0.4	0.54	0.54	0	0	0.4
53500	0.4	0.54	0.54	0	0	0.4
53600	0.4	0.53	0.53	0	0	0.4
53700	0.4	0.53	0.53	0	0	0.4
53800	0.4	0.53	0.53	0	0	0.4
53900	0.4	0.53	0.53	0	0	0.4
54000	0.4	0.53	0.53	0	0	0.4
54100	0.4	0.53	0.53	0	0	0.4
54200	0.4	0.53	0.53	0	0	0.4
54300	0.39	0.54	0.54	0	0	0.39
54400	0.4	0.54	0.54	0	0	0.4
54500	0.4	0.54	0.54	0	0	0.4
54600	0.4	0.54	0.54	0	0	0.4
54700	0.4	0.54	0.54	0	0	0.4
54800	0.4	0.54	0.54	0	0	0.4
54900	0.41	0.55	0.55	0	0	0.41
55000	0.41	0.54	0.54	0	0	0.41
55100	0.41	0.54	0.54	0	0	0.41
55200	0.41	0.54	0.54	0	0	0.41
55300	0.41	0.54	0.54	0	0	0.41
55400	0.41	0.54	0.54	0	0	0.41
55500	0.41	0.54	0.54	0	0	0.41
55600	0.4	0.54	0.54	0	0	0.4
55700	0.4	0.54	0.54	0	0	0.4
55800	0.4	0.54	0.54	0	0	0.4
55900	0.4	0.55	0.55	0	0	0.4
56000	0.4	0.55	0.55	0	0	0.4
56100	0.4	0.55	0.55	0	0	0.4
56200	0.4	0.55	0.55	0	0	0.4
56300	0.4	0.55	0.55	0	0	0.4
56400	0.4	0.55	0.55	0	0	0.4
56500	0.4	0.55	0.55	0	0	0.4
56600	0.4	0.56	0.56	0	0	0.4
56700	0.4	0.55	0.55	0	0	0.4
56800	0.4	0.55	0.55	0	0	0.4
56900	0.41	0.55	0.55	0	0	0.41
57000	0.41	0.55	0.55	0	0	0.41
57100	0.41	0.55	0.55	0	0	0.41
57200	0.41	0.54	0.54	0	0	0.41
57300	0.41	0.54	0.54	0	0	0.41
57400	0.41	0.54	0.54	0	0	0.41
57500	0.41	0.54	0.54	0	0	0.41
57600	0.41	0.54	0.54	0	0	0.41
57700	0.41	0.54	0.54	0	0	0.41
57800	0.41	0.54	0.54	0	0	0.41
57900	0.41	0.54	0.54	0	0	0.41
58000	0.41	0.54	0.54	0	0	0.41
58100	0.41	0.54	0.54	0	0	0.41
58200	0.42	0.54	0.54	0	0	0.42
58300	0.42	0.54	0.54	0	0	0.42
58400	0.42	0.54	0.54	0	0	0.42
58500	0.42	0.54	0.54	0	0	0.42
58600	0.42	0.54	0.54	0	0	0.42
58700	0.41	0.53	0.53	0	0	0.41
58800	0.41	0.53	0.53	0	0	0.41
58900	0.41	0.53	0.53	0	0	0.41
59000	0.41	0.53	0.53	0	0	0.41
59100	0.41	0.53	0.53	0	0	0.41
59200	0.41	0.53	0.53	0	0	0.41
59300	0.41	0.53	0.53	0	0	0.41
59400	0.41	0.53	0.53	0	0	0.41
59500	0.41	0.53	0.53	0	0	0.41
59600	0.41	0.53	0.53	0	0	0.41
59700	0.41	0.53	0.53	0	0	0.41
59800	0.4	0.53	0.53	0	0	0.4
59900	0.4	0.53	0.53	0	0	0.4
60000	0.4	0.53	0.53	0	0	0.4
60100	0.4	0.53	0.53	0	0	0.4
60200	0.4	0.53	0.53	0	0	0.4
60300	0.4	0.52	0.52	0	0	0.4
60400	0.4	0.52	0.52	0	0	0.4
60500	0.4	0.52	0.52	0	0	0.4
60600	0.4	0.52	0.52	0	0	0.4
60700	0.4	0.52	0.52	0	0	0.4
60800	0.4	0.51	0.51	0	0	0.4
60900	0.39	0.52	0.52	0	0	0.39
61000	0.39	0.52	0.52	0	0	0.39
61100	0.39	0.52	0.52	0	0	0.39
61200	0.39	0.52	0.52	0	0	0.39
61300	0.39	0.52	0.52	0	0	0.39
61400	0.39	0.52	0.52	0	0	0.39
61500	0.39	0.52	0.52	0	0	0.39
61600	0.39	0.52	0.52	0	0	0.39
61700	0.39	0.52	0.52	0	0	0.39
61800	0.39	0.52	0.52	0	0	0.39
61900	0.39	0.52	0.52	0	0	0.39
62000	0.39	0.52	0.52	0	0	0.39
62100	0.39	0.52	0.52	0	0	0.39
62200	0.39	0.52	0.52	0	0	0.39
62300	0.39	0.53	0.53	0	0	0.39
62400	0.39	0.53	0.53	0	0	0.39
62500	0.39	0.53	0.53	0	0	0.39
62600	0.39	0.53	0.53	0	0	0.39
62700	0.39	0.53	0.53	0	0	0.39
62800	0.39	0.53	0.53	0	0	0.39
62900	0.39	0.53	0.53	0	0	0.39
63000	0.39	0.53	0.53	0	0	0.39
63100	0.39	0.53	0.53	0	0	0.39
63200	0.39	0.53	0.53	0	0	0.39
63300	0.39	0.53	0.53	0	0	0.39
63400	0.39	0.53	0.53	0	0	0.39
63500	0.39	0.53	0.53	0	0	0.39
63600	0.39	0.53	0.53	0	0	0.39
63700	0.4	0.53	0.53	0	0	0.4
63800	0.4	0.54	0.54	0	0	0.4
63900	0.4	0.53	0.53	0	0	0.4
64000	0.4	0.53	0.53	0	0	0.4
64100	0.4	0.53	0.53	0	0	0.4
64200	0.4	0.53	0.53	0	0	0.4
64300	0.39	0.53	0.53	0	0	0.39
64400	0.39	0.52	0.52	0	0	0.39
64500	0.39	0.52	0.52	0	0	0.39
64600	0.39	0.52	0.52	0	0	0.39
64700	0.39	0.52	0.52	0	0	0.39
64800	0.39	0.52	0.52	0	0	0.39
64900	0.39	0.52	0.52	0	0	0.39
65000	0.39	0.52	0.52	0	0	0.39
65100	0.4	0.52	0.52	0	0	0.4
65200	0.4	0.52	0.52	0	0	0.4
65300	0.4	0.52	0.52	0	0	0.4
65400	0.4	0.52	0.52	0	0	0.4
65500	0.4	0.52	0.52	0	0	0.4
65600	0.4	0.52	0.52	0	0	0.4
65700	0.4	0.52	0.52	0	0	0.4
65800	0.4	0.52	0.52	0	0	0.4
65900	0.4	0.52	0.52	0	0	0.4
66000	0.4	0.52	0.52	0	0	0.4
66100	0.4	0.52	0.52	0	0	0.4
66200	0.4	0.52	0.52	0	0	0.4
66300	0.4	0.52	0.52	0	0	0.4
66400	0.41	0.52	0.52	0	0	0.41
66500	0.41	0.52	0.52	0	0	0.41
66600	0.41	0.52	0.52	0	0	0.41
66700	0.41	0.52	0.52	0	0	0.41
66800	0.41	0.52	0.52	0	0	0.41
66900	0.41	0.52	0.52	0	0	0.41
67000	0.41	0.52	0.52	0	0	0.41
67100	0.41	0.52	0.52	0	0	0.41
67200	0.41	0.52	0.52	0	0	0.41
67300	0.42	0.52	0.52	0	0	0.42
67400	0.42	0.52	0.52	0	0	0.42
67500	0.42	0.52	0.52	0	0	0.42
67600	0.42	0.52	0.52	0	0	0.42
67700	0.42	0.52	0.52	0	0	0.42
67800	0.42	0.52	0.52	0	0	0.42
67900	0.42	0.52	0.52	0	0	0.42
68000	0.42	0.54	0.54	0	0	0.42
68100	0.42	0.54	0.54	0	0	0.42
68200	0.42	0.54	0.54	0	0	0.42
68300	0.42	0.54	0.54	0	0	0.42
68400	0.42	0.54	0.54	0	0	0.42
68500	0.42	0.55	0.55	0	0	0.42
68600	0.42	0.55	0.55	0	0	0.42
68700	0.42	0.55	0.55	0	0	0.42
68800	0.42	0.55	0.55	0	0	0.42
68900	0.42	0.55	0.55	0	0	0.42
69000	0.42	0.55	0.55	0	0	0.42
69100	0.42	0.55	0.55	0	0	0.42
69200	0.42	0.55	0.55	0	0	0.42
69300	0.42	0.54	0.54	0	0	0.42
69400	0.42	0.54	0.54	0	0	0.42
69500	0.42	0.54	0.54	0	0	0.42
69600	0.42	0.54	0.54	0	0	0.42
69700	0.42	0.54	0.54	0	0	0.42
69800	0.42	0.54	0.54	0	0	0.42
69900	0.42	0.54	0.54	0	0	0.42
70000	0.42	0.54	0.54	0	0	0.42
70100	0.42	0.54	0.54	0	0	0.42
70200	0.42	0.54	0.54	0	0	0.42
70300	0.42	0.54	0.54	0	0	0.42
70400	0.42	0.54	0.54	0	0	0.42
70500	0.42	0.54	0.54	0	0	0.42
70600	0.42	0.54	0.54	0	0	0.42
70700	0.42	0.54	0.54	0	0	0.42
70800	0.42	0.54	0.54	0	0	0.42
70900	0.42	0.54	0.54	0	0	0.42
71000	0.42	0.55	0.55	0	0	0.42
71100	0.42	0.55	0.55	0	0	0.42
71200	0.42	0.55	0.55	0	0	0.42
71300	0.42	0.55	0.55	0	0	0.42
71400	0.42	0.55	0.55	0	0	0.42
71500	0.42	0.55	0.55	0	0	0.42
71600	0.42	0.55	0.55	0	0	0.42
71700	0.42	0.55	0.55	0	0	0.42
71800	0.42	0.55	0.55	0	0	0.42
71900	0.42	0.55	0.55	0	0	0.42
72000	0.42	0.55	0.55	0	0	0.42
72100	0.4	0.55	0.55	0	0	0.4
72200	0.4	0.55	0.55	0	0	0.4
72300	0.4	0.55	0.55	0	0	0.4
72400	0.4	0.55	0.55	0	0	0.4
72500	0.4	0.55	0.55	0	0	0.4
72600	0.4	0.55	0.55	0	0	0.4
72700	0.4	0.55	0.55	0	0	0.4
72800	0.4	0.55	0.55	0	0	0.4
72900	0.4	0.55	0.55	0	0	0.4
73000	0.4	0.55	0.55	0	0	0.4
73100	0.4	0.55	0.55	0	0	0.4
73200	0.4	0.55	0.55	0	0	0.4
73300	0.4	0.55	0.55	0	0	0.4
73400	0.4	0.55	0.55	0	0	0.4
73500	0.4	0.55	0.55	0	0	0.4
73600	0.4	0.55	0.55	0	0	0.4
73700	0.4	0.55	0.55	0	0	0.4
73800	0.4	0.55	0.55	0	0	0.4
73900	0.4	0.55	0.55	0	0	0.4
74000	0.39	0.55	0.55	0	0	0.39
74100	0.39	0.55	0.55	0	0	0.39
74200	0.39	0.55	0.55	0	0	0.39
74300	0.39	0.55	0.55	0	0	0.39
74400	0.39	0.55	0.55	0	0	0.39
74500	0.39	0.55	0.55	0	0	0.39
74600	0.39	0.55	0.55	0	0	0.39
74700	0.39	0.55	0.55	0	0	0.39
74800	0.39	0.55	0.55	0	0	0.39
74900	0.39	0.55	0.55	0	0	0.39
75000	0.39	0.55	0.55	0	0	0.39
75100	0.39	0.55	0.55	0	0	0.39
75200	0.39	0.55	0.55	0	0	0.39
75300	0.39	0.55	0.55	0	0	0.39
75400	0.39	0.55	0.55	0	0	0.39
75500	0.39	0.54	0.54	0	0	0.39
75600	0.39	0.54	0.54	0	0	0.39
75700	0.39	0.54	0.54	0	0	0.39
75800	0.39	0.54	0.54	0	0	0.39
75900	0.39	0.54	0.54	0	0	0.39
76000	0.39	0.54	0.54	0	0	0.39
76100	0.39	0.54	0.54	0	0	0.39
76200	0.39	0.54	0.54	0	0	0.39
76300	0.39	0.54	0.54	0	0	0.39
76400	0.39	0.54	0.54	0	0	0.39
76500	0.39	0.54	0.54	0	0	0.39
76600	0.39	0.54	0.54	0	0	0.39
76700	0.39	0.54	0.54	0	0	0.39
76800	0.39	0.54	0.54	0	0	0.39
76900	0.39	0.54	0.54	0	0	0.39
77000	0.39	0.54	0.54	0	0	0.39
77100	0.39	0.53	0.53	0	0	0.39
77200	0.39	0.53	0.53	0	0	0.39
77300	0.39	0.53	0.53	0	0	0.39
77400	0.39	0.53	0.53	0	0	0.39
77500	0.39	0.53	0.53	0	0	0.39
77600	0.39	0.54	0.54	0	0	0.39
77700	0.39	0.54	0.54	0	0	0.39
77800	0.39	0.54	0.54	0	0	0.39
77900	0.39	0.54	0.54	0	0	0.39
78000	0.39	0.54	0.54	0	0	0.39
78100	0.39	0.54	0.54	0	0	0.39
78200	0.39	0.54	0.54	0	0	0.39
78300	0.39	0.54	0.54	0	0	0.39
78400	0.39	0.54	0.54	0	0	0.39
78500	0.39	0.54	0.54	0	0	0.39
78600	0.39	0.54	0.54	0	0	0.39
78700	0.39	0.54	0.54	0	0	0.39
78800	0.39	0.54	0.54	0	0	0.39
78900	0.39	0.53	0.53	0	0	0.39
79000	0.39	0.53	0.53	0	0	0.39
79100	0.39	0.53	0.53	0	0	0.39
79200	0.39	0.53	0.53	0	0	0.39
79300	0.39	0.53	0.53	0	0	0.39
79400	0.39	0.53	0.53	0	0	0.39
79500	0.39	0.53	0.53	0	0	0.39
79600	0.39	0.53	0.53	0	0	0.39
79700	0.39	0.53	0.53	0	0	0.39
79800	0.39	0.53	0.53	0	0	0.39
79900	0.39	0.53	0.53	0	0	0.39
80000	0.39	0.53	0.53	0	0	0.39
80100	0.39	0.53	0.53	0	0	0.39
80200	0.39	0.53	0.53	0	0	0.39
80300	0.39	0.52	0.52	0	0	0.39
80400	0.39	0.52	0.52	0	0	0.39
80500	0.39	0.52	0.52	0	0	0.39
80600	0.39	0.53	0.53	0	0	0.39
80700	0.39	0.52	0.52	0	0	0.39
80800	0.39	0.52	0.52	0	0	0.39
80900	0.39	0.52	0.52	0	0	0.39
81000	0.39	0.52	0.52	0	0	0.39
81100	0.39	0.52	0.52	0	0	0.39
81200	0.38	0.52	0.52	0	0	0.38
81300	0.38	0.52	0.52	0	0	0.38
81400	0.38	0.52	0.52	0	0	0.38
81500	0.38	0.52	0.52	0	0	0.38
81600	0.38	0.53	0.53	0	0	0.38
81700	0.38	0.53	0.53	0	0	0.38
81800	0.38	0.53	0.53	0	0	0.38
81900	0.38	0.54	0.54	0	0	0.38
82000	0.38	0.54	0.54	0	0	0.38
82100	0.38	0.54	0.54	0	0	0.38
82200	0.38	0.54	0.54	0	0	0.38
82300	0.38	0.54	0.54	0	0	0.38
82400	0.38	0.54	0.54	0	0	0.38
82500	0.37	0.54	0.54	0	0	0.37
82600	0.38	0.54	0.54	0	0	0.38
82700	0.38	0.54	0.54	0	0	0.38
82800	0.38	0.54	0.54	0	0	0.38
82900	0.38	0.54	0.54	0	0	0.38
83000	0.38	0.54	0.54	0	0	0.38
83100	0.38	0.54	0.54	0	0	0.38
83200	0.39	0.54	0.54	0	0	0.39
83300	0.39	0.54	0.54	0	0	0.39
83400	0.39	0.54	0.54	0	0	0.39
83500	0.39	0.54	0.54	0	0	0.39
83600	0.39	0.54	0.54	0	0	0.39
83700	0.39	0.54	0.54	0	0	0.39
83800	0.39	0.54	0.54	0	0	0.39
83900	0.39	0.54	0.54	0	0	0.39
84000	0.39	0.54	0.54	0	0	0.39
84100	0.39	0.54	0.54	0	0	0.39
84200	0.39	0.54	0.54	0	0	0.39
84300	0.39	0.54	0.54	0	0	0.39
84400	0.39	0.54	0.54	0	0	0.39
84500	0.39	0.54	0.54	0	0	0.39
84600	0.39	0.54	0.54	0	0	0.39
84700	0.39	0.54	0.54	0	0	0.39
84800	0.39	0.54	0.54	0	0	0.39
84900	0.39	0.54	0.54	0	0	0.39
85000	0.39	0.54	0.54	0	0	0.39
85100	0.39	0.54	0.54	0	0	0.39
85200	0.39	0.54	0.54	0	0	0.39
85300	0.39	0.54	0.54	0	0	0.39
85400	0.4	0.55	0.55	0	0	0.4
85500	0.4	0.55	0.55	0	0	0.4
85600	0.39	0.55	0.55	0	0	0.39
85700	0.39	0.55	0.55	0	0	0.39
85800	0.39	0.55	0.55	0	0	0.39
85900	0.39	0.54	0.54	0	0	0.39
86000	0.39	0.54	0.54	0	0	0.39
86100	0.39	0.54	0.54	0	0	0.39
86200	0.39	0.54	0.54	0	0	0.39
86300	0.39	0.54	0.54	0	0	0.39
86400	0.41	0.54	0.54	0	0	0.41
86500	0.41	0.55	0.55	0	0	0.41
86600	0.41	0.55	0.55	0	0	0.41
86700	0.41	0.55	0.55	0	0	0.41
86800	0.41	0.55	0.55	0	0	0.41
86900	0.41	0.55	0.55	0	0	0.41
87000	0.41	0.55	0.55	0	0	0.41
87100	0.41	0.55	0.55	0	0	0.41
87200	0.41	0.55	0.55	0	0	0.41
87300	0.41	0.55	0.55	0	0	0.41
87400	0.41	0.55	0.55	0	0	0.41
87500	0.41	0.55	0.55	0	0	0.41
87600	0.41	0.55	0.55	0	0	0.41
87700	0.41	0.55	0.55	0	0	0.41
87800	0.42	0.55	0.55	0	0	0.42
87900	0.42	0.55	0.55	0	0	0.42
88000	0.43	0.55	0.55	0	0	0.43
88100	0.43	0.55	0.55	0	0	0.43
88200	0.43	0.55	0.55	0	0	0.43
88300	0.43	0.55	0.55	0	0	0.43
88400	0.43	0.55	0.55	0	0	0.43
88500	0.43	0.55	0.55	0	0	0.43
88600	0.43	0.55	0.55	0	0	0.43
88700	0.43	0.55	0.55	0	0	0.43
88800	0.43	0.55	0.55	0	0	0.43
88900	0.43	0.55	0.55	0	0	0.43
89000	0.43	0.55	0.55	0	0	0.43
89100	0.43	0.53	0.53	0	0	0.43
89200	0.43	0.54	0.54	0	0	0.43
89300	0.43	0.53	0.53	0	0	0.43
89400	0.43	0.53	0.53	0	0	0.43
89500	0.43	0.53	0.53	0	0	0.43
89600	0.43	0.53	0.53	0	0	0.43
89700	0.43	0.53	0.53	0	0	0.43
89800	0.43	0.53	0.53	0	0	0.43
89900	0.43	0.53	0.53	0	0	0.43
90000	0.43	0.53	0.53	0	0	0.43
90100	0.43	0.53	0.53	0	0	0.43
90200	0.43	0.53	0.53	0	0	0.43
90300	0.43	0.53	0.53	0	0	0.43
90400	0.43	0.53	0.53	0	0	0.43
90500	0.43	0.53	0.53	0	0	0.43
90600	0.43	0.53	0.53	0	0	0.43
90700	0.43	0.53	0.53	0	0	0.43
90800	0.43	0.53	0.53	0	0	0.43
90900	0.43	0.53	0.53	0	0	0.43
91000	0.43	0.53	0.53	0	0	0.43
91100	0.43	0.53	0.53	0	0	0.43
91200	0.43	0.53	0.53	0	0	0.43
91300	0.43	0.53	0.53	0	0	0.43
91400	0.43	0.53	0.53	0	0	0.43
91500	0.43	0.53	0.53	0	0	0.43
91600	0.43	0.53	0.53	0	0	0.43
91700	0.43	0.53	0.53	0	0	0.43
91800	0.43	0.53	0.53	0	0	0.43
91900	0.43	0.53	0.53	0	0	0.43
92000	0.43	0.53	0.53	0	0	0.43
92100	0.43	0.53	0.53	0	0	0.43
92200	0.43	0.53	0.53	0	0	0.43
92300	0.43	0.53	0.53	0	0	0.43
92400	0.43	0.53	0.53	0	0	0.43
92500	0.43	0.53	0.53	0	0	0.43
92600	0.43	0.53	0.53	0	0	0.43
92700	0.43	0.53	0.53	0	0	0.43
92800	0.43	0.53	0.53	0	0	0.43
92900	0.43	0.53	0.53	0	0	0.43
93000	0.43	0.53	0.53	0	0	0.43
93100	0.43	0.53	0.53	0	0	0.43
93200	0.43	0.53	0.53	0	0	0.43
93300	0.43	0.53	0.53	0	0	0.43
93400	0.43	0.53	0.53	0	0	0.43
93500	0.43	0.53	0.53	0	0	0.43
93600	0.43	0.53	0.53	0	0	0.43
93700	0.43	0.53	0.53	0	0	0.43
93800	0.43	0.53	0.53	0	0	0.43
93900	0.43	0.54	0.54	0	0	0.43
94000	0.43	0.54	0.54	0	0	0.43
94100	0.43	0.54	0.54	0	0	0.43
94200	0.43	0.54	0.54	0	0	0.43
94300	0.43	0.54	0.54	0	0	0.43
94400	0.43	0.54	0.54	0	0	0.43
94500	0.43	0.54	0.54	0	0	0.43
94600	0.43	0.54	0.54	0	0	0.43
94700	0.43	0.54	0.54	0	0	0.43
94800	0.43	0.54	0.54	0	0	0.43
94900	0.43	0.54	0.54	0	0	0.43
95000	0.43	0.54	0.54	0	0	0.43
95100	0.43	0.54	0.54	0	0	0.43
95200	0.44	0.54	0.54	0	0	0.44
95300	0.44	0.54	0.54	0	0	0.44
95400	0.44	0.54	0.54	0	0	0.44
95500	0.44	0.54	0.54	0	0	0.44
95600	0.44	0.54	0.54	0	0	0.44
95700	0.44	0.54	0.54	0	0	0.44
95800	0.44	0.54	0.54	0	0	0.44
95900	0.44	0.54	0.54	0	0	0.44
96000	0.44	0.54	0.54	0	0	0.44
96100	0.44	0.53	0.53	0	0	0.44
96200	0.44	0.53	0.53	0	0	0.44
96300	0.44	0.53	0.53	0	0	0.44
96400	0.44	0.53	0.53	0	0	0.44
96500	0.44	0.53	0.53	0	0	0.44
96600	0.44	0.53	0.53	0	0	0.44
96700	0.44	0.53	0.53	0	0	0.44
96800	0.44	0.53	0.53	0	0	0.44
96900	0.44	0.53	0.53	0	0	0.44
97000	0.45	0.53	0.53	0	0	0.45
97100	0.45	0.53	0.53	0	0	0.45
97200	0.45	0.52	0.52	0	0	0.45
97300	0.45	0.52	0.52	0	0	0.45
97400	0.45	0.52	0.52	0	0	0.45
97500	0.45	0.52	0.52	0	0	0.45
97600	0.45	0.52	0.52	0	0	0.45
97700	0.45	0.52	0.52	0	0	0.45
97800	0.44	0.52	0.52	0	0	0.44
97900	0.43	0.52	0.52	0	0	0.43
98000	0.43	0.52	0.52	0	0	0.43
98100	0.43	0.52	0.52	0	0	0.43
98200	0.43	0.52	0.52	0	0	0.43
98300	0.43	0.52	0.52	0	0	0.43
98400	0.43	0.52	0.52	0	0	0.43
98500	0.43	0.52	0.52	0	0	0.43
98600	0.43	0.52	0.52	0	0	0.43
98700	0.43	0.52	0.52	0	0	0.43
98800	0.42	0.53	0.53	0	0	0.42
98900	0.42	0.53	0.53	0	0	0.42
99000	0.42	0.53	0.53	0	0	0.42
99100	0.42	0.53	0.53	0	0	0.42
99200	0.42	0.52	0.52	0	0	0.42
99300	0.42	0.52	0.52	0	0	0.42
99400	0.42	0.52	0.52	0	0	0.42
99500	0.42	0.52	0.52	0	0	0.42
99600	0.42	0.52	0.52	0	0	0.42
99700	0.42	0.52	0.52	0	0	0.42
99800	0.41	0.52	0.52	0	0	0.41
99900	0.41	0.52	0.52	0	0	0.41
100000	0.41	0.52	0.52	0	0	0.41
