100	0.11	0.05	0.05	0	0	0.11
200	0.13	0.07	0.07	0	0	0.13
300	0.15	0.07	0.07	0	0	0.15
400	0.16	0.1	0.1	0	0	0.16
500	0.16	0.12	0.12	0	0	0.16
600	0.16	0.12	0.12	0	0	0.16
700	0.16	0.13	0.13	0	0	0.16
800	0.17	0.13	0.13	0	0	0.17
900	0.18	0.15	0.15	0	0	0.18
1000	0.18	0.16	0.16	0	0	0.18
1100	0.18	0.18	0.18	0	0	0.18
1200	0.18	0.19	0.19	0	0	0.18
1300	0.2	0.21	0.21	0	0	0.2
1400	0.2	0.21	0.21	0	0	0.2
1500	0.2	0.23	0.23	0	0	0.2
1600	0.2	0.24	0.24	0	0	0.2
1700	0.2	0.26	0.26	0	0	0.2
1800	0.21	0.24	0.24	0	0	0.21
1900	0.21	0.26	0.26	0	0	0.21
2000	0.21	0.26	0.26	0	0	0.21
2100	0.21	0.27	0.27	0	0	0.21
2200	0.24	0.27	0.27	0	0	0.24
2300	0.25	0.28	0.28	0	0	0.25
2400	0.25	0.29	0.29	0	0	0.25
2500	0.25	0.29	0.29	0	0	0.25
2600	0.25	0.3	0.3	0	0	0.25
2700	0.26	0.31	0.31	0	0	0.26
2800	0.26	0.31	0.31	0	0	0.26
2900	0.26	0.3	0.3	0	0	0.26
3000	0.26	0.31	0.31	0	0	0.26
3100	0.26	0.31	0.31	0	0	0.26
3200	0.26	0.3	0.3	0	0	0.26
3300	0.27	0.3	0.3	0	0	0.27
3400	0.27	0.32	0.32	0	0	0.27
3500	0.27	0.32	0.32	0	0	0.27
3600	0.27	0.32	0.32	0	0	0.27
3700	0.28	0.32	0.32	0	0	0.28
3800	0.29	0.32	0.32	0	0	0.29
3900	0.29	0.32	0.32	0	0	0.29
4000	0.3	0.33	0.33	0	0	0.3
4100	0.29	0.34	0.34	0	0	0.29
4200	0.29	0.35	0.35	0	0	0.29
4300	0.29	0.35	0.35	0	0	0.29
4400	0.29	0.35	0.35	0	0	0.29
4500	0.29	0.37	0.37	0	0	0.29
4600	0.3	0.4	0.4	0	0	0.3
4700	0.3	0.4	0.4	0	0	0.3
4800	0.31	0.41	0.41	0	0	0.31
4900	0.31	0.41	0.41	0	0	0.31
5000	0.31	0.41	0.41	0	0	0.31
5100	0.32	0.41	0.41	0	0	0.32
5200	0.32	0.42	0.42	0	0	0.32
5300	0.32	0.44	0.44	0	0	0.32
5400	0.32	0.43	0.43	0	0	0.32
5500	0.32	0.43	0.43	0	0	0.32
5600	0.32	0.43	0.43	0	0	0.32
5700	0.32	0.43	0.43	0	0	0.32
5800	0.31	0.41	0.41	0	0	0.31
5900	0.31	0.41	0.41	0	0	0.31
6000	0.32	0.4	0.4	0	0	0.32
6100	0.32	0.4	0.4	0	0	0.32
6200	0.32	0.4	0.4	0	0	0.32
6300	0.32	0.41	0.41	0	0	0.32
6400	0.33	0.39	0.39	0	0	0.33
6500	0.34	0.39	0.39	0	0	0.34
6600	0.34	0.39	0.39	0	0	0.34
6700	0.34	0.39	0.39	0	0	0.34
6800	0.34	0.39	0.39	0	0	0.34
6900	0.34	0.41	0.41	0	0	0.34
7000	0.34	0.41	0.41	0	0	0.34
7100	0.34	0.42	0.42	0	0	0.34
7200	0.34	0.41	0.41	0	0	0.34
7300	0.34	0.41	0.41	0	0	0.34
7400	0.34	0.4	0.4	0	0	0.34
7500	0.34	0.4	0.4	0	0	0.34
7600	0.34	0.4	0.4	0	0	0.34
7700	0.34	0.4	0.4	0	0	0.34
7800	0.34	0.4	0.4	0	0	0.34
7900	0.34	0.39	0.39	0	0	0.34
8000	0.34	0.4	0.4	0	0	0.34
8100	0.35	0.4	0.4	0	0	0.35
8200	0.35	0.39	0.39	0	0	0.35
8300	0.35	0.39	0.39	0	0	0.35
8400	0.35	0.39	0.39	0	0	0.35
8500	0.35	0.39	0.39	0	0	0.35
8600	0.35	0.4	0.4	0	0	0.35
8700	0.35	0.41	0.41	0	0	0.35
8800	0.35	0.41	0.41	0	0	0.35
8900	0.35	0.4	0.4	0	0	0.35
9000	0.35	0.41	0.41	0	0	0.35
9100	0.35	0.44	0.44	0	0	0.35
9200	0.35	0.44	0.44	0	0	0.35
9300	0.35	0.44	0.44	0	0	0.35
9400	0.36	0.44	0.44	0	0	0.36
9500	0.36	0.44	0.44	0	0	0.36
9600	0.37	0.45	0.45	0	0	0.37
9700	0.37	0.45	0.45	0	0	0.37
9800	0.37	0.45	0.45	0	0	0.37
9900	0.38	0.45	0.45	0	0	0.38
10000	0.38	0.45	0.45	0	0	0.38
10100	0.38	0.45	0.45	0	0	0.38
10200	0.38	0.46	0.46	0	0	0.38
10300	0.39	0.46	0.46	0	0	0.39
10400	0.39	0.46	0.46	0	0	0.39
10500	0.39	0.46	0.46	0	0	0.39
10600	0.39	0.47	0.47	0	0	0.39
10700	0.39	0.47	0.47	0	0	0.39
10800	0.39	0.47	0.47	0	0	0.39
10900	0.38	0.47	0.47	0	0	0.38
11000	0.38	0.47	0.47	0	0	0.38
11100	0.37	0.49	0.49	0	0	0.37
11200	0.38	0.49	0.49	0	0	0.38
11300	0.38	0.5	0.5	0	0	0.38
11400	0.38	0.5	0.5	0	0	0.38
11500	0.38	0.49	0.49	0	0	0.38
11600	0.38	0.49	0.49	0	0	0.38
11700	0.38	0.49	0.49	0	0	0.38
11800	0.38	0.49	0.49	0	0	0.38
11900	0.38	0.5	0.5	0	0	0.38
12000	0.38	0.51	0.51	0	0	0.38
12100	0.38	0.51	0.51	0	0	0.38
12200	0.39	0.5	0.5	0	0	0.39
12300	0.38	0.49	0.49	0	0	0.38
12400	0.39	0.49	0.49	0	0	0.39
12500	0.4	0.49	0.49	0	0	0.4
12600	0.4	0.49	0.49	0	0	0.4
12700	0.4	0.49	0.49	0	0	0.4
12800	0.4	0.49	0.49	0	0	0.4
12900	0.4	0.49	0.49	0	0	0.4
13000	0.4	0.49	0.49	0	0	0.4
13100	0.39	0.49	0.49	0	0	0.39
13200	0.39	0.49	0.49	0	0	0.39
13300	0.39	0.48	0.48	0	0	0.39
13400	0.39	0.47	0.47	0	0	0.39
13500	0.4	0.47	0.47	0	0	0.4
13600	0.41	0.47	0.47	0	0	0.41
13700	0.41	0.47	0.47	0	0	0.41
13800	0.41	0.47	0.47	0	0	0.41
13900	0.4	0.48	0.48	0	0	0.4
14000	0.41	0.48	0.48	0	0	0.41
14100	0.42	0.48	0.48	0	0	0.42
14200	0.42	0.48	0.48	0	0	0.42
14300	0.43	0.48	0.48	0	0	0.43
14400	0.43	0.48	0.48	0	0	0.43
14500	0.43	0.48	0.48	0	0	0.43
14600	0.43	0.48	0.48	0	0	0.43
14700	0.43	0.48	0.48	0	0	0.43
14800	0.43	0.48	0.48	0	0	0.43
14900	0.43	0.48	0.48	0	0	0.43
15000	0.43	0.48	0.48	0	0	0.43
15100	0.44	0.48	0.48	0	0	0.44
15200	0.44	0.48	0.48	0	0	0.44
15300	0.44	0.47	0.47	0	0	0.44
15400	0.44	0.47	0.47	0	0	0.44
15500	0.44	0.47	0.47	0	0	0.44
15600	0.44	0.47	0.47	0	0	0.44
15700	0.44	0.47	0.47	0	0	0.44
15800	0.44	0.46	0.46	0	0	0.44
15900	0.44	0.45	0.45	0	0	0.44
16000	0.44	0.45	0.45	0	0	0.44
16100	0.44	0.45	0.45	0	0	0.44
16200	0.44	0.45	0.45	0	0	0.44
16300	0.44	0.46	0.46	0	0	0.44
16400	0.44	0.46	0.46	0	0	0.44
16500	0.44	0.46	0.46	0	0	0.44
16600	0.44	0.46	0.46	0	0	0.44
16700	0.43	0.46	0.46	0	0	0.43
16800	0.43	0.46	0.46	0	0	0.43
16900	0.42	0.46	0.46	0	0	0.42
17000	0.42	0.46	0.46	0	0	0.42
17100	0.42	0.46	0.46	0	0	0.42
17200	0.42	0.46	0.46	0	0	0.42
17300	0.42	0.46	0.46	0	0	0.42
17400	0.42	0.46	0.46	0	0	0.42
17500	0.42	0.46	0.46	0	0	0.42
17600	0.42	0.46	0.46	0	0	0.42
17700	0.42	0.46	0.46	0	0	0.42
17800	0.42	0.46	0.46	0	0	0.42
17900	0.41	0.46	0.46	0	0	0.41
18000	0.41	0.46	0.46	0	0	0.41
18100	0.41	0.46	0.46	0	0	0.41
18200	0.41	0.46	0.46	0	0	0.41
18300	0.42	0.46	0.46	0	0	0.42
18400	0.42	0.46	0.46	0	0	0.42
18500	0.42	0.46	0.46	0	0	0.42
18600	0.42	0.46	0.46	0	0	0.42
18700	0.42	0.46	0.46	0	0	0.42
18800	0.42	0.46	0.46	0	0	0.42
18900	0.41	0.46	0.46	0	0	0.41
19000	0.41	0.46	0.46	0	0	0.41
19100	0.41	0.45	0.45	0	0	0.41
19200	0.41	0.45	0.45	0	0	0.41
19300	0.41	0.44	0.44	0	0	0.41
19400	0.41	0.44	0.44	0	0	0.41
19500	0.41	0.45	0.45	0	0	0.41
19600	0.42	0.45	0.45	0	0	0.42
19700	0.42	0.45	0.45	0	0	0.42
19800	0.42	0.44	0.44	0	0	0.42
19900	0.42	0.43	0.43	0	0	0.42
20000	0.42	0.43	0.43	0	0	0.42
20100	0.42	0.43	0.43	0	0	0.42
20200	0.42	0.44	0.44	0	0	0.42
20300	0.42	0.44	0.44	0	0	0.42
20400	0.42	0.45	0.45	0	0	0.42
20500	0.42	0.45	0.45	0	0	0.42
20600	0.42	0.45	0.45	0	0	0.42
20700	0.42	0.44	0.44	0	0	0.42
20800	0.42	0.44	0.44	0	0	0.42
20900	0.43	0.44	0.44	0	0	0.43
21000	0.43	0.45	0.45	0	0	0.43
21100	0.43	0.45	0.45	0	0	0.43
21200	0.43	0.45	0.45	0	0	0.43
21300	0.43	0.45	0.45	0	0	0.43
21400	0.43	0.45	0.45	0	0	0.43
21500	0.43	0.44	0.44	0	0	0.43
21600	0.43	0.44	0.44	0	0	0.43
21700	0.43	0.44	0.44	0	0	0.43
21800	0.43	0.44	0.44	0	0	0.43
21900	0.43	0.44	0.44	0	0	0.43
22000	0.43	0.44	0.44	0	0	0.43
22100	0.45	0.44	0.44	0	0	0.45
22200	0.45	0.45	0.45	0	0	0.45
22300	0.45	0.45	0.45	0	0	0.45
22400	0.45	0.45	0.45	0	0	0.45
22500	0.45	0.45	0.45	0	0	0.45
22600	0.45	0.45	0.45	0	0	0.45
22700	0.45	0.45	0.45	0	0	0.45
22800	0.45	0.45	0.45	0	0	0.45
22900	0.45	0.45	0.45	0	0	0.45
23000	0.45	0.45	0.45	0	0	0.45
23100	0.45	0.45	0.45	0	0	0.45
23200	0.45	0.45	0.45	0	0	0.45
23300	0.44	0.44	0.44	0	0	0.44
23400	0.44	0.44	0.44	0	0	0.44
23500	0.44	0.44	0.44	0	0	0.44
23600	0.44	0.44	0.44	0	0	0.44
23700	0.45	0.44	0.44	0	0	0.45
23800	0.45	0.44	0.44	0	0	0.45
23900	0.45	0.43	0.43	0	0	0.45
24000	0.44	0.43	0.43	0	0	0.44
24100	0.45	0.43	0.43	0	0	0.45
24200	0.45	0.43	0.43	0	0	0.45
24300	0.45	0.43	0.43	0	0	0.45
24400	0.45	0.44	0.44	0	0	0.45
24500	0.45	0.44	0.44	0	0	0.45
24600	0.45	0.44	0.44	0	0	0.45
24700	0.45	0.44	0.44	0	0	0.45
24800	0.44	0.44	0.44	0	0	0.44
24900	0.44	0.44	0.44	0	0	0.44
25000	0.44	0.44	0.44	0	0	0.44
25100	0.44	0.44	0.44	0	0	0.44
25200	0.44	0.44	0.44	0	0	0.44
25300	0.44	0.44	0.44	0	0	0.44
25400	0.44	0.44	0.44	0	0	0.44
25500	0.44	0.44	0.44	0	0	0.44
25600	0.44	0.43	0.43	0	0	0.44
25700	0.44	0.43	0.43	0	0	0.44
25800	0.43	0.43	0.43	0	0	0.43
25900	0.43	0.43	0.43	0	0	0.43
26000	0.43	0.43	0.43	0	0	0.43
26100	0.44	0.43	0.43	0	0	0.44
26200	0.44	0.43	0.43	0	0	0.44
26300	0.43	0.43	0.43	0	0	0.43
26400	0.44	0.43	0.43	0	0	0.44
26500	0.43	0.42	0.42	0	0	0.43
26600	0.43	0.42	0.42	0	0	0.43
26700	0.43	0.42	0.42	0	0	0.43
26800	0.43	0.42	0.42	0	0	0.43
26900	0.43	0.42	0.42	0	0	0.43
27000	0.43	0.42	0.42	0	0	0.43
27100	0.43	0.42	0.42	0	0	0.43
27200	0.43	0.42	0.42	0	0	0.43
27300	0.43	0.42	0.42	0	0	0.43
27400	0.42	0.42	0.42	0	0	0.42
27500	0.43	0.42	0.42	0	0	0.43
27600	0.43	0.42	0.42	0	0	0.43
27700	0.43	0.42	0.42	0	0	0.43
27800	0.43	0.42	0.42	0	0	0.43
27900	0.42	0.41	0.41	0	0	0.42
28000	0.42	0.41	0.41	0	0	0.42
28100	0.43	0.41	0.41	0	0	0.43
28200	0.42	0.41	0.41	0	0	0.42
28300	0.43	0.41	0.41	0	0	0.43
28400	0.43	0.41	0.41	0	0	0.43
28500	0.43	0.41	0.41	0	0	0.43
28600	0.43	0.41	0.41	0	0	0.43
28700	0.43	0.41	0.41	0	0	0.43
28800	0.43	0.41	0.41	0	0	0.43
28900	0.43	0.42	0.42	0	0	0.43
29000	0.43	0.42	0.42	0	0	0.43
29100	0.44	0.42	0.42	0	0	0.44
29200	0.44	0.42	0.42	0	0	0.44
29300	0.44	0.4	0.4	0	0	0.44
29400	0.44	0.39	0.39	0	0	0.44
29500	0.44	0.39	0.39	0	0	0.44
29600	0.44	0.39	0.39	0	0	0.44
29700	0.44	0.39	0.39	0	0	0.44
29800	0.44	0.39	0.39	0	0	0.44
29900	0.44	0.39	0.39	0	0	0.44
30000	0.44	0.38	0.38	0	0	0.44
30100	0.44	0.38	0.38	0	0	0.44
30200	0.44	0.38	0.38	0	0	0.44
30300	0.44	0.38	0.38	0	0	0.44
30400	0.44	0.38	0.38	0	0	0.44
30500	0.44	0.39	0.39	0	0	0.44
30600	0.43	0.39	0.39	0	0	0.43
30700	0.43	0.4	0.4	0	0	0.43
30800	0.43	0.4	0.4	0	0	0.43
30900	0.43	0.4	0.4	0	0	0.43
31000	0.43	0.4	0.4	0	0	0.43
31100	0.43	0.4	0.4	0	0	0.43
31200	0.43	0.4	0.4	0	0	0.43
31300	0.43	0.4	0.4	0	0	0.43
31400	0.44	0.39	0.39	0	0	0.44
31500	0.43	0.39	0.39	0	0	0.43
31600	0.43	0.39	0.39	0	0	0.43
31700	0.43	0.39	0.39	0	0	0.43
31800	0.43	0.39	0.39	0	0	0.43
31900	0.43	0.39	0.39	0	0	0.43
32000	0.43	0.39	0.39	0	0	0.43
32100	0.44	0.39	0.39	0	0	0.44
32200	0.44	0.39	0.39	0	0	0.44
32300	0.44	0.39	0.39	0	0	0.44
32400	0.44	0.39	0.39	0	0	0.44
32500	0.44	0.39	0.39	0	0	0.44
32600	0.44	0.39	0.39	0	0	0.44
32700	0.44	0.39	0.39	0	0	0.44
32800	0.44	0.39	0.39	0	0	0.44
32900	0.44	0.4	0.4	0	0	0.44
33000	0.44	0.4	0.4	0	0	0.44
33100	0.44	0.4	0.4	0	0	0.44
33200	0.45	0.4	0.4	0	0	0.45
33300	0.45	0.4	0.4	0	0	0.45
33400	0.45	0.4	0.4	0	0	0.45
33500	0.45	0.4	0.4	0	0	0.45
33600	0.45	0.4	0.4	0	0	0.45
33700	0.45	0.4	0.4	0	0	0.45
33800	0.45	0.4	0.4	0	0	0.45
33900	0.45	0.4	0.4	0	0	0.45
34000	0.45	0.39	0.39	0	0	0.45
34100	0.45	0.39	0.39	0	0	0.45
34200	0.45	0.39	0.39	0	0	0.45
34300	0.45	0.39	0.39	0	0	0.45
34400	0.45	0.39	0.39	0	0	0.45
34500	0.45	0.39	0.39	0	0	0.45
34600	0.45	0.39	0.39	0	0	0.45
34700	0.45	0.39	0.39	0	0	0.45
34800	0.45	0.39	0.39	0	0	0.45
34900	0.45	0.39	0.39	0	0	0.45
35000	0.45	0.4	0.4	0	0	0.45
35100	0.45	0.39	0.39	0	0	0.45
35200	0.45	0.4	0.4	0	0	0.45
35300	0.44	0.4	0.4	0	0	0.44
35400	0.44	0.4	0.4	0	0	0.44
35500	0.44	0.39	0.39	0	0	0.44
35600	0.44	0.39	0.39	0	0	0.44
35700	0.45	0.39	0.39	0	0	0.45
35800	0.45	0.39	0.39	0	0	0.45
35900	0.45	0.39	0.39	0	0	0.45
36000	0.45	0.39	0.39	0	0	0.45
36100	0.45	0.39	0.39	0	0	0.45
36200	0.45	0.39	0.39	0	0	0.45
36300	0.45	0.39	0.39	0	0	0.45
36400	0.46	0.39	0.39	0	0	0.46
36500	0.46	0.39	0.39	0	0	0.46
36600	0.46	0.39	0.39	0	0	0.46
36700	0.46	0.39	0.39	0	0	0.46
36800	0.46	0.39	0.39	0	0	0.46
36900	0.46	0.39	0.39	0	0	0.46
37000	0.46	0.39	0.39	0	0	0.46
37100	0.46	0.39	0.39	0	0	0.46
37200	0.46	0.39	0.39	0	0	0.46
37300	0.46	0.39	0.39	0	0	0.46
37400	0.45	0.39	0.39	0	0	0.45
37500	0.46	0.39	0.39	0	0	0.46
37600	0.46	0.39	0.39	0	0	0.46
37700	0.46	0.39	0.39	0	0	0.46
37800	0.45	0.4	0.4	0	0	0.45
37900	0.45	0.41	0.41	0	0	0.45
38000	0.45	0.41	0.41	0	0	0.45
38100	0.45	0.41	0.41	0	0	0.45
38200	0.45	0.4	0.4	0	0	0.45
38300	0.45	0.41	0.41	0	0	0.45
38400	0.45	0.41	0.41	0	0	0.45
38500	0.45	0.4	0.4	0	0	0.45
38600	0.45	0.4	0.4	0	0	0.45
38700	0.45	0.4	0.4	0	0	0.45
38800	0.44	0.39	0.39	0	0	0.44
38900	0.44	0.39	0.39	0	0	0.44
39000	0.44	0.4	0.4	0	0	0.44
39100	0.44	0.4	0.4	0	0	0.44
39200	0.44	0.4	0.4	0	0	0.44
39300	0.44	0.4	0.4	0	0	0.44
39400	0.44	0.4	0.4	0	0	0.44
39500	0.45	0.41	0.41	0	0	0.45
39600	0.45	0.41	0.41	0	0	0.45
39700	0.44	0.41	0.41	0	0	0.44
39800	0.44	0.41	0.41	0	0	0.44
39900	0.45	0.41	0.41	0	0	0.45
40000	0.45	0.41	0.41	0	0	0.45
40100	0.45	0.41	0.41	0	0	0.45
40200	0.45	0.41	0.41	0	0	0.45
40300	0.45	0.41	0.41	0	0	0.45
40400	0.45	0.41	0.41	0	0	0.45
40500	0.45	0.41	0.41	0	0	0.45
40600	0.44	0.41	0.41	0	0	0.44
40700	0.43	0.41	0.41	0	0	0.43
40800	0.43	0.41	0.41	0	0	0.43
40900	0.42	0.41	0.41	0	0	0.42
41000	0.42	0.41	0.41	0	0	0.42
41100	0.42	0.41	0.41	0	0	0.42
41200	0.42	0.41	0.41	0	0	0.42
41300	0.42	0.41	0.41	0	0	0.42
41400	0.42	0.41	0.41	0	0	0.42
41500	0.42	0.42	0.42	0	0	0.42
41600	0.42	0.43	0.43	0	0	0.42
41700	0.42	0.44	0.44	0	0	0.42
41800	0.41	0.44	0.44	0	0	0.41
41900	0.41	0.44	0.44	0	0	0.41
42000	0.41	0.44	0.44	0	0	0.41
42100	0.43	0.44	0.44	0	0	0.43
42200	0.43	0.44	0.44	0	0	0.43
42300	0.43	0.44	0.44	0	0	0.43
42400	0.43	0.44	0.44	0	0	0.43
42500	0.43	0.44	0.44	0	0	0.43
42600	0.42	0.44	0.44	0	0	0.42
42700	0.42	0.44	0.44	0	0	0.42
42800	0.42	0.44	0.44	0	0	0.42
42900	0.42	0.44	0.44	0	0	0.42
43000	0.42	0.45	0.45	0	0	0.42
43100	0.42	0.45	0.45	0	0	0.42
43200	0.42	0.45	0.45	0	0	0.42
43300	0.42	0.45	0.45	0	0	0.42
43400	0.42	0.45	0.45	0	0	0.42
43500	0.42	0.45	0.45	0	0	0.42
43600	0.42	0.45	0.45	0	0	0.42
43700	0.42	0.45	0.45	0	0	0.42
43800	0.42	0.46	0.46	0	0	0.42
43900	0.42	0.46	0.46	0	0	0.42
44000	0.42	0.46	0.46	0	0	0.42
44100	0.42	0.46	0.46	0	0	0.42
44200	0.42	0.46	0.46	0	0	0.42
44300	0.42	0.46	0.46	0	0	0.42
44400	0.42	0.45	0.45	0	0	0.42
44500	0.42	0.45	0.45	0	0	0.42
44600	0.42	0.45	0.45	0	0	0.42
44700	0.42	0.45	0.45	0	0	0.42
44800	0.42	0.45	0.45	0	0	0.42
44900	0.41	0.45	0.45	0	0	0.41
45000	0.41	0.45	0.45	0	0	0.41
45100	0.41	0.45	0.45	0	0	0.41
45200	0.42	0.45	0.45	0	0	0.42
45300	0.42	0.45	0.45	0	0	0.42
45400	0.42	0.45	0.45	0	0	0.42
45500	0.42	0.45	0.45	0	0	0.42
45600	0.42	0.45	0.45	0	0	0.42
45700	0.42	0.45	0.45	0	0	0.42
45800	0.42	0.45	0.45	0	0	0.42
45900	0.42	0.45	0.45	0	0	0.42
46000	0.42	0.45	0.45	0	0	0.42
46100	0.42	0.46	0.46	0	0	0.42
46200	0.42	0.46	0.46	0	0	0.42
46300	0.42	0.45	0.45	0	0	0.42
46400	0.42	0.45	0.45	0	0	0.42
46500	0.42	0.46	0.46	0	0	0.42
46600	0.41	0.47	0.47	0	0	0.41
46700	0.41	0.47	0.47	0	0	0.41
46800	0.41	0.47	0.47	0	0	0.41
46900	0.41	0.47	0.47	0	0	0.41
47000	0.42	0.47	0.47	0	0	0.42
47100	0.42	0.47	0.47	0	0	0.42
47200	0.42	0.48	0.48	0	0	0.42
47300	0.42	0.49	0.49	0	0	0.42
47400	0.42	0.49	0.49	0	0	0.42
47500	0.42	0.49	0.49	0	0	0.42
47600	0.42	0.49	0.49	0	0	0.42
47700	0.42	0.49	0.49	0	0	0.42
47800	0.42	0.49	0.49	0	0	0.42
47900	0.42	0.49	0.49	0	0	0.42
48000	0.42	0.49	0.49	0	0	0.42
48100	0.42	0.5	0.5	0	0	0.42
48200	0.42	0.5	0.5	0	0	0.42
48300	0.42	0.5	0.5	0	0	0.42
48400	0.42	0.48	0.48	0	0	0.42
48500	0.42	0.48	0.48	0	0	0.42
48600	0.42	0.48	0.48	0	0	0.42
48700	0.42	0.47	0.47	0	0	0.42
48800	0.42	0.47	0.47	0	0	0.42
48900	0.42	0.47	0.47	0	0	0.42
49000	0.42	0.47	0.47	0	0	0.42
49100	0.42	0.47	0.47	0	0	0.42
49200	0.42	0.47	0.47	0	0	0.42
49300	0.42	0.47	0.47	0	0	0.42
49400	0.41	0.47	0.47	0	0	0.41
49500	0.41	0.47	0.47	0	0	0.41
49600	0.41	0.47	0.47	0	0	0.41
49700	0.41	0.47	0.47	0	0	0.41
49800	0.41	0.47	0.47	0	0	0.41
49900	0.4	0.47	0.47	0	0	0.4
50000	0.4	0.46	0.46	0	0	0.4
50100	0.4	0.46	0.46	0	0	0.4
50200	0.4	0.46	0.46	0	0	0.4
50300	0.41	0.46	0.46	0	0	0.41
50400	0.41	0.47	0.47	0	0	0.41
50500	0.41	0.46	0.46	0	0	0.41
50600	0.41	0.46	0.46	0	0	0.41
50700	0.41	0.46	0.46	0	0	0.41
50800	0.42	0.46	0.46	0	0	0.42
50900	0.43	0.46	0.46	0	0	0.43
51000	0.43	0.46	0.46	0	0	0.43
51100	0.43	0.46	0.46	0	0	0.43
51200	0.43	0.47	0.47	0	0	0.43
51300	0.43	0.47	0.47	0	0	0.43
51400	0.42	0.47	0.47	0	0	0.42
51500	0.42	0.47	0.47	0	0	0.42
51600	0.42	0.47	0.47	0	0	0.42
51700	0.42	0.47	0.47	0	0	0.42
51800	0.42	0.47	0.47	0	0	0.42
51900	0.42	0.47	0.47	0	0	0.42
52000	0.42	0.47	0.47	0	0	0.42
52100	0.42	0.47	0.47	0	0	0.42
52200	0.42	0.47	0.47	0	0	0.42
52300	0.42	0.48	0.48	0	0	0.42
52400	0.43	0.48	0.48	0	0	0.43
52500	0.43	0.48	0.48	0	0	0.43
52600	0.43	0.48	0.48	0	0	0.43
52700	0.43	0.48	0.48	0	0	0.43
52800	0.43	0.48	0.48	0	0	0.43
52900	0.43	0.48	0.48	0	0	0.43
53000	0.43	0.48	0.48	0	0	0.43
53100	0.43	0.48	0.48	0	0	0.43
53200	0.43	0.48	0.48	0	0	0.43
53300	0.43	0.48	0.48	0	0	0.43
53400	0.43	0.48	0.48	0	0	0.43
53500	0.43	0.48	0.48	0	0	0.43
53600	0.43	0.48	0.48	0	0	0.43
53700	0.43	0.48	0.48	0	0	0.43
53800	0.43	0.49	0.49	0	0	0.43
53900	0.43	0.49	0.49	0	0	0.43
54000	0.43	0.49	0.49	0	0	0.43
54100	0.43	0.49	0.49	0	0	0.43
54200	0.43	0.49	0.49	0	0	0.43
54300	0.43	0.49	0.49	0	0	0.43
54400	0.43	0.49	0.49	0	0	0.43
54500	0.42	0.49	0.49	0	0	0.42
54600	0.42	0.49	0.49	0	0	0.42
54700	0.42	0.49	0.49	0	0	0.42
54800	0.41	0.49	0.49	0	0	0.41
54900	0.41	0.49	0.49	0	0	0.41
55000	0.41	0.49	0.49	0	0	0.41
55100	0.41	0.49	0.49	0	0	0.41
55200	0.41	0.49	0.49	0	0	0.41
55300	0.41	0.49	0.49	0	0	0.41
55400	0.41	0.49	0.49	0	0	0.41
55500	0.41	0.48	0.48	0	0	0.41
55600	0.41	0.48	0.48	0	0	0.41
55700	0.41	0.48	0.48	0	0	0.41
55800	0.41	0.48	0.48	0	0	0.41
55900	0.41	0.48	0.48	0	0	0.41
56000	0.41	0.48	0.48	0	0	0.41
56100	0.41	0.48	0.48	0	0	0.41
56200	0.42	0.48	0.48	0	0	0.42
56300	0.41	0.48	0.48	0	0	0.41
56400	0.41	0.48	0.48	0	0	0.41
56500	0.42	0.48	0.48	0	0	0.42
56600	0.42	0.48	0.48	0	0	0.42
56700	0.42	0.49	0.49	0	0	0.42
56800	0.42	0.49	0.49	0	0	0.42
56900	0.42	0.49	0.49	0	0	0.42
57000	0.42	0.49	0.49	0	0	0.42
57100	0.42	0.48	0.48	0	0	0.42
57200	0.43	0.48	0.48	0	0	0.43
57300	0.43	0.48	0.48	0	0	0.43
57400	0.43	0.47	0.47	0	0	0.43
57500	0.43	0.47	0.47	0	0	0.43
57600	0.43	0.47	0.47	0	0	0.43
57700	0.43	0.47	0.47	0	0	0.43
57800	0.43	0.47	0.47	0	0	0.43
57900	0.43	0.47	0.47	0	0	0.43
58000	0.43	0.46	0.46	0	0	0.43
58100	0.43	0.46	0.46	0	0	0.43
58200	0.42	0.46	0.46	0	0	0.42
58300	0.42	0.46	0.46	0	0	0.42
58400	0.42	0.46	0.46	0	0	0.42
58500	0.42	0.46	0.46	0	0	0.42
58600	0.42	0.46	0.46	0	0	0.42
58700	0.42	0.46	0.46	0	0	0.42
58800	0.42	0.46	0.46	0	0	0.42
58900	0.42	0.46	0.46	0	0	0.42
59000	0.42	0.46	0.46	0	0	0.42
59100	0.42	0.46	0.46	0	0	0.42
59200	0.42	0.46	0.46	0	0	0.42
59300	0.42	0.46	0.46	0	0	0.42
59400	0.42	0.46	0.46	0	0	0.42
59500	0.42	0.46	0.46	0	0	0.42
59600	0.42	0.46	0.46	0	0	0.42
59700	0.42	0.46	0.46	0	0	0.42
59800	0.42	0.47	0.47	0	0	0.42
59900	0.42	0.47	0.47	0	0	0.42
60000	0.42	0.47	0.47	0	0	0.42
60100	0.42	0.47	0.47	0	0	0.42
60200	0.42	0.47	0.47	0	0	0.42
60300	0.42	0.47	0.47	0	0	0.42
60400	0.42	0.48	0.48	0	0	0.42
60500	0.42	0.48	0.48	0	0	0.42
60600	0.42	0.48	0.48	0	0	0.42
60700	0.42	0.48	0.48	0	0	0.42
60800	0.42	0.48	0.48	0	0	0.42
60900	0.42	0.47	0.47	0	0	0.42
61000	0.42	0.47	0.47	0	0	0.42
61100	0.42	0.47	0.47	0	0	0.42
61200	0.41	0.47	0.47	0	0	0.41
61300	0.41	0.47	0.47	0	0	0.41
61400	0.41	0.47	0.47	0	0	0.41
61500	0.41	0.47	0.47	0	0	0.41
61600	0.41	0.47	0.47	0	0	0.41
61700	0.41	0.47	0.47	0	0	0.41
61800	0.41	0.47	0.47	0	0	0.41
61900	0.41	0.47	0.47	0	0	0.41
62000	0.42	0.47	0.47	0	0	0.42
62100	0.42	0.48	0.48	0	0	0.42
62200	0.42	0.49	0.49	0	0	0.42
62300	0.42	0.48	0.48	0	0	0.42
62400	0.42	0.49	0.49	0	0	0.42
62500	0.42	0.49	0.49	0	0	0.42
62600	0.42	0.49	0.49	0	0	0.42
62700	0.42	0.49	0.49	0	0	0.42
62800	0.42	0.49	0.49	0	0	0.42
62900	0.42	0.49	0.49	0	0	0.42
63000	0.42	0.49	0.49	0	0	0.42
63100	0.42	0.49	0.49	0	0	0.42
63200	0.42	0.49	0.49	0	0	0.42
63300	0.42	0.49	0.49	0	0	0.42
63400	0.42	0.49	0.49	0	0	0.42
63500	0.42	0.49	0.49	0	0	0.42
63600	0.42	0.49	0.49	0	0	0.42
63700	0.42	0.49	0.49	0	0	0.42
63800	0.42	0.49	0.49	0	0	0.42
63900	0.42	0.49	0.49	0	0	0.42
64000	0.42	0.49	0.49	0	0	0.42
64100	0.42	0.49	0.49	0	0	0.42
64200	0.42	0.49	0.49	0	0	0.42
64300	0.42	0.49	0.49	0	0	0.42
64400	0.42	0.49	0.49	0	0	0.42
64500	0.42	0.49	0.49	0	0	0.42
64600	0.43	0.49	0.49	0	0	0.43
64700	0.43	0.49	0.49	0	0	0.43
64800	0.43	0.49	0.49	0	0	0.43
64900	0.44	0.49	0.49	0	0	0.44
65000	0.44	0.49	0.49	0	0	0.44
65100	0.43	0.5	0.5	0	0	0.43
65200	0.43	0.5	0.5	0	0	0.43
65300	0.43	0.5	0.5	0	0	0.43
65400	0.42	0.51	0.51	0	0	0.42
65500	0.42	0.49	0.49	0	0	0.42
65600	0.42	0.49	0.49	0	0	0.42
65700	0.41	0.49	0.49	0	0	0.41
65800	0.41	0.5	0.5	0	0	0.41
65900	0.41	0.5	0.5	0	0	0.41
66000	0.41	0.5	0.5	0	0	0.41
66100	0.41	0.5	0.5	0	0	0.41
66200	0.41	0.5	0.5	0	0	0.41
66300	0.41	0.5	0.5	0	0	0.41
66400	0.41	0.5	0.5	0	0	0.41
66500	0.41	0.5	0.5	0	0	0.41
66600	0.41	0.5	0.5	0	0	0.41
66700	0.41	0.5	0.5	0	0	0.41
66800	0.41	0.5	0.5	0	0	0.41
66900	0.41	0.5	0.5	0	0	0.41
67000	0.41	0.5	0.5	0	0	0.41
67100	0.41	0.5	0.5	0	0	0.41
67200	0.41	0.5	0.5	0	0	0.41
67300	0.41	0.5	0.5	0	0	0.41
67400	0.41	0.5	0.5	0	0	0.41
67500	0.4	0.5	0.5	0	0	0.4
67600	0.4	0.5	0.5	0	0	0.4
67700	0.4	0.5	0.5	0	0	0.4
67800	0.4	0.5	0.5	0	0	0.4
67900	0.4	0.5	0.5	0	0	0.4
68000	0.4	0.51	0.51	0	0	0.4
68100	0.4	0.51	0.51	0	0	0.4
68200	0.4	0.51	0.51	0	0	0.4
68300	0.4	0.5	0.5	0	0	0.4
68400	0.4	0.5	0.5	0	0	0.4
68500	0.4	0.5	0.5	0	0	0.4
68600	0.4	0.5	0.5	0	0	0.4
68700	0.4	0.5	0.5	0	0	0.4
68800	0.4	0.5	0.5	0	0	0.4
68900	0.4	0.5	0.5	0	0	0.4
69000	0.4	0.5	0.5	0	0	0.4
69100	0.4	0.49	0.49	0	0	0.4
69200	0.4	0.49	0.49	0	0	0.4
69300	0.4	0.49	0.49	0	0	0.4
69400	0.4	0.5	0.5	0	0	0.4
69500	0.39	0.5	0.5	0	0	0.39
69600	0.39	0.5	0.5	0	0	0.39
69700	0.39	0.5	0.5	0	0	0.39
69800	0.39	0.5	0.5	0	0	0.39
69900	0.39	0.5	0.5	0	0	0.39
70000	0.38	0.5	0.5	0	0	0.38
70100	0.38	0.5	0.5	0	0	0.38
70200	0.38	0.5	0.5	0	0	0.38
70300	0.38	0.5	0.5	0	0	0.38
70400	0.38	0.5	0.5	0	0	0.38
70500	0.38	0.5	0.5	0	0	0.38
70600	0.38	0.5	0.5	0	0	0.38
70700	0.38	0.5	0.5	0	0	0.38
70800	0.38	0.51	0.51	0	0	0.38
70900	0.38	0.52	0.52	0	0	0.38
71000	0.38	0.53	0.53	0	0	0.38
71100	0.38	0.52	0.52	0	0	0.38
71200	0.38	0.52	0.52	0	0	0.38
71300	0.38	0.52	0.52	0	0	0.38
71400	0.38	0.52	0.52	0	0	0.38
71500	0.38	0.52	0.52	0	0	0.38
71600	0.38	0.52	0.52	0	0	0.38
71700	0.38	0.52	0.52	0	0	0.38
71800	0.38	0.51	0.51	0	0	0.38
71900	0.38	0.51	0.51	0	0	0.38
72000	0.38	0.51	0.51	0	0	0.38
72100	0.38	0.51	0.51	0	0	0.38
72200	0.38	0.51	0.51	0	0	0.38
72300	0.38	0.51	0.51	0	0	0.38
72400	0.38	0.51	0.51	0	0	0.38
72500	0.39	0.51	0.51	0	0	0.39
72600	0.39	0.51	0.51	0	0	0.39
72700	0.39	0.51	0.51	0	0	0.39
72800	0.39	0.51	0.51	0	0	0.39
72900	0.39	0.51	0.51	0	0	0.39
73000	0.39	0.51	0.51	0	0	0.39
73100	0.39	0.51	0.51	0	0	0.39
73200	0.39	0.51	0.51	0	0	0.39
73300	0.39	0.51	0.51	0	0	0.39
73400	0.39	0.51	0.51	0	0	0.39
73500	0.39	0.51	0.51	0	0	0.39
73600	0.39	0.51	0.51	0	0	0.39
73700	0.39	0.52	0.52	0	0	0.39
73800	0.39	0.52	0.52	0	0	0.39
73900	0.39	0.52	0.52	0	0	0.39
74000	0.39	0.52	0.52	0	0	0.39
74100	0.38	0.52	0.52	0	0	0.38
74200	0.38	0.52	0.52	0	0	0.38
74300	0.38	0.52	0.52	0	0	0.38
74400	0.38	0.52	0.52	0	0	0.38
74500	0.38	0.52	0.52	0	0	0.38
74600	0.38	0.52	0.52	0	0	0.38
74700	0.38	0.52	0.52	0	0	0.38
74800	0.38	0.52	0.52	0	0	0.38
74900	0.37	0.52	0.52	0	0	0.37
75000	0.37	0.51	0.51	0	0	0.37
75100	0.37	0.51	0.51	0	0	0.37
75200	0.36	0.51	0.51	0	0	0.36
75300	0.36	0.51	0.51	0	0	0.36
75400	0.36	0.52	0.52	0	0	0.36
75500	0.36	0.54	0.54	0	0	0.36
75600	0.36	0.54	0.54	0	0	0.36
75700	0.35	0.54	0.54	0	0	0.35
75800	0.35	0.53	0.53	0	0	0.35
75900	0.35	0.52	0.52	0	0	0.35
76000	0.35	0.52	0.52	0	0	0.35
76100	0.35	0.52	0.52	0	0	0.35
76200	0.35	0.52	0.52	0	0	0.35
76300	0.35	0.52	0.52	0	0	0.35
76400	0.35	0.52	0.52	0	0	0.35
76500	0.35	0.52	0.52	0	0	0.35
76600	0.35	0.51	0.51	0	0	0.35
76700	0.35	0.52	0.52	0	0	0.35
76800	0.35	0.52	0.52	0	0	0.35
76900	0.35	0.52	0.52	0	0	0.35
77000	0.34	0.51	0.51	0	0	0.34
77100	0.34	0.51	0.51	0	0	0.34
77200	0.34	0.5	0.5	0	0	0.34
77300	0.34	0.5	0.5	0	0	0.34
77400	0.34	0.5	0.5	0	0	0.34
77500	0.34	0.51	0.51	0	0	0.34
77600	0.34	0.51	0.51	0	0	0.34
77700	0.34	0.52	0.52	0	0	0.34
77800	0.34	0.52	0.52	0	0	0.34
77900	0.34	0.51	0.51	0	0	0.34
78000	0.34	0.52	0.52	0	0	0.34
78100	0.34	0.52	0.52	0	0	0.34
78200	0.34	0.52	0.52	0	0	0.34
78300	0.34	0.52	0.52	0	0	0.34
78400	0.34	0.52	0.52	0	0	0.34
78500	0.34	0.52	0.52	0	0	0.34
78600	0.34	0.52	0.52	0	0	0.34
78700	0.34	0.52	0.52	0	0	0.34
78800	0.34	0.53	0.53	0	0	0.34
78900	0.34	0.53	0.53	0	0	0.34
79000	0.34	0.53	0.53	0	0	0.34
79100	0.34	0.54	0.54	0	0	0.34
79200	0.34	0.54	0.54	0	0	0.34
79300	0.34	0.54	0.54	0	0	0.34
79400	0.34	0.54	0.54	0	0	0.34
79500	0.34	0.54	0.54	0	0	0.34
79600	0.35	0.54	0.54	0	0	0.35
79700	0.35	0.54	0.54	0	0	0.35
79800	0.35	0.54	0.54	0	0	0.35
79900	0.35	0.54	0.54	0	0	0.35
80000	0.35	0.55	0.55	0	0	0.35
80100	0.34	0.55	0.55	0	0	0.34
80200	0.34	0.55	0.55	0	0	0.34
80300	0.34	0.55	0.55	0	0	0.34
80400	0.35	0.55	0.55	0	0	0.35
80500	0.35	0.55	0.55	0	0	0.35
80600	0.35	0.54	0.54	0	0	0.35
80700	0.35	0.54	0.54	0	0	0.35
80800	0.35	0.54	0.54	0	0	0.35
80900	0.35	0.54	0.54	0	0	0.35
81000	0.35	0.54	0.54	0	0	0.35
81100	0.35	0.54	0.54	0	0	0.35
81200	0.35	0.54	0.54	0	0	0.35
81300	0.35	0.54	0.54	0	0	0.35
81400	0.35	0.54	0.54	0	0	0.35
81500	0.35	0.54	0.54	0	0	0.35
81600	0.35	0.55	0.55	0	0	0.35
81700	0.35	0.54	0.54	0	0	0.35
81800	0.35	0.54	0.54	0	0	0.35
81900	0.35	0.54	0.54	0	0	0.35
82000	0.35	0.54	0.54	0	0	0.35
82100	0.35	0.54	0.54	0	0	0.35
82200	0.36	0.54	0.54	0	0	0.36
82300	0.35	0.56	0.56	0	0	0.35
82400	0.35	0.56	0.56	0	0	0.35
82500	0.35	0.56	0.56	0	0	0.35
82600	0.35	0.55	0.55	0	0	0.35
82700	0.35	0.55	0.55	0	0	0.35
82800	0.35	0.54	0.54	0	0	0.35
82900	0.36	0.54	0.54	0	0	0.36
83000	0.36	0.53	0.53	0	0	0.36
83100	0.37	0.53	0.53	0	0	0.37
83200	0.37	0.53	0.53	0	0	0.37
83300	0.37	0.52	0.52	0	0	0.37
83400	0.37	0.52	0.52	0	0	0.37
83500	0.37	0.51	0.51	0	0	0.37
83600	0.37	0.5	0.5	0	0	0.37
83700	0.37	0.5	0.5	0	0	0.37
83800	0.37	0.5	0.5	0	0	0.37
83900	0.37	0.5	0.5	0	0	0.37
84000	0.37	0.5	0.5	0	0	0.37
84100	0.37	0.5	0.5	0	0	0.37
84200	0.37	0.5	0.5	0	0	0.37
84300	0.37	0.5	0.5	0	0	0.37
84400	0.37	0.5	0.5	0	0	0.37
84500	0.37	0.51	0.51	0	0	0.37
84600	0.37	0.51	0.51	0	0	0.37
84700	0.37	0.51	0.51	0	0	0.37
84800	0.37	0.51	0.51	0	0	0.37
84900	0.37	0.51	0.51	0	0	0.37
85000	0.37	0.51	0.51	0	0	0.37
85100	0.38	0.5	0.5	0	0	0.38
85200	0.38	0.51	0.51	0	0	0.38
85300	0.38	0.51	0.51	0	0	0.38
85400	0.38	0.51	0.51	0	0	0.38
85500	0.38	0.51	0.51	0	0	0.38
85600	0.38	0.51	0.51	0	0	0.38
85700	0.38	0.51	0.51	0	0	0.38
85800	0.38	0.52	0.52	0	0	0.38
85900	0.38	0.52	0.52	0	0	0.38
86000	0.38	0.52	0.52	0	0	0.38
86100	0.38	0.52	0.52	0	0	0.38
86200	0.38	0.52	0.52	0	0	0.38
86300	0.38	0.52	0.52	0	0	0.38
86400	0.38	0.51	0.51	0	0	0.38
86500	0.38	0.51	0.51	0	0	0.38
86600	0.38	0.51	0.51	0	0	0.38
86700	0.38	0.51	0.51	0	0	0.38
86800	0.38	0.52	0.52	0	0	0.38
86900	0.38	0.52	0.52	0	0	0.38
87000	0.38	0.52	0.52	0	0	0.38
87100	0.38	0.53	0.53	0	0	0.38
87200	0.38	0.53	0.53	0	0	0.38
87300	0.38	0.53	0.53	0	0	0.38
87400	0.38	0.53	0.53	0	0	0.38
87500	0.38	0.53	0.53	0	0	0.38
87600	0.38	0.53	0.53	0	0	0.38
87700	0.38	0.53	0.53	0	0	0.38
87800	0.38	0.52	0.52	0	0	0.38
87900	0.38	0.52	0.52	0	0	0.38
88000	0.38	0.52	0.52	0	0	0.38
88100	0.38	0.52	0.52	0	0	0.38
88200	0.38	0.52	0.52	0	0	0.38
88300	0.38	0.52	0.52	0	0	0.38
88400	0.38	0.52	0.52	0	0	0.38
88500	0.38	0.52	0.52	0	0	0.38
88600	0.38	0.52	0.52	0	0	0.38
88700	0.38	0.52	0.52	0	0	0.38
88800	0.38	0.52	0.52	0	0	0.38
88900	0.38	0.52	0.52	0	0	0.38
89000	0.38	0.52	0.52	0	0	0.38
89100	0.38	0.52	0.52	0	0	0.38
89200	0.38	0.51	0.51	0	0	0.38
89300	0.38	0.51	0.51	0	0	0.38
89400	0.38	0.5	0.5	0	0	0.38
89500	0.38	0.5	0.5	0	0	0.38
89600	0.38	0.5	0.5	0	0	0.38
89700	0.38	0.5	0.5	0	0	0.38
89800	0.38	0.5	0.5	0	0	0.38
89900	0.38	0.5	0.5	0	0	0.38
90000	0.38	0.49	0.49	0	0	0.38
90100	0.37	0.49	0.49	0	0	0.37
90200	0.37	0.49	0.49	0	0	0.37
90300	0.37	0.49	0.49	0	0	0.37
90400	0.37	0.49	0.49	0	0	0.37
90500	0.37	0.48	0.48	0	0	0.37
90600	0.37	0.48	0.48	0	0	0.37
90700	0.36	0.48	0.48	0	0	0.36
90800	0.36	0.48	0.48	0	0	0.36
90900	0.36	0.48	0.48	0	0	0.36
91000	0.36	0.48	0.48	0	0	0.36
91100	0.36	0.48	0.48	0	0	0.36
91200	0.36	0.47	0.47	0	0	0.36
91300	0.36	0.47	0.47	0	0	0.36
91400	0.37	0.47	0.47	0	0	0.37
91500	0.37	0.47	0.47	0	0	0.37
91600	0.37	0.47	0.47	0	0	0.37
91700	0.37	0.47	0.47	0	0	0.37
91800	0.37	0.46	0.46	0	0	0.37
91900	0.37	0.47	0.47	0	0	0.37
92000	0.37	0.47	0.47	0	0	0.37
92100	0.37	0.47	0.47	0	0	0.37
92200	0.37	0.47	0.47	0	0	0.37
92300	0.37	0.47	0.47	0	0	0.37
92400	0.37	0.46	0.46	0	0	0.37
92500	0.37	0.46	0.46	0	0	0.37
92600	0.37	0.45	0.45	0	0	0.37
92700	0.37	0.45	0.45	0	0	0.37
92800	0.38	0.45	0.45	0	0	0.38
92900	0.38	0.44	0.44	0	0	0.38
93000	0.38	0.44	0.44	0	0	0.38
93100	0.38	0.44	0.44	0	0	0.38
93200	0.38	0.45	0.45	0	0	0.38
93300	0.38	0.45	0.45	0	0	0.38
93400	0.38	0.45	0.45	0	0	0.38
93500	0.38	0.45	0.45	0	0	0.38
93600	0.38	0.45	0.45	0	0	0.38
93700	0.39	0.46	0.46	0	0	0.39
93800	0.39	0.46	0.46	0	0	0.39
93900	0.39	0.46	0.46	0	0	0.39
94000	0.39	0.47	0.47	0	0	0.39
94100	0.38	0.47	0.47	0	0	0.38
94200	0.39	0.46	0.46	0	0	0.39
94300	0.39	0.46	0.46	0	0	0.39
94400	0.38	0.46	0.46	0	0	0.38
94500	0.38	0.46	0.46	0	0	0.38
94600	0.38	0.46	0.46	0	0	0.38
94700	0.38	0.46	0.46	0	0	0.38
94800	0.38	0.46	0.46	0	0	0.38
94900	0.38	0.46	0.46	0	0	0.38
95000	0.38	0.46	0.46	0	0	0.38
95100	0.38	0.46	0.46	0	0	0.38
95200	0.38	0.47	0.47	0	0	0.38
95300	0.38	0.47	0.47	0	0	0.38
95400	0.38	0.47	0.47	0	0	0.38
95500	0.38	0.47	0.47	0	0	0.38
95600	0.38	0.46	0.46	0	0	0.38
95700	0.38	0.46	0.46	0	0	0.38
95800	0.38	0.46	0.46	0	0	0.38
95900	0.39	0.46	0.46	0	0	0.39
96000	0.39	0.46	0.46	0	0	0.39
96100	0.39	0.46	0.46	0	0	0.39
96200	0.39	0.46	0.46	0	0	0.39
96300	0.4	0.46	0.46	0	0	0.4
96400	0.4	0.46	0.46	0	0	0.4
96500	0.4	0.46	0.46	0	0	0.4
96600	0.4	0.46	0.46	0	0	0.4
96700	0.4	0.47	0.47	0	0	0.4
96800	0.4	0.48	0.48	0	0	0.4
96900	0.4	0.48	0.48	0	0	0.4
97000	0.4	0.48	0.48	0	0	0.4
97100	0.41	0.48	0.48	0	0	0.41
97200	0.41	0.48	0.48	0	0	0.41
97300	0.41	0.48	0.48	0	0	0.41
97400	0.41	0.48	0.48	0	0	0.41
97500	0.41	0.49	0.49	0	0	0.41
97600	0.4	0.49	0.49	0	0	0.4
97700	0.4	0.49	0.49	0	0	0.4
97800	0.4	0.49	0.49	0	0	0.4
97900	0.4	0.49	0.49	0	0	0.4
98000	0.4	0.5	0.5	0	0	0.4
98100	0.4	0.5	0.5	0	0	0.4
98200	0.4	0.5	0.5	0	0	0.4
98300	0.4	0.5	0.5	0	0	0.4
98400	0.4	0.5	0.5	0	0	0.4
98500	0.4	0.5	0.5	0	0	0.4
98600	0.4	0.5	0.5	0	0	0.4
98700	0.4	0.5	0.5	0	0	0.4
98800	0.4	0.5	0.5	0	0	0.4
98900	0.41	0.5	0.5	0	0	0.41
99000	0.41	0.5	0.5	0	0	0.41
99100	0.41	0.5	0.5	0	0	0.41
99200	0.41	0.5	0.5	0	0	0.41
99300	0.41	0.5	0.5	0	0	0.41
99400	0.41	0.5	0.5	0	0	0.41
99500	0.41	0.49	0.49	0	0	0.41
99600	0.41	0.49	0.49	0	0	0.41
99700	0.41	0.49	0.49	0	0	0.41
99800	0.4	0.5	0.5	0	0	0.4
99900	0.4	0.5	0.5	0	0	0.4
100000	0.41	0.5	0.5	0	0	0.41
