100	0.03	0.1	0.1	0	0	0.03
200	0.04	0.13	0.13	0	0	0.04
300	0.06	0.14	0.14	0	0	0.06
400	0.07	0.15	0.15	0	0	0.07
500	0.07	0.15	0.15	0	0	0.07
600	0.08	0.15	0.15	0	0	0.08
700	0.09	0.16	0.16	0	0	0.09
800	0.1	0.17	0.17	0	0	0.1
900	0.1	0.19	0.19	0	0	0.1
1000	0.13	0.2	0.2	0	0	0.13
1100	0.14	0.21	0.21	0	0	0.14
1200	0.15	0.22	0.22	0	0	0.15
1300	0.17	0.23	0.23	0	0	0.17
1400	0.18	0.23	0.23	0	0	0.18
1500	0.19	0.23	0.23	0	0	0.19
1600	0.2	0.24	0.24	0	0	0.2
1700	0.21	0.26	0.26	0	0	0.21
1800	0.22	0.28	0.28	0	0	0.22
1900	0.22	0.29	0.29	0	0	0.22
2000	0.22	0.29	0.29	0	0	0.22
2100	0.22	0.31	0.31	0	0	0.22
2200	0.22	0.31	0.31	0	0	0.22
2300	0.22	0.32	0.32	0	0	0.22
2400	0.21	0.32	0.32	0	0	0.21
2500	0.22	0.34	0.34	0	0	0.22
2600	0.23	0.35	0.35	0	0	0.23
2700	0.23	0.36	0.36	0	0	0.23
2800	0.23	0.36	0.36	0	0	0.23
2900	0.23	0.36	0.36	0	0	0.23
3000	0.23	0.38	0.38	0	0	0.23
3100	0.24	0.38	0.38	0	0	0.24
3200	0.23	0.38	0.38	0	0	0.23
3300	0.22	0.39	0.39	0	0	0.22
3400	0.22	0.39	0.39	0	0	0.22
3500	0.22	0.39	0.39	0	0	0.22
3600	0.23	0.4	0.4	0	0	0.23
3700	0.23	0.38	0.38	0	0	0.23
3800	0.24	0.38	0.38	0	0	0.24
3900	0.24	0.39	0.39	0	0	0.24
4000	0.24	0.4	0.4	0	0	0.24
4100	0.25	0.39	0.39	0	0	0.25
4200	0.25	0.4	0.4	0	0	0.25
4300	0.26	0.4	0.4	0	0	0.26
4400	0.26	0.4	0.4	0	0	0.26
4500	0.25	0.4	0.4	0	0	0.25
4600	0.26	0.4	0.4	0	0	0.26
4700	0.25	0.4	0.4	0	0	0.25
4800	0.25	0.41	0.41	0	0	0.25
4900	0.25	0.42	0.42	0	0	0.25
5000	0.25	0.43	0.43	0	0	0.25
5100	0.26	0.42	0.42	0	0	0.26
5200	0.27	0.42	0.42	0	0	0.27
5300	0.28	0.42	0.42	0	0	0.28
5400	0.27	0.44	0.44	0	0	0.27
5500	0.27	0.44	0.44	0	0	0.27
5600	0.27	0.44	0.44	0	0	0.27
5700	0.27	0.43	0.43	0	0	0.27
5800	0.27	0.42	0.42	0	0	0.27
5900	0.29	0.42	0.42	0	0	0.29
6000	0.3	0.41	0.41	0	0	0.3
6100	0.3	0.42	0.42	0	0	0.3
6200	0.3	0.43	0.43	0	0	0.3
6300	0.3	0.42	0.42	0	0	0.3
6400	0.3	0.42	0.42	0	0	0.3
6500	0.32	0.42	0.42	0	0	0.32
6600	0.32	0.42	0.42	0	0	0.32
6700	0.32	0.41	0.41	0	0	0.32
6800	0.32	0.42	0.42	0	0	0.32
6900	0.32	0.42	0.42	0	0	0.32
7000	0.33	0.43	0.43	0	0	0.33
7100	0.33	0.43	0.43	0	0	0.33
7200	0.33	0.44	0.44	0	0	0.33
7300	0.33	0.44	0.44	0	0	0.33
7400	0.34	0.44	0.44	0	0	0.34
7500	0.35	0.44	0.44	0	0	0.35
7600	0.35	0.43	0.43	0	0	0.35
7700	0.36	0.43	0.43	0	0	0.36
7800	0.36	0.43	0.43	0	0	0.36
7900	0.35	0.43	0.43	0	0	0.35
8000	0.35	0.43	0.43	0	0	0.35
8100	0.35	0.43	0.43	0	0	0.35
8200	0.35	0.42	0.42	0	0	0.35
8300	0.35	0.42	0.42	0	0	0.35
8400	0.35	0.42	0.42	0	0	0.35
8500	0.35	0.42	0.42	0	0	0.35
8600	0.35	0.42	0.42	0	0	0.35
8700	0.34	0.4	0.4	0	0	0.34
8800	0.34	0.39	0.39	0	0	0.34
8900	0.34	0.39	0.39	0	0	0.34
9000	0.34	0.39	0.39	0	0	0.34
9100	0.36	0.39	0.39	0	0	0.36
9200	0.36	0.38	0.38	0	0	0.36
9300	0.36	0.38	0.38	0	0	0.36
9400	0.36	0.38	0.38	0	0	0.36
9500	0.36	0.38	0.38	0	0	0.36
9600	0.36	0.38	0.38	0	0	0.36
9700	0.36	0.37	0.37	0	0	0.36
9800	0.36	0.37	0.37	0	0	0.36
9900	0.36	0.37	0.37	0	0	0.36
10000	0.36	0.37	0.37	0	0	0.36
10100	0.36	0.37	0.37	0	0	0.36
10200	0.36	0.38	0.38	0	0	0.36
10300	0.36	0.38	0.38	0	0	0.36
10400	0.36	0.39	0.39	0	0	0.36
10500	0.36	0.4	0.4	0	0	0.36
10600	0.36	0.41	0.41	0	0	0.36
10700	0.36	0.44	0.44	0	0	0.36
10800	0.36	0.44	0.44	0	0	0.36
10900	0.36	0.46	0.46	0	0	0.36
11000	0.36	0.46	0.46	0	0	0.36
11100	0.37	0.46	0.46	0	0	0.37
11200	0.37	0.46	0.46	0	0	0.37
11300	0.37	0.46	0.46	0	0	0.37
11400	0.37	0.46	0.46	0	0	0.37
11500	0.37	0.46	0.46	0	0	0.37
11600	0.38	0.46	0.46	0	0	0.38
11700	0.38	0.46	0.46	0	0	0.38
11800	0.38	0.46	0.46	0	0	0.38
11900	0.38	0.46	0.46	0	0	0.38
12000	0.38	0.47	0.47	0	0	0.38
12100	0.38	0.49	0.49	0	0	0.38
12200	0.38	0.49	0.49	0	0	0.38
12300	0.39	0.48	0.48	0	0	0.39
12400	0.39	0.48	0.48	0	0	0.39
12500	0.39	0.48	0.48	0	0	0.39
12600	0.38	0.48	0.48	0	0	0.38
12700	0.38	0.48	0.48	0	0	0.38
12800	0.38	0.48	0.48	0	0	0.38
12900	0.38	0.48	0.48	0	0	0.38
13000	0.38	0.48	0.48	0	0	0.38
13100	0.38	0.48	0.48	0	0	0.38
13200	0.39	0.48	0.48	0	0	0.39
13300	0.39	0.48	0.48	0	0	0.39
13400	0.39	0.49	0.49	0	0	0.39
13500	0.39	0.49	0.49	0	0	0.39
13600	0.39	0.49	0.49	0	0	0.39
13700	0.39	0.49	0.49	0	0	0.39
13800	0.39	0.49	0.49	0	0	0.39
13900	0.39	0.49	0.49	0	0	0.39
14000	0.39	0.49	0.49	0	0	0.39
14100	0.39	0.49	0.49	0	0	0.39
14200	0.38	0.49	0.49	0	0	0.38
14300	0.38	0.49	0.49	0	0	0.38
14400	0.38	0.49	0.49	0	0	0.38
14500	0.38	0.49	0.49	0	0	0.38
14600	0.38	0.49	0.49	0	0	0.38
14700	0.38	0.49	0.49	0	0	0.38
14800	0.38	0.49	0.49	0	0	0.38
14900	0.39	0.49	0.49	0	0	0.39
15000	0.39	0.49	0.49	0	0	0.39
15100	0.39	0.49	0.49	0	0	0.39
15200	0.39	0.49	0.49	0	0	0.39
15300	0.39	0.49	0.49	0	0	0.39
15400	0.39	0.49	0.49	0	0	0.39
15500	0.39	0.49	0.49	0	0	0.39
15600	0.39	0.49	0.49	0	0	0.39
15700	0.39	0.49	0.49	0	0	0.39
15800	0.38	0.49	0.49	0	0	0.38
15900	0.38	0.49	0.49	0	0	0.38
16000	0.37	0.49	0.49	0	0	0.37
16100	0.37	0.49	0.49	0	0	0.37
16200	0.37	0.5	0.5	0	0	0.37
16300	0.36	0.5	0.5	0	0	0.36
16400	0.36	0.5	0.5	0	0	0.36
16500	0.36	0.5	0.5	0	0	0.36
16600	0.36	0.5	0.5	0	0	0.36
16700	0.36	0.5	0.5	0	0	0.36
16800	0.36	0.5	0.5	0	0	0.36
16900	0.36	0.5	0.5	0	0	0.36
17000	0.36	0.5	0.5	0	0	0.36
17100	0.36	0.5	0.5	0	0	0.36
17200	0.36	0.5	0.5	0	0	0.36
17300	0.36	0.5	0.5	0	0	0.36
17400	0.36	0.5	0.5	0	0	0.36
17500	0.36	0.5	0.5	0	0	0.36
17600	0.36	0.51	0.51	0	0	0.36
17700	0.36	0.5	0.5	0	0	0.36
17800	0.36	0.5	0.5	0	0	0.36
17900	0.36	0.5	0.5	0	0	0.36
18000	0.36	0.5	0.5	0	0	0.36
18100	0.36	0.5	0.5	0	0	0.36
18200	0.36	0.5	0.5	0	0	0.36
18300	0.36	0.5	0.5	0	0	0.36
18400	0.36	0.49	0.49	0	0	0.36
18500	0.36	0.49	0.49	0	0	0.36
18600	0.36	0.49	0.49	0	0	0.36
18700	0.36	0.49	0.49	0	0	0.36
18800	0.35	0.49	0.49	0	0	0.35
18900	0.35	0.49	0.49	0	0	0.35
19000	0.35	0.5	0.5	0	0	0.35
19100	0.34	0.51	0.51	0	0	0.34
19200	0.34	0.51	0.51	0	0	0.34
19300	0.34	0.51	0.51	0	0	0.34
19400	0.35	0.51	0.51	0	0	0.35
19500	0.35	0.52	0.52	0	0	0.35
19600	0.35	0.53	0.53	0	0	0.35
19700	0.35	0.53	0.53	0	0	0.35
19800	0.35	0.53	0.53	0	0	0.35
19900	0.36	0.53	0.53	0	0	0.36
20000	0.36	0.52	0.52	0	0	0.36
20100	0.36	0.52	0.52	0	0	0.36
20200	0.36	0.52	0.52	0	0	0.36
20300	0.36	0.52	0.52	0	0	0.36
20400	0.37	0.52	0.52	0	0	0.37
20500	0.37	0.52	0.52	0	0	0.37
20600	0.36	0.52	0.52	0	0	0.36
20700	0.36	0.52	0.52	0	0	0.36
20800	0.36	0.51	0.51	0	0	0.36
20900	0.36	0.51	0.51	0	0	0.36
21000	0.36	0.51	0.51	0	0	0.36
21100	0.36	0.51	0.51	0	0	0.36
21200	0.36	0.52	0.52	0	0	0.36
21300	0.36	0.51	0.51	0	0	0.36
21400	0.36	0.51	0.51	0	0	0.36
21500	0.36	0.51	0.51	0	0	0.36
21600	0.36	0.51	0.51	0	0	0.36
21700	0.36	0.52	0.52	0	0	0.36
21800	0.36	0.52	0.52	0	0	0.36
21900	0.36	0.51	0.51	0	0	0.36
22000	0.36	0.5	0.5	0	0	0.36
22100	0.36	0.5	0.5	0	0	0.36
22200	0.36	0.48	0.48	0	0	0.36
22300	0.36	0.48	0.48	0	0	0.36
22400	0.36	0.48	0.48	0	0	0.36
22500	0.36	0.48	0.48	0	0	0.36
22600	0.36	0.48	0.48	0	0	0.36
22700	0.36	0.48	0.48	0	0	0.36
22800	0.36	0.48	0.48	0	0	0.36
22900	0.36	0.47	0.47	0	0	0.36
23000	0.36	0.47	0.47	0	0	0.36
23100	0.35	0.47	0.47	0	0	0.35
23200	0.35	0.47	0.47	0	0	0.35
23300	0.35	0.47	0.47	0	0	0.35
23400	0.35	0.47	0.47	0	0	0.35
23500	0.35	0.47	0.47	0	0	0.35
23600	0.35	0.47	0.47	0	0	0.35
23700	0.35	0.47	0.47	0	0	0.35
23800	0.35	0.47	0.47	0	0	0.35
23900	0.35	0.47	0.47	0	0	0.35
24000	0.35	0.47	0.47	0	0	0.35
24100	0.35	0.47	0.47	0	0	0.35
24200	0.35	0.47	0.47	0	0	0.35
24300	0.35	0.47	0.47	0	0	0.35
24400	0.35	0.47	0.47	0	0	0.35
24500	0.35	0.48	0.48	0	0	0.35
24600	0.35	0.48	0.48	0	0	0.35
24700	0.35	0.49	0.49	0	0	0.35
24800	0.35	0.49	0.49	0	0	0.35
24900	0.35	0.49	0.49	0	0	0.35
25000	0.35	0.49	0.49	0	0	0.35
25100	0.35	0.49	0.49	0	0	0.35
25200	0.35	0.49	0.49	0	0	0.35
25300	0.35	0.49	0.49	0	0	0.35
25400	0.36	0.49	0.49	0	0	0.36
25500	0.36	0.48	0.48	0	0	0.36
25600	0.36	0.48	0.48	0	0	0.36
25700	0.36	0.48	0.48	0	0	0.36
25800	0.36	0.48	0.48	0	0	0.36
25900	0.36	0.48	0.48	0	0	0.36
26000	0.36	0.48	0.48	0	0	0.36
26100	0.36	0.48	0.48	0	0	0.36
26200	0.36	0.48	0.48	0	0	0.36
26300	0.36	0.48	0.48	0	0	0.36
26400	0.36	0.48	0.48	0	0	0.36
26500	0.36	0.48	0.48	0	0	0.36
26600	0.36	0.48	0.48	0	0	0.36
26700	0.37	0.48	0.48	0	0	0.37
26800	0.37	0.48	0.48	0	0	0.37
26900	0.37	0.48	0.48	0	0	0.37
27000	0.36	0.48	0.48	0	0	0.36
27100	0.36	0.48	0.48	0	0	0.36
27200	0.36	0.47	0.47	0	0	0.36
27300	0.37	0.47	0.47	0	0	0.37
27400	0.37	0.47	0.47	0	0	0.37
27500	0.37	0.47	0.47	0	0	0.37
27600	0.35	0.47	0.47	0	0	0.35
27700	0.35	0.47	0.47	0	0	0.35
27800	0.35	0.47	0.47	0	0	0.35
27900	0.35	0.47	0.47	0	0	0.35
28000	0.35	0.47	0.47	0	0	0.35
28100	0.34	0.48	0.48	0	0	0.34
28200	0.34	0.48	0.48	0	0	0.34
28300	0.34	0.48	0.48	0	0	0.34
28400	0.34	0.48	0.48	0	0	0.34
28500	0.34	0.48	0.48	0	0	0.34
28600	0.34	0.49	0.49	0	0	0.34
28700	0.34	0.49	0.49	0	0	0.34
28800	0.34	0.49	0.49	0	0	0.34
28900	0.34	0.49	0.49	0	0	0.34
29000	0.34	0.49	0.49	0	0	0.34
29100	0.34	0.48	0.48	0	0	0.34
29200	0.35	0.48	0.48	0	0	0.35
29300	0.35	0.48	0.48	0	0	0.35
29400	0.35	0.47	0.47	0	0	0.35
29500	0.35	0.47	0.47	0	0	0.35
29600	0.36	0.47	0.47	0	0	0.36
29700	0.36	0.47	0.47	0	0	0.36
29800	0.36	0.48	0.48	0	0	0.36
29900	0.36	0.46	0.46	0	0	0.36
30000	0.36	0.46	0.46	0	0	0.36
30100	0.36	0.46	0.46	0	0	0.36
30200	0.37	0.47	0.47	0	0	0.37
30300	0.38	0.46	0.46	0	0	0.38
30400	0.38	0.46	0.46	0	0	0.38
30500	0.38	0.45	0.45	0	0	0.38
30600	0.38	0.45	0.45	0	0	0.38
30700	0.38	0.45	0.45	0	0	0.38
30800	0.38	0.45	0.45	0	0	0.38
30900	0.39	0.45	0.45	0	0	0.39
31000	0.39	0.45	0.45	0	0	0.39
31100	0.39	0.45	0.45	0	0	0.39
31200	0.39	0.44	0.44	0	0	0.39
31300	0.4	0.44	0.44	0	0	0.4
31400	0.4	0.44	0.44	0	0	0.4
31500	0.4	0.44	0.44	0	0	0.4
31600	0.4	0.44	0.44	0	0	0.4
31700	0.4	0.45	0.45	0	0	0.4
31800	0.4	0.45	0.45	0	0	0.4
31900	0.4	0.45	0.45	0	0	0.4
32000	0.4	0.45	0.45	0	0	0.4
32100	0.4	0.46	0.46	0	0	0.4
32200	0.39	0.45	0.45	0	0	0.39
32300	0.38	0.45	0.45	0	0	0.38
32400	0.38	0.45	0.45	0	0	0.38
32500	0.38	0.46	0.46	0	0	0.38
32600	0.37	0.46	0.46	0	0	0.37
32700	0.38	0.47	0.47	0	0	0.38
32800	0.38	0.47	0.47	0	0	0.38
32900	0.38	0.47	0.47	0	0	0.38
33000	0.38	0.46	0.46	0	0	0.38
33100	0.39	0.46	0.46	0	0	0.39
33200	0.39	0.46	0.46	0	0	0.39
33300	0.39	0.46	0.46	0	0	0.39
33400	0.4	0.46	0.46	0	0	0.4
33500	0.4	0.47	0.47	0	0	0.4
33600	0.4	0.47	0.47	0	0	0.4
33700	0.4	0.47	0.47	0	0	0.4
33800	0.4	0.47	0.47	0	0	0.4
33900	0.4	0.47	0.47	0	0	0.4
34000	0.4	0.47	0.47	0	0	0.4
34100	0.4	0.47	0.47	0	0	0.4
34200	0.4	0.47	0.47	0	0	0.4
34300	0.4	0.47	0.47	0	0	0.4
34400	0.4	0.47	0.47	0	0	0.4
34500	0.4	0.47	0.47	0	0	0.4
34600	0.41	0.46	0.46	0	0	0.41
34700	0.4	0.47	0.47	0	0	0.4
34800	0.4	0.47	0.47	0	0	0.4
34900	0.4	0.47	0.47	0	0	0.4
35000	0.41	0.47	0.47	0	0	0.41
35100	0.41	0.47	0.47	0	0	0.41
35200	0.41	0.47	0.47	0	0	0.41
35300	0.41	0.48	0.48	0	0	0.41
35400	0.41	0.48	0.48	0	0	0.41
35500	0.41	0.48	0.48	0	0	0.41
35600	0.4	0.48	0.48	0	0	0.4
35700	0.4	0.48	0.48	0	0	0.4
35800	0.4	0.48	0.48	0	0	0.4
35900	0.4	0.47	0.47	0	0	0.4
36000	0.4	0.48	0.48	0	0	0.4
36100	0.4	0.48	0.48	0	0	0.4
36200	0.4	0.48	0.48	0	0	0.4
36300	0.4	0.48	0.48	0	0	0.4
36400	0.4	0.48	0.48	0	0	0.4
36500	0.4	0.48	0.48	0	0	0.4
36600	0.41	0.48	0.48	0	0	0.41
36700	0.41	0.48	0.48	0	0	0.41
36800	0.41	0.48	0.48	0	0	0.41
36900	0.41	0.49	0.49	0	0	0.41
37000	0.41	0.49	0.49	0	0	0.41
37100	0.41	0.49	0.49	0	0	0.41
37200	0.41	0.5	0.5	0	0	0.41
37300	0.41	0.5	0.5	0	0	0.41
37400	0.41	0.5	0.5	0	0	0.41
37500	0.41	0.5	0.5	0	0	0.41
37600	0.4	0.5	0.5	0	0	0.4
37700	0.4	0.5	0.5	0	0	0.4
37800	0.41	0.5	0.5	0	0	0.41
37900	0.41	0.5	0.5	0	0	0.41
38000	0.41	0.5	0.5	0	0	0.41
38100	0.41	0.5	0.5	0	0	0.41
38200	0.41	0.5	0.5	0	0	0.41
38300	0.41	0.5	0.5	0	0	0.41
38400	0.41	0.5	0.5	0	0	0.41
38500	0.41	0.5	0.5	0	0	0.41
38600	0.4	0.5	0.5	0	0	0.4
38700	0.39	0.5	0.5	0	0	0.39
38800	0.4	0.5	0.5	0	0	0.4
38900	0.4	0.5	0.5	0	0	0.4
39000	0.39	0.5	0.5	0	0	0.39
39100	0.38	0.5	0.5	0	0	0.38
39200	0.38	0.5	0.5	0	0	0.38
39300	0.38	0.5	0.5	0	0	0.38
39400	0.38	0.5	0.5	0	0	0.38
39500	0.38	0.5	0.5	0	0	0.38
39600	0.38	0.5	0.5	0	0	0.38
39700	0.38	0.5	0.5	0	0	0.38
39800	0.38	0.5	0.5	0	0	0.38
39900	0.38	0.5	0.5	0	0	0.38
40000	0.38	0.5	0.5	0	0	0.38
40100	0.38	0.5	0.5	0	0	0.38
40200	0.38	0.5	0.5	0	0	0.38
40300	0.38	0.51	0.51	0	0	0.38
40400	0.38	0.51	0.51	0	0	0.38
40500	0.38	0.51	0.51	0	0	0.38
40600	0.38	0.51	0.51	0	0	0.38
40700	0.38	0.51	0.51	0	0	0.38
40800	0.39	0.51	0.51	0	0	0.39
40900	0.4	0.51	0.51	0	0	0.4
41000	0.4	0.51	0.51	0	0	0.4
41100	0.4	0.51	0.51	0	0	0.4
41200	0.41	0.51	0.51	0	0	0.41
41300	0.41	0.51	0.51	0	0	0.41
41400	0.41	0.51	0.51	0	0	0.41
41500	0.41	0.51	0.51	0	0	0.41
41600	0.41	0.51	0.51	0	0	0.41
41700	0.41	0.51	0.51	0	0	0.41
41800	0.41	0.51	0.51	0	0	0.41
41900	0.4	0.51	0.51	0	0	0.4
42000	0.39	0.51	0.51	0	0	0.39
42100	0.39	0.51	0.51	0	0	0.39
42200	0.38	0.51	0.51	0	0	0.38
42300	0.38	0.51	0.51	0	0	0.38
42400	0.38	0.51	0.51	0	0	0.38
42500	0.38	0.51	0.51	0	0	0.38
42600	0.38	0.5	0.5	0	0	0.38
42700	0.38	0.5	0.5	0	0	0.38
42800	0.38	0.51	0.51	0	0	0.38
42900	0.38	0.51	0.51	0	0	0.38
43000	0.38	0.51	0.51	0	0	0.38
43100	0.38	0.51	0.51	0	0	0.38
43200	0.38	0.51	0.51	0	0	0.38
43300	0.39	0.51	0.51	0	0	0.39
43400	0.39	0.51	0.51	0	0	0.39
43500	0.39	0.52	0.52	0	0	0.39
43600	0.39	0.51	0.51	0	0	0.39
43700	0.4	0.51	0.51	0	0	0.4
43800	0.41	0.51	0.51	0	0	0.41
43900	0.42	0.51	0.51	0	0	0.42
44000	0.41	0.51	0.51	0	0	0.41
44100	0.41	0.51	0.51	0	0	0.41
44200	0.41	0.51	0.51	0	0	0.41
44300	0.41	0.51	0.51	0	0	0.41
44400	0.41	0.51	0.51	0	0	0.41
44500	0.41	0.51	0.51	0	0	0.41
44600	0.41	0.51	0.51	0	0	0.41
44700	0.41	0.51	0.51	0	0	0.41
44800	0.4	0.51	0.51	0	0	0.4
44900	0.4	0.51	0.51	0	0	0.4
45000	0.4	0.51	0.51	0	0	0.4
45100	0.4	0.51	0.51	0	0	0.4
45200	0.4	0.51	0.51	0	0	0.4
45300	0.4	0.5	0.5	0	0	0.4
45400	0.4	0.49	0.49	0	0	0.4
45500	0.4	0.5	0.5	0	0	0.4
45600	0.4	0.51	0.51	0	0	0.4
45700	0.4	0.51	0.51	0	0	0.4
45800	0.4	0.51	0.51	0	0	0.4
45900	0.4	0.51	0.51	0	0	0.4
46000	0.4	0.51	0.51	0	0	0.4
46100	0.4	0.52	0.52	0	0	0.4
46200	0.4	0.51	0.51	0	0	0.4
46300	0.4	0.51	0.51	0	0	0.4
46400	0.39	0.52	0.52	0	0	0.39
46500	0.39	0.52	0.52	0	0	0.39
46600	0.39	0.52	0.52	0	0	0.39
46700	0.38	0.53	0.53	0	0	0.38
46800	0.38	0.53	0.53	0	0	0.38
46900	0.38	0.53	0.53	0	0	0.38
47000	0.38	0.54	0.54	0	0	0.38
47100	0.38	0.53	0.53	0	0	0.38
47200	0.38	0.53	0.53	0	0	0.38
47300	0.38	0.53	0.53	0	0	0.38
47400	0.39	0.53	0.53	0	0	0.39
47500	0.38	0.53	0.53	0	0	0.38
47600	0.38	0.52	0.52	0	0	0.38
47700	0.38	0.52	0.52	0	0	0.38
47800	0.37	0.52	0.52	0	0	0.37
47900	0.36	0.52	0.52	0	0	0.36
48000	0.36	0.52	0.52	0	0	0.36
48100	0.36	0.52	0.52	0	0	0.36
48200	0.36	0.54	0.54	0	0	0.36
48300	0.36	0.54	0.54	0	0	0.36
48400	0.36	0.54	0.54	0	0	0.36
48500	0.36	0.54	0.54	0	0	0.36
48600	0.36	0.55	0.55	0	0	0.36
48700	0.36	0.55	0.55	0	0	0.36
48800	0.36	0.55	0.55	0	0	0.36
48900	0.36	0.55	0.55	0	0	0.36
49000	0.36	0.55	0.55	0	0	0.36
49100	0.36	0.55	0.55	0	0	0.36
49200	0.36	0.55	0.55	0	0	0.36
49300	0.36	0.56	0.56	0	0	0.36
49400	0.36	0.54	0.54	0	0	0.36
49500	0.36	0.54	0.54	0	0	0.36
49600	0.37	0.54	0.54	0	0	0.37
49700	0.37	0.54	0.54	0	0	0.37
49800	0.38	0.54	0.54	0	0	0.38
49900	0.38	0.54	0.54	0	0	0.38
50000	0.38	0.54	0.54	0	0	0.38
50100	0.38	0.54	0.54	0	0	0.38
50200	0.38	0.54	0.54	0	0	0.38
50300	0.38	0.54	0.54	0	0	0.38
50400	0.38	0.54	0.54	0	0	0.38
50500	0.38	0.55	0.55	0	0	0.38
50600	0.38	0.55	0.55	0	0	0.38
50700	0.38	0.56	0.56	0	0	0.38
50800	0.38	0.57	0.57	0	0	0.38
50900	0.38	0.57	0.57	0	0	0.38
51000	0.38	0.57	0.57	0	0	0.38
51100	0.38	0.57	0.57	0	0	0.38
51200	0.38	0.57	0.57	0	0	0.38
51300	0.38	0.57	0.57	0	0	0.38
51400	0.38	0.57	0.57	0	0	0.38
51500	0.38	0.57	0.57	0	0	0.38
51600	0.37	0.57	0.57	0	0	0.37
51700	0.37	0.57	0.57	0	0	0.37
51800	0.37	0.57	0.57	0	0	0.37
51900	0.37	0.57	0.57	0	0	0.37
52000	0.37	0.57	0.57	0	0	0.37
52100	0.37	0.57	0.57	0	0	0.37
52200	0.37	0.57	0.57	0	0	0.37
52300	0.38	0.57	0.57	0	0	0.38
52400	0.38	0.57	0.57	0	0	0.38
52500	0.38	0.57	0.57	0	0	0.38
52600	0.38	0.57	0.57	0	0	0.38
52700	0.38	0.57	0.57	0	0	0.38
52800	0.39	0.57	0.57	0	0	0.39
52900	0.39	0.57	0.57	0	0	0.39
53000	0.39	0.57	0.57	0	0	0.39
53100	0.39	0.57	0.57	0	0	0.39
53200	0.39	0.57	0.57	0	0	0.39
53300	0.39	0.57	0.57	0	0	0.39
53400	0.39	0.57	0.57	0	0	0.39
53500	0.39	0.57	0.57	0	0	0.39
53600	0.39	0.57	0.57	0	0	0.39
53700	0.39	0.57	0.57	0	0	0.39
53800	0.39	0.57	0.57	0	0	0.39
53900	0.4	0.57	0.57	0	0	0.4
54000	0.4	0.57	0.57	0	0	0.4
54100	0.4	0.57	0.57	0	0	0.4
54200	0.39	0.57	0.57	0	0	0.39
54300	0.39	0.56	0.56	0	0	0.39
54400	0.39	0.56	0.56	0	0	0.39
54500	0.39	0.56	0.56	0	0	0.39
54600	0.38	0.56	0.56	0	0	0.38
54700	0.38	0.56	0.56	0	0	0.38
54800	0.38	0.56	0.56	0	0	0.38
54900	0.38	0.56	0.56	0	0	0.38
55000	0.38	0.56	0.56	0	0	0.38
55100	0.38	0.57	0.57	0	0	0.38
55200	0.38	0.57	0.57	0	0	0.38
55300	0.38	0.58	0.58	0	0	0.38
55400	0.38	0.57	0.57	0	0	0.38
55500	0.38	0.57	0.57	0	0	0.38
55600	0.38	0.57	0.57	0	0	0.38
55700	0.38	0.57	0.57	0	0	0.38
55800	0.38	0.57	0.57	0	0	0.38
55900	0.38	0.56	0.56	0	0	0.38
56000	0.38	0.56	0.56	0	0	0.38
56100	0.38	0.56	0.56	0	0	0.38
56200	0.38	0.56	0.56	0	0	0.38
56300	0.38	0.55	0.55	0	0	0.38
56400	0.38	0.55	0.55	0	0	0.38
56500	0.38	0.55	0.55	0	0	0.38
56600	0.38	0.55	0.55	0	0	0.38
56700	0.39	0.55	0.55	0	0	0.39
56800	0.38	0.54	0.54	0	0	0.38
56900	0.38	0.54	0.54	0	0	0.38
57000	0.38	0.54	0.54	0	0	0.38
57100	0.37	0.54	0.54	0	0	0.37
57200	0.37	0.54	0.54	0	0	0.37
57300	0.37	0.54	0.54	0	0	0.37
57400	0.37	0.54	0.54	0	0	0.37
57500	0.37	0.54	0.54	0	0	0.37
57600	0.37	0.54	0.54	0	0	0.37
57700	0.37	0.54	0.54	0	0	0.37
57800	0.37	0.54	0.54	0	0	0.37
57900	0.37	0.54	0.54	0	0	0.37
58000	0.37	0.55	0.55	0	0	0.37
58100	0.37	0.56	0.56	0	0	0.37
58200	0.37	0.56	0.56	0	0	0.37
58300	0.37	0.56	0.56	0	0	0.37
58400	0.37	0.56	0.56	0	0	0.37
58500	0.37	0.56	0.56	0	0	0.37
58600	0.36	0.56	0.56	0	0	0.36
58700	0.36	0.56	0.56	0	0	0.36
58800	0.36	0.56	0.56	0	0	0.36
58900	0.36	0.56	0.56	0	0	0.36
59000	0.36	0.56	0.56	0	0	0.36
59100	0.36	0.56	0.56	0	0	0.36
59200	0.36	0.56	0.56	0	0	0.36
59300	0.37	0.57	0.57	0	0	0.37
59400	0.37	0.57	0.57	0	0	0.37
59500	0.37	0.57	0.57	0	0	0.37
59600	0.37	0.57	0.57	0	0	0.37
59700	0.37	0.57	0.57	0	0	0.37
59800	0.37	0.56	0.56	0	0	0.37
59900	0.37	0.56	0.56	0	0	0.37
60000	0.37	0.56	0.56	0	0	0.37
60100	0.37	0.57	0.57	0	0	0.37
60200	0.37	0.58	0.58	0	0	0.37
60300	0.36	0.56	0.56	0	0	0.36
60400	0.36	0.56	0.56	0	0	0.36
60500	0.35	0.56	0.56	0	0	0.35
60600	0.35	0.56	0.56	0	0	0.35
60700	0.36	0.56	0.56	0	0	0.36
60800	0.36	0.56	0.56	0	0	0.36
60900	0.36	0.56	0.56	0	0	0.36
61000	0.36	0.56	0.56	0	0	0.36
61100	0.36	0.56	0.56	0	0	0.36
61200	0.36	0.56	0.56	0	0	0.36
61300	0.37	0.56	0.56	0	0	0.37
61400	0.36	0.56	0.56	0	0	0.36
61500	0.36	0.56	0.56	0	0	0.36
61600	0.36	0.56	0.56	0	0	0.36
61700	0.36	0.56	0.56	0	0	0.36
61800	0.36	0.56	0.56	0	0	0.36
61900	0.36	0.56	0.56	0	0	0.36
62000	0.36	0.56	0.56	0	0	0.36
62100	0.36	0.56	0.56	0	0	0.36
62200	0.36	0.56	0.56	0	0	0.36
62300	0.36	0.56	0.56	0	0	0.36
62400	0.36	0.56	0.56	0	0	0.36
62500	0.36	0.56	0.56	0	0	0.36
62600	0.36	0.56	0.56	0	0	0.36
62700	0.36	0.56	0.56	0	0	0.36
62800	0.36	0.56	0.56	0	0	0.36
62900	0.36	0.57	0.57	0	0	0.36
63000	0.36	0.57	0.57	0	0	0.36
63100	0.36	0.57	0.57	0	0	0.36
63200	0.35	0.57	0.57	0	0	0.35
63300	0.35	0.57	0.57	0	0	0.35
63400	0.35	0.57	0.57	0	0	0.35
63500	0.35	0.57	0.57	0	0	0.35
63600	0.36	0.57	0.57	0	0	0.36
63700	0.37	0.57	0.57	0	0	0.37
63800	0.37	0.56	0.56	0	0	0.37
63900	0.37	0.56	0.56	0	0	0.37
64000	0.37	0.56	0.56	0	0	0.37
64100	0.37	0.56	0.56	0	0	0.37
64200	0.37	0.56	0.56	0	0	0.37
64300	0.37	0.55	0.55	0	0	0.37
64400	0.37	0.55	0.55	0	0	0.37
64500	0.38	0.55	0.55	0	0	0.38
64600	0.38	0.55	0.55	0	0	0.38
64700	0.38	0.55	0.55	0	0	0.38
64800	0.39	0.55	0.55	0	0	0.39
64900	0.39	0.55	0.55	0	0	0.39
65000	0.39	0.55	0.55	0	0	0.39
65100	0.39	0.55	0.55	0	0	0.39
65200	0.39	0.55	0.55	0	0	0.39
65300	0.39	0.55	0.55	0	0	0.39
65400	0.39	0.55	0.55	0	0	0.39
65500	0.39	0.55	0.55	0	0	0.39
65600	0.39	0.55	0.55	0	0	0.39
65700	0.39	0.55	0.55	0	0	0.39
65800	0.39	0.55	0.55	0	0	0.39
65900	0.39	0.56	0.56	0	0	0.39
66000	0.39	0.56	0.56	0	0	0.39
66100	0.39	0.56	0.56	0	0	0.39
66200	0.4	0.56	0.56	0	0	0.4
66300	0.41	0.55	0.55	0	0	0.41
66400	0.41	0.55	0.55	0	0	0.41
66500	0.41	0.55	0.55	0	0	0.41
66600	0.41	0.54	0.54	0	0	0.41
66700	0.4	0.54	0.54	0	0	0.4
66800	0.4	0.54	0.54	0	0	0.4
66900	0.4	0.54	0.54	0	0	0.4
67000	0.4	0.54	0.54	0	0	0.4
67100	0.4	0.55	0.55	0	0	0.4
67200	0.4	0.55	0.55	0	0	0.4
67300	0.4	0.54	0.54	0	0	0.4
67400	0.4	0.54	0.54	0	0	0.4
67500	0.4	0.54	0.54	0	0	0.4
67600	0.4	0.55	0.55	0	0	0.4
67700	0.4	0.55	0.55	0	0	0.4
67800	0.4	0.55	0.55	0	0	0.4
67900	0.4	0.55	0.55	0	0	0.4
68000	0.4	0.55	0.55	0	0	0.4
68100	0.4	0.55	0.55	0	0	0.4
68200	0.4	0.56	0.56	0	0	0.4
68300	0.4	0.55	0.55	0	0	0.4
68400	0.4	0.55	0.55	0	0	0.4
68500	0.4	0.55	0.55	0	0	0.4
68600	0.4	0.55	0.55	0	0	0.4
68700	0.4	0.55	0.55	0	0	0.4
68800	0.4	0.55	0.55	0	0	0.4
68900	0.4	0.54	0.54	0	0	0.4
69000	0.4	0.54	0.54	0	0	0.4
69100	0.4	0.54	0.54	0	0	0.4
69200	0.4	0.54	0.54	0	0	0.4
69300	0.4	0.54	0.54	0	0	0.4
69400	0.4	0.54	0.54	0	0	0.4
69500	0.38	0.53	0.53	0	0	0.38
69600	0.38	0.53	0.53	0	0	0.38
69700	0.38	0.53	0.53	0	0	0.38
69800	0.38	0.53	0.53	0	0	0.38
69900	0.38	0.53	0.53	0	0	0.38
70000	0.38	0.53	0.53	0	0	0.38
70100	0.38	0.53	0.53	0	0	0.38
70200	0.39	0.54	0.54	0	0	0.39
70300	0.39	0.54	0.54	0	0	0.39
70400	0.39	0.54	0.54	0	0	0.39
70500	0.39	0.54	0.54	0	0	0.39
70600	0.38	0.54	0.54	0	0	0.38
70700	0.38	0.54	0.54	0	0	0.38
70800	0.38	0.54	0.54	0	0	0.38
70900	0.38	0.54	0.54	0	0	0.38
71000	0.38	0.54	0.54	0	0	0.38
71100	0.38	0.54	0.54	0	0	0.38
71200	0.38	0.54	0.54	0	0	0.38
71300	0.38	0.54	0.54	0	0	0.38
71400	0.38	0.54	0.54	0	0	0.38
71500	0.38	0.54	0.54	0	0	0.38
71600	0.38	0.54	0.54	0	0	0.38
71700	0.38	0.54	0.54	0	0	0.38
71800	0.38	0.54	0.54	0	0	0.38
71900	0.38	0.54	0.54	0	0	0.38
72000	0.38	0.54	0.54	0	0	0.38
72100	0.38	0.54	0.54	0	0	0.38
72200	0.39	0.54	0.54	0	0	0.39
72300	0.39	0.54	0.54	0	0	0.39
72400	0.39	0.54	0.54	0	0	0.39
72500	0.39	0.54	0.54	0	0	0.39
72600	0.39	0.54	0.54	0	0	0.39
72700	0.39	0.54	0.54	0	0	0.39
72800	0.39	0.54	0.54	0	0	0.39
72900	0.39	0.54	0.54	0	0	0.39
73000	0.39	0.54	0.54	0	0	0.39
73100	0.39	0.54	0.54	0	0	0.39
73200	0.39	0.54	0.54	0	0	0.39
73300	0.39	0.54	0.54	0	0	0.39
73400	0.39	0.55	0.55	0	0	0.39
73500	0.39	0.55	0.55	0	0	0.39
73600	0.39	0.55	0.55	0	0	0.39
73700	0.39	0.55	0.55	0	0	0.39
73800	0.39	0.55	0.55	0	0	0.39
73900	0.39	0.55	0.55	0	0	0.39
74000	0.4	0.55	0.55	0	0	0.4
74100	0.4	0.55	0.55	0	0	0.4
74200	0.4	0.56	0.56	0	0	0.4
74300	0.4	0.56	0.56	0	0	0.4
74400	0.4	0.56	0.56	0	0	0.4
74500	0.4	0.56	0.56	0	0	0.4
74600	0.4	0.56	0.56	0	0	0.4
74700	0.4	0.56	0.56	0	0	0.4
74800	0.39	0.56	0.56	0	0	0.39
74900	0.38	0.56	0.56	0	0	0.38
75000	0.38	0.56	0.56	0	0	0.38
75100	0.38	0.56	0.56	0	0	0.38
75200	0.38	0.56	0.56	0	0	0.38
75300	0.38	0.56	0.56	0	0	0.38
75400	0.38	0.56	0.56	0	0	0.38
75500	0.38	0.56	0.56	0	0	0.38
75600	0.38	0.56	0.56	0	0	0.38
75700	0.38	0.56	0.56	0	0	0.38
75800	0.38	0.56	0.56	0	0	0.38
75900	0.38	0.56	0.56	0	0	0.38
76000	0.38	0.56	0.56	0	0	0.38
76100	0.38	0.56	0.56	0	0	0.38
76200	0.38	0.56	0.56	0	0	0.38
76300	0.38	0.56	0.56	0	0	0.38
76400	0.38	0.56	0.56	0	0	0.38
76500	0.37	0.56	0.56	0	0	0.37
76600	0.37	0.56	0.56	0	0	0.37
76700	0.37	0.56	0.56	0	0	0.37
76800	0.37	0.56	0.56	0	0	0.37
76900	0.37	0.56	0.56	0	0	0.37
77000	0.37	0.56	0.56	0	0	0.37
77100	0.37	0.56	0.56	0	0	0.37
77200	0.37	0.56	0.56	0	0	0.37
77300	0.37	0.56	0.56	0	0	0.37
77400	0.37	0.56	0.56	0	0	0.37
77500	0.37	0.56	0.56	0	0	0.37
77600	0.37	0.56	0.56	0	0	0.37
77700	0.37	0.56	0.56	0	0	0.37
77800	0.37	0.56	0.56	0	0	0.37
77900	0.37	0.56	0.56	0	0	0.37
78000	0.37	0.56	0.56	0	0	0.37
78100	0.37	0.56	0.56	0	0	0.37
78200	0.37	0.56	0.56	0	0	0.37
78300	0.37	0.56	0.56	0	0	0.37
78400	0.37	0.56	0.56	0	0	0.37
78500	0.37	0.55	0.55	0	0	0.37
78600	0.37	0.56	0.56	0	0	0.37
78700	0.36	0.56	0.56	0	0	0.36
78800	0.36	0.56	0.56	0	0	0.36
78900	0.36	0.56	0.56	0	0	0.36
79000	0.36	0.56	0.56	0	0	0.36
79100	0.36	0.55	0.55	0	0	0.36
79200	0.36	0.55	0.55	0	0	0.36
79300	0.36	0.55	0.55	0	0	0.36
79400	0.36	0.55	0.55	0	0	0.36
79500	0.36	0.55	0.55	0	0	0.36
79600	0.36	0.55	0.55	0	0	0.36
79700	0.36	0.55	0.55	0	0	0.36
79800	0.36	0.55	0.55	0	0	0.36
79900	0.36	0.55	0.55	0	0	0.36
80000	0.36	0.55	0.55	0	0	0.36
80100	0.36	0.55	0.55	0	0	0.36
80200	0.36	0.55	0.55	0	0	0.36
80300	0.36	0.55	0.55	0	0	0.36
80400	0.36	0.55	0.55	0	0	0.36
80500	0.36	0.55	0.55	0	0	0.36
80600	0.36	0.55	0.55	0	0	0.36
80700	0.36	0.55	0.55	0	0	0.36
80800	0.36	0.54	0.54	0	0	0.36
80900	0.36	0.54	0.54	0	0	0.36
81000	0.37	0.54	0.54	0	0	0.37
81100	0.37	0.54	0.54	0	0	0.37
81200	0.36	0.54	0.54	0	0	0.36
81300	0.35	0.54	0.54	0	0	0.35
81400	0.35	0.53	0.53	0	0	0.35
81500	0.35	0.53	0.53	0	0	0.35
81600	0.35	0.54	0.54	0	0	0.35
81700	0.35	0.54	0.54	0	0	0.35
81800	0.35	0.54	0.54	0	0	0.35
81900	0.35	0.54	0.54	0	0	0.35
82000	0.35	0.54	0.54	0	0	0.35
82100	0.35	0.54	0.54	0	0	0.35
82200	0.35	0.54	0.54	0	0	0.35
82300	0.35	0.54	0.54	0	0	0.35
82400	0.35	0.54	0.54	0	0	0.35
82500	0.35	0.54	0.54	0	0	0.35
82600	0.35	0.54	0.54	0	0	0.35
82700	0.35	0.54	0.54	0	0	0.35
82800	0.35	0.54	0.54	0	0	0.35
82900	0.35	0.54	0.54	0	0	0.35
83000	0.35	0.54	0.54	0	0	0.35
83100	0.35	0.54	0.54	0	0	0.35
83200	0.35	0.54	0.54	0	0	0.35
83300	0.35	0.55	0.55	0	0	0.35
83400	0.35	0.54	0.54	0	0	0.35
83500	0.35	0.54	0.54	0	0	0.35
83600	0.36	0.54	0.54	0	0	0.36
83700	0.36	0.55	0.55	0	0	0.36
83800	0.36	0.54	0.54	0	0	0.36
83900	0.36	0.54	0.54	0	0	0.36
84000	0.36	0.54	0.54	0	0	0.36
84100	0.36	0.54	0.54	0	0	0.36
84200	0.37	0.54	0.54	0	0	0.37
84300	0.36	0.54	0.54	0	0	0.36
84400	0.36	0.54	0.54	0	0	0.36
84500	0.36	0.53	0.53	0	0	0.36
84600	0.36	0.53	0.53	0	0	0.36
84700	0.36	0.53	0.53	0	0	0.36
84800	0.36	0.53	0.53	0	0	0.36
84900	0.36	0.53	0.53	0	0	0.36
85000	0.36	0.53	0.53	0	0	0.36
85100	0.36	0.52	0.52	0	0	0.36
85200	0.36	0.52	0.52	0	0	0.36
85300	0.36	0.52	0.52	0	0	0.36
85400	0.36	0.52	0.52	0	0	0.36
85500	0.36	0.52	0.52	0	0	0.36
85600	0.36	0.52	0.52	0	0	0.36
85700	0.36	0.52	0.52	0	0	0.36
85800	0.36	0.52	0.52	0	0	0.36
85900	0.36	0.52	0.52	0	0	0.36
86000	0.36	0.53	0.53	0	0	0.36
86100	0.36	0.52	0.52	0	0	0.36
86200	0.36	0.52	0.52	0	0	0.36
86300	0.36	0.5	0.5	0	0	0.36
86400	0.36	0.5	0.5	0	0	0.36
86500	0.36	0.49	0.49	0	0	0.36
86600	0.36	0.49	0.49	0	0	0.36
86700	0.36	0.49	0.49	0	0	0.36
86800	0.36	0.49	0.49	0	0	0.36
86900	0.36	0.49	0.49	0	0	0.36
87000	0.36	0.49	0.49	0	0	0.36
87100	0.36	0.49	0.49	0	0	0.36
87200	0.36	0.49	0.49	0	0	0.36
87300	0.36	0.49	0.49	0	0	0.36
87400	0.37	0.49	0.49	0	0	0.37
87500	0.37	0.49	0.49	0	0	0.37
87600	0.37	0.49	0.49	0	0	0.37
87700	0.37	0.49	0.49	0	0	0.37
87800	0.37	0.49	0.49	0	0	0.37
87900	0.37	0.49	0.49	0	0	0.37
88000	0.37	0.49	0.49	0	0	0.37
88100	0.37	0.49	0.49	0	0	0.37
88200	0.37	0.48	0.48	0	0	0.37
88300	0.38	0.48	0.48	0	0	0.38
88400	0.37	0.48	0.48	0	0	0.37
88500	0.37	0.48	0.48	0	0	0.37
88600	0.37	0.5	0.5	0	0	0.37
88700	0.37	0.5	0.5	0	0	0.37
88800	0.37	0.5	0.5	0	0	0.37
88900	0.37	0.51	0.51	0	0	0.37
89000	0.37	0.51	0.51	0	0	0.37
89100	0.37	0.51	0.51	0	0	0.37
89200	0.37	0.52	0.52	0	0	0.37
89300	0.37	0.52	0.52	0	0	0.37
89400	0.37	0.52	0.52	0	0	0.37
89500	0.37	0.52	0.52	0	0	0.37
89600	0.37	0.52	0.52	0	0	0.37
89700	0.37	0.52	0.52	0	0	0.37
89800	0.37	0.52	0.52	0	0	0.37
89900	0.37	0.52	0.52	0	0	0.37
90000	0.37	0.52	0.52	0	0	0.37
90100	0.37	0.52	0.52	0	0	0.37
90200	0.37	0.52	0.52	0	0	0.37
90300	0.37	0.52	0.52	0	0	0.37
90400	0.38	0.52	0.52	0	0	0.38
90500	0.38	0.52	0.52	0	0	0.38
90600	0.38	0.52	0.52	0	0	0.38
90700	0.39	0.52	0.52	0	0	0.39
90800	0.39	0.52	0.52	0	0	0.39
90900	0.39	0.52	0.52	0	0	0.39
91000	0.39	0.52	0.52	0	0	0.39
91100	0.39	0.52	0.52	0	0	0.39
91200	0.39	0.52	0.52	0	0	0.39
91300	0.39	0.52	0.52	0	0	0.39
91400	0.39	0.53	0.53	0	0	0.39
91500	0.39	0.53	0.53	0	0	0.39
91600	0.39	0.53	0.53	0	0	0.39
91700	0.39	0.53	0.53	0	0	0.39
91800	0.39	0.53	0.53	0	0	0.39
91900	0.39	0.52	0.52	0	0	0.39
92000	0.39	0.51	0.51	0	0	0.39
92100	0.39	0.51	0.51	0	0	0.39
92200	0.39	0.51	0.51	0	0	0.39
92300	0.39	0.51	0.51	0	0	0.39
92400	0.39	0.51	0.51	0	0	0.39
92500	0.39	0.51	0.51	0	0	0.39
92600	0.39	0.51	0.51	0	0	0.39
92700	0.39	0.51	0.51	0	0	0.39
92800	0.39	0.51	0.51	0	0	0.39
92900	0.39	0.51	0.51	0	0	0.39
93000	0.39	0.52	0.52	0	0	0.39
93100	0.39	0.52	0.52	0	0	0.39
93200	0.38	0.52	0.52	0	0	0.38
93300	0.38	0.52	0.52	0	0	0.38
93400	0.37	0.52	0.52	0	0	0.37
93500	0.37	0.52	0.52	0	0	0.37
93600	0.37	0.52	0.52	0	0	0.37
93700	0.37	0.52	0.52	0	0	0.37
93800	0.37	0.52	0.52	0	0	0.37
93900	0.37	0.52	0.52	0	0	0.37
94000	0.37	0.52	0.52	0	0	0.37
94100	0.38	0.52	0.52	0	0	0.38
94200	0.4	0.52	0.52	0	0	0.4
94300	0.4	0.52	0.52	0	0	0.4
94400	0.41	0.52	0.52	0	0	0.41
94500	0.41	0.52	0.52	0	0	0.41
94600	0.41	0.52	0.52	0	0	0.41
94700	0.41	0.52	0.52	0	0	0.41
94800	0.41	0.52	0.52	0	0	0.41
94900	0.41	0.52	0.52	0	0	0.41
95000	0.41	0.51	0.51	0	0	0.41
95100	0.41	0.51	0.51	0	0	0.41
95200	0.41	0.51	0.51	0	0	0.41
95300	0.41	0.51	0.51	0	0	0.41
95400	0.41	0.51	0.51	0	0	0.41
95500	0.41	0.52	0.52	0	0	0.41
95600	0.41	0.52	0.52	0	0	0.41
95700	0.41	0.51	0.51	0	0	0.41
95800	0.41	0.5	0.5	0	0	0.41
95900	0.41	0.5	0.5	0	0	0.41
96000	0.41	0.5	0.5	0	0	0.41
96100	0.41	0.5	0.5	0	0	0.41
96200	0.41	0.5	0.5	0	0	0.41
96300	0.41	0.5	0.5	0	0	0.41
96400	0.41	0.5	0.5	0	0	0.41
96500	0.41	0.5	0.5	0	0	0.41
96600	0.41	0.48	0.48	0	0	0.41
96700	0.41	0.48	0.48	0	0	0.41
96800	0.41	0.48	0.48	0	0	0.41
96900	0.42	0.48	0.48	0	0	0.42
97000	0.42	0.48	0.48	0	0	0.42
97100	0.42	0.48	0.48	0	0	0.42
97200	0.42	0.48	0.48	0	0	0.42
97300	0.42	0.48	0.48	0	0	0.42
97400	0.42	0.48	0.48	0	0	0.42
97500	0.42	0.48	0.48	0	0	0.42
97600	0.42	0.48	0.48	0	0	0.42
97700	0.42	0.48	0.48	0	0	0.42
97800	0.43	0.48	0.48	0	0	0.43
97900	0.43	0.48	0.48	0	0	0.43
98000	0.43	0.48	0.48	0	0	0.43
98100	0.43	0.47	0.47	0	0	0.43
98200	0.43	0.47	0.47	0	0	0.43
98300	0.43	0.46	0.46	0	0	0.43
98400	0.43	0.46	0.46	0	0	0.43
98500	0.43	0.46	0.46	0	0	0.43
98600	0.43	0.46	0.46	0	0	0.43
98700	0.43	0.46	0.46	0	0	0.43
98800	0.43	0.46	0.46	0	0	0.43
98900	0.43	0.46	0.46	0	0	0.43
99000	0.43	0.46	0.46	0	0	0.43
99100	0.43	0.46	0.46	0	0	0.43
99200	0.43	0.46	0.46	0	0	0.43
99300	0.43	0.46	0.46	0	0	0.43
99400	0.43	0.46	0.46	0	0	0.43
99500	0.43	0.46	0.46	0	0	0.43
99600	0.43	0.46	0.46	0	0	0.43
99700	0.43	0.45	0.45	0	0	0.43
99800	0.43	0.45	0.45	0	0	0.43
99900	0.43	0.45	0.45	0	0	0.43
100000	0.43	0.45	0.45	0	0	0.43
