100	0.19	0.05	0.05	0	0	0.19
200	0.21	0.05	0.05	0	0	0.21
300	0.22	0.08	0.08	0	0	0.22
400	0.21	0.09	0.09	0	0	0.21
500	0.21	0.1	0.1	0	0	0.21
600	0.22	0.1	0.1	0	0	0.22
700	0.22	0.11	0.11	0	0	0.22
800	0.22	0.15	0.15	0	0	0.22
900	0.23	0.15	0.15	0	0	0.23
1000	0.24	0.17	0.17	0	0	0.24
1100	0.24	0.17	0.17	0	0	0.24
1200	0.24	0.17	0.17	0	0	0.24
1300	0.24	0.17	0.17	0	0	0.24
1400	0.25	0.18	0.18	0	0	0.25
1500	0.25	0.19	0.19	0	0	0.25
1600	0.26	0.21	0.21	0	0	0.26
1700	0.28	0.24	0.24	0	0	0.28
1800	0.29	0.26	0.26	0	0	0.29
1900	0.29	0.26	0.26	0	0	0.29
2000	0.29	0.26	0.26	0	0	0.29
2100	0.31	0.27	0.27	0	0	0.31
2200	0.32	0.27	0.27	0	0	0.32
2300	0.32	0.28	0.28	0	0	0.32
2400	0.32	0.28	0.28	0	0	0.32
2500	0.34	0.3	0.3	0	0	0.34
2600	0.34	0.3	0.3	0	0	0.34
2700	0.35	0.3	0.3	0	0	0.35
2800	0.36	0.3	0.3	0	0	0.36
2900	0.36	0.32	0.32	0	0	0.36
3000	0.36	0.34	0.34	0	0	0.36
3100	0.36	0.34	0.34	0	0	0.36
3200	0.37	0.34	0.34	0	0	0.37
3300	0.37	0.35	0.35	0	0	0.37
3400	0.37	0.35	0.35	0	0	0.37
3500	0.37	0.35	0.35	0	0	0.37
3600	0.37	0.36	0.36	0	0	0.37
3700	0.37	0.36	0.36	0	0	0.37
3800	0.37	0.36	0.36	0	0	0.37
3900	0.37	0.36	0.36	0	0	0.37
4000	0.37	0.36	0.36	0	0	0.37
4100	0.39	0.35	0.35	0	0	0.39
4200	0.39	0.36	0.36	0	0	0.39
4300	0.4	0.36	0.36	0	0	0.4
4400	0.39	0.36	0.36	0	0	0.39
4500	0.39	0.36	0.36	0	0	0.39
4600	0.39	0.36	0.36	0	0	0.39
4700	0.39	0.36	0.36	0	0	0.39
4800	0.39	0.36	0.36	0	0	0.39
4900	0.39	0.36	0.36	0	0	0.39
5000	0.39	0.36	0.36	0	0	0.39
5100	0.39	0.36	0.36	0	0	0.39
5200	0.39	0.37	0.37	0	0	0.39
5300	0.39	0.37	0.37	0	0	0.39
5400	0.39	0.37	0.37	0	0	0.39
5500	0.39	0.37	0.37	0	0	0.39
5600	0.39	0.38	0.38	0	0	0.39
5700	0.39	0.38	0.38	0	0	0.39
5800	0.4	0.39	0.39	0	0	0.4
5900	0.4	0.39	0.39	0	0	0.4
6000	0.4	0.39	0.39	0	0	0.4
6100	0.4	0.4	0.4	0	0	0.4
6200	0.4	0.39	0.39	0	0	0.4
6300	0.4	0.37	0.37	0	0	0.4
6400	0.4	0.37	0.37	0	0	0.4
6500	0.4	0.37	0.37	0	0	0.4
6600	0.4	0.36	0.36	0	0	0.4
6700	0.4	0.37	0.37	0	0	0.4
6800	0.39	0.37	0.37	0	0	0.39
6900	0.38	0.37	0.37	0	0	0.38
7000	0.39	0.38	0.38	0	0	0.39
7100	0.39	0.37	0.37	0	0	0.39
7200	0.39	0.37	0.37	0	0	0.39
7300	0.39	0.39	0.39	0	0	0.39
7400	0.39	0.39	0.39	0	0	0.39
7500	0.38	0.39	0.39	0	0	0.38
7600	0.38	0.4	0.4	0	0	0.38
7700	0.39	0.4	0.4	0	0	0.39
7800	0.39	0.4	0.4	0	0	0.39
7900	0.41	0.4	0.4	0	0	0.41
8000	0.41	0.41	0.41	0	0	0.41
8100	0.4	0.41	0.41	0	0	0.4
8200	0.4	0.41	0.41	0	0	0.4
8300	0.4	0.41	0.41	0	0	0.4
8400	0.41	0.4	0.4	0	0	0.41
8500	0.41	0.4	0.4	0	0	0.41
8600	0.41	0.41	0.41	0	0	0.41
8700	0.41	0.41	0.41	0	0	0.41
8800	0.41	0.4	0.4	0	0	0.41
8900	0.41	0.4	0.4	0	0	0.41
9000	0.41	0.38	0.38	0	0	0.41
9100	0.41	0.38	0.38	0	0	0.41
9200	0.41	0.38	0.38	0	0	0.41
9300	0.41	0.38	0.38	0	0	0.41
9400	0.41	0.38	0.38	0	0	0.41
9500	0.41	0.38	0.38	0	0	0.41
9600	0.41	0.38	0.38	0	0	0.41
9700	0.41	0.39	0.39	0	0	0.41
9800	0.41	0.39	0.39	0	0	0.41
9900	0.41	0.39	0.39	0	0	0.41
10000	0.41	0.39	0.39	0	0	0.41
10100	0.42	0.39	0.39	0	0	0.42
10200	0.42	0.4	0.4	0	0	0.42
10300	0.42	0.4	0.4	0	0	0.42
10400	0.42	0.38	0.38	0	0	0.42
10500	0.43	0.38	0.38	0	0	0.43
10600	0.41	0.38	0.38	0	0	0.41
10700	0.4	0.38	0.38	0	0	0.4
10800	0.39	0.37	0.37	0	0	0.39
10900	0.39	0.37	0.37	0	0	0.39
11000	0.39	0.37	0.37	0	0	0.39
11100	0.39	0.37	0.37	0	0	0.39
11200	0.38	0.37	0.37	0	0	0.38
11300	0.38	0.37	0.37	0	0	0.38
11400	0.38	0.37	0.37	0	0	0.38
11500	0.38	0.36	0.36	0	0	0.38
11600	0.38	0.36	0.36	0	0	0.38
11700	0.39	0.37	0.37	0	0	0.39
11800	0.39	0.37	0.37	0	0	0.39
11900	0.39	0.37	0.37	0	0	0.39
12000	0.39	0.37	0.37	0	0	0.39
12100	0.4	0.37	0.37	0	0	0.4
12200	0.4	0.39	0.39	0	0	0.4
12300	0.4	0.39	0.39	0	0	0.4
12400	0.4	0.39	0.39	0	0	0.4
12500	0.4	0.39	0.39	0	0	0.4
12600	0.41	0.39	0.39	0	0	0.41
12700	0.41	0.39	0.39	0	0	0.41
12800	0.41	0.39	0.39	0	0	0.41
12900	0.42	0.4	0.4	0	0	0.42
13000	0.42	0.4	0.4	0	0	0.42
13100	0.42	0.4	0.4	0	0	0.42
13200	0.41	0.42	0.42	0	0	0.41
13300	0.42	0.42	0.42	0	0	0.42
13400	0.41	0.41	0.41	0	0	0.41
13500	0.41	0.41	0.41	0	0	0.41
13600	0.41	0.41	0.41	0	0	0.41
13700	0.4	0.41	0.41	0	0	0.4
13800	0.4	0.41	0.41	0	0	0.4
13900	0.4	0.42	0.42	0	0	0.4
14000	0.4	0.42	0.42	0	0	0.4
14100	0.39	0.42	0.42	0	0	0.39
14200	0.39	0.43	0.43	0	0	0.39
14300	0.39	0.43	0.43	0	0	0.39
14400	0.39	0.43	0.43	0	0	0.39
14500	0.39	0.43	0.43	0	0	0.39
14600	0.39	0.42	0.42	0	0	0.39
14700	0.39	0.41	0.41	0	0	0.39
14800	0.4	0.41	0.41	0	0	0.4
14900	0.4	0.41	0.41	0	0	0.4
15000	0.4	0.42	0.42	0	0	0.4
15100	0.4	0.41	0.41	0	0	0.4
15200	0.41	0.41	0.41	0	0	0.41
15300	0.41	0.41	0.41	0	0	0.41
15400	0.41	0.41	0.41	0	0	0.41
15500	0.41	0.41	0.41	0	0	0.41
15600	0.41	0.41	0.41	0	0	0.41
15700	0.42	0.41	0.41	0	0	0.42
15800	0.42	0.42	0.42	0	0	0.42
15900	0.42	0.41	0.41	0	0	0.42
16000	0.42	0.4	0.4	0	0	0.42
16100	0.42	0.4	0.4	0	0	0.42
16200	0.42	0.4	0.4	0	0	0.42
16300	0.42	0.4	0.4	0	0	0.42
16400	0.42	0.4	0.4	0	0	0.42
16500	0.42	0.4	0.4	0	0	0.42
16600	0.42	0.39	0.39	0	0	0.42
16700	0.43	0.39	0.39	0	0	0.43
16800	0.43	0.39	0.39	0	0	0.43
16900	0.43	0.39	0.39	0	0	0.43
17000	0.43	0.39	0.39	0	0	0.43
17100	0.44	0.39	0.39	0	0	0.44
17200	0.44	0.39	0.39	0	0	0.44
17300	0.44	0.39	0.39	0	0	0.44
17400	0.45	0.4	0.4	0	0	0.45
17500	0.44	0.4	0.4	0	0	0.44
17600	0.44	0.4	0.4	0	0	0.44
17700	0.44	0.4	0.4	0	0	0.44
17800	0.44	0.42	0.42	0	0	0.44
17900	0.44	0.42	0.42	0	0	0.44
18000	0.44	0.42	0.42	0	0	0.44
18100	0.44	0.42	0.42	0	0	0.44
18200	0.45	0.42	0.42	0	0	0.45
18300	0.46	0.42	0.42	0	0	0.46
18400	0.47	0.42	0.42	0	0	0.47
18500	0.48	0.42	0.42	0	0	0.48
18600	0.48	0.42	0.42	0	0	0.48
18700	0.48	0.42	0.42	0	0	0.48
18800	0.48	0.43	0.43	0	0	0.48
18900	0.46	0.43	0.43	0	0	0.46
19000	0.46	0.43	0.43	0	0	0.46
19100	0.46	0.43	0.43	0	0	0.46
19200	0.45	0.43	0.43	0	0	0.45
19300	0.46	0.43	0.43	0	0	0.46
19400	0.45	0.43	0.43	0	0	0.45
19500	0.45	0.45	0.45	0	0	0.45
19600	0.45	0.45	0.45	0	0	0.45
19700	0.45	0.45	0.45	0	0	0.45
19800	0.45	0.45	0.45	0	0	0.45
19900	0.44	0.45	0.45	0	0	0.44
20000	0.44	0.45	0.45	0	0	0.44
20100	0.44	0.45	0.45	0	0	0.44
20200	0.44	0.45	0.45	0	0	0.44
20300	0.44	0.45	0.45	0	0	0.44
20400	0.44	0.45	0.45	0	0	0.44
20500	0.44	0.46	0.46	0	0	0.44
20600	0.44	0.46	0.46	0	0	0.44
20700	0.44	0.47	0.47	0	0	0.44
20800	0.44	0.47	0.47	0	0	0.44
20900	0.45	0.47	0.47	0	0	0.45
21000	0.45	0.47	0.47	0	0	0.45
21100	0.44	0.47	0.47	0	0	0.44
21200	0.44	0.47	0.47	0	0	0.44
21300	0.45	0.47	0.47	0	0	0.45
21400	0.45	0.47	0.47	0	0	0.45
21500	0.45	0.47	0.47	0	0	0.45
21600	0.45	0.47	0.47	0	0	0.45
21700	0.46	0.47	0.47	0	0	0.46
21800	0.45	0.47	0.47	0	0	0.45
21900	0.46	0.47	0.47	0	0	0.46
22000	0.46	0.47	0.47	0	0	0.46
22100	0.46	0.47	0.47	0	0	0.46
22200	0.46	0.47	0.47	0	0	0.46
22300	0.46	0.47	0.47	0	0	0.46
22400	0.46	0.46	0.46	0	0	0.46
22500	0.46	0.46	0.46	0	0	0.46
22600	0.46	0.46	0.46	0	0	0.46
22700	0.45	0.46	0.46	0	0	0.45
22800	0.45	0.46	0.46	0	0	0.45
22900	0.45	0.46	0.46	0	0	0.45
23000	0.45	0.46	0.46	0	0	0.45
23100	0.45	0.45	0.45	0	0	0.45
23200	0.45	0.46	0.46	0	0	0.45
23300	0.45	0.46	0.46	0	0	0.45
23400	0.45	0.46	0.46	0	0	0.45
23500	0.45	0.46	0.46	0	0	0.45
23600	0.45	0.46	0.46	0	0	0.45
23700	0.46	0.46	0.46	0	0	0.46
23800	0.46	0.46	0.46	0	0	0.46
23900	0.46	0.46	0.46	0	0	0.46
24000	0.46	0.46	0.46	0	0	0.46
24100	0.46	0.46	0.46	0	0	0.46
24200	0.46	0.46	0.46	0	0	0.46
24300	0.46	0.46	0.46	0	0	0.46
24400	0.45	0.46	0.46	0	0	0.45
24500	0.45	0.46	0.46	0	0	0.45
24600	0.45	0.46	0.46	0	0	0.45
24700	0.45	0.46	0.46	0	0	0.45
24800	0.45	0.46	0.46	0	0	0.45
24900	0.45	0.46	0.46	0	0	0.45
25000	0.45	0.46	0.46	0	0	0.45
25100	0.44	0.46	0.46	0	0	0.44
25200	0.44	0.46	0.46	0	0	0.44
25300	0.44	0.46	0.46	0	0	0.44
25400	0.44	0.46	0.46	0	0	0.44
25500	0.43	0.45	0.45	0	0	0.43
25600	0.43	0.45	0.45	0	0	0.43
25700	0.43	0.45	0.45	0	0	0.43
25800	0.43	0.45	0.45	0	0	0.43
25900	0.43	0.45	0.45	0	0	0.43
26000	0.43	0.45	0.45	0	0	0.43
26100	0.43	0.45	0.45	0	0	0.43
26200	0.42	0.45	0.45	0	0	0.42
26300	0.42	0.45	0.45	0	0	0.42
26400	0.42	0.45	0.45	0	0	0.42
26500	0.42	0.45	0.45	0	0	0.42
26600	0.42	0.46	0.46	0	0	0.42
26700	0.41	0.47	0.47	0	0	0.41
26800	0.41	0.47	0.47	0	0	0.41
26900	0.41	0.46	0.46	0	0	0.41
27000	0.41	0.46	0.46	0	0	0.41
27100	0.41	0.45	0.45	0	0	0.41
27200	0.41	0.44	0.44	0	0	0.41
27300	0.42	0.44	0.44	0	0	0.42
27400	0.43	0.44	0.44	0	0	0.43
27500	0.43	0.44	0.44	0	0	0.43
27600	0.43	0.44	0.44	0	0	0.43
27700	0.43	0.43	0.43	0	0	0.43
27800	0.42	0.43	0.43	0	0	0.42
27900	0.42	0.43	0.43	0	0	0.42
28000	0.42	0.43	0.43	0	0	0.42
28100	0.42	0.43	0.43	0	0	0.42
28200	0.42	0.43	0.43	0	0	0.42
28300	0.42	0.42	0.42	0	0	0.42
28400	0.42	0.42	0.42	0	0	0.42
28500	0.43	0.42	0.42	0	0	0.43
28600	0.44	0.42	0.42	0	0	0.44
28700	0.44	0.42	0.42	0	0	0.44
28800	0.44	0.42	0.42	0	0	0.44
28900	0.44	0.43	0.43	0	0	0.44
29000	0.44	0.43	0.43	0	0	0.44
29100	0.44	0.43	0.43	0	0	0.44
29200	0.44	0.43	0.43	0	0	0.44
29300	0.42	0.43	0.43	0	0	0.42
29400	0.4	0.43	0.43	0	0	0.4
29500	0.4	0.43	0.43	0	0	0.4
29600	0.4	0.44	0.44	0	0	0.4
29700	0.4	0.44	0.44	0	0	0.4
29800	0.4	0.44	0.44	0	0	0.4
29900	0.4	0.44	0.44	0	0	0.4
30000	0.4	0.44	0.44	0	0	0.4
30100	0.4	0.45	0.45	0	0	0.4
30200	0.4	0.45	0.45	0	0	0.4
30300	0.4	0.45	0.45	0	0	0.4
30400	0.4	0.45	0.45	0	0	0.4
30500	0.4	0.45	0.45	0	0	0.4
30600	0.4	0.45	0.45	0	0	0.4
30700	0.4	0.45	0.45	0	0	0.4
30800	0.4	0.45	0.45	0	0	0.4
30900	0.4	0.45	0.45	0	0	0.4
31000	0.4	0.46	0.46	0	0	0.4
31100	0.4	0.46	0.46	0	0	0.4
31200	0.4	0.46	0.46	0	0	0.4
31300	0.4	0.46	0.46	0	0	0.4
31400	0.4	0.46	0.46	0	0	0.4
31500	0.4	0.47	0.47	0	0	0.4
31600	0.41	0.46	0.46	0	0	0.41
31700	0.4	0.46	0.46	0	0	0.4
31800	0.4	0.46	0.46	0	0	0.4
31900	0.4	0.47	0.47	0	0	0.4
32000	0.4	0.47	0.47	0	0	0.4
32100	0.4	0.48	0.48	0	0	0.4
32200	0.39	0.46	0.46	0	0	0.39
32300	0.39	0.47	0.47	0	0	0.39
32400	0.39	0.46	0.46	0	0	0.39
32500	0.39	0.46	0.46	0	0	0.39
32600	0.39	0.46	0.46	0	0	0.39
32700	0.38	0.46	0.46	0	0	0.38
32800	0.37	0.46	0.46	0	0	0.37
32900	0.37	0.46	0.46	0	0	0.37
33000	0.37	0.46	0.46	0	0	0.37
33100	0.37	0.46	0.46	0	0	0.37
33200	0.37	0.46	0.46	0	0	0.37
33300	0.37	0.46	0.46	0	0	0.37
33400	0.37	0.46	0.46	0	0	0.37
33500	0.37	0.46	0.46	0	0	0.37
33600	0.37	0.46	0.46	0	0	0.37
33700	0.36	0.46	0.46	0	0	0.36
33800	0.36	0.46	0.46	0	0	0.36
33900	0.36	0.46	0.46	0	0	0.36
34000	0.36	0.46	0.46	0	0	0.36
34100	0.36	0.47	0.47	0	0	0.36
34200	0.37	0.47	0.47	0	0	0.37
34300	0.37	0.47	0.47	0	0	0.37
34400	0.37	0.47	0.47	0	0	0.37
34500	0.37	0.47	0.47	0	0	0.37
34600	0.37	0.47	0.47	0	0	0.37
34700	0.37	0.47	0.47	0	0	0.37
34800	0.37	0.46	0.46	0	0	0.37
34900	0.37	0.46	0.46	0	0	0.37
35000	0.37	0.46	0.46	0	0	0.37
35100	0.37	0.46	0.46	0	0	0.37
35200	0.37	0.46	0.46	0	0	0.37
35300	0.37	0.46	0.46	0	0	0.37
35400	0.37	0.46	0.46	0	0	0.37
35500	0.37	0.46	0.46	0	0	0.37
35600	0.37	0.46	0.46	0	0	0.37
35700	0.37	0.46	0.46	0	0	0.37
35800	0.37	0.46	0.46	0	0	0.37
35900	0.37	0.46	0.46	0	0	0.37
36000	0.37	0.46	0.46	0	0	0.37
36100	0.37	0.46	0.46	0	0	0.37
36200	0.37	0.46	0.46	0	0	0.37
36300	0.37	0.46	0.46	0	0	0.37
36400	0.37	0.46	0.46	0	0	0.37
36500	0.37	0.45	0.45	0	0	0.37
36600	0.37	0.45	0.45	0	0	0.37
36700	0.37	0.45	0.45	0	0	0.37
36800	0.38	0.44	0.44	0	0	0.38
36900	0.38	0.44	0.44	0	0	0.38
37000	0.38	0.43	0.43	0	0	0.38
37100	0.38	0.43	0.43	0	0	0.38
37200	0.38	0.43	0.43	0	0	0.38
37300	0.38	0.43	0.43	0	0	0.38
37400	0.38	0.43	0.43	0	0	0.38
37500	0.38	0.43	0.43	0	0	0.38
37600	0.38	0.43	0.43	0	0	0.38
37700	0.38	0.43	0.43	0	0	0.38
37800	0.38	0.43	0.43	0	0	0.38
37900	0.37	0.44	0.44	0	0	0.37
38000	0.37	0.44	0.44	0	0	0.37
38100	0.38	0.44	0.44	0	0	0.38
38200	0.38	0.44	0.44	0	0	0.38
38300	0.38	0.44	0.44	0	0	0.38
38400	0.39	0.44	0.44	0	0	0.39
38500	0.39	0.44	0.44	0	0	0.39
38600	0.39	0.44	0.44	0	0	0.39
38700	0.39	0.45	0.45	0	0	0.39
38800	0.39	0.44	0.44	0	0	0.39
38900	0.4	0.44	0.44	0	0	0.4
39000	0.4	0.44	0.44	0	0	0.4
39100	0.4	0.44	0.44	0	0	0.4
39200	0.4	0.44	0.44	0	0	0.4
39300	0.4	0.44	0.44	0	0	0.4
39400	0.4	0.44	0.44	0	0	0.4
39500	0.41	0.44	0.44	0	0	0.41
39600	0.41	0.44	0.44	0	0	0.41
39700	0.41	0.44	0.44	0	0	0.41
39800	0.42	0.45	0.45	0	0	0.42
39900	0.42	0.45	0.45	0	0	0.42
40000	0.42	0.45	0.45	0	0	0.42
40100	0.43	0.45	0.45	0	0	0.43
40200	0.43	0.45	0.45	0	0	0.43
40300	0.43	0.45	0.45	0	0	0.43
40400	0.43	0.45	0.45	0	0	0.43
40500	0.43	0.45	0.45	0	0	0.43
40600	0.43	0.45	0.45	0	0	0.43
40700	0.43	0.44	0.44	0	0	0.43
40800	0.43	0.44	0.44	0	0	0.43
40900	0.43	0.44	0.44	0	0	0.43
41000	0.43	0.44	0.44	0	0	0.43
41100	0.43	0.44	0.44	0	0	0.43
41200	0.43	0.44	0.44	0	0	0.43
41300	0.43	0.44	0.44	0	0	0.43
41400	0.43	0.44	0.44	0	0	0.43
41500	0.43	0.44	0.44	0	0	0.43
41600	0.43	0.44	0.44	0	0	0.43
41700	0.43	0.44	0.44	0	0	0.43
41800	0.42	0.44	0.44	0	0	0.42
41900	0.42	0.44	0.44	0	0	0.42
42000	0.42	0.44	0.44	0	0	0.42
42100	0.42	0.46	0.46	0	0	0.42
42200	0.42	0.45	0.45	0	0	0.42
42300	0.42	0.45	0.45	0	0	0.42
42400	0.42	0.45	0.45	0	0	0.42
42500	0.42	0.46	0.46	0	0	0.42
42600	0.42	0.47	0.47	0	0	0.42
42700	0.42	0.47	0.47	0	0	0.42
42800	0.42	0.47	0.47	0	0	0.42
42900	0.42	0.47	0.47	0	0	0.42
43000	0.42	0.47	0.47	0	0	0.42
43100	0.42	0.46	0.46	0	0	0.42
43200	0.42	0.46	0.46	0	0	0.42
43300	0.42	0.46	0.46	0	0	0.42
43400	0.42	0.46	0.46	0	0	0.42
43500	0.41	0.46	0.46	0	0	0.41
43600	0.41	0.46	0.46	0	0	0.41
43700	0.41	0.47	0.47	0	0	0.41
43800	0.41	0.47	0.47	0	0	0.41
43900	0.41	0.46	0.46	0	0	0.41
44000	0.41	0.46	0.46	0	0	0.41
44100	0.41	0.47	0.47	0	0	0.41
44200	0.41	0.47	0.47	0	0	0.41
44300	0.41	0.47	0.47	0	0	0.41
44400	0.4	0.47	0.47	0	0	0.4
44500	0.4	0.47	0.47	0	0	0.4
44600	0.4	0.47	0.47	0	0	0.4
44700	0.4	0.47	0.47	0	0	0.4
44800	0.4	0.47	0.47	0	0	0.4
44900	0.4	0.47	0.47	0	0	0.4
45000	0.4	0.47	0.47	0	0	0.4
45100	0.4	0.47	0.47	0	0	0.4
45200	0.41	0.47	0.47	0	0	0.41
45300	0.41	0.48	0.48	0	0	0.41
45400	0.41	0.48	0.48	0	0	0.41
45500	0.42	0.48	0.48	0	0	0.42
45600	0.42	0.48	0.48	0	0	0.42
45700	0.42	0.48	0.48	0	0	0.42
45800	0.42	0.48	0.48	0	0	0.42
45900	0.42	0.48	0.48	0	0	0.42
46000	0.42	0.48	0.48	0	0	0.42
46100	0.42	0.48	0.48	0	0	0.42
46200	0.42	0.48	0.48	0	0	0.42
46300	0.42	0.48	0.48	0	0	0.42
46400	0.42	0.48	0.48	0	0	0.42
46500	0.42	0.48	0.48	0	0	0.42
46600	0.42	0.48	0.48	0	0	0.42
46700	0.42	0.48	0.48	0	0	0.42
46800	0.42	0.48	0.48	0	0	0.42
46900	0.42	0.48	0.48	0	0	0.42
47000	0.42	0.48	0.48	0	0	0.42
47100	0.42	0.48	0.48	0	0	0.42
47200	0.42	0.48	0.48	0	0	0.42
47300	0.42	0.47	0.47	0	0	0.42
47400	0.42	0.47	0.47	0	0	0.42
47500	0.42	0.47	0.47	0	0	0.42
47600	0.42	0.47	0.47	0	0	0.42
47700	0.42	0.47	0.47	0	0	0.42
47800	0.42	0.47	0.47	0	0	0.42
47900	0.42	0.47	0.47	0	0	0.42
48000	0.42	0.47	0.47	0	0	0.42
48100	0.42	0.47	0.47	0	0	0.42
48200	0.43	0.47	0.47	0	0	0.43
48300	0.43	0.47	0.47	0	0	0.43
48400	0.43	0.47	0.47	0	0	0.43
48500	0.43	0.47	0.47	0	0	0.43
48600	0.43	0.47	0.47	0	0	0.43
48700	0.43	0.47	0.47	0	0	0.43
48800	0.43	0.47	0.47	0	0	0.43
48900	0.42	0.47	0.47	0	0	0.42
49000	0.42	0.47	0.47	0	0	0.42
49100	0.42	0.47	0.47	0	0	0.42
49200	0.42	0.47	0.47	0	0	0.42
49300	0.42	0.47	0.47	0	0	0.42
49400	0.42	0.46	0.46	0	0	0.42
49500	0.42	0.47	0.47	0	0	0.42
49600	0.42	0.46	0.46	0	0	0.42
49700	0.42	0.47	0.47	0	0	0.42
49800	0.42	0.47	0.47	0	0	0.42
49900	0.42	0.47	0.47	0	0	0.42
50000	0.42	0.47	0.47	0	0	0.42
50100	0.42	0.47	0.47	0	0	0.42
50200	0.42	0.47	0.47	0	0	0.42
50300	0.43	0.48	0.48	0	0	0.43
50400	0.43	0.47	0.47	0	0	0.43
50500	0.43	0.47	0.47	0	0	0.43
50600	0.43	0.47	0.47	0	0	0.43
50700	0.44	0.47	0.47	0	0	0.44
50800	0.44	0.46	0.46	0	0	0.44
50900	0.44	0.46	0.46	0	0	0.44
51000	0.44	0.46	0.46	0	0	0.44
51100	0.44	0.46	0.46	0	0	0.44
51200	0.45	0.46	0.46	0	0	0.45
51300	0.44	0.46	0.46	0	0	0.44
51400	0.44	0.46	0.46	0	0	0.44
51500	0.44	0.46	0.46	0	0	0.44
51600	0.44	0.46	0.46	0	0	0.44
51700	0.44	0.46	0.46	0	0	0.44
51800	0.43	0.46	0.46	0	0	0.43
51900	0.43	0.46	0.46	0	0	0.43
52000	0.43	0.46	0.46	0	0	0.43
52100	0.43	0.46	0.46	0	0	0.43
52200	0.42	0.46	0.46	0	0	0.42
52300	0.42	0.47	0.47	0	0	0.42
52400	0.41	0.47	0.47	0	0	0.41
52500	0.41	0.47	0.47	0	0	0.41
52600	0.41	0.47	0.47	0	0	0.41
52700	0.41	0.46	0.46	0	0	0.41
52800	0.41	0.46	0.46	0	0	0.41
52900	0.41	0.46	0.46	0	0	0.41
53000	0.41	0.46	0.46	0	0	0.41
53100	0.41	0.46	0.46	0	0	0.41
53200	0.41	0.46	0.46	0	0	0.41
53300	0.42	0.46	0.46	0	0	0.42
53400	0.42	0.46	0.46	0	0	0.42
53500	0.42	0.46	0.46	0	0	0.42
53600	0.42	0.45	0.45	0	0	0.42
53700	0.42	0.45	0.45	0	0	0.42
53800	0.42	0.45	0.45	0	0	0.42
53900	0.42	0.45	0.45	0	0	0.42
54000	0.42	0.45	0.45	0	0	0.42
54100	0.42	0.45	0.45	0	0	0.42
54200	0.42	0.45	0.45	0	0	0.42
54300	0.42	0.45	0.45	0	0	0.42
54400	0.42	0.45	0.45	0	0	0.42
54500	0.42	0.46	0.46	0	0	0.42
54600	0.42	0.46	0.46	0	0	0.42
54700	0.42	0.46	0.46	0	0	0.42
54800	0.42	0.46	0.46	0	0	0.42
54900	0.42	0.46	0.46	0	0	0.42
55000	0.42	0.46	0.46	0	0	0.42
55100	0.43	0.46	0.46	0	0	0.43
55200	0.43	0.45	0.45	0	0	0.43
55300	0.43	0.45	0.45	0	0	0.43
55400	0.43	0.45	0.45	0	0	0.43
55500	0.43	0.45	0.45	0	0	0.43
55600	0.43	0.45	0.45	0	0	0.43
55700	0.43	0.45	0.45	0	0	0.43
55800	0.43	0.46	0.46	0	0	0.43
55900	0.43	0.46	0.46	0	0	0.43
56000	0.43	0.46	0.46	0	0	0.43
56100	0.43	0.46	0.46	0	0	0.43
56200	0.43	0.47	0.47	0	0	0.43
56300	0.43	0.47	0.47	0	0	0.43
56400	0.45	0.47	0.47	0	0	0.45
56500	0.45	0.47	0.47	0	0	0.45
56600	0.45	0.47	0.47	0	0	0.45
56700	0.45	0.47	0.47	0	0	0.45
56800	0.45	0.47	0.47	0	0	0.45
56900	0.45	0.47	0.47	0	0	0.45
57000	0.45	0.46	0.46	0	0	0.45
57100	0.46	0.46	0.46	0	0	0.46
57200	0.46	0.46	0.46	0	0	0.46
57300	0.46	0.46	0.46	0	0	0.46
57400	0.46	0.46	0.46	0	0	0.46
57500	0.46	0.46	0.46	0	0	0.46
57600	0.46	0.46	0.46	0	0	0.46
57700	0.46	0.46	0.46	0	0	0.46
57800	0.46	0.46	0.46	0	0	0.46
57900	0.46	0.46	0.46	0	0	0.46
58000	0.45	0.46	0.46	0	0	0.45
58100	0.45	0.46	0.46	0	0	0.45
58200	0.45	0.45	0.45	0	0	0.45
58300	0.45	0.44	0.44	0	0	0.45
58400	0.45	0.44	0.44	0	0	0.45
58500	0.45	0.43	0.43	0	0	0.45
58600	0.45	0.43	0.43	0	0	0.45
58700	0.45	0.43	0.43	0	0	0.45
58800	0.45	0.43	0.43	0	0	0.45
58900	0.45	0.43	0.43	0	0	0.45
59000	0.45	0.43	0.43	0	0	0.45
59100	0.45	0.43	0.43	0	0	0.45
59200	0.45	0.43	0.43	0	0	0.45
59300	0.45	0.43	0.43	0	0	0.45
59400	0.45	0.43	0.43	0	0	0.45
59500	0.45	0.43	0.43	0	0	0.45
59600	0.45	0.43	0.43	0	0	0.45
59700	0.45	0.43	0.43	0	0	0.45
59800	0.45	0.44	0.44	0	0	0.45
59900	0.45	0.44	0.44	0	0	0.45
60000	0.45	0.45	0.45	0	0	0.45
60100	0.45	0.45	0.45	0	0	0.45
60200	0.44	0.45	0.45	0	0	0.44
60300	0.45	0.45	0.45	0	0	0.45
60400	0.44	0.45	0.45	0	0	0.44
60500	0.44	0.45	0.45	0	0	0.44
60600	0.44	0.45	0.45	0	0	0.44
60700	0.43	0.45	0.45	0	0	0.43
60800	0.43	0.45	0.45	0	0	0.43
60900	0.43	0.46	0.46	0	0	0.43
61000	0.43	0.46	0.46	0	0	0.43
61100	0.43	0.46	0.46	0	0	0.43
61200	0.43	0.46	0.46	0	0	0.43
61300	0.43	0.46	0.46	0	0	0.43
61400	0.43	0.46	0.46	0	0	0.43
61500	0.43	0.46	0.46	0	0	0.43
61600	0.43	0.47	0.47	0	0	0.43
61700	0.43	0.47	0.47	0	0	0.43
61800	0.43	0.48	0.48	0	0	0.43
61900	0.42	0.48	0.48	0	0	0.42
62000	0.43	0.47	0.47	0	0	0.43
62100	0.43	0.48	0.48	0	0	0.43
62200	0.43	0.48	0.48	0	0	0.43
62300	0.42	0.48	0.48	0	0	0.42
62400	0.42	0.48	0.48	0	0	0.42
62500	0.42	0.48	0.48	0	0	0.42
62600	0.42	0.49	0.49	0	0	0.42
62700	0.42	0.49	0.49	0	0	0.42
62800	0.42	0.49	0.49	0	0	0.42
62900	0.42	0.49	0.49	0	0	0.42
63000	0.42	0.49	0.49	0	0	0.42
63100	0.42	0.49	0.49	0	0	0.42
63200	0.42	0.49	0.49	0	0	0.42
63300	0.42	0.49	0.49	0	0	0.42
63400	0.42	0.49	0.49	0	0	0.42
63500	0.42	0.49	0.49	0	0	0.42
63600	0.42	0.49	0.49	0	0	0.42
63700	0.42	0.49	0.49	0	0	0.42
63800	0.42	0.49	0.49	0	0	0.42
63900	0.42	0.49	0.49	0	0	0.42
64000	0.42	0.49	0.49	0	0	0.42
64100	0.42	0.49	0.49	0	0	0.42
64200	0.42	0.49	0.49	0	0	0.42
64300	0.42	0.49	0.49	0	0	0.42
64400	0.43	0.49	0.49	0	0	0.43
64500	0.43	0.49	0.49	0	0	0.43
64600	0.43	0.49	0.49	0	0	0.43
64700	0.43	0.49	0.49	0	0	0.43
64800	0.43	0.49	0.49	0	0	0.43
64900	0.43	0.49	0.49	0	0	0.43
65000	0.44	0.49	0.49	0	0	0.44
65100	0.44	0.49	0.49	0	0	0.44
65200	0.44	0.49	0.49	0	0	0.44
65300	0.44	0.49	0.49	0	0	0.44
65400	0.44	0.49	0.49	0	0	0.44
65500	0.44	0.49	0.49	0	0	0.44
65600	0.44	0.49	0.49	0	0	0.44
65700	0.44	0.49	0.49	0	0	0.44
65800	0.44	0.49	0.49	0	0	0.44
65900	0.44	0.49	0.49	0	0	0.44
66000	0.44	0.49	0.49	0	0	0.44
66100	0.44	0.49	0.49	0	0	0.44
66200	0.45	0.49	0.49	0	0	0.45
66300	0.45	0.49	0.49	0	0	0.45
66400	0.45	0.49	0.49	0	0	0.45
66500	0.45	0.49	0.49	0	0	0.45
66600	0.45	0.49	0.49	0	0	0.45
66700	0.45	0.49	0.49	0	0	0.45
66800	0.45	0.49	0.49	0	0	0.45
66900	0.45	0.49	0.49	0	0	0.45
67000	0.44	0.49	0.49	0	0	0.44
67100	0.44	0.49	0.49	0	0	0.44
67200	0.44	0.49	0.49	0	0	0.44
67300	0.44	0.49	0.49	0	0	0.44
67400	0.44	0.48	0.48	0	0	0.44
67500	0.44	0.48	0.48	0	0	0.44
67600	0.44	0.48	0.48	0	0	0.44
67700	0.44	0.47	0.47	0	0	0.44
67800	0.44	0.47	0.47	0	0	0.44
67900	0.44	0.47	0.47	0	0	0.44
68000	0.44	0.47	0.47	0	0	0.44
68100	0.44	0.47	0.47	0	0	0.44
68200	0.44	0.46	0.46	0	0	0.44
68300	0.44	0.46	0.46	0	0	0.44
68400	0.44	0.46	0.46	0	0	0.44
68500	0.44	0.47	0.47	0	0	0.44
68600	0.44	0.47	0.47	0	0	0.44
68700	0.44	0.47	0.47	0	0	0.44
68800	0.44	0.47	0.47	0	0	0.44
68900	0.44	0.47	0.47	0	0	0.44
69000	0.44	0.46	0.46	0	0	0.44
69100	0.44	0.46	0.46	0	0	0.44
69200	0.44	0.46	0.46	0	0	0.44
69300	0.44	0.46	0.46	0	0	0.44
69400	0.43	0.46	0.46	0	0	0.43
69500	0.44	0.46	0.46	0	0	0.44
69600	0.44	0.46	0.46	0	0	0.44
69700	0.44	0.46	0.46	0	0	0.44
69800	0.44	0.46	0.46	0	0	0.44
69900	0.44	0.46	0.46	0	0	0.44
70000	0.44	0.47	0.47	0	0	0.44
70100	0.44	0.46	0.46	0	0	0.44
70200	0.44	0.46	0.46	0	0	0.44
70300	0.44	0.46	0.46	0	0	0.44
70400	0.44	0.46	0.46	0	0	0.44
70500	0.44	0.46	0.46	0	0	0.44
70600	0.43	0.47	0.47	0	0	0.43
70700	0.42	0.47	0.47	0	0	0.42
70800	0.42	0.47	0.47	0	0	0.42
70900	0.42	0.48	0.48	0	0	0.42
71000	0.42	0.48	0.48	0	0	0.42
71100	0.42	0.48	0.48	0	0	0.42
71200	0.42	0.48	0.48	0	0	0.42
71300	0.42	0.48	0.48	0	0	0.42
71400	0.42	0.48	0.48	0	0	0.42
71500	0.41	0.48	0.48	0	0	0.41
71600	0.42	0.48	0.48	0	0	0.42
71700	0.42	0.48	0.48	0	0	0.42
71800	0.43	0.48	0.48	0	0	0.43
71900	0.43	0.48	0.48	0	0	0.43
72000	0.43	0.48	0.48	0	0	0.43
72100	0.43	0.48	0.48	0	0	0.43
72200	0.43	0.5	0.5	0	0	0.43
72300	0.43	0.5	0.5	0	0	0.43
72400	0.43	0.49	0.49	0	0	0.43
72500	0.43	0.49	0.49	0	0	0.43
72600	0.43	0.49	0.49	0	0	0.43
72700	0.42	0.49	0.49	0	0	0.42
72800	0.42	0.49	0.49	0	0	0.42
72900	0.42	0.49	0.49	0	0	0.42
73000	0.42	0.49	0.49	0	0	0.42
73100	0.42	0.49	0.49	0	0	0.42
73200	0.42	0.49	0.49	0	0	0.42
73300	0.42	0.49	0.49	0	0	0.42
73400	0.42	0.49	0.49	0	0	0.42
73500	0.42	0.49	0.49	0	0	0.42
73600	0.42	0.49	0.49	0	0	0.42
73700	0.42	0.49	0.49	0	0	0.42
73800	0.43	0.49	0.49	0	0	0.43
73900	0.41	0.49	0.49	0	0	0.41
74000	0.41	0.49	0.49	0	0	0.41
74100	0.41	0.49	0.49	0	0	0.41
74200	0.41	0.49	0.49	0	0	0.41
74300	0.41	0.49	0.49	0	0	0.41
74400	0.41	0.49	0.49	0	0	0.41
74500	0.41	0.49	0.49	0	0	0.41
74600	0.41	0.49	0.49	0	0	0.41
74700	0.41	0.49	0.49	0	0	0.41
74800	0.42	0.49	0.49	0	0	0.42
74900	0.42	0.5	0.5	0	0	0.42
75000	0.42	0.49	0.49	0	0	0.42
75100	0.42	0.49	0.49	0	0	0.42
75200	0.42	0.49	0.49	0	0	0.42
75300	0.42	0.49	0.49	0	0	0.42
75400	0.42	0.49	0.49	0	0	0.42
75500	0.42	0.5	0.5	0	0	0.42
75600	0.42	0.51	0.51	0	0	0.42
75700	0.42	0.51	0.51	0	0	0.42
75800	0.42	0.51	0.51	0	0	0.42
75900	0.42	0.51	0.51	0	0	0.42
76000	0.42	0.51	0.51	0	0	0.42
76100	0.42	0.51	0.51	0	0	0.42
76200	0.42	0.5	0.5	0	0	0.42
76300	0.42	0.51	0.51	0	0	0.42
76400	0.42	0.5	0.5	0	0	0.42
76500	0.42	0.5	0.5	0	0	0.42
76600	0.42	0.5	0.5	0	0	0.42
76700	0.42	0.5	0.5	0	0	0.42
76800	0.42	0.5	0.5	0	0	0.42
76900	0.42	0.5	0.5	0	0	0.42
77000	0.42	0.5	0.5	0	0	0.42
77100	0.42	0.5	0.5	0	0	0.42
77200	0.42	0.5	0.5	0	0	0.42
77300	0.42	0.5	0.5	0	0	0.42
77400	0.42	0.5	0.5	0	0	0.42
77500	0.42	0.5	0.5	0	0	0.42
77600	0.42	0.5	0.5	0	0	0.42
77700	0.42	0.5	0.5	0	0	0.42
77800	0.42	0.5	0.5	0	0	0.42
77900	0.42	0.5	0.5	0	0	0.42
78000	0.42	0.5	0.5	0	0	0.42
78100	0.42	0.5	0.5	0	0	0.42
78200	0.42	0.5	0.5	0	0	0.42
78300	0.42	0.49	0.49	0	0	0.42
78400	0.42	0.49	0.49	0	0	0.42
78500	0.42	0.49	0.49	0	0	0.42
78600	0.42	0.49	0.49	0	0	0.42
78700	0.42	0.49	0.49	0	0	0.42
78800	0.42	0.49	0.49	0	0	0.42
78900	0.42	0.49	0.49	0	0	0.42
79000	0.42	0.49	0.49	0	0	0.42
79100	0.42	0.49	0.49	0	0	0.42
79200	0.42	0.49	0.49	0	0	0.42
79300	0.42	0.49	0.49	0	0	0.42
79400	0.42	0.49	0.49	0	0	0.42
79500	0.42	0.49	0.49	0	0	0.42
79600	0.42	0.49	0.49	0	0	0.42
79700	0.42	0.49	0.49	0	0	0.42
79800	0.42	0.49	0.49	0	0	0.42
79900	0.43	0.49	0.49	0	0	0.43
80000	0.43	0.49	0.49	0	0	0.43
80100	0.43	0.49	0.49	0	0	0.43
80200	0.43	0.49	0.49	0	0	0.43
80300	0.43	0.49	0.49	0	0	0.43
80400	0.42	0.49	0.49	0	0	0.42
80500	0.42	0.49	0.49	0	0	0.42
80600	0.42	0.49	0.49	0	0	0.42
80700	0.42	0.49	0.49	0	0	0.42
80800	0.42	0.49	0.49	0	0	0.42
80900	0.41	0.49	0.49	0	0	0.41
81000	0.41	0.49	0.49	0	0	0.41
81100	0.41	0.49	0.49	0	0	0.41
81200	0.42	0.49	0.49	0	0	0.42
81300	0.42	0.49	0.49	0	0	0.42
81400	0.44	0.49	0.49	0	0	0.44
81500	0.44	0.49	0.49	0	0	0.44
81600	0.44	0.49	0.49	0	0	0.44
81700	0.44	0.49	0.49	0	0	0.44
81800	0.44	0.49	0.49	0	0	0.44
81900	0.44	0.48	0.48	0	0	0.44
82000	0.44	0.48	0.48	0	0	0.44
82100	0.44	0.48	0.48	0	0	0.44
82200	0.43	0.47	0.47	0	0	0.43
82300	0.43	0.47	0.47	0	0	0.43
82400	0.43	0.47	0.47	0	0	0.43
82500	0.43	0.47	0.47	0	0	0.43
82600	0.43	0.47	0.47	0	0	0.43
82700	0.43	0.47	0.47	0	0	0.43
82800	0.43	0.47	0.47	0	0	0.43
82900	0.43	0.47	0.47	0	0	0.43
83000	0.43	0.47	0.47	0	0	0.43
83100	0.43	0.47	0.47	0	0	0.43
83200	0.43	0.47	0.47	0	0	0.43
83300	0.43	0.47	0.47	0	0	0.43
83400	0.43	0.47	0.47	0	0	0.43
83500	0.43	0.47	0.47	0	0	0.43
83600	0.43	0.47	0.47	0	0	0.43
83700	0.43	0.47	0.47	0	0	0.43
83800	0.43	0.47	0.47	0	0	0.43
83900	0.43	0.47	0.47	0	0	0.43
84000	0.44	0.47	0.47	0	0	0.44
84100	0.44	0.48	0.48	0	0	0.44
84200	0.44	0.47	0.47	0	0	0.44
84300	0.44	0.47	0.47	0	0	0.44
84400	0.44	0.47	0.47	0	0	0.44
84500	0.44	0.47	0.47	0	0	0.44
84600	0.44	0.48	0.48	0	0	0.44
84700	0.44	0.48	0.48	0	0	0.44
84800	0.44	0.48	0.48	0	0	0.44
84900	0.45	0.48	0.48	0	0	0.45
85000	0.45	0.48	0.48	0	0	0.45
85100	0.45	0.48	0.48	0	0	0.45
85200	0.45	0.48	0.48	0	0	0.45
85300	0.45	0.48	0.48	0	0	0.45
85400	0.45	0.48	0.48	0	0	0.45
85500	0.45	0.49	0.49	0	0	0.45
85600	0.45	0.49	0.49	0	0	0.45
85700	0.45	0.49	0.49	0	0	0.45
85800	0.45	0.49	0.49	0	0	0.45
85900	0.45	0.49	0.49	0	0	0.45
86000	0.45	0.49	0.49	0	0	0.45
86100	0.45	0.49	0.49	0	0	0.45
86200	0.45	0.49	0.49	0	0	0.45
86300	0.45	0.49	0.49	0	0	0.45
86400	0.45	0.49	0.49	0	0	0.45
86500	0.45	0.49	0.49	0	0	0.45
86600	0.45	0.49	0.49	0	0	0.45
86700	0.45	0.49	0.49	0	0	0.45
86800	0.45	0.49	0.49	0	0	0.45
86900	0.45	0.49	0.49	0	0	0.45
87000	0.45	0.49	0.49	0	0	0.45
87100	0.44	0.49	0.49	0	0	0.44
87200	0.44	0.49	0.49	0	0	0.44
87300	0.43	0.49	0.49	0	0	0.43
87400	0.43	0.49	0.49	0	0	0.43
87500	0.43	0.49	0.49	0	0	0.43
87600	0.43	0.49	0.49	0	0	0.43
87700	0.43	0.49	0.49	0	0	0.43
87800	0.43	0.49	0.49	0	0	0.43
87900	0.43	0.49	0.49	0	0	0.43
88000	0.43	0.49	0.49	0	0	0.43
88100	0.43	0.49	0.49	0	0	0.43
88200	0.42	0.49	0.49	0	0	0.42
88300	0.42	0.49	0.49	0	0	0.42
88400	0.42	0.49	0.49	0	0	0.42
88500	0.42	0.49	0.49	0	0	0.42
88600	0.42	0.49	0.49	0	0	0.42
88700	0.42	0.49	0.49	0	0	0.42
88800	0.43	0.49	0.49	0	0	0.43
88900	0.43	0.49	0.49	0	0	0.43
89000	0.43	0.49	0.49	0	0	0.43
89100	0.43	0.49	0.49	0	0	0.43
89200	0.43	0.49	0.49	0	0	0.43
89300	0.43	0.49	0.49	0	0	0.43
89400	0.43	0.49	0.49	0	0	0.43
89500	0.43	0.49	0.49	0	0	0.43
89600	0.43	0.49	0.49	0	0	0.43
89700	0.43	0.49	0.49	0	0	0.43
89800	0.43	0.49	0.49	0	0	0.43
89900	0.43	0.49	0.49	0	0	0.43
90000	0.44	0.49	0.49	0	0	0.44
90100	0.44	0.49	0.49	0	0	0.44
90200	0.44	0.49	0.49	0	0	0.44
90300	0.44	0.49	0.49	0	0	0.44
90400	0.44	0.49	0.49	0	0	0.44
90500	0.44	0.49	0.49	0	0	0.44
90600	0.44	0.49	0.49	0	0	0.44
90700	0.44	0.49	0.49	0	0	0.44
90800	0.44	0.48	0.48	0	0	0.44
90900	0.44	0.48	0.48	0	0	0.44
91000	0.44	0.48	0.48	0	0	0.44
91100	0.44	0.48	0.48	0	0	0.44
91200	0.44	0.47	0.47	0	0	0.44
91300	0.44	0.47	0.47	0	0	0.44
91400	0.45	0.47	0.47	0	0	0.45
91500	0.45	0.47	0.47	0	0	0.45
91600	0.44	0.47	0.47	0	0	0.44
91700	0.44	0.47	0.47	0	0	0.44
91800	0.44	0.47	0.47	0	0	0.44
91900	0.44	0.47	0.47	0	0	0.44
92000	0.44	0.47	0.47	0	0	0.44
92100	0.44	0.47	0.47	0	0	0.44
92200	0.44	0.47	0.47	0	0	0.44
92300	0.44	0.46	0.46	0	0	0.44
92400	0.44	0.46	0.46	0	0	0.44
92500	0.44	0.46	0.46	0	0	0.44
92600	0.45	0.46	0.46	0	0	0.45
92700	0.45	0.46	0.46	0	0	0.45
92800	0.45	0.46	0.46	0	0	0.45
92900	0.45	0.46	0.46	0	0	0.45
93000	0.45	0.46	0.46	0	0	0.45
93100	0.45	0.47	0.47	0	0	0.45
93200	0.45	0.46	0.46	0	0	0.45
93300	0.45	0.46	0.46	0	0	0.45
93400	0.45	0.46	0.46	0	0	0.45
93500	0.45	0.46	0.46	0	0	0.45
93600	0.45	0.46	0.46	0	0	0.45
93700	0.45	0.46	0.46	0	0	0.45
93800	0.45	0.46	0.46	0	0	0.45
93900	0.45	0.46	0.46	0	0	0.45
94000	0.45	0.46	0.46	0	0	0.45
94100	0.46	0.46	0.46	0	0	0.46
94200	0.46	0.46	0.46	0	0	0.46
94300	0.46	0.45	0.45	0	0	0.46
94400	0.46	0.45	0.45	0	0	0.46
94500	0.46	0.44	0.44	0	0	0.46
94600	0.47	0.44	0.44	0	0	0.47
94700	0.47	0.44	0.44	0	0	0.47
94800	0.48	0.44	0.44	0	0	0.48
94900	0.48	0.44	0.44	0	0	0.48
95000	0.48	0.44	0.44	0	0	0.48
95100	0.48	0.44	0.44	0	0	0.48
95200	0.48	0.44	0.44	0	0	0.48
95300	0.49	0.44	0.44	0	0	0.49
95400	0.49	0.44	0.44	0	0	0.49
95500	0.49	0.44	0.44	0	0	0.49
95600	0.49	0.44	0.44	0	0	0.49
95700	0.49	0.44	0.44	0	0	0.49
95800	0.49	0.44	0.44	0	0	0.49
95900	0.49	0.44	0.44	0	0	0.49
96000	0.49	0.44	0.44	0	0	0.49
96100	0.49	0.44	0.44	0	0	0.49
96200	0.49	0.44	0.44	0	0	0.49
96300	0.49	0.44	0.44	0	0	0.49
96400	0.49	0.44	0.44	0	0	0.49
96500	0.49	0.44	0.44	0	0	0.49
96600	0.5	0.44	0.44	0	0	0.5
96700	0.5	0.44	0.44	0	0	0.5
96800	0.49	0.44	0.44	0	0	0.49
96900	0.5	0.44	0.44	0	0	0.5
97000	0.49	0.44	0.44	0	0	0.49
97100	0.49	0.44	0.44	0	0	0.49
97200	0.49	0.44	0.44	0	0	0.49
97300	0.49	0.44	0.44	0	0	0.49
97400	0.49	0.44	0.44	0	0	0.49
97500	0.49	0.44	0.44	0	0	0.49
97600	0.49	0.44	0.44	0	0	0.49
97700	0.49	0.44	0.44	0	0	0.49
97800	0.49	0.44	0.44	0	0	0.49
97900	0.49	0.44	0.44	0	0	0.49
98000	0.49	0.45	0.45	0	0	0.49
98100	0.48	0.45	0.45	0	0	0.48
98200	0.48	0.45	0.45	0	0	0.48
98300	0.48	0.44	0.44	0	0	0.48
98400	0.48	0.44	0.44	0	0	0.48
98500	0.48	0.44	0.44	0	0	0.48
98600	0.48	0.44	0.44	0	0	0.48
98700	0.48	0.44	0.44	0	0	0.48
98800	0.48	0.44	0.44	0	0	0.48
98900	0.48	0.44	0.44	0	0	0.48
99000	0.48	0.44	0.44	0	0	0.48
99100	0.48	0.44	0.44	0	0	0.48
99200	0.48	0.44	0.44	0	0	0.48
99300	0.48	0.45	0.45	0	0	0.48
99400	0.48	0.45	0.45	0	0	0.48
99500	0.48	0.45	0.45	0	0	0.48
99600	0.48	0.45	0.45	0	0	0.48
99700	0.47	0.45	0.45	0	0	0.47
99800	0.47	0.45	0.45	0	0	0.47
99900	0.47	0.45	0.45	0	0	0.47
100000	0.47	0.45	0.45	0	0	0.47
