100	0.08	0.08	0.08	0	0	0.08
200	0.09	0.12	0.12	0	0	0.09
300	0.11	0.12	0.12	0	0	0.11
400	0.13	0.16	0.16	0	0	0.13
500	0.13	0.18	0.18	0	0	0.13
600	0.13	0.18	0.18	0	0	0.13
700	0.15	0.2	0.2	0	0	0.15
800	0.15	0.19	0.19	0	0	0.15
900	0.16	0.2	0.2	0	0	0.16
1000	0.16	0.2	0.2	0	0	0.16
1100	0.16	0.22	0.22	0	0	0.16
1200	0.16	0.24	0.24	0	0	0.16
1300	0.17	0.23	0.23	0	0	0.17
1400	0.2	0.25	0.25	0	0	0.2
1500	0.21	0.27	0.27	0	0	0.21
1600	0.23	0.27	0.27	0	0	0.23
1700	0.23	0.27	0.27	0	0	0.23
1800	0.24	0.27	0.27	0	0	0.24
1900	0.24	0.27	0.27	0	0	0.24
2000	0.24	0.27	0.27	0	0	0.24
2100	0.26	0.27	0.27	0	0	0.26
2200	0.26	0.27	0.27	0	0	0.26
2300	0.26	0.28	0.28	0	0	0.26
2400	0.25	0.29	0.29	0	0	0.25
2500	0.25	0.29	0.29	0	0	0.25
2600	0.25	0.32	0.32	0	0	0.25
2700	0.26	0.33	0.33	0	0	0.26
2800	0.26	0.33	0.33	0	0	0.26
2900	0.27	0.34	0.34	0	0	0.27
3000	0.27	0.34	0.34	0	0	0.27
3100	0.27	0.34	0.34	0	0	0.27
3200	0.27	0.34	0.34	0	0	0.27
3300	0.29	0.34	0.34	0	0	0.29
3400	0.29	0.33	0.33	0	0	0.29
3500	0.3	0.33	0.33	0	0	0.3
3600	0.3	0.34	0.34	0	0	0.3
3700	0.3	0.34	0.34	0	0	0.3
3800	0.31	0.33	0.33	0	0	0.31
3900	0.3	0.33	0.33	0	0	0.3
4000	0.3	0.33	0.33	0	0	0.3
4100	0.3	0.33	0.33	0	0	0.3
4200	0.3	0.33	0.33	0	0	0.3
4300	0.31	0.32	0.32	0	0	0.31
4400	0.32	0.32	0.32	0	0	0.32
4500	0.31	0.32	0.32	0	0	0.31
4600	0.31	0.34	0.34	0	0	0.31
4700	0.31	0.34	0.34	0	0	0.31
4800	0.32	0.34	0.34	0	0	0.32
4900	0.32	0.35	0.35	0	0	0.32
5000	0.32	0.34	0.34	0	0	0.32
5100	0.32	0.35	0.35	0	0	0.32
5200	0.33	0.35	0.35	0	0	0.33
5300	0.33	0.35	0.35	0	0	0.33
5400	0.32	0.37	0.37	0	0	0.32
5500	0.32	0.39	0.39	0	0	0.32
5600	0.32	0.39	0.39	0	0	0.32
5700	0.32	0.39	0.39	0	0	0.32
5800	0.32	0.39	0.39	0	0	0.32
5900	0.31	0.39	0.39	0	0	0.31
6000	0.31	0.39	0.39	0	0	0.31
6100	0.32	0.39	0.39	0	0	0.32
6200	0.31	0.4	0.4	0	0	0.31
6300	0.32	0.4	0.4	0	0	0.32
6400	0.32	0.39	0.39	0	0	0.32
6500	0.32	0.39	0.39	0	0	0.32
6600	0.33	0.39	0.39	0	0	0.33
6700	0.33	0.4	0.4	0	0	0.33
6800	0.33	0.41	0.41	0	0	0.33
6900	0.34	0.43	0.43	0	0	0.34
7000	0.34	0.43	0.43	0	0	0.34
7100	0.34	0.43	0.43	0	0	0.34
7200	0.34	0.42	0.42	0	0	0.34
7300	0.34	0.42	0.42	0	0	0.34
7400	0.33	0.42	0.42	0	0	0.33
7500	0.33	0.42	0.42	0	0	0.33
7600	0.33	0.42	0.42	0	0	0.33
7700	0.33	0.41	0.41	0	0	0.33
7800	0.32	0.41	0.41	0	0	0.32
7900	0.32	0.41	0.41	0	0	0.32
8000	0.32	0.41	0.41	0	0	0.32
8100	0.32	0.41	0.41	0	0	0.32
8200	0.33	0.41	0.41	0	0	0.33
8300	0.34	0.42	0.42	0	0	0.34
8400	0.34	0.42	0.42	0	0	0.34
8500	0.34	0.43	0.43	0	0	0.34
8600	0.34	0.44	0.44	0	0	0.34
8700	0.34	0.45	0.45	0	0	0.34
8800	0.34	0.45	0.45	0	0	0.34
8900	0.34	0.45	0.45	0	0	0.34
9000	0.34	0.45	0.45	0	0	0.34
9100	0.34	0.44	0.44	0	0	0.34
9200	0.33	0.44	0.44	0	0	0.33
9300	0.33	0.44	0.44	0	0	0.33
9400	0.33	0.44	0.44	0	0	0.33
9500	0.33	0.45	0.45	0	0	0.33
9600	0.33	0.45	0.45	0	0	0.33
9700	0.33	0.45	0.45	0	0	0.33
9800	0.33	0.46	0.46	0	0	0.33
9900	0.33	0.46	0.46	0	0	0.33
10000	0.33	0.46	0.46	0	0	0.33
10100	0.33	0.46	0.46	0	0	0.33
10200	0.33	0.46	0.46	0	0	0.33
10300	0.33	0.47	0.47	0	0	0.33
10400	0.33	0.47	0.47	0	0	0.33
10500	0.33	0.47	0.47	0	0	0.33
10600	0.34	0.47	0.47	0	0	0.34
10700	0.33	0.47	0.47	0	0	0.33
10800	0.33	0.47	0.47	0	0	0.33
10900	0.33	0.46	0.46	0	0	0.33
11000	0.33	0.47	0.47	0	0	0.33
11100	0.34	0.47	0.47	0	0	0.34
11200	0.34	0.48	0.48	0	0	0.34
11300	0.34	0.48	0.48	0	0	0.34
11400	0.34	0.48	0.48	0	0	0.34
11500	0.34	0.48	0.48	0	0	0.34
11600	0.33	0.48	0.48	0	0	0.33
11700	0.33	0.48	0.48	0	0	0.33
11800	0.33	0.47	0.47	0	0	0.33
11900	0.33	0.47	0.47	0	0	0.33
12000	0.34	0.47	0.47	0	0	0.34
12100	0.34	0.47	0.47	0	0	0.34
12200	0.34	0.47	0.47	0	0	0.34
12300	0.35	0.47	0.47	0	0	0.35
12400	0.34	0.47	0.47	0	0	0.34
12500	0.34	0.47	0.47	0	0	0.34
12600	0.34	0.47	0.47	0	0	0.34
12700	0.34	0.48	0.48	0	0	0.34
12800	0.34	0.48	0.48	0	0	0.34
12900	0.34	0.48	0.48	0	0	0.34
13000	0.34	0.49	0.49	0	0	0.34
13100	0.35	0.49	0.49	0	0	0.35
13200	0.35	0.49	0.49	0	0	0.35
13300	0.35	0.49	0.49	0	0	0.35
13400	0.35	0.49	0.49	0	0	0.35
13500	0.36	0.48	0.48	0	0	0.36
13600	0.36	0.47	0.47	0	0	0.36
13700	0.36	0.48	0.48	0	0	0.36
13800	0.36	0.48	0.48	0	0	0.36
13900	0.36	0.48	0.48	0	0	0.36
14000	0.36	0.49	0.49	0	0	0.36
14100	0.36	0.48	0.48	0	0	0.36
14200	0.36	0.47	0.47	0	0	0.36
14300	0.36	0.47	0.47	0	0	0.36
14400	0.36	0.47	0.47	0	0	0.36
14500	0.36	0.47	0.47	0	0	0.36
14600	0.36	0.47	0.47	0	0	0.36
14700	0.36	0.47	0.47	0	0	0.36
14800	0.36	0.47	0.47	0	0	0.36
14900	0.36	0.47	0.47	0	0	0.36
15000	0.36	0.47	0.47	0	0	0.36
15100	0.36	0.47	0.47	0	0	0.36
15200	0.36	0.47	0.47	0	0	0.36
15300	0.36	0.46	0.46	0	0	0.36
15400	0.36	0.47	0.47	0	0	0.36
15500	0.36	0.47	0.47	0	0	0.36
15600	0.36	0.48	0.48	0	0	0.36
15700	0.36	0.48	0.48	0	0	0.36
15800	0.36	0.48	0.48	0	0	0.36
15900	0.36	0.48	0.48	0	0	0.36
16000	0.36	0.48	0.48	0	0	0.36
16100	0.36	0.48	0.48	0	0	0.36
16200	0.36	0.48	0.48	0	0	0.36
16300	0.36	0.49	0.49	0	0	0.36
16400	0.36	0.49	0.49	0	0	0.36
16500	0.36	0.49	0.49	0	0	0.36
16600	0.36	0.5	0.5	0	0	0.36
16700	0.36	0.5	0.5	0	0	0.36
16800	0.36	0.5	0.5	0	0	0.36
16900	0.36	0.5	0.5	0	0	0.36
17000	0.36	0.5	0.5	0	0	0.36
17100	0.36	0.5	0.5	0	0	0.36
17200	0.37	0.5	0.5	0	0	0.37
17300	0.37	0.5	0.5	0	0	0.37
17400	0.37	0.49	0.49	0	0	0.37
17500	0.37	0.49	0.49	0	0	0.37
17600	0.37	0.48	0.48	0	0	0.37
17700	0.37	0.48	0.48	0	0	0.37
17800	0.38	0.48	0.48	0	0	0.38
17900	0.38	0.49	0.49	0	0	0.38
18000	0.38	0.48	0.48	0	0	0.38
18100	0.38	0.48	0.48	0	0	0.38
18200	0.38	0.47	0.47	0	0	0.38
18300	0.38	0.47	0.47	0	0	0.38
18400	0.38	0.47	0.47	0	0	0.38
18500	0.38	0.47	0.47	0	0	0.38
18600	0.39	0.47	0.47	0	0	0.39
18700	0.39	0.47	0.47	0	0	0.39
18800	0.39	0.47	0.47	0	0	0.39
18900	0.39	0.47	0.47	0	0	0.39
19000	0.39	0.46	0.46	0	0	0.39
19100	0.39	0.46	0.46	0	0	0.39
19200	0.39	0.46	0.46	0	0	0.39
19300	0.4	0.43	0.43	0	0	0.4
19400	0.4	0.43	0.43	0	0	0.4
19500	0.4	0.43	0.43	0	0	0.4
19600	0.4	0.43	0.43	0	0	0.4
19700	0.4	0.43	0.43	0	0	0.4
19800	0.4	0.43	0.43	0	0	0.4
19900	0.4	0.43	0.43	0	0	0.4
20000	0.4	0.43	0.43	0	0	0.4
20100	0.4	0.44	0.44	0	0	0.4
20200	0.4	0.44	0.44	0	0	0.4
20300	0.4	0.45	0.45	0	0	0.4
20400	0.4	0.45	0.45	0	0	0.4
20500	0.41	0.46	0.46	0	0	0.41
20600	0.42	0.46	0.46	0	0	0.42
20700	0.41	0.46	0.46	0	0	0.41
20800	0.41	0.46	0.46	0	0	0.41
20900	0.41	0.46	0.46	0	0	0.41
21000	0.41	0.46	0.46	0	0	0.41
21100	0.41	0.45	0.45	0	0	0.41
21200	0.4	0.45	0.45	0	0	0.4
21300	0.4	0.44	0.44	0	0	0.4
21400	0.39	0.44	0.44	0	0	0.39
21500	0.39	0.44	0.44	0	0	0.39
21600	0.38	0.44	0.44	0	0	0.38
21700	0.38	0.44	0.44	0	0	0.38
21800	0.38	0.44	0.44	0	0	0.38
21900	0.38	0.42	0.42	0	0	0.38
22000	0.38	0.42	0.42	0	0	0.38
22100	0.38	0.42	0.42	0	0	0.38
22200	0.38	0.42	0.42	0	0	0.38
22300	0.38	0.43	0.43	0	0	0.38
22400	0.39	0.43	0.43	0	0	0.39
22500	0.39	0.43	0.43	0	0	0.39
22600	0.4	0.43	0.43	0	0	0.4
22700	0.39	0.43	0.43	0	0	0.39
22800	0.39	0.43	0.43	0	0	0.39
22900	0.39	0.43	0.43	0	0	0.39
23000	0.39	0.43	0.43	0	0	0.39
23100	0.39	0.43	0.43	0	0	0.39
23200	0.39	0.43	0.43	0	0	0.39
23300	0.39	0.43	0.43	0	0	0.39
23400	0.4	0.43	0.43	0	0	0.4
23500	0.4	0.43	0.43	0	0	0.4
23600	0.4	0.42	0.42	0	0	0.4
23700	0.41	0.43	0.43	0	0	0.41
23800	0.41	0.43	0.43	0	0	0.41
23900	0.41	0.43	0.43	0	0	0.41
24000	0.41	0.43	0.43	0	0	0.41
24100	0.41	0.43	0.43	0	0	0.41
24200	0.41	0.43	0.43	0	0	0.41
24300	0.41	0.43	0.43	0	0	0.41
24400	0.4	0.43	0.43	0	0	0.4
24500	0.4	0.43	0.43	0	0	0.4
24600	0.41	0.43	0.43	0	0	0.41
24700	0.4	0.43	0.43	0	0	0.4
24800	0.41	0.42	0.42	0	0	0.41
24900	0.42	0.42	0.42	0	0	0.42
25000	0.42	0.42	0.42	0	0	0.42
25100	0.42	0.42	0.42	0	0	0.42
25200	0.42	0.42	0.42	0	0	0.42
25300	0.42	0.42	0.42	0	0	0.42
25400	0.42	0.42	0.42	0	0	0.42
25500	0.42	0.43	0.43	0	0	0.42
25600	0.42	0.43	0.43	0	0	0.42
25700	0.42	0.43	0.43	0	0	0.42
25800	0.42	0.43	0.43	0	0	0.42
25900	0.42	0.43	0.43	0	0	0.42
26000	0.42	0.43	0.43	0	0	0.42
26100	0.42	0.43	0.43	0	0	0.42
26200	0.42	0.44	0.44	0	0	0.42
26300	0.42	0.44	0.44	0	0	0.42
26400	0.42	0.44	0.44	0	0	0.42
26500	0.42	0.44	0.44	0	0	0.42
26600	0.43	0.44	0.44	0	0	0.43
26700	0.42	0.44	0.44	0	0	0.42
26800	0.42	0.44	0.44	0	0	0.42
26900	0.42	0.44	0.44	0	0	0.42
27000	0.43	0.44	0.44	0	0	0.43
27100	0.43	0.43	0.43	0	0	0.43
27200	0.42	0.44	0.44	0	0	0.42
27300	0.43	0.43	0.43	0	0	0.43
27400	0.44	0.43	0.43	0	0	0.44
27500	0.44	0.43	0.43	0	0	0.44
27600	0.44	0.43	0.43	0	0	0.44
27700	0.45	0.43	0.43	0	0	0.45
27800	0.44	0.43	0.43	0	0	0.44
27900	0.44	0.43	0.43	0	0	0.44
28000	0.45	0.43	0.43	0	0	0.45
28100	0.44	0.43	0.43	0	0	0.44
28200	0.43	0.43	0.43	0	0	0.43
28300	0.43	0.44	0.44	0	0	0.43
28400	0.43	0.44	0.44	0	0	0.43
28500	0.43	0.44	0.44	0	0	0.43
28600	0.43	0.44	0.44	0	0	0.43
28700	0.43	0.44	0.44	0	0	0.43
28800	0.43	0.43	0.43	0	0	0.43
28900	0.43	0.44	0.44	0	0	0.43
29000	0.43	0.44	0.44	0	0	0.43
29100	0.43	0.44	0.44	0	0	0.43
29200	0.43	0.44	0.44	0	0	0.43
29300	0.42	0.44	0.44	0	0	0.42
29400	0.41	0.44	0.44	0	0	0.41
29500	0.41	0.44	0.44	0	0	0.41
29600	0.4	0.45	0.45	0	0	0.4
29700	0.39	0.45	0.45	0	0	0.39
29800	0.39	0.45	0.45	0	0	0.39
29900	0.39	0.44	0.44	0	0	0.39
30000	0.39	0.44	0.44	0	0	0.39
30100	0.38	0.44	0.44	0	0	0.38
30200	0.38	0.44	0.44	0	0	0.38
30300	0.38	0.44	0.44	0	0	0.38
30400	0.38	0.44	0.44	0	0	0.38
30500	0.37	0.44	0.44	0	0	0.37
30600	0.38	0.43	0.43	0	0	0.38
30700	0.38	0.42	0.42	0	0	0.38
30800	0.39	0.42	0.42	0	0	0.39
30900	0.39	0.42	0.42	0	0	0.39
31000	0.39	0.42	0.42	0	0	0.39
31100	0.39	0.42	0.42	0	0	0.39
31200	0.39	0.43	0.43	0	0	0.39
31300	0.39	0.42	0.42	0	0	0.39
31400	0.39	0.42	0.42	0	0	0.39
31500	0.39	0.42	0.42	0	0	0.39
31600	0.39	0.42	0.42	0	0	0.39
31700	0.39	0.42	0.42	0	0	0.39
31800	0.39	0.42	0.42	0	0	0.39
31900	0.39	0.42	0.42	0	0	0.39
32000	0.39	0.42	0.42	0	0	0.39
32100	0.39	0.42	0.42	0	0	0.39
32200	0.39	0.42	0.42	0	0	0.39
32300	0.39	0.44	0.44	0	0	0.39
32400	0.4	0.46	0.46	0	0	0.4
32500	0.4	0.46	0.46	0	0	0.4
32600	0.4	0.46	0.46	0	0	0.4
32700	0.4	0.46	0.46	0	0	0.4
32800	0.4	0.46	0.46	0	0	0.4
32900	0.4	0.46	0.46	0	0	0.4
33000	0.4	0.47	0.47	0	0	0.4
33100	0.4	0.46	0.46	0	0	0.4
33200	0.4	0.46	0.46	0	0	0.4
33300	0.41	0.46	0.46	0	0	0.41
33400	0.41	0.46	0.46	0	0	0.41
33500	0.41	0.46	0.46	0	0	0.41
33600	0.41	0.46	0.46	0	0	0.41
33700	0.41	0.46	0.46	0	0	0.41
33800	0.41	0.46	0.46	0	0	0.41
33900	0.41	0.45	0.45	0	0	0.41
34000	0.41	0.45	0.45	0	0	0.41
34100	0.41	0.45	0.45	0	0	0.41
34200	0.41	0.45	0.45	0	0	0.41
34300	0.41	0.45	0.45	0	0	0.41
34400	0.41	0.45	0.45	0	0	0.41
34500	0.41	0.45	0.45	0	0	0.41
34600	0.41	0.45	0.45	0	0	0.41
34700	0.41	0.45	0.45	0	0	0.41
34800	0.41	0.45	0.45	0	0	0.41
34900	0.41	0.45	0.45	0	0	0.41
35000	0.41	0.45	0.45	0	0	0.41
35100	0.41	0.45	0.45	0	0	0.41
35200	0.41	0.46	0.46	0	0	0.41
35300	0.41	0.46	0.46	0	0	0.41
35400	0.41	0.46	0.46	0	0	0.41
35500	0.41	0.46	0.46	0	0	0.41
35600	0.41	0.46	0.46	0	0	0.41
35700	0.41	0.46	0.46	0	0	0.41
35800	0.41	0.45	0.45	0	0	0.41
35900	0.41	0.45	0.45	0	0	0.41
36000	0.41	0.45	0.45	0	0	0.41
36100	0.41	0.45	0.45	0	0	0.41
36200	0.41	0.45	0.45	0	0	0.41
36300	0.41	0.46	0.46	0	0	0.41
36400	0.41	0.46	0.46	0	0	0.41
36500	0.41	0.46	0.46	0	0	0.41
36600	0.41	0.46	0.46	0	0	0.41
36700	0.41	0.46	0.46	0	0	0.41
36800	0.41	0.46	0.46	0	0	0.41
36900	0.41	0.46	0.46	0	0	0.41
37000	0.41	0.46	0.46	0	0	0.41
37100	0.41	0.46	0.46	0	0	0.41
37200	0.41	0.47	0.47	0	0	0.41
37300	0.41	0.46	0.46	0	0	0.41
37400	0.41	0.47	0.47	0	0	0.41
37500	0.41	0.47	0.47	0	0	0.41
37600	0.41	0.47	0.47	0	0	0.41
37700	0.41	0.47	0.47	0	0	0.41
37800	0.41	0.47	0.47	0	0	0.41
37900	0.41	0.47	0.47	0	0	0.41
38000	0.41	0.48	0.48	0	0	0.41
38100	0.41	0.49	0.49	0	0	0.41
38200	0.41	0.48	0.48	0	0	0.41
38300	0.4	0.46	0.46	0	0	0.4
38400	0.4	0.48	0.48	0	0	0.4
38500	0.4	0.48	0.48	0	0	0.4
38600	0.4	0.48	0.48	0	0	0.4
38700	0.4	0.47	0.47	0	0	0.4
38800	0.4	0.46	0.46	0	0	0.4
38900	0.4	0.46	0.46	0	0	0.4
39000	0.4	0.46	0.46	0	0	0.4
39100	0.4	0.46	0.46	0	0	0.4
39200	0.4	0.46	0.46	0	0	0.4
39300	0.4	0.45	0.45	0	0	0.4
39400	0.4	0.45	0.45	0	0	0.4
39500	0.4	0.45	0.45	0	0	0.4
39600	0.4	0.45	0.45	0	0	0.4
39700	0.4	0.45	0.45	0	0	0.4
39800	0.4	0.45	0.45	0	0	0.4
39900	0.4	0.45	0.45	0	0	0.4
40000	0.4	0.45	0.45	0	0	0.4
40100	0.4	0.45	0.45	0	0	0.4
40200	0.4	0.45	0.45	0	0	0.4
40300	0.4	0.45	0.45	0	0	0.4
40400	0.4	0.45	0.45	0	0	0.4
40500	0.4	0.45	0.45	0	0	0.4
40600	0.4	0.45	0.45	0	0	0.4
40700	0.4	0.45	0.45	0	0	0.4
40800	0.4	0.46	0.46	0	0	0.4
40900	0.4	0.46	0.46	0	0	0.4
41000	0.4	0.46	0.46	0	0	0.4
41100	0.4	0.46	0.46	0	0	0.4
41200	0.4	0.47	0.47	0	0	0.4
41300	0.4	0.47	0.47	0	0	0.4
41400	0.4	0.48	0.48	0	0	0.4
41500	0.4	0.48	0.48	0	0	0.4
41600	0.4	0.49	0.49	0	0	0.4
41700	0.4	0.49	0.49	0	0	0.4
41800	0.4	0.49	0.49	0	0	0.4
41900	0.4	0.48	0.48	0	0	0.4
42000	0.4	0.48	0.48	0	0	0.4
42100	0.41	0.48	0.48	0	0	0.41
42200	0.41	0.48	0.48	0	0	0.41
42300	0.41	0.48	0.48	0	0	0.41
42400	0.41	0.47	0.47	0	0	0.41
42500	0.41	0.48	0.48	0	0	0.41
42600	0.42	0.48	0.48	0	0	0.42
42700	0.42	0.48	0.48	0	0	0.42
42800	0.42	0.48	0.48	0	0	0.42
42900	0.42	0.48	0.48	0	0	0.42
43000	0.42	0.48	0.48	0	0	0.42
43100	0.42	0.48	0.48	0	0	0.42
43200	0.42	0.48	0.48	0	0	0.42
43300	0.42	0.48	0.48	0	0	0.42
43400	0.42	0.48	0.48	0	0	0.42
43500	0.42	0.48	0.48	0	0	0.42
43600	0.42	0.48	0.48	0	0	0.42
43700	0.42	0.48	0.48	0	0	0.42
43800	0.42	0.48	0.48	0	0	0.42
43900	0.41	0.48	0.48	0	0	0.41
44000	0.41	0.48	0.48	0	0	0.41
44100	0.43	0.48	0.48	0	0	0.43
44200	0.43	0.48	0.48	0	0	0.43
44300	0.43	0.48	0.48	0	0	0.43
44400	0.43	0.48	0.48	0	0	0.43
44500	0.43	0.49	0.49	0	0	0.43
44600	0.43	0.49	0.49	0	0	0.43
44700	0.43	0.49	0.49	0	0	0.43
44800	0.43	0.49	0.49	0	0	0.43
44900	0.43	0.49	0.49	0	0	0.43
45000	0.43	0.49	0.49	0	0	0.43
45100	0.43	0.48	0.48	0	0	0.43
45200	0.43	0.48	0.48	0	0	0.43
45300	0.43	0.48	0.48	0	0	0.43
45400	0.42	0.48	0.48	0	0	0.42
45500	0.42	0.48	0.48	0	0	0.42
45600	0.42	0.48	0.48	0	0	0.42
45700	0.41	0.49	0.49	0	0	0.41
45800	0.41	0.49	0.49	0	0	0.41
45900	0.41	0.5	0.5	0	0	0.41
46000	0.4	0.5	0.5	0	0	0.4
46100	0.4	0.5	0.5	0	0	0.4
46200	0.4	0.5	0.5	0	0	0.4
46300	0.4	0.5	0.5	0	0	0.4
46400	0.4	0.5	0.5	0	0	0.4
46500	0.4	0.5	0.5	0	0	0.4
46600	0.4	0.5	0.5	0	0	0.4
46700	0.4	0.51	0.51	0	0	0.4
46800	0.4	0.51	0.51	0	0	0.4
46900	0.4	0.51	0.51	0	0	0.4
47000	0.4	0.51	0.51	0	0	0.4
47100	0.4	0.51	0.51	0	0	0.4
47200	0.39	0.51	0.51	0	0	0.39
47300	0.39	0.51	0.51	0	0	0.39
47400	0.39	0.51	0.51	0	0	0.39
47500	0.39	0.51	0.51	0	0	0.39
47600	0.4	0.52	0.52	0	0	0.4
47700	0.41	0.52	0.52	0	0	0.41
47800	0.41	0.52	0.52	0	0	0.41
47900	0.41	0.52	0.52	0	0	0.41
48000	0.41	0.52	0.52	0	0	0.41
48100	0.41	0.52	0.52	0	0	0.41
48200	0.41	0.52	0.52	0	0	0.41
48300	0.41	0.52	0.52	0	0	0.41
48400	0.41	0.52	0.52	0	0	0.41
48500	0.41	0.53	0.53	0	0	0.41
48600	0.41	0.53	0.53	0	0	0.41
48700	0.41	0.53	0.53	0	0	0.41
48800	0.41	0.53	0.53	0	0	0.41
48900	0.41	0.53	0.53	0	0	0.41
49000	0.41	0.53	0.53	0	0	0.41
49100	0.41	0.53	0.53	0	0	0.41
49200	0.41	0.53	0.53	0	0	0.41
49300	0.41	0.52	0.52	0	0	0.41
49400	0.42	0.52	0.52	0	0	0.42
49500	0.42	0.52	0.52	0	0	0.42
49600	0.42	0.52	0.52	0	0	0.42
49700	0.42	0.52	0.52	0	0	0.42
49800	0.42	0.52	0.52	0	0	0.42
49900	0.42	0.52	0.52	0	0	0.42
50000	0.42	0.52	0.52	0	0	0.42
50100	0.42	0.51	0.51	0	0	0.42
50200	0.42	0.5	0.5	0	0	0.42
50300	0.42	0.5	0.5	0	0	0.42
50400	0.42	0.5	0.5	0	0	0.42
50500	0.42	0.5	0.5	0	0	0.42
50600	0.42	0.49	0.49	0	0	0.42
50700	0.42	0.5	0.5	0	0	0.42
50800	0.42	0.5	0.5	0	0	0.42
50900	0.41	0.5	0.5	0	0	0.41
51000	0.41	0.5	0.5	0	0	0.41
51100	0.41	0.5	0.5	0	0	0.41
51200	0.41	0.5	0.5	0	0	0.41
51300	0.41	0.5	0.5	0	0	0.41
51400	0.41	0.5	0.5	0	0	0.41
51500	0.41	0.5	0.5	0	0	0.41
51600	0.41	0.5	0.5	0	0	0.41
51700	0.41	0.5	0.5	0	0	0.41
51800	0.41	0.5	0.5	0	0	0.41
51900	0.41	0.52	0.52	0	0	0.41
52000	0.41	0.52	0.52	0	0	0.41
52100	0.41	0.52	0.52	0	0	0.41
52200	0.41	0.52	0.52	0	0	0.41
52300	0.41	0.52	0.52	0	0	0.41
52400	0.41	0.52	0.52	0	0	0.41
52500	0.41	0.52	0.52	0	0	0.41
52600	0.41	0.53	0.53	0	0	0.41
52700	0.41	0.52	0.52	0	0	0.41
52800	0.41	0.52	0.52	0	0	0.41
52900	0.41	0.52	0.52	0	0	0.41
53000	0.41	0.52	0.52	0	0	0.41
53100	0.41	0.52	0.52	0	0	0.41
53200	0.41	0.52	0.52	0	0	0.41
53300	0.41	0.52	0.52	0	0	0.41
53400	0.41	0.52	0.52	0	0	0.41
53500	0.41	0.52	0.52	0	0	0.41
53600	0.41	0.52	0.52	0	0	0.41
53700	0.42	0.52	0.52	0	0	0.42
53800	0.42	0.52	0.52	0	0	0.42
53900	0.42	0.52	0.52	0	0	0.42
54000	0.42	0.52	0.52	0	0	0.42
54100	0.42	0.52	0.52	0	0	0.42
54200	0.43	0.52	0.52	0	0	0.43
54300	0.43	0.52	0.52	0	0	0.43
54400	0.43	0.53	0.53	0	0	0.43
54500	0.43	0.53	0.53	0	0	0.43
54600	0.43	0.53	0.53	0	0	0.43
54700	0.43	0.53	0.53	0	0	0.43
54800	0.43	0.53	0.53	0	0	0.43
54900	0.43	0.53	0.53	0	0	0.43
55000	0.43	0.53	0.53	0	0	0.43
55100	0.43	0.53	0.53	0	0	0.43
55200	0.43	0.53	0.53	0	0	0.43
55300	0.43	0.53	0.53	0	0	0.43
55400	0.43	0.53	0.53	0	0	0.43
55500	0.43	0.53	0.53	0	0	0.43
55600	0.43	0.53	0.53	0	0	0.43
55700	0.43	0.53	0.53	0	0	0.43
55800	0.43	0.53	0.53	0	0	0.43
55900	0.43	0.53	0.53	0	0	0.43
56000	0.43	0.53	0.53	0	0	0.43
56100	0.43	0.53	0.53	0	0	0.43
56200	0.43	0.53	0.53	0	0	0.43
56300	0.43	0.53	0.53	0	0	0.43
56400	0.43	0.53	0.53	0	0	0.43
56500	0.43	0.53	0.53	0	0	0.43
56600	0.43	0.53	0.53	0	0	0.43
56700	0.43	0.53	0.53	0	0	0.43
56800	0.43	0.53	0.53	0	0	0.43
56900	0.43	0.53	0.53	0	0	0.43
57000	0.43	0.53	0.53	0	0	0.43
57100	0.43	0.53	0.53	0	0	0.43
57200	0.43	0.53	0.53	0	0	0.43
57300	0.43	0.52	0.52	0	0	0.43
57400	0.43	0.52	0.52	0	0	0.43
57500	0.42	0.52	0.52	0	0	0.42
57600	0.42	0.52	0.52	0	0	0.42
57700	0.42	0.52	0.52	0	0	0.42
57800	0.42	0.52	0.52	0	0	0.42
57900	0.42	0.52	0.52	0	0	0.42
58000	0.42	0.52	0.52	0	0	0.42
58100	0.42	0.52	0.52	0	0	0.42
58200	0.42	0.52	0.52	0	0	0.42
58300	0.42	0.52	0.52	0	0	0.42
58400	0.42	0.51	0.51	0	0	0.42
58500	0.42	0.51	0.51	0	0	0.42
58600	0.42	0.51	0.51	0	0	0.42
58700	0.42	0.51	0.51	0	0	0.42
58800	0.42	0.51	0.51	0	0	0.42
58900	0.42	0.51	0.51	0	0	0.42
59000	0.42	0.51	0.51	0	0	0.42
59100	0.42	0.51	0.51	0	0	0.42
59200	0.42	0.51	0.51	0	0	0.42
59300	0.42	0.51	0.51	0	0	0.42
59400	0.42	0.5	0.5	0	0	0.42
59500	0.42	0.51	0.51	0	0	0.42
59600	0.42	0.51	0.51	0	0	0.42
59700	0.42	0.51	0.51	0	0	0.42
59800	0.42	0.51	0.51	0	0	0.42
59900	0.42	0.51	0.51	0	0	0.42
60000	0.42	0.51	0.51	0	0	0.42
60100	0.42	0.51	0.51	0	0	0.42
60200	0.42	0.51	0.51	0	0	0.42
60300	0.42	0.51	0.51	0	0	0.42
60400	0.42	0.51	0.51	0	0	0.42
60500	0.42	0.51	0.51	0	0	0.42
60600	0.42	0.51	0.51	0	0	0.42
60700	0.43	0.51	0.51	0	0	0.43
60800	0.43	0.51	0.51	0	0	0.43
60900	0.43	0.51	0.51	0	0	0.43
61000	0.43	0.51	0.51	0	0	0.43
61100	0.43	0.51	0.51	0	0	0.43
61200	0.43	0.51	0.51	0	0	0.43
61300	0.43	0.51	0.51	0	0	0.43
61400	0.42	0.51	0.51	0	0	0.42
61500	0.41	0.51	0.51	0	0	0.41
61600	0.41	0.51	0.51	0	0	0.41
61700	0.41	0.51	0.51	0	0	0.41
61800	0.41	0.51	0.51	0	0	0.41
61900	0.41	0.51	0.51	0	0	0.41
62000	0.41	0.51	0.51	0	0	0.41
62100	0.41	0.51	0.51	0	0	0.41
62200	0.41	0.51	0.51	0	0	0.41
62300	0.41	0.51	0.51	0	0	0.41
62400	0.41	0.51	0.51	0	0	0.41
62500	0.41	0.51	0.51	0	0	0.41
62600	0.41	0.51	0.51	0	0	0.41
62700	0.41	0.51	0.51	0	0	0.41
62800	0.41	0.51	0.51	0	0	0.41
62900	0.41	0.51	0.51	0	0	0.41
63000	0.41	0.51	0.51	0	0	0.41
63100	0.42	0.51	0.51	0	0	0.42
63200	0.42	0.51	0.51	0	0	0.42
63300	0.42	0.52	0.52	0	0	0.42
63400	0.42	0.52	0.52	0	0	0.42
63500	0.42	0.52	0.52	0	0	0.42
63600	0.42	0.52	0.52	0	0	0.42
63700	0.42	0.52	0.52	0	0	0.42
63800	0.42	0.52	0.52	0	0	0.42
63900	0.42	0.52	0.52	0	0	0.42
64000	0.42	0.52	0.52	0	0	0.42
64100	0.42	0.52	0.52	0	0	0.42
64200	0.42	0.52	0.52	0	0	0.42
64300	0.42	0.52	0.52	0	0	0.42
64400	0.42	0.52	0.52	0	0	0.42
64500	0.42	0.52	0.52	0	0	0.42
64600	0.42	0.52	0.52	0	0	0.42
64700	0.42	0.52	0.52	0	0	0.42
64800	0.42	0.52	0.52	0	0	0.42
64900	0.42	0.52	0.52	0	0	0.42
65000	0.42	0.52	0.52	0	0	0.42
65100	0.42	0.52	0.52	0	0	0.42
65200	0.42	0.52	0.52	0	0	0.42
65300	0.42	0.52	0.52	0	0	0.42
65400	0.42	0.52	0.52	0	0	0.42
65500	0.42	0.52	0.52	0	0	0.42
65600	0.42	0.52	0.52	0	0	0.42
65700	0.42	0.52	0.52	0	0	0.42
65800	0.42	0.52	0.52	0	0	0.42
65900	0.42	0.52	0.52	0	0	0.42
66000	0.42	0.52	0.52	0	0	0.42
66100	0.42	0.52	0.52	0	0	0.42
66200	0.42	0.52	0.52	0	0	0.42
66300	0.42	0.52	0.52	0	0	0.42
66400	0.42	0.52	0.52	0	0	0.42
66500	0.42	0.52	0.52	0	0	0.42
66600	0.42	0.52	0.52	0	0	0.42
66700	0.42	0.52	0.52	0	0	0.42
66800	0.42	0.52	0.52	0	0	0.42
66900	0.42	0.52	0.52	0	0	0.42
67000	0.41	0.51	0.51	0	0	0.41
67100	0.41	0.51	0.51	0	0	0.41
67200	0.41	0.51	0.51	0	0	0.41
67300	0.41	0.51	0.51	0	0	0.41
67400	0.41	0.51	0.51	0	0	0.41
67500	0.41	0.51	0.51	0	0	0.41
67600	0.4	0.51	0.51	0	0	0.4
67700	0.4	0.51	0.51	0	0	0.4
67800	0.4	0.51	0.51	0	0	0.4
67900	0.4	0.51	0.51	0	0	0.4
68000	0.4	0.5	0.5	0	0	0.4
68100	0.4	0.5	0.5	0	0	0.4
68200	0.4	0.5	0.5	0	0	0.4
68300	0.4	0.5	0.5	0	0	0.4
68400	0.4	0.51	0.51	0	0	0.4
68500	0.4	0.51	0.51	0	0	0.4
68600	0.4	0.51	0.51	0	0	0.4
68700	0.4	0.51	0.51	0	0	0.4
68800	0.4	0.51	0.51	0	0	0.4
68900	0.4	0.51	0.51	0	0	0.4
69000	0.4	0.51	0.51	0	0	0.4
69100	0.4	0.51	0.51	0	0	0.4
69200	0.4	0.51	0.51	0	0	0.4
69300	0.4	0.51	0.51	0	0	0.4
69400	0.4	0.51	0.51	0	0	0.4
69500	0.4	0.51	0.51	0	0	0.4
69600	0.4	0.51	0.51	0	0	0.4
69700	0.4	0.51	0.51	0	0	0.4
69800	0.4	0.52	0.52	0	0	0.4
69900	0.4	0.52	0.52	0	0	0.4
70000	0.4	0.52	0.52	0	0	0.4
70100	0.4	0.52	0.52	0	0	0.4
70200	0.4	0.52	0.52	0	0	0.4
70300	0.4	0.52	0.52	0	0	0.4
70400	0.41	0.52	0.52	0	0	0.41
70500	0.41	0.52	0.52	0	0	0.41
70600	0.4	0.52	0.52	0	0	0.4
70700	0.4	0.52	0.52	0	0	0.4
70800	0.4	0.52	0.52	0	0	0.4
70900	0.4	0.52	0.52	0	0	0.4
71000	0.4	0.52	0.52	0	0	0.4
71100	0.4	0.52	0.52	0	0	0.4
71200	0.4	0.52	0.52	0	0	0.4
71300	0.4	0.53	0.53	0	0	0.4
71400	0.4	0.53	0.53	0	0	0.4
71500	0.4	0.53	0.53	0	0	0.4
71600	0.39	0.52	0.52	0	0	0.39
71700	0.39	0.52	0.52	0	0	0.39
71800	0.39	0.52	0.52	0	0	0.39
71900	0.39	0.52	0.52	0	0	0.39
72000	0.39	0.52	0.52	0	0	0.39
72100	0.39	0.52	0.52	0	0	0.39
72200	0.39	0.53	0.53	0	0	0.39
72300	0.39	0.53	0.53	0	0	0.39
72400	0.39	0.53	0.53	0	0	0.39
72500	0.39	0.54	0.54	0	0	0.39
72600	0.39	0.54	0.54	0	0	0.39
72700	0.39	0.54	0.54	0	0	0.39
72800	0.39	0.54	0.54	0	0	0.39
72900	0.4	0.54	0.54	0	0	0.4
73000	0.4	0.54	0.54	0	0	0.4
73100	0.4	0.54	0.54	0	0	0.4
73200	0.4	0.54	0.54	0	0	0.4
73300	0.4	0.54	0.54	0	0	0.4
73400	0.4	0.54	0.54	0	0	0.4
73500	0.4	0.53	0.53	0	0	0.4
73600	0.4	0.53	0.53	0	0	0.4
73700	0.4	0.52	0.52	0	0	0.4
73800	0.4	0.52	0.52	0	0	0.4
73900	0.4	0.52	0.52	0	0	0.4
74000	0.4	0.52	0.52	0	0	0.4
74100	0.4	0.53	0.53	0	0	0.4
74200	0.4	0.53	0.53	0	0	0.4
74300	0.4	0.54	0.54	0	0	0.4
74400	0.4	0.54	0.54	0	0	0.4
74500	0.4	0.54	0.54	0	0	0.4
74600	0.41	0.54	0.54	0	0	0.41
74700	0.41	0.54	0.54	0	0	0.41
74800	0.41	0.54	0.54	0	0	0.41
74900	0.41	0.54	0.54	0	0	0.41
75000	0.41	0.54	0.54	0	0	0.41
75100	0.41	0.54	0.54	0	0	0.41
75200	0.41	0.54	0.54	0	0	0.41
75300	0.41	0.54	0.54	0	0	0.41
75400	0.41	0.53	0.53	0	0	0.41
75500	0.41	0.52	0.52	0	0	0.41
75600	0.41	0.52	0.52	0	0	0.41
75700	0.41	0.52	0.52	0	0	0.41
75800	0.41	0.53	0.53	0	0	0.41
75900	0.41	0.53	0.53	0	0	0.41
76000	0.41	0.53	0.53	0	0	0.41
76100	0.41	0.53	0.53	0	0	0.41
76200	0.41	0.52	0.52	0	0	0.41
76300	0.41	0.52	0.52	0	0	0.41
76400	0.41	0.52	0.52	0	0	0.41
76500	0.41	0.52	0.52	0	0	0.41
76600	0.41	0.52	0.52	0	0	0.41
76700	0.41	0.52	0.52	0	0	0.41
76800	0.41	0.52	0.52	0	0	0.41
76900	0.41	0.52	0.52	0	0	0.41
77000	0.41	0.52	0.52	0	0	0.41
77100	0.41	0.52	0.52	0	0	0.41
77200	0.41	0.52	0.52	0	0	0.41
77300	0.41	0.52	0.52	0	0	0.41
77400	0.41	0.52	0.52	0	0	0.41
77500	0.41	0.52	0.52	0	0	0.41
77600	0.41	0.52	0.52	0	0	0.41
77700	0.41	0.52	0.52	0	0	0.41
77800	0.41	0.52	0.52	0	0	0.41
77900	0.41	0.52	0.52	0	0	0.41
78000	0.41	0.52	0.52	0	0	0.41
78100	0.41	0.52	0.52	0	0	0.41
78200	0.41	0.52	0.52	0	0	0.41
78300	0.41	0.52	0.52	0	0	0.41
78400	0.41	0.52	0.52	0	0	0.41
78500	0.41	0.52	0.52	0	0	0.41
78600	0.41	0.52	0.52	0	0	0.41
78700	0.42	0.52	0.52	0	0	0.42
78800	0.42	0.52	0.52	0	0	0.42
78900	0.43	0.52	0.52	0	0	0.43
79000	0.43	0.52	0.52	0	0	0.43
79100	0.43	0.52	0.52	0	0	0.43
79200	0.43	0.52	0.52	0	0	0.43
79300	0.43	0.52	0.52	0	0	0.43
79400	0.44	0.53	0.53	0	0	0.44
79500	0.44	0.53	0.53	0	0	0.44
79600	0.44	0.53	0.53	0	0	0.44
79700	0.44	0.53	0.53	0	0	0.44
79800	0.44	0.53	0.53	0	0	0.44
79900	0.44	0.53	0.53	0	0	0.44
80000	0.44	0.53	0.53	0	0	0.44
80100	0.44	0.53	0.53	0	0	0.44
80200	0.44	0.53	0.53	0	0	0.44
80300	0.44	0.53	0.53	0	0	0.44
80400	0.44	0.53	0.53	0	0	0.44
80500	0.44	0.53	0.53	0	0	0.44
80600	0.44	0.53	0.53	0	0	0.44
80700	0.44	0.53	0.53	0	0	0.44
80800	0.44	0.53	0.53	0	0	0.44
80900	0.44	0.53	0.53	0	0	0.44
81000	0.44	0.53	0.53	0	0	0.44
81100	0.44	0.53	0.53	0	0	0.44
81200	0.44	0.53	0.53	0	0	0.44
81300	0.44	0.53	0.53	0	0	0.44
81400	0.44	0.53	0.53	0	0	0.44
81500	0.44	0.53	0.53	0	0	0.44
81600	0.44	0.53	0.53	0	0	0.44
81700	0.44	0.53	0.53	0	0	0.44
81800	0.44	0.53	0.53	0	0	0.44
81900	0.44	0.53	0.53	0	0	0.44
82000	0.44	0.53	0.53	0	0	0.44
82100	0.44	0.52	0.52	0	0	0.44
82200	0.44	0.52	0.52	0	0	0.44
82300	0.43	0.52	0.52	0	0	0.43
82400	0.43	0.52	0.52	0	0	0.43
82500	0.43	0.52	0.52	0	0	0.43
82600	0.43	0.52	0.52	0	0	0.43
82700	0.43	0.52	0.52	0	0	0.43
82800	0.43	0.52	0.52	0	0	0.43
82900	0.43	0.52	0.52	0	0	0.43
83000	0.43	0.52	0.52	0	0	0.43
83100	0.43	0.52	0.52	0	0	0.43
83200	0.43	0.52	0.52	0	0	0.43
83300	0.43	0.52	0.52	0	0	0.43
83400	0.43	0.52	0.52	0	0	0.43
83500	0.43	0.52	0.52	0	0	0.43
83600	0.43	0.52	0.52	0	0	0.43
83700	0.43	0.53	0.53	0	0	0.43
83800	0.44	0.53	0.53	0	0	0.44
83900	0.44	0.53	0.53	0	0	0.44
84000	0.44	0.53	0.53	0	0	0.44
84100	0.44	0.53	0.53	0	0	0.44
84200	0.44	0.53	0.53	0	0	0.44
84300	0.44	0.53	0.53	0	0	0.44
84400	0.44	0.53	0.53	0	0	0.44
84500	0.44	0.53	0.53	0	0	0.44
84600	0.44	0.53	0.53	0	0	0.44
84700	0.44	0.53	0.53	0	0	0.44
84800	0.44	0.53	0.53	0	0	0.44
84900	0.44	0.53	0.53	0	0	0.44
85000	0.44	0.53	0.53	0	0	0.44
85100	0.44	0.53	0.53	0	0	0.44
85200	0.44	0.53	0.53	0	0	0.44
85300	0.44	0.53	0.53	0	0	0.44
85400	0.44	0.53	0.53	0	0	0.44
85500	0.44	0.53	0.53	0	0	0.44
85600	0.44	0.53	0.53	0	0	0.44
85700	0.44	0.53	0.53	0	0	0.44
85800	0.44	0.53	0.53	0	0	0.44
85900	0.44	0.53	0.53	0	0	0.44
86000	0.44	0.53	0.53	0	0	0.44
86100	0.44	0.53	0.53	0	0	0.44
86200	0.43	0.53	0.53	0	0	0.43
86300	0.43	0.53	0.53	0	0	0.43
86400	0.43	0.53	0.53	0	0	0.43
86500	0.43	0.53	0.53	0	0	0.43
86600	0.43	0.53	0.53	0	0	0.43
86700	0.43	0.54	0.54	0	0	0.43
86800	0.43	0.54	0.54	0	0	0.43
86900	0.43	0.54	0.54	0	0	0.43
87000	0.43	0.54	0.54	0	0	0.43
87100	0.43	0.55	0.55	0	0	0.43
87200	0.43	0.55	0.55	0	0	0.43
87300	0.43	0.55	0.55	0	0	0.43
87400	0.43	0.54	0.54	0	0	0.43
87500	0.44	0.54	0.54	0	0	0.44
87600	0.44	0.54	0.54	0	0	0.44
87700	0.44	0.54	0.54	0	0	0.44
87800	0.44	0.54	0.54	0	0	0.44
87900	0.44	0.54	0.54	0	0	0.44
88000	0.44	0.53	0.53	0	0	0.44
88100	0.44	0.53	0.53	0	0	0.44
88200	0.44	0.53	0.53	0	0	0.44
88300	0.44	0.53	0.53	0	0	0.44
88400	0.44	0.53	0.53	0	0	0.44
88500	0.44	0.54	0.54	0	0	0.44
88600	0.44	0.54	0.54	0	0	0.44
88700	0.44	0.54	0.54	0	0	0.44
88800	0.44	0.54	0.54	0	0	0.44
88900	0.43	0.54	0.54	0	0	0.43
89000	0.43	0.54	0.54	0	0	0.43
89100	0.43	0.54	0.54	0	0	0.43
89200	0.43	0.53	0.53	0	0	0.43
89300	0.42	0.53	0.53	0	0	0.42
89400	0.42	0.53	0.53	0	0	0.42
89500	0.42	0.53	0.53	0	0	0.42
89600	0.42	0.53	0.53	0	0	0.42
89700	0.42	0.53	0.53	0	0	0.42
89800	0.42	0.53	0.53	0	0	0.42
89900	0.42	0.53	0.53	0	0	0.42
90000	0.42	0.53	0.53	0	0	0.42
90100	0.42	0.53	0.53	0	0	0.42
90200	0.42	0.53	0.53	0	0	0.42
90300	0.42	0.52	0.52	0	0	0.42
90400	0.42	0.51	0.51	0	0	0.42
90500	0.42	0.5	0.5	0	0	0.42
90600	0.42	0.5	0.5	0	0	0.42
90700	0.41	0.5	0.5	0	0	0.41
90800	0.41	0.5	0.5	0	0	0.41
90900	0.41	0.5	0.5	0	0	0.41
91000	0.41	0.5	0.5	0	0	0.41
91100	0.41	0.51	0.51	0	0	0.41
91200	0.41	0.51	0.51	0	0	0.41
91300	0.41	0.51	0.51	0	0	0.41
91400	0.41	0.51	0.51	0	0	0.41
91500	0.4	0.51	0.51	0	0	0.4
91600	0.4	0.51	0.51	0	0	0.4
91700	0.4	0.5	0.5	0	0	0.4
91800	0.4	0.5	0.5	0	0	0.4
91900	0.4	0.5	0.5	0	0	0.4
92000	0.4	0.5	0.5	0	0	0.4
92100	0.4	0.5	0.5	0	0	0.4
92200	0.4	0.5	0.5	0	0	0.4
92300	0.4	0.5	0.5	0	0	0.4
92400	0.4	0.5	0.5	0	0	0.4
92500	0.4	0.5	0.5	0	0	0.4
92600	0.4	0.51	0.51	0	0	0.4
92700	0.41	0.51	0.51	0	0	0.41
92800	0.41	0.51	0.51	0	0	0.41
92900	0.42	0.51	0.51	0	0	0.42
93000	0.42	0.52	0.52	0	0	0.42
93100	0.42	0.51	0.51	0	0	0.42
93200	0.42	0.51	0.51	0	0	0.42
93300	0.42	0.51	0.51	0	0	0.42
93400	0.42	0.51	0.51	0	0	0.42
93500	0.42	0.51	0.51	0	0	0.42
93600	0.42	0.51	0.51	0	0	0.42
93700	0.41	0.51	0.51	0	0	0.41
93800	0.41	0.51	0.51	0	0	0.41
93900	0.41	0.51	0.51	0	0	0.41
94000	0.41	0.5	0.5	0	0	0.41
94100	0.41	0.5	0.5	0	0	0.41
94200	0.41	0.51	0.51	0	0	0.41
94300	0.41	0.51	0.51	0	0	0.41
94400	0.41	0.5	0.5	0	0	0.41
94500	0.41	0.5	0.5	0	0	0.41
94600	0.42	0.5	0.5	0	0	0.42
94700	0.42	0.5	0.5	0	0	0.42
94800	0.42	0.5	0.5	0	0	0.42
94900	0.42	0.5	0.5	0	0	0.42
95000	0.42	0.51	0.51	0	0	0.42
95100	0.42	0.51	0.51	0	0	0.42
95200	0.42	0.51	0.51	0	0	0.42
95300	0.42	0.51	0.51	0	0	0.42
95400	0.42	0.52	0.52	0	0	0.42
95500	0.42	0.52	0.52	0	0	0.42
95600	0.42	0.52	0.52	0	0	0.42
95700	0.42	0.52	0.52	0	0	0.42
95800	0.43	0.52	0.52	0	0	0.43
95900	0.43	0.52	0.52	0	0	0.43
96000	0.43	0.52	0.52	0	0	0.43
96100	0.43	0.52	0.52	0	0	0.43
96200	0.43	0.52	0.52	0	0	0.43
96300	0.43	0.52	0.52	0	0	0.43
96400	0.42	0.51	0.51	0	0	0.42
96500	0.42	0.51	0.51	0	0	0.42
96600	0.42	0.51	0.51	0	0	0.42
96700	0.42	0.51	0.51	0	0	0.42
96800	0.42	0.51	0.51	0	0	0.42
96900	0.42	0.51	0.51	0	0	0.42
97000	0.42	0.51	0.51	0	0	0.42
97100	0.42	0.51	0.51	0	0	0.42
97200	0.42	0.51	0.51	0	0	0.42
97300	0.41	0.51	0.51	0	0	0.41
97400	0.41	0.51	0.51	0	0	0.41
97500	0.41	0.51	0.51	0	0	0.41
97600	0.41	0.51	0.51	0	0	0.41
97700	0.41	0.51	0.51	0	0	0.41
97800	0.41	0.5	0.5	0	0	0.41
97900	0.42	0.5	0.5	0	0	0.42
98000	0.41	0.5	0.5	0	0	0.41
98100	0.41	0.5	0.5	0	0	0.41
98200	0.41	0.5	0.5	0	0	0.41
98300	0.42	0.5	0.5	0	0	0.42
98400	0.41	0.5	0.5	0	0	0.41
98500	0.41	0.5	0.5	0	0	0.41
98600	0.41	0.51	0.51	0	0	0.41
98700	0.4	0.5	0.5	0	0	0.4
98800	0.41	0.5	0.5	0	0	0.41
98900	0.4	0.5	0.5	0	0	0.4
99000	0.4	0.5	0.5	0	0	0.4
99100	0.4	0.5	0.5	0	0	0.4
99200	0.4	0.5	0.5	0	0	0.4
99300	0.4	0.51	0.51	0	0	0.4
99400	0.4	0.51	0.51	0	0	0.4
99500	0.4	0.51	0.51	0	0	0.4
99600	0.4	0.51	0.51	0	0	0.4
99700	0.4	0.51	0.51	0	0	0.4
99800	0.4	0.51	0.51	0	0	0.4
99900	0.4	0.51	0.51	0	0	0.4
100000	0.4	0.51	0.51	0	0	0.4
