100	0.07	0.09	0.09	0	0	0.07
200	0.09	0.08	0.08	0	0	0.09
300	0.1	0.09	0.09	0	0	0.1
400	0.11	0.11	0.11	0	0	0.11
500	0.12	0.11	0.11	0	0	0.12
600	0.13	0.12	0.12	0	0	0.13
700	0.15	0.13	0.13	0	0	0.15
800	0.18	0.15	0.15	0	0	0.18
900	0.19	0.17	0.17	0	0	0.19
1000	0.19	0.17	0.17	0	0	0.19
1100	0.19	0.16	0.16	0	0	0.19
1200	0.19	0.16	0.16	0	0	0.19
1300	0.19	0.16	0.16	0	0	0.19
1400	0.19	0.17	0.17	0	0	0.19
1500	0.19	0.2	0.2	0	0	0.19
1600	0.18	0.2	0.2	0	0	0.18
1700	0.18	0.22	0.22	0	0	0.18
1800	0.19	0.22	0.22	0	0	0.19
1900	0.22	0.21	0.21	0	0	0.22
2000	0.22	0.24	0.24	0	0	0.22
2100	0.22	0.24	0.24	0	0	0.22
2200	0.23	0.24	0.24	0	0	0.23
2300	0.23	0.24	0.24	0	0	0.23
2400	0.24	0.24	0.24	0	0	0.24
2500	0.25	0.23	0.23	0	0	0.25
2600	0.26	0.25	0.25	0	0	0.26
2700	0.27	0.27	0.27	0	0	0.27
2800	0.26	0.28	0.28	0	0	0.26
2900	0.25	0.28	0.28	0	0	0.25
3000	0.25	0.28	0.28	0	0	0.25
3100	0.25	0.27	0.27	0	0	0.25
3200	0.26	0.27	0.27	0	0	0.26
3300	0.25	0.27	0.27	0	0	0.25
3400	0.25	0.26	0.26	0	0	0.25
3500	0.24	0.27	0.27	0	0	0.24
3600	0.25	0.26	0.26	0	0	0.25
3700	0.26	0.28	0.28	0	0	0.26
3800	0.26	0.29	0.29	0	0	0.26
3900	0.27	0.29	0.29	0	0	0.27
4000	0.26	0.31	0.31	0	0	0.26
4100	0.26	0.32	0.32	0	0	0.26
4200	0.27	0.32	0.32	0	0	0.27
4300	0.27	0.32	0.32	0	0	0.27
4400	0.27	0.31	0.31	0	0	0.27
4500	0.28	0.31	0.31	0	0	0.28
4600	0.28	0.31	0.31	0	0	0.28
4700	0.28	0.32	0.32	0	0	0.28
4800	0.28	0.33	0.33	0	0	0.28
4900	0.3	0.32	0.32	0	0	0.3
5000	0.3	0.32	0.32	0	0	0.3
5100	0.3	0.34	0.34	0	0	0.3
5200	0.31	0.33	0.33	0	0	0.31
5300	0.31	0.33	0.33	0	0	0.31
5400	0.31	0.34	0.34	0	0	0.31
5500	0.31	0.34	0.34	0	0	0.31
5600	0.31	0.34	0.34	0	0	0.31
5700	0.31	0.35	0.35	0	0	0.31
5800	0.31	0.35	0.35	0	0	0.31
5900	0.31	0.35	0.35	0	0	0.31
6000	0.31	0.36	0.36	0	0	0.31
6100	0.32	0.36	0.36	0	0	0.32
6200	0.32	0.36	0.36	0	0	0.32
6300	0.32	0.38	0.38	0	0	0.32
6400	0.31	0.37	0.37	0	0	0.31
6500	0.31	0.37	0.37	0	0	0.31
6600	0.32	0.35	0.35	0	0	0.32
6700	0.32	0.37	0.37	0	0	0.32
6800	0.32	0.36	0.36	0	0	0.32
6900	0.32	0.36	0.36	0	0	0.32
7000	0.32	0.35	0.35	0	0	0.32
7100	0.32	0.36	0.36	0	0	0.32
7200	0.32	0.36	0.36	0	0	0.32
7300	0.32	0.39	0.39	0	0	0.32
7400	0.32	0.39	0.39	0	0	0.32
7500	0.32	0.4	0.4	0	0	0.32
7600	0.33	0.39	0.39	0	0	0.33
7700	0.33	0.39	0.39	0	0	0.33
7800	0.33	0.39	0.39	0	0	0.33
7900	0.32	0.38	0.38	0	0	0.32
8000	0.32	0.38	0.38	0	0	0.32
8100	0.33	0.38	0.38	0	0	0.33
8200	0.34	0.38	0.38	0	0	0.34
8300	0.33	0.38	0.38	0	0	0.33
8400	0.34	0.38	0.38	0	0	0.34
8500	0.34	0.39	0.39	0	0	0.34
8600	0.35	0.39	0.39	0	0	0.35
8700	0.35	0.39	0.39	0	0	0.35
8800	0.35	0.39	0.39	0	0	0.35
8900	0.36	0.38	0.38	0	0	0.36
9000	0.36	0.39	0.39	0	0	0.36
9100	0.36	0.39	0.39	0	0	0.36
9200	0.36	0.39	0.39	0	0	0.36
9300	0.36	0.39	0.39	0	0	0.36
9400	0.36	0.39	0.39	0	0	0.36
9500	0.36	0.39	0.39	0	0	0.36
9600	0.36	0.4	0.4	0	0	0.36
9700	0.36	0.4	0.4	0	0	0.36
9800	0.36	0.4	0.4	0	0	0.36
9900	0.36	0.41	0.41	0	0	0.36
10000	0.36	0.41	0.41	0	0	0.36
10100	0.36	0.4	0.4	0	0	0.36
10200	0.36	0.4	0.4	0	0	0.36
10300	0.37	0.39	0.39	0	0	0.37
10400	0.36	0.38	0.38	0	0	0.36
10500	0.36	0.39	0.39	0	0	0.36
10600	0.36	0.4	0.4	0	0	0.36
10700	0.36	0.4	0.4	0	0	0.36
10800	0.36	0.4	0.4	0	0	0.36
10900	0.36	0.41	0.41	0	0	0.36
11000	0.36	0.41	0.41	0	0	0.36
11100	0.36	0.41	0.41	0	0	0.36
11200	0.36	0.41	0.41	0	0	0.36
11300	0.36	0.4	0.4	0	0	0.36
11400	0.36	0.4	0.4	0	0	0.36
11500	0.36	0.4	0.4	0	0	0.36
11600	0.36	0.4	0.4	0	0	0.36
11700	0.37	0.41	0.41	0	0	0.37
11800	0.37	0.42	0.42	0	0	0.37
11900	0.38	0.42	0.42	0	0	0.38
12000	0.38	0.43	0.43	0	0	0.38
12100	0.38	0.43	0.43	0	0	0.38
12200	0.38	0.43	0.43	0	0	0.38
12300	0.38	0.43	0.43	0	0	0.38
12400	0.38	0.43	0.43	0	0	0.38
12500	0.38	0.43	0.43	0	0	0.38
12600	0.39	0.42	0.42	0	0	0.39
12700	0.38	0.42	0.42	0	0	0.38
12800	0.38	0.42	0.42	0	0	0.38
12900	0.38	0.42	0.42	0	0	0.38
13000	0.38	0.41	0.41	0	0	0.38
13100	0.38	0.41	0.41	0	0	0.38
13200	0.38	0.4	0.4	0	0	0.38
13300	0.39	0.4	0.4	0	0	0.39
13400	0.39	0.4	0.4	0	0	0.39
13500	0.39	0.4	0.4	0	0	0.39
13600	0.39	0.4	0.4	0	0	0.39
13700	0.39	0.4	0.4	0	0	0.39
13800	0.39	0.41	0.41	0	0	0.39
13900	0.39	0.41	0.41	0	0	0.39
14000	0.39	0.41	0.41	0	0	0.39
14100	0.4	0.41	0.41	0	0	0.4
14200	0.4	0.41	0.41	0	0	0.4
14300	0.4	0.41	0.41	0	0	0.4
14400	0.4	0.41	0.41	0	0	0.4
14500	0.4	0.41	0.41	0	0	0.4
14600	0.4	0.4	0.4	0	0	0.4
14700	0.39	0.41	0.41	0	0	0.39
14800	0.39	0.41	0.41	0	0	0.39
14900	0.39	0.4	0.4	0	0	0.39
15000	0.39	0.4	0.4	0	0	0.39
15100	0.38	0.4	0.4	0	0	0.38
15200	0.38	0.4	0.4	0	0	0.38
15300	0.38	0.39	0.39	0	0	0.38
15400	0.39	0.39	0.39	0	0	0.39
15500	0.39	0.4	0.4	0	0	0.39
15600	0.39	0.4	0.4	0	0	0.39
15700	0.39	0.4	0.4	0	0	0.39
15800	0.39	0.4	0.4	0	0	0.39
15900	0.39	0.4	0.4	0	0	0.39
16000	0.39	0.4	0.4	0	0	0.39
16100	0.39	0.41	0.41	0	0	0.39
16200	0.39	0.42	0.42	0	0	0.39
16300	0.39	0.42	0.42	0	0	0.39
16400	0.39	0.42	0.42	0	0	0.39
16500	0.39	0.42	0.42	0	0	0.39
16600	0.39	0.42	0.42	0	0	0.39
16700	0.41	0.41	0.41	0	0	0.41
16800	0.41	0.41	0.41	0	0	0.41
16900	0.41	0.41	0.41	0	0	0.41
17000	0.41	0.41	0.41	0	0	0.41
17100	0.42	0.41	0.41	0	0	0.42
17200	0.42	0.41	0.41	0	0	0.42
17300	0.42	0.41	0.41	0	0	0.42
17400	0.42	0.41	0.41	0	0	0.42
17500	0.42	0.41	0.41	0	0	0.42
17600	0.41	0.41	0.41	0	0	0.41
17700	0.42	0.41	0.41	0	0	0.42
17800	0.42	0.41	0.41	0	0	0.42
17900	0.42	0.41	0.41	0	0	0.42
18000	0.42	0.42	0.42	0	0	0.42
18100	0.42	0.42	0.42	0	0	0.42
18200	0.42	0.42	0.42	0	0	0.42
18300	0.41	0.42	0.42	0	0	0.41
18400	0.41	0.42	0.42	0	0	0.41
18500	0.41	0.42	0.42	0	0	0.41
18600	0.41	0.43	0.43	0	0	0.41
18700	0.41	0.42	0.42	0	0	0.41
18800	0.41	0.42	0.42	0	0	0.41
18900	0.41	0.42	0.42	0	0	0.41
19000	0.41	0.42	0.42	0	0	0.41
19100	0.41	0.42	0.42	0	0	0.41
19200	0.42	0.41	0.41	0	0	0.42
19300	0.42	0.41	0.41	0	0	0.42
19400	0.42	0.41	0.41	0	0	0.42
19500	0.42	0.41	0.41	0	0	0.42
19600	0.42	0.39	0.39	0	0	0.42
19700	0.42	0.38	0.38	0	0	0.42
19800	0.42	0.38	0.38	0	0	0.42
19900	0.42	0.38	0.38	0	0	0.42
20000	0.42	0.38	0.38	0	0	0.42
20100	0.42	0.38	0.38	0	0	0.42
20200	0.41	0.38	0.38	0	0	0.41
20300	0.41	0.38	0.38	0	0	0.41
20400	0.4	0.38	0.38	0	0	0.4
20500	0.4	0.39	0.39	0	0	0.4
20600	0.41	0.41	0.41	0	0	0.41
20700	0.41	0.41	0.41	0	0	0.41
20800	0.41	0.42	0.42	0	0	0.41
20900	0.41	0.43	0.43	0	0	0.41
21000	0.41	0.43	0.43	0	0	0.41
21100	0.41	0.43	0.43	0	0	0.41
21200	0.39	0.43	0.43	0	0	0.39
21300	0.39	0.45	0.45	0	0	0.39
21400	0.39	0.44	0.44	0	0	0.39
21500	0.39	0.44	0.44	0	0	0.39
21600	0.39	0.44	0.44	0	0	0.39
21700	0.39	0.44	0.44	0	0	0.39
21800	0.4	0.45	0.45	0	0	0.4
21900	0.41	0.45	0.45	0	0	0.41
22000	0.41	0.45	0.45	0	0	0.41
22100	0.41	0.45	0.45	0	0	0.41
22200	0.41	0.45	0.45	0	0	0.41
22300	0.4	0.44	0.44	0	0	0.4
22400	0.41	0.44	0.44	0	0	0.41
22500	0.41	0.44	0.44	0	0	0.41
22600	0.41	0.44	0.44	0	0	0.41
22700	0.42	0.44	0.44	0	0	0.42
22800	0.42	0.44	0.44	0	0	0.42
22900	0.42	0.44	0.44	0	0	0.42
23000	0.42	0.44	0.44	0	0	0.42
23100	0.42	0.44	0.44	0	0	0.42
23200	0.42	0.44	0.44	0	0	0.42
23300	0.41	0.44	0.44	0	0	0.41
23400	0.42	0.44	0.44	0	0	0.42
23500	0.42	0.44	0.44	0	0	0.42
23600	0.42	0.44	0.44	0	0	0.42
23700	0.42	0.44	0.44	0	0	0.42
23800	0.42	0.43	0.43	0	0	0.42
23900	0.42	0.44	0.44	0	0	0.42
24000	0.42	0.44	0.44	0	0	0.42
24100	0.42	0.44	0.44	0	0	0.42
24200	0.42	0.45	0.45	0	0	0.42
24300	0.42	0.45	0.45	0	0	0.42
24400	0.41	0.44	0.44	0	0	0.41
24500	0.41	0.44	0.44	0	0	0.41
24600	0.41	0.43	0.43	0	0	0.41
24700	0.41	0.44	0.44	0	0	0.41
24800	0.42	0.44	0.44	0	0	0.42
24900	0.42	0.44	0.44	0	0	0.42
25000	0.42	0.45	0.45	0	0	0.42
25100	0.42	0.45	0.45	0	0	0.42
25200	0.41	0.45	0.45	0	0	0.41
25300	0.4	0.46	0.46	0	0	0.4
25400	0.4	0.46	0.46	0	0	0.4
25500	0.41	0.45	0.45	0	0	0.41
25600	0.41	0.45	0.45	0	0	0.41
25700	0.41	0.45	0.45	0	0	0.41
25800	0.42	0.45	0.45	0	0	0.42
25900	0.42	0.45	0.45	0	0	0.42
26000	0.41	0.45	0.45	0	0	0.41
26100	0.41	0.45	0.45	0	0	0.41
26200	0.41	0.45	0.45	0	0	0.41
26300	0.41	0.45	0.45	0	0	0.41
26400	0.41	0.45	0.45	0	0	0.41
26500	0.4	0.45	0.45	0	0	0.4
26600	0.41	0.44	0.44	0	0	0.41
26700	0.41	0.44	0.44	0	0	0.41
26800	0.41	0.44	0.44	0	0	0.41
26900	0.41	0.44	0.44	0	0	0.41
27000	0.41	0.44	0.44	0	0	0.41
27100	0.4	0.44	0.44	0	0	0.4
27200	0.4	0.44	0.44	0	0	0.4
27300	0.4	0.44	0.44	0	0	0.4
27400	0.39	0.44	0.44	0	0	0.39
27500	0.39	0.43	0.43	0	0	0.39
27600	0.41	0.43	0.43	0	0	0.41
27700	0.42	0.43	0.43	0	0	0.42
27800	0.42	0.43	0.43	0	0	0.42
27900	0.42	0.43	0.43	0	0	0.42
28000	0.42	0.42	0.42	0	0	0.42
28100	0.42	0.42	0.42	0	0	0.42
28200	0.42	0.42	0.42	0	0	0.42
28300	0.42	0.43	0.43	0	0	0.42
28400	0.41	0.43	0.43	0	0	0.41
28500	0.41	0.43	0.43	0	0	0.41
28600	0.41	0.43	0.43	0	0	0.41
28700	0.41	0.43	0.43	0	0	0.41
28800	0.41	0.43	0.43	0	0	0.41
28900	0.41	0.43	0.43	0	0	0.41
29000	0.41	0.43	0.43	0	0	0.41
29100	0.41	0.43	0.43	0	0	0.41
29200	0.41	0.43	0.43	0	0	0.41
29300	0.41	0.43	0.43	0	0	0.41
29400	0.41	0.43	0.43	0	0	0.41
29500	0.41	0.43	0.43	0	0	0.41
29600	0.4	0.44	0.44	0	0	0.4
29700	0.4	0.45	0.45	0	0	0.4
29800	0.4	0.45	0.45	0	0	0.4
29900	0.4	0.45	0.45	0	0	0.4
30000	0.4	0.45	0.45	0	0	0.4
30100	0.4	0.45	0.45	0	0	0.4
30200	0.4	0.45	0.45	0	0	0.4
30300	0.4	0.46	0.46	0	0	0.4
30400	0.4	0.45	0.45	0	0	0.4
30500	0.41	0.45	0.45	0	0	0.41
30600	0.4	0.45	0.45	0	0	0.4
30700	0.4	0.45	0.45	0	0	0.4
30800	0.42	0.45	0.45	0	0	0.42
30900	0.42	0.45	0.45	0	0	0.42
31000	0.42	0.45	0.45	0	0	0.42
31100	0.41	0.46	0.46	0	0	0.41
31200	0.4	0.45	0.45	0	0	0.4
31300	0.4	0.46	0.46	0	0	0.4
31400	0.4	0.46	0.46	0	0	0.4
31500	0.4	0.46	0.46	0	0	0.4
31600	0.41	0.46	0.46	0	0	0.41
31700	0.41	0.46	0.46	0	0	0.41
31800	0.41	0.46	0.46	0	0	0.41
31900	0.41	0.47	0.47	0	0	0.41
32000	0.41	0.46	0.46	0	0	0.41
32100	0.41	0.46	0.46	0	0	0.41
32200	0.41	0.46	0.46	0	0	0.41
32300	0.4	0.46	0.46	0	0	0.4
32400	0.41	0.46	0.46	0	0	0.41
32500	0.41	0.46	0.46	0	0	0.41
32600	0.41	0.47	0.47	0	0	0.41
32700	0.41	0.47	0.47	0	0	0.41
32800	0.41	0.47	0.47	0	0	0.41
32900	0.41	0.47	0.47	0	0	0.41
33000	0.4	0.47	0.47	0	0	0.4
33100	0.4	0.47	0.47	0	0	0.4
33200	0.4	0.47	0.47	0	0	0.4
33300	0.4	0.47	0.47	0	0	0.4
33400	0.4	0.47	0.47	0	0	0.4
33500	0.4	0.47	0.47	0	0	0.4
33600	0.4	0.47	0.47	0	0	0.4
33700	0.4	0.47	0.47	0	0	0.4
33800	0.4	0.47	0.47	0	0	0.4
33900	0.4	0.47	0.47	0	0	0.4
34000	0.4	0.47	0.47	0	0	0.4
34100	0.4	0.47	0.47	0	0	0.4
34200	0.4	0.48	0.48	0	0	0.4
34300	0.4	0.48	0.48	0	0	0.4
34400	0.4	0.48	0.48	0	0	0.4
34500	0.4	0.47	0.47	0	0	0.4
34600	0.4	0.47	0.47	0	0	0.4
34700	0.4	0.47	0.47	0	0	0.4
34800	0.4	0.47	0.47	0	0	0.4
34900	0.4	0.47	0.47	0	0	0.4
35000	0.4	0.47	0.47	0	0	0.4
35100	0.4	0.47	0.47	0	0	0.4
35200	0.4	0.48	0.48	0	0	0.4
35300	0.4	0.48	0.48	0	0	0.4
35400	0.4	0.48	0.48	0	0	0.4
35500	0.4	0.48	0.48	0	0	0.4
35600	0.4	0.48	0.48	0	0	0.4
35700	0.4	0.48	0.48	0	0	0.4
35800	0.4	0.48	0.48	0	0	0.4
35900	0.4	0.48	0.48	0	0	0.4
36000	0.39	0.48	0.48	0	0	0.39
36100	0.39	0.48	0.48	0	0	0.39
36200	0.39	0.48	0.48	0	0	0.39
36300	0.39	0.48	0.48	0	0	0.39
36400	0.39	0.48	0.48	0	0	0.39
36500	0.39	0.49	0.49	0	0	0.39
36600	0.39	0.47	0.47	0	0	0.39
36700	0.39	0.47	0.47	0	0	0.39
36800	0.39	0.48	0.48	0	0	0.39
36900	0.39	0.49	0.49	0	0	0.39
37000	0.39	0.49	0.49	0	0	0.39
37100	0.39	0.49	0.49	0	0	0.39
37200	0.39	0.49	0.49	0	0	0.39
37300	0.39	0.49	0.49	0	0	0.39
37400	0.39	0.49	0.49	0	0	0.39
37500	0.39	0.48	0.48	0	0	0.39
37600	0.39	0.46	0.46	0	0	0.39
37700	0.39	0.46	0.46	0	0	0.39
37800	0.4	0.46	0.46	0	0	0.4
37900	0.39	0.46	0.46	0	0	0.39
38000	0.39	0.46	0.46	0	0	0.39
38100	0.39	0.46	0.46	0	0	0.39
38200	0.39	0.47	0.47	0	0	0.39
38300	0.4	0.47	0.47	0	0	0.4
38400	0.41	0.47	0.47	0	0	0.41
38500	0.4	0.47	0.47	0	0	0.4
38600	0.39	0.47	0.47	0	0	0.39
38700	0.39	0.47	0.47	0	0	0.39
38800	0.39	0.47	0.47	0	0	0.39
38900	0.39	0.47	0.47	0	0	0.39
39000	0.39	0.47	0.47	0	0	0.39
39100	0.38	0.47	0.47	0	0	0.38
39200	0.38	0.47	0.47	0	0	0.38
39300	0.38	0.47	0.47	0	0	0.38
39400	0.38	0.47	0.47	0	0	0.38
39500	0.38	0.47	0.47	0	0	0.38
39600	0.38	0.47	0.47	0	0	0.38
39700	0.37	0.47	0.47	0	0	0.37
39800	0.37	0.46	0.46	0	0	0.37
39900	0.37	0.46	0.46	0	0	0.37
40000	0.36	0.46	0.46	0	0	0.36
40100	0.36	0.46	0.46	0	0	0.36
40200	0.36	0.46	0.46	0	0	0.36
40300	0.36	0.46	0.46	0	0	0.36
40400	0.36	0.46	0.46	0	0	0.36
40500	0.36	0.46	0.46	0	0	0.36
40600	0.36	0.46	0.46	0	0	0.36
40700	0.36	0.46	0.46	0	0	0.36
40800	0.36	0.46	0.46	0	0	0.36
40900	0.36	0.46	0.46	0	0	0.36
41000	0.36	0.46	0.46	0	0	0.36
41100	0.36	0.46	0.46	0	0	0.36
41200	0.36	0.46	0.46	0	0	0.36
41300	0.36	0.47	0.47	0	0	0.36
41400	0.36	0.48	0.48	0	0	0.36
41500	0.36	0.47	0.47	0	0	0.36
41600	0.38	0.47	0.47	0	0	0.38
41700	0.38	0.46	0.46	0	0	0.38
41800	0.38	0.45	0.45	0	0	0.38
41900	0.38	0.46	0.46	0	0	0.38
42000	0.38	0.47	0.47	0	0	0.38
42100	0.38	0.47	0.47	0	0	0.38
42200	0.38	0.47	0.47	0	0	0.38
42300	0.38	0.47	0.47	0	0	0.38
42400	0.38	0.47	0.47	0	0	0.38
42500	0.38	0.47	0.47	0	0	0.38
42600	0.38	0.47	0.47	0	0	0.38
42700	0.38	0.47	0.47	0	0	0.38
42800	0.38	0.47	0.47	0	0	0.38
42900	0.38	0.47	0.47	0	0	0.38
43000	0.38	0.47	0.47	0	0	0.38
43100	0.38	0.47	0.47	0	0	0.38
43200	0.38	0.47	0.47	0	0	0.38
43300	0.38	0.47	0.47	0	0	0.38
43400	0.38	0.48	0.48	0	0	0.38
43500	0.38	0.48	0.48	0	0	0.38
43600	0.38	0.48	0.48	0	0	0.38
43700	0.38	0.48	0.48	0	0	0.38
43800	0.38	0.48	0.48	0	0	0.38
43900	0.38	0.48	0.48	0	0	0.38
44000	0.38	0.49	0.49	0	0	0.38
44100	0.38	0.49	0.49	0	0	0.38
44200	0.38	0.48	0.48	0	0	0.38
44300	0.38	0.48	0.48	0	0	0.38
44400	0.38	0.48	0.48	0	0	0.38
44500	0.38	0.48	0.48	0	0	0.38
44600	0.39	0.48	0.48	0	0	0.39
44700	0.39	0.48	0.48	0	0	0.39
44800	0.39	0.48	0.48	0	0	0.39
44900	0.39	0.48	0.48	0	0	0.39
45000	0.39	0.49	0.49	0	0	0.39
45100	0.39	0.49	0.49	0	0	0.39
45200	0.39	0.49	0.49	0	0	0.39
45300	0.38	0.49	0.49	0	0	0.38
45400	0.38	0.48	0.48	0	0	0.38
45500	0.38	0.48	0.48	0	0	0.38
45600	0.38	0.48	0.48	0	0	0.38
45700	0.39	0.48	0.48	0	0	0.39
45800	0.38	0.48	0.48	0	0	0.38
45900	0.38	0.49	0.49	0	0	0.38
46000	0.38	0.49	0.49	0	0	0.38
46100	0.38	0.49	0.49	0	0	0.38
46200	0.38	0.49	0.49	0	0	0.38
46300	0.38	0.48	0.48	0	0	0.38
46400	0.38	0.48	0.48	0	0	0.38
46500	0.38	0.48	0.48	0	0	0.38
46600	0.38	0.48	0.48	0	0	0.38
46700	0.38	0.49	0.49	0	0	0.38
46800	0.38	0.49	0.49	0	0	0.38
46900	0.38	0.49	0.49	0	0	0.38
47000	0.38	0.49	0.49	0	0	0.38
47100	0.38	0.5	0.5	0	0	0.38
47200	0.38	0.51	0.51	0	0	0.38
47300	0.38	0.51	0.51	0	0	0.38
47400	0.37	0.51	0.51	0	0	0.37
47500	0.37	0.52	0.52	0	0	0.37
47600	0.37	0.52	0.52	0	0	0.37
47700	0.37	0.52	0.52	0	0	0.37
47800	0.37	0.53	0.53	0	0	0.37
47900	0.37	0.53	0.53	0	0	0.37
48000	0.37	0.53	0.53	0	0	0.37
48100	0.37	0.53	0.53	0	0	0.37
48200	0.37	0.54	0.54	0	0	0.37
48300	0.37	0.54	0.54	0	0	0.37
48400	0.37	0.54	0.54	0	0	0.37
48500	0.37	0.54	0.54	0	0	0.37
48600	0.37	0.53	0.53	0	0	0.37
48700	0.38	0.54	0.54	0	0	0.38
48800	0.38	0.54	0.54	0	0	0.38
48900	0.38	0.54	0.54	0	0	0.38
49000	0.38	0.54	0.54	0	0	0.38
49100	0.38	0.54	0.54	0	0	0.38
49200	0.38	0.54	0.54	0	0	0.38
49300	0.38	0.54	0.54	0	0	0.38
49400	0.38	0.54	0.54	0	0	0.38
49500	0.38	0.55	0.55	0	0	0.38
49600	0.38	0.55	0.55	0	0	0.38
49700	0.38	0.55	0.55	0	0	0.38
49800	0.38	0.55	0.55	0	0	0.38
49900	0.38	0.55	0.55	0	0	0.38
50000	0.38	0.55	0.55	0	0	0.38
50100	0.38	0.54	0.54	0	0	0.38
50200	0.38	0.54	0.54	0	0	0.38
50300	0.38	0.54	0.54	0	0	0.38
50400	0.38	0.54	0.54	0	0	0.38
50500	0.38	0.54	0.54	0	0	0.38
50600	0.38	0.54	0.54	0	0	0.38
50700	0.38	0.54	0.54	0	0	0.38
50800	0.38	0.54	0.54	0	0	0.38
50900	0.37	0.54	0.54	0	0	0.37
51000	0.37	0.54	0.54	0	0	0.37
51100	0.37	0.54	0.54	0	0	0.37
51200	0.37	0.54	0.54	0	0	0.37
51300	0.37	0.54	0.54	0	0	0.37
51400	0.37	0.55	0.55	0	0	0.37
51500	0.37	0.55	0.55	0	0	0.37
51600	0.37	0.55	0.55	0	0	0.37
51700	0.37	0.55	0.55	0	0	0.37
51800	0.36	0.55	0.55	0	0	0.36
51900	0.37	0.55	0.55	0	0	0.37
52000	0.37	0.55	0.55	0	0	0.37
52100	0.37	0.55	0.55	0	0	0.37
52200	0.37	0.55	0.55	0	0	0.37
52300	0.37	0.55	0.55	0	0	0.37
52400	0.37	0.55	0.55	0	0	0.37
52500	0.36	0.54	0.54	0	0	0.36
52600	0.36	0.54	0.54	0	0	0.36
52700	0.36	0.54	0.54	0	0	0.36
52800	0.36	0.54	0.54	0	0	0.36
52900	0.36	0.54	0.54	0	0	0.36
53000	0.36	0.54	0.54	0	0	0.36
53100	0.36	0.54	0.54	0	0	0.36
53200	0.36	0.54	0.54	0	0	0.36
53300	0.36	0.53	0.53	0	0	0.36
53400	0.36	0.53	0.53	0	0	0.36
53500	0.36	0.53	0.53	0	0	0.36
53600	0.36	0.53	0.53	0	0	0.36
53700	0.36	0.53	0.53	0	0	0.36
53800	0.36	0.52	0.52	0	0	0.36
53900	0.36	0.52	0.52	0	0	0.36
54000	0.36	0.52	0.52	0	0	0.36
54100	0.36	0.52	0.52	0	0	0.36
54200	0.36	0.51	0.51	0	0	0.36
54300	0.36	0.51	0.51	0	0	0.36
54400	0.36	0.51	0.51	0	0	0.36
54500	0.36	0.51	0.51	0	0	0.36
54600	0.36	0.51	0.51	0	0	0.36
54700	0.36	0.51	0.51	0	0	0.36
54800	0.36	0.52	0.52	0	0	0.36
54900	0.36	0.52	0.52	0	0	0.36
55000	0.36	0.52	0.52	0	0	0.36
55100	0.36	0.52	0.52	0	0	0.36
55200	0.36	0.52	0.52	0	0	0.36
55300	0.36	0.52	0.52	0	0	0.36
55400	0.36	0.52	0.52	0	0	0.36
55500	0.36	0.52	0.52	0	0	0.36
55600	0.36	0.52	0.52	0	0	0.36
55700	0.36	0.52	0.52	0	0	0.36
55800	0.36	0.52	0.52	0	0	0.36
55900	0.36	0.52	0.52	0	0	0.36
56000	0.36	0.52	0.52	0	0	0.36
56100	0.36	0.52	0.52	0	0	0.36
56200	0.36	0.52	0.52	0	0	0.36
56300	0.36	0.52	0.52	0	0	0.36
56400	0.36	0.52	0.52	0	0	0.36
56500	0.36	0.51	0.51	0	0	0.36
56600	0.37	0.51	0.51	0	0	0.37
56700	0.37	0.5	0.5	0	0	0.37
56800	0.37	0.5	0.5	0	0	0.37
56900	0.37	0.5	0.5	0	0	0.37
57000	0.37	0.5	0.5	0	0	0.37
57100	0.37	0.5	0.5	0	0	0.37
57200	0.38	0.5	0.5	0	0	0.38
57300	0.38	0.5	0.5	0	0	0.38
57400	0.38	0.5	0.5	0	0	0.38
57500	0.38	0.5	0.5	0	0	0.38
57600	0.38	0.5	0.5	0	0	0.38
57700	0.38	0.5	0.5	0	0	0.38
57800	0.38	0.5	0.5	0	0	0.38
57900	0.38	0.5	0.5	0	0	0.38
58000	0.38	0.5	0.5	0	0	0.38
58100	0.38	0.5	0.5	0	0	0.38
58200	0.38	0.5	0.5	0	0	0.38
58300	0.38	0.5	0.5	0	0	0.38
58400	0.39	0.5	0.5	0	0	0.39
58500	0.39	0.5	0.5	0	0	0.39
58600	0.39	0.5	0.5	0	0	0.39
58700	0.39	0.5	0.5	0	0	0.39
58800	0.4	0.5	0.5	0	0	0.4
58900	0.4	0.5	0.5	0	0	0.4
59000	0.4	0.5	0.5	0	0	0.4
59100	0.4	0.49	0.49	0	0	0.4
59200	0.4	0.49	0.49	0	0	0.4
59300	0.4	0.49	0.49	0	0	0.4
59400	0.4	0.49	0.49	0	0	0.4
59500	0.4	0.49	0.49	0	0	0.4
59600	0.4	0.49	0.49	0	0	0.4
59700	0.4	0.49	0.49	0	0	0.4
59800	0.41	0.49	0.49	0	0	0.41
59900	0.41	0.49	0.49	0	0	0.41
60000	0.41	0.49	0.49	0	0	0.41
60100	0.41	0.49	0.49	0	0	0.41
60200	0.41	0.49	0.49	0	0	0.41
60300	0.41	0.49	0.49	0	0	0.41
60400	0.41	0.5	0.5	0	0	0.41
60500	0.41	0.5	0.5	0	0	0.41
60600	0.41	0.5	0.5	0	0	0.41
60700	0.41	0.5	0.5	0	0	0.41
60800	0.41	0.5	0.5	0	0	0.41
60900	0.4	0.5	0.5	0	0	0.4
61000	0.39	0.5	0.5	0	0	0.39
61100	0.39	0.5	0.5	0	0	0.39
61200	0.39	0.5	0.5	0	0	0.39
61300	0.39	0.5	0.5	0	0	0.39
61400	0.41	0.5	0.5	0	0	0.41
61500	0.41	0.5	0.5	0	0	0.41
61600	0.41	0.5	0.5	0	0	0.41
61700	0.41	0.51	0.51	0	0	0.41
61800	0.41	0.51	0.51	0	0	0.41
61900	0.41	0.51	0.51	0	0	0.41
62000	0.41	0.51	0.51	0	0	0.41
62100	0.41	0.51	0.51	0	0	0.41
62200	0.41	0.51	0.51	0	0	0.41
62300	0.41	0.51	0.51	0	0	0.41
62400	0.41	0.51	0.51	0	0	0.41
62500	0.41	0.51	0.51	0	0	0.41
62600	0.41	0.51	0.51	0	0	0.41
62700	0.41	0.51	0.51	0	0	0.41
62800	0.4	0.51	0.51	0	0	0.4
62900	0.4	0.51	0.51	0	0	0.4
63000	0.4	0.51	0.51	0	0	0.4
63100	0.4	0.51	0.51	0	0	0.4
63200	0.4	0.52	0.52	0	0	0.4
63300	0.4	0.52	0.52	0	0	0.4
63400	0.4	0.52	0.52	0	0	0.4
63500	0.4	0.52	0.52	0	0	0.4
63600	0.4	0.53	0.53	0	0	0.4
63700	0.4	0.53	0.53	0	0	0.4
63800	0.39	0.53	0.53	0	0	0.39
63900	0.39	0.52	0.52	0	0	0.39
64000	0.39	0.52	0.52	0	0	0.39
64100	0.39	0.51	0.51	0	0	0.39
64200	0.39	0.51	0.51	0	0	0.39
64300	0.39	0.51	0.51	0	0	0.39
64400	0.39	0.51	0.51	0	0	0.39
64500	0.39	0.51	0.51	0	0	0.39
64600	0.39	0.51	0.51	0	0	0.39
64700	0.39	0.51	0.51	0	0	0.39
64800	0.39	0.51	0.51	0	0	0.39
64900	0.39	0.52	0.52	0	0	0.39
65000	0.39	0.5	0.5	0	0	0.39
65100	0.39	0.5	0.5	0	0	0.39
65200	0.39	0.5	0.5	0	0	0.39
65300	0.39	0.5	0.5	0	0	0.39
65400	0.39	0.5	0.5	0	0	0.39
65500	0.39	0.5	0.5	0	0	0.39
65600	0.39	0.5	0.5	0	0	0.39
65700	0.39	0.5	0.5	0	0	0.39
65800	0.39	0.5	0.5	0	0	0.39
65900	0.39	0.5	0.5	0	0	0.39
66000	0.38	0.5	0.5	0	0	0.38
66100	0.38	0.5	0.5	0	0	0.38
66200	0.38	0.5	0.5	0	0	0.38
66300	0.38	0.5	0.5	0	0	0.38
66400	0.38	0.51	0.51	0	0	0.38
66500	0.38	0.51	0.51	0	0	0.38
66600	0.38	0.51	0.51	0	0	0.38
66700	0.38	0.51	0.51	0	0	0.38
66800	0.38	0.51	0.51	0	0	0.38
66900	0.38	0.51	0.51	0	0	0.38
67000	0.38	0.51	0.51	0	0	0.38
67100	0.39	0.51	0.51	0	0	0.39
67200	0.39	0.51	0.51	0	0	0.39
67300	0.39	0.51	0.51	0	0	0.39
67400	0.39	0.51	0.51	0	0	0.39
67500	0.38	0.51	0.51	0	0	0.38
67600	0.38	0.51	0.51	0	0	0.38
67700	0.38	0.51	0.51	0	0	0.38
67800	0.39	0.51	0.51	0	0	0.39
67900	0.39	0.51	0.51	0	0	0.39
68000	0.39	0.52	0.52	0	0	0.39
68100	0.39	0.52	0.52	0	0	0.39
68200	0.39	0.52	0.52	0	0	0.39
68300	0.39	0.52	0.52	0	0	0.39
68400	0.39	0.52	0.52	0	0	0.39
68500	0.39	0.53	0.53	0	0	0.39
68600	0.39	0.53	0.53	0	0	0.39
68700	0.39	0.53	0.53	0	0	0.39
68800	0.39	0.53	0.53	0	0	0.39
68900	0.39	0.53	0.53	0	0	0.39
69000	0.39	0.53	0.53	0	0	0.39
69100	0.39	0.53	0.53	0	0	0.39
69200	0.39	0.53	0.53	0	0	0.39
69300	0.39	0.53	0.53	0	0	0.39
69400	0.39	0.53	0.53	0	0	0.39
69500	0.39	0.52	0.52	0	0	0.39
69600	0.39	0.52	0.52	0	0	0.39
69700	0.39	0.52	0.52	0	0	0.39
69800	0.39	0.52	0.52	0	0	0.39
69900	0.39	0.52	0.52	0	0	0.39
70000	0.39	0.52	0.52	0	0	0.39
70100	0.39	0.52	0.52	0	0	0.39
70200	0.39	0.52	0.52	0	0	0.39
70300	0.39	0.53	0.53	0	0	0.39
70400	0.39	0.53	0.53	0	0	0.39
70500	0.39	0.53	0.53	0	0	0.39
70600	0.39	0.53	0.53	0	0	0.39
70700	0.39	0.53	0.53	0	0	0.39
70800	0.39	0.53	0.53	0	0	0.39
70900	0.39	0.53	0.53	0	0	0.39
71000	0.39	0.54	0.54	0	0	0.39
71100	0.39	0.54	0.54	0	0	0.39
71200	0.39	0.54	0.54	0	0	0.39
71300	0.39	0.54	0.54	0	0	0.39
71400	0.39	0.55	0.55	0	0	0.39
71500	0.39	0.55	0.55	0	0	0.39
71600	0.39	0.55	0.55	0	0	0.39
71700	0.39	0.55	0.55	0	0	0.39
71800	0.39	0.55	0.55	0	0	0.39
71900	0.39	0.55	0.55	0	0	0.39
72000	0.39	0.55	0.55	0	0	0.39
72100	0.39	0.55	0.55	0	0	0.39
72200	0.39	0.55	0.55	0	0	0.39
72300	0.39	0.55	0.55	0	0	0.39
72400	0.39	0.55	0.55	0	0	0.39
72500	0.39	0.55	0.55	0	0	0.39
72600	0.39	0.55	0.55	0	0	0.39
72700	0.39	0.55	0.55	0	0	0.39
72800	0.39	0.55	0.55	0	0	0.39
72900	0.39	0.54	0.54	0	0	0.39
73000	0.39	0.54	0.54	0	0	0.39
73100	0.39	0.54	0.54	0	0	0.39
73200	0.39	0.54	0.54	0	0	0.39
73300	0.39	0.54	0.54	0	0	0.39
73400	0.39	0.54	0.54	0	0	0.39
73500	0.39	0.54	0.54	0	0	0.39
73600	0.39	0.54	0.54	0	0	0.39
73700	0.39	0.54	0.54	0	0	0.39
73800	0.39	0.54	0.54	0	0	0.39
73900	0.39	0.54	0.54	0	0	0.39
74000	0.39	0.54	0.54	0	0	0.39
74100	0.39	0.54	0.54	0	0	0.39
74200	0.39	0.54	0.54	0	0	0.39
74300	0.39	0.54	0.54	0	0	0.39
74400	0.39	0.53	0.53	0	0	0.39
74500	0.39	0.53	0.53	0	0	0.39
74600	0.39	0.53	0.53	0	0	0.39
74700	0.39	0.53	0.53	0	0	0.39
74800	0.39	0.53	0.53	0	0	0.39
74900	0.39	0.53	0.53	0	0	0.39
75000	0.39	0.53	0.53	0	0	0.39
75100	0.39	0.53	0.53	0	0	0.39
75200	0.39	0.52	0.52	0	0	0.39
75300	0.39	0.52	0.52	0	0	0.39
75400	0.39	0.52	0.52	0	0	0.39
75500	0.39	0.52	0.52	0	0	0.39
75600	0.4	0.52	0.52	0	0	0.4
75700	0.39	0.53	0.53	0	0	0.39
75800	0.39	0.53	0.53	0	0	0.39
75900	0.39	0.53	0.53	0	0	0.39
76000	0.38	0.53	0.53	0	0	0.38
76100	0.38	0.53	0.53	0	0	0.38
76200	0.38	0.53	0.53	0	0	0.38
76300	0.38	0.53	0.53	0	0	0.38
76400	0.38	0.53	0.53	0	0	0.38
76500	0.37	0.53	0.53	0	0	0.37
76600	0.37	0.52	0.52	0	0	0.37
76700	0.37	0.52	0.52	0	0	0.37
76800	0.37	0.52	0.52	0	0	0.37
76900	0.37	0.52	0.52	0	0	0.37
77000	0.37	0.52	0.52	0	0	0.37
77100	0.37	0.52	0.52	0	0	0.37
77200	0.37	0.52	0.52	0	0	0.37
77300	0.37	0.52	0.52	0	0	0.37
77400	0.37	0.52	0.52	0	0	0.37
77500	0.37	0.52	0.52	0	0	0.37
77600	0.37	0.52	0.52	0	0	0.37
77700	0.37	0.52	0.52	0	0	0.37
77800	0.37	0.52	0.52	0	0	0.37
77900	0.36	0.52	0.52	0	0	0.36
78000	0.36	0.53	0.53	0	0	0.36
78100	0.36	0.53	0.53	0	0	0.36
78200	0.36	0.53	0.53	0	0	0.36
78300	0.36	0.53	0.53	0	0	0.36
78400	0.36	0.54	0.54	0	0	0.36
78500	0.36	0.54	0.54	0	0	0.36
78600	0.36	0.54	0.54	0	0	0.36
78700	0.36	0.54	0.54	0	0	0.36
78800	0.36	0.54	0.54	0	0	0.36
78900	0.36	0.54	0.54	0	0	0.36
79000	0.36	0.54	0.54	0	0	0.36
79100	0.36	0.54	0.54	0	0	0.36
79200	0.37	0.54	0.54	0	0	0.37
79300	0.37	0.53	0.53	0	0	0.37
79400	0.38	0.53	0.53	0	0	0.38
79500	0.38	0.53	0.53	0	0	0.38
79600	0.38	0.53	0.53	0	0	0.38
79700	0.38	0.53	0.53	0	0	0.38
79800	0.38	0.53	0.53	0	0	0.38
79900	0.38	0.54	0.54	0	0	0.38
80000	0.38	0.54	0.54	0	0	0.38
80100	0.38	0.54	0.54	0	0	0.38
80200	0.38	0.53	0.53	0	0	0.38
80300	0.38	0.53	0.53	0	0	0.38
80400	0.38	0.53	0.53	0	0	0.38
80500	0.38	0.53	0.53	0	0	0.38
80600	0.38	0.53	0.53	0	0	0.38
80700	0.38	0.53	0.53	0	0	0.38
80800	0.38	0.53	0.53	0	0	0.38
80900	0.38	0.53	0.53	0	0	0.38
81000	0.38	0.53	0.53	0	0	0.38
81100	0.38	0.53	0.53	0	0	0.38
81200	0.38	0.53	0.53	0	0	0.38
81300	0.38	0.53	0.53	0	0	0.38
81400	0.38	0.53	0.53	0	0	0.38
81500	0.38	0.54	0.54	0	0	0.38
81600	0.38	0.54	0.54	0	0	0.38
81700	0.38	0.54	0.54	0	0	0.38
81800	0.38	0.54	0.54	0	0	0.38
81900	0.38	0.54	0.54	0	0	0.38
82000	0.38	0.54	0.54	0	0	0.38
82100	0.38	0.54	0.54	0	0	0.38
82200	0.38	0.54	0.54	0	0	0.38
82300	0.38	0.54	0.54	0	0	0.38
82400	0.38	0.54	0.54	0	0	0.38
82500	0.38	0.54	0.54	0	0	0.38
82600	0.37	0.54	0.54	0	0	0.37
82700	0.37	0.54	0.54	0	0	0.37
82800	0.37	0.54	0.54	0	0	0.37
82900	0.38	0.54	0.54	0	0	0.38
83000	0.38	0.54	0.54	0	0	0.38
83100	0.38	0.54	0.54	0	0	0.38
83200	0.38	0.54	0.54	0	0	0.38
83300	0.38	0.55	0.55	0	0	0.38
83400	0.38	0.55	0.55	0	0	0.38
83500	0.38	0.55	0.55	0	0	0.38
83600	0.38	0.55	0.55	0	0	0.38
83700	0.38	0.55	0.55	0	0	0.38
83800	0.38	0.55	0.55	0	0	0.38
83900	0.38	0.55	0.55	0	0	0.38
84000	0.38	0.55	0.55	0	0	0.38
84100	0.38	0.55	0.55	0	0	0.38
84200	0.38	0.55	0.55	0	0	0.38
84300	0.38	0.55	0.55	0	0	0.38
84400	0.38	0.55	0.55	0	0	0.38
84500	0.38	0.55	0.55	0	0	0.38
84600	0.38	0.55	0.55	0	0	0.38
84700	0.38	0.55	0.55	0	0	0.38
84800	0.38	0.54	0.54	0	0	0.38
84900	0.38	0.54	0.54	0	0	0.38
85000	0.38	0.54	0.54	0	0	0.38
85100	0.38	0.54	0.54	0	0	0.38
85200	0.38	0.54	0.54	0	0	0.38
85300	0.38	0.54	0.54	0	0	0.38
85400	0.38	0.54	0.54	0	0	0.38
85500	0.39	0.54	0.54	0	0	0.39
85600	0.39	0.53	0.53	0	0	0.39
85700	0.39	0.54	0.54	0	0	0.39
85800	0.39	0.54	0.54	0	0	0.39
85900	0.39	0.54	0.54	0	0	0.39
86000	0.39	0.54	0.54	0	0	0.39
86100	0.39	0.54	0.54	0	0	0.39
86200	0.39	0.54	0.54	0	0	0.39
86300	0.39	0.53	0.53	0	0	0.39
86400	0.39	0.53	0.53	0	0	0.39
86500	0.39	0.53	0.53	0	0	0.39
86600	0.39	0.53	0.53	0	0	0.39
86700	0.38	0.53	0.53	0	0	0.38
86800	0.38	0.53	0.53	0	0	0.38
86900	0.38	0.53	0.53	0	0	0.38
87000	0.39	0.53	0.53	0	0	0.39
87100	0.39	0.53	0.53	0	0	0.39
87200	0.39	0.53	0.53	0	0	0.39
87300	0.4	0.53	0.53	0	0	0.4
87400	0.4	0.53	0.53	0	0	0.4
87500	0.4	0.53	0.53	0	0	0.4
87600	0.4	0.53	0.53	0	0	0.4
87700	0.4	0.53	0.53	0	0	0.4
87800	0.4	0.53	0.53	0	0	0.4
87900	0.4	0.53	0.53	0	0	0.4
88000	0.4	0.52	0.52	0	0	0.4
88100	0.4	0.52	0.52	0	0	0.4
88200	0.4	0.52	0.52	0	0	0.4
88300	0.4	0.51	0.51	0	0	0.4
88400	0.4	0.51	0.51	0	0	0.4
88500	0.4	0.51	0.51	0	0	0.4
88600	0.4	0.5	0.5	0	0	0.4
88700	0.39	0.49	0.49	0	0	0.39
88800	0.39	0.48	0.48	0	0	0.39
88900	0.39	0.48	0.48	0	0	0.39
89000	0.39	0.48	0.48	0	0	0.39
89100	0.39	0.48	0.48	0	0	0.39
89200	0.39	0.48	0.48	0	0	0.39
89300	0.39	0.48	0.48	0	0	0.39
89400	0.39	0.48	0.48	0	0	0.39
89500	0.39	0.48	0.48	0	0	0.39
89600	0.39	0.48	0.48	0	0	0.39
89700	0.39	0.48	0.48	0	0	0.39
89800	0.39	0.48	0.48	0	0	0.39
89900	0.39	0.49	0.49	0	0	0.39
90000	0.39	0.49	0.49	0	0	0.39
90100	0.39	0.49	0.49	0	0	0.39
90200	0.39	0.49	0.49	0	0	0.39
90300	0.39	0.49	0.49	0	0	0.39
90400	0.39	0.49	0.49	0	0	0.39
90500	0.41	0.49	0.49	0	0	0.41
90600	0.41	0.49	0.49	0	0	0.41
90700	0.41	0.49	0.49	0	0	0.41
90800	0.4	0.49	0.49	0	0	0.4
90900	0.4	0.49	0.49	0	0	0.4
91000	0.4	0.48	0.48	0	0	0.4
91100	0.4	0.47	0.47	0	0	0.4
91200	0.4	0.47	0.47	0	0	0.4
91300	0.4	0.47	0.47	0	0	0.4
91400	0.4	0.47	0.47	0	0	0.4
91500	0.4	0.47	0.47	0	0	0.4
91600	0.4	0.47	0.47	0	0	0.4
91700	0.4	0.47	0.47	0	0	0.4
91800	0.4	0.48	0.48	0	0	0.4
91900	0.4	0.48	0.48	0	0	0.4
92000	0.4	0.48	0.48	0	0	0.4
92100	0.4	0.48	0.48	0	0	0.4
92200	0.4	0.48	0.48	0	0	0.4
92300	0.4	0.47	0.47	0	0	0.4
92400	0.4	0.46	0.46	0	0	0.4
92500	0.4	0.46	0.46	0	0	0.4
92600	0.4	0.46	0.46	0	0	0.4
92700	0.4	0.46	0.46	0	0	0.4
92800	0.4	0.46	0.46	0	0	0.4
92900	0.4	0.46	0.46	0	0	0.4
93000	0.4	0.46	0.46	0	0	0.4
93100	0.4	0.46	0.46	0	0	0.4
93200	0.4	0.46	0.46	0	0	0.4
93300	0.4	0.46	0.46	0	0	0.4
93400	0.4	0.46	0.46	0	0	0.4
93500	0.41	0.47	0.47	0	0	0.41
93600	0.41	0.47	0.47	0	0	0.41
93700	0.42	0.47	0.47	0	0	0.42
93800	0.43	0.47	0.47	0	0	0.43
93900	0.43	0.47	0.47	0	0	0.43
94000	0.43	0.47	0.47	0	0	0.43
94100	0.43	0.47	0.47	0	0	0.43
94200	0.43	0.47	0.47	0	0	0.43
94300	0.43	0.47	0.47	0	0	0.43
94400	0.43	0.47	0.47	0	0	0.43
94500	0.43	0.48	0.48	0	0	0.43
94600	0.43	0.48	0.48	0	0	0.43
94700	0.43	0.48	0.48	0	0	0.43
94800	0.43	0.48	0.48	0	0	0.43
94900	0.43	0.49	0.49	0	0	0.43
95000	0.43	0.49	0.49	0	0	0.43
95100	0.43	0.49	0.49	0	0	0.43
95200	0.43	0.49	0.49	0	0	0.43
95300	0.43	0.49	0.49	0	0	0.43
95400	0.43	0.49	0.49	0	0	0.43
95500	0.43	0.49	0.49	0	0	0.43
95600	0.43	0.49	0.49	0	0	0.43
95700	0.43	0.49	0.49	0	0	0.43
95800	0.43	0.49	0.49	0	0	0.43
95900	0.43	0.49	0.49	0	0	0.43
96000	0.43	0.49	0.49	0	0	0.43
96100	0.43	0.49	0.49	0	0	0.43
96200	0.44	0.49	0.49	0	0	0.44
96300	0.44	0.49	0.49	0	0	0.44
96400	0.43	0.48	0.48	0	0	0.43
96500	0.43	0.48	0.48	0	0	0.43
96600	0.43	0.48	0.48	0	0	0.43
96700	0.43	0.48	0.48	0	0	0.43
96800	0.43	0.48	0.48	0	0	0.43
96900	0.43	0.48	0.48	0	0	0.43
97000	0.43	0.48	0.48	0	0	0.43
97100	0.43	0.48	0.48	0	0	0.43
97200	0.43	0.48	0.48	0	0	0.43
97300	0.43	0.48	0.48	0	0	0.43
97400	0.43	0.48	0.48	0	0	0.43
97500	0.43	0.48	0.48	0	0	0.43
97600	0.44	0.48	0.48	0	0	0.44
97700	0.44	0.48	0.48	0	0	0.44
97800	0.44	0.48	0.48	0	0	0.44
97900	0.44	0.48	0.48	0	0	0.44
98000	0.44	0.48	0.48	0	0	0.44
98100	0.44	0.48	0.48	0	0	0.44
98200	0.44	0.48	0.48	0	0	0.44
98300	0.45	0.48	0.48	0	0	0.45
98400	0.45	0.48	0.48	0	0	0.45
98500	0.45	0.48	0.48	0	0	0.45
98600	0.45	0.48	0.48	0	0	0.45
98700	0.45	0.48	0.48	0	0	0.45
98800	0.45	0.48	0.48	0	0	0.45
98900	0.45	0.48	0.48	0	0	0.45
99000	0.45	0.48	0.48	0	0	0.45
99100	0.45	0.48	0.48	0	0	0.45
99200	0.45	0.48	0.48	0	0	0.45
99300	0.45	0.48	0.48	0	0	0.45
99400	0.45	0.48	0.48	0	0	0.45
99500	0.45	0.48	0.48	0	0	0.45
99600	0.45	0.48	0.48	0	0	0.45
99700	0.45	0.48	0.48	0	0	0.45
99800	0.45	0.48	0.48	0	0	0.45
99900	0.45	0.48	0.48	0	0	0.45
100000	0.45	0.48	0.48	0	0	0.45
