100	0.11	0.16	0.16	0	0	0.11
200	0.12	0.17	0.17	0	0	0.12
300	0.11	0.19	0.19	0	0	0.11
400	0.13	0.21	0.21	0	0	0.13
500	0.14	0.21	0.21	0	0	0.14
600	0.13	0.21	0.21	0	0	0.13
700	0.13	0.22	0.22	0	0	0.13
800	0.14	0.22	0.22	0	0	0.14
900	0.14	0.25	0.25	0	0	0.14
1000	0.14	0.25	0.25	0	0	0.14
1100	0.15	0.25	0.25	0	0	0.15
1200	0.15	0.25	0.25	0	0	0.15
1300	0.17	0.25	0.25	0	0	0.17
1400	0.16	0.25	0.25	0	0	0.16
1500	0.16	0.26	0.26	0	0	0.16
1600	0.16	0.28	0.28	0	0	0.16
1700	0.17	0.3	0.3	0	0	0.17
1800	0.18	0.3	0.3	0	0	0.18
1900	0.17	0.3	0.3	0	0	0.17
2000	0.17	0.3	0.3	0	0	0.17
2100	0.17	0.3	0.3	0	0	0.17
2200	0.17	0.3	0.3	0	0	0.17
2300	0.17	0.32	0.32	0	0	0.17
2400	0.17	0.34	0.34	0	0	0.17
2500	0.17	0.34	0.34	0	0	0.17
2600	0.17	0.34	0.34	0	0	0.17
2700	0.17	0.34	0.34	0	0	0.17
2800	0.2	0.33	0.33	0	0	0.2
2900	0.2	0.33	0.33	0	0	0.2
3000	0.2	0.33	0.33	0	0	0.2
3100	0.2	0.33	0.33	0	0	0.2
3200	0.2	0.33	0.33	0	0	0.2
3300	0.21	0.33	0.33	0	0	0.21
3400	0.21	0.33	0.33	0	0	0.21
3500	0.21	0.35	0.35	0	0	0.21
3600	0.22	0.35	0.35	0	0	0.22
3700	0.21	0.35	0.35	0	0	0.21
3800	0.21	0.35	0.35	0	0	0.21
3900	0.22	0.35	0.35	0	0	0.22
4000	0.22	0.36	0.36	0	0	0.22
4100	0.22	0.36	0.36	0	0	0.22
4200	0.22	0.35	0.35	0	0	0.22
4300	0.22	0.36	0.36	0	0	0.22
4400	0.23	0.36	0.36	0	0	0.23
4500	0.23	0.35	0.35	0	0	0.23
4600	0.23	0.37	0.37	0	0	0.23
4700	0.24	0.38	0.38	0	0	0.24
4800	0.25	0.38	0.38	0	0	0.25
4900	0.25	0.38	0.38	0	0	0.25
5000	0.25	0.38	0.38	0	0	0.25
5100	0.25	0.38	0.38	0	0	0.25
5200	0.25	0.38	0.38	0	0	0.25
5300	0.25	0.39	0.39	0	0	0.25
5400	0.26	0.39	0.39	0	0	0.26
5500	0.26	0.4	0.4	0	0	0.26
5600	0.26	0.4	0.4	0	0	0.26
5700	0.26	0.4	0.4	0	0	0.26
5800	0.26	0.4	0.4	0	0	0.26
5900	0.27	0.41	0.41	0	0	0.27
6000	0.27	0.4	0.4	0	0	0.27
6100	0.27	0.4	0.4	0	0	0.27
6200	0.28	0.39	0.39	0	0	0.28
6300	0.27	0.39	0.39	0	0	0.27
6400	0.26	0.4	0.4	0	0	0.26
6500	0.26	0.4	0.4	0	0	0.26
6600	0.26	0.4	0.4	0	0	0.26
6700	0.26	0.4	0.4	0	0	0.26
6800	0.26	0.4	0.4	0	0	0.26
6900	0.27	0.4	0.4	0	0	0.27
7000	0.28	0.4	0.4	0	0	0.28
7100	0.29	0.41	0.41	0	0	0.29
7200	0.29	0.43	0.43	0	0	0.29
7300	0.3	0.44	0.44	0	0	0.3
7400	0.29	0.43	0.43	0	0	0.29
7500	0.3	0.43	0.43	0	0	0.3
7600	0.3	0.43	0.43	0	0	0.3
7700	0.3	0.4	0.4	0	0	0.3
7800	0.3	0.4	0.4	0	0	0.3
7900	0.3	0.4	0.4	0	0	0.3
8000	0.3	0.4	0.4	0	0	0.3
8100	0.28	0.4	0.4	0	0	0.28
8200	0.28	0.41	0.41	0	0	0.28
8300	0.28	0.41	0.41	0	0	0.28
8400	0.29	0.41	0.41	0	0	0.29
8500	0.29	0.41	0.41	0	0	0.29
8600	0.28	0.41	0.41	0	0	0.28
8700	0.28	0.41	0.41	0	0	0.28
8800	0.28	0.41	0.41	0	0	0.28
8900	0.27	0.41	0.41	0	0	0.27
9000	0.27	0.4	0.4	0	0	0.27
9100	0.27	0.4	0.4	0	0	0.27
9200	0.27	0.4	0.4	0	0	0.27
9300	0.28	0.39	0.39	0	0	0.28
9400	0.28	0.39	0.39	0	0	0.28
9500	0.28	0.4	0.4	0	0	0.28
9600	0.28	0.4	0.4	0	0	0.28
9700	0.29	0.4	0.4	0	0	0.29
9800	0.29	0.4	0.4	0	0	0.29
9900	0.29	0.41	0.41	0	0	0.29
10000	0.29	0.4	0.4	0	0	0.29
10100	0.29	0.4	0.4	0	0	0.29
10200	0.29	0.4	0.4	0	0	0.29
10300	0.29	0.4	0.4	0	0	0.29
10400	0.29	0.4	0.4	0	0	0.29
10500	0.3	0.4	0.4	0	0	0.3
10600	0.3	0.4	0.4	0	0	0.3
10700	0.29	0.4	0.4	0	0	0.29
10800	0.28	0.4	0.4	0	0	0.28
10900	0.28	0.4	0.4	0	0	0.28
11000	0.3	0.4	0.4	0	0	0.3
11100	0.32	0.4	0.4	0	0	0.32
11200	0.32	0.4	0.4	0	0	0.32
11300	0.33	0.4	0.4	0	0	0.33
11400	0.33	0.39	0.39	0	0	0.33
11500	0.33	0.39	0.39	0	0	0.33
11600	0.33	0.39	0.39	0	0	0.33
11700	0.33	0.39	0.39	0	0	0.33
11800	0.34	0.39	0.39	0	0	0.34
11900	0.34	0.4	0.4	0	0	0.34
12000	0.34	0.41	0.41	0	0	0.34
12100	0.35	0.41	0.41	0	0	0.35
12200	0.34	0.41	0.41	0	0	0.34
12300	0.33	0.41	0.41	0	0	0.33
12400	0.33	0.41	0.41	0	0	0.33
12500	0.33	0.43	0.43	0	0	0.33
12600	0.33	0.43	0.43	0	0	0.33
12700	0.33	0.43	0.43	0	0	0.33
12800	0.33	0.43	0.43	0	0	0.33
12900	0.34	0.45	0.45	0	0	0.34
13000	0.34	0.44	0.44	0	0	0.34
13100	0.34	0.44	0.44	0	0	0.34
13200	0.34	0.44	0.44	0	0	0.34
13300	0.34	0.44	0.44	0	0	0.34
13400	0.34	0.44	0.44	0	0	0.34
13500	0.35	0.45	0.45	0	0	0.35
13600	0.35	0.46	0.46	0	0	0.35
13700	0.36	0.45	0.45	0	0	0.36
13800	0.35	0.45	0.45	0	0	0.35
13900	0.35	0.44	0.44	0	0	0.35
14000	0.37	0.44	0.44	0	0	0.37
14100	0.37	0.44	0.44	0	0	0.37
14200	0.37	0.44	0.44	0	0	0.37
14300	0.38	0.43	0.43	0	0	0.38
14400	0.37	0.43	0.43	0	0	0.37
14500	0.37	0.43	0.43	0	0	0.37
14600	0.38	0.42	0.42	0	0	0.38
14700	0.37	0.42	0.42	0	0	0.37
14800	0.37	0.42	0.42	0	0	0.37
14900	0.37	0.42	0.42	0	0	0.37
15000	0.37	0.42	0.42	0	0	0.37
15100	0.37	0.42	0.42	0	0	0.37
15200	0.37	0.42	0.42	0	0	0.37
15300	0.37	0.42	0.42	0	0	0.37
15400	0.36	0.42	0.42	0	0	0.36
15500	0.36	0.43	0.43	0	0	0.36
15600	0.34	0.43	0.43	0	0	0.34
15700	0.32	0.43	0.43	0	0	0.32
15800	0.32	0.42	0.42	0	0	0.32
15900	0.32	0.42	0.42	0	0	0.32
16000	0.33	0.43	0.43	0	0	0.33
16100	0.33	0.42	0.42	0	0	0.33
16200	0.33	0.41	0.41	0	0	0.33
16300	0.33	0.42	0.42	0	0	0.33
16400	0.34	0.42	0.42	0	0	0.34
16500	0.34	0.42	0.42	0	0	0.34
16600	0.34	0.42	0.42	0	0	0.34
16700	0.34	0.42	0.42	0	0	0.34
16800	0.34	0.41	0.41	0	0	0.34
16900	0.34	0.4	0.4	0	0	0.34
17000	0.34	0.4	0.4	0	0	0.34
17100	0.34	0.4	0.4	0	0	0.34
17200	0.33	0.41	0.41	0	0	0.33
17300	0.33	0.41	0.41	0	0	0.33
17400	0.33	0.42	0.42	0	0	0.33
17500	0.33	0.42	0.42	0	0	0.33
17600	0.32	0.42	0.42	0	0	0.32
17700	0.32	0.43	0.43	0	0	0.32
17800	0.32	0.44	0.44	0	0	0.32
17900	0.32	0.43	0.43	0	0	0.32
18000	0.32	0.44	0.44	0	0	0.32
18100	0.32	0.44	0.44	0	0	0.32
18200	0.32	0.44	0.44	0	0	0.32
18300	0.32	0.44	0.44	0	0	0.32
18400	0.31	0.44	0.44	0	0	0.31
18500	0.31	0.44	0.44	0	0	0.31
18600	0.31	0.43	0.43	0	0	0.31
18700	0.31	0.43	0.43	0	0	0.31
18800	0.32	0.43	0.43	0	0	0.32
18900	0.32	0.45	0.45	0	0	0.32
19000	0.34	0.46	0.46	0	0	0.34
19100	0.33	0.46	0.46	0	0	0.33
19200	0.33	0.46	0.46	0	0	0.33
19300	0.33	0.46	0.46	0	0	0.33
19400	0.32	0.46	0.46	0	0	0.32
19500	0.33	0.46	0.46	0	0	0.33
19600	0.33	0.46	0.46	0	0	0.33
19700	0.33	0.46	0.46	0	0	0.33
19800	0.33	0.47	0.47	0	0	0.33
19900	0.33	0.47	0.47	0	0	0.33
20000	0.34	0.47	0.47	0	0	0.34
20100	0.34	0.47	0.47	0	0	0.34
20200	0.34	0.47	0.47	0	0	0.34
20300	0.34	0.47	0.47	0	0	0.34
20400	0.34	0.47	0.47	0	0	0.34
20500	0.34	0.47	0.47	0	0	0.34
20600	0.35	0.47	0.47	0	0	0.35
20700	0.35	0.47	0.47	0	0	0.35
20800	0.35	0.46	0.46	0	0	0.35
20900	0.34	0.46	0.46	0	0	0.34
21000	0.34	0.46	0.46	0	0	0.34
21100	0.35	0.46	0.46	0	0	0.35
21200	0.35	0.46	0.46	0	0	0.35
21300	0.35	0.46	0.46	0	0	0.35
21400	0.35	0.46	0.46	0	0	0.35
21500	0.35	0.48	0.48	0	0	0.35
21600	0.35	0.47	0.47	0	0	0.35
21700	0.35	0.47	0.47	0	0	0.35
21800	0.35	0.47	0.47	0	0	0.35
21900	0.35	0.47	0.47	0	0	0.35
22000	0.35	0.47	0.47	0	0	0.35
22100	0.36	0.47	0.47	0	0	0.36
22200	0.36	0.47	0.47	0	0	0.36
22300	0.36	0.47	0.47	0	0	0.36
22400	0.39	0.48	0.48	0	0	0.39
22500	0.39	0.48	0.48	0	0	0.39
22600	0.39	0.48	0.48	0	0	0.39
22700	0.38	0.48	0.48	0	0	0.38
22800	0.38	0.48	0.48	0	0	0.38
22900	0.39	0.48	0.48	0	0	0.39
23000	0.39	0.48	0.48	0	0	0.39
23100	0.39	0.49	0.49	0	0	0.39
23200	0.39	0.49	0.49	0	0	0.39
23300	0.39	0.48	0.48	0	0	0.39
23400	0.39	0.48	0.48	0	0	0.39
23500	0.39	0.48	0.48	0	0	0.39
23600	0.39	0.48	0.48	0	0	0.39
23700	0.39	0.48	0.48	0	0	0.39
23800	0.38	0.49	0.49	0	0	0.38
23900	0.38	0.49	0.49	0	0	0.38
24000	0.38	0.49	0.49	0	0	0.38
24100	0.38	0.49	0.49	0	0	0.38
24200	0.38	0.49	0.49	0	0	0.38
24300	0.38	0.49	0.49	0	0	0.38
24400	0.38	0.49	0.49	0	0	0.38
24500	0.38	0.49	0.49	0	0	0.38
24600	0.38	0.49	0.49	0	0	0.38
24700	0.38	0.49	0.49	0	0	0.38
24800	0.38	0.49	0.49	0	0	0.38
24900	0.38	0.49	0.49	0	0	0.38
25000	0.38	0.49	0.49	0	0	0.38
25100	0.38	0.49	0.49	0	0	0.38
25200	0.38	0.49	0.49	0	0	0.38
25300	0.38	0.5	0.5	0	0	0.38
25400	0.38	0.5	0.5	0	0	0.38
25500	0.38	0.5	0.5	0	0	0.38
25600	0.38	0.5	0.5	0	0	0.38
25700	0.39	0.5	0.5	0	0	0.39
25800	0.39	0.5	0.5	0	0	0.39
25900	0.39	0.49	0.49	0	0	0.39
26000	0.39	0.49	0.49	0	0	0.39
26100	0.4	0.49	0.49	0	0	0.4
26200	0.42	0.49	0.49	0	0	0.42
26300	0.42	0.49	0.49	0	0	0.42
26400	0.42	0.49	0.49	0	0	0.42
26500	0.42	0.49	0.49	0	0	0.42
26600	0.41	0.49	0.49	0	0	0.41
26700	0.41	0.49	0.49	0	0	0.41
26800	0.41	0.49	0.49	0	0	0.41
26900	0.41	0.5	0.5	0	0	0.41
27000	0.41	0.5	0.5	0	0	0.41
27100	0.41	0.5	0.5	0	0	0.41
27200	0.41	0.5	0.5	0	0	0.41
27300	0.41	0.51	0.51	0	0	0.41
27400	0.41	0.51	0.51	0	0	0.41
27500	0.41	0.51	0.51	0	0	0.41
27600	0.41	0.51	0.51	0	0	0.41
27700	0.42	0.5	0.5	0	0	0.42
27800	0.42	0.5	0.5	0	0	0.42
27900	0.42	0.5	0.5	0	0	0.42
28000	0.42	0.5	0.5	0	0	0.42
28100	0.42	0.5	0.5	0	0	0.42
28200	0.42	0.5	0.5	0	0	0.42
28300	0.41	0.5	0.5	0	0	0.41
28400	0.42	0.5	0.5	0	0	0.42
28500	0.42	0.5	0.5	0	0	0.42
28600	0.42	0.49	0.49	0	0	0.42
28700	0.42	0.49	0.49	0	0	0.42
28800	0.42	0.49	0.49	0	0	0.42
28900	0.42	0.49	0.49	0	0	0.42
29000	0.42	0.49	0.49	0	0	0.42
29100	0.42	0.49	0.49	0	0	0.42
29200	0.42	0.49	0.49	0	0	0.42
29300	0.42	0.49	0.49	0	0	0.42
29400	0.42	0.49	0.49	0	0	0.42
29500	0.42	0.49	0.49	0	0	0.42
29600	0.42	0.49	0.49	0	0	0.42
29700	0.42	0.49	0.49	0	0	0.42
29800	0.42	0.49	0.49	0	0	0.42
29900	0.42	0.49	0.49	0	0	0.42
30000	0.42	0.49	0.49	0	0	0.42
30100	0.42	0.49	0.49	0	0	0.42
30200	0.41	0.49	0.49	0	0	0.41
30300	0.41	0.49	0.49	0	0	0.41
30400	0.4	0.49	0.49	0	0	0.4
30500	0.4	0.49	0.49	0	0	0.4
30600	0.4	0.49	0.49	0	0	0.4
30700	0.4	0.49	0.49	0	0	0.4
30800	0.4	0.49	0.49	0	0	0.4
30900	0.4	0.48	0.48	0	0	0.4
31000	0.4	0.48	0.48	0	0	0.4
31100	0.4	0.48	0.48	0	0	0.4
31200	0.38	0.48	0.48	0	0	0.38
31300	0.38	0.47	0.47	0	0	0.38
31400	0.38	0.47	0.47	0	0	0.38
31500	0.38	0.47	0.47	0	0	0.38
31600	0.38	0.47	0.47	0	0	0.38
31700	0.38	0.46	0.46	0	0	0.38
31800	0.38	0.46	0.46	0	0	0.38
31900	0.38	0.46	0.46	0	0	0.38
32000	0.38	0.45	0.45	0	0	0.38
32100	0.38	0.45	0.45	0	0	0.38
32200	0.38	0.45	0.45	0	0	0.38
32300	0.38	0.45	0.45	0	0	0.38
32400	0.38	0.46	0.46	0	0	0.38
32500	0.38	0.46	0.46	0	0	0.38
32600	0.39	0.46	0.46	0	0	0.39
32700	0.39	0.46	0.46	0	0	0.39
32800	0.39	0.46	0.46	0	0	0.39
32900	0.39	0.47	0.47	0	0	0.39
33000	0.39	0.48	0.48	0	0	0.39
33100	0.39	0.48	0.48	0	0	0.39
33200	0.39	0.48	0.48	0	0	0.39
33300	0.39	0.48	0.48	0	0	0.39
33400	0.39	0.48	0.48	0	0	0.39
33500	0.4	0.47	0.47	0	0	0.4
33600	0.4	0.47	0.47	0	0	0.4
33700	0.4	0.47	0.47	0	0	0.4
33800	0.4	0.47	0.47	0	0	0.4
33900	0.4	0.47	0.47	0	0	0.4
34000	0.4	0.47	0.47	0	0	0.4
34100	0.39	0.47	0.47	0	0	0.39
34200	0.39	0.47	0.47	0	0	0.39
34300	0.39	0.46	0.46	0	0	0.39
34400	0.38	0.46	0.46	0	0	0.38
34500	0.38	0.45	0.45	0	0	0.38
34600	0.38	0.45	0.45	0	0	0.38
34700	0.39	0.45	0.45	0	0	0.39
34800	0.39	0.45	0.45	0	0	0.39
34900	0.39	0.46	0.46	0	0	0.39
35000	0.39	0.45	0.45	0	0	0.39
35100	0.39	0.44	0.44	0	0	0.39
35200	0.39	0.44	0.44	0	0	0.39
35300	0.39	0.44	0.44	0	0	0.39
35400	0.4	0.44	0.44	0	0	0.4
35500	0.39	0.44	0.44	0	0	0.39
35600	0.39	0.45	0.45	0	0	0.39
35700	0.39	0.44	0.44	0	0	0.39
35800	0.39	0.44	0.44	0	0	0.39
35900	0.39	0.44	0.44	0	0	0.39
36000	0.39	0.44	0.44	0	0	0.39
36100	0.39	0.44	0.44	0	0	0.39
36200	0.39	0.44	0.44	0	0	0.39
36300	0.39	0.44	0.44	0	0	0.39
36400	0.39	0.44	0.44	0	0	0.39
36500	0.39	0.44	0.44	0	0	0.39
36600	0.39	0.44	0.44	0	0	0.39
36700	0.39	0.44	0.44	0	0	0.39
36800	0.39	0.44	0.44	0	0	0.39
36900	0.39	0.45	0.45	0	0	0.39
37000	0.39	0.45	0.45	0	0	0.39
37100	0.39	0.45	0.45	0	0	0.39
37200	0.39	0.45	0.45	0	0	0.39
37300	0.39	0.45	0.45	0	0	0.39
37400	0.39	0.45	0.45	0	0	0.39
37500	0.39	0.45	0.45	0	0	0.39
37600	0.4	0.45	0.45	0	0	0.4
37700	0.4	0.45	0.45	0	0	0.4
37800	0.4	0.45	0.45	0	0	0.4
37900	0.4	0.45	0.45	0	0	0.4
38000	0.4	0.45	0.45	0	0	0.4
38100	0.4	0.45	0.45	0	0	0.4
38200	0.4	0.45	0.45	0	0	0.4
38300	0.4	0.45	0.45	0	0	0.4
38400	0.4	0.44	0.44	0	0	0.4
38500	0.41	0.44	0.44	0	0	0.41
38600	0.4	0.44	0.44	0	0	0.4
38700	0.4	0.44	0.44	0	0	0.4
38800	0.4	0.44	0.44	0	0	0.4
38900	0.4	0.43	0.43	0	0	0.4
39000	0.41	0.43	0.43	0	0	0.41
39100	0.4	0.43	0.43	0	0	0.4
39200	0.4	0.43	0.43	0	0	0.4
39300	0.41	0.43	0.43	0	0	0.41
39400	0.41	0.43	0.43	0	0	0.41
39500	0.41	0.43	0.43	0	0	0.41
39600	0.41	0.43	0.43	0	0	0.41
39700	0.41	0.43	0.43	0	0	0.41
39800	0.41	0.43	0.43	0	0	0.41
39900	0.41	0.43	0.43	0	0	0.41
40000	0.42	0.43	0.43	0	0	0.42
40100	0.42	0.43	0.43	0	0	0.42
40200	0.42	0.43	0.43	0	0	0.42
40300	0.42	0.43	0.43	0	0	0.42
40400	0.42	0.43	0.43	0	0	0.42
40500	0.42	0.43	0.43	0	0	0.42
40600	0.42	0.44	0.44	0	0	0.42
40700	0.42	0.44	0.44	0	0	0.42
40800	0.42	0.43	0.43	0	0	0.42
40900	0.42	0.43	0.43	0	0	0.42
41000	0.42	0.43	0.43	0	0	0.42
41100	0.42	0.43	0.43	0	0	0.42
41200	0.42	0.42	0.42	0	0	0.42
41300	0.41	0.42	0.42	0	0	0.41
41400	0.41	0.43	0.43	0	0	0.41
41500	0.41	0.43	0.43	0	0	0.41
41600	0.41	0.43	0.43	0	0	0.41
41700	0.41	0.43	0.43	0	0	0.41
41800	0.41	0.43	0.43	0	0	0.41
41900	0.41	0.43	0.43	0	0	0.41
42000	0.41	0.43	0.43	0	0	0.41
42100	0.41	0.43	0.43	0	0	0.41
42200	0.41	0.43	0.43	0	0	0.41
42300	0.4	0.43	0.43	0	0	0.4
42400	0.4	0.44	0.44	0	0	0.4
42500	0.4	0.44	0.44	0	0	0.4
42600	0.4	0.44	0.44	0	0	0.4
42700	0.41	0.44	0.44	0	0	0.41
42800	0.41	0.43	0.43	0	0	0.41
42900	0.41	0.44	0.44	0	0	0.41
43000	0.41	0.44	0.44	0	0	0.41
43100	0.41	0.44	0.44	0	0	0.41
43200	0.41	0.44	0.44	0	0	0.41
43300	0.41	0.45	0.45	0	0	0.41
43400	0.41	0.45	0.45	0	0	0.41
43500	0.41	0.45	0.45	0	0	0.41
43600	0.41	0.45	0.45	0	0	0.41
43700	0.41	0.45	0.45	0	0	0.41
43800	0.41	0.45	0.45	0	0	0.41
43900	0.41	0.45	0.45	0	0	0.41
44000	0.41	0.45	0.45	0	0	0.41
44100	0.41	0.46	0.46	0	0	0.41
44200	0.41	0.46	0.46	0	0	0.41
44300	0.41	0.46	0.46	0	0	0.41
44400	0.41	0.46	0.46	0	0	0.41
44500	0.41	0.46	0.46	0	0	0.41
44600	0.41	0.46	0.46	0	0	0.41
44700	0.41	0.46	0.46	0	0	0.41
44800	0.41	0.46	0.46	0	0	0.41
44900	0.41	0.46	0.46	0	0	0.41
45000	0.41	0.46	0.46	0	0	0.41
45100	0.41	0.46	0.46	0	0	0.41
45200	0.41	0.46	0.46	0	0	0.41
45300	0.42	0.46	0.46	0	0	0.42
45400	0.42	0.46	0.46	0	0	0.42
45500	0.42	0.46	0.46	0	0	0.42
45600	0.42	0.46	0.46	0	0	0.42
45700	0.42	0.46	0.46	0	0	0.42
45800	0.42	0.46	0.46	0	0	0.42
45900	0.42	0.46	0.46	0	0	0.42
46000	0.42	0.46	0.46	0	0	0.42
46100	0.42	0.46	0.46	0	0	0.42
46200	0.44	0.46	0.46	0	0	0.44
46300	0.43	0.46	0.46	0	0	0.43
46400	0.43	0.46	0.46	0	0	0.43
46500	0.43	0.46	0.46	0	0	0.43
46600	0.43	0.45	0.45	0	0	0.43
46700	0.43	0.45	0.45	0	0	0.43
46800	0.43	0.45	0.45	0	0	0.43
46900	0.43	0.45	0.45	0	0	0.43
47000	0.43	0.45	0.45	0	0	0.43
47100	0.43	0.45	0.45	0	0	0.43
47200	0.43	0.45	0.45	0	0	0.43
47300	0.43	0.46	0.46	0	0	0.43
47400	0.43	0.46	0.46	0	0	0.43
47500	0.43	0.46	0.46	0	0	0.43
47600	0.43	0.46	0.46	0	0	0.43
47700	0.43	0.46	0.46	0	0	0.43
47800	0.43	0.45	0.45	0	0	0.43
47900	0.43	0.45	0.45	0	0	0.43
48000	0.43	0.45	0.45	0	0	0.43
48100	0.43	0.45	0.45	0	0	0.43
48200	0.43	0.45	0.45	0	0	0.43
48300	0.43	0.45	0.45	0	0	0.43
48400	0.43	0.45	0.45	0	0	0.43
48500	0.43	0.45	0.45	0	0	0.43
48600	0.43	0.45	0.45	0	0	0.43
48700	0.43	0.45	0.45	0	0	0.43
48800	0.43	0.45	0.45	0	0	0.43
48900	0.43	0.45	0.45	0	0	0.43
49000	0.43	0.45	0.45	0	0	0.43
49100	0.43	0.45	0.45	0	0	0.43
49200	0.43	0.45	0.45	0	0	0.43
49300	0.43	0.45	0.45	0	0	0.43
49400	0.43	0.45	0.45	0	0	0.43
49500	0.43	0.45	0.45	0	0	0.43
49600	0.43	0.45	0.45	0	0	0.43
49700	0.43	0.45	0.45	0	0	0.43
49800	0.43	0.45	0.45	0	0	0.43
49900	0.43	0.45	0.45	0	0	0.43
50000	0.43	0.45	0.45	0	0	0.43
50100	0.43	0.45	0.45	0	0	0.43
50200	0.43	0.45	0.45	0	0	0.43
50300	0.43	0.45	0.45	0	0	0.43
50400	0.43	0.45	0.45	0	0	0.43
50500	0.44	0.45	0.45	0	0	0.44
50600	0.44	0.45	0.45	0	0	0.44
50700	0.44	0.45	0.45	0	0	0.44
50800	0.44	0.44	0.44	0	0	0.44
50900	0.45	0.44	0.44	0	0	0.45
51000	0.45	0.44	0.44	0	0	0.45
51100	0.45	0.44	0.44	0	0	0.45
51200	0.45	0.44	0.44	0	0	0.45
51300	0.45	0.45	0.45	0	0	0.45
51400	0.45	0.45	0.45	0	0	0.45
51500	0.45	0.45	0.45	0	0	0.45
51600	0.45	0.45	0.45	0	0	0.45
51700	0.45	0.45	0.45	0	0	0.45
51800	0.45	0.45	0.45	0	0	0.45
51900	0.45	0.45	0.45	0	0	0.45
52000	0.45	0.46	0.46	0	0	0.45
52100	0.45	0.46	0.46	0	0	0.45
52200	0.44	0.46	0.46	0	0	0.44
52300	0.44	0.46	0.46	0	0	0.44
52400	0.44	0.46	0.46	0	0	0.44
52500	0.44	0.46	0.46	0	0	0.44
52600	0.44	0.45	0.45	0	0	0.44
52700	0.44	0.46	0.46	0	0	0.44
52800	0.45	0.45	0.45	0	0	0.45
52900	0.45	0.44	0.44	0	0	0.45
53000	0.45	0.44	0.44	0	0	0.45
53100	0.45	0.44	0.44	0	0	0.45
53200	0.45	0.44	0.44	0	0	0.45
53300	0.45	0.44	0.44	0	0	0.45
53400	0.45	0.44	0.44	0	0	0.45
53500	0.46	0.44	0.44	0	0	0.46
53600	0.46	0.44	0.44	0	0	0.46
53700	0.47	0.44	0.44	0	0	0.47
53800	0.47	0.44	0.44	0	0	0.47
53900	0.47	0.44	0.44	0	0	0.47
54000	0.47	0.44	0.44	0	0	0.47
54100	0.47	0.44	0.44	0	0	0.47
54200	0.47	0.44	0.44	0	0	0.47
54300	0.47	0.44	0.44	0	0	0.47
54400	0.47	0.44	0.44	0	0	0.47
54500	0.47	0.44	0.44	0	0	0.47
54600	0.47	0.44	0.44	0	0	0.47
54700	0.47	0.44	0.44	0	0	0.47
54800	0.46	0.44	0.44	0	0	0.46
54900	0.47	0.44	0.44	0	0	0.47
55000	0.47	0.44	0.44	0	0	0.47
55100	0.47	0.44	0.44	0	0	0.47
55200	0.46	0.44	0.44	0	0	0.46
55300	0.46	0.44	0.44	0	0	0.46
55400	0.46	0.44	0.44	0	0	0.46
55500	0.46	0.44	0.44	0	0	0.46
55600	0.46	0.44	0.44	0	0	0.46
55700	0.46	0.44	0.44	0	0	0.46
55800	0.46	0.44	0.44	0	0	0.46
55900	0.46	0.44	0.44	0	0	0.46
56000	0.46	0.44	0.44	0	0	0.46
56100	0.46	0.44	0.44	0	0	0.46
56200	0.46	0.44	0.44	0	0	0.46
56300	0.46	0.44	0.44	0	0	0.46
56400	0.46	0.44	0.44	0	0	0.46
56500	0.46	0.44	0.44	0	0	0.46
56600	0.46	0.44	0.44	0	0	0.46
56700	0.46	0.44	0.44	0	0	0.46
56800	0.46	0.44	0.44	0	0	0.46
56900	0.46	0.44	0.44	0	0	0.46
57000	0.46	0.44	0.44	0	0	0.46
57100	0.46	0.44	0.44	0	0	0.46
57200	0.46	0.44	0.44	0	0	0.46
57300	0.46	0.44	0.44	0	0	0.46
57400	0.46	0.44	0.44	0	0	0.46
57500	0.46	0.44	0.44	0	0	0.46
57600	0.46	0.44	0.44	0	0	0.46
57700	0.46	0.44	0.44	0	0	0.46
57800	0.46	0.45	0.45	0	0	0.46
57900	0.46	0.45	0.45	0	0	0.46
58000	0.46	0.45	0.45	0	0	0.46
58100	0.46	0.45	0.45	0	0	0.46
58200	0.46	0.44	0.44	0	0	0.46
58300	0.46	0.44	0.44	0	0	0.46
58400	0.46	0.44	0.44	0	0	0.46
58500	0.46	0.45	0.45	0	0	0.46
58600	0.47	0.45	0.45	0	0	0.47
58700	0.46	0.45	0.45	0	0	0.46
58800	0.46	0.45	0.45	0	0	0.46
58900	0.46	0.45	0.45	0	0	0.46
59000	0.47	0.45	0.45	0	0	0.47
59100	0.47	0.45	0.45	0	0	0.47
59200	0.47	0.45	0.45	0	0	0.47
59300	0.47	0.45	0.45	0	0	0.47
59400	0.47	0.45	0.45	0	0	0.47
59500	0.47	0.45	0.45	0	0	0.47
59600	0.47	0.45	0.45	0	0	0.47
59700	0.47	0.45	0.45	0	0	0.47
59800	0.47	0.45	0.45	0	0	0.47
59900	0.47	0.45	0.45	0	0	0.47
60000	0.47	0.45	0.45	0	0	0.47
60100	0.47	0.46	0.46	0	0	0.47
60200	0.47	0.46	0.46	0	0	0.47
60300	0.47	0.46	0.46	0	0	0.47
60400	0.47	0.46	0.46	0	0	0.47
60500	0.47	0.46	0.46	0	0	0.47
60600	0.47	0.46	0.46	0	0	0.47
60700	0.46	0.46	0.46	0	0	0.46
60800	0.46	0.46	0.46	0	0	0.46
60900	0.45	0.46	0.46	0	0	0.45
61000	0.45	0.46	0.46	0	0	0.45
61100	0.45	0.46	0.46	0	0	0.45
61200	0.45	0.46	0.46	0	0	0.45
61300	0.45	0.46	0.46	0	0	0.45
61400	0.45	0.46	0.46	0	0	0.45
61500	0.44	0.46	0.46	0	0	0.44
61600	0.43	0.46	0.46	0	0	0.43
61700	0.43	0.46	0.46	0	0	0.43
61800	0.43	0.46	0.46	0	0	0.43
61900	0.44	0.46	0.46	0	0	0.44
62000	0.44	0.46	0.46	0	0	0.44
62100	0.44	0.46	0.46	0	0	0.44
62200	0.44	0.46	0.46	0	0	0.44
62300	0.44	0.46	0.46	0	0	0.44
62400	0.44	0.46	0.46	0	0	0.44
62500	0.44	0.47	0.47	0	0	0.44
62600	0.44	0.47	0.47	0	0	0.44
62700	0.44	0.47	0.47	0	0	0.44
62800	0.44	0.47	0.47	0	0	0.44
62900	0.44	0.47	0.47	0	0	0.44
63000	0.45	0.47	0.47	0	0	0.45
63100	0.45	0.47	0.47	0	0	0.45
63200	0.45	0.47	0.47	0	0	0.45
63300	0.45	0.47	0.47	0	0	0.45
63400	0.45	0.47	0.47	0	0	0.45
63500	0.45	0.47	0.47	0	0	0.45
63600	0.45	0.47	0.47	0	0	0.45
63700	0.45	0.47	0.47	0	0	0.45
63800	0.44	0.47	0.47	0	0	0.44
63900	0.44	0.47	0.47	0	0	0.44
64000	0.44	0.47	0.47	0	0	0.44
64100	0.44	0.47	0.47	0	0	0.44
64200	0.44	0.48	0.48	0	0	0.44
64300	0.43	0.48	0.48	0	0	0.43
64400	0.43	0.48	0.48	0	0	0.43
64500	0.44	0.48	0.48	0	0	0.44
64600	0.43	0.48	0.48	0	0	0.43
64700	0.43	0.48	0.48	0	0	0.43
64800	0.43	0.48	0.48	0	0	0.43
64900	0.43	0.48	0.48	0	0	0.43
65000	0.43	0.48	0.48	0	0	0.43
65100	0.43	0.48	0.48	0	0	0.43
65200	0.43	0.48	0.48	0	0	0.43
65300	0.43	0.48	0.48	0	0	0.43
65400	0.44	0.48	0.48	0	0	0.44
65500	0.43	0.48	0.48	0	0	0.43
65600	0.43	0.48	0.48	0	0	0.43
65700	0.43	0.48	0.48	0	0	0.43
65800	0.43	0.48	0.48	0	0	0.43
65900	0.43	0.48	0.48	0	0	0.43
66000	0.43	0.48	0.48	0	0	0.43
66100	0.43	0.49	0.49	0	0	0.43
66200	0.43	0.49	0.49	0	0	0.43
66300	0.43	0.49	0.49	0	0	0.43
66400	0.43	0.49	0.49	0	0	0.43
66500	0.42	0.49	0.49	0	0	0.42
66600	0.42	0.49	0.49	0	0	0.42
66700	0.42	0.49	0.49	0	0	0.42
66800	0.42	0.49	0.49	0	0	0.42
66900	0.42	0.49	0.49	0	0	0.42
67000	0.42	0.49	0.49	0	0	0.42
67100	0.42	0.49	0.49	0	0	0.42
67200	0.42	0.49	0.49	0	0	0.42
67300	0.42	0.49	0.49	0	0	0.42
67400	0.42	0.49	0.49	0	0	0.42
67500	0.42	0.49	0.49	0	0	0.42
67600	0.42	0.49	0.49	0	0	0.42
67700	0.42	0.49	0.49	0	0	0.42
67800	0.42	0.49	0.49	0	0	0.42
67900	0.42	0.49	0.49	0	0	0.42
68000	0.42	0.49	0.49	0	0	0.42
68100	0.42	0.49	0.49	0	0	0.42
68200	0.41	0.49	0.49	0	0	0.41
68300	0.42	0.48	0.48	0	0	0.42
68400	0.42	0.48	0.48	0	0	0.42
68500	0.42	0.48	0.48	0	0	0.42
68600	0.42	0.48	0.48	0	0	0.42
68700	0.42	0.48	0.48	0	0	0.42
68800	0.42	0.48	0.48	0	0	0.42
68900	0.42	0.48	0.48	0	0	0.42
69000	0.42	0.47	0.47	0	0	0.42
69100	0.42	0.47	0.47	0	0	0.42
69200	0.42	0.47	0.47	0	0	0.42
69300	0.43	0.47	0.47	0	0	0.43
69400	0.43	0.47	0.47	0	0	0.43
69500	0.43	0.47	0.47	0	0	0.43
69600	0.43	0.47	0.47	0	0	0.43
69700	0.43	0.47	0.47	0	0	0.43
69800	0.43	0.47	0.47	0	0	0.43
69900	0.43	0.48	0.48	0	0	0.43
70000	0.43	0.48	0.48	0	0	0.43
70100	0.43	0.48	0.48	0	0	0.43
70200	0.43	0.48	0.48	0	0	0.43
70300	0.43	0.48	0.48	0	0	0.43
70400	0.43	0.48	0.48	0	0	0.43
70500	0.43	0.48	0.48	0	0	0.43
70600	0.43	0.47	0.47	0	0	0.43
70700	0.43	0.47	0.47	0	0	0.43
70800	0.43	0.47	0.47	0	0	0.43
70900	0.43	0.47	0.47	0	0	0.43
71000	0.43	0.47	0.47	0	0	0.43
71100	0.43	0.47	0.47	0	0	0.43
71200	0.43	0.47	0.47	0	0	0.43
71300	0.43	0.47	0.47	0	0	0.43
71400	0.43	0.47	0.47	0	0	0.43
71500	0.43	0.46	0.46	0	0	0.43
71600	0.43	0.46	0.46	0	0	0.43
71700	0.43	0.46	0.46	0	0	0.43
71800	0.43	0.46	0.46	0	0	0.43
71900	0.43	0.46	0.46	0	0	0.43
72000	0.43	0.46	0.46	0	0	0.43
72100	0.43	0.47	0.47	0	0	0.43
72200	0.43	0.47	0.47	0	0	0.43
72300	0.43	0.47	0.47	0	0	0.43
72400	0.42	0.48	0.48	0	0	0.42
72500	0.42	0.48	0.48	0	0	0.42
72600	0.42	0.48	0.48	0	0	0.42
72700	0.42	0.48	0.48	0	0	0.42
72800	0.42	0.48	0.48	0	0	0.42
72900	0.42	0.48	0.48	0	0	0.42
73000	0.42	0.48	0.48	0	0	0.42
73100	0.42	0.48	0.48	0	0	0.42
73200	0.42	0.48	0.48	0	0	0.42
73300	0.42	0.48	0.48	0	0	0.42
73400	0.42	0.48	0.48	0	0	0.42
73500	0.42	0.48	0.48	0	0	0.42
73600	0.42	0.48	0.48	0	0	0.42
73700	0.42	0.48	0.48	0	0	0.42
73800	0.42	0.48	0.48	0	0	0.42
73900	0.42	0.48	0.48	0	0	0.42
74000	0.42	0.48	0.48	0	0	0.42
74100	0.42	0.49	0.49	0	0	0.42
74200	0.42	0.49	0.49	0	0	0.42
74300	0.42	0.49	0.49	0	0	0.42
74400	0.42	0.49	0.49	0	0	0.42
74500	0.42	0.49	0.49	0	0	0.42
74600	0.43	0.49	0.49	0	0	0.43
74700	0.43	0.49	0.49	0	0	0.43
74800	0.43	0.49	0.49	0	0	0.43
74900	0.43	0.49	0.49	0	0	0.43
75000	0.43	0.5	0.5	0	0	0.43
75100	0.43	0.5	0.5	0	0	0.43
75200	0.43	0.49	0.49	0	0	0.43
75300	0.43	0.48	0.48	0	0	0.43
75400	0.43	0.48	0.48	0	0	0.43
75500	0.42	0.48	0.48	0	0	0.42
75600	0.41	0.47	0.47	0	0	0.41
75700	0.42	0.47	0.47	0	0	0.42
75800	0.42	0.47	0.47	0	0	0.42
75900	0.42	0.46	0.46	0	0	0.42
76000	0.42	0.46	0.46	0	0	0.42
76100	0.42	0.46	0.46	0	0	0.42
76200	0.42	0.46	0.46	0	0	0.42
76300	0.43	0.46	0.46	0	0	0.43
76400	0.42	0.46	0.46	0	0	0.42
76500	0.42	0.46	0.46	0	0	0.42
76600	0.42	0.46	0.46	0	0	0.42
76700	0.42	0.46	0.46	0	0	0.42
76800	0.41	0.46	0.46	0	0	0.41
76900	0.41	0.46	0.46	0	0	0.41
77000	0.41	0.46	0.46	0	0	0.41
77100	0.41	0.46	0.46	0	0	0.41
77200	0.41	0.46	0.46	0	0	0.41
77300	0.41	0.46	0.46	0	0	0.41
77400	0.42	0.46	0.46	0	0	0.42
77500	0.42	0.46	0.46	0	0	0.42
77600	0.42	0.46	0.46	0	0	0.42
77700	0.41	0.46	0.46	0	0	0.41
77800	0.4	0.46	0.46	0	0	0.4
77900	0.4	0.46	0.46	0	0	0.4
78000	0.4	0.47	0.47	0	0	0.4
78100	0.4	0.47	0.47	0	0	0.4
78200	0.4	0.47	0.47	0	0	0.4
78300	0.39	0.47	0.47	0	0	0.39
78400	0.39	0.47	0.47	0	0	0.39
78500	0.39	0.47	0.47	0	0	0.39
78600	0.39	0.47	0.47	0	0	0.39
78700	0.39	0.47	0.47	0	0	0.39
78800	0.39	0.47	0.47	0	0	0.39
78900	0.39	0.47	0.47	0	0	0.39
79000	0.39	0.47	0.47	0	0	0.39
79100	0.39	0.47	0.47	0	0	0.39
79200	0.4	0.47	0.47	0	0	0.4
79300	0.4	0.47	0.47	0	0	0.4
79400	0.4	0.47	0.47	0	0	0.4
79500	0.4	0.47	0.47	0	0	0.4
79600	0.4	0.47	0.47	0	0	0.4
79700	0.4	0.47	0.47	0	0	0.4
79800	0.4	0.46	0.46	0	0	0.4
79900	0.41	0.46	0.46	0	0	0.41
80000	0.4	0.46	0.46	0	0	0.4
80100	0.4	0.46	0.46	0	0	0.4
80200	0.4	0.46	0.46	0	0	0.4
80300	0.4	0.47	0.47	0	0	0.4
80400	0.4	0.47	0.47	0	0	0.4
80500	0.41	0.47	0.47	0	0	0.41
80600	0.41	0.47	0.47	0	0	0.41
80700	0.41	0.47	0.47	0	0	0.41
80800	0.41	0.47	0.47	0	0	0.41
80900	0.41	0.47	0.47	0	0	0.41
81000	0.41	0.47	0.47	0	0	0.41
81100	0.42	0.47	0.47	0	0	0.42
81200	0.42	0.47	0.47	0	0	0.42
81300	0.42	0.47	0.47	0	0	0.42
81400	0.42	0.47	0.47	0	0	0.42
81500	0.42	0.47	0.47	0	0	0.42
81600	0.42	0.47	0.47	0	0	0.42
81700	0.42	0.47	0.47	0	0	0.42
81800	0.42	0.47	0.47	0	0	0.42
81900	0.42	0.47	0.47	0	0	0.42
82000	0.42	0.47	0.47	0	0	0.42
82100	0.42	0.47	0.47	0	0	0.42
82200	0.42	0.48	0.48	0	0	0.42
82300	0.42	0.49	0.49	0	0	0.42
82400	0.42	0.49	0.49	0	0	0.42
82500	0.42	0.49	0.49	0	0	0.42
82600	0.42	0.49	0.49	0	0	0.42
82700	0.42	0.49	0.49	0	0	0.42
82800	0.42	0.49	0.49	0	0	0.42
82900	0.42	0.49	0.49	0	0	0.42
83000	0.41	0.49	0.49	0	0	0.41
83100	0.41	0.49	0.49	0	0	0.41
83200	0.41	0.5	0.5	0	0	0.41
83300	0.41	0.5	0.5	0	0	0.41
83400	0.41	0.5	0.5	0	0	0.41
83500	0.41	0.5	0.5	0	0	0.41
83600	0.42	0.5	0.5	0	0	0.42
83700	0.42	0.5	0.5	0	0	0.42
83800	0.42	0.5	0.5	0	0	0.42
83900	0.42	0.5	0.5	0	0	0.42
84000	0.42	0.5	0.5	0	0	0.42
84100	0.42	0.5	0.5	0	0	0.42
84200	0.42	0.5	0.5	0	0	0.42
84300	0.42	0.5	0.5	0	0	0.42
84400	0.42	0.5	0.5	0	0	0.42
84500	0.42	0.5	0.5	0	0	0.42
84600	0.42	0.5	0.5	0	0	0.42
84700	0.42	0.5	0.5	0	0	0.42
84800	0.42	0.5	0.5	0	0	0.42
84900	0.42	0.5	0.5	0	0	0.42
85000	0.42	0.5	0.5	0	0	0.42
85100	0.42	0.5	0.5	0	0	0.42
85200	0.42	0.5	0.5	0	0	0.42
85300	0.42	0.5	0.5	0	0	0.42
85400	0.42	0.5	0.5	0	0	0.42
85500	0.42	0.5	0.5	0	0	0.42
85600	0.42	0.5	0.5	0	0	0.42
85700	0.42	0.5	0.5	0	0	0.42
85800	0.42	0.5	0.5	0	0	0.42
85900	0.42	0.5	0.5	0	0	0.42
86000	0.41	0.5	0.5	0	0	0.41
86100	0.41	0.5	0.5	0	0	0.41
86200	0.41	0.5	0.5	0	0	0.41
86300	0.41	0.5	0.5	0	0	0.41
86400	0.4	0.5	0.5	0	0	0.4
86500	0.4	0.5	0.5	0	0	0.4
86600	0.4	0.49	0.49	0	0	0.4
86700	0.4	0.49	0.49	0	0	0.4
86800	0.4	0.49	0.49	0	0	0.4
86900	0.4	0.49	0.49	0	0	0.4
87000	0.4	0.49	0.49	0	0	0.4
87100	0.4	0.49	0.49	0	0	0.4
87200	0.4	0.49	0.49	0	0	0.4
87300	0.4	0.49	0.49	0	0	0.4
87400	0.41	0.49	0.49	0	0	0.41
87500	0.41	0.49	0.49	0	0	0.41
87600	0.41	0.49	0.49	0	0	0.41
87700	0.41	0.49	0.49	0	0	0.41
87800	0.41	0.49	0.49	0	0	0.41
87900	0.41	0.49	0.49	0	0	0.41
88000	0.41	0.49	0.49	0	0	0.41
88100	0.41	0.49	0.49	0	0	0.41
88200	0.41	0.49	0.49	0	0	0.41
88300	0.41	0.47	0.47	0	0	0.41
88400	0.42	0.47	0.47	0	0	0.42
88500	0.42	0.47	0.47	0	0	0.42
88600	0.42	0.47	0.47	0	0	0.42
88700	0.42	0.47	0.47	0	0	0.42
88800	0.42	0.47	0.47	0	0	0.42
88900	0.42	0.48	0.48	0	0	0.42
89000	0.42	0.48	0.48	0	0	0.42
89100	0.42	0.48	0.48	0	0	0.42
89200	0.42	0.48	0.48	0	0	0.42
89300	0.42	0.48	0.48	0	0	0.42
89400	0.42	0.48	0.48	0	0	0.42
89500	0.42	0.49	0.49	0	0	0.42
89600	0.42	0.49	0.49	0	0	0.42
89700	0.42	0.49	0.49	0	0	0.42
89800	0.42	0.49	0.49	0	0	0.42
89900	0.42	0.49	0.49	0	0	0.42
90000	0.42	0.49	0.49	0	0	0.42
90100	0.42	0.49	0.49	0	0	0.42
90200	0.42	0.49	0.49	0	0	0.42
90300	0.42	0.49	0.49	0	0	0.42
90400	0.42	0.49	0.49	0	0	0.42
90500	0.42	0.49	0.49	0	0	0.42
90600	0.42	0.49	0.49	0	0	0.42
90700	0.42	0.49	0.49	0	0	0.42
90800	0.42	0.49	0.49	0	0	0.42
90900	0.42	0.49	0.49	0	0	0.42
91000	0.42	0.49	0.49	0	0	0.42
91100	0.42	0.49	0.49	0	0	0.42
91200	0.42	0.49	0.49	0	0	0.42
91300	0.42	0.49	0.49	0	0	0.42
91400	0.42	0.49	0.49	0	0	0.42
91500	0.43	0.49	0.49	0	0	0.43
91600	0.43	0.49	0.49	0	0	0.43
91700	0.43	0.49	0.49	0	0	0.43
91800	0.43	0.49	0.49	0	0	0.43
91900	0.43	0.49	0.49	0	0	0.43
92000	0.43	0.49	0.49	0	0	0.43
92100	0.43	0.49	0.49	0	0	0.43
92200	0.43	0.49	0.49	0	0	0.43
92300	0.43	0.49	0.49	0	0	0.43
92400	0.43	0.49	0.49	0	0	0.43
92500	0.43	0.49	0.49	0	0	0.43
92600	0.43	0.49	0.49	0	0	0.43
92700	0.43	0.49	0.49	0	0	0.43
92800	0.43	0.49	0.49	0	0	0.43
92900	0.43	0.49	0.49	0	0	0.43
93000	0.43	0.49	0.49	0	0	0.43
93100	0.43	0.49	0.49	0	0	0.43
93200	0.43	0.49	0.49	0	0	0.43
93300	0.43	0.49	0.49	0	0	0.43
93400	0.44	0.49	0.49	0	0	0.44
93500	0.44	0.49	0.49	0	0	0.44
93600	0.44	0.49	0.49	0	0	0.44
93700	0.44	0.49	0.49	0	0	0.44
93800	0.44	0.49	0.49	0	0	0.44
93900	0.44	0.49	0.49	0	0	0.44
94000	0.44	0.49	0.49	0	0	0.44
94100	0.44	0.49	0.49	0	0	0.44
94200	0.44	0.49	0.49	0	0	0.44
94300	0.44	0.49	0.49	0	0	0.44
94400	0.44	0.49	0.49	0	0	0.44
94500	0.44	0.49	0.49	0	0	0.44
94600	0.44	0.49	0.49	0	0	0.44
94700	0.44	0.49	0.49	0	0	0.44
94800	0.44	0.49	0.49	0	0	0.44
94900	0.44	0.49	0.49	0	0	0.44
95000	0.44	0.49	0.49	0	0	0.44
95100	0.44	0.49	0.49	0	0	0.44
95200	0.44	0.49	0.49	0	0	0.44
95300	0.45	0.49	0.49	0	0	0.45
95400	0.45	0.49	0.49	0	0	0.45
95500	0.45	0.49	0.49	0	0	0.45
95600	0.45	0.49	0.49	0	0	0.45
95700	0.45	0.48	0.48	0	0	0.45
95800	0.45	0.48	0.48	0	0	0.45
95900	0.45	0.48	0.48	0	0	0.45
96000	0.45	0.48	0.48	0	0	0.45
96100	0.45	0.48	0.48	0	0	0.45
96200	0.45	0.48	0.48	0	0	0.45
96300	0.45	0.48	0.48	0	0	0.45
96400	0.45	0.48	0.48	0	0	0.45
96500	0.45	0.48	0.48	0	0	0.45
96600	0.45	0.48	0.48	0	0	0.45
96700	0.45	0.48	0.48	0	0	0.45
96800	0.45	0.48	0.48	0	0	0.45
96900	0.45	0.48	0.48	0	0	0.45
97000	0.46	0.48	0.48	0	0	0.46
97100	0.46	0.48	0.48	0	0	0.46
97200	0.46	0.48	0.48	0	0	0.46
97300	0.46	0.48	0.48	0	0	0.46
97400	0.46	0.48	0.48	0	0	0.46
97500	0.45	0.48	0.48	0	0	0.45
97600	0.45	0.48	0.48	0	0	0.45
97700	0.45	0.48	0.48	0	0	0.45
97800	0.45	0.48	0.48	0	0	0.45
97900	0.45	0.48	0.48	0	0	0.45
98000	0.45	0.48	0.48	0	0	0.45
98100	0.45	0.48	0.48	0	0	0.45
98200	0.46	0.48	0.48	0	0	0.46
98300	0.46	0.48	0.48	0	0	0.46
98400	0.46	0.48	0.48	0	0	0.46
98500	0.46	0.47	0.47	0	0	0.46
98600	0.46	0.47	0.47	0	0	0.46
98700	0.46	0.47	0.47	0	0	0.46
98800	0.46	0.47	0.47	0	0	0.46
98900	0.46	0.47	0.47	0	0	0.46
99000	0.46	0.47	0.47	0	0	0.46
99100	0.46	0.47	0.47	0	0	0.46
99200	0.46	0.47	0.47	0	0	0.46
99300	0.46	0.47	0.47	0	0	0.46
99400	0.45	0.47	0.47	0	0	0.45
99500	0.45	0.47	0.47	0	0	0.45
99600	0.45	0.47	0.47	0	0	0.45
99700	0.45	0.47	0.47	0	0	0.45
99800	0.45	0.47	0.47	0	0	0.45
99900	0.45	0.48	0.48	0	0	0.45
100000	0.45	0.48	0.48	0	0	0.45
