100	0.02	0.1	0.1	0	0	0.02
200	0.04	0.13	0.13	0	0	0.04
300	0.05	0.14	0.14	0	0	0.05
400	0.05	0.13	0.13	0	0	0.05
500	0.08	0.17	0.17	0	0	0.08
600	0.08	0.18	0.18	0	0	0.08
700	0.1	0.2	0.2	0	0	0.1
800	0.1	0.21	0.21	0	0	0.1
900	0.11	0.24	0.24	0	0	0.11
1000	0.12	0.24	0.24	0	0	0.12
1100	0.15	0.24	0.24	0	0	0.15
1200	0.16	0.22	0.22	0	0	0.16
1300	0.16	0.25	0.25	0	0	0.16
1400	0.16	0.25	0.25	0	0	0.16
1500	0.17	0.27	0.27	0	0	0.17
1600	0.18	0.27	0.27	0	0	0.18
1700	0.18	0.28	0.28	0	0	0.18
1800	0.17	0.29	0.29	0	0	0.17
1900	0.19	0.31	0.31	0	0	0.19
2000	0.18	0.3	0.3	0	0	0.18
2100	0.18	0.3	0.3	0	0	0.18
2200	0.19	0.31	0.31	0	0	0.19
2300	0.19	0.32	0.32	0	0	0.19
2400	0.19	0.33	0.33	0	0	0.19
2500	0.21	0.31	0.31	0	0	0.21
2600	0.21	0.33	0.33	0	0	0.21
2700	0.22	0.33	0.33	0	0	0.22
2800	0.22	0.34	0.34	0	0	0.22
2900	0.21	0.34	0.34	0	0	0.21
3000	0.21	0.34	0.34	0	0	0.21
3100	0.22	0.35	0.35	0	0	0.22
3200	0.22	0.35	0.35	0	0	0.22
3300	0.2	0.34	0.34	0	0	0.2
3400	0.2	0.35	0.35	0	0	0.2
3500	0.21	0.37	0.37	0	0	0.21
3600	0.22	0.37	0.37	0	0	0.22
3700	0.23	0.38	0.38	0	0	0.23
3800	0.23	0.39	0.39	0	0	0.23
3900	0.24	0.39	0.39	0	0	0.24
4000	0.24	0.39	0.39	0	0	0.24
4100	0.24	0.39	0.39	0	0	0.24
4200	0.24	0.39	0.39	0	0	0.24
4300	0.26	0.39	0.39	0	0	0.26
4400	0.26	0.38	0.38	0	0	0.26
4500	0.24	0.38	0.38	0	0	0.24
4600	0.24	0.38	0.38	0	0	0.24
4700	0.24	0.39	0.39	0	0	0.24
4800	0.24	0.39	0.39	0	0	0.24
4900	0.24	0.39	0.39	0	0	0.24
5000	0.24	0.39	0.39	0	0	0.24
5100	0.24	0.4	0.4	0	0	0.24
5200	0.24	0.4	0.4	0	0	0.24
5300	0.24	0.4	0.4	0	0	0.24
5400	0.24	0.4	0.4	0	0	0.24
5500	0.25	0.41	0.41	0	0	0.25
5600	0.26	0.4	0.4	0	0	0.26
5700	0.27	0.41	0.41	0	0	0.27
5800	0.28	0.41	0.41	0	0	0.28
5900	0.27	0.42	0.42	0	0	0.27
6000	0.27	0.42	0.42	0	0	0.27
6100	0.27	0.43	0.43	0	0	0.27
6200	0.26	0.43	0.43	0	0	0.26
6300	0.28	0.43	0.43	0	0	0.28
6400	0.29	0.43	0.43	0	0	0.29
6500	0.29	0.43	0.43	0	0	0.29
6600	0.28	0.44	0.44	0	0	0.28
6700	0.28	0.44	0.44	0	0	0.28
6800	0.28	0.44	0.44	0	0	0.28
6900	0.29	0.44	0.44	0	0	0.29
7000	0.29	0.44	0.44	0	0	0.29
7100	0.29	0.44	0.44	0	0	0.29
7200	0.28	0.45	0.45	0	0	0.28
7300	0.28	0.45	0.45	0	0	0.28
7400	0.28	0.47	0.47	0	0	0.28
7500	0.28	0.47	0.47	0	0	0.28
7600	0.27	0.47	0.47	0	0	0.27
7700	0.28	0.47	0.47	0	0	0.28
7800	0.29	0.47	0.47	0	0	0.29
7900	0.29	0.47	0.47	0	0	0.29
8000	0.3	0.48	0.48	0	0	0.3
8100	0.28	0.48	0.48	0	0	0.28
8200	0.28	0.48	0.48	0	0	0.28
8300	0.29	0.49	0.49	0	0	0.29
8400	0.29	0.49	0.49	0	0	0.29
8500	0.29	0.49	0.49	0	0	0.29
8600	0.29	0.51	0.51	0	0	0.29
8700	0.29	0.51	0.51	0	0	0.29
8800	0.3	0.51	0.51	0	0	0.3
8900	0.3	0.51	0.51	0	0	0.3
9000	0.3	0.51	0.51	0	0	0.3
9100	0.3	0.51	0.51	0	0	0.3
9200	0.3	0.51	0.51	0	0	0.3
9300	0.3	0.51	0.51	0	0	0.3
9400	0.31	0.51	0.51	0	0	0.31
9500	0.32	0.51	0.51	0	0	0.32
9600	0.34	0.51	0.51	0	0	0.34
9700	0.33	0.51	0.51	0	0	0.33
9800	0.33	0.51	0.51	0	0	0.33
9900	0.33	0.51	0.51	0	0	0.33
10000	0.33	0.51	0.51	0	0	0.33
10100	0.33	0.51	0.51	0	0	0.33
10200	0.33	0.51	0.51	0	0	0.33
10300	0.33	0.51	0.51	0	0	0.33
10400	0.33	0.51	0.51	0	0	0.33
10500	0.33	0.51	0.51	0	0	0.33
10600	0.34	0.51	0.51	0	0	0.34
10700	0.35	0.51	0.51	0	0	0.35
10800	0.35	0.51	0.51	0	0	0.35
10900	0.35	0.51	0.51	0	0	0.35
11000	0.35	0.51	0.51	0	0	0.35
11100	0.35	0.51	0.51	0	0	0.35
11200	0.35	0.5	0.5	0	0	0.35
11300	0.35	0.5	0.5	0	0	0.35
11400	0.35	0.51	0.51	0	0	0.35
11500	0.35	0.51	0.51	0	0	0.35
11600	0.35	0.51	0.51	0	0	0.35
11700	0.36	0.51	0.51	0	0	0.36
11800	0.36	0.51	0.51	0	0	0.36
11900	0.36	0.51	0.51	0	0	0.36
12000	0.36	0.52	0.52	0	0	0.36
12100	0.36	0.52	0.52	0	0	0.36
12200	0.35	0.52	0.52	0	0	0.35
12300	0.34	0.52	0.52	0	0	0.34
12400	0.34	0.52	0.52	0	0	0.34
12500	0.34	0.52	0.52	0	0	0.34
12600	0.34	0.51	0.51	0	0	0.34
12700	0.34	0.51	0.51	0	0	0.34
12800	0.33	0.51	0.51	0	0	0.33
12900	0.33	0.51	0.51	0	0	0.33
13000	0.33	0.51	0.51	0	0	0.33
13100	0.33	0.51	0.51	0	0	0.33
13200	0.33	0.51	0.51	0	0	0.33
13300	0.33	0.51	0.51	0	0	0.33
13400	0.33	0.51	0.51	0	0	0.33
13500	0.34	0.52	0.52	0	0	0.34
13600	0.34	0.52	0.52	0	0	0.34
13700	0.33	0.52	0.52	0	0	0.33
13800	0.33	0.52	0.52	0	0	0.33
13900	0.33	0.52	0.52	0	0	0.33
14000	0.33	0.52	0.52	0	0	0.33
14100	0.32	0.52	0.52	0	0	0.32
14200	0.32	0.52	0.52	0	0	0.32
14300	0.32	0.52	0.52	0	0	0.32
14400	0.31	0.52	0.52	0	0	0.31
14500	0.31	0.52	0.52	0	0	0.31
14600	0.32	0.53	0.53	0	0	0.32
14700	0.32	0.53	0.53	0	0	0.32
14800	0.32	0.53	0.53	0	0	0.32
14900	0.32	0.53	0.53	0	0	0.32
15000	0.32	0.53	0.53	0	0	0.32
15100	0.32	0.53	0.53	0	0	0.32
15200	0.32	0.53	0.53	0	0	0.32
15300	0.32	0.54	0.54	0	0	0.32
15400	0.31	0.55	0.55	0	0	0.31
15500	0.3	0.54	0.54	0	0	0.3
15600	0.3	0.54	0.54	0	0	0.3
15700	0.3	0.54	0.54	0	0	0.3
15800	0.3	0.54	0.54	0	0	0.3
15900	0.3	0.54	0.54	0	0	0.3
16000	0.3	0.53	0.53	0	0	0.3
16100	0.3	0.53	0.53	0	0	0.3
16200	0.29	0.53	0.53	0	0	0.29
16300	0.29	0.53	0.53	0	0	0.29
16400	0.29	0.52	0.52	0	0	0.29
16500	0.29	0.53	0.53	0	0	0.29
16600	0.29	0.53	0.53	0	0	0.29
16700	0.3	0.53	0.53	0	0	0.3
16800	0.29	0.53	0.53	0	0	0.29
16900	0.29	0.53	0.53	0	0	0.29
17000	0.29	0.54	0.54	0	0	0.29
17100	0.29	0.54	0.54	0	0	0.29
17200	0.29	0.54	0.54	0	0	0.29
17300	0.29	0.54	0.54	0	0	0.29
17400	0.29	0.54	0.54	0	0	0.29
17500	0.29	0.54	0.54	0	0	0.29
17600	0.29	0.54	0.54	0	0	0.29
17700	0.29	0.54	0.54	0	0	0.29
17800	0.28	0.54	0.54	0	0	0.28
17900	0.28	0.54	0.54	0	0	0.28
18000	0.29	0.55	0.55	0	0	0.29
18100	0.29	0.54	0.54	0	0	0.29
18200	0.29	0.54	0.54	0	0	0.29
18300	0.29	0.54	0.54	0	0	0.29
18400	0.29	0.54	0.54	0	0	0.29
18500	0.29	0.54	0.54	0	0	0.29
18600	0.29	0.54	0.54	0	0	0.29
18700	0.29	0.52	0.52	0	0	0.29
18800	0.3	0.52	0.52	0	0	0.3
18900	0.3	0.52	0.52	0	0	0.3
19000	0.3	0.53	0.53	0	0	0.3
19100	0.3	0.51	0.51	0	0	0.3
19200	0.31	0.51	0.51	0	0	0.31
19300	0.31	0.51	0.51	0	0	0.31
19400	0.31	0.51	0.51	0	0	0.31
19500	0.31	0.51	0.51	0	0	0.31
19600	0.31	0.52	0.52	0	0	0.31
19700	0.31	0.52	0.52	0	0	0.31
19800	0.31	0.52	0.52	0	0	0.31
19900	0.31	0.53	0.53	0	0	0.31
20000	0.31	0.53	0.53	0	0	0.31
20100	0.32	0.53	0.53	0	0	0.32
20200	0.32	0.52	0.52	0	0	0.32
20300	0.32	0.53	0.53	0	0	0.32
20400	0.32	0.53	0.53	0	0	0.32
20500	0.32	0.54	0.54	0	0	0.32
20600	0.32	0.54	0.54	0	0	0.32
20700	0.32	0.54	0.54	0	0	0.32
20800	0.34	0.54	0.54	0	0	0.34
20900	0.34	0.54	0.54	0	0	0.34
21000	0.34	0.55	0.55	0	0	0.34
21100	0.34	0.53	0.53	0	0	0.34
21200	0.35	0.53	0.53	0	0	0.35
21300	0.34	0.53	0.53	0	0	0.34
21400	0.34	0.53	0.53	0	0	0.34
21500	0.34	0.53	0.53	0	0	0.34
21600	0.34	0.53	0.53	0	0	0.34
21700	0.35	0.52	0.52	0	0	0.35
21800	0.35	0.52	0.52	0	0	0.35
21900	0.35	0.51	0.51	0	0	0.35
22000	0.35	0.49	0.49	0	0	0.35
22100	0.35	0.49	0.49	0	0	0.35
22200	0.34	0.48	0.48	0	0	0.34
22300	0.34	0.48	0.48	0	0	0.34
22400	0.34	0.48	0.48	0	0	0.34
22500	0.34	0.48	0.48	0	0	0.34
22600	0.34	0.47	0.47	0	0	0.34
22700	0.34	0.47	0.47	0	0	0.34
22800	0.33	0.47	0.47	0	0	0.33
22900	0.33	0.47	0.47	0	0	0.33
23000	0.34	0.46	0.46	0	0	0.34
23100	0.34	0.46	0.46	0	0	0.34
23200	0.34	0.46	0.46	0	0	0.34
23300	0.34	0.46	0.46	0	0	0.34
23400	0.34	0.46	0.46	0	0	0.34
23500	0.34	0.46	0.46	0	0	0.34
23600	0.34	0.46	0.46	0	0	0.34
23700	0.34	0.46	0.46	0	0	0.34
23800	0.33	0.46	0.46	0	0	0.33
23900	0.34	0.45	0.45	0	0	0.34
24000	0.34	0.45	0.45	0	0	0.34
24100	0.34	0.44	0.44	0	0	0.34
24200	0.34	0.44	0.44	0	0	0.34
24300	0.34	0.42	0.42	0	0	0.34
24400	0.34	0.42	0.42	0	0	0.34
24500	0.34	0.42	0.42	0	0	0.34
24600	0.34	0.42	0.42	0	0	0.34
24700	0.34	0.42	0.42	0	0	0.34
24800	0.34	0.42	0.42	0	0	0.34
24900	0.34	0.43	0.43	0	0	0.34
25000	0.34	0.43	0.43	0	0	0.34
25100	0.34	0.43	0.43	0	0	0.34
25200	0.34	0.44	0.44	0	0	0.34
25300	0.34	0.44	0.44	0	0	0.34
25400	0.35	0.44	0.44	0	0	0.35
25500	0.35	0.44	0.44	0	0	0.35
25600	0.35	0.44	0.44	0	0	0.35
25700	0.36	0.44	0.44	0	0	0.36
25800	0.36	0.44	0.44	0	0	0.36
25900	0.36	0.45	0.45	0	0	0.36
26000	0.36	0.45	0.45	0	0	0.36
26100	0.36	0.46	0.46	0	0	0.36
26200	0.36	0.45	0.45	0	0	0.36
26300	0.36	0.45	0.45	0	0	0.36
26400	0.36	0.45	0.45	0	0	0.36
26500	0.36	0.45	0.45	0	0	0.36
26600	0.36	0.45	0.45	0	0	0.36
26700	0.36	0.45	0.45	0	0	0.36
26800	0.36	0.45	0.45	0	0	0.36
26900	0.36	0.47	0.47	0	0	0.36
27000	0.36	0.47	0.47	0	0	0.36
27100	0.36	0.47	0.47	0	0	0.36
27200	0.36	0.47	0.47	0	0	0.36
27300	0.36	0.47	0.47	0	0	0.36
27400	0.36	0.47	0.47	0	0	0.36
27500	0.36	0.48	0.48	0	0	0.36
27600	0.36	0.47	0.47	0	0	0.36
27700	0.36	0.47	0.47	0	0	0.36
27800	0.36	0.47	0.47	0	0	0.36
27900	0.36	0.47	0.47	0	0	0.36
28000	0.36	0.46	0.46	0	0	0.36
28100	0.37	0.46	0.46	0	0	0.37
28200	0.37	0.46	0.46	0	0	0.37
28300	0.37	0.46	0.46	0	0	0.37
28400	0.37	0.46	0.46	0	0	0.37
28500	0.37	0.46	0.46	0	0	0.37
28600	0.37	0.46	0.46	0	0	0.37
28700	0.37	0.47	0.47	0	0	0.37
28800	0.37	0.47	0.47	0	0	0.37
28900	0.38	0.47	0.47	0	0	0.38
29000	0.38	0.47	0.47	0	0	0.38
29100	0.38	0.47	0.47	0	0	0.38
29200	0.38	0.48	0.48	0	0	0.38
29300	0.38	0.48	0.48	0	0	0.38
29400	0.38	0.47	0.47	0	0	0.38
29500	0.39	0.47	0.47	0	0	0.39
29600	0.38	0.47	0.47	0	0	0.38
29700	0.38	0.47	0.47	0	0	0.38
29800	0.38	0.48	0.48	0	0	0.38
29900	0.39	0.48	0.48	0	0	0.39
30000	0.39	0.48	0.48	0	0	0.39
30100	0.39	0.48	0.48	0	0	0.39
30200	0.39	0.48	0.48	0	0	0.39
30300	0.39	0.48	0.48	0	0	0.39
30400	0.38	0.48	0.48	0	0	0.38
30500	0.38	0.48	0.48	0	0	0.38
30600	0.38	0.48	0.48	0	0	0.38
30700	0.38	0.48	0.48	0	0	0.38
30800	0.38	0.47	0.47	0	0	0.38
30900	0.38	0.47	0.47	0	0	0.38
31000	0.38	0.47	0.47	0	0	0.38
31100	0.38	0.45	0.45	0	0	0.38
31200	0.38	0.45	0.45	0	0	0.38
31300	0.38	0.45	0.45	0	0	0.38
31400	0.38	0.45	0.45	0	0	0.38
31500	0.38	0.45	0.45	0	0	0.38
31600	0.39	0.45	0.45	0	0	0.39
31700	0.38	0.45	0.45	0	0	0.38
31800	0.39	0.45	0.45	0	0	0.39
31900	0.39	0.45	0.45	0	0	0.39
32000	0.39	0.45	0.45	0	0	0.39
32100	0.39	0.45	0.45	0	0	0.39
32200	0.39	0.45	0.45	0	0	0.39
32300	0.39	0.43	0.43	0	0	0.39
32400	0.39	0.44	0.44	0	0	0.39
32500	0.39	0.44	0.44	0	0	0.39
32600	0.39	0.45	0.45	0	0	0.39
32700	0.39	0.45	0.45	0	0	0.39
32800	0.39	0.45	0.45	0	0	0.39
32900	0.39	0.45	0.45	0	0	0.39
33000	0.4	0.45	0.45	0	0	0.4
33100	0.39	0.46	0.46	0	0	0.39
33200	0.39	0.45	0.45	0	0	0.39
33300	0.39	0.45	0.45	0	0	0.39
33400	0.39	0.45	0.45	0	0	0.39
33500	0.38	0.45	0.45	0	0	0.38
33600	0.38	0.45	0.45	0	0	0.38
33700	0.38	0.45	0.45	0	0	0.38
33800	0.38	0.45	0.45	0	0	0.38
33900	0.38	0.45	0.45	0	0	0.38
34000	0.38	0.45	0.45	0	0	0.38
34100	0.38	0.45	0.45	0	0	0.38
34200	0.38	0.45	0.45	0	0	0.38
34300	0.37	0.44	0.44	0	0	0.37
34400	0.37	0.44	0.44	0	0	0.37
34500	0.38	0.44	0.44	0	0	0.38
34600	0.37	0.44	0.44	0	0	0.37
34700	0.37	0.44	0.44	0	0	0.37
34800	0.37	0.44	0.44	0	0	0.37
34900	0.37	0.44	0.44	0	0	0.37
35000	0.37	0.44	0.44	0	0	0.37
35100	0.37	0.44	0.44	0	0	0.37
35200	0.37	0.45	0.45	0	0	0.37
35300	0.37	0.45	0.45	0	0	0.37
35400	0.37	0.45	0.45	0	0	0.37
35500	0.37	0.44	0.44	0	0	0.37
35600	0.37	0.43	0.43	0	0	0.37
35700	0.38	0.44	0.44	0	0	0.38
35800	0.38	0.43	0.43	0	0	0.38
35900	0.39	0.43	0.43	0	0	0.39
36000	0.39	0.42	0.42	0	0	0.39
36100	0.39	0.42	0.42	0	0	0.39
36200	0.37	0.42	0.42	0	0	0.37
36300	0.37	0.4	0.4	0	0	0.37
36400	0.38	0.4	0.4	0	0	0.38
36500	0.37	0.4	0.4	0	0	0.37
36600	0.36	0.4	0.4	0	0	0.36
36700	0.36	0.4	0.4	0	0	0.36
36800	0.36	0.4	0.4	0	0	0.36
36900	0.36	0.4	0.4	0	0	0.36
37000	0.36	0.4	0.4	0	0	0.36
37100	0.36	0.4	0.4	0	0	0.36
37200	0.36	0.4	0.4	0	0	0.36
37300	0.36	0.39	0.39	0	0	0.36
37400	0.36	0.39	0.39	0	0	0.36
37500	0.36	0.39	0.39	0	0	0.36
37600	0.36	0.39	0.39	0	0	0.36
37700	0.36	0.39	0.39	0	0	0.36
37800	0.36	0.39	0.39	0	0	0.36
37900	0.36	0.39	0.39	0	0	0.36
38000	0.35	0.39	0.39	0	0	0.35
38100	0.35	0.39	0.39	0	0	0.35
38200	0.33	0.39	0.39	0	0	0.33
38300	0.33	0.4	0.4	0	0	0.33
38400	0.33	0.4	0.4	0	0	0.33
38500	0.34	0.4	0.4	0	0	0.34
38600	0.33	0.4	0.4	0	0	0.33
38700	0.33	0.4	0.4	0	0	0.33
38800	0.34	0.4	0.4	0	0	0.34
38900	0.34	0.38	0.38	0	0	0.34
39000	0.35	0.38	0.38	0	0	0.35
39100	0.35	0.38	0.38	0	0	0.35
39200	0.35	0.37	0.37	0	0	0.35
39300	0.35	0.37	0.37	0	0	0.35
39400	0.35	0.38	0.38	0	0	0.35
39500	0.35	0.39	0.39	0	0	0.35
39600	0.35	0.39	0.39	0	0	0.35
39700	0.35	0.39	0.39	0	0	0.35
39800	0.36	0.4	0.4	0	0	0.36
39900	0.35	0.41	0.41	0	0	0.35
40000	0.35	0.41	0.41	0	0	0.35
40100	0.35	0.41	0.41	0	0	0.35
40200	0.35	0.4	0.4	0	0	0.35
40300	0.36	0.41	0.41	0	0	0.36
40400	0.36	0.41	0.41	0	0	0.36
40500	0.35	0.41	0.41	0	0	0.35
40600	0.35	0.41	0.41	0	0	0.35
40700	0.35	0.41	0.41	0	0	0.35
40800	0.35	0.41	0.41	0	0	0.35
40900	0.35	0.41	0.41	0	0	0.35
41000	0.35	0.41	0.41	0	0	0.35
41100	0.35	0.42	0.42	0	0	0.35
41200	0.37	0.42	0.42	0	0	0.37
41300	0.36	0.42	0.42	0	0	0.36
41400	0.36	0.42	0.42	0	0	0.36
41500	0.35	0.42	0.42	0	0	0.35
41600	0.35	0.42	0.42	0	0	0.35
41700	0.35	0.42	0.42	0	0	0.35
41800	0.35	0.43	0.43	0	0	0.35
41900	0.35	0.43	0.43	0	0	0.35
42000	0.35	0.44	0.44	0	0	0.35
42100	0.35	0.44	0.44	0	0	0.35
42200	0.35	0.45	0.45	0	0	0.35
42300	0.35	0.45	0.45	0	0	0.35
42400	0.35	0.45	0.45	0	0	0.35
42500	0.36	0.45	0.45	0	0	0.36
42600	0.36	0.46	0.46	0	0	0.36
42700	0.36	0.46	0.46	0	0	0.36
42800	0.36	0.46	0.46	0	0	0.36
42900	0.35	0.46	0.46	0	0	0.35
43000	0.35	0.46	0.46	0	0	0.35
43100	0.35	0.46	0.46	0	0	0.35
43200	0.36	0.46	0.46	0	0	0.36
43300	0.36	0.47	0.47	0	0	0.36
43400	0.36	0.47	0.47	0	0	0.36
43500	0.36	0.47	0.47	0	0	0.36
43600	0.36	0.48	0.48	0	0	0.36
43700	0.36	0.48	0.48	0	0	0.36
43800	0.37	0.48	0.48	0	0	0.37
43900	0.36	0.48	0.48	0	0	0.36
44000	0.36	0.48	0.48	0	0	0.36
44100	0.36	0.48	0.48	0	0	0.36
44200	0.36	0.48	0.48	0	0	0.36
44300	0.36	0.48	0.48	0	0	0.36
44400	0.36	0.48	0.48	0	0	0.36
44500	0.37	0.48	0.48	0	0	0.37
44600	0.38	0.48	0.48	0	0	0.38
44700	0.38	0.48	0.48	0	0	0.38
44800	0.38	0.48	0.48	0	0	0.38
44900	0.38	0.48	0.48	0	0	0.38
45000	0.39	0.48	0.48	0	0	0.39
45100	0.39	0.48	0.48	0	0	0.39
45200	0.39	0.48	0.48	0	0	0.39
45300	0.39	0.48	0.48	0	0	0.39
45400	0.39	0.49	0.49	0	0	0.39
45500	0.39	0.49	0.49	0	0	0.39
45600	0.39	0.49	0.49	0	0	0.39
45700	0.39	0.49	0.49	0	0	0.39
45800	0.39	0.48	0.48	0	0	0.39
45900	0.39	0.48	0.48	0	0	0.39
46000	0.39	0.48	0.48	0	0	0.39
46100	0.39	0.48	0.48	0	0	0.39
46200	0.39	0.48	0.48	0	0	0.39
46300	0.39	0.48	0.48	0	0	0.39
46400	0.39	0.48	0.48	0	0	0.39
46500	0.39	0.48	0.48	0	0	0.39
46600	0.39	0.48	0.48	0	0	0.39
46700	0.39	0.48	0.48	0	0	0.39
46800	0.39	0.48	0.48	0	0	0.39
46900	0.39	0.48	0.48	0	0	0.39
47000	0.39	0.49	0.49	0	0	0.39
47100	0.38	0.47	0.47	0	0	0.38
47200	0.38	0.47	0.47	0	0	0.38
47300	0.38	0.47	0.47	0	0	0.38
47400	0.38	0.47	0.47	0	0	0.38
47500	0.39	0.48	0.48	0	0	0.39
47600	0.38	0.48	0.48	0	0	0.38
47700	0.38	0.48	0.48	0	0	0.38
47800	0.38	0.48	0.48	0	0	0.38
47900	0.37	0.48	0.48	0	0	0.37
48000	0.37	0.48	0.48	0	0	0.37
48100	0.37	0.48	0.48	0	0	0.37
48200	0.37	0.48	0.48	0	0	0.37
48300	0.37	0.48	0.48	0	0	0.37
48400	0.37	0.48	0.48	0	0	0.37
48500	0.36	0.48	0.48	0	0	0.36
48600	0.36	0.48	0.48	0	0	0.36
48700	0.36	0.48	0.48	0	0	0.36
48800	0.36	0.48	0.48	0	0	0.36
48900	0.36	0.48	0.48	0	0	0.36
49000	0.36	0.48	0.48	0	0	0.36
49100	0.36	0.48	0.48	0	0	0.36
49200	0.37	0.48	0.48	0	0	0.37
49300	0.37	0.49	0.49	0	0	0.37
49400	0.37	0.49	0.49	0	0	0.37
49500	0.38	0.49	0.49	0	0	0.38
49600	0.37	0.48	0.48	0	0	0.37
49700	0.37	0.48	0.48	0	0	0.37
49800	0.37	0.47	0.47	0	0	0.37
49900	0.37	0.47	0.47	0	0	0.37
50000	0.37	0.47	0.47	0	0	0.37
50100	0.37	0.47	0.47	0	0	0.37
50200	0.37	0.47	0.47	0	0	0.37
50300	0.37	0.47	0.47	0	0	0.37
50400	0.37	0.47	0.47	0	0	0.37
50500	0.37	0.47	0.47	0	0	0.37
50600	0.37	0.47	0.47	0	0	0.37
50700	0.37	0.46	0.46	0	0	0.37
50800	0.37	0.46	0.46	0	0	0.37
50900	0.38	0.46	0.46	0	0	0.38
51000	0.38	0.47	0.47	0	0	0.38
51100	0.38	0.48	0.48	0	0	0.38
51200	0.38	0.48	0.48	0	0	0.38
51300	0.38	0.48	0.48	0	0	0.38
51400	0.39	0.48	0.48	0	0	0.39
51500	0.39	0.48	0.48	0	0	0.39
51600	0.39	0.48	0.48	0	0	0.39
51700	0.39	0.49	0.49	0	0	0.39
51800	0.39	0.48	0.48	0	0	0.39
51900	0.39	0.49	0.49	0	0	0.39
52000	0.39	0.49	0.49	0	0	0.39
52100	0.39	0.49	0.49	0	0	0.39
52200	0.39	0.49	0.49	0	0	0.39
52300	0.39	0.49	0.49	0	0	0.39
52400	0.39	0.49	0.49	0	0	0.39
52500	0.39	0.49	0.49	0	0	0.39
52600	0.39	0.5	0.5	0	0	0.39
52700	0.39	0.5	0.5	0	0	0.39
52800	0.39	0.5	0.5	0	0	0.39
52900	0.39	0.49	0.49	0	0	0.39
53000	0.39	0.49	0.49	0	0	0.39
53100	0.39	0.49	0.49	0	0	0.39
53200	0.39	0.5	0.5	0	0	0.39
53300	0.39	0.5	0.5	0	0	0.39
53400	0.39	0.5	0.5	0	0	0.39
53500	0.39	0.5	0.5	0	0	0.39
53600	0.38	0.5	0.5	0	0	0.38
53700	0.38	0.5	0.5	0	0	0.38
53800	0.38	0.5	0.5	0	0	0.38
53900	0.38	0.5	0.5	0	0	0.38
54000	0.39	0.5	0.5	0	0	0.39
54100	0.39	0.5	0.5	0	0	0.39
54200	0.39	0.5	0.5	0	0	0.39
54300	0.38	0.5	0.5	0	0	0.38
54400	0.38	0.5	0.5	0	0	0.38
54500	0.38	0.5	0.5	0	0	0.38
54600	0.4	0.5	0.5	0	0	0.4
54700	0.4	0.5	0.5	0	0	0.4
54800	0.4	0.5	0.5	0	0	0.4
54900	0.39	0.5	0.5	0	0	0.39
55000	0.39	0.5	0.5	0	0	0.39
55100	0.4	0.5	0.5	0	0	0.4
55200	0.4	0.5	0.5	0	0	0.4
55300	0.4	0.5	0.5	0	0	0.4
55400	0.39	0.5	0.5	0	0	0.39
55500	0.39	0.5	0.5	0	0	0.39
55600	0.39	0.5	0.5	0	0	0.39
55700	0.39	0.5	0.5	0	0	0.39
55800	0.39	0.5	0.5	0	0	0.39
55900	0.39	0.5	0.5	0	0	0.39
56000	0.4	0.5	0.5	0	0	0.4
56100	0.39	0.5	0.5	0	0	0.39
56200	0.39	0.5	0.5	0	0	0.39
56300	0.39	0.5	0.5	0	0	0.39
56400	0.39	0.5	0.5	0	0	0.39
56500	0.39	0.5	0.5	0	0	0.39
56600	0.4	0.5	0.5	0	0	0.4
56700	0.4	0.5	0.5	0	0	0.4
56800	0.4	0.5	0.5	0	0	0.4
56900	0.4	0.5	0.5	0	0	0.4
57000	0.4	0.5	0.5	0	0	0.4
57100	0.4	0.5	0.5	0	0	0.4
57200	0.4	0.5	0.5	0	0	0.4
57300	0.4	0.5	0.5	0	0	0.4
57400	0.4	0.5	0.5	0	0	0.4
57500	0.4	0.5	0.5	0	0	0.4
57600	0.4	0.51	0.51	0	0	0.4
57700	0.39	0.5	0.5	0	0	0.39
57800	0.39	0.5	0.5	0	0	0.39
57900	0.39	0.5	0.5	0	0	0.39
58000	0.39	0.5	0.5	0	0	0.39
58100	0.39	0.49	0.49	0	0	0.39
58200	0.38	0.5	0.5	0	0	0.38
58300	0.38	0.5	0.5	0	0	0.38
58400	0.38	0.5	0.5	0	0	0.38
58500	0.39	0.5	0.5	0	0	0.39
58600	0.38	0.51	0.51	0	0	0.38
58700	0.38	0.51	0.51	0	0	0.38
58800	0.39	0.5	0.5	0	0	0.39
58900	0.39	0.5	0.5	0	0	0.39
59000	0.39	0.5	0.5	0	0	0.39
59100	0.39	0.49	0.49	0	0	0.39
59200	0.39	0.49	0.49	0	0	0.39
59300	0.39	0.49	0.49	0	0	0.39
59400	0.39	0.49	0.49	0	0	0.39
59500	0.39	0.49	0.49	0	0	0.39
59600	0.39	0.49	0.49	0	0	0.39
59700	0.39	0.49	0.49	0	0	0.39
59800	0.39	0.49	0.49	0	0	0.39
59900	0.39	0.49	0.49	0	0	0.39
60000	0.4	0.49	0.49	0	0	0.4
60100	0.4	0.49	0.49	0	0	0.4
60200	0.4	0.5	0.5	0	0	0.4
60300	0.4	0.5	0.5	0	0	0.4
60400	0.4	0.5	0.5	0	0	0.4
60500	0.4	0.5	0.5	0	0	0.4
60600	0.4	0.5	0.5	0	0	0.4
60700	0.4	0.5	0.5	0	0	0.4
60800	0.4	0.5	0.5	0	0	0.4
60900	0.4	0.49	0.49	0	0	0.4
61000	0.4	0.49	0.49	0	0	0.4
61100	0.4	0.49	0.49	0	0	0.4
61200	0.4	0.49	0.49	0	0	0.4
61300	0.4	0.49	0.49	0	0	0.4
61400	0.4	0.49	0.49	0	0	0.4
61500	0.4	0.49	0.49	0	0	0.4
61600	0.4	0.5	0.5	0	0	0.4
61700	0.4	0.49	0.49	0	0	0.4
61800	0.4	0.49	0.49	0	0	0.4
61900	0.4	0.49	0.49	0	0	0.4
62000	0.4	0.5	0.5	0	0	0.4
62100	0.4	0.5	0.5	0	0	0.4
62200	0.4	0.5	0.5	0	0	0.4
62300	0.4	0.49	0.49	0	0	0.4
62400	0.4	0.49	0.49	0	0	0.4
62500	0.4	0.49	0.49	0	0	0.4
62600	0.4	0.49	0.49	0	0	0.4
62700	0.4	0.5	0.5	0	0	0.4
62800	0.4	0.5	0.5	0	0	0.4
62900	0.4	0.5	0.5	0	0	0.4
63000	0.4	0.5	0.5	0	0	0.4
63100	0.4	0.5	0.5	0	0	0.4
63200	0.4	0.5	0.5	0	0	0.4
63300	0.4	0.49	0.49	0	0	0.4
63400	0.4	0.5	0.5	0	0	0.4
63500	0.4	0.5	0.5	0	0	0.4
63600	0.4	0.5	0.5	0	0	0.4
63700	0.4	0.5	0.5	0	0	0.4
63800	0.4	0.5	0.5	0	0	0.4
63900	0.4	0.5	0.5	0	0	0.4
64000	0.4	0.5	0.5	0	0	0.4
64100	0.4	0.51	0.51	0	0	0.4
64200	0.41	0.5	0.5	0	0	0.41
64300	0.41	0.5	0.5	0	0	0.41
64400	0.41	0.5	0.5	0	0	0.41
64500	0.41	0.49	0.49	0	0	0.41
64600	0.41	0.49	0.49	0	0	0.41
64700	0.41	0.5	0.5	0	0	0.41
64800	0.41	0.5	0.5	0	0	0.41
64900	0.41	0.5	0.5	0	0	0.41
65000	0.41	0.5	0.5	0	0	0.41
65100	0.41	0.5	0.5	0	0	0.41
65200	0.41	0.5	0.5	0	0	0.41
65300	0.41	0.51	0.51	0	0	0.41
65400	0.41	0.51	0.51	0	0	0.41
65500	0.41	0.51	0.51	0	0	0.41
65600	0.41	0.51	0.51	0	0	0.41
65700	0.41	0.51	0.51	0	0	0.41
65800	0.41	0.52	0.52	0	0	0.41
65900	0.41	0.52	0.52	0	0	0.41
66000	0.41	0.52	0.52	0	0	0.41
66100	0.4	0.52	0.52	0	0	0.4
66200	0.4	0.53	0.53	0	0	0.4
66300	0.4	0.53	0.53	0	0	0.4
66400	0.4	0.54	0.54	0	0	0.4
66500	0.4	0.54	0.54	0	0	0.4
66600	0.4	0.54	0.54	0	0	0.4
66700	0.4	0.54	0.54	0	0	0.4
66800	0.4	0.54	0.54	0	0	0.4
66900	0.4	0.54	0.54	0	0	0.4
67000	0.4	0.54	0.54	0	0	0.4
67100	0.4	0.53	0.53	0	0	0.4
67200	0.4	0.53	0.53	0	0	0.4
67300	0.4	0.53	0.53	0	0	0.4
67400	0.4	0.53	0.53	0	0	0.4
67500	0.4	0.53	0.53	0	0	0.4
67600	0.4	0.53	0.53	0	0	0.4
67700	0.4	0.53	0.53	0	0	0.4
67800	0.4	0.53	0.53	0	0	0.4
67900	0.4	0.53	0.53	0	0	0.4
68000	0.4	0.53	0.53	0	0	0.4
68100	0.4	0.53	0.53	0	0	0.4
68200	0.4	0.52	0.52	0	0	0.4
68300	0.41	0.53	0.53	0	0	0.41
68400	0.41	0.53	0.53	0	0	0.41
68500	0.41	0.53	0.53	0	0	0.41
68600	0.41	0.53	0.53	0	0	0.41
68700	0.42	0.53	0.53	0	0	0.42
68800	0.42	0.53	0.53	0	0	0.42
68900	0.42	0.53	0.53	0	0	0.42
69000	0.42	0.53	0.53	0	0	0.42
69100	0.42	0.53	0.53	0	0	0.42
69200	0.42	0.53	0.53	0	0	0.42
69300	0.42	0.53	0.53	0	0	0.42
69400	0.42	0.53	0.53	0	0	0.42
69500	0.42	0.53	0.53	0	0	0.42
69600	0.42	0.53	0.53	0	0	0.42
69700	0.42	0.53	0.53	0	0	0.42
69800	0.42	0.53	0.53	0	0	0.42
69900	0.42	0.53	0.53	0	0	0.42
70000	0.42	0.51	0.51	0	0	0.42
70100	0.43	0.51	0.51	0	0	0.43
70200	0.43	0.51	0.51	0	0	0.43
70300	0.43	0.51	0.51	0	0	0.43
70400	0.43	0.51	0.51	0	0	0.43
70500	0.43	0.51	0.51	0	0	0.43
70600	0.44	0.51	0.51	0	0	0.44
70700	0.44	0.51	0.51	0	0	0.44
70800	0.44	0.51	0.51	0	0	0.44
70900	0.43	0.51	0.51	0	0	0.43
71000	0.43	0.51	0.51	0	0	0.43
71100	0.43	0.51	0.51	0	0	0.43
71200	0.43	0.5	0.5	0	0	0.43
71300	0.43	0.5	0.5	0	0	0.43
71400	0.43	0.5	0.5	0	0	0.43
71500	0.43	0.5	0.5	0	0	0.43
71600	0.43	0.5	0.5	0	0	0.43
71700	0.43	0.49	0.49	0	0	0.43
71800	0.43	0.49	0.49	0	0	0.43
71900	0.42	0.49	0.49	0	0	0.42
72000	0.42	0.49	0.49	0	0	0.42
72100	0.42	0.49	0.49	0	0	0.42
72200	0.42	0.5	0.5	0	0	0.42
72300	0.42	0.49	0.49	0	0	0.42
72400	0.42	0.49	0.49	0	0	0.42
72500	0.42	0.49	0.49	0	0	0.42
72600	0.42	0.49	0.49	0	0	0.42
72700	0.41	0.49	0.49	0	0	0.41
72800	0.41	0.49	0.49	0	0	0.41
72900	0.4	0.49	0.49	0	0	0.4
73000	0.4	0.49	0.49	0	0	0.4
73100	0.4	0.49	0.49	0	0	0.4
73200	0.4	0.49	0.49	0	0	0.4
73300	0.4	0.49	0.49	0	0	0.4
73400	0.4	0.5	0.5	0	0	0.4
73500	0.4	0.51	0.51	0	0	0.4
73600	0.4	0.51	0.51	0	0	0.4
73700	0.4	0.51	0.51	0	0	0.4
73800	0.4	0.5	0.5	0	0	0.4
73900	0.4	0.49	0.49	0	0	0.4
74000	0.4	0.49	0.49	0	0	0.4
74100	0.4	0.49	0.49	0	0	0.4
74200	0.4	0.49	0.49	0	0	0.4
74300	0.39	0.49	0.49	0	0	0.39
74400	0.39	0.49	0.49	0	0	0.39
74500	0.39	0.49	0.49	0	0	0.39
74600	0.39	0.49	0.49	0	0	0.39
74700	0.39	0.49	0.49	0	0	0.39
74800	0.39	0.49	0.49	0	0	0.39
74900	0.39	0.5	0.5	0	0	0.39
75000	0.39	0.5	0.5	0	0	0.39
75100	0.39	0.5	0.5	0	0	0.39
75200	0.39	0.5	0.5	0	0	0.39
75300	0.39	0.5	0.5	0	0	0.39
75400	0.39	0.5	0.5	0	0	0.39
75500	0.39	0.5	0.5	0	0	0.39
75600	0.39	0.51	0.51	0	0	0.39
75700	0.39	0.51	0.51	0	0	0.39
75800	0.39	0.51	0.51	0	0	0.39
75900	0.4	0.51	0.51	0	0	0.4
76000	0.4	0.51	0.51	0	0	0.4
76100	0.4	0.51	0.51	0	0	0.4
76200	0.4	0.5	0.5	0	0	0.4
76300	0.39	0.5	0.5	0	0	0.39
76400	0.39	0.5	0.5	0	0	0.39
76500	0.39	0.5	0.5	0	0	0.39
76600	0.39	0.5	0.5	0	0	0.39
76700	0.39	0.5	0.5	0	0	0.39
76800	0.39	0.5	0.5	0	0	0.39
76900	0.39	0.5	0.5	0	0	0.39
77000	0.39	0.5	0.5	0	0	0.39
77100	0.39	0.49	0.49	0	0	0.39
77200	0.39	0.49	0.49	0	0	0.39
77300	0.39	0.49	0.49	0	0	0.39
77400	0.39	0.49	0.49	0	0	0.39
77500	0.39	0.49	0.49	0	0	0.39
77600	0.39	0.49	0.49	0	0	0.39
77700	0.38	0.49	0.49	0	0	0.38
77800	0.39	0.49	0.49	0	0	0.39
77900	0.39	0.49	0.49	0	0	0.39
78000	0.39	0.49	0.49	0	0	0.39
78100	0.4	0.49	0.49	0	0	0.4
78200	0.4	0.49	0.49	0	0	0.4
78300	0.4	0.49	0.49	0	0	0.4
78400	0.4	0.49	0.49	0	0	0.4
78500	0.4	0.49	0.49	0	0	0.4
78600	0.4	0.49	0.49	0	0	0.4
78700	0.4	0.49	0.49	0	0	0.4
78800	0.4	0.49	0.49	0	0	0.4
78900	0.4	0.49	0.49	0	0	0.4
79000	0.39	0.48	0.48	0	0	0.39
79100	0.39	0.49	0.49	0	0	0.39
79200	0.39	0.49	0.49	0	0	0.39
79300	0.39	0.49	0.49	0	0	0.39
79400	0.39	0.49	0.49	0	0	0.39
79500	0.39	0.49	0.49	0	0	0.39
79600	0.39	0.49	0.49	0	0	0.39
79700	0.39	0.49	0.49	0	0	0.39
79800	0.39	0.49	0.49	0	0	0.39
79900	0.39	0.49	0.49	0	0	0.39
80000	0.39	0.49	0.49	0	0	0.39
80100	0.39	0.49	0.49	0	0	0.39
80200	0.39	0.48	0.48	0	0	0.39
80300	0.39	0.48	0.48	0	0	0.39
80400	0.39	0.48	0.48	0	0	0.39
80500	0.39	0.48	0.48	0	0	0.39
80600	0.39	0.48	0.48	0	0	0.39
80700	0.39	0.48	0.48	0	0	0.39
80800	0.39	0.48	0.48	0	0	0.39
80900	0.39	0.48	0.48	0	0	0.39
81000	0.39	0.48	0.48	0	0	0.39
81100	0.39	0.48	0.48	0	0	0.39
81200	0.38	0.49	0.49	0	0	0.38
81300	0.38	0.49	0.49	0	0	0.38
81400	0.38	0.49	0.49	0	0	0.38
81500	0.38	0.49	0.49	0	0	0.38
81600	0.38	0.5	0.5	0	0	0.38
81700	0.38	0.5	0.5	0	0	0.38
81800	0.38	0.5	0.5	0	0	0.38
81900	0.38	0.5	0.5	0	0	0.38
82000	0.38	0.5	0.5	0	0	0.38
82100	0.38	0.5	0.5	0	0	0.38
82200	0.38	0.5	0.5	0	0	0.38
82300	0.38	0.5	0.5	0	0	0.38
82400	0.38	0.5	0.5	0	0	0.38
82500	0.38	0.5	0.5	0	0	0.38
82600	0.38	0.5	0.5	0	0	0.38
82700	0.39	0.5	0.5	0	0	0.39
82800	0.39	0.5	0.5	0	0	0.39
82900	0.39	0.5	0.5	0	0	0.39
83000	0.39	0.5	0.5	0	0	0.39
83100	0.39	0.5	0.5	0	0	0.39
83200	0.39	0.5	0.5	0	0	0.39
83300	0.39	0.5	0.5	0	0	0.39
83400	0.39	0.49	0.49	0	0	0.39
83500	0.41	0.49	0.49	0	0	0.41
83600	0.41	0.49	0.49	0	0	0.41
83700	0.41	0.49	0.49	0	0	0.41
83800	0.41	0.49	0.49	0	0	0.41
83900	0.4	0.49	0.49	0	0	0.4
84000	0.4	0.5	0.5	0	0	0.4
84100	0.4	0.5	0.5	0	0	0.4
84200	0.4	0.5	0.5	0	0	0.4
84300	0.4	0.5	0.5	0	0	0.4
84400	0.4	0.5	0.5	0	0	0.4
84500	0.4	0.5	0.5	0	0	0.4
84600	0.41	0.5	0.5	0	0	0.41
84700	0.41	0.5	0.5	0	0	0.41
84800	0.41	0.5	0.5	0	0	0.41
84900	0.41	0.5	0.5	0	0	0.41
85000	0.41	0.5	0.5	0	0	0.41
85100	0.41	0.5	0.5	0	0	0.41
85200	0.41	0.5	0.5	0	0	0.41
85300	0.41	0.5	0.5	0	0	0.41
85400	0.4	0.5	0.5	0	0	0.4
85500	0.4	0.5	0.5	0	0	0.4
85600	0.4	0.5	0.5	0	0	0.4
85700	0.4	0.5	0.5	0	0	0.4
85800	0.4	0.5	0.5	0	0	0.4
85900	0.4	0.5	0.5	0	0	0.4
86000	0.4	0.5	0.5	0	0	0.4
86100	0.4	0.5	0.5	0	0	0.4
86200	0.39	0.5	0.5	0	0	0.39
86300	0.39	0.5	0.5	0	0	0.39
86400	0.39	0.5	0.5	0	0	0.39
86500	0.39	0.5	0.5	0	0	0.39
86600	0.39	0.5	0.5	0	0	0.39
86700	0.39	0.5	0.5	0	0	0.39
86800	0.39	0.5	0.5	0	0	0.39
86900	0.39	0.5	0.5	0	0	0.39
87000	0.38	0.5	0.5	0	0	0.38
87100	0.38	0.5	0.5	0	0	0.38
87200	0.38	0.5	0.5	0	0	0.38
87300	0.38	0.5	0.5	0	0	0.38
87400	0.38	0.5	0.5	0	0	0.38
87500	0.38	0.5	0.5	0	0	0.38
87600	0.38	0.5	0.5	0	0	0.38
87700	0.38	0.5	0.5	0	0	0.38
87800	0.38	0.5	0.5	0	0	0.38
87900	0.38	0.49	0.49	0	0	0.38
88000	0.38	0.49	0.49	0	0	0.38
88100	0.38	0.49	0.49	0	0	0.38
88200	0.38	0.49	0.49	0	0	0.38
88300	0.38	0.49	0.49	0	0	0.38
88400	0.4	0.49	0.49	0	0	0.4
88500	0.39	0.49	0.49	0	0	0.39
88600	0.39	0.49	0.49	0	0	0.39
88700	0.39	0.49	0.49	0	0	0.39
88800	0.39	0.49	0.49	0	0	0.39
88900	0.39	0.49	0.49	0	0	0.39
89000	0.39	0.49	0.49	0	0	0.39
89100	0.39	0.49	0.49	0	0	0.39
89200	0.39	0.49	0.49	0	0	0.39
89300	0.39	0.5	0.5	0	0	0.39
89400	0.39	0.5	0.5	0	0	0.39
89500	0.39	0.49	0.49	0	0	0.39
89600	0.39	0.49	0.49	0	0	0.39
89700	0.39	0.49	0.49	0	0	0.39
89800	0.39	0.5	0.5	0	0	0.39
89900	0.39	0.5	0.5	0	0	0.39
90000	0.39	0.5	0.5	0	0	0.39
90100	0.39	0.5	0.5	0	0	0.39
90200	0.39	0.5	0.5	0	0	0.39
90300	0.38	0.49	0.49	0	0	0.38
90400	0.39	0.49	0.49	0	0	0.39
90500	0.39	0.49	0.49	0	0	0.39
90600	0.39	0.49	0.49	0	0	0.39
90700	0.39	0.5	0.5	0	0	0.39
90800	0.39	0.49	0.49	0	0	0.39
90900	0.39	0.48	0.48	0	0	0.39
91000	0.39	0.48	0.48	0	0	0.39
91100	0.39	0.47	0.47	0	0	0.39
91200	0.39	0.47	0.47	0	0	0.39
91300	0.39	0.47	0.47	0	0	0.39
91400	0.4	0.47	0.47	0	0	0.4
91500	0.4	0.47	0.47	0	0	0.4
91600	0.4	0.47	0.47	0	0	0.4
91700	0.4	0.47	0.47	0	0	0.4
91800	0.41	0.47	0.47	0	0	0.41
91900	0.42	0.47	0.47	0	0	0.42
92000	0.42	0.47	0.47	0	0	0.42
92100	0.42	0.48	0.48	0	0	0.42
92200	0.42	0.48	0.48	0	0	0.42
92300	0.42	0.48	0.48	0	0	0.42
92400	0.42	0.48	0.48	0	0	0.42
92500	0.42	0.48	0.48	0	0	0.42
92600	0.42	0.49	0.49	0	0	0.42
92700	0.42	0.49	0.49	0	0	0.42
92800	0.42	0.49	0.49	0	0	0.42
92900	0.42	0.49	0.49	0	0	0.42
93000	0.42	0.49	0.49	0	0	0.42
93100	0.42	0.49	0.49	0	0	0.42
93200	0.42	0.49	0.49	0	0	0.42
93300	0.42	0.49	0.49	0	0	0.42
93400	0.42	0.49	0.49	0	0	0.42
93500	0.42	0.49	0.49	0	0	0.42
93600	0.43	0.49	0.49	0	0	0.43
93700	0.43	0.49	0.49	0	0	0.43
93800	0.43	0.49	0.49	0	0	0.43
93900	0.43	0.49	0.49	0	0	0.43
94000	0.43	0.49	0.49	0	0	0.43
94100	0.43	0.49	0.49	0	0	0.43
94200	0.43	0.49	0.49	0	0	0.43
94300	0.43	0.49	0.49	0	0	0.43
94400	0.43	0.49	0.49	0	0	0.43
94500	0.42	0.49	0.49	0	0	0.42
94600	0.42	0.49	0.49	0	0	0.42
94700	0.42	0.49	0.49	0	0	0.42
94800	0.42	0.49	0.49	0	0	0.42
94900	0.42	0.49	0.49	0	0	0.42
95000	0.42	0.49	0.49	0	0	0.42
95100	0.42	0.49	0.49	0	0	0.42
95200	0.42	0.49	0.49	0	0	0.42
95300	0.42	0.49	0.49	0	0	0.42
95400	0.42	0.49	0.49	0	0	0.42
95500	0.42	0.49	0.49	0	0	0.42
95600	0.42	0.49	0.49	0	0	0.42
95700	0.42	0.48	0.48	0	0	0.42
95800	0.42	0.48	0.48	0	0	0.42
95900	0.42	0.48	0.48	0	0	0.42
96000	0.42	0.48	0.48	0	0	0.42
96100	0.42	0.47	0.47	0	0	0.42
96200	0.42	0.48	0.48	0	0	0.42
96300	0.42	0.48	0.48	0	0	0.42
96400	0.42	0.48	0.48	0	0	0.42
96500	0.43	0.48	0.48	0	0	0.43
96600	0.43	0.48	0.48	0	0	0.43
96700	0.43	0.48	0.48	0	0	0.43
96800	0.42	0.48	0.48	0	0	0.42
96900	0.42	0.48	0.48	0	0	0.42
97000	0.42	0.48	0.48	0	0	0.42
97100	0.42	0.48	0.48	0	0	0.42
97200	0.42	0.48	0.48	0	0	0.42
97300	0.42	0.48	0.48	0	0	0.42
97400	0.42	0.48	0.48	0	0	0.42
97500	0.42	0.48	0.48	0	0	0.42
97600	0.42	0.49	0.49	0	0	0.42
97700	0.42	0.5	0.5	0	0	0.42
97800	0.42	0.5	0.5	0	0	0.42
97900	0.42	0.5	0.5	0	0	0.42
98000	0.42	0.5	0.5	0	0	0.42
98100	0.42	0.5	0.5	0	0	0.42
98200	0.42	0.5	0.5	0	0	0.42
98300	0.42	0.5	0.5	0	0	0.42
98400	0.42	0.5	0.5	0	0	0.42
98500	0.42	0.5	0.5	0	0	0.42
98600	0.42	0.5	0.5	0	0	0.42
98700	0.41	0.5	0.5	0	0	0.41
98800	0.41	0.5	0.5	0	0	0.41
98900	0.41	0.5	0.5	0	0	0.41
99000	0.42	0.5	0.5	0	0	0.42
99100	0.41	0.5	0.5	0	0	0.41
99200	0.41	0.5	0.5	0	0	0.41
99300	0.42	0.5	0.5	0	0	0.42
99400	0.42	0.5	0.5	0	0	0.42
99500	0.42	0.5	0.5	0	0	0.42
99600	0.42	0.5	0.5	0	0	0.42
99700	0.42	0.5	0.5	0	0	0.42
99800	0.42	0.5	0.5	0	0	0.42
99900	0.42	0.5	0.5	0	0	0.42
100000	0.42	0.5	0.5	0	0	0.42
