100	0.11	0.08	0.08	0	0	0.11
200	0.13	0.11	0.11	0	0	0.13
300	0.15	0.11	0.11	0	0	0.15
400	0.18	0.12	0.12	0	0	0.18
500	0.18	0.12	0.12	0	0	0.18
600	0.19	0.14	0.14	0	0	0.19
700	0.2	0.14	0.14	0	0	0.2
800	0.21	0.14	0.14	0	0	0.21
900	0.2	0.14	0.14	0	0	0.2
1000	0.21	0.15	0.15	0	0	0.21
1100	0.21	0.15	0.15	0	0	0.21
1200	0.22	0.15	0.15	0	0	0.22
1300	0.24	0.15	0.15	0	0	0.24
1400	0.25	0.15	0.15	0	0	0.25
1500	0.25	0.16	0.16	0	0	0.25
1600	0.25	0.16	0.16	0	0	0.25
1700	0.26	0.18	0.18	0	0	0.26
1800	0.26	0.19	0.19	0	0	0.26
1900	0.27	0.2	0.2	0	0	0.27
2000	0.3	0.21	0.21	0	0	0.3
2100	0.32	0.22	0.22	0	0	0.32
2200	0.32	0.23	0.23	0	0	0.32
2300	0.33	0.24	0.24	0	0	0.33
2400	0.34	0.24	0.24	0	0	0.34
2500	0.35	0.24	0.24	0	0	0.35
2600	0.36	0.24	0.24	0	0	0.36
2700	0.38	0.25	0.25	0	0	0.38
2800	0.38	0.27	0.27	0	0	0.38
2900	0.37	0.28	0.28	0	0	0.37
3000	0.36	0.28	0.28	0	0	0.36
3100	0.38	0.29	0.29	0	0	0.38
3200	0.39	0.29	0.29	0	0	0.39
3300	0.4	0.3	0.3	0	0	0.4
3400	0.4	0.3	0.3	0	0	0.4
3500	0.39	0.29	0.29	0	0	0.39
3600	0.39	0.29	0.29	0	0	0.39
3700	0.39	0.3	0.3	0	0	0.39
3800	0.4	0.3	0.3	0	0	0.4
3900	0.4	0.3	0.3	0	0	0.4
4000	0.39	0.3	0.3	0	0	0.39
4100	0.38	0.31	0.31	0	0	0.38
4200	0.39	0.31	0.31	0	0	0.39
4300	0.39	0.3	0.3	0	0	0.39
4400	0.39	0.3	0.3	0	0	0.39
4500	0.4	0.3	0.3	0	0	0.4
4600	0.39	0.3	0.3	0	0	0.39
4700	0.39	0.3	0.3	0	0	0.39
4800	0.39	0.31	0.31	0	0	0.39
4900	0.41	0.31	0.31	0	0	0.41
5000	0.41	0.31	0.31	0	0	0.41
5100	0.42	0.31	0.31	0	0	0.42
5200	0.42	0.31	0.31	0	0	0.42
5300	0.43	0.31	0.31	0	0	0.43
5400	0.43	0.31	0.31	0	0	0.43
5500	0.44	0.31	0.31	0	0	0.44
5600	0.42	0.31	0.31	0	0	0.42
5700	0.43	0.31	0.31	0	0	0.43
5800	0.43	0.31	0.31	0	0	0.43
5900	0.42	0.33	0.33	0	0	0.42
6000	0.42	0.33	0.33	0	0	0.42
6100	0.42	0.32	0.32	0	0	0.42
6200	0.42	0.32	0.32	0	0	0.42
6300	0.41	0.32	0.32	0	0	0.41
6400	0.42	0.32	0.32	0	0	0.42
6500	0.42	0.33	0.33	0	0	0.42
6600	0.41	0.33	0.33	0	0	0.41
6700	0.41	0.32	0.32	0	0	0.41
6800	0.41	0.32	0.32	0	0	0.41
6900	0.42	0.33	0.33	0	0	0.42
7000	0.42	0.32	0.32	0	0	0.42
7100	0.43	0.32	0.32	0	0	0.43
7200	0.43	0.33	0.33	0	0	0.43
7300	0.43	0.32	0.32	0	0	0.43
7400	0.44	0.33	0.33	0	0	0.44
7500	0.43	0.33	0.33	0	0	0.43
7600	0.43	0.33	0.33	0	0	0.43
7700	0.43	0.33	0.33	0	0	0.43
7800	0.43	0.33	0.33	0	0	0.43
7900	0.43	0.33	0.33	0	0	0.43
8000	0.43	0.33	0.33	0	0	0.43
8100	0.43	0.33	0.33	0	0	0.43
8200	0.43	0.33	0.33	0	0	0.43
8300	0.43	0.33	0.33	0	0	0.43
8400	0.43	0.33	0.33	0	0	0.43
8500	0.42	0.31	0.31	0	0	0.42
8600	0.43	0.32	0.32	0	0	0.43
8700	0.43	0.33	0.33	0	0	0.43
8800	0.44	0.33	0.33	0	0	0.44
8900	0.43	0.32	0.32	0	0	0.43
9000	0.43	0.33	0.33	0	0	0.43
9100	0.43	0.33	0.33	0	0	0.43
9200	0.44	0.33	0.33	0	0	0.44
9300	0.44	0.34	0.34	0	0	0.44
9400	0.44	0.34	0.34	0	0	0.44
9500	0.45	0.33	0.33	0	0	0.45
9600	0.46	0.32	0.32	0	0	0.46
9700	0.46	0.32	0.32	0	0	0.46
9800	0.46	0.33	0.33	0	0	0.46
9900	0.46	0.33	0.33	0	0	0.46
10000	0.45	0.33	0.33	0	0	0.45
10100	0.46	0.33	0.33	0	0	0.46
10200	0.47	0.33	0.33	0	0	0.47
10300	0.47	0.34	0.34	0	0	0.47
10400	0.47	0.34	0.34	0	0	0.47
10500	0.46	0.34	0.34	0	0	0.46
10600	0.46	0.35	0.35	0	0	0.46
10700	0.46	0.36	0.36	0	0	0.46
10800	0.46	0.36	0.36	0	0	0.46
10900	0.48	0.35	0.35	0	0	0.48
11000	0.46	0.35	0.35	0	0	0.46
11100	0.46	0.35	0.35	0	0	0.46
11200	0.46	0.36	0.36	0	0	0.46
11300	0.46	0.35	0.35	0	0	0.46
11400	0.46	0.35	0.35	0	0	0.46
11500	0.46	0.35	0.35	0	0	0.46
11600	0.46	0.35	0.35	0	0	0.46
11700	0.46	0.36	0.36	0	0	0.46
11800	0.45	0.37	0.37	0	0	0.45
11900	0.45	0.37	0.37	0	0	0.45
12000	0.45	0.37	0.37	0	0	0.45
12100	0.45	0.37	0.37	0	0	0.45
12200	0.45	0.37	0.37	0	0	0.45
12300	0.45	0.37	0.37	0	0	0.45
12400	0.45	0.36	0.36	0	0	0.45
12500	0.45	0.36	0.36	0	0	0.45
12600	0.45	0.37	0.37	0	0	0.45
12700	0.45	0.37	0.37	0	0	0.45
12800	0.46	0.37	0.37	0	0	0.46
12900	0.46	0.38	0.38	0	0	0.46
13000	0.46	0.38	0.38	0	0	0.46
13100	0.46	0.38	0.38	0	0	0.46
13200	0.46	0.38	0.38	0	0	0.46
13300	0.45	0.38	0.38	0	0	0.45
13400	0.45	0.38	0.38	0	0	0.45
13500	0.45	0.38	0.38	0	0	0.45
13600	0.45	0.39	0.39	0	0	0.45
13700	0.45	0.39	0.39	0	0	0.45
13800	0.45	0.39	0.39	0	0	0.45
13900	0.45	0.39	0.39	0	0	0.45
14000	0.45	0.39	0.39	0	0	0.45
14100	0.45	0.39	0.39	0	0	0.45
14200	0.44	0.39	0.39	0	0	0.44
14300	0.43	0.39	0.39	0	0	0.43
14400	0.43	0.39	0.39	0	0	0.43
14500	0.43	0.39	0.39	0	0	0.43
14600	0.43	0.39	0.39	0	0	0.43
14700	0.43	0.4	0.4	0	0	0.43
14800	0.43	0.39	0.39	0	0	0.43
14900	0.43	0.39	0.39	0	0	0.43
15000	0.43	0.39	0.39	0	0	0.43
15100	0.43	0.38	0.38	0	0	0.43
15200	0.43	0.38	0.38	0	0	0.43
15300	0.44	0.37	0.37	0	0	0.44
15400	0.44	0.37	0.37	0	0	0.44
15500	0.44	0.37	0.37	0	0	0.44
15600	0.44	0.37	0.37	0	0	0.44
15700	0.44	0.38	0.38	0	0	0.44
15800	0.44	0.4	0.4	0	0	0.44
15900	0.44	0.4	0.4	0	0	0.44
16000	0.45	0.4	0.4	0	0	0.45
16100	0.45	0.4	0.4	0	0	0.45
16200	0.45	0.4	0.4	0	0	0.45
16300	0.44	0.4	0.4	0	0	0.44
16400	0.44	0.4	0.4	0	0	0.44
16500	0.45	0.39	0.39	0	0	0.45
16600	0.45	0.39	0.39	0	0	0.45
16700	0.45	0.38	0.38	0	0	0.45
16800	0.45	0.38	0.38	0	0	0.45
16900	0.45	0.38	0.38	0	0	0.45
17000	0.45	0.38	0.38	0	0	0.45
17100	0.45	0.38	0.38	0	0	0.45
17200	0.45	0.38	0.38	0	0	0.45
17300	0.45	0.38	0.38	0	0	0.45
17400	0.45	0.39	0.39	0	0	0.45
17500	0.46	0.39	0.39	0	0	0.46
17600	0.46	0.39	0.39	0	0	0.46
17700	0.46	0.4	0.4	0	0	0.46
17800	0.47	0.4	0.4	0	0	0.47
17900	0.47	0.4	0.4	0	0	0.47
18000	0.47	0.4	0.4	0	0	0.47
18100	0.47	0.4	0.4	0	0	0.47
18200	0.47	0.4	0.4	0	0	0.47
18300	0.48	0.4	0.4	0	0	0.48
18400	0.48	0.4	0.4	0	0	0.48
18500	0.48	0.4	0.4	0	0	0.48
18600	0.48	0.4	0.4	0	0	0.48
18700	0.48	0.4	0.4	0	0	0.48
18800	0.48	0.4	0.4	0	0	0.48
18900	0.48	0.4	0.4	0	0	0.48
19000	0.48	0.4	0.4	0	0	0.48
19100	0.48	0.4	0.4	0	0	0.48
19200	0.48	0.4	0.4	0	0	0.48
19300	0.48	0.4	0.4	0	0	0.48
19400	0.48	0.4	0.4	0	0	0.48
19500	0.47	0.4	0.4	0	0	0.47
19600	0.47	0.4	0.4	0	0	0.47
19700	0.47	0.4	0.4	0	0	0.47
19800	0.47	0.41	0.41	0	0	0.47
19900	0.48	0.4	0.4	0	0	0.48
20000	0.48	0.4	0.4	0	0	0.48
20100	0.48	0.4	0.4	0	0	0.48
20200	0.48	0.39	0.39	0	0	0.48
20300	0.48	0.39	0.39	0	0	0.48
20400	0.48	0.39	0.39	0	0	0.48
20500	0.48	0.39	0.39	0	0	0.48
20600	0.48	0.39	0.39	0	0	0.48
20700	0.48	0.39	0.39	0	0	0.48
20800	0.48	0.39	0.39	0	0	0.48
20900	0.48	0.39	0.39	0	0	0.48
21000	0.48	0.39	0.39	0	0	0.48
21100	0.48	0.39	0.39	0	0	0.48
21200	0.48	0.39	0.39	0	0	0.48
21300	0.48	0.39	0.39	0	0	0.48
21400	0.48	0.39	0.39	0	0	0.48
21500	0.48	0.39	0.39	0	0	0.48
21600	0.48	0.39	0.39	0	0	0.48
21700	0.48	0.39	0.39	0	0	0.48
21800	0.48	0.39	0.39	0	0	0.48
21900	0.48	0.4	0.4	0	0	0.48
22000	0.48	0.4	0.4	0	0	0.48
22100	0.49	0.4	0.4	0	0	0.49
22200	0.48	0.41	0.41	0	0	0.48
22300	0.48	0.41	0.41	0	0	0.48
22400	0.47	0.41	0.41	0	0	0.47
22500	0.47	0.41	0.41	0	0	0.47
22600	0.47	0.41	0.41	0	0	0.47
22700	0.47	0.41	0.41	0	0	0.47
22800	0.47	0.43	0.43	0	0	0.47
22900	0.47	0.41	0.41	0	0	0.47
23000	0.47	0.41	0.41	0	0	0.47
23100	0.47	0.42	0.42	0	0	0.47
23200	0.47	0.42	0.42	0	0	0.47
23300	0.48	0.42	0.42	0	0	0.48
23400	0.48	0.42	0.42	0	0	0.48
23500	0.48	0.42	0.42	0	0	0.48
23600	0.48	0.42	0.42	0	0	0.48
23700	0.48	0.42	0.42	0	0	0.48
23800	0.49	0.43	0.43	0	0	0.49
23900	0.49	0.43	0.43	0	0	0.49
24000	0.49	0.43	0.43	0	0	0.49
24100	0.49	0.43	0.43	0	0	0.49
24200	0.49	0.43	0.43	0	0	0.49
24300	0.5	0.42	0.42	0	0	0.5
24400	0.5	0.42	0.42	0	0	0.5
24500	0.5	0.41	0.41	0	0	0.5
24600	0.5	0.41	0.41	0	0	0.5
24700	0.49	0.41	0.41	0	0	0.49
24800	0.47	0.41	0.41	0	0	0.47
24900	0.46	0.41	0.41	0	0	0.46
25000	0.46	0.41	0.41	0	0	0.46
25100	0.46	0.41	0.41	0	0	0.46
25200	0.46	0.42	0.42	0	0	0.46
25300	0.46	0.42	0.42	0	0	0.46
25400	0.46	0.42	0.42	0	0	0.46
25500	0.46	0.42	0.42	0	0	0.46
25600	0.45	0.42	0.42	0	0	0.45
25700	0.45	0.42	0.42	0	0	0.45
25800	0.45	0.42	0.42	0	0	0.45
25900	0.44	0.42	0.42	0	0	0.44
26000	0.44	0.42	0.42	0	0	0.44
26100	0.44	0.42	0.42	0	0	0.44
26200	0.44	0.42	0.42	0	0	0.44
26300	0.44	0.42	0.42	0	0	0.44
26400	0.44	0.42	0.42	0	0	0.44
26500	0.45	0.42	0.42	0	0	0.45
26600	0.45	0.42	0.42	0	0	0.45
26700	0.45	0.41	0.41	0	0	0.45
26800	0.46	0.41	0.41	0	0	0.46
26900	0.46	0.41	0.41	0	0	0.46
27000	0.46	0.41	0.41	0	0	0.46
27100	0.46	0.41	0.41	0	0	0.46
27200	0.46	0.4	0.4	0	0	0.46
27300	0.46	0.4	0.4	0	0	0.46
27400	0.46	0.4	0.4	0	0	0.46
27500	0.46	0.4	0.4	0	0	0.46
27600	0.46	0.4	0.4	0	0	0.46
27700	0.46	0.4	0.4	0	0	0.46
27800	0.46	0.4	0.4	0	0	0.46
27900	0.46	0.39	0.39	0	0	0.46
28000	0.47	0.39	0.39	0	0	0.47
28100	0.47	0.39	0.39	0	0	0.47
28200	0.47	0.39	0.39	0	0	0.47
28300	0.47	0.39	0.39	0	0	0.47
28400	0.47	0.39	0.39	0	0	0.47
28500	0.47	0.4	0.4	0	0	0.47
28600	0.47	0.4	0.4	0	0	0.47
28700	0.47	0.4	0.4	0	0	0.47
28800	0.46	0.4	0.4	0	0	0.46
28900	0.46	0.4	0.4	0	0	0.46
29000	0.46	0.4	0.4	0	0	0.46
29100	0.46	0.4	0.4	0	0	0.46
29200	0.46	0.4	0.4	0	0	0.46
29300	0.46	0.4	0.4	0	0	0.46
29400	0.46	0.41	0.41	0	0	0.46
29500	0.46	0.4	0.4	0	0	0.46
29600	0.46	0.4	0.4	0	0	0.46
29700	0.47	0.4	0.4	0	0	0.47
29800	0.49	0.4	0.4	0	0	0.49
29900	0.48	0.4	0.4	0	0	0.48
30000	0.48	0.4	0.4	0	0	0.48
30100	0.48	0.4	0.4	0	0	0.48
30200	0.48	0.4	0.4	0	0	0.48
30300	0.48	0.4	0.4	0	0	0.48
30400	0.48	0.4	0.4	0	0	0.48
30500	0.48	0.4	0.4	0	0	0.48
30600	0.48	0.4	0.4	0	0	0.48
30700	0.48	0.4	0.4	0	0	0.48
30800	0.48	0.4	0.4	0	0	0.48
30900	0.48	0.41	0.41	0	0	0.48
31000	0.48	0.41	0.41	0	0	0.48
31100	0.48	0.41	0.41	0	0	0.48
31200	0.48	0.41	0.41	0	0	0.48
31300	0.48	0.42	0.42	0	0	0.48
31400	0.48	0.42	0.42	0	0	0.48
31500	0.48	0.43	0.43	0	0	0.48
31600	0.48	0.43	0.43	0	0	0.48
31700	0.48	0.43	0.43	0	0	0.48
31800	0.48	0.43	0.43	0	0	0.48
31900	0.48	0.43	0.43	0	0	0.48
32000	0.48	0.43	0.43	0	0	0.48
32100	0.48	0.42	0.42	0	0	0.48
32200	0.48	0.42	0.42	0	0	0.48
32300	0.48	0.42	0.42	0	0	0.48
32400	0.48	0.42	0.42	0	0	0.48
32500	0.48	0.42	0.42	0	0	0.48
32600	0.48	0.42	0.42	0	0	0.48
32700	0.48	0.42	0.42	0	0	0.48
32800	0.48	0.42	0.42	0	0	0.48
32900	0.48	0.42	0.42	0	0	0.48
33000	0.48	0.42	0.42	0	0	0.48
33100	0.48	0.42	0.42	0	0	0.48
33200	0.48	0.42	0.42	0	0	0.48
33300	0.48	0.42	0.42	0	0	0.48
33400	0.48	0.42	0.42	0	0	0.48
33500	0.47	0.42	0.42	0	0	0.47
33600	0.47	0.42	0.42	0	0	0.47
33700	0.47	0.42	0.42	0	0	0.47
33800	0.47	0.42	0.42	0	0	0.47
33900	0.47	0.42	0.42	0	0	0.47
34000	0.47	0.42	0.42	0	0	0.47
34100	0.47	0.42	0.42	0	0	0.47
34200	0.47	0.42	0.42	0	0	0.47
34300	0.47	0.42	0.42	0	0	0.47
34400	0.47	0.42	0.42	0	0	0.47
34500	0.47	0.42	0.42	0	0	0.47
34600	0.47	0.42	0.42	0	0	0.47
34700	0.47	0.42	0.42	0	0	0.47
34800	0.47	0.42	0.42	0	0	0.47
34900	0.47	0.42	0.42	0	0	0.47
35000	0.47	0.42	0.42	0	0	0.47
35100	0.48	0.42	0.42	0	0	0.48
35200	0.48	0.42	0.42	0	0	0.48
35300	0.48	0.42	0.42	0	0	0.48
35400	0.48	0.41	0.41	0	0	0.48
35500	0.48	0.41	0.41	0	0	0.48
35600	0.48	0.41	0.41	0	0	0.48
35700	0.48	0.41	0.41	0	0	0.48
35800	0.48	0.42	0.42	0	0	0.48
35900	0.48	0.42	0.42	0	0	0.48
36000	0.48	0.42	0.42	0	0	0.48
36100	0.48	0.43	0.43	0	0	0.48
36200	0.48	0.43	0.43	0	0	0.48
36300	0.48	0.43	0.43	0	0	0.48
36400	0.48	0.43	0.43	0	0	0.48
36500	0.48	0.43	0.43	0	0	0.48
36600	0.48	0.43	0.43	0	0	0.48
36700	0.48	0.43	0.43	0	0	0.48
36800	0.48	0.43	0.43	0	0	0.48
36900	0.48	0.43	0.43	0	0	0.48
37000	0.48	0.43	0.43	0	0	0.48
37100	0.48	0.43	0.43	0	0	0.48
37200	0.48	0.43	0.43	0	0	0.48
37300	0.48	0.43	0.43	0	0	0.48
37400	0.48	0.43	0.43	0	0	0.48
37500	0.48	0.43	0.43	0	0	0.48
37600	0.48	0.43	0.43	0	0	0.48
37700	0.49	0.43	0.43	0	0	0.49
37800	0.49	0.43	0.43	0	0	0.49
37900	0.49	0.43	0.43	0	0	0.49
38000	0.49	0.43	0.43	0	0	0.49
38100	0.49	0.43	0.43	0	0	0.49
38200	0.48	0.43	0.43	0	0	0.48
38300	0.48	0.43	0.43	0	0	0.48
38400	0.48	0.43	0.43	0	0	0.48
38500	0.48	0.43	0.43	0	0	0.48
38600	0.48	0.43	0.43	0	0	0.48
38700	0.48	0.43	0.43	0	0	0.48
38800	0.48	0.43	0.43	0	0	0.48
38900	0.48	0.43	0.43	0	0	0.48
39000	0.48	0.43	0.43	0	0	0.48
39100	0.48	0.43	0.43	0	0	0.48
39200	0.48	0.44	0.44	0	0	0.48
39300	0.47	0.44	0.44	0	0	0.47
39400	0.47	0.44	0.44	0	0	0.47
39500	0.47	0.44	0.44	0	0	0.47
39600	0.47	0.44	0.44	0	0	0.47
39700	0.47	0.45	0.45	0	0	0.47
39800	0.47	0.45	0.45	0	0	0.47
39900	0.47	0.45	0.45	0	0	0.47
40000	0.47	0.45	0.45	0	0	0.47
40100	0.47	0.45	0.45	0	0	0.47
40200	0.47	0.45	0.45	0	0	0.47
40300	0.47	0.45	0.45	0	0	0.47
40400	0.47	0.45	0.45	0	0	0.47
40500	0.47	0.45	0.45	0	0	0.47
40600	0.48	0.45	0.45	0	0	0.48
40700	0.48	0.45	0.45	0	0	0.48
40800	0.48	0.45	0.45	0	0	0.48
40900	0.47	0.45	0.45	0	0	0.47
41000	0.47	0.45	0.45	0	0	0.47
41100	0.46	0.45	0.45	0	0	0.46
41200	0.46	0.45	0.45	0	0	0.46
41300	0.46	0.45	0.45	0	0	0.46
41400	0.46	0.45	0.45	0	0	0.46
41500	0.46	0.45	0.45	0	0	0.46
41600	0.46	0.45	0.45	0	0	0.46
41700	0.46	0.46	0.46	0	0	0.46
41800	0.46	0.46	0.46	0	0	0.46
41900	0.46	0.46	0.46	0	0	0.46
42000	0.46	0.46	0.46	0	0	0.46
42100	0.46	0.46	0.46	0	0	0.46
42200	0.47	0.46	0.46	0	0	0.47
42300	0.47	0.46	0.46	0	0	0.47
42400	0.47	0.46	0.46	0	0	0.47
42500	0.46	0.46	0.46	0	0	0.46
42600	0.46	0.46	0.46	0	0	0.46
42700	0.46	0.45	0.45	0	0	0.46
42800	0.45	0.45	0.45	0	0	0.45
42900	0.46	0.45	0.45	0	0	0.46
43000	0.46	0.45	0.45	0	0	0.46
43100	0.46	0.45	0.45	0	0	0.46
43200	0.46	0.45	0.45	0	0	0.46
43300	0.46	0.45	0.45	0	0	0.46
43400	0.46	0.45	0.45	0	0	0.46
43500	0.45	0.45	0.45	0	0	0.45
43600	0.45	0.45	0.45	0	0	0.45
43700	0.45	0.45	0.45	0	0	0.45
43800	0.45	0.45	0.45	0	0	0.45
43900	0.44	0.45	0.45	0	0	0.44
44000	0.44	0.45	0.45	0	0	0.44
44100	0.44	0.45	0.45	0	0	0.44
44200	0.44	0.46	0.46	0	0	0.44
44300	0.44	0.46	0.46	0	0	0.44
44400	0.44	0.46	0.46	0	0	0.44
44500	0.44	0.46	0.46	0	0	0.44
44600	0.44	0.46	0.46	0	0	0.44
44700	0.44	0.46	0.46	0	0	0.44
44800	0.44	0.46	0.46	0	0	0.44
44900	0.44	0.46	0.46	0	0	0.44
45000	0.44	0.46	0.46	0	0	0.44
45100	0.44	0.46	0.46	0	0	0.44
45200	0.44	0.46	0.46	0	0	0.44
45300	0.44	0.46	0.46	0	0	0.44
45400	0.44	0.46	0.46	0	0	0.44
45500	0.44	0.46	0.46	0	0	0.44
45600	0.43	0.46	0.46	0	0	0.43
45700	0.43	0.46	0.46	0	0	0.43
45800	0.43	0.46	0.46	0	0	0.43
45900	0.43	0.46	0.46	0	0	0.43
46000	0.43	0.46	0.46	0	0	0.43
46100	0.43	0.46	0.46	0	0	0.43
46200	0.43	0.45	0.45	0	0	0.43
46300	0.43	0.45	0.45	0	0	0.43
46400	0.42	0.45	0.45	0	0	0.42
46500	0.42	0.45	0.45	0	0	0.42
46600	0.42	0.45	0.45	0	0	0.42
46700	0.42	0.45	0.45	0	0	0.42
46800	0.42	0.45	0.45	0	0	0.42
46900	0.41	0.44	0.44	0	0	0.41
47000	0.41	0.44	0.44	0	0	0.41
47100	0.41	0.44	0.44	0	0	0.41
47200	0.41	0.44	0.44	0	0	0.41
47300	0.42	0.44	0.44	0	0	0.42
47400	0.42	0.44	0.44	0	0	0.42
47500	0.42	0.44	0.44	0	0	0.42
47600	0.42	0.44	0.44	0	0	0.42
47700	0.42	0.44	0.44	0	0	0.42
47800	0.42	0.44	0.44	0	0	0.42
47900	0.42	0.44	0.44	0	0	0.42
48000	0.42	0.43	0.43	0	0	0.42
48100	0.42	0.43	0.43	0	0	0.42
48200	0.42	0.43	0.43	0	0	0.42
48300	0.42	0.43	0.43	0	0	0.42
48400	0.42	0.43	0.43	0	0	0.42
48500	0.42	0.44	0.44	0	0	0.42
48600	0.41	0.44	0.44	0	0	0.41
48700	0.41	0.44	0.44	0	0	0.41
48800	0.41	0.43	0.43	0	0	0.41
48900	0.41	0.43	0.43	0	0	0.41
49000	0.41	0.43	0.43	0	0	0.41
49100	0.41	0.43	0.43	0	0	0.41
49200	0.41	0.43	0.43	0	0	0.41
49300	0.41	0.43	0.43	0	0	0.41
49400	0.41	0.43	0.43	0	0	0.41
49500	0.41	0.43	0.43	0	0	0.41
49600	0.41	0.43	0.43	0	0	0.41
49700	0.41	0.43	0.43	0	0	0.41
49800	0.41	0.43	0.43	0	0	0.41
49900	0.41	0.43	0.43	0	0	0.41
50000	0.41	0.43	0.43	0	0	0.41
50100	0.41	0.43	0.43	0	0	0.41
50200	0.41	0.43	0.43	0	0	0.41
50300	0.41	0.43	0.43	0	0	0.41
50400	0.42	0.43	0.43	0	0	0.42
50500	0.42	0.43	0.43	0	0	0.42
50600	0.42	0.43	0.43	0	0	0.42
50700	0.42	0.43	0.43	0	0	0.42
50800	0.42	0.43	0.43	0	0	0.42
50900	0.42	0.43	0.43	0	0	0.42
51000	0.42	0.43	0.43	0	0	0.42
51100	0.42	0.43	0.43	0	0	0.42
51200	0.42	0.43	0.43	0	0	0.42
51300	0.42	0.43	0.43	0	0	0.42
51400	0.42	0.42	0.42	0	0	0.42
51500	0.42	0.42	0.42	0	0	0.42
51600	0.42	0.42	0.42	0	0	0.42
51700	0.42	0.43	0.43	0	0	0.42
51800	0.42	0.43	0.43	0	0	0.42
51900	0.42	0.43	0.43	0	0	0.42
52000	0.42	0.43	0.43	0	0	0.42
52100	0.42	0.43	0.43	0	0	0.42
52200	0.42	0.43	0.43	0	0	0.42
52300	0.42	0.43	0.43	0	0	0.42
52400	0.42	0.44	0.44	0	0	0.42
52500	0.43	0.44	0.44	0	0	0.43
52600	0.42	0.44	0.44	0	0	0.42
52700	0.42	0.44	0.44	0	0	0.42
52800	0.42	0.44	0.44	0	0	0.42
52900	0.42	0.44	0.44	0	0	0.42
53000	0.42	0.44	0.44	0	0	0.42
53100	0.42	0.45	0.45	0	0	0.42
53200	0.42	0.44	0.44	0	0	0.42
53300	0.42	0.44	0.44	0	0	0.42
53400	0.42	0.45	0.45	0	0	0.42
53500	0.41	0.45	0.45	0	0	0.41
53600	0.41	0.45	0.45	0	0	0.41
53700	0.41	0.45	0.45	0	0	0.41
53800	0.41	0.45	0.45	0	0	0.41
53900	0.41	0.45	0.45	0	0	0.41
54000	0.41	0.45	0.45	0	0	0.41
54100	0.41	0.45	0.45	0	0	0.41
54200	0.41	0.45	0.45	0	0	0.41
54300	0.41	0.45	0.45	0	0	0.41
54400	0.41	0.45	0.45	0	0	0.41
54500	0.42	0.45	0.45	0	0	0.42
54600	0.42	0.45	0.45	0	0	0.42
54700	0.43	0.45	0.45	0	0	0.43
54800	0.42	0.45	0.45	0	0	0.42
54900	0.42	0.44	0.44	0	0	0.42
55000	0.42	0.44	0.44	0	0	0.42
55100	0.42	0.44	0.44	0	0	0.42
55200	0.42	0.44	0.44	0	0	0.42
55300	0.42	0.44	0.44	0	0	0.42
55400	0.42	0.44	0.44	0	0	0.42
55500	0.41	0.44	0.44	0	0	0.41
55600	0.41	0.44	0.44	0	0	0.41
55700	0.41	0.44	0.44	0	0	0.41
55800	0.41	0.45	0.45	0	0	0.41
55900	0.41	0.45	0.45	0	0	0.41
56000	0.41	0.45	0.45	0	0	0.41
56100	0.41	0.45	0.45	0	0	0.41
56200	0.41	0.45	0.45	0	0	0.41
56300	0.41	0.45	0.45	0	0	0.41
56400	0.41	0.45	0.45	0	0	0.41
56500	0.41	0.45	0.45	0	0	0.41
56600	0.41	0.45	0.45	0	0	0.41
56700	0.42	0.45	0.45	0	0	0.42
56800	0.43	0.45	0.45	0	0	0.43
56900	0.43	0.45	0.45	0	0	0.43
57000	0.43	0.44	0.44	0	0	0.43
57100	0.43	0.44	0.44	0	0	0.43
57200	0.43	0.44	0.44	0	0	0.43
57300	0.43	0.44	0.44	0	0	0.43
57400	0.43	0.43	0.43	0	0	0.43
57500	0.43	0.43	0.43	0	0	0.43
57600	0.43	0.43	0.43	0	0	0.43
57700	0.43	0.43	0.43	0	0	0.43
57800	0.43	0.43	0.43	0	0	0.43
57900	0.43	0.43	0.43	0	0	0.43
58000	0.43	0.44	0.44	0	0	0.43
58100	0.43	0.44	0.44	0	0	0.43
58200	0.43	0.43	0.43	0	0	0.43
58300	0.43	0.43	0.43	0	0	0.43
58400	0.43	0.43	0.43	0	0	0.43
58500	0.43	0.43	0.43	0	0	0.43
58600	0.43	0.43	0.43	0	0	0.43
58700	0.43	0.43	0.43	0	0	0.43
58800	0.43	0.43	0.43	0	0	0.43
58900	0.42	0.43	0.43	0	0	0.42
59000	0.42	0.43	0.43	0	0	0.42
59100	0.42	0.43	0.43	0	0	0.42
59200	0.42	0.43	0.43	0	0	0.42
59300	0.42	0.43	0.43	0	0	0.42
59400	0.42	0.42	0.42	0	0	0.42
59500	0.42	0.41	0.41	0	0	0.42
59600	0.42	0.41	0.41	0	0	0.42
59700	0.42	0.42	0.42	0	0	0.42
59800	0.42	0.42	0.42	0	0	0.42
59900	0.42	0.42	0.42	0	0	0.42
60000	0.42	0.42	0.42	0	0	0.42
60100	0.42	0.42	0.42	0	0	0.42
60200	0.43	0.42	0.42	0	0	0.43
60300	0.43	0.42	0.42	0	0	0.43
60400	0.43	0.43	0.43	0	0	0.43
60500	0.43	0.43	0.43	0	0	0.43
60600	0.43	0.43	0.43	0	0	0.43
60700	0.43	0.43	0.43	0	0	0.43
60800	0.43	0.42	0.42	0	0	0.43
60900	0.43	0.42	0.42	0	0	0.43
61000	0.43	0.42	0.42	0	0	0.43
61100	0.43	0.42	0.42	0	0	0.43
61200	0.43	0.43	0.43	0	0	0.43
61300	0.43	0.43	0.43	0	0	0.43
61400	0.43	0.43	0.43	0	0	0.43
61500	0.43	0.43	0.43	0	0	0.43
61600	0.43	0.43	0.43	0	0	0.43
61700	0.43	0.43	0.43	0	0	0.43
61800	0.43	0.43	0.43	0	0	0.43
61900	0.44	0.43	0.43	0	0	0.44
62000	0.44	0.43	0.43	0	0	0.44
62100	0.44	0.43	0.43	0	0	0.44
62200	0.44	0.43	0.43	0	0	0.44
62300	0.44	0.43	0.43	0	0	0.44
62400	0.45	0.43	0.43	0	0	0.45
62500	0.45	0.43	0.43	0	0	0.45
62600	0.45	0.43	0.43	0	0	0.45
62700	0.45	0.43	0.43	0	0	0.45
62800	0.45	0.43	0.43	0	0	0.45
62900	0.45	0.43	0.43	0	0	0.45
63000	0.45	0.43	0.43	0	0	0.45
63100	0.45	0.43	0.43	0	0	0.45
63200	0.45	0.43	0.43	0	0	0.45
63300	0.45	0.43	0.43	0	0	0.45
63400	0.45	0.43	0.43	0	0	0.45
63500	0.45	0.43	0.43	0	0	0.45
63600	0.45	0.44	0.44	0	0	0.45
63700	0.45	0.44	0.44	0	0	0.45
63800	0.45	0.44	0.44	0	0	0.45
63900	0.45	0.44	0.44	0	0	0.45
64000	0.45	0.44	0.44	0	0	0.45
64100	0.45	0.44	0.44	0	0	0.45
64200	0.45	0.44	0.44	0	0	0.45
64300	0.45	0.44	0.44	0	0	0.45
64400	0.45	0.44	0.44	0	0	0.45
64500	0.45	0.44	0.44	0	0	0.45
64600	0.45	0.44	0.44	0	0	0.45
64700	0.45	0.44	0.44	0	0	0.45
64800	0.45	0.44	0.44	0	0	0.45
64900	0.45	0.44	0.44	0	0	0.45
65000	0.45	0.44	0.44	0	0	0.45
65100	0.45	0.44	0.44	0	0	0.45
65200	0.45	0.44	0.44	0	0	0.45
65300	0.45	0.44	0.44	0	0	0.45
65400	0.46	0.44	0.44	0	0	0.46
65500	0.45	0.44	0.44	0	0	0.45
65600	0.45	0.44	0.44	0	0	0.45
65700	0.45	0.44	0.44	0	0	0.45
65800	0.44	0.44	0.44	0	0	0.44
65900	0.44	0.44	0.44	0	0	0.44
66000	0.44	0.44	0.44	0	0	0.44
66100	0.44	0.44	0.44	0	0	0.44
66200	0.44	0.43	0.43	0	0	0.44
66300	0.44	0.44	0.44	0	0	0.44
66400	0.44	0.44	0.44	0	0	0.44
66500	0.44	0.43	0.43	0	0	0.44
66600	0.45	0.43	0.43	0	0	0.45
66700	0.45	0.43	0.43	0	0	0.45
66800	0.45	0.43	0.43	0	0	0.45
66900	0.45	0.43	0.43	0	0	0.45
67000	0.45	0.43	0.43	0	0	0.45
67100	0.45	0.44	0.44	0	0	0.45
67200	0.45	0.44	0.44	0	0	0.45
67300	0.45	0.44	0.44	0	0	0.45
67400	0.45	0.44	0.44	0	0	0.45
67500	0.45	0.44	0.44	0	0	0.45
67600	0.44	0.44	0.44	0	0	0.44
67700	0.44	0.44	0.44	0	0	0.44
67800	0.44	0.44	0.44	0	0	0.44
67900	0.44	0.44	0.44	0	0	0.44
68000	0.44	0.44	0.44	0	0	0.44
68100	0.44	0.44	0.44	0	0	0.44
68200	0.44	0.44	0.44	0	0	0.44
68300	0.44	0.44	0.44	0	0	0.44
68400	0.44	0.43	0.43	0	0	0.44
68500	0.44	0.44	0.44	0	0	0.44
68600	0.44	0.44	0.44	0	0	0.44
68700	0.44	0.44	0.44	0	0	0.44
68800	0.44	0.44	0.44	0	0	0.44
68900	0.43	0.44	0.44	0	0	0.43
69000	0.43	0.45	0.45	0	0	0.43
69100	0.43	0.45	0.45	0	0	0.43
69200	0.43	0.45	0.45	0	0	0.43
69300	0.43	0.45	0.45	0	0	0.43
69400	0.43	0.45	0.45	0	0	0.43
69500	0.43	0.45	0.45	0	0	0.43
69600	0.43	0.46	0.46	0	0	0.43
69700	0.43	0.46	0.46	0	0	0.43
69800	0.43	0.46	0.46	0	0	0.43
69900	0.43	0.47	0.47	0	0	0.43
70000	0.43	0.47	0.47	0	0	0.43
70100	0.43	0.47	0.47	0	0	0.43
70200	0.43	0.47	0.47	0	0	0.43
70300	0.43	0.47	0.47	0	0	0.43
70400	0.43	0.47	0.47	0	0	0.43
70500	0.43	0.47	0.47	0	0	0.43
70600	0.43	0.47	0.47	0	0	0.43
70700	0.43	0.47	0.47	0	0	0.43
70800	0.43	0.47	0.47	0	0	0.43
70900	0.43	0.46	0.46	0	0	0.43
71000	0.43	0.46	0.46	0	0	0.43
71100	0.43	0.46	0.46	0	0	0.43
71200	0.43	0.46	0.46	0	0	0.43
71300	0.43	0.46	0.46	0	0	0.43
71400	0.43	0.46	0.46	0	0	0.43
71500	0.43	0.46	0.46	0	0	0.43
71600	0.42	0.47	0.47	0	0	0.42
71700	0.42	0.47	0.47	0	0	0.42
71800	0.42	0.47	0.47	0	0	0.42
71900	0.42	0.47	0.47	0	0	0.42
72000	0.42	0.47	0.47	0	0	0.42
72100	0.42	0.47	0.47	0	0	0.42
72200	0.42	0.47	0.47	0	0	0.42
72300	0.42	0.47	0.47	0	0	0.42
72400	0.42	0.45	0.45	0	0	0.42
72500	0.42	0.45	0.45	0	0	0.42
72600	0.42	0.45	0.45	0	0	0.42
72700	0.42	0.45	0.45	0	0	0.42
72800	0.42	0.45	0.45	0	0	0.42
72900	0.41	0.45	0.45	0	0	0.41
73000	0.41	0.44	0.44	0	0	0.41
73100	0.41	0.44	0.44	0	0	0.41
73200	0.4	0.44	0.44	0	0	0.4
73300	0.4	0.44	0.44	0	0	0.4
73400	0.4	0.44	0.44	0	0	0.4
73500	0.4	0.44	0.44	0	0	0.4
73600	0.4	0.44	0.44	0	0	0.4
73700	0.4	0.44	0.44	0	0	0.4
73800	0.4	0.44	0.44	0	0	0.4
73900	0.4	0.45	0.45	0	0	0.4
74000	0.4	0.45	0.45	0	0	0.4
74100	0.4	0.45	0.45	0	0	0.4
74200	0.4	0.45	0.45	0	0	0.4
74300	0.4	0.45	0.45	0	0	0.4
74400	0.4	0.45	0.45	0	0	0.4
74500	0.4	0.45	0.45	0	0	0.4
74600	0.4	0.45	0.45	0	0	0.4
74700	0.39	0.45	0.45	0	0	0.39
74800	0.39	0.45	0.45	0	0	0.39
74900	0.39	0.45	0.45	0	0	0.39
75000	0.38	0.46	0.46	0	0	0.38
75100	0.38	0.46	0.46	0	0	0.38
75200	0.38	0.46	0.46	0	0	0.38
75300	0.39	0.46	0.46	0	0	0.39
75400	0.39	0.47	0.47	0	0	0.39
75500	0.39	0.45	0.45	0	0	0.39
75600	0.39	0.45	0.45	0	0	0.39
75700	0.4	0.45	0.45	0	0	0.4
75800	0.4	0.45	0.45	0	0	0.4
75900	0.4	0.45	0.45	0	0	0.4
76000	0.4	0.45	0.45	0	0	0.4
76100	0.4	0.45	0.45	0	0	0.4
76200	0.4	0.45	0.45	0	0	0.4
76300	0.4	0.45	0.45	0	0	0.4
76400	0.4	0.45	0.45	0	0	0.4
76500	0.4	0.45	0.45	0	0	0.4
76600	0.4	0.45	0.45	0	0	0.4
76700	0.4	0.45	0.45	0	0	0.4
76800	0.4	0.46	0.46	0	0	0.4
76900	0.4	0.46	0.46	0	0	0.4
77000	0.41	0.46	0.46	0	0	0.41
77100	0.41	0.46	0.46	0	0	0.41
77200	0.41	0.46	0.46	0	0	0.41
77300	0.41	0.46	0.46	0	0	0.41
77400	0.42	0.46	0.46	0	0	0.42
77500	0.42	0.46	0.46	0	0	0.42
77600	0.42	0.46	0.46	0	0	0.42
77700	0.43	0.46	0.46	0	0	0.43
77800	0.43	0.46	0.46	0	0	0.43
77900	0.43	0.47	0.47	0	0	0.43
78000	0.43	0.47	0.47	0	0	0.43
78100	0.43	0.46	0.46	0	0	0.43
78200	0.43	0.46	0.46	0	0	0.43
78300	0.43	0.46	0.46	0	0	0.43
78400	0.43	0.46	0.46	0	0	0.43
78500	0.43	0.46	0.46	0	0	0.43
78600	0.43	0.46	0.46	0	0	0.43
78700	0.43	0.46	0.46	0	0	0.43
78800	0.43	0.46	0.46	0	0	0.43
78900	0.43	0.46	0.46	0	0	0.43
79000	0.44	0.46	0.46	0	0	0.44
79100	0.44	0.46	0.46	0	0	0.44
79200	0.44	0.47	0.47	0	0	0.44
79300	0.45	0.47	0.47	0	0	0.45
79400	0.45	0.47	0.47	0	0	0.45
79500	0.45	0.47	0.47	0	0	0.45
79600	0.45	0.47	0.47	0	0	0.45
79700	0.45	0.48	0.48	0	0	0.45
79800	0.45	0.47	0.47	0	0	0.45
79900	0.45	0.47	0.47	0	0	0.45
80000	0.45	0.48	0.48	0	0	0.45
80100	0.45	0.48	0.48	0	0	0.45
80200	0.45	0.48	0.48	0	0	0.45
80300	0.45	0.48	0.48	0	0	0.45
80400	0.45	0.48	0.48	0	0	0.45
80500	0.45	0.47	0.47	0	0	0.45
80600	0.45	0.47	0.47	0	0	0.45
80700	0.45	0.48	0.48	0	0	0.45
80800	0.45	0.48	0.48	0	0	0.45
80900	0.45	0.48	0.48	0	0	0.45
81000	0.45	0.48	0.48	0	0	0.45
81100	0.45	0.48	0.48	0	0	0.45
81200	0.45	0.47	0.47	0	0	0.45
81300	0.45	0.47	0.47	0	0	0.45
81400	0.45	0.47	0.47	0	0	0.45
81500	0.45	0.47	0.47	0	0	0.45
81600	0.45	0.48	0.48	0	0	0.45
81700	0.45	0.48	0.48	0	0	0.45
81800	0.45	0.48	0.48	0	0	0.45
81900	0.45	0.48	0.48	0	0	0.45
82000	0.45	0.48	0.48	0	0	0.45
82100	0.45	0.48	0.48	0	0	0.45
82200	0.45	0.48	0.48	0	0	0.45
82300	0.45	0.48	0.48	0	0	0.45
82400	0.46	0.48	0.48	0	0	0.46
82500	0.46	0.48	0.48	0	0	0.46
82600	0.46	0.48	0.48	0	0	0.46
82700	0.46	0.48	0.48	0	0	0.46
82800	0.46	0.48	0.48	0	0	0.46
82900	0.46	0.48	0.48	0	0	0.46
83000	0.46	0.48	0.48	0	0	0.46
83100	0.46	0.48	0.48	0	0	0.46
83200	0.46	0.49	0.49	0	0	0.46
83300	0.46	0.49	0.49	0	0	0.46
83400	0.46	0.49	0.49	0	0	0.46
83500	0.46	0.49	0.49	0	0	0.46
83600	0.46	0.49	0.49	0	0	0.46
83700	0.46	0.49	0.49	0	0	0.46
83800	0.46	0.49	0.49	0	0	0.46
83900	0.46	0.49	0.49	0	0	0.46
84000	0.46	0.49	0.49	0	0	0.46
84100	0.46	0.49	0.49	0	0	0.46
84200	0.45	0.49	0.49	0	0	0.45
84300	0.45	0.49	0.49	0	0	0.45
84400	0.45	0.49	0.49	0	0	0.45
84500	0.45	0.49	0.49	0	0	0.45
84600	0.45	0.49	0.49	0	0	0.45
84700	0.45	0.49	0.49	0	0	0.45
84800	0.45	0.49	0.49	0	0	0.45
84900	0.45	0.49	0.49	0	0	0.45
85000	0.45	0.49	0.49	0	0	0.45
85100	0.45	0.49	0.49	0	0	0.45
85200	0.45	0.49	0.49	0	0	0.45
85300	0.45	0.49	0.49	0	0	0.45
85400	0.45	0.49	0.49	0	0	0.45
85500	0.45	0.49	0.49	0	0	0.45
85600	0.45	0.49	0.49	0	0	0.45
85700	0.45	0.49	0.49	0	0	0.45
85800	0.45	0.49	0.49	0	0	0.45
85900	0.45	0.49	0.49	0	0	0.45
86000	0.45	0.49	0.49	0	0	0.45
86100	0.45	0.49	0.49	0	0	0.45
86200	0.45	0.49	0.49	0	0	0.45
86300	0.45	0.49	0.49	0	0	0.45
86400	0.45	0.49	0.49	0	0	0.45
86500	0.46	0.49	0.49	0	0	0.46
86600	0.45	0.49	0.49	0	0	0.45
86700	0.45	0.49	0.49	0	0	0.45
86800	0.45	0.49	0.49	0	0	0.45
86900	0.45	0.49	0.49	0	0	0.45
87000	0.45	0.49	0.49	0	0	0.45
87100	0.45	0.49	0.49	0	0	0.45
87200	0.45	0.49	0.49	0	0	0.45
87300	0.45	0.49	0.49	0	0	0.45
87400	0.45	0.49	0.49	0	0	0.45
87500	0.45	0.5	0.5	0	0	0.45
87600	0.45	0.49	0.49	0	0	0.45
87700	0.45	0.49	0.49	0	0	0.45
87800	0.45	0.49	0.49	0	0	0.45
87900	0.45	0.49	0.49	0	0	0.45
88000	0.45	0.49	0.49	0	0	0.45
88100	0.45	0.49	0.49	0	0	0.45
88200	0.45	0.49	0.49	0	0	0.45
88300	0.44	0.49	0.49	0	0	0.44
88400	0.44	0.49	0.49	0	0	0.44
88500	0.44	0.49	0.49	0	0	0.44
88600	0.44	0.49	0.49	0	0	0.44
88700	0.44	0.49	0.49	0	0	0.44
88800	0.44	0.49	0.49	0	0	0.44
88900	0.44	0.49	0.49	0	0	0.44
89000	0.44	0.49	0.49	0	0	0.44
89100	0.44	0.49	0.49	0	0	0.44
89200	0.44	0.49	0.49	0	0	0.44
89300	0.44	0.49	0.49	0	0	0.44
89400	0.44	0.49	0.49	0	0	0.44
89500	0.44	0.5	0.5	0	0	0.44
89600	0.44	0.5	0.5	0	0	0.44
89700	0.44	0.51	0.51	0	0	0.44
89800	0.44	0.51	0.51	0	0	0.44
89900	0.44	0.51	0.51	0	0	0.44
90000	0.44	0.51	0.51	0	0	0.44
90100	0.44	0.51	0.51	0	0	0.44
90200	0.44	0.51	0.51	0	0	0.44
90300	0.44	0.51	0.51	0	0	0.44
90400	0.44	0.51	0.51	0	0	0.44
90500	0.44	0.51	0.51	0	0	0.44
90600	0.44	0.51	0.51	0	0	0.44
90700	0.44	0.51	0.51	0	0	0.44
90800	0.44	0.51	0.51	0	0	0.44
90900	0.44	0.51	0.51	0	0	0.44
91000	0.44	0.51	0.51	0	0	0.44
91100	0.44	0.51	0.51	0	0	0.44
91200	0.44	0.51	0.51	0	0	0.44
91300	0.44	0.51	0.51	0	0	0.44
91400	0.44	0.51	0.51	0	0	0.44
91500	0.44	0.51	0.51	0	0	0.44
91600	0.43	0.51	0.51	0	0	0.43
91700	0.43	0.51	0.51	0	0	0.43
91800	0.43	0.52	0.52	0	0	0.43
91900	0.43	0.52	0.52	0	0	0.43
92000	0.43	0.52	0.52	0	0	0.43
92100	0.43	0.52	0.52	0	0	0.43
92200	0.43	0.52	0.52	0	0	0.43
92300	0.43	0.52	0.52	0	0	0.43
92400	0.43	0.52	0.52	0	0	0.43
92500	0.43	0.52	0.52	0	0	0.43
92600	0.43	0.52	0.52	0	0	0.43
92700	0.43	0.52	0.52	0	0	0.43
92800	0.43	0.52	0.52	0	0	0.43
92900	0.43	0.52	0.52	0	0	0.43
93000	0.43	0.52	0.52	0	0	0.43
93100	0.43	0.52	0.52	0	0	0.43
93200	0.43	0.52	0.52	0	0	0.43
93300	0.43	0.52	0.52	0	0	0.43
93400	0.43	0.53	0.53	0	0	0.43
93500	0.43	0.53	0.53	0	0	0.43
93600	0.44	0.53	0.53	0	0	0.44
93700	0.44	0.53	0.53	0	0	0.44
93800	0.44	0.53	0.53	0	0	0.44
93900	0.44	0.53	0.53	0	0	0.44
94000	0.44	0.53	0.53	0	0	0.44
94100	0.44	0.53	0.53	0	0	0.44
94200	0.44	0.53	0.53	0	0	0.44
94300	0.44	0.53	0.53	0	0	0.44
94400	0.44	0.53	0.53	0	0	0.44
94500	0.44	0.53	0.53	0	0	0.44
94600	0.44	0.53	0.53	0	0	0.44
94700	0.44	0.53	0.53	0	0	0.44
94800	0.44	0.53	0.53	0	0	0.44
94900	0.44	0.53	0.53	0	0	0.44
95000	0.43	0.53	0.53	0	0	0.43
95100	0.43	0.53	0.53	0	0	0.43
95200	0.43	0.53	0.53	0	0	0.43
95300	0.42	0.53	0.53	0	0	0.42
95400	0.41	0.53	0.53	0	0	0.41
95500	0.41	0.53	0.53	0	0	0.41
95600	0.41	0.53	0.53	0	0	0.41
95700	0.41	0.53	0.53	0	0	0.41
95800	0.41	0.53	0.53	0	0	0.41
95900	0.41	0.53	0.53	0	0	0.41
96000	0.41	0.52	0.52	0	0	0.41
96100	0.42	0.52	0.52	0	0	0.42
96200	0.42	0.52	0.52	0	0	0.42
96300	0.41	0.52	0.52	0	0	0.41
96400	0.41	0.52	0.52	0	0	0.41
96500	0.41	0.52	0.52	0	0	0.41
96600	0.41	0.52	0.52	0	0	0.41
96700	0.42	0.51	0.51	0	0	0.42
96800	0.42	0.51	0.51	0	0	0.42
96900	0.42	0.51	0.51	0	0	0.42
97000	0.42	0.51	0.51	0	0	0.42
97100	0.42	0.51	0.51	0	0	0.42
97200	0.42	0.51	0.51	0	0	0.42
97300	0.42	0.51	0.51	0	0	0.42
97400	0.42	0.51	0.51	0	0	0.42
97500	0.42	0.51	0.51	0	0	0.42
97600	0.42	0.51	0.51	0	0	0.42
97700	0.42	0.51	0.51	0	0	0.42
97800	0.42	0.51	0.51	0	0	0.42
97900	0.42	0.51	0.51	0	0	0.42
98000	0.42	0.51	0.51	0	0	0.42
98100	0.42	0.51	0.51	0	0	0.42
98200	0.42	0.51	0.51	0	0	0.42
98300	0.42	0.5	0.5	0	0	0.42
98400	0.42	0.5	0.5	0	0	0.42
98500	0.42	0.5	0.5	0	0	0.42
98600	0.42	0.5	0.5	0	0	0.42
98700	0.43	0.5	0.5	0	0	0.43
98800	0.42	0.5	0.5	0	0	0.42
98900	0.42	0.5	0.5	0	0	0.42
99000	0.42	0.5	0.5	0	0	0.42
99100	0.42	0.5	0.5	0	0	0.42
99200	0.42	0.49	0.49	0	0	0.42
99300	0.42	0.49	0.49	0	0	0.42
99400	0.43	0.49	0.49	0	0	0.43
99500	0.44	0.49	0.49	0	0	0.44
99600	0.43	0.49	0.49	0	0	0.43
99700	0.43	0.49	0.49	0	0	0.43
99800	0.43	0.49	0.49	0	0	0.43
99900	0.43	0.5	0.5	0	0	0.43
100000	0.43	0.5	0.5	0	0	0.43
