100	0.05	0.06	0.06	0	0	0.05
200	0.06	0.08	0.08	0	0	0.06
300	0.09	0.08	0.08	0	0	0.09
400	0.1	0.08	0.08	0	0	0.1
500	0.1	0.08	0.08	0	0	0.1
600	0.1	0.09	0.09	0	0	0.1
700	0.11	0.09	0.09	0	0	0.11
800	0.12	0.1	0.1	0	0	0.12
900	0.14	0.1	0.1	0	0	0.14
1000	0.15	0.11	0.11	0	0	0.15
1100	0.17	0.11	0.11	0	0	0.17
1200	0.17	0.14	0.14	0	0	0.17
1300	0.18	0.14	0.14	0	0	0.18
1400	0.18	0.14	0.14	0	0	0.18
1500	0.19	0.14	0.14	0	0	0.19
1600	0.2	0.14	0.14	0	0	0.2
1700	0.21	0.14	0.14	0	0	0.21
1800	0.23	0.15	0.15	0	0	0.23
1900	0.25	0.16	0.16	0	0	0.25
2000	0.25	0.15	0.15	0	0	0.25
2100	0.26	0.16	0.16	0	0	0.26
2200	0.26	0.16	0.16	0	0	0.26
2300	0.29	0.18	0.18	0	0	0.29
2400	0.29	0.19	0.19	0	0	0.29
2500	0.29	0.19	0.19	0	0	0.29
2600	0.29	0.19	0.19	0	0	0.29
2700	0.29	0.19	0.19	0	0	0.29
2800	0.3	0.19	0.19	0	0	0.3
2900	0.3	0.19	0.19	0	0	0.3
3000	0.3	0.19	0.19	0	0	0.3
3100	0.31	0.2	0.2	0	0	0.31
3200	0.31	0.21	0.21	0	0	0.31
3300	0.31	0.21	0.21	0	0	0.31
3400	0.31	0.21	0.21	0	0	0.31
3500	0.32	0.21	0.21	0	0	0.32
3600	0.32	0.24	0.24	0	0	0.32
3700	0.32	0.25	0.25	0	0	0.32
3800	0.31	0.26	0.26	0	0	0.31
3900	0.34	0.28	0.28	0	0	0.34
4000	0.33	0.27	0.27	0	0	0.33
4100	0.32	0.28	0.28	0	0	0.32
4200	0.32	0.28	0.28	0	0	0.32
4300	0.32	0.29	0.29	0	0	0.32
4400	0.32	0.29	0.29	0	0	0.32
4500	0.31	0.29	0.29	0	0	0.31
4600	0.32	0.29	0.29	0	0	0.32
4700	0.32	0.3	0.3	0	0	0.32
4800	0.31	0.3	0.3	0	0	0.31
4900	0.31	0.29	0.29	0	0	0.31
5000	0.31	0.29	0.29	0	0	0.31
5100	0.32	0.29	0.29	0	0	0.32
5200	0.32	0.3	0.3	0	0	0.32
5300	0.33	0.3	0.3	0	0	0.33
5400	0.34	0.3	0.3	0	0	0.34
5500	0.33	0.31	0.31	0	0	0.33
5600	0.34	0.32	0.32	0	0	0.34
5700	0.34	0.32	0.32	0	0	0.34
5800	0.35	0.32	0.32	0	0	0.35
5900	0.35	0.33	0.33	0	0	0.35
6000	0.35	0.33	0.33	0	0	0.35
6100	0.36	0.33	0.33	0	0	0.36
6200	0.36	0.33	0.33	0	0	0.36
6300	0.36	0.33	0.33	0	0	0.36
6400	0.34	0.34	0.34	0	0	0.34
6500	0.34	0.33	0.33	0	0	0.34
6600	0.34	0.33	0.33	0	0	0.34
6700	0.34	0.33	0.33	0	0	0.34
6800	0.34	0.33	0.33	0	0	0.34
6900	0.35	0.34	0.34	0	0	0.35
7000	0.36	0.34	0.34	0	0	0.36
7100	0.35	0.34	0.34	0	0	0.35
7200	0.35	0.34	0.34	0	0	0.35
7300	0.35	0.34	0.34	0	0	0.35
7400	0.36	0.35	0.35	0	0	0.36
7500	0.35	0.35	0.35	0	0	0.35
7600	0.36	0.35	0.35	0	0	0.36
7700	0.35	0.35	0.35	0	0	0.35
7800	0.37	0.35	0.35	0	0	0.37
7900	0.37	0.35	0.35	0	0	0.37
8000	0.37	0.35	0.35	0	0	0.37
8100	0.37	0.35	0.35	0	0	0.37
8200	0.38	0.35	0.35	0	0	0.38
8300	0.39	0.35	0.35	0	0	0.39
8400	0.39	0.35	0.35	0	0	0.39
8500	0.38	0.35	0.35	0	0	0.38
8600	0.38	0.36	0.36	0	0	0.38
8700	0.38	0.35	0.35	0	0	0.38
8800	0.39	0.37	0.37	0	0	0.39
8900	0.4	0.37	0.37	0	0	0.4
9000	0.4	0.37	0.37	0	0	0.4
9100	0.4	0.37	0.37	0	0	0.4
9200	0.4	0.37	0.37	0	0	0.4
9300	0.4	0.37	0.37	0	0	0.4
9400	0.4	0.36	0.36	0	0	0.4
9500	0.4	0.36	0.36	0	0	0.4
9600	0.4	0.36	0.36	0	0	0.4
9700	0.39	0.36	0.36	0	0	0.39
9800	0.39	0.37	0.37	0	0	0.39
9900	0.39	0.38	0.38	0	0	0.39
10000	0.39	0.38	0.38	0	0	0.39
10100	0.38	0.39	0.39	0	0	0.38
10200	0.38	0.39	0.39	0	0	0.38
10300	0.38	0.39	0.39	0	0	0.38
10400	0.37	0.39	0.39	0	0	0.37
10500	0.37	0.39	0.39	0	0	0.37
10600	0.38	0.39	0.39	0	0	0.38
10700	0.39	0.39	0.39	0	0	0.39
10800	0.39	0.39	0.39	0	0	0.39
10900	0.4	0.39	0.39	0	0	0.4
11000	0.4	0.39	0.39	0	0	0.4
11100	0.4	0.38	0.38	0	0	0.4
11200	0.41	0.39	0.39	0	0	0.41
11300	0.41	0.39	0.39	0	0	0.41
11400	0.41	0.39	0.39	0	0	0.41
11500	0.41	0.37	0.37	0	0	0.41
11600	0.39	0.37	0.37	0	0	0.39
11700	0.39	0.37	0.37	0	0	0.39
11800	0.39	0.37	0.37	0	0	0.39
11900	0.39	0.37	0.37	0	0	0.39
12000	0.4	0.38	0.38	0	0	0.4
12100	0.41	0.38	0.38	0	0	0.41
12200	0.41	0.38	0.38	0	0	0.41
12300	0.41	0.38	0.38	0	0	0.41
12400	0.42	0.38	0.38	0	0	0.42
12500	0.42	0.38	0.38	0	0	0.42
12600	0.42	0.39	0.39	0	0	0.42
12700	0.42	0.39	0.39	0	0	0.42
12800	0.42	0.38	0.38	0	0	0.42
12900	0.42	0.38	0.38	0	0	0.42
13000	0.42	0.38	0.38	0	0	0.42
13100	0.42	0.38	0.38	0	0	0.42
13200	0.42	0.38	0.38	0	0	0.42
13300	0.42	0.38	0.38	0	0	0.42
13400	0.42	0.38	0.38	0	0	0.42
13500	0.43	0.38	0.38	0	0	0.43
13600	0.43	0.38	0.38	0	0	0.43
13700	0.44	0.38	0.38	0	0	0.44
13800	0.43	0.38	0.38	0	0	0.43
13900	0.43	0.4	0.4	0	0	0.43
14000	0.43	0.4	0.4	0	0	0.43
14100	0.43	0.4	0.4	0	0	0.43
14200	0.43	0.39	0.39	0	0	0.43
14300	0.43	0.4	0.4	0	0	0.43
14400	0.43	0.42	0.42	0	0	0.43
14500	0.43	0.42	0.42	0	0	0.43
14600	0.43	0.42	0.42	0	0	0.43
14700	0.43	0.42	0.42	0	0	0.43
14800	0.43	0.42	0.42	0	0	0.43
14900	0.43	0.42	0.42	0	0	0.43
15000	0.44	0.42	0.42	0	0	0.44
15100	0.44	0.42	0.42	0	0	0.44
15200	0.44	0.42	0.42	0	0	0.44
15300	0.44	0.42	0.42	0	0	0.44
15400	0.43	0.42	0.42	0	0	0.43
15500	0.43	0.42	0.42	0	0	0.43
15600	0.43	0.42	0.42	0	0	0.43
15700	0.43	0.42	0.42	0	0	0.43
15800	0.43	0.42	0.42	0	0	0.43
15900	0.42	0.42	0.42	0	0	0.42
16000	0.42	0.41	0.41	0	0	0.42
16100	0.42	0.42	0.42	0	0	0.42
16200	0.42	0.42	0.42	0	0	0.42
16300	0.42	0.42	0.42	0	0	0.42
16400	0.42	0.42	0.42	0	0	0.42
16500	0.42	0.42	0.42	0	0	0.42
16600	0.42	0.43	0.43	0	0	0.42
16700	0.42	0.44	0.44	0	0	0.42
16800	0.42	0.45	0.45	0	0	0.42
16900	0.42	0.46	0.46	0	0	0.42
17000	0.42	0.46	0.46	0	0	0.42
17100	0.42	0.46	0.46	0	0	0.42
17200	0.42	0.46	0.46	0	0	0.42
17300	0.42	0.46	0.46	0	0	0.42
17400	0.42	0.46	0.46	0	0	0.42
17500	0.42	0.46	0.46	0	0	0.42
17600	0.42	0.46	0.46	0	0	0.42
17700	0.43	0.46	0.46	0	0	0.43
17800	0.42	0.44	0.44	0	0	0.42
17900	0.42	0.44	0.44	0	0	0.42
18000	0.42	0.44	0.44	0	0	0.42
18100	0.42	0.44	0.44	0	0	0.42
18200	0.42	0.43	0.43	0	0	0.42
18300	0.43	0.42	0.42	0	0	0.43
18400	0.44	0.42	0.42	0	0	0.44
18500	0.43	0.42	0.42	0	0	0.43
18600	0.43	0.41	0.41	0	0	0.43
18700	0.43	0.4	0.4	0	0	0.43
18800	0.43	0.39	0.39	0	0	0.43
18900	0.43	0.39	0.39	0	0	0.43
19000	0.43	0.39	0.39	0	0	0.43
19100	0.43	0.39	0.39	0	0	0.43
19200	0.42	0.39	0.39	0	0	0.42
19300	0.42	0.39	0.39	0	0	0.42
19400	0.42	0.39	0.39	0	0	0.42
19500	0.42	0.39	0.39	0	0	0.42
19600	0.42	0.4	0.4	0	0	0.42
19700	0.42	0.4	0.4	0	0	0.42
19800	0.43	0.4	0.4	0	0	0.43
19900	0.43	0.4	0.4	0	0	0.43
20000	0.43	0.41	0.41	0	0	0.43
20100	0.43	0.41	0.41	0	0	0.43
20200	0.44	0.41	0.41	0	0	0.44
20300	0.43	0.4	0.4	0	0	0.43
20400	0.42	0.4	0.4	0	0	0.42
20500	0.41	0.4	0.4	0	0	0.41
20600	0.41	0.4	0.4	0	0	0.41
20700	0.42	0.4	0.4	0	0	0.42
20800	0.41	0.41	0.41	0	0	0.41
20900	0.41	0.41	0.41	0	0	0.41
21000	0.4	0.41	0.41	0	0	0.4
21100	0.4	0.42	0.42	0	0	0.4
21200	0.39	0.42	0.42	0	0	0.39
21300	0.39	0.42	0.42	0	0	0.39
21400	0.39	0.42	0.42	0	0	0.39
21500	0.39	0.41	0.41	0	0	0.39
21600	0.39	0.4	0.4	0	0	0.39
21700	0.39	0.4	0.4	0	0	0.39
21800	0.39	0.4	0.4	0	0	0.39
21900	0.39	0.4	0.4	0	0	0.39
22000	0.39	0.4	0.4	0	0	0.39
22100	0.39	0.4	0.4	0	0	0.39
22200	0.39	0.4	0.4	0	0	0.39
22300	0.39	0.4	0.4	0	0	0.39
22400	0.4	0.4	0.4	0	0	0.4
22500	0.4	0.4	0.4	0	0	0.4
22600	0.4	0.41	0.41	0	0	0.4
22700	0.4	0.42	0.42	0	0	0.4
22800	0.4	0.42	0.42	0	0	0.4
22900	0.4	0.42	0.42	0	0	0.4
23000	0.4	0.42	0.42	0	0	0.4
23100	0.4	0.42	0.42	0	0	0.4
23200	0.39	0.42	0.42	0	0	0.39
23300	0.39	0.42	0.42	0	0	0.39
23400	0.39	0.42	0.42	0	0	0.39
23500	0.39	0.44	0.44	0	0	0.39
23600	0.4	0.44	0.44	0	0	0.4
23700	0.4	0.44	0.44	0	0	0.4
23800	0.4	0.44	0.44	0	0	0.4
23900	0.4	0.44	0.44	0	0	0.4
24000	0.4	0.44	0.44	0	0	0.4
24100	0.4	0.43	0.43	0	0	0.4
24200	0.4	0.44	0.44	0	0	0.4
24300	0.4	0.44	0.44	0	0	0.4
24400	0.4	0.44	0.44	0	0	0.4
24500	0.4	0.44	0.44	0	0	0.4
24600	0.4	0.45	0.45	0	0	0.4
24700	0.41	0.45	0.45	0	0	0.41
24800	0.41	0.44	0.44	0	0	0.41
24900	0.41	0.44	0.44	0	0	0.41
25000	0.41	0.44	0.44	0	0	0.41
25100	0.41	0.44	0.44	0	0	0.41
25200	0.4	0.44	0.44	0	0	0.4
25300	0.4	0.44	0.44	0	0	0.4
25400	0.4	0.43	0.43	0	0	0.4
25500	0.4	0.42	0.42	0	0	0.4
25600	0.4	0.43	0.43	0	0	0.4
25700	0.4	0.42	0.42	0	0	0.4
25800	0.41	0.42	0.42	0	0	0.41
25900	0.41	0.42	0.42	0	0	0.41
26000	0.41	0.42	0.42	0	0	0.41
26100	0.41	0.42	0.42	0	0	0.41
26200	0.42	0.42	0.42	0	0	0.42
26300	0.41	0.42	0.42	0	0	0.41
26400	0.41	0.42	0.42	0	0	0.41
26500	0.41	0.42	0.42	0	0	0.41
26600	0.41	0.42	0.42	0	0	0.41
26700	0.41	0.42	0.42	0	0	0.41
26800	0.41	0.43	0.43	0	0	0.41
26900	0.41	0.43	0.43	0	0	0.41
27000	0.41	0.43	0.43	0	0	0.41
27100	0.4	0.43	0.43	0	0	0.4
27200	0.4	0.43	0.43	0	0	0.4
27300	0.41	0.43	0.43	0	0	0.41
27400	0.41	0.43	0.43	0	0	0.41
27500	0.42	0.43	0.43	0	0	0.42
27600	0.42	0.43	0.43	0	0	0.42
27700	0.42	0.42	0.42	0	0	0.42
27800	0.42	0.42	0.42	0	0	0.42
27900	0.42	0.42	0.42	0	0	0.42
28000	0.42	0.42	0.42	0	0	0.42
28100	0.42	0.42	0.42	0	0	0.42
28200	0.44	0.42	0.42	0	0	0.44
28300	0.44	0.43	0.43	0	0	0.44
28400	0.44	0.43	0.43	0	0	0.44
28500	0.45	0.43	0.43	0	0	0.45
28600	0.45	0.43	0.43	0	0	0.45
28700	0.45	0.43	0.43	0	0	0.45
28800	0.45	0.44	0.44	0	0	0.45
28900	0.45	0.44	0.44	0	0	0.45
29000	0.45	0.44	0.44	0	0	0.45
29100	0.45	0.44	0.44	0	0	0.45
29200	0.45	0.45	0.45	0	0	0.45
29300	0.44	0.45	0.45	0	0	0.44
29400	0.44	0.43	0.43	0	0	0.44
29500	0.44	0.43	0.43	0	0	0.44
29600	0.44	0.43	0.43	0	0	0.44
29700	0.45	0.43	0.43	0	0	0.45
29800	0.45	0.43	0.43	0	0	0.45
29900	0.45	0.43	0.43	0	0	0.45
30000	0.45	0.43	0.43	0	0	0.45
30100	0.45	0.43	0.43	0	0	0.45
30200	0.45	0.43	0.43	0	0	0.45
30300	0.45	0.42	0.42	0	0	0.45
30400	0.45	0.42	0.42	0	0	0.45
30500	0.45	0.42	0.42	0	0	0.45
30600	0.45	0.42	0.42	0	0	0.45
30700	0.45	0.43	0.43	0	0	0.45
30800	0.44	0.43	0.43	0	0	0.44
30900	0.44	0.43	0.43	0	0	0.44
31000	0.44	0.43	0.43	0	0	0.44
31100	0.44	0.44	0.44	0	0	0.44
31200	0.44	0.43	0.43	0	0	0.44
31300	0.44	0.41	0.41	0	0	0.44
31400	0.44	0.41	0.41	0	0	0.44
31500	0.45	0.4	0.4	0	0	0.45
31600	0.45	0.4	0.4	0	0	0.45
31700	0.45	0.4	0.4	0	0	0.45
31800	0.45	0.4	0.4	0	0	0.45
31900	0.45	0.4	0.4	0	0	0.45
32000	0.45	0.41	0.41	0	0	0.45
32100	0.45	0.41	0.41	0	0	0.45
32200	0.45	0.41	0.41	0	0	0.45
32300	0.45	0.41	0.41	0	0	0.45
32400	0.45	0.42	0.42	0	0	0.45
32500	0.45	0.42	0.42	0	0	0.45
32600	0.46	0.42	0.42	0	0	0.46
32700	0.46	0.42	0.42	0	0	0.46
32800	0.46	0.42	0.42	0	0	0.46
32900	0.46	0.42	0.42	0	0	0.46
33000	0.46	0.42	0.42	0	0	0.46
33100	0.46	0.42	0.42	0	0	0.46
33200	0.46	0.42	0.42	0	0	0.46
33300	0.46	0.42	0.42	0	0	0.46
33400	0.46	0.43	0.43	0	0	0.46
33500	0.46	0.43	0.43	0	0	0.46
33600	0.47	0.43	0.43	0	0	0.47
33700	0.46	0.43	0.43	0	0	0.46
33800	0.47	0.43	0.43	0	0	0.47
33900	0.47	0.43	0.43	0	0	0.47
34000	0.47	0.43	0.43	0	0	0.47
34100	0.47	0.43	0.43	0	0	0.47
34200	0.47	0.42	0.42	0	0	0.47
34300	0.48	0.42	0.42	0	0	0.48
34400	0.47	0.42	0.42	0	0	0.47
34500	0.47	0.42	0.42	0	0	0.47
34600	0.48	0.42	0.42	0	0	0.48
34700	0.48	0.42	0.42	0	0	0.48
34800	0.48	0.42	0.42	0	0	0.48
34900	0.48	0.42	0.42	0	0	0.48
35000	0.48	0.42	0.42	0	0	0.48
35100	0.48	0.43	0.43	0	0	0.48
35200	0.48	0.43	0.43	0	0	0.48
35300	0.48	0.43	0.43	0	0	0.48
35400	0.48	0.43	0.43	0	0	0.48
35500	0.49	0.43	0.43	0	0	0.49
35600	0.49	0.44	0.44	0	0	0.49
35700	0.48	0.44	0.44	0	0	0.48
35800	0.48	0.44	0.44	0	0	0.48
35900	0.48	0.44	0.44	0	0	0.48
36000	0.48	0.44	0.44	0	0	0.48
36100	0.47	0.44	0.44	0	0	0.47
36200	0.47	0.44	0.44	0	0	0.47
36300	0.47	0.44	0.44	0	0	0.47
36400	0.46	0.44	0.44	0	0	0.46
36500	0.45	0.44	0.44	0	0	0.45
36600	0.46	0.44	0.44	0	0	0.46
36700	0.46	0.44	0.44	0	0	0.46
36800	0.46	0.44	0.44	0	0	0.46
36900	0.46	0.44	0.44	0	0	0.46
37000	0.46	0.44	0.44	0	0	0.46
37100	0.46	0.44	0.44	0	0	0.46
37200	0.46	0.44	0.44	0	0	0.46
37300	0.46	0.44	0.44	0	0	0.46
37400	0.46	0.44	0.44	0	0	0.46
37500	0.45	0.44	0.44	0	0	0.45
37600	0.44	0.44	0.44	0	0	0.44
37700	0.44	0.44	0.44	0	0	0.44
37800	0.44	0.44	0.44	0	0	0.44
37900	0.44	0.44	0.44	0	0	0.44
38000	0.44	0.44	0.44	0	0	0.44
38100	0.44	0.44	0.44	0	0	0.44
38200	0.44	0.44	0.44	0	0	0.44
38300	0.44	0.44	0.44	0	0	0.44
38400	0.44	0.44	0.44	0	0	0.44
38500	0.44	0.44	0.44	0	0	0.44
38600	0.44	0.45	0.45	0	0	0.44
38700	0.44	0.45	0.45	0	0	0.44
38800	0.44	0.46	0.46	0	0	0.44
38900	0.44	0.46	0.46	0	0	0.44
39000	0.44	0.46	0.46	0	0	0.44
39100	0.44	0.45	0.45	0	0	0.44
39200	0.44	0.45	0.45	0	0	0.44
39300	0.44	0.45	0.45	0	0	0.44
39400	0.45	0.45	0.45	0	0	0.45
39500	0.45	0.45	0.45	0	0	0.45
39600	0.45	0.45	0.45	0	0	0.45
39700	0.45	0.45	0.45	0	0	0.45
39800	0.44	0.45	0.45	0	0	0.44
39900	0.45	0.45	0.45	0	0	0.45
40000	0.45	0.45	0.45	0	0	0.45
40100	0.44	0.45	0.45	0	0	0.44
40200	0.44	0.45	0.45	0	0	0.44
40300	0.44	0.45	0.45	0	0	0.44
40400	0.44	0.45	0.45	0	0	0.44
40500	0.44	0.45	0.45	0	0	0.44
40600	0.44	0.45	0.45	0	0	0.44
40700	0.45	0.45	0.45	0	0	0.45
40800	0.45	0.45	0.45	0	0	0.45
40900	0.45	0.45	0.45	0	0	0.45
41000	0.46	0.45	0.45	0	0	0.46
41100	0.46	0.45	0.45	0	0	0.46
41200	0.47	0.45	0.45	0	0	0.47
41300	0.48	0.45	0.45	0	0	0.48
41400	0.48	0.45	0.45	0	0	0.48
41500	0.48	0.44	0.44	0	0	0.48
41600	0.48	0.44	0.44	0	0	0.48
41700	0.48	0.44	0.44	0	0	0.48
41800	0.48	0.44	0.44	0	0	0.48
41900	0.48	0.45	0.45	0	0	0.48
42000	0.48	0.45	0.45	0	0	0.48
42100	0.49	0.45	0.45	0	0	0.49
42200	0.49	0.45	0.45	0	0	0.49
42300	0.49	0.45	0.45	0	0	0.49
42400	0.49	0.45	0.45	0	0	0.49
42500	0.49	0.45	0.45	0	0	0.49
42600	0.49	0.44	0.44	0	0	0.49
42700	0.49	0.43	0.43	0	0	0.49
42800	0.49	0.43	0.43	0	0	0.49
42900	0.49	0.43	0.43	0	0	0.49
43000	0.49	0.43	0.43	0	0	0.49
43100	0.49	0.43	0.43	0	0	0.49
43200	0.49	0.43	0.43	0	0	0.49
43300	0.49	0.43	0.43	0	0	0.49
43400	0.49	0.43	0.43	0	0	0.49
43500	0.49	0.43	0.43	0	0	0.49
43600	0.48	0.43	0.43	0	0	0.48
43700	0.47	0.43	0.43	0	0	0.47
43800	0.47	0.43	0.43	0	0	0.47
43900	0.47	0.43	0.43	0	0	0.47
44000	0.48	0.43	0.43	0	0	0.48
44100	0.48	0.43	0.43	0	0	0.48
44200	0.48	0.43	0.43	0	0	0.48
44300	0.49	0.43	0.43	0	0	0.49
44400	0.49	0.43	0.43	0	0	0.49
44500	0.48	0.43	0.43	0	0	0.48
44600	0.48	0.43	0.43	0	0	0.48
44700	0.48	0.43	0.43	0	0	0.48
44800	0.48	0.42	0.42	0	0	0.48
44900	0.47	0.42	0.42	0	0	0.47
45000	0.47	0.42	0.42	0	0	0.47
45100	0.47	0.43	0.43	0	0	0.47
45200	0.47	0.43	0.43	0	0	0.47
45300	0.47	0.43	0.43	0	0	0.47
45400	0.47	0.43	0.43	0	0	0.47
45500	0.47	0.44	0.44	0	0	0.47
45600	0.47	0.44	0.44	0	0	0.47
45700	0.47	0.44	0.44	0	0	0.47
45800	0.48	0.44	0.44	0	0	0.48
45900	0.47	0.44	0.44	0	0	0.47
46000	0.47	0.45	0.45	0	0	0.47
46100	0.47	0.45	0.45	0	0	0.47
46200	0.47	0.45	0.45	0	0	0.47
46300	0.47	0.46	0.46	0	0	0.47
46400	0.47	0.45	0.45	0	0	0.47
46500	0.47	0.45	0.45	0	0	0.47
46600	0.47	0.45	0.45	0	0	0.47
46700	0.47	0.44	0.44	0	0	0.47
46800	0.48	0.44	0.44	0	0	0.48
46900	0.48	0.44	0.44	0	0	0.48
47000	0.48	0.44	0.44	0	0	0.48
47100	0.48	0.45	0.45	0	0	0.48
47200	0.48	0.45	0.45	0	0	0.48
47300	0.48	0.44	0.44	0	0	0.48
47400	0.48	0.44	0.44	0	0	0.48
47500	0.48	0.44	0.44	0	0	0.48
47600	0.48	0.44	0.44	0	0	0.48
47700	0.48	0.44	0.44	0	0	0.48
47800	0.48	0.44	0.44	0	0	0.48
47900	0.48	0.44	0.44	0	0	0.48
48000	0.48	0.44	0.44	0	0	0.48
48100	0.48	0.44	0.44	0	0	0.48
48200	0.48	0.44	0.44	0	0	0.48
48300	0.48	0.44	0.44	0	0	0.48
48400	0.48	0.44	0.44	0	0	0.48
48500	0.48	0.44	0.44	0	0	0.48
48600	0.47	0.44	0.44	0	0	0.47
48700	0.47	0.45	0.45	0	0	0.47
48800	0.47	0.45	0.45	0	0	0.47
48900	0.47	0.45	0.45	0	0	0.47
49000	0.48	0.45	0.45	0	0	0.48
49100	0.48	0.45	0.45	0	0	0.48
49200	0.48	0.45	0.45	0	0	0.48
49300	0.48	0.45	0.45	0	0	0.48
49400	0.48	0.44	0.44	0	0	0.48
49500	0.48	0.44	0.44	0	0	0.48
49600	0.48	0.45	0.45	0	0	0.48
49700	0.48	0.45	0.45	0	0	0.48
49800	0.48	0.45	0.45	0	0	0.48
49900	0.48	0.45	0.45	0	0	0.48
50000	0.48	0.45	0.45	0	0	0.48
50100	0.48	0.46	0.46	0	0	0.48
50200	0.48	0.46	0.46	0	0	0.48
50300	0.48	0.45	0.45	0	0	0.48
50400	0.47	0.47	0.47	0	0	0.47
50500	0.47	0.47	0.47	0	0	0.47
50600	0.47	0.47	0.47	0	0	0.47
50700	0.47	0.47	0.47	0	0	0.47
50800	0.47	0.47	0.47	0	0	0.47
50900	0.47	0.47	0.47	0	0	0.47
51000	0.47	0.47	0.47	0	0	0.47
51100	0.47	0.47	0.47	0	0	0.47
51200	0.47	0.48	0.48	0	0	0.47
51300	0.47	0.48	0.48	0	0	0.47
51400	0.47	0.48	0.48	0	0	0.47
51500	0.47	0.48	0.48	0	0	0.47
51600	0.47	0.48	0.48	0	0	0.47
51700	0.47	0.48	0.48	0	0	0.47
51800	0.47	0.49	0.49	0	0	0.47
51900	0.47	0.49	0.49	0	0	0.47
52000	0.47	0.49	0.49	0	0	0.47
52100	0.47	0.49	0.49	0	0	0.47
52200	0.47	0.49	0.49	0	0	0.47
52300	0.47	0.49	0.49	0	0	0.47
52400	0.47	0.5	0.5	0	0	0.47
52500	0.47	0.5	0.5	0	0	0.47
52600	0.47	0.5	0.5	0	0	0.47
52700	0.47	0.5	0.5	0	0	0.47
52800	0.47	0.5	0.5	0	0	0.47
52900	0.47	0.5	0.5	0	0	0.47
53000	0.47	0.5	0.5	0	0	0.47
53100	0.47	0.5	0.5	0	0	0.47
53200	0.47	0.5	0.5	0	0	0.47
53300	0.47	0.5	0.5	0	0	0.47
53400	0.47	0.5	0.5	0	0	0.47
53500	0.47	0.49	0.49	0	0	0.47
53600	0.47	0.48	0.48	0	0	0.47
53700	0.47	0.47	0.47	0	0	0.47
53800	0.47	0.47	0.47	0	0	0.47
53900	0.47	0.47	0.47	0	0	0.47
54000	0.47	0.47	0.47	0	0	0.47
54100	0.48	0.47	0.47	0	0	0.48
54200	0.48	0.47	0.47	0	0	0.48
54300	0.48	0.47	0.47	0	0	0.48
54400	0.48	0.47	0.47	0	0	0.48
54500	0.48	0.47	0.47	0	0	0.48
54600	0.48	0.47	0.47	0	0	0.48
54700	0.48	0.47	0.47	0	0	0.48
54800	0.48	0.47	0.47	0	0	0.48
54900	0.48	0.47	0.47	0	0	0.48
55000	0.48	0.47	0.47	0	0	0.48
55100	0.48	0.47	0.47	0	0	0.48
55200	0.48	0.47	0.47	0	0	0.48
55300	0.48	0.47	0.47	0	0	0.48
55400	0.48	0.47	0.47	0	0	0.48
55500	0.48	0.47	0.47	0	0	0.48
55600	0.48	0.47	0.47	0	0	0.48
55700	0.48	0.47	0.47	0	0	0.48
55800	0.48	0.47	0.47	0	0	0.48
55900	0.48	0.47	0.47	0	0	0.48
56000	0.48	0.47	0.47	0	0	0.48
56100	0.48	0.47	0.47	0	0	0.48
56200	0.48	0.47	0.47	0	0	0.48
56300	0.49	0.47	0.47	0	0	0.49
56400	0.49	0.47	0.47	0	0	0.49
56500	0.48	0.47	0.47	0	0	0.48
56600	0.48	0.47	0.47	0	0	0.48
56700	0.48	0.46	0.46	0	0	0.48
56800	0.48	0.47	0.47	0	0	0.48
56900	0.48	0.46	0.46	0	0	0.48
57000	0.48	0.46	0.46	0	0	0.48
57100	0.48	0.46	0.46	0	0	0.48
57200	0.48	0.47	0.47	0	0	0.48
57300	0.48	0.47	0.47	0	0	0.48
57400	0.48	0.47	0.47	0	0	0.48
57500	0.48	0.47	0.47	0	0	0.48
57600	0.48	0.48	0.48	0	0	0.48
57700	0.48	0.48	0.48	0	0	0.48
57800	0.48	0.48	0.48	0	0	0.48
57900	0.47	0.48	0.48	0	0	0.47
58000	0.47	0.48	0.48	0	0	0.47
58100	0.47	0.48	0.48	0	0	0.47
58200	0.47	0.48	0.48	0	0	0.47
58300	0.47	0.48	0.48	0	0	0.47
58400	0.47	0.48	0.48	0	0	0.47
58500	0.47	0.48	0.48	0	0	0.47
58600	0.47	0.48	0.48	0	0	0.47
58700	0.47	0.48	0.48	0	0	0.47
58800	0.47	0.48	0.48	0	0	0.47
58900	0.47	0.48	0.48	0	0	0.47
59000	0.47	0.48	0.48	0	0	0.47
59100	0.47	0.48	0.48	0	0	0.47
59200	0.47	0.48	0.48	0	0	0.47
59300	0.46	0.48	0.48	0	0	0.46
59400	0.46	0.47	0.47	0	0	0.46
59500	0.46	0.47	0.47	0	0	0.46
59600	0.46	0.47	0.47	0	0	0.46
59700	0.45	0.46	0.46	0	0	0.45
59800	0.45	0.46	0.46	0	0	0.45
59900	0.45	0.46	0.46	0	0	0.45
60000	0.45	0.47	0.47	0	0	0.45
60100	0.45	0.47	0.47	0	0	0.45
60200	0.45	0.47	0.47	0	0	0.45
60300	0.45	0.47	0.47	0	0	0.45
60400	0.45	0.47	0.47	0	0	0.45
60500	0.45	0.47	0.47	0	0	0.45
60600	0.44	0.47	0.47	0	0	0.44
60700	0.44	0.47	0.47	0	0	0.44
60800	0.44	0.47	0.47	0	0	0.44
60900	0.44	0.47	0.47	0	0	0.44
61000	0.43	0.47	0.47	0	0	0.43
61100	0.43	0.47	0.47	0	0	0.43
61200	0.43	0.46	0.46	0	0	0.43
61300	0.43	0.45	0.45	0	0	0.43
61400	0.43	0.45	0.45	0	0	0.43
61500	0.45	0.46	0.46	0	0	0.45
61600	0.45	0.46	0.46	0	0	0.45
61700	0.45	0.46	0.46	0	0	0.45
61800	0.45	0.46	0.46	0	0	0.45
61900	0.45	0.47	0.47	0	0	0.45
62000	0.45	0.47	0.47	0	0	0.45
62100	0.45	0.47	0.47	0	0	0.45
62200	0.45	0.47	0.47	0	0	0.45
62300	0.45	0.47	0.47	0	0	0.45
62400	0.45	0.47	0.47	0	0	0.45
62500	0.45	0.47	0.47	0	0	0.45
62600	0.46	0.47	0.47	0	0	0.46
62700	0.46	0.47	0.47	0	0	0.46
62800	0.46	0.47	0.47	0	0	0.46
62900	0.46	0.47	0.47	0	0	0.46
63000	0.46	0.46	0.46	0	0	0.46
63100	0.46	0.46	0.46	0	0	0.46
63200	0.46	0.46	0.46	0	0	0.46
63300	0.46	0.46	0.46	0	0	0.46
63400	0.46	0.46	0.46	0	0	0.46
63500	0.46	0.46	0.46	0	0	0.46
63600	0.46	0.46	0.46	0	0	0.46
63700	0.46	0.46	0.46	0	0	0.46
63800	0.47	0.46	0.46	0	0	0.47
63900	0.47	0.46	0.46	0	0	0.47
64000	0.47	0.46	0.46	0	0	0.47
64100	0.47	0.47	0.47	0	0	0.47
64200	0.47	0.47	0.47	0	0	0.47
64300	0.47	0.47	0.47	0	0	0.47
64400	0.47	0.46	0.46	0	0	0.47
64500	0.47	0.46	0.46	0	0	0.47
64600	0.47	0.46	0.46	0	0	0.47
64700	0.47	0.46	0.46	0	0	0.47
64800	0.47	0.46	0.46	0	0	0.47
64900	0.48	0.46	0.46	0	0	0.48
65000	0.46	0.46	0.46	0	0	0.46
65100	0.46	0.46	0.46	0	0	0.46
65200	0.46	0.45	0.45	0	0	0.46
65300	0.46	0.45	0.45	0	0	0.46
65400	0.46	0.45	0.45	0	0	0.46
65500	0.46	0.46	0.46	0	0	0.46
65600	0.46	0.46	0.46	0	0	0.46
65700	0.47	0.46	0.46	0	0	0.47
65800	0.47	0.46	0.46	0	0	0.47
65900	0.47	0.46	0.46	0	0	0.47
66000	0.47	0.46	0.46	0	0	0.47
66100	0.47	0.46	0.46	0	0	0.47
66200	0.47	0.46	0.46	0	0	0.47
66300	0.47	0.47	0.47	0	0	0.47
66400	0.46	0.46	0.46	0	0	0.46
66500	0.46	0.46	0.46	0	0	0.46
66600	0.46	0.46	0.46	0	0	0.46
66700	0.47	0.46	0.46	0	0	0.47
66800	0.46	0.46	0.46	0	0	0.46
66900	0.46	0.46	0.46	0	0	0.46
67000	0.46	0.46	0.46	0	0	0.46
67100	0.46	0.46	0.46	0	0	0.46
67200	0.46	0.47	0.47	0	0	0.46
67300	0.46	0.47	0.47	0	0	0.46
67400	0.46	0.47	0.47	0	0	0.46
67500	0.46	0.47	0.47	0	0	0.46
67600	0.46	0.48	0.48	0	0	0.46
67700	0.47	0.48	0.48	0	0	0.47
67800	0.47	0.48	0.48	0	0	0.47
67900	0.47	0.48	0.48	0	0	0.47
68000	0.47	0.48	0.48	0	0	0.47
68100	0.47	0.48	0.48	0	0	0.47
68200	0.47	0.48	0.48	0	0	0.47
68300	0.47	0.48	0.48	0	0	0.47
68400	0.47	0.48	0.48	0	0	0.47
68500	0.47	0.48	0.48	0	0	0.47
68600	0.47	0.48	0.48	0	0	0.47
68700	0.47	0.48	0.48	0	0	0.47
68800	0.47	0.48	0.48	0	0	0.47
68900	0.47	0.48	0.48	0	0	0.47
69000	0.47	0.48	0.48	0	0	0.47
69100	0.47	0.48	0.48	0	0	0.47
69200	0.47	0.48	0.48	0	0	0.47
69300	0.47	0.48	0.48	0	0	0.47
69400	0.47	0.49	0.49	0	0	0.47
69500	0.47	0.49	0.49	0	0	0.47
69600	0.47	0.49	0.49	0	0	0.47
69700	0.47	0.49	0.49	0	0	0.47
69800	0.47	0.49	0.49	0	0	0.47
69900	0.47	0.49	0.49	0	0	0.47
70000	0.47	0.49	0.49	0	0	0.47
70100	0.47	0.49	0.49	0	0	0.47
70200	0.47	0.49	0.49	0	0	0.47
70300	0.47	0.49	0.49	0	0	0.47
70400	0.47	0.49	0.49	0	0	0.47
70500	0.47	0.49	0.49	0	0	0.47
70600	0.47	0.49	0.49	0	0	0.47
70700	0.47	0.49	0.49	0	0	0.47
70800	0.47	0.49	0.49	0	0	0.47
70900	0.46	0.49	0.49	0	0	0.46
71000	0.46	0.49	0.49	0	0	0.46
71100	0.45	0.49	0.49	0	0	0.45
71200	0.45	0.48	0.48	0	0	0.45
71300	0.45	0.48	0.48	0	0	0.45
71400	0.45	0.48	0.48	0	0	0.45
71500	0.45	0.48	0.48	0	0	0.45
71600	0.45	0.47	0.47	0	0	0.45
71700	0.45	0.47	0.47	0	0	0.45
71800	0.45	0.47	0.47	0	0	0.45
71900	0.46	0.47	0.47	0	0	0.46
72000	0.46	0.48	0.48	0	0	0.46
72100	0.46	0.47	0.47	0	0	0.46
72200	0.46	0.47	0.47	0	0	0.46
72300	0.46	0.47	0.47	0	0	0.46
72400	0.46	0.47	0.47	0	0	0.46
72500	0.47	0.47	0.47	0	0	0.47
72600	0.47	0.47	0.47	0	0	0.47
72700	0.47	0.47	0.47	0	0	0.47
72800	0.46	0.47	0.47	0	0	0.46
72900	0.46	0.47	0.47	0	0	0.46
73000	0.46	0.47	0.47	0	0	0.46
73100	0.46	0.47	0.47	0	0	0.46
73200	0.46	0.47	0.47	0	0	0.46
73300	0.46	0.47	0.47	0	0	0.46
73400	0.45	0.47	0.47	0	0	0.45
73500	0.45	0.47	0.47	0	0	0.45
73600	0.45	0.47	0.47	0	0	0.45
73700	0.45	0.47	0.47	0	0	0.45
73800	0.45	0.47	0.47	0	0	0.45
73900	0.45	0.47	0.47	0	0	0.45
74000	0.45	0.47	0.47	0	0	0.45
74100	0.45	0.48	0.48	0	0	0.45
74200	0.45	0.48	0.48	0	0	0.45
74300	0.45	0.48	0.48	0	0	0.45
74400	0.45	0.48	0.48	0	0	0.45
74500	0.45	0.48	0.48	0	0	0.45
74600	0.45	0.48	0.48	0	0	0.45
74700	0.45	0.49	0.49	0	0	0.45
74800	0.45	0.5	0.5	0	0	0.45
74900	0.45	0.5	0.5	0	0	0.45
75000	0.45	0.5	0.5	0	0	0.45
75100	0.45	0.5	0.5	0	0	0.45
75200	0.45	0.51	0.51	0	0	0.45
75300	0.45	0.51	0.51	0	0	0.45
75400	0.45	0.51	0.51	0	0	0.45
75500	0.45	0.51	0.51	0	0	0.45
75600	0.45	0.5	0.5	0	0	0.45
75700	0.45	0.5	0.5	0	0	0.45
75800	0.45	0.5	0.5	0	0	0.45
75900	0.45	0.5	0.5	0	0	0.45
76000	0.45	0.5	0.5	0	0	0.45
76100	0.45	0.5	0.5	0	0	0.45
76200	0.45	0.5	0.5	0	0	0.45
76300	0.45	0.5	0.5	0	0	0.45
76400	0.45	0.5	0.5	0	0	0.45
76500	0.45	0.5	0.5	0	0	0.45
76600	0.45	0.5	0.5	0	0	0.45
76700	0.45	0.5	0.5	0	0	0.45
76800	0.45	0.51	0.51	0	0	0.45
76900	0.45	0.51	0.51	0	0	0.45
77000	0.45	0.51	0.51	0	0	0.45
77100	0.45	0.52	0.52	0	0	0.45
77200	0.45	0.52	0.52	0	0	0.45
77300	0.45	0.52	0.52	0	0	0.45
77400	0.45	0.52	0.52	0	0	0.45
77500	0.46	0.52	0.52	0	0	0.46
77600	0.45	0.52	0.52	0	0	0.45
77700	0.45	0.51	0.51	0	0	0.45
77800	0.45	0.51	0.51	0	0	0.45
77900	0.45	0.51	0.51	0	0	0.45
78000	0.45	0.51	0.51	0	0	0.45
78100	0.45	0.51	0.51	0	0	0.45
78200	0.45	0.5	0.5	0	0	0.45
78300	0.45	0.5	0.5	0	0	0.45
78400	0.45	0.5	0.5	0	0	0.45
78500	0.45	0.5	0.5	0	0	0.45
78600	0.45	0.5	0.5	0	0	0.45
78700	0.45	0.5	0.5	0	0	0.45
78800	0.45	0.5	0.5	0	0	0.45
78900	0.45	0.5	0.5	0	0	0.45
79000	0.45	0.5	0.5	0	0	0.45
79100	0.45	0.5	0.5	0	0	0.45
79200	0.45	0.5	0.5	0	0	0.45
79300	0.45	0.5	0.5	0	0	0.45
79400	0.45	0.5	0.5	0	0	0.45
79500	0.45	0.5	0.5	0	0	0.45
79600	0.44	0.5	0.5	0	0	0.44
79700	0.44	0.5	0.5	0	0	0.44
79800	0.44	0.5	0.5	0	0	0.44
79900	0.44	0.5	0.5	0	0	0.44
80000	0.44	0.51	0.51	0	0	0.44
80100	0.44	0.51	0.51	0	0	0.44
80200	0.44	0.51	0.51	0	0	0.44
80300	0.44	0.51	0.51	0	0	0.44
80400	0.45	0.51	0.51	0	0	0.45
80500	0.45	0.51	0.51	0	0	0.45
80600	0.45	0.51	0.51	0	0	0.45
80700	0.45	0.51	0.51	0	0	0.45
80800	0.45	0.51	0.51	0	0	0.45
80900	0.45	0.51	0.51	0	0	0.45
81000	0.46	0.51	0.51	0	0	0.46
81100	0.46	0.52	0.52	0	0	0.46
81200	0.46	0.52	0.52	0	0	0.46
81300	0.46	0.52	0.52	0	0	0.46
81400	0.46	0.52	0.52	0	0	0.46
81500	0.46	0.52	0.52	0	0	0.46
81600	0.45	0.52	0.52	0	0	0.45
81700	0.45	0.52	0.52	0	0	0.45
81800	0.45	0.52	0.52	0	0	0.45
81900	0.45	0.52	0.52	0	0	0.45
82000	0.45	0.52	0.52	0	0	0.45
82100	0.46	0.52	0.52	0	0	0.46
82200	0.46	0.52	0.52	0	0	0.46
82300	0.46	0.52	0.52	0	0	0.46
82400	0.46	0.52	0.52	0	0	0.46
82500	0.46	0.52	0.52	0	0	0.46
82600	0.46	0.52	0.52	0	0	0.46
82700	0.46	0.52	0.52	0	0	0.46
82800	0.46	0.52	0.52	0	0	0.46
82900	0.46	0.51	0.51	0	0	0.46
83000	0.46	0.51	0.51	0	0	0.46
83100	0.46	0.51	0.51	0	0	0.46
83200	0.46	0.51	0.51	0	0	0.46
83300	0.46	0.51	0.51	0	0	0.46
83400	0.46	0.51	0.51	0	0	0.46
83500	0.46	0.51	0.51	0	0	0.46
83600	0.46	0.51	0.51	0	0	0.46
83700	0.46	0.51	0.51	0	0	0.46
83800	0.46	0.51	0.51	0	0	0.46
83900	0.46	0.52	0.52	0	0	0.46
84000	0.46	0.52	0.52	0	0	0.46
84100	0.46	0.52	0.52	0	0	0.46
84200	0.46	0.52	0.52	0	0	0.46
84300	0.46	0.52	0.52	0	0	0.46
84400	0.46	0.52	0.52	0	0	0.46
84500	0.46	0.51	0.51	0	0	0.46
84600	0.46	0.51	0.51	0	0	0.46
84700	0.46	0.51	0.51	0	0	0.46
84800	0.46	0.51	0.51	0	0	0.46
84900	0.46	0.51	0.51	0	0	0.46
85000	0.46	0.51	0.51	0	0	0.46
85100	0.46	0.51	0.51	0	0	0.46
85200	0.45	0.51	0.51	0	0	0.45
85300	0.44	0.51	0.51	0	0	0.44
85400	0.44	0.51	0.51	0	0	0.44
85500	0.44	0.51	0.51	0	0	0.44
85600	0.44	0.51	0.51	0	0	0.44
85700	0.44	0.51	0.51	0	0	0.44
85800	0.44	0.51	0.51	0	0	0.44
85900	0.44	0.51	0.51	0	0	0.44
86000	0.44	0.51	0.51	0	0	0.44
86100	0.44	0.51	0.51	0	0	0.44
86200	0.44	0.52	0.52	0	0	0.44
86300	0.44	0.52	0.52	0	0	0.44
86400	0.44	0.52	0.52	0	0	0.44
86500	0.44	0.52	0.52	0	0	0.44
86600	0.44	0.52	0.52	0	0	0.44
86700	0.44	0.52	0.52	0	0	0.44
86800	0.44	0.52	0.52	0	0	0.44
86900	0.44	0.52	0.52	0	0	0.44
87000	0.44	0.51	0.51	0	0	0.44
87100	0.44	0.51	0.51	0	0	0.44
87200	0.44	0.51	0.51	0	0	0.44
87300	0.44	0.51	0.51	0	0	0.44
87400	0.45	0.51	0.51	0	0	0.45
87500	0.45	0.51	0.51	0	0	0.45
87600	0.45	0.51	0.51	0	0	0.45
87700	0.45	0.51	0.51	0	0	0.45
87800	0.45	0.51	0.51	0	0	0.45
87900	0.45	0.51	0.51	0	0	0.45
88000	0.45	0.51	0.51	0	0	0.45
88100	0.45	0.51	0.51	0	0	0.45
88200	0.45	0.51	0.51	0	0	0.45
88300	0.46	0.51	0.51	0	0	0.46
88400	0.46	0.51	0.51	0	0	0.46
88500	0.46	0.51	0.51	0	0	0.46
88600	0.46	0.51	0.51	0	0	0.46
88700	0.46	0.51	0.51	0	0	0.46
88800	0.46	0.51	0.51	0	0	0.46
88900	0.46	0.51	0.51	0	0	0.46
89000	0.46	0.51	0.51	0	0	0.46
89100	0.46	0.52	0.52	0	0	0.46
89200	0.46	0.52	0.52	0	0	0.46
89300	0.46	0.52	0.52	0	0	0.46
89400	0.46	0.52	0.52	0	0	0.46
89500	0.46	0.52	0.52	0	0	0.46
89600	0.46	0.52	0.52	0	0	0.46
89700	0.46	0.52	0.52	0	0	0.46
89800	0.46	0.52	0.52	0	0	0.46
89900	0.46	0.51	0.51	0	0	0.46
90000	0.46	0.51	0.51	0	0	0.46
90100	0.46	0.5	0.5	0	0	0.46
90200	0.46	0.5	0.5	0	0	0.46
90300	0.46	0.5	0.5	0	0	0.46
90400	0.46	0.5	0.5	0	0	0.46
90500	0.46	0.5	0.5	0	0	0.46
90600	0.46	0.5	0.5	0	0	0.46
90700	0.46	0.5	0.5	0	0	0.46
90800	0.46	0.5	0.5	0	0	0.46
90900	0.46	0.5	0.5	0	0	0.46
91000	0.46	0.5	0.5	0	0	0.46
91100	0.46	0.5	0.5	0	0	0.46
91200	0.46	0.5	0.5	0	0	0.46
91300	0.46	0.5	0.5	0	0	0.46
91400	0.46	0.5	0.5	0	0	0.46
91500	0.45	0.5	0.5	0	0	0.45
91600	0.46	0.5	0.5	0	0	0.46
91700	0.46	0.5	0.5	0	0	0.46
91800	0.46	0.5	0.5	0	0	0.46
91900	0.46	0.51	0.51	0	0	0.46
92000	0.46	0.5	0.5	0	0	0.46
92100	0.46	0.5	0.5	0	0	0.46
92200	0.46	0.5	0.5	0	0	0.46
92300	0.46	0.5	0.5	0	0	0.46
92400	0.46	0.5	0.5	0	0	0.46
92500	0.46	0.5	0.5	0	0	0.46
92600	0.46	0.5	0.5	0	0	0.46
92700	0.46	0.5	0.5	0	0	0.46
92800	0.46	0.49	0.49	0	0	0.46
92900	0.46	0.49	0.49	0	0	0.46
93000	0.46	0.49	0.49	0	0	0.46
93100	0.46	0.49	0.49	0	0	0.46
93200	0.46	0.49	0.49	0	0	0.46
93300	0.45	0.49	0.49	0	0	0.45
93400	0.45	0.49	0.49	0	0	0.45
93500	0.45	0.49	0.49	0	0	0.45
93600	0.45	0.49	0.49	0	0	0.45
93700	0.45	0.49	0.49	0	0	0.45
93800	0.45	0.49	0.49	0	0	0.45
93900	0.45	0.49	0.49	0	0	0.45
94000	0.45	0.49	0.49	0	0	0.45
94100	0.45	0.49	0.49	0	0	0.45
94200	0.45	0.49	0.49	0	0	0.45
94300	0.45	0.49	0.49	0	0	0.45
94400	0.45	0.5	0.5	0	0	0.45
94500	0.45	0.5	0.5	0	0	0.45
94600	0.45	0.5	0.5	0	0	0.45
94700	0.45	0.51	0.51	0	0	0.45
94800	0.46	0.51	0.51	0	0	0.46
94900	0.46	0.51	0.51	0	0	0.46
95000	0.46	0.51	0.51	0	0	0.46
95100	0.46	0.51	0.51	0	0	0.46
95200	0.46	0.51	0.51	0	0	0.46
95300	0.46	0.51	0.51	0	0	0.46
95400	0.46	0.51	0.51	0	0	0.46
95500	0.46	0.51	0.51	0	0	0.46
95600	0.46	0.51	0.51	0	0	0.46
95700	0.46	0.51	0.51	0	0	0.46
95800	0.46	0.51	0.51	0	0	0.46
95900	0.46	0.51	0.51	0	0	0.46
96000	0.46	0.51	0.51	0	0	0.46
96100	0.46	0.51	0.51	0	0	0.46
96200	0.46	0.51	0.51	0	0	0.46
96300	0.46	0.5	0.5	0	0	0.46
96400	0.46	0.5	0.5	0	0	0.46
96500	0.46	0.5	0.5	0	0	0.46
96600	0.46	0.5	0.5	0	0	0.46
96700	0.46	0.5	0.5	0	0	0.46
96800	0.46	0.5	0.5	0	0	0.46
96900	0.46	0.5	0.5	0	0	0.46
97000	0.46	0.5	0.5	0	0	0.46
97100	0.46	0.5	0.5	0	0	0.46
97200	0.46	0.51	0.51	0	0	0.46
97300	0.46	0.51	0.51	0	0	0.46
97400	0.46	0.51	0.51	0	0	0.46
97500	0.46	0.51	0.51	0	0	0.46
97600	0.46	0.51	0.51	0	0	0.46
97700	0.46	0.51	0.51	0	0	0.46
97800	0.46	0.51	0.51	0	0	0.46
97900	0.46	0.51	0.51	0	0	0.46
98000	0.46	0.51	0.51	0	0	0.46
98100	0.46	0.51	0.51	0	0	0.46
98200	0.46	0.51	0.51	0	0	0.46
98300	0.46	0.51	0.51	0	0	0.46
98400	0.47	0.51	0.51	0	0	0.47
98500	0.47	0.51	0.51	0	0	0.47
98600	0.47	0.51	0.51	0	0	0.47
98700	0.47	0.51	0.51	0	0	0.47
98800	0.48	0.51	0.51	0	0	0.48
98900	0.48	0.51	0.51	0	0	0.48
99000	0.48	0.51	0.51	0	0	0.48
99100	0.48	0.51	0.51	0	0	0.48
99200	0.48	0.51	0.51	0	0	0.48
99300	0.48	0.51	0.51	0	0	0.48
99400	0.48	0.51	0.51	0	0	0.48
99500	0.48	0.51	0.51	0	0	0.48
99600	0.48	0.51	0.51	0	0	0.48
99700	0.48	0.51	0.51	0	0	0.48
99800	0.48	0.51	0.51	0	0	0.48
99900	0.47	0.51	0.51	0	0	0.47
100000	0.47	0.5	0.5	0	0	0.47
