100	0.07	0.07	0.07	0	0	0.07
200	0.1	0.1	0.1	0	0	0.1
300	0.11	0.14	0.14	0	0	0.11
400	0.11	0.15	0.15	0	0	0.11
500	0.12	0.15	0.15	0	0	0.12
600	0.12	0.17	0.17	0	0	0.12
700	0.12	0.17	0.17	0	0	0.12
800	0.13	0.17	0.17	0	0	0.13
900	0.15	0.19	0.19	0	0	0.15
1000	0.16	0.2	0.2	0	0	0.16
1100	0.17	0.21	0.21	0	0	0.17
1200	0.17	0.21	0.21	0	0	0.17
1300	0.17	0.24	0.24	0	0	0.17
1400	0.19	0.26	0.26	0	0	0.19
1500	0.2	0.26	0.26	0	0	0.2
1600	0.19	0.26	0.26	0	0	0.19
1700	0.21	0.26	0.26	0	0	0.21
1800	0.22	0.26	0.26	0	0	0.22
1900	0.23	0.26	0.26	0	0	0.23
2000	0.24	0.26	0.26	0	0	0.24
2100	0.25	0.26	0.26	0	0	0.25
2200	0.27	0.27	0.27	0	0	0.27
2300	0.27	0.27	0.27	0	0	0.27
2400	0.29	0.27	0.27	0	0	0.29
2500	0.29	0.28	0.28	0	0	0.29
2600	0.29	0.3	0.3	0	0	0.29
2700	0.29	0.31	0.31	0	0	0.29
2800	0.3	0.31	0.31	0	0	0.3
2900	0.3	0.31	0.31	0	0	0.3
3000	0.34	0.33	0.33	0	0	0.34
3100	0.34	0.33	0.33	0	0	0.34
3200	0.33	0.32	0.32	0	0	0.33
3300	0.33	0.33	0.33	0	0	0.33
3400	0.33	0.33	0.33	0	0	0.33
3500	0.33	0.33	0.33	0	0	0.33
3600	0.33	0.32	0.32	0	0	0.33
3700	0.33	0.32	0.32	0	0	0.33
3800	0.33	0.32	0.32	0	0	0.33
3900	0.33	0.32	0.32	0	0	0.33
4000	0.34	0.32	0.32	0	0	0.34
4100	0.33	0.31	0.31	0	0	0.33
4200	0.32	0.31	0.31	0	0	0.32
4300	0.32	0.31	0.31	0	0	0.32
4400	0.32	0.31	0.31	0	0	0.32
4500	0.32	0.32	0.32	0	0	0.32
4600	0.32	0.31	0.31	0	0	0.32
4700	0.32	0.3	0.3	0	0	0.32
4800	0.32	0.3	0.3	0	0	0.32
4900	0.32	0.3	0.3	0	0	0.32
5000	0.33	0.31	0.31	0	0	0.33
5100	0.32	0.31	0.31	0	0	0.32
5200	0.31	0.31	0.31	0	0	0.31
5300	0.31	0.31	0.31	0	0	0.31
5400	0.31	0.31	0.31	0	0	0.31
5500	0.31	0.32	0.32	0	0	0.31
5600	0.34	0.32	0.32	0	0	0.34
5700	0.35	0.32	0.32	0	0	0.35
5800	0.37	0.31	0.31	0	0	0.37
5900	0.37	0.32	0.32	0	0	0.37
6000	0.37	0.31	0.31	0	0	0.37
6100	0.37	0.3	0.3	0	0	0.37
6200	0.37	0.3	0.3	0	0	0.37
6300	0.37	0.3	0.3	0	0	0.37
6400	0.38	0.3	0.3	0	0	0.38
6500	0.38	0.31	0.31	0	0	0.38
6600	0.39	0.31	0.31	0	0	0.39
6700	0.39	0.31	0.31	0	0	0.39
6800	0.39	0.31	0.31	0	0	0.39
6900	0.38	0.31	0.31	0	0	0.38
7000	0.38	0.31	0.31	0	0	0.38
7100	0.38	0.31	0.31	0	0	0.38
7200	0.38	0.31	0.31	0	0	0.38
7300	0.38	0.31	0.31	0	0	0.38
7400	0.38	0.32	0.32	0	0	0.38
7500	0.38	0.32	0.32	0	0	0.38
7600	0.38	0.33	0.33	0	0	0.38
7700	0.38	0.33	0.33	0	0	0.38
7800	0.38	0.32	0.32	0	0	0.38
7900	0.38	0.32	0.32	0	0	0.38
8000	0.4	0.32	0.32	0	0	0.4
8100	0.39	0.32	0.32	0	0	0.39
8200	0.39	0.32	0.32	0	0	0.39
8300	0.4	0.33	0.33	0	0	0.4
8400	0.39	0.33	0.33	0	0	0.39
8500	0.4	0.35	0.35	0	0	0.4
8600	0.41	0.35	0.35	0	0	0.41
8700	0.39	0.35	0.35	0	0	0.39
8800	0.39	0.35	0.35	0	0	0.39
8900	0.39	0.35	0.35	0	0	0.39
9000	0.39	0.35	0.35	0	0	0.39
9100	0.4	0.35	0.35	0	0	0.4
9200	0.4	0.37	0.37	0	0	0.4
9300	0.4	0.37	0.37	0	0	0.4
9400	0.4	0.38	0.38	0	0	0.4
9500	0.39	0.39	0.39	0	0	0.39
9600	0.38	0.38	0.38	0	0	0.38
9700	0.37	0.39	0.39	0	0	0.37
9800	0.37	0.39	0.39	0	0	0.37
9900	0.37	0.39	0.39	0	0	0.37
10000	0.38	0.4	0.4	0	0	0.38
10100	0.36	0.4	0.4	0	0	0.36
10200	0.36	0.4	0.4	0	0	0.36
10300	0.37	0.4	0.4	0	0	0.37
10400	0.35	0.4	0.4	0	0	0.35
10500	0.35	0.4	0.4	0	0	0.35
10600	0.35	0.4	0.4	0	0	0.35
10700	0.35	0.4	0.4	0	0	0.35
10800	0.35	0.4	0.4	0	0	0.35
10900	0.36	0.41	0.41	0	0	0.36
11000	0.35	0.4	0.4	0	0	0.35
11100	0.35	0.39	0.39	0	0	0.35
11200	0.35	0.39	0.39	0	0	0.35
11300	0.35	0.39	0.39	0	0	0.35
11400	0.35	0.39	0.39	0	0	0.35
11500	0.35	0.38	0.38	0	0	0.35
11600	0.35	0.38	0.38	0	0	0.35
11700	0.35	0.38	0.38	0	0	0.35
11800	0.35	0.38	0.38	0	0	0.35
11900	0.35	0.4	0.4	0	0	0.35
12000	0.35	0.38	0.38	0	0	0.35
12100	0.37	0.38	0.38	0	0	0.37
12200	0.36	0.38	0.38	0	0	0.36
12300	0.37	0.38	0.38	0	0	0.37
12400	0.37	0.38	0.38	0	0	0.37
12500	0.39	0.38	0.38	0	0	0.39
12600	0.38	0.39	0.39	0	0	0.38
12700	0.38	0.4	0.4	0	0	0.38
12800	0.38	0.4	0.4	0	0	0.38
12900	0.39	0.4	0.4	0	0	0.39
13000	0.4	0.4	0.4	0	0	0.4
13100	0.4	0.4	0.4	0	0	0.4
13200	0.4	0.4	0.4	0	0	0.4
13300	0.4	0.4	0.4	0	0	0.4
13400	0.4	0.39	0.39	0	0	0.4
13500	0.4	0.39	0.39	0	0	0.4
13600	0.4	0.4	0.4	0	0	0.4
13700	0.38	0.4	0.4	0	0	0.38
13800	0.37	0.39	0.39	0	0	0.37
13900	0.37	0.39	0.39	0	0	0.37
14000	0.38	0.39	0.39	0	0	0.38
14100	0.39	0.39	0.39	0	0	0.39
14200	0.39	0.4	0.4	0	0	0.39
14300	0.4	0.4	0.4	0	0	0.4
14400	0.41	0.4	0.4	0	0	0.41
14500	0.41	0.41	0.41	0	0	0.41
14600	0.41	0.41	0.41	0	0	0.41
14700	0.41	0.41	0.41	0	0	0.41
14800	0.4	0.42	0.42	0	0	0.4
14900	0.4	0.42	0.42	0	0	0.4
15000	0.4	0.42	0.42	0	0	0.4
15100	0.4	0.42	0.42	0	0	0.4
15200	0.4	0.42	0.42	0	0	0.4
15300	0.41	0.42	0.42	0	0	0.41
15400	0.41	0.41	0.41	0	0	0.41
15500	0.41	0.41	0.41	0	0	0.41
15600	0.41	0.41	0.41	0	0	0.41
15700	0.41	0.41	0.41	0	0	0.41
15800	0.4	0.41	0.41	0	0	0.4
15900	0.4	0.41	0.41	0	0	0.4
16000	0.43	0.41	0.41	0	0	0.43
16100	0.42	0.4	0.4	0	0	0.42
16200	0.42	0.39	0.39	0	0	0.42
16300	0.41	0.4	0.4	0	0	0.41
16400	0.41	0.4	0.4	0	0	0.41
16500	0.41	0.4	0.4	0	0	0.41
16600	0.41	0.4	0.4	0	0	0.41
16700	0.41	0.4	0.4	0	0	0.41
16800	0.41	0.4	0.4	0	0	0.41
16900	0.42	0.41	0.41	0	0	0.42
17000	0.42	0.41	0.41	0	0	0.42
17100	0.41	0.42	0.42	0	0	0.41
17200	0.41	0.42	0.42	0	0	0.41
17300	0.41	0.42	0.42	0	0	0.41
17400	0.41	0.42	0.42	0	0	0.41
17500	0.41	0.42	0.42	0	0	0.41
17600	0.41	0.42	0.42	0	0	0.41
17700	0.41	0.41	0.41	0	0	0.41
17800	0.41	0.42	0.42	0	0	0.41
17900	0.42	0.42	0.42	0	0	0.42
18000	0.42	0.42	0.42	0	0	0.42
18100	0.42	0.41	0.41	0	0	0.42
18200	0.42	0.41	0.41	0	0	0.42
18300	0.41	0.41	0.41	0	0	0.41
18400	0.41	0.4	0.4	0	0	0.41
18500	0.41	0.4	0.4	0	0	0.41
18600	0.42	0.4	0.4	0	0	0.42
18700	0.42	0.4	0.4	0	0	0.42
18800	0.41	0.4	0.4	0	0	0.41
18900	0.41	0.4	0.4	0	0	0.41
19000	0.41	0.4	0.4	0	0	0.41
19100	0.42	0.4	0.4	0	0	0.42
19200	0.42	0.4	0.4	0	0	0.42
19300	0.42	0.4	0.4	0	0	0.42
19400	0.42	0.4	0.4	0	0	0.42
19500	0.42	0.4	0.4	0	0	0.42
19600	0.41	0.4	0.4	0	0	0.41
19700	0.41	0.42	0.42	0	0	0.41
19800	0.41	0.41	0.41	0	0	0.41
19900	0.41	0.41	0.41	0	0	0.41
20000	0.41	0.42	0.42	0	0	0.41
20100	0.41	0.44	0.44	0	0	0.41
20200	0.42	0.44	0.44	0	0	0.42
20300	0.42	0.43	0.43	0	0	0.42
20400	0.42	0.43	0.43	0	0	0.42
20500	0.42	0.42	0.42	0	0	0.42
20600	0.42	0.42	0.42	0	0	0.42
20700	0.42	0.42	0.42	0	0	0.42
20800	0.42	0.42	0.42	0	0	0.42
20900	0.42	0.42	0.42	0	0	0.42
21000	0.42	0.42	0.42	0	0	0.42
21100	0.42	0.42	0.42	0	0	0.42
21200	0.42	0.42	0.42	0	0	0.42
21300	0.42	0.42	0.42	0	0	0.42
21400	0.43	0.42	0.42	0	0	0.43
21500	0.43	0.43	0.43	0	0	0.43
21600	0.43	0.43	0.43	0	0	0.43
21700	0.43	0.43	0.43	0	0	0.43
21800	0.43	0.43	0.43	0	0	0.43
21900	0.43	0.44	0.44	0	0	0.43
22000	0.43	0.43	0.43	0	0	0.43
22100	0.42	0.43	0.43	0	0	0.42
22200	0.42	0.43	0.43	0	0	0.42
22300	0.42	0.43	0.43	0	0	0.42
22400	0.43	0.43	0.43	0	0	0.43
22500	0.44	0.43	0.43	0	0	0.44
22600	0.44	0.43	0.43	0	0	0.44
22700	0.44	0.43	0.43	0	0	0.44
22800	0.44	0.43	0.43	0	0	0.44
22900	0.43	0.43	0.43	0	0	0.43
23000	0.43	0.43	0.43	0	0	0.43
23100	0.42	0.43	0.43	0	0	0.42
23200	0.43	0.43	0.43	0	0	0.43
23300	0.41	0.43	0.43	0	0	0.41
23400	0.4	0.43	0.43	0	0	0.4
23500	0.4	0.43	0.43	0	0	0.4
23600	0.39	0.44	0.44	0	0	0.39
23700	0.39	0.44	0.44	0	0	0.39
23800	0.39	0.45	0.45	0	0	0.39
23900	0.39	0.45	0.45	0	0	0.39
24000	0.39	0.45	0.45	0	0	0.39
24100	0.4	0.45	0.45	0	0	0.4
24200	0.4	0.46	0.46	0	0	0.4
24300	0.4	0.46	0.46	0	0	0.4
24400	0.4	0.47	0.47	0	0	0.4
24500	0.4	0.47	0.47	0	0	0.4
24600	0.4	0.46	0.46	0	0	0.4
24700	0.4	0.46	0.46	0	0	0.4
24800	0.4	0.46	0.46	0	0	0.4
24900	0.4	0.47	0.47	0	0	0.4
25000	0.4	0.47	0.47	0	0	0.4
25100	0.4	0.47	0.47	0	0	0.4
25200	0.4	0.47	0.47	0	0	0.4
25300	0.39	0.47	0.47	0	0	0.39
25400	0.38	0.46	0.46	0	0	0.38
25500	0.38	0.46	0.46	0	0	0.38
25600	0.38	0.46	0.46	0	0	0.38
25700	0.38	0.46	0.46	0	0	0.38
25800	0.38	0.46	0.46	0	0	0.38
25900	0.38	0.45	0.45	0	0	0.38
26000	0.38	0.44	0.44	0	0	0.38
26100	0.38	0.44	0.44	0	0	0.38
26200	0.39	0.44	0.44	0	0	0.39
26300	0.39	0.44	0.44	0	0	0.39
26400	0.39	0.44	0.44	0	0	0.39
26500	0.39	0.44	0.44	0	0	0.39
26600	0.39	0.44	0.44	0	0	0.39
26700	0.39	0.44	0.44	0	0	0.39
26800	0.39	0.45	0.45	0	0	0.39
26900	0.39	0.43	0.43	0	0	0.39
27000	0.39	0.42	0.42	0	0	0.39
27100	0.39	0.42	0.42	0	0	0.39
27200	0.39	0.42	0.42	0	0	0.39
27300	0.39	0.42	0.42	0	0	0.39
27400	0.39	0.42	0.42	0	0	0.39
27500	0.39	0.41	0.41	0	0	0.39
27600	0.39	0.41	0.41	0	0	0.39
27700	0.4	0.42	0.42	0	0	0.4
27800	0.39	0.42	0.42	0	0	0.39
27900	0.39	0.41	0.41	0	0	0.39
28000	0.39	0.41	0.41	0	0	0.39
28100	0.39	0.41	0.41	0	0	0.39
28200	0.39	0.41	0.41	0	0	0.39
28300	0.4	0.41	0.41	0	0	0.4
28400	0.39	0.41	0.41	0	0	0.39
28500	0.39	0.42	0.42	0	0	0.39
28600	0.39	0.43	0.43	0	0	0.39
28700	0.39	0.43	0.43	0	0	0.39
28800	0.38	0.43	0.43	0	0	0.38
28900	0.38	0.44	0.44	0	0	0.38
29000	0.38	0.44	0.44	0	0	0.38
29100	0.39	0.44	0.44	0	0	0.39
29200	0.39	0.44	0.44	0	0	0.39
29300	0.38	0.43	0.43	0	0	0.38
29400	0.38	0.43	0.43	0	0	0.38
29500	0.37	0.43	0.43	0	0	0.37
29600	0.37	0.43	0.43	0	0	0.37
29700	0.37	0.43	0.43	0	0	0.37
29800	0.37	0.44	0.44	0	0	0.37
29900	0.37	0.44	0.44	0	0	0.37
30000	0.37	0.44	0.44	0	0	0.37
30100	0.37	0.44	0.44	0	0	0.37
30200	0.38	0.44	0.44	0	0	0.38
30300	0.38	0.44	0.44	0	0	0.38
30400	0.38	0.43	0.43	0	0	0.38
30500	0.38	0.43	0.43	0	0	0.38
30600	0.39	0.43	0.43	0	0	0.39
30700	0.39	0.43	0.43	0	0	0.39
30800	0.39	0.43	0.43	0	0	0.39
30900	0.39	0.41	0.41	0	0	0.39
31000	0.39	0.41	0.41	0	0	0.39
31100	0.39	0.41	0.41	0	0	0.39
31200	0.39	0.41	0.41	0	0	0.39
31300	0.39	0.42	0.42	0	0	0.39
31400	0.39	0.42	0.42	0	0	0.39
31500	0.39	0.43	0.43	0	0	0.39
31600	0.39	0.43	0.43	0	0	0.39
31700	0.41	0.44	0.44	0	0	0.41
31800	0.42	0.44	0.44	0	0	0.42
31900	0.42	0.44	0.44	0	0	0.42
32000	0.42	0.44	0.44	0	0	0.42
32100	0.42	0.44	0.44	0	0	0.42
32200	0.42	0.44	0.44	0	0	0.42
32300	0.43	0.45	0.45	0	0	0.43
32400	0.43	0.44	0.44	0	0	0.43
32500	0.43	0.44	0.44	0	0	0.43
32600	0.43	0.44	0.44	0	0	0.43
32700	0.42	0.43	0.43	0	0	0.42
32800	0.42	0.44	0.44	0	0	0.42
32900	0.42	0.44	0.44	0	0	0.42
33000	0.42	0.44	0.44	0	0	0.42
33100	0.42	0.44	0.44	0	0	0.42
33200	0.42	0.44	0.44	0	0	0.42
33300	0.4	0.43	0.43	0	0	0.4
33400	0.4	0.43	0.43	0	0	0.4
33500	0.4	0.43	0.43	0	0	0.4
33600	0.4	0.43	0.43	0	0	0.4
33700	0.4	0.43	0.43	0	0	0.4
33800	0.4	0.43	0.43	0	0	0.4
33900	0.4	0.43	0.43	0	0	0.4
34000	0.4	0.44	0.44	0	0	0.4
34100	0.4	0.43	0.43	0	0	0.4
34200	0.41	0.43	0.43	0	0	0.41
34300	0.41	0.44	0.44	0	0	0.41
34400	0.41	0.44	0.44	0	0	0.41
34500	0.42	0.44	0.44	0	0	0.42
34600	0.41	0.44	0.44	0	0	0.41
34700	0.42	0.44	0.44	0	0	0.42
34800	0.42	0.44	0.44	0	0	0.42
34900	0.42	0.44	0.44	0	0	0.42
35000	0.42	0.44	0.44	0	0	0.42
35100	0.43	0.44	0.44	0	0	0.43
35200	0.43	0.44	0.44	0	0	0.43
35300	0.43	0.44	0.44	0	0	0.43
35400	0.42	0.44	0.44	0	0	0.42
35500	0.42	0.44	0.44	0	0	0.42
35600	0.42	0.44	0.44	0	0	0.42
35700	0.42	0.44	0.44	0	0	0.42
35800	0.42	0.44	0.44	0	0	0.42
35900	0.42	0.44	0.44	0	0	0.42
36000	0.42	0.45	0.45	0	0	0.42
36100	0.42	0.45	0.45	0	0	0.42
36200	0.42	0.45	0.45	0	0	0.42
36300	0.43	0.45	0.45	0	0	0.43
36400	0.43	0.45	0.45	0	0	0.43
36500	0.43	0.44	0.44	0	0	0.43
36600	0.43	0.44	0.44	0	0	0.43
36700	0.43	0.44	0.44	0	0	0.43
36800	0.43	0.44	0.44	0	0	0.43
36900	0.43	0.43	0.43	0	0	0.43
37000	0.43	0.43	0.43	0	0	0.43
37100	0.43	0.43	0.43	0	0	0.43
37200	0.44	0.43	0.43	0	0	0.44
37300	0.44	0.43	0.43	0	0	0.44
37400	0.44	0.43	0.43	0	0	0.44
37500	0.44	0.44	0.44	0	0	0.44
37600	0.44	0.44	0.44	0	0	0.44
37700	0.44	0.44	0.44	0	0	0.44
37800	0.45	0.44	0.44	0	0	0.45
37900	0.45	0.44	0.44	0	0	0.45
38000	0.45	0.45	0.45	0	0	0.45
38100	0.45	0.44	0.44	0	0	0.45
38200	0.44	0.45	0.45	0	0	0.44
38300	0.45	0.46	0.46	0	0	0.45
38400	0.46	0.46	0.46	0	0	0.46
38500	0.46	0.46	0.46	0	0	0.46
38600	0.46	0.46	0.46	0	0	0.46
38700	0.46	0.46	0.46	0	0	0.46
38800	0.46	0.46	0.46	0	0	0.46
38900	0.46	0.46	0.46	0	0	0.46
39000	0.45	0.46	0.46	0	0	0.45
39100	0.45	0.46	0.46	0	0	0.45
39200	0.45	0.46	0.46	0	0	0.45
39300	0.45	0.46	0.46	0	0	0.45
39400	0.45	0.46	0.46	0	0	0.45
39500	0.45	0.46	0.46	0	0	0.45
39600	0.45	0.47	0.47	0	0	0.45
39700	0.46	0.47	0.47	0	0	0.46
39800	0.46	0.47	0.47	0	0	0.46
39900	0.46	0.47	0.47	0	0	0.46
40000	0.46	0.46	0.46	0	0	0.46
40100	0.47	0.46	0.46	0	0	0.47
40200	0.46	0.46	0.46	0	0	0.46
40300	0.46	0.46	0.46	0	0	0.46
40400	0.46	0.46	0.46	0	0	0.46
40500	0.46	0.46	0.46	0	0	0.46
40600	0.46	0.47	0.47	0	0	0.46
40700	0.46	0.47	0.47	0	0	0.46
40800	0.46	0.47	0.47	0	0	0.46
40900	0.45	0.47	0.47	0	0	0.45
41000	0.45	0.47	0.47	0	0	0.45
41100	0.45	0.47	0.47	0	0	0.45
41200	0.44	0.47	0.47	0	0	0.44
41300	0.44	0.47	0.47	0	0	0.44
41400	0.44	0.47	0.47	0	0	0.44
41500	0.44	0.47	0.47	0	0	0.44
41600	0.44	0.47	0.47	0	0	0.44
41700	0.44	0.47	0.47	0	0	0.44
41800	0.44	0.47	0.47	0	0	0.44
41900	0.44	0.47	0.47	0	0	0.44
42000	0.44	0.47	0.47	0	0	0.44
42100	0.44	0.47	0.47	0	0	0.44
42200	0.44	0.47	0.47	0	0	0.44
42300	0.43	0.47	0.47	0	0	0.43
42400	0.43	0.47	0.47	0	0	0.43
42500	0.43	0.48	0.48	0	0	0.43
42600	0.43	0.48	0.48	0	0	0.43
42700	0.43	0.49	0.49	0	0	0.43
42800	0.43	0.49	0.49	0	0	0.43
42900	0.43	0.49	0.49	0	0	0.43
43000	0.43	0.49	0.49	0	0	0.43
43100	0.43	0.49	0.49	0	0	0.43
43200	0.43	0.49	0.49	0	0	0.43
43300	0.43	0.49	0.49	0	0	0.43
43400	0.43	0.49	0.49	0	0	0.43
43500	0.43	0.48	0.48	0	0	0.43
43600	0.44	0.48	0.48	0	0	0.44
43700	0.44	0.48	0.48	0	0	0.44
43800	0.44	0.48	0.48	0	0	0.44
43900	0.44	0.48	0.48	0	0	0.44
44000	0.44	0.48	0.48	0	0	0.44
44100	0.44	0.48	0.48	0	0	0.44
44200	0.44	0.48	0.48	0	0	0.44
44300	0.44	0.48	0.48	0	0	0.44
44400	0.44	0.47	0.47	0	0	0.44
44500	0.44	0.47	0.47	0	0	0.44
44600	0.44	0.47	0.47	0	0	0.44
44700	0.44	0.47	0.47	0	0	0.44
44800	0.44	0.47	0.47	0	0	0.44
44900	0.43	0.47	0.47	0	0	0.43
45000	0.43	0.47	0.47	0	0	0.43
45100	0.43	0.47	0.47	0	0	0.43
45200	0.43	0.47	0.47	0	0	0.43
45300	0.43	0.46	0.46	0	0	0.43
45400	0.43	0.46	0.46	0	0	0.43
45500	0.43	0.46	0.46	0	0	0.43
45600	0.43	0.46	0.46	0	0	0.43
45700	0.43	0.46	0.46	0	0	0.43
45800	0.43	0.46	0.46	0	0	0.43
45900	0.43	0.46	0.46	0	0	0.43
46000	0.43	0.47	0.47	0	0	0.43
46100	0.43	0.47	0.47	0	0	0.43
46200	0.42	0.47	0.47	0	0	0.42
46300	0.42	0.47	0.47	0	0	0.42
46400	0.42	0.48	0.48	0	0	0.42
46500	0.42	0.48	0.48	0	0	0.42
46600	0.41	0.48	0.48	0	0	0.41
46700	0.41	0.48	0.48	0	0	0.41
46800	0.41	0.48	0.48	0	0	0.41
46900	0.42	0.48	0.48	0	0	0.42
47000	0.42	0.48	0.48	0	0	0.42
47100	0.42	0.47	0.47	0	0	0.42
47200	0.42	0.47	0.47	0	0	0.42
47300	0.42	0.47	0.47	0	0	0.42
47400	0.42	0.47	0.47	0	0	0.42
47500	0.42	0.47	0.47	0	0	0.42
47600	0.41	0.47	0.47	0	0	0.41
47700	0.41	0.47	0.47	0	0	0.41
47800	0.41	0.48	0.48	0	0	0.41
47900	0.41	0.48	0.48	0	0	0.41
48000	0.41	0.49	0.49	0	0	0.41
48100	0.41	0.49	0.49	0	0	0.41
48200	0.41	0.49	0.49	0	0	0.41
48300	0.41	0.49	0.49	0	0	0.41
48400	0.41	0.49	0.49	0	0	0.41
48500	0.41	0.49	0.49	0	0	0.41
48600	0.41	0.48	0.48	0	0	0.41
48700	0.41	0.48	0.48	0	0	0.41
48800	0.41	0.48	0.48	0	0	0.41
48900	0.41	0.48	0.48	0	0	0.41
49000	0.41	0.48	0.48	0	0	0.41
49100	0.41	0.48	0.48	0	0	0.41
49200	0.41	0.49	0.49	0	0	0.41
49300	0.41	0.49	0.49	0	0	0.41
49400	0.41	0.51	0.51	0	0	0.41
49500	0.41	0.51	0.51	0	0	0.41
49600	0.41	0.51	0.51	0	0	0.41
49700	0.41	0.52	0.52	0	0	0.41
49800	0.41	0.52	0.52	0	0	0.41
49900	0.4	0.52	0.52	0	0	0.4
50000	0.41	0.5	0.5	0	0	0.41
50100	0.41	0.5	0.5	0	0	0.41
50200	0.41	0.5	0.5	0	0	0.41
50300	0.41	0.52	0.52	0	0	0.41
50400	0.41	0.52	0.52	0	0	0.41
50500	0.41	0.52	0.52	0	0	0.41
50600	0.41	0.51	0.51	0	0	0.41
50700	0.41	0.5	0.5	0	0	0.41
50800	0.41	0.5	0.5	0	0	0.41
50900	0.41	0.51	0.51	0	0	0.41
51000	0.41	0.51	0.51	0	0	0.41
51100	0.41	0.51	0.51	0	0	0.41
51200	0.41	0.51	0.51	0	0	0.41
51300	0.41	0.51	0.51	0	0	0.41
51400	0.41	0.51	0.51	0	0	0.41
51500	0.41	0.51	0.51	0	0	0.41
51600	0.41	0.51	0.51	0	0	0.41
51700	0.41	0.51	0.51	0	0	0.41
51800	0.41	0.51	0.51	0	0	0.41
51900	0.41	0.51	0.51	0	0	0.41
52000	0.41	0.5	0.5	0	0	0.41
52100	0.41	0.5	0.5	0	0	0.41
52200	0.41	0.5	0.5	0	0	0.41
52300	0.41	0.49	0.49	0	0	0.41
52400	0.42	0.49	0.49	0	0	0.42
52500	0.42	0.49	0.49	0	0	0.42
52600	0.42	0.49	0.49	0	0	0.42
52700	0.42	0.49	0.49	0	0	0.42
52800	0.42	0.47	0.47	0	0	0.42
52900	0.42	0.47	0.47	0	0	0.42
53000	0.42	0.48	0.48	0	0	0.42
53100	0.42	0.48	0.48	0	0	0.42
53200	0.42	0.48	0.48	0	0	0.42
53300	0.43	0.48	0.48	0	0	0.43
53400	0.43	0.48	0.48	0	0	0.43
53500	0.43	0.48	0.48	0	0	0.43
53600	0.43	0.48	0.48	0	0	0.43
53700	0.43	0.48	0.48	0	0	0.43
53800	0.43	0.48	0.48	0	0	0.43
53900	0.43	0.48	0.48	0	0	0.43
54000	0.43	0.48	0.48	0	0	0.43
54100	0.43	0.48	0.48	0	0	0.43
54200	0.43	0.48	0.48	0	0	0.43
54300	0.43	0.48	0.48	0	0	0.43
54400	0.43	0.48	0.48	0	0	0.43
54500	0.43	0.48	0.48	0	0	0.43
54600	0.43	0.48	0.48	0	0	0.43
54700	0.43	0.48	0.48	0	0	0.43
54800	0.43	0.47	0.47	0	0	0.43
54900	0.43	0.48	0.48	0	0	0.43
55000	0.44	0.48	0.48	0	0	0.44
55100	0.44	0.48	0.48	0	0	0.44
55200	0.44	0.48	0.48	0	0	0.44
55300	0.44	0.48	0.48	0	0	0.44
55400	0.44	0.48	0.48	0	0	0.44
55500	0.44	0.48	0.48	0	0	0.44
55600	0.44	0.49	0.49	0	0	0.44
55700	0.44	0.49	0.49	0	0	0.44
55800	0.44	0.48	0.48	0	0	0.44
55900	0.44	0.48	0.48	0	0	0.44
56000	0.44	0.48	0.48	0	0	0.44
56100	0.45	0.47	0.47	0	0	0.45
56200	0.45	0.47	0.47	0	0	0.45
56300	0.45	0.47	0.47	0	0	0.45
56400	0.45	0.47	0.47	0	0	0.45
56500	0.45	0.47	0.47	0	0	0.45
56600	0.45	0.47	0.47	0	0	0.45
56700	0.45	0.48	0.48	0	0	0.45
56800	0.45	0.48	0.48	0	0	0.45
56900	0.45	0.48	0.48	0	0	0.45
57000	0.45	0.48	0.48	0	0	0.45
57100	0.45	0.48	0.48	0	0	0.45
57200	0.45	0.48	0.48	0	0	0.45
57300	0.45	0.48	0.48	0	0	0.45
57400	0.45	0.48	0.48	0	0	0.45
57500	0.45	0.49	0.49	0	0	0.45
57600	0.45	0.5	0.5	0	0	0.45
57700	0.45	0.5	0.5	0	0	0.45
57800	0.45	0.5	0.5	0	0	0.45
57900	0.45	0.5	0.5	0	0	0.45
58000	0.45	0.5	0.5	0	0	0.45
58100	0.44	0.5	0.5	0	0	0.44
58200	0.44	0.5	0.5	0	0	0.44
58300	0.44	0.5	0.5	0	0	0.44
58400	0.44	0.5	0.5	0	0	0.44
58500	0.44	0.51	0.51	0	0	0.44
58600	0.44	0.51	0.51	0	0	0.44
58700	0.44	0.51	0.51	0	0	0.44
58800	0.44	0.51	0.51	0	0	0.44
58900	0.45	0.51	0.51	0	0	0.45
59000	0.45	0.51	0.51	0	0	0.45
59100	0.45	0.5	0.5	0	0	0.45
59200	0.45	0.5	0.5	0	0	0.45
59300	0.45	0.5	0.5	0	0	0.45
59400	0.45	0.49	0.49	0	0	0.45
59500	0.45	0.49	0.49	0	0	0.45
59600	0.45	0.49	0.49	0	0	0.45
59700	0.45	0.49	0.49	0	0	0.45
59800	0.45	0.5	0.5	0	0	0.45
59900	0.45	0.5	0.5	0	0	0.45
60000	0.45	0.5	0.5	0	0	0.45
60100	0.45	0.5	0.5	0	0	0.45
60200	0.45	0.5	0.5	0	0	0.45
60300	0.45	0.5	0.5	0	0	0.45
60400	0.45	0.5	0.5	0	0	0.45
60500	0.45	0.51	0.51	0	0	0.45
60600	0.45	0.51	0.51	0	0	0.45
60700	0.45	0.51	0.51	0	0	0.45
60800	0.45	0.51	0.51	0	0	0.45
60900	0.45	0.51	0.51	0	0	0.45
61000	0.45	0.51	0.51	0	0	0.45
61100	0.45	0.51	0.51	0	0	0.45
61200	0.45	0.51	0.51	0	0	0.45
61300	0.45	0.51	0.51	0	0	0.45
61400	0.45	0.51	0.51	0	0	0.45
61500	0.45	0.51	0.51	0	0	0.45
61600	0.45	0.51	0.51	0	0	0.45
61700	0.45	0.51	0.51	0	0	0.45
61800	0.45	0.51	0.51	0	0	0.45
61900	0.45	0.51	0.51	0	0	0.45
62000	0.45	0.51	0.51	0	0	0.45
62100	0.45	0.51	0.51	0	0	0.45
62200	0.45	0.5	0.5	0	0	0.45
62300	0.45	0.5	0.5	0	0	0.45
62400	0.45	0.5	0.5	0	0	0.45
62500	0.45	0.5	0.5	0	0	0.45
62600	0.45	0.5	0.5	0	0	0.45
62700	0.45	0.5	0.5	0	0	0.45
62800	0.45	0.5	0.5	0	0	0.45
62900	0.45	0.5	0.5	0	0	0.45
63000	0.45	0.5	0.5	0	0	0.45
63100	0.45	0.5	0.5	0	0	0.45
63200	0.45	0.5	0.5	0	0	0.45
63300	0.45	0.5	0.5	0	0	0.45
63400	0.45	0.5	0.5	0	0	0.45
63500	0.45	0.5	0.5	0	0	0.45
63600	0.45	0.5	0.5	0	0	0.45
63700	0.45	0.5	0.5	0	0	0.45
63800	0.45	0.5	0.5	0	0	0.45
63900	0.45	0.5	0.5	0	0	0.45
64000	0.45	0.5	0.5	0	0	0.45
64100	0.44	0.5	0.5	0	0	0.44
64200	0.44	0.5	0.5	0	0	0.44
64300	0.44	0.5	0.5	0	0	0.44
64400	0.44	0.5	0.5	0	0	0.44
64500	0.44	0.5	0.5	0	0	0.44
64600	0.44	0.51	0.51	0	0	0.44
64700	0.44	0.51	0.51	0	0	0.44
64800	0.44	0.49	0.49	0	0	0.44
64900	0.44	0.48	0.48	0	0	0.44
65000	0.44	0.48	0.48	0	0	0.44
65100	0.43	0.48	0.48	0	0	0.43
65200	0.43	0.47	0.47	0	0	0.43
65300	0.43	0.47	0.47	0	0	0.43
65400	0.43	0.47	0.47	0	0	0.43
65500	0.44	0.47	0.47	0	0	0.44
65600	0.44	0.47	0.47	0	0	0.44
65700	0.44	0.47	0.47	0	0	0.44
65800	0.44	0.47	0.47	0	0	0.44
65900	0.44	0.47	0.47	0	0	0.44
66000	0.44	0.47	0.47	0	0	0.44
66100	0.45	0.47	0.47	0	0	0.45
66200	0.45	0.47	0.47	0	0	0.45
66300	0.45	0.47	0.47	0	0	0.45
66400	0.45	0.47	0.47	0	0	0.45
66500	0.45	0.47	0.47	0	0	0.45
66600	0.45	0.47	0.47	0	0	0.45
66700	0.45	0.47	0.47	0	0	0.45
66800	0.45	0.47	0.47	0	0	0.45
66900	0.45	0.47	0.47	0	0	0.45
67000	0.45	0.47	0.47	0	0	0.45
67100	0.45	0.47	0.47	0	0	0.45
67200	0.45	0.47	0.47	0	0	0.45
67300	0.45	0.47	0.47	0	0	0.45
67400	0.45	0.47	0.47	0	0	0.45
67500	0.45	0.47	0.47	0	0	0.45
67600	0.46	0.47	0.47	0	0	0.46
67700	0.45	0.47	0.47	0	0	0.45
67800	0.45	0.47	0.47	0	0	0.45
67900	0.45	0.47	0.47	0	0	0.45
68000	0.45	0.47	0.47	0	0	0.45
68100	0.46	0.47	0.47	0	0	0.46
68200	0.46	0.47	0.47	0	0	0.46
68300	0.46	0.47	0.47	0	0	0.46
68400	0.47	0.47	0.47	0	0	0.47
68500	0.46	0.47	0.47	0	0	0.46
68600	0.46	0.47	0.47	0	0	0.46
68700	0.46	0.47	0.47	0	0	0.46
68800	0.46	0.47	0.47	0	0	0.46
68900	0.46	0.46	0.46	0	0	0.46
69000	0.46	0.46	0.46	0	0	0.46
69100	0.46	0.46	0.46	0	0	0.46
69200	0.46	0.46	0.46	0	0	0.46
69300	0.46	0.46	0.46	0	0	0.46
69400	0.46	0.46	0.46	0	0	0.46
69500	0.46	0.46	0.46	0	0	0.46
69600	0.46	0.46	0.46	0	0	0.46
69700	0.46	0.46	0.46	0	0	0.46
69800	0.46	0.46	0.46	0	0	0.46
69900	0.45	0.46	0.46	0	0	0.45
70000	0.45	0.46	0.46	0	0	0.45
70100	0.45	0.46	0.46	0	0	0.45
70200	0.45	0.46	0.46	0	0	0.45
70300	0.45	0.46	0.46	0	0	0.45
70400	0.45	0.46	0.46	0	0	0.45
70500	0.45	0.46	0.46	0	0	0.45
70600	0.45	0.46	0.46	0	0	0.45
70700	0.45	0.46	0.46	0	0	0.45
70800	0.45	0.46	0.46	0	0	0.45
70900	0.45	0.46	0.46	0	0	0.45
71000	0.45	0.47	0.47	0	0	0.45
71100	0.45	0.47	0.47	0	0	0.45
71200	0.45	0.47	0.47	0	0	0.45
71300	0.45	0.47	0.47	0	0	0.45
71400	0.44	0.47	0.47	0	0	0.44
71500	0.44	0.47	0.47	0	0	0.44
71600	0.45	0.47	0.47	0	0	0.45
71700	0.45	0.47	0.47	0	0	0.45
71800	0.45	0.48	0.48	0	0	0.45
71900	0.45	0.48	0.48	0	0	0.45
72000	0.45	0.48	0.48	0	0	0.45
72100	0.45	0.48	0.48	0	0	0.45
72200	0.45	0.48	0.48	0	0	0.45
72300	0.45	0.48	0.48	0	0	0.45
72400	0.46	0.48	0.48	0	0	0.46
72500	0.45	0.48	0.48	0	0	0.45
72600	0.45	0.48	0.48	0	0	0.45
72700	0.45	0.48	0.48	0	0	0.45
72800	0.45	0.48	0.48	0	0	0.45
72900	0.45	0.48	0.48	0	0	0.45
73000	0.45	0.48	0.48	0	0	0.45
73100	0.45	0.48	0.48	0	0	0.45
73200	0.45	0.48	0.48	0	0	0.45
73300	0.46	0.48	0.48	0	0	0.46
73400	0.46	0.5	0.5	0	0	0.46
73500	0.46	0.5	0.5	0	0	0.46
73600	0.46	0.5	0.5	0	0	0.46
73700	0.46	0.5	0.5	0	0	0.46
73800	0.46	0.5	0.5	0	0	0.46
73900	0.46	0.5	0.5	0	0	0.46
74000	0.46	0.5	0.5	0	0	0.46
74100	0.46	0.5	0.5	0	0	0.46
74200	0.46	0.5	0.5	0	0	0.46
74300	0.46	0.5	0.5	0	0	0.46
74400	0.46	0.5	0.5	0	0	0.46
74500	0.46	0.5	0.5	0	0	0.46
74600	0.46	0.5	0.5	0	0	0.46
74700	0.45	0.5	0.5	0	0	0.45
74800	0.45	0.5	0.5	0	0	0.45
74900	0.45	0.5	0.5	0	0	0.45
75000	0.45	0.5	0.5	0	0	0.45
75100	0.45	0.5	0.5	0	0	0.45
75200	0.45	0.5	0.5	0	0	0.45
75300	0.45	0.5	0.5	0	0	0.45
75400	0.45	0.51	0.51	0	0	0.45
75500	0.45	0.52	0.52	0	0	0.45
75600	0.45	0.52	0.52	0	0	0.45
75700	0.45	0.52	0.52	0	0	0.45
75800	0.45	0.52	0.52	0	0	0.45
75900	0.45	0.52	0.52	0	0	0.45
76000	0.45	0.52	0.52	0	0	0.45
76100	0.45	0.52	0.52	0	0	0.45
76200	0.45	0.52	0.52	0	0	0.45
76300	0.45	0.52	0.52	0	0	0.45
76400	0.45	0.52	0.52	0	0	0.45
76500	0.45	0.52	0.52	0	0	0.45
76600	0.45	0.52	0.52	0	0	0.45
76700	0.45	0.52	0.52	0	0	0.45
76800	0.45	0.52	0.52	0	0	0.45
76900	0.46	0.52	0.52	0	0	0.46
77000	0.46	0.52	0.52	0	0	0.46
77100	0.46	0.52	0.52	0	0	0.46
77200	0.46	0.52	0.52	0	0	0.46
77300	0.46	0.52	0.52	0	0	0.46
77400	0.46	0.52	0.52	0	0	0.46
77500	0.46	0.52	0.52	0	0	0.46
77600	0.46	0.52	0.52	0	0	0.46
77700	0.46	0.52	0.52	0	0	0.46
77800	0.46	0.53	0.53	0	0	0.46
77900	0.46	0.53	0.53	0	0	0.46
78000	0.46	0.53	0.53	0	0	0.46
78100	0.46	0.53	0.53	0	0	0.46
78200	0.46	0.53	0.53	0	0	0.46
78300	0.46	0.54	0.54	0	0	0.46
78400	0.46	0.54	0.54	0	0	0.46
78500	0.46	0.54	0.54	0	0	0.46
78600	0.46	0.54	0.54	0	0	0.46
78700	0.45	0.54	0.54	0	0	0.45
78800	0.45	0.54	0.54	0	0	0.45
78900	0.45	0.54	0.54	0	0	0.45
79000	0.45	0.54	0.54	0	0	0.45
79100	0.45	0.54	0.54	0	0	0.45
79200	0.45	0.54	0.54	0	0	0.45
79300	0.45	0.54	0.54	0	0	0.45
79400	0.45	0.54	0.54	0	0	0.45
79500	0.45	0.54	0.54	0	0	0.45
79600	0.45	0.54	0.54	0	0	0.45
79700	0.45	0.54	0.54	0	0	0.45
79800	0.45	0.54	0.54	0	0	0.45
79900	0.45	0.54	0.54	0	0	0.45
80000	0.45	0.54	0.54	0	0	0.45
80100	0.45	0.54	0.54	0	0	0.45
80200	0.45	0.54	0.54	0	0	0.45
80300	0.45	0.54	0.54	0	0	0.45
80400	0.45	0.54	0.54	0	0	0.45
80500	0.45	0.54	0.54	0	0	0.45
80600	0.45	0.54	0.54	0	0	0.45
80700	0.45	0.54	0.54	0	0	0.45
80800	0.45	0.54	0.54	0	0	0.45
80900	0.45	0.54	0.54	0	0	0.45
81000	0.45	0.54	0.54	0	0	0.45
81100	0.45	0.54	0.54	0	0	0.45
81200	0.45	0.54	0.54	0	0	0.45
81300	0.45	0.54	0.54	0	0	0.45
81400	0.45	0.54	0.54	0	0	0.45
81500	0.45	0.54	0.54	0	0	0.45
81600	0.45	0.54	0.54	0	0	0.45
81700	0.45	0.54	0.54	0	0	0.45
81800	0.45	0.54	0.54	0	0	0.45
81900	0.45	0.54	0.54	0	0	0.45
82000	0.45	0.54	0.54	0	0	0.45
82100	0.45	0.54	0.54	0	0	0.45
82200	0.45	0.54	0.54	0	0	0.45
82300	0.45	0.54	0.54	0	0	0.45
82400	0.45	0.54	0.54	0	0	0.45
82500	0.45	0.54	0.54	0	0	0.45
82600	0.45	0.54	0.54	0	0	0.45
82700	0.45	0.54	0.54	0	0	0.45
82800	0.45	0.54	0.54	0	0	0.45
82900	0.45	0.54	0.54	0	0	0.45
83000	0.45	0.54	0.54	0	0	0.45
83100	0.45	0.54	0.54	0	0	0.45
83200	0.45	0.54	0.54	0	0	0.45
83300	0.45	0.54	0.54	0	0	0.45
83400	0.45	0.54	0.54	0	0	0.45
83500	0.45	0.54	0.54	0	0	0.45
83600	0.45	0.54	0.54	0	0	0.45
83700	0.45	0.54	0.54	0	0	0.45
83800	0.45	0.54	0.54	0	0	0.45
83900	0.45	0.54	0.54	0	0	0.45
84000	0.45	0.54	0.54	0	0	0.45
84100	0.45	0.54	0.54	0	0	0.45
84200	0.45	0.54	0.54	0	0	0.45
84300	0.45	0.54	0.54	0	0	0.45
84400	0.45	0.54	0.54	0	0	0.45
84500	0.45	0.54	0.54	0	0	0.45
84600	0.45	0.54	0.54	0	0	0.45
84700	0.44	0.55	0.55	0	0	0.44
84800	0.44	0.55	0.55	0	0	0.44
84900	0.44	0.55	0.55	0	0	0.44
85000	0.44	0.55	0.55	0	0	0.44
85100	0.44	0.55	0.55	0	0	0.44
85200	0.44	0.55	0.55	0	0	0.44
85300	0.44	0.55	0.55	0	0	0.44
85400	0.44	0.55	0.55	0	0	0.44
85500	0.44	0.55	0.55	0	0	0.44
85600	0.44	0.55	0.55	0	0	0.44
85700	0.44	0.55	0.55	0	0	0.44
85800	0.44	0.55	0.55	0	0	0.44
85900	0.44	0.55	0.55	0	0	0.44
86000	0.43	0.55	0.55	0	0	0.43
86100	0.43	0.55	0.55	0	0	0.43
86200	0.43	0.55	0.55	0	0	0.43
86300	0.43	0.55	0.55	0	0	0.43
86400	0.43	0.55	0.55	0	0	0.43
86500	0.43	0.55	0.55	0	0	0.43
86600	0.43	0.55	0.55	0	0	0.43
86700	0.43	0.55	0.55	0	0	0.43
86800	0.43	0.55	0.55	0	0	0.43
86900	0.43	0.55	0.55	0	0	0.43
87000	0.43	0.55	0.55	0	0	0.43
87100	0.44	0.55	0.55	0	0	0.44
87200	0.44	0.55	0.55	0	0	0.44
87300	0.44	0.55	0.55	0	0	0.44
87400	0.44	0.55	0.55	0	0	0.44
87500	0.44	0.55	0.55	0	0	0.44
87600	0.44	0.55	0.55	0	0	0.44
87700	0.44	0.55	0.55	0	0	0.44
87800	0.43	0.55	0.55	0	0	0.43
87900	0.43	0.55	0.55	0	0	0.43
88000	0.43	0.55	0.55	0	0	0.43
88100	0.43	0.55	0.55	0	0	0.43
88200	0.43	0.55	0.55	0	0	0.43
88300	0.43	0.55	0.55	0	0	0.43
88400	0.43	0.55	0.55	0	0	0.43
88500	0.43	0.55	0.55	0	0	0.43
88600	0.43	0.54	0.54	0	0	0.43
88700	0.43	0.53	0.53	0	0	0.43
88800	0.43	0.53	0.53	0	0	0.43
88900	0.43	0.53	0.53	0	0	0.43
89000	0.43	0.53	0.53	0	0	0.43
89100	0.43	0.53	0.53	0	0	0.43
89200	0.43	0.53	0.53	0	0	0.43
89300	0.43	0.53	0.53	0	0	0.43
89400	0.43	0.53	0.53	0	0	0.43
89500	0.43	0.53	0.53	0	0	0.43
89600	0.43	0.53	0.53	0	0	0.43
89700	0.43	0.53	0.53	0	0	0.43
89800	0.43	0.53	0.53	0	0	0.43
89900	0.43	0.53	0.53	0	0	0.43
90000	0.43	0.53	0.53	0	0	0.43
90100	0.43	0.53	0.53	0	0	0.43
90200	0.43	0.53	0.53	0	0	0.43
90300	0.43	0.52	0.52	0	0	0.43
90400	0.43	0.52	0.52	0	0	0.43
90500	0.43	0.52	0.52	0	0	0.43
90600	0.43	0.52	0.52	0	0	0.43
90700	0.43	0.51	0.51	0	0	0.43
90800	0.43	0.51	0.51	0	0	0.43
90900	0.43	0.51	0.51	0	0	0.43
91000	0.43	0.51	0.51	0	0	0.43
91100	0.43	0.51	0.51	0	0	0.43
91200	0.43	0.51	0.51	0	0	0.43
91300	0.43	0.51	0.51	0	0	0.43
91400	0.43	0.51	0.51	0	0	0.43
91500	0.43	0.51	0.51	0	0	0.43
91600	0.43	0.51	0.51	0	0	0.43
91700	0.42	0.51	0.51	0	0	0.42
91800	0.42	0.51	0.51	0	0	0.42
91900	0.42	0.53	0.53	0	0	0.42
92000	0.42	0.53	0.53	0	0	0.42
92100	0.42	0.53	0.53	0	0	0.42
92200	0.42	0.53	0.53	0	0	0.42
92300	0.42	0.53	0.53	0	0	0.42
92400	0.42	0.53	0.53	0	0	0.42
92500	0.42	0.53	0.53	0	0	0.42
92600	0.42	0.53	0.53	0	0	0.42
92700	0.42	0.53	0.53	0	0	0.42
92800	0.42	0.52	0.52	0	0	0.42
92900	0.42	0.52	0.52	0	0	0.42
93000	0.42	0.52	0.52	0	0	0.42
93100	0.42	0.53	0.53	0	0	0.42
93200	0.42	0.53	0.53	0	0	0.42
93300	0.42	0.53	0.53	0	0	0.42
93400	0.42	0.52	0.52	0	0	0.42
93500	0.42	0.52	0.52	0	0	0.42
93600	0.42	0.52	0.52	0	0	0.42
93700	0.42	0.52	0.52	0	0	0.42
93800	0.42	0.53	0.53	0	0	0.42
93900	0.42	0.53	0.53	0	0	0.42
94000	0.42	0.53	0.53	0	0	0.42
94100	0.42	0.53	0.53	0	0	0.42
94200	0.42	0.53	0.53	0	0	0.42
94300	0.42	0.53	0.53	0	0	0.42
94400	0.42	0.53	0.53	0	0	0.42
94500	0.42	0.53	0.53	0	0	0.42
94600	0.42	0.53	0.53	0	0	0.42
94700	0.42	0.53	0.53	0	0	0.42
94800	0.42	0.53	0.53	0	0	0.42
94900	0.42	0.53	0.53	0	0	0.42
95000	0.41	0.53	0.53	0	0	0.41
95100	0.41	0.53	0.53	0	0	0.41
95200	0.41	0.53	0.53	0	0	0.41
95300	0.41	0.53	0.53	0	0	0.41
95400	0.41	0.52	0.52	0	0	0.41
95500	0.41	0.52	0.52	0	0	0.41
95600	0.41	0.52	0.52	0	0	0.41
95700	0.41	0.52	0.52	0	0	0.41
95800	0.41	0.52	0.52	0	0	0.41
95900	0.41	0.52	0.52	0	0	0.41
96000	0.41	0.52	0.52	0	0	0.41
96100	0.41	0.52	0.52	0	0	0.41
96200	0.41	0.52	0.52	0	0	0.41
96300	0.41	0.52	0.52	0	0	0.41
96400	0.41	0.52	0.52	0	0	0.41
96500	0.41	0.53	0.53	0	0	0.41
96600	0.41	0.53	0.53	0	0	0.41
96700	0.41	0.52	0.52	0	0	0.41
96800	0.41	0.52	0.52	0	0	0.41
96900	0.42	0.52	0.52	0	0	0.42
97000	0.42	0.52	0.52	0	0	0.42
97100	0.42	0.52	0.52	0	0	0.42
97200	0.42	0.52	0.52	0	0	0.42
97300	0.42	0.52	0.52	0	0	0.42
97400	0.42	0.52	0.52	0	0	0.42
97500	0.42	0.52	0.52	0	0	0.42
97600	0.42	0.53	0.53	0	0	0.42
97700	0.42	0.53	0.53	0	0	0.42
97800	0.42	0.53	0.53	0	0	0.42
97900	0.42	0.53	0.53	0	0	0.42
98000	0.42	0.53	0.53	0	0	0.42
98100	0.42	0.53	0.53	0	0	0.42
98200	0.42	0.53	0.53	0	0	0.42
98300	0.42	0.53	0.53	0	0	0.42
98400	0.42	0.54	0.54	0	0	0.42
98500	0.42	0.54	0.54	0	0	0.42
98600	0.42	0.54	0.54	0	0	0.42
98700	0.42	0.54	0.54	0	0	0.42
98800	0.42	0.54	0.54	0	0	0.42
98900	0.42	0.54	0.54	0	0	0.42
99000	0.42	0.54	0.54	0	0	0.42
99100	0.42	0.54	0.54	0	0	0.42
99200	0.42	0.54	0.54	0	0	0.42
99300	0.42	0.54	0.54	0	0	0.42
99400	0.42	0.54	0.54	0	0	0.42
99500	0.42	0.54	0.54	0	0	0.42
99600	0.42	0.54	0.54	0	0	0.42
99700	0.42	0.54	0.54	0	0	0.42
99800	0.42	0.54	0.54	0	0	0.42
99900	0.42	0.55	0.55	0	0	0.42
100000	0.42	0.55	0.55	0	0	0.42
