100	0.07	0.1	0.1	0	0	0.07
200	0.07	0.12	0.12	0	0	0.07
300	0.07	0.14	0.14	0	0	0.07
400	0.08	0.15	0.15	0	0	0.08
500	0.08	0.17	0.17	0	0	0.08
600	0.08	0.19	0.19	0	0	0.08
700	0.08	0.19	0.19	0	0	0.08
800	0.08	0.19	0.19	0	0	0.08
900	0.08	0.19	0.19	0	0	0.08
1000	0.08	0.19	0.19	0	0	0.08
1100	0.08	0.19	0.19	0	0	0.08
1200	0.08	0.2	0.2	0	0	0.08
1300	0.12	0.22	0.22	0	0	0.12
1400	0.12	0.24	0.24	0	0	0.12
1500	0.14	0.24	0.24	0	0	0.14
1600	0.14	0.26	0.26	0	0	0.14
1700	0.14	0.26	0.26	0	0	0.14
1800	0.14	0.26	0.26	0	0	0.14
1900	0.16	0.26	0.26	0	0	0.16
2000	0.16	0.27	0.27	0	0	0.16
2100	0.18	0.28	0.28	0	0	0.18
2200	0.18	0.3	0.3	0	0	0.18
2300	0.19	0.32	0.32	0	0	0.19
2400	0.19	0.32	0.32	0	0	0.19
2500	0.19	0.31	0.31	0	0	0.19
2600	0.19	0.31	0.31	0	0	0.19
2700	0.19	0.32	0.32	0	0	0.19
2800	0.2	0.34	0.34	0	0	0.2
2900	0.22	0.34	0.34	0	0	0.22
3000	0.21	0.34	0.34	0	0	0.21
3100	0.21	0.34	0.34	0	0	0.21
3200	0.21	0.36	0.36	0	0	0.21
3300	0.21	0.35	0.35	0	0	0.21
3400	0.21	0.35	0.35	0	0	0.21
3500	0.22	0.34	0.34	0	0	0.22
3600	0.24	0.34	0.34	0	0	0.24
3700	0.24	0.34	0.34	0	0	0.24
3800	0.24	0.35	0.35	0	0	0.24
3900	0.24	0.34	0.34	0	0	0.24
4000	0.24	0.35	0.35	0	0	0.24
4100	0.24	0.35	0.35	0	0	0.24
4200	0.23	0.35	0.35	0	0	0.23
4300	0.23	0.36	0.36	0	0	0.23
4400	0.24	0.36	0.36	0	0	0.24
4500	0.27	0.37	0.37	0	0	0.27
4600	0.25	0.38	0.38	0	0	0.25
4700	0.25	0.39	0.39	0	0	0.25
4800	0.26	0.39	0.39	0	0	0.26
4900	0.26	0.39	0.39	0	0	0.26
5000	0.26	0.39	0.39	0	0	0.26
5100	0.26	0.39	0.39	0	0	0.26
5200	0.26	0.4	0.4	0	0	0.26
5300	0.26	0.4	0.4	0	0	0.26
5400	0.27	0.4	0.4	0	0	0.27
5500	0.26	0.4	0.4	0	0	0.26
5600	0.27	0.38	0.38	0	0	0.27
5700	0.29	0.38	0.38	0	0	0.29
5800	0.29	0.38	0.38	0	0	0.29
5900	0.29	0.38	0.38	0	0	0.29
6000	0.29	0.37	0.37	0	0	0.29
6100	0.29	0.38	0.38	0	0	0.29
6200	0.3	0.38	0.38	0	0	0.3
6300	0.31	0.38	0.38	0	0	0.31
6400	0.3	0.39	0.39	0	0	0.3
6500	0.29	0.39	0.39	0	0	0.29
6600	0.29	0.4	0.4	0	0	0.29
6700	0.29	0.4	0.4	0	0	0.29
6800	0.3	0.4	0.4	0	0	0.3
6900	0.29	0.4	0.4	0	0	0.29
7000	0.29	0.4	0.4	0	0	0.29
7100	0.31	0.4	0.4	0	0	0.31
7200	0.33	0.4	0.4	0	0	0.33
7300	0.34	0.4	0.4	0	0	0.34
7400	0.34	0.4	0.4	0	0	0.34
7500	0.35	0.41	0.41	0	0	0.35
7600	0.35	0.41	0.41	0	0	0.35
7700	0.35	0.41	0.41	0	0	0.35
7800	0.35	0.41	0.41	0	0	0.35
7900	0.35	0.41	0.41	0	0	0.35
8000	0.36	0.4	0.4	0	0	0.36
8100	0.36	0.4	0.4	0	0	0.36
8200	0.35	0.4	0.4	0	0	0.35
8300	0.35	0.4	0.4	0	0	0.35
8400	0.35	0.4	0.4	0	0	0.35
8500	0.36	0.4	0.4	0	0	0.36
8600	0.37	0.4	0.4	0	0	0.37
8700	0.37	0.41	0.41	0	0	0.37
8800	0.38	0.42	0.42	0	0	0.38
8900	0.38	0.42	0.42	0	0	0.38
9000	0.38	0.42	0.42	0	0	0.38
9100	0.38	0.42	0.42	0	0	0.38
9200	0.38	0.42	0.42	0	0	0.38
9300	0.39	0.42	0.42	0	0	0.39
9400	0.39	0.43	0.43	0	0	0.39
9500	0.38	0.43	0.43	0	0	0.38
9600	0.38	0.42	0.42	0	0	0.38
9700	0.38	0.42	0.42	0	0	0.38
9800	0.38	0.42	0.42	0	0	0.38
9900	0.37	0.42	0.42	0	0	0.37
10000	0.38	0.42	0.42	0	0	0.38
10100	0.38	0.42	0.42	0	0	0.38
10200	0.38	0.43	0.43	0	0	0.38
10300	0.38	0.42	0.42	0	0	0.38
10400	0.38	0.43	0.43	0	0	0.38
10500	0.38	0.44	0.44	0	0	0.38
10600	0.38	0.44	0.44	0	0	0.38
10700	0.39	0.43	0.43	0	0	0.39
10800	0.4	0.44	0.44	0	0	0.4
10900	0.4	0.44	0.44	0	0	0.4
11000	0.41	0.44	0.44	0	0	0.41
11100	0.4	0.44	0.44	0	0	0.4
11200	0.4	0.44	0.44	0	0	0.4
11300	0.4	0.46	0.46	0	0	0.4
11400	0.4	0.46	0.46	0	0	0.4
11500	0.4	0.45	0.45	0	0	0.4
11600	0.4	0.45	0.45	0	0	0.4
11700	0.4	0.45	0.45	0	0	0.4
11800	0.4	0.46	0.46	0	0	0.4
11900	0.4	0.45	0.45	0	0	0.4
12000	0.4	0.45	0.45	0	0	0.4
12100	0.41	0.44	0.44	0	0	0.41
12200	0.41	0.44	0.44	0	0	0.41
12300	0.39	0.45	0.45	0	0	0.39
12400	0.39	0.44	0.44	0	0	0.39
12500	0.39	0.44	0.44	0	0	0.39
12600	0.39	0.44	0.44	0	0	0.39
12700	0.39	0.44	0.44	0	0	0.39
12800	0.39	0.47	0.47	0	0	0.39
12900	0.39	0.47	0.47	0	0	0.39
13000	0.39	0.46	0.46	0	0	0.39
13100	0.39	0.46	0.46	0	0	0.39
13200	0.39	0.46	0.46	0	0	0.39
13300	0.39	0.46	0.46	0	0	0.39
13400	0.38	0.46	0.46	0	0	0.38
13500	0.38	0.46	0.46	0	0	0.38
13600	0.38	0.46	0.46	0	0	0.38
13700	0.38	0.46	0.46	0	0	0.38
13800	0.38	0.46	0.46	0	0	0.38
13900	0.38	0.46	0.46	0	0	0.38
14000	0.38	0.47	0.47	0	0	0.38
14100	0.38	0.47	0.47	0	0	0.38
14200	0.38	0.47	0.47	0	0	0.38
14300	0.38	0.46	0.46	0	0	0.38
14400	0.38	0.47	0.47	0	0	0.38
14500	0.38	0.48	0.48	0	0	0.38
14600	0.38	0.48	0.48	0	0	0.38
14700	0.38	0.48	0.48	0	0	0.38
14800	0.38	0.48	0.48	0	0	0.38
14900	0.39	0.48	0.48	0	0	0.39
15000	0.38	0.48	0.48	0	0	0.38
15100	0.39	0.48	0.48	0	0	0.39
15200	0.39	0.48	0.48	0	0	0.39
15300	0.39	0.48	0.48	0	0	0.39
15400	0.39	0.48	0.48	0	0	0.39
15500	0.39	0.49	0.49	0	0	0.39
15600	0.39	0.49	0.49	0	0	0.39
15700	0.4	0.48	0.48	0	0	0.4
15800	0.4	0.48	0.48	0	0	0.4
15900	0.4	0.48	0.48	0	0	0.4
16000	0.4	0.48	0.48	0	0	0.4
16100	0.4	0.48	0.48	0	0	0.4
16200	0.4	0.48	0.48	0	0	0.4
16300	0.41	0.48	0.48	0	0	0.41
16400	0.41	0.48	0.48	0	0	0.41
16500	0.41	0.48	0.48	0	0	0.41
16600	0.41	0.48	0.48	0	0	0.41
16700	0.41	0.48	0.48	0	0	0.41
16800	0.4	0.46	0.46	0	0	0.4
16900	0.4	0.46	0.46	0	0	0.4
17000	0.4	0.46	0.46	0	0	0.4
17100	0.4	0.46	0.46	0	0	0.4
17200	0.4	0.46	0.46	0	0	0.4
17300	0.4	0.46	0.46	0	0	0.4
17400	0.4	0.46	0.46	0	0	0.4
17500	0.39	0.46	0.46	0	0	0.39
17600	0.39	0.46	0.46	0	0	0.39
17700	0.39	0.45	0.45	0	0	0.39
17800	0.39	0.45	0.45	0	0	0.39
17900	0.39	0.44	0.44	0	0	0.39
18000	0.39	0.44	0.44	0	0	0.39
18100	0.38	0.43	0.43	0	0	0.38
18200	0.38	0.43	0.43	0	0	0.38
18300	0.38	0.43	0.43	0	0	0.38
18400	0.36	0.43	0.43	0	0	0.36
18500	0.36	0.43	0.43	0	0	0.36
18600	0.36	0.43	0.43	0	0	0.36
18700	0.36	0.44	0.44	0	0	0.36
18800	0.36	0.44	0.44	0	0	0.36
18900	0.36	0.45	0.45	0	0	0.36
19000	0.36	0.45	0.45	0	0	0.36
19100	0.36	0.45	0.45	0	0	0.36
19200	0.34	0.45	0.45	0	0	0.34
19300	0.34	0.46	0.46	0	0	0.34
19400	0.34	0.45	0.45	0	0	0.34
19500	0.34	0.45	0.45	0	0	0.34
19600	0.34	0.46	0.46	0	0	0.34
19700	0.34	0.46	0.46	0	0	0.34
19800	0.34	0.47	0.47	0	0	0.34
19900	0.34	0.47	0.47	0	0	0.34
20000	0.34	0.47	0.47	0	0	0.34
20100	0.34	0.48	0.48	0	0	0.34
20200	0.34	0.49	0.49	0	0	0.34
20300	0.34	0.49	0.49	0	0	0.34
20400	0.34	0.49	0.49	0	0	0.34
20500	0.34	0.49	0.49	0	0	0.34
20600	0.34	0.48	0.48	0	0	0.34
20700	0.33	0.48	0.48	0	0	0.33
20800	0.33	0.48	0.48	0	0	0.33
20900	0.32	0.48	0.48	0	0	0.32
21000	0.32	0.48	0.48	0	0	0.32
21100	0.32	0.48	0.48	0	0	0.32
21200	0.32	0.48	0.48	0	0	0.32
21300	0.32	0.47	0.47	0	0	0.32
21400	0.32	0.47	0.47	0	0	0.32
21500	0.32	0.47	0.47	0	0	0.32
21600	0.33	0.47	0.47	0	0	0.33
21700	0.33	0.47	0.47	0	0	0.33
21800	0.33	0.47	0.47	0	0	0.33
21900	0.33	0.47	0.47	0	0	0.33
22000	0.33	0.47	0.47	0	0	0.33
22100	0.33	0.47	0.47	0	0	0.33
22200	0.33	0.46	0.46	0	0	0.33
22300	0.33	0.46	0.46	0	0	0.33
22400	0.33	0.46	0.46	0	0	0.33
22500	0.33	0.46	0.46	0	0	0.33
22600	0.33	0.46	0.46	0	0	0.33
22700	0.33	0.46	0.46	0	0	0.33
22800	0.33	0.45	0.45	0	0	0.33
22900	0.33	0.45	0.45	0	0	0.33
23000	0.33	0.45	0.45	0	0	0.33
23100	0.33	0.44	0.44	0	0	0.33
23200	0.33	0.44	0.44	0	0	0.33
23300	0.33	0.43	0.43	0	0	0.33
23400	0.33	0.43	0.43	0	0	0.33
23500	0.33	0.43	0.43	0	0	0.33
23600	0.34	0.43	0.43	0	0	0.34
23700	0.34	0.43	0.43	0	0	0.34
23800	0.34	0.44	0.44	0	0	0.34
23900	0.35	0.45	0.45	0	0	0.35
24000	0.35	0.45	0.45	0	0	0.35
24100	0.35	0.45	0.45	0	0	0.35
24200	0.35	0.45	0.45	0	0	0.35
24300	0.35	0.46	0.46	0	0	0.35
24400	0.35	0.45	0.45	0	0	0.35
24500	0.35	0.46	0.46	0	0	0.35
24600	0.35	0.46	0.46	0	0	0.35
24700	0.36	0.46	0.46	0	0	0.36
24800	0.37	0.46	0.46	0	0	0.37
24900	0.37	0.46	0.46	0	0	0.37
25000	0.37	0.46	0.46	0	0	0.37
25100	0.37	0.46	0.46	0	0	0.37
25200	0.38	0.46	0.46	0	0	0.38
25300	0.38	0.47	0.47	0	0	0.38
25400	0.36	0.47	0.47	0	0	0.36
25500	0.36	0.47	0.47	0	0	0.36
25600	0.36	0.47	0.47	0	0	0.36
25700	0.36	0.47	0.47	0	0	0.36
25800	0.36	0.46	0.46	0	0	0.36
25900	0.36	0.46	0.46	0	0	0.36
26000	0.36	0.46	0.46	0	0	0.36
26100	0.36	0.46	0.46	0	0	0.36
26200	0.36	0.46	0.46	0	0	0.36
26300	0.36	0.46	0.46	0	0	0.36
26400	0.36	0.46	0.46	0	0	0.36
26500	0.36	0.46	0.46	0	0	0.36
26600	0.36	0.46	0.46	0	0	0.36
26700	0.36	0.46	0.46	0	0	0.36
26800	0.36	0.46	0.46	0	0	0.36
26900	0.36	0.46	0.46	0	0	0.36
27000	0.36	0.46	0.46	0	0	0.36
27100	0.36	0.46	0.46	0	0	0.36
27200	0.37	0.46	0.46	0	0	0.37
27300	0.38	0.46	0.46	0	0	0.38
27400	0.38	0.46	0.46	0	0	0.38
27500	0.38	0.46	0.46	0	0	0.38
27600	0.38	0.46	0.46	0	0	0.38
27700	0.39	0.46	0.46	0	0	0.39
27800	0.39	0.46	0.46	0	0	0.39
27900	0.38	0.46	0.46	0	0	0.38
28000	0.38	0.46	0.46	0	0	0.38
28100	0.38	0.48	0.48	0	0	0.38
28200	0.38	0.48	0.48	0	0	0.38
28300	0.38	0.48	0.48	0	0	0.38
28400	0.38	0.49	0.49	0	0	0.38
28500	0.38	0.49	0.49	0	0	0.38
28600	0.38	0.49	0.49	0	0	0.38
28700	0.38	0.49	0.49	0	0	0.38
28800	0.38	0.49	0.49	0	0	0.38
28900	0.37	0.49	0.49	0	0	0.37
29000	0.37	0.49	0.49	0	0	0.37
29100	0.37	0.49	0.49	0	0	0.37
29200	0.37	0.49	0.49	0	0	0.37
29300	0.38	0.49	0.49	0	0	0.38
29400	0.38	0.49	0.49	0	0	0.38
29500	0.36	0.5	0.5	0	0	0.36
29600	0.36	0.5	0.5	0	0	0.36
29700	0.37	0.5	0.5	0	0	0.37
29800	0.37	0.5	0.5	0	0	0.37
29900	0.36	0.5	0.5	0	0	0.36
30000	0.36	0.5	0.5	0	0	0.36
30100	0.36	0.5	0.5	0	0	0.36
30200	0.36	0.5	0.5	0	0	0.36
30300	0.36	0.5	0.5	0	0	0.36
30400	0.36	0.5	0.5	0	0	0.36
30500	0.37	0.5	0.5	0	0	0.37
30600	0.38	0.5	0.5	0	0	0.38
30700	0.38	0.49	0.49	0	0	0.38
30800	0.37	0.49	0.49	0	0	0.37
30900	0.36	0.49	0.49	0	0	0.36
31000	0.36	0.49	0.49	0	0	0.36
31100	0.36	0.49	0.49	0	0	0.36
31200	0.36	0.49	0.49	0	0	0.36
31300	0.36	0.49	0.49	0	0	0.36
31400	0.36	0.49	0.49	0	0	0.36
31500	0.36	0.5	0.5	0	0	0.36
31600	0.37	0.5	0.5	0	0	0.37
31700	0.37	0.5	0.5	0	0	0.37
31800	0.37	0.5	0.5	0	0	0.37
31900	0.37	0.5	0.5	0	0	0.37
32000	0.37	0.5	0.5	0	0	0.37
32100	0.36	0.5	0.5	0	0	0.36
32200	0.36	0.5	0.5	0	0	0.36
32300	0.36	0.5	0.5	0	0	0.36
32400	0.36	0.51	0.51	0	0	0.36
32500	0.37	0.51	0.51	0	0	0.37
32600	0.37	0.51	0.51	0	0	0.37
32700	0.37	0.51	0.51	0	0	0.37
32800	0.37	0.51	0.51	0	0	0.37
32900	0.37	0.51	0.51	0	0	0.37
33000	0.38	0.51	0.51	0	0	0.38
33100	0.39	0.51	0.51	0	0	0.39
33200	0.38	0.51	0.51	0	0	0.38
33300	0.38	0.51	0.51	0	0	0.38
33400	0.38	0.51	0.51	0	0	0.38
33500	0.38	0.52	0.52	0	0	0.38
33600	0.38	0.52	0.52	0	0	0.38
33700	0.38	0.52	0.52	0	0	0.38
33800	0.38	0.52	0.52	0	0	0.38
33900	0.39	0.52	0.52	0	0	0.39
34000	0.38	0.52	0.52	0	0	0.38
34100	0.38	0.52	0.52	0	0	0.38
34200	0.38	0.51	0.51	0	0	0.38
34300	0.38	0.51	0.51	0	0	0.38
34400	0.38	0.51	0.51	0	0	0.38
34500	0.38	0.51	0.51	0	0	0.38
34600	0.38	0.51	0.51	0	0	0.38
34700	0.38	0.51	0.51	0	0	0.38
34800	0.39	0.51	0.51	0	0	0.39
34900	0.39	0.51	0.51	0	0	0.39
35000	0.39	0.51	0.51	0	0	0.39
35100	0.39	0.51	0.51	0	0	0.39
35200	0.39	0.51	0.51	0	0	0.39
35300	0.39	0.52	0.52	0	0	0.39
35400	0.39	0.51	0.51	0	0	0.39
35500	0.4	0.51	0.51	0	0	0.4
35600	0.4	0.51	0.51	0	0	0.4
35700	0.4	0.51	0.51	0	0	0.4
35800	0.4	0.51	0.51	0	0	0.4
35900	0.4	0.51	0.51	0	0	0.4
36000	0.4	0.51	0.51	0	0	0.4
36100	0.4	0.52	0.52	0	0	0.4
36200	0.4	0.52	0.52	0	0	0.4
36300	0.4	0.52	0.52	0	0	0.4
36400	0.4	0.52	0.52	0	0	0.4
36500	0.4	0.52	0.52	0	0	0.4
36600	0.4	0.52	0.52	0	0	0.4
36700	0.4	0.52	0.52	0	0	0.4
36800	0.4	0.52	0.52	0	0	0.4
36900	0.39	0.52	0.52	0	0	0.39
37000	0.39	0.52	0.52	0	0	0.39
37100	0.39	0.52	0.52	0	0	0.39
37200	0.38	0.52	0.52	0	0	0.38
37300	0.38	0.52	0.52	0	0	0.38
37400	0.38	0.52	0.52	0	0	0.38
37500	0.38	0.52	0.52	0	0	0.38
37600	0.38	0.52	0.52	0	0	0.38
37700	0.38	0.52	0.52	0	0	0.38
37800	0.37	0.52	0.52	0	0	0.37
37900	0.37	0.52	0.52	0	0	0.37
38000	0.38	0.52	0.52	0	0	0.38
38100	0.37	0.53	0.53	0	0	0.37
38200	0.37	0.52	0.52	0	0	0.37
38300	0.37	0.52	0.52	0	0	0.37
38400	0.37	0.52	0.52	0	0	0.37
38500	0.37	0.52	0.52	0	0	0.37
38600	0.37	0.52	0.52	0	0	0.37
38700	0.37	0.52	0.52	0	0	0.37
38800	0.38	0.52	0.52	0	0	0.38
38900	0.38	0.51	0.51	0	0	0.38
39000	0.38	0.51	0.51	0	0	0.38
39100	0.38	0.51	0.51	0	0	0.38
39200	0.37	0.5	0.5	0	0	0.37
39300	0.37	0.5	0.5	0	0	0.37
39400	0.38	0.5	0.5	0	0	0.38
39500	0.38	0.5	0.5	0	0	0.38
39600	0.38	0.5	0.5	0	0	0.38
39700	0.38	0.5	0.5	0	0	0.38
39800	0.38	0.5	0.5	0	0	0.38
39900	0.38	0.5	0.5	0	0	0.38
40000	0.38	0.5	0.5	0	0	0.38
40100	0.38	0.5	0.5	0	0	0.38
40200	0.38	0.5	0.5	0	0	0.38
40300	0.38	0.5	0.5	0	0	0.38
40400	0.38	0.5	0.5	0	0	0.38
40500	0.38	0.51	0.51	0	0	0.38
40600	0.38	0.51	0.51	0	0	0.38
40700	0.38	0.51	0.51	0	0	0.38
40800	0.39	0.51	0.51	0	0	0.39
40900	0.38	0.51	0.51	0	0	0.38
41000	0.38	0.51	0.51	0	0	0.38
41100	0.38	0.51	0.51	0	0	0.38
41200	0.38	0.51	0.51	0	0	0.38
41300	0.38	0.51	0.51	0	0	0.38
41400	0.38	0.51	0.51	0	0	0.38
41500	0.38	0.51	0.51	0	0	0.38
41600	0.38	0.52	0.52	0	0	0.38
41700	0.38	0.52	0.52	0	0	0.38
41800	0.38	0.52	0.52	0	0	0.38
41900	0.38	0.52	0.52	0	0	0.38
42000	0.38	0.52	0.52	0	0	0.38
42100	0.39	0.52	0.52	0	0	0.39
42200	0.39	0.52	0.52	0	0	0.39
42300	0.39	0.53	0.53	0	0	0.39
42400	0.39	0.52	0.52	0	0	0.39
42500	0.39	0.52	0.52	0	0	0.39
42600	0.39	0.52	0.52	0	0	0.39
42700	0.38	0.52	0.52	0	0	0.38
42800	0.39	0.52	0.52	0	0	0.39
42900	0.39	0.52	0.52	0	0	0.39
43000	0.39	0.52	0.52	0	0	0.39
43100	0.41	0.52	0.52	0	0	0.41
43200	0.41	0.52	0.52	0	0	0.41
43300	0.41	0.52	0.52	0	0	0.41
43400	0.41	0.52	0.52	0	0	0.41
43500	0.41	0.52	0.52	0	0	0.41
43600	0.41	0.52	0.52	0	0	0.41
43700	0.41	0.51	0.51	0	0	0.41
43800	0.41	0.52	0.52	0	0	0.41
43900	0.41	0.51	0.51	0	0	0.41
44000	0.41	0.51	0.51	0	0	0.41
44100	0.41	0.51	0.51	0	0	0.41
44200	0.41	0.51	0.51	0	0	0.41
44300	0.41	0.51	0.51	0	0	0.41
44400	0.41	0.51	0.51	0	0	0.41
44500	0.41	0.51	0.51	0	0	0.41
44600	0.41	0.51	0.51	0	0	0.41
44700	0.41	0.51	0.51	0	0	0.41
44800	0.41	0.51	0.51	0	0	0.41
44900	0.41	0.51	0.51	0	0	0.41
45000	0.41	0.51	0.51	0	0	0.41
45100	0.41	0.51	0.51	0	0	0.41
45200	0.41	0.51	0.51	0	0	0.41
45300	0.42	0.51	0.51	0	0	0.42
45400	0.42	0.51	0.51	0	0	0.42
45500	0.41	0.51	0.51	0	0	0.41
45600	0.41	0.51	0.51	0	0	0.41
45700	0.41	0.51	0.51	0	0	0.41
45800	0.4	0.51	0.51	0	0	0.4
45900	0.4	0.51	0.51	0	0	0.4
46000	0.4	0.51	0.51	0	0	0.4
46100	0.41	0.51	0.51	0	0	0.41
46200	0.41	0.51	0.51	0	0	0.41
46300	0.41	0.51	0.51	0	0	0.41
46400	0.41	0.51	0.51	0	0	0.41
46500	0.41	0.51	0.51	0	0	0.41
46600	0.41	0.51	0.51	0	0	0.41
46700	0.41	0.53	0.53	0	0	0.41
46800	0.41	0.51	0.51	0	0	0.41
46900	0.41	0.51	0.51	0	0	0.41
47000	0.41	0.51	0.51	0	0	0.41
47100	0.42	0.51	0.51	0	0	0.42
47200	0.42	0.51	0.51	0	0	0.42
47300	0.42	0.51	0.51	0	0	0.42
47400	0.41	0.51	0.51	0	0	0.41
47500	0.41	0.5	0.5	0	0	0.41
47600	0.41	0.5	0.5	0	0	0.41
47700	0.41	0.5	0.5	0	0	0.41
47800	0.41	0.5	0.5	0	0	0.41
47900	0.41	0.5	0.5	0	0	0.41
48000	0.41	0.5	0.5	0	0	0.41
48100	0.41	0.5	0.5	0	0	0.41
48200	0.42	0.51	0.51	0	0	0.42
48300	0.42	0.51	0.51	0	0	0.42
48400	0.42	0.51	0.51	0	0	0.42
48500	0.42	0.51	0.51	0	0	0.42
48600	0.42	0.51	0.51	0	0	0.42
48700	0.42	0.51	0.51	0	0	0.42
48800	0.42	0.51	0.51	0	0	0.42
48900	0.42	0.51	0.51	0	0	0.42
49000	0.41	0.51	0.51	0	0	0.41
49100	0.41	0.51	0.51	0	0	0.41
49200	0.41	0.51	0.51	0	0	0.41
49300	0.41	0.52	0.52	0	0	0.41
49400	0.41	0.51	0.51	0	0	0.41
49500	0.41	0.51	0.51	0	0	0.41
49600	0.41	0.51	0.51	0	0	0.41
49700	0.43	0.51	0.51	0	0	0.43
49800	0.43	0.51	0.51	0	0	0.43
49900	0.43	0.51	0.51	0	0	0.43
50000	0.43	0.51	0.51	0	0	0.43
50100	0.43	0.51	0.51	0	0	0.43
50200	0.43	0.52	0.52	0	0	0.43
50300	0.43	0.52	0.52	0	0	0.43
50400	0.43	0.52	0.52	0	0	0.43
50500	0.43	0.52	0.52	0	0	0.43
50600	0.43	0.52	0.52	0	0	0.43
50700	0.43	0.52	0.52	0	0	0.43
50800	0.43	0.52	0.52	0	0	0.43
50900	0.43	0.52	0.52	0	0	0.43
51000	0.43	0.52	0.52	0	0	0.43
51100	0.43	0.52	0.52	0	0	0.43
51200	0.43	0.52	0.52	0	0	0.43
51300	0.43	0.52	0.52	0	0	0.43
51400	0.43	0.52	0.52	0	0	0.43
51500	0.43	0.52	0.52	0	0	0.43
51600	0.42	0.52	0.52	0	0	0.42
51700	0.42	0.52	0.52	0	0	0.42
51800	0.42	0.52	0.52	0	0	0.42
51900	0.42	0.52	0.52	0	0	0.42
52000	0.42	0.52	0.52	0	0	0.42
52100	0.42	0.52	0.52	0	0	0.42
52200	0.42	0.52	0.52	0	0	0.42
52300	0.42	0.52	0.52	0	0	0.42
52400	0.42	0.52	0.52	0	0	0.42
52500	0.42	0.52	0.52	0	0	0.42
52600	0.42	0.52	0.52	0	0	0.42
52700	0.42	0.52	0.52	0	0	0.42
52800	0.42	0.52	0.52	0	0	0.42
52900	0.42	0.52	0.52	0	0	0.42
53000	0.42	0.52	0.52	0	0	0.42
53100	0.42	0.52	0.52	0	0	0.42
53200	0.42	0.52	0.52	0	0	0.42
53300	0.42	0.52	0.52	0	0	0.42
53400	0.42	0.52	0.52	0	0	0.42
53500	0.42	0.52	0.52	0	0	0.42
53600	0.42	0.52	0.52	0	0	0.42
53700	0.41	0.52	0.52	0	0	0.41
53800	0.41	0.53	0.53	0	0	0.41
53900	0.42	0.53	0.53	0	0	0.42
54000	0.42	0.53	0.53	0	0	0.42
54100	0.42	0.53	0.53	0	0	0.42
54200	0.43	0.53	0.53	0	0	0.43
54300	0.43	0.53	0.53	0	0	0.43
54400	0.43	0.53	0.53	0	0	0.43
54500	0.43	0.53	0.53	0	0	0.43
54600	0.43	0.53	0.53	0	0	0.43
54700	0.43	0.53	0.53	0	0	0.43
54800	0.43	0.53	0.53	0	0	0.43
54900	0.43	0.53	0.53	0	0	0.43
55000	0.43	0.53	0.53	0	0	0.43
55100	0.43	0.53	0.53	0	0	0.43
55200	0.43	0.53	0.53	0	0	0.43
55300	0.43	0.53	0.53	0	0	0.43
55400	0.43	0.53	0.53	0	0	0.43
55500	0.43	0.53	0.53	0	0	0.43
55600	0.43	0.53	0.53	0	0	0.43
55700	0.43	0.53	0.53	0	0	0.43
55800	0.43	0.53	0.53	0	0	0.43
55900	0.43	0.53	0.53	0	0	0.43
56000	0.43	0.53	0.53	0	0	0.43
56100	0.43	0.53	0.53	0	0	0.43
56200	0.43	0.53	0.53	0	0	0.43
56300	0.44	0.53	0.53	0	0	0.44
56400	0.44	0.53	0.53	0	0	0.44
56500	0.44	0.53	0.53	0	0	0.44
56600	0.44	0.52	0.52	0	0	0.44
56700	0.44	0.52	0.52	0	0	0.44
56800	0.44	0.52	0.52	0	0	0.44
56900	0.44	0.52	0.52	0	0	0.44
57000	0.43	0.52	0.52	0	0	0.43
57100	0.43	0.52	0.52	0	0	0.43
57200	0.43	0.52	0.52	0	0	0.43
57300	0.43	0.52	0.52	0	0	0.43
57400	0.44	0.52	0.52	0	0	0.44
57500	0.44	0.52	0.52	0	0	0.44
57600	0.44	0.52	0.52	0	0	0.44
57700	0.44	0.52	0.52	0	0	0.44
57800	0.44	0.52	0.52	0	0	0.44
57900	0.44	0.52	0.52	0	0	0.44
58000	0.44	0.52	0.52	0	0	0.44
58100	0.44	0.52	0.52	0	0	0.44
58200	0.43	0.52	0.52	0	0	0.43
58300	0.43	0.51	0.51	0	0	0.43
58400	0.43	0.51	0.51	0	0	0.43
58500	0.43	0.51	0.51	0	0	0.43
58600	0.43	0.51	0.51	0	0	0.43
58700	0.43	0.51	0.51	0	0	0.43
58800	0.43	0.5	0.5	0	0	0.43
58900	0.43	0.5	0.5	0	0	0.43
59000	0.43	0.5	0.5	0	0	0.43
59100	0.43	0.5	0.5	0	0	0.43
59200	0.42	0.5	0.5	0	0	0.42
59300	0.42	0.5	0.5	0	0	0.42
59400	0.42	0.5	0.5	0	0	0.42
59500	0.42	0.5	0.5	0	0	0.42
59600	0.42	0.5	0.5	0	0	0.42
59700	0.42	0.5	0.5	0	0	0.42
59800	0.42	0.5	0.5	0	0	0.42
59900	0.42	0.5	0.5	0	0	0.42
60000	0.42	0.5	0.5	0	0	0.42
60100	0.42	0.5	0.5	0	0	0.42
60200	0.43	0.5	0.5	0	0	0.43
60300	0.43	0.5	0.5	0	0	0.43
60400	0.43	0.5	0.5	0	0	0.43
60500	0.43	0.5	0.5	0	0	0.43
60600	0.44	0.5	0.5	0	0	0.44
60700	0.44	0.5	0.5	0	0	0.44
60800	0.44	0.5	0.5	0	0	0.44
60900	0.44	0.5	0.5	0	0	0.44
61000	0.44	0.5	0.5	0	0	0.44
61100	0.44	0.5	0.5	0	0	0.44
61200	0.44	0.5	0.5	0	0	0.44
61300	0.44	0.5	0.5	0	0	0.44
61400	0.44	0.5	0.5	0	0	0.44
61500	0.44	0.5	0.5	0	0	0.44
61600	0.44	0.5	0.5	0	0	0.44
61700	0.44	0.5	0.5	0	0	0.44
61800	0.44	0.5	0.5	0	0	0.44
61900	0.44	0.5	0.5	0	0	0.44
62000	0.44	0.5	0.5	0	0	0.44
62100	0.44	0.5	0.5	0	0	0.44
62200	0.44	0.5	0.5	0	0	0.44
62300	0.44	0.5	0.5	0	0	0.44
62400	0.44	0.5	0.5	0	0	0.44
62500	0.44	0.5	0.5	0	0	0.44
62600	0.44	0.5	0.5	0	0	0.44
62700	0.43	0.5	0.5	0	0	0.43
62800	0.43	0.5	0.5	0	0	0.43
62900	0.43	0.5	0.5	0	0	0.43
63000	0.43	0.5	0.5	0	0	0.43
63100	0.43	0.5	0.5	0	0	0.43
63200	0.43	0.5	0.5	0	0	0.43
63300	0.43	0.5	0.5	0	0	0.43
63400	0.43	0.5	0.5	0	0	0.43
63500	0.43	0.5	0.5	0	0	0.43
63600	0.43	0.5	0.5	0	0	0.43
63700	0.43	0.5	0.5	0	0	0.43
63800	0.43	0.5	0.5	0	0	0.43
63900	0.43	0.5	0.5	0	0	0.43
64000	0.43	0.49	0.49	0	0	0.43
64100	0.44	0.49	0.49	0	0	0.44
64200	0.44	0.49	0.49	0	0	0.44
64300	0.44	0.49	0.49	0	0	0.44
64400	0.44	0.49	0.49	0	0	0.44
64500	0.44	0.49	0.49	0	0	0.44
64600	0.44	0.49	0.49	0	0	0.44
64700	0.44	0.49	0.49	0	0	0.44
64800	0.44	0.5	0.5	0	0	0.44
64900	0.44	0.5	0.5	0	0	0.44
65000	0.44	0.5	0.5	0	0	0.44
65100	0.44	0.5	0.5	0	0	0.44
65200	0.44	0.5	0.5	0	0	0.44
65300	0.44	0.5	0.5	0	0	0.44
65400	0.44	0.5	0.5	0	0	0.44
65500	0.44	0.5	0.5	0	0	0.44
65600	0.44	0.5	0.5	0	0	0.44
65700	0.44	0.5	0.5	0	0	0.44
65800	0.44	0.5	0.5	0	0	0.44
65900	0.44	0.5	0.5	0	0	0.44
66000	0.44	0.5	0.5	0	0	0.44
66100	0.43	0.49	0.49	0	0	0.43
66200	0.43	0.49	0.49	0	0	0.43
66300	0.43	0.48	0.48	0	0	0.43
66400	0.43	0.48	0.48	0	0	0.43
66500	0.43	0.48	0.48	0	0	0.43
66600	0.43	0.48	0.48	0	0	0.43
66700	0.43	0.48	0.48	0	0	0.43
66800	0.43	0.48	0.48	0	0	0.43
66900	0.43	0.48	0.48	0	0	0.43
67000	0.43	0.48	0.48	0	0	0.43
67100	0.43	0.48	0.48	0	0	0.43
67200	0.43	0.48	0.48	0	0	0.43
67300	0.43	0.49	0.49	0	0	0.43
67400	0.43	0.49	0.49	0	0	0.43
67500	0.43	0.49	0.49	0	0	0.43
67600	0.43	0.49	0.49	0	0	0.43
67700	0.43	0.49	0.49	0	0	0.43
67800	0.43	0.49	0.49	0	0	0.43
67900	0.43	0.49	0.49	0	0	0.43
68000	0.43	0.49	0.49	0	0	0.43
68100	0.43	0.5	0.5	0	0	0.43
68200	0.43	0.49	0.49	0	0	0.43
68300	0.43	0.49	0.49	0	0	0.43
68400	0.43	0.49	0.49	0	0	0.43
68500	0.43	0.5	0.5	0	0	0.43
68600	0.43	0.5	0.5	0	0	0.43
68700	0.43	0.5	0.5	0	0	0.43
68800	0.43	0.5	0.5	0	0	0.43
68900	0.43	0.5	0.5	0	0	0.43
69000	0.43	0.5	0.5	0	0	0.43
69100	0.43	0.5	0.5	0	0	0.43
69200	0.42	0.5	0.5	0	0	0.42
69300	0.42	0.5	0.5	0	0	0.42
69400	0.42	0.5	0.5	0	0	0.42
69500	0.42	0.5	0.5	0	0	0.42
69600	0.42	0.5	0.5	0	0	0.42
69700	0.42	0.5	0.5	0	0	0.42
69800	0.42	0.5	0.5	0	0	0.42
69900	0.42	0.5	0.5	0	0	0.42
70000	0.41	0.5	0.5	0	0	0.41
70100	0.41	0.5	0.5	0	0	0.41
70200	0.41	0.5	0.5	0	0	0.41
70300	0.41	0.5	0.5	0	0	0.41
70400	0.41	0.5	0.5	0	0	0.41
70500	0.41	0.5	0.5	0	0	0.41
70600	0.41	0.5	0.5	0	0	0.41
70700	0.41	0.5	0.5	0	0	0.41
70800	0.41	0.5	0.5	0	0	0.41
70900	0.41	0.5	0.5	0	0	0.41
71000	0.41	0.5	0.5	0	0	0.41
71100	0.41	0.5	0.5	0	0	0.41
71200	0.41	0.5	0.5	0	0	0.41
71300	0.41	0.5	0.5	0	0	0.41
71400	0.41	0.5	0.5	0	0	0.41
71500	0.41	0.5	0.5	0	0	0.41
71600	0.41	0.5	0.5	0	0	0.41
71700	0.41	0.5	0.5	0	0	0.41
71800	0.41	0.5	0.5	0	0	0.41
71900	0.41	0.51	0.51	0	0	0.41
72000	0.39	0.51	0.51	0	0	0.39
72100	0.39	0.51	0.51	0	0	0.39
72200	0.39	0.51	0.51	0	0	0.39
72300	0.39	0.51	0.51	0	0	0.39
72400	0.39	0.51	0.51	0	0	0.39
72500	0.39	0.51	0.51	0	0	0.39
72600	0.4	0.51	0.51	0	0	0.4
72700	0.4	0.51	0.51	0	0	0.4
72800	0.4	0.51	0.51	0	0	0.4
72900	0.4	0.51	0.51	0	0	0.4
73000	0.4	0.51	0.51	0	0	0.4
73100	0.4	0.51	0.51	0	0	0.4
73200	0.4	0.51	0.51	0	0	0.4
73300	0.4	0.51	0.51	0	0	0.4
73400	0.4	0.51	0.51	0	0	0.4
73500	0.4	0.51	0.51	0	0	0.4
73600	0.4	0.51	0.51	0	0	0.4
73700	0.4	0.51	0.51	0	0	0.4
73800	0.4	0.51	0.51	0	0	0.4
73900	0.4	0.51	0.51	0	0	0.4
74000	0.4	0.51	0.51	0	0	0.4
74100	0.4	0.51	0.51	0	0	0.4
74200	0.4	0.51	0.51	0	0	0.4
74300	0.4	0.51	0.51	0	0	0.4
74400	0.4	0.52	0.52	0	0	0.4
74500	0.4	0.52	0.52	0	0	0.4
74600	0.4	0.52	0.52	0	0	0.4
74700	0.4	0.52	0.52	0	0	0.4
74800	0.4	0.52	0.52	0	0	0.4
74900	0.4	0.52	0.52	0	0	0.4
75000	0.41	0.52	0.52	0	0	0.41
75100	0.41	0.52	0.52	0	0	0.41
75200	0.41	0.52	0.52	0	0	0.41
75300	0.41	0.52	0.52	0	0	0.41
75400	0.41	0.52	0.52	0	0	0.41
75500	0.41	0.52	0.52	0	0	0.41
75600	0.41	0.52	0.52	0	0	0.41
75700	0.41	0.52	0.52	0	0	0.41
75800	0.41	0.52	0.52	0	0	0.41
75900	0.42	0.52	0.52	0	0	0.42
76000	0.42	0.51	0.51	0	0	0.42
76100	0.42	0.51	0.51	0	0	0.42
76200	0.42	0.51	0.51	0	0	0.42
76300	0.42	0.51	0.51	0	0	0.42
76400	0.42	0.51	0.51	0	0	0.42
76500	0.42	0.51	0.51	0	0	0.42
76600	0.42	0.51	0.51	0	0	0.42
76700	0.42	0.51	0.51	0	0	0.42
76800	0.41	0.5	0.5	0	0	0.41
76900	0.41	0.5	0.5	0	0	0.41
77000	0.4	0.5	0.5	0	0	0.4
77100	0.4	0.5	0.5	0	0	0.4
77200	0.4	0.5	0.5	0	0	0.4
77300	0.4	0.5	0.5	0	0	0.4
77400	0.4	0.5	0.5	0	0	0.4
77500	0.4	0.5	0.5	0	0	0.4
77600	0.4	0.5	0.5	0	0	0.4
77700	0.4	0.51	0.51	0	0	0.4
77800	0.41	0.51	0.51	0	0	0.41
77900	0.41	0.51	0.51	0	0	0.41
78000	0.41	0.52	0.52	0	0	0.41
78100	0.41	0.52	0.52	0	0	0.41
78200	0.41	0.52	0.52	0	0	0.41
78300	0.41	0.51	0.51	0	0	0.41
78400	0.41	0.51	0.51	0	0	0.41
78500	0.41	0.52	0.52	0	0	0.41
78600	0.41	0.52	0.52	0	0	0.41
78700	0.41	0.52	0.52	0	0	0.41
78800	0.41	0.52	0.52	0	0	0.41
78900	0.41	0.52	0.52	0	0	0.41
79000	0.41	0.52	0.52	0	0	0.41
79100	0.41	0.52	0.52	0	0	0.41
79200	0.41	0.52	0.52	0	0	0.41
79300	0.41	0.52	0.52	0	0	0.41
79400	0.41	0.52	0.52	0	0	0.41
79500	0.41	0.52	0.52	0	0	0.41
79600	0.4	0.52	0.52	0	0	0.4
79700	0.4	0.52	0.52	0	0	0.4
79800	0.4	0.52	0.52	0	0	0.4
79900	0.4	0.52	0.52	0	0	0.4
80000	0.39	0.52	0.52	0	0	0.39
80100	0.39	0.52	0.52	0	0	0.39
80200	0.39	0.52	0.52	0	0	0.39
80300	0.39	0.52	0.52	0	0	0.39
80400	0.39	0.51	0.51	0	0	0.39
80500	0.4	0.51	0.51	0	0	0.4
80600	0.39	0.51	0.51	0	0	0.39
80700	0.39	0.51	0.51	0	0	0.39
80800	0.39	0.52	0.52	0	0	0.39
80900	0.39	0.51	0.51	0	0	0.39
81000	0.39	0.51	0.51	0	0	0.39
81100	0.4	0.51	0.51	0	0	0.4
81200	0.4	0.51	0.51	0	0	0.4
81300	0.4	0.51	0.51	0	0	0.4
81400	0.4	0.51	0.51	0	0	0.4
81500	0.4	0.51	0.51	0	0	0.4
81600	0.4	0.51	0.51	0	0	0.4
81700	0.4	0.51	0.51	0	0	0.4
81800	0.4	0.51	0.51	0	0	0.4
81900	0.39	0.51	0.51	0	0	0.39
82000	0.39	0.51	0.51	0	0	0.39
82100	0.39	0.51	0.51	0	0	0.39
82200	0.39	0.52	0.52	0	0	0.39
82300	0.39	0.52	0.52	0	0	0.39
82400	0.39	0.52	0.52	0	0	0.39
82500	0.39	0.52	0.52	0	0	0.39
82600	0.38	0.52	0.52	0	0	0.38
82700	0.37	0.52	0.52	0	0	0.37
82800	0.37	0.52	0.52	0	0	0.37
82900	0.37	0.52	0.52	0	0	0.37
83000	0.37	0.52	0.52	0	0	0.37
83100	0.37	0.52	0.52	0	0	0.37
83200	0.37	0.52	0.52	0	0	0.37
83300	0.37	0.53	0.53	0	0	0.37
83400	0.37	0.53	0.53	0	0	0.37
83500	0.37	0.53	0.53	0	0	0.37
83600	0.37	0.53	0.53	0	0	0.37
83700	0.37	0.53	0.53	0	0	0.37
83800	0.37	0.53	0.53	0	0	0.37
83900	0.37	0.53	0.53	0	0	0.37
84000	0.37	0.53	0.53	0	0	0.37
84100	0.37	0.53	0.53	0	0	0.37
84200	0.37	0.53	0.53	0	0	0.37
84300	0.37	0.53	0.53	0	0	0.37
84400	0.37	0.53	0.53	0	0	0.37
84500	0.37	0.52	0.52	0	0	0.37
84600	0.37	0.52	0.52	0	0	0.37
84700	0.37	0.52	0.52	0	0	0.37
84800	0.37	0.52	0.52	0	0	0.37
84900	0.37	0.52	0.52	0	0	0.37
85000	0.37	0.52	0.52	0	0	0.37
85100	0.37	0.52	0.52	0	0	0.37
85200	0.37	0.52	0.52	0	0	0.37
85300	0.37	0.52	0.52	0	0	0.37
85400	0.37	0.52	0.52	0	0	0.37
85500	0.37	0.52	0.52	0	0	0.37
85600	0.37	0.52	0.52	0	0	0.37
85700	0.37	0.52	0.52	0	0	0.37
85800	0.38	0.52	0.52	0	0	0.38
85900	0.38	0.52	0.52	0	0	0.38
86000	0.38	0.52	0.52	0	0	0.38
86100	0.38	0.52	0.52	0	0	0.38
86200	0.38	0.52	0.52	0	0	0.38
86300	0.38	0.52	0.52	0	0	0.38
86400	0.38	0.53	0.53	0	0	0.38
86500	0.38	0.53	0.53	0	0	0.38
86600	0.38	0.53	0.53	0	0	0.38
86700	0.38	0.53	0.53	0	0	0.38
86800	0.38	0.55	0.55	0	0	0.38
86900	0.38	0.54	0.54	0	0	0.38
87000	0.38	0.53	0.53	0	0	0.38
87100	0.38	0.53	0.53	0	0	0.38
87200	0.38	0.53	0.53	0	0	0.38
87300	0.38	0.53	0.53	0	0	0.38
87400	0.38	0.53	0.53	0	0	0.38
87500	0.38	0.53	0.53	0	0	0.38
87600	0.38	0.53	0.53	0	0	0.38
87700	0.38	0.53	0.53	0	0	0.38
87800	0.38	0.53	0.53	0	0	0.38
87900	0.38	0.53	0.53	0	0	0.38
88000	0.38	0.53	0.53	0	0	0.38
88100	0.38	0.53	0.53	0	0	0.38
88200	0.38	0.53	0.53	0	0	0.38
88300	0.38	0.53	0.53	0	0	0.38
88400	0.38	0.53	0.53	0	0	0.38
88500	0.38	0.53	0.53	0	0	0.38
88600	0.38	0.53	0.53	0	0	0.38
88700	0.38	0.53	0.53	0	0	0.38
88800	0.38	0.53	0.53	0	0	0.38
88900	0.38	0.53	0.53	0	0	0.38
89000	0.38	0.53	0.53	0	0	0.38
89100	0.38	0.53	0.53	0	0	0.38
89200	0.38	0.53	0.53	0	0	0.38
89300	0.38	0.53	0.53	0	0	0.38
89400	0.38	0.53	0.53	0	0	0.38
89500	0.38	0.53	0.53	0	0	0.38
89600	0.38	0.53	0.53	0	0	0.38
89700	0.38	0.53	0.53	0	0	0.38
89800	0.38	0.53	0.53	0	0	0.38
89900	0.38	0.53	0.53	0	0	0.38
90000	0.38	0.53	0.53	0	0	0.38
90100	0.38	0.53	0.53	0	0	0.38
90200	0.38	0.53	0.53	0	0	0.38
90300	0.38	0.53	0.53	0	0	0.38
90400	0.38	0.53	0.53	0	0	0.38
90500	0.38	0.53	0.53	0	0	0.38
90600	0.38	0.53	0.53	0	0	0.38
90700	0.38	0.53	0.53	0	0	0.38
90800	0.39	0.53	0.53	0	0	0.39
90900	0.38	0.53	0.53	0	0	0.38
91000	0.38	0.53	0.53	0	0	0.38
91100	0.38	0.53	0.53	0	0	0.38
91200	0.38	0.53	0.53	0	0	0.38
91300	0.38	0.53	0.53	0	0	0.38
91400	0.38	0.53	0.53	0	0	0.38
91500	0.38	0.53	0.53	0	0	0.38
91600	0.38	0.53	0.53	0	0	0.38
91700	0.38	0.53	0.53	0	0	0.38
91800	0.38	0.53	0.53	0	0	0.38
91900	0.38	0.53	0.53	0	0	0.38
92000	0.38	0.53	0.53	0	0	0.38
92100	0.38	0.53	0.53	0	0	0.38
92200	0.38	0.53	0.53	0	0	0.38
92300	0.38	0.53	0.53	0	0	0.38
92400	0.38	0.53	0.53	0	0	0.38
92500	0.39	0.54	0.54	0	0	0.39
92600	0.39	0.54	0.54	0	0	0.39
92700	0.39	0.55	0.55	0	0	0.39
92800	0.39	0.54	0.54	0	0	0.39
92900	0.39	0.53	0.53	0	0	0.39
93000	0.39	0.53	0.53	0	0	0.39
93100	0.39	0.52	0.52	0	0	0.39
93200	0.39	0.52	0.52	0	0	0.39
93300	0.39	0.52	0.52	0	0	0.39
93400	0.39	0.51	0.51	0	0	0.39
93500	0.39	0.51	0.51	0	0	0.39
93600	0.39	0.51	0.51	0	0	0.39
93700	0.39	0.5	0.5	0	0	0.39
93800	0.39	0.5	0.5	0	0	0.39
93900	0.39	0.5	0.5	0	0	0.39
94000	0.39	0.5	0.5	0	0	0.39
94100	0.39	0.5	0.5	0	0	0.39
94200	0.39	0.49	0.49	0	0	0.39
94300	0.38	0.49	0.49	0	0	0.38
94400	0.38	0.49	0.49	0	0	0.38
94500	0.38	0.49	0.49	0	0	0.38
94600	0.38	0.49	0.49	0	0	0.38
94700	0.38	0.49	0.49	0	0	0.38
94800	0.38	0.49	0.49	0	0	0.38
94900	0.38	0.49	0.49	0	0	0.38
95000	0.38	0.49	0.49	0	0	0.38
95100	0.38	0.48	0.48	0	0	0.38
95200	0.38	0.48	0.48	0	0	0.38
95300	0.38	0.49	0.49	0	0	0.38
95400	0.38	0.49	0.49	0	0	0.38
95500	0.38	0.49	0.49	0	0	0.38
95600	0.38	0.49	0.49	0	0	0.38
95700	0.38	0.49	0.49	0	0	0.38
95800	0.38	0.49	0.49	0	0	0.38
95900	0.38	0.49	0.49	0	0	0.38
96000	0.38	0.49	0.49	0	0	0.38
96100	0.38	0.49	0.49	0	0	0.38
96200	0.38	0.49	0.49	0	0	0.38
96300	0.38	0.49	0.49	0	0	0.38
96400	0.38	0.49	0.49	0	0	0.38
96500	0.38	0.5	0.5	0	0	0.38
96600	0.38	0.5	0.5	0	0	0.38
96700	0.38	0.52	0.52	0	0	0.38
96800	0.38	0.52	0.52	0	0	0.38
96900	0.38	0.52	0.52	0	0	0.38
97000	0.38	0.52	0.52	0	0	0.38
97100	0.38	0.54	0.54	0	0	0.38
97200	0.37	0.54	0.54	0	0	0.37
97300	0.37	0.54	0.54	0	0	0.37
97400	0.37	0.54	0.54	0	0	0.37
97500	0.37	0.54	0.54	0	0	0.37
97600	0.37	0.53	0.53	0	0	0.37
97700	0.37	0.53	0.53	0	0	0.37
97800	0.37	0.53	0.53	0	0	0.37
97900	0.37	0.53	0.53	0	0	0.37
98000	0.37	0.53	0.53	0	0	0.37
98100	0.36	0.53	0.53	0	0	0.36
98200	0.36	0.53	0.53	0	0	0.36
98300	0.36	0.54	0.54	0	0	0.36
98400	0.36	0.54	0.54	0	0	0.36
98500	0.36	0.54	0.54	0	0	0.36
98600	0.36	0.54	0.54	0	0	0.36
98700	0.36	0.54	0.54	0	0	0.36
98800	0.36	0.54	0.54	0	0	0.36
98900	0.36	0.55	0.55	0	0	0.36
99000	0.36	0.55	0.55	0	0	0.36
99100	0.36	0.55	0.55	0	0	0.36
99200	0.36	0.55	0.55	0	0	0.36
99300	0.36	0.55	0.55	0	0	0.36
99400	0.36	0.55	0.55	0	0	0.36
99500	0.36	0.54	0.54	0	0	0.36
99600	0.36	0.54	0.54	0	0	0.36
99700	0.36	0.54	0.54	0	0	0.36
99800	0.36	0.54	0.54	0	0	0.36
99900	0.36	0.54	0.54	0	0	0.36
100000	0.37	0.54	0.54	0	0	0.37
