100	0.07	0.18	0.18	0	0	0.07
200	0.09	0.2	0.2	0	0	0.09
300	0.11	0.2	0.2	0	0	0.11
400	0.1	0.2	0.2	0	0	0.1
500	0.12	0.2	0.2	0	0	0.12
600	0.16	0.2	0.2	0	0	0.16
700	0.17	0.2	0.2	0	0	0.17
800	0.17	0.2	0.2	0	0	0.17
900	0.19	0.21	0.21	0	0	0.19
1000	0.2	0.21	0.21	0	0	0.2
1100	0.2	0.23	0.23	0	0	0.2
1200	0.21	0.24	0.24	0	0	0.21
1300	0.22	0.25	0.25	0	0	0.22
1400	0.22	0.25	0.25	0	0	0.22
1500	0.22	0.27	0.27	0	0	0.22
1600	0.22	0.27	0.27	0	0	0.22
1700	0.24	0.27	0.27	0	0	0.24
1800	0.26	0.27	0.27	0	0	0.26
1900	0.26	0.28	0.28	0	0	0.26
2000	0.26	0.29	0.29	0	0	0.26
2100	0.27	0.3	0.3	0	0	0.27
2200	0.3	0.31	0.31	0	0	0.3
2300	0.3	0.33	0.33	0	0	0.3
2400	0.29	0.33	0.33	0	0	0.29
2500	0.3	0.34	0.34	0	0	0.3
2600	0.3	0.34	0.34	0	0	0.3
2700	0.31	0.34	0.34	0	0	0.31
2800	0.31	0.34	0.34	0	0	0.31
2900	0.31	0.34	0.34	0	0	0.31
3000	0.31	0.34	0.34	0	0	0.31
3100	0.31	0.34	0.34	0	0	0.31
3200	0.31	0.35	0.35	0	0	0.31
3300	0.33	0.35	0.35	0	0	0.33
3400	0.32	0.35	0.35	0	0	0.32
3500	0.32	0.36	0.36	0	0	0.32
3600	0.32	0.38	0.38	0	0	0.32
3700	0.32	0.38	0.38	0	0	0.32
3800	0.32	0.38	0.38	0	0	0.32
3900	0.33	0.38	0.38	0	0	0.33
4000	0.33	0.38	0.38	0	0	0.33
4100	0.34	0.38	0.38	0	0	0.34
4200	0.33	0.37	0.37	0	0	0.33
4300	0.34	0.37	0.37	0	0	0.34
4400	0.33	0.38	0.38	0	0	0.33
4500	0.33	0.38	0.38	0	0	0.33
4600	0.32	0.38	0.38	0	0	0.32
4700	0.33	0.38	0.38	0	0	0.33
4800	0.34	0.39	0.39	0	0	0.34
4900	0.34	0.39	0.39	0	0	0.34
5000	0.34	0.39	0.39	0	0	0.34
5100	0.34	0.4	0.4	0	0	0.34
5200	0.35	0.4	0.4	0	0	0.35
5300	0.35	0.4	0.4	0	0	0.35
5400	0.35	0.41	0.41	0	0	0.35
5500	0.35	0.41	0.41	0	0	0.35
5600	0.35	0.42	0.42	0	0	0.35
5700	0.35	0.42	0.42	0	0	0.35
5800	0.35	0.42	0.42	0	0	0.35
5900	0.35	0.44	0.44	0	0	0.35
6000	0.33	0.43	0.43	0	0	0.33
6100	0.31	0.43	0.43	0	0	0.31
6200	0.31	0.43	0.43	0	0	0.31
6300	0.31	0.44	0.44	0	0	0.31
6400	0.31	0.44	0.44	0	0	0.31
6500	0.32	0.45	0.45	0	0	0.32
6600	0.32	0.46	0.46	0	0	0.32
6700	0.33	0.47	0.47	0	0	0.33
6800	0.33	0.47	0.47	0	0	0.33
6900	0.32	0.48	0.48	0	0	0.32
7000	0.32	0.48	0.48	0	0	0.32
7100	0.32	0.48	0.48	0	0	0.32
7200	0.32	0.48	0.48	0	0	0.32
7300	0.32	0.48	0.48	0	0	0.32
7400	0.34	0.48	0.48	0	0	0.34
7500	0.34	0.48	0.48	0	0	0.34
7600	0.34	0.48	0.48	0	0	0.34
7700	0.34	0.49	0.49	0	0	0.34
7800	0.34	0.47	0.47	0	0	0.34
7900	0.34	0.47	0.47	0	0	0.34
8000	0.33	0.46	0.46	0	0	0.33
8100	0.32	0.46	0.46	0	0	0.32
8200	0.32	0.46	0.46	0	0	0.32
8300	0.32	0.46	0.46	0	0	0.32
8400	0.32	0.46	0.46	0	0	0.32
8500	0.32	0.46	0.46	0	0	0.32
8600	0.32	0.46	0.46	0	0	0.32
8700	0.33	0.46	0.46	0	0	0.33
8800	0.33	0.46	0.46	0	0	0.33
8900	0.33	0.46	0.46	0	0	0.33
9000	0.33	0.47	0.47	0	0	0.33
9100	0.33	0.48	0.48	0	0	0.33
9200	0.33	0.48	0.48	0	0	0.33
9300	0.33	0.48	0.48	0	0	0.33
9400	0.33	0.48	0.48	0	0	0.33
9500	0.33	0.49	0.49	0	0	0.33
9600	0.34	0.49	0.49	0	0	0.34
9700	0.34	0.49	0.49	0	0	0.34
9800	0.34	0.48	0.48	0	0	0.34
9900	0.34	0.48	0.48	0	0	0.34
10000	0.34	0.48	0.48	0	0	0.34
10100	0.35	0.47	0.47	0	0	0.35
10200	0.35	0.47	0.47	0	0	0.35
10300	0.35	0.48	0.48	0	0	0.35
10400	0.35	0.48	0.48	0	0	0.35
10500	0.35	0.48	0.48	0	0	0.35
10600	0.35	0.48	0.48	0	0	0.35
10700	0.35	0.48	0.48	0	0	0.35
10800	0.35	0.48	0.48	0	0	0.35
10900	0.35	0.49	0.49	0	0	0.35
11000	0.35	0.5	0.5	0	0	0.35
11100	0.36	0.5	0.5	0	0	0.36
11200	0.36	0.5	0.5	0	0	0.36
11300	0.36	0.48	0.48	0	0	0.36
11400	0.36	0.48	0.48	0	0	0.36
11500	0.37	0.48	0.48	0	0	0.37
11600	0.37	0.47	0.47	0	0	0.37
11700	0.37	0.47	0.47	0	0	0.37
11800	0.37	0.47	0.47	0	0	0.37
11900	0.37	0.48	0.48	0	0	0.37
12000	0.38	0.48	0.48	0	0	0.38
12100	0.38	0.48	0.48	0	0	0.38
12200	0.37	0.48	0.48	0	0	0.37
12300	0.36	0.48	0.48	0	0	0.36
12400	0.37	0.48	0.48	0	0	0.37
12500	0.37	0.48	0.48	0	0	0.37
12600	0.37	0.48	0.48	0	0	0.37
12700	0.38	0.48	0.48	0	0	0.38
12800	0.38	0.48	0.48	0	0	0.38
12900	0.38	0.49	0.49	0	0	0.38
13000	0.36	0.49	0.49	0	0	0.36
13100	0.36	0.49	0.49	0	0	0.36
13200	0.36	0.49	0.49	0	0	0.36
13300	0.36	0.49	0.49	0	0	0.36
13400	0.36	0.49	0.49	0	0	0.36
13500	0.36	0.49	0.49	0	0	0.36
13600	0.36	0.49	0.49	0	0	0.36
13700	0.36	0.5	0.5	0	0	0.36
13800	0.36	0.49	0.49	0	0	0.36
13900	0.37	0.49	0.49	0	0	0.37
14000	0.37	0.48	0.48	0	0	0.37
14100	0.37	0.48	0.48	0	0	0.37
14200	0.37	0.48	0.48	0	0	0.37
14300	0.37	0.49	0.49	0	0	0.37
14400	0.37	0.49	0.49	0	0	0.37
14500	0.37	0.5	0.5	0	0	0.37
14600	0.37	0.49	0.49	0	0	0.37
14700	0.37	0.49	0.49	0	0	0.37
14800	0.37	0.48	0.48	0	0	0.37
14900	0.37	0.47	0.47	0	0	0.37
15000	0.38	0.47	0.47	0	0	0.38
15100	0.38	0.47	0.47	0	0	0.38
15200	0.38	0.47	0.47	0	0	0.38
15300	0.38	0.47	0.47	0	0	0.38
15400	0.39	0.47	0.47	0	0	0.39
15500	0.39	0.47	0.47	0	0	0.39
15600	0.39	0.47	0.47	0	0	0.39
15700	0.39	0.47	0.47	0	0	0.39
15800	0.39	0.47	0.47	0	0	0.39
15900	0.39	0.47	0.47	0	0	0.39
16000	0.39	0.46	0.46	0	0	0.39
16100	0.39	0.45	0.45	0	0	0.39
16200	0.39	0.45	0.45	0	0	0.39
16300	0.39	0.44	0.44	0	0	0.39
16400	0.39	0.44	0.44	0	0	0.39
16500	0.39	0.44	0.44	0	0	0.39
16600	0.39	0.44	0.44	0	0	0.39
16700	0.39	0.44	0.44	0	0	0.39
16800	0.39	0.44	0.44	0	0	0.39
16900	0.39	0.44	0.44	0	0	0.39
17000	0.39	0.44	0.44	0	0	0.39
17100	0.39	0.44	0.44	0	0	0.39
17200	0.39	0.44	0.44	0	0	0.39
17300	0.39	0.45	0.45	0	0	0.39
17400	0.39	0.45	0.45	0	0	0.39
17500	0.39	0.45	0.45	0	0	0.39
17600	0.39	0.45	0.45	0	0	0.39
17700	0.4	0.45	0.45	0	0	0.4
17800	0.4	0.45	0.45	0	0	0.4
17900	0.4	0.45	0.45	0	0	0.4
18000	0.4	0.45	0.45	0	0	0.4
18100	0.39	0.45	0.45	0	0	0.39
18200	0.4	0.45	0.45	0	0	0.4
18300	0.39	0.45	0.45	0	0	0.39
18400	0.39	0.45	0.45	0	0	0.39
18500	0.39	0.46	0.46	0	0	0.39
18600	0.39	0.46	0.46	0	0	0.39
18700	0.4	0.46	0.46	0	0	0.4
18800	0.4	0.46	0.46	0	0	0.4
18900	0.4	0.46	0.46	0	0	0.4
19000	0.4	0.46	0.46	0	0	0.4
19100	0.4	0.46	0.46	0	0	0.4
19200	0.4	0.46	0.46	0	0	0.4
19300	0.4	0.46	0.46	0	0	0.4
19400	0.39	0.46	0.46	0	0	0.39
19500	0.39	0.47	0.47	0	0	0.39
19600	0.39	0.47	0.47	0	0	0.39
19700	0.38	0.47	0.47	0	0	0.38
19800	0.38	0.47	0.47	0	0	0.38
19900	0.38	0.47	0.47	0	0	0.38
20000	0.38	0.47	0.47	0	0	0.38
20100	0.38	0.48	0.48	0	0	0.38
20200	0.38	0.49	0.49	0	0	0.38
20300	0.38	0.49	0.49	0	0	0.38
20400	0.39	0.49	0.49	0	0	0.39
20500	0.38	0.49	0.49	0	0	0.38
20600	0.38	0.49	0.49	0	0	0.38
20700	0.38	0.49	0.49	0	0	0.38
20800	0.38	0.49	0.49	0	0	0.38
20900	0.37	0.49	0.49	0	0	0.37
21000	0.37	0.49	0.49	0	0	0.37
21100	0.37	0.49	0.49	0	0	0.37
21200	0.37	0.49	0.49	0	0	0.37
21300	0.38	0.48	0.48	0	0	0.38
21400	0.38	0.48	0.48	0	0	0.38
21500	0.38	0.48	0.48	0	0	0.38
21600	0.38	0.48	0.48	0	0	0.38
21700	0.38	0.48	0.48	0	0	0.38
21800	0.38	0.49	0.49	0	0	0.38
21900	0.39	0.49	0.49	0	0	0.39
22000	0.39	0.49	0.49	0	0	0.39
22100	0.39	0.49	0.49	0	0	0.39
22200	0.39	0.49	0.49	0	0	0.39
22300	0.4	0.49	0.49	0	0	0.4
22400	0.4	0.49	0.49	0	0	0.4
22500	0.41	0.5	0.5	0	0	0.41
22600	0.41	0.5	0.5	0	0	0.41
22700	0.41	0.51	0.51	0	0	0.41
22800	0.41	0.51	0.51	0	0	0.41
22900	0.41	0.51	0.51	0	0	0.41
23000	0.41	0.5	0.5	0	0	0.41
23100	0.41	0.48	0.48	0	0	0.41
23200	0.41	0.48	0.48	0	0	0.41
23300	0.41	0.48	0.48	0	0	0.41
23400	0.41	0.48	0.48	0	0	0.41
23500	0.41	0.48	0.48	0	0	0.41
23600	0.4	0.49	0.49	0	0	0.4
23700	0.4	0.49	0.49	0	0	0.4
23800	0.39	0.49	0.49	0	0	0.39
23900	0.39	0.49	0.49	0	0	0.39
24000	0.39	0.49	0.49	0	0	0.39
24100	0.39	0.49	0.49	0	0	0.39
24200	0.39	0.49	0.49	0	0	0.39
24300	0.39	0.49	0.49	0	0	0.39
24400	0.39	0.48	0.48	0	0	0.39
24500	0.39	0.49	0.49	0	0	0.39
24600	0.39	0.49	0.49	0	0	0.39
24700	0.39	0.48	0.48	0	0	0.39
24800	0.39	0.48	0.48	0	0	0.39
24900	0.39	0.48	0.48	0	0	0.39
25000	0.39	0.48	0.48	0	0	0.39
25100	0.39	0.49	0.49	0	0	0.39
25200	0.39	0.48	0.48	0	0	0.39
25300	0.39	0.48	0.48	0	0	0.39
25400	0.4	0.49	0.49	0	0	0.4
25500	0.4	0.49	0.49	0	0	0.4
25600	0.4	0.49	0.49	0	0	0.4
25700	0.4	0.49	0.49	0	0	0.4
25800	0.4	0.49	0.49	0	0	0.4
25900	0.4	0.5	0.5	0	0	0.4
26000	0.4	0.51	0.51	0	0	0.4
26100	0.4	0.5	0.5	0	0	0.4
26200	0.4	0.5	0.5	0	0	0.4
26300	0.4	0.5	0.5	0	0	0.4
26400	0.4	0.5	0.5	0	0	0.4
26500	0.4	0.5	0.5	0	0	0.4
26600	0.41	0.5	0.5	0	0	0.41
26700	0.41	0.5	0.5	0	0	0.41
26800	0.41	0.5	0.5	0	0	0.41
26900	0.41	0.5	0.5	0	0	0.41
27000	0.41	0.5	0.5	0	0	0.41
27100	0.41	0.5	0.5	0	0	0.41
27200	0.41	0.5	0.5	0	0	0.41
27300	0.41	0.5	0.5	0	0	0.41
27400	0.41	0.5	0.5	0	0	0.41
27500	0.4	0.5	0.5	0	0	0.4
27600	0.4	0.5	0.5	0	0	0.4
27700	0.39	0.49	0.49	0	0	0.39
27800	0.39	0.5	0.5	0	0	0.39
27900	0.39	0.5	0.5	0	0	0.39
28000	0.39	0.5	0.5	0	0	0.39
28100	0.39	0.5	0.5	0	0	0.39
28200	0.39	0.5	0.5	0	0	0.39
28300	0.39	0.5	0.5	0	0	0.39
28400	0.39	0.5	0.5	0	0	0.39
28500	0.39	0.51	0.51	0	0	0.39
28600	0.39	0.51	0.51	0	0	0.39
28700	0.39	0.51	0.51	0	0	0.39
28800	0.39	0.51	0.51	0	0	0.39
28900	0.39	0.51	0.51	0	0	0.39
29000	0.39	0.51	0.51	0	0	0.39
29100	0.4	0.51	0.51	0	0	0.4
29200	0.4	0.51	0.51	0	0	0.4
29300	0.4	0.51	0.51	0	0	0.4
29400	0.4	0.51	0.51	0	0	0.4
29500	0.4	0.51	0.51	0	0	0.4
29600	0.4	0.51	0.51	0	0	0.4
29700	0.4	0.51	0.51	0	0	0.4
29800	0.4	0.51	0.51	0	0	0.4
29900	0.41	0.51	0.51	0	0	0.41
30000	0.41	0.51	0.51	0	0	0.41
30100	0.41	0.5	0.5	0	0	0.41
30200	0.41	0.5	0.5	0	0	0.41
30300	0.41	0.5	0.5	0	0	0.41
30400	0.41	0.49	0.49	0	0	0.41
30500	0.41	0.49	0.49	0	0	0.41
30600	0.41	0.49	0.49	0	0	0.41
30700	0.41	0.49	0.49	0	0	0.41
30800	0.41	0.5	0.5	0	0	0.41
30900	0.41	0.5	0.5	0	0	0.41
31000	0.41	0.5	0.5	0	0	0.41
31100	0.41	0.5	0.5	0	0	0.41
31200	0.41	0.5	0.5	0	0	0.41
31300	0.41	0.51	0.51	0	0	0.41
31400	0.41	0.51	0.51	0	0	0.41
31500	0.4	0.51	0.51	0	0	0.4
31600	0.4	0.51	0.51	0	0	0.4
31700	0.4	0.51	0.51	0	0	0.4
31800	0.4	0.51	0.51	0	0	0.4
31900	0.4	0.51	0.51	0	0	0.4
32000	0.4	0.51	0.51	0	0	0.4
32100	0.4	0.51	0.51	0	0	0.4
32200	0.4	0.51	0.51	0	0	0.4
32300	0.4	0.5	0.5	0	0	0.4
32400	0.4	0.5	0.5	0	0	0.4
32500	0.4	0.5	0.5	0	0	0.4
32600	0.4	0.5	0.5	0	0	0.4
32700	0.4	0.5	0.5	0	0	0.4
32800	0.4	0.5	0.5	0	0	0.4
32900	0.4	0.5	0.5	0	0	0.4
33000	0.4	0.5	0.5	0	0	0.4
33100	0.4	0.51	0.51	0	0	0.4
33200	0.4	0.51	0.51	0	0	0.4
33300	0.4	0.52	0.52	0	0	0.4
33400	0.4	0.52	0.52	0	0	0.4
33500	0.41	0.52	0.52	0	0	0.41
33600	0.41	0.52	0.52	0	0	0.41
33700	0.4	0.51	0.51	0	0	0.4
33800	0.4	0.52	0.52	0	0	0.4
33900	0.4	0.51	0.51	0	0	0.4
34000	0.4	0.51	0.51	0	0	0.4
34100	0.4	0.5	0.5	0	0	0.4
34200	0.4	0.5	0.5	0	0	0.4
34300	0.39	0.5	0.5	0	0	0.39
34400	0.39	0.5	0.5	0	0	0.39
34500	0.39	0.5	0.5	0	0	0.39
34600	0.39	0.5	0.5	0	0	0.39
34700	0.39	0.5	0.5	0	0	0.39
34800	0.39	0.51	0.51	0	0	0.39
34900	0.39	0.5	0.5	0	0	0.39
35000	0.39	0.5	0.5	0	0	0.39
35100	0.39	0.5	0.5	0	0	0.39
35200	0.39	0.5	0.5	0	0	0.39
35300	0.39	0.5	0.5	0	0	0.39
35400	0.39	0.5	0.5	0	0	0.39
35500	0.39	0.5	0.5	0	0	0.39
35600	0.39	0.51	0.51	0	0	0.39
35700	0.39	0.51	0.51	0	0	0.39
35800	0.39	0.51	0.51	0	0	0.39
35900	0.39	0.51	0.51	0	0	0.39
36000	0.4	0.51	0.51	0	0	0.4
36100	0.4	0.51	0.51	0	0	0.4
36200	0.4	0.51	0.51	0	0	0.4
36300	0.4	0.51	0.51	0	0	0.4
36400	0.4	0.51	0.51	0	0	0.4
36500	0.4	0.51	0.51	0	0	0.4
36600	0.4	0.51	0.51	0	0	0.4
36700	0.4	0.51	0.51	0	0	0.4
36800	0.4	0.51	0.51	0	0	0.4
36900	0.4	0.5	0.5	0	0	0.4
37000	0.4	0.5	0.5	0	0	0.4
37100	0.4	0.49	0.49	0	0	0.4
37200	0.4	0.49	0.49	0	0	0.4
37300	0.4	0.49	0.49	0	0	0.4
37400	0.4	0.49	0.49	0	0	0.4
37500	0.4	0.49	0.49	0	0	0.4
37600	0.4	0.49	0.49	0	0	0.4
37700	0.4	0.49	0.49	0	0	0.4
37800	0.4	0.48	0.48	0	0	0.4
37900	0.41	0.48	0.48	0	0	0.41
38000	0.41	0.48	0.48	0	0	0.41
38100	0.41	0.48	0.48	0	0	0.41
38200	0.42	0.48	0.48	0	0	0.42
38300	0.42	0.49	0.49	0	0	0.42
38400	0.42	0.49	0.49	0	0	0.42
38500	0.42	0.49	0.49	0	0	0.42
38600	0.42	0.49	0.49	0	0	0.42
38700	0.42	0.49	0.49	0	0	0.42
38800	0.42	0.49	0.49	0	0	0.42
38900	0.42	0.49	0.49	0	0	0.42
39000	0.41	0.49	0.49	0	0	0.41
39100	0.41	0.49	0.49	0	0	0.41
39200	0.41	0.49	0.49	0	0	0.41
39300	0.41	0.49	0.49	0	0	0.41
39400	0.41	0.49	0.49	0	0	0.41
39500	0.41	0.49	0.49	0	0	0.41
39600	0.41	0.49	0.49	0	0	0.41
39700	0.41	0.49	0.49	0	0	0.41
39800	0.41	0.49	0.49	0	0	0.41
39900	0.41	0.49	0.49	0	0	0.41
40000	0.41	0.49	0.49	0	0	0.41
40100	0.41	0.49	0.49	0	0	0.41
40200	0.42	0.49	0.49	0	0	0.42
40300	0.42	0.49	0.49	0	0	0.42
40400	0.43	0.5	0.5	0	0	0.43
40500	0.42	0.5	0.5	0	0	0.42
40600	0.42	0.49	0.49	0	0	0.42
40700	0.42	0.49	0.49	0	0	0.42
40800	0.42	0.49	0.49	0	0	0.42
40900	0.42	0.49	0.49	0	0	0.42
41000	0.43	0.49	0.49	0	0	0.43
41100	0.43	0.48	0.48	0	0	0.43
41200	0.43	0.48	0.48	0	0	0.43
41300	0.43	0.47	0.47	0	0	0.43
41400	0.43	0.47	0.47	0	0	0.43
41500	0.44	0.47	0.47	0	0	0.44
41600	0.44	0.47	0.47	0	0	0.44
41700	0.44	0.47	0.47	0	0	0.44
41800	0.44	0.47	0.47	0	0	0.44
41900	0.44	0.47	0.47	0	0	0.44
42000	0.44	0.47	0.47	0	0	0.44
42100	0.44	0.47	0.47	0	0	0.44
42200	0.44	0.47	0.47	0	0	0.44
42300	0.44	0.48	0.48	0	0	0.44
42400	0.43	0.48	0.48	0	0	0.43
42500	0.43	0.48	0.48	0	0	0.43
42600	0.43	0.48	0.48	0	0	0.43
42700	0.43	0.48	0.48	0	0	0.43
42800	0.43	0.48	0.48	0	0	0.43
42900	0.41	0.48	0.48	0	0	0.41
43000	0.41	0.48	0.48	0	0	0.41
43100	0.41	0.48	0.48	0	0	0.41
43200	0.41	0.48	0.48	0	0	0.41
43300	0.41	0.47	0.47	0	0	0.41
43400	0.41	0.47	0.47	0	0	0.41
43500	0.4	0.47	0.47	0	0	0.4
43600	0.4	0.47	0.47	0	0	0.4
43700	0.4	0.47	0.47	0	0	0.4
43800	0.4	0.47	0.47	0	0	0.4
43900	0.4	0.47	0.47	0	0	0.4
44000	0.4	0.47	0.47	0	0	0.4
44100	0.4	0.47	0.47	0	0	0.4
44200	0.4	0.47	0.47	0	0	0.4
44300	0.4	0.48	0.48	0	0	0.4
44400	0.4	0.48	0.48	0	0	0.4
44500	0.4	0.48	0.48	0	0	0.4
44600	0.39	0.48	0.48	0	0	0.39
44700	0.39	0.48	0.48	0	0	0.39
44800	0.39	0.48	0.48	0	0	0.39
44900	0.39	0.48	0.48	0	0	0.39
45000	0.39	0.48	0.48	0	0	0.39
45100	0.4	0.48	0.48	0	0	0.4
45200	0.4	0.48	0.48	0	0	0.4
45300	0.4	0.48	0.48	0	0	0.4
45400	0.4	0.48	0.48	0	0	0.4
45500	0.4	0.48	0.48	0	0	0.4
45600	0.4	0.49	0.49	0	0	0.4
45700	0.4	0.49	0.49	0	0	0.4
45800	0.4	0.49	0.49	0	0	0.4
45900	0.4	0.49	0.49	0	0	0.4
46000	0.4	0.5	0.5	0	0	0.4
46100	0.4	0.5	0.5	0	0	0.4
46200	0.39	0.5	0.5	0	0	0.39
46300	0.39	0.5	0.5	0	0	0.39
46400	0.39	0.5	0.5	0	0	0.39
46500	0.39	0.51	0.51	0	0	0.39
46600	0.38	0.51	0.51	0	0	0.38
46700	0.38	0.51	0.51	0	0	0.38
46800	0.38	0.51	0.51	0	0	0.38
46900	0.38	0.51	0.51	0	0	0.38
47000	0.38	0.51	0.51	0	0	0.38
47100	0.38	0.51	0.51	0	0	0.38
47200	0.38	0.51	0.51	0	0	0.38
47300	0.37	0.51	0.51	0	0	0.37
47400	0.37	0.51	0.51	0	0	0.37
47500	0.37	0.51	0.51	0	0	0.37
47600	0.37	0.51	0.51	0	0	0.37
47700	0.37	0.51	0.51	0	0	0.37
47800	0.37	0.51	0.51	0	0	0.37
47900	0.37	0.52	0.52	0	0	0.37
48000	0.37	0.52	0.52	0	0	0.37
48100	0.37	0.52	0.52	0	0	0.37
48200	0.37	0.52	0.52	0	0	0.37
48300	0.37	0.52	0.52	0	0	0.37
48400	0.37	0.52	0.52	0	0	0.37
48500	0.37	0.52	0.52	0	0	0.37
48600	0.37	0.52	0.52	0	0	0.37
48700	0.38	0.52	0.52	0	0	0.38
48800	0.38	0.52	0.52	0	0	0.38
48900	0.38	0.52	0.52	0	0	0.38
49000	0.38	0.52	0.52	0	0	0.38
49100	0.37	0.52	0.52	0	0	0.37
49200	0.37	0.52	0.52	0	0	0.37
49300	0.37	0.52	0.52	0	0	0.37
49400	0.37	0.52	0.52	0	0	0.37
49500	0.37	0.52	0.52	0	0	0.37
49600	0.38	0.53	0.53	0	0	0.38
49700	0.38	0.53	0.53	0	0	0.38
49800	0.38	0.53	0.53	0	0	0.38
49900	0.38	0.53	0.53	0	0	0.38
50000	0.38	0.53	0.53	0	0	0.38
50100	0.38	0.53	0.53	0	0	0.38
50200	0.38	0.53	0.53	0	0	0.38
50300	0.38	0.53	0.53	0	0	0.38
50400	0.37	0.53	0.53	0	0	0.37
50500	0.37	0.53	0.53	0	0	0.37
50600	0.36	0.54	0.54	0	0	0.36
50700	0.36	0.54	0.54	0	0	0.36
50800	0.36	0.54	0.54	0	0	0.36
50900	0.36	0.54	0.54	0	0	0.36
51000	0.36	0.53	0.53	0	0	0.36
51100	0.35	0.53	0.53	0	0	0.35
51200	0.35	0.53	0.53	0	0	0.35
51300	0.35	0.53	0.53	0	0	0.35
51400	0.35	0.53	0.53	0	0	0.35
51500	0.35	0.53	0.53	0	0	0.35
51600	0.35	0.53	0.53	0	0	0.35
51700	0.35	0.53	0.53	0	0	0.35
51800	0.35	0.53	0.53	0	0	0.35
51900	0.35	0.53	0.53	0	0	0.35
52000	0.35	0.53	0.53	0	0	0.35
52100	0.35	0.53	0.53	0	0	0.35
52200	0.35	0.53	0.53	0	0	0.35
52300	0.35	0.53	0.53	0	0	0.35
52400	0.35	0.53	0.53	0	0	0.35
52500	0.34	0.53	0.53	0	0	0.34
52600	0.33	0.53	0.53	0	0	0.33
52700	0.33	0.53	0.53	0	0	0.33
52800	0.34	0.53	0.53	0	0	0.34
52900	0.34	0.53	0.53	0	0	0.34
53000	0.34	0.52	0.52	0	0	0.34
53100	0.34	0.52	0.52	0	0	0.34
53200	0.34	0.52	0.52	0	0	0.34
53300	0.34	0.52	0.52	0	0	0.34
53400	0.35	0.52	0.52	0	0	0.35
53500	0.33	0.52	0.52	0	0	0.33
53600	0.33	0.52	0.52	0	0	0.33
53700	0.33	0.52	0.52	0	0	0.33
53800	0.33	0.52	0.52	0	0	0.33
53900	0.33	0.52	0.52	0	0	0.33
54000	0.33	0.52	0.52	0	0	0.33
54100	0.33	0.52	0.52	0	0	0.33
54200	0.33	0.52	0.52	0	0	0.33
54300	0.33	0.52	0.52	0	0	0.33
54400	0.33	0.52	0.52	0	0	0.33
54500	0.33	0.52	0.52	0	0	0.33
54600	0.31	0.52	0.52	0	0	0.31
54700	0.31	0.52	0.52	0	0	0.31
54800	0.31	0.52	0.52	0	0	0.31
54900	0.31	0.52	0.52	0	0	0.31
55000	0.31	0.52	0.52	0	0	0.31
55100	0.3	0.52	0.52	0	0	0.3
55200	0.3	0.51	0.51	0	0	0.3
55300	0.3	0.51	0.51	0	0	0.3
55400	0.3	0.51	0.51	0	0	0.3
55500	0.3	0.51	0.51	0	0	0.3
55600	0.3	0.51	0.51	0	0	0.3
55700	0.3	0.51	0.51	0	0	0.3
55800	0.3	0.51	0.51	0	0	0.3
55900	0.3	0.51	0.51	0	0	0.3
56000	0.3	0.51	0.51	0	0	0.3
56100	0.31	0.51	0.51	0	0	0.31
56200	0.31	0.52	0.52	0	0	0.31
56300	0.31	0.52	0.52	0	0	0.31
56400	0.31	0.52	0.52	0	0	0.31
56500	0.32	0.52	0.52	0	0	0.32
56600	0.32	0.53	0.53	0	0	0.32
56700	0.32	0.53	0.53	0	0	0.32
56800	0.32	0.53	0.53	0	0	0.32
56900	0.32	0.52	0.52	0	0	0.32
57000	0.33	0.52	0.52	0	0	0.33
57100	0.33	0.52	0.52	0	0	0.33
57200	0.33	0.52	0.52	0	0	0.33
57300	0.33	0.52	0.52	0	0	0.33
57400	0.33	0.52	0.52	0	0	0.33
57500	0.33	0.52	0.52	0	0	0.33
57600	0.33	0.52	0.52	0	0	0.33
57700	0.33	0.53	0.53	0	0	0.33
57800	0.33	0.53	0.53	0	0	0.33
57900	0.33	0.53	0.53	0	0	0.33
58000	0.32	0.53	0.53	0	0	0.32
58100	0.32	0.53	0.53	0	0	0.32
58200	0.34	0.53	0.53	0	0	0.34
58300	0.35	0.53	0.53	0	0	0.35
58400	0.34	0.53	0.53	0	0	0.34
58500	0.34	0.53	0.53	0	0	0.34
58600	0.34	0.53	0.53	0	0	0.34
58700	0.34	0.53	0.53	0	0	0.34
58800	0.34	0.53	0.53	0	0	0.34
58900	0.34	0.53	0.53	0	0	0.34
59000	0.33	0.54	0.54	0	0	0.33
59100	0.33	0.54	0.54	0	0	0.33
59200	0.33	0.54	0.54	0	0	0.33
59300	0.34	0.54	0.54	0	0	0.34
59400	0.34	0.54	0.54	0	0	0.34
59500	0.35	0.54	0.54	0	0	0.35
59600	0.35	0.55	0.55	0	0	0.35
59700	0.35	0.54	0.54	0	0	0.35
59800	0.35	0.53	0.53	0	0	0.35
59900	0.35	0.53	0.53	0	0	0.35
60000	0.35	0.53	0.53	0	0	0.35
60100	0.35	0.53	0.53	0	0	0.35
60200	0.35	0.52	0.52	0	0	0.35
60300	0.34	0.52	0.52	0	0	0.34
60400	0.34	0.52	0.52	0	0	0.34
60500	0.34	0.52	0.52	0	0	0.34
60600	0.34	0.52	0.52	0	0	0.34
60700	0.34	0.52	0.52	0	0	0.34
60800	0.34	0.52	0.52	0	0	0.34
60900	0.34	0.52	0.52	0	0	0.34
61000	0.34	0.52	0.52	0	0	0.34
61100	0.34	0.53	0.53	0	0	0.34
61200	0.34	0.53	0.53	0	0	0.34
61300	0.34	0.53	0.53	0	0	0.34
61400	0.34	0.53	0.53	0	0	0.34
61500	0.34	0.53	0.53	0	0	0.34
61600	0.34	0.53	0.53	0	0	0.34
61700	0.34	0.53	0.53	0	0	0.34
61800	0.34	0.53	0.53	0	0	0.34
61900	0.34	0.53	0.53	0	0	0.34
62000	0.34	0.53	0.53	0	0	0.34
62100	0.34	0.53	0.53	0	0	0.34
62200	0.34	0.53	0.53	0	0	0.34
62300	0.34	0.52	0.52	0	0	0.34
62400	0.34	0.52	0.52	0	0	0.34
62500	0.34	0.52	0.52	0	0	0.34
62600	0.34	0.52	0.52	0	0	0.34
62700	0.35	0.52	0.52	0	0	0.35
62800	0.35	0.52	0.52	0	0	0.35
62900	0.34	0.52	0.52	0	0	0.34
63000	0.34	0.52	0.52	0	0	0.34
63100	0.35	0.52	0.52	0	0	0.35
63200	0.35	0.52	0.52	0	0	0.35
63300	0.35	0.51	0.51	0	0	0.35
63400	0.35	0.51	0.51	0	0	0.35
63500	0.35	0.51	0.51	0	0	0.35
63600	0.35	0.51	0.51	0	0	0.35
63700	0.35	0.51	0.51	0	0	0.35
63800	0.35	0.51	0.51	0	0	0.35
63900	0.35	0.51	0.51	0	0	0.35
64000	0.35	0.51	0.51	0	0	0.35
64100	0.36	0.51	0.51	0	0	0.36
64200	0.36	0.51	0.51	0	0	0.36
64300	0.36	0.51	0.51	0	0	0.36
64400	0.36	0.51	0.51	0	0	0.36
64500	0.36	0.51	0.51	0	0	0.36
64600	0.35	0.51	0.51	0	0	0.35
64700	0.35	0.51	0.51	0	0	0.35
64800	0.35	0.51	0.51	0	0	0.35
64900	0.35	0.51	0.51	0	0	0.35
65000	0.35	0.51	0.51	0	0	0.35
65100	0.35	0.51	0.51	0	0	0.35
65200	0.35	0.52	0.52	0	0	0.35
65300	0.35	0.52	0.52	0	0	0.35
65400	0.35	0.52	0.52	0	0	0.35
65500	0.35	0.52	0.52	0	0	0.35
65600	0.36	0.52	0.52	0	0	0.36
65700	0.36	0.52	0.52	0	0	0.36
65800	0.36	0.53	0.53	0	0	0.36
65900	0.36	0.53	0.53	0	0	0.36
66000	0.36	0.53	0.53	0	0	0.36
66100	0.36	0.53	0.53	0	0	0.36
66200	0.36	0.53	0.53	0	0	0.36
66300	0.36	0.53	0.53	0	0	0.36
66400	0.36	0.53	0.53	0	0	0.36
66500	0.36	0.53	0.53	0	0	0.36
66600	0.36	0.53	0.53	0	0	0.36
66700	0.36	0.53	0.53	0	0	0.36
66800	0.36	0.53	0.53	0	0	0.36
66900	0.36	0.53	0.53	0	0	0.36
67000	0.36	0.53	0.53	0	0	0.36
67100	0.36	0.53	0.53	0	0	0.36
67200	0.36	0.53	0.53	0	0	0.36
67300	0.38	0.53	0.53	0	0	0.38
67400	0.37	0.53	0.53	0	0	0.37
67500	0.37	0.53	0.53	0	0	0.37
67600	0.37	0.53	0.53	0	0	0.37
67700	0.37	0.53	0.53	0	0	0.37
67800	0.37	0.53	0.53	0	0	0.37
67900	0.37	0.53	0.53	0	0	0.37
68000	0.37	0.53	0.53	0	0	0.37
68100	0.37	0.54	0.54	0	0	0.37
68200	0.37	0.54	0.54	0	0	0.37
68300	0.37	0.54	0.54	0	0	0.37
68400	0.37	0.54	0.54	0	0	0.37
68500	0.37	0.54	0.54	0	0	0.37
68600	0.37	0.54	0.54	0	0	0.37
68700	0.37	0.54	0.54	0	0	0.37
68800	0.37	0.54	0.54	0	0	0.37
68900	0.37	0.54	0.54	0	0	0.37
69000	0.37	0.54	0.54	0	0	0.37
69100	0.37	0.54	0.54	0	0	0.37
69200	0.37	0.54	0.54	0	0	0.37
69300	0.37	0.54	0.54	0	0	0.37
69400	0.37	0.54	0.54	0	0	0.37
69500	0.37	0.54	0.54	0	0	0.37
69600	0.38	0.54	0.54	0	0	0.38
69700	0.38	0.54	0.54	0	0	0.38
69800	0.38	0.54	0.54	0	0	0.38
69900	0.38	0.54	0.54	0	0	0.38
70000	0.37	0.54	0.54	0	0	0.37
70100	0.37	0.54	0.54	0	0	0.37
70200	0.37	0.54	0.54	0	0	0.37
70300	0.37	0.54	0.54	0	0	0.37
70400	0.37	0.54	0.54	0	0	0.37
70500	0.37	0.52	0.52	0	0	0.37
70600	0.37	0.52	0.52	0	0	0.37
70700	0.36	0.51	0.51	0	0	0.36
70800	0.36	0.51	0.51	0	0	0.36
70900	0.36	0.51	0.51	0	0	0.36
71000	0.36	0.51	0.51	0	0	0.36
71100	0.36	0.5	0.5	0	0	0.36
71200	0.36	0.5	0.5	0	0	0.36
71300	0.36	0.49	0.49	0	0	0.36
71400	0.36	0.49	0.49	0	0	0.36
71500	0.36	0.49	0.49	0	0	0.36
71600	0.36	0.49	0.49	0	0	0.36
71700	0.36	0.49	0.49	0	0	0.36
71800	0.36	0.49	0.49	0	0	0.36
71900	0.37	0.49	0.49	0	0	0.37
72000	0.37	0.5	0.5	0	0	0.37
72100	0.37	0.5	0.5	0	0	0.37
72200	0.37	0.5	0.5	0	0	0.37
72300	0.37	0.5	0.5	0	0	0.37
72400	0.37	0.5	0.5	0	0	0.37
72500	0.38	0.5	0.5	0	0	0.38
72600	0.38	0.5	0.5	0	0	0.38
72700	0.38	0.5	0.5	0	0	0.38
72800	0.38	0.5	0.5	0	0	0.38
72900	0.38	0.49	0.49	0	0	0.38
73000	0.38	0.49	0.49	0	0	0.38
73100	0.38	0.49	0.49	0	0	0.38
73200	0.38	0.48	0.48	0	0	0.38
73300	0.38	0.48	0.48	0	0	0.38
73400	0.38	0.48	0.48	0	0	0.38
73500	0.38	0.48	0.48	0	0	0.38
73600	0.38	0.48	0.48	0	0	0.38
73700	0.38	0.48	0.48	0	0	0.38
73800	0.38	0.48	0.48	0	0	0.38
73900	0.38	0.48	0.48	0	0	0.38
74000	0.38	0.48	0.48	0	0	0.38
74100	0.38	0.48	0.48	0	0	0.38
74200	0.38	0.49	0.49	0	0	0.38
74300	0.38	0.49	0.49	0	0	0.38
74400	0.38	0.49	0.49	0	0	0.38
74500	0.37	0.49	0.49	0	0	0.37
74600	0.37	0.49	0.49	0	0	0.37
74700	0.37	0.49	0.49	0	0	0.37
74800	0.37	0.49	0.49	0	0	0.37
74900	0.37	0.49	0.49	0	0	0.37
75000	0.37	0.48	0.48	0	0	0.37
75100	0.37	0.48	0.48	0	0	0.37
75200	0.38	0.48	0.48	0	0	0.38
75300	0.38	0.48	0.48	0	0	0.38
75400	0.38	0.48	0.48	0	0	0.38
75500	0.38	0.48	0.48	0	0	0.38
75600	0.38	0.48	0.48	0	0	0.38
75700	0.38	0.48	0.48	0	0	0.38
75800	0.38	0.48	0.48	0	0	0.38
75900	0.38	0.5	0.5	0	0	0.38
76000	0.38	0.5	0.5	0	0	0.38
76100	0.39	0.5	0.5	0	0	0.39
76200	0.39	0.5	0.5	0	0	0.39
76300	0.39	0.5	0.5	0	0	0.39
76400	0.39	0.5	0.5	0	0	0.39
76500	0.39	0.5	0.5	0	0	0.39
76600	0.39	0.5	0.5	0	0	0.39
76700	0.39	0.5	0.5	0	0	0.39
76800	0.39	0.5	0.5	0	0	0.39
76900	0.39	0.51	0.51	0	0	0.39
77000	0.39	0.5	0.5	0	0	0.39
77100	0.39	0.5	0.5	0	0	0.39
77200	0.39	0.5	0.5	0	0	0.39
77300	0.39	0.5	0.5	0	0	0.39
77400	0.4	0.5	0.5	0	0	0.4
77500	0.4	0.5	0.5	0	0	0.4
77600	0.4	0.5	0.5	0	0	0.4
77700	0.4	0.5	0.5	0	0	0.4
77800	0.4	0.5	0.5	0	0	0.4
77900	0.4	0.49	0.49	0	0	0.4
78000	0.4	0.49	0.49	0	0	0.4
78100	0.4	0.49	0.49	0	0	0.4
78200	0.4	0.49	0.49	0	0	0.4
78300	0.4	0.5	0.5	0	0	0.4
78400	0.4	0.5	0.5	0	0	0.4
78500	0.4	0.5	0.5	0	0	0.4
78600	0.4	0.5	0.5	0	0	0.4
78700	0.4	0.5	0.5	0	0	0.4
78800	0.4	0.5	0.5	0	0	0.4
78900	0.4	0.5	0.5	0	0	0.4
79000	0.4	0.5	0.5	0	0	0.4
79100	0.4	0.5	0.5	0	0	0.4
79200	0.4	0.5	0.5	0	0	0.4
79300	0.4	0.5	0.5	0	0	0.4
79400	0.4	0.5	0.5	0	0	0.4
79500	0.4	0.49	0.49	0	0	0.4
79600	0.4	0.49	0.49	0	0	0.4
79700	0.4	0.49	0.49	0	0	0.4
79800	0.4	0.49	0.49	0	0	0.4
79900	0.4	0.49	0.49	0	0	0.4
80000	0.4	0.5	0.5	0	0	0.4
80100	0.4	0.5	0.5	0	0	0.4
80200	0.4	0.5	0.5	0	0	0.4
80300	0.4	0.5	0.5	0	0	0.4
80400	0.4	0.5	0.5	0	0	0.4
80500	0.4	0.5	0.5	0	0	0.4
80600	0.4	0.5	0.5	0	0	0.4
80700	0.4	0.5	0.5	0	0	0.4
80800	0.4	0.51	0.51	0	0	0.4
80900	0.4	0.51	0.51	0	0	0.4
81000	0.4	0.51	0.51	0	0	0.4
81100	0.4	0.52	0.52	0	0	0.4
81200	0.4	0.52	0.52	0	0	0.4
81300	0.4	0.52	0.52	0	0	0.4
81400	0.4	0.52	0.52	0	0	0.4
81500	0.4	0.53	0.53	0	0	0.4
81600	0.4	0.53	0.53	0	0	0.4
81700	0.4	0.53	0.53	0	0	0.4
81800	0.4	0.53	0.53	0	0	0.4
81900	0.4	0.53	0.53	0	0	0.4
82000	0.4	0.53	0.53	0	0	0.4
82100	0.4	0.53	0.53	0	0	0.4
82200	0.4	0.53	0.53	0	0	0.4
82300	0.4	0.53	0.53	0	0	0.4
82400	0.41	0.53	0.53	0	0	0.41
82500	0.41	0.53	0.53	0	0	0.41
82600	0.41	0.53	0.53	0	0	0.41
82700	0.41	0.53	0.53	0	0	0.41
82800	0.41	0.53	0.53	0	0	0.41
82900	0.41	0.53	0.53	0	0	0.41
83000	0.41	0.53	0.53	0	0	0.41
83100	0.41	0.53	0.53	0	0	0.41
83200	0.41	0.53	0.53	0	0	0.41
83300	0.41	0.53	0.53	0	0	0.41
83400	0.41	0.53	0.53	0	0	0.41
83500	0.41	0.53	0.53	0	0	0.41
83600	0.41	0.53	0.53	0	0	0.41
83700	0.41	0.53	0.53	0	0	0.41
83800	0.41	0.53	0.53	0	0	0.41
83900	0.41	0.53	0.53	0	0	0.41
84000	0.41	0.53	0.53	0	0	0.41
84100	0.41	0.53	0.53	0	0	0.41
84200	0.41	0.53	0.53	0	0	0.41
84300	0.41	0.53	0.53	0	0	0.41
84400	0.4	0.53	0.53	0	0	0.4
84500	0.4	0.53	0.53	0	0	0.4
84600	0.4	0.53	0.53	0	0	0.4
84700	0.4	0.53	0.53	0	0	0.4
84800	0.4	0.53	0.53	0	0	0.4
84900	0.4	0.53	0.53	0	0	0.4
85000	0.4	0.53	0.53	0	0	0.4
85100	0.4	0.53	0.53	0	0	0.4
85200	0.4	0.53	0.53	0	0	0.4
85300	0.4	0.53	0.53	0	0	0.4
85400	0.39	0.53	0.53	0	0	0.39
85500	0.39	0.52	0.52	0	0	0.39
85600	0.39	0.52	0.52	0	0	0.39
85700	0.39	0.52	0.52	0	0	0.39
85800	0.39	0.52	0.52	0	0	0.39
85900	0.39	0.52	0.52	0	0	0.39
86000	0.39	0.52	0.52	0	0	0.39
86100	0.39	0.52	0.52	0	0	0.39
86200	0.39	0.52	0.52	0	0	0.39
86300	0.38	0.52	0.52	0	0	0.38
86400	0.38	0.51	0.51	0	0	0.38
86500	0.38	0.51	0.51	0	0	0.38
86600	0.38	0.51	0.51	0	0	0.38
86700	0.38	0.51	0.51	0	0	0.38
86800	0.37	0.51	0.51	0	0	0.37
86900	0.37	0.51	0.51	0	0	0.37
87000	0.37	0.51	0.51	0	0	0.37
87100	0.38	0.51	0.51	0	0	0.38
87200	0.38	0.51	0.51	0	0	0.38
87300	0.38	0.51	0.51	0	0	0.38
87400	0.38	0.51	0.51	0	0	0.38
87500	0.38	0.5	0.5	0	0	0.38
87600	0.38	0.5	0.5	0	0	0.38
87700	0.38	0.5	0.5	0	0	0.38
87800	0.38	0.49	0.49	0	0	0.38
87900	0.38	0.49	0.49	0	0	0.38
88000	0.39	0.49	0.49	0	0	0.39
88100	0.38	0.49	0.49	0	0	0.38
88200	0.39	0.49	0.49	0	0	0.39
88300	0.39	0.5	0.5	0	0	0.39
88400	0.39	0.49	0.49	0	0	0.39
88500	0.39	0.5	0.5	0	0	0.39
88600	0.39	0.5	0.5	0	0	0.39
88700	0.39	0.5	0.5	0	0	0.39
88800	0.38	0.5	0.5	0	0	0.38
88900	0.38	0.5	0.5	0	0	0.38
89000	0.38	0.5	0.5	0	0	0.38
89100	0.38	0.5	0.5	0	0	0.38
89200	0.37	0.5	0.5	0	0	0.37
89300	0.36	0.51	0.51	0	0	0.36
89400	0.36	0.5	0.5	0	0	0.36
89500	0.36	0.5	0.5	0	0	0.36
89600	0.36	0.5	0.5	0	0	0.36
89700	0.36	0.5	0.5	0	0	0.36
89800	0.36	0.5	0.5	0	0	0.36
89900	0.36	0.5	0.5	0	0	0.36
90000	0.36	0.5	0.5	0	0	0.36
90100	0.36	0.5	0.5	0	0	0.36
90200	0.36	0.5	0.5	0	0	0.36
90300	0.36	0.5	0.5	0	0	0.36
90400	0.35	0.5	0.5	0	0	0.35
90500	0.35	0.5	0.5	0	0	0.35
90600	0.35	0.5	0.5	0	0	0.35
90700	0.35	0.5	0.5	0	0	0.35
90800	0.35	0.5	0.5	0	0	0.35
90900	0.35	0.49	0.49	0	0	0.35
91000	0.35	0.49	0.49	0	0	0.35
91100	0.35	0.48	0.48	0	0	0.35
91200	0.35	0.48	0.48	0	0	0.35
91300	0.35	0.49	0.49	0	0	0.35
91400	0.35	0.49	0.49	0	0	0.35
91500	0.36	0.49	0.49	0	0	0.36
91600	0.36	0.49	0.49	0	0	0.36
91700	0.36	0.49	0.49	0	0	0.36
91800	0.36	0.49	0.49	0	0	0.36
91900	0.36	0.49	0.49	0	0	0.36
92000	0.36	0.49	0.49	0	0	0.36
92100	0.36	0.49	0.49	0	0	0.36
92200	0.36	0.49	0.49	0	0	0.36
92300	0.36	0.49	0.49	0	0	0.36
92400	0.36	0.49	0.49	0	0	0.36
92500	0.36	0.49	0.49	0	0	0.36
92600	0.37	0.5	0.5	0	0	0.37
92700	0.37	0.5	0.5	0	0	0.37
92800	0.38	0.5	0.5	0	0	0.38
92900	0.37	0.51	0.51	0	0	0.37
93000	0.37	0.51	0.51	0	0	0.37
93100	0.38	0.51	0.51	0	0	0.38
93200	0.38	0.51	0.51	0	0	0.38
93300	0.38	0.52	0.52	0	0	0.38
93400	0.38	0.52	0.52	0	0	0.38
93500	0.38	0.52	0.52	0	0	0.38
93600	0.38	0.52	0.52	0	0	0.38
93700	0.38	0.52	0.52	0	0	0.38
93800	0.38	0.52	0.52	0	0	0.38
93900	0.39	0.52	0.52	0	0	0.39
94000	0.39	0.52	0.52	0	0	0.39
94100	0.39	0.52	0.52	0	0	0.39
94200	0.39	0.52	0.52	0	0	0.39
94300	0.39	0.52	0.52	0	0	0.39
94400	0.39	0.52	0.52	0	0	0.39
94500	0.38	0.52	0.52	0	0	0.38
94600	0.38	0.52	0.52	0	0	0.38
94700	0.38	0.52	0.52	0	0	0.38
94800	0.38	0.52	0.52	0	0	0.38
94900	0.38	0.52	0.52	0	0	0.38
95000	0.38	0.52	0.52	0	0	0.38
95100	0.38	0.52	0.52	0	0	0.38
95200	0.38	0.52	0.52	0	0	0.38
95300	0.4	0.52	0.52	0	0	0.4
95400	0.4	0.52	0.52	0	0	0.4
95500	0.4	0.52	0.52	0	0	0.4
95600	0.4	0.52	0.52	0	0	0.4
95700	0.4	0.52	0.52	0	0	0.4
95800	0.4	0.52	0.52	0	0	0.4
95900	0.4	0.52	0.52	0	0	0.4
96000	0.4	0.52	0.52	0	0	0.4
96100	0.4	0.52	0.52	0	0	0.4
96200	0.4	0.52	0.52	0	0	0.4
96300	0.4	0.52	0.52	0	0	0.4
96400	0.4	0.51	0.51	0	0	0.4
96500	0.4	0.51	0.51	0	0	0.4
96600	0.4	0.51	0.51	0	0	0.4
96700	0.4	0.51	0.51	0	0	0.4
96800	0.41	0.51	0.51	0	0	0.41
96900	0.41	0.51	0.51	0	0	0.41
97000	0.41	0.52	0.52	0	0	0.41
97100	0.41	0.52	0.52	0	0	0.41
97200	0.41	0.52	0.52	0	0	0.41
97300	0.41	0.51	0.51	0	0	0.41
97400	0.41	0.51	0.51	0	0	0.41
97500	0.41	0.51	0.51	0	0	0.41
97600	0.41	0.51	0.51	0	0	0.41
97700	0.41	0.51	0.51	0	0	0.41
97800	0.41	0.51	0.51	0	0	0.41
97900	0.41	0.51	0.51	0	0	0.41
98000	0.41	0.51	0.51	0	0	0.41
98100	0.41	0.51	0.51	0	0	0.41
98200	0.41	0.51	0.51	0	0	0.41
98300	0.41	0.51	0.51	0	0	0.41
98400	0.42	0.51	0.51	0	0	0.42
98500	0.42	0.51	0.51	0	0	0.42
98600	0.42	0.51	0.51	0	0	0.42
98700	0.42	0.51	0.51	0	0	0.42
98800	0.42	0.51	0.51	0	0	0.42
98900	0.42	0.51	0.51	0	0	0.42
99000	0.42	0.51	0.51	0	0	0.42
99100	0.42	0.51	0.51	0	0	0.42
99200	0.42	0.51	0.51	0	0	0.42
99300	0.42	0.51	0.51	0	0	0.42
99400	0.43	0.51	0.51	0	0	0.43
99500	0.43	0.51	0.51	0	0	0.43
99600	0.43	0.51	0.51	0	0	0.43
99700	0.43	0.51	0.51	0	0	0.43
99800	0.43	0.51	0.51	0	0	0.43
99900	0.42	0.51	0.51	0	0	0.42
100000	0.42	0.51	0.51	0	0	0.42
