100	0.04	0.11	0.11	0	0	0.04
200	0.05	0.13	0.13	0	0	0.05
300	0.06	0.14	0.14	0	0	0.06
400	0.06	0.18	0.18	0	0	0.06
500	0.08	0.18	0.18	0	0	0.08
600	0.09	0.19	0.19	0	0	0.09
700	0.09	0.19	0.19	0	0	0.09
800	0.11	0.19	0.19	0	0	0.11
900	0.13	0.2	0.2	0	0	0.13
1000	0.13	0.2	0.2	0	0	0.13
1100	0.13	0.22	0.22	0	0	0.13
1200	0.13	0.22	0.22	0	0	0.13
1300	0.13	0.23	0.23	0	0	0.13
1400	0.13	0.25	0.25	0	0	0.13
1500	0.13	0.25	0.25	0	0	0.13
1600	0.15	0.25	0.25	0	0	0.15
1700	0.16	0.25	0.25	0	0	0.16
1800	0.17	0.26	0.26	0	0	0.17
1900	0.17	0.26	0.26	0	0	0.17
2000	0.18	0.27	0.27	0	0	0.18
2100	0.19	0.27	0.27	0	0	0.19
2200	0.2	0.27	0.27	0	0	0.2
2300	0.2	0.27	0.27	0	0	0.2
2400	0.21	0.27	0.27	0	0	0.21
2500	0.21	0.28	0.28	0	0	0.21
2600	0.21	0.3	0.3	0	0	0.21
2700	0.23	0.3	0.3	0	0	0.23
2800	0.23	0.29	0.29	0	0	0.23
2900	0.23	0.3	0.3	0	0	0.23
3000	0.23	0.3	0.3	0	0	0.23
3100	0.24	0.3	0.3	0	0	0.24
3200	0.24	0.29	0.29	0	0	0.24
3300	0.25	0.32	0.32	0	0	0.25
3400	0.25	0.34	0.34	0	0	0.25
3500	0.26	0.35	0.35	0	0	0.26
3600	0.27	0.35	0.35	0	0	0.27
3700	0.26	0.34	0.34	0	0	0.26
3800	0.27	0.34	0.34	0	0	0.27
3900	0.26	0.33	0.33	0	0	0.26
4000	0.25	0.33	0.33	0	0	0.25
4100	0.24	0.34	0.34	0	0	0.24
4200	0.23	0.35	0.35	0	0	0.23
4300	0.23	0.36	0.36	0	0	0.23
4400	0.23	0.36	0.36	0	0	0.23
4500	0.25	0.37	0.37	0	0	0.25
4600	0.25	0.38	0.38	0	0	0.25
4700	0.24	0.38	0.38	0	0	0.24
4800	0.24	0.38	0.38	0	0	0.24
4900	0.24	0.38	0.38	0	0	0.24
5000	0.24	0.38	0.38	0	0	0.24
5100	0.24	0.38	0.38	0	0	0.24
5200	0.24	0.39	0.39	0	0	0.24
5300	0.24	0.39	0.39	0	0	0.24
5400	0.24	0.4	0.4	0	0	0.24
5500	0.24	0.41	0.41	0	0	0.24
5600	0.24	0.41	0.41	0	0	0.24
5700	0.23	0.42	0.42	0	0	0.23
5800	0.23	0.41	0.41	0	0	0.23
5900	0.23	0.42	0.42	0	0	0.23
6000	0.23	0.42	0.42	0	0	0.23
6100	0.23	0.42	0.42	0	0	0.23
6200	0.23	0.42	0.42	0	0	0.23
6300	0.23	0.42	0.42	0	0	0.23
6400	0.23	0.42	0.42	0	0	0.23
6500	0.23	0.42	0.42	0	0	0.23
6600	0.23	0.42	0.42	0	0	0.23
6700	0.23	0.41	0.41	0	0	0.23
6800	0.23	0.42	0.42	0	0	0.23
6900	0.24	0.42	0.42	0	0	0.24
7000	0.24	0.42	0.42	0	0	0.24
7100	0.24	0.42	0.42	0	0	0.24
7200	0.24	0.41	0.41	0	0	0.24
7300	0.24	0.43	0.43	0	0	0.24
7400	0.25	0.43	0.43	0	0	0.25
7500	0.25	0.43	0.43	0	0	0.25
7600	0.25	0.44	0.44	0	0	0.25
7700	0.24	0.43	0.43	0	0	0.24
7800	0.22	0.43	0.43	0	0	0.22
7900	0.22	0.43	0.43	0	0	0.22
8000	0.22	0.44	0.44	0	0	0.22
8100	0.22	0.43	0.43	0	0	0.22
8200	0.22	0.43	0.43	0	0	0.22
8300	0.22	0.43	0.43	0	0	0.22
8400	0.22	0.43	0.43	0	0	0.22
8500	0.22	0.45	0.45	0	0	0.22
8600	0.22	0.45	0.45	0	0	0.22
8700	0.22	0.45	0.45	0	0	0.22
8800	0.22	0.44	0.44	0	0	0.22
8900	0.22	0.45	0.45	0	0	0.22
9000	0.23	0.45	0.45	0	0	0.23
9100	0.23	0.46	0.46	0	0	0.23
9200	0.23	0.46	0.46	0	0	0.23
9300	0.24	0.45	0.45	0	0	0.24
9400	0.24	0.45	0.45	0	0	0.24
9500	0.24	0.45	0.45	0	0	0.24
9600	0.24	0.45	0.45	0	0	0.24
9700	0.24	0.47	0.47	0	0	0.24
9800	0.24	0.48	0.48	0	0	0.24
9900	0.24	0.49	0.49	0	0	0.24
10000	0.24	0.48	0.48	0	0	0.24
10100	0.24	0.46	0.46	0	0	0.24
10200	0.23	0.47	0.47	0	0	0.23
10300	0.23	0.47	0.47	0	0	0.23
10400	0.23	0.46	0.46	0	0	0.23
10500	0.23	0.46	0.46	0	0	0.23
10600	0.23	0.46	0.46	0	0	0.23
10700	0.23	0.47	0.47	0	0	0.23
10800	0.23	0.47	0.47	0	0	0.23
10900	0.23	0.47	0.47	0	0	0.23
11000	0.23	0.48	0.48	0	0	0.23
11100	0.24	0.48	0.48	0	0	0.24
11200	0.24	0.49	0.49	0	0	0.24
11300	0.24	0.5	0.5	0	0	0.24
11400	0.24	0.5	0.5	0	0	0.24
11500	0.24	0.52	0.52	0	0	0.24
11600	0.24	0.52	0.52	0	0	0.24
11700	0.24	0.52	0.52	0	0	0.24
11800	0.24	0.52	0.52	0	0	0.24
11900	0.24	0.53	0.53	0	0	0.24
12000	0.24	0.54	0.54	0	0	0.24
12100	0.25	0.54	0.54	0	0	0.25
12200	0.25	0.54	0.54	0	0	0.25
12300	0.25	0.54	0.54	0	0	0.25
12400	0.25	0.54	0.54	0	0	0.25
12500	0.25	0.54	0.54	0	0	0.25
12600	0.25	0.54	0.54	0	0	0.25
12700	0.25	0.54	0.54	0	0	0.25
12800	0.24	0.54	0.54	0	0	0.24
12900	0.26	0.54	0.54	0	0	0.26
13000	0.27	0.53	0.53	0	0	0.27
13100	0.27	0.53	0.53	0	0	0.27
13200	0.27	0.54	0.54	0	0	0.27
13300	0.27	0.53	0.53	0	0	0.27
13400	0.27	0.53	0.53	0	0	0.27
13500	0.27	0.53	0.53	0	0	0.27
13600	0.27	0.54	0.54	0	0	0.27
13700	0.26	0.53	0.53	0	0	0.26
13800	0.25	0.53	0.53	0	0	0.25
13900	0.25	0.53	0.53	0	0	0.25
14000	0.25	0.53	0.53	0	0	0.25
14100	0.25	0.53	0.53	0	0	0.25
14200	0.25	0.52	0.52	0	0	0.25
14300	0.25	0.52	0.52	0	0	0.25
14400	0.25	0.51	0.51	0	0	0.25
14500	0.26	0.52	0.52	0	0	0.26
14600	0.25	0.52	0.52	0	0	0.25
14700	0.25	0.52	0.52	0	0	0.25
14800	0.25	0.52	0.52	0	0	0.25
14900	0.25	0.52	0.52	0	0	0.25
15000	0.25	0.51	0.51	0	0	0.25
15100	0.25	0.52	0.52	0	0	0.25
15200	0.24	0.51	0.51	0	0	0.24
15300	0.25	0.51	0.51	0	0	0.25
15400	0.25	0.5	0.5	0	0	0.25
15500	0.25	0.5	0.5	0	0	0.25
15600	0.25	0.5	0.5	0	0	0.25
15700	0.25	0.5	0.5	0	0	0.25
15800	0.25	0.49	0.49	0	0	0.25
15900	0.25	0.48	0.48	0	0	0.25
16000	0.25	0.48	0.48	0	0	0.25
16100	0.25	0.49	0.49	0	0	0.25
16200	0.25	0.49	0.49	0	0	0.25
16300	0.25	0.49	0.49	0	0	0.25
16400	0.25	0.49	0.49	0	0	0.25
16500	0.25	0.49	0.49	0	0	0.25
16600	0.25	0.48	0.48	0	0	0.25
16700	0.25	0.46	0.46	0	0	0.25
16800	0.25	0.46	0.46	0	0	0.25
16900	0.25	0.46	0.46	0	0	0.25
17000	0.26	0.48	0.48	0	0	0.26
17100	0.26	0.48	0.48	0	0	0.26
17200	0.26	0.48	0.48	0	0	0.26
17300	0.26	0.47	0.47	0	0	0.26
17400	0.26	0.47	0.47	0	0	0.26
17500	0.27	0.47	0.47	0	0	0.27
17600	0.27	0.47	0.47	0	0	0.27
17700	0.27	0.47	0.47	0	0	0.27
17800	0.27	0.47	0.47	0	0	0.27
17900	0.27	0.47	0.47	0	0	0.27
18000	0.27	0.47	0.47	0	0	0.27
18100	0.27	0.46	0.46	0	0	0.27
18200	0.27	0.46	0.46	0	0	0.27
18300	0.27	0.46	0.46	0	0	0.27
18400	0.27	0.49	0.49	0	0	0.27
18500	0.27	0.48	0.48	0	0	0.27
18600	0.28	0.47	0.47	0	0	0.28
18700	0.28	0.47	0.47	0	0	0.28
18800	0.28	0.47	0.47	0	0	0.28
18900	0.29	0.48	0.48	0	0	0.29
19000	0.29	0.48	0.48	0	0	0.29
19100	0.29	0.48	0.48	0	0	0.29
19200	0.29	0.47	0.47	0	0	0.29
19300	0.28	0.47	0.47	0	0	0.28
19400	0.28	0.47	0.47	0	0	0.28
19500	0.28	0.46	0.46	0	0	0.28
19600	0.28	0.46	0.46	0	0	0.28
19700	0.28	0.46	0.46	0	0	0.28
19800	0.28	0.46	0.46	0	0	0.28
19900	0.28	0.45	0.45	0	0	0.28
20000	0.28	0.45	0.45	0	0	0.28
20100	0.29	0.45	0.45	0	0	0.29
20200	0.29	0.45	0.45	0	0	0.29
20300	0.29	0.44	0.44	0	0	0.29
20400	0.29	0.44	0.44	0	0	0.29
20500	0.29	0.45	0.45	0	0	0.29
20600	0.3	0.44	0.44	0	0	0.3
20700	0.3	0.44	0.44	0	0	0.3
20800	0.3	0.44	0.44	0	0	0.3
20900	0.31	0.44	0.44	0	0	0.31
21000	0.3	0.45	0.45	0	0	0.3
21100	0.3	0.45	0.45	0	0	0.3
21200	0.3	0.45	0.45	0	0	0.3
21300	0.3	0.45	0.45	0	0	0.3
21400	0.3	0.47	0.47	0	0	0.3
21500	0.3	0.47	0.47	0	0	0.3
21600	0.3	0.47	0.47	0	0	0.3
21700	0.3	0.49	0.49	0	0	0.3
21800	0.3	0.49	0.49	0	0	0.3
21900	0.31	0.49	0.49	0	0	0.31
22000	0.3	0.51	0.51	0	0	0.3
22100	0.3	0.51	0.51	0	0	0.3
22200	0.3	0.5	0.5	0	0	0.3
22300	0.3	0.51	0.51	0	0	0.3
22400	0.3	0.51	0.51	0	0	0.3
22500	0.3	0.51	0.51	0	0	0.3
22600	0.3	0.5	0.5	0	0	0.3
22700	0.3	0.5	0.5	0	0	0.3
22800	0.3	0.51	0.51	0	0	0.3
22900	0.3	0.51	0.51	0	0	0.3
23000	0.3	0.5	0.5	0	0	0.3
23100	0.3	0.48	0.48	0	0	0.3
23200	0.3	0.48	0.48	0	0	0.3
23300	0.3	0.48	0.48	0	0	0.3
23400	0.3	0.48	0.48	0	0	0.3
23500	0.3	0.49	0.49	0	0	0.3
23600	0.3	0.49	0.49	0	0	0.3
23700	0.3	0.49	0.49	0	0	0.3
23800	0.3	0.49	0.49	0	0	0.3
23900	0.3	0.5	0.5	0	0	0.3
24000	0.3	0.5	0.5	0	0	0.3
24100	0.3	0.5	0.5	0	0	0.3
24200	0.3	0.5	0.5	0	0	0.3
24300	0.3	0.5	0.5	0	0	0.3
24400	0.3	0.5	0.5	0	0	0.3
24500	0.3	0.5	0.5	0	0	0.3
24600	0.31	0.5	0.5	0	0	0.31
24700	0.31	0.5	0.5	0	0	0.31
24800	0.31	0.5	0.5	0	0	0.31
24900	0.31	0.51	0.51	0	0	0.31
25000	0.31	0.51	0.51	0	0	0.31
25100	0.3	0.51	0.51	0	0	0.3
25200	0.3	0.51	0.51	0	0	0.3
25300	0.3	0.51	0.51	0	0	0.3
25400	0.3	0.51	0.51	0	0	0.3
25500	0.3	0.51	0.51	0	0	0.3
25600	0.3	0.51	0.51	0	0	0.3
25700	0.3	0.51	0.51	0	0	0.3
25800	0.3	0.51	0.51	0	0	0.3
25900	0.3	0.51	0.51	0	0	0.3
26000	0.3	0.52	0.52	0	0	0.3
26100	0.3	0.52	0.52	0	0	0.3
26200	0.3	0.52	0.52	0	0	0.3
26300	0.3	0.52	0.52	0	0	0.3
26400	0.3	0.52	0.52	0	0	0.3
26500	0.3	0.51	0.51	0	0	0.3
26600	0.3	0.51	0.51	0	0	0.3
26700	0.3	0.51	0.51	0	0	0.3
26800	0.3	0.51	0.51	0	0	0.3
26900	0.31	0.51	0.51	0	0	0.31
27000	0.31	0.51	0.51	0	0	0.31
27100	0.31	0.51	0.51	0	0	0.31
27200	0.31	0.51	0.51	0	0	0.31
27300	0.31	0.51	0.51	0	0	0.31
27400	0.31	0.51	0.51	0	0	0.31
27500	0.31	0.52	0.52	0	0	0.31
27600	0.31	0.53	0.53	0	0	0.31
27700	0.31	0.53	0.53	0	0	0.31
27800	0.31	0.53	0.53	0	0	0.31
27900	0.31	0.53	0.53	0	0	0.31
28000	0.31	0.53	0.53	0	0	0.31
28100	0.31	0.53	0.53	0	0	0.31
28200	0.31	0.53	0.53	0	0	0.31
28300	0.31	0.53	0.53	0	0	0.31
28400	0.3	0.53	0.53	0	0	0.3
28500	0.3	0.53	0.53	0	0	0.3
28600	0.3	0.53	0.53	0	0	0.3
28700	0.3	0.53	0.53	0	0	0.3
28800	0.3	0.53	0.53	0	0	0.3
28900	0.3	0.54	0.54	0	0	0.3
29000	0.3	0.54	0.54	0	0	0.3
29100	0.3	0.53	0.53	0	0	0.3
29200	0.3	0.53	0.53	0	0	0.3
29300	0.3	0.52	0.52	0	0	0.3
29400	0.3	0.52	0.52	0	0	0.3
29500	0.3	0.52	0.52	0	0	0.3
29600	0.3	0.53	0.53	0	0	0.3
29700	0.3	0.53	0.53	0	0	0.3
29800	0.3	0.53	0.53	0	0	0.3
29900	0.3	0.53	0.53	0	0	0.3
30000	0.3	0.53	0.53	0	0	0.3
30100	0.3	0.53	0.53	0	0	0.3
30200	0.3	0.53	0.53	0	0	0.3
30300	0.29	0.53	0.53	0	0	0.29
30400	0.3	0.53	0.53	0	0	0.3
30500	0.29	0.53	0.53	0	0	0.29
30600	0.29	0.53	0.53	0	0	0.29
30700	0.29	0.53	0.53	0	0	0.29
30800	0.29	0.53	0.53	0	0	0.29
30900	0.29	0.53	0.53	0	0	0.29
31000	0.29	0.52	0.52	0	0	0.29
31100	0.29	0.52	0.52	0	0	0.29
31200	0.29	0.52	0.52	0	0	0.29
31300	0.29	0.52	0.52	0	0	0.29
31400	0.29	0.52	0.52	0	0	0.29
31500	0.29	0.52	0.52	0	0	0.29
31600	0.29	0.52	0.52	0	0	0.29
31700	0.29	0.52	0.52	0	0	0.29
31800	0.29	0.53	0.53	0	0	0.29
31900	0.29	0.53	0.53	0	0	0.29
32000	0.29	0.53	0.53	0	0	0.29
32100	0.29	0.53	0.53	0	0	0.29
32200	0.29	0.54	0.54	0	0	0.29
32300	0.29	0.54	0.54	0	0	0.29
32400	0.3	0.55	0.55	0	0	0.3
32500	0.3	0.55	0.55	0	0	0.3
32600	0.3	0.55	0.55	0	0	0.3
32700	0.3	0.55	0.55	0	0	0.3
32800	0.3	0.55	0.55	0	0	0.3
32900	0.3	0.55	0.55	0	0	0.3
33000	0.3	0.55	0.55	0	0	0.3
33100	0.3	0.56	0.56	0	0	0.3
33200	0.3	0.56	0.56	0	0	0.3
33300	0.3	0.56	0.56	0	0	0.3
33400	0.3	0.56	0.56	0	0	0.3
33500	0.3	0.57	0.57	0	0	0.3
33600	0.3	0.57	0.57	0	0	0.3
33700	0.3	0.58	0.58	0	0	0.3
33800	0.3	0.58	0.58	0	0	0.3
33900	0.3	0.58	0.58	0	0	0.3
34000	0.3	0.59	0.59	0	0	0.3
34100	0.3	0.59	0.59	0	0	0.3
34200	0.3	0.58	0.58	0	0	0.3
34300	0.3	0.58	0.58	0	0	0.3
34400	0.3	0.57	0.57	0	0	0.3
34500	0.3	0.57	0.57	0	0	0.3
34600	0.3	0.57	0.57	0	0	0.3
34700	0.3	0.57	0.57	0	0	0.3
34800	0.3	0.57	0.57	0	0	0.3
34900	0.3	0.57	0.57	0	0	0.3
35000	0.3	0.56	0.56	0	0	0.3
35100	0.29	0.55	0.55	0	0	0.29
35200	0.29	0.55	0.55	0	0	0.29
35300	0.29	0.56	0.56	0	0	0.29
35400	0.29	0.55	0.55	0	0	0.29
35500	0.29	0.55	0.55	0	0	0.29
35600	0.29	0.55	0.55	0	0	0.29
35700	0.29	0.56	0.56	0	0	0.29
35800	0.29	0.56	0.56	0	0	0.29
35900	0.29	0.56	0.56	0	0	0.29
36000	0.29	0.56	0.56	0	0	0.29
36100	0.29	0.57	0.57	0	0	0.29
36200	0.29	0.57	0.57	0	0	0.29
36300	0.29	0.57	0.57	0	0	0.29
36400	0.29	0.58	0.58	0	0	0.29
36500	0.29	0.58	0.58	0	0	0.29
36600	0.28	0.58	0.58	0	0	0.28
36700	0.28	0.58	0.58	0	0	0.28
36800	0.28	0.58	0.58	0	0	0.28
36900	0.28	0.58	0.58	0	0	0.28
37000	0.28	0.58	0.58	0	0	0.28
37100	0.28	0.58	0.58	0	0	0.28
37200	0.28	0.58	0.58	0	0	0.28
37300	0.28	0.58	0.58	0	0	0.28
37400	0.28	0.58	0.58	0	0	0.28
37500	0.28	0.58	0.58	0	0	0.28
37600	0.28	0.58	0.58	0	0	0.28
37700	0.28	0.58	0.58	0	0	0.28
37800	0.28	0.58	0.58	0	0	0.28
37900	0.28	0.58	0.58	0	0	0.28
38000	0.28	0.57	0.57	0	0	0.28
38100	0.29	0.57	0.57	0	0	0.29
38200	0.29	0.56	0.56	0	0	0.29
38300	0.29	0.55	0.55	0	0	0.29
38400	0.29	0.55	0.55	0	0	0.29
38500	0.29	0.55	0.55	0	0	0.29
38600	0.29	0.55	0.55	0	0	0.29
38700	0.29	0.55	0.55	0	0	0.29
38800	0.29	0.55	0.55	0	0	0.29
38900	0.29	0.55	0.55	0	0	0.29
39000	0.29	0.55	0.55	0	0	0.29
39100	0.29	0.55	0.55	0	0	0.29
39200	0.29	0.55	0.55	0	0	0.29
39300	0.29	0.55	0.55	0	0	0.29
39400	0.29	0.55	0.55	0	0	0.29
39500	0.29	0.55	0.55	0	0	0.29
39600	0.29	0.55	0.55	0	0	0.29
39700	0.29	0.55	0.55	0	0	0.29
39800	0.29	0.55	0.55	0	0	0.29
39900	0.29	0.55	0.55	0	0	0.29
40000	0.29	0.55	0.55	0	0	0.29
40100	0.29	0.56	0.56	0	0	0.29
40200	0.29	0.56	0.56	0	0	0.29
40300	0.29	0.56	0.56	0	0	0.29
40400	0.29	0.56	0.56	0	0	0.29
40500	0.29	0.56	0.56	0	0	0.29
40600	0.29	0.56	0.56	0	0	0.29
40700	0.3	0.56	0.56	0	0	0.3
40800	0.3	0.56	0.56	0	0	0.3
40900	0.31	0.55	0.55	0	0	0.31
41000	0.31	0.55	0.55	0	0	0.31
41100	0.32	0.55	0.55	0	0	0.32
41200	0.32	0.55	0.55	0	0	0.32
41300	0.32	0.55	0.55	0	0	0.32
41400	0.32	0.55	0.55	0	0	0.32
41500	0.31	0.54	0.54	0	0	0.31
41600	0.31	0.54	0.54	0	0	0.31
41700	0.31	0.54	0.54	0	0	0.31
41800	0.31	0.54	0.54	0	0	0.31
41900	0.31	0.53	0.53	0	0	0.31
42000	0.31	0.54	0.54	0	0	0.31
42100	0.32	0.54	0.54	0	0	0.32
42200	0.32	0.54	0.54	0	0	0.32
42300	0.32	0.53	0.53	0	0	0.32
42400	0.32	0.54	0.54	0	0	0.32
42500	0.32	0.53	0.53	0	0	0.32
42600	0.32	0.53	0.53	0	0	0.32
42700	0.32	0.52	0.52	0	0	0.32
42800	0.32	0.52	0.52	0	0	0.32
42900	0.32	0.52	0.52	0	0	0.32
43000	0.32	0.52	0.52	0	0	0.32
43100	0.33	0.52	0.52	0	0	0.33
43200	0.33	0.52	0.52	0	0	0.33
43300	0.32	0.52	0.52	0	0	0.32
43400	0.32	0.52	0.52	0	0	0.32
43500	0.32	0.52	0.52	0	0	0.32
43600	0.32	0.52	0.52	0	0	0.32
43700	0.32	0.52	0.52	0	0	0.32
43800	0.32	0.52	0.52	0	0	0.32
43900	0.32	0.52	0.52	0	0	0.32
44000	0.31	0.52	0.52	0	0	0.31
44100	0.31	0.52	0.52	0	0	0.31
44200	0.31	0.52	0.52	0	0	0.31
44300	0.31	0.53	0.53	0	0	0.31
44400	0.31	0.53	0.53	0	0	0.31
44500	0.31	0.53	0.53	0	0	0.31
44600	0.31	0.53	0.53	0	0	0.31
44700	0.31	0.53	0.53	0	0	0.31
44800	0.31	0.53	0.53	0	0	0.31
44900	0.31	0.53	0.53	0	0	0.31
45000	0.31	0.53	0.53	0	0	0.31
45100	0.31	0.53	0.53	0	0	0.31
45200	0.31	0.52	0.52	0	0	0.31
45300	0.31	0.52	0.52	0	0	0.31
45400	0.31	0.52	0.52	0	0	0.31
45500	0.31	0.52	0.52	0	0	0.31
45600	0.31	0.52	0.52	0	0	0.31
45700	0.31	0.52	0.52	0	0	0.31
45800	0.31	0.52	0.52	0	0	0.31
45900	0.31	0.52	0.52	0	0	0.31
46000	0.31	0.52	0.52	0	0	0.31
46100	0.31	0.52	0.52	0	0	0.31
46200	0.31	0.52	0.52	0	0	0.31
46300	0.31	0.53	0.53	0	0	0.31
46400	0.31	0.53	0.53	0	0	0.31
46500	0.31	0.52	0.52	0	0	0.31
46600	0.31	0.52	0.52	0	0	0.31
46700	0.31	0.53	0.53	0	0	0.31
46800	0.32	0.53	0.53	0	0	0.32
46900	0.32	0.53	0.53	0	0	0.32
47000	0.32	0.53	0.53	0	0	0.32
47100	0.32	0.53	0.53	0	0	0.32
47200	0.32	0.53	0.53	0	0	0.32
47300	0.32	0.53	0.53	0	0	0.32
47400	0.32	0.53	0.53	0	0	0.32
47500	0.32	0.53	0.53	0	0	0.32
47600	0.32	0.53	0.53	0	0	0.32
47700	0.32	0.53	0.53	0	0	0.32
47800	0.32	0.53	0.53	0	0	0.32
47900	0.32	0.53	0.53	0	0	0.32
48000	0.32	0.53	0.53	0	0	0.32
48100	0.32	0.53	0.53	0	0	0.32
48200	0.32	0.53	0.53	0	0	0.32
48300	0.32	0.53	0.53	0	0	0.32
48400	0.32	0.53	0.53	0	0	0.32
48500	0.32	0.54	0.54	0	0	0.32
48600	0.31	0.53	0.53	0	0	0.31
48700	0.31	0.53	0.53	0	0	0.31
48800	0.31	0.54	0.54	0	0	0.31
48900	0.31	0.54	0.54	0	0	0.31
49000	0.31	0.54	0.54	0	0	0.31
49100	0.31	0.54	0.54	0	0	0.31
49200	0.31	0.54	0.54	0	0	0.31
49300	0.32	0.54	0.54	0	0	0.32
49400	0.32	0.54	0.54	0	0	0.32
49500	0.32	0.54	0.54	0	0	0.32
49600	0.32	0.54	0.54	0	0	0.32
49700	0.32	0.54	0.54	0	0	0.32
49800	0.32	0.54	0.54	0	0	0.32
49900	0.32	0.54	0.54	0	0	0.32
50000	0.32	0.55	0.55	0	0	0.32
50100	0.32	0.54	0.54	0	0	0.32
50200	0.32	0.54	0.54	0	0	0.32
50300	0.31	0.54	0.54	0	0	0.31
50400	0.31	0.54	0.54	0	0	0.31
50500	0.31	0.54	0.54	0	0	0.31
50600	0.31	0.54	0.54	0	0	0.31
50700	0.31	0.54	0.54	0	0	0.31
50800	0.31	0.54	0.54	0	0	0.31
50900	0.31	0.52	0.52	0	0	0.31
51000	0.31	0.52	0.52	0	0	0.31
51100	0.31	0.52	0.52	0	0	0.31
51200	0.31	0.52	0.52	0	0	0.31
51300	0.31	0.52	0.52	0	0	0.31
51400	0.32	0.52	0.52	0	0	0.32
51500	0.32	0.52	0.52	0	0	0.32
51600	0.33	0.52	0.52	0	0	0.33
51700	0.33	0.52	0.52	0	0	0.33
51800	0.33	0.52	0.52	0	0	0.33
51900	0.33	0.52	0.52	0	0	0.33
52000	0.33	0.52	0.52	0	0	0.33
52100	0.33	0.52	0.52	0	0	0.33
52200	0.33	0.52	0.52	0	0	0.33
52300	0.33	0.52	0.52	0	0	0.33
52400	0.33	0.52	0.52	0	0	0.33
52500	0.33	0.52	0.52	0	0	0.33
52600	0.33	0.52	0.52	0	0	0.33
52700	0.34	0.52	0.52	0	0	0.34
52800	0.34	0.51	0.51	0	0	0.34
52900	0.34	0.52	0.52	0	0	0.34
53000	0.34	0.52	0.52	0	0	0.34
53100	0.34	0.52	0.52	0	0	0.34
53200	0.34	0.52	0.52	0	0	0.34
53300	0.34	0.53	0.53	0	0	0.34
53400	0.34	0.53	0.53	0	0	0.34
53500	0.34	0.53	0.53	0	0	0.34
53600	0.34	0.53	0.53	0	0	0.34
53700	0.33	0.53	0.53	0	0	0.33
53800	0.33	0.53	0.53	0	0	0.33
53900	0.33	0.53	0.53	0	0	0.33
54000	0.33	0.53	0.53	0	0	0.33
54100	0.33	0.53	0.53	0	0	0.33
54200	0.33	0.53	0.53	0	0	0.33
54300	0.33	0.53	0.53	0	0	0.33
54400	0.33	0.53	0.53	0	0	0.33
54500	0.33	0.53	0.53	0	0	0.33
54600	0.32	0.53	0.53	0	0	0.32
54700	0.32	0.53	0.53	0	0	0.32
54800	0.32	0.53	0.53	0	0	0.32
54900	0.32	0.53	0.53	0	0	0.32
55000	0.32	0.53	0.53	0	0	0.32
55100	0.32	0.53	0.53	0	0	0.32
55200	0.32	0.53	0.53	0	0	0.32
55300	0.32	0.53	0.53	0	0	0.32
55400	0.32	0.53	0.53	0	0	0.32
55500	0.32	0.53	0.53	0	0	0.32
55600	0.33	0.53	0.53	0	0	0.33
55700	0.33	0.53	0.53	0	0	0.33
55800	0.33	0.54	0.54	0	0	0.33
55900	0.33	0.54	0.54	0	0	0.33
56000	0.34	0.54	0.54	0	0	0.34
56100	0.34	0.54	0.54	0	0	0.34
56200	0.34	0.54	0.54	0	0	0.34
56300	0.35	0.56	0.56	0	0	0.35
56400	0.35	0.54	0.54	0	0	0.35
56500	0.35	0.53	0.53	0	0	0.35
56600	0.35	0.53	0.53	0	0	0.35
56700	0.35	0.53	0.53	0	0	0.35
56800	0.35	0.53	0.53	0	0	0.35
56900	0.35	0.53	0.53	0	0	0.35
57000	0.35	0.53	0.53	0	0	0.35
57100	0.35	0.53	0.53	0	0	0.35
57200	0.35	0.53	0.53	0	0	0.35
57300	0.35	0.53	0.53	0	0	0.35
57400	0.35	0.53	0.53	0	0	0.35
57500	0.35	0.53	0.53	0	0	0.35
57600	0.35	0.53	0.53	0	0	0.35
57700	0.35	0.53	0.53	0	0	0.35
57800	0.35	0.53	0.53	0	0	0.35
57900	0.35	0.53	0.53	0	0	0.35
58000	0.35	0.53	0.53	0	0	0.35
58100	0.35	0.53	0.53	0	0	0.35
58200	0.35	0.53	0.53	0	0	0.35
58300	0.35	0.53	0.53	0	0	0.35
58400	0.35	0.53	0.53	0	0	0.35
58500	0.35	0.53	0.53	0	0	0.35
58600	0.35	0.53	0.53	0	0	0.35
58700	0.35	0.52	0.52	0	0	0.35
58800	0.34	0.52	0.52	0	0	0.34
58900	0.34	0.53	0.53	0	0	0.34
59000	0.33	0.53	0.53	0	0	0.33
59100	0.33	0.53	0.53	0	0	0.33
59200	0.33	0.52	0.52	0	0	0.33
59300	0.33	0.52	0.52	0	0	0.33
59400	0.33	0.52	0.52	0	0	0.33
59500	0.33	0.52	0.52	0	0	0.33
59600	0.33	0.52	0.52	0	0	0.33
59700	0.32	0.52	0.52	0	0	0.32
59800	0.32	0.52	0.52	0	0	0.32
59900	0.31	0.52	0.52	0	0	0.31
60000	0.31	0.52	0.52	0	0	0.31
60100	0.31	0.52	0.52	0	0	0.31
60200	0.31	0.52	0.52	0	0	0.31
60300	0.31	0.51	0.51	0	0	0.31
60400	0.31	0.51	0.51	0	0	0.31
60500	0.32	0.51	0.51	0	0	0.32
60600	0.32	0.51	0.51	0	0	0.32
60700	0.32	0.51	0.51	0	0	0.32
60800	0.32	0.52	0.52	0	0	0.32
60900	0.32	0.52	0.52	0	0	0.32
61000	0.32	0.52	0.52	0	0	0.32
61100	0.32	0.52	0.52	0	0	0.32
61200	0.32	0.52	0.52	0	0	0.32
61300	0.32	0.52	0.52	0	0	0.32
61400	0.32	0.52	0.52	0	0	0.32
61500	0.32	0.52	0.52	0	0	0.32
61600	0.32	0.52	0.52	0	0	0.32
61700	0.31	0.52	0.52	0	0	0.31
61800	0.31	0.52	0.52	0	0	0.31
61900	0.31	0.52	0.52	0	0	0.31
62000	0.31	0.52	0.52	0	0	0.31
62100	0.31	0.52	0.52	0	0	0.31
62200	0.31	0.52	0.52	0	0	0.31
62300	0.31	0.52	0.52	0	0	0.31
62400	0.31	0.52	0.52	0	0	0.31
62500	0.31	0.52	0.52	0	0	0.31
62600	0.31	0.52	0.52	0	0	0.31
62700	0.3	0.52	0.52	0	0	0.3
62800	0.3	0.52	0.52	0	0	0.3
62900	0.3	0.52	0.52	0	0	0.3
63000	0.3	0.52	0.52	0	0	0.3
63100	0.3	0.52	0.52	0	0	0.3
63200	0.3	0.52	0.52	0	0	0.3
63300	0.3	0.53	0.53	0	0	0.3
63400	0.3	0.53	0.53	0	0	0.3
63500	0.3	0.52	0.52	0	0	0.3
63600	0.3	0.52	0.52	0	0	0.3
63700	0.3	0.52	0.52	0	0	0.3
63800	0.3	0.52	0.52	0	0	0.3
63900	0.3	0.52	0.52	0	0	0.3
64000	0.3	0.52	0.52	0	0	0.3
64100	0.3	0.52	0.52	0	0	0.3
64200	0.3	0.52	0.52	0	0	0.3
64300	0.3	0.52	0.52	0	0	0.3
64400	0.31	0.52	0.52	0	0	0.31
64500	0.31	0.51	0.51	0	0	0.31
64600	0.31	0.51	0.51	0	0	0.31
64700	0.31	0.51	0.51	0	0	0.31
64800	0.31	0.51	0.51	0	0	0.31
64900	0.31	0.51	0.51	0	0	0.31
65000	0.31	0.51	0.51	0	0	0.31
65100	0.31	0.5	0.5	0	0	0.31
65200	0.31	0.5	0.5	0	0	0.31
65300	0.31	0.5	0.5	0	0	0.31
65400	0.31	0.5	0.5	0	0	0.31
65500	0.31	0.51	0.51	0	0	0.31
65600	0.31	0.51	0.51	0	0	0.31
65700	0.31	0.51	0.51	0	0	0.31
65800	0.32	0.51	0.51	0	0	0.32
65900	0.33	0.51	0.51	0	0	0.33
66000	0.33	0.51	0.51	0	0	0.33
66100	0.33	0.51	0.51	0	0	0.33
66200	0.32	0.51	0.51	0	0	0.32
66300	0.32	0.51	0.51	0	0	0.32
66400	0.31	0.52	0.52	0	0	0.31
66500	0.31	0.52	0.52	0	0	0.31
66600	0.31	0.52	0.52	0	0	0.31
66700	0.31	0.52	0.52	0	0	0.31
66800	0.31	0.52	0.52	0	0	0.31
66900	0.31	0.52	0.52	0	0	0.31
67000	0.31	0.52	0.52	0	0	0.31
67100	0.31	0.52	0.52	0	0	0.31
67200	0.31	0.52	0.52	0	0	0.31
67300	0.31	0.52	0.52	0	0	0.31
67400	0.31	0.52	0.52	0	0	0.31
67500	0.31	0.52	0.52	0	0	0.31
67600	0.32	0.52	0.52	0	0	0.32
67700	0.32	0.52	0.52	0	0	0.32
67800	0.32	0.52	0.52	0	0	0.32
67900	0.32	0.53	0.53	0	0	0.32
68000	0.32	0.53	0.53	0	0	0.32
68100	0.32	0.53	0.53	0	0	0.32
68200	0.32	0.53	0.53	0	0	0.32
68300	0.33	0.53	0.53	0	0	0.33
68400	0.33	0.53	0.53	0	0	0.33
68500	0.33	0.53	0.53	0	0	0.33
68600	0.33	0.53	0.53	0	0	0.33
68700	0.33	0.53	0.53	0	0	0.33
68800	0.33	0.53	0.53	0	0	0.33
68900	0.33	0.53	0.53	0	0	0.33
69000	0.33	0.53	0.53	0	0	0.33
69100	0.33	0.53	0.53	0	0	0.33
69200	0.33	0.53	0.53	0	0	0.33
69300	0.33	0.53	0.53	0	0	0.33
69400	0.33	0.53	0.53	0	0	0.33
69500	0.33	0.53	0.53	0	0	0.33
69600	0.33	0.53	0.53	0	0	0.33
69700	0.33	0.53	0.53	0	0	0.33
69800	0.33	0.53	0.53	0	0	0.33
69900	0.33	0.53	0.53	0	0	0.33
70000	0.33	0.53	0.53	0	0	0.33
70100	0.33	0.53	0.53	0	0	0.33
70200	0.32	0.53	0.53	0	0	0.32
70300	0.32	0.53	0.53	0	0	0.32
70400	0.32	0.53	0.53	0	0	0.32
70500	0.32	0.53	0.53	0	0	0.32
70600	0.32	0.53	0.53	0	0	0.32
70700	0.32	0.53	0.53	0	0	0.32
70800	0.32	0.53	0.53	0	0	0.32
70900	0.32	0.53	0.53	0	0	0.32
71000	0.32	0.53	0.53	0	0	0.32
71100	0.32	0.53	0.53	0	0	0.32
71200	0.32	0.53	0.53	0	0	0.32
71300	0.32	0.53	0.53	0	0	0.32
71400	0.32	0.53	0.53	0	0	0.32
71500	0.32	0.54	0.54	0	0	0.32
71600	0.32	0.53	0.53	0	0	0.32
71700	0.32	0.53	0.53	0	0	0.32
71800	0.32	0.53	0.53	0	0	0.32
71900	0.32	0.53	0.53	0	0	0.32
72000	0.32	0.53	0.53	0	0	0.32
72100	0.33	0.54	0.54	0	0	0.33
72200	0.33	0.54	0.54	0	0	0.33
72300	0.33	0.54	0.54	0	0	0.33
72400	0.33	0.54	0.54	0	0	0.33
72500	0.33	0.54	0.54	0	0	0.33
72600	0.33	0.54	0.54	0	0	0.33
72700	0.33	0.56	0.56	0	0	0.33
72800	0.33	0.57	0.57	0	0	0.33
72900	0.33	0.57	0.57	0	0	0.33
73000	0.33	0.57	0.57	0	0	0.33
73100	0.33	0.57	0.57	0	0	0.33
73200	0.33	0.57	0.57	0	0	0.33
73300	0.33	0.57	0.57	0	0	0.33
73400	0.33	0.57	0.57	0	0	0.33
73500	0.33	0.57	0.57	0	0	0.33
73600	0.33	0.57	0.57	0	0	0.33
73700	0.33	0.57	0.57	0	0	0.33
73800	0.33	0.57	0.57	0	0	0.33
73900	0.33	0.57	0.57	0	0	0.33
74000	0.33	0.56	0.56	0	0	0.33
74100	0.33	0.56	0.56	0	0	0.33
74200	0.33	0.57	0.57	0	0	0.33
74300	0.33	0.57	0.57	0	0	0.33
74400	0.33	0.57	0.57	0	0	0.33
74500	0.33	0.57	0.57	0	0	0.33
74600	0.33	0.57	0.57	0	0	0.33
74700	0.33	0.57	0.57	0	0	0.33
74800	0.33	0.57	0.57	0	0	0.33
74900	0.33	0.56	0.56	0	0	0.33
75000	0.33	0.56	0.56	0	0	0.33
75100	0.33	0.56	0.56	0	0	0.33
75200	0.33	0.56	0.56	0	0	0.33
75300	0.33	0.56	0.56	0	0	0.33
75400	0.33	0.56	0.56	0	0	0.33
75500	0.33	0.56	0.56	0	0	0.33
75600	0.33	0.56	0.56	0	0	0.33
75700	0.33	0.56	0.56	0	0	0.33
75800	0.33	0.56	0.56	0	0	0.33
75900	0.33	0.55	0.55	0	0	0.33
76000	0.33	0.56	0.56	0	0	0.33
76100	0.33	0.55	0.55	0	0	0.33
76200	0.33	0.55	0.55	0	0	0.33
76300	0.33	0.55	0.55	0	0	0.33
76400	0.33	0.55	0.55	0	0	0.33
76500	0.33	0.55	0.55	0	0	0.33
76600	0.34	0.55	0.55	0	0	0.34
76700	0.34	0.55	0.55	0	0	0.34
76800	0.34	0.55	0.55	0	0	0.34
76900	0.34	0.55	0.55	0	0	0.34
77000	0.34	0.55	0.55	0	0	0.34
77100	0.34	0.55	0.55	0	0	0.34
77200	0.34	0.55	0.55	0	0	0.34
77300	0.34	0.55	0.55	0	0	0.34
77400	0.34	0.56	0.56	0	0	0.34
77500	0.34	0.56	0.56	0	0	0.34
77600	0.34	0.56	0.56	0	0	0.34
77700	0.34	0.56	0.56	0	0	0.34
77800	0.34	0.56	0.56	0	0	0.34
77900	0.34	0.56	0.56	0	0	0.34
78000	0.34	0.55	0.55	0	0	0.34
78100	0.34	0.55	0.55	0	0	0.34
78200	0.34	0.55	0.55	0	0	0.34
78300	0.34	0.55	0.55	0	0	0.34
78400	0.34	0.55	0.55	0	0	0.34
78500	0.34	0.55	0.55	0	0	0.34
78600	0.34	0.55	0.55	0	0	0.34
78700	0.34	0.55	0.55	0	0	0.34
78800	0.33	0.55	0.55	0	0	0.33
78900	0.33	0.55	0.55	0	0	0.33
79000	0.33	0.55	0.55	0	0	0.33
79100	0.33	0.55	0.55	0	0	0.33
79200	0.33	0.55	0.55	0	0	0.33
79300	0.33	0.55	0.55	0	0	0.33
79400	0.33	0.55	0.55	0	0	0.33
79500	0.33	0.55	0.55	0	0	0.33
79600	0.33	0.55	0.55	0	0	0.33
79700	0.33	0.55	0.55	0	0	0.33
79800	0.33	0.55	0.55	0	0	0.33
79900	0.33	0.55	0.55	0	0	0.33
80000	0.34	0.55	0.55	0	0	0.34
80100	0.34	0.55	0.55	0	0	0.34
80200	0.34	0.55	0.55	0	0	0.34
80300	0.34	0.55	0.55	0	0	0.34
80400	0.34	0.55	0.55	0	0	0.34
80500	0.34	0.55	0.55	0	0	0.34
80600	0.34	0.55	0.55	0	0	0.34
80700	0.34	0.56	0.56	0	0	0.34
80800	0.34	0.56	0.56	0	0	0.34
80900	0.34	0.55	0.55	0	0	0.34
81000	0.34	0.55	0.55	0	0	0.34
81100	0.34	0.55	0.55	0	0	0.34
81200	0.34	0.55	0.55	0	0	0.34
81300	0.34	0.55	0.55	0	0	0.34
81400	0.34	0.55	0.55	0	0	0.34
81500	0.34	0.55	0.55	0	0	0.34
81600	0.34	0.55	0.55	0	0	0.34
81700	0.34	0.55	0.55	0	0	0.34
81800	0.34	0.55	0.55	0	0	0.34
81900	0.34	0.54	0.54	0	0	0.34
82000	0.34	0.55	0.55	0	0	0.34
82100	0.34	0.55	0.55	0	0	0.34
82200	0.34	0.55	0.55	0	0	0.34
82300	0.34	0.54	0.54	0	0	0.34
82400	0.34	0.54	0.54	0	0	0.34
82500	0.34	0.54	0.54	0	0	0.34
82600	0.34	0.54	0.54	0	0	0.34
82700	0.34	0.54	0.54	0	0	0.34
82800	0.34	0.54	0.54	0	0	0.34
82900	0.34	0.54	0.54	0	0	0.34
83000	0.34	0.56	0.56	0	0	0.34
83100	0.34	0.56	0.56	0	0	0.34
83200	0.34	0.56	0.56	0	0	0.34
83300	0.34	0.56	0.56	0	0	0.34
83400	0.34	0.56	0.56	0	0	0.34
83500	0.34	0.56	0.56	0	0	0.34
83600	0.34	0.56	0.56	0	0	0.34
83700	0.34	0.56	0.56	0	0	0.34
83800	0.34	0.56	0.56	0	0	0.34
83900	0.34	0.56	0.56	0	0	0.34
84000	0.34	0.57	0.57	0	0	0.34
84100	0.34	0.57	0.57	0	0	0.34
84200	0.34	0.57	0.57	0	0	0.34
84300	0.34	0.57	0.57	0	0	0.34
84400	0.33	0.56	0.56	0	0	0.33
84500	0.33	0.56	0.56	0	0	0.33
84600	0.33	0.56	0.56	0	0	0.33
84700	0.33	0.56	0.56	0	0	0.33
84800	0.33	0.56	0.56	0	0	0.33
84900	0.33	0.56	0.56	0	0	0.33
85000	0.33	0.55	0.55	0	0	0.33
85100	0.32	0.55	0.55	0	0	0.32
85200	0.32	0.55	0.55	0	0	0.32
85300	0.32	0.55	0.55	0	0	0.32
85400	0.32	0.55	0.55	0	0	0.32
85500	0.32	0.55	0.55	0	0	0.32
85600	0.32	0.55	0.55	0	0	0.32
85700	0.32	0.56	0.56	0	0	0.32
85800	0.32	0.56	0.56	0	0	0.32
85900	0.32	0.56	0.56	0	0	0.32
86000	0.32	0.56	0.56	0	0	0.32
86100	0.32	0.56	0.56	0	0	0.32
86200	0.32	0.56	0.56	0	0	0.32
86300	0.32	0.56	0.56	0	0	0.32
86400	0.32	0.55	0.55	0	0	0.32
86500	0.32	0.55	0.55	0	0	0.32
86600	0.32	0.55	0.55	0	0	0.32
86700	0.32	0.55	0.55	0	0	0.32
86800	0.32	0.55	0.55	0	0	0.32
86900	0.32	0.55	0.55	0	0	0.32
87000	0.32	0.55	0.55	0	0	0.32
87100	0.32	0.56	0.56	0	0	0.32
87200	0.32	0.56	0.56	0	0	0.32
87300	0.32	0.56	0.56	0	0	0.32
87400	0.32	0.56	0.56	0	0	0.32
87500	0.32	0.56	0.56	0	0	0.32
87600	0.32	0.56	0.56	0	0	0.32
87700	0.32	0.57	0.57	0	0	0.32
87800	0.32	0.58	0.58	0	0	0.32
87900	0.32	0.58	0.58	0	0	0.32
88000	0.32	0.58	0.58	0	0	0.32
88100	0.32	0.58	0.58	0	0	0.32
88200	0.32	0.58	0.58	0	0	0.32
88300	0.32	0.58	0.58	0	0	0.32
88400	0.32	0.58	0.58	0	0	0.32
88500	0.32	0.58	0.58	0	0	0.32
88600	0.32	0.58	0.58	0	0	0.32
88700	0.32	0.58	0.58	0	0	0.32
88800	0.32	0.58	0.58	0	0	0.32
88900	0.32	0.58	0.58	0	0	0.32
89000	0.32	0.58	0.58	0	0	0.32
89100	0.32	0.58	0.58	0	0	0.32
89200	0.32	0.58	0.58	0	0	0.32
89300	0.32	0.58	0.58	0	0	0.32
89400	0.32	0.58	0.58	0	0	0.32
89500	0.32	0.57	0.57	0	0	0.32
89600	0.32	0.57	0.57	0	0	0.32
89700	0.32	0.57	0.57	0	0	0.32
89800	0.32	0.57	0.57	0	0	0.32
89900	0.32	0.57	0.57	0	0	0.32
90000	0.32	0.57	0.57	0	0	0.32
90100	0.32	0.57	0.57	0	0	0.32
90200	0.32	0.57	0.57	0	0	0.32
90300	0.32	0.57	0.57	0	0	0.32
90400	0.32	0.58	0.58	0	0	0.32
90500	0.32	0.58	0.58	0	0	0.32
90600	0.32	0.58	0.58	0	0	0.32
90700	0.32	0.58	0.58	0	0	0.32
90800	0.32	0.57	0.57	0	0	0.32
90900	0.32	0.57	0.57	0	0	0.32
91000	0.32	0.57	0.57	0	0	0.32
91100	0.32	0.56	0.56	0	0	0.32
91200	0.32	0.56	0.56	0	0	0.32
91300	0.32	0.56	0.56	0	0	0.32
91400	0.32	0.56	0.56	0	0	0.32
91500	0.32	0.56	0.56	0	0	0.32
91600	0.32	0.57	0.57	0	0	0.32
91700	0.32	0.57	0.57	0	0	0.32
91800	0.32	0.58	0.58	0	0	0.32
91900	0.32	0.58	0.58	0	0	0.32
92000	0.32	0.58	0.58	0	0	0.32
92100	0.32	0.58	0.58	0	0	0.32
92200	0.32	0.59	0.59	0	0	0.32
92300	0.32	0.59	0.59	0	0	0.32
92400	0.32	0.59	0.59	0	0	0.32
92500	0.32	0.58	0.58	0	0	0.32
92600	0.31	0.56	0.56	0	0	0.31
92700	0.31	0.56	0.56	0	0	0.31
92800	0.31	0.56	0.56	0	0	0.31
92900	0.31	0.56	0.56	0	0	0.31
93000	0.31	0.56	0.56	0	0	0.31
93100	0.3	0.56	0.56	0	0	0.3
93200	0.3	0.55	0.55	0	0	0.3
93300	0.3	0.55	0.55	0	0	0.3
93400	0.3	0.55	0.55	0	0	0.3
93500	0.3	0.55	0.55	0	0	0.3
93600	0.3	0.55	0.55	0	0	0.3
93700	0.3	0.55	0.55	0	0	0.3
93800	0.3	0.55	0.55	0	0	0.3
93900	0.3	0.55	0.55	0	0	0.3
94000	0.31	0.55	0.55	0	0	0.31
94100	0.31	0.55	0.55	0	0	0.31
94200	0.31	0.55	0.55	0	0	0.31
94300	0.31	0.55	0.55	0	0	0.31
94400	0.31	0.55	0.55	0	0	0.31
94500	0.31	0.55	0.55	0	0	0.31
94600	0.31	0.55	0.55	0	0	0.31
94700	0.31	0.55	0.55	0	0	0.31
94800	0.31	0.55	0.55	0	0	0.31
94900	0.31	0.55	0.55	0	0	0.31
95000	0.31	0.55	0.55	0	0	0.31
95100	0.31	0.56	0.56	0	0	0.31
95200	0.31	0.56	0.56	0	0	0.31
95300	0.31	0.56	0.56	0	0	0.31
95400	0.31	0.56	0.56	0	0	0.31
95500	0.31	0.56	0.56	0	0	0.31
95600	0.31	0.56	0.56	0	0	0.31
95700	0.31	0.56	0.56	0	0	0.31
95800	0.31	0.56	0.56	0	0	0.31
95900	0.31	0.56	0.56	0	0	0.31
96000	0.31	0.56	0.56	0	0	0.31
96100	0.31	0.56	0.56	0	0	0.31
96200	0.31	0.56	0.56	0	0	0.31
96300	0.31	0.56	0.56	0	0	0.31
96400	0.31	0.56	0.56	0	0	0.31
96500	0.31	0.56	0.56	0	0	0.31
96600	0.31	0.56	0.56	0	0	0.31
96700	0.31	0.56	0.56	0	0	0.31
96800	0.31	0.56	0.56	0	0	0.31
96900	0.31	0.56	0.56	0	0	0.31
97000	0.31	0.56	0.56	0	0	0.31
97100	0.31	0.56	0.56	0	0	0.31
97200	0.31	0.56	0.56	0	0	0.31
97300	0.31	0.56	0.56	0	0	0.31
97400	0.31	0.56	0.56	0	0	0.31
97500	0.31	0.56	0.56	0	0	0.31
97600	0.31	0.56	0.56	0	0	0.31
97700	0.31	0.56	0.56	0	0	0.31
97800	0.31	0.56	0.56	0	0	0.31
97900	0.31	0.56	0.56	0	0	0.31
98000	0.31	0.56	0.56	0	0	0.31
98100	0.31	0.56	0.56	0	0	0.31
98200	0.31	0.56	0.56	0	0	0.31
98300	0.31	0.55	0.55	0	0	0.31
98400	0.31	0.55	0.55	0	0	0.31
98500	0.31	0.55	0.55	0	0	0.31
98600	0.31	0.55	0.55	0	0	0.31
98700	0.31	0.55	0.55	0	0	0.31
98800	0.31	0.55	0.55	0	0	0.31
98900	0.31	0.55	0.55	0	0	0.31
99000	0.32	0.55	0.55	0	0	0.32
99100	0.32	0.55	0.55	0	0	0.32
99200	0.32	0.55	0.55	0	0	0.32
99300	0.32	0.55	0.55	0	0	0.32
99400	0.33	0.55	0.55	0	0	0.33
99500	0.33	0.55	0.55	0	0	0.33
99600	0.33	0.55	0.55	0	0	0.33
99700	0.33	0.55	0.55	0	0	0.33
99800	0.33	0.55	0.55	0	0	0.33
99900	0.33	0.55	0.55	0	0	0.33
100000	0.33	0.55	0.55	0	0	0.33
