100	0.08	0.05	0.05	0	0	0.08
200	0.08	0.06	0.06	0	0	0.08
300	0.09	0.06	0.06	0	0	0.09
400	0.1	0.09	0.09	0	0	0.1
500	0.11	0.11	0.11	0	0	0.11
600	0.13	0.11	0.11	0	0	0.13
700	0.12	0.1	0.1	0	0	0.12
800	0.12	0.11	0.11	0	0	0.12
900	0.12	0.11	0.11	0	0	0.12
1000	0.13	0.12	0.12	0	0	0.13
1100	0.13	0.12	0.12	0	0	0.13
1200	0.13	0.13	0.13	0	0	0.13
1300	0.13	0.15	0.15	0	0	0.13
1400	0.14	0.15	0.15	0	0	0.14
1500	0.15	0.17	0.17	0	0	0.15
1600	0.15	0.18	0.18	0	0	0.15
1700	0.16	0.18	0.18	0	0	0.16
1800	0.16	0.19	0.19	0	0	0.16
1900	0.16	0.2	0.2	0	0	0.16
2000	0.17	0.2	0.2	0	0	0.17
2100	0.18	0.2	0.2	0	0	0.18
2200	0.18	0.21	0.21	0	0	0.18
2300	0.18	0.21	0.21	0	0	0.18
2400	0.18	0.21	0.21	0	0	0.18
2500	0.19	0.21	0.21	0	0	0.19
2600	0.19	0.21	0.21	0	0	0.19
2700	0.19	0.22	0.22	0	0	0.19
2800	0.19	0.23	0.23	0	0	0.19
2900	0.19	0.24	0.24	0	0	0.19
3000	0.2	0.24	0.24	0	0	0.2
3100	0.22	0.24	0.24	0	0	0.22
3200	0.22	0.25	0.25	0	0	0.22
3300	0.23	0.25	0.25	0	0	0.23
3400	0.23	0.26	0.26	0	0	0.23
3500	0.24	0.26	0.26	0	0	0.24
3600	0.24	0.26	0.26	0	0	0.24
3700	0.25	0.27	0.27	0	0	0.25
3800	0.25	0.27	0.27	0	0	0.25
3900	0.25	0.28	0.28	0	0	0.25
4000	0.26	0.3	0.3	0	0	0.26
4100	0.26	0.31	0.31	0	0	0.26
4200	0.26	0.33	0.33	0	0	0.26
4300	0.26	0.32	0.32	0	0	0.26
4400	0.27	0.33	0.33	0	0	0.27
4500	0.27	0.34	0.34	0	0	0.27
4600	0.27	0.34	0.34	0	0	0.27
4700	0.27	0.34	0.34	0	0	0.27
4800	0.27	0.34	0.34	0	0	0.27
4900	0.28	0.34	0.34	0	0	0.28
5000	0.28	0.35	0.35	0	0	0.28
5100	0.28	0.35	0.35	0	0	0.28
5200	0.28	0.35	0.35	0	0	0.28
5300	0.28	0.35	0.35	0	0	0.28
5400	0.28	0.35	0.35	0	0	0.28
5500	0.28	0.36	0.36	0	0	0.28
5600	0.28	0.35	0.35	0	0	0.28
5700	0.3	0.36	0.36	0	0	0.3
5800	0.3	0.36	0.36	0	0	0.3
5900	0.32	0.37	0.37	0	0	0.32
6000	0.31	0.37	0.37	0	0	0.31
6100	0.29	0.37	0.37	0	0	0.29
6200	0.29	0.38	0.38	0	0	0.29
6300	0.29	0.36	0.36	0	0	0.29
6400	0.29	0.36	0.36	0	0	0.29
6500	0.29	0.35	0.35	0	0	0.29
6600	0.29	0.35	0.35	0	0	0.29
6700	0.28	0.35	0.35	0	0	0.28
6800	0.27	0.35	0.35	0	0	0.27
6900	0.28	0.35	0.35	0	0	0.28
7000	0.27	0.34	0.34	0	0	0.27
7100	0.27	0.35	0.35	0	0	0.27
7200	0.27	0.35	0.35	0	0	0.27
7300	0.27	0.35	0.35	0	0	0.27
7400	0.27	0.35	0.35	0	0	0.27
7500	0.27	0.35	0.35	0	0	0.27
7600	0.27	0.35	0.35	0	0	0.27
7700	0.27	0.35	0.35	0	0	0.27
7800	0.27	0.34	0.34	0	0	0.27
7900	0.28	0.36	0.36	0	0	0.28
8000	0.28	0.37	0.37	0	0	0.28
8100	0.27	0.37	0.37	0	0	0.27
8200	0.27	0.36	0.36	0	0	0.27
8300	0.28	0.36	0.36	0	0	0.28
8400	0.28	0.36	0.36	0	0	0.28
8500	0.28	0.35	0.35	0	0	0.28
8600	0.28	0.36	0.36	0	0	0.28
8700	0.27	0.37	0.37	0	0	0.27
8800	0.27	0.38	0.38	0	0	0.27
8900	0.27	0.39	0.39	0	0	0.27
9000	0.27	0.39	0.39	0	0	0.27
9100	0.27	0.4	0.4	0	0	0.27
9200	0.27	0.39	0.39	0	0	0.27
9300	0.27	0.4	0.4	0	0	0.27
9400	0.27	0.39	0.39	0	0	0.27
9500	0.28	0.39	0.39	0	0	0.28
9600	0.28	0.39	0.39	0	0	0.28
9700	0.28	0.4	0.4	0	0	0.28
9800	0.28	0.39	0.39	0	0	0.28
9900	0.28	0.39	0.39	0	0	0.28
10000	0.28	0.39	0.39	0	0	0.28
10100	0.28	0.39	0.39	0	0	0.28
10200	0.28	0.4	0.4	0	0	0.28
10300	0.28	0.4	0.4	0	0	0.28
10400	0.28	0.4	0.4	0	0	0.28
10500	0.28	0.4	0.4	0	0	0.28
10600	0.28	0.4	0.4	0	0	0.28
10700	0.28	0.4	0.4	0	0	0.28
10800	0.28	0.4	0.4	0	0	0.28
10900	0.28	0.42	0.42	0	0	0.28
11000	0.28	0.42	0.42	0	0	0.28
11100	0.28	0.42	0.42	0	0	0.28
11200	0.28	0.42	0.42	0	0	0.28
11300	0.27	0.42	0.42	0	0	0.27
11400	0.27	0.42	0.42	0	0	0.27
11500	0.27	0.42	0.42	0	0	0.27
11600	0.27	0.42	0.42	0	0	0.27
11700	0.27	0.43	0.43	0	0	0.27
11800	0.28	0.44	0.44	0	0	0.28
11900	0.28	0.44	0.44	0	0	0.28
12000	0.28	0.44	0.44	0	0	0.28
12100	0.28	0.44	0.44	0	0	0.28
12200	0.28	0.44	0.44	0	0	0.28
12300	0.28	0.45	0.45	0	0	0.28
12400	0.28	0.46	0.46	0	0	0.28
12500	0.28	0.45	0.45	0	0	0.28
12600	0.29	0.45	0.45	0	0	0.29
12700	0.29	0.45	0.45	0	0	0.29
12800	0.29	0.45	0.45	0	0	0.29
12900	0.3	0.45	0.45	0	0	0.3
13000	0.29	0.46	0.46	0	0	0.29
13100	0.29	0.46	0.46	0	0	0.29
13200	0.29	0.47	0.47	0	0	0.29
13300	0.29	0.46	0.46	0	0	0.29
13400	0.29	0.46	0.46	0	0	0.29
13500	0.29	0.46	0.46	0	0	0.29
13600	0.29	0.45	0.45	0	0	0.29
13700	0.29	0.46	0.46	0	0	0.29
13800	0.29	0.46	0.46	0	0	0.29
13900	0.29	0.46	0.46	0	0	0.29
14000	0.29	0.46	0.46	0	0	0.29
14100	0.29	0.46	0.46	0	0	0.29
14200	0.29	0.47	0.47	0	0	0.29
14300	0.29	0.49	0.49	0	0	0.29
14400	0.29	0.49	0.49	0	0	0.29
14500	0.29	0.48	0.48	0	0	0.29
14600	0.29	0.48	0.48	0	0	0.29
14700	0.29	0.48	0.48	0	0	0.29
14800	0.29	0.48	0.48	0	0	0.29
14900	0.29	0.46	0.46	0	0	0.29
15000	0.29	0.46	0.46	0	0	0.29
15100	0.29	0.46	0.46	0	0	0.29
15200	0.29	0.46	0.46	0	0	0.29
15300	0.29	0.46	0.46	0	0	0.29
15400	0.29	0.46	0.46	0	0	0.29
15500	0.3	0.46	0.46	0	0	0.3
15600	0.3	0.45	0.45	0	0	0.3
15700	0.3	0.45	0.45	0	0	0.3
15800	0.3	0.45	0.45	0	0	0.3
15900	0.3	0.45	0.45	0	0	0.3
16000	0.29	0.45	0.45	0	0	0.29
16100	0.28	0.45	0.45	0	0	0.28
16200	0.28	0.45	0.45	0	0	0.28
16300	0.28	0.45	0.45	0	0	0.28
16400	0.28	0.45	0.45	0	0	0.28
16500	0.28	0.45	0.45	0	0	0.28
16600	0.28	0.45	0.45	0	0	0.28
16700	0.28	0.45	0.45	0	0	0.28
16800	0.28	0.45	0.45	0	0	0.28
16900	0.28	0.45	0.45	0	0	0.28
17000	0.29	0.45	0.45	0	0	0.29
17100	0.29	0.45	0.45	0	0	0.29
17200	0.29	0.46	0.46	0	0	0.29
17300	0.29	0.46	0.46	0	0	0.29
17400	0.29	0.48	0.48	0	0	0.29
17500	0.3	0.48	0.48	0	0	0.3
17600	0.3	0.48	0.48	0	0	0.3
17700	0.3	0.48	0.48	0	0	0.3
17800	0.3	0.49	0.49	0	0	0.3
17900	0.3	0.49	0.49	0	0	0.3
18000	0.3	0.49	0.49	0	0	0.3
18100	0.3	0.5	0.5	0	0	0.3
18200	0.3	0.49	0.49	0	0	0.3
18300	0.3	0.49	0.49	0	0	0.3
18400	0.3	0.48	0.48	0	0	0.3
18500	0.3	0.48	0.48	0	0	0.3
18600	0.31	0.48	0.48	0	0	0.31
18700	0.31	0.49	0.49	0	0	0.31
18800	0.31	0.48	0.48	0	0	0.31
18900	0.31	0.49	0.49	0	0	0.31
19000	0.31	0.5	0.5	0	0	0.31
19100	0.31	0.51	0.51	0	0	0.31
19200	0.31	0.51	0.51	0	0	0.31
19300	0.31	0.51	0.51	0	0	0.31
19400	0.31	0.51	0.51	0	0	0.31
19500	0.31	0.51	0.51	0	0	0.31
19600	0.31	0.51	0.51	0	0	0.31
19700	0.31	0.5	0.5	0	0	0.31
19800	0.3	0.51	0.51	0	0	0.3
19900	0.3	0.51	0.51	0	0	0.3
20000	0.3	0.51	0.51	0	0	0.3
20100	0.29	0.51	0.51	0	0	0.29
20200	0.29	0.51	0.51	0	0	0.29
20300	0.29	0.51	0.51	0	0	0.29
20400	0.29	0.51	0.51	0	0	0.29
20500	0.29	0.51	0.51	0	0	0.29
20600	0.3	0.52	0.52	0	0	0.3
20700	0.3	0.52	0.52	0	0	0.3
20800	0.3	0.52	0.52	0	0	0.3
20900	0.3	0.52	0.52	0	0	0.3
21000	0.3	0.52	0.52	0	0	0.3
21100	0.3	0.51	0.51	0	0	0.3
21200	0.3	0.51	0.51	0	0	0.3
21300	0.3	0.51	0.51	0	0	0.3
21400	0.3	0.51	0.51	0	0	0.3
21500	0.3	0.51	0.51	0	0	0.3
21600	0.3	0.51	0.51	0	0	0.3
21700	0.3	0.51	0.51	0	0	0.3
21800	0.3	0.51	0.51	0	0	0.3
21900	0.3	0.5	0.5	0	0	0.3
22000	0.3	0.5	0.5	0	0	0.3
22100	0.3	0.5	0.5	0	0	0.3
22200	0.3	0.51	0.51	0	0	0.3
22300	0.3	0.51	0.51	0	0	0.3
22400	0.3	0.51	0.51	0	0	0.3
22500	0.3	0.51	0.51	0	0	0.3
22600	0.31	0.51	0.51	0	0	0.31
22700	0.31	0.51	0.51	0	0	0.31
22800	0.31	0.51	0.51	0	0	0.31
22900	0.31	0.51	0.51	0	0	0.31
23000	0.31	0.5	0.5	0	0	0.31
23100	0.31	0.5	0.5	0	0	0.31
23200	0.31	0.5	0.5	0	0	0.31
23300	0.31	0.49	0.49	0	0	0.31
23400	0.31	0.49	0.49	0	0	0.31
23500	0.31	0.49	0.49	0	0	0.31
23600	0.31	0.49	0.49	0	0	0.31
23700	0.31	0.49	0.49	0	0	0.31
23800	0.31	0.49	0.49	0	0	0.31
23900	0.31	0.49	0.49	0	0	0.31
24000	0.31	0.49	0.49	0	0	0.31
24100	0.31	0.48	0.48	0	0	0.31
24200	0.31	0.47	0.47	0	0	0.31
24300	0.31	0.47	0.47	0	0	0.31
24400	0.31	0.48	0.48	0	0	0.31
24500	0.31	0.47	0.47	0	0	0.31
24600	0.31	0.48	0.48	0	0	0.31
24700	0.31	0.49	0.49	0	0	0.31
24800	0.31	0.49	0.49	0	0	0.31
24900	0.31	0.49	0.49	0	0	0.31
25000	0.31	0.47	0.47	0	0	0.31
25100	0.31	0.47	0.47	0	0	0.31
25200	0.31	0.47	0.47	0	0	0.31
25300	0.31	0.47	0.47	0	0	0.31
25400	0.32	0.48	0.48	0	0	0.32
25500	0.32	0.48	0.48	0	0	0.32
25600	0.32	0.48	0.48	0	0	0.32
25700	0.32	0.49	0.49	0	0	0.32
25800	0.32	0.49	0.49	0	0	0.32
25900	0.32	0.49	0.49	0	0	0.32
26000	0.32	0.49	0.49	0	0	0.32
26100	0.32	0.48	0.48	0	0	0.32
26200	0.32	0.48	0.48	0	0	0.32
26300	0.32	0.48	0.48	0	0	0.32
26400	0.32	0.48	0.48	0	0	0.32
26500	0.32	0.48	0.48	0	0	0.32
26600	0.32	0.49	0.49	0	0	0.32
26700	0.33	0.48	0.48	0	0	0.33
26800	0.33	0.48	0.48	0	0	0.33
26900	0.33	0.48	0.48	0	0	0.33
27000	0.34	0.48	0.48	0	0	0.34
27100	0.34	0.48	0.48	0	0	0.34
27200	0.34	0.48	0.48	0	0	0.34
27300	0.34	0.48	0.48	0	0	0.34
27400	0.34	0.48	0.48	0	0	0.34
27500	0.35	0.49	0.49	0	0	0.35
27600	0.35	0.49	0.49	0	0	0.35
27700	0.37	0.5	0.5	0	0	0.37
27800	0.36	0.5	0.5	0	0	0.36
27900	0.36	0.49	0.49	0	0	0.36
28000	0.36	0.49	0.49	0	0	0.36
28100	0.36	0.49	0.49	0	0	0.36
28200	0.35	0.5	0.5	0	0	0.35
28300	0.35	0.5	0.5	0	0	0.35
28400	0.35	0.49	0.49	0	0	0.35
28500	0.35	0.49	0.49	0	0	0.35
28600	0.35	0.49	0.49	0	0	0.35
28700	0.35	0.49	0.49	0	0	0.35
28800	0.35	0.49	0.49	0	0	0.35
28900	0.35	0.5	0.5	0	0	0.35
29000	0.36	0.51	0.51	0	0	0.36
29100	0.36	0.51	0.51	0	0	0.36
29200	0.36	0.51	0.51	0	0	0.36
29300	0.36	0.51	0.51	0	0	0.36
29400	0.36	0.51	0.51	0	0	0.36
29500	0.36	0.5	0.5	0	0	0.36
29600	0.36	0.5	0.5	0	0	0.36
29700	0.36	0.5	0.5	0	0	0.36
29800	0.36	0.5	0.5	0	0	0.36
29900	0.36	0.5	0.5	0	0	0.36
30000	0.36	0.5	0.5	0	0	0.36
30100	0.36	0.49	0.49	0	0	0.36
30200	0.36	0.49	0.49	0	0	0.36
30300	0.36	0.49	0.49	0	0	0.36
30400	0.36	0.49	0.49	0	0	0.36
30500	0.36	0.49	0.49	0	0	0.36
30600	0.36	0.49	0.49	0	0	0.36
30700	0.36	0.49	0.49	0	0	0.36
30800	0.36	0.5	0.5	0	0	0.36
30900	0.36	0.5	0.5	0	0	0.36
31000	0.36	0.5	0.5	0	0	0.36
31100	0.36	0.5	0.5	0	0	0.36
31200	0.36	0.49	0.49	0	0	0.36
31300	0.36	0.49	0.49	0	0	0.36
31400	0.36	0.49	0.49	0	0	0.36
31500	0.36	0.49	0.49	0	0	0.36
31600	0.36	0.49	0.49	0	0	0.36
31700	0.36	0.49	0.49	0	0	0.36
31800	0.36	0.48	0.48	0	0	0.36
31900	0.35	0.48	0.48	0	0	0.35
32000	0.35	0.48	0.48	0	0	0.35
32100	0.35	0.48	0.48	0	0	0.35
32200	0.35	0.47	0.47	0	0	0.35
32300	0.35	0.47	0.47	0	0	0.35
32400	0.35	0.47	0.47	0	0	0.35
32500	0.36	0.47	0.47	0	0	0.36
32600	0.36	0.47	0.47	0	0	0.36
32700	0.36	0.47	0.47	0	0	0.36
32800	0.36	0.47	0.47	0	0	0.36
32900	0.36	0.47	0.47	0	0	0.36
33000	0.36	0.47	0.47	0	0	0.36
33100	0.36	0.46	0.46	0	0	0.36
33200	0.36	0.46	0.46	0	0	0.36
33300	0.36	0.46	0.46	0	0	0.36
33400	0.36	0.46	0.46	0	0	0.36
33500	0.36	0.45	0.45	0	0	0.36
33600	0.36	0.45	0.45	0	0	0.36
33700	0.36	0.45	0.45	0	0	0.36
33800	0.36	0.46	0.46	0	0	0.36
33900	0.36	0.46	0.46	0	0	0.36
34000	0.36	0.45	0.45	0	0	0.36
34100	0.36	0.44	0.44	0	0	0.36
34200	0.36	0.44	0.44	0	0	0.36
34300	0.36	0.44	0.44	0	0	0.36
34400	0.36	0.43	0.43	0	0	0.36
34500	0.36	0.43	0.43	0	0	0.36
34600	0.36	0.43	0.43	0	0	0.36
34700	0.35	0.42	0.42	0	0	0.35
34800	0.35	0.42	0.42	0	0	0.35
34900	0.35	0.42	0.42	0	0	0.35
35000	0.35	0.42	0.42	0	0	0.35
35100	0.35	0.43	0.43	0	0	0.35
35200	0.35	0.43	0.43	0	0	0.35
35300	0.35	0.43	0.43	0	0	0.35
35400	0.35	0.43	0.43	0	0	0.35
35500	0.35	0.43	0.43	0	0	0.35
35600	0.35	0.43	0.43	0	0	0.35
35700	0.34	0.43	0.43	0	0	0.34
35800	0.34	0.43	0.43	0	0	0.34
35900	0.34	0.43	0.43	0	0	0.34
36000	0.34	0.43	0.43	0	0	0.34
36100	0.34	0.43	0.43	0	0	0.34
36200	0.34	0.43	0.43	0	0	0.34
36300	0.35	0.45	0.45	0	0	0.35
36400	0.35	0.44	0.44	0	0	0.35
36500	0.35	0.44	0.44	0	0	0.35
36600	0.35	0.45	0.45	0	0	0.35
36700	0.35	0.45	0.45	0	0	0.35
36800	0.36	0.45	0.45	0	0	0.36
36900	0.36	0.45	0.45	0	0	0.36
37000	0.36	0.45	0.45	0	0	0.36
37100	0.36	0.47	0.47	0	0	0.36
37200	0.36	0.47	0.47	0	0	0.36
37300	0.36	0.47	0.47	0	0	0.36
37400	0.36	0.46	0.46	0	0	0.36
37500	0.36	0.46	0.46	0	0	0.36
37600	0.36	0.46	0.46	0	0	0.36
37700	0.36	0.46	0.46	0	0	0.36
37800	0.36	0.46	0.46	0	0	0.36
37900	0.36	0.46	0.46	0	0	0.36
38000	0.35	0.46	0.46	0	0	0.35
38100	0.35	0.46	0.46	0	0	0.35
38200	0.35	0.47	0.47	0	0	0.35
38300	0.35	0.47	0.47	0	0	0.35
38400	0.35	0.47	0.47	0	0	0.35
38500	0.34	0.47	0.47	0	0	0.34
38600	0.35	0.47	0.47	0	0	0.35
38700	0.35	0.47	0.47	0	0	0.35
38800	0.34	0.48	0.48	0	0	0.34
38900	0.34	0.48	0.48	0	0	0.34
39000	0.34	0.48	0.48	0	0	0.34
39100	0.33	0.48	0.48	0	0	0.33
39200	0.33	0.47	0.47	0	0	0.33
39300	0.34	0.47	0.47	0	0	0.34
39400	0.34	0.46	0.46	0	0	0.34
39500	0.34	0.46	0.46	0	0	0.34
39600	0.34	0.46	0.46	0	0	0.34
39700	0.34	0.46	0.46	0	0	0.34
39800	0.34	0.46	0.46	0	0	0.34
39900	0.34	0.46	0.46	0	0	0.34
40000	0.34	0.46	0.46	0	0	0.34
40100	0.34	0.45	0.45	0	0	0.34
40200	0.34	0.45	0.45	0	0	0.34
40300	0.34	0.45	0.45	0	0	0.34
40400	0.35	0.45	0.45	0	0	0.35
40500	0.36	0.45	0.45	0	0	0.36
40600	0.36	0.44	0.44	0	0	0.36
40700	0.36	0.44	0.44	0	0	0.36
40800	0.36	0.44	0.44	0	0	0.36
40900	0.36	0.43	0.43	0	0	0.36
41000	0.36	0.42	0.42	0	0	0.36
41100	0.37	0.42	0.42	0	0	0.37
41200	0.37	0.42	0.42	0	0	0.37
41300	0.37	0.43	0.43	0	0	0.37
41400	0.37	0.43	0.43	0	0	0.37
41500	0.37	0.44	0.44	0	0	0.37
41600	0.37	0.44	0.44	0	0	0.37
41700	0.37	0.44	0.44	0	0	0.37
41800	0.37	0.44	0.44	0	0	0.37
41900	0.37	0.44	0.44	0	0	0.37
42000	0.37	0.44	0.44	0	0	0.37
42100	0.37	0.44	0.44	0	0	0.37
42200	0.37	0.44	0.44	0	0	0.37
42300	0.38	0.45	0.45	0	0	0.38
42400	0.38	0.44	0.44	0	0	0.38
42500	0.37	0.44	0.44	0	0	0.37
42600	0.37	0.44	0.44	0	0	0.37
42700	0.37	0.44	0.44	0	0	0.37
42800	0.38	0.43	0.43	0	0	0.38
42900	0.38	0.43	0.43	0	0	0.38
43000	0.38	0.43	0.43	0	0	0.38
43100	0.38	0.45	0.45	0	0	0.38
43200	0.38	0.45	0.45	0	0	0.38
43300	0.38	0.45	0.45	0	0	0.38
43400	0.38	0.45	0.45	0	0	0.38
43500	0.38	0.45	0.45	0	0	0.38
43600	0.38	0.45	0.45	0	0	0.38
43700	0.38	0.46	0.46	0	0	0.38
43800	0.38	0.48	0.48	0	0	0.38
43900	0.38	0.48	0.48	0	0	0.38
44000	0.38	0.48	0.48	0	0	0.38
44100	0.38	0.48	0.48	0	0	0.38
44200	0.38	0.48	0.48	0	0	0.38
44300	0.38	0.48	0.48	0	0	0.38
44400	0.38	0.48	0.48	0	0	0.38
44500	0.38	0.48	0.48	0	0	0.38
44600	0.38	0.49	0.49	0	0	0.38
44700	0.38	0.48	0.48	0	0	0.38
44800	0.38	0.48	0.48	0	0	0.38
44900	0.38	0.48	0.48	0	0	0.38
45000	0.37	0.48	0.48	0	0	0.37
45100	0.37	0.48	0.48	0	0	0.37
45200	0.37	0.48	0.48	0	0	0.37
45300	0.37	0.48	0.48	0	0	0.37
45400	0.37	0.49	0.49	0	0	0.37
45500	0.37	0.49	0.49	0	0	0.37
45600	0.37	0.49	0.49	0	0	0.37
45700	0.37	0.49	0.49	0	0	0.37
45800	0.37	0.49	0.49	0	0	0.37
45900	0.37	0.49	0.49	0	0	0.37
46000	0.37	0.49	0.49	0	0	0.37
46100	0.37	0.49	0.49	0	0	0.37
46200	0.37	0.49	0.49	0	0	0.37
46300	0.37	0.49	0.49	0	0	0.37
46400	0.37	0.49	0.49	0	0	0.37
46500	0.37	0.49	0.49	0	0	0.37
46600	0.37	0.49	0.49	0	0	0.37
46700	0.37	0.49	0.49	0	0	0.37
46800	0.37	0.49	0.49	0	0	0.37
46900	0.37	0.49	0.49	0	0	0.37
47000	0.37	0.49	0.49	0	0	0.37
47100	0.37	0.49	0.49	0	0	0.37
47200	0.37	0.47	0.47	0	0	0.37
47300	0.37	0.46	0.46	0	0	0.37
47400	0.37	0.46	0.46	0	0	0.37
47500	0.37	0.47	0.47	0	0	0.37
47600	0.37	0.46	0.46	0	0	0.37
47700	0.37	0.46	0.46	0	0	0.37
47800	0.38	0.46	0.46	0	0	0.38
47900	0.38	0.46	0.46	0	0	0.38
48000	0.38	0.46	0.46	0	0	0.38
48100	0.38	0.46	0.46	0	0	0.38
48200	0.38	0.46	0.46	0	0	0.38
48300	0.38	0.46	0.46	0	0	0.38
48400	0.38	0.46	0.46	0	0	0.38
48500	0.38	0.46	0.46	0	0	0.38
48600	0.38	0.46	0.46	0	0	0.38
48700	0.38	0.45	0.45	0	0	0.38
48800	0.38	0.45	0.45	0	0	0.38
48900	0.38	0.47	0.47	0	0	0.38
49000	0.38	0.46	0.46	0	0	0.38
49100	0.38	0.47	0.47	0	0	0.38
49200	0.38	0.48	0.48	0	0	0.38
49300	0.38	0.49	0.49	0	0	0.38
49400	0.38	0.49	0.49	0	0	0.38
49500	0.38	0.49	0.49	0	0	0.38
49600	0.38	0.49	0.49	0	0	0.38
49700	0.38	0.49	0.49	0	0	0.38
49800	0.38	0.49	0.49	0	0	0.38
49900	0.39	0.49	0.49	0	0	0.39
50000	0.39	0.49	0.49	0	0	0.39
50100	0.38	0.48	0.48	0	0	0.38
50200	0.39	0.48	0.48	0	0	0.39
50300	0.39	0.48	0.48	0	0	0.39
50400	0.39	0.48	0.48	0	0	0.39
50500	0.39	0.48	0.48	0	0	0.39
50600	0.39	0.48	0.48	0	0	0.39
50700	0.39	0.48	0.48	0	0	0.39
50800	0.39	0.48	0.48	0	0	0.39
50900	0.39	0.48	0.48	0	0	0.39
51000	0.39	0.48	0.48	0	0	0.39
51100	0.39	0.49	0.49	0	0	0.39
51200	0.39	0.49	0.49	0	0	0.39
51300	0.39	0.49	0.49	0	0	0.39
51400	0.39	0.49	0.49	0	0	0.39
51500	0.39	0.5	0.5	0	0	0.39
51600	0.39	0.5	0.5	0	0	0.39
51700	0.4	0.5	0.5	0	0	0.4
51800	0.4	0.5	0.5	0	0	0.4
51900	0.4	0.5	0.5	0	0	0.4
52000	0.4	0.51	0.51	0	0	0.4
52100	0.4	0.51	0.51	0	0	0.4
52200	0.4	0.5	0.5	0	0	0.4
52300	0.4	0.5	0.5	0	0	0.4
52400	0.4	0.5	0.5	0	0	0.4
52500	0.4	0.5	0.5	0	0	0.4
52600	0.4	0.5	0.5	0	0	0.4
52700	0.4	0.5	0.5	0	0	0.4
52800	0.4	0.5	0.5	0	0	0.4
52900	0.4	0.5	0.5	0	0	0.4
53000	0.4	0.5	0.5	0	0	0.4
53100	0.4	0.49	0.49	0	0	0.4
53200	0.4	0.49	0.49	0	0	0.4
53300	0.4	0.49	0.49	0	0	0.4
53400	0.4	0.49	0.49	0	0	0.4
53500	0.4	0.49	0.49	0	0	0.4
53600	0.4	0.49	0.49	0	0	0.4
53700	0.4	0.49	0.49	0	0	0.4
53800	0.4	0.49	0.49	0	0	0.4
53900	0.4	0.49	0.49	0	0	0.4
54000	0.39	0.49	0.49	0	0	0.39
54100	0.39	0.49	0.49	0	0	0.39
54200	0.39	0.49	0.49	0	0	0.39
54300	0.39	0.5	0.5	0	0	0.39
54400	0.39	0.5	0.5	0	0	0.39
54500	0.39	0.5	0.5	0	0	0.39
54600	0.38	0.5	0.5	0	0	0.38
54700	0.38	0.5	0.5	0	0	0.38
54800	0.39	0.5	0.5	0	0	0.39
54900	0.39	0.5	0.5	0	0	0.39
55000	0.39	0.5	0.5	0	0	0.39
55100	0.39	0.5	0.5	0	0	0.39
55200	0.39	0.5	0.5	0	0	0.39
55300	0.39	0.5	0.5	0	0	0.39
55400	0.39	0.5	0.5	0	0	0.39
55500	0.39	0.5	0.5	0	0	0.39
55600	0.39	0.5	0.5	0	0	0.39
55700	0.39	0.5	0.5	0	0	0.39
55800	0.39	0.5	0.5	0	0	0.39
55900	0.39	0.5	0.5	0	0	0.39
56000	0.39	0.5	0.5	0	0	0.39
56100	0.39	0.5	0.5	0	0	0.39
56200	0.39	0.5	0.5	0	0	0.39
56300	0.39	0.5	0.5	0	0	0.39
56400	0.39	0.5	0.5	0	0	0.39
56500	0.39	0.5	0.5	0	0	0.39
56600	0.39	0.5	0.5	0	0	0.39
56700	0.39	0.5	0.5	0	0	0.39
56800	0.39	0.51	0.51	0	0	0.39
56900	0.39	0.51	0.51	0	0	0.39
57000	0.39	0.5	0.5	0	0	0.39
57100	0.39	0.5	0.5	0	0	0.39
57200	0.39	0.5	0.5	0	0	0.39
57300	0.39	0.5	0.5	0	0	0.39
57400	0.39	0.5	0.5	0	0	0.39
57500	0.39	0.5	0.5	0	0	0.39
57600	0.39	0.5	0.5	0	0	0.39
57700	0.39	0.5	0.5	0	0	0.39
57800	0.39	0.5	0.5	0	0	0.39
57900	0.39	0.5	0.5	0	0	0.39
58000	0.39	0.5	0.5	0	0	0.39
58100	0.39	0.5	0.5	0	0	0.39
58200	0.39	0.5	0.5	0	0	0.39
58300	0.39	0.5	0.5	0	0	0.39
58400	0.39	0.51	0.51	0	0	0.39
58500	0.39	0.51	0.51	0	0	0.39
58600	0.39	0.51	0.51	0	0	0.39
58700	0.39	0.51	0.51	0	0	0.39
58800	0.39	0.51	0.51	0	0	0.39
58900	0.39	0.51	0.51	0	0	0.39
59000	0.39	0.51	0.51	0	0	0.39
59100	0.39	0.51	0.51	0	0	0.39
59200	0.39	0.52	0.52	0	0	0.39
59300	0.39	0.51	0.51	0	0	0.39
59400	0.39	0.52	0.52	0	0	0.39
59500	0.39	0.52	0.52	0	0	0.39
59600	0.39	0.52	0.52	0	0	0.39
59700	0.39	0.52	0.52	0	0	0.39
59800	0.39	0.52	0.52	0	0	0.39
59900	0.39	0.52	0.52	0	0	0.39
60000	0.39	0.52	0.52	0	0	0.39
60100	0.39	0.52	0.52	0	0	0.39
60200	0.39	0.52	0.52	0	0	0.39
60300	0.39	0.52	0.52	0	0	0.39
60400	0.39	0.52	0.52	0	0	0.39
60500	0.39	0.52	0.52	0	0	0.39
60600	0.39	0.53	0.53	0	0	0.39
60700	0.39	0.53	0.53	0	0	0.39
60800	0.39	0.52	0.52	0	0	0.39
60900	0.39	0.52	0.52	0	0	0.39
61000	0.39	0.52	0.52	0	0	0.39
61100	0.39	0.52	0.52	0	0	0.39
61200	0.39	0.52	0.52	0	0	0.39
61300	0.39	0.52	0.52	0	0	0.39
61400	0.39	0.52	0.52	0	0	0.39
61500	0.39	0.52	0.52	0	0	0.39
61600	0.39	0.52	0.52	0	0	0.39
61700	0.39	0.52	0.52	0	0	0.39
61800	0.39	0.52	0.52	0	0	0.39
61900	0.39	0.52	0.52	0	0	0.39
62000	0.39	0.51	0.51	0	0	0.39
62100	0.39	0.51	0.51	0	0	0.39
62200	0.39	0.51	0.51	0	0	0.39
62300	0.39	0.51	0.51	0	0	0.39
62400	0.39	0.51	0.51	0	0	0.39
62500	0.39	0.51	0.51	0	0	0.39
62600	0.39	0.51	0.51	0	0	0.39
62700	0.39	0.51	0.51	0	0	0.39
62800	0.39	0.51	0.51	0	0	0.39
62900	0.39	0.51	0.51	0	0	0.39
63000	0.39	0.51	0.51	0	0	0.39
63100	0.39	0.51	0.51	0	0	0.39
63200	0.39	0.5	0.5	0	0	0.39
63300	0.39	0.5	0.5	0	0	0.39
63400	0.39	0.5	0.5	0	0	0.39
63500	0.39	0.5	0.5	0	0	0.39
63600	0.39	0.5	0.5	0	0	0.39
63700	0.39	0.5	0.5	0	0	0.39
63800	0.39	0.5	0.5	0	0	0.39
63900	0.39	0.5	0.5	0	0	0.39
64000	0.39	0.5	0.5	0	0	0.39
64100	0.39	0.5	0.5	0	0	0.39
64200	0.39	0.5	0.5	0	0	0.39
64300	0.39	0.5	0.5	0	0	0.39
64400	0.39	0.5	0.5	0	0	0.39
64500	0.39	0.5	0.5	0	0	0.39
64600	0.39	0.5	0.5	0	0	0.39
64700	0.39	0.5	0.5	0	0	0.39
64800	0.38	0.5	0.5	0	0	0.38
64900	0.38	0.5	0.5	0	0	0.38
65000	0.38	0.5	0.5	0	0	0.38
65100	0.38	0.5	0.5	0	0	0.38
65200	0.38	0.5	0.5	0	0	0.38
65300	0.38	0.5	0.5	0	0	0.38
65400	0.38	0.5	0.5	0	0	0.38
65500	0.38	0.5	0.5	0	0	0.38
65600	0.38	0.51	0.51	0	0	0.38
65700	0.38	0.51	0.51	0	0	0.38
65800	0.38	0.51	0.51	0	0	0.38
65900	0.38	0.51	0.51	0	0	0.38
66000	0.38	0.52	0.52	0	0	0.38
66100	0.38	0.51	0.51	0	0	0.38
66200	0.38	0.51	0.51	0	0	0.38
66300	0.38	0.51	0.51	0	0	0.38
66400	0.37	0.51	0.51	0	0	0.37
66500	0.37	0.51	0.51	0	0	0.37
66600	0.37	0.51	0.51	0	0	0.37
66700	0.37	0.51	0.51	0	0	0.37
66800	0.37	0.51	0.51	0	0	0.37
66900	0.37	0.51	0.51	0	0	0.37
67000	0.37	0.51	0.51	0	0	0.37
67100	0.37	0.51	0.51	0	0	0.37
67200	0.37	0.51	0.51	0	0	0.37
67300	0.37	0.51	0.51	0	0	0.37
67400	0.37	0.51	0.51	0	0	0.37
67500	0.37	0.51	0.51	0	0	0.37
67600	0.36	0.51	0.51	0	0	0.36
67700	0.36	0.51	0.51	0	0	0.36
67800	0.36	0.51	0.51	0	0	0.36
67900	0.36	0.51	0.51	0	0	0.36
68000	0.36	0.51	0.51	0	0	0.36
68100	0.36	0.51	0.51	0	0	0.36
68200	0.36	0.51	0.51	0	0	0.36
68300	0.36	0.51	0.51	0	0	0.36
68400	0.37	0.51	0.51	0	0	0.37
68500	0.37	0.51	0.51	0	0	0.37
68600	0.37	0.51	0.51	0	0	0.37
68700	0.37	0.51	0.51	0	0	0.37
68800	0.37	0.51	0.51	0	0	0.37
68900	0.37	0.51	0.51	0	0	0.37
69000	0.37	0.51	0.51	0	0	0.37
69100	0.37	0.51	0.51	0	0	0.37
69200	0.37	0.51	0.51	0	0	0.37
69300	0.37	0.51	0.51	0	0	0.37
69400	0.37	0.51	0.51	0	0	0.37
69500	0.37	0.51	0.51	0	0	0.37
69600	0.37	0.51	0.51	0	0	0.37
69700	0.37	0.51	0.51	0	0	0.37
69800	0.37	0.51	0.51	0	0	0.37
69900	0.37	0.51	0.51	0	0	0.37
70000	0.37	0.51	0.51	0	0	0.37
70100	0.37	0.51	0.51	0	0	0.37
70200	0.37	0.51	0.51	0	0	0.37
70300	0.37	0.52	0.52	0	0	0.37
70400	0.37	0.52	0.52	0	0	0.37
70500	0.37	0.52	0.52	0	0	0.37
70600	0.37	0.52	0.52	0	0	0.37
70700	0.37	0.52	0.52	0	0	0.37
70800	0.37	0.52	0.52	0	0	0.37
70900	0.37	0.52	0.52	0	0	0.37
71000	0.37	0.52	0.52	0	0	0.37
71100	0.37	0.52	0.52	0	0	0.37
71200	0.37	0.52	0.52	0	0	0.37
71300	0.37	0.52	0.52	0	0	0.37
71400	0.37	0.52	0.52	0	0	0.37
71500	0.37	0.52	0.52	0	0	0.37
71600	0.37	0.52	0.52	0	0	0.37
71700	0.37	0.52	0.52	0	0	0.37
71800	0.37	0.53	0.53	0	0	0.37
71900	0.37	0.53	0.53	0	0	0.37
72000	0.37	0.53	0.53	0	0	0.37
72100	0.37	0.53	0.53	0	0	0.37
72200	0.37	0.53	0.53	0	0	0.37
72300	0.37	0.52	0.52	0	0	0.37
72400	0.37	0.53	0.53	0	0	0.37
72500	0.37	0.53	0.53	0	0	0.37
72600	0.37	0.53	0.53	0	0	0.37
72700	0.38	0.53	0.53	0	0	0.38
72800	0.38	0.53	0.53	0	0	0.38
72900	0.38	0.53	0.53	0	0	0.38
73000	0.38	0.52	0.52	0	0	0.38
73100	0.38	0.52	0.52	0	0	0.38
73200	0.38	0.52	0.52	0	0	0.38
73300	0.39	0.51	0.51	0	0	0.39
73400	0.39	0.51	0.51	0	0	0.39
73500	0.39	0.51	0.51	0	0	0.39
73600	0.39	0.51	0.51	0	0	0.39
73700	0.39	0.51	0.51	0	0	0.39
73800	0.39	0.51	0.51	0	0	0.39
73900	0.39	0.51	0.51	0	0	0.39
74000	0.39	0.51	0.51	0	0	0.39
74100	0.39	0.51	0.51	0	0	0.39
74200	0.39	0.52	0.52	0	0	0.39
74300	0.39	0.52	0.52	0	0	0.39
74400	0.39	0.52	0.52	0	0	0.39
74500	0.39	0.52	0.52	0	0	0.39
74600	0.39	0.52	0.52	0	0	0.39
74700	0.39	0.52	0.52	0	0	0.39
74800	0.39	0.52	0.52	0	0	0.39
74900	0.39	0.52	0.52	0	0	0.39
75000	0.39	0.52	0.52	0	0	0.39
75100	0.39	0.52	0.52	0	0	0.39
75200	0.39	0.52	0.52	0	0	0.39
75300	0.39	0.52	0.52	0	0	0.39
75400	0.39	0.52	0.52	0	0	0.39
75500	0.39	0.52	0.52	0	0	0.39
75600	0.39	0.52	0.52	0	0	0.39
75700	0.39	0.52	0.52	0	0	0.39
75800	0.39	0.51	0.51	0	0	0.39
75900	0.39	0.51	0.51	0	0	0.39
76000	0.38	0.51	0.51	0	0	0.38
76100	0.38	0.51	0.51	0	0	0.38
76200	0.38	0.51	0.51	0	0	0.38
76300	0.38	0.51	0.51	0	0	0.38
76400	0.38	0.51	0.51	0	0	0.38
76500	0.38	0.51	0.51	0	0	0.38
76600	0.38	0.51	0.51	0	0	0.38
76700	0.38	0.51	0.51	0	0	0.38
76800	0.38	0.52	0.52	0	0	0.38
76900	0.38	0.52	0.52	0	0	0.38
77000	0.38	0.52	0.52	0	0	0.38
77100	0.38	0.52	0.52	0	0	0.38
77200	0.38	0.53	0.53	0	0	0.38
77300	0.38	0.53	0.53	0	0	0.38
77400	0.38	0.53	0.53	0	0	0.38
77500	0.38	0.53	0.53	0	0	0.38
77600	0.38	0.53	0.53	0	0	0.38
77700	0.38	0.53	0.53	0	0	0.38
77800	0.38	0.53	0.53	0	0	0.38
77900	0.38	0.53	0.53	0	0	0.38
78000	0.38	0.53	0.53	0	0	0.38
78100	0.38	0.53	0.53	0	0	0.38
78200	0.38	0.53	0.53	0	0	0.38
78300	0.38	0.53	0.53	0	0	0.38
78400	0.38	0.53	0.53	0	0	0.38
78500	0.38	0.54	0.54	0	0	0.38
78600	0.38	0.54	0.54	0	0	0.38
78700	0.38	0.53	0.53	0	0	0.38
78800	0.38	0.53	0.53	0	0	0.38
78900	0.38	0.53	0.53	0	0	0.38
79000	0.38	0.52	0.52	0	0	0.38
79100	0.38	0.52	0.52	0	0	0.38
79200	0.38	0.52	0.52	0	0	0.38
79300	0.38	0.52	0.52	0	0	0.38
79400	0.38	0.52	0.52	0	0	0.38
79500	0.38	0.52	0.52	0	0	0.38
79600	0.38	0.53	0.53	0	0	0.38
79700	0.38	0.53	0.53	0	0	0.38
79800	0.38	0.53	0.53	0	0	0.38
79900	0.38	0.53	0.53	0	0	0.38
80000	0.38	0.53	0.53	0	0	0.38
80100	0.38	0.54	0.54	0	0	0.38
80200	0.38	0.53	0.53	0	0	0.38
80300	0.38	0.53	0.53	0	0	0.38
80400	0.38	0.53	0.53	0	0	0.38
80500	0.38	0.53	0.53	0	0	0.38
80600	0.38	0.53	0.53	0	0	0.38
80700	0.39	0.53	0.53	0	0	0.39
80800	0.38	0.53	0.53	0	0	0.38
80900	0.38	0.53	0.53	0	0	0.38
81000	0.38	0.53	0.53	0	0	0.38
81100	0.38	0.53	0.53	0	0	0.38
81200	0.38	0.53	0.53	0	0	0.38
81300	0.38	0.53	0.53	0	0	0.38
81400	0.38	0.53	0.53	0	0	0.38
81500	0.38	0.53	0.53	0	0	0.38
81600	0.38	0.53	0.53	0	0	0.38
81700	0.38	0.53	0.53	0	0	0.38
81800	0.38	0.53	0.53	0	0	0.38
81900	0.38	0.53	0.53	0	0	0.38
82000	0.38	0.53	0.53	0	0	0.38
82100	0.38	0.53	0.53	0	0	0.38
82200	0.38	0.53	0.53	0	0	0.38
82300	0.38	0.53	0.53	0	0	0.38
82400	0.38	0.53	0.53	0	0	0.38
82500	0.38	0.53	0.53	0	0	0.38
82600	0.38	0.53	0.53	0	0	0.38
82700	0.38	0.54	0.54	0	0	0.38
82800	0.38	0.54	0.54	0	0	0.38
82900	0.38	0.54	0.54	0	0	0.38
83000	0.38	0.54	0.54	0	0	0.38
83100	0.38	0.54	0.54	0	0	0.38
83200	0.38	0.53	0.53	0	0	0.38
83300	0.38	0.53	0.53	0	0	0.38
83400	0.38	0.53	0.53	0	0	0.38
83500	0.38	0.53	0.53	0	0	0.38
83600	0.38	0.53	0.53	0	0	0.38
83700	0.38	0.53	0.53	0	0	0.38
83800	0.38	0.53	0.53	0	0	0.38
83900	0.38	0.53	0.53	0	0	0.38
84000	0.38	0.53	0.53	0	0	0.38
84100	0.38	0.53	0.53	0	0	0.38
84200	0.38	0.53	0.53	0	0	0.38
84300	0.38	0.53	0.53	0	0	0.38
84400	0.38	0.53	0.53	0	0	0.38
84500	0.38	0.53	0.53	0	0	0.38
84600	0.38	0.53	0.53	0	0	0.38
84700	0.38	0.53	0.53	0	0	0.38
84800	0.38	0.53	0.53	0	0	0.38
84900	0.38	0.53	0.53	0	0	0.38
85000	0.38	0.53	0.53	0	0	0.38
85100	0.38	0.53	0.53	0	0	0.38
85200	0.38	0.53	0.53	0	0	0.38
85300	0.38	0.54	0.54	0	0	0.38
85400	0.38	0.54	0.54	0	0	0.38
85500	0.38	0.54	0.54	0	0	0.38
85600	0.38	0.54	0.54	0	0	0.38
85700	0.38	0.54	0.54	0	0	0.38
85800	0.38	0.55	0.55	0	0	0.38
85900	0.38	0.55	0.55	0	0	0.38
86000	0.38	0.55	0.55	0	0	0.38
86100	0.39	0.55	0.55	0	0	0.39
86200	0.39	0.55	0.55	0	0	0.39
86300	0.39	0.55	0.55	0	0	0.39
86400	0.39	0.55	0.55	0	0	0.39
86500	0.39	0.55	0.55	0	0	0.39
86600	0.39	0.55	0.55	0	0	0.39
86700	0.39	0.55	0.55	0	0	0.39
86800	0.39	0.55	0.55	0	0	0.39
86900	0.39	0.55	0.55	0	0	0.39
87000	0.39	0.55	0.55	0	0	0.39
87100	0.39	0.55	0.55	0	0	0.39
87200	0.39	0.55	0.55	0	0	0.39
87300	0.39	0.55	0.55	0	0	0.39
87400	0.39	0.56	0.56	0	0	0.39
87500	0.39	0.56	0.56	0	0	0.39
87600	0.39	0.56	0.56	0	0	0.39
87700	0.39	0.56	0.56	0	0	0.39
87800	0.39	0.55	0.55	0	0	0.39
87900	0.39	0.55	0.55	0	0	0.39
88000	0.4	0.55	0.55	0	0	0.4
88100	0.4	0.55	0.55	0	0	0.4
88200	0.4	0.55	0.55	0	0	0.4
88300	0.4	0.55	0.55	0	0	0.4
88400	0.4	0.55	0.55	0	0	0.4
88500	0.4	0.55	0.55	0	0	0.4
88600	0.4	0.55	0.55	0	0	0.4
88700	0.4	0.55	0.55	0	0	0.4
88800	0.4	0.55	0.55	0	0	0.4
88900	0.4	0.55	0.55	0	0	0.4
89000	0.4	0.55	0.55	0	0	0.4
89100	0.4	0.55	0.55	0	0	0.4
89200	0.4	0.55	0.55	0	0	0.4
89300	0.4	0.55	0.55	0	0	0.4
89400	0.4	0.55	0.55	0	0	0.4
89500	0.4	0.55	0.55	0	0	0.4
89600	0.4	0.55	0.55	0	0	0.4
89700	0.39	0.56	0.56	0	0	0.39
89800	0.39	0.56	0.56	0	0	0.39
89900	0.39	0.56	0.56	0	0	0.39
90000	0.39	0.56	0.56	0	0	0.39
90100	0.39	0.56	0.56	0	0	0.39
90200	0.39	0.56	0.56	0	0	0.39
90300	0.39	0.56	0.56	0	0	0.39
90400	0.39	0.56	0.56	0	0	0.39
90500	0.39	0.56	0.56	0	0	0.39
90600	0.39	0.55	0.55	0	0	0.39
90700	0.39	0.55	0.55	0	0	0.39
90800	0.39	0.55	0.55	0	0	0.39
90900	0.39	0.55	0.55	0	0	0.39
91000	0.39	0.55	0.55	0	0	0.39
91100	0.39	0.55	0.55	0	0	0.39
91200	0.39	0.55	0.55	0	0	0.39
91300	0.39	0.55	0.55	0	0	0.39
91400	0.39	0.55	0.55	0	0	0.39
91500	0.39	0.55	0.55	0	0	0.39
91600	0.39	0.55	0.55	0	0	0.39
91700	0.39	0.56	0.56	0	0	0.39
91800	0.39	0.55	0.55	0	0	0.39
91900	0.39	0.55	0.55	0	0	0.39
92000	0.39	0.55	0.55	0	0	0.39
92100	0.39	0.55	0.55	0	0	0.39
92200	0.39	0.55	0.55	0	0	0.39
92300	0.39	0.55	0.55	0	0	0.39
92400	0.39	0.55	0.55	0	0	0.39
92500	0.39	0.55	0.55	0	0	0.39
92600	0.39	0.55	0.55	0	0	0.39
92700	0.39	0.55	0.55	0	0	0.39
92800	0.39	0.55	0.55	0	0	0.39
92900	0.39	0.55	0.55	0	0	0.39
93000	0.39	0.54	0.54	0	0	0.39
93100	0.38	0.54	0.54	0	0	0.38
93200	0.38	0.54	0.54	0	0	0.38
93300	0.39	0.54	0.54	0	0	0.39
93400	0.4	0.54	0.54	0	0	0.4
93500	0.4	0.55	0.55	0	0	0.4
93600	0.4	0.55	0.55	0	0	0.4
93700	0.4	0.54	0.54	0	0	0.4
93800	0.4	0.54	0.54	0	0	0.4
93900	0.4	0.54	0.54	0	0	0.4
94000	0.4	0.54	0.54	0	0	0.4
94100	0.4	0.53	0.53	0	0	0.4
94200	0.4	0.53	0.53	0	0	0.4
94300	0.4	0.53	0.53	0	0	0.4
94400	0.4	0.53	0.53	0	0	0.4
94500	0.4	0.53	0.53	0	0	0.4
94600	0.4	0.53	0.53	0	0	0.4
94700	0.4	0.53	0.53	0	0	0.4
94800	0.4	0.53	0.53	0	0	0.4
94900	0.4	0.53	0.53	0	0	0.4
95000	0.4	0.53	0.53	0	0	0.4
95100	0.4	0.53	0.53	0	0	0.4
95200	0.4	0.52	0.52	0	0	0.4
95300	0.4	0.52	0.52	0	0	0.4
95400	0.4	0.51	0.51	0	0	0.4
95500	0.4	0.52	0.52	0	0	0.4
95600	0.4	0.51	0.51	0	0	0.4
95700	0.4	0.51	0.51	0	0	0.4
95800	0.4	0.51	0.51	0	0	0.4
95900	0.4	0.51	0.51	0	0	0.4
96000	0.4	0.51	0.51	0	0	0.4
96100	0.39	0.51	0.51	0	0	0.39
96200	0.39	0.51	0.51	0	0	0.39
96300	0.39	0.51	0.51	0	0	0.39
96400	0.39	0.51	0.51	0	0	0.39
96500	0.39	0.52	0.52	0	0	0.39
96600	0.39	0.53	0.53	0	0	0.39
96700	0.39	0.53	0.53	0	0	0.39
96800	0.39	0.53	0.53	0	0	0.39
96900	0.39	0.53	0.53	0	0	0.39
97000	0.39	0.53	0.53	0	0	0.39
97100	0.39	0.53	0.53	0	0	0.39
97200	0.39	0.53	0.53	0	0	0.39
97300	0.39	0.53	0.53	0	0	0.39
97400	0.39	0.53	0.53	0	0	0.39
97500	0.39	0.53	0.53	0	0	0.39
97600	0.39	0.53	0.53	0	0	0.39
97700	0.39	0.53	0.53	0	0	0.39
97800	0.39	0.53	0.53	0	0	0.39
97900	0.38	0.53	0.53	0	0	0.38
98000	0.38	0.53	0.53	0	0	0.38
98100	0.39	0.53	0.53	0	0	0.39
98200	0.39	0.53	0.53	0	0	0.39
98300	0.39	0.53	0.53	0	0	0.39
98400	0.39	0.53	0.53	0	0	0.39
98500	0.39	0.53	0.53	0	0	0.39
98600	0.38	0.52	0.52	0	0	0.38
98700	0.38	0.52	0.52	0	0	0.38
98800	0.38	0.52	0.52	0	0	0.38
98900	0.38	0.52	0.52	0	0	0.38
99000	0.38	0.52	0.52	0	0	0.38
99100	0.38	0.53	0.53	0	0	0.38
99200	0.38	0.53	0.53	0	0	0.38
99300	0.38	0.53	0.53	0	0	0.38
99400	0.38	0.53	0.53	0	0	0.38
99500	0.38	0.53	0.53	0	0	0.38
99600	0.38	0.53	0.53	0	0	0.38
99700	0.38	0.53	0.53	0	0	0.38
99800	0.38	0.53	0.53	0	0	0.38
99900	0.38	0.53	0.53	0	0	0.38
100000	0.38	0.53	0.53	0	0	0.38
