100	0.08	0.09	0.09	0	0	0.08
200	0.08	0.1	0.1	0	0	0.08
300	0.09	0.11	0.11	0	0	0.09
400	0.11	0.13	0.13	0	0	0.11
500	0.12	0.14	0.14	0	0	0.12
600	0.12	0.15	0.15	0	0	0.12
700	0.13	0.16	0.16	0	0	0.13
800	0.14	0.15	0.15	0	0	0.14
900	0.14	0.16	0.16	0	0	0.14
1000	0.15	0.16	0.16	0	0	0.15
1100	0.15	0.16	0.16	0	0	0.15
1200	0.16	0.17	0.17	0	0	0.16
1300	0.17	0.18	0.18	0	0	0.17
1400	0.17	0.19	0.19	0	0	0.17
1500	0.18	0.21	0.21	0	0	0.18
1600	0.17	0.21	0.21	0	0	0.17
1700	0.17	0.22	0.22	0	0	0.17
1800	0.19	0.22	0.22	0	0	0.19
1900	0.21	0.24	0.24	0	0	0.21
2000	0.21	0.24	0.24	0	0	0.21
2100	0.21	0.27	0.27	0	0	0.21
2200	0.21	0.26	0.26	0	0	0.21
2300	0.21	0.25	0.25	0	0	0.21
2400	0.21	0.25	0.25	0	0	0.21
2500	0.21	0.25	0.25	0	0	0.21
2600	0.22	0.25	0.25	0	0	0.22
2700	0.22	0.26	0.26	0	0	0.22
2800	0.22	0.27	0.27	0	0	0.22
2900	0.22	0.28	0.28	0	0	0.22
3000	0.24	0.27	0.27	0	0	0.24
3100	0.24	0.28	0.28	0	0	0.24
3200	0.24	0.28	0.28	0	0	0.24
3300	0.24	0.28	0.28	0	0	0.24
3400	0.25	0.3	0.3	0	0	0.25
3500	0.25	0.3	0.3	0	0	0.25
3600	0.25	0.29	0.29	0	0	0.25
3700	0.24	0.28	0.28	0	0	0.24
3800	0.24	0.3	0.3	0	0	0.24
3900	0.24	0.3	0.3	0	0	0.24
4000	0.24	0.3	0.3	0	0	0.24
4100	0.25	0.3	0.3	0	0	0.25
4200	0.25	0.3	0.3	0	0	0.25
4300	0.25	0.29	0.29	0	0	0.25
4400	0.26	0.29	0.29	0	0	0.26
4500	0.26	0.3	0.3	0	0	0.26
4600	0.27	0.3	0.3	0	0	0.27
4700	0.28	0.32	0.32	0	0	0.28
4800	0.27	0.33	0.33	0	0	0.27
4900	0.27	0.34	0.34	0	0	0.27
5000	0.26	0.33	0.33	0	0	0.26
5100	0.26	0.31	0.31	0	0	0.26
5200	0.26	0.32	0.32	0	0	0.26
5300	0.27	0.31	0.31	0	0	0.27
5400	0.29	0.31	0.31	0	0	0.29
5500	0.29	0.31	0.31	0	0	0.29
5600	0.29	0.31	0.31	0	0	0.29
5700	0.29	0.31	0.31	0	0	0.29
5800	0.29	0.31	0.31	0	0	0.29
5900	0.29	0.31	0.31	0	0	0.29
6000	0.29	0.32	0.32	0	0	0.29
6100	0.29	0.34	0.34	0	0	0.29
6200	0.29	0.36	0.36	0	0	0.29
6300	0.29	0.36	0.36	0	0	0.29
6400	0.29	0.35	0.35	0	0	0.29
6500	0.29	0.38	0.38	0	0	0.29
6600	0.29	0.39	0.39	0	0	0.29
6700	0.29	0.38	0.38	0	0	0.29
6800	0.3	0.39	0.39	0	0	0.3
6900	0.3	0.4	0.4	0	0	0.3
7000	0.3	0.41	0.41	0	0	0.3
7100	0.3	0.41	0.41	0	0	0.3
7200	0.31	0.41	0.41	0	0	0.31
7300	0.31	0.42	0.42	0	0	0.31
7400	0.31	0.4	0.4	0	0	0.31
7500	0.31	0.39	0.39	0	0	0.31
7600	0.31	0.4	0.4	0	0	0.31
7700	0.31	0.4	0.4	0	0	0.31
7800	0.31	0.4	0.4	0	0	0.31
7900	0.32	0.39	0.39	0	0	0.32
8000	0.32	0.39	0.39	0	0	0.32
8100	0.32	0.39	0.39	0	0	0.32
8200	0.32	0.38	0.38	0	0	0.32
8300	0.32	0.39	0.39	0	0	0.32
8400	0.32	0.39	0.39	0	0	0.32
8500	0.32	0.39	0.39	0	0	0.32
8600	0.32	0.39	0.39	0	0	0.32
8700	0.32	0.38	0.38	0	0	0.32
8800	0.32	0.38	0.38	0	0	0.32
8900	0.32	0.39	0.39	0	0	0.32
9000	0.32	0.39	0.39	0	0	0.32
9100	0.32	0.39	0.39	0	0	0.32
9200	0.32	0.39	0.39	0	0	0.32
9300	0.32	0.39	0.39	0	0	0.32
9400	0.32	0.39	0.39	0	0	0.32
9500	0.32	0.4	0.4	0	0	0.32
9600	0.32	0.41	0.41	0	0	0.32
9700	0.32	0.41	0.41	0	0	0.32
9800	0.32	0.42	0.42	0	0	0.32
9900	0.32	0.43	0.43	0	0	0.32
10000	0.32	0.43	0.43	0	0	0.32
10100	0.32	0.43	0.43	0	0	0.32
10200	0.32	0.43	0.43	0	0	0.32
10300	0.32	0.43	0.43	0	0	0.32
10400	0.32	0.42	0.42	0	0	0.32
10500	0.33	0.42	0.42	0	0	0.33
10600	0.33	0.42	0.42	0	0	0.33
10700	0.33	0.45	0.45	0	0	0.33
10800	0.33	0.45	0.45	0	0	0.33
10900	0.33	0.45	0.45	0	0	0.33
11000	0.33	0.45	0.45	0	0	0.33
11100	0.32	0.45	0.45	0	0	0.32
11200	0.32	0.45	0.45	0	0	0.32
11300	0.32	0.46	0.46	0	0	0.32
11400	0.32	0.46	0.46	0	0	0.32
11500	0.32	0.46	0.46	0	0	0.32
11600	0.33	0.46	0.46	0	0	0.33
11700	0.33	0.45	0.45	0	0	0.33
11800	0.33	0.45	0.45	0	0	0.33
11900	0.34	0.45	0.45	0	0	0.34
12000	0.34	0.45	0.45	0	0	0.34
12100	0.33	0.45	0.45	0	0	0.33
12200	0.33	0.45	0.45	0	0	0.33
12300	0.33	0.45	0.45	0	0	0.33
12400	0.33	0.44	0.44	0	0	0.33
12500	0.33	0.44	0.44	0	0	0.33
12600	0.33	0.44	0.44	0	0	0.33
12700	0.33	0.44	0.44	0	0	0.33
12800	0.33	0.45	0.45	0	0	0.33
12900	0.33	0.45	0.45	0	0	0.33
13000	0.33	0.45	0.45	0	0	0.33
13100	0.33	0.44	0.44	0	0	0.33
13200	0.33	0.44	0.44	0	0	0.33
13300	0.33	0.44	0.44	0	0	0.33
13400	0.33	0.43	0.43	0	0	0.33
13500	0.33	0.44	0.44	0	0	0.33
13600	0.33	0.44	0.44	0	0	0.33
13700	0.33	0.44	0.44	0	0	0.33
13800	0.33	0.44	0.44	0	0	0.33
13900	0.33	0.44	0.44	0	0	0.33
14000	0.33	0.44	0.44	0	0	0.33
14100	0.33	0.45	0.45	0	0	0.33
14200	0.34	0.46	0.46	0	0	0.34
14300	0.34	0.46	0.46	0	0	0.34
14400	0.34	0.46	0.46	0	0	0.34
14500	0.35	0.47	0.47	0	0	0.35
14600	0.35	0.47	0.47	0	0	0.35
14700	0.35	0.47	0.47	0	0	0.35
14800	0.35	0.47	0.47	0	0	0.35
14900	0.35	0.47	0.47	0	0	0.35
15000	0.35	0.47	0.47	0	0	0.35
15100	0.35	0.47	0.47	0	0	0.35
15200	0.35	0.46	0.46	0	0	0.35
15300	0.35	0.45	0.45	0	0	0.35
15400	0.34	0.45	0.45	0	0	0.34
15500	0.34	0.45	0.45	0	0	0.34
15600	0.33	0.44	0.44	0	0	0.33
15700	0.33	0.45	0.45	0	0	0.33
15800	0.33	0.43	0.43	0	0	0.33
15900	0.33	0.43	0.43	0	0	0.33
16000	0.33	0.43	0.43	0	0	0.33
16100	0.33	0.43	0.43	0	0	0.33
16200	0.33	0.43	0.43	0	0	0.33
16300	0.33	0.43	0.43	0	0	0.33
16400	0.33	0.42	0.42	0	0	0.33
16500	0.33	0.43	0.43	0	0	0.33
16600	0.33	0.43	0.43	0	0	0.33
16700	0.33	0.45	0.45	0	0	0.33
16800	0.33	0.45	0.45	0	0	0.33
16900	0.33	0.46	0.46	0	0	0.33
17000	0.33	0.46	0.46	0	0	0.33
17100	0.33	0.47	0.47	0	0	0.33
17200	0.33	0.47	0.47	0	0	0.33
17300	0.33	0.47	0.47	0	0	0.33
17400	0.33	0.47	0.47	0	0	0.33
17500	0.33	0.47	0.47	0	0	0.33
17600	0.33	0.47	0.47	0	0	0.33
17700	0.33	0.47	0.47	0	0	0.33
17800	0.33	0.47	0.47	0	0	0.33
17900	0.33	0.47	0.47	0	0	0.33
18000	0.33	0.47	0.47	0	0	0.33
18100	0.33	0.47	0.47	0	0	0.33
18200	0.33	0.49	0.49	0	0	0.33
18300	0.33	0.49	0.49	0	0	0.33
18400	0.33	0.49	0.49	0	0	0.33
18500	0.33	0.49	0.49	0	0	0.33
18600	0.32	0.5	0.5	0	0	0.32
18700	0.32	0.5	0.5	0	0	0.32
18800	0.32	0.5	0.5	0	0	0.32
18900	0.32	0.5	0.5	0	0	0.32
19000	0.32	0.5	0.5	0	0	0.32
19100	0.32	0.49	0.49	0	0	0.32
19200	0.32	0.49	0.49	0	0	0.32
19300	0.32	0.49	0.49	0	0	0.32
19400	0.32	0.49	0.49	0	0	0.32
19500	0.32	0.49	0.49	0	0	0.32
19600	0.32	0.5	0.5	0	0	0.32
19700	0.31	0.5	0.5	0	0	0.31
19800	0.31	0.5	0.5	0	0	0.31
19900	0.31	0.5	0.5	0	0	0.31
20000	0.31	0.5	0.5	0	0	0.31
20100	0.31	0.49	0.49	0	0	0.31
20200	0.31	0.5	0.5	0	0	0.31
20300	0.31	0.5	0.5	0	0	0.31
20400	0.31	0.5	0.5	0	0	0.31
20500	0.31	0.5	0.5	0	0	0.31
20600	0.31	0.49	0.49	0	0	0.31
20700	0.31	0.49	0.49	0	0	0.31
20800	0.32	0.5	0.5	0	0	0.32
20900	0.32	0.5	0.5	0	0	0.32
21000	0.31	0.5	0.5	0	0	0.31
21100	0.31	0.49	0.49	0	0	0.31
21200	0.31	0.49	0.49	0	0	0.31
21300	0.31	0.51	0.51	0	0	0.31
21400	0.31	0.51	0.51	0	0	0.31
21500	0.31	0.51	0.51	0	0	0.31
21600	0.31	0.5	0.5	0	0	0.31
21700	0.31	0.5	0.5	0	0	0.31
21800	0.31	0.5	0.5	0	0	0.31
21900	0.31	0.51	0.51	0	0	0.31
22000	0.31	0.51	0.51	0	0	0.31
22100	0.31	0.51	0.51	0	0	0.31
22200	0.31	0.51	0.51	0	0	0.31
22300	0.31	0.51	0.51	0	0	0.31
22400	0.31	0.52	0.52	0	0	0.31
22500	0.31	0.52	0.52	0	0	0.31
22600	0.31	0.52	0.52	0	0	0.31
22700	0.31	0.51	0.51	0	0	0.31
22800	0.31	0.51	0.51	0	0	0.31
22900	0.31	0.51	0.51	0	0	0.31
23000	0.31	0.52	0.52	0	0	0.31
23100	0.31	0.51	0.51	0	0	0.31
23200	0.31	0.51	0.51	0	0	0.31
23300	0.31	0.51	0.51	0	0	0.31
23400	0.31	0.51	0.51	0	0	0.31
23500	0.31	0.52	0.52	0	0	0.31
23600	0.31	0.52	0.52	0	0	0.31
23700	0.32	0.52	0.52	0	0	0.32
23800	0.32	0.52	0.52	0	0	0.32
23900	0.32	0.52	0.52	0	0	0.32
24000	0.32	0.52	0.52	0	0	0.32
24100	0.32	0.51	0.51	0	0	0.32
24200	0.32	0.51	0.51	0	0	0.32
24300	0.32	0.51	0.51	0	0	0.32
24400	0.32	0.52	0.52	0	0	0.32
24500	0.32	0.52	0.52	0	0	0.32
24600	0.32	0.52	0.52	0	0	0.32
24700	0.32	0.52	0.52	0	0	0.32
24800	0.32	0.52	0.52	0	0	0.32
24900	0.32	0.51	0.51	0	0	0.32
25000	0.32	0.51	0.51	0	0	0.32
25100	0.33	0.51	0.51	0	0	0.33
25200	0.33	0.5	0.5	0	0	0.33
25300	0.33	0.5	0.5	0	0	0.33
25400	0.33	0.5	0.5	0	0	0.33
25500	0.32	0.5	0.5	0	0	0.32
25600	0.32	0.49	0.49	0	0	0.32
25700	0.32	0.49	0.49	0	0	0.32
25800	0.32	0.49	0.49	0	0	0.32
25900	0.32	0.49	0.49	0	0	0.32
26000	0.33	0.5	0.5	0	0	0.33
26100	0.33	0.5	0.5	0	0	0.33
26200	0.33	0.52	0.52	0	0	0.33
26300	0.33	0.52	0.52	0	0	0.33
26400	0.33	0.52	0.52	0	0	0.33
26500	0.33	0.52	0.52	0	0	0.33
26600	0.33	0.52	0.52	0	0	0.33
26700	0.33	0.52	0.52	0	0	0.33
26800	0.33	0.52	0.52	0	0	0.33
26900	0.33	0.52	0.52	0	0	0.33
27000	0.32	0.52	0.52	0	0	0.32
27100	0.32	0.52	0.52	0	0	0.32
27200	0.32	0.52	0.52	0	0	0.32
27300	0.33	0.51	0.51	0	0	0.33
27400	0.33	0.51	0.51	0	0	0.33
27500	0.33	0.51	0.51	0	0	0.33
27600	0.33	0.51	0.51	0	0	0.33
27700	0.32	0.51	0.51	0	0	0.32
27800	0.32	0.5	0.5	0	0	0.32
27900	0.32	0.49	0.49	0	0	0.32
28000	0.32	0.49	0.49	0	0	0.32
28100	0.32	0.49	0.49	0	0	0.32
28200	0.32	0.49	0.49	0	0	0.32
28300	0.31	0.49	0.49	0	0	0.31
28400	0.31	0.49	0.49	0	0	0.31
28500	0.31	0.5	0.5	0	0	0.31
28600	0.31	0.49	0.49	0	0	0.31
28700	0.32	0.49	0.49	0	0	0.32
28800	0.32	0.5	0.5	0	0	0.32
28900	0.32	0.51	0.51	0	0	0.32
29000	0.32	0.51	0.51	0	0	0.32
29100	0.32	0.52	0.52	0	0	0.32
29200	0.32	0.52	0.52	0	0	0.32
29300	0.32	0.51	0.51	0	0	0.32
29400	0.32	0.5	0.5	0	0	0.32
29500	0.32	0.5	0.5	0	0	0.32
29600	0.32	0.5	0.5	0	0	0.32
29700	0.32	0.5	0.5	0	0	0.32
29800	0.32	0.5	0.5	0	0	0.32
29900	0.32	0.5	0.5	0	0	0.32
30000	0.32	0.49	0.49	0	0	0.32
30100	0.32	0.49	0.49	0	0	0.32
30200	0.32	0.49	0.49	0	0	0.32
30300	0.32	0.5	0.5	0	0	0.32
30400	0.32	0.5	0.5	0	0	0.32
30500	0.32	0.5	0.5	0	0	0.32
30600	0.32	0.5	0.5	0	0	0.32
30700	0.32	0.5	0.5	0	0	0.32
30800	0.33	0.5	0.5	0	0	0.33
30900	0.33	0.51	0.51	0	0	0.33
31000	0.33	0.51	0.51	0	0	0.33
31100	0.33	0.51	0.51	0	0	0.33
31200	0.33	0.51	0.51	0	0	0.33
31300	0.33	0.51	0.51	0	0	0.33
31400	0.33	0.51	0.51	0	0	0.33
31500	0.33	0.5	0.5	0	0	0.33
31600	0.33	0.5	0.5	0	0	0.33
31700	0.33	0.5	0.5	0	0	0.33
31800	0.33	0.5	0.5	0	0	0.33
31900	0.33	0.49	0.49	0	0	0.33
32000	0.33	0.49	0.49	0	0	0.33
32100	0.33	0.49	0.49	0	0	0.33
32200	0.32	0.49	0.49	0	0	0.32
32300	0.32	0.49	0.49	0	0	0.32
32400	0.32	0.49	0.49	0	0	0.32
32500	0.32	0.51	0.51	0	0	0.32
32600	0.32	0.5	0.5	0	0	0.32
32700	0.32	0.5	0.5	0	0	0.32
32800	0.32	0.5	0.5	0	0	0.32
32900	0.32	0.5	0.5	0	0	0.32
33000	0.32	0.5	0.5	0	0	0.32
33100	0.32	0.5	0.5	0	0	0.32
33200	0.32	0.5	0.5	0	0	0.32
33300	0.32	0.5	0.5	0	0	0.32
33400	0.32	0.5	0.5	0	0	0.32
33500	0.32	0.5	0.5	0	0	0.32
33600	0.32	0.5	0.5	0	0	0.32
33700	0.32	0.5	0.5	0	0	0.32
33800	0.32	0.5	0.5	0	0	0.32
33900	0.32	0.5	0.5	0	0	0.32
34000	0.32	0.5	0.5	0	0	0.32
34100	0.32	0.49	0.49	0	0	0.32
34200	0.32	0.49	0.49	0	0	0.32
34300	0.32	0.49	0.49	0	0	0.32
34400	0.32	0.49	0.49	0	0	0.32
34500	0.32	0.49	0.49	0	0	0.32
34600	0.32	0.48	0.48	0	0	0.32
34700	0.32	0.48	0.48	0	0	0.32
34800	0.32	0.48	0.48	0	0	0.32
34900	0.32	0.48	0.48	0	0	0.32
35000	0.31	0.48	0.48	0	0	0.31
35100	0.31	0.48	0.48	0	0	0.31
35200	0.31	0.48	0.48	0	0	0.31
35300	0.31	0.47	0.47	0	0	0.31
35400	0.31	0.48	0.48	0	0	0.31
35500	0.31	0.48	0.48	0	0	0.31
35600	0.31	0.48	0.48	0	0	0.31
35700	0.31	0.49	0.49	0	0	0.31
35800	0.32	0.49	0.49	0	0	0.32
35900	0.31	0.49	0.49	0	0	0.31
36000	0.31	0.49	0.49	0	0	0.31
36100	0.31	0.48	0.48	0	0	0.31
36200	0.31	0.47	0.47	0	0	0.31
36300	0.31	0.47	0.47	0	0	0.31
36400	0.31	0.47	0.47	0	0	0.31
36500	0.31	0.47	0.47	0	0	0.31
36600	0.31	0.47	0.47	0	0	0.31
36700	0.31	0.47	0.47	0	0	0.31
36800	0.3	0.47	0.47	0	0	0.3
36900	0.3	0.46	0.46	0	0	0.3
37000	0.3	0.46	0.46	0	0	0.3
37100	0.3	0.46	0.46	0	0	0.3
37200	0.3	0.47	0.47	0	0	0.3
37300	0.3	0.47	0.47	0	0	0.3
37400	0.3	0.48	0.48	0	0	0.3
37500	0.3	0.48	0.48	0	0	0.3
37600	0.3	0.48	0.48	0	0	0.3
37700	0.3	0.48	0.48	0	0	0.3
37800	0.3	0.48	0.48	0	0	0.3
37900	0.3	0.48	0.48	0	0	0.3
38000	0.3	0.48	0.48	0	0	0.3
38100	0.3	0.47	0.47	0	0	0.3
38200	0.3	0.47	0.47	0	0	0.3
38300	0.3	0.47	0.47	0	0	0.3
38400	0.3	0.47	0.47	0	0	0.3
38500	0.3	0.47	0.47	0	0	0.3
38600	0.31	0.47	0.47	0	0	0.31
38700	0.31	0.48	0.48	0	0	0.31
38800	0.31	0.48	0.48	0	0	0.31
38900	0.31	0.48	0.48	0	0	0.31
39000	0.31	0.47	0.47	0	0	0.31
39100	0.31	0.47	0.47	0	0	0.31
39200	0.31	0.47	0.47	0	0	0.31
39300	0.31	0.47	0.47	0	0	0.31
39400	0.31	0.47	0.47	0	0	0.31
39500	0.31	0.47	0.47	0	0	0.31
39600	0.31	0.46	0.46	0	0	0.31
39700	0.31	0.46	0.46	0	0	0.31
39800	0.31	0.47	0.47	0	0	0.31
39900	0.31	0.46	0.46	0	0	0.31
40000	0.31	0.45	0.45	0	0	0.31
40100	0.31	0.45	0.45	0	0	0.31
40200	0.31	0.44	0.44	0	0	0.31
40300	0.32	0.44	0.44	0	0	0.32
40400	0.31	0.44	0.44	0	0	0.31
40500	0.31	0.44	0.44	0	0	0.31
40600	0.31	0.44	0.44	0	0	0.31
40700	0.31	0.44	0.44	0	0	0.31
40800	0.31	0.44	0.44	0	0	0.31
40900	0.31	0.45	0.45	0	0	0.31
41000	0.31	0.45	0.45	0	0	0.31
41100	0.31	0.45	0.45	0	0	0.31
41200	0.31	0.45	0.45	0	0	0.31
41300	0.31	0.45	0.45	0	0	0.31
41400	0.3	0.44	0.44	0	0	0.3
41500	0.3	0.44	0.44	0	0	0.3
41600	0.3	0.44	0.44	0	0	0.3
41700	0.3	0.44	0.44	0	0	0.3
41800	0.3	0.44	0.44	0	0	0.3
41900	0.3	0.43	0.43	0	0	0.3
42000	0.3	0.44	0.44	0	0	0.3
42100	0.3	0.43	0.43	0	0	0.3
42200	0.3	0.43	0.43	0	0	0.3
42300	0.3	0.43	0.43	0	0	0.3
42400	0.3	0.43	0.43	0	0	0.3
42500	0.3	0.44	0.44	0	0	0.3
42600	0.3	0.44	0.44	0	0	0.3
42700	0.31	0.44	0.44	0	0	0.31
42800	0.32	0.44	0.44	0	0	0.32
42900	0.32	0.44	0.44	0	0	0.32
43000	0.32	0.44	0.44	0	0	0.32
43100	0.32	0.44	0.44	0	0	0.32
43200	0.32	0.45	0.45	0	0	0.32
43300	0.32	0.45	0.45	0	0	0.32
43400	0.31	0.46	0.46	0	0	0.31
43500	0.31	0.46	0.46	0	0	0.31
43600	0.31	0.46	0.46	0	0	0.31
43700	0.31	0.46	0.46	0	0	0.31
43800	0.31	0.46	0.46	0	0	0.31
43900	0.31	0.46	0.46	0	0	0.31
44000	0.32	0.46	0.46	0	0	0.32
44100	0.32	0.46	0.46	0	0	0.32
44200	0.32	0.46	0.46	0	0	0.32
44300	0.32	0.46	0.46	0	0	0.32
44400	0.32	0.46	0.46	0	0	0.32
44500	0.32	0.46	0.46	0	0	0.32
44600	0.32	0.46	0.46	0	0	0.32
44700	0.32	0.46	0.46	0	0	0.32
44800	0.32	0.47	0.47	0	0	0.32
44900	0.32	0.47	0.47	0	0	0.32
45000	0.31	0.48	0.48	0	0	0.31
45100	0.29	0.48	0.48	0	0	0.29
45200	0.29	0.48	0.48	0	0	0.29
45300	0.29	0.47	0.47	0	0	0.29
45400	0.29	0.49	0.49	0	0	0.29
45500	0.29	0.49	0.49	0	0	0.29
45600	0.29	0.49	0.49	0	0	0.29
45700	0.29	0.49	0.49	0	0	0.29
45800	0.29	0.49	0.49	0	0	0.29
45900	0.29	0.49	0.49	0	0	0.29
46000	0.29	0.49	0.49	0	0	0.29
46100	0.29	0.49	0.49	0	0	0.29
46200	0.29	0.49	0.49	0	0	0.29
46300	0.3	0.49	0.49	0	0	0.3
46400	0.29	0.48	0.48	0	0	0.29
46500	0.3	0.48	0.48	0	0	0.3
46600	0.3	0.48	0.48	0	0	0.3
46700	0.3	0.48	0.48	0	0	0.3
46800	0.31	0.49	0.49	0	0	0.31
46900	0.31	0.49	0.49	0	0	0.31
47000	0.3	0.49	0.49	0	0	0.3
47100	0.31	0.49	0.49	0	0	0.31
47200	0.31	0.49	0.49	0	0	0.31
47300	0.31	0.5	0.5	0	0	0.31
47400	0.31	0.5	0.5	0	0	0.31
47500	0.31	0.5	0.5	0	0	0.31
47600	0.31	0.5	0.5	0	0	0.31
47700	0.32	0.51	0.51	0	0	0.32
47800	0.33	0.52	0.52	0	0	0.33
47900	0.32	0.51	0.51	0	0	0.32
48000	0.31	0.51	0.51	0	0	0.31
48100	0.3	0.51	0.51	0	0	0.3
48200	0.3	0.51	0.51	0	0	0.3
48300	0.3	0.51	0.51	0	0	0.3
48400	0.3	0.51	0.51	0	0	0.3
48500	0.3	0.52	0.52	0	0	0.3
48600	0.3	0.52	0.52	0	0	0.3
48700	0.29	0.52	0.52	0	0	0.29
48800	0.29	0.52	0.52	0	0	0.29
48900	0.29	0.52	0.52	0	0	0.29
49000	0.29	0.52	0.52	0	0	0.29
49100	0.29	0.52	0.52	0	0	0.29
49200	0.29	0.52	0.52	0	0	0.29
49300	0.3	0.53	0.53	0	0	0.3
49400	0.3	0.52	0.52	0	0	0.3
49500	0.3	0.52	0.52	0	0	0.3
49600	0.3	0.53	0.53	0	0	0.3
49700	0.3	0.53	0.53	0	0	0.3
49800	0.3	0.53	0.53	0	0	0.3
49900	0.3	0.53	0.53	0	0	0.3
50000	0.3	0.53	0.53	0	0	0.3
50100	0.3	0.53	0.53	0	0	0.3
50200	0.3	0.53	0.53	0	0	0.3
50300	0.31	0.54	0.54	0	0	0.31
50400	0.31	0.55	0.55	0	0	0.31
50500	0.31	0.55	0.55	0	0	0.31
50600	0.31	0.56	0.56	0	0	0.31
50700	0.31	0.56	0.56	0	0	0.31
50800	0.31	0.56	0.56	0	0	0.31
50900	0.32	0.56	0.56	0	0	0.32
51000	0.32	0.56	0.56	0	0	0.32
51100	0.32	0.57	0.57	0	0	0.32
51200	0.32	0.57	0.57	0	0	0.32
51300	0.33	0.57	0.57	0	0	0.33
51400	0.33	0.57	0.57	0	0	0.33
51500	0.33	0.57	0.57	0	0	0.33
51600	0.33	0.57	0.57	0	0	0.33
51700	0.33	0.57	0.57	0	0	0.33
51800	0.34	0.58	0.58	0	0	0.34
51900	0.34	0.58	0.58	0	0	0.34
52000	0.34	0.58	0.58	0	0	0.34
52100	0.34	0.58	0.58	0	0	0.34
52200	0.34	0.58	0.58	0	0	0.34
52300	0.34	0.58	0.58	0	0	0.34
52400	0.34	0.58	0.58	0	0	0.34
52500	0.34	0.58	0.58	0	0	0.34
52600	0.34	0.58	0.58	0	0	0.34
52700	0.34	0.58	0.58	0	0	0.34
52800	0.34	0.58	0.58	0	0	0.34
52900	0.34	0.58	0.58	0	0	0.34
53000	0.34	0.58	0.58	0	0	0.34
53100	0.34	0.58	0.58	0	0	0.34
53200	0.34	0.58	0.58	0	0	0.34
53300	0.34	0.58	0.58	0	0	0.34
53400	0.34	0.58	0.58	0	0	0.34
53500	0.34	0.58	0.58	0	0	0.34
53600	0.34	0.57	0.57	0	0	0.34
53700	0.34	0.57	0.57	0	0	0.34
53800	0.34	0.57	0.57	0	0	0.34
53900	0.34	0.57	0.57	0	0	0.34
54000	0.34	0.57	0.57	0	0	0.34
54100	0.34	0.57	0.57	0	0	0.34
54200	0.34	0.57	0.57	0	0	0.34
54300	0.34	0.57	0.57	0	0	0.34
54400	0.34	0.57	0.57	0	0	0.34
54500	0.34	0.57	0.57	0	0	0.34
54600	0.34	0.57	0.57	0	0	0.34
54700	0.34	0.57	0.57	0	0	0.34
54800	0.34	0.57	0.57	0	0	0.34
54900	0.34	0.57	0.57	0	0	0.34
55000	0.34	0.57	0.57	0	0	0.34
55100	0.35	0.57	0.57	0	0	0.35
55200	0.35	0.56	0.56	0	0	0.35
55300	0.35	0.56	0.56	0	0	0.35
55400	0.35	0.56	0.56	0	0	0.35
55500	0.35	0.56	0.56	0	0	0.35
55600	0.35	0.56	0.56	0	0	0.35
55700	0.35	0.56	0.56	0	0	0.35
55800	0.35	0.56	0.56	0	0	0.35
55900	0.35	0.56	0.56	0	0	0.35
56000	0.35	0.56	0.56	0	0	0.35
56100	0.35	0.56	0.56	0	0	0.35
56200	0.36	0.56	0.56	0	0	0.36
56300	0.36	0.57	0.57	0	0	0.36
56400	0.36	0.57	0.57	0	0	0.36
56500	0.36	0.57	0.57	0	0	0.36
56600	0.36	0.57	0.57	0	0	0.36
56700	0.36	0.57	0.57	0	0	0.36
56800	0.36	0.57	0.57	0	0	0.36
56900	0.36	0.57	0.57	0	0	0.36
57000	0.36	0.57	0.57	0	0	0.36
57100	0.36	0.57	0.57	0	0	0.36
57200	0.36	0.57	0.57	0	0	0.36
57300	0.36	0.57	0.57	0	0	0.36
57400	0.35	0.57	0.57	0	0	0.35
57500	0.35	0.57	0.57	0	0	0.35
57600	0.35	0.57	0.57	0	0	0.35
57700	0.35	0.57	0.57	0	0	0.35
57800	0.35	0.57	0.57	0	0	0.35
57900	0.35	0.56	0.56	0	0	0.35
58000	0.35	0.57	0.57	0	0	0.35
58100	0.35	0.57	0.57	0	0	0.35
58200	0.35	0.58	0.58	0	0	0.35
58300	0.35	0.58	0.58	0	0	0.35
58400	0.35	0.58	0.58	0	0	0.35
58500	0.35	0.58	0.58	0	0	0.35
58600	0.34	0.58	0.58	0	0	0.34
58700	0.34	0.58	0.58	0	0	0.34
58800	0.34	0.59	0.59	0	0	0.34
58900	0.34	0.59	0.59	0	0	0.34
59000	0.34	0.59	0.59	0	0	0.34
59100	0.34	0.59	0.59	0	0	0.34
59200	0.34	0.58	0.58	0	0	0.34
59300	0.34	0.58	0.58	0	0	0.34
59400	0.34	0.58	0.58	0	0	0.34
59500	0.34	0.58	0.58	0	0	0.34
59600	0.35	0.58	0.58	0	0	0.35
59700	0.35	0.58	0.58	0	0	0.35
59800	0.35	0.58	0.58	0	0	0.35
59900	0.35	0.58	0.58	0	0	0.35
60000	0.35	0.58	0.58	0	0	0.35
60100	0.35	0.58	0.58	0	0	0.35
60200	0.35	0.58	0.58	0	0	0.35
60300	0.35	0.58	0.58	0	0	0.35
60400	0.35	0.59	0.59	0	0	0.35
60500	0.35	0.6	0.6	0	0	0.35
60600	0.35	0.6	0.6	0	0	0.35
60700	0.35	0.6	0.6	0	0	0.35
60800	0.35	0.6	0.6	0	0	0.35
60900	0.35	0.6	0.6	0	0	0.35
61000	0.35	0.6	0.6	0	0	0.35
61100	0.35	0.6	0.6	0	0	0.35
61200	0.34	0.6	0.6	0	0	0.34
61300	0.33	0.6	0.6	0	0	0.33
61400	0.33	0.6	0.6	0	0	0.33
61500	0.33	0.6	0.6	0	0	0.33
61600	0.33	0.61	0.61	0	0	0.33
61700	0.32	0.61	0.61	0	0	0.32
61800	0.32	0.61	0.61	0	0	0.32
61900	0.32	0.6	0.6	0	0	0.32
62000	0.32	0.6	0.6	0	0	0.32
62100	0.32	0.6	0.6	0	0	0.32
62200	0.32	0.6	0.6	0	0	0.32
62300	0.32	0.6	0.6	0	0	0.32
62400	0.32	0.6	0.6	0	0	0.32
62500	0.32	0.59	0.59	0	0	0.32
62600	0.32	0.59	0.59	0	0	0.32
62700	0.32	0.59	0.59	0	0	0.32
62800	0.32	0.59	0.59	0	0	0.32
62900	0.32	0.59	0.59	0	0	0.32
63000	0.32	0.59	0.59	0	0	0.32
63100	0.33	0.59	0.59	0	0	0.33
63200	0.33	0.59	0.59	0	0	0.33
63300	0.33	0.58	0.58	0	0	0.33
63400	0.33	0.57	0.57	0	0	0.33
63500	0.33	0.57	0.57	0	0	0.33
63600	0.33	0.58	0.58	0	0	0.33
63700	0.33	0.58	0.58	0	0	0.33
63800	0.33	0.58	0.58	0	0	0.33
63900	0.33	0.58	0.58	0	0	0.33
64000	0.33	0.58	0.58	0	0	0.33
64100	0.34	0.58	0.58	0	0	0.34
64200	0.34	0.58	0.58	0	0	0.34
64300	0.34	0.58	0.58	0	0	0.34
64400	0.34	0.58	0.58	0	0	0.34
64500	0.34	0.58	0.58	0	0	0.34
64600	0.34	0.58	0.58	0	0	0.34
64700	0.34	0.58	0.58	0	0	0.34
64800	0.34	0.58	0.58	0	0	0.34
64900	0.34	0.58	0.58	0	0	0.34
65000	0.34	0.58	0.58	0	0	0.34
65100	0.34	0.59	0.59	0	0	0.34
65200	0.34	0.58	0.58	0	0	0.34
65300	0.34	0.58	0.58	0	0	0.34
65400	0.34	0.59	0.59	0	0	0.34
65500	0.34	0.6	0.6	0	0	0.34
65600	0.34	0.6	0.6	0	0	0.34
65700	0.34	0.6	0.6	0	0	0.34
65800	0.34	0.6	0.6	0	0	0.34
65900	0.34	0.6	0.6	0	0	0.34
66000	0.34	0.6	0.6	0	0	0.34
66100	0.34	0.6	0.6	0	0	0.34
66200	0.35	0.6	0.6	0	0	0.35
66300	0.35	0.6	0.6	0	0	0.35
66400	0.35	0.6	0.6	0	0	0.35
66500	0.35	0.59	0.59	0	0	0.35
66600	0.35	0.59	0.59	0	0	0.35
66700	0.35	0.59	0.59	0	0	0.35
66800	0.35	0.59	0.59	0	0	0.35
66900	0.35	0.59	0.59	0	0	0.35
67000	0.35	0.59	0.59	0	0	0.35
67100	0.35	0.59	0.59	0	0	0.35
67200	0.35	0.59	0.59	0	0	0.35
67300	0.35	0.59	0.59	0	0	0.35
67400	0.35	0.59	0.59	0	0	0.35
67500	0.35	0.59	0.59	0	0	0.35
67600	0.35	0.59	0.59	0	0	0.35
67700	0.34	0.59	0.59	0	0	0.34
67800	0.34	0.59	0.59	0	0	0.34
67900	0.34	0.59	0.59	0	0	0.34
68000	0.34	0.59	0.59	0	0	0.34
68100	0.34	0.58	0.58	0	0	0.34
68200	0.33	0.58	0.58	0	0	0.33
68300	0.33	0.58	0.58	0	0	0.33
68400	0.33	0.58	0.58	0	0	0.33
68500	0.33	0.58	0.58	0	0	0.33
68600	0.33	0.58	0.58	0	0	0.33
68700	0.33	0.58	0.58	0	0	0.33
68800	0.33	0.58	0.58	0	0	0.33
68900	0.33	0.58	0.58	0	0	0.33
69000	0.33	0.58	0.58	0	0	0.33
69100	0.33	0.57	0.57	0	0	0.33
69200	0.33	0.57	0.57	0	0	0.33
69300	0.33	0.57	0.57	0	0	0.33
69400	0.33	0.57	0.57	0	0	0.33
69500	0.33	0.57	0.57	0	0	0.33
69600	0.33	0.57	0.57	0	0	0.33
69700	0.33	0.57	0.57	0	0	0.33
69800	0.33	0.56	0.56	0	0	0.33
69900	0.34	0.56	0.56	0	0	0.34
70000	0.34	0.56	0.56	0	0	0.34
70100	0.34	0.56	0.56	0	0	0.34
70200	0.34	0.56	0.56	0	0	0.34
70300	0.34	0.56	0.56	0	0	0.34
70400	0.34	0.56	0.56	0	0	0.34
70500	0.34	0.56	0.56	0	0	0.34
70600	0.34	0.56	0.56	0	0	0.34
70700	0.34	0.56	0.56	0	0	0.34
70800	0.34	0.56	0.56	0	0	0.34
70900	0.33	0.56	0.56	0	0	0.33
71000	0.33	0.56	0.56	0	0	0.33
71100	0.33	0.56	0.56	0	0	0.33
71200	0.33	0.56	0.56	0	0	0.33
71300	0.33	0.56	0.56	0	0	0.33
71400	0.33	0.56	0.56	0	0	0.33
71500	0.33	0.56	0.56	0	0	0.33
71600	0.33	0.56	0.56	0	0	0.33
71700	0.33	0.56	0.56	0	0	0.33
71800	0.33	0.56	0.56	0	0	0.33
71900	0.33	0.56	0.56	0	0	0.33
72000	0.33	0.56	0.56	0	0	0.33
72100	0.33	0.56	0.56	0	0	0.33
72200	0.33	0.56	0.56	0	0	0.33
72300	0.33	0.56	0.56	0	0	0.33
72400	0.33	0.55	0.55	0	0	0.33
72500	0.32	0.55	0.55	0	0	0.32
72600	0.32	0.54	0.54	0	0	0.32
72700	0.32	0.54	0.54	0	0	0.32
72800	0.32	0.54	0.54	0	0	0.32
72900	0.32	0.54	0.54	0	0	0.32
73000	0.32	0.54	0.54	0	0	0.32
73100	0.32	0.54	0.54	0	0	0.32
73200	0.32	0.54	0.54	0	0	0.32
73300	0.33	0.53	0.53	0	0	0.33
73400	0.33	0.52	0.52	0	0	0.33
73500	0.33	0.52	0.52	0	0	0.33
73600	0.33	0.52	0.52	0	0	0.33
73700	0.33	0.52	0.52	0	0	0.33
73800	0.33	0.52	0.52	0	0	0.33
73900	0.33	0.52	0.52	0	0	0.33
74000	0.33	0.52	0.52	0	0	0.33
74100	0.33	0.52	0.52	0	0	0.33
74200	0.33	0.53	0.53	0	0	0.33
74300	0.33	0.54	0.54	0	0	0.33
74400	0.33	0.54	0.54	0	0	0.33
74500	0.33	0.55	0.55	0	0	0.33
74600	0.33	0.55	0.55	0	0	0.33
74700	0.33	0.55	0.55	0	0	0.33
74800	0.33	0.55	0.55	0	0	0.33
74900	0.33	0.55	0.55	0	0	0.33
75000	0.33	0.55	0.55	0	0	0.33
75100	0.33	0.55	0.55	0	0	0.33
75200	0.33	0.55	0.55	0	0	0.33
75300	0.33	0.55	0.55	0	0	0.33
75400	0.33	0.55	0.55	0	0	0.33
75500	0.33	0.55	0.55	0	0	0.33
75600	0.33	0.55	0.55	0	0	0.33
75700	0.33	0.55	0.55	0	0	0.33
75800	0.34	0.55	0.55	0	0	0.34
75900	0.34	0.55	0.55	0	0	0.34
76000	0.34	0.55	0.55	0	0	0.34
76100	0.34	0.55	0.55	0	0	0.34
76200	0.34	0.55	0.55	0	0	0.34
76300	0.35	0.55	0.55	0	0	0.35
76400	0.35	0.55	0.55	0	0	0.35
76500	0.35	0.55	0.55	0	0	0.35
76600	0.35	0.55	0.55	0	0	0.35
76700	0.35	0.55	0.55	0	0	0.35
76800	0.35	0.55	0.55	0	0	0.35
76900	0.35	0.56	0.56	0	0	0.35
77000	0.35	0.56	0.56	0	0	0.35
77100	0.35	0.56	0.56	0	0	0.35
77200	0.35	0.56	0.56	0	0	0.35
77300	0.35	0.56	0.56	0	0	0.35
77400	0.35	0.56	0.56	0	0	0.35
77500	0.35	0.56	0.56	0	0	0.35
77600	0.35	0.57	0.57	0	0	0.35
77700	0.35	0.57	0.57	0	0	0.35
77800	0.35	0.57	0.57	0	0	0.35
77900	0.35	0.57	0.57	0	0	0.35
78000	0.35	0.57	0.57	0	0	0.35
78100	0.35	0.57	0.57	0	0	0.35
78200	0.35	0.57	0.57	0	0	0.35
78300	0.35	0.57	0.57	0	0	0.35
78400	0.35	0.57	0.57	0	0	0.35
78500	0.35	0.57	0.57	0	0	0.35
78600	0.35	0.56	0.56	0	0	0.35
78700	0.35	0.56	0.56	0	0	0.35
78800	0.35	0.56	0.56	0	0	0.35
78900	0.35	0.57	0.57	0	0	0.35
79000	0.35	0.56	0.56	0	0	0.35
79100	0.35	0.56	0.56	0	0	0.35
79200	0.35	0.56	0.56	0	0	0.35
79300	0.35	0.56	0.56	0	0	0.35
79400	0.35	0.56	0.56	0	0	0.35
79500	0.35	0.56	0.56	0	0	0.35
79600	0.35	0.56	0.56	0	0	0.35
79700	0.35	0.56	0.56	0	0	0.35
79800	0.35	0.56	0.56	0	0	0.35
79900	0.34	0.56	0.56	0	0	0.34
80000	0.34	0.56	0.56	0	0	0.34
80100	0.34	0.56	0.56	0	0	0.34
80200	0.34	0.56	0.56	0	0	0.34
80300	0.34	0.56	0.56	0	0	0.34
80400	0.34	0.57	0.57	0	0	0.34
80500	0.34	0.57	0.57	0	0	0.34
80600	0.34	0.57	0.57	0	0	0.34
80700	0.34	0.57	0.57	0	0	0.34
80800	0.34	0.57	0.57	0	0	0.34
80900	0.34	0.57	0.57	0	0	0.34
81000	0.34	0.57	0.57	0	0	0.34
81100	0.35	0.57	0.57	0	0	0.35
81200	0.35	0.57	0.57	0	0	0.35
81300	0.35	0.57	0.57	0	0	0.35
81400	0.35	0.57	0.57	0	0	0.35
81500	0.35	0.58	0.58	0	0	0.35
81600	0.35	0.58	0.58	0	0	0.35
81700	0.35	0.57	0.57	0	0	0.35
81800	0.35	0.57	0.57	0	0	0.35
81900	0.35	0.56	0.56	0	0	0.35
82000	0.35	0.56	0.56	0	0	0.35
82100	0.35	0.56	0.56	0	0	0.35
82200	0.35	0.56	0.56	0	0	0.35
82300	0.35	0.56	0.56	0	0	0.35
82400	0.35	0.56	0.56	0	0	0.35
82500	0.35	0.57	0.57	0	0	0.35
82600	0.35	0.57	0.57	0	0	0.35
82700	0.35	0.58	0.58	0	0	0.35
82800	0.35	0.58	0.58	0	0	0.35
82900	0.35	0.58	0.58	0	0	0.35
83000	0.35	0.58	0.58	0	0	0.35
83100	0.35	0.58	0.58	0	0	0.35
83200	0.35	0.57	0.57	0	0	0.35
83300	0.35	0.57	0.57	0	0	0.35
83400	0.35	0.58	0.58	0	0	0.35
83500	0.35	0.58	0.58	0	0	0.35
83600	0.35	0.58	0.58	0	0	0.35
83700	0.35	0.58	0.58	0	0	0.35
83800	0.35	0.58	0.58	0	0	0.35
83900	0.35	0.58	0.58	0	0	0.35
84000	0.35	0.58	0.58	0	0	0.35
84100	0.35	0.58	0.58	0	0	0.35
84200	0.35	0.58	0.58	0	0	0.35
84300	0.35	0.58	0.58	0	0	0.35
84400	0.35	0.58	0.58	0	0	0.35
84500	0.35	0.58	0.58	0	0	0.35
84600	0.35	0.58	0.58	0	0	0.35
84700	0.35	0.58	0.58	0	0	0.35
84800	0.35	0.58	0.58	0	0	0.35
84900	0.35	0.58	0.58	0	0	0.35
85000	0.35	0.58	0.58	0	0	0.35
85100	0.34	0.58	0.58	0	0	0.34
85200	0.34	0.58	0.58	0	0	0.34
85300	0.34	0.58	0.58	0	0	0.34
85400	0.34	0.57	0.57	0	0	0.34
85500	0.34	0.57	0.57	0	0	0.34
85600	0.34	0.58	0.58	0	0	0.34
85700	0.34	0.58	0.58	0	0	0.34
85800	0.34	0.58	0.58	0	0	0.34
85900	0.34	0.58	0.58	0	0	0.34
86000	0.34	0.57	0.57	0	0	0.34
86100	0.34	0.57	0.57	0	0	0.34
86200	0.34	0.57	0.57	0	0	0.34
86300	0.34	0.57	0.57	0	0	0.34
86400	0.34	0.57	0.57	0	0	0.34
86500	0.34	0.57	0.57	0	0	0.34
86600	0.34	0.57	0.57	0	0	0.34
86700	0.34	0.57	0.57	0	0	0.34
86800	0.34	0.57	0.57	0	0	0.34
86900	0.34	0.57	0.57	0	0	0.34
87000	0.34	0.57	0.57	0	0	0.34
87100	0.34	0.57	0.57	0	0	0.34
87200	0.34	0.57	0.57	0	0	0.34
87300	0.34	0.57	0.57	0	0	0.34
87400	0.34	0.57	0.57	0	0	0.34
87500	0.34	0.57	0.57	0	0	0.34
87600	0.34	0.57	0.57	0	0	0.34
87700	0.34	0.57	0.57	0	0	0.34
87800	0.34	0.57	0.57	0	0	0.34
87900	0.35	0.57	0.57	0	0	0.35
88000	0.35	0.57	0.57	0	0	0.35
88100	0.35	0.57	0.57	0	0	0.35
88200	0.35	0.57	0.57	0	0	0.35
88300	0.35	0.57	0.57	0	0	0.35
88400	0.35	0.57	0.57	0	0	0.35
88500	0.35	0.56	0.56	0	0	0.35
88600	0.35	0.56	0.56	0	0	0.35
88700	0.35	0.56	0.56	0	0	0.35
88800	0.35	0.56	0.56	0	0	0.35
88900	0.34	0.56	0.56	0	0	0.34
89000	0.34	0.56	0.56	0	0	0.34
89100	0.34	0.56	0.56	0	0	0.34
89200	0.33	0.55	0.55	0	0	0.33
89300	0.34	0.55	0.55	0	0	0.34
89400	0.34	0.57	0.57	0	0	0.34
89500	0.34	0.57	0.57	0	0	0.34
89600	0.34	0.57	0.57	0	0	0.34
89700	0.34	0.56	0.56	0	0	0.34
89800	0.34	0.56	0.56	0	0	0.34
89900	0.34	0.56	0.56	0	0	0.34
90000	0.34	0.56	0.56	0	0	0.34
90100	0.34	0.56	0.56	0	0	0.34
90200	0.34	0.56	0.56	0	0	0.34
90300	0.34	0.56	0.56	0	0	0.34
90400	0.34	0.56	0.56	0	0	0.34
90500	0.34	0.56	0.56	0	0	0.34
90600	0.34	0.56	0.56	0	0	0.34
90700	0.34	0.56	0.56	0	0	0.34
90800	0.34	0.56	0.56	0	0	0.34
90900	0.34	0.56	0.56	0	0	0.34
91000	0.34	0.56	0.56	0	0	0.34
91100	0.34	0.56	0.56	0	0	0.34
91200	0.34	0.56	0.56	0	0	0.34
91300	0.34	0.56	0.56	0	0	0.34
91400	0.34	0.56	0.56	0	0	0.34
91500	0.34	0.56	0.56	0	0	0.34
91600	0.34	0.55	0.55	0	0	0.34
91700	0.34	0.55	0.55	0	0	0.34
91800	0.34	0.55	0.55	0	0	0.34
91900	0.34	0.55	0.55	0	0	0.34
92000	0.34	0.55	0.55	0	0	0.34
92100	0.34	0.55	0.55	0	0	0.34
92200	0.34	0.54	0.54	0	0	0.34
92300	0.34	0.54	0.54	0	0	0.34
92400	0.34	0.54	0.54	0	0	0.34
92500	0.34	0.54	0.54	0	0	0.34
92600	0.34	0.54	0.54	0	0	0.34
92700	0.34	0.54	0.54	0	0	0.34
92800	0.34	0.54	0.54	0	0	0.34
92900	0.34	0.54	0.54	0	0	0.34
93000	0.34	0.53	0.53	0	0	0.34
93100	0.34	0.53	0.53	0	0	0.34
93200	0.34	0.53	0.53	0	0	0.34
93300	0.34	0.53	0.53	0	0	0.34
93400	0.34	0.53	0.53	0	0	0.34
93500	0.34	0.54	0.54	0	0	0.34
93600	0.34	0.54	0.54	0	0	0.34
93700	0.34	0.54	0.54	0	0	0.34
93800	0.34	0.54	0.54	0	0	0.34
93900	0.34	0.54	0.54	0	0	0.34
94000	0.34	0.54	0.54	0	0	0.34
94100	0.34	0.54	0.54	0	0	0.34
94200	0.34	0.54	0.54	0	0	0.34
94300	0.34	0.54	0.54	0	0	0.34
94400	0.34	0.54	0.54	0	0	0.34
94500	0.34	0.54	0.54	0	0	0.34
94600	0.34	0.54	0.54	0	0	0.34
94700	0.34	0.54	0.54	0	0	0.34
94800	0.34	0.54	0.54	0	0	0.34
94900	0.35	0.55	0.55	0	0	0.35
95000	0.35	0.54	0.54	0	0	0.35
95100	0.35	0.54	0.54	0	0	0.35
95200	0.35	0.54	0.54	0	0	0.35
95300	0.35	0.54	0.54	0	0	0.35
95400	0.35	0.54	0.54	0	0	0.35
95500	0.35	0.54	0.54	0	0	0.35
95600	0.35	0.54	0.54	0	0	0.35
95700	0.35	0.54	0.54	0	0	0.35
95800	0.35	0.54	0.54	0	0	0.35
95900	0.35	0.54	0.54	0	0	0.35
96000	0.35	0.54	0.54	0	0	0.35
96100	0.35	0.54	0.54	0	0	0.35
96200	0.35	0.54	0.54	0	0	0.35
96300	0.35	0.54	0.54	0	0	0.35
96400	0.35	0.54	0.54	0	0	0.35
96500	0.35	0.54	0.54	0	0	0.35
96600	0.35	0.54	0.54	0	0	0.35
96700	0.35	0.54	0.54	0	0	0.35
96800	0.35	0.54	0.54	0	0	0.35
96900	0.35	0.54	0.54	0	0	0.35
97000	0.35	0.54	0.54	0	0	0.35
97100	0.35	0.54	0.54	0	0	0.35
97200	0.35	0.54	0.54	0	0	0.35
97300	0.35	0.54	0.54	0	0	0.35
97400	0.35	0.54	0.54	0	0	0.35
97500	0.35	0.54	0.54	0	0	0.35
97600	0.35	0.54	0.54	0	0	0.35
97700	0.35	0.54	0.54	0	0	0.35
97800	0.35	0.54	0.54	0	0	0.35
97900	0.35	0.55	0.55	0	0	0.35
98000	0.35	0.54	0.54	0	0	0.35
98100	0.35	0.54	0.54	0	0	0.35
98200	0.35	0.54	0.54	0	0	0.35
98300	0.35	0.54	0.54	0	0	0.35
98400	0.35	0.54	0.54	0	0	0.35
98500	0.35	0.54	0.54	0	0	0.35
98600	0.35	0.53	0.53	0	0	0.35
98700	0.35	0.53	0.53	0	0	0.35
98800	0.35	0.53	0.53	0	0	0.35
98900	0.35	0.53	0.53	0	0	0.35
99000	0.35	0.53	0.53	0	0	0.35
99100	0.35	0.53	0.53	0	0	0.35
99200	0.35	0.53	0.53	0	0	0.35
99300	0.35	0.53	0.53	0	0	0.35
99400	0.35	0.53	0.53	0	0	0.35
99500	0.35	0.52	0.52	0	0	0.35
99600	0.35	0.52	0.52	0	0	0.35
99700	0.35	0.52	0.52	0	0	0.35
99800	0.36	0.52	0.52	0	0	0.36
99900	0.36	0.52	0.52	0	0	0.36
100000	0.36	0.52	0.52	0	0	0.36
