100	0.04	0.07	0.07	0	0	0.04
200	0.05	0.09	0.09	0	0	0.05
300	0.05	0.11	0.11	0	0	0.05
400	0.06	0.13	0.13	0	0	0.06
500	0.07	0.14	0.14	0	0	0.07
600	0.07	0.15	0.15	0	0	0.07
700	0.08	0.17	0.17	0	0	0.08
800	0.08	0.17	0.17	0	0	0.08
900	0.08	0.17	0.17	0	0	0.08
1000	0.09	0.18	0.18	0	0	0.09
1100	0.09	0.19	0.19	0	0	0.09
1200	0.08	0.19	0.19	0	0	0.08
1300	0.09	0.2	0.2	0	0	0.09
1400	0.09	0.2	0.2	0	0	0.09
1500	0.1	0.19	0.19	0	0	0.1
1600	0.1	0.2	0.2	0	0	0.1
1700	0.11	0.21	0.21	0	0	0.11
1800	0.12	0.22	0.22	0	0	0.12
1900	0.14	0.22	0.22	0	0	0.14
2000	0.14	0.24	0.24	0	0	0.14
2100	0.14	0.24	0.24	0	0	0.14
2200	0.14	0.26	0.26	0	0	0.14
2300	0.14	0.27	0.27	0	0	0.14
2400	0.14	0.27	0.27	0	0	0.14
2500	0.16	0.28	0.28	0	0	0.16
2600	0.16	0.27	0.27	0	0	0.16
2700	0.16	0.27	0.27	0	0	0.16
2800	0.16	0.27	0.27	0	0	0.16
2900	0.17	0.27	0.27	0	0	0.17
3000	0.17	0.28	0.28	0	0	0.17
3100	0.17	0.31	0.31	0	0	0.17
3200	0.17	0.29	0.29	0	0	0.17
3300	0.16	0.3	0.3	0	0	0.16
3400	0.16	0.29	0.29	0	0	0.16
3500	0.18	0.29	0.29	0	0	0.18
3600	0.18	0.32	0.32	0	0	0.18
3700	0.19	0.33	0.33	0	0	0.19
3800	0.19	0.32	0.32	0	0	0.19
3900	0.19	0.31	0.31	0	0	0.19
4000	0.19	0.33	0.33	0	0	0.19
4100	0.19	0.33	0.33	0	0	0.19
4200	0.19	0.33	0.33	0	0	0.19
4300	0.19	0.34	0.34	0	0	0.19
4400	0.19	0.35	0.35	0	0	0.19
4500	0.2	0.36	0.36	0	0	0.2
4600	0.19	0.36	0.36	0	0	0.19
4700	0.19	0.37	0.37	0	0	0.19
4800	0.19	0.37	0.37	0	0	0.19
4900	0.19	0.37	0.37	0	0	0.19
5000	0.19	0.37	0.37	0	0	0.19
5100	0.19	0.37	0.37	0	0	0.19
5200	0.19	0.38	0.38	0	0	0.19
5300	0.19	0.39	0.39	0	0	0.19
5400	0.2	0.38	0.38	0	0	0.2
5500	0.2	0.38	0.38	0	0	0.2
5600	0.2	0.38	0.38	0	0	0.2
5700	0.21	0.39	0.39	0	0	0.21
5800	0.21	0.4	0.4	0	0	0.21
5900	0.21	0.4	0.4	0	0	0.21
6000	0.21	0.39	0.39	0	0	0.21
6100	0.23	0.39	0.39	0	0	0.23
6200	0.23	0.4	0.4	0	0	0.23
6300	0.22	0.4	0.4	0	0	0.22
6400	0.22	0.41	0.41	0	0	0.22
6500	0.21	0.42	0.42	0	0	0.21
6600	0.22	0.41	0.41	0	0	0.22
6700	0.21	0.41	0.41	0	0	0.21
6800	0.21	0.43	0.43	0	0	0.21
6900	0.2	0.43	0.43	0	0	0.2
7000	0.21	0.43	0.43	0	0	0.21
7100	0.21	0.43	0.43	0	0	0.21
7200	0.21	0.43	0.43	0	0	0.21
7300	0.21	0.43	0.43	0	0	0.21
7400	0.21	0.44	0.44	0	0	0.21
7500	0.21	0.43	0.43	0	0	0.21
7600	0.21	0.43	0.43	0	0	0.21
7700	0.21	0.43	0.43	0	0	0.21
7800	0.21	0.43	0.43	0	0	0.21
7900	0.21	0.43	0.43	0	0	0.21
8000	0.21	0.43	0.43	0	0	0.21
8100	0.23	0.43	0.43	0	0	0.23
8200	0.23	0.43	0.43	0	0	0.23
8300	0.23	0.43	0.43	0	0	0.23
8400	0.24	0.43	0.43	0	0	0.24
8500	0.24	0.45	0.45	0	0	0.24
8600	0.25	0.45	0.45	0	0	0.25
8700	0.25	0.44	0.44	0	0	0.25
8800	0.25	0.43	0.43	0	0	0.25
8900	0.25	0.42	0.42	0	0	0.25
9000	0.25	0.42	0.42	0	0	0.25
9100	0.25	0.41	0.41	0	0	0.25
9200	0.26	0.41	0.41	0	0	0.26
9300	0.26	0.41	0.41	0	0	0.26
9400	0.27	0.41	0.41	0	0	0.27
9500	0.27	0.41	0.41	0	0	0.27
9600	0.27	0.4	0.4	0	0	0.27
9700	0.27	0.4	0.4	0	0	0.27
9800	0.27	0.4	0.4	0	0	0.27
9900	0.27	0.41	0.41	0	0	0.27
10000	0.27	0.42	0.42	0	0	0.27
10100	0.27	0.41	0.41	0	0	0.27
10200	0.27	0.41	0.41	0	0	0.27
10300	0.28	0.41	0.41	0	0	0.28
10400	0.28	0.41	0.41	0	0	0.28
10500	0.28	0.41	0.41	0	0	0.28
10600	0.28	0.4	0.4	0	0	0.28
10700	0.28	0.4	0.4	0	0	0.28
10800	0.27	0.4	0.4	0	0	0.27
10900	0.26	0.41	0.41	0	0	0.26
11000	0.26	0.41	0.41	0	0	0.26
11100	0.26	0.41	0.41	0	0	0.26
11200	0.26	0.41	0.41	0	0	0.26
11300	0.26	0.42	0.42	0	0	0.26
11400	0.26	0.41	0.41	0	0	0.26
11500	0.26	0.4	0.4	0	0	0.26
11600	0.26	0.4	0.4	0	0	0.26
11700	0.26	0.4	0.4	0	0	0.26
11800	0.26	0.4	0.4	0	0	0.26
11900	0.26	0.4	0.4	0	0	0.26
12000	0.26	0.4	0.4	0	0	0.26
12100	0.26	0.41	0.41	0	0	0.26
12200	0.26	0.41	0.41	0	0	0.26
12300	0.26	0.41	0.41	0	0	0.26
12400	0.26	0.41	0.41	0	0	0.26
12500	0.27	0.42	0.42	0	0	0.27
12600	0.27	0.42	0.42	0	0	0.27
12700	0.27	0.42	0.42	0	0	0.27
12800	0.27	0.42	0.42	0	0	0.27
12900	0.27	0.42	0.42	0	0	0.27
13000	0.27	0.42	0.42	0	0	0.27
13100	0.27	0.43	0.43	0	0	0.27
13200	0.27	0.43	0.43	0	0	0.27
13300	0.27	0.43	0.43	0	0	0.27
13400	0.27	0.43	0.43	0	0	0.27
13500	0.27	0.43	0.43	0	0	0.27
13600	0.27	0.43	0.43	0	0	0.27
13700	0.27	0.43	0.43	0	0	0.27
13800	0.27	0.43	0.43	0	0	0.27
13900	0.27	0.43	0.43	0	0	0.27
14000	0.27	0.43	0.43	0	0	0.27
14100	0.27	0.43	0.43	0	0	0.27
14200	0.27	0.44	0.44	0	0	0.27
14300	0.27	0.44	0.44	0	0	0.27
14400	0.27	0.44	0.44	0	0	0.27
14500	0.27	0.44	0.44	0	0	0.27
14600	0.27	0.44	0.44	0	0	0.27
14700	0.27	0.44	0.44	0	0	0.27
14800	0.27	0.45	0.45	0	0	0.27
14900	0.27	0.45	0.45	0	0	0.27
15000	0.27	0.45	0.45	0	0	0.27
15100	0.27	0.45	0.45	0	0	0.27
15200	0.27	0.44	0.44	0	0	0.27
15300	0.28	0.45	0.45	0	0	0.28
15400	0.28	0.45	0.45	0	0	0.28
15500	0.28	0.45	0.45	0	0	0.28
15600	0.28	0.45	0.45	0	0	0.28
15700	0.28	0.45	0.45	0	0	0.28
15800	0.28	0.45	0.45	0	0	0.28
15900	0.28	0.45	0.45	0	0	0.28
16000	0.29	0.45	0.45	0	0	0.29
16100	0.29	0.46	0.46	0	0	0.29
16200	0.28	0.45	0.45	0	0	0.28
16300	0.28	0.44	0.44	0	0	0.28
16400	0.28	0.44	0.44	0	0	0.28
16500	0.28	0.44	0.44	0	0	0.28
16600	0.27	0.46	0.46	0	0	0.27
16700	0.27	0.46	0.46	0	0	0.27
16800	0.27	0.46	0.46	0	0	0.27
16900	0.27	0.47	0.47	0	0	0.27
17000	0.26	0.48	0.48	0	0	0.26
17100	0.26	0.49	0.49	0	0	0.26
17200	0.26	0.49	0.49	0	0	0.26
17300	0.26	0.49	0.49	0	0	0.26
17400	0.26	0.49	0.49	0	0	0.26
17500	0.26	0.49	0.49	0	0	0.26
17600	0.27	0.49	0.49	0	0	0.27
17700	0.27	0.49	0.49	0	0	0.27
17800	0.26	0.48	0.48	0	0	0.26
17900	0.26	0.48	0.48	0	0	0.26
18000	0.26	0.49	0.49	0	0	0.26
18100	0.27	0.49	0.49	0	0	0.27
18200	0.27	0.49	0.49	0	0	0.27
18300	0.27	0.49	0.49	0	0	0.27
18400	0.27	0.49	0.49	0	0	0.27
18500	0.27	0.49	0.49	0	0	0.27
18600	0.27	0.5	0.5	0	0	0.27
18700	0.27	0.5	0.5	0	0	0.27
18800	0.27	0.49	0.49	0	0	0.27
18900	0.27	0.49	0.49	0	0	0.27
19000	0.27	0.49	0.49	0	0	0.27
19100	0.27	0.49	0.49	0	0	0.27
19200	0.27	0.49	0.49	0	0	0.27
19300	0.27	0.49	0.49	0	0	0.27
19400	0.27	0.49	0.49	0	0	0.27
19500	0.27	0.49	0.49	0	0	0.27
19600	0.27	0.49	0.49	0	0	0.27
19700	0.27	0.49	0.49	0	0	0.27
19800	0.27	0.49	0.49	0	0	0.27
19900	0.27	0.49	0.49	0	0	0.27
20000	0.27	0.49	0.49	0	0	0.27
20100	0.27	0.49	0.49	0	0	0.27
20200	0.27	0.49	0.49	0	0	0.27
20300	0.28	0.49	0.49	0	0	0.28
20400	0.28	0.49	0.49	0	0	0.28
20500	0.28	0.49	0.49	0	0	0.28
20600	0.28	0.49	0.49	0	0	0.28
20700	0.28	0.49	0.49	0	0	0.28
20800	0.28	0.49	0.49	0	0	0.28
20900	0.28	0.49	0.49	0	0	0.28
21000	0.28	0.49	0.49	0	0	0.28
21100	0.28	0.5	0.5	0	0	0.28
21200	0.28	0.49	0.49	0	0	0.28
21300	0.28	0.48	0.48	0	0	0.28
21400	0.28	0.48	0.48	0	0	0.28
21500	0.28	0.48	0.48	0	0	0.28
21600	0.28	0.48	0.48	0	0	0.28
21700	0.28	0.48	0.48	0	0	0.28
21800	0.28	0.48	0.48	0	0	0.28
21900	0.28	0.48	0.48	0	0	0.28
22000	0.28	0.48	0.48	0	0	0.28
22100	0.28	0.48	0.48	0	0	0.28
22200	0.28	0.48	0.48	0	0	0.28
22300	0.28	0.48	0.48	0	0	0.28
22400	0.28	0.48	0.48	0	0	0.28
22500	0.28	0.48	0.48	0	0	0.28
22600	0.27	0.48	0.48	0	0	0.27
22700	0.27	0.48	0.48	0	0	0.27
22800	0.27	0.48	0.48	0	0	0.27
22900	0.27	0.48	0.48	0	0	0.27
23000	0.27	0.48	0.48	0	0	0.27
23100	0.27	0.47	0.47	0	0	0.27
23200	0.27	0.47	0.47	0	0	0.27
23300	0.27	0.47	0.47	0	0	0.27
23400	0.27	0.47	0.47	0	0	0.27
23500	0.27	0.48	0.48	0	0	0.27
23600	0.27	0.48	0.48	0	0	0.27
23700	0.27	0.48	0.48	0	0	0.27
23800	0.27	0.48	0.48	0	0	0.27
23900	0.27	0.48	0.48	0	0	0.27
24000	0.27	0.48	0.48	0	0	0.27
24100	0.27	0.48	0.48	0	0	0.27
24200	0.27	0.49	0.49	0	0	0.27
24300	0.27	0.49	0.49	0	0	0.27
24400	0.27	0.49	0.49	0	0	0.27
24500	0.27	0.49	0.49	0	0	0.27
24600	0.27	0.49	0.49	0	0	0.27
24700	0.27	0.49	0.49	0	0	0.27
24800	0.27	0.49	0.49	0	0	0.27
24900	0.27	0.49	0.49	0	0	0.27
25000	0.27	0.49	0.49	0	0	0.27
25100	0.27	0.5	0.5	0	0	0.27
25200	0.27	0.5	0.5	0	0	0.27
25300	0.27	0.51	0.51	0	0	0.27
25400	0.27	0.51	0.51	0	0	0.27
25500	0.28	0.51	0.51	0	0	0.28
25600	0.28	0.51	0.51	0	0	0.28
25700	0.28	0.51	0.51	0	0	0.28
25800	0.28	0.51	0.51	0	0	0.28
25900	0.28	0.51	0.51	0	0	0.28
26000	0.28	0.51	0.51	0	0	0.28
26100	0.28	0.51	0.51	0	0	0.28
26200	0.28	0.51	0.51	0	0	0.28
26300	0.28	0.51	0.51	0	0	0.28
26400	0.28	0.51	0.51	0	0	0.28
26500	0.28	0.51	0.51	0	0	0.28
26600	0.28	0.51	0.51	0	0	0.28
26700	0.28	0.51	0.51	0	0	0.28
26800	0.28	0.51	0.51	0	0	0.28
26900	0.28	0.51	0.51	0	0	0.28
27000	0.28	0.51	0.51	0	0	0.28
27100	0.28	0.51	0.51	0	0	0.28
27200	0.28	0.51	0.51	0	0	0.28
27300	0.28	0.51	0.51	0	0	0.28
27400	0.28	0.51	0.51	0	0	0.28
27500	0.28	0.51	0.51	0	0	0.28
27600	0.28	0.51	0.51	0	0	0.28
27700	0.28	0.51	0.51	0	0	0.28
27800	0.27	0.5	0.5	0	0	0.27
27900	0.27	0.5	0.5	0	0	0.27
28000	0.27	0.49	0.49	0	0	0.27
28100	0.27	0.49	0.49	0	0	0.27
28200	0.27	0.49	0.49	0	0	0.27
28300	0.27	0.49	0.49	0	0	0.27
28400	0.27	0.5	0.5	0	0	0.27
28500	0.27	0.5	0.5	0	0	0.27
28600	0.27	0.5	0.5	0	0	0.27
28700	0.27	0.5	0.5	0	0	0.27
28800	0.28	0.5	0.5	0	0	0.28
28900	0.28	0.5	0.5	0	0	0.28
29000	0.29	0.5	0.5	0	0	0.29
29100	0.29	0.5	0.5	0	0	0.29
29200	0.29	0.5	0.5	0	0	0.29
29300	0.29	0.5	0.5	0	0	0.29
29400	0.29	0.49	0.49	0	0	0.29
29500	0.29	0.49	0.49	0	0	0.29
29600	0.29	0.48	0.48	0	0	0.29
29700	0.29	0.48	0.48	0	0	0.29
29800	0.29	0.48	0.48	0	0	0.29
29900	0.29	0.48	0.48	0	0	0.29
30000	0.29	0.48	0.48	0	0	0.29
30100	0.28	0.48	0.48	0	0	0.28
30200	0.28	0.48	0.48	0	0	0.28
30300	0.29	0.48	0.48	0	0	0.29
30400	0.29	0.48	0.48	0	0	0.29
30500	0.29	0.48	0.48	0	0	0.29
30600	0.29	0.48	0.48	0	0	0.29
30700	0.29	0.48	0.48	0	0	0.29
30800	0.29	0.48	0.48	0	0	0.29
30900	0.28	0.48	0.48	0	0	0.28
31000	0.28	0.49	0.49	0	0	0.28
31100	0.28	0.5	0.5	0	0	0.28
31200	0.28	0.5	0.5	0	0	0.28
31300	0.28	0.5	0.5	0	0	0.28
31400	0.27	0.5	0.5	0	0	0.27
31500	0.27	0.5	0.5	0	0	0.27
31600	0.26	0.49	0.49	0	0	0.26
31700	0.26	0.49	0.49	0	0	0.26
31800	0.26	0.49	0.49	0	0	0.26
31900	0.26	0.49	0.49	0	0	0.26
32000	0.26	0.49	0.49	0	0	0.26
32100	0.26	0.49	0.49	0	0	0.26
32200	0.26	0.49	0.49	0	0	0.26
32300	0.26	0.49	0.49	0	0	0.26
32400	0.26	0.49	0.49	0	0	0.26
32500	0.26	0.5	0.5	0	0	0.26
32600	0.26	0.49	0.49	0	0	0.26
32700	0.26	0.49	0.49	0	0	0.26
32800	0.26	0.49	0.49	0	0	0.26
32900	0.26	0.49	0.49	0	0	0.26
33000	0.27	0.48	0.48	0	0	0.27
33100	0.27	0.48	0.48	0	0	0.27
33200	0.27	0.47	0.47	0	0	0.27
33300	0.27	0.48	0.48	0	0	0.27
33400	0.27	0.48	0.48	0	0	0.27
33500	0.27	0.48	0.48	0	0	0.27
33600	0.27	0.48	0.48	0	0	0.27
33700	0.27	0.48	0.48	0	0	0.27
33800	0.28	0.48	0.48	0	0	0.28
33900	0.29	0.48	0.48	0	0	0.29
34000	0.29	0.48	0.48	0	0	0.29
34100	0.29	0.48	0.48	0	0	0.29
34200	0.3	0.49	0.49	0	0	0.3
34300	0.31	0.5	0.5	0	0	0.31
34400	0.31	0.5	0.5	0	0	0.31
34500	0.31	0.5	0.5	0	0	0.31
34600	0.31	0.49	0.49	0	0	0.31
34700	0.31	0.49	0.49	0	0	0.31
34800	0.31	0.49	0.49	0	0	0.31
34900	0.31	0.49	0.49	0	0	0.31
35000	0.31	0.48	0.48	0	0	0.31
35100	0.31	0.47	0.47	0	0	0.31
35200	0.31	0.47	0.47	0	0	0.31
35300	0.31	0.47	0.47	0	0	0.31
35400	0.31	0.47	0.47	0	0	0.31
35500	0.32	0.47	0.47	0	0	0.32
35600	0.32	0.47	0.47	0	0	0.32
35700	0.32	0.48	0.48	0	0	0.32
35800	0.31	0.48	0.48	0	0	0.31
35900	0.3	0.48	0.48	0	0	0.3
36000	0.3	0.49	0.49	0	0	0.3
36100	0.3	0.5	0.5	0	0	0.3
36200	0.3	0.5	0.5	0	0	0.3
36300	0.3	0.51	0.51	0	0	0.3
36400	0.3	0.5	0.5	0	0	0.3
36500	0.3	0.5	0.5	0	0	0.3
36600	0.3	0.5	0.5	0	0	0.3
36700	0.28	0.5	0.5	0	0	0.28
36800	0.28	0.5	0.5	0	0	0.28
36900	0.28	0.5	0.5	0	0	0.28
37000	0.29	0.5	0.5	0	0	0.29
37100	0.3	0.5	0.5	0	0	0.3
37200	0.31	0.5	0.5	0	0	0.31
37300	0.31	0.5	0.5	0	0	0.31
37400	0.31	0.51	0.51	0	0	0.31
37500	0.32	0.51	0.51	0	0	0.32
37600	0.33	0.51	0.51	0	0	0.33
37700	0.33	0.51	0.51	0	0	0.33
37800	0.33	0.51	0.51	0	0	0.33
37900	0.32	0.51	0.51	0	0	0.32
38000	0.31	0.51	0.51	0	0	0.31
38100	0.31	0.52	0.52	0	0	0.31
38200	0.31	0.51	0.51	0	0	0.31
38300	0.3	0.5	0.5	0	0	0.3
38400	0.3	0.5	0.5	0	0	0.3
38500	0.3	0.5	0.5	0	0	0.3
38600	0.3	0.5	0.5	0	0	0.3
38700	0.3	0.51	0.51	0	0	0.3
38800	0.31	0.5	0.5	0	0	0.31
38900	0.3	0.5	0.5	0	0	0.3
39000	0.3	0.5	0.5	0	0	0.3
39100	0.3	0.51	0.51	0	0	0.3
39200	0.3	0.51	0.51	0	0	0.3
39300	0.3	0.51	0.51	0	0	0.3
39400	0.31	0.51	0.51	0	0	0.31
39500	0.31	0.51	0.51	0	0	0.31
39600	0.31	0.51	0.51	0	0	0.31
39700	0.32	0.53	0.53	0	0	0.32
39800	0.32	0.52	0.52	0	0	0.32
39900	0.32	0.52	0.52	0	0	0.32
40000	0.32	0.52	0.52	0	0	0.32
40100	0.32	0.52	0.52	0	0	0.32
40200	0.32	0.52	0.52	0	0	0.32
40300	0.32	0.52	0.52	0	0	0.32
40400	0.32	0.52	0.52	0	0	0.32
40500	0.32	0.52	0.52	0	0	0.32
40600	0.32	0.52	0.52	0	0	0.32
40700	0.32	0.53	0.53	0	0	0.32
40800	0.32	0.52	0.52	0	0	0.32
40900	0.32	0.52	0.52	0	0	0.32
41000	0.32	0.52	0.52	0	0	0.32
41100	0.32	0.52	0.52	0	0	0.32
41200	0.32	0.52	0.52	0	0	0.32
41300	0.32	0.53	0.53	0	0	0.32
41400	0.31	0.53	0.53	0	0	0.31
41500	0.31	0.53	0.53	0	0	0.31
41600	0.31	0.53	0.53	0	0	0.31
41700	0.31	0.53	0.53	0	0	0.31
41800	0.31	0.53	0.53	0	0	0.31
41900	0.31	0.53	0.53	0	0	0.31
42000	0.31	0.53	0.53	0	0	0.31
42100	0.31	0.53	0.53	0	0	0.31
42200	0.32	0.53	0.53	0	0	0.32
42300	0.32	0.53	0.53	0	0	0.32
42400	0.32	0.53	0.53	0	0	0.32
42500	0.32	0.53	0.53	0	0	0.32
42600	0.31	0.54	0.54	0	0	0.31
42700	0.3	0.54	0.54	0	0	0.3
42800	0.3	0.54	0.54	0	0	0.3
42900	0.3	0.53	0.53	0	0	0.3
43000	0.3	0.54	0.54	0	0	0.3
43100	0.3	0.54	0.54	0	0	0.3
43200	0.3	0.55	0.55	0	0	0.3
43300	0.3	0.55	0.55	0	0	0.3
43400	0.3	0.55	0.55	0	0	0.3
43500	0.3	0.55	0.55	0	0	0.3
43600	0.3	0.55	0.55	0	0	0.3
43700	0.3	0.56	0.56	0	0	0.3
43800	0.3	0.55	0.55	0	0	0.3
43900	0.3	0.55	0.55	0	0	0.3
44000	0.3	0.55	0.55	0	0	0.3
44100	0.3	0.55	0.55	0	0	0.3
44200	0.3	0.54	0.54	0	0	0.3
44300	0.3	0.54	0.54	0	0	0.3
44400	0.31	0.54	0.54	0	0	0.31
44500	0.31	0.54	0.54	0	0	0.31
44600	0.3	0.54	0.54	0	0	0.3
44700	0.3	0.54	0.54	0	0	0.3
44800	0.3	0.54	0.54	0	0	0.3
44900	0.3	0.53	0.53	0	0	0.3
45000	0.3	0.54	0.54	0	0	0.3
45100	0.3	0.52	0.52	0	0	0.3
45200	0.3	0.52	0.52	0	0	0.3
45300	0.3	0.51	0.51	0	0	0.3
45400	0.3	0.51	0.51	0	0	0.3
45500	0.3	0.51	0.51	0	0	0.3
45600	0.3	0.52	0.52	0	0	0.3
45700	0.3	0.52	0.52	0	0	0.3
45800	0.3	0.52	0.52	0	0	0.3
45900	0.3	0.52	0.52	0	0	0.3
46000	0.3	0.52	0.52	0	0	0.3
46100	0.3	0.52	0.52	0	0	0.3
46200	0.3	0.52	0.52	0	0	0.3
46300	0.3	0.52	0.52	0	0	0.3
46400	0.3	0.52	0.52	0	0	0.3
46500	0.3	0.53	0.53	0	0	0.3
46600	0.3	0.53	0.53	0	0	0.3
46700	0.3	0.53	0.53	0	0	0.3
46800	0.3	0.53	0.53	0	0	0.3
46900	0.3	0.53	0.53	0	0	0.3
47000	0.3	0.54	0.54	0	0	0.3
47100	0.3	0.54	0.54	0	0	0.3
47200	0.3	0.54	0.54	0	0	0.3
47300	0.3	0.54	0.54	0	0	0.3
47400	0.3	0.54	0.54	0	0	0.3
47500	0.3	0.54	0.54	0	0	0.3
47600	0.3	0.54	0.54	0	0	0.3
47700	0.3	0.55	0.55	0	0	0.3
47800	0.31	0.55	0.55	0	0	0.31
47900	0.31	0.56	0.56	0	0	0.31
48000	0.31	0.56	0.56	0	0	0.31
48100	0.31	0.56	0.56	0	0	0.31
48200	0.31	0.55	0.55	0	0	0.31
48300	0.31	0.55	0.55	0	0	0.31
48400	0.31	0.55	0.55	0	0	0.31
48500	0.31	0.55	0.55	0	0	0.31
48600	0.31	0.55	0.55	0	0	0.31
48700	0.31	0.55	0.55	0	0	0.31
48800	0.31	0.55	0.55	0	0	0.31
48900	0.31	0.56	0.56	0	0	0.31
49000	0.31	0.57	0.57	0	0	0.31
49100	0.3	0.57	0.57	0	0	0.3
49200	0.3	0.57	0.57	0	0	0.3
49300	0.3	0.57	0.57	0	0	0.3
49400	0.29	0.57	0.57	0	0	0.29
49500	0.29	0.57	0.57	0	0	0.29
49600	0.29	0.56	0.56	0	0	0.29
49700	0.29	0.56	0.56	0	0	0.29
49800	0.29	0.55	0.55	0	0	0.29
49900	0.29	0.56	0.56	0	0	0.29
50000	0.29	0.56	0.56	0	0	0.29
50100	0.29	0.57	0.57	0	0	0.29
50200	0.29	0.57	0.57	0	0	0.29
50300	0.29	0.57	0.57	0	0	0.29
50400	0.3	0.57	0.57	0	0	0.3
50500	0.3	0.57	0.57	0	0	0.3
50600	0.29	0.57	0.57	0	0	0.29
50700	0.3	0.57	0.57	0	0	0.3
50800	0.3	0.57	0.57	0	0	0.3
50900	0.3	0.57	0.57	0	0	0.3
51000	0.3	0.57	0.57	0	0	0.3
51100	0.3	0.58	0.58	0	0	0.3
51200	0.3	0.58	0.58	0	0	0.3
51300	0.3	0.58	0.58	0	0	0.3
51400	0.3	0.58	0.58	0	0	0.3
51500	0.3	0.58	0.58	0	0	0.3
51600	0.3	0.58	0.58	0	0	0.3
51700	0.3	0.58	0.58	0	0	0.3
51800	0.3	0.58	0.58	0	0	0.3
51900	0.3	0.58	0.58	0	0	0.3
52000	0.3	0.58	0.58	0	0	0.3
52100	0.3	0.58	0.58	0	0	0.3
52200	0.3	0.58	0.58	0	0	0.3
52300	0.3	0.58	0.58	0	0	0.3
52400	0.3	0.58	0.58	0	0	0.3
52500	0.3	0.58	0.58	0	0	0.3
52600	0.3	0.58	0.58	0	0	0.3
52700	0.3	0.58	0.58	0	0	0.3
52800	0.3	0.58	0.58	0	0	0.3
52900	0.3	0.58	0.58	0	0	0.3
53000	0.29	0.58	0.58	0	0	0.29
53100	0.29	0.58	0.58	0	0	0.29
53200	0.29	0.58	0.58	0	0	0.29
53300	0.3	0.58	0.58	0	0	0.3
53400	0.3	0.58	0.58	0	0	0.3
53500	0.3	0.58	0.58	0	0	0.3
53600	0.3	0.58	0.58	0	0	0.3
53700	0.3	0.58	0.58	0	0	0.3
53800	0.3	0.58	0.58	0	0	0.3
53900	0.3	0.59	0.59	0	0	0.3
54000	0.3	0.59	0.59	0	0	0.3
54100	0.3	0.59	0.59	0	0	0.3
54200	0.3	0.59	0.59	0	0	0.3
54300	0.3	0.59	0.59	0	0	0.3
54400	0.3	0.59	0.59	0	0	0.3
54500	0.3	0.6	0.6	0	0	0.3
54600	0.3	0.6	0.6	0	0	0.3
54700	0.29	0.6	0.6	0	0	0.29
54800	0.29	0.59	0.59	0	0	0.29
54900	0.29	0.59	0.59	0	0	0.29
55000	0.29	0.59	0.59	0	0	0.29
55100	0.29	0.59	0.59	0	0	0.29
55200	0.29	0.6	0.6	0	0	0.29
55300	0.29	0.6	0.6	0	0	0.29
55400	0.29	0.59	0.59	0	0	0.29
55500	0.29	0.59	0.59	0	0	0.29
55600	0.29	0.59	0.59	0	0	0.29
55700	0.29	0.59	0.59	0	0	0.29
55800	0.3	0.59	0.59	0	0	0.3
55900	0.3	0.59	0.59	0	0	0.3
56000	0.3	0.59	0.59	0	0	0.3
56100	0.3	0.59	0.59	0	0	0.3
56200	0.3	0.59	0.59	0	0	0.3
56300	0.3	0.59	0.59	0	0	0.3
56400	0.3	0.59	0.59	0	0	0.3
56500	0.3	0.58	0.58	0	0	0.3
56600	0.3	0.58	0.58	0	0	0.3
56700	0.3	0.58	0.58	0	0	0.3
56800	0.3	0.58	0.58	0	0	0.3
56900	0.3	0.58	0.58	0	0	0.3
57000	0.29	0.58	0.58	0	0	0.29
57100	0.29	0.58	0.58	0	0	0.29
57200	0.29	0.58	0.58	0	0	0.29
57300	0.29	0.58	0.58	0	0	0.29
57400	0.29	0.58	0.58	0	0	0.29
57500	0.28	0.58	0.58	0	0	0.28
57600	0.28	0.58	0.58	0	0	0.28
57700	0.28	0.58	0.58	0	0	0.28
57800	0.28	0.58	0.58	0	0	0.28
57900	0.28	0.58	0.58	0	0	0.28
58000	0.28	0.59	0.59	0	0	0.28
58100	0.28	0.59	0.59	0	0	0.28
58200	0.28	0.59	0.59	0	0	0.28
58300	0.28	0.59	0.59	0	0	0.28
58400	0.28	0.59	0.59	0	0	0.28
58500	0.28	0.59	0.59	0	0	0.28
58600	0.28	0.59	0.59	0	0	0.28
58700	0.28	0.6	0.6	0	0	0.28
58800	0.28	0.6	0.6	0	0	0.28
58900	0.28	0.6	0.6	0	0	0.28
59000	0.28	0.6	0.6	0	0	0.28
59100	0.29	0.6	0.6	0	0	0.29
59200	0.29	0.6	0.6	0	0	0.29
59300	0.29	0.59	0.59	0	0	0.29
59400	0.29	0.59	0.59	0	0	0.29
59500	0.29	0.59	0.59	0	0	0.29
59600	0.3	0.59	0.59	0	0	0.3
59700	0.3	0.59	0.59	0	0	0.3
59800	0.3	0.59	0.59	0	0	0.3
59900	0.3	0.59	0.59	0	0	0.3
60000	0.3	0.6	0.6	0	0	0.3
60100	0.29	0.6	0.6	0	0	0.29
60200	0.29	0.6	0.6	0	0	0.29
60300	0.29	0.6	0.6	0	0	0.29
60400	0.29	0.6	0.6	0	0	0.29
60500	0.29	0.6	0.6	0	0	0.29
60600	0.29	0.6	0.6	0	0	0.29
60700	0.29	0.6	0.6	0	0	0.29
60800	0.28	0.6	0.6	0	0	0.28
60900	0.28	0.6	0.6	0	0	0.28
61000	0.28	0.6	0.6	0	0	0.28
61100	0.28	0.6	0.6	0	0	0.28
61200	0.28	0.6	0.6	0	0	0.28
61300	0.28	0.6	0.6	0	0	0.28
61400	0.28	0.6	0.6	0	0	0.28
61500	0.28	0.6	0.6	0	0	0.28
61600	0.28	0.6	0.6	0	0	0.28
61700	0.28	0.6	0.6	0	0	0.28
61800	0.28	0.6	0.6	0	0	0.28
61900	0.28	0.59	0.59	0	0	0.28
62000	0.28	0.58	0.58	0	0	0.28
62100	0.28	0.58	0.58	0	0	0.28
62200	0.28	0.58	0.58	0	0	0.28
62300	0.28	0.59	0.59	0	0	0.28
62400	0.28	0.6	0.6	0	0	0.28
62500	0.28	0.6	0.6	0	0	0.28
62600	0.29	0.6	0.6	0	0	0.29
62700	0.29	0.59	0.59	0	0	0.29
62800	0.29	0.59	0.59	0	0	0.29
62900	0.29	0.59	0.59	0	0	0.29
63000	0.29	0.59	0.59	0	0	0.29
63100	0.29	0.59	0.59	0	0	0.29
63200	0.29	0.59	0.59	0	0	0.29
63300	0.29	0.59	0.59	0	0	0.29
63400	0.29	0.59	0.59	0	0	0.29
63500	0.29	0.59	0.59	0	0	0.29
63600	0.29	0.59	0.59	0	0	0.29
63700	0.29	0.59	0.59	0	0	0.29
63800	0.28	0.59	0.59	0	0	0.28
63900	0.28	0.59	0.59	0	0	0.28
64000	0.28	0.59	0.59	0	0	0.28
64100	0.28	0.59	0.59	0	0	0.28
64200	0.28	0.59	0.59	0	0	0.28
64300	0.28	0.59	0.59	0	0	0.28
64400	0.28	0.59	0.59	0	0	0.28
64500	0.28	0.59	0.59	0	0	0.28
64600	0.28	0.59	0.59	0	0	0.28
64700	0.28	0.59	0.59	0	0	0.28
64800	0.28	0.59	0.59	0	0	0.28
64900	0.28	0.59	0.59	0	0	0.28
65000	0.28	0.59	0.59	0	0	0.28
65100	0.28	0.59	0.59	0	0	0.28
65200	0.28	0.59	0.59	0	0	0.28
65300	0.28	0.58	0.58	0	0	0.28
65400	0.28	0.58	0.58	0	0	0.28
65500	0.28	0.58	0.58	0	0	0.28
65600	0.28	0.58	0.58	0	0	0.28
65700	0.28	0.58	0.58	0	0	0.28
65800	0.28	0.59	0.59	0	0	0.28
65900	0.28	0.59	0.59	0	0	0.28
66000	0.28	0.6	0.6	0	0	0.28
66100	0.28	0.6	0.6	0	0	0.28
66200	0.28	0.61	0.61	0	0	0.28
66300	0.28	0.62	0.62	0	0	0.28
66400	0.29	0.62	0.62	0	0	0.29
66500	0.29	0.61	0.61	0	0	0.29
66600	0.29	0.61	0.61	0	0	0.29
66700	0.29	0.61	0.61	0	0	0.29
66800	0.29	0.61	0.61	0	0	0.29
66900	0.29	0.61	0.61	0	0	0.29
67000	0.29	0.61	0.61	0	0	0.29
67100	0.29	0.6	0.6	0	0	0.29
67200	0.29	0.6	0.6	0	0	0.29
67300	0.29	0.6	0.6	0	0	0.29
67400	0.29	0.6	0.6	0	0	0.29
67500	0.29	0.6	0.6	0	0	0.29
67600	0.29	0.6	0.6	0	0	0.29
67700	0.29	0.6	0.6	0	0	0.29
67800	0.29	0.61	0.61	0	0	0.29
67900	0.29	0.6	0.6	0	0	0.29
68000	0.29	0.59	0.59	0	0	0.29
68100	0.29	0.59	0.59	0	0	0.29
68200	0.29	0.59	0.59	0	0	0.29
68300	0.29	0.59	0.59	0	0	0.29
68400	0.29	0.58	0.58	0	0	0.29
68500	0.29	0.59	0.59	0	0	0.29
68600	0.29	0.58	0.58	0	0	0.29
68700	0.29	0.58	0.58	0	0	0.29
68800	0.29	0.58	0.58	0	0	0.29
68900	0.29	0.58	0.58	0	0	0.29
69000	0.29	0.59	0.59	0	0	0.29
69100	0.29	0.59	0.59	0	0	0.29
69200	0.29	0.59	0.59	0	0	0.29
69300	0.29	0.59	0.59	0	0	0.29
69400	0.29	0.59	0.59	0	0	0.29
69500	0.3	0.59	0.59	0	0	0.3
69600	0.3	0.59	0.59	0	0	0.3
69700	0.3	0.6	0.6	0	0	0.3
69800	0.3	0.6	0.6	0	0	0.3
69900	0.3	0.6	0.6	0	0	0.3
70000	0.3	0.6	0.6	0	0	0.3
70100	0.3	0.6	0.6	0	0	0.3
70200	0.3	0.6	0.6	0	0	0.3
70300	0.3	0.6	0.6	0	0	0.3
70400	0.3	0.6	0.6	0	0	0.3
70500	0.3	0.6	0.6	0	0	0.3
70600	0.3	0.6	0.6	0	0	0.3
70700	0.3	0.6	0.6	0	0	0.3
70800	0.3	0.6	0.6	0	0	0.3
70900	0.3	0.6	0.6	0	0	0.3
71000	0.3	0.6	0.6	0	0	0.3
71100	0.3	0.6	0.6	0	0	0.3
71200	0.3	0.6	0.6	0	0	0.3
71300	0.3	0.6	0.6	0	0	0.3
71400	0.3	0.6	0.6	0	0	0.3
71500	0.3	0.6	0.6	0	0	0.3
71600	0.3	0.6	0.6	0	0	0.3
71700	0.3	0.59	0.59	0	0	0.3
71800	0.3	0.59	0.59	0	0	0.3
71900	0.3	0.59	0.59	0	0	0.3
72000	0.3	0.59	0.59	0	0	0.3
72100	0.3	0.59	0.59	0	0	0.3
72200	0.3	0.59	0.59	0	0	0.3
72300	0.3	0.59	0.59	0	0	0.3
72400	0.3	0.59	0.59	0	0	0.3
72500	0.3	0.59	0.59	0	0	0.3
72600	0.3	0.59	0.59	0	0	0.3
72700	0.3	0.58	0.58	0	0	0.3
72800	0.3	0.58	0.58	0	0	0.3
72900	0.3	0.58	0.58	0	0	0.3
73000	0.3	0.57	0.57	0	0	0.3
73100	0.3	0.57	0.57	0	0	0.3
73200	0.3	0.57	0.57	0	0	0.3
73300	0.3	0.58	0.58	0	0	0.3
73400	0.3	0.58	0.58	0	0	0.3
73500	0.3	0.58	0.58	0	0	0.3
73600	0.3	0.58	0.58	0	0	0.3
73700	0.3	0.58	0.58	0	0	0.3
73800	0.3	0.58	0.58	0	0	0.3
73900	0.3	0.58	0.58	0	0	0.3
74000	0.3	0.58	0.58	0	0	0.3
74100	0.3	0.58	0.58	0	0	0.3
74200	0.3	0.58	0.58	0	0	0.3
74300	0.3	0.58	0.58	0	0	0.3
74400	0.3	0.58	0.58	0	0	0.3
74500	0.3	0.58	0.58	0	0	0.3
74600	0.3	0.58	0.58	0	0	0.3
74700	0.3	0.58	0.58	0	0	0.3
74800	0.3	0.58	0.58	0	0	0.3
74900	0.3	0.58	0.58	0	0	0.3
75000	0.3	0.58	0.58	0	0	0.3
75100	0.3	0.58	0.58	0	0	0.3
75200	0.3	0.58	0.58	0	0	0.3
75300	0.3	0.58	0.58	0	0	0.3
75400	0.3	0.58	0.58	0	0	0.3
75500	0.3	0.59	0.59	0	0	0.3
75600	0.3	0.58	0.58	0	0	0.3
75700	0.3	0.58	0.58	0	0	0.3
75800	0.3	0.58	0.58	0	0	0.3
75900	0.3	0.58	0.58	0	0	0.3
76000	0.3	0.59	0.59	0	0	0.3
76100	0.3	0.59	0.59	0	0	0.3
76200	0.3	0.59	0.59	0	0	0.3
76300	0.3	0.59	0.59	0	0	0.3
76400	0.3	0.59	0.59	0	0	0.3
76500	0.3	0.59	0.59	0	0	0.3
76600	0.3	0.59	0.59	0	0	0.3
76700	0.3	0.59	0.59	0	0	0.3
76800	0.3	0.59	0.59	0	0	0.3
76900	0.3	0.59	0.59	0	0	0.3
77000	0.3	0.59	0.59	0	0	0.3
77100	0.3	0.59	0.59	0	0	0.3
77200	0.3	0.6	0.6	0	0	0.3
77300	0.3	0.6	0.6	0	0	0.3
77400	0.3	0.6	0.6	0	0	0.3
77500	0.3	0.6	0.6	0	0	0.3
77600	0.3	0.6	0.6	0	0	0.3
77700	0.3	0.6	0.6	0	0	0.3
77800	0.3	0.6	0.6	0	0	0.3
77900	0.29	0.59	0.59	0	0	0.29
78000	0.29	0.59	0.59	0	0	0.29
78100	0.29	0.59	0.59	0	0	0.29
78200	0.29	0.59	0.59	0	0	0.29
78300	0.29	0.6	0.6	0	0	0.29
78400	0.29	0.6	0.6	0	0	0.29
78500	0.29	0.6	0.6	0	0	0.29
78600	0.29	0.6	0.6	0	0	0.29
78700	0.29	0.6	0.6	0	0	0.29
78800	0.29	0.6	0.6	0	0	0.29
78900	0.29	0.6	0.6	0	0	0.29
79000	0.29	0.6	0.6	0	0	0.29
79100	0.29	0.6	0.6	0	0	0.29
79200	0.29	0.6	0.6	0	0	0.29
79300	0.29	0.6	0.6	0	0	0.29
79400	0.29	0.6	0.6	0	0	0.29
79500	0.29	0.6	0.6	0	0	0.29
79600	0.29	0.6	0.6	0	0	0.29
79700	0.29	0.6	0.6	0	0	0.29
79800	0.29	0.6	0.6	0	0	0.29
79900	0.29	0.6	0.6	0	0	0.29
80000	0.3	0.6	0.6	0	0	0.3
80100	0.3	0.6	0.6	0	0	0.3
80200	0.3	0.6	0.6	0	0	0.3
80300	0.3	0.59	0.59	0	0	0.3
80400	0.3	0.59	0.59	0	0	0.3
80500	0.3	0.59	0.59	0	0	0.3
80600	0.3	0.59	0.59	0	0	0.3
80700	0.3	0.59	0.59	0	0	0.3
80800	0.3	0.6	0.6	0	0	0.3
80900	0.3	0.6	0.6	0	0	0.3
81000	0.3	0.6	0.6	0	0	0.3
81100	0.3	0.6	0.6	0	0	0.3
81200	0.3	0.6	0.6	0	0	0.3
81300	0.3	0.6	0.6	0	0	0.3
81400	0.3	0.6	0.6	0	0	0.3
81500	0.3	0.6	0.6	0	0	0.3
81600	0.3	0.6	0.6	0	0	0.3
81700	0.3	0.6	0.6	0	0	0.3
81800	0.3	0.6	0.6	0	0	0.3
81900	0.3	0.6	0.6	0	0	0.3
82000	0.3	0.6	0.6	0	0	0.3
82100	0.3	0.6	0.6	0	0	0.3
82200	0.3	0.6	0.6	0	0	0.3
82300	0.3	0.6	0.6	0	0	0.3
82400	0.3	0.59	0.59	0	0	0.3
82500	0.3	0.59	0.59	0	0	0.3
82600	0.3	0.59	0.59	0	0	0.3
82700	0.3	0.59	0.59	0	0	0.3
82800	0.3	0.59	0.59	0	0	0.3
82900	0.3	0.59	0.59	0	0	0.3
83000	0.3	0.59	0.59	0	0	0.3
83100	0.3	0.59	0.59	0	0	0.3
83200	0.3	0.59	0.59	0	0	0.3
83300	0.3	0.59	0.59	0	0	0.3
83400	0.3	0.59	0.59	0	0	0.3
83500	0.3	0.59	0.59	0	0	0.3
83600	0.3	0.59	0.59	0	0	0.3
83700	0.3	0.59	0.59	0	0	0.3
83800	0.3	0.59	0.59	0	0	0.3
83900	0.3	0.6	0.6	0	0	0.3
84000	0.3	0.6	0.6	0	0	0.3
84100	0.3	0.6	0.6	0	0	0.3
84200	0.3	0.6	0.6	0	0	0.3
84300	0.3	0.6	0.6	0	0	0.3
84400	0.3	0.6	0.6	0	0	0.3
84500	0.3	0.6	0.6	0	0	0.3
84600	0.3	0.6	0.6	0	0	0.3
84700	0.3	0.6	0.6	0	0	0.3
84800	0.3	0.6	0.6	0	0	0.3
84900	0.3	0.6	0.6	0	0	0.3
85000	0.3	0.6	0.6	0	0	0.3
85100	0.3	0.59	0.59	0	0	0.3
85200	0.3	0.59	0.59	0	0	0.3
85300	0.3	0.59	0.59	0	0	0.3
85400	0.3	0.59	0.59	0	0	0.3
85500	0.3	0.59	0.59	0	0	0.3
85600	0.3	0.59	0.59	0	0	0.3
85700	0.3	0.59	0.59	0	0	0.3
85800	0.3	0.59	0.59	0	0	0.3
85900	0.3	0.59	0.59	0	0	0.3
86000	0.3	0.59	0.59	0	0	0.3
86100	0.3	0.6	0.6	0	0	0.3
86200	0.3	0.6	0.6	0	0	0.3
86300	0.31	0.6	0.6	0	0	0.31
86400	0.3	0.59	0.59	0	0	0.3
86500	0.3	0.58	0.58	0	0	0.3
86600	0.3	0.58	0.58	0	0	0.3
86700	0.3	0.58	0.58	0	0	0.3
86800	0.3	0.58	0.58	0	0	0.3
86900	0.3	0.58	0.58	0	0	0.3
87000	0.3	0.58	0.58	0	0	0.3
87100	0.3	0.58	0.58	0	0	0.3
87200	0.3	0.58	0.58	0	0	0.3
87300	0.3	0.58	0.58	0	0	0.3
87400	0.3	0.58	0.58	0	0	0.3
87500	0.3	0.58	0.58	0	0	0.3
87600	0.3	0.58	0.58	0	0	0.3
87700	0.3	0.59	0.59	0	0	0.3
87800	0.29	0.59	0.59	0	0	0.29
87900	0.29	0.59	0.59	0	0	0.29
88000	0.29	0.59	0.59	0	0	0.29
88100	0.29	0.59	0.59	0	0	0.29
88200	0.29	0.6	0.6	0	0	0.29
88300	0.29	0.6	0.6	0	0	0.29
88400	0.29	0.59	0.59	0	0	0.29
88500	0.29	0.59	0.59	0	0	0.29
88600	0.29	0.59	0.59	0	0	0.29
88700	0.29	0.59	0.59	0	0	0.29
88800	0.29	0.59	0.59	0	0	0.29
88900	0.29	0.59	0.59	0	0	0.29
89000	0.29	0.59	0.59	0	0	0.29
89100	0.29	0.6	0.6	0	0	0.29
89200	0.29	0.6	0.6	0	0	0.29
89300	0.29	0.6	0.6	0	0	0.29
89400	0.29	0.6	0.6	0	0	0.29
89500	0.29	0.6	0.6	0	0	0.29
89600	0.29	0.6	0.6	0	0	0.29
89700	0.29	0.6	0.6	0	0	0.29
89800	0.29	0.6	0.6	0	0	0.29
89900	0.29	0.6	0.6	0	0	0.29
90000	0.29	0.6	0.6	0	0	0.29
90100	0.29	0.6	0.6	0	0	0.29
90200	0.29	0.6	0.6	0	0	0.29
90300	0.3	0.6	0.6	0	0	0.3
90400	0.3	0.6	0.6	0	0	0.3
90500	0.3	0.6	0.6	0	0	0.3
90600	0.3	0.6	0.6	0	0	0.3
90700	0.3	0.6	0.6	0	0	0.3
90800	0.29	0.6	0.6	0	0	0.29
90900	0.29	0.6	0.6	0	0	0.29
91000	0.29	0.6	0.6	0	0	0.29
91100	0.29	0.6	0.6	0	0	0.29
91200	0.29	0.6	0.6	0	0	0.29
91300	0.29	0.6	0.6	0	0	0.29
91400	0.29	0.6	0.6	0	0	0.29
91500	0.29	0.6	0.6	0	0	0.29
91600	0.29	0.59	0.59	0	0	0.29
91700	0.29	0.59	0.59	0	0	0.29
91800	0.29	0.59	0.59	0	0	0.29
91900	0.29	0.59	0.59	0	0	0.29
92000	0.29	0.59	0.59	0	0	0.29
92100	0.29	0.59	0.59	0	0	0.29
92200	0.29	0.59	0.59	0	0	0.29
92300	0.28	0.58	0.58	0	0	0.28
92400	0.28	0.6	0.6	0	0	0.28
92500	0.28	0.59	0.59	0	0	0.28
92600	0.28	0.6	0.6	0	0	0.28
92700	0.28	0.61	0.61	0	0	0.28
92800	0.28	0.6	0.6	0	0	0.28
92900	0.28	0.6	0.6	0	0	0.28
93000	0.27	0.6	0.6	0	0	0.27
93100	0.27	0.59	0.59	0	0	0.27
93200	0.27	0.58	0.58	0	0	0.27
93300	0.27	0.58	0.58	0	0	0.27
93400	0.27	0.58	0.58	0	0	0.27
93500	0.27	0.58	0.58	0	0	0.27
93600	0.27	0.58	0.58	0	0	0.27
93700	0.27	0.57	0.57	0	0	0.27
93800	0.27	0.56	0.56	0	0	0.27
93900	0.27	0.56	0.56	0	0	0.27
94000	0.27	0.56	0.56	0	0	0.27
94100	0.27	0.56	0.56	0	0	0.27
94200	0.27	0.56	0.56	0	0	0.27
94300	0.27	0.57	0.57	0	0	0.27
94400	0.27	0.57	0.57	0	0	0.27
94500	0.27	0.57	0.57	0	0	0.27
94600	0.27	0.57	0.57	0	0	0.27
94700	0.27	0.56	0.56	0	0	0.27
94800	0.27	0.57	0.57	0	0	0.27
94900	0.27	0.57	0.57	0	0	0.27
95000	0.27	0.58	0.58	0	0	0.27
95100	0.27	0.59	0.59	0	0	0.27
95200	0.27	0.59	0.59	0	0	0.27
95300	0.27	0.58	0.58	0	0	0.27
95400	0.28	0.58	0.58	0	0	0.28
95500	0.28	0.58	0.58	0	0	0.28
95600	0.28	0.58	0.58	0	0	0.28
95700	0.28	0.58	0.58	0	0	0.28
95800	0.28	0.58	0.58	0	0	0.28
95900	0.28	0.58	0.58	0	0	0.28
96000	0.29	0.58	0.58	0	0	0.29
96100	0.29	0.58	0.58	0	0	0.29
96200	0.29	0.58	0.58	0	0	0.29
96300	0.29	0.57	0.57	0	0	0.29
96400	0.29	0.57	0.57	0	0	0.29
96500	0.29	0.57	0.57	0	0	0.29
96600	0.3	0.57	0.57	0	0	0.3
96700	0.3	0.57	0.57	0	0	0.3
96800	0.3	0.57	0.57	0	0	0.3
96900	0.3	0.57	0.57	0	0	0.3
97000	0.3	0.57	0.57	0	0	0.3
97100	0.3	0.57	0.57	0	0	0.3
97200	0.3	0.57	0.57	0	0	0.3
97300	0.3	0.57	0.57	0	0	0.3
97400	0.3	0.57	0.57	0	0	0.3
97500	0.3	0.57	0.57	0	0	0.3
97600	0.3	0.57	0.57	0	0	0.3
97700	0.3	0.57	0.57	0	0	0.3
97800	0.3	0.57	0.57	0	0	0.3
97900	0.3	0.57	0.57	0	0	0.3
98000	0.3	0.57	0.57	0	0	0.3
98100	0.3	0.57	0.57	0	0	0.3
98200	0.3	0.57	0.57	0	0	0.3
98300	0.3	0.57	0.57	0	0	0.3
98400	0.3	0.57	0.57	0	0	0.3
98500	0.3	0.57	0.57	0	0	0.3
98600	0.3	0.57	0.57	0	0	0.3
98700	0.3	0.57	0.57	0	0	0.3
98800	0.3	0.57	0.57	0	0	0.3
98900	0.3	0.57	0.57	0	0	0.3
99000	0.3	0.57	0.57	0	0	0.3
99100	0.3	0.58	0.58	0	0	0.3
99200	0.3	0.58	0.58	0	0	0.3
99300	0.3	0.58	0.58	0	0	0.3
99400	0.3	0.58	0.58	0	0	0.3
99500	0.3	0.58	0.58	0	0	0.3
99600	0.3	0.58	0.58	0	0	0.3
99700	0.3	0.58	0.58	0	0	0.3
99800	0.3	0.58	0.58	0	0	0.3
99900	0.3	0.58	0.58	0	0	0.3
100000	0.3	0.58	0.58	0	0	0.3
