100	0.01	0.06	0.06	0	0	0.01
200	0.02	0.06	0.06	0	0	0.02
300	0.02	0.08	0.08	0	0	0.02
400	0.05	0.08	0.08	0	0	0.05
500	0.05	0.1	0.1	0	0	0.05
600	0.06	0.1	0.1	0	0	0.06
700	0.08	0.13	0.13	0	0	0.08
800	0.09	0.14	0.14	0	0	0.09
900	0.09	0.14	0.14	0	0	0.09
1000	0.1	0.13	0.13	0	0	0.1
1100	0.1	0.15	0.15	0	0	0.1
1200	0.1	0.16	0.16	0	0	0.1
1300	0.11	0.17	0.17	0	0	0.11
1400	0.11	0.18	0.18	0	0	0.11
1500	0.11	0.18	0.18	0	0	0.11
1600	0.12	0.17	0.17	0	0	0.12
1700	0.12	0.18	0.18	0	0	0.12
1800	0.14	0.18	0.18	0	0	0.14
1900	0.14	0.17	0.17	0	0	0.14
2000	0.15	0.17	0.17	0	0	0.15
2100	0.15	0.19	0.19	0	0	0.15
2200	0.17	0.19	0.19	0	0	0.17
2300	0.18	0.19	0.19	0	0	0.18
2400	0.18	0.19	0.19	0	0	0.18
2500	0.19	0.21	0.21	0	0	0.19
2600	0.19	0.22	0.22	0	0	0.19
2700	0.19	0.24	0.24	0	0	0.19
2800	0.19	0.24	0.24	0	0	0.19
2900	0.19	0.25	0.25	0	0	0.19
3000	0.19	0.26	0.26	0	0	0.19
3100	0.19	0.27	0.27	0	0	0.19
3200	0.19	0.28	0.28	0	0	0.19
3300	0.19	0.28	0.28	0	0	0.19
3400	0.19	0.28	0.28	0	0	0.19
3500	0.19	0.28	0.28	0	0	0.19
3600	0.2	0.3	0.3	0	0	0.2
3700	0.2	0.3	0.3	0	0	0.2
3800	0.2	0.3	0.3	0	0	0.2
3900	0.2	0.3	0.3	0	0	0.2
4000	0.2	0.3	0.3	0	0	0.2
4100	0.2	0.31	0.31	0	0	0.2
4200	0.21	0.31	0.31	0	0	0.21
4300	0.21	0.29	0.29	0	0	0.21
4400	0.21	0.29	0.29	0	0	0.21
4500	0.22	0.29	0.29	0	0	0.22
4600	0.23	0.29	0.29	0	0	0.23
4700	0.24	0.3	0.3	0	0	0.24
4800	0.25	0.3	0.3	0	0	0.25
4900	0.25	0.3	0.3	0	0	0.25
5000	0.25	0.31	0.31	0	0	0.25
5100	0.25	0.32	0.32	0	0	0.25
5200	0.25	0.33	0.33	0	0	0.25
5300	0.26	0.33	0.33	0	0	0.26
5400	0.26	0.33	0.33	0	0	0.26
5500	0.27	0.33	0.33	0	0	0.27
5600	0.27	0.33	0.33	0	0	0.27
5700	0.28	0.33	0.33	0	0	0.28
5800	0.28	0.33	0.33	0	0	0.28
5900	0.28	0.34	0.34	0	0	0.28
6000	0.28	0.34	0.34	0	0	0.28
6100	0.28	0.34	0.34	0	0	0.28
6200	0.28	0.34	0.34	0	0	0.28
6300	0.28	0.35	0.35	0	0	0.28
6400	0.27	0.36	0.36	0	0	0.27
6500	0.27	0.36	0.36	0	0	0.27
6600	0.27	0.36	0.36	0	0	0.27
6700	0.27	0.36	0.36	0	0	0.27
6800	0.27	0.36	0.36	0	0	0.27
6900	0.27	0.37	0.37	0	0	0.27
7000	0.27	0.36	0.36	0	0	0.27
7100	0.27	0.37	0.37	0	0	0.27
7200	0.27	0.35	0.35	0	0	0.27
7300	0.27	0.34	0.34	0	0	0.27
7400	0.27	0.34	0.34	0	0	0.27
7500	0.28	0.36	0.36	0	0	0.28
7600	0.28	0.37	0.37	0	0	0.28
7700	0.28	0.37	0.37	0	0	0.28
7800	0.28	0.37	0.37	0	0	0.28
7900	0.28	0.37	0.37	0	0	0.28
8000	0.28	0.37	0.37	0	0	0.28
8100	0.28	0.37	0.37	0	0	0.28
8200	0.28	0.37	0.37	0	0	0.28
8300	0.28	0.4	0.4	0	0	0.28
8400	0.28	0.39	0.39	0	0	0.28
8500	0.29	0.4	0.4	0	0	0.29
8600	0.27	0.4	0.4	0	0	0.27
8700	0.27	0.42	0.42	0	0	0.27
8800	0.27	0.42	0.42	0	0	0.27
8900	0.27	0.42	0.42	0	0	0.27
9000	0.27	0.42	0.42	0	0	0.27
9100	0.27	0.41	0.41	0	0	0.27
9200	0.27	0.41	0.41	0	0	0.27
9300	0.27	0.41	0.41	0	0	0.27
9400	0.26	0.39	0.39	0	0	0.26
9500	0.26	0.38	0.38	0	0	0.26
9600	0.27	0.37	0.37	0	0	0.27
9700	0.27	0.37	0.37	0	0	0.27
9800	0.27	0.37	0.37	0	0	0.27
9900	0.27	0.37	0.37	0	0	0.27
10000	0.28	0.37	0.37	0	0	0.28
10100	0.29	0.37	0.37	0	0	0.29
10200	0.28	0.37	0.37	0	0	0.28
10300	0.28	0.37	0.37	0	0	0.28
10400	0.28	0.37	0.37	0	0	0.28
10500	0.28	0.37	0.37	0	0	0.28
10600	0.28	0.35	0.35	0	0	0.28
10700	0.28	0.35	0.35	0	0	0.28
10800	0.28	0.35	0.35	0	0	0.28
10900	0.28	0.35	0.35	0	0	0.28
11000	0.28	0.35	0.35	0	0	0.28
11100	0.28	0.35	0.35	0	0	0.28
11200	0.28	0.38	0.38	0	0	0.28
11300	0.29	0.38	0.38	0	0	0.29
11400	0.29	0.38	0.38	0	0	0.29
11500	0.29	0.38	0.38	0	0	0.29
11600	0.29	0.38	0.38	0	0	0.29
11700	0.3	0.39	0.39	0	0	0.3
11800	0.3	0.39	0.39	0	0	0.3
11900	0.3	0.4	0.4	0	0	0.3
12000	0.3	0.4	0.4	0	0	0.3
12100	0.3	0.4	0.4	0	0	0.3
12200	0.3	0.41	0.41	0	0	0.3
12300	0.3	0.4	0.4	0	0	0.3
12400	0.3	0.42	0.42	0	0	0.3
12500	0.31	0.41	0.41	0	0	0.31
12600	0.31	0.42	0.42	0	0	0.31
12700	0.31	0.42	0.42	0	0	0.31
12800	0.32	0.43	0.43	0	0	0.32
12900	0.31	0.43	0.43	0	0	0.31
13000	0.32	0.44	0.44	0	0	0.32
13100	0.32	0.45	0.45	0	0	0.32
13200	0.32	0.46	0.46	0	0	0.32
13300	0.31	0.46	0.46	0	0	0.31
13400	0.31	0.44	0.44	0	0	0.31
13500	0.31	0.44	0.44	0	0	0.31
13600	0.32	0.45	0.45	0	0	0.32
13700	0.33	0.45	0.45	0	0	0.33
13800	0.33	0.45	0.45	0	0	0.33
13900	0.33	0.45	0.45	0	0	0.33
14000	0.33	0.45	0.45	0	0	0.33
14100	0.33	0.46	0.46	0	0	0.33
14200	0.33	0.46	0.46	0	0	0.33
14300	0.33	0.46	0.46	0	0	0.33
14400	0.33	0.46	0.46	0	0	0.33
14500	0.32	0.45	0.45	0	0	0.32
14600	0.32	0.46	0.46	0	0	0.32
14700	0.31	0.46	0.46	0	0	0.31
14800	0.31	0.47	0.47	0	0	0.31
14900	0.31	0.46	0.46	0	0	0.31
15000	0.31	0.46	0.46	0	0	0.31
15100	0.31	0.46	0.46	0	0	0.31
15200	0.31	0.44	0.44	0	0	0.31
15300	0.31	0.44	0.44	0	0	0.31
15400	0.31	0.44	0.44	0	0	0.31
15500	0.32	0.44	0.44	0	0	0.32
15600	0.32	0.44	0.44	0	0	0.32
15700	0.32	0.44	0.44	0	0	0.32
15800	0.31	0.44	0.44	0	0	0.31
15900	0.31	0.45	0.45	0	0	0.31
16000	0.32	0.45	0.45	0	0	0.32
16100	0.32	0.45	0.45	0	0	0.32
16200	0.32	0.45	0.45	0	0	0.32
16300	0.32	0.45	0.45	0	0	0.32
16400	0.32	0.45	0.45	0	0	0.32
16500	0.32	0.45	0.45	0	0	0.32
16600	0.32	0.45	0.45	0	0	0.32
16700	0.31	0.45	0.45	0	0	0.31
16800	0.3	0.45	0.45	0	0	0.3
16900	0.29	0.45	0.45	0	0	0.29
17000	0.28	0.45	0.45	0	0	0.28
17100	0.28	0.46	0.46	0	0	0.28
17200	0.29	0.47	0.47	0	0	0.29
17300	0.29	0.48	0.48	0	0	0.29
17400	0.29	0.48	0.48	0	0	0.29
17500	0.29	0.48	0.48	0	0	0.29
17600	0.29	0.47	0.47	0	0	0.29
17700	0.29	0.47	0.47	0	0	0.29
17800	0.29	0.47	0.47	0	0	0.29
17900	0.29	0.47	0.47	0	0	0.29
18000	0.29	0.48	0.48	0	0	0.29
18100	0.29	0.47	0.47	0	0	0.29
18200	0.3	0.47	0.47	0	0	0.3
18300	0.3	0.47	0.47	0	0	0.3
18400	0.3	0.48	0.48	0	0	0.3
18500	0.3	0.47	0.47	0	0	0.3
18600	0.3	0.47	0.47	0	0	0.3
18700	0.3	0.47	0.47	0	0	0.3
18800	0.3	0.47	0.47	0	0	0.3
18900	0.3	0.46	0.46	0	0	0.3
19000	0.3	0.46	0.46	0	0	0.3
19100	0.31	0.46	0.46	0	0	0.31
19200	0.31	0.46	0.46	0	0	0.31
19300	0.3	0.46	0.46	0	0	0.3
19400	0.3	0.46	0.46	0	0	0.3
19500	0.3	0.46	0.46	0	0	0.3
19600	0.3	0.46	0.46	0	0	0.3
19700	0.3	0.45	0.45	0	0	0.3
19800	0.3	0.45	0.45	0	0	0.3
19900	0.3	0.45	0.45	0	0	0.3
20000	0.3	0.45	0.45	0	0	0.3
20100	0.3	0.45	0.45	0	0	0.3
20200	0.31	0.46	0.46	0	0	0.31
20300	0.31	0.45	0.45	0	0	0.31
20400	0.32	0.45	0.45	0	0	0.32
20500	0.31	0.45	0.45	0	0	0.31
20600	0.31	0.45	0.45	0	0	0.31
20700	0.31	0.45	0.45	0	0	0.31
20800	0.31	0.45	0.45	0	0	0.31
20900	0.31	0.45	0.45	0	0	0.31
21000	0.31	0.45	0.45	0	0	0.31
21100	0.31	0.45	0.45	0	0	0.31
21200	0.31	0.45	0.45	0	0	0.31
21300	0.3	0.44	0.44	0	0	0.3
21400	0.3	0.44	0.44	0	0	0.3
21500	0.3	0.45	0.45	0	0	0.3
21600	0.3	0.47	0.47	0	0	0.3
21700	0.3	0.49	0.49	0	0	0.3
21800	0.3	0.49	0.49	0	0	0.3
21900	0.3	0.49	0.49	0	0	0.3
22000	0.3	0.49	0.49	0	0	0.3
22100	0.31	0.49	0.49	0	0	0.31
22200	0.31	0.5	0.5	0	0	0.31
22300	0.31	0.5	0.5	0	0	0.31
22400	0.32	0.5	0.5	0	0	0.32
22500	0.32	0.5	0.5	0	0	0.32
22600	0.32	0.5	0.5	0	0	0.32
22700	0.33	0.5	0.5	0	0	0.33
22800	0.33	0.48	0.48	0	0	0.33
22900	0.33	0.47	0.47	0	0	0.33
23000	0.33	0.45	0.45	0	0	0.33
23100	0.33	0.45	0.45	0	0	0.33
23200	0.33	0.44	0.44	0	0	0.33
23300	0.33	0.44	0.44	0	0	0.33
23400	0.33	0.44	0.44	0	0	0.33
23500	0.33	0.44	0.44	0	0	0.33
23600	0.33	0.43	0.43	0	0	0.33
23700	0.33	0.43	0.43	0	0	0.33
23800	0.33	0.43	0.43	0	0	0.33
23900	0.33	0.45	0.45	0	0	0.33
24000	0.33	0.45	0.45	0	0	0.33
24100	0.33	0.45	0.45	0	0	0.33
24200	0.33	0.45	0.45	0	0	0.33
24300	0.34	0.45	0.45	0	0	0.34
24400	0.34	0.44	0.44	0	0	0.34
24500	0.34	0.44	0.44	0	0	0.34
24600	0.34	0.45	0.45	0	0	0.34
24700	0.34	0.45	0.45	0	0	0.34
24800	0.35	0.45	0.45	0	0	0.35
24900	0.34	0.45	0.45	0	0	0.34
25000	0.34	0.46	0.46	0	0	0.34
25100	0.34	0.46	0.46	0	0	0.34
25200	0.34	0.46	0.46	0	0	0.34
25300	0.34	0.47	0.47	0	0	0.34
25400	0.34	0.48	0.48	0	0	0.34
25500	0.34	0.48	0.48	0	0	0.34
25600	0.34	0.48	0.48	0	0	0.34
25700	0.34	0.48	0.48	0	0	0.34
25800	0.34	0.48	0.48	0	0	0.34
25900	0.35	0.48	0.48	0	0	0.35
26000	0.35	0.48	0.48	0	0	0.35
26100	0.35	0.48	0.48	0	0	0.35
26200	0.35	0.47	0.47	0	0	0.35
26300	0.35	0.47	0.47	0	0	0.35
26400	0.35	0.47	0.47	0	0	0.35
26500	0.35	0.47	0.47	0	0	0.35
26600	0.35	0.47	0.47	0	0	0.35
26700	0.35	0.47	0.47	0	0	0.35
26800	0.35	0.47	0.47	0	0	0.35
26900	0.35	0.47	0.47	0	0	0.35
27000	0.35	0.47	0.47	0	0	0.35
27100	0.35	0.47	0.47	0	0	0.35
27200	0.35	0.46	0.46	0	0	0.35
27300	0.35	0.46	0.46	0	0	0.35
27400	0.35	0.46	0.46	0	0	0.35
27500	0.35	0.46	0.46	0	0	0.35
27600	0.35	0.46	0.46	0	0	0.35
27700	0.35	0.46	0.46	0	0	0.35
27800	0.35	0.47	0.47	0	0	0.35
27900	0.35	0.46	0.46	0	0	0.35
28000	0.35	0.46	0.46	0	0	0.35
28100	0.35	0.47	0.47	0	0	0.35
28200	0.35	0.48	0.48	0	0	0.35
28300	0.35	0.48	0.48	0	0	0.35
28400	0.35	0.48	0.48	0	0	0.35
28500	0.35	0.48	0.48	0	0	0.35
28600	0.35	0.48	0.48	0	0	0.35
28700	0.35	0.48	0.48	0	0	0.35
28800	0.35	0.48	0.48	0	0	0.35
28900	0.35	0.48	0.48	0	0	0.35
29000	0.35	0.49	0.49	0	0	0.35
29100	0.35	0.49	0.49	0	0	0.35
29200	0.35	0.5	0.5	0	0	0.35
29300	0.35	0.5	0.5	0	0	0.35
29400	0.35	0.5	0.5	0	0	0.35
29500	0.35	0.51	0.51	0	0	0.35
29600	0.35	0.51	0.51	0	0	0.35
29700	0.35	0.51	0.51	0	0	0.35
29800	0.35	0.51	0.51	0	0	0.35
29900	0.35	0.51	0.51	0	0	0.35
30000	0.35	0.51	0.51	0	0	0.35
30100	0.35	0.52	0.52	0	0	0.35
30200	0.35	0.52	0.52	0	0	0.35
30300	0.35	0.53	0.53	0	0	0.35
30400	0.35	0.53	0.53	0	0	0.35
30500	0.35	0.53	0.53	0	0	0.35
30600	0.34	0.52	0.52	0	0	0.34
30700	0.34	0.52	0.52	0	0	0.34
30800	0.34	0.52	0.52	0	0	0.34
30900	0.34	0.52	0.52	0	0	0.34
31000	0.34	0.52	0.52	0	0	0.34
31100	0.34	0.53	0.53	0	0	0.34
31200	0.34	0.52	0.52	0	0	0.34
31300	0.34	0.52	0.52	0	0	0.34
31400	0.34	0.52	0.52	0	0	0.34
31500	0.34	0.52	0.52	0	0	0.34
31600	0.34	0.52	0.52	0	0	0.34
31700	0.34	0.52	0.52	0	0	0.34
31800	0.34	0.52	0.52	0	0	0.34
31900	0.34	0.53	0.53	0	0	0.34
32000	0.34	0.54	0.54	0	0	0.34
32100	0.34	0.55	0.55	0	0	0.34
32200	0.34	0.55	0.55	0	0	0.34
32300	0.34	0.54	0.54	0	0	0.34
32400	0.34	0.54	0.54	0	0	0.34
32500	0.34	0.54	0.54	0	0	0.34
32600	0.34	0.54	0.54	0	0	0.34
32700	0.34	0.54	0.54	0	0	0.34
32800	0.34	0.55	0.55	0	0	0.34
32900	0.34	0.55	0.55	0	0	0.34
33000	0.34	0.55	0.55	0	0	0.34
33100	0.33	0.55	0.55	0	0	0.33
33200	0.33	0.55	0.55	0	0	0.33
33300	0.33	0.55	0.55	0	0	0.33
33400	0.33	0.55	0.55	0	0	0.33
33500	0.33	0.55	0.55	0	0	0.33
33600	0.33	0.55	0.55	0	0	0.33
33700	0.33	0.55	0.55	0	0	0.33
33800	0.33	0.55	0.55	0	0	0.33
33900	0.33	0.55	0.55	0	0	0.33
34000	0.33	0.55	0.55	0	0	0.33
34100	0.33	0.55	0.55	0	0	0.33
34200	0.33	0.57	0.57	0	0	0.33
34300	0.33	0.56	0.56	0	0	0.33
34400	0.33	0.56	0.56	0	0	0.33
34500	0.33	0.56	0.56	0	0	0.33
34600	0.32	0.56	0.56	0	0	0.32
34700	0.32	0.58	0.58	0	0	0.32
34800	0.32	0.58	0.58	0	0	0.32
34900	0.32	0.57	0.57	0	0	0.32
35000	0.31	0.57	0.57	0	0	0.31
35100	0.31	0.57	0.57	0	0	0.31
35200	0.31	0.58	0.58	0	0	0.31
35300	0.31	0.56	0.56	0	0	0.31
35400	0.31	0.56	0.56	0	0	0.31
35500	0.31	0.56	0.56	0	0	0.31
35600	0.31	0.56	0.56	0	0	0.31
35700	0.31	0.56	0.56	0	0	0.31
35800	0.31	0.56	0.56	0	0	0.31
35900	0.31	0.56	0.56	0	0	0.31
36000	0.31	0.56	0.56	0	0	0.31
36100	0.31	0.57	0.57	0	0	0.31
36200	0.31	0.57	0.57	0	0	0.31
36300	0.31	0.57	0.57	0	0	0.31
36400	0.31	0.57	0.57	0	0	0.31
36500	0.31	0.56	0.56	0	0	0.31
36600	0.31	0.56	0.56	0	0	0.31
36700	0.31	0.56	0.56	0	0	0.31
36800	0.31	0.56	0.56	0	0	0.31
36900	0.31	0.56	0.56	0	0	0.31
37000	0.31	0.56	0.56	0	0	0.31
37100	0.31	0.56	0.56	0	0	0.31
37200	0.31	0.56	0.56	0	0	0.31
37300	0.31	0.56	0.56	0	0	0.31
37400	0.31	0.56	0.56	0	0	0.31
37500	0.31	0.56	0.56	0	0	0.31
37600	0.31	0.56	0.56	0	0	0.31
37700	0.31	0.56	0.56	0	0	0.31
37800	0.32	0.56	0.56	0	0	0.32
37900	0.32	0.56	0.56	0	0	0.32
38000	0.32	0.56	0.56	0	0	0.32
38100	0.32	0.56	0.56	0	0	0.32
38200	0.32	0.56	0.56	0	0	0.32
38300	0.32	0.56	0.56	0	0	0.32
38400	0.32	0.56	0.56	0	0	0.32
38500	0.32	0.56	0.56	0	0	0.32
38600	0.32	0.56	0.56	0	0	0.32
38700	0.32	0.56	0.56	0	0	0.32
38800	0.32	0.56	0.56	0	0	0.32
38900	0.33	0.57	0.57	0	0	0.33
39000	0.33	0.56	0.56	0	0	0.33
39100	0.33	0.57	0.57	0	0	0.33
39200	0.33	0.57	0.57	0	0	0.33
39300	0.33	0.57	0.57	0	0	0.33
39400	0.33	0.57	0.57	0	0	0.33
39500	0.33	0.57	0.57	0	0	0.33
39600	0.34	0.57	0.57	0	0	0.34
39700	0.34	0.57	0.57	0	0	0.34
39800	0.34	0.57	0.57	0	0	0.34
39900	0.34	0.57	0.57	0	0	0.34
40000	0.34	0.57	0.57	0	0	0.34
40100	0.34	0.57	0.57	0	0	0.34
40200	0.34	0.57	0.57	0	0	0.34
40300	0.34	0.57	0.57	0	0	0.34
40400	0.34	0.57	0.57	0	0	0.34
40500	0.34	0.57	0.57	0	0	0.34
40600	0.34	0.57	0.57	0	0	0.34
40700	0.34	0.57	0.57	0	0	0.34
40800	0.34	0.57	0.57	0	0	0.34
40900	0.34	0.57	0.57	0	0	0.34
41000	0.34	0.57	0.57	0	0	0.34
41100	0.34	0.57	0.57	0	0	0.34
41200	0.33	0.56	0.56	0	0	0.33
41300	0.33	0.56	0.56	0	0	0.33
41400	0.33	0.56	0.56	0	0	0.33
41500	0.33	0.56	0.56	0	0	0.33
41600	0.33	0.56	0.56	0	0	0.33
41700	0.33	0.56	0.56	0	0	0.33
41800	0.33	0.56	0.56	0	0	0.33
41900	0.33	0.56	0.56	0	0	0.33
42000	0.33	0.56	0.56	0	0	0.33
42100	0.33	0.56	0.56	0	0	0.33
42200	0.33	0.55	0.55	0	0	0.33
42300	0.33	0.55	0.55	0	0	0.33
42400	0.33	0.55	0.55	0	0	0.33
42500	0.33	0.54	0.54	0	0	0.33
42600	0.33	0.54	0.54	0	0	0.33
42700	0.33	0.54	0.54	0	0	0.33
42800	0.33	0.54	0.54	0	0	0.33
42900	0.33	0.54	0.54	0	0	0.33
43000	0.33	0.54	0.54	0	0	0.33
43100	0.33	0.54	0.54	0	0	0.33
43200	0.33	0.54	0.54	0	0	0.33
43300	0.33	0.54	0.54	0	0	0.33
43400	0.33	0.54	0.54	0	0	0.33
43500	0.33	0.54	0.54	0	0	0.33
43600	0.33	0.54	0.54	0	0	0.33
43700	0.33	0.54	0.54	0	0	0.33
43800	0.33	0.52	0.52	0	0	0.33
43900	0.33	0.52	0.52	0	0	0.33
44000	0.33	0.52	0.52	0	0	0.33
44100	0.33	0.52	0.52	0	0	0.33
44200	0.33	0.52	0.52	0	0	0.33
44300	0.33	0.52	0.52	0	0	0.33
44400	0.34	0.52	0.52	0	0	0.34
44500	0.34	0.52	0.52	0	0	0.34
44600	0.34	0.52	0.52	0	0	0.34
44700	0.34	0.51	0.51	0	0	0.34
44800	0.34	0.51	0.51	0	0	0.34
44900	0.33	0.51	0.51	0	0	0.33
45000	0.33	0.53	0.53	0	0	0.33
45100	0.33	0.53	0.53	0	0	0.33
45200	0.33	0.52	0.52	0	0	0.33
45300	0.33	0.52	0.52	0	0	0.33
45400	0.33	0.52	0.52	0	0	0.33
45500	0.33	0.52	0.52	0	0	0.33
45600	0.32	0.52	0.52	0	0	0.32
45700	0.32	0.52	0.52	0	0	0.32
45800	0.32	0.52	0.52	0	0	0.32
45900	0.32	0.52	0.52	0	0	0.32
46000	0.32	0.52	0.52	0	0	0.32
46100	0.32	0.52	0.52	0	0	0.32
46200	0.32	0.52	0.52	0	0	0.32
46300	0.32	0.52	0.52	0	0	0.32
46400	0.32	0.52	0.52	0	0	0.32
46500	0.32	0.51	0.51	0	0	0.32
46600	0.32	0.51	0.51	0	0	0.32
46700	0.32	0.51	0.51	0	0	0.32
46800	0.32	0.51	0.51	0	0	0.32
46900	0.32	0.51	0.51	0	0	0.32
47000	0.32	0.52	0.52	0	0	0.32
47100	0.32	0.52	0.52	0	0	0.32
47200	0.32	0.52	0.52	0	0	0.32
47300	0.32	0.51	0.51	0	0	0.32
47400	0.32	0.52	0.52	0	0	0.32
47500	0.32	0.52	0.52	0	0	0.32
47600	0.32	0.52	0.52	0	0	0.32
47700	0.32	0.52	0.52	0	0	0.32
47800	0.32	0.52	0.52	0	0	0.32
47900	0.32	0.52	0.52	0	0	0.32
48000	0.32	0.52	0.52	0	0	0.32
48100	0.32	0.52	0.52	0	0	0.32
48200	0.32	0.52	0.52	0	0	0.32
48300	0.32	0.52	0.52	0	0	0.32
48400	0.32	0.52	0.52	0	0	0.32
48500	0.32	0.52	0.52	0	0	0.32
48600	0.32	0.52	0.52	0	0	0.32
48700	0.32	0.52	0.52	0	0	0.32
48800	0.32	0.52	0.52	0	0	0.32
48900	0.32	0.53	0.53	0	0	0.32
49000	0.32	0.53	0.53	0	0	0.32
49100	0.32	0.53	0.53	0	0	0.32
49200	0.32	0.53	0.53	0	0	0.32
49300	0.32	0.54	0.54	0	0	0.32
49400	0.32	0.54	0.54	0	0	0.32
49500	0.32	0.55	0.55	0	0	0.32
49600	0.32	0.55	0.55	0	0	0.32
49700	0.32	0.55	0.55	0	0	0.32
49800	0.32	0.55	0.55	0	0	0.32
49900	0.32	0.55	0.55	0	0	0.32
50000	0.32	0.55	0.55	0	0	0.32
50100	0.32	0.54	0.54	0	0	0.32
50200	0.32	0.54	0.54	0	0	0.32
50300	0.32	0.54	0.54	0	0	0.32
50400	0.32	0.54	0.54	0	0	0.32
50500	0.32	0.54	0.54	0	0	0.32
50600	0.32	0.54	0.54	0	0	0.32
50700	0.32	0.54	0.54	0	0	0.32
50800	0.32	0.54	0.54	0	0	0.32
50900	0.32	0.54	0.54	0	0	0.32
51000	0.32	0.54	0.54	0	0	0.32
51100	0.32	0.54	0.54	0	0	0.32
51200	0.32	0.54	0.54	0	0	0.32
51300	0.32	0.54	0.54	0	0	0.32
51400	0.32	0.54	0.54	0	0	0.32
51500	0.32	0.54	0.54	0	0	0.32
51600	0.32	0.54	0.54	0	0	0.32
51700	0.33	0.54	0.54	0	0	0.33
51800	0.33	0.54	0.54	0	0	0.33
51900	0.33	0.54	0.54	0	0	0.33
52000	0.33	0.54	0.54	0	0	0.33
52100	0.33	0.55	0.55	0	0	0.33
52200	0.33	0.55	0.55	0	0	0.33
52300	0.33	0.55	0.55	0	0	0.33
52400	0.33	0.55	0.55	0	0	0.33
52500	0.33	0.55	0.55	0	0	0.33
52600	0.33	0.55	0.55	0	0	0.33
52700	0.33	0.55	0.55	0	0	0.33
52800	0.33	0.55	0.55	0	0	0.33
52900	0.33	0.55	0.55	0	0	0.33
53000	0.32	0.56	0.56	0	0	0.32
53100	0.32	0.56	0.56	0	0	0.32
53200	0.32	0.56	0.56	0	0	0.32
53300	0.32	0.55	0.55	0	0	0.32
53400	0.32	0.55	0.55	0	0	0.32
53500	0.32	0.55	0.55	0	0	0.32
53600	0.32	0.55	0.55	0	0	0.32
53700	0.32	0.55	0.55	0	0	0.32
53800	0.32	0.55	0.55	0	0	0.32
53900	0.32	0.55	0.55	0	0	0.32
54000	0.32	0.55	0.55	0	0	0.32
54100	0.32	0.55	0.55	0	0	0.32
54200	0.32	0.55	0.55	0	0	0.32
54300	0.31	0.55	0.55	0	0	0.31
54400	0.31	0.54	0.54	0	0	0.31
54500	0.31	0.54	0.54	0	0	0.31
54600	0.31	0.54	0.54	0	0	0.31
54700	0.31	0.54	0.54	0	0	0.31
54800	0.31	0.54	0.54	0	0	0.31
54900	0.31	0.54	0.54	0	0	0.31
55000	0.31	0.54	0.54	0	0	0.31
55100	0.31	0.54	0.54	0	0	0.31
55200	0.31	0.54	0.54	0	0	0.31
55300	0.3	0.54	0.54	0	0	0.3
55400	0.3	0.54	0.54	0	0	0.3
55500	0.3	0.54	0.54	0	0	0.3
55600	0.3	0.54	0.54	0	0	0.3
55700	0.3	0.54	0.54	0	0	0.3
55800	0.3	0.54	0.54	0	0	0.3
55900	0.3	0.53	0.53	0	0	0.3
56000	0.3	0.52	0.52	0	0	0.3
56100	0.3	0.52	0.52	0	0	0.3
56200	0.3	0.51	0.51	0	0	0.3
56300	0.3	0.51	0.51	0	0	0.3
56400	0.3	0.51	0.51	0	0	0.3
56500	0.3	0.51	0.51	0	0	0.3
56600	0.3	0.51	0.51	0	0	0.3
56700	0.3	0.51	0.51	0	0	0.3
56800	0.3	0.51	0.51	0	0	0.3
56900	0.3	0.51	0.51	0	0	0.3
57000	0.29	0.51	0.51	0	0	0.29
57100	0.29	0.52	0.52	0	0	0.29
57200	0.29	0.51	0.51	0	0	0.29
57300	0.29	0.51	0.51	0	0	0.29
57400	0.29	0.51	0.51	0	0	0.29
57500	0.29	0.51	0.51	0	0	0.29
57600	0.29	0.51	0.51	0	0	0.29
57700	0.29	0.51	0.51	0	0	0.29
57800	0.29	0.51	0.51	0	0	0.29
57900	0.29	0.51	0.51	0	0	0.29
58000	0.29	0.51	0.51	0	0	0.29
58100	0.29	0.51	0.51	0	0	0.29
58200	0.29	0.51	0.51	0	0	0.29
58300	0.29	0.51	0.51	0	0	0.29
58400	0.29	0.51	0.51	0	0	0.29
58500	0.29	0.52	0.52	0	0	0.29
58600	0.29	0.51	0.51	0	0	0.29
58700	0.29	0.51	0.51	0	0	0.29
58800	0.29	0.51	0.51	0	0	0.29
58900	0.3	0.51	0.51	0	0	0.3
59000	0.3	0.52	0.52	0	0	0.3
59100	0.3	0.53	0.53	0	0	0.3
59200	0.3	0.54	0.54	0	0	0.3
59300	0.3	0.54	0.54	0	0	0.3
59400	0.3	0.54	0.54	0	0	0.3
59500	0.3	0.54	0.54	0	0	0.3
59600	0.29	0.54	0.54	0	0	0.29
59700	0.29	0.54	0.54	0	0	0.29
59800	0.29	0.54	0.54	0	0	0.29
59900	0.29	0.53	0.53	0	0	0.29
60000	0.29	0.53	0.53	0	0	0.29
60100	0.29	0.53	0.53	0	0	0.29
60200	0.3	0.53	0.53	0	0	0.3
60300	0.3	0.53	0.53	0	0	0.3
60400	0.3	0.53	0.53	0	0	0.3
60500	0.29	0.53	0.53	0	0	0.29
60600	0.29	0.54	0.54	0	0	0.29
60700	0.29	0.53	0.53	0	0	0.29
60800	0.29	0.53	0.53	0	0	0.29
60900	0.29	0.53	0.53	0	0	0.29
61000	0.29	0.53	0.53	0	0	0.29
61100	0.29	0.53	0.53	0	0	0.29
61200	0.29	0.53	0.53	0	0	0.29
61300	0.29	0.53	0.53	0	0	0.29
61400	0.29	0.53	0.53	0	0	0.29
61500	0.29	0.53	0.53	0	0	0.29
61600	0.29	0.53	0.53	0	0	0.29
61700	0.29	0.53	0.53	0	0	0.29
61800	0.29	0.53	0.53	0	0	0.29
61900	0.29	0.53	0.53	0	0	0.29
62000	0.29	0.53	0.53	0	0	0.29
62100	0.3	0.54	0.54	0	0	0.3
62200	0.3	0.54	0.54	0	0	0.3
62300	0.3	0.54	0.54	0	0	0.3
62400	0.3	0.54	0.54	0	0	0.3
62500	0.3	0.54	0.54	0	0	0.3
62600	0.3	0.54	0.54	0	0	0.3
62700	0.3	0.54	0.54	0	0	0.3
62800	0.3	0.54	0.54	0	0	0.3
62900	0.29	0.54	0.54	0	0	0.29
63000	0.29	0.54	0.54	0	0	0.29
63100	0.28	0.55	0.55	0	0	0.28
63200	0.29	0.55	0.55	0	0	0.29
63300	0.29	0.55	0.55	0	0	0.29
63400	0.3	0.55	0.55	0	0	0.3
63500	0.3	0.55	0.55	0	0	0.3
63600	0.3	0.55	0.55	0	0	0.3
63700	0.3	0.54	0.54	0	0	0.3
63800	0.3	0.54	0.54	0	0	0.3
63900	0.3	0.54	0.54	0	0	0.3
64000	0.3	0.54	0.54	0	0	0.3
64100	0.3	0.54	0.54	0	0	0.3
64200	0.3	0.54	0.54	0	0	0.3
64300	0.3	0.54	0.54	0	0	0.3
64400	0.3	0.54	0.54	0	0	0.3
64500	0.3	0.53	0.53	0	0	0.3
64600	0.3	0.53	0.53	0	0	0.3
64700	0.3	0.52	0.52	0	0	0.3
64800	0.29	0.52	0.52	0	0	0.29
64900	0.29	0.52	0.52	0	0	0.29
65000	0.29	0.52	0.52	0	0	0.29
65100	0.3	0.52	0.52	0	0	0.3
65200	0.3	0.53	0.53	0	0	0.3
65300	0.3	0.53	0.53	0	0	0.3
65400	0.3	0.53	0.53	0	0	0.3
65500	0.3	0.53	0.53	0	0	0.3
65600	0.3	0.53	0.53	0	0	0.3
65700	0.3	0.53	0.53	0	0	0.3
65800	0.3	0.53	0.53	0	0	0.3
65900	0.3	0.53	0.53	0	0	0.3
66000	0.31	0.53	0.53	0	0	0.31
66100	0.31	0.53	0.53	0	0	0.31
66200	0.32	0.53	0.53	0	0	0.32
66300	0.32	0.52	0.52	0	0	0.32
66400	0.32	0.52	0.52	0	0	0.32
66500	0.32	0.52	0.52	0	0	0.32
66600	0.32	0.52	0.52	0	0	0.32
66700	0.32	0.52	0.52	0	0	0.32
66800	0.32	0.52	0.52	0	0	0.32
66900	0.32	0.52	0.52	0	0	0.32
67000	0.32	0.52	0.52	0	0	0.32
67100	0.32	0.52	0.52	0	0	0.32
67200	0.32	0.52	0.52	0	0	0.32
67300	0.32	0.52	0.52	0	0	0.32
67400	0.32	0.52	0.52	0	0	0.32
67500	0.32	0.52	0.52	0	0	0.32
67600	0.32	0.52	0.52	0	0	0.32
67700	0.32	0.52	0.52	0	0	0.32
67800	0.32	0.52	0.52	0	0	0.32
67900	0.32	0.52	0.52	0	0	0.32
68000	0.32	0.52	0.52	0	0	0.32
68100	0.32	0.52	0.52	0	0	0.32
68200	0.32	0.52	0.52	0	0	0.32
68300	0.32	0.51	0.51	0	0	0.32
68400	0.31	0.51	0.51	0	0	0.31
68500	0.31	0.51	0.51	0	0	0.31
68600	0.31	0.51	0.51	0	0	0.31
68700	0.31	0.51	0.51	0	0	0.31
68800	0.31	0.51	0.51	0	0	0.31
68900	0.31	0.51	0.51	0	0	0.31
69000	0.31	0.51	0.51	0	0	0.31
69100	0.31	0.52	0.52	0	0	0.31
69200	0.31	0.52	0.52	0	0	0.31
69300	0.31	0.52	0.52	0	0	0.31
69400	0.31	0.52	0.52	0	0	0.31
69500	0.31	0.52	0.52	0	0	0.31
69600	0.31	0.52	0.52	0	0	0.31
69700	0.31	0.52	0.52	0	0	0.31
69800	0.31	0.52	0.52	0	0	0.31
69900	0.31	0.52	0.52	0	0	0.31
70000	0.31	0.52	0.52	0	0	0.31
70100	0.31	0.52	0.52	0	0	0.31
70200	0.31	0.52	0.52	0	0	0.31
70300	0.31	0.52	0.52	0	0	0.31
70400	0.31	0.52	0.52	0	0	0.31
70500	0.31	0.52	0.52	0	0	0.31
70600	0.31	0.52	0.52	0	0	0.31
70700	0.31	0.52	0.52	0	0	0.31
70800	0.31	0.52	0.52	0	0	0.31
70900	0.31	0.52	0.52	0	0	0.31
71000	0.31	0.52	0.52	0	0	0.31
71100	0.31	0.53	0.53	0	0	0.31
71200	0.31	0.52	0.52	0	0	0.31
71300	0.31	0.52	0.52	0	0	0.31
71400	0.31	0.52	0.52	0	0	0.31
71500	0.3	0.52	0.52	0	0	0.3
71600	0.3	0.52	0.52	0	0	0.3
71700	0.3	0.52	0.52	0	0	0.3
71800	0.31	0.52	0.52	0	0	0.31
71900	0.31	0.52	0.52	0	0	0.31
72000	0.31	0.52	0.52	0	0	0.31
72100	0.31	0.52	0.52	0	0	0.31
72200	0.31	0.52	0.52	0	0	0.31
72300	0.31	0.52	0.52	0	0	0.31
72400	0.31	0.51	0.51	0	0	0.31
72500	0.31	0.51	0.51	0	0	0.31
72600	0.31	0.51	0.51	0	0	0.31
72700	0.31	0.51	0.51	0	0	0.31
72800	0.31	0.51	0.51	0	0	0.31
72900	0.31	0.51	0.51	0	0	0.31
73000	0.31	0.51	0.51	0	0	0.31
73100	0.31	0.51	0.51	0	0	0.31
73200	0.31	0.51	0.51	0	0	0.31
73300	0.31	0.51	0.51	0	0	0.31
73400	0.31	0.51	0.51	0	0	0.31
73500	0.31	0.51	0.51	0	0	0.31
73600	0.31	0.51	0.51	0	0	0.31
73700	0.31	0.51	0.51	0	0	0.31
73800	0.31	0.51	0.51	0	0	0.31
73900	0.31	0.51	0.51	0	0	0.31
74000	0.31	0.51	0.51	0	0	0.31
74100	0.31	0.51	0.51	0	0	0.31
74200	0.31	0.51	0.51	0	0	0.31
74300	0.31	0.51	0.51	0	0	0.31
74400	0.31	0.51	0.51	0	0	0.31
74500	0.31	0.52	0.52	0	0	0.31
74600	0.31	0.52	0.52	0	0	0.31
74700	0.31	0.52	0.52	0	0	0.31
74800	0.31	0.52	0.52	0	0	0.31
74900	0.31	0.52	0.52	0	0	0.31
75000	0.31	0.52	0.52	0	0	0.31
75100	0.31	0.52	0.52	0	0	0.31
75200	0.3	0.52	0.52	0	0	0.3
75300	0.3	0.52	0.52	0	0	0.3
75400	0.3	0.52	0.52	0	0	0.3
75500	0.3	0.52	0.52	0	0	0.3
75600	0.3	0.52	0.52	0	0	0.3
75700	0.3	0.52	0.52	0	0	0.3
75800	0.3	0.52	0.52	0	0	0.3
75900	0.3	0.51	0.51	0	0	0.3
76000	0.3	0.51	0.51	0	0	0.3
76100	0.3	0.51	0.51	0	0	0.3
76200	0.3	0.51	0.51	0	0	0.3
76300	0.3	0.51	0.51	0	0	0.3
76400	0.3	0.51	0.51	0	0	0.3
76500	0.3	0.51	0.51	0	0	0.3
76600	0.3	0.51	0.51	0	0	0.3
76700	0.3	0.51	0.51	0	0	0.3
76800	0.31	0.51	0.51	0	0	0.31
76900	0.31	0.51	0.51	0	0	0.31
77000	0.31	0.51	0.51	0	0	0.31
77100	0.31	0.52	0.52	0	0	0.31
77200	0.32	0.52	0.52	0	0	0.32
77300	0.32	0.52	0.52	0	0	0.32
77400	0.32	0.52	0.52	0	0	0.32
77500	0.32	0.53	0.53	0	0	0.32
77600	0.32	0.53	0.53	0	0	0.32
77700	0.32	0.53	0.53	0	0	0.32
77800	0.32	0.53	0.53	0	0	0.32
77900	0.32	0.53	0.53	0	0	0.32
78000	0.32	0.53	0.53	0	0	0.32
78100	0.32	0.53	0.53	0	0	0.32
78200	0.32	0.52	0.52	0	0	0.32
78300	0.32	0.52	0.52	0	0	0.32
78400	0.32	0.52	0.52	0	0	0.32
78500	0.32	0.52	0.52	0	0	0.32
78600	0.32	0.52	0.52	0	0	0.32
78700	0.32	0.52	0.52	0	0	0.32
78800	0.32	0.52	0.52	0	0	0.32
78900	0.32	0.52	0.52	0	0	0.32
79000	0.32	0.52	0.52	0	0	0.32
79100	0.32	0.52	0.52	0	0	0.32
79200	0.32	0.52	0.52	0	0	0.32
79300	0.32	0.52	0.52	0	0	0.32
79400	0.32	0.52	0.52	0	0	0.32
79500	0.32	0.52	0.52	0	0	0.32
79600	0.32	0.52	0.52	0	0	0.32
79700	0.32	0.52	0.52	0	0	0.32
79800	0.32	0.52	0.52	0	0	0.32
79900	0.32	0.52	0.52	0	0	0.32
80000	0.32	0.52	0.52	0	0	0.32
80100	0.32	0.52	0.52	0	0	0.32
80200	0.32	0.52	0.52	0	0	0.32
80300	0.32	0.52	0.52	0	0	0.32
80400	0.32	0.52	0.52	0	0	0.32
80500	0.32	0.52	0.52	0	0	0.32
80600	0.32	0.52	0.52	0	0	0.32
80700	0.32	0.52	0.52	0	0	0.32
80800	0.32	0.52	0.52	0	0	0.32
80900	0.32	0.52	0.52	0	0	0.32
81000	0.32	0.52	0.52	0	0	0.32
81100	0.32	0.52	0.52	0	0	0.32
81200	0.32	0.52	0.52	0	0	0.32
81300	0.32	0.54	0.54	0	0	0.32
81400	0.32	0.54	0.54	0	0	0.32
81500	0.32	0.54	0.54	0	0	0.32
81600	0.32	0.55	0.55	0	0	0.32
81700	0.32	0.55	0.55	0	0	0.32
81800	0.32	0.55	0.55	0	0	0.32
81900	0.32	0.56	0.56	0	0	0.32
82000	0.32	0.55	0.55	0	0	0.32
82100	0.33	0.55	0.55	0	0	0.33
82200	0.33	0.55	0.55	0	0	0.33
82300	0.33	0.55	0.55	0	0	0.33
82400	0.33	0.55	0.55	0	0	0.33
82500	0.33	0.55	0.55	0	0	0.33
82600	0.33	0.55	0.55	0	0	0.33
82700	0.33	0.55	0.55	0	0	0.33
82800	0.33	0.56	0.56	0	0	0.33
82900	0.33	0.56	0.56	0	0	0.33
83000	0.33	0.56	0.56	0	0	0.33
83100	0.32	0.56	0.56	0	0	0.32
83200	0.32	0.56	0.56	0	0	0.32
83300	0.32	0.56	0.56	0	0	0.32
83400	0.32	0.56	0.56	0	0	0.32
83500	0.32	0.56	0.56	0	0	0.32
83600	0.32	0.56	0.56	0	0	0.32
83700	0.32	0.56	0.56	0	0	0.32
83800	0.32	0.56	0.56	0	0	0.32
83900	0.32	0.56	0.56	0	0	0.32
84000	0.32	0.56	0.56	0	0	0.32
84100	0.32	0.56	0.56	0	0	0.32
84200	0.32	0.56	0.56	0	0	0.32
84300	0.32	0.56	0.56	0	0	0.32
84400	0.32	0.56	0.56	0	0	0.32
84500	0.32	0.56	0.56	0	0	0.32
84600	0.32	0.56	0.56	0	0	0.32
84700	0.32	0.57	0.57	0	0	0.32
84800	0.32	0.56	0.56	0	0	0.32
84900	0.33	0.56	0.56	0	0	0.33
85000	0.33	0.56	0.56	0	0	0.33
85100	0.33	0.56	0.56	0	0	0.33
85200	0.33	0.56	0.56	0	0	0.33
85300	0.33	0.57	0.57	0	0	0.33
85400	0.33	0.57	0.57	0	0	0.33
85500	0.33	0.57	0.57	0	0	0.33
85600	0.33	0.57	0.57	0	0	0.33
85700	0.33	0.58	0.58	0	0	0.33
85800	0.33	0.58	0.58	0	0	0.33
85900	0.33	0.58	0.58	0	0	0.33
86000	0.32	0.58	0.58	0	0	0.32
86100	0.32	0.58	0.58	0	0	0.32
86200	0.32	0.58	0.58	0	0	0.32
86300	0.32	0.59	0.59	0	0	0.32
86400	0.32	0.59	0.59	0	0	0.32
86500	0.32	0.59	0.59	0	0	0.32
86600	0.32	0.59	0.59	0	0	0.32
86700	0.32	0.59	0.59	0	0	0.32
86800	0.32	0.59	0.59	0	0	0.32
86900	0.32	0.59	0.59	0	0	0.32
87000	0.32	0.59	0.59	0	0	0.32
87100	0.32	0.59	0.59	0	0	0.32
87200	0.32	0.59	0.59	0	0	0.32
87300	0.32	0.59	0.59	0	0	0.32
87400	0.32	0.59	0.59	0	0	0.32
87500	0.32	0.59	0.59	0	0	0.32
87600	0.32	0.59	0.59	0	0	0.32
87700	0.32	0.59	0.59	0	0	0.32
87800	0.32	0.59	0.59	0	0	0.32
87900	0.32	0.59	0.59	0	0	0.32
88000	0.32	0.59	0.59	0	0	0.32
88100	0.32	0.59	0.59	0	0	0.32
88200	0.32	0.59	0.59	0	0	0.32
88300	0.32	0.6	0.6	0	0	0.32
88400	0.32	0.6	0.6	0	0	0.32
88500	0.32	0.6	0.6	0	0	0.32
88600	0.32	0.6	0.6	0	0	0.32
88700	0.31	0.6	0.6	0	0	0.31
88800	0.31	0.59	0.59	0	0	0.31
88900	0.31	0.59	0.59	0	0	0.31
89000	0.31	0.59	0.59	0	0	0.31
89100	0.31	0.59	0.59	0	0	0.31
89200	0.31	0.59	0.59	0	0	0.31
89300	0.31	0.59	0.59	0	0	0.31
89400	0.31	0.59	0.59	0	0	0.31
89500	0.31	0.59	0.59	0	0	0.31
89600	0.31	0.59	0.59	0	0	0.31
89700	0.31	0.59	0.59	0	0	0.31
89800	0.31	0.59	0.59	0	0	0.31
89900	0.31	0.59	0.59	0	0	0.31
90000	0.3	0.59	0.59	0	0	0.3
90100	0.3	0.59	0.59	0	0	0.3
90200	0.3	0.59	0.59	0	0	0.3
90300	0.3	0.59	0.59	0	0	0.3
90400	0.3	0.59	0.59	0	0	0.3
90500	0.3	0.59	0.59	0	0	0.3
90600	0.3	0.59	0.59	0	0	0.3
90700	0.3	0.59	0.59	0	0	0.3
90800	0.3	0.59	0.59	0	0	0.3
90900	0.29	0.59	0.59	0	0	0.29
91000	0.29	0.59	0.59	0	0	0.29
91100	0.29	0.6	0.6	0	0	0.29
91200	0.29	0.6	0.6	0	0	0.29
91300	0.29	0.6	0.6	0	0	0.29
91400	0.3	0.6	0.6	0	0	0.3
91500	0.29	0.6	0.6	0	0	0.29
91600	0.29	0.6	0.6	0	0	0.29
91700	0.29	0.59	0.59	0	0	0.29
91800	0.29	0.59	0.59	0	0	0.29
91900	0.3	0.59	0.59	0	0	0.3
92000	0.3	0.59	0.59	0	0	0.3
92100	0.3	0.59	0.59	0	0	0.3
92200	0.3	0.59	0.59	0	0	0.3
92300	0.3	0.59	0.59	0	0	0.3
92400	0.31	0.59	0.59	0	0	0.31
92500	0.31	0.59	0.59	0	0	0.31
92600	0.31	0.59	0.59	0	0	0.31
92700	0.31	0.59	0.59	0	0	0.31
92800	0.31	0.59	0.59	0	0	0.31
92900	0.31	0.58	0.58	0	0	0.31
93000	0.31	0.58	0.58	0	0	0.31
93100	0.31	0.58	0.58	0	0	0.31
93200	0.31	0.58	0.58	0	0	0.31
93300	0.31	0.58	0.58	0	0	0.31
93400	0.32	0.58	0.58	0	0	0.32
93500	0.32	0.58	0.58	0	0	0.32
93600	0.32	0.58	0.58	0	0	0.32
93700	0.32	0.58	0.58	0	0	0.32
93800	0.32	0.58	0.58	0	0	0.32
93900	0.32	0.58	0.58	0	0	0.32
94000	0.32	0.58	0.58	0	0	0.32
94100	0.32	0.58	0.58	0	0	0.32
94200	0.32	0.58	0.58	0	0	0.32
94300	0.32	0.58	0.58	0	0	0.32
94400	0.32	0.58	0.58	0	0	0.32
94500	0.32	0.58	0.58	0	0	0.32
94600	0.32	0.58	0.58	0	0	0.32
94700	0.32	0.58	0.58	0	0	0.32
94800	0.32	0.58	0.58	0	0	0.32
94900	0.32	0.58	0.58	0	0	0.32
95000	0.32	0.58	0.58	0	0	0.32
95100	0.31	0.58	0.58	0	0	0.31
95200	0.31	0.58	0.58	0	0	0.31
95300	0.31	0.58	0.58	0	0	0.31
95400	0.31	0.58	0.58	0	0	0.31
95500	0.31	0.58	0.58	0	0	0.31
95600	0.31	0.58	0.58	0	0	0.31
95700	0.31	0.58	0.58	0	0	0.31
95800	0.31	0.58	0.58	0	0	0.31
95900	0.31	0.58	0.58	0	0	0.31
96000	0.31	0.58	0.58	0	0	0.31
96100	0.31	0.58	0.58	0	0	0.31
96200	0.31	0.58	0.58	0	0	0.31
96300	0.31	0.58	0.58	0	0	0.31
96400	0.31	0.58	0.58	0	0	0.31
96500	0.3	0.58	0.58	0	0	0.3
96600	0.3	0.58	0.58	0	0	0.3
96700	0.3	0.58	0.58	0	0	0.3
96800	0.3	0.58	0.58	0	0	0.3
96900	0.3	0.58	0.58	0	0	0.3
97000	0.3	0.58	0.58	0	0	0.3
97100	0.3	0.58	0.58	0	0	0.3
97200	0.3	0.58	0.58	0	0	0.3
97300	0.3	0.58	0.58	0	0	0.3
97400	0.3	0.58	0.58	0	0	0.3
97500	0.31	0.58	0.58	0	0	0.31
97600	0.31	0.58	0.58	0	0	0.31
97700	0.31	0.58	0.58	0	0	0.31
97800	0.31	0.58	0.58	0	0	0.31
97900	0.31	0.58	0.58	0	0	0.31
98000	0.31	0.58	0.58	0	0	0.31
98100	0.31	0.58	0.58	0	0	0.31
98200	0.31	0.58	0.58	0	0	0.31
98300	0.31	0.58	0.58	0	0	0.31
98400	0.31	0.59	0.59	0	0	0.31
98500	0.31	0.58	0.58	0	0	0.31
98600	0.31	0.58	0.58	0	0	0.31
98700	0.31	0.58	0.58	0	0	0.31
98800	0.31	0.58	0.58	0	0	0.31
98900	0.31	0.58	0.58	0	0	0.31
99000	0.31	0.58	0.58	0	0	0.31
99100	0.31	0.58	0.58	0	0	0.31
99200	0.31	0.58	0.58	0	0	0.31
99300	0.32	0.58	0.58	0	0	0.32
99400	0.32	0.58	0.58	0	0	0.32
99500	0.32	0.58	0.58	0	0	0.32
99600	0.32	0.59	0.59	0	0	0.32
99700	0.33	0.59	0.59	0	0	0.33
99800	0.33	0.59	0.59	0	0	0.33
99900	0.33	0.59	0.59	0	0	0.33
100000	0.32	0.58	0.58	0	0	0.32
