100	0.05	0.11	0.11	0	0	0.05
200	0.06	0.12	0.12	0	0	0.06
300	0.08	0.13	0.13	0	0	0.08
400	0.1	0.14	0.14	0	0	0.1
500	0.12	0.18	0.18	0	0	0.12
600	0.15	0.18	0.18	0	0	0.15
700	0.15	0.19	0.19	0	0	0.15
800	0.17	0.19	0.19	0	0	0.17
900	0.17	0.19	0.19	0	0	0.17
1000	0.19	0.21	0.21	0	0	0.19
1100	0.2	0.22	0.22	0	0	0.2
1200	0.21	0.22	0.22	0	0	0.21
1300	0.22	0.22	0.22	0	0	0.22
1400	0.22	0.22	0.22	0	0	0.22
1500	0.22	0.22	0.22	0	0	0.22
1600	0.22	0.22	0.22	0	0	0.22
1700	0.22	0.22	0.22	0	0	0.22
1800	0.21	0.23	0.23	0	0	0.21
1900	0.21	0.23	0.23	0	0	0.21
2000	0.21	0.25	0.25	0	0	0.21
2100	0.22	0.25	0.25	0	0	0.22
2200	0.22	0.25	0.25	0	0	0.22
2300	0.22	0.26	0.26	0	0	0.22
2400	0.21	0.26	0.26	0	0	0.21
2500	0.22	0.27	0.27	0	0	0.22
2600	0.22	0.28	0.28	0	0	0.22
2700	0.22	0.28	0.28	0	0	0.22
2800	0.22	0.28	0.28	0	0	0.22
2900	0.22	0.28	0.28	0	0	0.22
3000	0.22	0.31	0.31	0	0	0.22
3100	0.22	0.32	0.32	0	0	0.22
3200	0.22	0.32	0.32	0	0	0.22
3300	0.23	0.32	0.32	0	0	0.23
3400	0.22	0.31	0.31	0	0	0.22
3500	0.23	0.32	0.32	0	0	0.23
3600	0.23	0.32	0.32	0	0	0.23
3700	0.23	0.32	0.32	0	0	0.23
3800	0.23	0.33	0.33	0	0	0.23
3900	0.23	0.34	0.34	0	0	0.23
4000	0.23	0.35	0.35	0	0	0.23
4100	0.23	0.35	0.35	0	0	0.23
4200	0.23	0.35	0.35	0	0	0.23
4300	0.23	0.35	0.35	0	0	0.23
4400	0.23	0.34	0.34	0	0	0.23
4500	0.24	0.32	0.32	0	0	0.24
4600	0.24	0.32	0.32	0	0	0.24
4700	0.24	0.32	0.32	0	0	0.24
4800	0.24	0.33	0.33	0	0	0.24
4900	0.24	0.34	0.34	0	0	0.24
5000	0.24	0.34	0.34	0	0	0.24
5100	0.24	0.35	0.35	0	0	0.24
5200	0.24	0.35	0.35	0	0	0.24
5300	0.25	0.36	0.36	0	0	0.25
5400	0.26	0.35	0.35	0	0	0.26
5500	0.25	0.34	0.34	0	0	0.25
5600	0.24	0.34	0.34	0	0	0.24
5700	0.24	0.32	0.32	0	0	0.24
5800	0.24	0.32	0.32	0	0	0.24
5900	0.24	0.32	0.32	0	0	0.24
6000	0.24	0.3	0.3	0	0	0.24
6100	0.24	0.31	0.31	0	0	0.24
6200	0.24	0.3	0.3	0	0	0.24
6300	0.24	0.31	0.31	0	0	0.24
6400	0.24	0.31	0.31	0	0	0.24
6500	0.24	0.33	0.33	0	0	0.24
6600	0.25	0.34	0.34	0	0	0.25
6700	0.26	0.34	0.34	0	0	0.26
6800	0.26	0.34	0.34	0	0	0.26
6900	0.26	0.33	0.33	0	0	0.26
7000	0.26	0.34	0.34	0	0	0.26
7100	0.26	0.34	0.34	0	0	0.26
7200	0.26	0.36	0.36	0	0	0.26
7300	0.26	0.36	0.36	0	0	0.26
7400	0.26	0.37	0.37	0	0	0.26
7500	0.25	0.38	0.38	0	0	0.25
7600	0.26	0.39	0.39	0	0	0.26
7700	0.27	0.38	0.38	0	0	0.27
7800	0.27	0.38	0.38	0	0	0.27
7900	0.27	0.39	0.39	0	0	0.27
8000	0.27	0.39	0.39	0	0	0.27
8100	0.28	0.39	0.39	0	0	0.28
8200	0.29	0.39	0.39	0	0	0.29
8300	0.28	0.39	0.39	0	0	0.28
8400	0.28	0.39	0.39	0	0	0.28
8500	0.29	0.38	0.38	0	0	0.29
8600	0.29	0.38	0.38	0	0	0.29
8700	0.29	0.38	0.38	0	0	0.29
8800	0.29	0.38	0.38	0	0	0.29
8900	0.29	0.4	0.4	0	0	0.29
9000	0.29	0.39	0.39	0	0	0.29
9100	0.29	0.4	0.4	0	0	0.29
9200	0.29	0.4	0.4	0	0	0.29
9300	0.28	0.4	0.4	0	0	0.28
9400	0.28	0.4	0.4	0	0	0.28
9500	0.28	0.42	0.42	0	0	0.28
9600	0.28	0.42	0.42	0	0	0.28
9700	0.29	0.44	0.44	0	0	0.29
9800	0.29	0.43	0.43	0	0	0.29
9900	0.29	0.43	0.43	0	0	0.29
10000	0.29	0.44	0.44	0	0	0.29
10100	0.29	0.44	0.44	0	0	0.29
10200	0.29	0.43	0.43	0	0	0.29
10300	0.3	0.43	0.43	0	0	0.3
10400	0.3	0.43	0.43	0	0	0.3
10500	0.3	0.43	0.43	0	0	0.3
10600	0.3	0.42	0.42	0	0	0.3
10700	0.3	0.42	0.42	0	0	0.3
10800	0.3	0.42	0.42	0	0	0.3
10900	0.3	0.42	0.42	0	0	0.3
11000	0.3	0.42	0.42	0	0	0.3
11100	0.3	0.42	0.42	0	0	0.3
11200	0.3	0.42	0.42	0	0	0.3
11300	0.3	0.42	0.42	0	0	0.3
11400	0.3	0.42	0.42	0	0	0.3
11500	0.3	0.42	0.42	0	0	0.3
11600	0.3	0.4	0.4	0	0	0.3
11700	0.3	0.4	0.4	0	0	0.3
11800	0.3	0.4	0.4	0	0	0.3
11900	0.29	0.4	0.4	0	0	0.29
12000	0.28	0.4	0.4	0	0	0.28
12100	0.28	0.41	0.41	0	0	0.28
12200	0.28	0.4	0.4	0	0	0.28
12300	0.28	0.4	0.4	0	0	0.28
12400	0.28	0.41	0.41	0	0	0.28
12500	0.28	0.41	0.41	0	0	0.28
12600	0.28	0.42	0.42	0	0	0.28
12700	0.28	0.42	0.42	0	0	0.28
12800	0.28	0.43	0.43	0	0	0.28
12900	0.28	0.44	0.44	0	0	0.28
13000	0.28	0.45	0.45	0	0	0.28
13100	0.28	0.46	0.46	0	0	0.28
13200	0.28	0.46	0.46	0	0	0.28
13300	0.28	0.45	0.45	0	0	0.28
13400	0.28	0.45	0.45	0	0	0.28
13500	0.28	0.45	0.45	0	0	0.28
13600	0.28	0.45	0.45	0	0	0.28
13700	0.28	0.46	0.46	0	0	0.28
13800	0.27	0.46	0.46	0	0	0.27
13900	0.27	0.47	0.47	0	0	0.27
14000	0.27	0.47	0.47	0	0	0.27
14100	0.27	0.47	0.47	0	0	0.27
14200	0.27	0.47	0.47	0	0	0.27
14300	0.27	0.47	0.47	0	0	0.27
14400	0.27	0.49	0.49	0	0	0.27
14500	0.27	0.48	0.48	0	0	0.27
14600	0.27	0.48	0.48	0	0	0.27
14700	0.27	0.48	0.48	0	0	0.27
14800	0.27	0.48	0.48	0	0	0.27
14900	0.27	0.48	0.48	0	0	0.27
15000	0.29	0.49	0.49	0	0	0.29
15100	0.29	0.49	0.49	0	0	0.29
15200	0.29	0.49	0.49	0	0	0.29
15300	0.29	0.48	0.48	0	0	0.29
15400	0.29	0.48	0.48	0	0	0.29
15500	0.29	0.48	0.48	0	0	0.29
15600	0.29	0.48	0.48	0	0	0.29
15700	0.29	0.49	0.49	0	0	0.29
15800	0.29	0.49	0.49	0	0	0.29
15900	0.28	0.5	0.5	0	0	0.28
16000	0.28	0.51	0.51	0	0	0.28
16100	0.29	0.5	0.5	0	0	0.29
16200	0.3	0.51	0.51	0	0	0.3
16300	0.3	0.51	0.51	0	0	0.3
16400	0.3	0.5	0.5	0	0	0.3
16500	0.3	0.49	0.49	0	0	0.3
16600	0.3	0.51	0.51	0	0	0.3
16700	0.3	0.52	0.52	0	0	0.3
16800	0.3	0.52	0.52	0	0	0.3
16900	0.3	0.52	0.52	0	0	0.3
17000	0.3	0.52	0.52	0	0	0.3
17100	0.3	0.51	0.51	0	0	0.3
17200	0.3	0.51	0.51	0	0	0.3
17300	0.3	0.51	0.51	0	0	0.3
17400	0.3	0.51	0.51	0	0	0.3
17500	0.3	0.51	0.51	0	0	0.3
17600	0.3	0.51	0.51	0	0	0.3
17700	0.3	0.51	0.51	0	0	0.3
17800	0.3	0.51	0.51	0	0	0.3
17900	0.3	0.51	0.51	0	0	0.3
18000	0.29	0.51	0.51	0	0	0.29
18100	0.29	0.5	0.5	0	0	0.29
18200	0.3	0.52	0.52	0	0	0.3
18300	0.3	0.52	0.52	0	0	0.3
18400	0.3	0.52	0.52	0	0	0.3
18500	0.3	0.52	0.52	0	0	0.3
18600	0.3	0.52	0.52	0	0	0.3
18700	0.31	0.52	0.52	0	0	0.31
18800	0.31	0.53	0.53	0	0	0.31
18900	0.32	0.53	0.53	0	0	0.32
19000	0.32	0.53	0.53	0	0	0.32
19100	0.32	0.54	0.54	0	0	0.32
19200	0.32	0.52	0.52	0	0	0.32
19300	0.31	0.52	0.52	0	0	0.31
19400	0.31	0.52	0.52	0	0	0.31
19500	0.31	0.52	0.52	0	0	0.31
19600	0.31	0.52	0.52	0	0	0.31
19700	0.31	0.52	0.52	0	0	0.31
19800	0.31	0.51	0.51	0	0	0.31
19900	0.31	0.51	0.51	0	0	0.31
20000	0.31	0.5	0.5	0	0	0.31
20100	0.31	0.5	0.5	0	0	0.31
20200	0.31	0.5	0.5	0	0	0.31
20300	0.31	0.5	0.5	0	0	0.31
20400	0.31	0.51	0.51	0	0	0.31
20500	0.31	0.51	0.51	0	0	0.31
20600	0.31	0.51	0.51	0	0	0.31
20700	0.31	0.51	0.51	0	0	0.31
20800	0.31	0.51	0.51	0	0	0.31
20900	0.31	0.52	0.52	0	0	0.31
21000	0.31	0.52	0.52	0	0	0.31
21100	0.3	0.52	0.52	0	0	0.3
21200	0.3	0.52	0.52	0	0	0.3
21300	0.29	0.53	0.53	0	0	0.29
21400	0.29	0.53	0.53	0	0	0.29
21500	0.29	0.53	0.53	0	0	0.29
21600	0.29	0.53	0.53	0	0	0.29
21700	0.29	0.54	0.54	0	0	0.29
21800	0.29	0.54	0.54	0	0	0.29
21900	0.29	0.54	0.54	0	0	0.29
22000	0.29	0.54	0.54	0	0	0.29
22100	0.29	0.53	0.53	0	0	0.29
22200	0.29	0.53	0.53	0	0	0.29
22300	0.29	0.53	0.53	0	0	0.29
22400	0.29	0.52	0.52	0	0	0.29
22500	0.29	0.52	0.52	0	0	0.29
22600	0.29	0.52	0.52	0	0	0.29
22700	0.29	0.52	0.52	0	0	0.29
22800	0.29	0.52	0.52	0	0	0.29
22900	0.29	0.52	0.52	0	0	0.29
23000	0.29	0.52	0.52	0	0	0.29
23100	0.28	0.52	0.52	0	0	0.28
23200	0.28	0.52	0.52	0	0	0.28
23300	0.28	0.52	0.52	0	0	0.28
23400	0.28	0.51	0.51	0	0	0.28
23500	0.28	0.5	0.5	0	0	0.28
23600	0.28	0.49	0.49	0	0	0.28
23700	0.28	0.48	0.48	0	0	0.28
23800	0.28	0.5	0.5	0	0	0.28
23900	0.28	0.5	0.5	0	0	0.28
24000	0.28	0.52	0.52	0	0	0.28
24100	0.28	0.51	0.51	0	0	0.28
24200	0.28	0.51	0.51	0	0	0.28
24300	0.28	0.51	0.51	0	0	0.28
24400	0.28	0.51	0.51	0	0	0.28
24500	0.28	0.52	0.52	0	0	0.28
24600	0.28	0.52	0.52	0	0	0.28
24700	0.28	0.52	0.52	0	0	0.28
24800	0.28	0.51	0.51	0	0	0.28
24900	0.28	0.51	0.51	0	0	0.28
25000	0.28	0.51	0.51	0	0	0.28
25100	0.28	0.51	0.51	0	0	0.28
25200	0.28	0.51	0.51	0	0	0.28
25300	0.28	0.52	0.52	0	0	0.28
25400	0.28	0.52	0.52	0	0	0.28
25500	0.28	0.52	0.52	0	0	0.28
25600	0.28	0.53	0.53	0	0	0.28
25700	0.28	0.54	0.54	0	0	0.28
25800	0.28	0.54	0.54	0	0	0.28
25900	0.28	0.54	0.54	0	0	0.28
26000	0.28	0.54	0.54	0	0	0.28
26100	0.28	0.53	0.53	0	0	0.28
26200	0.28	0.52	0.52	0	0	0.28
26300	0.28	0.52	0.52	0	0	0.28
26400	0.28	0.52	0.52	0	0	0.28
26500	0.27	0.51	0.51	0	0	0.27
26600	0.27	0.51	0.51	0	0	0.27
26700	0.27	0.51	0.51	0	0	0.27
26800	0.27	0.51	0.51	0	0	0.27
26900	0.28	0.51	0.51	0	0	0.28
27000	0.28	0.51	0.51	0	0	0.28
27100	0.28	0.51	0.51	0	0	0.28
27200	0.28	0.51	0.51	0	0	0.28
27300	0.28	0.51	0.51	0	0	0.28
27400	0.28	0.51	0.51	0	0	0.28
27500	0.28	0.51	0.51	0	0	0.28
27600	0.28	0.51	0.51	0	0	0.28
27700	0.28	0.5	0.5	0	0	0.28
27800	0.28	0.5	0.5	0	0	0.28
27900	0.28	0.5	0.5	0	0	0.28
28000	0.29	0.5	0.5	0	0	0.29
28100	0.29	0.51	0.51	0	0	0.29
28200	0.29	0.51	0.51	0	0	0.29
28300	0.29	0.51	0.51	0	0	0.29
28400	0.29	0.51	0.51	0	0	0.29
28500	0.29	0.51	0.51	0	0	0.29
28600	0.29	0.51	0.51	0	0	0.29
28700	0.29	0.51	0.51	0	0	0.29
28800	0.29	0.51	0.51	0	0	0.29
28900	0.3	0.51	0.51	0	0	0.3
29000	0.3	0.51	0.51	0	0	0.3
29100	0.3	0.51	0.51	0	0	0.3
29200	0.3	0.51	0.51	0	0	0.3
29300	0.29	0.51	0.51	0	0	0.29
29400	0.28	0.51	0.51	0	0	0.28
29500	0.28	0.51	0.51	0	0	0.28
29600	0.28	0.51	0.51	0	0	0.28
29700	0.28	0.51	0.51	0	0	0.28
29800	0.28	0.51	0.51	0	0	0.28
29900	0.28	0.52	0.52	0	0	0.28
30000	0.28	0.52	0.52	0	0	0.28
30100	0.28	0.52	0.52	0	0	0.28
30200	0.28	0.51	0.51	0	0	0.28
30300	0.28	0.51	0.51	0	0	0.28
30400	0.28	0.51	0.51	0	0	0.28
30500	0.28	0.52	0.52	0	0	0.28
30600	0.28	0.52	0.52	0	0	0.28
30700	0.28	0.52	0.52	0	0	0.28
30800	0.28	0.53	0.53	0	0	0.28
30900	0.28	0.52	0.52	0	0	0.28
31000	0.28	0.52	0.52	0	0	0.28
31100	0.28	0.53	0.53	0	0	0.28
31200	0.28	0.53	0.53	0	0	0.28
31300	0.28	0.53	0.53	0	0	0.28
31400	0.28	0.53	0.53	0	0	0.28
31500	0.28	0.53	0.53	0	0	0.28
31600	0.28	0.53	0.53	0	0	0.28
31700	0.29	0.53	0.53	0	0	0.29
31800	0.29	0.53	0.53	0	0	0.29
31900	0.3	0.53	0.53	0	0	0.3
32000	0.3	0.53	0.53	0	0	0.3
32100	0.3	0.53	0.53	0	0	0.3
32200	0.3	0.54	0.54	0	0	0.3
32300	0.3	0.54	0.54	0	0	0.3
32400	0.3	0.55	0.55	0	0	0.3
32500	0.31	0.55	0.55	0	0	0.31
32600	0.31	0.55	0.55	0	0	0.31
32700	0.31	0.54	0.54	0	0	0.31
32800	0.31	0.54	0.54	0	0	0.31
32900	0.31	0.54	0.54	0	0	0.31
33000	0.31	0.54	0.54	0	0	0.31
33100	0.31	0.54	0.54	0	0	0.31
33200	0.31	0.54	0.54	0	0	0.31
33300	0.31	0.54	0.54	0	0	0.31
33400	0.31	0.54	0.54	0	0	0.31
33500	0.31	0.54	0.54	0	0	0.31
33600	0.31	0.54	0.54	0	0	0.31
33700	0.31	0.54	0.54	0	0	0.31
33800	0.31	0.54	0.54	0	0	0.31
33900	0.31	0.54	0.54	0	0	0.31
34000	0.31	0.54	0.54	0	0	0.31
34100	0.31	0.54	0.54	0	0	0.31
34200	0.31	0.54	0.54	0	0	0.31
34300	0.31	0.54	0.54	0	0	0.31
34400	0.31	0.54	0.54	0	0	0.31
34500	0.31	0.54	0.54	0	0	0.31
34600	0.31	0.54	0.54	0	0	0.31
34700	0.31	0.54	0.54	0	0	0.31
34800	0.31	0.54	0.54	0	0	0.31
34900	0.31	0.54	0.54	0	0	0.31
35000	0.31	0.54	0.54	0	0	0.31
35100	0.31	0.54	0.54	0	0	0.31
35200	0.31	0.54	0.54	0	0	0.31
35300	0.31	0.54	0.54	0	0	0.31
35400	0.31	0.54	0.54	0	0	0.31
35500	0.31	0.54	0.54	0	0	0.31
35600	0.31	0.54	0.54	0	0	0.31
35700	0.32	0.55	0.55	0	0	0.32
35800	0.32	0.55	0.55	0	0	0.32
35900	0.32	0.55	0.55	0	0	0.32
36000	0.32	0.54	0.54	0	0	0.32
36100	0.32	0.55	0.55	0	0	0.32
36200	0.32	0.55	0.55	0	0	0.32
36300	0.32	0.56	0.56	0	0	0.32
36400	0.31	0.56	0.56	0	0	0.31
36500	0.31	0.56	0.56	0	0	0.31
36600	0.31	0.57	0.57	0	0	0.31
36700	0.31	0.57	0.57	0	0	0.31
36800	0.31	0.57	0.57	0	0	0.31
36900	0.31	0.57	0.57	0	0	0.31
37000	0.31	0.57	0.57	0	0	0.31
37100	0.31	0.57	0.57	0	0	0.31
37200	0.31	0.57	0.57	0	0	0.31
37300	0.31	0.57	0.57	0	0	0.31
37400	0.31	0.57	0.57	0	0	0.31
37500	0.31	0.57	0.57	0	0	0.31
37600	0.31	0.57	0.57	0	0	0.31
37700	0.31	0.57	0.57	0	0	0.31
37800	0.31	0.57	0.57	0	0	0.31
37900	0.31	0.57	0.57	0	0	0.31
38000	0.31	0.57	0.57	0	0	0.31
38100	0.31	0.57	0.57	0	0	0.31
38200	0.31	0.57	0.57	0	0	0.31
38300	0.31	0.57	0.57	0	0	0.31
38400	0.31	0.57	0.57	0	0	0.31
38500	0.31	0.57	0.57	0	0	0.31
38600	0.31	0.57	0.57	0	0	0.31
38700	0.31	0.57	0.57	0	0	0.31
38800	0.31	0.57	0.57	0	0	0.31
38900	0.31	0.57	0.57	0	0	0.31
39000	0.31	0.57	0.57	0	0	0.31
39100	0.31	0.57	0.57	0	0	0.31
39200	0.31	0.57	0.57	0	0	0.31
39300	0.31	0.57	0.57	0	0	0.31
39400	0.31	0.57	0.57	0	0	0.31
39500	0.31	0.58	0.58	0	0	0.31
39600	0.31	0.58	0.58	0	0	0.31
39700	0.31	0.58	0.58	0	0	0.31
39800	0.31	0.58	0.58	0	0	0.31
39900	0.31	0.57	0.57	0	0	0.31
40000	0.31	0.57	0.57	0	0	0.31
40100	0.31	0.57	0.57	0	0	0.31
40200	0.31	0.57	0.57	0	0	0.31
40300	0.31	0.56	0.56	0	0	0.31
40400	0.31	0.56	0.56	0	0	0.31
40500	0.31	0.56	0.56	0	0	0.31
40600	0.31	0.56	0.56	0	0	0.31
40700	0.31	0.56	0.56	0	0	0.31
40800	0.31	0.56	0.56	0	0	0.31
40900	0.31	0.56	0.56	0	0	0.31
41000	0.31	0.56	0.56	0	0	0.31
41100	0.31	0.55	0.55	0	0	0.31
41200	0.31	0.54	0.54	0	0	0.31
41300	0.32	0.53	0.53	0	0	0.32
41400	0.32	0.53	0.53	0	0	0.32
41500	0.32	0.54	0.54	0	0	0.32
41600	0.32	0.54	0.54	0	0	0.32
41700	0.32	0.54	0.54	0	0	0.32
41800	0.32	0.54	0.54	0	0	0.32
41900	0.32	0.54	0.54	0	0	0.32
42000	0.32	0.54	0.54	0	0	0.32
42100	0.32	0.54	0.54	0	0	0.32
42200	0.32	0.54	0.54	0	0	0.32
42300	0.31	0.53	0.53	0	0	0.31
42400	0.31	0.53	0.53	0	0	0.31
42500	0.31	0.53	0.53	0	0	0.31
42600	0.31	0.53	0.53	0	0	0.31
42700	0.31	0.53	0.53	0	0	0.31
42800	0.31	0.53	0.53	0	0	0.31
42900	0.31	0.53	0.53	0	0	0.31
43000	0.32	0.53	0.53	0	0	0.32
43100	0.32	0.52	0.52	0	0	0.32
43200	0.32	0.52	0.52	0	0	0.32
43300	0.32	0.52	0.52	0	0	0.32
43400	0.32	0.52	0.52	0	0	0.32
43500	0.33	0.52	0.52	0	0	0.33
43600	0.33	0.53	0.53	0	0	0.33
43700	0.33	0.53	0.53	0	0	0.33
43800	0.33	0.53	0.53	0	0	0.33
43900	0.33	0.53	0.53	0	0	0.33
44000	0.33	0.53	0.53	0	0	0.33
44100	0.33	0.53	0.53	0	0	0.33
44200	0.33	0.53	0.53	0	0	0.33
44300	0.33	0.54	0.54	0	0	0.33
44400	0.33	0.54	0.54	0	0	0.33
44500	0.34	0.54	0.54	0	0	0.34
44600	0.34	0.54	0.54	0	0	0.34
44700	0.34	0.54	0.54	0	0	0.34
44800	0.34	0.55	0.55	0	0	0.34
44900	0.34	0.55	0.55	0	0	0.34
45000	0.34	0.55	0.55	0	0	0.34
45100	0.34	0.55	0.55	0	0	0.34
45200	0.34	0.55	0.55	0	0	0.34
45300	0.34	0.55	0.55	0	0	0.34
45400	0.34	0.55	0.55	0	0	0.34
45500	0.34	0.55	0.55	0	0	0.34
45600	0.34	0.55	0.55	0	0	0.34
45700	0.34	0.55	0.55	0	0	0.34
45800	0.34	0.56	0.56	0	0	0.34
45900	0.34	0.56	0.56	0	0	0.34
46000	0.34	0.56	0.56	0	0	0.34
46100	0.34	0.56	0.56	0	0	0.34
46200	0.34	0.55	0.55	0	0	0.34
46300	0.34	0.55	0.55	0	0	0.34
46400	0.34	0.55	0.55	0	0	0.34
46500	0.34	0.55	0.55	0	0	0.34
46600	0.34	0.55	0.55	0	0	0.34
46700	0.34	0.55	0.55	0	0	0.34
46800	0.34	0.55	0.55	0	0	0.34
46900	0.34	0.55	0.55	0	0	0.34
47000	0.34	0.56	0.56	0	0	0.34
47100	0.34	0.56	0.56	0	0	0.34
47200	0.34	0.56	0.56	0	0	0.34
47300	0.34	0.56	0.56	0	0	0.34
47400	0.34	0.56	0.56	0	0	0.34
47500	0.33	0.56	0.56	0	0	0.33
47600	0.33	0.56	0.56	0	0	0.33
47700	0.33	0.56	0.56	0	0	0.33
47800	0.32	0.56	0.56	0	0	0.32
47900	0.32	0.56	0.56	0	0	0.32
48000	0.32	0.56	0.56	0	0	0.32
48100	0.32	0.56	0.56	0	0	0.32
48200	0.31	0.56	0.56	0	0	0.31
48300	0.31	0.56	0.56	0	0	0.31
48400	0.31	0.56	0.56	0	0	0.31
48500	0.31	0.56	0.56	0	0	0.31
48600	0.31	0.56	0.56	0	0	0.31
48700	0.31	0.56	0.56	0	0	0.31
48800	0.31	0.56	0.56	0	0	0.31
48900	0.31	0.55	0.55	0	0	0.31
49000	0.31	0.55	0.55	0	0	0.31
49100	0.3	0.55	0.55	0	0	0.3
49200	0.3	0.56	0.56	0	0	0.3
49300	0.3	0.56	0.56	0	0	0.3
49400	0.3	0.56	0.56	0	0	0.3
49500	0.3	0.56	0.56	0	0	0.3
49600	0.3	0.56	0.56	0	0	0.3
49700	0.3	0.56	0.56	0	0	0.3
49800	0.3	0.55	0.55	0	0	0.3
49900	0.31	0.55	0.55	0	0	0.31
50000	0.31	0.55	0.55	0	0	0.31
50100	0.31	0.55	0.55	0	0	0.31
50200	0.31	0.55	0.55	0	0	0.31
50300	0.31	0.55	0.55	0	0	0.31
50400	0.31	0.55	0.55	0	0	0.31
50500	0.31	0.55	0.55	0	0	0.31
50600	0.31	0.55	0.55	0	0	0.31
50700	0.31	0.54	0.54	0	0	0.31
50800	0.31	0.54	0.54	0	0	0.31
50900	0.31	0.54	0.54	0	0	0.31
51000	0.31	0.54	0.54	0	0	0.31
51100	0.31	0.54	0.54	0	0	0.31
51200	0.31	0.54	0.54	0	0	0.31
51300	0.31	0.53	0.53	0	0	0.31
51400	0.31	0.53	0.53	0	0	0.31
51500	0.31	0.53	0.53	0	0	0.31
51600	0.31	0.54	0.54	0	0	0.31
51700	0.3	0.53	0.53	0	0	0.3
51800	0.3	0.53	0.53	0	0	0.3
51900	0.3	0.53	0.53	0	0	0.3
52000	0.31	0.53	0.53	0	0	0.31
52100	0.31	0.53	0.53	0	0	0.31
52200	0.31	0.53	0.53	0	0	0.31
52300	0.31	0.53	0.53	0	0	0.31
52400	0.32	0.53	0.53	0	0	0.32
52500	0.32	0.54	0.54	0	0	0.32
52600	0.32	0.54	0.54	0	0	0.32
52700	0.32	0.53	0.53	0	0	0.32
52800	0.32	0.53	0.53	0	0	0.32
52900	0.32	0.53	0.53	0	0	0.32
53000	0.32	0.53	0.53	0	0	0.32
53100	0.32	0.53	0.53	0	0	0.32
53200	0.32	0.53	0.53	0	0	0.32
53300	0.32	0.53	0.53	0	0	0.32
53400	0.32	0.53	0.53	0	0	0.32
53500	0.32	0.53	0.53	0	0	0.32
53600	0.32	0.53	0.53	0	0	0.32
53700	0.32	0.53	0.53	0	0	0.32
53800	0.33	0.53	0.53	0	0	0.33
53900	0.33	0.53	0.53	0	0	0.33
54000	0.33	0.53	0.53	0	0	0.33
54100	0.33	0.53	0.53	0	0	0.33
54200	0.33	0.53	0.53	0	0	0.33
54300	0.33	0.53	0.53	0	0	0.33
54400	0.33	0.53	0.53	0	0	0.33
54500	0.33	0.52	0.52	0	0	0.33
54600	0.33	0.52	0.52	0	0	0.33
54700	0.33	0.52	0.52	0	0	0.33
54800	0.33	0.52	0.52	0	0	0.33
54900	0.34	0.52	0.52	0	0	0.34
55000	0.34	0.52	0.52	0	0	0.34
55100	0.34	0.52	0.52	0	0	0.34
55200	0.34	0.52	0.52	0	0	0.34
55300	0.34	0.52	0.52	0	0	0.34
55400	0.34	0.52	0.52	0	0	0.34
55500	0.34	0.52	0.52	0	0	0.34
55600	0.34	0.53	0.53	0	0	0.34
55700	0.34	0.53	0.53	0	0	0.34
55800	0.34	0.53	0.53	0	0	0.34
55900	0.34	0.53	0.53	0	0	0.34
56000	0.34	0.54	0.54	0	0	0.34
56100	0.34	0.54	0.54	0	0	0.34
56200	0.34	0.54	0.54	0	0	0.34
56300	0.34	0.54	0.54	0	0	0.34
56400	0.34	0.53	0.53	0	0	0.34
56500	0.34	0.53	0.53	0	0	0.34
56600	0.34	0.53	0.53	0	0	0.34
56700	0.34	0.53	0.53	0	0	0.34
56800	0.34	0.53	0.53	0	0	0.34
56900	0.34	0.53	0.53	0	0	0.34
57000	0.34	0.53	0.53	0	0	0.34
57100	0.35	0.53	0.53	0	0	0.35
57200	0.35	0.53	0.53	0	0	0.35
57300	0.35	0.53	0.53	0	0	0.35
57400	0.34	0.53	0.53	0	0	0.34
57500	0.33	0.53	0.53	0	0	0.33
57600	0.33	0.53	0.53	0	0	0.33
57700	0.34	0.53	0.53	0	0	0.34
57800	0.34	0.54	0.54	0	0	0.34
57900	0.34	0.54	0.54	0	0	0.34
58000	0.34	0.54	0.54	0	0	0.34
58100	0.34	0.54	0.54	0	0	0.34
58200	0.34	0.54	0.54	0	0	0.34
58300	0.35	0.54	0.54	0	0	0.35
58400	0.35	0.54	0.54	0	0	0.35
58500	0.35	0.54	0.54	0	0	0.35
58600	0.35	0.54	0.54	0	0	0.35
58700	0.35	0.54	0.54	0	0	0.35
58800	0.35	0.54	0.54	0	0	0.35
58900	0.35	0.54	0.54	0	0	0.35
59000	0.35	0.54	0.54	0	0	0.35
59100	0.35	0.54	0.54	0	0	0.35
59200	0.35	0.54	0.54	0	0	0.35
59300	0.35	0.54	0.54	0	0	0.35
59400	0.35	0.53	0.53	0	0	0.35
59500	0.35	0.53	0.53	0	0	0.35
59600	0.35	0.53	0.53	0	0	0.35
59700	0.35	0.53	0.53	0	0	0.35
59800	0.34	0.54	0.54	0	0	0.34
59900	0.34	0.54	0.54	0	0	0.34
60000	0.34	0.54	0.54	0	0	0.34
60100	0.34	0.53	0.53	0	0	0.34
60200	0.34	0.53	0.53	0	0	0.34
60300	0.34	0.53	0.53	0	0	0.34
60400	0.34	0.52	0.52	0	0	0.34
60500	0.34	0.52	0.52	0	0	0.34
60600	0.34	0.51	0.51	0	0	0.34
60700	0.34	0.51	0.51	0	0	0.34
60800	0.34	0.51	0.51	0	0	0.34
60900	0.34	0.5	0.5	0	0	0.34
61000	0.34	0.5	0.5	0	0	0.34
61100	0.34	0.5	0.5	0	0	0.34
61200	0.34	0.5	0.5	0	0	0.34
61300	0.34	0.5	0.5	0	0	0.34
61400	0.34	0.5	0.5	0	0	0.34
61500	0.34	0.5	0.5	0	0	0.34
61600	0.34	0.5	0.5	0	0	0.34
61700	0.34	0.5	0.5	0	0	0.34
61800	0.34	0.5	0.5	0	0	0.34
61900	0.34	0.5	0.5	0	0	0.34
62000	0.34	0.5	0.5	0	0	0.34
62100	0.34	0.5	0.5	0	0	0.34
62200	0.34	0.5	0.5	0	0	0.34
62300	0.34	0.5	0.5	0	0	0.34
62400	0.34	0.5	0.5	0	0	0.34
62500	0.34	0.51	0.51	0	0	0.34
62600	0.34	0.51	0.51	0	0	0.34
62700	0.34	0.51	0.51	0	0	0.34
62800	0.34	0.51	0.51	0	0	0.34
62900	0.34	0.51	0.51	0	0	0.34
63000	0.34	0.51	0.51	0	0	0.34
63100	0.34	0.51	0.51	0	0	0.34
63200	0.34	0.51	0.51	0	0	0.34
63300	0.34	0.51	0.51	0	0	0.34
63400	0.34	0.51	0.51	0	0	0.34
63500	0.34	0.51	0.51	0	0	0.34
63600	0.34	0.51	0.51	0	0	0.34
63700	0.34	0.51	0.51	0	0	0.34
63800	0.35	0.51	0.51	0	0	0.35
63900	0.35	0.51	0.51	0	0	0.35
64000	0.35	0.51	0.51	0	0	0.35
64100	0.35	0.51	0.51	0	0	0.35
64200	0.35	0.51	0.51	0	0	0.35
64300	0.35	0.51	0.51	0	0	0.35
64400	0.35	0.51	0.51	0	0	0.35
64500	0.35	0.52	0.52	0	0	0.35
64600	0.35	0.52	0.52	0	0	0.35
64700	0.35	0.52	0.52	0	0	0.35
64800	0.35	0.52	0.52	0	0	0.35
64900	0.35	0.51	0.51	0	0	0.35
65000	0.35	0.51	0.51	0	0	0.35
65100	0.37	0.51	0.51	0	0	0.37
65200	0.37	0.51	0.51	0	0	0.37
65300	0.37	0.51	0.51	0	0	0.37
65400	0.36	0.51	0.51	0	0	0.36
65500	0.36	0.51	0.51	0	0	0.36
65600	0.36	0.51	0.51	0	0	0.36
65700	0.36	0.51	0.51	0	0	0.36
65800	0.36	0.51	0.51	0	0	0.36
65900	0.36	0.51	0.51	0	0	0.36
66000	0.35	0.51	0.51	0	0	0.35
66100	0.35	0.51	0.51	0	0	0.35
66200	0.35	0.51	0.51	0	0	0.35
66300	0.36	0.51	0.51	0	0	0.36
66400	0.36	0.51	0.51	0	0	0.36
66500	0.36	0.51	0.51	0	0	0.36
66600	0.35	0.51	0.51	0	0	0.35
66700	0.35	0.51	0.51	0	0	0.35
66800	0.35	0.51	0.51	0	0	0.35
66900	0.36	0.5	0.5	0	0	0.36
67000	0.36	0.5	0.5	0	0	0.36
67100	0.36	0.51	0.51	0	0	0.36
67200	0.36	0.51	0.51	0	0	0.36
67300	0.36	0.51	0.51	0	0	0.36
67400	0.36	0.51	0.51	0	0	0.36
67500	0.36	0.51	0.51	0	0	0.36
67600	0.36	0.51	0.51	0	0	0.36
67700	0.36	0.51	0.51	0	0	0.36
67800	0.36	0.51	0.51	0	0	0.36
67900	0.36	0.51	0.51	0	0	0.36
68000	0.36	0.51	0.51	0	0	0.36
68100	0.36	0.52	0.52	0	0	0.36
68200	0.36	0.52	0.52	0	0	0.36
68300	0.36	0.52	0.52	0	0	0.36
68400	0.36	0.52	0.52	0	0	0.36
68500	0.36	0.52	0.52	0	0	0.36
68600	0.36	0.52	0.52	0	0	0.36
68700	0.37	0.52	0.52	0	0	0.37
68800	0.37	0.52	0.52	0	0	0.37
68900	0.37	0.52	0.52	0	0	0.37
69000	0.37	0.52	0.52	0	0	0.37
69100	0.37	0.52	0.52	0	0	0.37
69200	0.37	0.52	0.52	0	0	0.37
69300	0.37	0.52	0.52	0	0	0.37
69400	0.37	0.52	0.52	0	0	0.37
69500	0.37	0.52	0.52	0	0	0.37
69600	0.37	0.53	0.53	0	0	0.37
69700	0.37	0.53	0.53	0	0	0.37
69800	0.37	0.53	0.53	0	0	0.37
69900	0.37	0.53	0.53	0	0	0.37
70000	0.37	0.52	0.52	0	0	0.37
70100	0.37	0.52	0.52	0	0	0.37
70200	0.37	0.52	0.52	0	0	0.37
70300	0.37	0.52	0.52	0	0	0.37
70400	0.37	0.52	0.52	0	0	0.37
70500	0.37	0.52	0.52	0	0	0.37
70600	0.37	0.52	0.52	0	0	0.37
70700	0.37	0.51	0.51	0	0	0.37
70800	0.37	0.51	0.51	0	0	0.37
70900	0.37	0.51	0.51	0	0	0.37
71000	0.37	0.51	0.51	0	0	0.37
71100	0.37	0.51	0.51	0	0	0.37
71200	0.37	0.5	0.5	0	0	0.37
71300	0.37	0.5	0.5	0	0	0.37
71400	0.37	0.5	0.5	0	0	0.37
71500	0.37	0.5	0.5	0	0	0.37
71600	0.37	0.5	0.5	0	0	0.37
71700	0.37	0.5	0.5	0	0	0.37
71800	0.37	0.5	0.5	0	0	0.37
71900	0.37	0.5	0.5	0	0	0.37
72000	0.37	0.5	0.5	0	0	0.37
72100	0.37	0.5	0.5	0	0	0.37
72200	0.37	0.5	0.5	0	0	0.37
72300	0.38	0.5	0.5	0	0	0.38
72400	0.38	0.5	0.5	0	0	0.38
72500	0.38	0.5	0.5	0	0	0.38
72600	0.38	0.5	0.5	0	0	0.38
72700	0.38	0.49	0.49	0	0	0.38
72800	0.38	0.49	0.49	0	0	0.38
72900	0.38	0.49	0.49	0	0	0.38
73000	0.38	0.49	0.49	0	0	0.38
73100	0.38	0.48	0.48	0	0	0.38
73200	0.38	0.48	0.48	0	0	0.38
73300	0.38	0.48	0.48	0	0	0.38
73400	0.38	0.48	0.48	0	0	0.38
73500	0.38	0.48	0.48	0	0	0.38
73600	0.38	0.49	0.49	0	0	0.38
73700	0.38	0.49	0.49	0	0	0.38
73800	0.38	0.49	0.49	0	0	0.38
73900	0.38	0.49	0.49	0	0	0.38
74000	0.38	0.5	0.5	0	0	0.38
74100	0.38	0.5	0.5	0	0	0.38
74200	0.38	0.5	0.5	0	0	0.38
74300	0.38	0.5	0.5	0	0	0.38
74400	0.38	0.5	0.5	0	0	0.38
74500	0.38	0.5	0.5	0	0	0.38
74600	0.38	0.5	0.5	0	0	0.38
74700	0.38	0.5	0.5	0	0	0.38
74800	0.38	0.5	0.5	0	0	0.38
74900	0.38	0.5	0.5	0	0	0.38
75000	0.38	0.51	0.51	0	0	0.38
75100	0.38	0.51	0.51	0	0	0.38
75200	0.37	0.51	0.51	0	0	0.37
75300	0.37	0.51	0.51	0	0	0.37
75400	0.37	0.51	0.51	0	0	0.37
75500	0.37	0.51	0.51	0	0	0.37
75600	0.37	0.51	0.51	0	0	0.37
75700	0.37	0.51	0.51	0	0	0.37
75800	0.37	0.51	0.51	0	0	0.37
75900	0.37	0.51	0.51	0	0	0.37
76000	0.37	0.5	0.5	0	0	0.37
76100	0.37	0.5	0.5	0	0	0.37
76200	0.37	0.5	0.5	0	0	0.37
76300	0.37	0.5	0.5	0	0	0.37
76400	0.37	0.5	0.5	0	0	0.37
76500	0.37	0.5	0.5	0	0	0.37
76600	0.37	0.5	0.5	0	0	0.37
76700	0.37	0.5	0.5	0	0	0.37
76800	0.37	0.5	0.5	0	0	0.37
76900	0.37	0.5	0.5	0	0	0.37
77000	0.37	0.5	0.5	0	0	0.37
77100	0.37	0.5	0.5	0	0	0.37
77200	0.37	0.5	0.5	0	0	0.37
77300	0.37	0.5	0.5	0	0	0.37
77400	0.37	0.5	0.5	0	0	0.37
77500	0.37	0.5	0.5	0	0	0.37
77600	0.37	0.5	0.5	0	0	0.37
77700	0.37	0.5	0.5	0	0	0.37
77800	0.37	0.51	0.51	0	0	0.37
77900	0.37	0.51	0.51	0	0	0.37
78000	0.37	0.52	0.52	0	0	0.37
78100	0.37	0.52	0.52	0	0	0.37
78200	0.37	0.52	0.52	0	0	0.37
78300	0.37	0.52	0.52	0	0	0.37
78400	0.37	0.52	0.52	0	0	0.37
78500	0.36	0.53	0.53	0	0	0.36
78600	0.36	0.53	0.53	0	0	0.36
78700	0.36	0.53	0.53	0	0	0.36
78800	0.36	0.53	0.53	0	0	0.36
78900	0.36	0.53	0.53	0	0	0.36
79000	0.36	0.53	0.53	0	0	0.36
79100	0.36	0.53	0.53	0	0	0.36
79200	0.36	0.53	0.53	0	0	0.36
79300	0.36	0.53	0.53	0	0	0.36
79400	0.36	0.53	0.53	0	0	0.36
79500	0.35	0.53	0.53	0	0	0.35
79600	0.35	0.53	0.53	0	0	0.35
79700	0.34	0.53	0.53	0	0	0.34
79800	0.34	0.54	0.54	0	0	0.34
79900	0.35	0.54	0.54	0	0	0.35
80000	0.35	0.54	0.54	0	0	0.35
80100	0.35	0.55	0.55	0	0	0.35
80200	0.35	0.54	0.54	0	0	0.35
80300	0.35	0.54	0.54	0	0	0.35
80400	0.35	0.54	0.54	0	0	0.35
80500	0.35	0.54	0.54	0	0	0.35
80600	0.35	0.55	0.55	0	0	0.35
80700	0.35	0.54	0.54	0	0	0.35
80800	0.35	0.54	0.54	0	0	0.35
80900	0.35	0.54	0.54	0	0	0.35
81000	0.35	0.54	0.54	0	0	0.35
81100	0.35	0.53	0.53	0	0	0.35
81200	0.35	0.52	0.52	0	0	0.35
81300	0.35	0.52	0.52	0	0	0.35
81400	0.36	0.52	0.52	0	0	0.36
81500	0.36	0.52	0.52	0	0	0.36
81600	0.36	0.52	0.52	0	0	0.36
81700	0.36	0.52	0.52	0	0	0.36
81800	0.36	0.52	0.52	0	0	0.36
81900	0.36	0.54	0.54	0	0	0.36
82000	0.36	0.53	0.53	0	0	0.36
82100	0.36	0.53	0.53	0	0	0.36
82200	0.36	0.53	0.53	0	0	0.36
82300	0.36	0.53	0.53	0	0	0.36
82400	0.36	0.52	0.52	0	0	0.36
82500	0.36	0.52	0.52	0	0	0.36
82600	0.36	0.51	0.51	0	0	0.36
82700	0.36	0.51	0.51	0	0	0.36
82800	0.36	0.51	0.51	0	0	0.36
82900	0.36	0.51	0.51	0	0	0.36
83000	0.36	0.51	0.51	0	0	0.36
83100	0.36	0.5	0.5	0	0	0.36
83200	0.36	0.5	0.5	0	0	0.36
83300	0.36	0.5	0.5	0	0	0.36
83400	0.36	0.5	0.5	0	0	0.36
83500	0.36	0.5	0.5	0	0	0.36
83600	0.36	0.5	0.5	0	0	0.36
83700	0.36	0.5	0.5	0	0	0.36
83800	0.36	0.5	0.5	0	0	0.36
83900	0.36	0.5	0.5	0	0	0.36
84000	0.36	0.5	0.5	0	0	0.36
84100	0.36	0.5	0.5	0	0	0.36
84200	0.36	0.5	0.5	0	0	0.36
84300	0.36	0.5	0.5	0	0	0.36
84400	0.36	0.5	0.5	0	0	0.36
84500	0.36	0.5	0.5	0	0	0.36
84600	0.36	0.49	0.49	0	0	0.36
84700	0.36	0.49	0.49	0	0	0.36
84800	0.37	0.5	0.5	0	0	0.37
84900	0.37	0.5	0.5	0	0	0.37
85000	0.36	0.5	0.5	0	0	0.36
85100	0.36	0.5	0.5	0	0	0.36
85200	0.36	0.5	0.5	0	0	0.36
85300	0.37	0.5	0.5	0	0	0.37
85400	0.37	0.5	0.5	0	0	0.37
85500	0.37	0.5	0.5	0	0	0.37
85600	0.37	0.5	0.5	0	0	0.37
85700	0.37	0.5	0.5	0	0	0.37
85800	0.37	0.5	0.5	0	0	0.37
85900	0.37	0.5	0.5	0	0	0.37
86000	0.37	0.5	0.5	0	0	0.37
86100	0.37	0.49	0.49	0	0	0.37
86200	0.37	0.49	0.49	0	0	0.37
86300	0.37	0.5	0.5	0	0	0.37
86400	0.37	0.5	0.5	0	0	0.37
86500	0.38	0.5	0.5	0	0	0.38
86600	0.38	0.5	0.5	0	0	0.38
86700	0.38	0.5	0.5	0	0	0.38
86800	0.38	0.5	0.5	0	0	0.38
86900	0.38	0.51	0.51	0	0	0.38
87000	0.38	0.51	0.51	0	0	0.38
87100	0.38	0.51	0.51	0	0	0.38
87200	0.38	0.51	0.51	0	0	0.38
87300	0.37	0.51	0.51	0	0	0.37
87400	0.37	0.51	0.51	0	0	0.37
87500	0.37	0.51	0.51	0	0	0.37
87600	0.37	0.51	0.51	0	0	0.37
87700	0.37	0.51	0.51	0	0	0.37
87800	0.37	0.51	0.51	0	0	0.37
87900	0.37	0.51	0.51	0	0	0.37
88000	0.37	0.51	0.51	0	0	0.37
88100	0.37	0.51	0.51	0	0	0.37
88200	0.37	0.52	0.52	0	0	0.37
88300	0.37	0.52	0.52	0	0	0.37
88400	0.37	0.52	0.52	0	0	0.37
88500	0.38	0.52	0.52	0	0	0.38
88600	0.38	0.52	0.52	0	0	0.38
88700	0.38	0.52	0.52	0	0	0.38
88800	0.38	0.52	0.52	0	0	0.38
88900	0.38	0.52	0.52	0	0	0.38
89000	0.38	0.52	0.52	0	0	0.38
89100	0.38	0.52	0.52	0	0	0.38
89200	0.38	0.52	0.52	0	0	0.38
89300	0.38	0.52	0.52	0	0	0.38
89400	0.38	0.52	0.52	0	0	0.38
89500	0.38	0.52	0.52	0	0	0.38
89600	0.38	0.52	0.52	0	0	0.38
89700	0.37	0.52	0.52	0	0	0.37
89800	0.37	0.52	0.52	0	0	0.37
89900	0.37	0.52	0.52	0	0	0.37
90000	0.37	0.52	0.52	0	0	0.37
90100	0.37	0.52	0.52	0	0	0.37
90200	0.37	0.52	0.52	0	0	0.37
90300	0.37	0.52	0.52	0	0	0.37
90400	0.37	0.53	0.53	0	0	0.37
90500	0.37	0.53	0.53	0	0	0.37
90600	0.36	0.53	0.53	0	0	0.36
90700	0.36	0.53	0.53	0	0	0.36
90800	0.36	0.53	0.53	0	0	0.36
90900	0.36	0.53	0.53	0	0	0.36
91000	0.36	0.53	0.53	0	0	0.36
91100	0.37	0.53	0.53	0	0	0.37
91200	0.37	0.53	0.53	0	0	0.37
91300	0.37	0.53	0.53	0	0	0.37
91400	0.37	0.53	0.53	0	0	0.37
91500	0.37	0.53	0.53	0	0	0.37
91600	0.37	0.53	0.53	0	0	0.37
91700	0.37	0.53	0.53	0	0	0.37
91800	0.37	0.53	0.53	0	0	0.37
91900	0.37	0.53	0.53	0	0	0.37
92000	0.37	0.53	0.53	0	0	0.37
92100	0.37	0.53	0.53	0	0	0.37
92200	0.37	0.53	0.53	0	0	0.37
92300	0.37	0.53	0.53	0	0	0.37
92400	0.37	0.53	0.53	0	0	0.37
92500	0.37	0.53	0.53	0	0	0.37
92600	0.37	0.53	0.53	0	0	0.37
92700	0.37	0.53	0.53	0	0	0.37
92800	0.37	0.53	0.53	0	0	0.37
92900	0.37	0.54	0.54	0	0	0.37
93000	0.37	0.54	0.54	0	0	0.37
93100	0.37	0.55	0.55	0	0	0.37
93200	0.37	0.56	0.56	0	0	0.37
93300	0.37	0.55	0.55	0	0	0.37
93400	0.37	0.55	0.55	0	0	0.37
93500	0.38	0.55	0.55	0	0	0.38
93600	0.37	0.55	0.55	0	0	0.37
93700	0.37	0.55	0.55	0	0	0.37
93800	0.37	0.55	0.55	0	0	0.37
93900	0.37	0.55	0.55	0	0	0.37
94000	0.37	0.55	0.55	0	0	0.37
94100	0.37	0.55	0.55	0	0	0.37
94200	0.37	0.55	0.55	0	0	0.37
94300	0.37	0.55	0.55	0	0	0.37
94400	0.37	0.54	0.54	0	0	0.37
94500	0.37	0.54	0.54	0	0	0.37
94600	0.37	0.54	0.54	0	0	0.37
94700	0.37	0.54	0.54	0	0	0.37
94800	0.38	0.54	0.54	0	0	0.38
94900	0.38	0.54	0.54	0	0	0.38
95000	0.38	0.54	0.54	0	0	0.38
95100	0.37	0.54	0.54	0	0	0.37
95200	0.37	0.54	0.54	0	0	0.37
95300	0.37	0.54	0.54	0	0	0.37
95400	0.38	0.54	0.54	0	0	0.38
95500	0.38	0.54	0.54	0	0	0.38
95600	0.38	0.54	0.54	0	0	0.38
95700	0.38	0.54	0.54	0	0	0.38
95800	0.38	0.54	0.54	0	0	0.38
95900	0.38	0.54	0.54	0	0	0.38
96000	0.38	0.54	0.54	0	0	0.38
96100	0.38	0.54	0.54	0	0	0.38
96200	0.38	0.54	0.54	0	0	0.38
96300	0.38	0.54	0.54	0	0	0.38
96400	0.38	0.54	0.54	0	0	0.38
96500	0.38	0.54	0.54	0	0	0.38
96600	0.38	0.54	0.54	0	0	0.38
96700	0.38	0.54	0.54	0	0	0.38
96800	0.38	0.54	0.54	0	0	0.38
96900	0.38	0.54	0.54	0	0	0.38
97000	0.38	0.55	0.55	0	0	0.38
97100	0.38	0.54	0.54	0	0	0.38
97200	0.38	0.54	0.54	0	0	0.38
97300	0.38	0.54	0.54	0	0	0.38
97400	0.38	0.54	0.54	0	0	0.38
97500	0.38	0.55	0.55	0	0	0.38
97600	0.38	0.54	0.54	0	0	0.38
97700	0.37	0.54	0.54	0	0	0.37
97800	0.37	0.55	0.55	0	0	0.37
97900	0.37	0.54	0.54	0	0	0.37
98000	0.37	0.54	0.54	0	0	0.37
98100	0.37	0.54	0.54	0	0	0.37
98200	0.37	0.54	0.54	0	0	0.37
98300	0.37	0.55	0.55	0	0	0.37
98400	0.36	0.55	0.55	0	0	0.36
98500	0.36	0.55	0.55	0	0	0.36
98600	0.36	0.55	0.55	0	0	0.36
98700	0.36	0.55	0.55	0	0	0.36
98800	0.36	0.55	0.55	0	0	0.36
98900	0.36	0.55	0.55	0	0	0.36
99000	0.36	0.55	0.55	0	0	0.36
99100	0.36	0.55	0.55	0	0	0.36
99200	0.36	0.55	0.55	0	0	0.36
99300	0.36	0.55	0.55	0	0	0.36
99400	0.35	0.55	0.55	0	0	0.35
99500	0.35	0.55	0.55	0	0	0.35
99600	0.35	0.55	0.55	0	0	0.35
99700	0.35	0.55	0.55	0	0	0.35
99800	0.36	0.55	0.55	0	0	0.36
99900	0.36	0.55	0.55	0	0	0.36
100000	0.36	0.55	0.55	0	0	0.36
