100	0.05	0.14	0.14	0	0	0.05
200	0.05	0.15	0.15	0	0	0.05
300	0.06	0.17	0.17	0	0	0.06
400	0.08	0.17	0.17	0	0	0.08
500	0.1	0.19	0.19	0	0	0.1
600	0.1	0.19	0.19	0	0	0.1
700	0.1	0.19	0.19	0	0	0.1
800	0.1	0.21	0.21	0	0	0.1
900	0.1	0.2	0.2	0	0	0.1
1000	0.1	0.22	0.22	0	0	0.1
1100	0.1	0.23	0.23	0	0	0.1
1200	0.11	0.23	0.23	0	0	0.11
1300	0.11	0.24	0.24	0	0	0.11
1400	0.12	0.25	0.25	0	0	0.12
1500	0.13	0.26	0.26	0	0	0.13
1600	0.13	0.26	0.26	0	0	0.13
1700	0.13	0.27	0.27	0	0	0.13
1800	0.13	0.3	0.3	0	0	0.13
1900	0.14	0.31	0.31	0	0	0.14
2000	0.14	0.33	0.33	0	0	0.14
2100	0.14	0.35	0.35	0	0	0.14
2200	0.14	0.36	0.36	0	0	0.14
2300	0.14	0.36	0.36	0	0	0.14
2400	0.14	0.37	0.37	0	0	0.14
2500	0.14	0.36	0.36	0	0	0.14
2600	0.14	0.37	0.37	0	0	0.14
2700	0.14	0.38	0.38	0	0	0.14
2800	0.15	0.39	0.39	0	0	0.15
2900	0.15	0.39	0.39	0	0	0.15
3000	0.15	0.39	0.39	0	0	0.15
3100	0.15	0.39	0.39	0	0	0.15
3200	0.14	0.39	0.39	0	0	0.14
3300	0.14	0.38	0.38	0	0	0.14
3400	0.14	0.38	0.38	0	0	0.14
3500	0.14	0.38	0.38	0	0	0.14
3600	0.16	0.38	0.38	0	0	0.16
3700	0.16	0.38	0.38	0	0	0.16
3800	0.17	0.38	0.38	0	0	0.17
3900	0.19	0.38	0.38	0	0	0.19
4000	0.2	0.38	0.38	0	0	0.2
4100	0.21	0.38	0.38	0	0	0.21
4200	0.21	0.38	0.38	0	0	0.21
4300	0.21	0.39	0.39	0	0	0.21
4400	0.2	0.39	0.39	0	0	0.2
4500	0.2	0.4	0.4	0	0	0.2
4600	0.21	0.39	0.39	0	0	0.21
4700	0.21	0.41	0.41	0	0	0.21
4800	0.21	0.4	0.4	0	0	0.21
4900	0.21	0.39	0.39	0	0	0.21
5000	0.21	0.39	0.39	0	0	0.21
5100	0.21	0.39	0.39	0	0	0.21
5200	0.21	0.4	0.4	0	0	0.21
5300	0.21	0.4	0.4	0	0	0.21
5400	0.22	0.4	0.4	0	0	0.22
5500	0.23	0.4	0.4	0	0	0.23
5600	0.23	0.4	0.4	0	0	0.23
5700	0.23	0.4	0.4	0	0	0.23
5800	0.23	0.4	0.4	0	0	0.23
5900	0.23	0.39	0.39	0	0	0.23
6000	0.24	0.39	0.39	0	0	0.24
6100	0.24	0.4	0.4	0	0	0.24
6200	0.24	0.4	0.4	0	0	0.24
6300	0.24	0.41	0.41	0	0	0.24
6400	0.24	0.41	0.41	0	0	0.24
6500	0.23	0.42	0.42	0	0	0.23
6600	0.23	0.42	0.42	0	0	0.23
6700	0.23	0.43	0.43	0	0	0.23
6800	0.22	0.43	0.43	0	0	0.22
6900	0.23	0.43	0.43	0	0	0.23
7000	0.23	0.43	0.43	0	0	0.23
7100	0.23	0.43	0.43	0	0	0.23
7200	0.22	0.43	0.43	0	0	0.22
7300	0.22	0.43	0.43	0	0	0.22
7400	0.22	0.43	0.43	0	0	0.22
7500	0.21	0.43	0.43	0	0	0.21
7600	0.21	0.44	0.44	0	0	0.21
7700	0.22	0.45	0.45	0	0	0.22
7800	0.23	0.45	0.45	0	0	0.23
7900	0.23	0.44	0.44	0	0	0.23
8000	0.24	0.45	0.45	0	0	0.24
8100	0.23	0.45	0.45	0	0	0.23
8200	0.23	0.44	0.44	0	0	0.23
8300	0.23	0.45	0.45	0	0	0.23
8400	0.23	0.45	0.45	0	0	0.23
8500	0.23	0.44	0.44	0	0	0.23
8600	0.23	0.44	0.44	0	0	0.23
8700	0.24	0.45	0.45	0	0	0.24
8800	0.24	0.46	0.46	0	0	0.24
8900	0.24	0.46	0.46	0	0	0.24
9000	0.24	0.46	0.46	0	0	0.24
9100	0.24	0.46	0.46	0	0	0.24
9200	0.24	0.46	0.46	0	0	0.24
9300	0.25	0.47	0.47	0	0	0.25
9400	0.25	0.48	0.48	0	0	0.25
9500	0.24	0.47	0.47	0	0	0.24
9600	0.24	0.48	0.48	0	0	0.24
9700	0.24	0.48	0.48	0	0	0.24
9800	0.24	0.48	0.48	0	0	0.24
9900	0.24	0.48	0.48	0	0	0.24
10000	0.24	0.45	0.45	0	0	0.24
10100	0.24	0.45	0.45	0	0	0.24
10200	0.25	0.45	0.45	0	0	0.25
10300	0.24	0.45	0.45	0	0	0.24
10400	0.24	0.45	0.45	0	0	0.24
10500	0.24	0.45	0.45	0	0	0.24
10600	0.25	0.45	0.45	0	0	0.25
10700	0.26	0.45	0.45	0	0	0.26
10800	0.26	0.45	0.45	0	0	0.26
10900	0.26	0.45	0.45	0	0	0.26
11000	0.26	0.44	0.44	0	0	0.26
11100	0.26	0.44	0.44	0	0	0.26
11200	0.27	0.44	0.44	0	0	0.27
11300	0.27	0.44	0.44	0	0	0.27
11400	0.27	0.44	0.44	0	0	0.27
11500	0.27	0.44	0.44	0	0	0.27
11600	0.28	0.44	0.44	0	0	0.28
11700	0.28	0.43	0.43	0	0	0.28
11800	0.28	0.43	0.43	0	0	0.28
11900	0.28	0.43	0.43	0	0	0.28
12000	0.28	0.43	0.43	0	0	0.28
12100	0.28	0.43	0.43	0	0	0.28
12200	0.28	0.43	0.43	0	0	0.28
12300	0.28	0.44	0.44	0	0	0.28
12400	0.28	0.44	0.44	0	0	0.28
12500	0.29	0.44	0.44	0	0	0.29
12600	0.29	0.45	0.45	0	0	0.29
12700	0.29	0.45	0.45	0	0	0.29
12800	0.29	0.45	0.45	0	0	0.29
12900	0.29	0.44	0.44	0	0	0.29
13000	0.29	0.44	0.44	0	0	0.29
13100	0.29	0.44	0.44	0	0	0.29
13200	0.29	0.44	0.44	0	0	0.29
13300	0.29	0.45	0.45	0	0	0.29
13400	0.29	0.44	0.44	0	0	0.29
13500	0.29	0.44	0.44	0	0	0.29
13600	0.29	0.44	0.44	0	0	0.29
13700	0.29	0.43	0.43	0	0	0.29
13800	0.3	0.43	0.43	0	0	0.3
13900	0.3	0.43	0.43	0	0	0.3
14000	0.3	0.43	0.43	0	0	0.3
14100	0.3	0.43	0.43	0	0	0.3
14200	0.3	0.42	0.42	0	0	0.3
14300	0.3	0.43	0.43	0	0	0.3
14400	0.3	0.43	0.43	0	0	0.3
14500	0.29	0.43	0.43	0	0	0.29
14600	0.28	0.44	0.44	0	0	0.28
14700	0.28	0.44	0.44	0	0	0.28
14800	0.28	0.45	0.45	0	0	0.28
14900	0.28	0.45	0.45	0	0	0.28
15000	0.28	0.45	0.45	0	0	0.28
15100	0.28	0.45	0.45	0	0	0.28
15200	0.28	0.45	0.45	0	0	0.28
15300	0.28	0.45	0.45	0	0	0.28
15400	0.28	0.45	0.45	0	0	0.28
15500	0.28	0.44	0.44	0	0	0.28
15600	0.28	0.44	0.44	0	0	0.28
15700	0.28	0.44	0.44	0	0	0.28
15800	0.28	0.44	0.44	0	0	0.28
15900	0.28	0.44	0.44	0	0	0.28
16000	0.28	0.44	0.44	0	0	0.28
16100	0.28	0.44	0.44	0	0	0.28
16200	0.28	0.46	0.46	0	0	0.28
16300	0.28	0.47	0.47	0	0	0.28
16400	0.28	0.47	0.47	0	0	0.28
16500	0.28	0.47	0.47	0	0	0.28
16600	0.28	0.47	0.47	0	0	0.28
16700	0.28	0.47	0.47	0	0	0.28
16800	0.28	0.47	0.47	0	0	0.28
16900	0.28	0.47	0.47	0	0	0.28
17000	0.29	0.47	0.47	0	0	0.29
17100	0.3	0.48	0.48	0	0	0.3
17200	0.3	0.49	0.49	0	0	0.3
17300	0.3	0.5	0.5	0	0	0.3
17400	0.3	0.51	0.51	0	0	0.3
17500	0.31	0.51	0.51	0	0	0.31
17600	0.31	0.51	0.51	0	0	0.31
17700	0.31	0.51	0.51	0	0	0.31
17800	0.31	0.51	0.51	0	0	0.31
17900	0.31	0.52	0.52	0	0	0.31
18000	0.31	0.52	0.52	0	0	0.31
18100	0.31	0.52	0.52	0	0	0.31
18200	0.3	0.52	0.52	0	0	0.3
18300	0.3	0.52	0.52	0	0	0.3
18400	0.3	0.53	0.53	0	0	0.3
18500	0.3	0.52	0.52	0	0	0.3
18600	0.3	0.52	0.52	0	0	0.3
18700	0.3	0.53	0.53	0	0	0.3
18800	0.3	0.53	0.53	0	0	0.3
18900	0.3	0.53	0.53	0	0	0.3
19000	0.3	0.52	0.52	0	0	0.3
19100	0.31	0.52	0.52	0	0	0.31
19200	0.31	0.52	0.52	0	0	0.31
19300	0.31	0.52	0.52	0	0	0.31
19400	0.31	0.52	0.52	0	0	0.31
19500	0.31	0.52	0.52	0	0	0.31
19600	0.31	0.51	0.51	0	0	0.31
19700	0.31	0.51	0.51	0	0	0.31
19800	0.31	0.5	0.5	0	0	0.31
19900	0.31	0.5	0.5	0	0	0.31
20000	0.31	0.5	0.5	0	0	0.31
20100	0.31	0.5	0.5	0	0	0.31
20200	0.3	0.5	0.5	0	0	0.3
20300	0.3	0.5	0.5	0	0	0.3
20400	0.3	0.49	0.49	0	0	0.3
20500	0.3	0.49	0.49	0	0	0.3
20600	0.3	0.49	0.49	0	0	0.3
20700	0.3	0.5	0.5	0	0	0.3
20800	0.3	0.5	0.5	0	0	0.3
20900	0.3	0.5	0.5	0	0	0.3
21000	0.3	0.5	0.5	0	0	0.3
21100	0.3	0.5	0.5	0	0	0.3
21200	0.3	0.5	0.5	0	0	0.3
21300	0.3	0.49	0.49	0	0	0.3
21400	0.3	0.49	0.49	0	0	0.3
21500	0.3	0.49	0.49	0	0	0.3
21600	0.3	0.49	0.49	0	0	0.3
21700	0.3	0.49	0.49	0	0	0.3
21800	0.31	0.49	0.49	0	0	0.31
21900	0.31	0.49	0.49	0	0	0.31
22000	0.31	0.49	0.49	0	0	0.31
22100	0.31	0.49	0.49	0	0	0.31
22200	0.31	0.49	0.49	0	0	0.31
22300	0.31	0.49	0.49	0	0	0.31
22400	0.31	0.49	0.49	0	0	0.31
22500	0.31	0.49	0.49	0	0	0.31
22600	0.31	0.49	0.49	0	0	0.31
22700	0.31	0.49	0.49	0	0	0.31
22800	0.31	0.5	0.5	0	0	0.31
22900	0.31	0.5	0.5	0	0	0.31
23000	0.31	0.5	0.5	0	0	0.31
23100	0.31	0.5	0.5	0	0	0.31
23200	0.31	0.5	0.5	0	0	0.31
23300	0.31	0.5	0.5	0	0	0.31
23400	0.31	0.5	0.5	0	0	0.31
23500	0.31	0.5	0.5	0	0	0.31
23600	0.31	0.5	0.5	0	0	0.31
23700	0.31	0.5	0.5	0	0	0.31
23800	0.31	0.48	0.48	0	0	0.31
23900	0.3	0.48	0.48	0	0	0.3
24000	0.3	0.48	0.48	0	0	0.3
24100	0.3	0.47	0.47	0	0	0.3
24200	0.3	0.47	0.47	0	0	0.3
24300	0.3	0.47	0.47	0	0	0.3
24400	0.3	0.47	0.47	0	0	0.3
24500	0.3	0.47	0.47	0	0	0.3
24600	0.31	0.47	0.47	0	0	0.31
24700	0.31	0.47	0.47	0	0	0.31
24800	0.31	0.47	0.47	0	0	0.31
24900	0.31	0.49	0.49	0	0	0.31
25000	0.31	0.49	0.49	0	0	0.31
25100	0.31	0.49	0.49	0	0	0.31
25200	0.31	0.49	0.49	0	0	0.31
25300	0.31	0.49	0.49	0	0	0.31
25400	0.31	0.49	0.49	0	0	0.31
25500	0.31	0.49	0.49	0	0	0.31
25600	0.31	0.5	0.5	0	0	0.31
25700	0.31	0.49	0.49	0	0	0.31
25800	0.31	0.49	0.49	0	0	0.31
25900	0.31	0.49	0.49	0	0	0.31
26000	0.31	0.49	0.49	0	0	0.31
26100	0.31	0.49	0.49	0	0	0.31
26200	0.31	0.49	0.49	0	0	0.31
26300	0.31	0.49	0.49	0	0	0.31
26400	0.31	0.5	0.5	0	0	0.31
26500	0.31	0.5	0.5	0	0	0.31
26600	0.31	0.5	0.5	0	0	0.31
26700	0.31	0.5	0.5	0	0	0.31
26800	0.31	0.5	0.5	0	0	0.31
26900	0.31	0.5	0.5	0	0	0.31
27000	0.31	0.5	0.5	0	0	0.31
27100	0.31	0.5	0.5	0	0	0.31
27200	0.31	0.5	0.5	0	0	0.31
27300	0.31	0.5	0.5	0	0	0.31
27400	0.31	0.5	0.5	0	0	0.31
27500	0.31	0.5	0.5	0	0	0.31
27600	0.31	0.5	0.5	0	0	0.31
27700	0.31	0.5	0.5	0	0	0.31
27800	0.31	0.5	0.5	0	0	0.31
27900	0.31	0.5	0.5	0	0	0.31
28000	0.31	0.5	0.5	0	0	0.31
28100	0.31	0.51	0.51	0	0	0.31
28200	0.31	0.51	0.51	0	0	0.31
28300	0.31	0.51	0.51	0	0	0.31
28400	0.31	0.51	0.51	0	0	0.31
28500	0.31	0.51	0.51	0	0	0.31
28600	0.31	0.51	0.51	0	0	0.31
28700	0.31	0.51	0.51	0	0	0.31
28800	0.31	0.51	0.51	0	0	0.31
28900	0.31	0.51	0.51	0	0	0.31
29000	0.31	0.51	0.51	0	0	0.31
29100	0.31	0.51	0.51	0	0	0.31
29200	0.31	0.51	0.51	0	0	0.31
29300	0.31	0.52	0.52	0	0	0.31
29400	0.31	0.52	0.52	0	0	0.31
29500	0.31	0.52	0.52	0	0	0.31
29600	0.31	0.51	0.51	0	0	0.31
29700	0.31	0.51	0.51	0	0	0.31
29800	0.31	0.51	0.51	0	0	0.31
29900	0.32	0.52	0.52	0	0	0.32
30000	0.32	0.51	0.51	0	0	0.32
30100	0.32	0.51	0.51	0	0	0.32
30200	0.32	0.52	0.52	0	0	0.32
30300	0.32	0.52	0.52	0	0	0.32
30400	0.32	0.52	0.52	0	0	0.32
30500	0.32	0.52	0.52	0	0	0.32
30600	0.32	0.52	0.52	0	0	0.32
30700	0.32	0.52	0.52	0	0	0.32
30800	0.32	0.52	0.52	0	0	0.32
30900	0.32	0.52	0.52	0	0	0.32
31000	0.32	0.52	0.52	0	0	0.32
31100	0.32	0.52	0.52	0	0	0.32
31200	0.33	0.52	0.52	0	0	0.33
31300	0.33	0.52	0.52	0	0	0.33
31400	0.33	0.52	0.52	0	0	0.33
31500	0.33	0.52	0.52	0	0	0.33
31600	0.33	0.52	0.52	0	0	0.33
31700	0.33	0.52	0.52	0	0	0.33
31800	0.33	0.52	0.52	0	0	0.33
31900	0.33	0.52	0.52	0	0	0.33
32000	0.33	0.52	0.52	0	0	0.33
32100	0.33	0.52	0.52	0	0	0.33
32200	0.33	0.52	0.52	0	0	0.33
32300	0.33	0.52	0.52	0	0	0.33
32400	0.33	0.52	0.52	0	0	0.33
32500	0.33	0.52	0.52	0	0	0.33
32600	0.33	0.52	0.52	0	0	0.33
32700	0.33	0.52	0.52	0	0	0.33
32800	0.33	0.52	0.52	0	0	0.33
32900	0.33	0.52	0.52	0	0	0.33
33000	0.33	0.53	0.53	0	0	0.33
33100	0.33	0.54	0.54	0	0	0.33
33200	0.33	0.53	0.53	0	0	0.33
33300	0.33	0.53	0.53	0	0	0.33
33400	0.33	0.53	0.53	0	0	0.33
33500	0.33	0.53	0.53	0	0	0.33
33600	0.33	0.53	0.53	0	0	0.33
33700	0.33	0.53	0.53	0	0	0.33
33800	0.33	0.53	0.53	0	0	0.33
33900	0.33	0.53	0.53	0	0	0.33
34000	0.33	0.53	0.53	0	0	0.33
34100	0.33	0.52	0.52	0	0	0.33
34200	0.33	0.52	0.52	0	0	0.33
34300	0.33	0.52	0.52	0	0	0.33
34400	0.33	0.52	0.52	0	0	0.33
34500	0.33	0.52	0.52	0	0	0.33
34600	0.33	0.52	0.52	0	0	0.33
34700	0.33	0.52	0.52	0	0	0.33
34800	0.34	0.52	0.52	0	0	0.34
34900	0.34	0.52	0.52	0	0	0.34
35000	0.34	0.52	0.52	0	0	0.34
35100	0.34	0.52	0.52	0	0	0.34
35200	0.34	0.52	0.52	0	0	0.34
35300	0.33	0.53	0.53	0	0	0.33
35400	0.33	0.52	0.52	0	0	0.33
35500	0.33	0.52	0.52	0	0	0.33
35600	0.33	0.52	0.52	0	0	0.33
35700	0.33	0.52	0.52	0	0	0.33
35800	0.33	0.52	0.52	0	0	0.33
35900	0.33	0.52	0.52	0	0	0.33
36000	0.33	0.52	0.52	0	0	0.33
36100	0.33	0.52	0.52	0	0	0.33
36200	0.33	0.52	0.52	0	0	0.33
36300	0.33	0.52	0.52	0	0	0.33
36400	0.33	0.52	0.52	0	0	0.33
36500	0.33	0.52	0.52	0	0	0.33
36600	0.33	0.52	0.52	0	0	0.33
36700	0.33	0.52	0.52	0	0	0.33
36800	0.33	0.52	0.52	0	0	0.33
36900	0.33	0.52	0.52	0	0	0.33
37000	0.33	0.52	0.52	0	0	0.33
37100	0.33	0.52	0.52	0	0	0.33
37200	0.33	0.52	0.52	0	0	0.33
37300	0.33	0.52	0.52	0	0	0.33
37400	0.33	0.52	0.52	0	0	0.33
37500	0.33	0.51	0.51	0	0	0.33
37600	0.33	0.5	0.5	0	0	0.33
37700	0.33	0.49	0.49	0	0	0.33
37800	0.33	0.49	0.49	0	0	0.33
37900	0.33	0.5	0.5	0	0	0.33
38000	0.32	0.5	0.5	0	0	0.32
38100	0.32	0.5	0.5	0	0	0.32
38200	0.32	0.5	0.5	0	0	0.32
38300	0.32	0.51	0.51	0	0	0.32
38400	0.32	0.51	0.51	0	0	0.32
38500	0.31	0.52	0.52	0	0	0.31
38600	0.31	0.52	0.52	0	0	0.31
38700	0.31	0.52	0.52	0	0	0.31
38800	0.31	0.52	0.52	0	0	0.31
38900	0.31	0.52	0.52	0	0	0.31
39000	0.31	0.52	0.52	0	0	0.31
39100	0.31	0.52	0.52	0	0	0.31
39200	0.31	0.52	0.52	0	0	0.31
39300	0.32	0.52	0.52	0	0	0.32
39400	0.32	0.52	0.52	0	0	0.32
39500	0.32	0.52	0.52	0	0	0.32
39600	0.32	0.52	0.52	0	0	0.32
39700	0.32	0.52	0.52	0	0	0.32
39800	0.33	0.52	0.52	0	0	0.33
39900	0.33	0.54	0.54	0	0	0.33
40000	0.33	0.53	0.53	0	0	0.33
40100	0.33	0.53	0.53	0	0	0.33
40200	0.33	0.53	0.53	0	0	0.33
40300	0.32	0.52	0.52	0	0	0.32
40400	0.32	0.52	0.52	0	0	0.32
40500	0.32	0.52	0.52	0	0	0.32
40600	0.32	0.52	0.52	0	0	0.32
40700	0.32	0.52	0.52	0	0	0.32
40800	0.32	0.53	0.53	0	0	0.32
40900	0.32	0.53	0.53	0	0	0.32
41000	0.32	0.52	0.52	0	0	0.32
41100	0.32	0.52	0.52	0	0	0.32
41200	0.32	0.53	0.53	0	0	0.32
41300	0.32	0.53	0.53	0	0	0.32
41400	0.32	0.53	0.53	0	0	0.32
41500	0.32	0.53	0.53	0	0	0.32
41600	0.32	0.53	0.53	0	0	0.32
41700	0.32	0.53	0.53	0	0	0.32
41800	0.32	0.54	0.54	0	0	0.32
41900	0.32	0.54	0.54	0	0	0.32
42000	0.31	0.54	0.54	0	0	0.31
42100	0.31	0.54	0.54	0	0	0.31
42200	0.31	0.54	0.54	0	0	0.31
42300	0.31	0.54	0.54	0	0	0.31
42400	0.31	0.54	0.54	0	0	0.31
42500	0.31	0.54	0.54	0	0	0.31
42600	0.31	0.54	0.54	0	0	0.31
42700	0.31	0.54	0.54	0	0	0.31
42800	0.31	0.54	0.54	0	0	0.31
42900	0.3	0.54	0.54	0	0	0.3
43000	0.3	0.54	0.54	0	0	0.3
43100	0.3	0.54	0.54	0	0	0.3
43200	0.3	0.54	0.54	0	0	0.3
43300	0.3	0.54	0.54	0	0	0.3
43400	0.3	0.54	0.54	0	0	0.3
43500	0.3	0.54	0.54	0	0	0.3
43600	0.31	0.54	0.54	0	0	0.31
43700	0.31	0.53	0.53	0	0	0.31
43800	0.32	0.52	0.52	0	0	0.32
43900	0.32	0.52	0.52	0	0	0.32
44000	0.32	0.52	0.52	0	0	0.32
44100	0.32	0.52	0.52	0	0	0.32
44200	0.32	0.53	0.53	0	0	0.32
44300	0.32	0.53	0.53	0	0	0.32
44400	0.32	0.53	0.53	0	0	0.32
44500	0.32	0.53	0.53	0	0	0.32
44600	0.32	0.53	0.53	0	0	0.32
44700	0.32	0.53	0.53	0	0	0.32
44800	0.32	0.53	0.53	0	0	0.32
44900	0.32	0.53	0.53	0	0	0.32
45000	0.32	0.53	0.53	0	0	0.32
45100	0.32	0.53	0.53	0	0	0.32
45200	0.32	0.53	0.53	0	0	0.32
45300	0.32	0.53	0.53	0	0	0.32
45400	0.32	0.53	0.53	0	0	0.32
45500	0.32	0.53	0.53	0	0	0.32
45600	0.32	0.53	0.53	0	0	0.32
45700	0.32	0.53	0.53	0	0	0.32
45800	0.32	0.53	0.53	0	0	0.32
45900	0.32	0.53	0.53	0	0	0.32
46000	0.32	0.53	0.53	0	0	0.32
46100	0.32	0.53	0.53	0	0	0.32
46200	0.32	0.54	0.54	0	0	0.32
46300	0.32	0.54	0.54	0	0	0.32
46400	0.32	0.54	0.54	0	0	0.32
46500	0.32	0.54	0.54	0	0	0.32
46600	0.32	0.55	0.55	0	0	0.32
46700	0.32	0.55	0.55	0	0	0.32
46800	0.33	0.55	0.55	0	0	0.33
46900	0.33	0.54	0.54	0	0	0.33
47000	0.33	0.54	0.54	0	0	0.33
47100	0.33	0.55	0.55	0	0	0.33
47200	0.33	0.54	0.54	0	0	0.33
47300	0.33	0.54	0.54	0	0	0.33
47400	0.33	0.54	0.54	0	0	0.33
47500	0.33	0.54	0.54	0	0	0.33
47600	0.33	0.54	0.54	0	0	0.33
47700	0.33	0.54	0.54	0	0	0.33
47800	0.34	0.54	0.54	0	0	0.34
47900	0.34	0.55	0.55	0	0	0.34
48000	0.34	0.55	0.55	0	0	0.34
48100	0.34	0.55	0.55	0	0	0.34
48200	0.34	0.54	0.54	0	0	0.34
48300	0.34	0.54	0.54	0	0	0.34
48400	0.34	0.54	0.54	0	0	0.34
48500	0.34	0.54	0.54	0	0	0.34
48600	0.34	0.54	0.54	0	0	0.34
48700	0.34	0.54	0.54	0	0	0.34
48800	0.34	0.54	0.54	0	0	0.34
48900	0.34	0.54	0.54	0	0	0.34
49000	0.34	0.54	0.54	0	0	0.34
49100	0.34	0.54	0.54	0	0	0.34
49200	0.34	0.54	0.54	0	0	0.34
49300	0.34	0.54	0.54	0	0	0.34
49400	0.34	0.54	0.54	0	0	0.34
49500	0.34	0.54	0.54	0	0	0.34
49600	0.34	0.54	0.54	0	0	0.34
49700	0.34	0.55	0.55	0	0	0.34
49800	0.34	0.55	0.55	0	0	0.34
49900	0.34	0.55	0.55	0	0	0.34
50000	0.34	0.55	0.55	0	0	0.34
50100	0.34	0.55	0.55	0	0	0.34
50200	0.34	0.55	0.55	0	0	0.34
50300	0.34	0.55	0.55	0	0	0.34
50400	0.34	0.55	0.55	0	0	0.34
50500	0.34	0.55	0.55	0	0	0.34
50600	0.34	0.55	0.55	0	0	0.34
50700	0.33	0.55	0.55	0	0	0.33
50800	0.33	0.55	0.55	0	0	0.33
50900	0.33	0.54	0.54	0	0	0.33
51000	0.33	0.52	0.52	0	0	0.33
51100	0.33	0.52	0.52	0	0	0.33
51200	0.33	0.52	0.52	0	0	0.33
51300	0.33	0.52	0.52	0	0	0.33
51400	0.33	0.52	0.52	0	0	0.33
51500	0.34	0.52	0.52	0	0	0.34
51600	0.34	0.52	0.52	0	0	0.34
51700	0.34	0.52	0.52	0	0	0.34
51800	0.34	0.52	0.52	0	0	0.34
51900	0.34	0.52	0.52	0	0	0.34
52000	0.34	0.52	0.52	0	0	0.34
52100	0.34	0.52	0.52	0	0	0.34
52200	0.34	0.52	0.52	0	0	0.34
52300	0.34	0.52	0.52	0	0	0.34
52400	0.34	0.52	0.52	0	0	0.34
52500	0.34	0.52	0.52	0	0	0.34
52600	0.34	0.52	0.52	0	0	0.34
52700	0.33	0.52	0.52	0	0	0.33
52800	0.33	0.52	0.52	0	0	0.33
52900	0.33	0.52	0.52	0	0	0.33
53000	0.33	0.52	0.52	0	0	0.33
53100	0.33	0.52	0.52	0	0	0.33
53200	0.33	0.52	0.52	0	0	0.33
53300	0.33	0.52	0.52	0	0	0.33
53400	0.33	0.52	0.52	0	0	0.33
53500	0.33	0.52	0.52	0	0	0.33
53600	0.33	0.52	0.52	0	0	0.33
53700	0.33	0.52	0.52	0	0	0.33
53800	0.32	0.52	0.52	0	0	0.32
53900	0.32	0.52	0.52	0	0	0.32
54000	0.32	0.52	0.52	0	0	0.32
54100	0.32	0.52	0.52	0	0	0.32
54200	0.32	0.52	0.52	0	0	0.32
54300	0.32	0.53	0.53	0	0	0.32
54400	0.32	0.53	0.53	0	0	0.32
54500	0.32	0.53	0.53	0	0	0.32
54600	0.31	0.53	0.53	0	0	0.31
54700	0.31	0.53	0.53	0	0	0.31
54800	0.31	0.52	0.52	0	0	0.31
54900	0.31	0.52	0.52	0	0	0.31
55000	0.31	0.52	0.52	0	0	0.31
55100	0.31	0.52	0.52	0	0	0.31
55200	0.31	0.52	0.52	0	0	0.31
55300	0.31	0.53	0.53	0	0	0.31
55400	0.31	0.53	0.53	0	0	0.31
55500	0.31	0.53	0.53	0	0	0.31
55600	0.31	0.53	0.53	0	0	0.31
55700	0.31	0.53	0.53	0	0	0.31
55800	0.31	0.53	0.53	0	0	0.31
55900	0.31	0.53	0.53	0	0	0.31
56000	0.31	0.53	0.53	0	0	0.31
56100	0.31	0.53	0.53	0	0	0.31
56200	0.31	0.53	0.53	0	0	0.31
56300	0.31	0.53	0.53	0	0	0.31
56400	0.31	0.53	0.53	0	0	0.31
56500	0.31	0.53	0.53	0	0	0.31
56600	0.31	0.53	0.53	0	0	0.31
56700	0.31	0.53	0.53	0	0	0.31
56800	0.31	0.52	0.52	0	0	0.31
56900	0.3	0.52	0.52	0	0	0.3
57000	0.3	0.52	0.52	0	0	0.3
57100	0.3	0.52	0.52	0	0	0.3
57200	0.3	0.52	0.52	0	0	0.3
57300	0.3	0.52	0.52	0	0	0.3
57400	0.3	0.52	0.52	0	0	0.3
57500	0.3	0.52	0.52	0	0	0.3
57600	0.3	0.52	0.52	0	0	0.3
57700	0.3	0.52	0.52	0	0	0.3
57800	0.3	0.53	0.53	0	0	0.3
57900	0.31	0.52	0.52	0	0	0.31
58000	0.31	0.52	0.52	0	0	0.31
58100	0.31	0.53	0.53	0	0	0.31
58200	0.31	0.53	0.53	0	0	0.31
58300	0.31	0.53	0.53	0	0	0.31
58400	0.32	0.53	0.53	0	0	0.32
58500	0.32	0.53	0.53	0	0	0.32
58600	0.31	0.53	0.53	0	0	0.31
58700	0.31	0.54	0.54	0	0	0.31
58800	0.31	0.54	0.54	0	0	0.31
58900	0.31	0.54	0.54	0	0	0.31
59000	0.31	0.55	0.55	0	0	0.31
59100	0.31	0.55	0.55	0	0	0.31
59200	0.31	0.56	0.56	0	0	0.31
59300	0.31	0.56	0.56	0	0	0.31
59400	0.31	0.55	0.55	0	0	0.31
59500	0.31	0.55	0.55	0	0	0.31
59600	0.31	0.55	0.55	0	0	0.31
59700	0.31	0.55	0.55	0	0	0.31
59800	0.31	0.55	0.55	0	0	0.31
59900	0.31	0.55	0.55	0	0	0.31
60000	0.31	0.55	0.55	0	0	0.31
60100	0.31	0.55	0.55	0	0	0.31
60200	0.31	0.55	0.55	0	0	0.31
60300	0.31	0.55	0.55	0	0	0.31
60400	0.31	0.55	0.55	0	0	0.31
60500	0.31	0.55	0.55	0	0	0.31
60600	0.31	0.54	0.54	0	0	0.31
60700	0.31	0.54	0.54	0	0	0.31
60800	0.31	0.54	0.54	0	0	0.31
60900	0.31	0.54	0.54	0	0	0.31
61000	0.31	0.53	0.53	0	0	0.31
61100	0.31	0.53	0.53	0	0	0.31
61200	0.31	0.53	0.53	0	0	0.31
61300	0.31	0.53	0.53	0	0	0.31
61400	0.31	0.53	0.53	0	0	0.31
61500	0.31	0.53	0.53	0	0	0.31
61600	0.31	0.53	0.53	0	0	0.31
61700	0.31	0.53	0.53	0	0	0.31
61800	0.31	0.53	0.53	0	0	0.31
61900	0.31	0.53	0.53	0	0	0.31
62000	0.31	0.53	0.53	0	0	0.31
62100	0.31	0.54	0.54	0	0	0.31
62200	0.31	0.54	0.54	0	0	0.31
62300	0.31	0.54	0.54	0	0	0.31
62400	0.31	0.54	0.54	0	0	0.31
62500	0.31	0.54	0.54	0	0	0.31
62600	0.31	0.53	0.53	0	0	0.31
62700	0.31	0.53	0.53	0	0	0.31
62800	0.31	0.53	0.53	0	0	0.31
62900	0.31	0.53	0.53	0	0	0.31
63000	0.31	0.53	0.53	0	0	0.31
63100	0.31	0.53	0.53	0	0	0.31
63200	0.31	0.52	0.52	0	0	0.31
63300	0.3	0.52	0.52	0	0	0.3
63400	0.3	0.52	0.52	0	0	0.3
63500	0.3	0.52	0.52	0	0	0.3
63600	0.3	0.52	0.52	0	0	0.3
63700	0.3	0.52	0.52	0	0	0.3
63800	0.3	0.52	0.52	0	0	0.3
63900	0.3	0.52	0.52	0	0	0.3
64000	0.3	0.52	0.52	0	0	0.3
64100	0.3	0.52	0.52	0	0	0.3
64200	0.3	0.52	0.52	0	0	0.3
64300	0.3	0.53	0.53	0	0	0.3
64400	0.3	0.53	0.53	0	0	0.3
64500	0.3	0.53	0.53	0	0	0.3
64600	0.3	0.53	0.53	0	0	0.3
64700	0.3	0.53	0.53	0	0	0.3
64800	0.3	0.52	0.52	0	0	0.3
64900	0.3	0.51	0.51	0	0	0.3
65000	0.29	0.51	0.51	0	0	0.29
65100	0.29	0.51	0.51	0	0	0.29
65200	0.29	0.51	0.51	0	0	0.29
65300	0.29	0.51	0.51	0	0	0.29
65400	0.29	0.51	0.51	0	0	0.29
65500	0.29	0.51	0.51	0	0	0.29
65600	0.29	0.51	0.51	0	0	0.29
65700	0.29	0.51	0.51	0	0	0.29
65800	0.29	0.51	0.51	0	0	0.29
65900	0.3	0.51	0.51	0	0	0.3
66000	0.3	0.51	0.51	0	0	0.3
66100	0.3	0.51	0.51	0	0	0.3
66200	0.3	0.51	0.51	0	0	0.3
66300	0.3	0.51	0.51	0	0	0.3
66400	0.3	0.51	0.51	0	0	0.3
66500	0.3	0.51	0.51	0	0	0.3
66600	0.3	0.51	0.51	0	0	0.3
66700	0.3	0.51	0.51	0	0	0.3
66800	0.3	0.52	0.52	0	0	0.3
66900	0.3	0.52	0.52	0	0	0.3
67000	0.3	0.52	0.52	0	0	0.3
67100	0.3	0.52	0.52	0	0	0.3
67200	0.3	0.52	0.52	0	0	0.3
67300	0.3	0.52	0.52	0	0	0.3
67400	0.3	0.52	0.52	0	0	0.3
67500	0.32	0.52	0.52	0	0	0.32
67600	0.32	0.52	0.52	0	0	0.32
67700	0.32	0.52	0.52	0	0	0.32
67800	0.32	0.52	0.52	0	0	0.32
67900	0.32	0.52	0.52	0	0	0.32
68000	0.32	0.52	0.52	0	0	0.32
68100	0.32	0.52	0.52	0	0	0.32
68200	0.32	0.52	0.52	0	0	0.32
68300	0.32	0.52	0.52	0	0	0.32
68400	0.32	0.52	0.52	0	0	0.32
68500	0.32	0.52	0.52	0	0	0.32
68600	0.32	0.52	0.52	0	0	0.32
68700	0.32	0.52	0.52	0	0	0.32
68800	0.31	0.53	0.53	0	0	0.31
68900	0.31	0.53	0.53	0	0	0.31
69000	0.31	0.53	0.53	0	0	0.31
69100	0.31	0.53	0.53	0	0	0.31
69200	0.3	0.53	0.53	0	0	0.3
69300	0.3	0.53	0.53	0	0	0.3
69400	0.31	0.53	0.53	0	0	0.31
69500	0.31	0.53	0.53	0	0	0.31
69600	0.31	0.53	0.53	0	0	0.31
69700	0.31	0.53	0.53	0	0	0.31
69800	0.31	0.53	0.53	0	0	0.31
69900	0.31	0.53	0.53	0	0	0.31
70000	0.32	0.53	0.53	0	0	0.32
70100	0.32	0.53	0.53	0	0	0.32
70200	0.32	0.53	0.53	0	0	0.32
70300	0.32	0.52	0.52	0	0	0.32
70400	0.32	0.52	0.52	0	0	0.32
70500	0.32	0.52	0.52	0	0	0.32
70600	0.32	0.53	0.53	0	0	0.32
70700	0.32	0.53	0.53	0	0	0.32
70800	0.32	0.53	0.53	0	0	0.32
70900	0.32	0.53	0.53	0	0	0.32
71000	0.32	0.53	0.53	0	0	0.32
71100	0.32	0.53	0.53	0	0	0.32
71200	0.32	0.53	0.53	0	0	0.32
71300	0.32	0.53	0.53	0	0	0.32
71400	0.32	0.53	0.53	0	0	0.32
71500	0.32	0.53	0.53	0	0	0.32
71600	0.32	0.53	0.53	0	0	0.32
71700	0.32	0.54	0.54	0	0	0.32
71800	0.32	0.54	0.54	0	0	0.32
71900	0.32	0.55	0.55	0	0	0.32
72000	0.32	0.55	0.55	0	0	0.32
72100	0.32	0.55	0.55	0	0	0.32
72200	0.32	0.55	0.55	0	0	0.32
72300	0.32	0.55	0.55	0	0	0.32
72400	0.32	0.55	0.55	0	0	0.32
72500	0.32	0.55	0.55	0	0	0.32
72600	0.32	0.55	0.55	0	0	0.32
72700	0.32	0.55	0.55	0	0	0.32
72800	0.32	0.55	0.55	0	0	0.32
72900	0.32	0.55	0.55	0	0	0.32
73000	0.32	0.54	0.54	0	0	0.32
73100	0.32	0.53	0.53	0	0	0.32
73200	0.32	0.53	0.53	0	0	0.32
73300	0.32	0.52	0.52	0	0	0.32
73400	0.32	0.52	0.52	0	0	0.32
73500	0.32	0.52	0.52	0	0	0.32
73600	0.32	0.52	0.52	0	0	0.32
73700	0.32	0.52	0.52	0	0	0.32
73800	0.32	0.52	0.52	0	0	0.32
73900	0.32	0.52	0.52	0	0	0.32
74000	0.34	0.51	0.51	0	0	0.34
74100	0.34	0.51	0.51	0	0	0.34
74200	0.34	0.51	0.51	0	0	0.34
74300	0.34	0.51	0.51	0	0	0.34
74400	0.34	0.51	0.51	0	0	0.34
74500	0.34	0.51	0.51	0	0	0.34
74600	0.34	0.51	0.51	0	0	0.34
74700	0.34	0.51	0.51	0	0	0.34
74800	0.34	0.51	0.51	0	0	0.34
74900	0.34	0.51	0.51	0	0	0.34
75000	0.34	0.52	0.52	0	0	0.34
75100	0.34	0.51	0.51	0	0	0.34
75200	0.34	0.51	0.51	0	0	0.34
75300	0.34	0.51	0.51	0	0	0.34
75400	0.34	0.51	0.51	0	0	0.34
75500	0.34	0.51	0.51	0	0	0.34
75600	0.34	0.51	0.51	0	0	0.34
75700	0.34	0.51	0.51	0	0	0.34
75800	0.34	0.51	0.51	0	0	0.34
75900	0.34	0.51	0.51	0	0	0.34
76000	0.34	0.51	0.51	0	0	0.34
76100	0.34	0.51	0.51	0	0	0.34
76200	0.34	0.51	0.51	0	0	0.34
76300	0.34	0.51	0.51	0	0	0.34
76400	0.34	0.51	0.51	0	0	0.34
76500	0.34	0.51	0.51	0	0	0.34
76600	0.34	0.51	0.51	0	0	0.34
76700	0.34	0.51	0.51	0	0	0.34
76800	0.34	0.51	0.51	0	0	0.34
76900	0.34	0.51	0.51	0	0	0.34
77000	0.34	0.51	0.51	0	0	0.34
77100	0.34	0.51	0.51	0	0	0.34
77200	0.34	0.51	0.51	0	0	0.34
77300	0.34	0.51	0.51	0	0	0.34
77400	0.34	0.51	0.51	0	0	0.34
77500	0.34	0.51	0.51	0	0	0.34
77600	0.34	0.51	0.51	0	0	0.34
77700	0.34	0.51	0.51	0	0	0.34
77800	0.34	0.51	0.51	0	0	0.34
77900	0.34	0.51	0.51	0	0	0.34
78000	0.34	0.51	0.51	0	0	0.34
78100	0.34	0.51	0.51	0	0	0.34
78200	0.34	0.51	0.51	0	0	0.34
78300	0.34	0.51	0.51	0	0	0.34
78400	0.34	0.51	0.51	0	0	0.34
78500	0.34	0.51	0.51	0	0	0.34
78600	0.34	0.51	0.51	0	0	0.34
78700	0.34	0.51	0.51	0	0	0.34
78800	0.34	0.51	0.51	0	0	0.34
78900	0.34	0.51	0.51	0	0	0.34
79000	0.34	0.51	0.51	0	0	0.34
79100	0.35	0.51	0.51	0	0	0.35
79200	0.35	0.5	0.5	0	0	0.35
79300	0.35	0.5	0.5	0	0	0.35
79400	0.35	0.5	0.5	0	0	0.35
79500	0.35	0.5	0.5	0	0	0.35
79600	0.35	0.5	0.5	0	0	0.35
79700	0.35	0.5	0.5	0	0	0.35
79800	0.35	0.5	0.5	0	0	0.35
79900	0.36	0.5	0.5	0	0	0.36
80000	0.36	0.51	0.51	0	0	0.36
80100	0.36	0.5	0.5	0	0	0.36
80200	0.36	0.5	0.5	0	0	0.36
80300	0.37	0.5	0.5	0	0	0.37
80400	0.37	0.5	0.5	0	0	0.37
80500	0.37	0.51	0.51	0	0	0.37
80600	0.37	0.51	0.51	0	0	0.37
80700	0.37	0.51	0.51	0	0	0.37
80800	0.37	0.51	0.51	0	0	0.37
80900	0.37	0.51	0.51	0	0	0.37
81000	0.37	0.51	0.51	0	0	0.37
81100	0.37	0.51	0.51	0	0	0.37
81200	0.37	0.51	0.51	0	0	0.37
81300	0.37	0.51	0.51	0	0	0.37
81400	0.37	0.51	0.51	0	0	0.37
81500	0.37	0.51	0.51	0	0	0.37
81600	0.37	0.51	0.51	0	0	0.37
81700	0.37	0.51	0.51	0	0	0.37
81800	0.37	0.51	0.51	0	0	0.37
81900	0.37	0.51	0.51	0	0	0.37
82000	0.37	0.51	0.51	0	0	0.37
82100	0.37	0.51	0.51	0	0	0.37
82200	0.37	0.51	0.51	0	0	0.37
82300	0.37	0.51	0.51	0	0	0.37
82400	0.37	0.51	0.51	0	0	0.37
82500	0.37	0.51	0.51	0	0	0.37
82600	0.37	0.51	0.51	0	0	0.37
82700	0.37	0.51	0.51	0	0	0.37
82800	0.37	0.51	0.51	0	0	0.37
82900	0.37	0.51	0.51	0	0	0.37
83000	0.37	0.5	0.5	0	0	0.37
83100	0.37	0.5	0.5	0	0	0.37
83200	0.37	0.5	0.5	0	0	0.37
83300	0.37	0.5	0.5	0	0	0.37
83400	0.37	0.49	0.49	0	0	0.37
83500	0.37	0.49	0.49	0	0	0.37
83600	0.37	0.49	0.49	0	0	0.37
83700	0.37	0.49	0.49	0	0	0.37
83800	0.37	0.49	0.49	0	0	0.37
83900	0.37	0.49	0.49	0	0	0.37
84000	0.37	0.5	0.5	0	0	0.37
84100	0.37	0.5	0.5	0	0	0.37
84200	0.37	0.49	0.49	0	0	0.37
84300	0.37	0.49	0.49	0	0	0.37
84400	0.37	0.49	0.49	0	0	0.37
84500	0.36	0.49	0.49	0	0	0.36
84600	0.36	0.49	0.49	0	0	0.36
84700	0.36	0.49	0.49	0	0	0.36
84800	0.36	0.49	0.49	0	0	0.36
84900	0.36	0.49	0.49	0	0	0.36
85000	0.37	0.49	0.49	0	0	0.37
85100	0.37	0.49	0.49	0	0	0.37
85200	0.37	0.49	0.49	0	0	0.37
85300	0.37	0.49	0.49	0	0	0.37
85400	0.38	0.49	0.49	0	0	0.38
85500	0.39	0.49	0.49	0	0	0.39
85600	0.39	0.49	0.49	0	0	0.39
85700	0.38	0.49	0.49	0	0	0.38
85800	0.39	0.49	0.49	0	0	0.39
85900	0.38	0.49	0.49	0	0	0.38
86000	0.38	0.49	0.49	0	0	0.38
86100	0.38	0.49	0.49	0	0	0.38
86200	0.38	0.49	0.49	0	0	0.38
86300	0.38	0.49	0.49	0	0	0.38
86400	0.38	0.49	0.49	0	0	0.38
86500	0.38	0.49	0.49	0	0	0.38
86600	0.38	0.49	0.49	0	0	0.38
86700	0.38	0.49	0.49	0	0	0.38
86800	0.38	0.49	0.49	0	0	0.38
86900	0.38	0.49	0.49	0	0	0.38
87000	0.38	0.49	0.49	0	0	0.38
87100	0.38	0.49	0.49	0	0	0.38
87200	0.38	0.49	0.49	0	0	0.38
87300	0.38	0.49	0.49	0	0	0.38
87400	0.38	0.49	0.49	0	0	0.38
87500	0.38	0.49	0.49	0	0	0.38
87600	0.38	0.49	0.49	0	0	0.38
87700	0.38	0.49	0.49	0	0	0.38
87800	0.37	0.49	0.49	0	0	0.37
87900	0.37	0.49	0.49	0	0	0.37
88000	0.37	0.49	0.49	0	0	0.37
88100	0.37	0.49	0.49	0	0	0.37
88200	0.37	0.49	0.49	0	0	0.37
88300	0.37	0.49	0.49	0	0	0.37
88400	0.37	0.49	0.49	0	0	0.37
88500	0.37	0.48	0.48	0	0	0.37
88600	0.37	0.48	0.48	0	0	0.37
88700	0.37	0.48	0.48	0	0	0.37
88800	0.37	0.48	0.48	0	0	0.37
88900	0.37	0.48	0.48	0	0	0.37
89000	0.36	0.48	0.48	0	0	0.36
89100	0.36	0.48	0.48	0	0	0.36
89200	0.36	0.48	0.48	0	0	0.36
89300	0.36	0.5	0.5	0	0	0.36
89400	0.36	0.5	0.5	0	0	0.36
89500	0.36	0.5	0.5	0	0	0.36
89600	0.36	0.5	0.5	0	0	0.36
89700	0.36	0.49	0.49	0	0	0.36
89800	0.36	0.49	0.49	0	0	0.36
89900	0.36	0.49	0.49	0	0	0.36
90000	0.37	0.49	0.49	0	0	0.37
90100	0.37	0.49	0.49	0	0	0.37
90200	0.37	0.5	0.5	0	0	0.37
90300	0.37	0.5	0.5	0	0	0.37
90400	0.37	0.5	0.5	0	0	0.37
90500	0.37	0.5	0.5	0	0	0.37
90600	0.37	0.51	0.51	0	0	0.37
90700	0.37	0.51	0.51	0	0	0.37
90800	0.37	0.51	0.51	0	0	0.37
90900	0.37	0.51	0.51	0	0	0.37
91000	0.37	0.51	0.51	0	0	0.37
91100	0.37	0.51	0.51	0	0	0.37
91200	0.37	0.51	0.51	0	0	0.37
91300	0.37	0.51	0.51	0	0	0.37
91400	0.37	0.51	0.51	0	0	0.37
91500	0.37	0.51	0.51	0	0	0.37
91600	0.37	0.51	0.51	0	0	0.37
91700	0.37	0.51	0.51	0	0	0.37
91800	0.37	0.51	0.51	0	0	0.37
91900	0.37	0.51	0.51	0	0	0.37
92000	0.37	0.51	0.51	0	0	0.37
92100	0.37	0.5	0.5	0	0	0.37
92200	0.37	0.5	0.5	0	0	0.37
92300	0.37	0.5	0.5	0	0	0.37
92400	0.37	0.5	0.5	0	0	0.37
92500	0.36	0.49	0.49	0	0	0.36
92600	0.36	0.49	0.49	0	0	0.36
92700	0.36	0.49	0.49	0	0	0.36
92800	0.36	0.49	0.49	0	0	0.36
92900	0.36	0.49	0.49	0	0	0.36
93000	0.36	0.49	0.49	0	0	0.36
93100	0.36	0.49	0.49	0	0	0.36
93200	0.36	0.49	0.49	0	0	0.36
93300	0.36	0.49	0.49	0	0	0.36
93400	0.36	0.49	0.49	0	0	0.36
93500	0.36	0.49	0.49	0	0	0.36
93600	0.36	0.49	0.49	0	0	0.36
93700	0.36	0.5	0.5	0	0	0.36
93800	0.36	0.48	0.48	0	0	0.36
93900	0.36	0.49	0.49	0	0	0.36
94000	0.36	0.49	0.49	0	0	0.36
94100	0.36	0.49	0.49	0	0	0.36
94200	0.36	0.49	0.49	0	0	0.36
94300	0.36	0.49	0.49	0	0	0.36
94400	0.36	0.49	0.49	0	0	0.36
94500	0.36	0.49	0.49	0	0	0.36
94600	0.36	0.49	0.49	0	0	0.36
94700	0.36	0.49	0.49	0	0	0.36
94800	0.36	0.5	0.5	0	0	0.36
94900	0.36	0.5	0.5	0	0	0.36
95000	0.36	0.5	0.5	0	0	0.36
95100	0.36	0.5	0.5	0	0	0.36
95200	0.36	0.5	0.5	0	0	0.36
95300	0.36	0.5	0.5	0	0	0.36
95400	0.36	0.5	0.5	0	0	0.36
95500	0.36	0.5	0.5	0	0	0.36
95600	0.36	0.5	0.5	0	0	0.36
95700	0.36	0.5	0.5	0	0	0.36
95800	0.36	0.5	0.5	0	0	0.36
95900	0.36	0.5	0.5	0	0	0.36
96000	0.36	0.5	0.5	0	0	0.36
96100	0.36	0.5	0.5	0	0	0.36
96200	0.36	0.5	0.5	0	0	0.36
96300	0.36	0.5	0.5	0	0	0.36
96400	0.36	0.5	0.5	0	0	0.36
96500	0.36	0.5	0.5	0	0	0.36
96600	0.36	0.5	0.5	0	0	0.36
96700	0.36	0.5	0.5	0	0	0.36
96800	0.36	0.5	0.5	0	0	0.36
96900	0.36	0.5	0.5	0	0	0.36
97000	0.36	0.5	0.5	0	0	0.36
97100	0.36	0.5	0.5	0	0	0.36
97200	0.36	0.5	0.5	0	0	0.36
97300	0.36	0.5	0.5	0	0	0.36
97400	0.36	0.5	0.5	0	0	0.36
97500	0.36	0.5	0.5	0	0	0.36
97600	0.36	0.5	0.5	0	0	0.36
97700	0.36	0.5	0.5	0	0	0.36
97800	0.36	0.5	0.5	0	0	0.36
97900	0.36	0.5	0.5	0	0	0.36
98000	0.36	0.5	0.5	0	0	0.36
98100	0.36	0.5	0.5	0	0	0.36
98200	0.36	0.5	0.5	0	0	0.36
98300	0.36	0.5	0.5	0	0	0.36
98400	0.36	0.5	0.5	0	0	0.36
98500	0.36	0.5	0.5	0	0	0.36
98600	0.36	0.5	0.5	0	0	0.36
98700	0.36	0.5	0.5	0	0	0.36
98800	0.36	0.5	0.5	0	0	0.36
98900	0.36	0.5	0.5	0	0	0.36
99000	0.36	0.5	0.5	0	0	0.36
99100	0.36	0.5	0.5	0	0	0.36
99200	0.37	0.5	0.5	0	0	0.37
99300	0.37	0.5	0.5	0	0	0.37
99400	0.37	0.5	0.5	0	0	0.37
99500	0.37	0.5	0.5	0	0	0.37
99600	0.37	0.5	0.5	0	0	0.37
99700	0.37	0.5	0.5	0	0	0.37
99800	0.37	0.5	0.5	0	0	0.37
99900	0.37	0.5	0.5	0	0	0.37
100000	0.37	0.5	0.5	0	0	0.37
