100	0.04	0.12	0.12	0	0	0.04
200	0.05	0.14	0.14	0	0	0.05
300	0.08	0.16	0.16	0	0	0.08
400	0.09	0.19	0.19	0	0	0.09
500	0.09	0.21	0.21	0	0	0.09
600	0.1	0.21	0.21	0	0	0.1
700	0.1	0.2	0.2	0	0	0.1
800	0.1	0.21	0.21	0	0	0.1
900	0.1	0.23	0.23	0	0	0.1
1000	0.11	0.23	0.23	0	0	0.11
1100	0.11	0.23	0.23	0	0	0.11
1200	0.12	0.23	0.23	0	0	0.12
1300	0.12	0.23	0.23	0	0	0.12
1400	0.12	0.24	0.24	0	0	0.12
1500	0.14	0.24	0.24	0	0	0.14
1600	0.14	0.27	0.27	0	0	0.14
1700	0.14	0.28	0.28	0	0	0.14
1800	0.14	0.28	0.28	0	0	0.14
1900	0.14	0.28	0.28	0	0	0.14
2000	0.13	0.27	0.27	0	0	0.13
2100	0.13	0.27	0.27	0	0	0.13
2200	0.13	0.29	0.29	0	0	0.13
2300	0.13	0.28	0.28	0	0	0.13
2400	0.14	0.27	0.27	0	0	0.14
2500	0.14	0.27	0.27	0	0	0.14
2600	0.14	0.28	0.28	0	0	0.14
2700	0.13	0.29	0.29	0	0	0.13
2800	0.14	0.3	0.3	0	0	0.14
2900	0.14	0.33	0.33	0	0	0.14
3000	0.14	0.32	0.32	0	0	0.14
3100	0.14	0.34	0.34	0	0	0.14
3200	0.15	0.35	0.35	0	0	0.15
3300	0.16	0.36	0.36	0	0	0.16
3400	0.16	0.36	0.36	0	0	0.16
3500	0.17	0.36	0.36	0	0	0.17
3600	0.17	0.36	0.36	0	0	0.17
3700	0.17	0.36	0.36	0	0	0.17
3800	0.17	0.36	0.36	0	0	0.17
3900	0.18	0.37	0.37	0	0	0.18
4000	0.18	0.36	0.36	0	0	0.18
4100	0.19	0.37	0.37	0	0	0.19
4200	0.18	0.38	0.38	0	0	0.18
4300	0.18	0.38	0.38	0	0	0.18
4400	0.17	0.38	0.38	0	0	0.17
4500	0.17	0.38	0.38	0	0	0.17
4600	0.18	0.38	0.38	0	0	0.18
4700	0.18	0.38	0.38	0	0	0.18
4800	0.18	0.39	0.39	0	0	0.18
4900	0.18	0.39	0.39	0	0	0.18
5000	0.18	0.4	0.4	0	0	0.18
5100	0.18	0.42	0.42	0	0	0.18
5200	0.18	0.42	0.42	0	0	0.18
5300	0.18	0.41	0.41	0	0	0.18
5400	0.18	0.42	0.42	0	0	0.18
5500	0.18	0.42	0.42	0	0	0.18
5600	0.18	0.41	0.41	0	0	0.18
5700	0.18	0.42	0.42	0	0	0.18
5800	0.18	0.43	0.43	0	0	0.18
5900	0.19	0.43	0.43	0	0	0.19
6000	0.19	0.43	0.43	0	0	0.19
6100	0.2	0.44	0.44	0	0	0.2
6200	0.2	0.44	0.44	0	0	0.2
6300	0.2	0.43	0.43	0	0	0.2
6400	0.2	0.43	0.43	0	0	0.2
6500	0.2	0.44	0.44	0	0	0.2
6600	0.2	0.43	0.43	0	0	0.2
6700	0.2	0.43	0.43	0	0	0.2
6800	0.21	0.43	0.43	0	0	0.21
6900	0.21	0.45	0.45	0	0	0.21
7000	0.21	0.44	0.44	0	0	0.21
7100	0.21	0.45	0.45	0	0	0.21
7200	0.21	0.45	0.45	0	0	0.21
7300	0.21	0.45	0.45	0	0	0.21
7400	0.21	0.45	0.45	0	0	0.21
7500	0.22	0.45	0.45	0	0	0.22
7600	0.22	0.46	0.46	0	0	0.22
7700	0.22	0.46	0.46	0	0	0.22
7800	0.23	0.46	0.46	0	0	0.23
7900	0.23	0.47	0.47	0	0	0.23
8000	0.22	0.45	0.45	0	0	0.22
8100	0.22	0.45	0.45	0	0	0.22
8200	0.22	0.45	0.45	0	0	0.22
8300	0.23	0.45	0.45	0	0	0.23
8400	0.23	0.45	0.45	0	0	0.23
8500	0.23	0.45	0.45	0	0	0.23
8600	0.23	0.44	0.44	0	0	0.23
8700	0.23	0.44	0.44	0	0	0.23
8800	0.22	0.46	0.46	0	0	0.22
8900	0.22	0.46	0.46	0	0	0.22
9000	0.22	0.46	0.46	0	0	0.22
9100	0.22	0.48	0.48	0	0	0.22
9200	0.22	0.47	0.47	0	0	0.22
9300	0.22	0.48	0.48	0	0	0.22
9400	0.22	0.47	0.47	0	0	0.22
9500	0.22	0.47	0.47	0	0	0.22
9600	0.22	0.47	0.47	0	0	0.22
9700	0.22	0.48	0.48	0	0	0.22
9800	0.22	0.48	0.48	0	0	0.22
9900	0.22	0.47	0.47	0	0	0.22
10000	0.22	0.5	0.5	0	0	0.22
10100	0.22	0.51	0.51	0	0	0.22
10200	0.22	0.51	0.51	0	0	0.22
10300	0.22	0.5	0.5	0	0	0.22
10400	0.22	0.5	0.5	0	0	0.22
10500	0.22	0.5	0.5	0	0	0.22
10600	0.22	0.5	0.5	0	0	0.22
10700	0.22	0.5	0.5	0	0	0.22
10800	0.23	0.5	0.5	0	0	0.23
10900	0.23	0.5	0.5	0	0	0.23
11000	0.23	0.5	0.5	0	0	0.23
11100	0.23	0.5	0.5	0	0	0.23
11200	0.22	0.51	0.51	0	0	0.22
11300	0.22	0.5	0.5	0	0	0.22
11400	0.21	0.5	0.5	0	0	0.21
11500	0.21	0.5	0.5	0	0	0.21
11600	0.21	0.49	0.49	0	0	0.21
11700	0.21	0.5	0.5	0	0	0.21
11800	0.21	0.5	0.5	0	0	0.21
11900	0.21	0.5	0.5	0	0	0.21
12000	0.22	0.5	0.5	0	0	0.22
12100	0.22	0.51	0.51	0	0	0.22
12200	0.23	0.51	0.51	0	0	0.23
12300	0.23	0.52	0.52	0	0	0.23
12400	0.23	0.52	0.52	0	0	0.23
12500	0.22	0.52	0.52	0	0	0.22
12600	0.22	0.52	0.52	0	0	0.22
12700	0.22	0.53	0.53	0	0	0.22
12800	0.23	0.53	0.53	0	0	0.23
12900	0.23	0.53	0.53	0	0	0.23
13000	0.24	0.55	0.55	0	0	0.24
13100	0.23	0.56	0.56	0	0	0.23
13200	0.23	0.56	0.56	0	0	0.23
13300	0.23	0.56	0.56	0	0	0.23
13400	0.23	0.54	0.54	0	0	0.23
13500	0.23	0.54	0.54	0	0	0.23
13600	0.23	0.54	0.54	0	0	0.23
13700	0.23	0.54	0.54	0	0	0.23
13800	0.23	0.54	0.54	0	0	0.23
13900	0.24	0.53	0.53	0	0	0.24
14000	0.24	0.53	0.53	0	0	0.24
14100	0.24	0.53	0.53	0	0	0.24
14200	0.24	0.52	0.52	0	0	0.24
14300	0.24	0.51	0.51	0	0	0.24
14400	0.24	0.51	0.51	0	0	0.24
14500	0.24	0.51	0.51	0	0	0.24
14600	0.24	0.51	0.51	0	0	0.24
14700	0.24	0.51	0.51	0	0	0.24
14800	0.24	0.51	0.51	0	0	0.24
14900	0.24	0.52	0.52	0	0	0.24
15000	0.24	0.54	0.54	0	0	0.24
15100	0.24	0.54	0.54	0	0	0.24
15200	0.24	0.54	0.54	0	0	0.24
15300	0.24	0.55	0.55	0	0	0.24
15400	0.23	0.55	0.55	0	0	0.23
15500	0.24	0.56	0.56	0	0	0.24
15600	0.24	0.56	0.56	0	0	0.24
15700	0.24	0.56	0.56	0	0	0.24
15800	0.24	0.56	0.56	0	0	0.24
15900	0.24	0.56	0.56	0	0	0.24
16000	0.24	0.55	0.55	0	0	0.24
16100	0.24	0.55	0.55	0	0	0.24
16200	0.24	0.55	0.55	0	0	0.24
16300	0.24	0.55	0.55	0	0	0.24
16400	0.24	0.55	0.55	0	0	0.24
16500	0.24	0.54	0.54	0	0	0.24
16600	0.24	0.54	0.54	0	0	0.24
16700	0.24	0.54	0.54	0	0	0.24
16800	0.24	0.55	0.55	0	0	0.24
16900	0.24	0.56	0.56	0	0	0.24
17000	0.24	0.57	0.57	0	0	0.24
17100	0.24	0.57	0.57	0	0	0.24
17200	0.24	0.56	0.56	0	0	0.24
17300	0.25	0.56	0.56	0	0	0.25
17400	0.25	0.56	0.56	0	0	0.25
17500	0.26	0.56	0.56	0	0	0.26
17600	0.26	0.57	0.57	0	0	0.26
17700	0.26	0.57	0.57	0	0	0.26
17800	0.26	0.57	0.57	0	0	0.26
17900	0.26	0.58	0.58	0	0	0.26
18000	0.27	0.57	0.57	0	0	0.27
18100	0.27	0.57	0.57	0	0	0.27
18200	0.27	0.58	0.58	0	0	0.27
18300	0.27	0.58	0.58	0	0	0.27
18400	0.27	0.58	0.58	0	0	0.27
18500	0.27	0.58	0.58	0	0	0.27
18600	0.27	0.57	0.57	0	0	0.27
18700	0.27	0.57	0.57	0	0	0.27
18800	0.26	0.57	0.57	0	0	0.26
18900	0.26	0.56	0.56	0	0	0.26
19000	0.26	0.56	0.56	0	0	0.26
19100	0.26	0.55	0.55	0	0	0.26
19200	0.26	0.55	0.55	0	0	0.26
19300	0.26	0.56	0.56	0	0	0.26
19400	0.26	0.55	0.55	0	0	0.26
19500	0.26	0.55	0.55	0	0	0.26
19600	0.26	0.55	0.55	0	0	0.26
19700	0.26	0.55	0.55	0	0	0.26
19800	0.26	0.55	0.55	0	0	0.26
19900	0.26	0.55	0.55	0	0	0.26
20000	0.27	0.56	0.56	0	0	0.27
20100	0.28	0.56	0.56	0	0	0.28
20200	0.28	0.55	0.55	0	0	0.28
20300	0.26	0.55	0.55	0	0	0.26
20400	0.26	0.54	0.54	0	0	0.26
20500	0.26	0.53	0.53	0	0	0.26
20600	0.26	0.54	0.54	0	0	0.26
20700	0.26	0.55	0.55	0	0	0.26
20800	0.26	0.55	0.55	0	0	0.26
20900	0.26	0.56	0.56	0	0	0.26
21000	0.26	0.56	0.56	0	0	0.26
21100	0.26	0.56	0.56	0	0	0.26
21200	0.26	0.56	0.56	0	0	0.26
21300	0.26	0.56	0.56	0	0	0.26
21400	0.27	0.56	0.56	0	0	0.27
21500	0.27	0.58	0.58	0	0	0.27
21600	0.27	0.57	0.57	0	0	0.27
21700	0.27	0.56	0.56	0	0	0.27
21800	0.27	0.56	0.56	0	0	0.27
21900	0.27	0.56	0.56	0	0	0.27
22000	0.27	0.56	0.56	0	0	0.27
22100	0.27	0.55	0.55	0	0	0.27
22200	0.27	0.55	0.55	0	0	0.27
22300	0.27	0.56	0.56	0	0	0.27
22400	0.27	0.55	0.55	0	0	0.27
22500	0.27	0.55	0.55	0	0	0.27
22600	0.27	0.55	0.55	0	0	0.27
22700	0.27	0.54	0.54	0	0	0.27
22800	0.27	0.55	0.55	0	0	0.27
22900	0.27	0.55	0.55	0	0	0.27
23000	0.26	0.54	0.54	0	0	0.26
23100	0.26	0.54	0.54	0	0	0.26
23200	0.26	0.56	0.56	0	0	0.26
23300	0.26	0.56	0.56	0	0	0.26
23400	0.26	0.55	0.55	0	0	0.26
23500	0.26	0.55	0.55	0	0	0.26
23600	0.26	0.55	0.55	0	0	0.26
23700	0.26	0.55	0.55	0	0	0.26
23800	0.26	0.55	0.55	0	0	0.26
23900	0.26	0.55	0.55	0	0	0.26
24000	0.26	0.56	0.56	0	0	0.26
24100	0.26	0.56	0.56	0	0	0.26
24200	0.27	0.56	0.56	0	0	0.27
24300	0.28	0.56	0.56	0	0	0.28
24400	0.28	0.56	0.56	0	0	0.28
24500	0.28	0.56	0.56	0	0	0.28
24600	0.28	0.56	0.56	0	0	0.28
24700	0.28	0.56	0.56	0	0	0.28
24800	0.28	0.56	0.56	0	0	0.28
24900	0.28	0.56	0.56	0	0	0.28
25000	0.28	0.56	0.56	0	0	0.28
25100	0.28	0.56	0.56	0	0	0.28
25200	0.28	0.56	0.56	0	0	0.28
25300	0.28	0.56	0.56	0	0	0.28
25400	0.28	0.56	0.56	0	0	0.28
25500	0.28	0.56	0.56	0	0	0.28
25600	0.28	0.56	0.56	0	0	0.28
25700	0.28	0.56	0.56	0	0	0.28
25800	0.28	0.56	0.56	0	0	0.28
25900	0.28	0.56	0.56	0	0	0.28
26000	0.28	0.55	0.55	0	0	0.28
26100	0.28	0.55	0.55	0	0	0.28
26200	0.28	0.55	0.55	0	0	0.28
26300	0.28	0.55	0.55	0	0	0.28
26400	0.28	0.55	0.55	0	0	0.28
26500	0.28	0.55	0.55	0	0	0.28
26600	0.28	0.55	0.55	0	0	0.28
26700	0.28	0.55	0.55	0	0	0.28
26800	0.28	0.55	0.55	0	0	0.28
26900	0.28	0.56	0.56	0	0	0.28
27000	0.28	0.56	0.56	0	0	0.28
27100	0.27	0.56	0.56	0	0	0.27
27200	0.27	0.56	0.56	0	0	0.27
27300	0.27	0.56	0.56	0	0	0.27
27400	0.27	0.55	0.55	0	0	0.27
27500	0.27	0.55	0.55	0	0	0.27
27600	0.27	0.55	0.55	0	0	0.27
27700	0.27	0.57	0.57	0	0	0.27
27800	0.27	0.57	0.57	0	0	0.27
27900	0.27	0.57	0.57	0	0	0.27
28000	0.27	0.57	0.57	0	0	0.27
28100	0.27	0.57	0.57	0	0	0.27
28200	0.27	0.57	0.57	0	0	0.27
28300	0.27	0.57	0.57	0	0	0.27
28400	0.27	0.57	0.57	0	0	0.27
28500	0.27	0.57	0.57	0	0	0.27
28600	0.27	0.57	0.57	0	0	0.27
28700	0.27	0.57	0.57	0	0	0.27
28800	0.27	0.57	0.57	0	0	0.27
28900	0.27	0.57	0.57	0	0	0.27
29000	0.27	0.56	0.56	0	0	0.27
29100	0.27	0.56	0.56	0	0	0.27
29200	0.27	0.56	0.56	0	0	0.27
29300	0.27	0.56	0.56	0	0	0.27
29400	0.27	0.56	0.56	0	0	0.27
29500	0.27	0.56	0.56	0	0	0.27
29600	0.27	0.56	0.56	0	0	0.27
29700	0.27	0.56	0.56	0	0	0.27
29800	0.27	0.56	0.56	0	0	0.27
29900	0.27	0.56	0.56	0	0	0.27
30000	0.27	0.56	0.56	0	0	0.27
30100	0.26	0.56	0.56	0	0	0.26
30200	0.26	0.56	0.56	0	0	0.26
30300	0.27	0.56	0.56	0	0	0.27
30400	0.27	0.57	0.57	0	0	0.27
30500	0.27	0.58	0.58	0	0	0.27
30600	0.27	0.58	0.58	0	0	0.27
30700	0.28	0.58	0.58	0	0	0.28
30800	0.28	0.58	0.58	0	0	0.28
30900	0.28	0.58	0.58	0	0	0.28
31000	0.28	0.58	0.58	0	0	0.28
31100	0.27	0.59	0.59	0	0	0.27
31200	0.27	0.59	0.59	0	0	0.27
31300	0.27	0.59	0.59	0	0	0.27
31400	0.27	0.59	0.59	0	0	0.27
31500	0.27	0.59	0.59	0	0	0.27
31600	0.27	0.59	0.59	0	0	0.27
31700	0.27	0.59	0.59	0	0	0.27
31800	0.27	0.59	0.59	0	0	0.27
31900	0.27	0.59	0.59	0	0	0.27
32000	0.27	0.59	0.59	0	0	0.27
32100	0.27	0.59	0.59	0	0	0.27
32200	0.27	0.59	0.59	0	0	0.27
32300	0.27	0.59	0.59	0	0	0.27
32400	0.27	0.59	0.59	0	0	0.27
32500	0.27	0.59	0.59	0	0	0.27
32600	0.27	0.59	0.59	0	0	0.27
32700	0.28	0.59	0.59	0	0	0.28
32800	0.28	0.59	0.59	0	0	0.28
32900	0.28	0.59	0.59	0	0	0.28
33000	0.28	0.6	0.6	0	0	0.28
33100	0.28	0.6	0.6	0	0	0.28
33200	0.28	0.6	0.6	0	0	0.28
33300	0.28	0.6	0.6	0	0	0.28
33400	0.29	0.59	0.59	0	0	0.29
33500	0.29	0.59	0.59	0	0	0.29
33600	0.29	0.59	0.59	0	0	0.29
33700	0.29	0.58	0.58	0	0	0.29
33800	0.29	0.58	0.58	0	0	0.29
33900	0.29	0.58	0.58	0	0	0.29
34000	0.29	0.58	0.58	0	0	0.29
34100	0.29	0.58	0.58	0	0	0.29
34200	0.28	0.57	0.57	0	0	0.28
34300	0.28	0.57	0.57	0	0	0.28
34400	0.28	0.57	0.57	0	0	0.28
34500	0.28	0.57	0.57	0	0	0.28
34600	0.27	0.57	0.57	0	0	0.27
34700	0.28	0.57	0.57	0	0	0.28
34800	0.28	0.56	0.56	0	0	0.28
34900	0.28	0.56	0.56	0	0	0.28
35000	0.28	0.58	0.58	0	0	0.28
35100	0.28	0.57	0.57	0	0	0.28
35200	0.28	0.57	0.57	0	0	0.28
35300	0.28	0.57	0.57	0	0	0.28
35400	0.28	0.57	0.57	0	0	0.28
35500	0.28	0.57	0.57	0	0	0.28
35600	0.29	0.56	0.56	0	0	0.29
35700	0.29	0.56	0.56	0	0	0.29
35800	0.29	0.56	0.56	0	0	0.29
35900	0.29	0.56	0.56	0	0	0.29
36000	0.29	0.56	0.56	0	0	0.29
36100	0.29	0.57	0.57	0	0	0.29
36200	0.29	0.57	0.57	0	0	0.29
36300	0.29	0.57	0.57	0	0	0.29
36400	0.29	0.57	0.57	0	0	0.29
36500	0.29	0.57	0.57	0	0	0.29
36600	0.29	0.57	0.57	0	0	0.29
36700	0.29	0.57	0.57	0	0	0.29
36800	0.29	0.57	0.57	0	0	0.29
36900	0.29	0.57	0.57	0	0	0.29
37000	0.29	0.57	0.57	0	0	0.29
37100	0.29	0.57	0.57	0	0	0.29
37200	0.29	0.56	0.56	0	0	0.29
37300	0.29	0.56	0.56	0	0	0.29
37400	0.29	0.56	0.56	0	0	0.29
37500	0.29	0.56	0.56	0	0	0.29
37600	0.3	0.56	0.56	0	0	0.3
37700	0.3	0.57	0.57	0	0	0.3
37800	0.3	0.57	0.57	0	0	0.3
37900	0.3	0.58	0.58	0	0	0.3
38000	0.3	0.58	0.58	0	0	0.3
38100	0.3	0.58	0.58	0	0	0.3
38200	0.31	0.58	0.58	0	0	0.31
38300	0.29	0.57	0.57	0	0	0.29
38400	0.29	0.58	0.58	0	0	0.29
38500	0.29	0.58	0.58	0	0	0.29
38600	0.29	0.58	0.58	0	0	0.29
38700	0.29	0.58	0.58	0	0	0.29
38800	0.29	0.58	0.58	0	0	0.29
38900	0.29	0.59	0.59	0	0	0.29
39000	0.29	0.59	0.59	0	0	0.29
39100	0.29	0.59	0.59	0	0	0.29
39200	0.29	0.59	0.59	0	0	0.29
39300	0.29	0.59	0.59	0	0	0.29
39400	0.29	0.59	0.59	0	0	0.29
39500	0.29	0.59	0.59	0	0	0.29
39600	0.29	0.6	0.6	0	0	0.29
39700	0.29	0.6	0.6	0	0	0.29
39800	0.29	0.6	0.6	0	0	0.29
39900	0.29	0.6	0.6	0	0	0.29
40000	0.29	0.6	0.6	0	0	0.29
40100	0.29	0.6	0.6	0	0	0.29
40200	0.29	0.6	0.6	0	0	0.29
40300	0.3	0.6	0.6	0	0	0.3
40400	0.3	0.59	0.59	0	0	0.3
40500	0.31	0.59	0.59	0	0	0.31
40600	0.3	0.6	0.6	0	0	0.3
40700	0.3	0.6	0.6	0	0	0.3
40800	0.3	0.59	0.59	0	0	0.3
40900	0.3	0.59	0.59	0	0	0.3
41000	0.3	0.6	0.6	0	0	0.3
41100	0.3	0.59	0.59	0	0	0.3
41200	0.3	0.59	0.59	0	0	0.3
41300	0.3	0.59	0.59	0	0	0.3
41400	0.3	0.59	0.59	0	0	0.3
41500	0.3	0.59	0.59	0	0	0.3
41600	0.3	0.6	0.6	0	0	0.3
41700	0.3	0.59	0.59	0	0	0.3
41800	0.3	0.59	0.59	0	0	0.3
41900	0.3	0.59	0.59	0	0	0.3
42000	0.3	0.59	0.59	0	0	0.3
42100	0.3	0.59	0.59	0	0	0.3
42200	0.3	0.59	0.59	0	0	0.3
42300	0.29	0.59	0.59	0	0	0.29
42400	0.29	0.59	0.59	0	0	0.29
42500	0.29	0.6	0.6	0	0	0.29
42600	0.29	0.59	0.59	0	0	0.29
42700	0.31	0.59	0.59	0	0	0.31
42800	0.31	0.58	0.58	0	0	0.31
42900	0.31	0.58	0.58	0	0	0.31
43000	0.31	0.58	0.58	0	0	0.31
43100	0.31	0.58	0.58	0	0	0.31
43200	0.32	0.59	0.59	0	0	0.32
43300	0.32	0.59	0.59	0	0	0.32
43400	0.31	0.59	0.59	0	0	0.31
43500	0.31	0.58	0.58	0	0	0.31
43600	0.31	0.58	0.58	0	0	0.31
43700	0.3	0.58	0.58	0	0	0.3
43800	0.3	0.59	0.59	0	0	0.3
43900	0.3	0.59	0.59	0	0	0.3
44000	0.3	0.58	0.58	0	0	0.3
44100	0.3	0.57	0.57	0	0	0.3
44200	0.3	0.57	0.57	0	0	0.3
44300	0.3	0.57	0.57	0	0	0.3
44400	0.3	0.57	0.57	0	0	0.3
44500	0.3	0.58	0.58	0	0	0.3
44600	0.3	0.58	0.58	0	0	0.3
44700	0.3	0.58	0.58	0	0	0.3
44800	0.3	0.58	0.58	0	0	0.3
44900	0.3	0.58	0.58	0	0	0.3
45000	0.3	0.58	0.58	0	0	0.3
45100	0.3	0.58	0.58	0	0	0.3
45200	0.3	0.59	0.59	0	0	0.3
45300	0.3	0.59	0.59	0	0	0.3
45400	0.31	0.59	0.59	0	0	0.31
45500	0.31	0.59	0.59	0	0	0.31
45600	0.31	0.59	0.59	0	0	0.31
45700	0.3	0.59	0.59	0	0	0.3
45800	0.3	0.59	0.59	0	0	0.3
45900	0.3	0.59	0.59	0	0	0.3
46000	0.3	0.59	0.59	0	0	0.3
46100	0.3	0.59	0.59	0	0	0.3
46200	0.3	0.58	0.58	0	0	0.3
46300	0.3	0.58	0.58	0	0	0.3
46400	0.3	0.58	0.58	0	0	0.3
46500	0.3	0.58	0.58	0	0	0.3
46600	0.3	0.57	0.57	0	0	0.3
46700	0.3	0.56	0.56	0	0	0.3
46800	0.3	0.55	0.55	0	0	0.3
46900	0.3	0.55	0.55	0	0	0.3
47000	0.3	0.55	0.55	0	0	0.3
47100	0.3	0.55	0.55	0	0	0.3
47200	0.3	0.55	0.55	0	0	0.3
47300	0.3	0.55	0.55	0	0	0.3
47400	0.3	0.55	0.55	0	0	0.3
47500	0.3	0.54	0.54	0	0	0.3
47600	0.3	0.54	0.54	0	0	0.3
47700	0.3	0.54	0.54	0	0	0.3
47800	0.3	0.54	0.54	0	0	0.3
47900	0.3	0.54	0.54	0	0	0.3
48000	0.3	0.55	0.55	0	0	0.3
48100	0.3	0.56	0.56	0	0	0.3
48200	0.3	0.55	0.55	0	0	0.3
48300	0.3	0.55	0.55	0	0	0.3
48400	0.3	0.54	0.54	0	0	0.3
48500	0.3	0.54	0.54	0	0	0.3
48600	0.3	0.54	0.54	0	0	0.3
48700	0.3	0.55	0.55	0	0	0.3
48800	0.3	0.54	0.54	0	0	0.3
48900	0.3	0.54	0.54	0	0	0.3
49000	0.3	0.54	0.54	0	0	0.3
49100	0.3	0.54	0.54	0	0	0.3
49200	0.3	0.54	0.54	0	0	0.3
49300	0.3	0.55	0.55	0	0	0.3
49400	0.31	0.55	0.55	0	0	0.31
49500	0.31	0.57	0.57	0	0	0.31
49600	0.31	0.57	0.57	0	0	0.31
49700	0.31	0.57	0.57	0	0	0.31
49800	0.31	0.57	0.57	0	0	0.31
49900	0.31	0.57	0.57	0	0	0.31
50000	0.31	0.57	0.57	0	0	0.31
50100	0.31	0.57	0.57	0	0	0.31
50200	0.31	0.57	0.57	0	0	0.31
50300	0.31	0.56	0.56	0	0	0.31
50400	0.31	0.56	0.56	0	0	0.31
50500	0.31	0.56	0.56	0	0	0.31
50600	0.31	0.56	0.56	0	0	0.31
50700	0.31	0.56	0.56	0	0	0.31
50800	0.31	0.56	0.56	0	0	0.31
50900	0.31	0.56	0.56	0	0	0.31
51000	0.31	0.56	0.56	0	0	0.31
51100	0.31	0.56	0.56	0	0	0.31
51200	0.31	0.56	0.56	0	0	0.31
51300	0.31	0.57	0.57	0	0	0.31
51400	0.31	0.57	0.57	0	0	0.31
51500	0.31	0.57	0.57	0	0	0.31
51600	0.31	0.58	0.58	0	0	0.31
51700	0.31	0.58	0.58	0	0	0.31
51800	0.31	0.58	0.58	0	0	0.31
51900	0.32	0.58	0.58	0	0	0.32
52000	0.32	0.58	0.58	0	0	0.32
52100	0.32	0.58	0.58	0	0	0.32
52200	0.32	0.58	0.58	0	0	0.32
52300	0.32	0.58	0.58	0	0	0.32
52400	0.32	0.59	0.59	0	0	0.32
52500	0.31	0.58	0.58	0	0	0.31
52600	0.31	0.58	0.58	0	0	0.31
52700	0.31	0.56	0.56	0	0	0.31
52800	0.31	0.56	0.56	0	0	0.31
52900	0.3	0.57	0.57	0	0	0.3
53000	0.3	0.55	0.55	0	0	0.3
53100	0.3	0.55	0.55	0	0	0.3
53200	0.29	0.55	0.55	0	0	0.29
53300	0.29	0.55	0.55	0	0	0.29
53400	0.29	0.55	0.55	0	0	0.29
53500	0.29	0.54	0.54	0	0	0.29
53600	0.28	0.54	0.54	0	0	0.28
53700	0.28	0.55	0.55	0	0	0.28
53800	0.28	0.55	0.55	0	0	0.28
53900	0.28	0.55	0.55	0	0	0.28
54000	0.28	0.55	0.55	0	0	0.28
54100	0.28	0.55	0.55	0	0	0.28
54200	0.28	0.56	0.56	0	0	0.28
54300	0.28	0.56	0.56	0	0	0.28
54400	0.28	0.56	0.56	0	0	0.28
54500	0.28	0.56	0.56	0	0	0.28
54600	0.28	0.57	0.57	0	0	0.28
54700	0.28	0.58	0.58	0	0	0.28
54800	0.28	0.58	0.58	0	0	0.28
54900	0.28	0.58	0.58	0	0	0.28
55000	0.28	0.59	0.59	0	0	0.28
55100	0.28	0.58	0.58	0	0	0.28
55200	0.28	0.58	0.58	0	0	0.28
55300	0.3	0.58	0.58	0	0	0.3
55400	0.3	0.58	0.58	0	0	0.3
55500	0.29	0.58	0.58	0	0	0.29
55600	0.29	0.58	0.58	0	0	0.29
55700	0.29	0.58	0.58	0	0	0.29
55800	0.29	0.58	0.58	0	0	0.29
55900	0.29	0.58	0.58	0	0	0.29
56000	0.29	0.59	0.59	0	0	0.29
56100	0.29	0.59	0.59	0	0	0.29
56200	0.29	0.59	0.59	0	0	0.29
56300	0.29	0.59	0.59	0	0	0.29
56400	0.29	0.59	0.59	0	0	0.29
56500	0.29	0.59	0.59	0	0	0.29
56600	0.29	0.59	0.59	0	0	0.29
56700	0.29	0.59	0.59	0	0	0.29
56800	0.29	0.57	0.57	0	0	0.29
56900	0.29	0.57	0.57	0	0	0.29
57000	0.29	0.57	0.57	0	0	0.29
57100	0.3	0.56	0.56	0	0	0.3
57200	0.3	0.56	0.56	0	0	0.3
57300	0.3	0.56	0.56	0	0	0.3
57400	0.3	0.56	0.56	0	0	0.3
57500	0.3	0.57	0.57	0	0	0.3
57600	0.3	0.57	0.57	0	0	0.3
57700	0.3	0.57	0.57	0	0	0.3
57800	0.3	0.57	0.57	0	0	0.3
57900	0.3	0.56	0.56	0	0	0.3
58000	0.3	0.56	0.56	0	0	0.3
58100	0.3	0.56	0.56	0	0	0.3
58200	0.3	0.56	0.56	0	0	0.3
58300	0.3	0.56	0.56	0	0	0.3
58400	0.3	0.57	0.57	0	0	0.3
58500	0.31	0.57	0.57	0	0	0.31
58600	0.31	0.57	0.57	0	0	0.31
58700	0.3	0.57	0.57	0	0	0.3
58800	0.3	0.57	0.57	0	0	0.3
58900	0.3	0.56	0.56	0	0	0.3
59000	0.3	0.56	0.56	0	0	0.3
59100	0.29	0.56	0.56	0	0	0.29
59200	0.29	0.56	0.56	0	0	0.29
59300	0.29	0.55	0.55	0	0	0.29
59400	0.29	0.55	0.55	0	0	0.29
59500	0.29	0.56	0.56	0	0	0.29
59600	0.3	0.56	0.56	0	0	0.3
59700	0.3	0.56	0.56	0	0	0.3
59800	0.3	0.56	0.56	0	0	0.3
59900	0.3	0.57	0.57	0	0	0.3
60000	0.3	0.57	0.57	0	0	0.3
60100	0.3	0.57	0.57	0	0	0.3
60200	0.3	0.57	0.57	0	0	0.3
60300	0.3	0.57	0.57	0	0	0.3
60400	0.3	0.57	0.57	0	0	0.3
60500	0.3	0.56	0.56	0	0	0.3
60600	0.3	0.56	0.56	0	0	0.3
60700	0.29	0.56	0.56	0	0	0.29
60800	0.29	0.56	0.56	0	0	0.29
60900	0.28	0.56	0.56	0	0	0.28
61000	0.29	0.56	0.56	0	0	0.29
61100	0.29	0.57	0.57	0	0	0.29
61200	0.29	0.56	0.56	0	0	0.29
61300	0.29	0.56	0.56	0	0	0.29
61400	0.3	0.56	0.56	0	0	0.3
61500	0.29	0.56	0.56	0	0	0.29
61600	0.29	0.56	0.56	0	0	0.29
61700	0.29	0.56	0.56	0	0	0.29
61800	0.29	0.56	0.56	0	0	0.29
61900	0.29	0.56	0.56	0	0	0.29
62000	0.29	0.56	0.56	0	0	0.29
62100	0.29	0.56	0.56	0	0	0.29
62200	0.29	0.56	0.56	0	0	0.29
62300	0.29	0.56	0.56	0	0	0.29
62400	0.29	0.56	0.56	0	0	0.29
62500	0.29	0.56	0.56	0	0	0.29
62600	0.3	0.56	0.56	0	0	0.3
62700	0.31	0.56	0.56	0	0	0.31
62800	0.3	0.56	0.56	0	0	0.3
62900	0.3	0.56	0.56	0	0	0.3
63000	0.3	0.56	0.56	0	0	0.3
63100	0.31	0.55	0.55	0	0	0.31
63200	0.31	0.55	0.55	0	0	0.31
63300	0.31	0.55	0.55	0	0	0.31
63400	0.32	0.55	0.55	0	0	0.32
63500	0.32	0.55	0.55	0	0	0.32
63600	0.32	0.55	0.55	0	0	0.32
63700	0.32	0.54	0.54	0	0	0.32
63800	0.32	0.54	0.54	0	0	0.32
63900	0.32	0.54	0.54	0	0	0.32
64000	0.32	0.53	0.53	0	0	0.32
64100	0.32	0.53	0.53	0	0	0.32
64200	0.32	0.52	0.52	0	0	0.32
64300	0.32	0.52	0.52	0	0	0.32
64400	0.32	0.52	0.52	0	0	0.32
64500	0.32	0.52	0.52	0	0	0.32
64600	0.32	0.52	0.52	0	0	0.32
64700	0.32	0.52	0.52	0	0	0.32
64800	0.32	0.52	0.52	0	0	0.32
64900	0.32	0.52	0.52	0	0	0.32
65000	0.33	0.52	0.52	0	0	0.33
65100	0.33	0.52	0.52	0	0	0.33
65200	0.33	0.53	0.53	0	0	0.33
65300	0.33	0.53	0.53	0	0	0.33
65400	0.33	0.53	0.53	0	0	0.33
65500	0.33	0.53	0.53	0	0	0.33
65600	0.33	0.53	0.53	0	0	0.33
65700	0.33	0.53	0.53	0	0	0.33
65800	0.33	0.53	0.53	0	0	0.33
65900	0.33	0.53	0.53	0	0	0.33
66000	0.33	0.53	0.53	0	0	0.33
66100	0.33	0.53	0.53	0	0	0.33
66200	0.33	0.53	0.53	0	0	0.33
66300	0.32	0.53	0.53	0	0	0.32
66400	0.32	0.52	0.52	0	0	0.32
66500	0.32	0.52	0.52	0	0	0.32
66600	0.32	0.52	0.52	0	0	0.32
66700	0.32	0.52	0.52	0	0	0.32
66800	0.32	0.52	0.52	0	0	0.32
66900	0.32	0.52	0.52	0	0	0.32
67000	0.32	0.52	0.52	0	0	0.32
67100	0.32	0.52	0.52	0	0	0.32
67200	0.32	0.52	0.52	0	0	0.32
67300	0.32	0.52	0.52	0	0	0.32
67400	0.32	0.52	0.52	0	0	0.32
67500	0.32	0.52	0.52	0	0	0.32
67600	0.32	0.52	0.52	0	0	0.32
67700	0.32	0.52	0.52	0	0	0.32
67800	0.32	0.52	0.52	0	0	0.32
67900	0.32	0.52	0.52	0	0	0.32
68000	0.32	0.52	0.52	0	0	0.32
68100	0.32	0.52	0.52	0	0	0.32
68200	0.32	0.52	0.52	0	0	0.32
68300	0.31	0.52	0.52	0	0	0.31
68400	0.31	0.52	0.52	0	0	0.31
68500	0.31	0.52	0.52	0	0	0.31
68600	0.31	0.52	0.52	0	0	0.31
68700	0.31	0.52	0.52	0	0	0.31
68800	0.31	0.53	0.53	0	0	0.31
68900	0.31	0.52	0.52	0	0	0.31
69000	0.31	0.52	0.52	0	0	0.31
69100	0.31	0.52	0.52	0	0	0.31
69200	0.31	0.52	0.52	0	0	0.31
69300	0.31	0.52	0.52	0	0	0.31
69400	0.31	0.52	0.52	0	0	0.31
69500	0.31	0.52	0.52	0	0	0.31
69600	0.32	0.52	0.52	0	0	0.32
69700	0.32	0.52	0.52	0	0	0.32
69800	0.32	0.52	0.52	0	0	0.32
69900	0.33	0.52	0.52	0	0	0.33
70000	0.33	0.52	0.52	0	0	0.33
70100	0.33	0.52	0.52	0	0	0.33
70200	0.33	0.52	0.52	0	0	0.33
70300	0.33	0.52	0.52	0	0	0.33
70400	0.33	0.52	0.52	0	0	0.33
70500	0.33	0.52	0.52	0	0	0.33
70600	0.33	0.52	0.52	0	0	0.33
70700	0.33	0.52	0.52	0	0	0.33
70800	0.33	0.52	0.52	0	0	0.33
70900	0.33	0.52	0.52	0	0	0.33
71000	0.34	0.52	0.52	0	0	0.34
71100	0.34	0.52	0.52	0	0	0.34
71200	0.33	0.52	0.52	0	0	0.33
71300	0.33	0.52	0.52	0	0	0.33
71400	0.33	0.52	0.52	0	0	0.33
71500	0.33	0.52	0.52	0	0	0.33
71600	0.33	0.52	0.52	0	0	0.33
71700	0.33	0.52	0.52	0	0	0.33
71800	0.33	0.52	0.52	0	0	0.33
71900	0.33	0.52	0.52	0	0	0.33
72000	0.33	0.52	0.52	0	0	0.33
72100	0.33	0.52	0.52	0	0	0.33
72200	0.33	0.52	0.52	0	0	0.33
72300	0.33	0.52	0.52	0	0	0.33
72400	0.33	0.52	0.52	0	0	0.33
72500	0.33	0.52	0.52	0	0	0.33
72600	0.33	0.52	0.52	0	0	0.33
72700	0.33	0.52	0.52	0	0	0.33
72800	0.33	0.52	0.52	0	0	0.33
72900	0.33	0.52	0.52	0	0	0.33
73000	0.33	0.52	0.52	0	0	0.33
73100	0.33	0.52	0.52	0	0	0.33
73200	0.33	0.52	0.52	0	0	0.33
73300	0.34	0.52	0.52	0	0	0.34
73400	0.34	0.52	0.52	0	0	0.34
73500	0.34	0.52	0.52	0	0	0.34
73600	0.34	0.51	0.51	0	0	0.34
73700	0.34	0.52	0.52	0	0	0.34
73800	0.33	0.51	0.51	0	0	0.33
73900	0.33	0.51	0.51	0	0	0.33
74000	0.33	0.51	0.51	0	0	0.33
74100	0.33	0.51	0.51	0	0	0.33
74200	0.33	0.51	0.51	0	0	0.33
74300	0.33	0.51	0.51	0	0	0.33
74400	0.33	0.51	0.51	0	0	0.33
74500	0.33	0.51	0.51	0	0	0.33
74600	0.33	0.51	0.51	0	0	0.33
74700	0.34	0.5	0.5	0	0	0.34
74800	0.33	0.5	0.5	0	0	0.33
74900	0.32	0.5	0.5	0	0	0.32
75000	0.32	0.51	0.51	0	0	0.32
75100	0.32	0.5	0.5	0	0	0.32
75200	0.32	0.5	0.5	0	0	0.32
75300	0.31	0.5	0.5	0	0	0.31
75400	0.3	0.5	0.5	0	0	0.3
75500	0.3	0.5	0.5	0	0	0.3
75600	0.3	0.5	0.5	0	0	0.3
75700	0.29	0.5	0.5	0	0	0.29
75800	0.29	0.5	0.5	0	0	0.29
75900	0.29	0.5	0.5	0	0	0.29
76000	0.29	0.5	0.5	0	0	0.29
76100	0.29	0.5	0.5	0	0	0.29
76200	0.29	0.51	0.51	0	0	0.29
76300	0.29	0.51	0.51	0	0	0.29
76400	0.3	0.51	0.51	0	0	0.3
76500	0.3	0.51	0.51	0	0	0.3
76600	0.3	0.52	0.52	0	0	0.3
76700	0.31	0.52	0.52	0	0	0.31
76800	0.3	0.52	0.52	0	0	0.3
76900	0.3	0.51	0.51	0	0	0.3
77000	0.3	0.51	0.51	0	0	0.3
77100	0.3	0.51	0.51	0	0	0.3
77200	0.3	0.51	0.51	0	0	0.3
77300	0.3	0.51	0.51	0	0	0.3
77400	0.3	0.51	0.51	0	0	0.3
77500	0.3	0.51	0.51	0	0	0.3
77600	0.3	0.51	0.51	0	0	0.3
77700	0.3	0.51	0.51	0	0	0.3
77800	0.3	0.51	0.51	0	0	0.3
77900	0.31	0.53	0.53	0	0	0.31
78000	0.31	0.53	0.53	0	0	0.31
78100	0.31	0.53	0.53	0	0	0.31
78200	0.31	0.53	0.53	0	0	0.31
78300	0.31	0.53	0.53	0	0	0.31
78400	0.31	0.53	0.53	0	0	0.31
78500	0.31	0.53	0.53	0	0	0.31
78600	0.31	0.53	0.53	0	0	0.31
78700	0.31	0.53	0.53	0	0	0.31
78800	0.31	0.53	0.53	0	0	0.31
78900	0.31	0.53	0.53	0	0	0.31
79000	0.31	0.53	0.53	0	0	0.31
79100	0.31	0.53	0.53	0	0	0.31
79200	0.31	0.53	0.53	0	0	0.31
79300	0.31	0.53	0.53	0	0	0.31
79400	0.31	0.53	0.53	0	0	0.31
79500	0.31	0.53	0.53	0	0	0.31
79600	0.31	0.53	0.53	0	0	0.31
79700	0.31	0.53	0.53	0	0	0.31
79800	0.31	0.53	0.53	0	0	0.31
79900	0.31	0.53	0.53	0	0	0.31
80000	0.31	0.53	0.53	0	0	0.31
80100	0.31	0.54	0.54	0	0	0.31
80200	0.31	0.54	0.54	0	0	0.31
80300	0.31	0.54	0.54	0	0	0.31
80400	0.31	0.54	0.54	0	0	0.31
80500	0.3	0.54	0.54	0	0	0.3
80600	0.3	0.54	0.54	0	0	0.3
80700	0.3	0.54	0.54	0	0	0.3
80800	0.31	0.54	0.54	0	0	0.31
80900	0.3	0.54	0.54	0	0	0.3
81000	0.3	0.54	0.54	0	0	0.3
81100	0.3	0.54	0.54	0	0	0.3
81200	0.3	0.54	0.54	0	0	0.3
81300	0.3	0.55	0.55	0	0	0.3
81400	0.3	0.55	0.55	0	0	0.3
81500	0.3	0.55	0.55	0	0	0.3
81600	0.3	0.55	0.55	0	0	0.3
81700	0.3	0.55	0.55	0	0	0.3
81800	0.3	0.55	0.55	0	0	0.3
81900	0.3	0.55	0.55	0	0	0.3
82000	0.3	0.55	0.55	0	0	0.3
82100	0.3	0.55	0.55	0	0	0.3
82200	0.3	0.55	0.55	0	0	0.3
82300	0.3	0.55	0.55	0	0	0.3
82400	0.3	0.55	0.55	0	0	0.3
82500	0.3	0.55	0.55	0	0	0.3
82600	0.3	0.55	0.55	0	0	0.3
82700	0.3	0.55	0.55	0	0	0.3
82800	0.3	0.56	0.56	0	0	0.3
82900	0.3	0.57	0.57	0	0	0.3
83000	0.3	0.56	0.56	0	0	0.3
83100	0.3	0.56	0.56	0	0	0.3
83200	0.31	0.56	0.56	0	0	0.31
83300	0.31	0.56	0.56	0	0	0.31
83400	0.31	0.56	0.56	0	0	0.31
83500	0.31	0.56	0.56	0	0	0.31
83600	0.31	0.57	0.57	0	0	0.31
83700	0.31	0.57	0.57	0	0	0.31
83800	0.31	0.57	0.57	0	0	0.31
83900	0.31	0.57	0.57	0	0	0.31
84000	0.31	0.57	0.57	0	0	0.31
84100	0.31	0.56	0.56	0	0	0.31
84200	0.31	0.56	0.56	0	0	0.31
84300	0.31	0.55	0.55	0	0	0.31
84400	0.31	0.55	0.55	0	0	0.31
84500	0.31	0.55	0.55	0	0	0.31
84600	0.31	0.55	0.55	0	0	0.31
84700	0.31	0.55	0.55	0	0	0.31
84800	0.31	0.55	0.55	0	0	0.31
84900	0.31	0.55	0.55	0	0	0.31
85000	0.31	0.55	0.55	0	0	0.31
85100	0.31	0.55	0.55	0	0	0.31
85200	0.31	0.55	0.55	0	0	0.31
85300	0.31	0.56	0.56	0	0	0.31
85400	0.31	0.55	0.55	0	0	0.31
85500	0.31	0.55	0.55	0	0	0.31
85600	0.31	0.55	0.55	0	0	0.31
85700	0.31	0.55	0.55	0	0	0.31
85800	0.31	0.55	0.55	0	0	0.31
85900	0.31	0.55	0.55	0	0	0.31
86000	0.31	0.54	0.54	0	0	0.31
86100	0.31	0.54	0.54	0	0	0.31
86200	0.31	0.54	0.54	0	0	0.31
86300	0.31	0.54	0.54	0	0	0.31
86400	0.31	0.55	0.55	0	0	0.31
86500	0.31	0.54	0.54	0	0	0.31
86600	0.31	0.54	0.54	0	0	0.31
86700	0.31	0.54	0.54	0	0	0.31
86800	0.31	0.54	0.54	0	0	0.31
86900	0.31	0.54	0.54	0	0	0.31
87000	0.31	0.53	0.53	0	0	0.31
87100	0.31	0.53	0.53	0	0	0.31
87200	0.31	0.53	0.53	0	0	0.31
87300	0.31	0.54	0.54	0	0	0.31
87400	0.31	0.54	0.54	0	0	0.31
87500	0.31	0.54	0.54	0	0	0.31
87600	0.31	0.53	0.53	0	0	0.31
87700	0.31	0.54	0.54	0	0	0.31
87800	0.31	0.54	0.54	0	0	0.31
87900	0.31	0.54	0.54	0	0	0.31
88000	0.31	0.55	0.55	0	0	0.31
88100	0.32	0.55	0.55	0	0	0.32
88200	0.32	0.55	0.55	0	0	0.32
88300	0.32	0.55	0.55	0	0	0.32
88400	0.32	0.56	0.56	0	0	0.32
88500	0.32	0.56	0.56	0	0	0.32
88600	0.32	0.56	0.56	0	0	0.32
88700	0.32	0.57	0.57	0	0	0.32
88800	0.32	0.57	0.57	0	0	0.32
88900	0.32	0.58	0.58	0	0	0.32
89000	0.31	0.58	0.58	0	0	0.31
89100	0.32	0.58	0.58	0	0	0.32
89200	0.32	0.58	0.58	0	0	0.32
89300	0.32	0.58	0.58	0	0	0.32
89400	0.32	0.58	0.58	0	0	0.32
89500	0.32	0.58	0.58	0	0	0.32
89600	0.32	0.58	0.58	0	0	0.32
89700	0.32	0.58	0.58	0	0	0.32
89800	0.32	0.59	0.59	0	0	0.32
89900	0.32	0.59	0.59	0	0	0.32
90000	0.32	0.59	0.59	0	0	0.32
90100	0.32	0.59	0.59	0	0	0.32
90200	0.32	0.59	0.59	0	0	0.32
90300	0.32	0.59	0.59	0	0	0.32
90400	0.32	0.59	0.59	0	0	0.32
90500	0.32	0.58	0.58	0	0	0.32
90600	0.32	0.59	0.59	0	0	0.32
90700	0.32	0.59	0.59	0	0	0.32
90800	0.32	0.59	0.59	0	0	0.32
90900	0.32	0.59	0.59	0	0	0.32
91000	0.32	0.59	0.59	0	0	0.32
91100	0.32	0.59	0.59	0	0	0.32
91200	0.32	0.59	0.59	0	0	0.32
91300	0.32	0.59	0.59	0	0	0.32
91400	0.32	0.59	0.59	0	0	0.32
91500	0.32	0.59	0.59	0	0	0.32
91600	0.32	0.59	0.59	0	0	0.32
91700	0.32	0.59	0.59	0	0	0.32
91800	0.32	0.59	0.59	0	0	0.32
91900	0.32	0.59	0.59	0	0	0.32
92000	0.32	0.58	0.58	0	0	0.32
92100	0.33	0.58	0.58	0	0	0.33
92200	0.33	0.58	0.58	0	0	0.33
92300	0.33	0.58	0.58	0	0	0.33
92400	0.33	0.58	0.58	0	0	0.33
92500	0.33	0.58	0.58	0	0	0.33
92600	0.33	0.59	0.59	0	0	0.33
92700	0.33	0.6	0.6	0	0	0.33
92800	0.33	0.59	0.59	0	0	0.33
92900	0.33	0.59	0.59	0	0	0.33
93000	0.33	0.59	0.59	0	0	0.33
93100	0.33	0.59	0.59	0	0	0.33
93200	0.33	0.59	0.59	0	0	0.33
93300	0.33	0.59	0.59	0	0	0.33
93400	0.33	0.59	0.59	0	0	0.33
93500	0.33	0.59	0.59	0	0	0.33
93600	0.33	0.59	0.59	0	0	0.33
93700	0.33	0.59	0.59	0	0	0.33
93800	0.33	0.59	0.59	0	0	0.33
93900	0.33	0.6	0.6	0	0	0.33
94000	0.33	0.6	0.6	0	0	0.33
94100	0.33	0.6	0.6	0	0	0.33
94200	0.33	0.6	0.6	0	0	0.33
94300	0.33	0.6	0.6	0	0	0.33
94400	0.33	0.6	0.6	0	0	0.33
94500	0.32	0.6	0.6	0	0	0.32
94600	0.32	0.6	0.6	0	0	0.32
94700	0.32	0.6	0.6	0	0	0.32
94800	0.32	0.6	0.6	0	0	0.32
94900	0.32	0.6	0.6	0	0	0.32
95000	0.32	0.6	0.6	0	0	0.32
95100	0.32	0.6	0.6	0	0	0.32
95200	0.32	0.59	0.59	0	0	0.32
95300	0.32	0.59	0.59	0	0	0.32
95400	0.32	0.59	0.59	0	0	0.32
95500	0.32	0.59	0.59	0	0	0.32
95600	0.32	0.59	0.59	0	0	0.32
95700	0.32	0.59	0.59	0	0	0.32
95800	0.32	0.59	0.59	0	0	0.32
95900	0.32	0.58	0.58	0	0	0.32
96000	0.32	0.58	0.58	0	0	0.32
96100	0.32	0.58	0.58	0	0	0.32
96200	0.32	0.57	0.57	0	0	0.32
96300	0.32	0.57	0.57	0	0	0.32
96400	0.32	0.57	0.57	0	0	0.32
96500	0.32	0.57	0.57	0	0	0.32
96600	0.31	0.57	0.57	0	0	0.31
96700	0.31	0.57	0.57	0	0	0.31
96800	0.31	0.57	0.57	0	0	0.31
96900	0.31	0.57	0.57	0	0	0.31
97000	0.32	0.57	0.57	0	0	0.32
97100	0.32	0.57	0.57	0	0	0.32
97200	0.33	0.57	0.57	0	0	0.33
97300	0.33	0.57	0.57	0	0	0.33
97400	0.33	0.57	0.57	0	0	0.33
97500	0.33	0.57	0.57	0	0	0.33
97600	0.33	0.57	0.57	0	0	0.33
97700	0.33	0.57	0.57	0	0	0.33
97800	0.33	0.56	0.56	0	0	0.33
97900	0.33	0.56	0.56	0	0	0.33
98000	0.33	0.55	0.55	0	0	0.33
98100	0.33	0.55	0.55	0	0	0.33
98200	0.33	0.56	0.56	0	0	0.33
98300	0.32	0.55	0.55	0	0	0.32
98400	0.33	0.55	0.55	0	0	0.33
98500	0.33	0.55	0.55	0	0	0.33
98600	0.33	0.55	0.55	0	0	0.33
98700	0.33	0.55	0.55	0	0	0.33
98800	0.33	0.55	0.55	0	0	0.33
98900	0.33	0.55	0.55	0	0	0.33
99000	0.33	0.55	0.55	0	0	0.33
99100	0.33	0.55	0.55	0	0	0.33
99200	0.33	0.55	0.55	0	0	0.33
99300	0.33	0.55	0.55	0	0	0.33
99400	0.33	0.55	0.55	0	0	0.33
99500	0.33	0.55	0.55	0	0	0.33
99600	0.33	0.55	0.55	0	0	0.33
99700	0.33	0.55	0.55	0	0	0.33
99800	0.33	0.55	0.55	0	0	0.33
99900	0.33	0.55	0.55	0	0	0.33
100000	0.33	0.55	0.55	0	0	0.33
