100	0.04	0.09	0.09	0	0	0.04
200	0.08	0.11	0.11	0	0	0.08
300	0.1	0.11	0.11	0	0	0.1
400	0.11	0.11	0.11	0	0	0.11
500	0.11	0.15	0.15	0	0	0.11
600	0.12	0.15	0.15	0	0	0.12
700	0.12	0.15	0.15	0	0	0.12
800	0.12	0.15	0.15	0	0	0.12
900	0.13	0.17	0.17	0	0	0.13
1000	0.13	0.21	0.21	0	0	0.13
1100	0.13	0.22	0.22	0	0	0.13
1200	0.13	0.22	0.22	0	0	0.13
1300	0.14	0.23	0.23	0	0	0.14
1400	0.14	0.23	0.23	0	0	0.14
1500	0.14	0.23	0.23	0	0	0.14
1600	0.15	0.24	0.24	0	0	0.15
1700	0.14	0.24	0.24	0	0	0.14
1800	0.14	0.25	0.25	0	0	0.14
1900	0.15	0.25	0.25	0	0	0.15
2000	0.15	0.26	0.26	0	0	0.15
2100	0.15	0.27	0.27	0	0	0.15
2200	0.17	0.28	0.28	0	0	0.17
2300	0.17	0.28	0.28	0	0	0.17
2400	0.17	0.28	0.28	0	0	0.17
2500	0.17	0.29	0.29	0	0	0.17
2600	0.17	0.29	0.29	0	0	0.17
2700	0.17	0.3	0.3	0	0	0.17
2800	0.17	0.29	0.29	0	0	0.17
2900	0.2	0.31	0.31	0	0	0.2
3000	0.19	0.31	0.31	0	0	0.19
3100	0.21	0.33	0.33	0	0	0.21
3200	0.21	0.34	0.34	0	0	0.21
3300	0.21	0.34	0.34	0	0	0.21
3400	0.21	0.33	0.33	0	0	0.21
3500	0.21	0.35	0.35	0	0	0.21
3600	0.21	0.35	0.35	0	0	0.21
3700	0.21	0.35	0.35	0	0	0.21
3800	0.23	0.35	0.35	0	0	0.23
3900	0.23	0.35	0.35	0	0	0.23
4000	0.23	0.37	0.37	0	0	0.23
4100	0.23	0.37	0.37	0	0	0.23
4200	0.23	0.38	0.38	0	0	0.23
4300	0.23	0.39	0.39	0	0	0.23
4400	0.23	0.39	0.39	0	0	0.23
4500	0.23	0.39	0.39	0	0	0.23
4600	0.23	0.4	0.4	0	0	0.23
4700	0.23	0.4	0.4	0	0	0.23
4800	0.24	0.41	0.41	0	0	0.24
4900	0.24	0.42	0.42	0	0	0.24
5000	0.24	0.42	0.42	0	0	0.24
5100	0.24	0.42	0.42	0	0	0.24
5200	0.24	0.43	0.43	0	0	0.24
5300	0.24	0.42	0.42	0	0	0.24
5400	0.25	0.4	0.4	0	0	0.25
5500	0.25	0.4	0.4	0	0	0.25
5600	0.25	0.39	0.39	0	0	0.25
5700	0.25	0.39	0.39	0	0	0.25
5800	0.25	0.4	0.4	0	0	0.25
5900	0.25	0.39	0.39	0	0	0.25
6000	0.26	0.4	0.4	0	0	0.26
6100	0.27	0.41	0.41	0	0	0.27
6200	0.27	0.42	0.42	0	0	0.27
6300	0.27	0.42	0.42	0	0	0.27
6400	0.28	0.42	0.42	0	0	0.28
6500	0.28	0.42	0.42	0	0	0.28
6600	0.28	0.43	0.43	0	0	0.28
6700	0.28	0.43	0.43	0	0	0.28
6800	0.28	0.43	0.43	0	0	0.28
6900	0.28	0.43	0.43	0	0	0.28
7000	0.29	0.43	0.43	0	0	0.29
7100	0.28	0.45	0.45	0	0	0.28
7200	0.28	0.44	0.44	0	0	0.28
7300	0.29	0.43	0.43	0	0	0.29
7400	0.29	0.43	0.43	0	0	0.29
7500	0.29	0.44	0.44	0	0	0.29
7600	0.29	0.45	0.45	0	0	0.29
7700	0.29	0.46	0.46	0	0	0.29
7800	0.29	0.46	0.46	0	0	0.29
7900	0.29	0.46	0.46	0	0	0.29
8000	0.29	0.46	0.46	0	0	0.29
8100	0.29	0.45	0.45	0	0	0.29
8200	0.29	0.45	0.45	0	0	0.29
8300	0.29	0.44	0.44	0	0	0.29
8400	0.29	0.44	0.44	0	0	0.29
8500	0.29	0.45	0.45	0	0	0.29
8600	0.29	0.46	0.46	0	0	0.29
8700	0.29	0.46	0.46	0	0	0.29
8800	0.29	0.45	0.45	0	0	0.29
8900	0.29	0.45	0.45	0	0	0.29
9000	0.3	0.45	0.45	0	0	0.3
9100	0.3	0.45	0.45	0	0	0.3
9200	0.31	0.44	0.44	0	0	0.31
9300	0.31	0.44	0.44	0	0	0.31
9400	0.31	0.45	0.45	0	0	0.31
9500	0.31	0.45	0.45	0	0	0.31
9600	0.31	0.45	0.45	0	0	0.31
9700	0.31	0.45	0.45	0	0	0.31
9800	0.31	0.46	0.46	0	0	0.31
9900	0.31	0.47	0.47	0	0	0.31
10000	0.31	0.47	0.47	0	0	0.31
10100	0.32	0.47	0.47	0	0	0.32
10200	0.32	0.48	0.48	0	0	0.32
10300	0.32	0.49	0.49	0	0	0.32
10400	0.32	0.49	0.49	0	0	0.32
10500	0.32	0.5	0.5	0	0	0.32
10600	0.32	0.5	0.5	0	0	0.32
10700	0.32	0.49	0.49	0	0	0.32
10800	0.32	0.51	0.51	0	0	0.32
10900	0.32	0.49	0.49	0	0	0.32
11000	0.32	0.49	0.49	0	0	0.32
11100	0.32	0.49	0.49	0	0	0.32
11200	0.32	0.49	0.49	0	0	0.32
11300	0.32	0.49	0.49	0	0	0.32
11400	0.32	0.49	0.49	0	0	0.32
11500	0.32	0.49	0.49	0	0	0.32
11600	0.32	0.49	0.49	0	0	0.32
11700	0.32	0.49	0.49	0	0	0.32
11800	0.32	0.5	0.5	0	0	0.32
11900	0.32	0.5	0.5	0	0	0.32
12000	0.32	0.5	0.5	0	0	0.32
12100	0.32	0.5	0.5	0	0	0.32
12200	0.32	0.51	0.51	0	0	0.32
12300	0.33	0.51	0.51	0	0	0.33
12400	0.34	0.51	0.51	0	0	0.34
12500	0.34	0.52	0.52	0	0	0.34
12600	0.34	0.52	0.52	0	0	0.34
12700	0.34	0.52	0.52	0	0	0.34
12800	0.34	0.52	0.52	0	0	0.34
12900	0.34	0.51	0.51	0	0	0.34
13000	0.34	0.51	0.51	0	0	0.34
13100	0.34	0.52	0.52	0	0	0.34
13200	0.34	0.52	0.52	0	0	0.34
13300	0.34	0.53	0.53	0	0	0.34
13400	0.34	0.53	0.53	0	0	0.34
13500	0.34	0.53	0.53	0	0	0.34
13600	0.33	0.53	0.53	0	0	0.33
13700	0.33	0.53	0.53	0	0	0.33
13800	0.33	0.53	0.53	0	0	0.33
13900	0.33	0.54	0.54	0	0	0.33
14000	0.33	0.54	0.54	0	0	0.33
14100	0.33	0.55	0.55	0	0	0.33
14200	0.33	0.54	0.54	0	0	0.33
14300	0.33	0.54	0.54	0	0	0.33
14400	0.33	0.54	0.54	0	0	0.33
14500	0.33	0.54	0.54	0	0	0.33
14600	0.33	0.54	0.54	0	0	0.33
14700	0.33	0.54	0.54	0	0	0.33
14800	0.33	0.54	0.54	0	0	0.33
14900	0.33	0.54	0.54	0	0	0.33
15000	0.33	0.54	0.54	0	0	0.33
15100	0.33	0.54	0.54	0	0	0.33
15200	0.33	0.54	0.54	0	0	0.33
15300	0.33	0.53	0.53	0	0	0.33
15400	0.33	0.53	0.53	0	0	0.33
15500	0.33	0.53	0.53	0	0	0.33
15600	0.33	0.53	0.53	0	0	0.33
15700	0.33	0.53	0.53	0	0	0.33
15800	0.33	0.53	0.53	0	0	0.33
15900	0.33	0.53	0.53	0	0	0.33
16000	0.33	0.53	0.53	0	0	0.33
16100	0.33	0.54	0.54	0	0	0.33
16200	0.33	0.54	0.54	0	0	0.33
16300	0.33	0.54	0.54	0	0	0.33
16400	0.33	0.54	0.54	0	0	0.33
16500	0.33	0.55	0.55	0	0	0.33
16600	0.33	0.55	0.55	0	0	0.33
16700	0.33	0.55	0.55	0	0	0.33
16800	0.33	0.55	0.55	0	0	0.33
16900	0.33	0.55	0.55	0	0	0.33
17000	0.33	0.55	0.55	0	0	0.33
17100	0.33	0.54	0.54	0	0	0.33
17200	0.33	0.54	0.54	0	0	0.33
17300	0.33	0.54	0.54	0	0	0.33
17400	0.33	0.54	0.54	0	0	0.33
17500	0.33	0.54	0.54	0	0	0.33
17600	0.33	0.54	0.54	0	0	0.33
17700	0.33	0.54	0.54	0	0	0.33
17800	0.33	0.54	0.54	0	0	0.33
17900	0.33	0.54	0.54	0	0	0.33
18000	0.33	0.54	0.54	0	0	0.33
18100	0.33	0.54	0.54	0	0	0.33
18200	0.33	0.55	0.55	0	0	0.33
18300	0.33	0.55	0.55	0	0	0.33
18400	0.33	0.55	0.55	0	0	0.33
18500	0.33	0.55	0.55	0	0	0.33
18600	0.33	0.55	0.55	0	0	0.33
18700	0.33	0.55	0.55	0	0	0.33
18800	0.33	0.55	0.55	0	0	0.33
18900	0.33	0.53	0.53	0	0	0.33
19000	0.33	0.53	0.53	0	0	0.33
19100	0.33	0.54	0.54	0	0	0.33
19200	0.33	0.54	0.54	0	0	0.33
19300	0.32	0.54	0.54	0	0	0.32
19400	0.32	0.53	0.53	0	0	0.32
19500	0.32	0.53	0.53	0	0	0.32
19600	0.32	0.53	0.53	0	0	0.32
19700	0.32	0.54	0.54	0	0	0.32
19800	0.32	0.56	0.56	0	0	0.32
19900	0.32	0.55	0.55	0	0	0.32
20000	0.32	0.56	0.56	0	0	0.32
20100	0.32	0.56	0.56	0	0	0.32
20200	0.32	0.55	0.55	0	0	0.32
20300	0.32	0.55	0.55	0	0	0.32
20400	0.32	0.55	0.55	0	0	0.32
20500	0.32	0.55	0.55	0	0	0.32
20600	0.32	0.55	0.55	0	0	0.32
20700	0.32	0.55	0.55	0	0	0.32
20800	0.32	0.56	0.56	0	0	0.32
20900	0.31	0.57	0.57	0	0	0.31
21000	0.3	0.56	0.56	0	0	0.3
21100	0.3	0.56	0.56	0	0	0.3
21200	0.3	0.55	0.55	0	0	0.3
21300	0.3	0.55	0.55	0	0	0.3
21400	0.3	0.55	0.55	0	0	0.3
21500	0.3	0.55	0.55	0	0	0.3
21600	0.3	0.56	0.56	0	0	0.3
21700	0.3	0.55	0.55	0	0	0.3
21800	0.3	0.54	0.54	0	0	0.3
21900	0.3	0.54	0.54	0	0	0.3
22000	0.3	0.54	0.54	0	0	0.3
22100	0.3	0.54	0.54	0	0	0.3
22200	0.3	0.54	0.54	0	0	0.3
22300	0.3	0.54	0.54	0	0	0.3
22400	0.3	0.54	0.54	0	0	0.3
22500	0.3	0.54	0.54	0	0	0.3
22600	0.3	0.54	0.54	0	0	0.3
22700	0.3	0.54	0.54	0	0	0.3
22800	0.3	0.54	0.54	0	0	0.3
22900	0.3	0.54	0.54	0	0	0.3
23000	0.3	0.54	0.54	0	0	0.3
23100	0.3	0.54	0.54	0	0	0.3
23200	0.3	0.54	0.54	0	0	0.3
23300	0.3	0.54	0.54	0	0	0.3
23400	0.31	0.53	0.53	0	0	0.31
23500	0.31	0.52	0.52	0	0	0.31
23600	0.31	0.52	0.52	0	0	0.31
23700	0.31	0.52	0.52	0	0	0.31
23800	0.3	0.52	0.52	0	0	0.3
23900	0.31	0.52	0.52	0	0	0.31
24000	0.31	0.53	0.53	0	0	0.31
24100	0.31	0.54	0.54	0	0	0.31
24200	0.31	0.54	0.54	0	0	0.31
24300	0.31	0.54	0.54	0	0	0.31
24400	0.31	0.55	0.55	0	0	0.31
24500	0.31	0.55	0.55	0	0	0.31
24600	0.31	0.54	0.54	0	0	0.31
24700	0.31	0.54	0.54	0	0	0.31
24800	0.31	0.54	0.54	0	0	0.31
24900	0.31	0.54	0.54	0	0	0.31
25000	0.31	0.54	0.54	0	0	0.31
25100	0.31	0.54	0.54	0	0	0.31
25200	0.31	0.54	0.54	0	0	0.31
25300	0.32	0.54	0.54	0	0	0.32
25400	0.32	0.54	0.54	0	0	0.32
25500	0.32	0.54	0.54	0	0	0.32
25600	0.32	0.54	0.54	0	0	0.32
25700	0.32	0.54	0.54	0	0	0.32
25800	0.32	0.54	0.54	0	0	0.32
25900	0.32	0.54	0.54	0	0	0.32
26000	0.32	0.55	0.55	0	0	0.32
26100	0.32	0.56	0.56	0	0	0.32
26200	0.32	0.56	0.56	0	0	0.32
26300	0.33	0.57	0.57	0	0	0.33
26400	0.32	0.57	0.57	0	0	0.32
26500	0.32	0.57	0.57	0	0	0.32
26600	0.32	0.56	0.56	0	0	0.32
26700	0.32	0.56	0.56	0	0	0.32
26800	0.32	0.56	0.56	0	0	0.32
26900	0.32	0.56	0.56	0	0	0.32
27000	0.32	0.56	0.56	0	0	0.32
27100	0.32	0.56	0.56	0	0	0.32
27200	0.32	0.56	0.56	0	0	0.32
27300	0.32	0.56	0.56	0	0	0.32
27400	0.32	0.56	0.56	0	0	0.32
27500	0.31	0.55	0.55	0	0	0.31
27600	0.31	0.55	0.55	0	0	0.31
27700	0.31	0.55	0.55	0	0	0.31
27800	0.31	0.55	0.55	0	0	0.31
27900	0.31	0.55	0.55	0	0	0.31
28000	0.31	0.55	0.55	0	0	0.31
28100	0.31	0.55	0.55	0	0	0.31
28200	0.31	0.55	0.55	0	0	0.31
28300	0.31	0.56	0.56	0	0	0.31
28400	0.32	0.55	0.55	0	0	0.32
28500	0.31	0.55	0.55	0	0	0.31
28600	0.31	0.55	0.55	0	0	0.31
28700	0.31	0.55	0.55	0	0	0.31
28800	0.31	0.55	0.55	0	0	0.31
28900	0.31	0.55	0.55	0	0	0.31
29000	0.31	0.55	0.55	0	0	0.31
29100	0.31	0.55	0.55	0	0	0.31
29200	0.31	0.55	0.55	0	0	0.31
29300	0.31	0.56	0.56	0	0	0.31
29400	0.31	0.56	0.56	0	0	0.31
29500	0.31	0.56	0.56	0	0	0.31
29600	0.31	0.56	0.56	0	0	0.31
29700	0.31	0.56	0.56	0	0	0.31
29800	0.31	0.56	0.56	0	0	0.31
29900	0.31	0.56	0.56	0	0	0.31
30000	0.32	0.57	0.57	0	0	0.32
30100	0.32	0.56	0.56	0	0	0.32
30200	0.32	0.57	0.57	0	0	0.32
30300	0.32	0.57	0.57	0	0	0.32
30400	0.32	0.57	0.57	0	0	0.32
30500	0.32	0.57	0.57	0	0	0.32
30600	0.32	0.57	0.57	0	0	0.32
30700	0.32	0.56	0.56	0	0	0.32
30800	0.32	0.56	0.56	0	0	0.32
30900	0.32	0.56	0.56	0	0	0.32
31000	0.32	0.56	0.56	0	0	0.32
31100	0.32	0.56	0.56	0	0	0.32
31200	0.32	0.56	0.56	0	0	0.32
31300	0.32	0.56	0.56	0	0	0.32
31400	0.32	0.56	0.56	0	0	0.32
31500	0.32	0.56	0.56	0	0	0.32
31600	0.32	0.56	0.56	0	0	0.32
31700	0.32	0.56	0.56	0	0	0.32
31800	0.32	0.57	0.57	0	0	0.32
31900	0.32	0.57	0.57	0	0	0.32
32000	0.32	0.57	0.57	0	0	0.32
32100	0.32	0.57	0.57	0	0	0.32
32200	0.31	0.57	0.57	0	0	0.31
32300	0.31	0.57	0.57	0	0	0.31
32400	0.31	0.57	0.57	0	0	0.31
32500	0.31	0.57	0.57	0	0	0.31
32600	0.31	0.57	0.57	0	0	0.31
32700	0.31	0.57	0.57	0	0	0.31
32800	0.31	0.57	0.57	0	0	0.31
32900	0.31	0.57	0.57	0	0	0.31
33000	0.3	0.57	0.57	0	0	0.3
33100	0.3	0.57	0.57	0	0	0.3
33200	0.3	0.57	0.57	0	0	0.3
33300	0.3	0.57	0.57	0	0	0.3
33400	0.31	0.57	0.57	0	0	0.31
33500	0.31	0.57	0.57	0	0	0.31
33600	0.31	0.57	0.57	0	0	0.31
33700	0.31	0.57	0.57	0	0	0.31
33800	0.31	0.57	0.57	0	0	0.31
33900	0.32	0.57	0.57	0	0	0.32
34000	0.32	0.56	0.56	0	0	0.32
34100	0.32	0.56	0.56	0	0	0.32
34200	0.32	0.57	0.57	0	0	0.32
34300	0.32	0.57	0.57	0	0	0.32
34400	0.32	0.58	0.58	0	0	0.32
34500	0.32	0.57	0.57	0	0	0.32
34600	0.32	0.57	0.57	0	0	0.32
34700	0.32	0.57	0.57	0	0	0.32
34800	0.32	0.57	0.57	0	0	0.32
34900	0.32	0.57	0.57	0	0	0.32
35000	0.32	0.57	0.57	0	0	0.32
35100	0.32	0.57	0.57	0	0	0.32
35200	0.31	0.57	0.57	0	0	0.31
35300	0.31	0.57	0.57	0	0	0.31
35400	0.31	0.57	0.57	0	0	0.31
35500	0.31	0.57	0.57	0	0	0.31
35600	0.31	0.58	0.58	0	0	0.31
35700	0.31	0.58	0.58	0	0	0.31
35800	0.31	0.58	0.58	0	0	0.31
35900	0.31	0.58	0.58	0	0	0.31
36000	0.31	0.58	0.58	0	0	0.31
36100	0.31	0.58	0.58	0	0	0.31
36200	0.31	0.58	0.58	0	0	0.31
36300	0.31	0.58	0.58	0	0	0.31
36400	0.31	0.58	0.58	0	0	0.31
36500	0.31	0.58	0.58	0	0	0.31
36600	0.3	0.57	0.57	0	0	0.3
36700	0.3	0.57	0.57	0	0	0.3
36800	0.3	0.57	0.57	0	0	0.3
36900	0.3	0.57	0.57	0	0	0.3
37000	0.3	0.57	0.57	0	0	0.3
37100	0.3	0.58	0.58	0	0	0.3
37200	0.3	0.58	0.58	0	0	0.3
37300	0.3	0.58	0.58	0	0	0.3
37400	0.3	0.58	0.58	0	0	0.3
37500	0.3	0.58	0.58	0	0	0.3
37600	0.3	0.58	0.58	0	0	0.3
37700	0.3	0.58	0.58	0	0	0.3
37800	0.3	0.58	0.58	0	0	0.3
37900	0.3	0.58	0.58	0	0	0.3
38000	0.3	0.58	0.58	0	0	0.3
38100	0.3	0.59	0.59	0	0	0.3
38200	0.3	0.58	0.58	0	0	0.3
38300	0.3	0.58	0.58	0	0	0.3
38400	0.3	0.58	0.58	0	0	0.3
38500	0.3	0.58	0.58	0	0	0.3
38600	0.3	0.58	0.58	0	0	0.3
38700	0.3	0.59	0.59	0	0	0.3
38800	0.3	0.59	0.59	0	0	0.3
38900	0.3	0.59	0.59	0	0	0.3
39000	0.3	0.59	0.59	0	0	0.3
39100	0.3	0.59	0.59	0	0	0.3
39200	0.3	0.59	0.59	0	0	0.3
39300	0.3	0.59	0.59	0	0	0.3
39400	0.3	0.59	0.59	0	0	0.3
39500	0.3	0.59	0.59	0	0	0.3
39600	0.3	0.59	0.59	0	0	0.3
39700	0.3	0.59	0.59	0	0	0.3
39800	0.3	0.59	0.59	0	0	0.3
39900	0.3	0.59	0.59	0	0	0.3
40000	0.3	0.59	0.59	0	0	0.3
40100	0.3	0.59	0.59	0	0	0.3
40200	0.3	0.59	0.59	0	0	0.3
40300	0.3	0.59	0.59	0	0	0.3
40400	0.31	0.59	0.59	0	0	0.31
40500	0.31	0.59	0.59	0	0	0.31
40600	0.31	0.6	0.6	0	0	0.31
40700	0.31	0.6	0.6	0	0	0.31
40800	0.31	0.6	0.6	0	0	0.31
40900	0.31	0.6	0.6	0	0	0.31
41000	0.31	0.6	0.6	0	0	0.31
41100	0.31	0.59	0.59	0	0	0.31
41200	0.31	0.58	0.58	0	0	0.31
41300	0.3	0.58	0.58	0	0	0.3
41400	0.31	0.58	0.58	0	0	0.31
41500	0.31	0.58	0.58	0	0	0.31
41600	0.31	0.58	0.58	0	0	0.31
41700	0.31	0.58	0.58	0	0	0.31
41800	0.31	0.58	0.58	0	0	0.31
41900	0.31	0.58	0.58	0	0	0.31
42000	0.31	0.58	0.58	0	0	0.31
42100	0.31	0.58	0.58	0	0	0.31
42200	0.31	0.58	0.58	0	0	0.31
42300	0.31	0.58	0.58	0	0	0.31
42400	0.31	0.58	0.58	0	0	0.31
42500	0.31	0.58	0.58	0	0	0.31
42600	0.31	0.58	0.58	0	0	0.31
42700	0.31	0.58	0.58	0	0	0.31
42800	0.31	0.58	0.58	0	0	0.31
42900	0.31	0.58	0.58	0	0	0.31
43000	0.31	0.58	0.58	0	0	0.31
43100	0.31	0.58	0.58	0	0	0.31
43200	0.31	0.58	0.58	0	0	0.31
43300	0.31	0.58	0.58	0	0	0.31
43400	0.31	0.58	0.58	0	0	0.31
43500	0.3	0.58	0.58	0	0	0.3
43600	0.3	0.58	0.58	0	0	0.3
43700	0.3	0.58	0.58	0	0	0.3
43800	0.3	0.59	0.59	0	0	0.3
43900	0.3	0.58	0.58	0	0	0.3
44000	0.3	0.58	0.58	0	0	0.3
44100	0.31	0.57	0.57	0	0	0.31
44200	0.31	0.58	0.58	0	0	0.31
44300	0.31	0.58	0.58	0	0	0.31
44400	0.31	0.58	0.58	0	0	0.31
44500	0.31	0.58	0.58	0	0	0.31
44600	0.31	0.58	0.58	0	0	0.31
44700	0.31	0.58	0.58	0	0	0.31
44800	0.31	0.58	0.58	0	0	0.31
44900	0.31	0.58	0.58	0	0	0.31
45000	0.31	0.58	0.58	0	0	0.31
45100	0.31	0.58	0.58	0	0	0.31
45200	0.31	0.58	0.58	0	0	0.31
45300	0.31	0.57	0.57	0	0	0.31
45400	0.31	0.57	0.57	0	0	0.31
45500	0.31	0.57	0.57	0	0	0.31
45600	0.31	0.58	0.58	0	0	0.31
45700	0.31	0.58	0.58	0	0	0.31
45800	0.31	0.58	0.58	0	0	0.31
45900	0.31	0.57	0.57	0	0	0.31
46000	0.31	0.57	0.57	0	0	0.31
46100	0.31	0.57	0.57	0	0	0.31
46200	0.31	0.57	0.57	0	0	0.31
46300	0.31	0.57	0.57	0	0	0.31
46400	0.31	0.57	0.57	0	0	0.31
46500	0.31	0.57	0.57	0	0	0.31
46600	0.31	0.57	0.57	0	0	0.31
46700	0.32	0.57	0.57	0	0	0.32
46800	0.32	0.57	0.57	0	0	0.32
46900	0.32	0.57	0.57	0	0	0.32
47000	0.32	0.57	0.57	0	0	0.32
47100	0.32	0.57	0.57	0	0	0.32
47200	0.32	0.57	0.57	0	0	0.32
47300	0.32	0.57	0.57	0	0	0.32
47400	0.32	0.57	0.57	0	0	0.32
47500	0.32	0.57	0.57	0	0	0.32
47600	0.32	0.57	0.57	0	0	0.32
47700	0.32	0.57	0.57	0	0	0.32
47800	0.32	0.57	0.57	0	0	0.32
47900	0.32	0.57	0.57	0	0	0.32
48000	0.32	0.57	0.57	0	0	0.32
48100	0.32	0.58	0.58	0	0	0.32
48200	0.32	0.58	0.58	0	0	0.32
48300	0.32	0.59	0.59	0	0	0.32
48400	0.32	0.59	0.59	0	0	0.32
48500	0.32	0.59	0.59	0	0	0.32
48600	0.32	0.59	0.59	0	0	0.32
48700	0.32	0.59	0.59	0	0	0.32
48800	0.32	0.59	0.59	0	0	0.32
48900	0.32	0.59	0.59	0	0	0.32
49000	0.32	0.58	0.58	0	0	0.32
49100	0.32	0.58	0.58	0	0	0.32
49200	0.32	0.58	0.58	0	0	0.32
49300	0.32	0.59	0.59	0	0	0.32
49400	0.32	0.59	0.59	0	0	0.32
49500	0.32	0.6	0.6	0	0	0.32
49600	0.32	0.6	0.6	0	0	0.32
49700	0.32	0.6	0.6	0	0	0.32
49800	0.32	0.6	0.6	0	0	0.32
49900	0.32	0.6	0.6	0	0	0.32
50000	0.32	0.6	0.6	0	0	0.32
50100	0.32	0.6	0.6	0	0	0.32
50200	0.32	0.6	0.6	0	0	0.32
50300	0.33	0.6	0.6	0	0	0.33
50400	0.33	0.6	0.6	0	0	0.33
50500	0.33	0.6	0.6	0	0	0.33
50600	0.33	0.6	0.6	0	0	0.33
50700	0.33	0.6	0.6	0	0	0.33
50800	0.33	0.59	0.59	0	0	0.33
50900	0.33	0.59	0.59	0	0	0.33
51000	0.34	0.59	0.59	0	0	0.34
51100	0.34	0.59	0.59	0	0	0.34
51200	0.35	0.59	0.59	0	0	0.35
51300	0.35	0.59	0.59	0	0	0.35
51400	0.35	0.59	0.59	0	0	0.35
51500	0.35	0.59	0.59	0	0	0.35
51600	0.35	0.59	0.59	0	0	0.35
51700	0.35	0.59	0.59	0	0	0.35
51800	0.35	0.59	0.59	0	0	0.35
51900	0.35	0.59	0.59	0	0	0.35
52000	0.35	0.59	0.59	0	0	0.35
52100	0.35	0.59	0.59	0	0	0.35
52200	0.35	0.59	0.59	0	0	0.35
52300	0.35	0.59	0.59	0	0	0.35
52400	0.35	0.59	0.59	0	0	0.35
52500	0.35	0.59	0.59	0	0	0.35
52600	0.35	0.59	0.59	0	0	0.35
52700	0.35	0.59	0.59	0	0	0.35
52800	0.35	0.59	0.59	0	0	0.35
52900	0.35	0.59	0.59	0	0	0.35
53000	0.35	0.6	0.6	0	0	0.35
53100	0.35	0.6	0.6	0	0	0.35
53200	0.35	0.6	0.6	0	0	0.35
53300	0.35	0.6	0.6	0	0	0.35
53400	0.35	0.6	0.6	0	0	0.35
53500	0.35	0.6	0.6	0	0	0.35
53600	0.35	0.6	0.6	0	0	0.35
53700	0.35	0.6	0.6	0	0	0.35
53800	0.35	0.6	0.6	0	0	0.35
53900	0.35	0.6	0.6	0	0	0.35
54000	0.35	0.6	0.6	0	0	0.35
54100	0.35	0.6	0.6	0	0	0.35
54200	0.36	0.6	0.6	0	0	0.36
54300	0.36	0.6	0.6	0	0	0.36
54400	0.36	0.6	0.6	0	0	0.36
54500	0.36	0.6	0.6	0	0	0.36
54600	0.36	0.6	0.6	0	0	0.36
54700	0.36	0.59	0.59	0	0	0.36
54800	0.36	0.59	0.59	0	0	0.36
54900	0.36	0.59	0.59	0	0	0.36
55000	0.36	0.59	0.59	0	0	0.36
55100	0.36	0.59	0.59	0	0	0.36
55200	0.36	0.59	0.59	0	0	0.36
55300	0.36	0.59	0.59	0	0	0.36
55400	0.36	0.59	0.59	0	0	0.36
55500	0.36	0.58	0.58	0	0	0.36
55600	0.36	0.58	0.58	0	0	0.36
55700	0.36	0.58	0.58	0	0	0.36
55800	0.35	0.58	0.58	0	0	0.35
55900	0.35	0.57	0.57	0	0	0.35
56000	0.34	0.57	0.57	0	0	0.34
56100	0.34	0.58	0.58	0	0	0.34
56200	0.34	0.57	0.57	0	0	0.34
56300	0.34	0.57	0.57	0	0	0.34
56400	0.34	0.57	0.57	0	0	0.34
56500	0.34	0.57	0.57	0	0	0.34
56600	0.34	0.57	0.57	0	0	0.34
56700	0.33	0.57	0.57	0	0	0.33
56800	0.33	0.57	0.57	0	0	0.33
56900	0.33	0.57	0.57	0	0	0.33
57000	0.33	0.58	0.58	0	0	0.33
57100	0.33	0.57	0.57	0	0	0.33
57200	0.33	0.57	0.57	0	0	0.33
57300	0.33	0.57	0.57	0	0	0.33
57400	0.33	0.57	0.57	0	0	0.33
57500	0.33	0.57	0.57	0	0	0.33
57600	0.33	0.57	0.57	0	0	0.33
57700	0.33	0.57	0.57	0	0	0.33
57800	0.33	0.57	0.57	0	0	0.33
57900	0.33	0.57	0.57	0	0	0.33
58000	0.33	0.57	0.57	0	0	0.33
58100	0.33	0.57	0.57	0	0	0.33
58200	0.33	0.57	0.57	0	0	0.33
58300	0.32	0.57	0.57	0	0	0.32
58400	0.32	0.57	0.57	0	0	0.32
58500	0.32	0.57	0.57	0	0	0.32
58600	0.33	0.57	0.57	0	0	0.33
58700	0.33	0.57	0.57	0	0	0.33
58800	0.33	0.56	0.56	0	0	0.33
58900	0.33	0.56	0.56	0	0	0.33
59000	0.33	0.56	0.56	0	0	0.33
59100	0.33	0.56	0.56	0	0	0.33
59200	0.33	0.55	0.55	0	0	0.33
59300	0.33	0.55	0.55	0	0	0.33
59400	0.33	0.55	0.55	0	0	0.33
59500	0.33	0.55	0.55	0	0	0.33
59600	0.33	0.55	0.55	0	0	0.33
59700	0.33	0.56	0.56	0	0	0.33
59800	0.33	0.56	0.56	0	0	0.33
59900	0.33	0.56	0.56	0	0	0.33
60000	0.33	0.56	0.56	0	0	0.33
60100	0.33	0.56	0.56	0	0	0.33
60200	0.33	0.56	0.56	0	0	0.33
60300	0.33	0.56	0.56	0	0	0.33
60400	0.33	0.56	0.56	0	0	0.33
60500	0.33	0.56	0.56	0	0	0.33
60600	0.33	0.56	0.56	0	0	0.33
60700	0.33	0.56	0.56	0	0	0.33
60800	0.32	0.56	0.56	0	0	0.32
60900	0.32	0.56	0.56	0	0	0.32
61000	0.31	0.56	0.56	0	0	0.31
61100	0.32	0.56	0.56	0	0	0.32
61200	0.32	0.56	0.56	0	0	0.32
61300	0.32	0.56	0.56	0	0	0.32
61400	0.32	0.56	0.56	0	0	0.32
61500	0.32	0.56	0.56	0	0	0.32
61600	0.32	0.57	0.57	0	0	0.32
61700	0.32	0.57	0.57	0	0	0.32
61800	0.32	0.57	0.57	0	0	0.32
61900	0.32	0.57	0.57	0	0	0.32
62000	0.32	0.57	0.57	0	0	0.32
62100	0.33	0.56	0.56	0	0	0.33
62200	0.33	0.56	0.56	0	0	0.33
62300	0.33	0.56	0.56	0	0	0.33
62400	0.33	0.56	0.56	0	0	0.33
62500	0.33	0.56	0.56	0	0	0.33
62600	0.33	0.56	0.56	0	0	0.33
62700	0.33	0.56	0.56	0	0	0.33
62800	0.33	0.56	0.56	0	0	0.33
62900	0.33	0.56	0.56	0	0	0.33
63000	0.33	0.56	0.56	0	0	0.33
63100	0.34	0.56	0.56	0	0	0.34
63200	0.34	0.56	0.56	0	0	0.34
63300	0.34	0.56	0.56	0	0	0.34
63400	0.34	0.56	0.56	0	0	0.34
63500	0.34	0.56	0.56	0	0	0.34
63600	0.35	0.56	0.56	0	0	0.35
63700	0.35	0.56	0.56	0	0	0.35
63800	0.35	0.56	0.56	0	0	0.35
63900	0.35	0.56	0.56	0	0	0.35
64000	0.35	0.56	0.56	0	0	0.35
64100	0.35	0.56	0.56	0	0	0.35
64200	0.35	0.55	0.55	0	0	0.35
64300	0.36	0.55	0.55	0	0	0.36
64400	0.36	0.55	0.55	0	0	0.36
64500	0.36	0.55	0.55	0	0	0.36
64600	0.36	0.55	0.55	0	0	0.36
64700	0.36	0.55	0.55	0	0	0.36
64800	0.36	0.55	0.55	0	0	0.36
64900	0.36	0.55	0.55	0	0	0.36
65000	0.36	0.55	0.55	0	0	0.36
65100	0.36	0.54	0.54	0	0	0.36
65200	0.36	0.54	0.54	0	0	0.36
65300	0.36	0.54	0.54	0	0	0.36
65400	0.36	0.54	0.54	0	0	0.36
65500	0.36	0.54	0.54	0	0	0.36
65600	0.36	0.54	0.54	0	0	0.36
65700	0.36	0.54	0.54	0	0	0.36
65800	0.36	0.54	0.54	0	0	0.36
65900	0.36	0.54	0.54	0	0	0.36
66000	0.36	0.54	0.54	0	0	0.36
66100	0.36	0.54	0.54	0	0	0.36
66200	0.36	0.54	0.54	0	0	0.36
66300	0.35	0.55	0.55	0	0	0.35
66400	0.35	0.55	0.55	0	0	0.35
66500	0.35	0.55	0.55	0	0	0.35
66600	0.35	0.55	0.55	0	0	0.35
66700	0.35	0.55	0.55	0	0	0.35
66800	0.35	0.55	0.55	0	0	0.35
66900	0.35	0.55	0.55	0	0	0.35
67000	0.35	0.55	0.55	0	0	0.35
67100	0.35	0.54	0.54	0	0	0.35
67200	0.34	0.53	0.53	0	0	0.34
67300	0.34	0.53	0.53	0	0	0.34
67400	0.34	0.54	0.54	0	0	0.34
67500	0.34	0.53	0.53	0	0	0.34
67600	0.34	0.53	0.53	0	0	0.34
67700	0.34	0.53	0.53	0	0	0.34
67800	0.34	0.53	0.53	0	0	0.34
67900	0.34	0.53	0.53	0	0	0.34
68000	0.34	0.53	0.53	0	0	0.34
68100	0.34	0.53	0.53	0	0	0.34
68200	0.33	0.53	0.53	0	0	0.33
68300	0.33	0.53	0.53	0	0	0.33
68400	0.33	0.54	0.54	0	0	0.33
68500	0.33	0.54	0.54	0	0	0.33
68600	0.33	0.54	0.54	0	0	0.33
68700	0.33	0.53	0.53	0	0	0.33
68800	0.33	0.53	0.53	0	0	0.33
68900	0.33	0.53	0.53	0	0	0.33
69000	0.33	0.53	0.53	0	0	0.33
69100	0.34	0.53	0.53	0	0	0.34
69200	0.36	0.53	0.53	0	0	0.36
69300	0.36	0.53	0.53	0	0	0.36
69400	0.36	0.53	0.53	0	0	0.36
69500	0.36	0.53	0.53	0	0	0.36
69600	0.36	0.53	0.53	0	0	0.36
69700	0.36	0.53	0.53	0	0	0.36
69800	0.36	0.53	0.53	0	0	0.36
69900	0.36	0.53	0.53	0	0	0.36
70000	0.36	0.53	0.53	0	0	0.36
70100	0.36	0.53	0.53	0	0	0.36
70200	0.36	0.53	0.53	0	0	0.36
70300	0.36	0.53	0.53	0	0	0.36
70400	0.36	0.53	0.53	0	0	0.36
70500	0.36	0.53	0.53	0	0	0.36
70600	0.36	0.53	0.53	0	0	0.36
70700	0.36	0.53	0.53	0	0	0.36
70800	0.36	0.53	0.53	0	0	0.36
70900	0.36	0.53	0.53	0	0	0.36
71000	0.36	0.53	0.53	0	0	0.36
71100	0.36	0.53	0.53	0	0	0.36
71200	0.36	0.53	0.53	0	0	0.36
71300	0.36	0.54	0.54	0	0	0.36
71400	0.36	0.53	0.53	0	0	0.36
71500	0.36	0.53	0.53	0	0	0.36
71600	0.36	0.53	0.53	0	0	0.36
71700	0.36	0.53	0.53	0	0	0.36
71800	0.36	0.53	0.53	0	0	0.36
71900	0.36	0.53	0.53	0	0	0.36
72000	0.36	0.53	0.53	0	0	0.36
72100	0.36	0.54	0.54	0	0	0.36
72200	0.36	0.54	0.54	0	0	0.36
72300	0.36	0.54	0.54	0	0	0.36
72400	0.36	0.54	0.54	0	0	0.36
72500	0.36	0.54	0.54	0	0	0.36
72600	0.36	0.54	0.54	0	0	0.36
72700	0.36	0.54	0.54	0	0	0.36
72800	0.36	0.54	0.54	0	0	0.36
72900	0.36	0.54	0.54	0	0	0.36
73000	0.36	0.54	0.54	0	0	0.36
73100	0.36	0.54	0.54	0	0	0.36
73200	0.36	0.54	0.54	0	0	0.36
73300	0.36	0.54	0.54	0	0	0.36
73400	0.36	0.54	0.54	0	0	0.36
73500	0.36	0.54	0.54	0	0	0.36
73600	0.35	0.54	0.54	0	0	0.35
73700	0.35	0.54	0.54	0	0	0.35
73800	0.35	0.54	0.54	0	0	0.35
73900	0.34	0.53	0.53	0	0	0.34
74000	0.34	0.53	0.53	0	0	0.34
74100	0.33	0.53	0.53	0	0	0.33
74200	0.33	0.53	0.53	0	0	0.33
74300	0.33	0.54	0.54	0	0	0.33
74400	0.33	0.54	0.54	0	0	0.33
74500	0.33	0.53	0.53	0	0	0.33
74600	0.33	0.53	0.53	0	0	0.33
74700	0.33	0.54	0.54	0	0	0.33
74800	0.33	0.54	0.54	0	0	0.33
74900	0.33	0.54	0.54	0	0	0.33
75000	0.33	0.54	0.54	0	0	0.33
75100	0.33	0.54	0.54	0	0	0.33
75200	0.33	0.54	0.54	0	0	0.33
75300	0.33	0.54	0.54	0	0	0.33
75400	0.34	0.54	0.54	0	0	0.34
75500	0.34	0.54	0.54	0	0	0.34
75600	0.34	0.54	0.54	0	0	0.34
75700	0.34	0.54	0.54	0	0	0.34
75800	0.34	0.53	0.53	0	0	0.34
75900	0.34	0.53	0.53	0	0	0.34
76000	0.34	0.53	0.53	0	0	0.34
76100	0.34	0.53	0.53	0	0	0.34
76200	0.34	0.54	0.54	0	0	0.34
76300	0.35	0.53	0.53	0	0	0.35
76400	0.35	0.53	0.53	0	0	0.35
76500	0.35	0.53	0.53	0	0	0.35
76600	0.35	0.53	0.53	0	0	0.35
76700	0.35	0.53	0.53	0	0	0.35
76800	0.35	0.53	0.53	0	0	0.35
76900	0.35	0.53	0.53	0	0	0.35
77000	0.35	0.53	0.53	0	0	0.35
77100	0.35	0.53	0.53	0	0	0.35
77200	0.35	0.52	0.52	0	0	0.35
77300	0.35	0.53	0.53	0	0	0.35
77400	0.35	0.54	0.54	0	0	0.35
77500	0.35	0.54	0.54	0	0	0.35
77600	0.35	0.54	0.54	0	0	0.35
77700	0.35	0.54	0.54	0	0	0.35
77800	0.35	0.54	0.54	0	0	0.35
77900	0.35	0.54	0.54	0	0	0.35
78000	0.35	0.54	0.54	0	0	0.35
78100	0.35	0.54	0.54	0	0	0.35
78200	0.35	0.54	0.54	0	0	0.35
78300	0.35	0.54	0.54	0	0	0.35
78400	0.34	0.54	0.54	0	0	0.34
78500	0.34	0.54	0.54	0	0	0.34
78600	0.34	0.54	0.54	0	0	0.34
78700	0.34	0.54	0.54	0	0	0.34
78800	0.34	0.54	0.54	0	0	0.34
78900	0.34	0.53	0.53	0	0	0.34
79000	0.35	0.53	0.53	0	0	0.35
79100	0.35	0.52	0.52	0	0	0.35
79200	0.35	0.53	0.53	0	0	0.35
79300	0.35	0.53	0.53	0	0	0.35
79400	0.34	0.53	0.53	0	0	0.34
79500	0.34	0.53	0.53	0	0	0.34
79600	0.34	0.53	0.53	0	0	0.34
79700	0.34	0.54	0.54	0	0	0.34
79800	0.34	0.54	0.54	0	0	0.34
79900	0.34	0.54	0.54	0	0	0.34
80000	0.34	0.54	0.54	0	0	0.34
80100	0.34	0.54	0.54	0	0	0.34
80200	0.34	0.55	0.55	0	0	0.34
80300	0.34	0.55	0.55	0	0	0.34
80400	0.34	0.55	0.55	0	0	0.34
80500	0.34	0.55	0.55	0	0	0.34
80600	0.34	0.55	0.55	0	0	0.34
80700	0.34	0.55	0.55	0	0	0.34
80800	0.35	0.55	0.55	0	0	0.35
80900	0.35	0.55	0.55	0	0	0.35
81000	0.35	0.55	0.55	0	0	0.35
81100	0.35	0.55	0.55	0	0	0.35
81200	0.35	0.55	0.55	0	0	0.35
81300	0.35	0.55	0.55	0	0	0.35
81400	0.35	0.55	0.55	0	0	0.35
81500	0.35	0.55	0.55	0	0	0.35
81600	0.35	0.55	0.55	0	0	0.35
81700	0.35	0.55	0.55	0	0	0.35
81800	0.35	0.55	0.55	0	0	0.35
81900	0.35	0.55	0.55	0	0	0.35
82000	0.35	0.55	0.55	0	0	0.35
82100	0.35	0.55	0.55	0	0	0.35
82200	0.35	0.55	0.55	0	0	0.35
82300	0.35	0.55	0.55	0	0	0.35
82400	0.35	0.55	0.55	0	0	0.35
82500	0.35	0.56	0.56	0	0	0.35
82600	0.35	0.56	0.56	0	0	0.35
82700	0.35	0.56	0.56	0	0	0.35
82800	0.35	0.56	0.56	0	0	0.35
82900	0.35	0.56	0.56	0	0	0.35
83000	0.35	0.56	0.56	0	0	0.35
83100	0.35	0.56	0.56	0	0	0.35
83200	0.35	0.56	0.56	0	0	0.35
83300	0.35	0.56	0.56	0	0	0.35
83400	0.35	0.57	0.57	0	0	0.35
83500	0.35	0.57	0.57	0	0	0.35
83600	0.35	0.57	0.57	0	0	0.35
83700	0.35	0.57	0.57	0	0	0.35
83800	0.35	0.57	0.57	0	0	0.35
83900	0.35	0.57	0.57	0	0	0.35
84000	0.35	0.57	0.57	0	0	0.35
84100	0.35	0.57	0.57	0	0	0.35
84200	0.35	0.57	0.57	0	0	0.35
84300	0.36	0.57	0.57	0	0	0.36
84400	0.36	0.57	0.57	0	0	0.36
84500	0.36	0.57	0.57	0	0	0.36
84600	0.36	0.57	0.57	0	0	0.36
84700	0.36	0.57	0.57	0	0	0.36
84800	0.36	0.57	0.57	0	0	0.36
84900	0.36	0.57	0.57	0	0	0.36
85000	0.36	0.57	0.57	0	0	0.36
85100	0.36	0.57	0.57	0	0	0.36
85200	0.36	0.57	0.57	0	0	0.36
85300	0.36	0.57	0.57	0	0	0.36
85400	0.36	0.57	0.57	0	0	0.36
85500	0.36	0.57	0.57	0	0	0.36
85600	0.36	0.57	0.57	0	0	0.36
85700	0.36	0.57	0.57	0	0	0.36
85800	0.36	0.57	0.57	0	0	0.36
85900	0.36	0.57	0.57	0	0	0.36
86000	0.36	0.57	0.57	0	0	0.36
86100	0.36	0.57	0.57	0	0	0.36
86200	0.35	0.56	0.56	0	0	0.35
86300	0.34	0.56	0.56	0	0	0.34
86400	0.34	0.56	0.56	0	0	0.34
86500	0.34	0.56	0.56	0	0	0.34
86600	0.34	0.56	0.56	0	0	0.34
86700	0.34	0.56	0.56	0	0	0.34
86800	0.34	0.56	0.56	0	0	0.34
86900	0.34	0.56	0.56	0	0	0.34
87000	0.34	0.56	0.56	0	0	0.34
87100	0.34	0.56	0.56	0	0	0.34
87200	0.34	0.56	0.56	0	0	0.34
87300	0.34	0.56	0.56	0	0	0.34
87400	0.34	0.56	0.56	0	0	0.34
87500	0.34	0.56	0.56	0	0	0.34
87600	0.34	0.56	0.56	0	0	0.34
87700	0.34	0.56	0.56	0	0	0.34
87800	0.34	0.56	0.56	0	0	0.34
87900	0.34	0.56	0.56	0	0	0.34
88000	0.34	0.56	0.56	0	0	0.34
88100	0.33	0.56	0.56	0	0	0.33
88200	0.34	0.56	0.56	0	0	0.34
88300	0.34	0.57	0.57	0	0	0.34
88400	0.34	0.56	0.56	0	0	0.34
88500	0.34	0.56	0.56	0	0	0.34
88600	0.34	0.56	0.56	0	0	0.34
88700	0.34	0.56	0.56	0	0	0.34
88800	0.34	0.56	0.56	0	0	0.34
88900	0.34	0.56	0.56	0	0	0.34
89000	0.34	0.56	0.56	0	0	0.34
89100	0.34	0.56	0.56	0	0	0.34
89200	0.34	0.56	0.56	0	0	0.34
89300	0.34	0.56	0.56	0	0	0.34
89400	0.34	0.56	0.56	0	0	0.34
89500	0.34	0.56	0.56	0	0	0.34
89600	0.34	0.56	0.56	0	0	0.34
89700	0.34	0.56	0.56	0	0	0.34
89800	0.34	0.56	0.56	0	0	0.34
89900	0.34	0.56	0.56	0	0	0.34
90000	0.33	0.57	0.57	0	0	0.33
90100	0.33	0.56	0.56	0	0	0.33
90200	0.33	0.56	0.56	0	0	0.33
90300	0.33	0.56	0.56	0	0	0.33
90400	0.33	0.56	0.56	0	0	0.33
90500	0.33	0.56	0.56	0	0	0.33
90600	0.33	0.56	0.56	0	0	0.33
90700	0.33	0.56	0.56	0	0	0.33
90800	0.33	0.56	0.56	0	0	0.33
90900	0.33	0.56	0.56	0	0	0.33
91000	0.33	0.55	0.55	0	0	0.33
91100	0.33	0.55	0.55	0	0	0.33
91200	0.33	0.55	0.55	0	0	0.33
91300	0.33	0.55	0.55	0	0	0.33
91400	0.33	0.55	0.55	0	0	0.33
91500	0.33	0.55	0.55	0	0	0.33
91600	0.33	0.55	0.55	0	0	0.33
91700	0.33	0.55	0.55	0	0	0.33
91800	0.33	0.55	0.55	0	0	0.33
91900	0.33	0.55	0.55	0	0	0.33
92000	0.33	0.54	0.54	0	0	0.33
92100	0.34	0.54	0.54	0	0	0.34
92200	0.34	0.54	0.54	0	0	0.34
92300	0.35	0.53	0.53	0	0	0.35
92400	0.35	0.53	0.53	0	0	0.35
92500	0.35	0.53	0.53	0	0	0.35
92600	0.35	0.54	0.54	0	0	0.35
92700	0.35	0.54	0.54	0	0	0.35
92800	0.35	0.54	0.54	0	0	0.35
92900	0.35	0.54	0.54	0	0	0.35
93000	0.36	0.54	0.54	0	0	0.36
93100	0.35	0.54	0.54	0	0	0.35
93200	0.35	0.54	0.54	0	0	0.35
93300	0.35	0.53	0.53	0	0	0.35
93400	0.35	0.53	0.53	0	0	0.35
93500	0.35	0.53	0.53	0	0	0.35
93600	0.35	0.53	0.53	0	0	0.35
93700	0.35	0.53	0.53	0	0	0.35
93800	0.36	0.53	0.53	0	0	0.36
93900	0.36	0.53	0.53	0	0	0.36
94000	0.36	0.53	0.53	0	0	0.36
94100	0.36	0.52	0.52	0	0	0.36
94200	0.36	0.51	0.51	0	0	0.36
94300	0.36	0.51	0.51	0	0	0.36
94400	0.36	0.51	0.51	0	0	0.36
94500	0.36	0.51	0.51	0	0	0.36
94600	0.36	0.51	0.51	0	0	0.36
94700	0.35	0.51	0.51	0	0	0.35
94800	0.35	0.51	0.51	0	0	0.35
94900	0.35	0.51	0.51	0	0	0.35
95000	0.35	0.51	0.51	0	0	0.35
95100	0.35	0.52	0.52	0	0	0.35
95200	0.35	0.53	0.53	0	0	0.35
95300	0.35	0.53	0.53	0	0	0.35
95400	0.35	0.53	0.53	0	0	0.35
95500	0.35	0.53	0.53	0	0	0.35
95600	0.35	0.53	0.53	0	0	0.35
95700	0.35	0.53	0.53	0	0	0.35
95800	0.36	0.53	0.53	0	0	0.36
95900	0.36	0.53	0.53	0	0	0.36
96000	0.36	0.53	0.53	0	0	0.36
96100	0.36	0.53	0.53	0	0	0.36
96200	0.36	0.53	0.53	0	0	0.36
96300	0.36	0.53	0.53	0	0	0.36
96400	0.36	0.53	0.53	0	0	0.36
96500	0.36	0.54	0.54	0	0	0.36
96600	0.36	0.54	0.54	0	0	0.36
96700	0.36	0.54	0.54	0	0	0.36
96800	0.36	0.54	0.54	0	0	0.36
96900	0.36	0.53	0.53	0	0	0.36
97000	0.37	0.53	0.53	0	0	0.37
97100	0.37	0.53	0.53	0	0	0.37
97200	0.37	0.53	0.53	0	0	0.37
97300	0.37	0.53	0.53	0	0	0.37
97400	0.37	0.53	0.53	0	0	0.37
97500	0.37	0.53	0.53	0	0	0.37
97600	0.37	0.53	0.53	0	0	0.37
97700	0.37	0.53	0.53	0	0	0.37
97800	0.37	0.53	0.53	0	0	0.37
97900	0.37	0.53	0.53	0	0	0.37
98000	0.37	0.53	0.53	0	0	0.37
98100	0.37	0.53	0.53	0	0	0.37
98200	0.37	0.53	0.53	0	0	0.37
98300	0.37	0.53	0.53	0	0	0.37
98400	0.37	0.53	0.53	0	0	0.37
98500	0.36	0.53	0.53	0	0	0.36
98600	0.36	0.53	0.53	0	0	0.36
98700	0.36	0.53	0.53	0	0	0.36
98800	0.36	0.53	0.53	0	0	0.36
98900	0.36	0.53	0.53	0	0	0.36
99000	0.36	0.53	0.53	0	0	0.36
99100	0.36	0.53	0.53	0	0	0.36
99200	0.36	0.53	0.53	0	0	0.36
99300	0.36	0.53	0.53	0	0	0.36
99400	0.36	0.53	0.53	0	0	0.36
99500	0.36	0.53	0.53	0	0	0.36
99600	0.36	0.53	0.53	0	0	0.36
99700	0.36	0.53	0.53	0	0	0.36
99800	0.36	0.54	0.54	0	0	0.36
99900	0.36	0.53	0.53	0	0	0.36
100000	0.36	0.53	0.53	0	0	0.36
