100	0.07	0.05	0.05	0	0	0.07
200	0.09	0.06	0.06	0	0	0.09
300	0.11	0.06	0.06	0	0	0.11
400	0.11	0.07	0.07	0	0	0.11
500	0.11	0.1	0.1	0	0	0.11
600	0.11	0.1	0.1	0	0	0.11
700	0.13	0.1	0.1	0	0	0.13
800	0.13	0.1	0.1	0	0	0.13
900	0.16	0.1	0.1	0	0	0.16
1000	0.16	0.1	0.1	0	0	0.16
1100	0.16	0.11	0.11	0	0	0.16
1200	0.16	0.11	0.11	0	0	0.16
1300	0.16	0.11	0.11	0	0	0.16
1400	0.16	0.13	0.13	0	0	0.16
1500	0.16	0.13	0.13	0	0	0.16
1600	0.16	0.13	0.13	0	0	0.16
1700	0.16	0.14	0.14	0	0	0.16
1800	0.18	0.14	0.14	0	0	0.18
1900	0.19	0.14	0.14	0	0	0.19
2000	0.19	0.14	0.14	0	0	0.19
2100	0.19	0.15	0.15	0	0	0.19
2200	0.19	0.15	0.15	0	0	0.19
2300	0.2	0.15	0.15	0	0	0.2
2400	0.2	0.17	0.17	0	0	0.2
2500	0.21	0.18	0.18	0	0	0.21
2600	0.22	0.19	0.19	0	0	0.22
2700	0.22	0.21	0.21	0	0	0.22
2800	0.23	0.21	0.21	0	0	0.23
2900	0.23	0.23	0.23	0	0	0.23
3000	0.23	0.24	0.24	0	0	0.23
3100	0.25	0.25	0.25	0	0	0.25
3200	0.26	0.24	0.24	0	0	0.26
3300	0.26	0.25	0.25	0	0	0.26
3400	0.27	0.25	0.25	0	0	0.27
3500	0.28	0.26	0.26	0	0	0.28
3600	0.28	0.26	0.26	0	0	0.28
3700	0.29	0.26	0.26	0	0	0.29
3800	0.29	0.26	0.26	0	0	0.29
3900	0.29	0.26	0.26	0	0	0.29
4000	0.29	0.25	0.25	0	0	0.29
4100	0.3	0.26	0.26	0	0	0.3
4200	0.31	0.26	0.26	0	0	0.31
4300	0.3	0.25	0.25	0	0	0.3
4400	0.31	0.25	0.25	0	0	0.31
4500	0.31	0.25	0.25	0	0	0.31
4600	0.31	0.24	0.24	0	0	0.31
4700	0.32	0.24	0.24	0	0	0.32
4800	0.32	0.24	0.24	0	0	0.32
4900	0.33	0.24	0.24	0	0	0.33
5000	0.33	0.25	0.25	0	0	0.33
5100	0.33	0.25	0.25	0	0	0.33
5200	0.34	0.25	0.25	0	0	0.34
5300	0.34	0.25	0.25	0	0	0.34
5400	0.34	0.25	0.25	0	0	0.34
5500	0.34	0.25	0.25	0	0	0.34
5600	0.34	0.25	0.25	0	0	0.34
5700	0.34	0.24	0.24	0	0	0.34
5800	0.34	0.25	0.25	0	0	0.34
5900	0.34	0.25	0.25	0	0	0.34
6000	0.33	0.26	0.26	0	0	0.33
6100	0.33	0.26	0.26	0	0	0.33
6200	0.33	0.26	0.26	0	0	0.33
6300	0.33	0.26	0.26	0	0	0.33
6400	0.34	0.26	0.26	0	0	0.34
6500	0.34	0.26	0.26	0	0	0.34
6600	0.34	0.27	0.27	0	0	0.34
6700	0.34	0.27	0.27	0	0	0.34
6800	0.34	0.26	0.26	0	0	0.34
6900	0.34	0.27	0.27	0	0	0.34
7000	0.34	0.29	0.29	0	0	0.34
7100	0.34	0.3	0.3	0	0	0.34
7200	0.34	0.3	0.3	0	0	0.34
7300	0.34	0.31	0.31	0	0	0.34
7400	0.34	0.31	0.31	0	0	0.34
7500	0.34	0.31	0.31	0	0	0.34
7600	0.34	0.31	0.31	0	0	0.34
7700	0.34	0.32	0.32	0	0	0.34
7800	0.34	0.31	0.31	0	0	0.34
7900	0.35	0.32	0.32	0	0	0.35
8000	0.36	0.34	0.34	0	0	0.36
8100	0.36	0.34	0.34	0	0	0.36
8200	0.36	0.35	0.35	0	0	0.36
8300	0.37	0.35	0.35	0	0	0.37
8400	0.38	0.35	0.35	0	0	0.38
8500	0.38	0.36	0.36	0	0	0.38
8600	0.37	0.36	0.36	0	0	0.37
8700	0.37	0.35	0.35	0	0	0.37
8800	0.37	0.35	0.35	0	0	0.37
8900	0.37	0.35	0.35	0	0	0.37
9000	0.37	0.35	0.35	0	0	0.37
9100	0.37	0.35	0.35	0	0	0.37
9200	0.37	0.35	0.35	0	0	0.37
9300	0.35	0.36	0.36	0	0	0.35
9400	0.35	0.37	0.37	0	0	0.35
9500	0.35	0.37	0.37	0	0	0.35
9600	0.35	0.37	0.37	0	0	0.35
9700	0.34	0.38	0.38	0	0	0.34
9800	0.34	0.37	0.37	0	0	0.34
9900	0.33	0.37	0.37	0	0	0.33
10000	0.33	0.37	0.37	0	0	0.33
10100	0.33	0.37	0.37	0	0	0.33
10200	0.33	0.37	0.37	0	0	0.33
10300	0.33	0.38	0.38	0	0	0.33
10400	0.33	0.37	0.37	0	0	0.33
10500	0.32	0.37	0.37	0	0	0.32
10600	0.32	0.37	0.37	0	0	0.32
10700	0.32	0.38	0.38	0	0	0.32
10800	0.32	0.38	0.38	0	0	0.32
10900	0.32	0.38	0.38	0	0	0.32
11000	0.32	0.37	0.37	0	0	0.32
11100	0.32	0.37	0.37	0	0	0.32
11200	0.32	0.37	0.37	0	0	0.32
11300	0.32	0.39	0.39	0	0	0.32
11400	0.32	0.37	0.37	0	0	0.32
11500	0.31	0.37	0.37	0	0	0.31
11600	0.31	0.37	0.37	0	0	0.31
11700	0.31	0.37	0.37	0	0	0.31
11800	0.31	0.39	0.39	0	0	0.31
11900	0.31	0.41	0.41	0	0	0.31
12000	0.32	0.41	0.41	0	0	0.32
12100	0.32	0.41	0.41	0	0	0.32
12200	0.32	0.4	0.4	0	0	0.32
12300	0.32	0.41	0.41	0	0	0.32
12400	0.32	0.41	0.41	0	0	0.32
12500	0.32	0.41	0.41	0	0	0.32
12600	0.32	0.41	0.41	0	0	0.32
12700	0.31	0.42	0.42	0	0	0.31
12800	0.31	0.41	0.41	0	0	0.31
12900	0.31	0.41	0.41	0	0	0.31
13000	0.32	0.41	0.41	0	0	0.32
13100	0.32	0.4	0.4	0	0	0.32
13200	0.32	0.42	0.42	0	0	0.32
13300	0.32	0.4	0.4	0	0	0.32
13400	0.32	0.4	0.4	0	0	0.32
13500	0.32	0.4	0.4	0	0	0.32
13600	0.32	0.4	0.4	0	0	0.32
13700	0.32	0.4	0.4	0	0	0.32
13800	0.32	0.39	0.39	0	0	0.32
13900	0.32	0.4	0.4	0	0	0.32
14000	0.32	0.4	0.4	0	0	0.32
14100	0.33	0.39	0.39	0	0	0.33
14200	0.33	0.4	0.4	0	0	0.33
14300	0.33	0.4	0.4	0	0	0.33
14400	0.33	0.4	0.4	0	0	0.33
14500	0.34	0.4	0.4	0	0	0.34
14600	0.34	0.4	0.4	0	0	0.34
14700	0.34	0.42	0.42	0	0	0.34
14800	0.34	0.42	0.42	0	0	0.34
14900	0.34	0.42	0.42	0	0	0.34
15000	0.34	0.42	0.42	0	0	0.34
15100	0.34	0.41	0.41	0	0	0.34
15200	0.34	0.41	0.41	0	0	0.34
15300	0.34	0.41	0.41	0	0	0.34
15400	0.35	0.41	0.41	0	0	0.35
15500	0.36	0.41	0.41	0	0	0.36
15600	0.36	0.41	0.41	0	0	0.36
15700	0.36	0.41	0.41	0	0	0.36
15800	0.35	0.41	0.41	0	0	0.35
15900	0.35	0.41	0.41	0	0	0.35
16000	0.35	0.41	0.41	0	0	0.35
16100	0.35	0.43	0.43	0	0	0.35
16200	0.35	0.43	0.43	0	0	0.35
16300	0.35	0.42	0.42	0	0	0.35
16400	0.35	0.43	0.43	0	0	0.35
16500	0.35	0.43	0.43	0	0	0.35
16600	0.34	0.42	0.42	0	0	0.34
16700	0.34	0.43	0.43	0	0	0.34
16800	0.34	0.44	0.44	0	0	0.34
16900	0.34	0.45	0.45	0	0	0.34
17000	0.34	0.45	0.45	0	0	0.34
17100	0.34	0.45	0.45	0	0	0.34
17200	0.34	0.45	0.45	0	0	0.34
17300	0.34	0.45	0.45	0	0	0.34
17400	0.34	0.45	0.45	0	0	0.34
17500	0.34	0.45	0.45	0	0	0.34
17600	0.35	0.46	0.46	0	0	0.35
17700	0.36	0.46	0.46	0	0	0.36
17800	0.36	0.46	0.46	0	0	0.36
17900	0.36	0.46	0.46	0	0	0.36
18000	0.36	0.47	0.47	0	0	0.36
18100	0.36	0.47	0.47	0	0	0.36
18200	0.36	0.47	0.47	0	0	0.36
18300	0.36	0.48	0.48	0	0	0.36
18400	0.36	0.48	0.48	0	0	0.36
18500	0.37	0.48	0.48	0	0	0.37
18600	0.37	0.48	0.48	0	0	0.37
18700	0.38	0.46	0.46	0	0	0.38
18800	0.38	0.46	0.46	0	0	0.38
18900	0.38	0.46	0.46	0	0	0.38
19000	0.38	0.46	0.46	0	0	0.38
19100	0.39	0.46	0.46	0	0	0.39
19200	0.39	0.46	0.46	0	0	0.39
19300	0.39	0.47	0.47	0	0	0.39
19400	0.39	0.47	0.47	0	0	0.39
19500	0.39	0.46	0.46	0	0	0.39
19600	0.39	0.47	0.47	0	0	0.39
19700	0.39	0.47	0.47	0	0	0.39
19800	0.39	0.47	0.47	0	0	0.39
19900	0.39	0.47	0.47	0	0	0.39
20000	0.39	0.46	0.46	0	0	0.39
20100	0.39	0.46	0.46	0	0	0.39
20200	0.39	0.45	0.45	0	0	0.39
20300	0.38	0.45	0.45	0	0	0.38
20400	0.38	0.46	0.46	0	0	0.38
20500	0.37	0.45	0.45	0	0	0.37
20600	0.36	0.45	0.45	0	0	0.36
20700	0.36	0.45	0.45	0	0	0.36
20800	0.36	0.45	0.45	0	0	0.36
20900	0.36	0.45	0.45	0	0	0.36
21000	0.36	0.45	0.45	0	0	0.36
21100	0.36	0.46	0.46	0	0	0.36
21200	0.36	0.46	0.46	0	0	0.36
21300	0.36	0.46	0.46	0	0	0.36
21400	0.37	0.46	0.46	0	0	0.37
21500	0.36	0.46	0.46	0	0	0.36
21600	0.36	0.46	0.46	0	0	0.36
21700	0.36	0.46	0.46	0	0	0.36
21800	0.36	0.46	0.46	0	0	0.36
21900	0.36	0.46	0.46	0	0	0.36
22000	0.36	0.45	0.45	0	0	0.36
22100	0.36	0.45	0.45	0	0	0.36
22200	0.36	0.45	0.45	0	0	0.36
22300	0.36	0.45	0.45	0	0	0.36
22400	0.36	0.44	0.44	0	0	0.36
22500	0.36	0.44	0.44	0	0	0.36
22600	0.36	0.44	0.44	0	0	0.36
22700	0.36	0.44	0.44	0	0	0.36
22800	0.36	0.44	0.44	0	0	0.36
22900	0.36	0.44	0.44	0	0	0.36
23000	0.36	0.45	0.45	0	0	0.36
23100	0.36	0.45	0.45	0	0	0.36
23200	0.36	0.45	0.45	0	0	0.36
23300	0.36	0.45	0.45	0	0	0.36
23400	0.36	0.45	0.45	0	0	0.36
23500	0.36	0.45	0.45	0	0	0.36
23600	0.36	0.46	0.46	0	0	0.36
23700	0.36	0.46	0.46	0	0	0.36
23800	0.36	0.46	0.46	0	0	0.36
23900	0.36	0.46	0.46	0	0	0.36
24000	0.36	0.46	0.46	0	0	0.36
24100	0.36	0.46	0.46	0	0	0.36
24200	0.36	0.46	0.46	0	0	0.36
24300	0.36	0.45	0.45	0	0	0.36
24400	0.36	0.47	0.47	0	0	0.36
24500	0.36	0.47	0.47	0	0	0.36
24600	0.37	0.47	0.47	0	0	0.37
24700	0.37	0.47	0.47	0	0	0.37
24800	0.37	0.47	0.47	0	0	0.37
24900	0.37	0.47	0.47	0	0	0.37
25000	0.37	0.47	0.47	0	0	0.37
25100	0.37	0.46	0.46	0	0	0.37
25200	0.37	0.46	0.46	0	0	0.37
25300	0.37	0.47	0.47	0	0	0.37
25400	0.37	0.46	0.46	0	0	0.37
25500	0.37	0.46	0.46	0	0	0.37
25600	0.37	0.46	0.46	0	0	0.37
25700	0.37	0.46	0.46	0	0	0.37
25800	0.37	0.46	0.46	0	0	0.37
25900	0.37	0.47	0.47	0	0	0.37
26000	0.37	0.47	0.47	0	0	0.37
26100	0.37	0.47	0.47	0	0	0.37
26200	0.37	0.47	0.47	0	0	0.37
26300	0.37	0.47	0.47	0	0	0.37
26400	0.37	0.47	0.47	0	0	0.37
26500	0.36	0.47	0.47	0	0	0.36
26600	0.36	0.47	0.47	0	0	0.36
26700	0.36	0.47	0.47	0	0	0.36
26800	0.36	0.47	0.47	0	0	0.36
26900	0.36	0.47	0.47	0	0	0.36
27000	0.36	0.47	0.47	0	0	0.36
27100	0.35	0.47	0.47	0	0	0.35
27200	0.35	0.47	0.47	0	0	0.35
27300	0.35	0.46	0.46	0	0	0.35
27400	0.35	0.46	0.46	0	0	0.35
27500	0.35	0.46	0.46	0	0	0.35
27600	0.35	0.46	0.46	0	0	0.35
27700	0.35	0.46	0.46	0	0	0.35
27800	0.35	0.47	0.47	0	0	0.35
27900	0.35	0.48	0.48	0	0	0.35
28000	0.35	0.49	0.49	0	0	0.35
28100	0.35	0.49	0.49	0	0	0.35
28200	0.35	0.49	0.49	0	0	0.35
28300	0.36	0.49	0.49	0	0	0.36
28400	0.36	0.49	0.49	0	0	0.36
28500	0.36	0.49	0.49	0	0	0.36
28600	0.36	0.49	0.49	0	0	0.36
28700	0.36	0.49	0.49	0	0	0.36
28800	0.36	0.49	0.49	0	0	0.36
28900	0.36	0.49	0.49	0	0	0.36
29000	0.36	0.49	0.49	0	0	0.36
29100	0.36	0.49	0.49	0	0	0.36
29200	0.36	0.49	0.49	0	0	0.36
29300	0.36	0.49	0.49	0	0	0.36
29400	0.36	0.48	0.48	0	0	0.36
29500	0.36	0.48	0.48	0	0	0.36
29600	0.36	0.48	0.48	0	0	0.36
29700	0.36	0.48	0.48	0	0	0.36
29800	0.36	0.49	0.49	0	0	0.36
29900	0.36	0.48	0.48	0	0	0.36
30000	0.35	0.48	0.48	0	0	0.35
30100	0.35	0.48	0.48	0	0	0.35
30200	0.35	0.48	0.48	0	0	0.35
30300	0.35	0.48	0.48	0	0	0.35
30400	0.35	0.48	0.48	0	0	0.35
30500	0.35	0.48	0.48	0	0	0.35
30600	0.35	0.48	0.48	0	0	0.35
30700	0.35	0.47	0.47	0	0	0.35
30800	0.35	0.47	0.47	0	0	0.35
30900	0.35	0.47	0.47	0	0	0.35
31000	0.35	0.47	0.47	0	0	0.35
31100	0.35	0.49	0.49	0	0	0.35
31200	0.35	0.48	0.48	0	0	0.35
31300	0.35	0.49	0.49	0	0	0.35
31400	0.35	0.49	0.49	0	0	0.35
31500	0.35	0.49	0.49	0	0	0.35
31600	0.35	0.49	0.49	0	0	0.35
31700	0.35	0.5	0.5	0	0	0.35
31800	0.35	0.5	0.5	0	0	0.35
31900	0.35	0.5	0.5	0	0	0.35
32000	0.35	0.5	0.5	0	0	0.35
32100	0.35	0.5	0.5	0	0	0.35
32200	0.35	0.5	0.5	0	0	0.35
32300	0.35	0.5	0.5	0	0	0.35
32400	0.35	0.5	0.5	0	0	0.35
32500	0.35	0.5	0.5	0	0	0.35
32600	0.35	0.5	0.5	0	0	0.35
32700	0.35	0.5	0.5	0	0	0.35
32800	0.35	0.5	0.5	0	0	0.35
32900	0.35	0.51	0.51	0	0	0.35
33000	0.35	0.5	0.5	0	0	0.35
33100	0.35	0.5	0.5	0	0	0.35
33200	0.35	0.5	0.5	0	0	0.35
33300	0.35	0.5	0.5	0	0	0.35
33400	0.36	0.5	0.5	0	0	0.36
33500	0.36	0.5	0.5	0	0	0.36
33600	0.36	0.5	0.5	0	0	0.36
33700	0.36	0.5	0.5	0	0	0.36
33800	0.36	0.5	0.5	0	0	0.36
33900	0.36	0.5	0.5	0	0	0.36
34000	0.36	0.5	0.5	0	0	0.36
34100	0.37	0.5	0.5	0	0	0.37
34200	0.37	0.5	0.5	0	0	0.37
34300	0.37	0.5	0.5	0	0	0.37
34400	0.37	0.5	0.5	0	0	0.37
34500	0.37	0.5	0.5	0	0	0.37
34600	0.37	0.51	0.51	0	0	0.37
34700	0.37	0.52	0.52	0	0	0.37
34800	0.37	0.52	0.52	0	0	0.37
34900	0.37	0.52	0.52	0	0	0.37
35000	0.37	0.52	0.52	0	0	0.37
35100	0.37	0.52	0.52	0	0	0.37
35200	0.37	0.52	0.52	0	0	0.37
35300	0.37	0.52	0.52	0	0	0.37
35400	0.37	0.52	0.52	0	0	0.37
35500	0.37	0.52	0.52	0	0	0.37
35600	0.37	0.52	0.52	0	0	0.37
35700	0.37	0.52	0.52	0	0	0.37
35800	0.37	0.52	0.52	0	0	0.37
35900	0.37	0.52	0.52	0	0	0.37
36000	0.37	0.52	0.52	0	0	0.37
36100	0.37	0.52	0.52	0	0	0.37
36200	0.37	0.52	0.52	0	0	0.37
36300	0.37	0.52	0.52	0	0	0.37
36400	0.37	0.52	0.52	0	0	0.37
36500	0.37	0.52	0.52	0	0	0.37
36600	0.37	0.51	0.51	0	0	0.37
36700	0.37	0.51	0.51	0	0	0.37
36800	0.37	0.51	0.51	0	0	0.37
36900	0.37	0.51	0.51	0	0	0.37
37000	0.37	0.51	0.51	0	0	0.37
37100	0.37	0.51	0.51	0	0	0.37
37200	0.38	0.51	0.51	0	0	0.38
37300	0.38	0.52	0.52	0	0	0.38
37400	0.38	0.52	0.52	0	0	0.38
37500	0.37	0.52	0.52	0	0	0.37
37600	0.36	0.52	0.52	0	0	0.36
37700	0.36	0.52	0.52	0	0	0.36
37800	0.36	0.52	0.52	0	0	0.36
37900	0.36	0.52	0.52	0	0	0.36
38000	0.36	0.51	0.51	0	0	0.36
38100	0.36	0.52	0.52	0	0	0.36
38200	0.36	0.52	0.52	0	0	0.36
38300	0.37	0.52	0.52	0	0	0.37
38400	0.37	0.52	0.52	0	0	0.37
38500	0.37	0.52	0.52	0	0	0.37
38600	0.37	0.52	0.52	0	0	0.37
38700	0.37	0.52	0.52	0	0	0.37
38800	0.37	0.52	0.52	0	0	0.37
38900	0.37	0.53	0.53	0	0	0.37
39000	0.37	0.53	0.53	0	0	0.37
39100	0.37	0.53	0.53	0	0	0.37
39200	0.37	0.53	0.53	0	0	0.37
39300	0.37	0.53	0.53	0	0	0.37
39400	0.37	0.53	0.53	0	0	0.37
39500	0.37	0.53	0.53	0	0	0.37
39600	0.37	0.53	0.53	0	0	0.37
39700	0.37	0.53	0.53	0	0	0.37
39800	0.37	0.52	0.52	0	0	0.37
39900	0.37	0.52	0.52	0	0	0.37
40000	0.37	0.52	0.52	0	0	0.37
40100	0.37	0.52	0.52	0	0	0.37
40200	0.37	0.52	0.52	0	0	0.37
40300	0.37	0.5	0.5	0	0	0.37
40400	0.37	0.5	0.5	0	0	0.37
40500	0.37	0.5	0.5	0	0	0.37
40600	0.37	0.5	0.5	0	0	0.37
40700	0.37	0.48	0.48	0	0	0.37
40800	0.37	0.48	0.48	0	0	0.37
40900	0.37	0.48	0.48	0	0	0.37
41000	0.37	0.48	0.48	0	0	0.37
41100	0.37	0.48	0.48	0	0	0.37
41200	0.37	0.48	0.48	0	0	0.37
41300	0.38	0.48	0.48	0	0	0.38
41400	0.37	0.48	0.48	0	0	0.37
41500	0.36	0.48	0.48	0	0	0.36
41600	0.36	0.48	0.48	0	0	0.36
41700	0.36	0.48	0.48	0	0	0.36
41800	0.36	0.48	0.48	0	0	0.36
41900	0.36	0.48	0.48	0	0	0.36
42000	0.36	0.48	0.48	0	0	0.36
42100	0.36	0.48	0.48	0	0	0.36
42200	0.36	0.48	0.48	0	0	0.36
42300	0.36	0.48	0.48	0	0	0.36
42400	0.37	0.47	0.47	0	0	0.37
42500	0.37	0.47	0.47	0	0	0.37
42600	0.37	0.47	0.47	0	0	0.37
42700	0.37	0.47	0.47	0	0	0.37
42800	0.37	0.47	0.47	0	0	0.37
42900	0.37	0.47	0.47	0	0	0.37
43000	0.37	0.47	0.47	0	0	0.37
43100	0.38	0.47	0.47	0	0	0.38
43200	0.38	0.47	0.47	0	0	0.38
43300	0.38	0.47	0.47	0	0	0.38
43400	0.38	0.47	0.47	0	0	0.38
43500	0.38	0.47	0.47	0	0	0.38
43600	0.37	0.47	0.47	0	0	0.37
43700	0.37	0.47	0.47	0	0	0.37
43800	0.37	0.47	0.47	0	0	0.37
43900	0.37	0.47	0.47	0	0	0.37
44000	0.37	0.47	0.47	0	0	0.37
44100	0.37	0.46	0.46	0	0	0.37
44200	0.37	0.46	0.46	0	0	0.37
44300	0.37	0.46	0.46	0	0	0.37
44400	0.37	0.46	0.46	0	0	0.37
44500	0.37	0.46	0.46	0	0	0.37
44600	0.37	0.46	0.46	0	0	0.37
44700	0.36	0.46	0.46	0	0	0.36
44800	0.36	0.47	0.47	0	0	0.36
44900	0.36	0.47	0.47	0	0	0.36
45000	0.36	0.48	0.48	0	0	0.36
45100	0.36	0.47	0.47	0	0	0.36
45200	0.36	0.47	0.47	0	0	0.36
45300	0.36	0.47	0.47	0	0	0.36
45400	0.36	0.47	0.47	0	0	0.36
45500	0.36	0.47	0.47	0	0	0.36
45600	0.36	0.47	0.47	0	0	0.36
45700	0.36	0.47	0.47	0	0	0.36
45800	0.36	0.47	0.47	0	0	0.36
45900	0.36	0.47	0.47	0	0	0.36
46000	0.36	0.47	0.47	0	0	0.36
46100	0.36	0.47	0.47	0	0	0.36
46200	0.36	0.47	0.47	0	0	0.36
46300	0.36	0.47	0.47	0	0	0.36
46400	0.36	0.47	0.47	0	0	0.36
46500	0.36	0.47	0.47	0	0	0.36
46600	0.36	0.47	0.47	0	0	0.36
46700	0.36	0.47	0.47	0	0	0.36
46800	0.36	0.47	0.47	0	0	0.36
46900	0.36	0.48	0.48	0	0	0.36
47000	0.36	0.48	0.48	0	0	0.36
47100	0.36	0.48	0.48	0	0	0.36
47200	0.36	0.48	0.48	0	0	0.36
47300	0.36	0.48	0.48	0	0	0.36
47400	0.36	0.48	0.48	0	0	0.36
47500	0.36	0.48	0.48	0	0	0.36
47600	0.36	0.48	0.48	0	0	0.36
47700	0.36	0.48	0.48	0	0	0.36
47800	0.37	0.48	0.48	0	0	0.37
47900	0.37	0.48	0.48	0	0	0.37
48000	0.37	0.48	0.48	0	0	0.37
48100	0.37	0.48	0.48	0	0	0.37
48200	0.37	0.48	0.48	0	0	0.37
48300	0.37	0.48	0.48	0	0	0.37
48400	0.37	0.48	0.48	0	0	0.37
48500	0.37	0.48	0.48	0	0	0.37
48600	0.37	0.49	0.49	0	0	0.37
48700	0.37	0.48	0.48	0	0	0.37
48800	0.37	0.49	0.49	0	0	0.37
48900	0.37	0.49	0.49	0	0	0.37
49000	0.37	0.5	0.5	0	0	0.37
49100	0.36	0.5	0.5	0	0	0.36
49200	0.36	0.5	0.5	0	0	0.36
49300	0.36	0.5	0.5	0	0	0.36
49400	0.36	0.5	0.5	0	0	0.36
49500	0.36	0.5	0.5	0	0	0.36
49600	0.36	0.5	0.5	0	0	0.36
49700	0.36	0.5	0.5	0	0	0.36
49800	0.37	0.52	0.52	0	0	0.37
49900	0.37	0.52	0.52	0	0	0.37
50000	0.37	0.51	0.51	0	0	0.37
50100	0.37	0.51	0.51	0	0	0.37
50200	0.37	0.51	0.51	0	0	0.37
50300	0.37	0.51	0.51	0	0	0.37
50400	0.37	0.51	0.51	0	0	0.37
50500	0.37	0.5	0.5	0	0	0.37
50600	0.37	0.5	0.5	0	0	0.37
50700	0.37	0.5	0.5	0	0	0.37
50800	0.37	0.5	0.5	0	0	0.37
50900	0.37	0.5	0.5	0	0	0.37
51000	0.37	0.5	0.5	0	0	0.37
51100	0.37	0.5	0.5	0	0	0.37
51200	0.37	0.5	0.5	0	0	0.37
51300	0.37	0.5	0.5	0	0	0.37
51400	0.37	0.5	0.5	0	0	0.37
51500	0.37	0.5	0.5	0	0	0.37
51600	0.36	0.5	0.5	0	0	0.36
51700	0.36	0.5	0.5	0	0	0.36
51800	0.36	0.51	0.51	0	0	0.36
51900	0.36	0.52	0.52	0	0	0.36
52000	0.36	0.52	0.52	0	0	0.36
52100	0.36	0.52	0.52	0	0	0.36
52200	0.36	0.52	0.52	0	0	0.36
52300	0.36	0.52	0.52	0	0	0.36
52400	0.35	0.52	0.52	0	0	0.35
52500	0.35	0.52	0.52	0	0	0.35
52600	0.35	0.52	0.52	0	0	0.35
52700	0.35	0.52	0.52	0	0	0.35
52800	0.35	0.52	0.52	0	0	0.35
52900	0.35	0.52	0.52	0	0	0.35
53000	0.35	0.52	0.52	0	0	0.35
53100	0.35	0.52	0.52	0	0	0.35
53200	0.35	0.52	0.52	0	0	0.35
53300	0.35	0.52	0.52	0	0	0.35
53400	0.35	0.52	0.52	0	0	0.35
53500	0.35	0.52	0.52	0	0	0.35
53600	0.35	0.52	0.52	0	0	0.35
53700	0.35	0.52	0.52	0	0	0.35
53800	0.35	0.52	0.52	0	0	0.35
53900	0.35	0.52	0.52	0	0	0.35
54000	0.35	0.52	0.52	0	0	0.35
54100	0.35	0.52	0.52	0	0	0.35
54200	0.36	0.52	0.52	0	0	0.36
54300	0.36	0.52	0.52	0	0	0.36
54400	0.36	0.52	0.52	0	0	0.36
54500	0.36	0.52	0.52	0	0	0.36
54600	0.36	0.52	0.52	0	0	0.36
54700	0.36	0.53	0.53	0	0	0.36
54800	0.36	0.54	0.54	0	0	0.36
54900	0.36	0.54	0.54	0	0	0.36
55000	0.36	0.53	0.53	0	0	0.36
55100	0.36	0.53	0.53	0	0	0.36
55200	0.37	0.53	0.53	0	0	0.37
55300	0.37	0.53	0.53	0	0	0.37
55400	0.37	0.52	0.52	0	0	0.37
55500	0.37	0.52	0.52	0	0	0.37
55600	0.37	0.52	0.52	0	0	0.37
55700	0.37	0.51	0.51	0	0	0.37
55800	0.37	0.51	0.51	0	0	0.37
55900	0.37	0.51	0.51	0	0	0.37
56000	0.37	0.51	0.51	0	0	0.37
56100	0.37	0.51	0.51	0	0	0.37
56200	0.37	0.51	0.51	0	0	0.37
56300	0.37	0.51	0.51	0	0	0.37
56400	0.37	0.51	0.51	0	0	0.37
56500	0.37	0.51	0.51	0	0	0.37
56600	0.37	0.51	0.51	0	0	0.37
56700	0.37	0.51	0.51	0	0	0.37
56800	0.37	0.51	0.51	0	0	0.37
56900	0.37	0.51	0.51	0	0	0.37
57000	0.37	0.51	0.51	0	0	0.37
57100	0.37	0.51	0.51	0	0	0.37
57200	0.37	0.51	0.51	0	0	0.37
57300	0.37	0.51	0.51	0	0	0.37
57400	0.37	0.51	0.51	0	0	0.37
57500	0.37	0.52	0.52	0	0	0.37
57600	0.38	0.52	0.52	0	0	0.38
57700	0.38	0.52	0.52	0	0	0.38
57800	0.38	0.52	0.52	0	0	0.38
57900	0.38	0.52	0.52	0	0	0.38
58000	0.39	0.52	0.52	0	0	0.39
58100	0.39	0.52	0.52	0	0	0.39
58200	0.39	0.52	0.52	0	0	0.39
58300	0.39	0.52	0.52	0	0	0.39
58400	0.39	0.52	0.52	0	0	0.39
58500	0.39	0.52	0.52	0	0	0.39
58600	0.39	0.52	0.52	0	0	0.39
58700	0.39	0.52	0.52	0	0	0.39
58800	0.39	0.52	0.52	0	0	0.39
58900	0.39	0.52	0.52	0	0	0.39
59000	0.39	0.52	0.52	0	0	0.39
59100	0.39	0.52	0.52	0	0	0.39
59200	0.39	0.52	0.52	0	0	0.39
59300	0.39	0.53	0.53	0	0	0.39
59400	0.39	0.54	0.54	0	0	0.39
59500	0.39	0.54	0.54	0	0	0.39
59600	0.39	0.54	0.54	0	0	0.39
59700	0.39	0.54	0.54	0	0	0.39
59800	0.39	0.54	0.54	0	0	0.39
59900	0.39	0.54	0.54	0	0	0.39
60000	0.39	0.54	0.54	0	0	0.39
60100	0.39	0.54	0.54	0	0	0.39
60200	0.39	0.54	0.54	0	0	0.39
60300	0.39	0.54	0.54	0	0	0.39
60400	0.39	0.54	0.54	0	0	0.39
60500	0.39	0.54	0.54	0	0	0.39
60600	0.39	0.54	0.54	0	0	0.39
60700	0.39	0.53	0.53	0	0	0.39
60800	0.39	0.53	0.53	0	0	0.39
60900	0.39	0.53	0.53	0	0	0.39
61000	0.39	0.54	0.54	0	0	0.39
61100	0.39	0.54	0.54	0	0	0.39
61200	0.39	0.54	0.54	0	0	0.39
61300	0.39	0.54	0.54	0	0	0.39
61400	0.39	0.54	0.54	0	0	0.39
61500	0.39	0.54	0.54	0	0	0.39
61600	0.39	0.54	0.54	0	0	0.39
61700	0.39	0.54	0.54	0	0	0.39
61800	0.39	0.54	0.54	0	0	0.39
61900	0.39	0.54	0.54	0	0	0.39
62000	0.39	0.54	0.54	0	0	0.39
62100	0.39	0.54	0.54	0	0	0.39
62200	0.39	0.54	0.54	0	0	0.39
62300	0.38	0.54	0.54	0	0	0.38
62400	0.38	0.54	0.54	0	0	0.38
62500	0.38	0.54	0.54	0	0	0.38
62600	0.38	0.54	0.54	0	0	0.38
62700	0.38	0.54	0.54	0	0	0.38
62800	0.38	0.54	0.54	0	0	0.38
62900	0.38	0.54	0.54	0	0	0.38
63000	0.38	0.54	0.54	0	0	0.38
63100	0.38	0.54	0.54	0	0	0.38
63200	0.38	0.54	0.54	0	0	0.38
63300	0.38	0.54	0.54	0	0	0.38
63400	0.38	0.54	0.54	0	0	0.38
63500	0.38	0.54	0.54	0	0	0.38
63600	0.38	0.54	0.54	0	0	0.38
63700	0.38	0.54	0.54	0	0	0.38
63800	0.38	0.53	0.53	0	0	0.38
63900	0.38	0.53	0.53	0	0	0.38
64000	0.39	0.54	0.54	0	0	0.39
64100	0.39	0.54	0.54	0	0	0.39
64200	0.39	0.54	0.54	0	0	0.39
64300	0.39	0.54	0.54	0	0	0.39
64400	0.39	0.53	0.53	0	0	0.39
64500	0.39	0.53	0.53	0	0	0.39
64600	0.39	0.53	0.53	0	0	0.39
64700	0.39	0.53	0.53	0	0	0.39
64800	0.39	0.53	0.53	0	0	0.39
64900	0.39	0.53	0.53	0	0	0.39
65000	0.39	0.53	0.53	0	0	0.39
65100	0.39	0.53	0.53	0	0	0.39
65200	0.39	0.53	0.53	0	0	0.39
65300	0.39	0.53	0.53	0	0	0.39
65400	0.39	0.53	0.53	0	0	0.39
65500	0.39	0.52	0.52	0	0	0.39
65600	0.39	0.51	0.51	0	0	0.39
65700	0.39	0.51	0.51	0	0	0.39
65800	0.39	0.51	0.51	0	0	0.39
65900	0.39	0.51	0.51	0	0	0.39
66000	0.39	0.51	0.51	0	0	0.39
66100	0.39	0.51	0.51	0	0	0.39
66200	0.39	0.51	0.51	0	0	0.39
66300	0.39	0.51	0.51	0	0	0.39
66400	0.39	0.51	0.51	0	0	0.39
66500	0.39	0.51	0.51	0	0	0.39
66600	0.39	0.51	0.51	0	0	0.39
66700	0.39	0.51	0.51	0	0	0.39
66800	0.39	0.51	0.51	0	0	0.39
66900	0.39	0.51	0.51	0	0	0.39
67000	0.39	0.51	0.51	0	0	0.39
67100	0.39	0.51	0.51	0	0	0.39
67200	0.39	0.51	0.51	0	0	0.39
67300	0.39	0.51	0.51	0	0	0.39
67400	0.39	0.52	0.52	0	0	0.39
67500	0.38	0.52	0.52	0	0	0.38
67600	0.38	0.52	0.52	0	0	0.38
67700	0.38	0.52	0.52	0	0	0.38
67800	0.38	0.52	0.52	0	0	0.38
67900	0.38	0.52	0.52	0	0	0.38
68000	0.38	0.52	0.52	0	0	0.38
68100	0.38	0.51	0.51	0	0	0.38
68200	0.38	0.51	0.51	0	0	0.38
68300	0.38	0.51	0.51	0	0	0.38
68400	0.38	0.51	0.51	0	0	0.38
68500	0.38	0.5	0.5	0	0	0.38
68600	0.38	0.5	0.5	0	0	0.38
68700	0.38	0.5	0.5	0	0	0.38
68800	0.38	0.5	0.5	0	0	0.38
68900	0.38	0.5	0.5	0	0	0.38
69000	0.38	0.5	0.5	0	0	0.38
69100	0.38	0.49	0.49	0	0	0.38
69200	0.38	0.49	0.49	0	0	0.38
69300	0.38	0.49	0.49	0	0	0.38
69400	0.38	0.5	0.5	0	0	0.38
69500	0.38	0.5	0.5	0	0	0.38
69600	0.38	0.49	0.49	0	0	0.38
69700	0.38	0.49	0.49	0	0	0.38
69800	0.38	0.49	0.49	0	0	0.38
69900	0.38	0.49	0.49	0	0	0.38
70000	0.38	0.49	0.49	0	0	0.38
70100	0.38	0.49	0.49	0	0	0.38
70200	0.38	0.49	0.49	0	0	0.38
70300	0.38	0.49	0.49	0	0	0.38
70400	0.38	0.49	0.49	0	0	0.38
70500	0.38	0.49	0.49	0	0	0.38
70600	0.38	0.49	0.49	0	0	0.38
70700	0.38	0.49	0.49	0	0	0.38
70800	0.38	0.49	0.49	0	0	0.38
70900	0.38	0.49	0.49	0	0	0.38
71000	0.38	0.5	0.5	0	0	0.38
71100	0.38	0.5	0.5	0	0	0.38
71200	0.38	0.5	0.5	0	0	0.38
71300	0.38	0.5	0.5	0	0	0.38
71400	0.37	0.5	0.5	0	0	0.37
71500	0.37	0.5	0.5	0	0	0.37
71600	0.37	0.5	0.5	0	0	0.37
71700	0.37	0.5	0.5	0	0	0.37
71800	0.37	0.5	0.5	0	0	0.37
71900	0.37	0.5	0.5	0	0	0.37
72000	0.37	0.48	0.48	0	0	0.37
72100	0.37	0.48	0.48	0	0	0.37
72200	0.37	0.48	0.48	0	0	0.37
72300	0.37	0.49	0.49	0	0	0.37
72400	0.37	0.49	0.49	0	0	0.37
72500	0.37	0.49	0.49	0	0	0.37
72600	0.37	0.49	0.49	0	0	0.37
72700	0.37	0.49	0.49	0	0	0.37
72800	0.37	0.49	0.49	0	0	0.37
72900	0.37	0.49	0.49	0	0	0.37
73000	0.37	0.5	0.5	0	0	0.37
73100	0.37	0.5	0.5	0	0	0.37
73200	0.37	0.5	0.5	0	0	0.37
73300	0.37	0.5	0.5	0	0	0.37
73400	0.37	0.5	0.5	0	0	0.37
73500	0.37	0.5	0.5	0	0	0.37
73600	0.37	0.5	0.5	0	0	0.37
73700	0.37	0.5	0.5	0	0	0.37
73800	0.37	0.5	0.5	0	0	0.37
73900	0.37	0.5	0.5	0	0	0.37
74000	0.37	0.5	0.5	0	0	0.37
74100	0.37	0.5	0.5	0	0	0.37
74200	0.37	0.49	0.49	0	0	0.37
74300	0.37	0.49	0.49	0	0	0.37
74400	0.37	0.49	0.49	0	0	0.37
74500	0.37	0.49	0.49	0	0	0.37
74600	0.37	0.49	0.49	0	0	0.37
74700	0.37	0.49	0.49	0	0	0.37
74800	0.37	0.49	0.49	0	0	0.37
74900	0.37	0.49	0.49	0	0	0.37
75000	0.37	0.49	0.49	0	0	0.37
75100	0.37	0.49	0.49	0	0	0.37
75200	0.37	0.5	0.5	0	0	0.37
75300	0.37	0.49	0.49	0	0	0.37
75400	0.37	0.49	0.49	0	0	0.37
75500	0.37	0.49	0.49	0	0	0.37
75600	0.37	0.49	0.49	0	0	0.37
75700	0.37	0.49	0.49	0	0	0.37
75800	0.37	0.49	0.49	0	0	0.37
75900	0.37	0.49	0.49	0	0	0.37
76000	0.38	0.49	0.49	0	0	0.38
76100	0.38	0.49	0.49	0	0	0.38
76200	0.38	0.49	0.49	0	0	0.38
76300	0.38	0.5	0.5	0	0	0.38
76400	0.38	0.51	0.51	0	0	0.38
76500	0.38	0.52	0.52	0	0	0.38
76600	0.38	0.52	0.52	0	0	0.38
76700	0.38	0.52	0.52	0	0	0.38
76800	0.38	0.52	0.52	0	0	0.38
76900	0.38	0.52	0.52	0	0	0.38
77000	0.38	0.53	0.53	0	0	0.38
77100	0.38	0.53	0.53	0	0	0.38
77200	0.38	0.53	0.53	0	0	0.38
77300	0.38	0.54	0.54	0	0	0.38
77400	0.38	0.54	0.54	0	0	0.38
77500	0.38	0.54	0.54	0	0	0.38
77600	0.38	0.54	0.54	0	0	0.38
77700	0.38	0.54	0.54	0	0	0.38
77800	0.38	0.54	0.54	0	0	0.38
77900	0.38	0.54	0.54	0	0	0.38
78000	0.38	0.54	0.54	0	0	0.38
78100	0.38	0.54	0.54	0	0	0.38
78200	0.38	0.54	0.54	0	0	0.38
78300	0.38	0.54	0.54	0	0	0.38
78400	0.38	0.54	0.54	0	0	0.38
78500	0.38	0.53	0.53	0	0	0.38
78600	0.38	0.53	0.53	0	0	0.38
78700	0.38	0.53	0.53	0	0	0.38
78800	0.38	0.53	0.53	0	0	0.38
78900	0.38	0.53	0.53	0	0	0.38
79000	0.38	0.53	0.53	0	0	0.38
79100	0.38	0.53	0.53	0	0	0.38
79200	0.38	0.53	0.53	0	0	0.38
79300	0.38	0.52	0.52	0	0	0.38
79400	0.38	0.53	0.53	0	0	0.38
79500	0.38	0.53	0.53	0	0	0.38
79600	0.38	0.53	0.53	0	0	0.38
79700	0.38	0.53	0.53	0	0	0.38
79800	0.38	0.54	0.54	0	0	0.38
79900	0.38	0.54	0.54	0	0	0.38
80000	0.38	0.54	0.54	0	0	0.38
80100	0.38	0.55	0.55	0	0	0.38
80200	0.38	0.55	0.55	0	0	0.38
80300	0.38	0.55	0.55	0	0	0.38
80400	0.38	0.55	0.55	0	0	0.38
80500	0.38	0.55	0.55	0	0	0.38
80600	0.38	0.55	0.55	0	0	0.38
80700	0.38	0.55	0.55	0	0	0.38
80800	0.38	0.55	0.55	0	0	0.38
80900	0.38	0.55	0.55	0	0	0.38
81000	0.38	0.55	0.55	0	0	0.38
81100	0.38	0.55	0.55	0	0	0.38
81200	0.38	0.55	0.55	0	0	0.38
81300	0.38	0.55	0.55	0	0	0.38
81400	0.38	0.55	0.55	0	0	0.38
81500	0.38	0.55	0.55	0	0	0.38
81600	0.38	0.55	0.55	0	0	0.38
81700	0.38	0.55	0.55	0	0	0.38
81800	0.38	0.55	0.55	0	0	0.38
81900	0.38	0.55	0.55	0	0	0.38
82000	0.38	0.55	0.55	0	0	0.38
82100	0.38	0.55	0.55	0	0	0.38
82200	0.38	0.55	0.55	0	0	0.38
82300	0.38	0.55	0.55	0	0	0.38
82400	0.38	0.55	0.55	0	0	0.38
82500	0.39	0.55	0.55	0	0	0.39
82600	0.39	0.55	0.55	0	0	0.39
82700	0.39	0.55	0.55	0	0	0.39
82800	0.39	0.55	0.55	0	0	0.39
82900	0.38	0.55	0.55	0	0	0.38
83000	0.38	0.55	0.55	0	0	0.38
83100	0.38	0.55	0.55	0	0	0.38
83200	0.38	0.54	0.54	0	0	0.38
83300	0.38	0.54	0.54	0	0	0.38
83400	0.38	0.54	0.54	0	0	0.38
83500	0.38	0.54	0.54	0	0	0.38
83600	0.39	0.54	0.54	0	0	0.39
83700	0.39	0.54	0.54	0	0	0.39
83800	0.39	0.54	0.54	0	0	0.39
83900	0.39	0.54	0.54	0	0	0.39
84000	0.39	0.54	0.54	0	0	0.39
84100	0.39	0.54	0.54	0	0	0.39
84200	0.39	0.54	0.54	0	0	0.39
84300	0.39	0.54	0.54	0	0	0.39
84400	0.39	0.53	0.53	0	0	0.39
84500	0.39	0.52	0.52	0	0	0.39
84600	0.39	0.52	0.52	0	0	0.39
84700	0.39	0.52	0.52	0	0	0.39
84800	0.39	0.52	0.52	0	0	0.39
84900	0.39	0.52	0.52	0	0	0.39
85000	0.4	0.52	0.52	0	0	0.4
85100	0.4	0.52	0.52	0	0	0.4
85200	0.4	0.52	0.52	0	0	0.4
85300	0.39	0.52	0.52	0	0	0.39
85400	0.39	0.52	0.52	0	0	0.39
85500	0.39	0.52	0.52	0	0	0.39
85600	0.39	0.52	0.52	0	0	0.39
85700	0.39	0.52	0.52	0	0	0.39
85800	0.39	0.52	0.52	0	0	0.39
85900	0.39	0.52	0.52	0	0	0.39
86000	0.39	0.52	0.52	0	0	0.39
86100	0.39	0.52	0.52	0	0	0.39
86200	0.39	0.52	0.52	0	0	0.39
86300	0.39	0.51	0.51	0	0	0.39
86400	0.39	0.51	0.51	0	0	0.39
86500	0.39	0.51	0.51	0	0	0.39
86600	0.39	0.51	0.51	0	0	0.39
86700	0.39	0.51	0.51	0	0	0.39
86800	0.4	0.51	0.51	0	0	0.4
86900	0.4	0.51	0.51	0	0	0.4
87000	0.4	0.51	0.51	0	0	0.4
87100	0.4	0.51	0.51	0	0	0.4
87200	0.4	0.51	0.51	0	0	0.4
87300	0.4	0.51	0.51	0	0	0.4
87400	0.4	0.51	0.51	0	0	0.4
87500	0.39	0.51	0.51	0	0	0.39
87600	0.39	0.51	0.51	0	0	0.39
87700	0.39	0.51	0.51	0	0	0.39
87800	0.38	0.51	0.51	0	0	0.38
87900	0.38	0.51	0.51	0	0	0.38
88000	0.38	0.51	0.51	0	0	0.38
88100	0.38	0.51	0.51	0	0	0.38
88200	0.38	0.51	0.51	0	0	0.38
88300	0.38	0.51	0.51	0	0	0.38
88400	0.38	0.51	0.51	0	0	0.38
88500	0.38	0.51	0.51	0	0	0.38
88600	0.39	0.51	0.51	0	0	0.39
88700	0.39	0.51	0.51	0	0	0.39
88800	0.39	0.52	0.52	0	0	0.39
88900	0.39	0.53	0.53	0	0	0.39
89000	0.39	0.52	0.52	0	0	0.39
89100	0.39	0.52	0.52	0	0	0.39
89200	0.4	0.52	0.52	0	0	0.4
89300	0.4	0.52	0.52	0	0	0.4
89400	0.4	0.52	0.52	0	0	0.4
89500	0.39	0.52	0.52	0	0	0.39
89600	0.39	0.52	0.52	0	0	0.39
89700	0.39	0.52	0.52	0	0	0.39
89800	0.39	0.53	0.53	0	0	0.39
89900	0.39	0.53	0.53	0	0	0.39
90000	0.39	0.54	0.54	0	0	0.39
90100	0.39	0.54	0.54	0	0	0.39
90200	0.39	0.53	0.53	0	0	0.39
90300	0.39	0.53	0.53	0	0	0.39
90400	0.39	0.53	0.53	0	0	0.39
90500	0.39	0.53	0.53	0	0	0.39
90600	0.38	0.53	0.53	0	0	0.38
90700	0.38	0.53	0.53	0	0	0.38
90800	0.38	0.53	0.53	0	0	0.38
90900	0.38	0.52	0.52	0	0	0.38
91000	0.38	0.52	0.52	0	0	0.38
91100	0.38	0.52	0.52	0	0	0.38
91200	0.38	0.52	0.52	0	0	0.38
91300	0.38	0.52	0.52	0	0	0.38
91400	0.37	0.52	0.52	0	0	0.37
91500	0.37	0.52	0.52	0	0	0.37
91600	0.37	0.51	0.51	0	0	0.37
91700	0.37	0.51	0.51	0	0	0.37
91800	0.37	0.51	0.51	0	0	0.37
91900	0.38	0.51	0.51	0	0	0.38
92000	0.38	0.51	0.51	0	0	0.38
92100	0.38	0.51	0.51	0	0	0.38
92200	0.38	0.51	0.51	0	0	0.38
92300	0.38	0.51	0.51	0	0	0.38
92400	0.38	0.51	0.51	0	0	0.38
92500	0.38	0.52	0.52	0	0	0.38
92600	0.38	0.52	0.52	0	0	0.38
92700	0.38	0.53	0.53	0	0	0.38
92800	0.37	0.53	0.53	0	0	0.37
92900	0.36	0.52	0.52	0	0	0.36
93000	0.36	0.52	0.52	0	0	0.36
93100	0.36	0.52	0.52	0	0	0.36
93200	0.36	0.52	0.52	0	0	0.36
93300	0.36	0.52	0.52	0	0	0.36
93400	0.36	0.52	0.52	0	0	0.36
93500	0.36	0.51	0.51	0	0	0.36
93600	0.36	0.52	0.52	0	0	0.36
93700	0.37	0.52	0.52	0	0	0.37
93800	0.37	0.52	0.52	0	0	0.37
93900	0.38	0.52	0.52	0	0	0.38
94000	0.39	0.52	0.52	0	0	0.39
94100	0.39	0.52	0.52	0	0	0.39
94200	0.39	0.52	0.52	0	0	0.39
94300	0.39	0.52	0.52	0	0	0.39
94400	0.39	0.52	0.52	0	0	0.39
94500	0.39	0.52	0.52	0	0	0.39
94600	0.4	0.52	0.52	0	0	0.4
94700	0.39	0.52	0.52	0	0	0.39
94800	0.39	0.53	0.53	0	0	0.39
94900	0.39	0.53	0.53	0	0	0.39
95000	0.39	0.53	0.53	0	0	0.39
95100	0.39	0.53	0.53	0	0	0.39
95200	0.38	0.53	0.53	0	0	0.38
95300	0.38	0.53	0.53	0	0	0.38
95400	0.38	0.53	0.53	0	0	0.38
95500	0.38	0.53	0.53	0	0	0.38
95600	0.38	0.53	0.53	0	0	0.38
95700	0.38	0.53	0.53	0	0	0.38
95800	0.38	0.52	0.52	0	0	0.38
95900	0.38	0.52	0.52	0	0	0.38
96000	0.38	0.52	0.52	0	0	0.38
96100	0.38	0.52	0.52	0	0	0.38
96200	0.37	0.52	0.52	0	0	0.37
96300	0.37	0.52	0.52	0	0	0.37
96400	0.37	0.52	0.52	0	0	0.37
96500	0.37	0.52	0.52	0	0	0.37
96600	0.37	0.52	0.52	0	0	0.37
96700	0.37	0.52	0.52	0	0	0.37
96800	0.37	0.53	0.53	0	0	0.37
96900	0.37	0.53	0.53	0	0	0.37
97000	0.37	0.53	0.53	0	0	0.37
97100	0.37	0.52	0.52	0	0	0.37
97200	0.37	0.51	0.51	0	0	0.37
97300	0.37	0.52	0.52	0	0	0.37
97400	0.37	0.52	0.52	0	0	0.37
97500	0.37	0.53	0.53	0	0	0.37
97600	0.37	0.54	0.54	0	0	0.37
97700	0.37	0.54	0.54	0	0	0.37
97800	0.37	0.54	0.54	0	0	0.37
97900	0.37	0.54	0.54	0	0	0.37
98000	0.37	0.54	0.54	0	0	0.37
98100	0.37	0.54	0.54	0	0	0.37
98200	0.37	0.54	0.54	0	0	0.37
98300	0.37	0.54	0.54	0	0	0.37
98400	0.37	0.54	0.54	0	0	0.37
98500	0.37	0.54	0.54	0	0	0.37
98600	0.37	0.54	0.54	0	0	0.37
98700	0.37	0.54	0.54	0	0	0.37
98800	0.37	0.54	0.54	0	0	0.37
98900	0.37	0.54	0.54	0	0	0.37
99000	0.37	0.54	0.54	0	0	0.37
99100	0.37	0.54	0.54	0	0	0.37
99200	0.37	0.54	0.54	0	0	0.37
99300	0.37	0.54	0.54	0	0	0.37
99400	0.37	0.54	0.54	0	0	0.37
99500	0.38	0.54	0.54	0	0	0.38
99600	0.38	0.53	0.53	0	0	0.38
99700	0.38	0.54	0.54	0	0	0.38
99800	0.38	0.54	0.54	0	0	0.38
99900	0.38	0.54	0.54	0	0	0.38
100000	0.37	0.54	0.54	0	0	0.37
