100	0.06	0.08	0.08	0	0	0.06
200	0.08	0.11	0.11	0	0	0.08
300	0.09	0.12	0.12	0	0	0.09
400	0.11	0.14	0.14	0	0	0.11
500	0.11	0.16	0.16	0	0	0.11
600	0.11	0.14	0.14	0	0	0.11
700	0.12	0.16	0.16	0	0	0.12
800	0.13	0.17	0.17	0	0	0.13
900	0.14	0.17	0.17	0	0	0.14
1000	0.14	0.16	0.16	0	0	0.14
1100	0.16	0.16	0.16	0	0	0.16
1200	0.17	0.18	0.18	0	0	0.17
1300	0.18	0.19	0.19	0	0	0.18
1400	0.18	0.22	0.22	0	0	0.18
1500	0.19	0.22	0.22	0	0	0.19
1600	0.19	0.25	0.25	0	0	0.19
1700	0.19	0.26	0.26	0	0	0.19
1800	0.19	0.26	0.26	0	0	0.19
1900	0.19	0.27	0.27	0	0	0.19
2000	0.2	0.29	0.29	0	0	0.2
2100	0.21	0.3	0.3	0	0	0.21
2200	0.21	0.29	0.29	0	0	0.21
2300	0.21	0.29	0.29	0	0	0.21
2400	0.21	0.31	0.31	0	0	0.21
2500	0.22	0.32	0.32	0	0	0.22
2600	0.22	0.32	0.32	0	0	0.22
2700	0.22	0.33	0.33	0	0	0.22
2800	0.22	0.36	0.36	0	0	0.22
2900	0.23	0.36	0.36	0	0	0.23
3000	0.23	0.36	0.36	0	0	0.23
3100	0.23	0.36	0.36	0	0	0.23
3200	0.23	0.37	0.37	0	0	0.23
3300	0.23	0.37	0.37	0	0	0.23
3400	0.23	0.39	0.39	0	0	0.23
3500	0.23	0.42	0.42	0	0	0.23
3600	0.23	0.41	0.41	0	0	0.23
3700	0.23	0.42	0.42	0	0	0.23
3800	0.23	0.42	0.42	0	0	0.23
3900	0.23	0.42	0.42	0	0	0.23
4000	0.23	0.41	0.41	0	0	0.23
4100	0.23	0.41	0.41	0	0	0.23
4200	0.23	0.4	0.4	0	0	0.23
4300	0.23	0.4	0.4	0	0	0.23
4400	0.23	0.39	0.39	0	0	0.23
4500	0.23	0.4	0.4	0	0	0.23
4600	0.23	0.4	0.4	0	0	0.23
4700	0.23	0.41	0.41	0	0	0.23
4800	0.23	0.42	0.42	0	0	0.23
4900	0.23	0.42	0.42	0	0	0.23
5000	0.23	0.42	0.42	0	0	0.23
5100	0.25	0.41	0.41	0	0	0.25
5200	0.24	0.4	0.4	0	0	0.24
5300	0.24	0.42	0.42	0	0	0.24
5400	0.24	0.42	0.42	0	0	0.24
5500	0.24	0.43	0.43	0	0	0.24
5600	0.24	0.43	0.43	0	0	0.24
5700	0.24	0.43	0.43	0	0	0.24
5800	0.24	0.43	0.43	0	0	0.24
5900	0.24	0.43	0.43	0	0	0.24
6000	0.24	0.44	0.44	0	0	0.24
6100	0.24	0.43	0.43	0	0	0.24
6200	0.25	0.43	0.43	0	0	0.25
6300	0.25	0.43	0.43	0	0	0.25
6400	0.25	0.44	0.44	0	0	0.25
6500	0.25	0.45	0.45	0	0	0.25
6600	0.25	0.45	0.45	0	0	0.25
6700	0.25	0.45	0.45	0	0	0.25
6800	0.26	0.45	0.45	0	0	0.26
6900	0.26	0.45	0.45	0	0	0.26
7000	0.26	0.45	0.45	0	0	0.26
7100	0.26	0.45	0.45	0	0	0.26
7200	0.27	0.45	0.45	0	0	0.27
7300	0.27	0.45	0.45	0	0	0.27
7400	0.27	0.46	0.46	0	0	0.27
7500	0.27	0.45	0.45	0	0	0.27
7600	0.27	0.45	0.45	0	0	0.27
7700	0.27	0.46	0.46	0	0	0.27
7800	0.27	0.46	0.46	0	0	0.27
7900	0.27	0.46	0.46	0	0	0.27
8000	0.26	0.46	0.46	0	0	0.26
8100	0.26	0.44	0.44	0	0	0.26
8200	0.26	0.44	0.44	0	0	0.26
8300	0.26	0.44	0.44	0	0	0.26
8400	0.26	0.45	0.45	0	0	0.26
8500	0.26	0.45	0.45	0	0	0.26
8600	0.26	0.46	0.46	0	0	0.26
8700	0.26	0.47	0.47	0	0	0.26
8800	0.26	0.45	0.45	0	0	0.26
8900	0.26	0.45	0.45	0	0	0.26
9000	0.26	0.46	0.46	0	0	0.26
9100	0.26	0.44	0.44	0	0	0.26
9200	0.26	0.44	0.44	0	0	0.26
9300	0.26	0.44	0.44	0	0	0.26
9400	0.26	0.44	0.44	0	0	0.26
9500	0.26	0.45	0.45	0	0	0.26
9600	0.26	0.44	0.44	0	0	0.26
9700	0.26	0.43	0.43	0	0	0.26
9800	0.26	0.43	0.43	0	0	0.26
9900	0.26	0.42	0.42	0	0	0.26
10000	0.26	0.41	0.41	0	0	0.26
10100	0.26	0.41	0.41	0	0	0.26
10200	0.26	0.42	0.42	0	0	0.26
10300	0.27	0.41	0.41	0	0	0.27
10400	0.28	0.41	0.41	0	0	0.28
10500	0.29	0.42	0.42	0	0	0.29
10600	0.28	0.41	0.41	0	0	0.28
10700	0.28	0.41	0.41	0	0	0.28
10800	0.28	0.41	0.41	0	0	0.28
10900	0.28	0.42	0.42	0	0	0.28
11000	0.28	0.41	0.41	0	0	0.28
11100	0.29	0.41	0.41	0	0	0.29
11200	0.27	0.4	0.4	0	0	0.27
11300	0.27	0.4	0.4	0	0	0.27
11400	0.27	0.4	0.4	0	0	0.27
11500	0.27	0.4	0.4	0	0	0.27
11600	0.27	0.41	0.41	0	0	0.27
11700	0.27	0.41	0.41	0	0	0.27
11800	0.28	0.41	0.41	0	0	0.28
11900	0.26	0.42	0.42	0	0	0.26
12000	0.26	0.41	0.41	0	0	0.26
12100	0.26	0.41	0.41	0	0	0.26
12200	0.26	0.4	0.4	0	0	0.26
12300	0.26	0.4	0.4	0	0	0.26
12400	0.26	0.4	0.4	0	0	0.26
12500	0.26	0.4	0.4	0	0	0.26
12600	0.26	0.41	0.41	0	0	0.26
12700	0.26	0.41	0.41	0	0	0.26
12800	0.26	0.41	0.41	0	0	0.26
12900	0.26	0.42	0.42	0	0	0.26
13000	0.26	0.41	0.41	0	0	0.26
13100	0.26	0.42	0.42	0	0	0.26
13200	0.25	0.42	0.42	0	0	0.25
13300	0.25	0.43	0.43	0	0	0.25
13400	0.25	0.43	0.43	0	0	0.25
13500	0.25	0.43	0.43	0	0	0.25
13600	0.25	0.43	0.43	0	0	0.25
13700	0.25	0.43	0.43	0	0	0.25
13800	0.25	0.43	0.43	0	0	0.25
13900	0.25	0.43	0.43	0	0	0.25
14000	0.25	0.44	0.44	0	0	0.25
14100	0.24	0.44	0.44	0	0	0.24
14200	0.24	0.44	0.44	0	0	0.24
14300	0.24	0.46	0.46	0	0	0.24
14400	0.24	0.45	0.45	0	0	0.24
14500	0.25	0.44	0.44	0	0	0.25
14600	0.25	0.44	0.44	0	0	0.25
14700	0.25	0.44	0.44	0	0	0.25
14800	0.25	0.44	0.44	0	0	0.25
14900	0.25	0.44	0.44	0	0	0.25
15000	0.25	0.44	0.44	0	0	0.25
15100	0.27	0.45	0.45	0	0	0.27
15200	0.27	0.45	0.45	0	0	0.27
15300	0.26	0.45	0.45	0	0	0.26
15400	0.26	0.45	0.45	0	0	0.26
15500	0.26	0.46	0.46	0	0	0.26
15600	0.26	0.46	0.46	0	0	0.26
15700	0.26	0.47	0.47	0	0	0.26
15800	0.26	0.47	0.47	0	0	0.26
15900	0.26	0.47	0.47	0	0	0.26
16000	0.26	0.47	0.47	0	0	0.26
16100	0.26	0.48	0.48	0	0	0.26
16200	0.26	0.48	0.48	0	0	0.26
16300	0.26	0.48	0.48	0	0	0.26
16400	0.26	0.48	0.48	0	0	0.26
16500	0.26	0.48	0.48	0	0	0.26
16600	0.26	0.47	0.47	0	0	0.26
16700	0.26	0.47	0.47	0	0	0.26
16800	0.26	0.47	0.47	0	0	0.26
16900	0.26	0.47	0.47	0	0	0.26
17000	0.26	0.48	0.48	0	0	0.26
17100	0.26	0.48	0.48	0	0	0.26
17200	0.26	0.47	0.47	0	0	0.26
17300	0.26	0.47	0.47	0	0	0.26
17400	0.26	0.48	0.48	0	0	0.26
17500	0.26	0.47	0.47	0	0	0.26
17600	0.26	0.47	0.47	0	0	0.26
17700	0.26	0.47	0.47	0	0	0.26
17800	0.27	0.46	0.46	0	0	0.27
17900	0.27	0.46	0.46	0	0	0.27
18000	0.27	0.48	0.48	0	0	0.27
18100	0.26	0.47	0.47	0	0	0.26
18200	0.26	0.48	0.48	0	0	0.26
18300	0.26	0.48	0.48	0	0	0.26
18400	0.26	0.48	0.48	0	0	0.26
18500	0.26	0.48	0.48	0	0	0.26
18600	0.26	0.48	0.48	0	0	0.26
18700	0.26	0.48	0.48	0	0	0.26
18800	0.27	0.48	0.48	0	0	0.27
18900	0.27	0.48	0.48	0	0	0.27
19000	0.28	0.49	0.49	0	0	0.28
19100	0.28	0.49	0.49	0	0	0.28
19200	0.28	0.49	0.49	0	0	0.28
19300	0.27	0.49	0.49	0	0	0.27
19400	0.27	0.48	0.48	0	0	0.27
19500	0.28	0.48	0.48	0	0	0.28
19600	0.28	0.49	0.49	0	0	0.28
19700	0.28	0.49	0.49	0	0	0.28
19800	0.27	0.49	0.49	0	0	0.27
19900	0.27	0.49	0.49	0	0	0.27
20000	0.28	0.49	0.49	0	0	0.28
20100	0.28	0.49	0.49	0	0	0.28
20200	0.28	0.49	0.49	0	0	0.28
20300	0.28	0.48	0.48	0	0	0.28
20400	0.28	0.48	0.48	0	0	0.28
20500	0.28	0.47	0.47	0	0	0.28
20600	0.28	0.47	0.47	0	0	0.28
20700	0.28	0.46	0.46	0	0	0.28
20800	0.28	0.45	0.45	0	0	0.28
20900	0.28	0.45	0.45	0	0	0.28
21000	0.28	0.46	0.46	0	0	0.28
21100	0.28	0.47	0.47	0	0	0.28
21200	0.28	0.47	0.47	0	0	0.28
21300	0.28	0.48	0.48	0	0	0.28
21400	0.28	0.48	0.48	0	0	0.28
21500	0.28	0.48	0.48	0	0	0.28
21600	0.28	0.49	0.49	0	0	0.28
21700	0.29	0.49	0.49	0	0	0.29
21800	0.29	0.48	0.48	0	0	0.29
21900	0.29	0.48	0.48	0	0	0.29
22000	0.29	0.47	0.47	0	0	0.29
22100	0.29	0.47	0.47	0	0	0.29
22200	0.29	0.47	0.47	0	0	0.29
22300	0.29	0.47	0.47	0	0	0.29
22400	0.3	0.47	0.47	0	0	0.3
22500	0.3	0.46	0.46	0	0	0.3
22600	0.3	0.46	0.46	0	0	0.3
22700	0.3	0.48	0.48	0	0	0.3
22800	0.3	0.48	0.48	0	0	0.3
22900	0.3	0.48	0.48	0	0	0.3
23000	0.3	0.48	0.48	0	0	0.3
23100	0.3	0.48	0.48	0	0	0.3
23200	0.3	0.48	0.48	0	0	0.3
23300	0.3	0.47	0.47	0	0	0.3
23400	0.3	0.48	0.48	0	0	0.3
23500	0.3	0.48	0.48	0	0	0.3
23600	0.3	0.47	0.47	0	0	0.3
23700	0.3	0.47	0.47	0	0	0.3
23800	0.3	0.49	0.49	0	0	0.3
23900	0.31	0.49	0.49	0	0	0.31
24000	0.31	0.49	0.49	0	0	0.31
24100	0.31	0.49	0.49	0	0	0.31
24200	0.31	0.49	0.49	0	0	0.31
24300	0.31	0.48	0.48	0	0	0.31
24400	0.31	0.48	0.48	0	0	0.31
24500	0.32	0.47	0.47	0	0	0.32
24600	0.32	0.47	0.47	0	0	0.32
24700	0.32	0.47	0.47	0	0	0.32
24800	0.32	0.46	0.46	0	0	0.32
24900	0.32	0.46	0.46	0	0	0.32
25000	0.32	0.45	0.45	0	0	0.32
25100	0.32	0.45	0.45	0	0	0.32
25200	0.31	0.46	0.46	0	0	0.31
25300	0.31	0.46	0.46	0	0	0.31
25400	0.31	0.45	0.45	0	0	0.31
25500	0.31	0.45	0.45	0	0	0.31
25600	0.3	0.45	0.45	0	0	0.3
25700	0.3	0.46	0.46	0	0	0.3
25800	0.3	0.46	0.46	0	0	0.3
25900	0.3	0.47	0.47	0	0	0.3
26000	0.3	0.47	0.47	0	0	0.3
26100	0.3	0.46	0.46	0	0	0.3
26200	0.3	0.47	0.47	0	0	0.3
26300	0.3	0.47	0.47	0	0	0.3
26400	0.3	0.46	0.46	0	0	0.3
26500	0.3	0.46	0.46	0	0	0.3
26600	0.3	0.46	0.46	0	0	0.3
26700	0.3	0.46	0.46	0	0	0.3
26800	0.31	0.46	0.46	0	0	0.31
26900	0.31	0.46	0.46	0	0	0.31
27000	0.31	0.46	0.46	0	0	0.31
27100	0.31	0.47	0.47	0	0	0.31
27200	0.31	0.47	0.47	0	0	0.31
27300	0.31	0.47	0.47	0	0	0.31
27400	0.31	0.47	0.47	0	0	0.31
27500	0.32	0.48	0.48	0	0	0.32
27600	0.32	0.48	0.48	0	0	0.32
27700	0.32	0.48	0.48	0	0	0.32
27800	0.32	0.48	0.48	0	0	0.32
27900	0.32	0.49	0.49	0	0	0.32
28000	0.32	0.49	0.49	0	0	0.32
28100	0.32	0.49	0.49	0	0	0.32
28200	0.33	0.49	0.49	0	0	0.33
28300	0.33	0.49	0.49	0	0	0.33
28400	0.33	0.5	0.5	0	0	0.33
28500	0.33	0.51	0.51	0	0	0.33
28600	0.34	0.51	0.51	0	0	0.34
28700	0.34	0.53	0.53	0	0	0.34
28800	0.34	0.52	0.52	0	0	0.34
28900	0.34	0.52	0.52	0	0	0.34
29000	0.34	0.52	0.52	0	0	0.34
29100	0.34	0.51	0.51	0	0	0.34
29200	0.34	0.52	0.52	0	0	0.34
29300	0.34	0.52	0.52	0	0	0.34
29400	0.34	0.52	0.52	0	0	0.34
29500	0.34	0.52	0.52	0	0	0.34
29600	0.34	0.51	0.51	0	0	0.34
29700	0.34	0.51	0.51	0	0	0.34
29800	0.35	0.5	0.5	0	0	0.35
29900	0.35	0.5	0.5	0	0	0.35
30000	0.35	0.5	0.5	0	0	0.35
30100	0.35	0.51	0.51	0	0	0.35
30200	0.35	0.51	0.51	0	0	0.35
30300	0.34	0.51	0.51	0	0	0.34
30400	0.34	0.51	0.51	0	0	0.34
30500	0.34	0.51	0.51	0	0	0.34
30600	0.34	0.51	0.51	0	0	0.34
30700	0.34	0.51	0.51	0	0	0.34
30800	0.34	0.51	0.51	0	0	0.34
30900	0.34	0.51	0.51	0	0	0.34
31000	0.34	0.52	0.52	0	0	0.34
31100	0.34	0.52	0.52	0	0	0.34
31200	0.34	0.52	0.52	0	0	0.34
31300	0.34	0.52	0.52	0	0	0.34
31400	0.34	0.52	0.52	0	0	0.34
31500	0.34	0.52	0.52	0	0	0.34
31600	0.34	0.52	0.52	0	0	0.34
31700	0.35	0.52	0.52	0	0	0.35
31800	0.36	0.51	0.51	0	0	0.36
31900	0.35	0.5	0.5	0	0	0.35
32000	0.34	0.5	0.5	0	0	0.34
32100	0.35	0.5	0.5	0	0	0.35
32200	0.35	0.51	0.51	0	0	0.35
32300	0.35	0.51	0.51	0	0	0.35
32400	0.35	0.51	0.51	0	0	0.35
32500	0.35	0.51	0.51	0	0	0.35
32600	0.35	0.51	0.51	0	0	0.35
32700	0.35	0.51	0.51	0	0	0.35
32800	0.35	0.52	0.52	0	0	0.35
32900	0.34	0.52	0.52	0	0	0.34
33000	0.34	0.52	0.52	0	0	0.34
33100	0.34	0.52	0.52	0	0	0.34
33200	0.34	0.51	0.51	0	0	0.34
33300	0.34	0.51	0.51	0	0	0.34
33400	0.34	0.51	0.51	0	0	0.34
33500	0.34	0.51	0.51	0	0	0.34
33600	0.33	0.51	0.51	0	0	0.33
33700	0.33	0.51	0.51	0	0	0.33
33800	0.33	0.51	0.51	0	0	0.33
33900	0.34	0.51	0.51	0	0	0.34
34000	0.34	0.5	0.5	0	0	0.34
34100	0.34	0.5	0.5	0	0	0.34
34200	0.34	0.5	0.5	0	0	0.34
34300	0.34	0.5	0.5	0	0	0.34
34400	0.33	0.51	0.51	0	0	0.33
34500	0.33	0.51	0.51	0	0	0.33
34600	0.33	0.52	0.52	0	0	0.33
34700	0.33	0.52	0.52	0	0	0.33
34800	0.32	0.52	0.52	0	0	0.32
34900	0.32	0.52	0.52	0	0	0.32
35000	0.31	0.51	0.51	0	0	0.31
35100	0.31	0.52	0.52	0	0	0.31
35200	0.31	0.52	0.52	0	0	0.31
35300	0.3	0.52	0.52	0	0	0.3
35400	0.3	0.52	0.52	0	0	0.3
35500	0.3	0.52	0.52	0	0	0.3
35600	0.3	0.52	0.52	0	0	0.3
35700	0.3	0.52	0.52	0	0	0.3
35800	0.31	0.52	0.52	0	0	0.31
35900	0.32	0.52	0.52	0	0	0.32
36000	0.33	0.52	0.52	0	0	0.33
36100	0.34	0.52	0.52	0	0	0.34
36200	0.34	0.52	0.52	0	0	0.34
36300	0.35	0.52	0.52	0	0	0.35
36400	0.35	0.52	0.52	0	0	0.35
36500	0.36	0.52	0.52	0	0	0.36
36600	0.35	0.52	0.52	0	0	0.35
36700	0.35	0.53	0.53	0	0	0.35
36800	0.35	0.53	0.53	0	0	0.35
36900	0.35	0.53	0.53	0	0	0.35
37000	0.35	0.52	0.52	0	0	0.35
37100	0.36	0.52	0.52	0	0	0.36
37200	0.36	0.52	0.52	0	0	0.36
37300	0.35	0.52	0.52	0	0	0.35
37400	0.35	0.52	0.52	0	0	0.35
37500	0.35	0.52	0.52	0	0	0.35
37600	0.35	0.52	0.52	0	0	0.35
37700	0.35	0.52	0.52	0	0	0.35
37800	0.35	0.52	0.52	0	0	0.35
37900	0.35	0.52	0.52	0	0	0.35
38000	0.35	0.52	0.52	0	0	0.35
38100	0.35	0.52	0.52	0	0	0.35
38200	0.35	0.52	0.52	0	0	0.35
38300	0.35	0.53	0.53	0	0	0.35
38400	0.35	0.52	0.52	0	0	0.35
38500	0.35	0.52	0.52	0	0	0.35
38600	0.35	0.51	0.51	0	0	0.35
38700	0.35	0.51	0.51	0	0	0.35
38800	0.35	0.51	0.51	0	0	0.35
38900	0.35	0.51	0.51	0	0	0.35
39000	0.35	0.51	0.51	0	0	0.35
39100	0.35	0.51	0.51	0	0	0.35
39200	0.35	0.5	0.5	0	0	0.35
39300	0.35	0.5	0.5	0	0	0.35
39400	0.36	0.5	0.5	0	0	0.36
39500	0.36	0.5	0.5	0	0	0.36
39600	0.36	0.48	0.48	0	0	0.36
39700	0.36	0.48	0.48	0	0	0.36
39800	0.36	0.49	0.49	0	0	0.36
39900	0.36	0.49	0.49	0	0	0.36
40000	0.35	0.49	0.49	0	0	0.35
40100	0.34	0.5	0.5	0	0	0.34
40200	0.34	0.51	0.51	0	0	0.34
40300	0.33	0.5	0.5	0	0	0.33
40400	0.31	0.51	0.51	0	0	0.31
40500	0.31	0.51	0.51	0	0	0.31
40600	0.31	0.51	0.51	0	0	0.31
40700	0.3	0.52	0.52	0	0	0.3
40800	0.3	0.51	0.51	0	0	0.3
40900	0.3	0.51	0.51	0	0	0.3
41000	0.3	0.51	0.51	0	0	0.3
41100	0.3	0.51	0.51	0	0	0.3
41200	0.31	0.51	0.51	0	0	0.31
41300	0.3	0.51	0.51	0	0	0.3
41400	0.3	0.51	0.51	0	0	0.3
41500	0.3	0.51	0.51	0	0	0.3
41600	0.3	0.51	0.51	0	0	0.3
41700	0.3	0.51	0.51	0	0	0.3
41800	0.3	0.51	0.51	0	0	0.3
41900	0.3	0.51	0.51	0	0	0.3
42000	0.3	0.51	0.51	0	0	0.3
42100	0.3	0.51	0.51	0	0	0.3
42200	0.3	0.51	0.51	0	0	0.3
42300	0.3	0.51	0.51	0	0	0.3
42400	0.3	0.51	0.51	0	0	0.3
42500	0.3	0.51	0.51	0	0	0.3
42600	0.29	0.51	0.51	0	0	0.29
42700	0.29	0.51	0.51	0	0	0.29
42800	0.29	0.51	0.51	0	0	0.29
42900	0.29	0.51	0.51	0	0	0.29
43000	0.29	0.51	0.51	0	0	0.29
43100	0.29	0.51	0.51	0	0	0.29
43200	0.29	0.51	0.51	0	0	0.29
43300	0.29	0.51	0.51	0	0	0.29
43400	0.29	0.51	0.51	0	0	0.29
43500	0.28	0.51	0.51	0	0	0.28
43600	0.28	0.52	0.52	0	0	0.28
43700	0.28	0.52	0.52	0	0	0.28
43800	0.28	0.53	0.53	0	0	0.28
43900	0.28	0.53	0.53	0	0	0.28
44000	0.29	0.53	0.53	0	0	0.29
44100	0.29	0.53	0.53	0	0	0.29
44200	0.29	0.53	0.53	0	0	0.29
44300	0.29	0.53	0.53	0	0	0.29
44400	0.3	0.54	0.54	0	0	0.3
44500	0.31	0.54	0.54	0	0	0.31
44600	0.31	0.54	0.54	0	0	0.31
44700	0.3	0.53	0.53	0	0	0.3
44800	0.31	0.54	0.54	0	0	0.31
44900	0.31	0.54	0.54	0	0	0.31
45000	0.31	0.54	0.54	0	0	0.31
45100	0.31	0.55	0.55	0	0	0.31
45200	0.31	0.55	0.55	0	0	0.31
45300	0.32	0.55	0.55	0	0	0.32
45400	0.33	0.55	0.55	0	0	0.33
45500	0.33	0.55	0.55	0	0	0.33
45600	0.32	0.55	0.55	0	0	0.32
45700	0.32	0.55	0.55	0	0	0.32
45800	0.32	0.56	0.56	0	0	0.32
45900	0.33	0.55	0.55	0	0	0.33
46000	0.32	0.55	0.55	0	0	0.32
46100	0.32	0.57	0.57	0	0	0.32
46200	0.32	0.57	0.57	0	0	0.32
46300	0.32	0.57	0.57	0	0	0.32
46400	0.32	0.57	0.57	0	0	0.32
46500	0.32	0.56	0.56	0	0	0.32
46600	0.32	0.56	0.56	0	0	0.32
46700	0.32	0.56	0.56	0	0	0.32
46800	0.32	0.56	0.56	0	0	0.32
46900	0.32	0.56	0.56	0	0	0.32
47000	0.32	0.55	0.55	0	0	0.32
47100	0.32	0.55	0.55	0	0	0.32
47200	0.32	0.55	0.55	0	0	0.32
47300	0.32	0.55	0.55	0	0	0.32
47400	0.33	0.55	0.55	0	0	0.33
47500	0.33	0.55	0.55	0	0	0.33
47600	0.32	0.56	0.56	0	0	0.32
47700	0.32	0.56	0.56	0	0	0.32
47800	0.33	0.56	0.56	0	0	0.33
47900	0.33	0.56	0.56	0	0	0.33
48000	0.33	0.56	0.56	0	0	0.33
48100	0.32	0.56	0.56	0	0	0.32
48200	0.32	0.55	0.55	0	0	0.32
48300	0.33	0.54	0.54	0	0	0.33
48400	0.33	0.54	0.54	0	0	0.33
48500	0.33	0.54	0.54	0	0	0.33
48600	0.33	0.54	0.54	0	0	0.33
48700	0.33	0.54	0.54	0	0	0.33
48800	0.33	0.54	0.54	0	0	0.33
48900	0.34	0.54	0.54	0	0	0.34
49000	0.34	0.54	0.54	0	0	0.34
49100	0.34	0.54	0.54	0	0	0.34
49200	0.34	0.54	0.54	0	0	0.34
49300	0.34	0.54	0.54	0	0	0.34
49400	0.34	0.54	0.54	0	0	0.34
49500	0.34	0.54	0.54	0	0	0.34
49600	0.34	0.55	0.55	0	0	0.34
49700	0.34	0.55	0.55	0	0	0.34
49800	0.34	0.55	0.55	0	0	0.34
49900	0.34	0.56	0.56	0	0	0.34
50000	0.34	0.56	0.56	0	0	0.34
50100	0.34	0.56	0.56	0	0	0.34
50200	0.34	0.56	0.56	0	0	0.34
50300	0.33	0.56	0.56	0	0	0.33
50400	0.33	0.56	0.56	0	0	0.33
50500	0.33	0.55	0.55	0	0	0.33
50600	0.33	0.54	0.54	0	0	0.33
50700	0.33	0.54	0.54	0	0	0.33
50800	0.33	0.54	0.54	0	0	0.33
50900	0.33	0.52	0.52	0	0	0.33
51000	0.33	0.52	0.52	0	0	0.33
51100	0.33	0.52	0.52	0	0	0.33
51200	0.33	0.52	0.52	0	0	0.33
51300	0.33	0.52	0.52	0	0	0.33
51400	0.33	0.52	0.52	0	0	0.33
51500	0.33	0.52	0.52	0	0	0.33
51600	0.33	0.53	0.53	0	0	0.33
51700	0.33	0.53	0.53	0	0	0.33
51800	0.33	0.53	0.53	0	0	0.33
51900	0.33	0.53	0.53	0	0	0.33
52000	0.33	0.53	0.53	0	0	0.33
52100	0.33	0.53	0.53	0	0	0.33
52200	0.33	0.53	0.53	0	0	0.33
52300	0.33	0.53	0.53	0	0	0.33
52400	0.33	0.53	0.53	0	0	0.33
52500	0.33	0.53	0.53	0	0	0.33
52600	0.33	0.54	0.54	0	0	0.33
52700	0.34	0.55	0.55	0	0	0.34
52800	0.35	0.54	0.54	0	0	0.35
52900	0.35	0.54	0.54	0	0	0.35
53000	0.35	0.54	0.54	0	0	0.35
53100	0.35	0.54	0.54	0	0	0.35
53200	0.35	0.54	0.54	0	0	0.35
53300	0.35	0.54	0.54	0	0	0.35
53400	0.34	0.53	0.53	0	0	0.34
53500	0.34	0.53	0.53	0	0	0.34
53600	0.34	0.53	0.53	0	0	0.34
53700	0.34	0.53	0.53	0	0	0.34
53800	0.34	0.53	0.53	0	0	0.34
53900	0.34	0.53	0.53	0	0	0.34
54000	0.34	0.53	0.53	0	0	0.34
54100	0.34	0.54	0.54	0	0	0.34
54200	0.34	0.54	0.54	0	0	0.34
54300	0.33	0.54	0.54	0	0	0.33
54400	0.33	0.54	0.54	0	0	0.33
54500	0.33	0.54	0.54	0	0	0.33
54600	0.33	0.54	0.54	0	0	0.33
54700	0.33	0.54	0.54	0	0	0.33
54800	0.33	0.54	0.54	0	0	0.33
54900	0.33	0.54	0.54	0	0	0.33
55000	0.33	0.54	0.54	0	0	0.33
55100	0.33	0.55	0.55	0	0	0.33
55200	0.33	0.54	0.54	0	0	0.33
55300	0.33	0.54	0.54	0	0	0.33
55400	0.33	0.53	0.53	0	0	0.33
55500	0.33	0.52	0.52	0	0	0.33
55600	0.33	0.53	0.53	0	0	0.33
55700	0.33	0.52	0.52	0	0	0.33
55800	0.33	0.53	0.53	0	0	0.33
55900	0.33	0.53	0.53	0	0	0.33
56000	0.33	0.53	0.53	0	0	0.33
56100	0.32	0.53	0.53	0	0	0.32
56200	0.32	0.53	0.53	0	0	0.32
56300	0.32	0.53	0.53	0	0	0.32
56400	0.32	0.53	0.53	0	0	0.32
56500	0.32	0.53	0.53	0	0	0.32
56600	0.32	0.53	0.53	0	0	0.32
56700	0.32	0.54	0.54	0	0	0.32
56800	0.32	0.54	0.54	0	0	0.32
56900	0.32	0.54	0.54	0	0	0.32
57000	0.32	0.54	0.54	0	0	0.32
57100	0.32	0.54	0.54	0	0	0.32
57200	0.32	0.54	0.54	0	0	0.32
57300	0.32	0.54	0.54	0	0	0.32
57400	0.32	0.55	0.55	0	0	0.32
57500	0.32	0.54	0.54	0	0	0.32
57600	0.32	0.54	0.54	0	0	0.32
57700	0.32	0.54	0.54	0	0	0.32
57800	0.32	0.54	0.54	0	0	0.32
57900	0.32	0.54	0.54	0	0	0.32
58000	0.32	0.54	0.54	0	0	0.32
58100	0.32	0.54	0.54	0	0	0.32
58200	0.32	0.55	0.55	0	0	0.32
58300	0.31	0.56	0.56	0	0	0.31
58400	0.31	0.56	0.56	0	0	0.31
58500	0.31	0.56	0.56	0	0	0.31
58600	0.31	0.55	0.55	0	0	0.31
58700	0.31	0.55	0.55	0	0	0.31
58800	0.31	0.55	0.55	0	0	0.31
58900	0.32	0.55	0.55	0	0	0.32
59000	0.32	0.55	0.55	0	0	0.32
59100	0.31	0.55	0.55	0	0	0.31
59200	0.31	0.55	0.55	0	0	0.31
59300	0.31	0.55	0.55	0	0	0.31
59400	0.31	0.55	0.55	0	0	0.31
59500	0.31	0.55	0.55	0	0	0.31
59600	0.31	0.56	0.56	0	0	0.31
59700	0.31	0.56	0.56	0	0	0.31
59800	0.3	0.55	0.55	0	0	0.3
59900	0.3	0.55	0.55	0	0	0.3
60000	0.3	0.55	0.55	0	0	0.3
60100	0.3	0.56	0.56	0	0	0.3
60200	0.3	0.57	0.57	0	0	0.3
60300	0.3	0.57	0.57	0	0	0.3
60400	0.3	0.57	0.57	0	0	0.3
60500	0.3	0.57	0.57	0	0	0.3
60600	0.3	0.57	0.57	0	0	0.3
60700	0.3	0.56	0.56	0	0	0.3
60800	0.3	0.56	0.56	0	0	0.3
60900	0.3	0.57	0.57	0	0	0.3
61000	0.3	0.57	0.57	0	0	0.3
61100	0.3	0.57	0.57	0	0	0.3
61200	0.3	0.56	0.56	0	0	0.3
61300	0.3	0.56	0.56	0	0	0.3
61400	0.3	0.56	0.56	0	0	0.3
61500	0.3	0.56	0.56	0	0	0.3
61600	0.3	0.56	0.56	0	0	0.3
61700	0.3	0.57	0.57	0	0	0.3
61800	0.3	0.57	0.57	0	0	0.3
61900	0.3	0.57	0.57	0	0	0.3
62000	0.3	0.58	0.58	0	0	0.3
62100	0.3	0.58	0.58	0	0	0.3
62200	0.3	0.58	0.58	0	0	0.3
62300	0.3	0.6	0.6	0	0	0.3
62400	0.3	0.6	0.6	0	0	0.3
62500	0.3	0.6	0.6	0	0	0.3
62600	0.3	0.6	0.6	0	0	0.3
62700	0.3	0.6	0.6	0	0	0.3
62800	0.3	0.6	0.6	0	0	0.3
62900	0.3	0.6	0.6	0	0	0.3
63000	0.3	0.59	0.59	0	0	0.3
63100	0.3	0.59	0.59	0	0	0.3
63200	0.3	0.59	0.59	0	0	0.3
63300	0.3	0.59	0.59	0	0	0.3
63400	0.3	0.59	0.59	0	0	0.3
63500	0.3	0.59	0.59	0	0	0.3
63600	0.3	0.59	0.59	0	0	0.3
63700	0.3	0.59	0.59	0	0	0.3
63800	0.31	0.59	0.59	0	0	0.31
63900	0.31	0.59	0.59	0	0	0.31
64000	0.31	0.58	0.58	0	0	0.31
64100	0.31	0.58	0.58	0	0	0.31
64200	0.31	0.58	0.58	0	0	0.31
64300	0.31	0.58	0.58	0	0	0.31
64400	0.31	0.58	0.58	0	0	0.31
64500	0.31	0.58	0.58	0	0	0.31
64600	0.31	0.58	0.58	0	0	0.31
64700	0.31	0.58	0.58	0	0	0.31
64800	0.31	0.58	0.58	0	0	0.31
64900	0.31	0.58	0.58	0	0	0.31
65000	0.31	0.58	0.58	0	0	0.31
65100	0.31	0.58	0.58	0	0	0.31
65200	0.31	0.58	0.58	0	0	0.31
65300	0.32	0.58	0.58	0	0	0.32
65400	0.32	0.58	0.58	0	0	0.32
65500	0.33	0.57	0.57	0	0	0.33
65600	0.32	0.58	0.58	0	0	0.32
65700	0.32	0.58	0.58	0	0	0.32
65800	0.32	0.58	0.58	0	0	0.32
65900	0.32	0.58	0.58	0	0	0.32
66000	0.32	0.58	0.58	0	0	0.32
66100	0.32	0.58	0.58	0	0	0.32
66200	0.32	0.58	0.58	0	0	0.32
66300	0.32	0.58	0.58	0	0	0.32
66400	0.32	0.58	0.58	0	0	0.32
66500	0.32	0.58	0.58	0	0	0.32
66600	0.32	0.58	0.58	0	0	0.32
66700	0.32	0.58	0.58	0	0	0.32
66800	0.32	0.58	0.58	0	0	0.32
66900	0.32	0.58	0.58	0	0	0.32
67000	0.32	0.58	0.58	0	0	0.32
67100	0.32	0.58	0.58	0	0	0.32
67200	0.32	0.58	0.58	0	0	0.32
67300	0.31	0.58	0.58	0	0	0.31
67400	0.31	0.58	0.58	0	0	0.31
67500	0.31	0.58	0.58	0	0	0.31
67600	0.31	0.58	0.58	0	0	0.31
67700	0.31	0.58	0.58	0	0	0.31
67800	0.31	0.58	0.58	0	0	0.31
67900	0.31	0.58	0.58	0	0	0.31
68000	0.31	0.57	0.57	0	0	0.31
68100	0.31	0.57	0.57	0	0	0.31
68200	0.31	0.56	0.56	0	0	0.31
68300	0.31	0.57	0.57	0	0	0.31
68400	0.31	0.57	0.57	0	0	0.31
68500	0.31	0.57	0.57	0	0	0.31
68600	0.31	0.57	0.57	0	0	0.31
68700	0.3	0.57	0.57	0	0	0.3
68800	0.32	0.57	0.57	0	0	0.32
68900	0.32	0.57	0.57	0	0	0.32
69000	0.32	0.57	0.57	0	0	0.32
69100	0.32	0.57	0.57	0	0	0.32
69200	0.32	0.58	0.58	0	0	0.32
69300	0.32	0.58	0.58	0	0	0.32
69400	0.32	0.58	0.58	0	0	0.32
69500	0.32	0.58	0.58	0	0	0.32
69600	0.32	0.58	0.58	0	0	0.32
69700	0.33	0.58	0.58	0	0	0.33
69800	0.33	0.59	0.59	0	0	0.33
69900	0.33	0.59	0.59	0	0	0.33
70000	0.33	0.59	0.59	0	0	0.33
70100	0.33	0.59	0.59	0	0	0.33
70200	0.33	0.59	0.59	0	0	0.33
70300	0.33	0.59	0.59	0	0	0.33
70400	0.33	0.59	0.59	0	0	0.33
70500	0.33	0.59	0.59	0	0	0.33
70600	0.33	0.59	0.59	0	0	0.33
70700	0.33	0.59	0.59	0	0	0.33
70800	0.33	0.59	0.59	0	0	0.33
70900	0.33	0.59	0.59	0	0	0.33
71000	0.33	0.59	0.59	0	0	0.33
71100	0.33	0.59	0.59	0	0	0.33
71200	0.33	0.59	0.59	0	0	0.33
71300	0.33	0.59	0.59	0	0	0.33
71400	0.33	0.59	0.59	0	0	0.33
71500	0.33	0.59	0.59	0	0	0.33
71600	0.33	0.59	0.59	0	0	0.33
71700	0.33	0.59	0.59	0	0	0.33
71800	0.33	0.59	0.59	0	0	0.33
71900	0.33	0.59	0.59	0	0	0.33
72000	0.33	0.59	0.59	0	0	0.33
72100	0.33	0.59	0.59	0	0	0.33
72200	0.34	0.59	0.59	0	0	0.34
72300	0.34	0.59	0.59	0	0	0.34
72400	0.34	0.59	0.59	0	0	0.34
72500	0.34	0.59	0.59	0	0	0.34
72600	0.34	0.59	0.59	0	0	0.34
72700	0.34	0.59	0.59	0	0	0.34
72800	0.34	0.59	0.59	0	0	0.34
72900	0.34	0.59	0.59	0	0	0.34
73000	0.34	0.59	0.59	0	0	0.34
73100	0.34	0.59	0.59	0	0	0.34
73200	0.34	0.59	0.59	0	0	0.34
73300	0.34	0.59	0.59	0	0	0.34
73400	0.34	0.58	0.58	0	0	0.34
73500	0.34	0.58	0.58	0	0	0.34
73600	0.34	0.58	0.58	0	0	0.34
73700	0.34	0.58	0.58	0	0	0.34
73800	0.34	0.58	0.58	0	0	0.34
73900	0.34	0.58	0.58	0	0	0.34
74000	0.34	0.58	0.58	0	0	0.34
74100	0.34	0.58	0.58	0	0	0.34
74200	0.34	0.58	0.58	0	0	0.34
74300	0.33	0.58	0.58	0	0	0.33
74400	0.33	0.58	0.58	0	0	0.33
74500	0.33	0.58	0.58	0	0	0.33
74600	0.33	0.58	0.58	0	0	0.33
74700	0.33	0.59	0.59	0	0	0.33
74800	0.33	0.59	0.59	0	0	0.33
74900	0.33	0.59	0.59	0	0	0.33
75000	0.33	0.59	0.59	0	0	0.33
75100	0.33	0.59	0.59	0	0	0.33
75200	0.33	0.6	0.6	0	0	0.33
75300	0.33	0.6	0.6	0	0	0.33
75400	0.33	0.59	0.59	0	0	0.33
75500	0.33	0.59	0.59	0	0	0.33
75600	0.33	0.59	0.59	0	0	0.33
75700	0.33	0.59	0.59	0	0	0.33
75800	0.33	0.59	0.59	0	0	0.33
75900	0.33	0.59	0.59	0	0	0.33
76000	0.33	0.59	0.59	0	0	0.33
76100	0.33	0.59	0.59	0	0	0.33
76200	0.33	0.59	0.59	0	0	0.33
76300	0.33	0.59	0.59	0	0	0.33
76400	0.33	0.59	0.59	0	0	0.33
76500	0.33	0.59	0.59	0	0	0.33
76600	0.33	0.59	0.59	0	0	0.33
76700	0.33	0.59	0.59	0	0	0.33
76800	0.33	0.59	0.59	0	0	0.33
76900	0.33	0.59	0.59	0	0	0.33
77000	0.33	0.59	0.59	0	0	0.33
77100	0.33	0.59	0.59	0	0	0.33
77200	0.33	0.59	0.59	0	0	0.33
77300	0.33	0.59	0.59	0	0	0.33
77400	0.33	0.59	0.59	0	0	0.33
77500	0.33	0.59	0.59	0	0	0.33
77600	0.33	0.59	0.59	0	0	0.33
77700	0.33	0.59	0.59	0	0	0.33
77800	0.33	0.59	0.59	0	0	0.33
77900	0.33	0.59	0.59	0	0	0.33
78000	0.33	0.59	0.59	0	0	0.33
78100	0.33	0.6	0.6	0	0	0.33
78200	0.33	0.6	0.6	0	0	0.33
78300	0.33	0.6	0.6	0	0	0.33
78400	0.33	0.6	0.6	0	0	0.33
78500	0.33	0.6	0.6	0	0	0.33
78600	0.33	0.6	0.6	0	0	0.33
78700	0.32	0.6	0.6	0	0	0.32
78800	0.32	0.6	0.6	0	0	0.32
78900	0.32	0.6	0.6	0	0	0.32
79000	0.32	0.6	0.6	0	0	0.32
79100	0.32	0.6	0.6	0	0	0.32
79200	0.31	0.6	0.6	0	0	0.31
79300	0.31	0.6	0.6	0	0	0.31
79400	0.31	0.6	0.6	0	0	0.31
79500	0.31	0.6	0.6	0	0	0.31
79600	0.31	0.6	0.6	0	0	0.31
79700	0.31	0.6	0.6	0	0	0.31
79800	0.31	0.6	0.6	0	0	0.31
79900	0.31	0.6	0.6	0	0	0.31
80000	0.31	0.6	0.6	0	0	0.31
80100	0.31	0.6	0.6	0	0	0.31
80200	0.31	0.6	0.6	0	0	0.31
80300	0.31	0.6	0.6	0	0	0.31
80400	0.31	0.6	0.6	0	0	0.31
80500	0.31	0.61	0.61	0	0	0.31
80600	0.31	0.61	0.61	0	0	0.31
80700	0.31	0.61	0.61	0	0	0.31
80800	0.31	0.61	0.61	0	0	0.31
80900	0.31	0.61	0.61	0	0	0.31
81000	0.31	0.61	0.61	0	0	0.31
81100	0.31	0.61	0.61	0	0	0.31
81200	0.31	0.6	0.6	0	0	0.31
81300	0.31	0.6	0.6	0	0	0.31
81400	0.31	0.59	0.59	0	0	0.31
81500	0.31	0.59	0.59	0	0	0.31
81600	0.31	0.6	0.6	0	0	0.31
81700	0.31	0.6	0.6	0	0	0.31
81800	0.31	0.6	0.6	0	0	0.31
81900	0.31	0.6	0.6	0	0	0.31
82000	0.32	0.6	0.6	0	0	0.32
82100	0.31	0.6	0.6	0	0	0.31
82200	0.31	0.6	0.6	0	0	0.31
82300	0.31	0.6	0.6	0	0	0.31
82400	0.31	0.6	0.6	0	0	0.31
82500	0.31	0.6	0.6	0	0	0.31
82600	0.31	0.6	0.6	0	0	0.31
82700	0.31	0.6	0.6	0	0	0.31
82800	0.31	0.6	0.6	0	0	0.31
82900	0.31	0.6	0.6	0	0	0.31
83000	0.31	0.6	0.6	0	0	0.31
83100	0.31	0.6	0.6	0	0	0.31
83200	0.31	0.6	0.6	0	0	0.31
83300	0.31	0.6	0.6	0	0	0.31
83400	0.31	0.6	0.6	0	0	0.31
83500	0.31	0.6	0.6	0	0	0.31
83600	0.31	0.6	0.6	0	0	0.31
83700	0.31	0.6	0.6	0	0	0.31
83800	0.31	0.6	0.6	0	0	0.31
83900	0.31	0.6	0.6	0	0	0.31
84000	0.31	0.6	0.6	0	0	0.31
84100	0.31	0.6	0.6	0	0	0.31
84200	0.31	0.6	0.6	0	0	0.31
84300	0.31	0.6	0.6	0	0	0.31
84400	0.31	0.6	0.6	0	0	0.31
84500	0.31	0.6	0.6	0	0	0.31
84600	0.31	0.6	0.6	0	0	0.31
84700	0.31	0.6	0.6	0	0	0.31
84800	0.31	0.6	0.6	0	0	0.31
84900	0.31	0.61	0.61	0	0	0.31
85000	0.31	0.6	0.6	0	0	0.31
85100	0.31	0.6	0.6	0	0	0.31
85200	0.31	0.6	0.6	0	0	0.31
85300	0.31	0.6	0.6	0	0	0.31
85400	0.31	0.6	0.6	0	0	0.31
85500	0.31	0.6	0.6	0	0	0.31
85600	0.31	0.6	0.6	0	0	0.31
85700	0.31	0.6	0.6	0	0	0.31
85800	0.31	0.6	0.6	0	0	0.31
85900	0.31	0.6	0.6	0	0	0.31
86000	0.31	0.6	0.6	0	0	0.31
86100	0.31	0.6	0.6	0	0	0.31
86200	0.31	0.6	0.6	0	0	0.31
86300	0.31	0.6	0.6	0	0	0.31
86400	0.31	0.6	0.6	0	0	0.31
86500	0.31	0.6	0.6	0	0	0.31
86600	0.31	0.59	0.59	0	0	0.31
86700	0.31	0.59	0.59	0	0	0.31
86800	0.31	0.58	0.58	0	0	0.31
86900	0.31	0.58	0.58	0	0	0.31
87000	0.31	0.59	0.59	0	0	0.31
87100	0.31	0.59	0.59	0	0	0.31
87200	0.31	0.59	0.59	0	0	0.31
87300	0.31	0.58	0.58	0	0	0.31
87400	0.31	0.58	0.58	0	0	0.31
87500	0.31	0.57	0.57	0	0	0.31
87600	0.31	0.57	0.57	0	0	0.31
87700	0.31	0.58	0.58	0	0	0.31
87800	0.31	0.57	0.57	0	0	0.31
87900	0.31	0.58	0.58	0	0	0.31
88000	0.31	0.57	0.57	0	0	0.31
88100	0.31	0.57	0.57	0	0	0.31
88200	0.31	0.57	0.57	0	0	0.31
88300	0.31	0.56	0.56	0	0	0.31
88400	0.31	0.56	0.56	0	0	0.31
88500	0.31	0.56	0.56	0	0	0.31
88600	0.31	0.56	0.56	0	0	0.31
88700	0.31	0.56	0.56	0	0	0.31
88800	0.31	0.56	0.56	0	0	0.31
88900	0.31	0.56	0.56	0	0	0.31
89000	0.31	0.56	0.56	0	0	0.31
89100	0.31	0.56	0.56	0	0	0.31
89200	0.31	0.56	0.56	0	0	0.31
89300	0.31	0.56	0.56	0	0	0.31
89400	0.31	0.56	0.56	0	0	0.31
89500	0.31	0.56	0.56	0	0	0.31
89600	0.31	0.56	0.56	0	0	0.31
89700	0.31	0.57	0.57	0	0	0.31
89800	0.31	0.57	0.57	0	0	0.31
89900	0.31	0.57	0.57	0	0	0.31
90000	0.31	0.57	0.57	0	0	0.31
90100	0.31	0.57	0.57	0	0	0.31
90200	0.31	0.57	0.57	0	0	0.31
90300	0.31	0.57	0.57	0	0	0.31
90400	0.31	0.57	0.57	0	0	0.31
90500	0.31	0.58	0.58	0	0	0.31
90600	0.31	0.58	0.58	0	0	0.31
90700	0.31	0.58	0.58	0	0	0.31
90800	0.31	0.58	0.58	0	0	0.31
90900	0.31	0.58	0.58	0	0	0.31
91000	0.31	0.58	0.58	0	0	0.31
91100	0.31	0.59	0.59	0	0	0.31
91200	0.3	0.59	0.59	0	0	0.3
91300	0.3	0.59	0.59	0	0	0.3
91400	0.3	0.59	0.59	0	0	0.3
91500	0.3	0.59	0.59	0	0	0.3
91600	0.3	0.59	0.59	0	0	0.3
91700	0.3	0.59	0.59	0	0	0.3
91800	0.3	0.59	0.59	0	0	0.3
91900	0.3	0.6	0.6	0	0	0.3
92000	0.3	0.6	0.6	0	0	0.3
92100	0.3	0.6	0.6	0	0	0.3
92200	0.3	0.6	0.6	0	0	0.3
92300	0.3	0.59	0.59	0	0	0.3
92400	0.3	0.58	0.58	0	0	0.3
92500	0.3	0.58	0.58	0	0	0.3
92600	0.3	0.58	0.58	0	0	0.3
92700	0.3	0.58	0.58	0	0	0.3
92800	0.3	0.58	0.58	0	0	0.3
92900	0.3	0.58	0.58	0	0	0.3
93000	0.3	0.58	0.58	0	0	0.3
93100	0.3	0.58	0.58	0	0	0.3
93200	0.3	0.58	0.58	0	0	0.3
93300	0.3	0.58	0.58	0	0	0.3
93400	0.3	0.58	0.58	0	0	0.3
93500	0.3	0.59	0.59	0	0	0.3
93600	0.3	0.58	0.58	0	0	0.3
93700	0.3	0.58	0.58	0	0	0.3
93800	0.3	0.58	0.58	0	0	0.3
93900	0.3	0.58	0.58	0	0	0.3
94000	0.3	0.58	0.58	0	0	0.3
94100	0.3	0.58	0.58	0	0	0.3
94200	0.3	0.58	0.58	0	0	0.3
94300	0.3	0.58	0.58	0	0	0.3
94400	0.3	0.58	0.58	0	0	0.3
94500	0.31	0.58	0.58	0	0	0.31
94600	0.31	0.58	0.58	0	0	0.31
94700	0.31	0.58	0.58	0	0	0.31
94800	0.31	0.58	0.58	0	0	0.31
94900	0.31	0.58	0.58	0	0	0.31
95000	0.31	0.58	0.58	0	0	0.31
95100	0.31	0.58	0.58	0	0	0.31
95200	0.31	0.59	0.59	0	0	0.31
95300	0.31	0.58	0.58	0	0	0.31
95400	0.31	0.58	0.58	0	0	0.31
95500	0.31	0.58	0.58	0	0	0.31
95600	0.31	0.58	0.58	0	0	0.31
95700	0.31	0.58	0.58	0	0	0.31
95800	0.31	0.58	0.58	0	0	0.31
95900	0.31	0.58	0.58	0	0	0.31
96000	0.31	0.58	0.58	0	0	0.31
96100	0.31	0.58	0.58	0	0	0.31
96200	0.31	0.58	0.58	0	0	0.31
96300	0.31	0.59	0.59	0	0	0.31
96400	0.31	0.59	0.59	0	0	0.31
96500	0.31	0.59	0.59	0	0	0.31
96600	0.31	0.59	0.59	0	0	0.31
96700	0.31	0.59	0.59	0	0	0.31
96800	0.31	0.59	0.59	0	0	0.31
96900	0.31	0.59	0.59	0	0	0.31
97000	0.31	0.59	0.59	0	0	0.31
97100	0.31	0.59	0.59	0	0	0.31
97200	0.32	0.59	0.59	0	0	0.32
97300	0.32	0.59	0.59	0	0	0.32
97400	0.32	0.59	0.59	0	0	0.32
97500	0.32	0.6	0.6	0	0	0.32
97600	0.32	0.6	0.6	0	0	0.32
97700	0.32	0.6	0.6	0	0	0.32
97800	0.32	0.6	0.6	0	0	0.32
97900	0.32	0.6	0.6	0	0	0.32
98000	0.32	0.6	0.6	0	0	0.32
98100	0.32	0.6	0.6	0	0	0.32
98200	0.32	0.6	0.6	0	0	0.32
98300	0.32	0.6	0.6	0	0	0.32
98400	0.32	0.6	0.6	0	0	0.32
98500	0.32	0.6	0.6	0	0	0.32
98600	0.32	0.6	0.6	0	0	0.32
98700	0.32	0.6	0.6	0	0	0.32
98800	0.32	0.6	0.6	0	0	0.32
98900	0.32	0.6	0.6	0	0	0.32
99000	0.32	0.6	0.6	0	0	0.32
99100	0.32	0.6	0.6	0	0	0.32
99200	0.32	0.6	0.6	0	0	0.32
99300	0.32	0.6	0.6	0	0	0.32
99400	0.32	0.6	0.6	0	0	0.32
99500	0.32	0.6	0.6	0	0	0.32
99600	0.32	0.6	0.6	0	0	0.32
99700	0.32	0.6	0.6	0	0	0.32
99800	0.32	0.6	0.6	0	0	0.32
99900	0.32	0.6	0.6	0	0	0.32
100000	0.32	0.6	0.6	0	0	0.32
