100	0.06	0.11	0.11	0	0	0.06
200	0.08	0.13	0.13	0	0	0.08
300	0.09	0.17	0.17	0	0	0.09
400	0.1	0.21	0.21	0	0	0.1
500	0.1	0.21	0.21	0	0	0.1
600	0.11	0.22	0.22	0	0	0.11
700	0.12	0.22	0.22	0	0	0.12
800	0.11	0.22	0.22	0	0	0.11
900	0.11	0.23	0.23	0	0	0.11
1000	0.13	0.23	0.23	0	0	0.13
1100	0.12	0.23	0.23	0	0	0.12
1200	0.12	0.23	0.23	0	0	0.12
1300	0.11	0.24	0.24	0	0	0.11
1400	0.11	0.25	0.25	0	0	0.11
1500	0.11	0.25	0.25	0	0	0.11
1600	0.11	0.27	0.27	0	0	0.11
1700	0.11	0.28	0.28	0	0	0.11
1800	0.11	0.29	0.29	0	0	0.11
1900	0.12	0.29	0.29	0	0	0.12
2000	0.12	0.3	0.3	0	0	0.12
2100	0.13	0.3	0.3	0	0	0.13
2200	0.13	0.31	0.31	0	0	0.13
2300	0.13	0.31	0.31	0	0	0.13
2400	0.13	0.33	0.33	0	0	0.13
2500	0.14	0.35	0.35	0	0	0.14
2600	0.15	0.35	0.35	0	0	0.15
2700	0.16	0.34	0.34	0	0	0.16
2800	0.16	0.34	0.34	0	0	0.16
2900	0.17	0.34	0.34	0	0	0.17
3000	0.17	0.34	0.34	0	0	0.17
3100	0.17	0.34	0.34	0	0	0.17
3200	0.17	0.34	0.34	0	0	0.17
3300	0.17	0.33	0.33	0	0	0.17
3400	0.17	0.33	0.33	0	0	0.17
3500	0.17	0.34	0.34	0	0	0.17
3600	0.18	0.34	0.34	0	0	0.18
3700	0.18	0.34	0.34	0	0	0.18
3800	0.18	0.35	0.35	0	0	0.18
3900	0.18	0.37	0.37	0	0	0.18
4000	0.19	0.37	0.37	0	0	0.19
4100	0.19	0.37	0.37	0	0	0.19
4200	0.19	0.39	0.39	0	0	0.19
4300	0.19	0.4	0.4	0	0	0.19
4400	0.19	0.4	0.4	0	0	0.19
4500	0.19	0.4	0.4	0	0	0.19
4600	0.19	0.4	0.4	0	0	0.19
4700	0.19	0.4	0.4	0	0	0.19
4800	0.18	0.41	0.41	0	0	0.18
4900	0.18	0.41	0.41	0	0	0.18
5000	0.18	0.42	0.42	0	0	0.18
5100	0.18	0.42	0.42	0	0	0.18
5200	0.18	0.42	0.42	0	0	0.18
5300	0.18	0.42	0.42	0	0	0.18
5400	0.18	0.44	0.44	0	0	0.18
5500	0.18	0.43	0.43	0	0	0.18
5600	0.18	0.44	0.44	0	0	0.18
5700	0.18	0.43	0.43	0	0	0.18
5800	0.19	0.43	0.43	0	0	0.19
5900	0.2	0.42	0.42	0	0	0.2
6000	0.19	0.42	0.42	0	0	0.19
6100	0.19	0.42	0.42	0	0	0.19
6200	0.19	0.42	0.42	0	0	0.19
6300	0.2	0.42	0.42	0	0	0.2
6400	0.2	0.42	0.42	0	0	0.2
6500	0.19	0.42	0.42	0	0	0.19
6600	0.2	0.42	0.42	0	0	0.2
6700	0.2	0.43	0.43	0	0	0.2
6800	0.2	0.43	0.43	0	0	0.2
6900	0.2	0.43	0.43	0	0	0.2
7000	0.2	0.41	0.41	0	0	0.2
7100	0.21	0.41	0.41	0	0	0.21
7200	0.21	0.42	0.42	0	0	0.21
7300	0.21	0.43	0.43	0	0	0.21
7400	0.22	0.44	0.44	0	0	0.22
7500	0.23	0.45	0.45	0	0	0.23
7600	0.24	0.45	0.45	0	0	0.24
7700	0.24	0.46	0.46	0	0	0.24
7800	0.23	0.45	0.45	0	0	0.23
7900	0.24	0.45	0.45	0	0	0.24
8000	0.24	0.45	0.45	0	0	0.24
8100	0.24	0.45	0.45	0	0	0.24
8200	0.24	0.45	0.45	0	0	0.24
8300	0.24	0.44	0.44	0	0	0.24
8400	0.24	0.41	0.41	0	0	0.24
8500	0.24	0.41	0.41	0	0	0.24
8600	0.24	0.42	0.42	0	0	0.24
8700	0.25	0.42	0.42	0	0	0.25
8800	0.25	0.43	0.43	0	0	0.25
8900	0.25	0.44	0.44	0	0	0.25
9000	0.25	0.44	0.44	0	0	0.25
9100	0.25	0.44	0.44	0	0	0.25
9200	0.25	0.44	0.44	0	0	0.25
9300	0.25	0.46	0.46	0	0	0.25
9400	0.25	0.46	0.46	0	0	0.25
9500	0.25	0.46	0.46	0	0	0.25
9600	0.25	0.47	0.47	0	0	0.25
9700	0.25	0.47	0.47	0	0	0.25
9800	0.25	0.47	0.47	0	0	0.25
9900	0.26	0.46	0.46	0	0	0.26
10000	0.26	0.46	0.46	0	0	0.26
10100	0.26	0.46	0.46	0	0	0.26
10200	0.26	0.46	0.46	0	0	0.26
10300	0.28	0.47	0.47	0	0	0.28
10400	0.28	0.47	0.47	0	0	0.28
10500	0.28	0.47	0.47	0	0	0.28
10600	0.28	0.47	0.47	0	0	0.28
10700	0.27	0.47	0.47	0	0	0.27
10800	0.27	0.47	0.47	0	0	0.27
10900	0.27	0.47	0.47	0	0	0.27
11000	0.27	0.48	0.48	0	0	0.27
11100	0.27	0.47	0.47	0	0	0.27
11200	0.27	0.47	0.47	0	0	0.27
11300	0.27	0.47	0.47	0	0	0.27
11400	0.27	0.47	0.47	0	0	0.27
11500	0.27	0.47	0.47	0	0	0.27
11600	0.27	0.47	0.47	0	0	0.27
11700	0.27	0.47	0.47	0	0	0.27
11800	0.28	0.47	0.47	0	0	0.28
11900	0.28	0.47	0.47	0	0	0.28
12000	0.28	0.47	0.47	0	0	0.28
12100	0.29	0.47	0.47	0	0	0.29
12200	0.29	0.47	0.47	0	0	0.29
12300	0.29	0.47	0.47	0	0	0.29
12400	0.29	0.47	0.47	0	0	0.29
12500	0.29	0.48	0.48	0	0	0.29
12600	0.3	0.48	0.48	0	0	0.3
12700	0.29	0.48	0.48	0	0	0.29
12800	0.29	0.48	0.48	0	0	0.29
12900	0.29	0.48	0.48	0	0	0.29
13000	0.29	0.48	0.48	0	0	0.29
13100	0.29	0.49	0.49	0	0	0.29
13200	0.28	0.49	0.49	0	0	0.28
13300	0.27	0.49	0.49	0	0	0.27
13400	0.27	0.5	0.5	0	0	0.27
13500	0.27	0.5	0.5	0	0	0.27
13600	0.27	0.5	0.5	0	0	0.27
13700	0.27	0.49	0.49	0	0	0.27
13800	0.27	0.49	0.49	0	0	0.27
13900	0.27	0.5	0.5	0	0	0.27
14000	0.27	0.5	0.5	0	0	0.27
14100	0.27	0.5	0.5	0	0	0.27
14200	0.27	0.5	0.5	0	0	0.27
14300	0.28	0.5	0.5	0	0	0.28
14400	0.28	0.5	0.5	0	0	0.28
14500	0.28	0.5	0.5	0	0	0.28
14600	0.28	0.5	0.5	0	0	0.28
14700	0.28	0.5	0.5	0	0	0.28
14800	0.27	0.5	0.5	0	0	0.27
14900	0.27	0.5	0.5	0	0	0.27
15000	0.27	0.5	0.5	0	0	0.27
15100	0.27	0.5	0.5	0	0	0.27
15200	0.27	0.51	0.51	0	0	0.27
15300	0.27	0.5	0.5	0	0	0.27
15400	0.27	0.49	0.49	0	0	0.27
15500	0.28	0.49	0.49	0	0	0.28
15600	0.28	0.49	0.49	0	0	0.28
15700	0.28	0.5	0.5	0	0	0.28
15800	0.28	0.49	0.49	0	0	0.28
15900	0.28	0.5	0.5	0	0	0.28
16000	0.28	0.52	0.52	0	0	0.28
16100	0.28	0.52	0.52	0	0	0.28
16200	0.28	0.53	0.53	0	0	0.28
16300	0.28	0.53	0.53	0	0	0.28
16400	0.28	0.53	0.53	0	0	0.28
16500	0.27	0.53	0.53	0	0	0.27
16600	0.27	0.52	0.52	0	0	0.27
16700	0.27	0.51	0.51	0	0	0.27
16800	0.27	0.51	0.51	0	0	0.27
16900	0.26	0.51	0.51	0	0	0.26
17000	0.26	0.51	0.51	0	0	0.26
17100	0.26	0.51	0.51	0	0	0.26
17200	0.27	0.51	0.51	0	0	0.27
17300	0.26	0.51	0.51	0	0	0.26
17400	0.26	0.51	0.51	0	0	0.26
17500	0.26	0.51	0.51	0	0	0.26
17600	0.26	0.51	0.51	0	0	0.26
17700	0.26	0.51	0.51	0	0	0.26
17800	0.26	0.51	0.51	0	0	0.26
17900	0.26	0.51	0.51	0	0	0.26
18000	0.26	0.52	0.52	0	0	0.26
18100	0.26	0.52	0.52	0	0	0.26
18200	0.26	0.52	0.52	0	0	0.26
18300	0.26	0.52	0.52	0	0	0.26
18400	0.26	0.52	0.52	0	0	0.26
18500	0.26	0.52	0.52	0	0	0.26
18600	0.26	0.52	0.52	0	0	0.26
18700	0.26	0.52	0.52	0	0	0.26
18800	0.26	0.53	0.53	0	0	0.26
18900	0.27	0.53	0.53	0	0	0.27
19000	0.26	0.53	0.53	0	0	0.26
19100	0.26	0.52	0.52	0	0	0.26
19200	0.26	0.52	0.52	0	0	0.26
19300	0.26	0.52	0.52	0	0	0.26
19400	0.26	0.51	0.51	0	0	0.26
19500	0.26	0.51	0.51	0	0	0.26
19600	0.26	0.5	0.5	0	0	0.26
19700	0.26	0.5	0.5	0	0	0.26
19800	0.26	0.5	0.5	0	0	0.26
19900	0.26	0.49	0.49	0	0	0.26
20000	0.26	0.48	0.48	0	0	0.26
20100	0.26	0.48	0.48	0	0	0.26
20200	0.26	0.48	0.48	0	0	0.26
20300	0.26	0.48	0.48	0	0	0.26
20400	0.26	0.48	0.48	0	0	0.26
20500	0.26	0.48	0.48	0	0	0.26
20600	0.26	0.48	0.48	0	0	0.26
20700	0.26	0.48	0.48	0	0	0.26
20800	0.27	0.48	0.48	0	0	0.27
20900	0.27	0.48	0.48	0	0	0.27
21000	0.27	0.48	0.48	0	0	0.27
21100	0.27	0.48	0.48	0	0	0.27
21200	0.27	0.47	0.47	0	0	0.27
21300	0.28	0.48	0.48	0	0	0.28
21400	0.28	0.49	0.49	0	0	0.28
21500	0.28	0.49	0.49	0	0	0.28
21600	0.29	0.49	0.49	0	0	0.29
21700	0.29	0.5	0.5	0	0	0.29
21800	0.29	0.49	0.49	0	0	0.29
21900	0.29	0.49	0.49	0	0	0.29
22000	0.28	0.49	0.49	0	0	0.28
22100	0.29	0.49	0.49	0	0	0.29
22200	0.29	0.49	0.49	0	0	0.29
22300	0.29	0.5	0.5	0	0	0.29
22400	0.29	0.5	0.5	0	0	0.29
22500	0.29	0.5	0.5	0	0	0.29
22600	0.29	0.51	0.51	0	0	0.29
22700	0.29	0.5	0.5	0	0	0.29
22800	0.29	0.51	0.51	0	0	0.29
22900	0.3	0.51	0.51	0	0	0.3
23000	0.3	0.5	0.5	0	0	0.3
23100	0.3	0.5	0.5	0	0	0.3
23200	0.3	0.51	0.51	0	0	0.3
23300	0.3	0.5	0.5	0	0	0.3
23400	0.29	0.5	0.5	0	0	0.29
23500	0.29	0.49	0.49	0	0	0.29
23600	0.29	0.48	0.48	0	0	0.29
23700	0.29	0.48	0.48	0	0	0.29
23800	0.29	0.48	0.48	0	0	0.29
23900	0.29	0.49	0.49	0	0	0.29
24000	0.29	0.49	0.49	0	0	0.29
24100	0.29	0.49	0.49	0	0	0.29
24200	0.3	0.49	0.49	0	0	0.3
24300	0.3	0.49	0.49	0	0	0.3
24400	0.3	0.49	0.49	0	0	0.3
24500	0.31	0.49	0.49	0	0	0.31
24600	0.3	0.49	0.49	0	0	0.3
24700	0.3	0.49	0.49	0	0	0.3
24800	0.3	0.51	0.51	0	0	0.3
24900	0.3	0.51	0.51	0	0	0.3
25000	0.3	0.52	0.52	0	0	0.3
25100	0.3	0.52	0.52	0	0	0.3
25200	0.3	0.51	0.51	0	0	0.3
25300	0.3	0.51	0.51	0	0	0.3
25400	0.31	0.51	0.51	0	0	0.31
25500	0.31	0.5	0.5	0	0	0.31
25600	0.31	0.5	0.5	0	0	0.31
25700	0.31	0.51	0.51	0	0	0.31
25800	0.31	0.51	0.51	0	0	0.31
25900	0.3	0.52	0.52	0	0	0.3
26000	0.3	0.51	0.51	0	0	0.3
26100	0.29	0.5	0.5	0	0	0.29
26200	0.29	0.5	0.5	0	0	0.29
26300	0.29	0.5	0.5	0	0	0.29
26400	0.29	0.5	0.5	0	0	0.29
26500	0.29	0.5	0.5	0	0	0.29
26600	0.29	0.51	0.51	0	0	0.29
26700	0.29	0.51	0.51	0	0	0.29
26800	0.29	0.51	0.51	0	0	0.29
26900	0.29	0.51	0.51	0	0	0.29
27000	0.29	0.52	0.52	0	0	0.29
27100	0.29	0.52	0.52	0	0	0.29
27200	0.29	0.52	0.52	0	0	0.29
27300	0.29	0.52	0.52	0	0	0.29
27400	0.29	0.52	0.52	0	0	0.29
27500	0.29	0.54	0.54	0	0	0.29
27600	0.29	0.54	0.54	0	0	0.29
27700	0.29	0.55	0.55	0	0	0.29
27800	0.29	0.55	0.55	0	0	0.29
27900	0.29	0.55	0.55	0	0	0.29
28000	0.3	0.55	0.55	0	0	0.3
28100	0.3	0.55	0.55	0	0	0.3
28200	0.3	0.54	0.54	0	0	0.3
28300	0.3	0.54	0.54	0	0	0.3
28400	0.3	0.54	0.54	0	0	0.3
28500	0.3	0.54	0.54	0	0	0.3
28600	0.3	0.54	0.54	0	0	0.3
28700	0.3	0.54	0.54	0	0	0.3
28800	0.3	0.54	0.54	0	0	0.3
28900	0.3	0.54	0.54	0	0	0.3
29000	0.3	0.54	0.54	0	0	0.3
29100	0.3	0.54	0.54	0	0	0.3
29200	0.3	0.54	0.54	0	0	0.3
29300	0.3	0.54	0.54	0	0	0.3
29400	0.3	0.54	0.54	0	0	0.3
29500	0.3	0.55	0.55	0	0	0.3
29600	0.3	0.55	0.55	0	0	0.3
29700	0.31	0.55	0.55	0	0	0.31
29800	0.31	0.54	0.54	0	0	0.31
29900	0.31	0.54	0.54	0	0	0.31
30000	0.31	0.54	0.54	0	0	0.31
30100	0.31	0.54	0.54	0	0	0.31
30200	0.31	0.54	0.54	0	0	0.31
30300	0.31	0.54	0.54	0	0	0.31
30400	0.31	0.54	0.54	0	0	0.31
30500	0.31	0.54	0.54	0	0	0.31
30600	0.31	0.55	0.55	0	0	0.31
30700	0.31	0.54	0.54	0	0	0.31
30800	0.31	0.54	0.54	0	0	0.31
30900	0.31	0.54	0.54	0	0	0.31
31000	0.31	0.54	0.54	0	0	0.31
31100	0.31	0.55	0.55	0	0	0.31
31200	0.3	0.55	0.55	0	0	0.3
31300	0.3	0.55	0.55	0	0	0.3
31400	0.3	0.55	0.55	0	0	0.3
31500	0.3	0.55	0.55	0	0	0.3
31600	0.3	0.55	0.55	0	0	0.3
31700	0.3	0.55	0.55	0	0	0.3
31800	0.3	0.55	0.55	0	0	0.3
31900	0.3	0.55	0.55	0	0	0.3
32000	0.3	0.55	0.55	0	0	0.3
32100	0.3	0.55	0.55	0	0	0.3
32200	0.3	0.55	0.55	0	0	0.3
32300	0.3	0.55	0.55	0	0	0.3
32400	0.3	0.55	0.55	0	0	0.3
32500	0.3	0.55	0.55	0	0	0.3
32600	0.3	0.55	0.55	0	0	0.3
32700	0.3	0.55	0.55	0	0	0.3
32800	0.3	0.55	0.55	0	0	0.3
32900	0.3	0.55	0.55	0	0	0.3
33000	0.3	0.55	0.55	0	0	0.3
33100	0.3	0.55	0.55	0	0	0.3
33200	0.3	0.54	0.54	0	0	0.3
33300	0.3	0.54	0.54	0	0	0.3
33400	0.3	0.54	0.54	0	0	0.3
33500	0.31	0.53	0.53	0	0	0.31
33600	0.31	0.53	0.53	0	0	0.31
33700	0.31	0.53	0.53	0	0	0.31
33800	0.31	0.53	0.53	0	0	0.31
33900	0.31	0.53	0.53	0	0	0.31
34000	0.31	0.53	0.53	0	0	0.31
34100	0.3	0.53	0.53	0	0	0.3
34200	0.29	0.53	0.53	0	0	0.29
34300	0.29	0.54	0.54	0	0	0.29
34400	0.29	0.54	0.54	0	0	0.29
34500	0.29	0.54	0.54	0	0	0.29
34600	0.29	0.54	0.54	0	0	0.29
34700	0.29	0.54	0.54	0	0	0.29
34800	0.29	0.54	0.54	0	0	0.29
34900	0.29	0.54	0.54	0	0	0.29
35000	0.29	0.53	0.53	0	0	0.29
35100	0.29	0.53	0.53	0	0	0.29
35200	0.29	0.53	0.53	0	0	0.29
35300	0.29	0.53	0.53	0	0	0.29
35400	0.29	0.53	0.53	0	0	0.29
35500	0.29	0.53	0.53	0	0	0.29
35600	0.3	0.53	0.53	0	0	0.3
35700	0.3	0.53	0.53	0	0	0.3
35800	0.3	0.53	0.53	0	0	0.3
35900	0.3	0.53	0.53	0	0	0.3
36000	0.3	0.54	0.54	0	0	0.3
36100	0.3	0.53	0.53	0	0	0.3
36200	0.3	0.53	0.53	0	0	0.3
36300	0.3	0.53	0.53	0	0	0.3
36400	0.3	0.53	0.53	0	0	0.3
36500	0.3	0.53	0.53	0	0	0.3
36600	0.3	0.52	0.52	0	0	0.3
36700	0.3	0.52	0.52	0	0	0.3
36800	0.3	0.52	0.52	0	0	0.3
36900	0.3	0.52	0.52	0	0	0.3
37000	0.3	0.51	0.51	0	0	0.3
37100	0.3	0.51	0.51	0	0	0.3
37200	0.3	0.51	0.51	0	0	0.3
37300	0.3	0.51	0.51	0	0	0.3
37400	0.3	0.51	0.51	0	0	0.3
37500	0.3	0.51	0.51	0	0	0.3
37600	0.3	0.51	0.51	0	0	0.3
37700	0.3	0.51	0.51	0	0	0.3
37800	0.3	0.51	0.51	0	0	0.3
37900	0.3	0.51	0.51	0	0	0.3
38000	0.3	0.51	0.51	0	0	0.3
38100	0.3	0.53	0.53	0	0	0.3
38200	0.3	0.52	0.52	0	0	0.3
38300	0.3	0.52	0.52	0	0	0.3
38400	0.3	0.53	0.53	0	0	0.3
38500	0.31	0.53	0.53	0	0	0.31
38600	0.31	0.52	0.52	0	0	0.31
38700	0.31	0.52	0.52	0	0	0.31
38800	0.31	0.52	0.52	0	0	0.31
38900	0.31	0.52	0.52	0	0	0.31
39000	0.31	0.52	0.52	0	0	0.31
39100	0.31	0.52	0.52	0	0	0.31
39200	0.31	0.52	0.52	0	0	0.31
39300	0.31	0.52	0.52	0	0	0.31
39400	0.31	0.52	0.52	0	0	0.31
39500	0.31	0.52	0.52	0	0	0.31
39600	0.31	0.52	0.52	0	0	0.31
39700	0.31	0.51	0.51	0	0	0.31
39800	0.31	0.51	0.51	0	0	0.31
39900	0.31	0.51	0.51	0	0	0.31
40000	0.31	0.51	0.51	0	0	0.31
40100	0.31	0.5	0.5	0	0	0.31
40200	0.31	0.5	0.5	0	0	0.31
40300	0.31	0.5	0.5	0	0	0.31
40400	0.31	0.49	0.49	0	0	0.31
40500	0.31	0.49	0.49	0	0	0.31
40600	0.31	0.49	0.49	0	0	0.31
40700	0.32	0.5	0.5	0	0	0.32
40800	0.31	0.5	0.5	0	0	0.31
40900	0.31	0.5	0.5	0	0	0.31
41000	0.31	0.51	0.51	0	0	0.31
41100	0.31	0.51	0.51	0	0	0.31
41200	0.31	0.51	0.51	0	0	0.31
41300	0.31	0.51	0.51	0	0	0.31
41400	0.31	0.51	0.51	0	0	0.31
41500	0.31	0.51	0.51	0	0	0.31
41600	0.31	0.51	0.51	0	0	0.31
41700	0.32	0.51	0.51	0	0	0.32
41800	0.31	0.52	0.52	0	0	0.31
41900	0.31	0.52	0.52	0	0	0.31
42000	0.31	0.51	0.51	0	0	0.31
42100	0.31	0.51	0.51	0	0	0.31
42200	0.31	0.51	0.51	0	0	0.31
42300	0.31	0.51	0.51	0	0	0.31
42400	0.31	0.51	0.51	0	0	0.31
42500	0.32	0.51	0.51	0	0	0.32
42600	0.32	0.51	0.51	0	0	0.32
42700	0.32	0.5	0.5	0	0	0.32
42800	0.33	0.49	0.49	0	0	0.33
42900	0.33	0.49	0.49	0	0	0.33
43000	0.33	0.49	0.49	0	0	0.33
43100	0.33	0.48	0.48	0	0	0.33
43200	0.33	0.48	0.48	0	0	0.33
43300	0.33	0.48	0.48	0	0	0.33
43400	0.33	0.48	0.48	0	0	0.33
43500	0.33	0.48	0.48	0	0	0.33
43600	0.33	0.49	0.49	0	0	0.33
43700	0.33	0.48	0.48	0	0	0.33
43800	0.33	0.48	0.48	0	0	0.33
43900	0.33	0.47	0.47	0	0	0.33
44000	0.33	0.47	0.47	0	0	0.33
44100	0.33	0.47	0.47	0	0	0.33
44200	0.33	0.47	0.47	0	0	0.33
44300	0.33	0.47	0.47	0	0	0.33
44400	0.33	0.47	0.47	0	0	0.33
44500	0.33	0.47	0.47	0	0	0.33
44600	0.33	0.47	0.47	0	0	0.33
44700	0.33	0.47	0.47	0	0	0.33
44800	0.33	0.47	0.47	0	0	0.33
44900	0.33	0.47	0.47	0	0	0.33
45000	0.33	0.49	0.49	0	0	0.33
45100	0.33	0.49	0.49	0	0	0.33
45200	0.33	0.49	0.49	0	0	0.33
45300	0.33	0.49	0.49	0	0	0.33
45400	0.33	0.49	0.49	0	0	0.33
45500	0.33	0.49	0.49	0	0	0.33
45600	0.33	0.49	0.49	0	0	0.33
45700	0.33	0.49	0.49	0	0	0.33
45800	0.32	0.49	0.49	0	0	0.32
45900	0.32	0.49	0.49	0	0	0.32
46000	0.32	0.49	0.49	0	0	0.32
46100	0.32	0.5	0.5	0	0	0.32
46200	0.32	0.5	0.5	0	0	0.32
46300	0.32	0.5	0.5	0	0	0.32
46400	0.32	0.49	0.49	0	0	0.32
46500	0.32	0.49	0.49	0	0	0.32
46600	0.32	0.49	0.49	0	0	0.32
46700	0.32	0.5	0.5	0	0	0.32
46800	0.32	0.5	0.5	0	0	0.32
46900	0.33	0.49	0.49	0	0	0.33
47000	0.33	0.49	0.49	0	0	0.33
47100	0.33	0.49	0.49	0	0	0.33
47200	0.33	0.49	0.49	0	0	0.33
47300	0.33	0.49	0.49	0	0	0.33
47400	0.33	0.49	0.49	0	0	0.33
47500	0.32	0.49	0.49	0	0	0.32
47600	0.31	0.49	0.49	0	0	0.31
47700	0.31	0.49	0.49	0	0	0.31
47800	0.31	0.49	0.49	0	0	0.31
47900	0.32	0.49	0.49	0	0	0.32
48000	0.32	0.49	0.49	0	0	0.32
48100	0.32	0.49	0.49	0	0	0.32
48200	0.32	0.49	0.49	0	0	0.32
48300	0.32	0.5	0.5	0	0	0.32
48400	0.32	0.5	0.5	0	0	0.32
48500	0.32	0.5	0.5	0	0	0.32
48600	0.32	0.5	0.5	0	0	0.32
48700	0.31	0.5	0.5	0	0	0.31
48800	0.31	0.5	0.5	0	0	0.31
48900	0.31	0.5	0.5	0	0	0.31
49000	0.31	0.5	0.5	0	0	0.31
49100	0.3	0.5	0.5	0	0	0.3
49200	0.31	0.5	0.5	0	0	0.31
49300	0.31	0.5	0.5	0	0	0.31
49400	0.31	0.51	0.51	0	0	0.31
49500	0.31	0.51	0.51	0	0	0.31
49600	0.31	0.51	0.51	0	0	0.31
49700	0.31	0.51	0.51	0	0	0.31
49800	0.31	0.51	0.51	0	0	0.31
49900	0.31	0.51	0.51	0	0	0.31
50000	0.31	0.51	0.51	0	0	0.31
50100	0.31	0.51	0.51	0	0	0.31
50200	0.31	0.51	0.51	0	0	0.31
50300	0.31	0.51	0.51	0	0	0.31
50400	0.31	0.51	0.51	0	0	0.31
50500	0.31	0.51	0.51	0	0	0.31
50600	0.31	0.52	0.52	0	0	0.31
50700	0.31	0.52	0.52	0	0	0.31
50800	0.31	0.52	0.52	0	0	0.31
50900	0.3	0.52	0.52	0	0	0.3
51000	0.3	0.52	0.52	0	0	0.3
51100	0.3	0.52	0.52	0	0	0.3
51200	0.3	0.52	0.52	0	0	0.3
51300	0.3	0.52	0.52	0	0	0.3
51400	0.3	0.52	0.52	0	0	0.3
51500	0.3	0.52	0.52	0	0	0.3
51600	0.3	0.53	0.53	0	0	0.3
51700	0.3	0.53	0.53	0	0	0.3
51800	0.3	0.53	0.53	0	0	0.3
51900	0.31	0.52	0.52	0	0	0.31
52000	0.31	0.54	0.54	0	0	0.31
52100	0.31	0.54	0.54	0	0	0.31
52200	0.31	0.53	0.53	0	0	0.31
52300	0.31	0.53	0.53	0	0	0.31
52400	0.31	0.52	0.52	0	0	0.31
52500	0.31	0.51	0.51	0	0	0.31
52600	0.31	0.51	0.51	0	0	0.31
52700	0.31	0.51	0.51	0	0	0.31
52800	0.31	0.51	0.51	0	0	0.31
52900	0.31	0.51	0.51	0	0	0.31
53000	0.32	0.51	0.51	0	0	0.32
53100	0.32	0.52	0.52	0	0	0.32
53200	0.32	0.52	0.52	0	0	0.32
53300	0.31	0.52	0.52	0	0	0.31
53400	0.31	0.52	0.52	0	0	0.31
53500	0.31	0.53	0.53	0	0	0.31
53600	0.31	0.53	0.53	0	0	0.31
53700	0.31	0.53	0.53	0	0	0.31
53800	0.31	0.53	0.53	0	0	0.31
53900	0.32	0.53	0.53	0	0	0.32
54000	0.32	0.53	0.53	0	0	0.32
54100	0.32	0.53	0.53	0	0	0.32
54200	0.32	0.53	0.53	0	0	0.32
54300	0.32	0.53	0.53	0	0	0.32
54400	0.32	0.53	0.53	0	0	0.32
54500	0.32	0.53	0.53	0	0	0.32
54600	0.32	0.53	0.53	0	0	0.32
54700	0.32	0.53	0.53	0	0	0.32
54800	0.32	0.55	0.55	0	0	0.32
54900	0.32	0.55	0.55	0	0	0.32
55000	0.32	0.54	0.54	0	0	0.32
55100	0.32	0.54	0.54	0	0	0.32
55200	0.32	0.54	0.54	0	0	0.32
55300	0.32	0.54	0.54	0	0	0.32
55400	0.32	0.54	0.54	0	0	0.32
55500	0.32	0.52	0.52	0	0	0.32
55600	0.32	0.52	0.52	0	0	0.32
55700	0.32	0.52	0.52	0	0	0.32
55800	0.32	0.52	0.52	0	0	0.32
55900	0.32	0.52	0.52	0	0	0.32
56000	0.32	0.52	0.52	0	0	0.32
56100	0.31	0.53	0.53	0	0	0.31
56200	0.31	0.54	0.54	0	0	0.31
56300	0.31	0.54	0.54	0	0	0.31
56400	0.31	0.54	0.54	0	0	0.31
56500	0.31	0.54	0.54	0	0	0.31
56600	0.31	0.54	0.54	0	0	0.31
56700	0.31	0.53	0.53	0	0	0.31
56800	0.31	0.53	0.53	0	0	0.31
56900	0.32	0.54	0.54	0	0	0.32
57000	0.32	0.54	0.54	0	0	0.32
57100	0.32	0.54	0.54	0	0	0.32
57200	0.32	0.53	0.53	0	0	0.32
57300	0.32	0.53	0.53	0	0	0.32
57400	0.32	0.53	0.53	0	0	0.32
57500	0.32	0.53	0.53	0	0	0.32
57600	0.32	0.53	0.53	0	0	0.32
57700	0.32	0.53	0.53	0	0	0.32
57800	0.32	0.53	0.53	0	0	0.32
57900	0.32	0.53	0.53	0	0	0.32
58000	0.32	0.53	0.53	0	0	0.32
58100	0.32	0.52	0.52	0	0	0.32
58200	0.33	0.53	0.53	0	0	0.33
58300	0.33	0.53	0.53	0	0	0.33
58400	0.33	0.53	0.53	0	0	0.33
58500	0.33	0.53	0.53	0	0	0.33
58600	0.33	0.53	0.53	0	0	0.33
58700	0.33	0.53	0.53	0	0	0.33
58800	0.33	0.54	0.54	0	0	0.33
58900	0.33	0.54	0.54	0	0	0.33
59000	0.33	0.54	0.54	0	0	0.33
59100	0.33	0.55	0.55	0	0	0.33
59200	0.32	0.55	0.55	0	0	0.32
59300	0.32	0.55	0.55	0	0	0.32
59400	0.32	0.54	0.54	0	0	0.32
59500	0.32	0.54	0.54	0	0	0.32
59600	0.32	0.54	0.54	0	0	0.32
59700	0.32	0.54	0.54	0	0	0.32
59800	0.32	0.54	0.54	0	0	0.32
59900	0.32	0.53	0.53	0	0	0.32
60000	0.32	0.53	0.53	0	0	0.32
60100	0.32	0.53	0.53	0	0	0.32
60200	0.33	0.53	0.53	0	0	0.33
60300	0.33	0.53	0.53	0	0	0.33
60400	0.32	0.53	0.53	0	0	0.32
60500	0.32	0.53	0.53	0	0	0.32
60600	0.32	0.53	0.53	0	0	0.32
60700	0.33	0.53	0.53	0	0	0.33
60800	0.33	0.54	0.54	0	0	0.33
60900	0.33	0.55	0.55	0	0	0.33
61000	0.33	0.55	0.55	0	0	0.33
61100	0.33	0.55	0.55	0	0	0.33
61200	0.33	0.55	0.55	0	0	0.33
61300	0.33	0.55	0.55	0	0	0.33
61400	0.33	0.54	0.54	0	0	0.33
61500	0.33	0.54	0.54	0	0	0.33
61600	0.33	0.54	0.54	0	0	0.33
61700	0.33	0.54	0.54	0	0	0.33
61800	0.33	0.54	0.54	0	0	0.33
61900	0.33	0.54	0.54	0	0	0.33
62000	0.33	0.54	0.54	0	0	0.33
62100	0.33	0.54	0.54	0	0	0.33
62200	0.33	0.54	0.54	0	0	0.33
62300	0.33	0.54	0.54	0	0	0.33
62400	0.33	0.54	0.54	0	0	0.33
62500	0.33	0.54	0.54	0	0	0.33
62600	0.33	0.54	0.54	0	0	0.33
62700	0.33	0.56	0.56	0	0	0.33
62800	0.33	0.56	0.56	0	0	0.33
62900	0.33	0.56	0.56	0	0	0.33
63000	0.33	0.56	0.56	0	0	0.33
63100	0.33	0.56	0.56	0	0	0.33
63200	0.33	0.56	0.56	0	0	0.33
63300	0.33	0.56	0.56	0	0	0.33
63400	0.33	0.56	0.56	0	0	0.33
63500	0.33	0.56	0.56	0	0	0.33
63600	0.33	0.57	0.57	0	0	0.33
63700	0.33	0.57	0.57	0	0	0.33
63800	0.33	0.57	0.57	0	0	0.33
63900	0.33	0.57	0.57	0	0	0.33
64000	0.33	0.57	0.57	0	0	0.33
64100	0.33	0.57	0.57	0	0	0.33
64200	0.33	0.57	0.57	0	0	0.33
64300	0.33	0.57	0.57	0	0	0.33
64400	0.33	0.57	0.57	0	0	0.33
64500	0.33	0.57	0.57	0	0	0.33
64600	0.33	0.57	0.57	0	0	0.33
64700	0.33	0.57	0.57	0	0	0.33
64800	0.33	0.57	0.57	0	0	0.33
64900	0.33	0.57	0.57	0	0	0.33
65000	0.32	0.57	0.57	0	0	0.32
65100	0.32	0.57	0.57	0	0	0.32
65200	0.32	0.57	0.57	0	0	0.32
65300	0.32	0.57	0.57	0	0	0.32
65400	0.32	0.57	0.57	0	0	0.32
65500	0.32	0.57	0.57	0	0	0.32
65600	0.32	0.57	0.57	0	0	0.32
65700	0.32	0.56	0.56	0	0	0.32
65800	0.32	0.56	0.56	0	0	0.32
65900	0.32	0.56	0.56	0	0	0.32
66000	0.32	0.56	0.56	0	0	0.32
66100	0.32	0.57	0.57	0	0	0.32
66200	0.32	0.57	0.57	0	0	0.32
66300	0.33	0.57	0.57	0	0	0.33
66400	0.33	0.56	0.56	0	0	0.33
66500	0.33	0.56	0.56	0	0	0.33
66600	0.33	0.57	0.57	0	0	0.33
66700	0.33	0.56	0.56	0	0	0.33
66800	0.33	0.56	0.56	0	0	0.33
66900	0.33	0.56	0.56	0	0	0.33
67000	0.33	0.56	0.56	0	0	0.33
67100	0.33	0.56	0.56	0	0	0.33
67200	0.33	0.56	0.56	0	0	0.33
67300	0.32	0.56	0.56	0	0	0.32
67400	0.32	0.56	0.56	0	0	0.32
67500	0.32	0.56	0.56	0	0	0.32
67600	0.32	0.56	0.56	0	0	0.32
67700	0.32	0.56	0.56	0	0	0.32
67800	0.32	0.56	0.56	0	0	0.32
67900	0.32	0.56	0.56	0	0	0.32
68000	0.32	0.56	0.56	0	0	0.32
68100	0.32	0.56	0.56	0	0	0.32
68200	0.32	0.56	0.56	0	0	0.32
68300	0.32	0.56	0.56	0	0	0.32
68400	0.32	0.56	0.56	0	0	0.32
68500	0.32	0.56	0.56	0	0	0.32
68600	0.32	0.56	0.56	0	0	0.32
68700	0.31	0.56	0.56	0	0	0.31
68800	0.3	0.56	0.56	0	0	0.3
68900	0.31	0.56	0.56	0	0	0.31
69000	0.31	0.56	0.56	0	0	0.31
69100	0.31	0.56	0.56	0	0	0.31
69200	0.31	0.56	0.56	0	0	0.31
69300	0.31	0.56	0.56	0	0	0.31
69400	0.31	0.56	0.56	0	0	0.31
69500	0.31	0.56	0.56	0	0	0.31
69600	0.31	0.56	0.56	0	0	0.31
69700	0.31	0.55	0.55	0	0	0.31
69800	0.31	0.55	0.55	0	0	0.31
69900	0.31	0.55	0.55	0	0	0.31
70000	0.31	0.55	0.55	0	0	0.31
70100	0.31	0.55	0.55	0	0	0.31
70200	0.31	0.55	0.55	0	0	0.31
70300	0.31	0.55	0.55	0	0	0.31
70400	0.31	0.55	0.55	0	0	0.31
70500	0.31	0.55	0.55	0	0	0.31
70600	0.31	0.55	0.55	0	0	0.31
70700	0.31	0.55	0.55	0	0	0.31
70800	0.31	0.55	0.55	0	0	0.31
70900	0.31	0.56	0.56	0	0	0.31
71000	0.32	0.56	0.56	0	0	0.32
71100	0.32	0.56	0.56	0	0	0.32
71200	0.32	0.55	0.55	0	0	0.32
71300	0.32	0.55	0.55	0	0	0.32
71400	0.32	0.55	0.55	0	0	0.32
71500	0.32	0.55	0.55	0	0	0.32
71600	0.32	0.55	0.55	0	0	0.32
71700	0.32	0.55	0.55	0	0	0.32
71800	0.32	0.55	0.55	0	0	0.32
71900	0.32	0.55	0.55	0	0	0.32
72000	0.32	0.55	0.55	0	0	0.32
72100	0.32	0.55	0.55	0	0	0.32
72200	0.32	0.56	0.56	0	0	0.32
72300	0.32	0.56	0.56	0	0	0.32
72400	0.32	0.56	0.56	0	0	0.32
72500	0.32	0.56	0.56	0	0	0.32
72600	0.32	0.56	0.56	0	0	0.32
72700	0.32	0.56	0.56	0	0	0.32
72800	0.32	0.56	0.56	0	0	0.32
72900	0.32	0.56	0.56	0	0	0.32
73000	0.32	0.56	0.56	0	0	0.32
73100	0.32	0.55	0.55	0	0	0.32
73200	0.32	0.56	0.56	0	0	0.32
73300	0.32	0.55	0.55	0	0	0.32
73400	0.32	0.55	0.55	0	0	0.32
73500	0.32	0.56	0.56	0	0	0.32
73600	0.32	0.56	0.56	0	0	0.32
73700	0.32	0.56	0.56	0	0	0.32
73800	0.32	0.56	0.56	0	0	0.32
73900	0.32	0.56	0.56	0	0	0.32
74000	0.32	0.56	0.56	0	0	0.32
74100	0.32	0.56	0.56	0	0	0.32
74200	0.32	0.56	0.56	0	0	0.32
74300	0.32	0.57	0.57	0	0	0.32
74400	0.32	0.57	0.57	0	0	0.32
74500	0.31	0.57	0.57	0	0	0.31
74600	0.31	0.57	0.57	0	0	0.31
74700	0.31	0.57	0.57	0	0	0.31
74800	0.31	0.57	0.57	0	0	0.31
74900	0.31	0.57	0.57	0	0	0.31
75000	0.31	0.57	0.57	0	0	0.31
75100	0.31	0.57	0.57	0	0	0.31
75200	0.31	0.57	0.57	0	0	0.31
75300	0.31	0.57	0.57	0	0	0.31
75400	0.31	0.56	0.56	0	0	0.31
75500	0.31	0.57	0.57	0	0	0.31
75600	0.31	0.57	0.57	0	0	0.31
75700	0.31	0.58	0.58	0	0	0.31
75800	0.31	0.58	0.58	0	0	0.31
75900	0.31	0.57	0.57	0	0	0.31
76000	0.31	0.57	0.57	0	0	0.31
76100	0.31	0.57	0.57	0	0	0.31
76200	0.31	0.57	0.57	0	0	0.31
76300	0.31	0.57	0.57	0	0	0.31
76400	0.32	0.58	0.58	0	0	0.32
76500	0.32	0.58	0.58	0	0	0.32
76600	0.32	0.58	0.58	0	0	0.32
76700	0.32	0.58	0.58	0	0	0.32
76800	0.32	0.58	0.58	0	0	0.32
76900	0.32	0.58	0.58	0	0	0.32
77000	0.32	0.58	0.58	0	0	0.32
77100	0.32	0.58	0.58	0	0	0.32
77200	0.32	0.58	0.58	0	0	0.32
77300	0.33	0.58	0.58	0	0	0.33
77400	0.33	0.59	0.59	0	0	0.33
77500	0.33	0.59	0.59	0	0	0.33
77600	0.33	0.59	0.59	0	0	0.33
77700	0.33	0.61	0.61	0	0	0.33
77800	0.33	0.61	0.61	0	0	0.33
77900	0.33	0.61	0.61	0	0	0.33
78000	0.33	0.61	0.61	0	0	0.33
78100	0.33	0.61	0.61	0	0	0.33
78200	0.33	0.61	0.61	0	0	0.33
78300	0.33	0.61	0.61	0	0	0.33
78400	0.33	0.61	0.61	0	0	0.33
78500	0.33	0.6	0.6	0	0	0.33
78600	0.33	0.6	0.6	0	0	0.33
78700	0.33	0.6	0.6	0	0	0.33
78800	0.33	0.6	0.6	0	0	0.33
78900	0.33	0.59	0.59	0	0	0.33
79000	0.33	0.59	0.59	0	0	0.33
79100	0.33	0.59	0.59	0	0	0.33
79200	0.33	0.59	0.59	0	0	0.33
79300	0.33	0.59	0.59	0	0	0.33
79400	0.33	0.59	0.59	0	0	0.33
79500	0.33	0.59	0.59	0	0	0.33
79600	0.34	0.59	0.59	0	0	0.34
79700	0.34	0.59	0.59	0	0	0.34
79800	0.34	0.59	0.59	0	0	0.34
79900	0.34	0.59	0.59	0	0	0.34
80000	0.34	0.59	0.59	0	0	0.34
80100	0.35	0.59	0.59	0	0	0.35
80200	0.34	0.59	0.59	0	0	0.34
80300	0.34	0.59	0.59	0	0	0.34
80400	0.34	0.59	0.59	0	0	0.34
80500	0.34	0.59	0.59	0	0	0.34
80600	0.34	0.59	0.59	0	0	0.34
80700	0.34	0.6	0.6	0	0	0.34
80800	0.34	0.6	0.6	0	0	0.34
80900	0.34	0.6	0.6	0	0	0.34
81000	0.34	0.6	0.6	0	0	0.34
81100	0.34	0.6	0.6	0	0	0.34
81200	0.34	0.6	0.6	0	0	0.34
81300	0.34	0.6	0.6	0	0	0.34
81400	0.34	0.6	0.6	0	0	0.34
81500	0.34	0.6	0.6	0	0	0.34
81600	0.34	0.61	0.61	0	0	0.34
81700	0.34	0.61	0.61	0	0	0.34
81800	0.34	0.61	0.61	0	0	0.34
81900	0.34	0.61	0.61	0	0	0.34
82000	0.34	0.61	0.61	0	0	0.34
82100	0.34	0.61	0.61	0	0	0.34
82200	0.33	0.61	0.61	0	0	0.33
82300	0.34	0.61	0.61	0	0	0.34
82400	0.34	0.61	0.61	0	0	0.34
82500	0.34	0.61	0.61	0	0	0.34
82600	0.34	0.61	0.61	0	0	0.34
82700	0.34	0.61	0.61	0	0	0.34
82800	0.34	0.61	0.61	0	0	0.34
82900	0.34	0.61	0.61	0	0	0.34
83000	0.34	0.61	0.61	0	0	0.34
83100	0.34	0.61	0.61	0	0	0.34
83200	0.34	0.61	0.61	0	0	0.34
83300	0.34	0.61	0.61	0	0	0.34
83400	0.34	0.61	0.61	0	0	0.34
83500	0.34	0.61	0.61	0	0	0.34
83600	0.34	0.61	0.61	0	0	0.34
83700	0.34	0.61	0.61	0	0	0.34
83800	0.34	0.61	0.61	0	0	0.34
83900	0.34	0.6	0.6	0	0	0.34
84000	0.34	0.6	0.6	0	0	0.34
84100	0.34	0.6	0.6	0	0	0.34
84200	0.34	0.6	0.6	0	0	0.34
84300	0.34	0.6	0.6	0	0	0.34
84400	0.34	0.6	0.6	0	0	0.34
84500	0.34	0.6	0.6	0	0	0.34
84600	0.34	0.6	0.6	0	0	0.34
84700	0.34	0.6	0.6	0	0	0.34
84800	0.34	0.6	0.6	0	0	0.34
84900	0.34	0.6	0.6	0	0	0.34
85000	0.34	0.6	0.6	0	0	0.34
85100	0.34	0.6	0.6	0	0	0.34
85200	0.34	0.6	0.6	0	0	0.34
85300	0.34	0.6	0.6	0	0	0.34
85400	0.34	0.6	0.6	0	0	0.34
85500	0.34	0.6	0.6	0	0	0.34
85600	0.33	0.59	0.59	0	0	0.33
85700	0.33	0.59	0.59	0	0	0.33
85800	0.33	0.59	0.59	0	0	0.33
85900	0.33	0.59	0.59	0	0	0.33
86000	0.33	0.59	0.59	0	0	0.33
86100	0.33	0.59	0.59	0	0	0.33
86200	0.34	0.59	0.59	0	0	0.34
86300	0.34	0.59	0.59	0	0	0.34
86400	0.34	0.59	0.59	0	0	0.34
86500	0.34	0.59	0.59	0	0	0.34
86600	0.34	0.59	0.59	0	0	0.34
86700	0.34	0.59	0.59	0	0	0.34
86800	0.34	0.59	0.59	0	0	0.34
86900	0.34	0.59	0.59	0	0	0.34
87000	0.34	0.58	0.58	0	0	0.34
87100	0.34	0.58	0.58	0	0	0.34
87200	0.34	0.58	0.58	0	0	0.34
87300	0.34	0.59	0.59	0	0	0.34
87400	0.34	0.59	0.59	0	0	0.34
87500	0.34	0.59	0.59	0	0	0.34
87600	0.34	0.59	0.59	0	0	0.34
87700	0.34	0.59	0.59	0	0	0.34
87800	0.34	0.59	0.59	0	0	0.34
87900	0.34	0.59	0.59	0	0	0.34
88000	0.34	0.59	0.59	0	0	0.34
88100	0.34	0.59	0.59	0	0	0.34
88200	0.34	0.59	0.59	0	0	0.34
88300	0.34	0.59	0.59	0	0	0.34
88400	0.35	0.58	0.58	0	0	0.35
88500	0.35	0.57	0.57	0	0	0.35
88600	0.35	0.57	0.57	0	0	0.35
88700	0.35	0.57	0.57	0	0	0.35
88800	0.35	0.57	0.57	0	0	0.35
88900	0.35	0.57	0.57	0	0	0.35
89000	0.35	0.57	0.57	0	0	0.35
89100	0.35	0.57	0.57	0	0	0.35
89200	0.35	0.57	0.57	0	0	0.35
89300	0.35	0.58	0.58	0	0	0.35
89400	0.35	0.58	0.58	0	0	0.35
89500	0.35	0.57	0.57	0	0	0.35
89600	0.35	0.57	0.57	0	0	0.35
89700	0.35	0.57	0.57	0	0	0.35
89800	0.35	0.57	0.57	0	0	0.35
89900	0.35	0.57	0.57	0	0	0.35
90000	0.35	0.57	0.57	0	0	0.35
90100	0.35	0.56	0.56	0	0	0.35
90200	0.35	0.56	0.56	0	0	0.35
90300	0.35	0.56	0.56	0	0	0.35
90400	0.35	0.56	0.56	0	0	0.35
90500	0.35	0.56	0.56	0	0	0.35
90600	0.35	0.56	0.56	0	0	0.35
90700	0.35	0.56	0.56	0	0	0.35
90800	0.35	0.56	0.56	0	0	0.35
90900	0.35	0.56	0.56	0	0	0.35
91000	0.35	0.56	0.56	0	0	0.35
91100	0.35	0.56	0.56	0	0	0.35
91200	0.35	0.56	0.56	0	0	0.35
91300	0.35	0.56	0.56	0	0	0.35
91400	0.35	0.56	0.56	0	0	0.35
91500	0.35	0.56	0.56	0	0	0.35
91600	0.34	0.56	0.56	0	0	0.34
91700	0.34	0.56	0.56	0	0	0.34
91800	0.34	0.56	0.56	0	0	0.34
91900	0.34	0.56	0.56	0	0	0.34
92000	0.34	0.56	0.56	0	0	0.34
92100	0.34	0.56	0.56	0	0	0.34
92200	0.34	0.56	0.56	0	0	0.34
92300	0.34	0.56	0.56	0	0	0.34
92400	0.34	0.56	0.56	0	0	0.34
92500	0.34	0.56	0.56	0	0	0.34
92600	0.34	0.56	0.56	0	0	0.34
92700	0.34	0.56	0.56	0	0	0.34
92800	0.34	0.56	0.56	0	0	0.34
92900	0.33	0.57	0.57	0	0	0.33
93000	0.33	0.57	0.57	0	0	0.33
93100	0.33	0.57	0.57	0	0	0.33
93200	0.33	0.57	0.57	0	0	0.33
93300	0.33	0.57	0.57	0	0	0.33
93400	0.33	0.57	0.57	0	0	0.33
93500	0.33	0.57	0.57	0	0	0.33
93600	0.33	0.57	0.57	0	0	0.33
93700	0.33	0.57	0.57	0	0	0.33
93800	0.33	0.57	0.57	0	0	0.33
93900	0.34	0.57	0.57	0	0	0.34
94000	0.34	0.57	0.57	0	0	0.34
94100	0.34	0.57	0.57	0	0	0.34
94200	0.34	0.58	0.58	0	0	0.34
94300	0.34	0.57	0.57	0	0	0.34
94400	0.34	0.57	0.57	0	0	0.34
94500	0.34	0.57	0.57	0	0	0.34
94600	0.34	0.57	0.57	0	0	0.34
94700	0.34	0.57	0.57	0	0	0.34
94800	0.34	0.57	0.57	0	0	0.34
94900	0.34	0.57	0.57	0	0	0.34
95000	0.35	0.57	0.57	0	0	0.35
95100	0.35	0.57	0.57	0	0	0.35
95200	0.35	0.57	0.57	0	0	0.35
95300	0.35	0.57	0.57	0	0	0.35
95400	0.35	0.57	0.57	0	0	0.35
95500	0.35	0.57	0.57	0	0	0.35
95600	0.35	0.57	0.57	0	0	0.35
95700	0.35	0.57	0.57	0	0	0.35
95800	0.35	0.57	0.57	0	0	0.35
95900	0.35	0.57	0.57	0	0	0.35
96000	0.35	0.57	0.57	0	0	0.35
96100	0.35	0.57	0.57	0	0	0.35
96200	0.35	0.57	0.57	0	0	0.35
96300	0.35	0.57	0.57	0	0	0.35
96400	0.35	0.57	0.57	0	0	0.35
96500	0.35	0.57	0.57	0	0	0.35
96600	0.35	0.57	0.57	0	0	0.35
96700	0.35	0.57	0.57	0	0	0.35
96800	0.35	0.57	0.57	0	0	0.35
96900	0.35	0.57	0.57	0	0	0.35
97000	0.35	0.57	0.57	0	0	0.35
97100	0.35	0.57	0.57	0	0	0.35
97200	0.35	0.57	0.57	0	0	0.35
97300	0.35	0.57	0.57	0	0	0.35
97400	0.35	0.57	0.57	0	0	0.35
97500	0.35	0.57	0.57	0	0	0.35
97600	0.35	0.57	0.57	0	0	0.35
97700	0.34	0.57	0.57	0	0	0.34
97800	0.34	0.57	0.57	0	0	0.34
97900	0.34	0.57	0.57	0	0	0.34
98000	0.34	0.56	0.56	0	0	0.34
98100	0.34	0.56	0.56	0	0	0.34
98200	0.34	0.56	0.56	0	0	0.34
98300	0.34	0.56	0.56	0	0	0.34
98400	0.34	0.56	0.56	0	0	0.34
98500	0.34	0.56	0.56	0	0	0.34
98600	0.34	0.56	0.56	0	0	0.34
98700	0.34	0.56	0.56	0	0	0.34
98800	0.34	0.55	0.55	0	0	0.34
98900	0.34	0.55	0.55	0	0	0.34
99000	0.34	0.55	0.55	0	0	0.34
99100	0.34	0.55	0.55	0	0	0.34
99200	0.34	0.55	0.55	0	0	0.34
99300	0.34	0.55	0.55	0	0	0.34
99400	0.34	0.55	0.55	0	0	0.34
99500	0.34	0.55	0.55	0	0	0.34
99600	0.34	0.55	0.55	0	0	0.34
99700	0.34	0.55	0.55	0	0	0.34
99800	0.34	0.55	0.55	0	0	0.34
99900	0.34	0.55	0.55	0	0	0.34
100000	0.34	0.56	0.56	0	0	0.34
