100	0.06	0.1	0.1	0	0	0.06
200	0.07	0.12	0.12	0	0	0.07
300	0.08	0.14	0.14	0	0	0.08
400	0.08	0.18	0.18	0	0	0.08
500	0.1	0.19	0.19	0	0	0.1
600	0.1	0.19	0.19	0	0	0.1
700	0.1	0.2	0.2	0	0	0.1
800	0.1	0.21	0.21	0	0	0.1
900	0.1	0.21	0.21	0	0	0.1
1000	0.1	0.21	0.21	0	0	0.1
1100	0.11	0.21	0.21	0	0	0.11
1200	0.11	0.22	0.22	0	0	0.11
1300	0.12	0.22	0.22	0	0	0.12
1400	0.14	0.22	0.22	0	0	0.14
1500	0.14	0.25	0.25	0	0	0.14
1600	0.16	0.26	0.26	0	0	0.16
1700	0.16	0.25	0.25	0	0	0.16
1800	0.17	0.25	0.25	0	0	0.17
1900	0.16	0.26	0.26	0	0	0.16
2000	0.17	0.24	0.24	0	0	0.17
2100	0.17	0.23	0.23	0	0	0.17
2200	0.17	0.23	0.23	0	0	0.17
2300	0.17	0.23	0.23	0	0	0.17
2400	0.18	0.24	0.24	0	0	0.18
2500	0.17	0.25	0.25	0	0	0.17
2600	0.18	0.28	0.28	0	0	0.18
2700	0.18	0.28	0.28	0	0	0.18
2800	0.19	0.28	0.28	0	0	0.19
2900	0.19	0.29	0.29	0	0	0.19
3000	0.19	0.29	0.29	0	0	0.19
3100	0.19	0.3	0.3	0	0	0.19
3200	0.2	0.3	0.3	0	0	0.2
3300	0.2	0.32	0.32	0	0	0.2
3400	0.2	0.33	0.33	0	0	0.2
3500	0.2	0.34	0.34	0	0	0.2
3600	0.2	0.34	0.34	0	0	0.2
3700	0.21	0.34	0.34	0	0	0.21
3800	0.21	0.35	0.35	0	0	0.21
3900	0.22	0.35	0.35	0	0	0.22
4000	0.22	0.35	0.35	0	0	0.22
4100	0.22	0.35	0.35	0	0	0.22
4200	0.22	0.34	0.34	0	0	0.22
4300	0.22	0.33	0.33	0	0	0.22
4400	0.22	0.33	0.33	0	0	0.22
4500	0.21	0.33	0.33	0	0	0.21
4600	0.22	0.32	0.32	0	0	0.22
4700	0.22	0.33	0.33	0	0	0.22
4800	0.22	0.33	0.33	0	0	0.22
4900	0.22	0.33	0.33	0	0	0.22
5000	0.22	0.33	0.33	0	0	0.22
5100	0.22	0.33	0.33	0	0	0.22
5200	0.22	0.33	0.33	0	0	0.22
5300	0.23	0.33	0.33	0	0	0.23
5400	0.23	0.35	0.35	0	0	0.23
5500	0.22	0.35	0.35	0	0	0.22
5600	0.22	0.35	0.35	0	0	0.22
5700	0.22	0.36	0.36	0	0	0.22
5800	0.21	0.37	0.37	0	0	0.21
5900	0.2	0.37	0.37	0	0	0.2
6000	0.2	0.37	0.37	0	0	0.2
6100	0.2	0.38	0.38	0	0	0.2
6200	0.2	0.39	0.39	0	0	0.2
6300	0.2	0.39	0.39	0	0	0.2
6400	0.21	0.39	0.39	0	0	0.21
6500	0.21	0.39	0.39	0	0	0.21
6600	0.2	0.39	0.39	0	0	0.2
6700	0.2	0.39	0.39	0	0	0.2
6800	0.2	0.38	0.38	0	0	0.2
6900	0.2	0.39	0.39	0	0	0.2
7000	0.2	0.39	0.39	0	0	0.2
7100	0.2	0.4	0.4	0	0	0.2
7200	0.2	0.4	0.4	0	0	0.2
7300	0.2	0.4	0.4	0	0	0.2
7400	0.2	0.42	0.42	0	0	0.2
7500	0.2	0.42	0.42	0	0	0.2
7600	0.19	0.42	0.42	0	0	0.19
7700	0.19	0.42	0.42	0	0	0.19
7800	0.2	0.41	0.41	0	0	0.2
7900	0.2	0.42	0.42	0	0	0.2
8000	0.2	0.43	0.43	0	0	0.2
8100	0.2	0.43	0.43	0	0	0.2
8200	0.2	0.43	0.43	0	0	0.2
8300	0.2	0.43	0.43	0	0	0.2
8400	0.2	0.43	0.43	0	0	0.2
8500	0.2	0.43	0.43	0	0	0.2
8600	0.21	0.43	0.43	0	0	0.21
8700	0.22	0.43	0.43	0	0	0.22
8800	0.22	0.42	0.42	0	0	0.22
8900	0.23	0.43	0.43	0	0	0.23
9000	0.22	0.43	0.43	0	0	0.22
9100	0.22	0.43	0.43	0	0	0.22
9200	0.22	0.41	0.41	0	0	0.22
9300	0.22	0.41	0.41	0	0	0.22
9400	0.22	0.4	0.4	0	0	0.22
9500	0.21	0.4	0.4	0	0	0.21
9600	0.21	0.4	0.4	0	0	0.21
9700	0.21	0.4	0.4	0	0	0.21
9800	0.22	0.4	0.4	0	0	0.22
9900	0.23	0.4	0.4	0	0	0.23
10000	0.23	0.41	0.41	0	0	0.23
10100	0.23	0.42	0.42	0	0	0.23
10200	0.23	0.4	0.4	0	0	0.23
10300	0.23	0.4	0.4	0	0	0.23
10400	0.23	0.4	0.4	0	0	0.23
10500	0.22	0.42	0.42	0	0	0.22
10600	0.21	0.42	0.42	0	0	0.21
10700	0.21	0.42	0.42	0	0	0.21
10800	0.21	0.44	0.44	0	0	0.21
10900	0.21	0.42	0.42	0	0	0.21
11000	0.21	0.42	0.42	0	0	0.21
11100	0.21	0.41	0.41	0	0	0.21
11200	0.21	0.41	0.41	0	0	0.21
11300	0.21	0.42	0.42	0	0	0.21
11400	0.21	0.42	0.42	0	0	0.21
11500	0.21	0.42	0.42	0	0	0.21
11600	0.21	0.43	0.43	0	0	0.21
11700	0.22	0.43	0.43	0	0	0.22
11800	0.22	0.44	0.44	0	0	0.22
11900	0.22	0.44	0.44	0	0	0.22
12000	0.23	0.44	0.44	0	0	0.23
12100	0.23	0.45	0.45	0	0	0.23
12200	0.23	0.45	0.45	0	0	0.23
12300	0.22	0.45	0.45	0	0	0.22
12400	0.22	0.44	0.44	0	0	0.22
12500	0.21	0.44	0.44	0	0	0.21
12600	0.22	0.45	0.45	0	0	0.22
12700	0.22	0.44	0.44	0	0	0.22
12800	0.22	0.44	0.44	0	0	0.22
12900	0.22	0.45	0.45	0	0	0.22
13000	0.22	0.45	0.45	0	0	0.22
13100	0.23	0.45	0.45	0	0	0.23
13200	0.23	0.45	0.45	0	0	0.23
13300	0.23	0.44	0.44	0	0	0.23
13400	0.23	0.45	0.45	0	0	0.23
13500	0.23	0.45	0.45	0	0	0.23
13600	0.24	0.46	0.46	0	0	0.24
13700	0.23	0.46	0.46	0	0	0.23
13800	0.23	0.46	0.46	0	0	0.23
13900	0.23	0.46	0.46	0	0	0.23
14000	0.23	0.45	0.45	0	0	0.23
14100	0.22	0.45	0.45	0	0	0.22
14200	0.22	0.45	0.45	0	0	0.22
14300	0.22	0.44	0.44	0	0	0.22
14400	0.22	0.44	0.44	0	0	0.22
14500	0.22	0.45	0.45	0	0	0.22
14600	0.23	0.45	0.45	0	0	0.23
14700	0.23	0.46	0.46	0	0	0.23
14800	0.24	0.47	0.47	0	0	0.24
14900	0.23	0.47	0.47	0	0	0.23
15000	0.23	0.47	0.47	0	0	0.23
15100	0.23	0.48	0.48	0	0	0.23
15200	0.24	0.48	0.48	0	0	0.24
15300	0.25	0.48	0.48	0	0	0.25
15400	0.23	0.47	0.47	0	0	0.23
15500	0.23	0.48	0.48	0	0	0.23
15600	0.23	0.48	0.48	0	0	0.23
15700	0.23	0.49	0.49	0	0	0.23
15800	0.23	0.49	0.49	0	0	0.23
15900	0.22	0.5	0.5	0	0	0.22
16000	0.22	0.49	0.49	0	0	0.22
16100	0.22	0.5	0.5	0	0	0.22
16200	0.22	0.5	0.5	0	0	0.22
16300	0.21	0.5	0.5	0	0	0.21
16400	0.22	0.5	0.5	0	0	0.22
16500	0.22	0.5	0.5	0	0	0.22
16600	0.22	0.5	0.5	0	0	0.22
16700	0.23	0.5	0.5	0	0	0.23
16800	0.23	0.5	0.5	0	0	0.23
16900	0.23	0.5	0.5	0	0	0.23
17000	0.24	0.52	0.52	0	0	0.24
17100	0.24	0.51	0.51	0	0	0.24
17200	0.25	0.51	0.51	0	0	0.25
17300	0.27	0.51	0.51	0	0	0.27
17400	0.27	0.51	0.51	0	0	0.27
17500	0.27	0.51	0.51	0	0	0.27
17600	0.27	0.52	0.52	0	0	0.27
17700	0.27	0.52	0.52	0	0	0.27
17800	0.27	0.52	0.52	0	0	0.27
17900	0.27	0.52	0.52	0	0	0.27
18000	0.27	0.52	0.52	0	0	0.27
18100	0.27	0.52	0.52	0	0	0.27
18200	0.27	0.52	0.52	0	0	0.27
18300	0.26	0.53	0.53	0	0	0.26
18400	0.26	0.54	0.54	0	0	0.26
18500	0.26	0.54	0.54	0	0	0.26
18600	0.26	0.54	0.54	0	0	0.26
18700	0.26	0.53	0.53	0	0	0.26
18800	0.26	0.53	0.53	0	0	0.26
18900	0.26	0.53	0.53	0	0	0.26
19000	0.26	0.53	0.53	0	0	0.26
19100	0.26	0.54	0.54	0	0	0.26
19200	0.26	0.54	0.54	0	0	0.26
19300	0.27	0.55	0.55	0	0	0.27
19400	0.27	0.55	0.55	0	0	0.27
19500	0.27	0.55	0.55	0	0	0.27
19600	0.27	0.55	0.55	0	0	0.27
19700	0.27	0.56	0.56	0	0	0.27
19800	0.27	0.56	0.56	0	0	0.27
19900	0.27	0.55	0.55	0	0	0.27
20000	0.26	0.55	0.55	0	0	0.26
20100	0.26	0.56	0.56	0	0	0.26
20200	0.25	0.56	0.56	0	0	0.25
20300	0.25	0.56	0.56	0	0	0.25
20400	0.25	0.56	0.56	0	0	0.25
20500	0.25	0.55	0.55	0	0	0.25
20600	0.25	0.55	0.55	0	0	0.25
20700	0.25	0.55	0.55	0	0	0.25
20800	0.25	0.55	0.55	0	0	0.25
20900	0.25	0.55	0.55	0	0	0.25
21000	0.25	0.55	0.55	0	0	0.25
21100	0.25	0.54	0.54	0	0	0.25
21200	0.25	0.54	0.54	0	0	0.25
21300	0.25	0.54	0.54	0	0	0.25
21400	0.25	0.54	0.54	0	0	0.25
21500	0.25	0.54	0.54	0	0	0.25
21600	0.25	0.54	0.54	0	0	0.25
21700	0.25	0.54	0.54	0	0	0.25
21800	0.26	0.54	0.54	0	0	0.26
21900	0.27	0.54	0.54	0	0	0.27
22000	0.27	0.54	0.54	0	0	0.27
22100	0.26	0.54	0.54	0	0	0.26
22200	0.26	0.56	0.56	0	0	0.26
22300	0.26	0.56	0.56	0	0	0.26
22400	0.26	0.57	0.57	0	0	0.26
22500	0.26	0.57	0.57	0	0	0.26
22600	0.26	0.57	0.57	0	0	0.26
22700	0.26	0.57	0.57	0	0	0.26
22800	0.26	0.56	0.56	0	0	0.26
22900	0.26	0.56	0.56	0	0	0.26
23000	0.26	0.56	0.56	0	0	0.26
23100	0.26	0.56	0.56	0	0	0.26
23200	0.26	0.56	0.56	0	0	0.26
23300	0.26	0.56	0.56	0	0	0.26
23400	0.26	0.56	0.56	0	0	0.26
23500	0.26	0.56	0.56	0	0	0.26
23600	0.26	0.57	0.57	0	0	0.26
23700	0.26	0.58	0.58	0	0	0.26
23800	0.26	0.58	0.58	0	0	0.26
23900	0.26	0.58	0.58	0	0	0.26
24000	0.26	0.58	0.58	0	0	0.26
24100	0.26	0.58	0.58	0	0	0.26
24200	0.26	0.58	0.58	0	0	0.26
24300	0.26	0.58	0.58	0	0	0.26
24400	0.26	0.58	0.58	0	0	0.26
24500	0.26	0.59	0.59	0	0	0.26
24600	0.25	0.58	0.58	0	0	0.25
24700	0.26	0.58	0.58	0	0	0.26
24800	0.26	0.58	0.58	0	0	0.26
24900	0.26	0.58	0.58	0	0	0.26
25000	0.26	0.57	0.57	0	0	0.26
25100	0.26	0.57	0.57	0	0	0.26
25200	0.26	0.57	0.57	0	0	0.26
25300	0.26	0.58	0.58	0	0	0.26
25400	0.26	0.58	0.58	0	0	0.26
25500	0.26	0.58	0.58	0	0	0.26
25600	0.27	0.58	0.58	0	0	0.27
25700	0.27	0.58	0.58	0	0	0.27
25800	0.27	0.58	0.58	0	0	0.27
25900	0.27	0.57	0.57	0	0	0.27
26000	0.27	0.56	0.56	0	0	0.27
26100	0.27	0.57	0.57	0	0	0.27
26200	0.27	0.57	0.57	0	0	0.27
26300	0.27	0.58	0.58	0	0	0.27
26400	0.27	0.58	0.58	0	0	0.27
26500	0.27	0.58	0.58	0	0	0.27
26600	0.27	0.59	0.59	0	0	0.27
26700	0.27	0.58	0.58	0	0	0.27
26800	0.27	0.57	0.57	0	0	0.27
26900	0.26	0.56	0.56	0	0	0.26
27000	0.26	0.57	0.57	0	0	0.26
27100	0.27	0.57	0.57	0	0	0.27
27200	0.27	0.57	0.57	0	0	0.27
27300	0.28	0.58	0.58	0	0	0.28
27400	0.28	0.58	0.58	0	0	0.28
27500	0.28	0.59	0.59	0	0	0.28
27600	0.28	0.59	0.59	0	0	0.28
27700	0.28	0.59	0.59	0	0	0.28
27800	0.28	0.59	0.59	0	0	0.28
27900	0.28	0.59	0.59	0	0	0.28
28000	0.28	0.59	0.59	0	0	0.28
28100	0.28	0.59	0.59	0	0	0.28
28200	0.28	0.59	0.59	0	0	0.28
28300	0.28	0.59	0.59	0	0	0.28
28400	0.28	0.59	0.59	0	0	0.28
28500	0.28	0.59	0.59	0	0	0.28
28600	0.28	0.59	0.59	0	0	0.28
28700	0.29	0.59	0.59	0	0	0.29
28800	0.29	0.59	0.59	0	0	0.29
28900	0.29	0.58	0.58	0	0	0.29
29000	0.29	0.58	0.58	0	0	0.29
29100	0.29	0.58	0.58	0	0	0.29
29200	0.29	0.58	0.58	0	0	0.29
29300	0.29	0.58	0.58	0	0	0.29
29400	0.29	0.59	0.59	0	0	0.29
29500	0.29	0.59	0.59	0	0	0.29
29600	0.29	0.59	0.59	0	0	0.29
29700	0.29	0.59	0.59	0	0	0.29
29800	0.29	0.59	0.59	0	0	0.29
29900	0.29	0.59	0.59	0	0	0.29
30000	0.29	0.59	0.59	0	0	0.29
30100	0.31	0.59	0.59	0	0	0.31
30200	0.31	0.58	0.58	0	0	0.31
30300	0.31	0.58	0.58	0	0	0.31
30400	0.31	0.58	0.58	0	0	0.31
30500	0.31	0.58	0.58	0	0	0.31
30600	0.31	0.58	0.58	0	0	0.31
30700	0.31	0.58	0.58	0	0	0.31
30800	0.31	0.58	0.58	0	0	0.31
30900	0.31	0.59	0.59	0	0	0.31
31000	0.31	0.59	0.59	0	0	0.31
31100	0.31	0.59	0.59	0	0	0.31
31200	0.31	0.59	0.59	0	0	0.31
31300	0.31	0.59	0.59	0	0	0.31
31400	0.31	0.59	0.59	0	0	0.31
31500	0.31	0.59	0.59	0	0	0.31
31600	0.31	0.59	0.59	0	0	0.31
31700	0.31	0.59	0.59	0	0	0.31
31800	0.31	0.59	0.59	0	0	0.31
31900	0.31	0.59	0.59	0	0	0.31
32000	0.31	0.59	0.59	0	0	0.31
32100	0.31	0.59	0.59	0	0	0.31
32200	0.31	0.59	0.59	0	0	0.31
32300	0.31	0.59	0.59	0	0	0.31
32400	0.31	0.59	0.59	0	0	0.31
32500	0.31	0.59	0.59	0	0	0.31
32600	0.31	0.59	0.59	0	0	0.31
32700	0.32	0.59	0.59	0	0	0.32
32800	0.31	0.59	0.59	0	0	0.31
32900	0.31	0.59	0.59	0	0	0.31
33000	0.31	0.59	0.59	0	0	0.31
33100	0.31	0.59	0.59	0	0	0.31
33200	0.31	0.59	0.59	0	0	0.31
33300	0.31	0.58	0.58	0	0	0.31
33400	0.3	0.58	0.58	0	0	0.3
33500	0.3	0.59	0.59	0	0	0.3
33600	0.3	0.59	0.59	0	0	0.3
33700	0.3	0.59	0.59	0	0	0.3
33800	0.3	0.59	0.59	0	0	0.3
33900	0.3	0.59	0.59	0	0	0.3
34000	0.3	0.59	0.59	0	0	0.3
34100	0.29	0.59	0.59	0	0	0.29
34200	0.29	0.58	0.58	0	0	0.29
34300	0.29	0.58	0.58	0	0	0.29
34400	0.29	0.59	0.59	0	0	0.29
34500	0.29	0.58	0.58	0	0	0.29
34600	0.29	0.58	0.58	0	0	0.29
34700	0.29	0.58	0.58	0	0	0.29
34800	0.29	0.58	0.58	0	0	0.29
34900	0.29	0.59	0.59	0	0	0.29
35000	0.29	0.58	0.58	0	0	0.29
35100	0.29	0.58	0.58	0	0	0.29
35200	0.29	0.58	0.58	0	0	0.29
35300	0.29	0.58	0.58	0	0	0.29
35400	0.29	0.59	0.59	0	0	0.29
35500	0.29	0.59	0.59	0	0	0.29
35600	0.29	0.59	0.59	0	0	0.29
35700	0.29	0.59	0.59	0	0	0.29
35800	0.29	0.59	0.59	0	0	0.29
35900	0.29	0.59	0.59	0	0	0.29
36000	0.29	0.59	0.59	0	0	0.29
36100	0.29	0.59	0.59	0	0	0.29
36200	0.29	0.59	0.59	0	0	0.29
36300	0.28	0.59	0.59	0	0	0.28
36400	0.28	0.59	0.59	0	0	0.28
36500	0.28	0.59	0.59	0	0	0.28
36600	0.28	0.59	0.59	0	0	0.28
36700	0.29	0.59	0.59	0	0	0.29
36800	0.29	0.59	0.59	0	0	0.29
36900	0.29	0.59	0.59	0	0	0.29
37000	0.3	0.59	0.59	0	0	0.3
37100	0.31	0.59	0.59	0	0	0.31
37200	0.31	0.59	0.59	0	0	0.31
37300	0.31	0.59	0.59	0	0	0.31
37400	0.3	0.59	0.59	0	0	0.3
37500	0.3	0.59	0.59	0	0	0.3
37600	0.3	0.59	0.59	0	0	0.3
37700	0.3	0.59	0.59	0	0	0.3
37800	0.3	0.59	0.59	0	0	0.3
37900	0.3	0.59	0.59	0	0	0.3
38000	0.3	0.6	0.6	0	0	0.3
38100	0.3	0.6	0.6	0	0	0.3
38200	0.3	0.6	0.6	0	0	0.3
38300	0.3	0.6	0.6	0	0	0.3
38400	0.3	0.6	0.6	0	0	0.3
38500	0.3	0.6	0.6	0	0	0.3
38600	0.3	0.6	0.6	0	0	0.3
38700	0.3	0.6	0.6	0	0	0.3
38800	0.3	0.6	0.6	0	0	0.3
38900	0.3	0.6	0.6	0	0	0.3
39000	0.3	0.6	0.6	0	0	0.3
39100	0.3	0.6	0.6	0	0	0.3
39200	0.3	0.61	0.61	0	0	0.3
39300	0.3	0.61	0.61	0	0	0.3
39400	0.3	0.61	0.61	0	0	0.3
39500	0.3	0.61	0.61	0	0	0.3
39600	0.3	0.61	0.61	0	0	0.3
39700	0.31	0.6	0.6	0	0	0.31
39800	0.3	0.6	0.6	0	0	0.3
39900	0.3	0.6	0.6	0	0	0.3
40000	0.3	0.6	0.6	0	0	0.3
40100	0.3	0.6	0.6	0	0	0.3
40200	0.31	0.6	0.6	0	0	0.31
40300	0.31	0.6	0.6	0	0	0.31
40400	0.31	0.6	0.6	0	0	0.31
40500	0.31	0.6	0.6	0	0	0.31
40600	0.31	0.6	0.6	0	0	0.31
40700	0.31	0.6	0.6	0	0	0.31
40800	0.32	0.6	0.6	0	0	0.32
40900	0.32	0.6	0.6	0	0	0.32
41000	0.32	0.6	0.6	0	0	0.32
41100	0.32	0.6	0.6	0	0	0.32
41200	0.32	0.6	0.6	0	0	0.32
41300	0.32	0.6	0.6	0	0	0.32
41400	0.32	0.6	0.6	0	0	0.32
41500	0.32	0.6	0.6	0	0	0.32
41600	0.32	0.6	0.6	0	0	0.32
41700	0.32	0.6	0.6	0	0	0.32
41800	0.32	0.6	0.6	0	0	0.32
41900	0.32	0.6	0.6	0	0	0.32
42000	0.32	0.6	0.6	0	0	0.32
42100	0.32	0.6	0.6	0	0	0.32
42200	0.32	0.6	0.6	0	0	0.32
42300	0.32	0.61	0.61	0	0	0.32
42400	0.32	0.6	0.6	0	0	0.32
42500	0.32	0.6	0.6	0	0	0.32
42600	0.32	0.6	0.6	0	0	0.32
42700	0.32	0.6	0.6	0	0	0.32
42800	0.32	0.6	0.6	0	0	0.32
42900	0.32	0.6	0.6	0	0	0.32
43000	0.32	0.6	0.6	0	0	0.32
43100	0.32	0.6	0.6	0	0	0.32
43200	0.32	0.6	0.6	0	0	0.32
43300	0.32	0.6	0.6	0	0	0.32
43400	0.32	0.6	0.6	0	0	0.32
43500	0.32	0.6	0.6	0	0	0.32
43600	0.32	0.6	0.6	0	0	0.32
43700	0.32	0.6	0.6	0	0	0.32
43800	0.32	0.6	0.6	0	0	0.32
43900	0.32	0.6	0.6	0	0	0.32
44000	0.32	0.6	0.6	0	0	0.32
44100	0.32	0.6	0.6	0	0	0.32
44200	0.32	0.6	0.6	0	0	0.32
44300	0.32	0.59	0.59	0	0	0.32
44400	0.32	0.59	0.59	0	0	0.32
44500	0.32	0.58	0.58	0	0	0.32
44600	0.32	0.58	0.58	0	0	0.32
44700	0.32	0.58	0.58	0	0	0.32
44800	0.32	0.58	0.58	0	0	0.32
44900	0.32	0.58	0.58	0	0	0.32
45000	0.32	0.58	0.58	0	0	0.32
45100	0.32	0.58	0.58	0	0	0.32
45200	0.32	0.58	0.58	0	0	0.32
45300	0.32	0.58	0.58	0	0	0.32
45400	0.32	0.58	0.58	0	0	0.32
45500	0.32	0.58	0.58	0	0	0.32
45600	0.32	0.59	0.59	0	0	0.32
45700	0.32	0.59	0.59	0	0	0.32
45800	0.32	0.59	0.59	0	0	0.32
45900	0.32	0.58	0.58	0	0	0.32
46000	0.32	0.58	0.58	0	0	0.32
46100	0.32	0.58	0.58	0	0	0.32
46200	0.32	0.58	0.58	0	0	0.32
46300	0.32	0.58	0.58	0	0	0.32
46400	0.32	0.58	0.58	0	0	0.32
46500	0.31	0.58	0.58	0	0	0.31
46600	0.31	0.57	0.57	0	0	0.31
46700	0.31	0.57	0.57	0	0	0.31
46800	0.31	0.57	0.57	0	0	0.31
46900	0.31	0.57	0.57	0	0	0.31
47000	0.31	0.57	0.57	0	0	0.31
47100	0.3	0.57	0.57	0	0	0.3
47200	0.3	0.57	0.57	0	0	0.3
47300	0.3	0.57	0.57	0	0	0.3
47400	0.3	0.57	0.57	0	0	0.3
47500	0.3	0.57	0.57	0	0	0.3
47600	0.3	0.57	0.57	0	0	0.3
47700	0.3	0.57	0.57	0	0	0.3
47800	0.3	0.57	0.57	0	0	0.3
47900	0.3	0.58	0.58	0	0	0.3
48000	0.3	0.58	0.58	0	0	0.3
48100	0.3	0.59	0.59	0	0	0.3
48200	0.3	0.59	0.59	0	0	0.3
48300	0.3	0.59	0.59	0	0	0.3
48400	0.3	0.59	0.59	0	0	0.3
48500	0.29	0.59	0.59	0	0	0.29
48600	0.29	0.59	0.59	0	0	0.29
48700	0.29	0.6	0.6	0	0	0.29
48800	0.29	0.6	0.6	0	0	0.29
48900	0.29	0.6	0.6	0	0	0.29
49000	0.29	0.6	0.6	0	0	0.29
49100	0.29	0.6	0.6	0	0	0.29
49200	0.29	0.6	0.6	0	0	0.29
49300	0.29	0.6	0.6	0	0	0.29
49400	0.29	0.6	0.6	0	0	0.29
49500	0.29	0.6	0.6	0	0	0.29
49600	0.29	0.6	0.6	0	0	0.29
49700	0.3	0.6	0.6	0	0	0.3
49800	0.3	0.6	0.6	0	0	0.3
49900	0.3	0.61	0.61	0	0	0.3
50000	0.29	0.6	0.6	0	0	0.29
50100	0.29	0.6	0.6	0	0	0.29
50200	0.29	0.6	0.6	0	0	0.29
50300	0.3	0.6	0.6	0	0	0.3
50400	0.31	0.6	0.6	0	0	0.31
50500	0.3	0.6	0.6	0	0	0.3
50600	0.3	0.6	0.6	0	0	0.3
50700	0.29	0.61	0.61	0	0	0.29
50800	0.29	0.61	0.61	0	0	0.29
50900	0.29	0.62	0.62	0	0	0.29
51000	0.29	0.62	0.62	0	0	0.29
51100	0.29	0.62	0.62	0	0	0.29
51200	0.29	0.62	0.62	0	0	0.29
51300	0.29	0.62	0.62	0	0	0.29
51400	0.29	0.62	0.62	0	0	0.29
51500	0.29	0.62	0.62	0	0	0.29
51600	0.29	0.62	0.62	0	0	0.29
51700	0.29	0.62	0.62	0	0	0.29
51800	0.29	0.62	0.62	0	0	0.29
51900	0.29	0.62	0.62	0	0	0.29
52000	0.29	0.62	0.62	0	0	0.29
52100	0.29	0.62	0.62	0	0	0.29
52200	0.29	0.62	0.62	0	0	0.29
52300	0.29	0.63	0.63	0	0	0.29
52400	0.29	0.62	0.62	0	0	0.29
52500	0.29	0.62	0.62	0	0	0.29
52600	0.29	0.62	0.62	0	0	0.29
52700	0.29	0.62	0.62	0	0	0.29
52800	0.29	0.62	0.62	0	0	0.29
52900	0.29	0.62	0.62	0	0	0.29
53000	0.28	0.62	0.62	0	0	0.28
53100	0.28	0.62	0.62	0	0	0.28
53200	0.28	0.62	0.62	0	0	0.28
53300	0.28	0.62	0.62	0	0	0.28
53400	0.28	0.62	0.62	0	0	0.28
53500	0.28	0.62	0.62	0	0	0.28
53600	0.28	0.62	0.62	0	0	0.28
53700	0.28	0.62	0.62	0	0	0.28
53800	0.28	0.62	0.62	0	0	0.28
53900	0.28	0.63	0.63	0	0	0.28
54000	0.28	0.63	0.63	0	0	0.28
54100	0.28	0.63	0.63	0	0	0.28
54200	0.28	0.63	0.63	0	0	0.28
54300	0.28	0.63	0.63	0	0	0.28
54400	0.28	0.63	0.63	0	0	0.28
54500	0.28	0.63	0.63	0	0	0.28
54600	0.28	0.63	0.63	0	0	0.28
54700	0.28	0.63	0.63	0	0	0.28
54800	0.28	0.63	0.63	0	0	0.28
54900	0.28	0.63	0.63	0	0	0.28
55000	0.28	0.64	0.64	0	0	0.28
55100	0.28	0.64	0.64	0	0	0.28
55200	0.28	0.63	0.63	0	0	0.28
55300	0.28	0.63	0.63	0	0	0.28
55400	0.28	0.63	0.63	0	0	0.28
55500	0.28	0.63	0.63	0	0	0.28
55600	0.28	0.63	0.63	0	0	0.28
55700	0.28	0.63	0.63	0	0	0.28
55800	0.28	0.64	0.64	0	0	0.28
55900	0.28	0.64	0.64	0	0	0.28
56000	0.28	0.64	0.64	0	0	0.28
56100	0.28	0.64	0.64	0	0	0.28
56200	0.28	0.64	0.64	0	0	0.28
56300	0.27	0.64	0.64	0	0	0.27
56400	0.27	0.64	0.64	0	0	0.27
56500	0.27	0.64	0.64	0	0	0.27
56600	0.28	0.64	0.64	0	0	0.28
56700	0.28	0.64	0.64	0	0	0.28
56800	0.28	0.64	0.64	0	0	0.28
56900	0.28	0.65	0.65	0	0	0.28
57000	0.28	0.65	0.65	0	0	0.28
57100	0.28	0.64	0.64	0	0	0.28
57200	0.28	0.64	0.64	0	0	0.28
57300	0.28	0.64	0.64	0	0	0.28
57400	0.28	0.65	0.65	0	0	0.28
57500	0.28	0.65	0.65	0	0	0.28
57600	0.28	0.65	0.65	0	0	0.28
57700	0.28	0.65	0.65	0	0	0.28
57800	0.28	0.65	0.65	0	0	0.28
57900	0.28	0.65	0.65	0	0	0.28
58000	0.28	0.65	0.65	0	0	0.28
58100	0.28	0.65	0.65	0	0	0.28
58200	0.28	0.65	0.65	0	0	0.28
58300	0.28	0.65	0.65	0	0	0.28
58400	0.28	0.65	0.65	0	0	0.28
58500	0.28	0.66	0.66	0	0	0.28
58600	0.28	0.66	0.66	0	0	0.28
58700	0.28	0.66	0.66	0	0	0.28
58800	0.28	0.66	0.66	0	0	0.28
58900	0.28	0.66	0.66	0	0	0.28
59000	0.28	0.66	0.66	0	0	0.28
59100	0.28	0.66	0.66	0	0	0.28
59200	0.28	0.66	0.66	0	0	0.28
59300	0.28	0.66	0.66	0	0	0.28
59400	0.28	0.65	0.65	0	0	0.28
59500	0.28	0.65	0.65	0	0	0.28
59600	0.28	0.65	0.65	0	0	0.28
59700	0.28	0.65	0.65	0	0	0.28
59800	0.28	0.65	0.65	0	0	0.28
59900	0.28	0.65	0.65	0	0	0.28
60000	0.28	0.65	0.65	0	0	0.28
60100	0.28	0.65	0.65	0	0	0.28
60200	0.28	0.65	0.65	0	0	0.28
60300	0.28	0.64	0.64	0	0	0.28
60400	0.28	0.64	0.64	0	0	0.28
60500	0.28	0.64	0.64	0	0	0.28
60600	0.28	0.64	0.64	0	0	0.28
60700	0.28	0.64	0.64	0	0	0.28
60800	0.28	0.65	0.65	0	0	0.28
60900	0.28	0.65	0.65	0	0	0.28
61000	0.28	0.65	0.65	0	0	0.28
61100	0.28	0.65	0.65	0	0	0.28
61200	0.28	0.65	0.65	0	0	0.28
61300	0.28	0.65	0.65	0	0	0.28
61400	0.28	0.65	0.65	0	0	0.28
61500	0.28	0.65	0.65	0	0	0.28
61600	0.28	0.65	0.65	0	0	0.28
61700	0.28	0.65	0.65	0	0	0.28
61800	0.28	0.65	0.65	0	0	0.28
61900	0.27	0.65	0.65	0	0	0.27
62000	0.27	0.65	0.65	0	0	0.27
62100	0.27	0.65	0.65	0	0	0.27
62200	0.27	0.65	0.65	0	0	0.27
62300	0.27	0.65	0.65	0	0	0.27
62400	0.27	0.65	0.65	0	0	0.27
62500	0.27	0.65	0.65	0	0	0.27
62600	0.27	0.65	0.65	0	0	0.27
62700	0.27	0.65	0.65	0	0	0.27
62800	0.27	0.65	0.65	0	0	0.27
62900	0.27	0.65	0.65	0	0	0.27
63000	0.27	0.65	0.65	0	0	0.27
63100	0.27	0.65	0.65	0	0	0.27
63200	0.27	0.65	0.65	0	0	0.27
63300	0.27	0.65	0.65	0	0	0.27
63400	0.27	0.65	0.65	0	0	0.27
63500	0.26	0.65	0.65	0	0	0.26
63600	0.26	0.66	0.66	0	0	0.26
63700	0.26	0.66	0.66	0	0	0.26
63800	0.27	0.66	0.66	0	0	0.27
63900	0.27	0.66	0.66	0	0	0.27
64000	0.27	0.66	0.66	0	0	0.27
64100	0.27	0.66	0.66	0	0	0.27
64200	0.27	0.66	0.66	0	0	0.27
64300	0.27	0.67	0.67	0	0	0.27
64400	0.27	0.67	0.67	0	0	0.27
64500	0.27	0.67	0.67	0	0	0.27
64600	0.27	0.67	0.67	0	0	0.27
64700	0.27	0.67	0.67	0	0	0.27
64800	0.27	0.67	0.67	0	0	0.27
64900	0.27	0.67	0.67	0	0	0.27
65000	0.28	0.67	0.67	0	0	0.28
65100	0.28	0.67	0.67	0	0	0.28
65200	0.28	0.67	0.67	0	0	0.28
65300	0.28	0.67	0.67	0	0	0.28
65400	0.28	0.67	0.67	0	0	0.28
65500	0.28	0.67	0.67	0	0	0.28
65600	0.28	0.67	0.67	0	0	0.28
65700	0.28	0.67	0.67	0	0	0.28
65800	0.28	0.67	0.67	0	0	0.28
65900	0.28	0.67	0.67	0	0	0.28
66000	0.28	0.67	0.67	0	0	0.28
66100	0.29	0.66	0.66	0	0	0.29
66200	0.29	0.66	0.66	0	0	0.29
66300	0.29	0.66	0.66	0	0	0.29
66400	0.29	0.66	0.66	0	0	0.29
66500	0.29	0.66	0.66	0	0	0.29
66600	0.29	0.66	0.66	0	0	0.29
66700	0.29	0.66	0.66	0	0	0.29
66800	0.29	0.66	0.66	0	0	0.29
66900	0.29	0.66	0.66	0	0	0.29
67000	0.29	0.67	0.67	0	0	0.29
67100	0.29	0.67	0.67	0	0	0.29
67200	0.29	0.67	0.67	0	0	0.29
67300	0.29	0.66	0.66	0	0	0.29
67400	0.29	0.66	0.66	0	0	0.29
67500	0.29	0.66	0.66	0	0	0.29
67600	0.29	0.66	0.66	0	0	0.29
67700	0.29	0.66	0.66	0	0	0.29
67800	0.29	0.66	0.66	0	0	0.29
67900	0.29	0.66	0.66	0	0	0.29
68000	0.29	0.65	0.65	0	0	0.29
68100	0.29	0.65	0.65	0	0	0.29
68200	0.29	0.65	0.65	0	0	0.29
68300	0.29	0.65	0.65	0	0	0.29
68400	0.29	0.66	0.66	0	0	0.29
68500	0.29	0.66	0.66	0	0	0.29
68600	0.29	0.66	0.66	0	0	0.29
68700	0.29	0.66	0.66	0	0	0.29
68800	0.29	0.66	0.66	0	0	0.29
68900	0.29	0.66	0.66	0	0	0.29
69000	0.29	0.66	0.66	0	0	0.29
69100	0.29	0.66	0.66	0	0	0.29
69200	0.29	0.66	0.66	0	0	0.29
69300	0.3	0.67	0.67	0	0	0.3
69400	0.3	0.67	0.67	0	0	0.3
69500	0.3	0.67	0.67	0	0	0.3
69600	0.3	0.67	0.67	0	0	0.3
69700	0.3	0.67	0.67	0	0	0.3
69800	0.3	0.67	0.67	0	0	0.3
69900	0.3	0.66	0.66	0	0	0.3
70000	0.3	0.66	0.66	0	0	0.3
70100	0.3	0.66	0.66	0	0	0.3
70200	0.3	0.66	0.66	0	0	0.3
70300	0.3	0.66	0.66	0	0	0.3
70400	0.3	0.66	0.66	0	0	0.3
70500	0.3	0.66	0.66	0	0	0.3
70600	0.3	0.66	0.66	0	0	0.3
70700	0.3	0.66	0.66	0	0	0.3
70800	0.3	0.66	0.66	0	0	0.3
70900	0.3	0.66	0.66	0	0	0.3
71000	0.3	0.66	0.66	0	0	0.3
71100	0.3	0.66	0.66	0	0	0.3
71200	0.3	0.66	0.66	0	0	0.3
71300	0.3	0.66	0.66	0	0	0.3
71400	0.3	0.66	0.66	0	0	0.3
71500	0.3	0.66	0.66	0	0	0.3
71600	0.3	0.66	0.66	0	0	0.3
71700	0.3	0.65	0.65	0	0	0.3
71800	0.3	0.65	0.65	0	0	0.3
71900	0.3	0.64	0.64	0	0	0.3
72000	0.3	0.64	0.64	0	0	0.3
72100	0.3	0.64	0.64	0	0	0.3
72200	0.3	0.64	0.64	0	0	0.3
72300	0.3	0.64	0.64	0	0	0.3
72400	0.3	0.64	0.64	0	0	0.3
72500	0.3	0.64	0.64	0	0	0.3
72600	0.3	0.64	0.64	0	0	0.3
72700	0.3	0.64	0.64	0	0	0.3
72800	0.3	0.64	0.64	0	0	0.3
72900	0.3	0.63	0.63	0	0	0.3
73000	0.3	0.63	0.63	0	0	0.3
73100	0.3	0.63	0.63	0	0	0.3
73200	0.3	0.63	0.63	0	0	0.3
73300	0.3	0.63	0.63	0	0	0.3
73400	0.3	0.63	0.63	0	0	0.3
73500	0.3	0.63	0.63	0	0	0.3
73600	0.3	0.63	0.63	0	0	0.3
73700	0.3	0.63	0.63	0	0	0.3
73800	0.3	0.63	0.63	0	0	0.3
73900	0.3	0.63	0.63	0	0	0.3
74000	0.3	0.63	0.63	0	0	0.3
74100	0.3	0.63	0.63	0	0	0.3
74200	0.3	0.63	0.63	0	0	0.3
74300	0.3	0.63	0.63	0	0	0.3
74400	0.3	0.63	0.63	0	0	0.3
74500	0.3	0.63	0.63	0	0	0.3
74600	0.3	0.63	0.63	0	0	0.3
74700	0.3	0.64	0.64	0	0	0.3
74800	0.3	0.63	0.63	0	0	0.3
74900	0.3	0.63	0.63	0	0	0.3
75000	0.3	0.63	0.63	0	0	0.3
75100	0.3	0.63	0.63	0	0	0.3
75200	0.3	0.62	0.62	0	0	0.3
75300	0.3	0.62	0.62	0	0	0.3
75400	0.3	0.62	0.62	0	0	0.3
75500	0.3	0.62	0.62	0	0	0.3
75600	0.3	0.62	0.62	0	0	0.3
75700	0.3	0.62	0.62	0	0	0.3
75800	0.3	0.62	0.62	0	0	0.3
75900	0.3	0.62	0.62	0	0	0.3
76000	0.3	0.62	0.62	0	0	0.3
76100	0.28	0.63	0.63	0	0	0.28
76200	0.28	0.63	0.63	0	0	0.28
76300	0.28	0.63	0.63	0	0	0.28
76400	0.28	0.63	0.63	0	0	0.28
76500	0.29	0.63	0.63	0	0	0.29
76600	0.29	0.63	0.63	0	0	0.29
76700	0.29	0.63	0.63	0	0	0.29
76800	0.29	0.64	0.64	0	0	0.29
76900	0.29	0.64	0.64	0	0	0.29
77000	0.29	0.64	0.64	0	0	0.29
77100	0.29	0.64	0.64	0	0	0.29
77200	0.29	0.64	0.64	0	0	0.29
77300	0.28	0.64	0.64	0	0	0.28
77400	0.28	0.63	0.63	0	0	0.28
77500	0.28	0.63	0.63	0	0	0.28
77600	0.28	0.63	0.63	0	0	0.28
77700	0.29	0.63	0.63	0	0	0.29
77800	0.29	0.63	0.63	0	0	0.29
77900	0.29	0.63	0.63	0	0	0.29
78000	0.29	0.63	0.63	0	0	0.29
78100	0.29	0.62	0.62	0	0	0.29
78200	0.29	0.62	0.62	0	0	0.29
78300	0.28	0.62	0.62	0	0	0.28
78400	0.28	0.63	0.63	0	0	0.28
78500	0.28	0.63	0.63	0	0	0.28
78600	0.28	0.63	0.63	0	0	0.28
78700	0.28	0.64	0.64	0	0	0.28
78800	0.28	0.64	0.64	0	0	0.28
78900	0.28	0.64	0.64	0	0	0.28
79000	0.28	0.64	0.64	0	0	0.28
79100	0.28	0.64	0.64	0	0	0.28
79200	0.28	0.64	0.64	0	0	0.28
79300	0.28	0.64	0.64	0	0	0.28
79400	0.28	0.64	0.64	0	0	0.28
79500	0.28	0.64	0.64	0	0	0.28
79600	0.28	0.64	0.64	0	0	0.28
79700	0.28	0.64	0.64	0	0	0.28
79800	0.29	0.64	0.64	0	0	0.29
79900	0.29	0.64	0.64	0	0	0.29
80000	0.29	0.64	0.64	0	0	0.29
80100	0.29	0.64	0.64	0	0	0.29
80200	0.29	0.64	0.64	0	0	0.29
80300	0.29	0.64	0.64	0	0	0.29
80400	0.29	0.64	0.64	0	0	0.29
80500	0.29	0.64	0.64	0	0	0.29
80600	0.29	0.64	0.64	0	0	0.29
80700	0.29	0.64	0.64	0	0	0.29
80800	0.29	0.64	0.64	0	0	0.29
80900	0.29	0.64	0.64	0	0	0.29
81000	0.29	0.64	0.64	0	0	0.29
81100	0.29	0.64	0.64	0	0	0.29
81200	0.29	0.64	0.64	0	0	0.29
81300	0.29	0.63	0.63	0	0	0.29
81400	0.3	0.63	0.63	0	0	0.3
81500	0.29	0.63	0.63	0	0	0.29
81600	0.29	0.63	0.63	0	0	0.29
81700	0.29	0.63	0.63	0	0	0.29
81800	0.29	0.63	0.63	0	0	0.29
81900	0.29	0.63	0.63	0	0	0.29
82000	0.29	0.63	0.63	0	0	0.29
82100	0.29	0.63	0.63	0	0	0.29
82200	0.29	0.63	0.63	0	0	0.29
82300	0.29	0.63	0.63	0	0	0.29
82400	0.29	0.63	0.63	0	0	0.29
82500	0.29	0.63	0.63	0	0	0.29
82600	0.29	0.63	0.63	0	0	0.29
82700	0.29	0.63	0.63	0	0	0.29
82800	0.29	0.63	0.63	0	0	0.29
82900	0.29	0.63	0.63	0	0	0.29
83000	0.29	0.63	0.63	0	0	0.29
83100	0.29	0.63	0.63	0	0	0.29
83200	0.29	0.63	0.63	0	0	0.29
83300	0.28	0.63	0.63	0	0	0.28
83400	0.28	0.63	0.63	0	0	0.28
83500	0.28	0.63	0.63	0	0	0.28
83600	0.28	0.64	0.64	0	0	0.28
83700	0.28	0.64	0.64	0	0	0.28
83800	0.28	0.65	0.65	0	0	0.28
83900	0.28	0.65	0.65	0	0	0.28
84000	0.28	0.64	0.64	0	0	0.28
84100	0.28	0.63	0.63	0	0	0.28
84200	0.28	0.63	0.63	0	0	0.28
84300	0.28	0.62	0.62	0	0	0.28
84400	0.28	0.62	0.62	0	0	0.28
84500	0.28	0.62	0.62	0	0	0.28
84600	0.28	0.62	0.62	0	0	0.28
84700	0.28	0.62	0.62	0	0	0.28
84800	0.28	0.63	0.63	0	0	0.28
84900	0.28	0.63	0.63	0	0	0.28
85000	0.28	0.63	0.63	0	0	0.28
85100	0.28	0.63	0.63	0	0	0.28
85200	0.28	0.63	0.63	0	0	0.28
85300	0.28	0.63	0.63	0	0	0.28
85400	0.28	0.63	0.63	0	0	0.28
85500	0.28	0.63	0.63	0	0	0.28
85600	0.29	0.62	0.62	0	0	0.29
85700	0.29	0.62	0.62	0	0	0.29
85800	0.29	0.62	0.62	0	0	0.29
85900	0.29	0.62	0.62	0	0	0.29
86000	0.29	0.62	0.62	0	0	0.29
86100	0.29	0.62	0.62	0	0	0.29
86200	0.29	0.63	0.63	0	0	0.29
86300	0.29	0.63	0.63	0	0	0.29
86400	0.29	0.63	0.63	0	0	0.29
86500	0.29	0.63	0.63	0	0	0.29
86600	0.29	0.63	0.63	0	0	0.29
86700	0.29	0.63	0.63	0	0	0.29
86800	0.29	0.63	0.63	0	0	0.29
86900	0.29	0.63	0.63	0	0	0.29
87000	0.29	0.63	0.63	0	0	0.29
87100	0.29	0.63	0.63	0	0	0.29
87200	0.29	0.63	0.63	0	0	0.29
87300	0.29	0.63	0.63	0	0	0.29
87400	0.29	0.63	0.63	0	0	0.29
87500	0.29	0.63	0.63	0	0	0.29
87600	0.29	0.63	0.63	0	0	0.29
87700	0.29	0.63	0.63	0	0	0.29
87800	0.29	0.63	0.63	0	0	0.29
87900	0.29	0.63	0.63	0	0	0.29
88000	0.29	0.63	0.63	0	0	0.29
88100	0.29	0.63	0.63	0	0	0.29
88200	0.3	0.63	0.63	0	0	0.3
88300	0.3	0.63	0.63	0	0	0.3
88400	0.3	0.64	0.64	0	0	0.3
88500	0.3	0.64	0.64	0	0	0.3
88600	0.3	0.64	0.64	0	0	0.3
88700	0.3	0.64	0.64	0	0	0.3
88800	0.3	0.64	0.64	0	0	0.3
88900	0.3	0.64	0.64	0	0	0.3
89000	0.3	0.64	0.64	0	0	0.3
89100	0.3	0.64	0.64	0	0	0.3
89200	0.3	0.64	0.64	0	0	0.3
89300	0.3	0.64	0.64	0	0	0.3
89400	0.3	0.64	0.64	0	0	0.3
89500	0.3	0.64	0.64	0	0	0.3
89600	0.3	0.64	0.64	0	0	0.3
89700	0.3	0.64	0.64	0	0	0.3
89800	0.3	0.64	0.64	0	0	0.3
89900	0.3	0.64	0.64	0	0	0.3
90000	0.3	0.64	0.64	0	0	0.3
90100	0.3	0.64	0.64	0	0	0.3
90200	0.3	0.64	0.64	0	0	0.3
90300	0.3	0.64	0.64	0	0	0.3
90400	0.3	0.64	0.64	0	0	0.3
90500	0.3	0.64	0.64	0	0	0.3
90600	0.3	0.64	0.64	0	0	0.3
90700	0.3	0.64	0.64	0	0	0.3
90800	0.3	0.64	0.64	0	0	0.3
90900	0.3	0.64	0.64	0	0	0.3
91000	0.3	0.64	0.64	0	0	0.3
91100	0.3	0.64	0.64	0	0	0.3
91200	0.31	0.65	0.65	0	0	0.31
91300	0.31	0.65	0.65	0	0	0.31
91400	0.31	0.65	0.65	0	0	0.31
91500	0.31	0.65	0.65	0	0	0.31
91600	0.31	0.65	0.65	0	0	0.31
91700	0.31	0.65	0.65	0	0	0.31
91800	0.31	0.65	0.65	0	0	0.31
91900	0.31	0.65	0.65	0	0	0.31
92000	0.3	0.65	0.65	0	0	0.3
92100	0.3	0.65	0.65	0	0	0.3
92200	0.3	0.65	0.65	0	0	0.3
92300	0.3	0.65	0.65	0	0	0.3
92400	0.3	0.65	0.65	0	0	0.3
92500	0.3	0.65	0.65	0	0	0.3
92600	0.3	0.65	0.65	0	0	0.3
92700	0.29	0.65	0.65	0	0	0.29
92800	0.29	0.65	0.65	0	0	0.29
92900	0.29	0.64	0.64	0	0	0.29
93000	0.29	0.64	0.64	0	0	0.29
93100	0.29	0.64	0.64	0	0	0.29
93200	0.29	0.64	0.64	0	0	0.29
93300	0.29	0.64	0.64	0	0	0.29
93400	0.29	0.64	0.64	0	0	0.29
93500	0.29	0.64	0.64	0	0	0.29
93600	0.29	0.64	0.64	0	0	0.29
93700	0.29	0.64	0.64	0	0	0.29
93800	0.3	0.64	0.64	0	0	0.3
93900	0.3	0.64	0.64	0	0	0.3
94000	0.3	0.64	0.64	0	0	0.3
94100	0.3	0.64	0.64	0	0	0.3
94200	0.3	0.64	0.64	0	0	0.3
94300	0.3	0.64	0.64	0	0	0.3
94400	0.3	0.64	0.64	0	0	0.3
94500	0.3	0.64	0.64	0	0	0.3
94600	0.3	0.64	0.64	0	0	0.3
94700	0.31	0.64	0.64	0	0	0.31
94800	0.31	0.64	0.64	0	0	0.31
94900	0.31	0.64	0.64	0	0	0.31
95000	0.31	0.64	0.64	0	0	0.31
95100	0.31	0.64	0.64	0	0	0.31
95200	0.3	0.64	0.64	0	0	0.3
95300	0.3	0.64	0.64	0	0	0.3
95400	0.3	0.64	0.64	0	0	0.3
95500	0.29	0.64	0.64	0	0	0.29
95600	0.29	0.64	0.64	0	0	0.29
95700	0.29	0.64	0.64	0	0	0.29
95800	0.29	0.65	0.65	0	0	0.29
95900	0.29	0.65	0.65	0	0	0.29
96000	0.29	0.65	0.65	0	0	0.29
96100	0.29	0.65	0.65	0	0	0.29
96200	0.28	0.65	0.65	0	0	0.28
96300	0.28	0.65	0.65	0	0	0.28
96400	0.29	0.65	0.65	0	0	0.29
96500	0.29	0.65	0.65	0	0	0.29
96600	0.29	0.65	0.65	0	0	0.29
96700	0.28	0.65	0.65	0	0	0.28
96800	0.28	0.65	0.65	0	0	0.28
96900	0.28	0.65	0.65	0	0	0.28
97000	0.28	0.65	0.65	0	0	0.28
97100	0.28	0.65	0.65	0	0	0.28
97200	0.28	0.66	0.66	0	0	0.28
97300	0.28	0.66	0.66	0	0	0.28
97400	0.28	0.65	0.65	0	0	0.28
97500	0.28	0.64	0.64	0	0	0.28
97600	0.28	0.64	0.64	0	0	0.28
97700	0.28	0.63	0.63	0	0	0.28
97800	0.28	0.63	0.63	0	0	0.28
97900	0.28	0.63	0.63	0	0	0.28
98000	0.28	0.63	0.63	0	0	0.28
98100	0.28	0.63	0.63	0	0	0.28
98200	0.28	0.63	0.63	0	0	0.28
98300	0.28	0.63	0.63	0	0	0.28
98400	0.28	0.63	0.63	0	0	0.28
98500	0.28	0.63	0.63	0	0	0.28
98600	0.28	0.63	0.63	0	0	0.28
98700	0.28	0.63	0.63	0	0	0.28
98800	0.28	0.63	0.63	0	0	0.28
98900	0.28	0.63	0.63	0	0	0.28
99000	0.28	0.63	0.63	0	0	0.28
99100	0.28	0.63	0.63	0	0	0.28
99200	0.28	0.63	0.63	0	0	0.28
99300	0.28	0.63	0.63	0	0	0.28
99400	0.28	0.63	0.63	0	0	0.28
99500	0.28	0.63	0.63	0	0	0.28
99600	0.28	0.64	0.64	0	0	0.28
99700	0.28	0.64	0.64	0	0	0.28
99800	0.28	0.64	0.64	0	0	0.28
99900	0.28	0.64	0.64	0	0	0.28
100000	0.28	0.64	0.64	0	0	0.28
