100	0.05	0.1	0.1	0	0	0.05
200	0.05	0.11	0.11	0	0	0.05
300	0.08	0.11	0.11	0	0	0.08
400	0.09	0.13	0.13	0	0	0.09
500	0.09	0.14	0.14	0	0	0.09
600	0.09	0.14	0.14	0	0	0.09
700	0.1	0.16	0.16	0	0	0.1
800	0.11	0.18	0.18	0	0	0.11
900	0.11	0.19	0.19	0	0	0.11
1000	0.11	0.19	0.19	0	0	0.11
1100	0.11	0.2	0.2	0	0	0.11
1200	0.11	0.2	0.2	0	0	0.11
1300	0.11	0.21	0.21	0	0	0.11
1400	0.11	0.23	0.23	0	0	0.11
1500	0.12	0.24	0.24	0	0	0.12
1600	0.12	0.24	0.24	0	0	0.12
1700	0.12	0.24	0.24	0	0	0.12
1800	0.13	0.25	0.25	0	0	0.13
1900	0.13	0.25	0.25	0	0	0.13
2000	0.14	0.28	0.28	0	0	0.14
2100	0.14	0.28	0.28	0	0	0.14
2200	0.14	0.32	0.32	0	0	0.14
2300	0.14	0.31	0.31	0	0	0.14
2400	0.14	0.29	0.29	0	0	0.14
2500	0.14	0.29	0.29	0	0	0.14
2600	0.14	0.3	0.3	0	0	0.14
2700	0.14	0.3	0.3	0	0	0.14
2800	0.14	0.3	0.3	0	0	0.14
2900	0.14	0.31	0.31	0	0	0.14
3000	0.14	0.3	0.3	0	0	0.14
3100	0.14	0.28	0.28	0	0	0.14
3200	0.14	0.3	0.3	0	0	0.14
3300	0.14	0.32	0.32	0	0	0.14
3400	0.15	0.34	0.34	0	0	0.15
3500	0.17	0.35	0.35	0	0	0.17
3600	0.16	0.35	0.35	0	0	0.16
3700	0.16	0.34	0.34	0	0	0.16
3800	0.16	0.34	0.34	0	0	0.16
3900	0.15	0.36	0.36	0	0	0.15
4000	0.15	0.36	0.36	0	0	0.15
4100	0.15	0.36	0.36	0	0	0.15
4200	0.15	0.37	0.37	0	0	0.15
4300	0.15	0.36	0.36	0	0	0.15
4400	0.15	0.37	0.37	0	0	0.15
4500	0.17	0.37	0.37	0	0	0.17
4600	0.17	0.37	0.37	0	0	0.17
4700	0.17	0.37	0.37	0	0	0.17
4800	0.17	0.37	0.37	0	0	0.17
4900	0.17	0.37	0.37	0	0	0.17
5000	0.18	0.37	0.37	0	0	0.18
5100	0.19	0.38	0.38	0	0	0.19
5200	0.19	0.38	0.38	0	0	0.19
5300	0.19	0.39	0.39	0	0	0.19
5400	0.19	0.4	0.4	0	0	0.19
5500	0.19	0.4	0.4	0	0	0.19
5600	0.19	0.39	0.39	0	0	0.19
5700	0.19	0.41	0.41	0	0	0.19
5800	0.21	0.4	0.4	0	0	0.21
5900	0.21	0.39	0.39	0	0	0.21
6000	0.2	0.39	0.39	0	0	0.2
6100	0.2	0.38	0.38	0	0	0.2
6200	0.2	0.39	0.39	0	0	0.2
6300	0.21	0.39	0.39	0	0	0.21
6400	0.21	0.39	0.39	0	0	0.21
6500	0.21	0.39	0.39	0	0	0.21
6600	0.21	0.39	0.39	0	0	0.21
6700	0.23	0.4	0.4	0	0	0.23
6800	0.22	0.41	0.41	0	0	0.22
6900	0.22	0.42	0.42	0	0	0.22
7000	0.22	0.41	0.41	0	0	0.22
7100	0.22	0.41	0.41	0	0	0.22
7200	0.22	0.41	0.41	0	0	0.22
7300	0.22	0.42	0.42	0	0	0.22
7400	0.22	0.42	0.42	0	0	0.22
7500	0.22	0.42	0.42	0	0	0.22
7600	0.22	0.42	0.42	0	0	0.22
7700	0.22	0.42	0.42	0	0	0.22
7800	0.22	0.41	0.41	0	0	0.22
7900	0.22	0.41	0.41	0	0	0.22
8000	0.22	0.41	0.41	0	0	0.22
8100	0.22	0.41	0.41	0	0	0.22
8200	0.22	0.43	0.43	0	0	0.22
8300	0.22	0.44	0.44	0	0	0.22
8400	0.22	0.44	0.44	0	0	0.22
8500	0.22	0.44	0.44	0	0	0.22
8600	0.22	0.45	0.45	0	0	0.22
8700	0.22	0.45	0.45	0	0	0.22
8800	0.22	0.46	0.46	0	0	0.22
8900	0.22	0.47	0.47	0	0	0.22
9000	0.22	0.47	0.47	0	0	0.22
9100	0.21	0.47	0.47	0	0	0.21
9200	0.21	0.47	0.47	0	0	0.21
9300	0.21	0.47	0.47	0	0	0.21
9400	0.21	0.47	0.47	0	0	0.21
9500	0.21	0.47	0.47	0	0	0.21
9600	0.21	0.47	0.47	0	0	0.21
9700	0.21	0.47	0.47	0	0	0.21
9800	0.22	0.47	0.47	0	0	0.22
9900	0.22	0.47	0.47	0	0	0.22
10000	0.22	0.47	0.47	0	0	0.22
10100	0.22	0.47	0.47	0	0	0.22
10200	0.22	0.48	0.48	0	0	0.22
10300	0.22	0.48	0.48	0	0	0.22
10400	0.22	0.48	0.48	0	0	0.22
10500	0.22	0.48	0.48	0	0	0.22
10600	0.22	0.48	0.48	0	0	0.22
10700	0.22	0.48	0.48	0	0	0.22
10800	0.22	0.49	0.49	0	0	0.22
10900	0.22	0.49	0.49	0	0	0.22
11000	0.22	0.49	0.49	0	0	0.22
11100	0.22	0.49	0.49	0	0	0.22
11200	0.22	0.49	0.49	0	0	0.22
11300	0.22	0.48	0.48	0	0	0.22
11400	0.22	0.49	0.49	0	0	0.22
11500	0.22	0.49	0.49	0	0	0.22
11600	0.22	0.49	0.49	0	0	0.22
11700	0.22	0.49	0.49	0	0	0.22
11800	0.23	0.49	0.49	0	0	0.23
11900	0.23	0.48	0.48	0	0	0.23
12000	0.23	0.49	0.49	0	0	0.23
12100	0.23	0.5	0.5	0	0	0.23
12200	0.23	0.5	0.5	0	0	0.23
12300	0.23	0.5	0.5	0	0	0.23
12400	0.23	0.5	0.5	0	0	0.23
12500	0.23	0.5	0.5	0	0	0.23
12600	0.23	0.51	0.51	0	0	0.23
12700	0.23	0.51	0.51	0	0	0.23
12800	0.23	0.51	0.51	0	0	0.23
12900	0.23	0.51	0.51	0	0	0.23
13000	0.24	0.51	0.51	0	0	0.24
13100	0.24	0.51	0.51	0	0	0.24
13200	0.24	0.48	0.48	0	0	0.24
13300	0.24	0.48	0.48	0	0	0.24
13400	0.24	0.48	0.48	0	0	0.24
13500	0.24	0.49	0.49	0	0	0.24
13600	0.24	0.49	0.49	0	0	0.24
13700	0.24	0.49	0.49	0	0	0.24
13800	0.24	0.49	0.49	0	0	0.24
13900	0.24	0.49	0.49	0	0	0.24
14000	0.24	0.5	0.5	0	0	0.24
14100	0.24	0.5	0.5	0	0	0.24
14200	0.24	0.49	0.49	0	0	0.24
14300	0.25	0.5	0.5	0	0	0.25
14400	0.25	0.49	0.49	0	0	0.25
14500	0.25	0.49	0.49	0	0	0.25
14600	0.26	0.48	0.48	0	0	0.26
14700	0.27	0.49	0.49	0	0	0.27
14800	0.27	0.49	0.49	0	0	0.27
14900	0.27	0.49	0.49	0	0	0.27
15000	0.27	0.49	0.49	0	0	0.27
15100	0.27	0.49	0.49	0	0	0.27
15200	0.27	0.49	0.49	0	0	0.27
15300	0.27	0.49	0.49	0	0	0.27
15400	0.27	0.48	0.48	0	0	0.27
15500	0.27	0.47	0.47	0	0	0.27
15600	0.27	0.47	0.47	0	0	0.27
15700	0.27	0.48	0.48	0	0	0.27
15800	0.27	0.48	0.48	0	0	0.27
15900	0.26	0.48	0.48	0	0	0.26
16000	0.26	0.49	0.49	0	0	0.26
16100	0.27	0.49	0.49	0	0	0.27
16200	0.27	0.49	0.49	0	0	0.27
16300	0.28	0.49	0.49	0	0	0.28
16400	0.28	0.49	0.49	0	0	0.28
16500	0.28	0.49	0.49	0	0	0.28
16600	0.28	0.49	0.49	0	0	0.28
16700	0.28	0.49	0.49	0	0	0.28
16800	0.29	0.5	0.5	0	0	0.29
16900	0.28	0.5	0.5	0	0	0.28
17000	0.28	0.5	0.5	0	0	0.28
17100	0.28	0.5	0.5	0	0	0.28
17200	0.28	0.49	0.49	0	0	0.28
17300	0.28	0.49	0.49	0	0	0.28
17400	0.28	0.49	0.49	0	0	0.28
17500	0.28	0.49	0.49	0	0	0.28
17600	0.28	0.49	0.49	0	0	0.28
17700	0.28	0.49	0.49	0	0	0.28
17800	0.28	0.49	0.49	0	0	0.28
17900	0.28	0.49	0.49	0	0	0.28
18000	0.28	0.49	0.49	0	0	0.28
18100	0.27	0.49	0.49	0	0	0.27
18200	0.27	0.5	0.5	0	0	0.27
18300	0.27	0.5	0.5	0	0	0.27
18400	0.27	0.5	0.5	0	0	0.27
18500	0.27	0.51	0.51	0	0	0.27
18600	0.27	0.51	0.51	0	0	0.27
18700	0.27	0.48	0.48	0	0	0.27
18800	0.27	0.48	0.48	0	0	0.27
18900	0.27	0.48	0.48	0	0	0.27
19000	0.27	0.48	0.48	0	0	0.27
19100	0.27	0.48	0.48	0	0	0.27
19200	0.27	0.48	0.48	0	0	0.27
19300	0.27	0.48	0.48	0	0	0.27
19400	0.28	0.48	0.48	0	0	0.28
19500	0.27	0.48	0.48	0	0	0.27
19600	0.27	0.5	0.5	0	0	0.27
19700	0.27	0.49	0.49	0	0	0.27
19800	0.27	0.49	0.49	0	0	0.27
19900	0.27	0.49	0.49	0	0	0.27
20000	0.27	0.51	0.51	0	0	0.27
20100	0.27	0.5	0.5	0	0	0.27
20200	0.27	0.49	0.49	0	0	0.27
20300	0.27	0.5	0.5	0	0	0.27
20400	0.27	0.5	0.5	0	0	0.27
20500	0.27	0.5	0.5	0	0	0.27
20600	0.27	0.51	0.51	0	0	0.27
20700	0.27	0.5	0.5	0	0	0.27
20800	0.27	0.5	0.5	0	0	0.27
20900	0.27	0.5	0.5	0	0	0.27
21000	0.27	0.5	0.5	0	0	0.27
21100	0.27	0.51	0.51	0	0	0.27
21200	0.27	0.51	0.51	0	0	0.27
21300	0.27	0.51	0.51	0	0	0.27
21400	0.27	0.51	0.51	0	0	0.27
21500	0.26	0.51	0.51	0	0	0.26
21600	0.26	0.51	0.51	0	0	0.26
21700	0.26	0.51	0.51	0	0	0.26
21800	0.26	0.51	0.51	0	0	0.26
21900	0.26	0.51	0.51	0	0	0.26
22000	0.26	0.53	0.53	0	0	0.26
22100	0.26	0.53	0.53	0	0	0.26
22200	0.26	0.53	0.53	0	0	0.26
22300	0.26	0.53	0.53	0	0	0.26
22400	0.26	0.53	0.53	0	0	0.26
22500	0.26	0.53	0.53	0	0	0.26
22600	0.26	0.54	0.54	0	0	0.26
22700	0.26	0.54	0.54	0	0	0.26
22800	0.26	0.53	0.53	0	0	0.26
22900	0.26	0.53	0.53	0	0	0.26
23000	0.26	0.53	0.53	0	0	0.26
23100	0.26	0.54	0.54	0	0	0.26
23200	0.26	0.55	0.55	0	0	0.26
23300	0.26	0.54	0.54	0	0	0.26
23400	0.26	0.54	0.54	0	0	0.26
23500	0.26	0.54	0.54	0	0	0.26
23600	0.26	0.54	0.54	0	0	0.26
23700	0.26	0.54	0.54	0	0	0.26
23800	0.26	0.55	0.55	0	0	0.26
23900	0.26	0.55	0.55	0	0	0.26
24000	0.26	0.55	0.55	0	0	0.26
24100	0.26	0.55	0.55	0	0	0.26
24200	0.26	0.54	0.54	0	0	0.26
24300	0.26	0.54	0.54	0	0	0.26
24400	0.27	0.54	0.54	0	0	0.27
24500	0.27	0.54	0.54	0	0	0.27
24600	0.27	0.55	0.55	0	0	0.27
24700	0.27	0.55	0.55	0	0	0.27
24800	0.27	0.55	0.55	0	0	0.27
24900	0.28	0.55	0.55	0	0	0.28
25000	0.27	0.55	0.55	0	0	0.27
25100	0.27	0.56	0.56	0	0	0.27
25200	0.27	0.56	0.56	0	0	0.27
25300	0.27	0.55	0.55	0	0	0.27
25400	0.27	0.55	0.55	0	0	0.27
25500	0.27	0.55	0.55	0	0	0.27
25600	0.27	0.55	0.55	0	0	0.27
25700	0.26	0.55	0.55	0	0	0.26
25800	0.26	0.55	0.55	0	0	0.26
25900	0.26	0.55	0.55	0	0	0.26
26000	0.26	0.55	0.55	0	0	0.26
26100	0.26	0.54	0.54	0	0	0.26
26200	0.26	0.54	0.54	0	0	0.26
26300	0.26	0.55	0.55	0	0	0.26
26400	0.26	0.55	0.55	0	0	0.26
26500	0.26	0.55	0.55	0	0	0.26
26600	0.26	0.55	0.55	0	0	0.26
26700	0.26	0.55	0.55	0	0	0.26
26800	0.26	0.55	0.55	0	0	0.26
26900	0.26	0.55	0.55	0	0	0.26
27000	0.25	0.55	0.55	0	0	0.25
27100	0.25	0.55	0.55	0	0	0.25
27200	0.25	0.55	0.55	0	0	0.25
27300	0.25	0.56	0.56	0	0	0.25
27400	0.25	0.56	0.56	0	0	0.25
27500	0.25	0.56	0.56	0	0	0.25
27600	0.25	0.56	0.56	0	0	0.25
27700	0.25	0.55	0.55	0	0	0.25
27800	0.26	0.55	0.55	0	0	0.26
27900	0.26	0.54	0.54	0	0	0.26
28000	0.27	0.54	0.54	0	0	0.27
28100	0.27	0.54	0.54	0	0	0.27
28200	0.27	0.55	0.55	0	0	0.27
28300	0.27	0.54	0.54	0	0	0.27
28400	0.27	0.54	0.54	0	0	0.27
28500	0.27	0.54	0.54	0	0	0.27
28600	0.27	0.53	0.53	0	0	0.27
28700	0.27	0.52	0.52	0	0	0.27
28800	0.27	0.54	0.54	0	0	0.27
28900	0.27	0.53	0.53	0	0	0.27
29000	0.27	0.52	0.52	0	0	0.27
29100	0.27	0.52	0.52	0	0	0.27
29200	0.27	0.52	0.52	0	0	0.27
29300	0.27	0.52	0.52	0	0	0.27
29400	0.27	0.53	0.53	0	0	0.27
29500	0.27	0.53	0.53	0	0	0.27
29600	0.27	0.54	0.54	0	0	0.27
29700	0.27	0.54	0.54	0	0	0.27
29800	0.27	0.54	0.54	0	0	0.27
29900	0.27	0.54	0.54	0	0	0.27
30000	0.27	0.54	0.54	0	0	0.27
30100	0.27	0.55	0.55	0	0	0.27
30200	0.28	0.56	0.56	0	0	0.28
30300	0.28	0.56	0.56	0	0	0.28
30400	0.28	0.55	0.55	0	0	0.28
30500	0.28	0.55	0.55	0	0	0.28
30600	0.28	0.55	0.55	0	0	0.28
30700	0.28	0.55	0.55	0	0	0.28
30800	0.28	0.55	0.55	0	0	0.28
30900	0.28	0.55	0.55	0	0	0.28
31000	0.28	0.55	0.55	0	0	0.28
31100	0.27	0.55	0.55	0	0	0.27
31200	0.27	0.55	0.55	0	0	0.27
31300	0.27	0.55	0.55	0	0	0.27
31400	0.27	0.55	0.55	0	0	0.27
31500	0.27	0.55	0.55	0	0	0.27
31600	0.27	0.55	0.55	0	0	0.27
31700	0.27	0.57	0.57	0	0	0.27
31800	0.27	0.57	0.57	0	0	0.27
31900	0.27	0.57	0.57	0	0	0.27
32000	0.27	0.56	0.56	0	0	0.27
32100	0.27	0.57	0.57	0	0	0.27
32200	0.28	0.57	0.57	0	0	0.28
32300	0.28	0.56	0.56	0	0	0.28
32400	0.28	0.56	0.56	0	0	0.28
32500	0.28	0.56	0.56	0	0	0.28
32600	0.28	0.56	0.56	0	0	0.28
32700	0.28	0.56	0.56	0	0	0.28
32800	0.27	0.56	0.56	0	0	0.27
32900	0.27	0.56	0.56	0	0	0.27
33000	0.27	0.56	0.56	0	0	0.27
33100	0.27	0.56	0.56	0	0	0.27
33200	0.27	0.56	0.56	0	0	0.27
33300	0.27	0.57	0.57	0	0	0.27
33400	0.27	0.56	0.56	0	0	0.27
33500	0.27	0.56	0.56	0	0	0.27
33600	0.27	0.56	0.56	0	0	0.27
33700	0.27	0.56	0.56	0	0	0.27
33800	0.27	0.56	0.56	0	0	0.27
33900	0.27	0.56	0.56	0	0	0.27
34000	0.27	0.57	0.57	0	0	0.27
34100	0.27	0.57	0.57	0	0	0.27
34200	0.27	0.57	0.57	0	0	0.27
34300	0.28	0.57	0.57	0	0	0.28
34400	0.29	0.57	0.57	0	0	0.29
34500	0.29	0.57	0.57	0	0	0.29
34600	0.29	0.56	0.56	0	0	0.29
34700	0.29	0.56	0.56	0	0	0.29
34800	0.3	0.56	0.56	0	0	0.3
34900	0.3	0.56	0.56	0	0	0.3
35000	0.3	0.55	0.55	0	0	0.3
35100	0.3	0.55	0.55	0	0	0.3
35200	0.3	0.55	0.55	0	0	0.3
35300	0.3	0.55	0.55	0	0	0.3
35400	0.3	0.55	0.55	0	0	0.3
35500	0.3	0.55	0.55	0	0	0.3
35600	0.3	0.55	0.55	0	0	0.3
35700	0.29	0.55	0.55	0	0	0.29
35800	0.28	0.54	0.54	0	0	0.28
35900	0.28	0.54	0.54	0	0	0.28
36000	0.28	0.54	0.54	0	0	0.28
36100	0.28	0.53	0.53	0	0	0.28
36200	0.28	0.53	0.53	0	0	0.28
36300	0.28	0.52	0.52	0	0	0.28
36400	0.28	0.52	0.52	0	0	0.28
36500	0.28	0.52	0.52	0	0	0.28
36600	0.28	0.52	0.52	0	0	0.28
36700	0.29	0.52	0.52	0	0	0.29
36800	0.29	0.53	0.53	0	0	0.29
36900	0.29	0.52	0.52	0	0	0.29
37000	0.29	0.52	0.52	0	0	0.29
37100	0.3	0.53	0.53	0	0	0.3
37200	0.3	0.53	0.53	0	0	0.3
37300	0.3	0.53	0.53	0	0	0.3
37400	0.3	0.53	0.53	0	0	0.3
37500	0.3	0.53	0.53	0	0	0.3
37600	0.3	0.53	0.53	0	0	0.3
37700	0.3	0.53	0.53	0	0	0.3
37800	0.3	0.53	0.53	0	0	0.3
37900	0.3	0.54	0.54	0	0	0.3
38000	0.3	0.54	0.54	0	0	0.3
38100	0.3	0.54	0.54	0	0	0.3
38200	0.3	0.55	0.55	0	0	0.3
38300	0.3	0.54	0.54	0	0	0.3
38400	0.31	0.54	0.54	0	0	0.31
38500	0.31	0.54	0.54	0	0	0.31
38600	0.31	0.54	0.54	0	0	0.31
38700	0.31	0.54	0.54	0	0	0.31
38800	0.31	0.54	0.54	0	0	0.31
38900	0.3	0.54	0.54	0	0	0.3
39000	0.3	0.54	0.54	0	0	0.3
39100	0.29	0.54	0.54	0	0	0.29
39200	0.29	0.54	0.54	0	0	0.29
39300	0.29	0.55	0.55	0	0	0.29
39400	0.29	0.55	0.55	0	0	0.29
39500	0.28	0.55	0.55	0	0	0.28
39600	0.28	0.55	0.55	0	0	0.28
39700	0.29	0.54	0.54	0	0	0.29
39800	0.29	0.54	0.54	0	0	0.29
39900	0.29	0.54	0.54	0	0	0.29
40000	0.29	0.54	0.54	0	0	0.29
40100	0.29	0.55	0.55	0	0	0.29
40200	0.29	0.55	0.55	0	0	0.29
40300	0.29	0.55	0.55	0	0	0.29
40400	0.29	0.56	0.56	0	0	0.29
40500	0.29	0.56	0.56	0	0	0.29
40600	0.29	0.56	0.56	0	0	0.29
40700	0.29	0.57	0.57	0	0	0.29
40800	0.29	0.57	0.57	0	0	0.29
40900	0.29	0.57	0.57	0	0	0.29
41000	0.29	0.57	0.57	0	0	0.29
41100	0.29	0.57	0.57	0	0	0.29
41200	0.29	0.57	0.57	0	0	0.29
41300	0.29	0.57	0.57	0	0	0.29
41400	0.29	0.58	0.58	0	0	0.29
41500	0.29	0.58	0.58	0	0	0.29
41600	0.29	0.58	0.58	0	0	0.29
41700	0.29	0.58	0.58	0	0	0.29
41800	0.3	0.58	0.58	0	0	0.3
41900	0.29	0.58	0.58	0	0	0.29
42000	0.29	0.58	0.58	0	0	0.29
42100	0.29	0.58	0.58	0	0	0.29
42200	0.29	0.58	0.58	0	0	0.29
42300	0.29	0.58	0.58	0	0	0.29
42400	0.3	0.58	0.58	0	0	0.3
42500	0.3	0.58	0.58	0	0	0.3
42600	0.3	0.58	0.58	0	0	0.3
42700	0.31	0.58	0.58	0	0	0.31
42800	0.3	0.58	0.58	0	0	0.3
42900	0.3	0.58	0.58	0	0	0.3
43000	0.3	0.58	0.58	0	0	0.3
43100	0.31	0.58	0.58	0	0	0.31
43200	0.31	0.58	0.58	0	0	0.31
43300	0.31	0.58	0.58	0	0	0.31
43400	0.31	0.58	0.58	0	0	0.31
43500	0.31	0.58	0.58	0	0	0.31
43600	0.31	0.58	0.58	0	0	0.31
43700	0.31	0.58	0.58	0	0	0.31
43800	0.31	0.58	0.58	0	0	0.31
43900	0.31	0.57	0.57	0	0	0.31
44000	0.32	0.57	0.57	0	0	0.32
44100	0.32	0.57	0.57	0	0	0.32
44200	0.32	0.57	0.57	0	0	0.32
44300	0.32	0.57	0.57	0	0	0.32
44400	0.32	0.57	0.57	0	0	0.32
44500	0.32	0.57	0.57	0	0	0.32
44600	0.32	0.58	0.58	0	0	0.32
44700	0.32	0.58	0.58	0	0	0.32
44800	0.31	0.58	0.58	0	0	0.31
44900	0.31	0.59	0.59	0	0	0.31
45000	0.31	0.59	0.59	0	0	0.31
45100	0.31	0.59	0.59	0	0	0.31
45200	0.31	0.59	0.59	0	0	0.31
45300	0.31	0.58	0.58	0	0	0.31
45400	0.31	0.58	0.58	0	0	0.31
45500	0.31	0.59	0.59	0	0	0.31
45600	0.31	0.59	0.59	0	0	0.31
45700	0.31	0.57	0.57	0	0	0.31
45800	0.31	0.57	0.57	0	0	0.31
45900	0.31	0.57	0.57	0	0	0.31
46000	0.31	0.57	0.57	0	0	0.31
46100	0.31	0.57	0.57	0	0	0.31
46200	0.31	0.57	0.57	0	0	0.31
46300	0.31	0.57	0.57	0	0	0.31
46400	0.31	0.57	0.57	0	0	0.31
46500	0.31	0.57	0.57	0	0	0.31
46600	0.31	0.58	0.58	0	0	0.31
46700	0.31	0.58	0.58	0	0	0.31
46800	0.31	0.58	0.58	0	0	0.31
46900	0.31	0.58	0.58	0	0	0.31
47000	0.31	0.58	0.58	0	0	0.31
47100	0.31	0.58	0.58	0	0	0.31
47200	0.31	0.58	0.58	0	0	0.31
47300	0.31	0.58	0.58	0	0	0.31
47400	0.31	0.58	0.58	0	0	0.31
47500	0.31	0.58	0.58	0	0	0.31
47600	0.31	0.58	0.58	0	0	0.31
47700	0.31	0.58	0.58	0	0	0.31
47800	0.31	0.58	0.58	0	0	0.31
47900	0.31	0.59	0.59	0	0	0.31
48000	0.31	0.59	0.59	0	0	0.31
48100	0.31	0.59	0.59	0	0	0.31
48200	0.31	0.59	0.59	0	0	0.31
48300	0.31	0.59	0.59	0	0	0.31
48400	0.31	0.58	0.58	0	0	0.31
48500	0.31	0.58	0.58	0	0	0.31
48600	0.31	0.58	0.58	0	0	0.31
48700	0.31	0.58	0.58	0	0	0.31
48800	0.31	0.57	0.57	0	0	0.31
48900	0.31	0.57	0.57	0	0	0.31
49000	0.31	0.57	0.57	0	0	0.31
49100	0.31	0.57	0.57	0	0	0.31
49200	0.31	0.57	0.57	0	0	0.31
49300	0.31	0.57	0.57	0	0	0.31
49400	0.31	0.58	0.58	0	0	0.31
49500	0.31	0.58	0.58	0	0	0.31
49600	0.31	0.58	0.58	0	0	0.31
49700	0.31	0.58	0.58	0	0	0.31
49800	0.31	0.57	0.57	0	0	0.31
49900	0.31	0.58	0.58	0	0	0.31
50000	0.31	0.59	0.59	0	0	0.31
50100	0.31	0.59	0.59	0	0	0.31
50200	0.31	0.59	0.59	0	0	0.31
50300	0.31	0.59	0.59	0	0	0.31
50400	0.31	0.59	0.59	0	0	0.31
50500	0.31	0.59	0.59	0	0	0.31
50600	0.31	0.59	0.59	0	0	0.31
50700	0.32	0.59	0.59	0	0	0.32
50800	0.32	0.59	0.59	0	0	0.32
50900	0.32	0.59	0.59	0	0	0.32
51000	0.32	0.59	0.59	0	0	0.32
51100	0.32	0.59	0.59	0	0	0.32
51200	0.32	0.58	0.58	0	0	0.32
51300	0.32	0.57	0.57	0	0	0.32
51400	0.32	0.57	0.57	0	0	0.32
51500	0.32	0.57	0.57	0	0	0.32
51600	0.32	0.57	0.57	0	0	0.32
51700	0.32	0.57	0.57	0	0	0.32
51800	0.32	0.57	0.57	0	0	0.32
51900	0.32	0.57	0.57	0	0	0.32
52000	0.32	0.57	0.57	0	0	0.32
52100	0.32	0.58	0.58	0	0	0.32
52200	0.32	0.58	0.58	0	0	0.32
52300	0.32	0.58	0.58	0	0	0.32
52400	0.32	0.58	0.58	0	0	0.32
52500	0.32	0.58	0.58	0	0	0.32
52600	0.32	0.58	0.58	0	0	0.32
52700	0.32	0.58	0.58	0	0	0.32
52800	0.32	0.58	0.58	0	0	0.32
52900	0.32	0.59	0.59	0	0	0.32
53000	0.32	0.59	0.59	0	0	0.32
53100	0.32	0.59	0.59	0	0	0.32
53200	0.32	0.58	0.58	0	0	0.32
53300	0.32	0.58	0.58	0	0	0.32
53400	0.32	0.58	0.58	0	0	0.32
53500	0.33	0.58	0.58	0	0	0.33
53600	0.33	0.58	0.58	0	0	0.33
53700	0.33	0.58	0.58	0	0	0.33
53800	0.33	0.58	0.58	0	0	0.33
53900	0.33	0.58	0.58	0	0	0.33
54000	0.33	0.58	0.58	0	0	0.33
54100	0.33	0.58	0.58	0	0	0.33
54200	0.33	0.58	0.58	0	0	0.33
54300	0.33	0.58	0.58	0	0	0.33
54400	0.33	0.58	0.58	0	0	0.33
54500	0.33	0.59	0.59	0	0	0.33
54600	0.33	0.59	0.59	0	0	0.33
54700	0.33	0.59	0.59	0	0	0.33
54800	0.33	0.59	0.59	0	0	0.33
54900	0.33	0.59	0.59	0	0	0.33
55000	0.33	0.59	0.59	0	0	0.33
55100	0.33	0.59	0.59	0	0	0.33
55200	0.33	0.59	0.59	0	0	0.33
55300	0.33	0.59	0.59	0	0	0.33
55400	0.33	0.59	0.59	0	0	0.33
55500	0.33	0.59	0.59	0	0	0.33
55600	0.33	0.59	0.59	0	0	0.33
55700	0.33	0.59	0.59	0	0	0.33
55800	0.33	0.59	0.59	0	0	0.33
55900	0.33	0.59	0.59	0	0	0.33
56000	0.33	0.59	0.59	0	0	0.33
56100	0.33	0.59	0.59	0	0	0.33
56200	0.33	0.59	0.59	0	0	0.33
56300	0.33	0.59	0.59	0	0	0.33
56400	0.34	0.59	0.59	0	0	0.34
56500	0.33	0.59	0.59	0	0	0.33
56600	0.32	0.59	0.59	0	0	0.32
56700	0.32	0.59	0.59	0	0	0.32
56800	0.32	0.58	0.58	0	0	0.32
56900	0.32	0.58	0.58	0	0	0.32
57000	0.32	0.58	0.58	0	0	0.32
57100	0.32	0.58	0.58	0	0	0.32
57200	0.32	0.58	0.58	0	0	0.32
57300	0.32	0.58	0.58	0	0	0.32
57400	0.32	0.58	0.58	0	0	0.32
57500	0.32	0.58	0.58	0	0	0.32
57600	0.32	0.59	0.59	0	0	0.32
57700	0.32	0.59	0.59	0	0	0.32
57800	0.32	0.6	0.6	0	0	0.32
57900	0.32	0.59	0.59	0	0	0.32
58000	0.32	0.59	0.59	0	0	0.32
58100	0.32	0.59	0.59	0	0	0.32
58200	0.32	0.59	0.59	0	0	0.32
58300	0.32	0.59	0.59	0	0	0.32
58400	0.32	0.59	0.59	0	0	0.32
58500	0.32	0.59	0.59	0	0	0.32
58600	0.32	0.59	0.59	0	0	0.32
58700	0.32	0.59	0.59	0	0	0.32
58800	0.32	0.59	0.59	0	0	0.32
58900	0.32	0.59	0.59	0	0	0.32
59000	0.32	0.59	0.59	0	0	0.32
59100	0.32	0.6	0.6	0	0	0.32
59200	0.31	0.6	0.6	0	0	0.31
59300	0.31	0.6	0.6	0	0	0.31
59400	0.31	0.6	0.6	0	0	0.31
59500	0.32	0.6	0.6	0	0	0.32
59600	0.32	0.6	0.6	0	0	0.32
59700	0.32	0.6	0.6	0	0	0.32
59800	0.32	0.6	0.6	0	0	0.32
59900	0.32	0.61	0.61	0	0	0.32
60000	0.32	0.61	0.61	0	0	0.32
60100	0.32	0.61	0.61	0	0	0.32
60200	0.32	0.61	0.61	0	0	0.32
60300	0.32	0.61	0.61	0	0	0.32
60400	0.32	0.61	0.61	0	0	0.32
60500	0.32	0.61	0.61	0	0	0.32
60600	0.32	0.61	0.61	0	0	0.32
60700	0.32	0.61	0.61	0	0	0.32
60800	0.32	0.61	0.61	0	0	0.32
60900	0.32	0.61	0.61	0	0	0.32
61000	0.31	0.62	0.62	0	0	0.31
61100	0.31	0.62	0.62	0	0	0.31
61200	0.3	0.62	0.62	0	0	0.3
61300	0.3	0.62	0.62	0	0	0.3
61400	0.3	0.62	0.62	0	0	0.3
61500	0.3	0.62	0.62	0	0	0.3
61600	0.3	0.62	0.62	0	0	0.3
61700	0.3	0.62	0.62	0	0	0.3
61800	0.3	0.62	0.62	0	0	0.3
61900	0.3	0.63	0.63	0	0	0.3
62000	0.3	0.63	0.63	0	0	0.3
62100	0.3	0.63	0.63	0	0	0.3
62200	0.31	0.63	0.63	0	0	0.31
62300	0.31	0.63	0.63	0	0	0.31
62400	0.31	0.63	0.63	0	0	0.31
62500	0.31	0.63	0.63	0	0	0.31
62600	0.31	0.64	0.64	0	0	0.31
62700	0.31	0.64	0.64	0	0	0.31
62800	0.31	0.64	0.64	0	0	0.31
62900	0.31	0.64	0.64	0	0	0.31
63000	0.31	0.64	0.64	0	0	0.31
63100	0.31	0.64	0.64	0	0	0.31
63200	0.31	0.64	0.64	0	0	0.31
63300	0.31	0.64	0.64	0	0	0.31
63400	0.31	0.64	0.64	0	0	0.31
63500	0.31	0.64	0.64	0	0	0.31
63600	0.31	0.63	0.63	0	0	0.31
63700	0.31	0.63	0.63	0	0	0.31
63800	0.32	0.63	0.63	0	0	0.32
63900	0.32	0.63	0.63	0	0	0.32
64000	0.32	0.63	0.63	0	0	0.32
64100	0.32	0.62	0.62	0	0	0.32
64200	0.32	0.62	0.62	0	0	0.32
64300	0.32	0.62	0.62	0	0	0.32
64400	0.32	0.62	0.62	0	0	0.32
64500	0.32	0.62	0.62	0	0	0.32
64600	0.32	0.62	0.62	0	0	0.32
64700	0.32	0.62	0.62	0	0	0.32
64800	0.32	0.62	0.62	0	0	0.32
64900	0.32	0.61	0.61	0	0	0.32
65000	0.32	0.61	0.61	0	0	0.32
65100	0.32	0.61	0.61	0	0	0.32
65200	0.32	0.61	0.61	0	0	0.32
65300	0.32	0.61	0.61	0	0	0.32
65400	0.32	0.61	0.61	0	0	0.32
65500	0.32	0.61	0.61	0	0	0.32
65600	0.32	0.61	0.61	0	0	0.32
65700	0.32	0.61	0.61	0	0	0.32
65800	0.32	0.61	0.61	0	0	0.32
65900	0.32	0.61	0.61	0	0	0.32
66000	0.32	0.61	0.61	0	0	0.32
66100	0.32	0.61	0.61	0	0	0.32
66200	0.32	0.61	0.61	0	0	0.32
66300	0.32	0.61	0.61	0	0	0.32
66400	0.32	0.61	0.61	0	0	0.32
66500	0.33	0.61	0.61	0	0	0.33
66600	0.33	0.61	0.61	0	0	0.33
66700	0.33	0.61	0.61	0	0	0.33
66800	0.33	0.61	0.61	0	0	0.33
66900	0.33	0.61	0.61	0	0	0.33
67000	0.33	0.61	0.61	0	0	0.33
67100	0.33	0.61	0.61	0	0	0.33
67200	0.33	0.61	0.61	0	0	0.33
67300	0.32	0.61	0.61	0	0	0.32
67400	0.32	0.61	0.61	0	0	0.32
67500	0.32	0.61	0.61	0	0	0.32
67600	0.32	0.61	0.61	0	0	0.32
67700	0.32	0.61	0.61	0	0	0.32
67800	0.32	0.61	0.61	0	0	0.32
67900	0.32	0.61	0.61	0	0	0.32
68000	0.32	0.61	0.61	0	0	0.32
68100	0.32	0.61	0.61	0	0	0.32
68200	0.32	0.61	0.61	0	0	0.32
68300	0.33	0.61	0.61	0	0	0.33
68400	0.33	0.61	0.61	0	0	0.33
68500	0.33	0.61	0.61	0	0	0.33
68600	0.33	0.61	0.61	0	0	0.33
68700	0.33	0.61	0.61	0	0	0.33
68800	0.33	0.61	0.61	0	0	0.33
68900	0.33	0.61	0.61	0	0	0.33
69000	0.33	0.61	0.61	0	0	0.33
69100	0.34	0.61	0.61	0	0	0.34
69200	0.34	0.61	0.61	0	0	0.34
69300	0.34	0.61	0.61	0	0	0.34
69400	0.34	0.61	0.61	0	0	0.34
69500	0.34	0.61	0.61	0	0	0.34
69600	0.35	0.61	0.61	0	0	0.35
69700	0.35	0.61	0.61	0	0	0.35
69800	0.35	0.61	0.61	0	0	0.35
69900	0.35	0.61	0.61	0	0	0.35
70000	0.35	0.61	0.61	0	0	0.35
70100	0.35	0.6	0.6	0	0	0.35
70200	0.35	0.6	0.6	0	0	0.35
70300	0.34	0.6	0.6	0	0	0.34
70400	0.34	0.6	0.6	0	0	0.34
70500	0.34	0.6	0.6	0	0	0.34
70600	0.34	0.6	0.6	0	0	0.34
70700	0.34	0.6	0.6	0	0	0.34
70800	0.34	0.6	0.6	0	0	0.34
70900	0.34	0.6	0.6	0	0	0.34
71000	0.34	0.6	0.6	0	0	0.34
71100	0.34	0.6	0.6	0	0	0.34
71200	0.34	0.59	0.59	0	0	0.34
71300	0.34	0.59	0.59	0	0	0.34
71400	0.34	0.59	0.59	0	0	0.34
71500	0.33	0.6	0.6	0	0	0.33
71600	0.33	0.6	0.6	0	0	0.33
71700	0.33	0.6	0.6	0	0	0.33
71800	0.33	0.6	0.6	0	0	0.33
71900	0.33	0.6	0.6	0	0	0.33
72000	0.33	0.6	0.6	0	0	0.33
72100	0.33	0.6	0.6	0	0	0.33
72200	0.33	0.6	0.6	0	0	0.33
72300	0.33	0.6	0.6	0	0	0.33
72400	0.33	0.6	0.6	0	0	0.33
72500	0.33	0.6	0.6	0	0	0.33
72600	0.33	0.6	0.6	0	0	0.33
72700	0.33	0.6	0.6	0	0	0.33
72800	0.33	0.6	0.6	0	0	0.33
72900	0.33	0.6	0.6	0	0	0.33
73000	0.33	0.6	0.6	0	0	0.33
73100	0.33	0.6	0.6	0	0	0.33
73200	0.33	0.6	0.6	0	0	0.33
73300	0.33	0.6	0.6	0	0	0.33
73400	0.33	0.6	0.6	0	0	0.33
73500	0.33	0.59	0.59	0	0	0.33
73600	0.33	0.59	0.59	0	0	0.33
73700	0.33	0.59	0.59	0	0	0.33
73800	0.33	0.59	0.59	0	0	0.33
73900	0.33	0.59	0.59	0	0	0.33
74000	0.33	0.59	0.59	0	0	0.33
74100	0.33	0.6	0.6	0	0	0.33
74200	0.33	0.58	0.58	0	0	0.33
74300	0.33	0.58	0.58	0	0	0.33
74400	0.33	0.58	0.58	0	0	0.33
74500	0.33	0.58	0.58	0	0	0.33
74600	0.33	0.58	0.58	0	0	0.33
74700	0.33	0.58	0.58	0	0	0.33
74800	0.33	0.58	0.58	0	0	0.33
74900	0.33	0.58	0.58	0	0	0.33
75000	0.33	0.58	0.58	0	0	0.33
75100	0.33	0.58	0.58	0	0	0.33
75200	0.33	0.58	0.58	0	0	0.33
75300	0.33	0.58	0.58	0	0	0.33
75400	0.33	0.58	0.58	0	0	0.33
75500	0.33	0.58	0.58	0	0	0.33
75600	0.33	0.58	0.58	0	0	0.33
75700	0.33	0.58	0.58	0	0	0.33
75800	0.33	0.58	0.58	0	0	0.33
75900	0.33	0.58	0.58	0	0	0.33
76000	0.33	0.58	0.58	0	0	0.33
76100	0.33	0.58	0.58	0	0	0.33
76200	0.33	0.58	0.58	0	0	0.33
76300	0.33	0.58	0.58	0	0	0.33
76400	0.33	0.58	0.58	0	0	0.33
76500	0.33	0.58	0.58	0	0	0.33
76600	0.33	0.58	0.58	0	0	0.33
76700	0.34	0.58	0.58	0	0	0.34
76800	0.34	0.58	0.58	0	0	0.34
76900	0.34	0.58	0.58	0	0	0.34
77000	0.34	0.58	0.58	0	0	0.34
77100	0.34	0.57	0.57	0	0	0.34
77200	0.34	0.58	0.58	0	0	0.34
77300	0.34	0.58	0.58	0	0	0.34
77400	0.34	0.58	0.58	0	0	0.34
77500	0.34	0.58	0.58	0	0	0.34
77600	0.34	0.58	0.58	0	0	0.34
77700	0.33	0.58	0.58	0	0	0.33
77800	0.33	0.59	0.59	0	0	0.33
77900	0.33	0.59	0.59	0	0	0.33
78000	0.33	0.59	0.59	0	0	0.33
78100	0.33	0.58	0.58	0	0	0.33
78200	0.33	0.58	0.58	0	0	0.33
78300	0.33	0.58	0.58	0	0	0.33
78400	0.33	0.58	0.58	0	0	0.33
78500	0.33	0.58	0.58	0	0	0.33
78600	0.33	0.58	0.58	0	0	0.33
78700	0.33	0.58	0.58	0	0	0.33
78800	0.33	0.59	0.59	0	0	0.33
78900	0.33	0.59	0.59	0	0	0.33
79000	0.33	0.59	0.59	0	0	0.33
79100	0.33	0.59	0.59	0	0	0.33
79200	0.33	0.59	0.59	0	0	0.33
79300	0.33	0.59	0.59	0	0	0.33
79400	0.33	0.59	0.59	0	0	0.33
79500	0.33	0.59	0.59	0	0	0.33
79600	0.33	0.59	0.59	0	0	0.33
79700	0.33	0.59	0.59	0	0	0.33
79800	0.33	0.59	0.59	0	0	0.33
79900	0.33	0.59	0.59	0	0	0.33
80000	0.33	0.59	0.59	0	0	0.33
80100	0.33	0.6	0.6	0	0	0.33
80200	0.33	0.59	0.59	0	0	0.33
80300	0.33	0.59	0.59	0	0	0.33
80400	0.33	0.59	0.59	0	0	0.33
80500	0.33	0.59	0.59	0	0	0.33
80600	0.33	0.59	0.59	0	0	0.33
80700	0.33	0.59	0.59	0	0	0.33
80800	0.33	0.6	0.6	0	0	0.33
80900	0.34	0.6	0.6	0	0	0.34
81000	0.34	0.6	0.6	0	0	0.34
81100	0.34	0.6	0.6	0	0	0.34
81200	0.34	0.6	0.6	0	0	0.34
81300	0.34	0.6	0.6	0	0	0.34
81400	0.34	0.6	0.6	0	0	0.34
81500	0.33	0.6	0.6	0	0	0.33
81600	0.33	0.6	0.6	0	0	0.33
81700	0.33	0.6	0.6	0	0	0.33
81800	0.33	0.6	0.6	0	0	0.33
81900	0.33	0.6	0.6	0	0	0.33
82000	0.33	0.6	0.6	0	0	0.33
82100	0.33	0.6	0.6	0	0	0.33
82200	0.33	0.6	0.6	0	0	0.33
82300	0.33	0.6	0.6	0	0	0.33
82400	0.33	0.6	0.6	0	0	0.33
82500	0.33	0.6	0.6	0	0	0.33
82600	0.33	0.6	0.6	0	0	0.33
82700	0.33	0.6	0.6	0	0	0.33
82800	0.33	0.6	0.6	0	0	0.33
82900	0.33	0.6	0.6	0	0	0.33
83000	0.33	0.6	0.6	0	0	0.33
83100	0.33	0.6	0.6	0	0	0.33
83200	0.33	0.6	0.6	0	0	0.33
83300	0.33	0.6	0.6	0	0	0.33
83400	0.33	0.59	0.59	0	0	0.33
83500	0.33	0.59	0.59	0	0	0.33
83600	0.33	0.59	0.59	0	0	0.33
83700	0.33	0.58	0.58	0	0	0.33
83800	0.33	0.58	0.58	0	0	0.33
83900	0.33	0.58	0.58	0	0	0.33
84000	0.33	0.58	0.58	0	0	0.33
84100	0.33	0.58	0.58	0	0	0.33
84200	0.33	0.58	0.58	0	0	0.33
84300	0.33	0.58	0.58	0	0	0.33
84400	0.33	0.58	0.58	0	0	0.33
84500	0.33	0.58	0.58	0	0	0.33
84600	0.33	0.58	0.58	0	0	0.33
84700	0.33	0.58	0.58	0	0	0.33
84800	0.33	0.58	0.58	0	0	0.33
84900	0.33	0.58	0.58	0	0	0.33
85000	0.33	0.58	0.58	0	0	0.33
85100	0.33	0.58	0.58	0	0	0.33
85200	0.33	0.58	0.58	0	0	0.33
85300	0.33	0.57	0.57	0	0	0.33
85400	0.33	0.57	0.57	0	0	0.33
85500	0.33	0.57	0.57	0	0	0.33
85600	0.33	0.57	0.57	0	0	0.33
85700	0.33	0.57	0.57	0	0	0.33
85800	0.33	0.57	0.57	0	0	0.33
85900	0.33	0.57	0.57	0	0	0.33
86000	0.33	0.57	0.57	0	0	0.33
86100	0.33	0.57	0.57	0	0	0.33
86200	0.33	0.57	0.57	0	0	0.33
86300	0.33	0.58	0.58	0	0	0.33
86400	0.33	0.58	0.58	0	0	0.33
86500	0.33	0.58	0.58	0	0	0.33
86600	0.34	0.58	0.58	0	0	0.34
86700	0.34	0.58	0.58	0	0	0.34
86800	0.34	0.58	0.58	0	0	0.34
86900	0.34	0.58	0.58	0	0	0.34
87000	0.34	0.58	0.58	0	0	0.34
87100	0.34	0.58	0.58	0	0	0.34
87200	0.35	0.58	0.58	0	0	0.35
87300	0.35	0.57	0.57	0	0	0.35
87400	0.35	0.57	0.57	0	0	0.35
87500	0.35	0.57	0.57	0	0	0.35
87600	0.35	0.57	0.57	0	0	0.35
87700	0.35	0.57	0.57	0	0	0.35
87800	0.35	0.57	0.57	0	0	0.35
87900	0.34	0.57	0.57	0	0	0.34
88000	0.34	0.57	0.57	0	0	0.34
88100	0.34	0.57	0.57	0	0	0.34
88200	0.34	0.57	0.57	0	0	0.34
88300	0.34	0.57	0.57	0	0	0.34
88400	0.34	0.57	0.57	0	0	0.34
88500	0.34	0.57	0.57	0	0	0.34
88600	0.34	0.57	0.57	0	0	0.34
88700	0.34	0.57	0.57	0	0	0.34
88800	0.34	0.57	0.57	0	0	0.34
88900	0.34	0.57	0.57	0	0	0.34
89000	0.34	0.57	0.57	0	0	0.34
89100	0.34	0.57	0.57	0	0	0.34
89200	0.34	0.57	0.57	0	0	0.34
89300	0.34	0.57	0.57	0	0	0.34
89400	0.34	0.57	0.57	0	0	0.34
89500	0.34	0.57	0.57	0	0	0.34
89600	0.34	0.57	0.57	0	0	0.34
89700	0.34	0.57	0.57	0	0	0.34
89800	0.34	0.57	0.57	0	0	0.34
89900	0.34	0.57	0.57	0	0	0.34
90000	0.34	0.57	0.57	0	0	0.34
90100	0.34	0.57	0.57	0	0	0.34
90200	0.34	0.57	0.57	0	0	0.34
90300	0.34	0.57	0.57	0	0	0.34
90400	0.34	0.57	0.57	0	0	0.34
90500	0.34	0.57	0.57	0	0	0.34
90600	0.34	0.57	0.57	0	0	0.34
90700	0.34	0.59	0.59	0	0	0.34
90800	0.34	0.59	0.59	0	0	0.34
90900	0.34	0.59	0.59	0	0	0.34
91000	0.34	0.59	0.59	0	0	0.34
91100	0.33	0.59	0.59	0	0	0.33
91200	0.33	0.59	0.59	0	0	0.33
91300	0.33	0.59	0.59	0	0	0.33
91400	0.33	0.59	0.59	0	0	0.33
91500	0.33	0.59	0.59	0	0	0.33
91600	0.33	0.59	0.59	0	0	0.33
91700	0.33	0.59	0.59	0	0	0.33
91800	0.33	0.59	0.59	0	0	0.33
91900	0.33	0.59	0.59	0	0	0.33
92000	0.33	0.59	0.59	0	0	0.33
92100	0.34	0.59	0.59	0	0	0.34
92200	0.34	0.59	0.59	0	0	0.34
92300	0.34	0.59	0.59	0	0	0.34
92400	0.34	0.59	0.59	0	0	0.34
92500	0.34	0.59	0.59	0	0	0.34
92600	0.34	0.59	0.59	0	0	0.34
92700	0.34	0.59	0.59	0	0	0.34
92800	0.34	0.58	0.58	0	0	0.34
92900	0.34	0.58	0.58	0	0	0.34
93000	0.34	0.57	0.57	0	0	0.34
93100	0.34	0.57	0.57	0	0	0.34
93200	0.34	0.57	0.57	0	0	0.34
93300	0.34	0.57	0.57	0	0	0.34
93400	0.34	0.57	0.57	0	0	0.34
93500	0.34	0.57	0.57	0	0	0.34
93600	0.34	0.58	0.58	0	0	0.34
93700	0.34	0.58	0.58	0	0	0.34
93800	0.35	0.58	0.58	0	0	0.35
93900	0.35	0.58	0.58	0	0	0.35
94000	0.35	0.58	0.58	0	0	0.35
94100	0.35	0.58	0.58	0	0	0.35
94200	0.35	0.58	0.58	0	0	0.35
94300	0.35	0.58	0.58	0	0	0.35
94400	0.35	0.58	0.58	0	0	0.35
94500	0.35	0.58	0.58	0	0	0.35
94600	0.35	0.58	0.58	0	0	0.35
94700	0.35	0.58	0.58	0	0	0.35
94800	0.35	0.58	0.58	0	0	0.35
94900	0.35	0.58	0.58	0	0	0.35
95000	0.35	0.58	0.58	0	0	0.35
95100	0.35	0.58	0.58	0	0	0.35
95200	0.35	0.58	0.58	0	0	0.35
95300	0.35	0.57	0.57	0	0	0.35
95400	0.35	0.57	0.57	0	0	0.35
95500	0.34	0.57	0.57	0	0	0.34
95600	0.34	0.57	0.57	0	0	0.34
95700	0.34	0.57	0.57	0	0	0.34
95800	0.34	0.57	0.57	0	0	0.34
95900	0.34	0.57	0.57	0	0	0.34
96000	0.34	0.57	0.57	0	0	0.34
96100	0.34	0.57	0.57	0	0	0.34
96200	0.34	0.57	0.57	0	0	0.34
96300	0.34	0.57	0.57	0	0	0.34
96400	0.34	0.57	0.57	0	0	0.34
96500	0.34	0.57	0.57	0	0	0.34
96600	0.34	0.57	0.57	0	0	0.34
96700	0.34	0.57	0.57	0	0	0.34
96800	0.34	0.57	0.57	0	0	0.34
96900	0.34	0.57	0.57	0	0	0.34
97000	0.34	0.57	0.57	0	0	0.34
97100	0.34	0.57	0.57	0	0	0.34
97200	0.34	0.57	0.57	0	0	0.34
97300	0.34	0.57	0.57	0	0	0.34
97400	0.34	0.57	0.57	0	0	0.34
97500	0.34	0.57	0.57	0	0	0.34
97600	0.34	0.57	0.57	0	0	0.34
97700	0.34	0.57	0.57	0	0	0.34
97800	0.34	0.57	0.57	0	0	0.34
97900	0.34	0.57	0.57	0	0	0.34
98000	0.34	0.57	0.57	0	0	0.34
98100	0.34	0.57	0.57	0	0	0.34
98200	0.34	0.57	0.57	0	0	0.34
98300	0.34	0.57	0.57	0	0	0.34
98400	0.34	0.57	0.57	0	0	0.34
98500	0.35	0.57	0.57	0	0	0.35
98600	0.35	0.58	0.58	0	0	0.35
98700	0.35	0.58	0.58	0	0	0.35
98800	0.35	0.58	0.58	0	0	0.35
98900	0.35	0.58	0.58	0	0	0.35
99000	0.35	0.58	0.58	0	0	0.35
99100	0.35	0.58	0.58	0	0	0.35
99200	0.35	0.58	0.58	0	0	0.35
99300	0.35	0.58	0.58	0	0	0.35
99400	0.35	0.58	0.58	0	0	0.35
99500	0.35	0.58	0.58	0	0	0.35
99600	0.35	0.58	0.58	0	0	0.35
99700	0.35	0.58	0.58	0	0	0.35
99800	0.35	0.58	0.58	0	0	0.35
99900	0.35	0.58	0.58	0	0	0.35
100000	0.35	0.58	0.58	0	0	0.35
