100	0.04	0.14	0.14	0	0	0.04
200	0.05	0.18	0.18	0	0	0.05
300	0.06	0.2	0.2	0	0	0.06
400	0.06	0.2	0.2	0	0	0.06
500	0.06	0.2	0.2	0	0	0.06
600	0.06	0.21	0.21	0	0	0.06
700	0.06	0.22	0.22	0	0	0.06
800	0.06	0.23	0.23	0	0	0.06
900	0.08	0.24	0.24	0	0	0.08
1000	0.1	0.24	0.24	0	0	0.1
1100	0.1	0.24	0.24	0	0	0.1
1200	0.1	0.24	0.24	0	0	0.1
1300	0.11	0.23	0.23	0	0	0.11
1400	0.11	0.26	0.26	0	0	0.11
1500	0.11	0.27	0.27	0	0	0.11
1600	0.11	0.29	0.29	0	0	0.11
1700	0.11	0.31	0.31	0	0	0.11
1800	0.12	0.3	0.3	0	0	0.12
1900	0.12	0.31	0.31	0	0	0.12
2000	0.12	0.31	0.31	0	0	0.12
2100	0.14	0.31	0.31	0	0	0.14
2200	0.14	0.31	0.31	0	0	0.14
2300	0.14	0.31	0.31	0	0	0.14
2400	0.14	0.32	0.32	0	0	0.14
2500	0.14	0.31	0.31	0	0	0.14
2600	0.14	0.32	0.32	0	0	0.14
2700	0.16	0.33	0.33	0	0	0.16
2800	0.16	0.33	0.33	0	0	0.16
2900	0.16	0.33	0.33	0	0	0.16
3000	0.16	0.33	0.33	0	0	0.16
3100	0.16	0.33	0.33	0	0	0.16
3200	0.16	0.34	0.34	0	0	0.16
3300	0.16	0.34	0.34	0	0	0.16
3400	0.16	0.32	0.32	0	0	0.16
3500	0.16	0.33	0.33	0	0	0.16
3600	0.17	0.33	0.33	0	0	0.17
3700	0.16	0.33	0.33	0	0	0.16
3800	0.17	0.33	0.33	0	0	0.17
3900	0.17	0.33	0.33	0	0	0.17
4000	0.18	0.34	0.34	0	0	0.18
4100	0.18	0.34	0.34	0	0	0.18
4200	0.18	0.35	0.35	0	0	0.18
4300	0.18	0.35	0.35	0	0	0.18
4400	0.18	0.35	0.35	0	0	0.18
4500	0.18	0.36	0.36	0	0	0.18
4600	0.18	0.37	0.37	0	0	0.18
4700	0.19	0.37	0.37	0	0	0.19
4800	0.19	0.37	0.37	0	0	0.19
4900	0.18	0.38	0.38	0	0	0.18
5000	0.18	0.39	0.39	0	0	0.18
5100	0.19	0.38	0.38	0	0	0.19
5200	0.19	0.37	0.37	0	0	0.19
5300	0.2	0.36	0.36	0	0	0.2
5400	0.19	0.37	0.37	0	0	0.19
5500	0.19	0.37	0.37	0	0	0.19
5600	0.19	0.37	0.37	0	0	0.19
5700	0.19	0.37	0.37	0	0	0.19
5800	0.2	0.38	0.38	0	0	0.2
5900	0.2	0.39	0.39	0	0	0.2
6000	0.2	0.39	0.39	0	0	0.2
6100	0.2	0.39	0.39	0	0	0.2
6200	0.2	0.39	0.39	0	0	0.2
6300	0.2	0.39	0.39	0	0	0.2
6400	0.2	0.39	0.39	0	0	0.2
6500	0.2	0.39	0.39	0	0	0.2
6600	0.2	0.4	0.4	0	0	0.2
6700	0.2	0.4	0.4	0	0	0.2
6800	0.2	0.4	0.4	0	0	0.2
6900	0.2	0.41	0.41	0	0	0.2
7000	0.2	0.41	0.41	0	0	0.2
7100	0.19	0.41	0.41	0	0	0.19
7200	0.2	0.42	0.42	0	0	0.2
7300	0.21	0.41	0.41	0	0	0.21
7400	0.21	0.42	0.42	0	0	0.21
7500	0.21	0.43	0.43	0	0	0.21
7600	0.21	0.44	0.44	0	0	0.21
7700	0.21	0.44	0.44	0	0	0.21
7800	0.21	0.44	0.44	0	0	0.21
7900	0.21	0.45	0.45	0	0	0.21
8000	0.21	0.45	0.45	0	0	0.21
8100	0.21	0.45	0.45	0	0	0.21
8200	0.21	0.45	0.45	0	0	0.21
8300	0.21	0.45	0.45	0	0	0.21
8400	0.21	0.45	0.45	0	0	0.21
8500	0.21	0.45	0.45	0	0	0.21
8600	0.23	0.45	0.45	0	0	0.23
8700	0.24	0.45	0.45	0	0	0.24
8800	0.24	0.46	0.46	0	0	0.24
8900	0.24	0.44	0.44	0	0	0.24
9000	0.24	0.42	0.42	0	0	0.24
9100	0.25	0.42	0.42	0	0	0.25
9200	0.25	0.43	0.43	0	0	0.25
9300	0.25	0.43	0.43	0	0	0.25
9400	0.25	0.43	0.43	0	0	0.25
9500	0.25	0.43	0.43	0	0	0.25
9600	0.25	0.43	0.43	0	0	0.25
9700	0.25	0.43	0.43	0	0	0.25
9800	0.25	0.43	0.43	0	0	0.25
9900	0.26	0.43	0.43	0	0	0.26
10000	0.26	0.44	0.44	0	0	0.26
10100	0.26	0.43	0.43	0	0	0.26
10200	0.26	0.43	0.43	0	0	0.26
10300	0.26	0.43	0.43	0	0	0.26
10400	0.26	0.44	0.44	0	0	0.26
10500	0.26	0.44	0.44	0	0	0.26
10600	0.26	0.44	0.44	0	0	0.26
10700	0.26	0.46	0.46	0	0	0.26
10800	0.26	0.46	0.46	0	0	0.26
10900	0.26	0.44	0.44	0	0	0.26
11000	0.26	0.44	0.44	0	0	0.26
11100	0.26	0.45	0.45	0	0	0.26
11200	0.26	0.45	0.45	0	0	0.26
11300	0.26	0.45	0.45	0	0	0.26
11400	0.26	0.45	0.45	0	0	0.26
11500	0.26	0.45	0.45	0	0	0.26
11600	0.26	0.45	0.45	0	0	0.26
11700	0.26	0.45	0.45	0	0	0.26
11800	0.26	0.45	0.45	0	0	0.26
11900	0.27	0.45	0.45	0	0	0.27
12000	0.27	0.45	0.45	0	0	0.27
12100	0.27	0.45	0.45	0	0	0.27
12200	0.27	0.45	0.45	0	0	0.27
12300	0.27	0.45	0.45	0	0	0.27
12400	0.27	0.46	0.46	0	0	0.27
12500	0.27	0.46	0.46	0	0	0.27
12600	0.27	0.46	0.46	0	0	0.27
12700	0.27	0.47	0.47	0	0	0.27
12800	0.27	0.47	0.47	0	0	0.27
12900	0.27	0.47	0.47	0	0	0.27
13000	0.28	0.47	0.47	0	0	0.28
13100	0.28	0.47	0.47	0	0	0.28
13200	0.28	0.47	0.47	0	0	0.28
13300	0.28	0.47	0.47	0	0	0.28
13400	0.29	0.48	0.48	0	0	0.29
13500	0.29	0.48	0.48	0	0	0.29
13600	0.29	0.48	0.48	0	0	0.29
13700	0.29	0.48	0.48	0	0	0.29
13800	0.29	0.48	0.48	0	0	0.29
13900	0.29	0.49	0.49	0	0	0.29
14000	0.28	0.48	0.48	0	0	0.28
14100	0.28	0.48	0.48	0	0	0.28
14200	0.28	0.49	0.49	0	0	0.28
14300	0.28	0.48	0.48	0	0	0.28
14400	0.28	0.48	0.48	0	0	0.28
14500	0.28	0.47	0.47	0	0	0.28
14600	0.28	0.47	0.47	0	0	0.28
14700	0.28	0.47	0.47	0	0	0.28
14800	0.28	0.47	0.47	0	0	0.28
14900	0.29	0.47	0.47	0	0	0.29
15000	0.28	0.48	0.48	0	0	0.28
15100	0.27	0.48	0.48	0	0	0.27
15200	0.27	0.48	0.48	0	0	0.27
15300	0.25	0.48	0.48	0	0	0.25
15400	0.25	0.48	0.48	0	0	0.25
15500	0.25	0.48	0.48	0	0	0.25
15600	0.25	0.47	0.47	0	0	0.25
15700	0.25	0.47	0.47	0	0	0.25
15800	0.25	0.47	0.47	0	0	0.25
15900	0.25	0.46	0.46	0	0	0.25
16000	0.24	0.46	0.46	0	0	0.24
16100	0.24	0.47	0.47	0	0	0.24
16200	0.24	0.47	0.47	0	0	0.24
16300	0.24	0.47	0.47	0	0	0.24
16400	0.24	0.48	0.48	0	0	0.24
16500	0.24	0.48	0.48	0	0	0.24
16600	0.24	0.48	0.48	0	0	0.24
16700	0.24	0.48	0.48	0	0	0.24
16800	0.24	0.49	0.49	0	0	0.24
16900	0.24	0.49	0.49	0	0	0.24
17000	0.24	0.49	0.49	0	0	0.24
17100	0.24	0.48	0.48	0	0	0.24
17200	0.24	0.48	0.48	0	0	0.24
17300	0.24	0.48	0.48	0	0	0.24
17400	0.24	0.49	0.49	0	0	0.24
17500	0.24	0.49	0.49	0	0	0.24
17600	0.24	0.49	0.49	0	0	0.24
17700	0.24	0.49	0.49	0	0	0.24
17800	0.24	0.5	0.5	0	0	0.24
17900	0.24	0.49	0.49	0	0	0.24
18000	0.24	0.49	0.49	0	0	0.24
18100	0.25	0.49	0.49	0	0	0.25
18200	0.25	0.5	0.5	0	0	0.25
18300	0.25	0.51	0.51	0	0	0.25
18400	0.25	0.51	0.51	0	0	0.25
18500	0.25	0.52	0.52	0	0	0.25
18600	0.25	0.51	0.51	0	0	0.25
18700	0.26	0.52	0.52	0	0	0.26
18800	0.26	0.5	0.5	0	0	0.26
18900	0.25	0.5	0.5	0	0	0.25
19000	0.25	0.5	0.5	0	0	0.25
19100	0.25	0.5	0.5	0	0	0.25
19200	0.25	0.49	0.49	0	0	0.25
19300	0.26	0.49	0.49	0	0	0.26
19400	0.26	0.49	0.49	0	0	0.26
19500	0.26	0.49	0.49	0	0	0.26
19600	0.26	0.48	0.48	0	0	0.26
19700	0.26	0.48	0.48	0	0	0.26
19800	0.26	0.48	0.48	0	0	0.26
19900	0.26	0.48	0.48	0	0	0.26
20000	0.25	0.48	0.48	0	0	0.25
20100	0.25	0.48	0.48	0	0	0.25
20200	0.25	0.48	0.48	0	0	0.25
20300	0.25	0.48	0.48	0	0	0.25
20400	0.24	0.48	0.48	0	0	0.24
20500	0.24	0.48	0.48	0	0	0.24
20600	0.24	0.48	0.48	0	0	0.24
20700	0.25	0.48	0.48	0	0	0.25
20800	0.25	0.48	0.48	0	0	0.25
20900	0.25	0.48	0.48	0	0	0.25
21000	0.25	0.48	0.48	0	0	0.25
21100	0.25	0.48	0.48	0	0	0.25
21200	0.26	0.48	0.48	0	0	0.26
21300	0.26	0.48	0.48	0	0	0.26
21400	0.26	0.48	0.48	0	0	0.26
21500	0.26	0.48	0.48	0	0	0.26
21600	0.26	0.48	0.48	0	0	0.26
21700	0.25	0.47	0.47	0	0	0.25
21800	0.25	0.47	0.47	0	0	0.25
21900	0.26	0.47	0.47	0	0	0.26
22000	0.26	0.47	0.47	0	0	0.26
22100	0.26	0.47	0.47	0	0	0.26
22200	0.26	0.47	0.47	0	0	0.26
22300	0.27	0.47	0.47	0	0	0.27
22400	0.27	0.47	0.47	0	0	0.27
22500	0.27	0.47	0.47	0	0	0.27
22600	0.27	0.47	0.47	0	0	0.27
22700	0.27	0.47	0.47	0	0	0.27
22800	0.27	0.48	0.48	0	0	0.27
22900	0.27	0.49	0.49	0	0	0.27
23000	0.27	0.49	0.49	0	0	0.27
23100	0.27	0.49	0.49	0	0	0.27
23200	0.27	0.49	0.49	0	0	0.27
23300	0.27	0.49	0.49	0	0	0.27
23400	0.27	0.5	0.5	0	0	0.27
23500	0.27	0.49	0.49	0	0	0.27
23600	0.27	0.49	0.49	0	0	0.27
23700	0.27	0.49	0.49	0	0	0.27
23800	0.27	0.48	0.48	0	0	0.27
23900	0.27	0.48	0.48	0	0	0.27
24000	0.27	0.48	0.48	0	0	0.27
24100	0.27	0.49	0.49	0	0	0.27
24200	0.27	0.49	0.49	0	0	0.27
24300	0.27	0.49	0.49	0	0	0.27
24400	0.27	0.49	0.49	0	0	0.27
24500	0.27	0.49	0.49	0	0	0.27
24600	0.27	0.5	0.5	0	0	0.27
24700	0.27	0.5	0.5	0	0	0.27
24800	0.27	0.5	0.5	0	0	0.27
24900	0.27	0.5	0.5	0	0	0.27
25000	0.27	0.5	0.5	0	0	0.27
25100	0.27	0.52	0.52	0	0	0.27
25200	0.27	0.52	0.52	0	0	0.27
25300	0.27	0.52	0.52	0	0	0.27
25400	0.27	0.52	0.52	0	0	0.27
25500	0.27	0.52	0.52	0	0	0.27
25600	0.29	0.51	0.51	0	0	0.29
25700	0.29	0.5	0.5	0	0	0.29
25800	0.29	0.5	0.5	0	0	0.29
25900	0.29	0.5	0.5	0	0	0.29
26000	0.29	0.5	0.5	0	0	0.29
26100	0.29	0.5	0.5	0	0	0.29
26200	0.29	0.5	0.5	0	0	0.29
26300	0.29	0.51	0.51	0	0	0.29
26400	0.29	0.5	0.5	0	0	0.29
26500	0.29	0.5	0.5	0	0	0.29
26600	0.3	0.5	0.5	0	0	0.3
26700	0.31	0.51	0.51	0	0	0.31
26800	0.31	0.51	0.51	0	0	0.31
26900	0.31	0.51	0.51	0	0	0.31
27000	0.31	0.52	0.52	0	0	0.31
27100	0.31	0.52	0.52	0	0	0.31
27200	0.31	0.52	0.52	0	0	0.31
27300	0.31	0.52	0.52	0	0	0.31
27400	0.31	0.52	0.52	0	0	0.31
27500	0.32	0.52	0.52	0	0	0.32
27600	0.32	0.52	0.52	0	0	0.32
27700	0.32	0.52	0.52	0	0	0.32
27800	0.32	0.52	0.52	0	0	0.32
27900	0.32	0.52	0.52	0	0	0.32
28000	0.32	0.52	0.52	0	0	0.32
28100	0.32	0.52	0.52	0	0	0.32
28200	0.32	0.52	0.52	0	0	0.32
28300	0.32	0.52	0.52	0	0	0.32
28400	0.32	0.52	0.52	0	0	0.32
28500	0.32	0.52	0.52	0	0	0.32
28600	0.32	0.52	0.52	0	0	0.32
28700	0.32	0.52	0.52	0	0	0.32
28800	0.31	0.52	0.52	0	0	0.31
28900	0.31	0.52	0.52	0	0	0.31
29000	0.31	0.52	0.52	0	0	0.31
29100	0.31	0.52	0.52	0	0	0.31
29200	0.31	0.52	0.52	0	0	0.31
29300	0.31	0.52	0.52	0	0	0.31
29400	0.31	0.5	0.5	0	0	0.31
29500	0.31	0.5	0.5	0	0	0.31
29600	0.31	0.51	0.51	0	0	0.31
29700	0.31	0.51	0.51	0	0	0.31
29800	0.31	0.51	0.51	0	0	0.31
29900	0.31	0.5	0.5	0	0	0.31
30000	0.31	0.5	0.5	0	0	0.31
30100	0.3	0.5	0.5	0	0	0.3
30200	0.3	0.49	0.49	0	0	0.3
30300	0.3	0.49	0.49	0	0	0.3
30400	0.3	0.49	0.49	0	0	0.3
30500	0.3	0.49	0.49	0	0	0.3
30600	0.29	0.49	0.49	0	0	0.29
30700	0.29	0.49	0.49	0	0	0.29
30800	0.29	0.49	0.49	0	0	0.29
30900	0.29	0.49	0.49	0	0	0.29
31000	0.29	0.49	0.49	0	0	0.29
31100	0.28	0.49	0.49	0	0	0.28
31200	0.28	0.49	0.49	0	0	0.28
31300	0.28	0.49	0.49	0	0	0.28
31400	0.28	0.5	0.5	0	0	0.28
31500	0.28	0.5	0.5	0	0	0.28
31600	0.28	0.5	0.5	0	0	0.28
31700	0.28	0.5	0.5	0	0	0.28
31800	0.28	0.5	0.5	0	0	0.28
31900	0.29	0.5	0.5	0	0	0.29
32000	0.3	0.5	0.5	0	0	0.3
32100	0.3	0.51	0.51	0	0	0.3
32200	0.3	0.51	0.51	0	0	0.3
32300	0.3	0.51	0.51	0	0	0.3
32400	0.3	0.5	0.5	0	0	0.3
32500	0.3	0.51	0.51	0	0	0.3
32600	0.3	0.51	0.51	0	0	0.3
32700	0.3	0.51	0.51	0	0	0.3
32800	0.3	0.51	0.51	0	0	0.3
32900	0.3	0.52	0.52	0	0	0.3
33000	0.3	0.51	0.51	0	0	0.3
33100	0.3	0.52	0.52	0	0	0.3
33200	0.3	0.52	0.52	0	0	0.3
33300	0.3	0.52	0.52	0	0	0.3
33400	0.3	0.52	0.52	0	0	0.3
33500	0.3	0.52	0.52	0	0	0.3
33600	0.3	0.52	0.52	0	0	0.3
33700	0.3	0.52	0.52	0	0	0.3
33800	0.3	0.52	0.52	0	0	0.3
33900	0.3	0.52	0.52	0	0	0.3
34000	0.3	0.52	0.52	0	0	0.3
34100	0.3	0.54	0.54	0	0	0.3
34200	0.29	0.54	0.54	0	0	0.29
34300	0.29	0.53	0.53	0	0	0.29
34400	0.29	0.53	0.53	0	0	0.29
34500	0.29	0.52	0.52	0	0	0.29
34600	0.29	0.52	0.52	0	0	0.29
34700	0.29	0.52	0.52	0	0	0.29
34800	0.28	0.52	0.52	0	0	0.28
34900	0.28	0.52	0.52	0	0	0.28
35000	0.28	0.52	0.52	0	0	0.28
35100	0.28	0.52	0.52	0	0	0.28
35200	0.28	0.51	0.51	0	0	0.28
35300	0.28	0.51	0.51	0	0	0.28
35400	0.28	0.51	0.51	0	0	0.28
35500	0.28	0.51	0.51	0	0	0.28
35600	0.29	0.51	0.51	0	0	0.29
35700	0.29	0.51	0.51	0	0	0.29
35800	0.29	0.51	0.51	0	0	0.29
35900	0.28	0.51	0.51	0	0	0.28
36000	0.28	0.5	0.5	0	0	0.28
36100	0.28	0.5	0.5	0	0	0.28
36200	0.28	0.5	0.5	0	0	0.28
36300	0.28	0.5	0.5	0	0	0.28
36400	0.28	0.5	0.5	0	0	0.28
36500	0.28	0.5	0.5	0	0	0.28
36600	0.28	0.5	0.5	0	0	0.28
36700	0.29	0.51	0.51	0	0	0.29
36800	0.29	0.5	0.5	0	0	0.29
36900	0.29	0.5	0.5	0	0	0.29
37000	0.3	0.5	0.5	0	0	0.3
37100	0.3	0.5	0.5	0	0	0.3
37200	0.3	0.5	0.5	0	0	0.3
37300	0.3	0.5	0.5	0	0	0.3
37400	0.3	0.51	0.51	0	0	0.3
37500	0.3	0.51	0.51	0	0	0.3
37600	0.3	0.5	0.5	0	0	0.3
37700	0.31	0.5	0.5	0	0	0.31
37800	0.31	0.5	0.5	0	0	0.31
37900	0.3	0.5	0.5	0	0	0.3
38000	0.3	0.5	0.5	0	0	0.3
38100	0.3	0.5	0.5	0	0	0.3
38200	0.3	0.5	0.5	0	0	0.3
38300	0.29	0.5	0.5	0	0	0.29
38400	0.29	0.49	0.49	0	0	0.29
38500	0.29	0.49	0.49	0	0	0.29
38600	0.29	0.49	0.49	0	0	0.29
38700	0.28	0.49	0.49	0	0	0.28
38800	0.28	0.49	0.49	0	0	0.28
38900	0.28	0.49	0.49	0	0	0.28
39000	0.28	0.49	0.49	0	0	0.28
39100	0.28	0.49	0.49	0	0	0.28
39200	0.28	0.49	0.49	0	0	0.28
39300	0.28	0.49	0.49	0	0	0.28
39400	0.28	0.49	0.49	0	0	0.28
39500	0.28	0.49	0.49	0	0	0.28
39600	0.28	0.49	0.49	0	0	0.28
39700	0.28	0.5	0.5	0	0	0.28
39800	0.28	0.5	0.5	0	0	0.28
39900	0.28	0.5	0.5	0	0	0.28
40000	0.29	0.5	0.5	0	0	0.29
40100	0.29	0.5	0.5	0	0	0.29
40200	0.29	0.5	0.5	0	0	0.29
40300	0.3	0.5	0.5	0	0	0.3
40400	0.3	0.5	0.5	0	0	0.3
40500	0.3	0.5	0.5	0	0	0.3
40600	0.3	0.5	0.5	0	0	0.3
40700	0.31	0.5	0.5	0	0	0.31
40800	0.31	0.5	0.5	0	0	0.31
40900	0.31	0.49	0.49	0	0	0.31
41000	0.31	0.49	0.49	0	0	0.31
41100	0.31	0.49	0.49	0	0	0.31
41200	0.32	0.49	0.49	0	0	0.32
41300	0.31	0.49	0.49	0	0	0.31
41400	0.31	0.49	0.49	0	0	0.31
41500	0.31	0.5	0.5	0	0	0.31
41600	0.31	0.5	0.5	0	0	0.31
41700	0.32	0.5	0.5	0	0	0.32
41800	0.32	0.5	0.5	0	0	0.32
41900	0.32	0.5	0.5	0	0	0.32
42000	0.32	0.5	0.5	0	0	0.32
42100	0.32	0.5	0.5	0	0	0.32
42200	0.32	0.5	0.5	0	0	0.32
42300	0.32	0.5	0.5	0	0	0.32
42400	0.32	0.5	0.5	0	0	0.32
42500	0.32	0.5	0.5	0	0	0.32
42600	0.32	0.5	0.5	0	0	0.32
42700	0.32	0.5	0.5	0	0	0.32
42800	0.32	0.5	0.5	0	0	0.32
42900	0.32	0.5	0.5	0	0	0.32
43000	0.32	0.5	0.5	0	0	0.32
43100	0.32	0.49	0.49	0	0	0.32
43200	0.32	0.51	0.51	0	0	0.32
43300	0.32	0.51	0.51	0	0	0.32
43400	0.32	0.51	0.51	0	0	0.32
43500	0.32	0.51	0.51	0	0	0.32
43600	0.32	0.51	0.51	0	0	0.32
43700	0.32	0.51	0.51	0	0	0.32
43800	0.32	0.5	0.5	0	0	0.32
43900	0.31	0.5	0.5	0	0	0.31
44000	0.3	0.5	0.5	0	0	0.3
44100	0.3	0.5	0.5	0	0	0.3
44200	0.3	0.5	0.5	0	0	0.3
44300	0.3	0.5	0.5	0	0	0.3
44400	0.3	0.5	0.5	0	0	0.3
44500	0.3	0.5	0.5	0	0	0.3
44600	0.3	0.5	0.5	0	0	0.3
44700	0.3	0.5	0.5	0	0	0.3
44800	0.3	0.5	0.5	0	0	0.3
44900	0.3	0.51	0.51	0	0	0.3
45000	0.3	0.51	0.51	0	0	0.3
45100	0.3	0.51	0.51	0	0	0.3
45200	0.3	0.51	0.51	0	0	0.3
45300	0.3	0.52	0.52	0	0	0.3
45400	0.3	0.52	0.52	0	0	0.3
45500	0.3	0.52	0.52	0	0	0.3
45600	0.3	0.52	0.52	0	0	0.3
45700	0.3	0.53	0.53	0	0	0.3
45800	0.3	0.53	0.53	0	0	0.3
45900	0.3	0.53	0.53	0	0	0.3
46000	0.29	0.52	0.52	0	0	0.29
46100	0.29	0.52	0.52	0	0	0.29
46200	0.29	0.53	0.53	0	0	0.29
46300	0.29	0.53	0.53	0	0	0.29
46400	0.29	0.52	0.52	0	0	0.29
46500	0.29	0.53	0.53	0	0	0.29
46600	0.29	0.53	0.53	0	0	0.29
46700	0.29	0.53	0.53	0	0	0.29
46800	0.29	0.53	0.53	0	0	0.29
46900	0.29	0.53	0.53	0	0	0.29
47000	0.29	0.53	0.53	0	0	0.29
47100	0.29	0.53	0.53	0	0	0.29
47200	0.29	0.53	0.53	0	0	0.29
47300	0.29	0.53	0.53	0	0	0.29
47400	0.29	0.53	0.53	0	0	0.29
47500	0.29	0.53	0.53	0	0	0.29
47600	0.29	0.54	0.54	0	0	0.29
47700	0.29	0.54	0.54	0	0	0.29
47800	0.29	0.54	0.54	0	0	0.29
47900	0.3	0.54	0.54	0	0	0.3
48000	0.3	0.54	0.54	0	0	0.3
48100	0.31	0.54	0.54	0	0	0.31
48200	0.31	0.54	0.54	0	0	0.31
48300	0.31	0.54	0.54	0	0	0.31
48400	0.31	0.54	0.54	0	0	0.31
48500	0.3	0.54	0.54	0	0	0.3
48600	0.3	0.54	0.54	0	0	0.3
48700	0.3	0.54	0.54	0	0	0.3
48800	0.3	0.54	0.54	0	0	0.3
48900	0.3	0.54	0.54	0	0	0.3
49000	0.3	0.54	0.54	0	0	0.3
49100	0.3	0.54	0.54	0	0	0.3
49200	0.3	0.54	0.54	0	0	0.3
49300	0.3	0.54	0.54	0	0	0.3
49400	0.3	0.54	0.54	0	0	0.3
49500	0.3	0.54	0.54	0	0	0.3
49600	0.3	0.54	0.54	0	0	0.3
49700	0.3	0.54	0.54	0	0	0.3
49800	0.3	0.54	0.54	0	0	0.3
49900	0.3	0.54	0.54	0	0	0.3
50000	0.3	0.55	0.55	0	0	0.3
50100	0.3	0.54	0.54	0	0	0.3
50200	0.3	0.55	0.55	0	0	0.3
50300	0.3	0.55	0.55	0	0	0.3
50400	0.3	0.55	0.55	0	0	0.3
50500	0.3	0.55	0.55	0	0	0.3
50600	0.3	0.55	0.55	0	0	0.3
50700	0.3	0.55	0.55	0	0	0.3
50800	0.3	0.54	0.54	0	0	0.3
50900	0.3	0.54	0.54	0	0	0.3
51000	0.3	0.54	0.54	0	0	0.3
51100	0.3	0.53	0.53	0	0	0.3
51200	0.3	0.53	0.53	0	0	0.3
51300	0.3	0.53	0.53	0	0	0.3
51400	0.3	0.53	0.53	0	0	0.3
51500	0.31	0.53	0.53	0	0	0.31
51600	0.31	0.52	0.52	0	0	0.31
51700	0.31	0.52	0.52	0	0	0.31
51800	0.31	0.52	0.52	0	0	0.31
51900	0.31	0.52	0.52	0	0	0.31
52000	0.31	0.52	0.52	0	0	0.31
52100	0.31	0.52	0.52	0	0	0.31
52200	0.31	0.52	0.52	0	0	0.31
52300	0.31	0.53	0.53	0	0	0.31
52400	0.31	0.53	0.53	0	0	0.31
52500	0.31	0.52	0.52	0	0	0.31
52600	0.31	0.52	0.52	0	0	0.31
52700	0.31	0.52	0.52	0	0	0.31
52800	0.31	0.52	0.52	0	0	0.31
52900	0.31	0.52	0.52	0	0	0.31
53000	0.31	0.51	0.51	0	0	0.31
53100	0.31	0.5	0.5	0	0	0.31
53200	0.31	0.5	0.5	0	0	0.31
53300	0.31	0.5	0.5	0	0	0.31
53400	0.31	0.5	0.5	0	0	0.31
53500	0.31	0.5	0.5	0	0	0.31
53600	0.31	0.5	0.5	0	0	0.31
53700	0.31	0.5	0.5	0	0	0.31
53800	0.31	0.5	0.5	0	0	0.31
53900	0.31	0.5	0.5	0	0	0.31
54000	0.31	0.5	0.5	0	0	0.31
54100	0.31	0.5	0.5	0	0	0.31
54200	0.3	0.5	0.5	0	0	0.3
54300	0.3	0.5	0.5	0	0	0.3
54400	0.3	0.5	0.5	0	0	0.3
54500	0.3	0.5	0.5	0	0	0.3
54600	0.3	0.49	0.49	0	0	0.3
54700	0.3	0.49	0.49	0	0	0.3
54800	0.3	0.49	0.49	0	0	0.3
54900	0.3	0.49	0.49	0	0	0.3
55000	0.3	0.49	0.49	0	0	0.3
55100	0.3	0.5	0.5	0	0	0.3
55200	0.3	0.5	0.5	0	0	0.3
55300	0.3	0.5	0.5	0	0	0.3
55400	0.3	0.5	0.5	0	0	0.3
55500	0.3	0.5	0.5	0	0	0.3
55600	0.3	0.5	0.5	0	0	0.3
55700	0.3	0.5	0.5	0	0	0.3
55800	0.3	0.5	0.5	0	0	0.3
55900	0.3	0.5	0.5	0	0	0.3
56000	0.3	0.51	0.51	0	0	0.3
56100	0.3	0.51	0.51	0	0	0.3
56200	0.3	0.51	0.51	0	0	0.3
56300	0.3	0.51	0.51	0	0	0.3
56400	0.3	0.52	0.52	0	0	0.3
56500	0.3	0.53	0.53	0	0	0.3
56600	0.3	0.53	0.53	0	0	0.3
56700	0.3	0.53	0.53	0	0	0.3
56800	0.3	0.53	0.53	0	0	0.3
56900	0.3	0.53	0.53	0	0	0.3
57000	0.3	0.53	0.53	0	0	0.3
57100	0.3	0.53	0.53	0	0	0.3
57200	0.3	0.53	0.53	0	0	0.3
57300	0.3	0.53	0.53	0	0	0.3
57400	0.3	0.53	0.53	0	0	0.3
57500	0.3	0.53	0.53	0	0	0.3
57600	0.3	0.53	0.53	0	0	0.3
57700	0.3	0.53	0.53	0	0	0.3
57800	0.3	0.53	0.53	0	0	0.3
57900	0.3	0.53	0.53	0	0	0.3
58000	0.3	0.53	0.53	0	0	0.3
58100	0.3	0.53	0.53	0	0	0.3
58200	0.3	0.52	0.52	0	0	0.3
58300	0.3	0.52	0.52	0	0	0.3
58400	0.3	0.52	0.52	0	0	0.3
58500	0.3	0.52	0.52	0	0	0.3
58600	0.3	0.51	0.51	0	0	0.3
58700	0.3	0.51	0.51	0	0	0.3
58800	0.3	0.51	0.51	0	0	0.3
58900	0.3	0.51	0.51	0	0	0.3
59000	0.3	0.51	0.51	0	0	0.3
59100	0.3	0.51	0.51	0	0	0.3
59200	0.3	0.51	0.51	0	0	0.3
59300	0.3	0.51	0.51	0	0	0.3
59400	0.3	0.51	0.51	0	0	0.3
59500	0.3	0.51	0.51	0	0	0.3
59600	0.3	0.51	0.51	0	0	0.3
59700	0.3	0.51	0.51	0	0	0.3
59800	0.3	0.51	0.51	0	0	0.3
59900	0.3	0.51	0.51	0	0	0.3
60000	0.3	0.5	0.5	0	0	0.3
60100	0.3	0.51	0.51	0	0	0.3
60200	0.3	0.51	0.51	0	0	0.3
60300	0.3	0.51	0.51	0	0	0.3
60400	0.3	0.5	0.5	0	0	0.3
60500	0.3	0.51	0.51	0	0	0.3
60600	0.3	0.5	0.5	0	0	0.3
60700	0.3	0.5	0.5	0	0	0.3
60800	0.3	0.5	0.5	0	0	0.3
60900	0.3	0.5	0.5	0	0	0.3
61000	0.3	0.49	0.49	0	0	0.3
61100	0.29	0.49	0.49	0	0	0.29
61200	0.29	0.5	0.5	0	0	0.29
61300	0.29	0.48	0.48	0	0	0.29
61400	0.29	0.48	0.48	0	0	0.29
61500	0.29	0.48	0.48	0	0	0.29
61600	0.29	0.49	0.49	0	0	0.29
61700	0.29	0.49	0.49	0	0	0.29
61800	0.29	0.5	0.5	0	0	0.29
61900	0.29	0.5	0.5	0	0	0.29
62000	0.29	0.5	0.5	0	0	0.29
62100	0.29	0.5	0.5	0	0	0.29
62200	0.29	0.5	0.5	0	0	0.29
62300	0.29	0.51	0.51	0	0	0.29
62400	0.29	0.51	0.51	0	0	0.29
62500	0.29	0.51	0.51	0	0	0.29
62600	0.29	0.51	0.51	0	0	0.29
62700	0.29	0.51	0.51	0	0	0.29
62800	0.29	0.51	0.51	0	0	0.29
62900	0.29	0.51	0.51	0	0	0.29
63000	0.29	0.51	0.51	0	0	0.29
63100	0.29	0.51	0.51	0	0	0.29
63200	0.29	0.51	0.51	0	0	0.29
63300	0.29	0.51	0.51	0	0	0.29
63400	0.29	0.51	0.51	0	0	0.29
63500	0.29	0.51	0.51	0	0	0.29
63600	0.29	0.51	0.51	0	0	0.29
63700	0.29	0.51	0.51	0	0	0.29
63800	0.29	0.51	0.51	0	0	0.29
63900	0.29	0.51	0.51	0	0	0.29
64000	0.29	0.51	0.51	0	0	0.29
64100	0.29	0.51	0.51	0	0	0.29
64200	0.29	0.51	0.51	0	0	0.29
64300	0.29	0.51	0.51	0	0	0.29
64400	0.29	0.51	0.51	0	0	0.29
64500	0.29	0.51	0.51	0	0	0.29
64600	0.3	0.51	0.51	0	0	0.3
64700	0.3	0.51	0.51	0	0	0.3
64800	0.3	0.52	0.52	0	0	0.3
64900	0.3	0.52	0.52	0	0	0.3
65000	0.3	0.53	0.53	0	0	0.3
65100	0.3	0.53	0.53	0	0	0.3
65200	0.3	0.53	0.53	0	0	0.3
65300	0.3	0.53	0.53	0	0	0.3
65400	0.3	0.54	0.54	0	0	0.3
65500	0.3	0.53	0.53	0	0	0.3
65600	0.3	0.52	0.52	0	0	0.3
65700	0.3	0.51	0.51	0	0	0.3
65800	0.31	0.51	0.51	0	0	0.31
65900	0.31	0.51	0.51	0	0	0.31
66000	0.31	0.51	0.51	0	0	0.31
66100	0.31	0.51	0.51	0	0	0.31
66200	0.31	0.51	0.51	0	0	0.31
66300	0.31	0.51	0.51	0	0	0.31
66400	0.31	0.51	0.51	0	0	0.31
66500	0.31	0.51	0.51	0	0	0.31
66600	0.31	0.51	0.51	0	0	0.31
66700	0.31	0.51	0.51	0	0	0.31
66800	0.31	0.51	0.51	0	0	0.31
66900	0.31	0.51	0.51	0	0	0.31
67000	0.31	0.51	0.51	0	0	0.31
67100	0.31	0.51	0.51	0	0	0.31
67200	0.31	0.51	0.51	0	0	0.31
67300	0.31	0.51	0.51	0	0	0.31
67400	0.31	0.51	0.51	0	0	0.31
67500	0.32	0.52	0.52	0	0	0.32
67600	0.32	0.52	0.52	0	0	0.32
67700	0.32	0.52	0.52	0	0	0.32
67800	0.32	0.52	0.52	0	0	0.32
67900	0.31	0.52	0.52	0	0	0.31
68000	0.31	0.52	0.52	0	0	0.31
68100	0.31	0.52	0.52	0	0	0.31
68200	0.31	0.52	0.52	0	0	0.31
68300	0.31	0.52	0.52	0	0	0.31
68400	0.31	0.52	0.52	0	0	0.31
68500	0.31	0.52	0.52	0	0	0.31
68600	0.31	0.52	0.52	0	0	0.31
68700	0.32	0.52	0.52	0	0	0.32
68800	0.32	0.52	0.52	0	0	0.32
68900	0.32	0.52	0.52	0	0	0.32
69000	0.32	0.51	0.51	0	0	0.32
69100	0.32	0.51	0.51	0	0	0.32
69200	0.32	0.51	0.51	0	0	0.32
69300	0.32	0.51	0.51	0	0	0.32
69400	0.32	0.51	0.51	0	0	0.32
69500	0.32	0.52	0.52	0	0	0.32
69600	0.32	0.53	0.53	0	0	0.32
69700	0.32	0.52	0.52	0	0	0.32
69800	0.32	0.52	0.52	0	0	0.32
69900	0.32	0.52	0.52	0	0	0.32
70000	0.32	0.52	0.52	0	0	0.32
70100	0.32	0.52	0.52	0	0	0.32
70200	0.32	0.52	0.52	0	0	0.32
70300	0.32	0.53	0.53	0	0	0.32
70400	0.32	0.53	0.53	0	0	0.32
70500	0.32	0.53	0.53	0	0	0.32
70600	0.32	0.53	0.53	0	0	0.32
70700	0.32	0.53	0.53	0	0	0.32
70800	0.32	0.53	0.53	0	0	0.32
70900	0.32	0.53	0.53	0	0	0.32
71000	0.32	0.53	0.53	0	0	0.32
71100	0.32	0.53	0.53	0	0	0.32
71200	0.33	0.54	0.54	0	0	0.33
71300	0.33	0.54	0.54	0	0	0.33
71400	0.33	0.54	0.54	0	0	0.33
71500	0.33	0.54	0.54	0	0	0.33
71600	0.33	0.54	0.54	0	0	0.33
71700	0.33	0.54	0.54	0	0	0.33
71800	0.33	0.54	0.54	0	0	0.33
71900	0.33	0.54	0.54	0	0	0.33
72000	0.34	0.54	0.54	0	0	0.34
72100	0.34	0.54	0.54	0	0	0.34
72200	0.34	0.54	0.54	0	0	0.34
72300	0.34	0.54	0.54	0	0	0.34
72400	0.34	0.55	0.55	0	0	0.34
72500	0.34	0.54	0.54	0	0	0.34
72600	0.34	0.55	0.55	0	0	0.34
72700	0.34	0.55	0.55	0	0	0.34
72800	0.34	0.55	0.55	0	0	0.34
72900	0.34	0.56	0.56	0	0	0.34
73000	0.34	0.56	0.56	0	0	0.34
73100	0.34	0.55	0.55	0	0	0.34
73200	0.34	0.55	0.55	0	0	0.34
73300	0.34	0.55	0.55	0	0	0.34
73400	0.33	0.55	0.55	0	0	0.33
73500	0.33	0.55	0.55	0	0	0.33
73600	0.33	0.54	0.54	0	0	0.33
73700	0.33	0.54	0.54	0	0	0.33
73800	0.33	0.54	0.54	0	0	0.33
73900	0.33	0.54	0.54	0	0	0.33
74000	0.33	0.54	0.54	0	0	0.33
74100	0.33	0.54	0.54	0	0	0.33
74200	0.33	0.54	0.54	0	0	0.33
74300	0.33	0.54	0.54	0	0	0.33
74400	0.33	0.54	0.54	0	0	0.33
74500	0.33	0.54	0.54	0	0	0.33
74600	0.33	0.54	0.54	0	0	0.33
74700	0.34	0.54	0.54	0	0	0.34
74800	0.34	0.54	0.54	0	0	0.34
74900	0.34	0.54	0.54	0	0	0.34
75000	0.34	0.54	0.54	0	0	0.34
75100	0.34	0.54	0.54	0	0	0.34
75200	0.34	0.54	0.54	0	0	0.34
75300	0.34	0.54	0.54	0	0	0.34
75400	0.34	0.54	0.54	0	0	0.34
75500	0.34	0.54	0.54	0	0	0.34
75600	0.34	0.55	0.55	0	0	0.34
75700	0.34	0.55	0.55	0	0	0.34
75800	0.34	0.55	0.55	0	0	0.34
75900	0.34	0.54	0.54	0	0	0.34
76000	0.34	0.54	0.54	0	0	0.34
76100	0.34	0.54	0.54	0	0	0.34
76200	0.34	0.54	0.54	0	0	0.34
76300	0.34	0.54	0.54	0	0	0.34
76400	0.34	0.53	0.53	0	0	0.34
76500	0.34	0.53	0.53	0	0	0.34
76600	0.34	0.53	0.53	0	0	0.34
76700	0.34	0.53	0.53	0	0	0.34
76800	0.34	0.53	0.53	0	0	0.34
76900	0.34	0.52	0.52	0	0	0.34
77000	0.33	0.52	0.52	0	0	0.33
77100	0.33	0.52	0.52	0	0	0.33
77200	0.33	0.52	0.52	0	0	0.33
77300	0.33	0.52	0.52	0	0	0.33
77400	0.33	0.52	0.52	0	0	0.33
77500	0.33	0.52	0.52	0	0	0.33
77600	0.33	0.52	0.52	0	0	0.33
77700	0.32	0.52	0.52	0	0	0.32
77800	0.32	0.52	0.52	0	0	0.32
77900	0.32	0.52	0.52	0	0	0.32
78000	0.32	0.53	0.53	0	0	0.32
78100	0.32	0.53	0.53	0	0	0.32
78200	0.32	0.53	0.53	0	0	0.32
78300	0.33	0.53	0.53	0	0	0.33
78400	0.33	0.53	0.53	0	0	0.33
78500	0.33	0.53	0.53	0	0	0.33
78600	0.33	0.53	0.53	0	0	0.33
78700	0.34	0.53	0.53	0	0	0.34
78800	0.34	0.52	0.52	0	0	0.34
78900	0.34	0.52	0.52	0	0	0.34
79000	0.35	0.52	0.52	0	0	0.35
79100	0.35	0.52	0.52	0	0	0.35
79200	0.35	0.52	0.52	0	0	0.35
79300	0.35	0.51	0.51	0	0	0.35
79400	0.35	0.51	0.51	0	0	0.35
79500	0.35	0.51	0.51	0	0	0.35
79600	0.34	0.51	0.51	0	0	0.34
79700	0.34	0.51	0.51	0	0	0.34
79800	0.34	0.51	0.51	0	0	0.34
79900	0.34	0.51	0.51	0	0	0.34
80000	0.34	0.51	0.51	0	0	0.34
80100	0.34	0.52	0.52	0	0	0.34
80200	0.34	0.52	0.52	0	0	0.34
80300	0.34	0.53	0.53	0	0	0.34
80400	0.34	0.53	0.53	0	0	0.34
80500	0.34	0.53	0.53	0	0	0.34
80600	0.34	0.53	0.53	0	0	0.34
80700	0.34	0.53	0.53	0	0	0.34
80800	0.34	0.53	0.53	0	0	0.34
80900	0.34	0.53	0.53	0	0	0.34
81000	0.34	0.53	0.53	0	0	0.34
81100	0.34	0.53	0.53	0	0	0.34
81200	0.34	0.53	0.53	0	0	0.34
81300	0.34	0.53	0.53	0	0	0.34
81400	0.34	0.53	0.53	0	0	0.34
81500	0.34	0.53	0.53	0	0	0.34
81600	0.33	0.53	0.53	0	0	0.33
81700	0.33	0.53	0.53	0	0	0.33
81800	0.33	0.53	0.53	0	0	0.33
81900	0.33	0.53	0.53	0	0	0.33
82000	0.33	0.53	0.53	0	0	0.33
82100	0.33	0.53	0.53	0	0	0.33
82200	0.33	0.54	0.54	0	0	0.33
82300	0.33	0.54	0.54	0	0	0.33
82400	0.33	0.54	0.54	0	0	0.33
82500	0.33	0.54	0.54	0	0	0.33
82600	0.33	0.55	0.55	0	0	0.33
82700	0.33	0.55	0.55	0	0	0.33
82800	0.33	0.55	0.55	0	0	0.33
82900	0.33	0.55	0.55	0	0	0.33
83000	0.33	0.55	0.55	0	0	0.33
83100	0.33	0.55	0.55	0	0	0.33
83200	0.33	0.55	0.55	0	0	0.33
83300	0.33	0.55	0.55	0	0	0.33
83400	0.33	0.55	0.55	0	0	0.33
83500	0.33	0.55	0.55	0	0	0.33
83600	0.33	0.54	0.54	0	0	0.33
83700	0.33	0.54	0.54	0	0	0.33
83800	0.33	0.54	0.54	0	0	0.33
83900	0.33	0.54	0.54	0	0	0.33
84000	0.33	0.54	0.54	0	0	0.33
84100	0.33	0.54	0.54	0	0	0.33
84200	0.33	0.54	0.54	0	0	0.33
84300	0.33	0.54	0.54	0	0	0.33
84400	0.33	0.54	0.54	0	0	0.33
84500	0.33	0.54	0.54	0	0	0.33
84600	0.33	0.54	0.54	0	0	0.33
84700	0.33	0.54	0.54	0	0	0.33
84800	0.33	0.54	0.54	0	0	0.33
84900	0.33	0.54	0.54	0	0	0.33
85000	0.33	0.54	0.54	0	0	0.33
85100	0.33	0.54	0.54	0	0	0.33
85200	0.34	0.54	0.54	0	0	0.34
85300	0.33	0.54	0.54	0	0	0.33
85400	0.33	0.54	0.54	0	0	0.33
85500	0.33	0.54	0.54	0	0	0.33
85600	0.33	0.54	0.54	0	0	0.33
85700	0.33	0.54	0.54	0	0	0.33
85800	0.33	0.54	0.54	0	0	0.33
85900	0.33	0.54	0.54	0	0	0.33
86000	0.33	0.54	0.54	0	0	0.33
86100	0.33	0.54	0.54	0	0	0.33
86200	0.34	0.54	0.54	0	0	0.34
86300	0.34	0.55	0.55	0	0	0.34
86400	0.34	0.54	0.54	0	0	0.34
86500	0.34	0.55	0.55	0	0	0.34
86600	0.34	0.55	0.55	0	0	0.34
86700	0.34	0.55	0.55	0	0	0.34
86800	0.36	0.55	0.55	0	0	0.36
86900	0.35	0.55	0.55	0	0	0.35
87000	0.36	0.55	0.55	0	0	0.36
87100	0.35	0.54	0.54	0	0	0.35
87200	0.36	0.54	0.54	0	0	0.36
87300	0.37	0.54	0.54	0	0	0.37
87400	0.37	0.54	0.54	0	0	0.37
87500	0.37	0.54	0.54	0	0	0.37
87600	0.37	0.54	0.54	0	0	0.37
87700	0.37	0.54	0.54	0	0	0.37
87800	0.37	0.54	0.54	0	0	0.37
87900	0.37	0.54	0.54	0	0	0.37
88000	0.37	0.54	0.54	0	0	0.37
88100	0.37	0.54	0.54	0	0	0.37
88200	0.36	0.54	0.54	0	0	0.36
88300	0.36	0.54	0.54	0	0	0.36
88400	0.36	0.53	0.53	0	0	0.36
88500	0.36	0.53	0.53	0	0	0.36
88600	0.36	0.53	0.53	0	0	0.36
88700	0.36	0.53	0.53	0	0	0.36
88800	0.36	0.53	0.53	0	0	0.36
88900	0.36	0.53	0.53	0	0	0.36
89000	0.36	0.53	0.53	0	0	0.36
89100	0.36	0.53	0.53	0	0	0.36
89200	0.36	0.53	0.53	0	0	0.36
89300	0.36	0.53	0.53	0	0	0.36
89400	0.36	0.53	0.53	0	0	0.36
89500	0.36	0.53	0.53	0	0	0.36
89600	0.36	0.54	0.54	0	0	0.36
89700	0.36	0.54	0.54	0	0	0.36
89800	0.36	0.54	0.54	0	0	0.36
89900	0.36	0.54	0.54	0	0	0.36
90000	0.36	0.54	0.54	0	0	0.36
90100	0.36	0.54	0.54	0	0	0.36
90200	0.36	0.54	0.54	0	0	0.36
90300	0.36	0.54	0.54	0	0	0.36
90400	0.36	0.54	0.54	0	0	0.36
90500	0.36	0.54	0.54	0	0	0.36
90600	0.36	0.54	0.54	0	0	0.36
90700	0.36	0.54	0.54	0	0	0.36
90800	0.36	0.54	0.54	0	0	0.36
90900	0.36	0.55	0.55	0	0	0.36
91000	0.36	0.54	0.54	0	0	0.36
91100	0.36	0.54	0.54	0	0	0.36
91200	0.36	0.54	0.54	0	0	0.36
91300	0.36	0.53	0.53	0	0	0.36
91400	0.36	0.53	0.53	0	0	0.36
91500	0.36	0.53	0.53	0	0	0.36
91600	0.36	0.53	0.53	0	0	0.36
91700	0.36	0.53	0.53	0	0	0.36
91800	0.36	0.53	0.53	0	0	0.36
91900	0.36	0.53	0.53	0	0	0.36
92000	0.36	0.53	0.53	0	0	0.36
92100	0.36	0.53	0.53	0	0	0.36
92200	0.36	0.53	0.53	0	0	0.36
92300	0.35	0.53	0.53	0	0	0.35
92400	0.35	0.53	0.53	0	0	0.35
92500	0.35	0.53	0.53	0	0	0.35
92600	0.35	0.53	0.53	0	0	0.35
92700	0.35	0.53	0.53	0	0	0.35
92800	0.35	0.53	0.53	0	0	0.35
92900	0.35	0.53	0.53	0	0	0.35
93000	0.34	0.53	0.53	0	0	0.34
93100	0.34	0.53	0.53	0	0	0.34
93200	0.34	0.52	0.52	0	0	0.34
93300	0.34	0.52	0.52	0	0	0.34
93400	0.34	0.52	0.52	0	0	0.34
93500	0.34	0.52	0.52	0	0	0.34
93600	0.34	0.52	0.52	0	0	0.34
93700	0.34	0.52	0.52	0	0	0.34
93800	0.34	0.52	0.52	0	0	0.34
93900	0.34	0.52	0.52	0	0	0.34
94000	0.34	0.52	0.52	0	0	0.34
94100	0.34	0.52	0.52	0	0	0.34
94200	0.34	0.52	0.52	0	0	0.34
94300	0.34	0.52	0.52	0	0	0.34
94400	0.34	0.52	0.52	0	0	0.34
94500	0.34	0.51	0.51	0	0	0.34
94600	0.34	0.51	0.51	0	0	0.34
94700	0.34	0.51	0.51	0	0	0.34
94800	0.34	0.51	0.51	0	0	0.34
94900	0.34	0.51	0.51	0	0	0.34
95000	0.34	0.51	0.51	0	0	0.34
95100	0.34	0.51	0.51	0	0	0.34
95200	0.34	0.51	0.51	0	0	0.34
95300	0.34	0.51	0.51	0	0	0.34
95400	0.34	0.51	0.51	0	0	0.34
95500	0.34	0.51	0.51	0	0	0.34
95600	0.34	0.51	0.51	0	0	0.34
95700	0.34	0.51	0.51	0	0	0.34
95800	0.35	0.51	0.51	0	0	0.35
95900	0.34	0.51	0.51	0	0	0.34
96000	0.34	0.51	0.51	0	0	0.34
96100	0.34	0.51	0.51	0	0	0.34
96200	0.34	0.51	0.51	0	0	0.34
96300	0.34	0.51	0.51	0	0	0.34
96400	0.34	0.51	0.51	0	0	0.34
96500	0.34	0.51	0.51	0	0	0.34
96600	0.34	0.51	0.51	0	0	0.34
96700	0.34	0.52	0.52	0	0	0.34
96800	0.34	0.52	0.52	0	0	0.34
96900	0.33	0.52	0.52	0	0	0.33
97000	0.33	0.52	0.52	0	0	0.33
97100	0.33	0.52	0.52	0	0	0.33
97200	0.33	0.52	0.52	0	0	0.33
97300	0.33	0.52	0.52	0	0	0.33
97400	0.33	0.52	0.52	0	0	0.33
97500	0.33	0.52	0.52	0	0	0.33
97600	0.33	0.52	0.52	0	0	0.33
97700	0.33	0.52	0.52	0	0	0.33
97800	0.34	0.52	0.52	0	0	0.34
97900	0.34	0.52	0.52	0	0	0.34
98000	0.34	0.52	0.52	0	0	0.34
98100	0.34	0.52	0.52	0	0	0.34
98200	0.34	0.52	0.52	0	0	0.34
98300	0.34	0.53	0.53	0	0	0.34
98400	0.34	0.53	0.53	0	0	0.34
98500	0.34	0.53	0.53	0	0	0.34
98600	0.34	0.52	0.52	0	0	0.34
98700	0.34	0.52	0.52	0	0	0.34
98800	0.34	0.52	0.52	0	0	0.34
98900	0.34	0.52	0.52	0	0	0.34
99000	0.34	0.52	0.52	0	0	0.34
99100	0.33	0.52	0.52	0	0	0.33
99200	0.33	0.52	0.52	0	0	0.33
99300	0.33	0.52	0.52	0	0	0.33
99400	0.33	0.52	0.52	0	0	0.33
99500	0.33	0.52	0.52	0	0	0.33
99600	0.33	0.52	0.52	0	0	0.33
99700	0.33	0.52	0.52	0	0	0.33
99800	0.33	0.52	0.52	0	0	0.33
99900	0.33	0.52	0.52	0	0	0.33
100000	0.33	0.52	0.52	0	0	0.33
