100	0.1	0.1	0.1	0	0	0.1
200	0.11	0.12	0.12	0	0	0.11
300	0.12	0.13	0.13	0	0	0.12
400	0.13	0.15	0.15	0	0	0.13
500	0.15	0.14	0.14	0	0	0.15
600	0.16	0.14	0.14	0	0	0.16
700	0.17	0.15	0.15	0	0	0.17
800	0.19	0.18	0.18	0	0	0.19
900	0.2	0.18	0.18	0	0	0.2
1000	0.2	0.18	0.18	0	0	0.2
1100	0.22	0.19	0.19	0	0	0.22
1200	0.22	0.2	0.2	0	0	0.22
1300	0.22	0.2	0.2	0	0	0.22
1400	0.24	0.2	0.2	0	0	0.24
1500	0.24	0.2	0.2	0	0	0.24
1600	0.24	0.22	0.22	0	0	0.24
1700	0.24	0.24	0.24	0	0	0.24
1800	0.25	0.24	0.24	0	0	0.25
1900	0.26	0.24	0.24	0	0	0.26
2000	0.25	0.24	0.24	0	0	0.25
2100	0.26	0.24	0.24	0	0	0.26
2200	0.27	0.24	0.24	0	0	0.27
2300	0.26	0.26	0.26	0	0	0.26
2400	0.27	0.26	0.26	0	0	0.27
2500	0.27	0.28	0.28	0	0	0.27
2600	0.27	0.26	0.26	0	0	0.27
2700	0.28	0.26	0.26	0	0	0.28
2800	0.28	0.27	0.27	0	0	0.28
2900	0.28	0.27	0.27	0	0	0.28
3000	0.28	0.29	0.29	0	0	0.28
3100	0.27	0.3	0.3	0	0	0.27
3200	0.28	0.3	0.3	0	0	0.28
3300	0.27	0.3	0.3	0	0	0.27
3400	0.27	0.3	0.3	0	0	0.27
3500	0.27	0.29	0.29	0	0	0.27
3600	0.27	0.3	0.3	0	0	0.27
3700	0.27	0.3	0.3	0	0	0.27
3800	0.28	0.31	0.31	0	0	0.28
3900	0.28	0.31	0.31	0	0	0.28
4000	0.28	0.32	0.32	0	0	0.28
4100	0.28	0.32	0.32	0	0	0.28
4200	0.28	0.33	0.33	0	0	0.28
4300	0.28	0.33	0.33	0	0	0.28
4400	0.28	0.34	0.34	0	0	0.28
4500	0.28	0.35	0.35	0	0	0.28
4600	0.28	0.35	0.35	0	0	0.28
4700	0.28	0.35	0.35	0	0	0.28
4800	0.28	0.36	0.36	0	0	0.28
4900	0.27	0.35	0.35	0	0	0.27
5000	0.27	0.35	0.35	0	0	0.27
5100	0.28	0.35	0.35	0	0	0.28
5200	0.27	0.34	0.34	0	0	0.27
5300	0.27	0.33	0.33	0	0	0.27
5400	0.27	0.33	0.33	0	0	0.27
5500	0.29	0.33	0.33	0	0	0.29
5600	0.3	0.34	0.34	0	0	0.3
5700	0.3	0.34	0.34	0	0	0.3
5800	0.29	0.35	0.35	0	0	0.29
5900	0.29	0.37	0.37	0	0	0.29
6000	0.29	0.39	0.39	0	0	0.29
6100	0.31	0.39	0.39	0	0	0.31
6200	0.31	0.39	0.39	0	0	0.31
6300	0.32	0.39	0.39	0	0	0.32
6400	0.32	0.39	0.39	0	0	0.32
6500	0.32	0.39	0.39	0	0	0.32
6600	0.32	0.39	0.39	0	0	0.32
6700	0.33	0.4	0.4	0	0	0.33
6800	0.33	0.39	0.39	0	0	0.33
6900	0.33	0.4	0.4	0	0	0.33
7000	0.33	0.4	0.4	0	0	0.33
7100	0.34	0.4	0.4	0	0	0.34
7200	0.34	0.4	0.4	0	0	0.34
7300	0.35	0.4	0.4	0	0	0.35
7400	0.35	0.39	0.39	0	0	0.35
7500	0.36	0.39	0.39	0	0	0.36
7600	0.36	0.4	0.4	0	0	0.36
7700	0.36	0.41	0.41	0	0	0.36
7800	0.35	0.41	0.41	0	0	0.35
7900	0.35	0.4	0.4	0	0	0.35
8000	0.36	0.4	0.4	0	0	0.36
8100	0.36	0.39	0.39	0	0	0.36
8200	0.37	0.4	0.4	0	0	0.37
8300	0.37	0.39	0.39	0	0	0.37
8400	0.37	0.39	0.39	0	0	0.37
8500	0.36	0.39	0.39	0	0	0.36
8600	0.36	0.39	0.39	0	0	0.36
8700	0.35	0.37	0.37	0	0	0.35
8800	0.34	0.38	0.38	0	0	0.34
8900	0.34	0.39	0.39	0	0	0.34
9000	0.34	0.38	0.38	0	0	0.34
9100	0.34	0.37	0.37	0	0	0.34
9200	0.34	0.38	0.38	0	0	0.34
9300	0.34	0.38	0.38	0	0	0.34
9400	0.34	0.39	0.39	0	0	0.34
9500	0.33	0.39	0.39	0	0	0.33
9600	0.32	0.38	0.38	0	0	0.32
9700	0.32	0.38	0.38	0	0	0.32
9800	0.32	0.39	0.39	0	0	0.32
9900	0.33	0.37	0.37	0	0	0.33
10000	0.32	0.37	0.37	0	0	0.32
10100	0.32	0.37	0.37	0	0	0.32
10200	0.31	0.37	0.37	0	0	0.31
10300	0.31	0.37	0.37	0	0	0.31
10400	0.31	0.37	0.37	0	0	0.31
10500	0.31	0.37	0.37	0	0	0.31
10600	0.3	0.37	0.37	0	0	0.3
10700	0.3	0.37	0.37	0	0	0.3
10800	0.3	0.38	0.38	0	0	0.3
10900	0.3	0.39	0.39	0	0	0.3
11000	0.3	0.39	0.39	0	0	0.3
11100	0.3	0.39	0.39	0	0	0.3
11200	0.3	0.39	0.39	0	0	0.3
11300	0.3	0.39	0.39	0	0	0.3
11400	0.29	0.4	0.4	0	0	0.29
11500	0.29	0.4	0.4	0	0	0.29
11600	0.3	0.41	0.41	0	0	0.3
11700	0.3	0.41	0.41	0	0	0.3
11800	0.3	0.41	0.41	0	0	0.3
11900	0.3	0.41	0.41	0	0	0.3
12000	0.3	0.41	0.41	0	0	0.3
12100	0.3	0.42	0.42	0	0	0.3
12200	0.3	0.41	0.41	0	0	0.3
12300	0.3	0.39	0.39	0	0	0.3
12400	0.3	0.4	0.4	0	0	0.3
12500	0.3	0.41	0.41	0	0	0.3
12600	0.31	0.4	0.4	0	0	0.31
12700	0.31	0.4	0.4	0	0	0.31
12800	0.31	0.4	0.4	0	0	0.31
12900	0.31	0.41	0.41	0	0	0.31
13000	0.31	0.4	0.4	0	0	0.31
13100	0.31	0.4	0.4	0	0	0.31
13200	0.31	0.39	0.39	0	0	0.31
13300	0.31	0.39	0.39	0	0	0.31
13400	0.31	0.38	0.38	0	0	0.31
13500	0.31	0.38	0.38	0	0	0.31
13600	0.3	0.38	0.38	0	0	0.3
13700	0.3	0.38	0.38	0	0	0.3
13800	0.3	0.38	0.38	0	0	0.3
13900	0.3	0.4	0.4	0	0	0.3
14000	0.31	0.4	0.4	0	0	0.31
14100	0.31	0.4	0.4	0	0	0.31
14200	0.31	0.4	0.4	0	0	0.31
14300	0.31	0.4	0.4	0	0	0.31
14400	0.32	0.4	0.4	0	0	0.32
14500	0.32	0.4	0.4	0	0	0.32
14600	0.32	0.4	0.4	0	0	0.32
14700	0.32	0.42	0.42	0	0	0.32
14800	0.32	0.42	0.42	0	0	0.32
14900	0.31	0.43	0.43	0	0	0.31
15000	0.3	0.44	0.44	0	0	0.3
15100	0.3	0.44	0.44	0	0	0.3
15200	0.3	0.44	0.44	0	0	0.3
15300	0.3	0.44	0.44	0	0	0.3
15400	0.3	0.43	0.43	0	0	0.3
15500	0.3	0.43	0.43	0	0	0.3
15600	0.3	0.43	0.43	0	0	0.3
15700	0.31	0.43	0.43	0	0	0.31
15800	0.32	0.43	0.43	0	0	0.32
15900	0.32	0.44	0.44	0	0	0.32
16000	0.32	0.43	0.43	0	0	0.32
16100	0.32	0.43	0.43	0	0	0.32
16200	0.32	0.44	0.44	0	0	0.32
16300	0.32	0.44	0.44	0	0	0.32
16400	0.32	0.44	0.44	0	0	0.32
16500	0.33	0.45	0.45	0	0	0.33
16600	0.34	0.45	0.45	0	0	0.34
16700	0.34	0.45	0.45	0	0	0.34
16800	0.34	0.45	0.45	0	0	0.34
16900	0.33	0.44	0.44	0	0	0.33
17000	0.33	0.44	0.44	0	0	0.33
17100	0.33	0.45	0.45	0	0	0.33
17200	0.33	0.45	0.45	0	0	0.33
17300	0.33	0.44	0.44	0	0	0.33
17400	0.33	0.44	0.44	0	0	0.33
17500	0.33	0.44	0.44	0	0	0.33
17600	0.34	0.44	0.44	0	0	0.34
17700	0.33	0.43	0.43	0	0	0.33
17800	0.33	0.43	0.43	0	0	0.33
17900	0.33	0.44	0.44	0	0	0.33
18000	0.34	0.43	0.43	0	0	0.34
18100	0.34	0.43	0.43	0	0	0.34
18200	0.35	0.43	0.43	0	0	0.35
18300	0.35	0.41	0.41	0	0	0.35
18400	0.35	0.41	0.41	0	0	0.35
18500	0.34	0.41	0.41	0	0	0.34
18600	0.34	0.42	0.42	0	0	0.34
18700	0.35	0.42	0.42	0	0	0.35
18800	0.35	0.42	0.42	0	0	0.35
18900	0.35	0.42	0.42	0	0	0.35
19000	0.35	0.42	0.42	0	0	0.35
19100	0.35	0.42	0.42	0	0	0.35
19200	0.35	0.42	0.42	0	0	0.35
19300	0.35	0.42	0.42	0	0	0.35
19400	0.35	0.42	0.42	0	0	0.35
19500	0.35	0.42	0.42	0	0	0.35
19600	0.35	0.43	0.43	0	0	0.35
19700	0.35	0.42	0.42	0	0	0.35
19800	0.35	0.42	0.42	0	0	0.35
19900	0.35	0.42	0.42	0	0	0.35
20000	0.35	0.42	0.42	0	0	0.35
20100	0.35	0.42	0.42	0	0	0.35
20200	0.36	0.43	0.43	0	0	0.36
20300	0.36	0.43	0.43	0	0	0.36
20400	0.36	0.43	0.43	0	0	0.36
20500	0.37	0.43	0.43	0	0	0.37
20600	0.37	0.43	0.43	0	0	0.37
20700	0.37	0.43	0.43	0	0	0.37
20800	0.37	0.45	0.45	0	0	0.37
20900	0.37	0.45	0.45	0	0	0.37
21000	0.37	0.45	0.45	0	0	0.37
21100	0.37	0.46	0.46	0	0	0.37
21200	0.37	0.46	0.46	0	0	0.37
21300	0.37	0.46	0.46	0	0	0.37
21400	0.37	0.46	0.46	0	0	0.37
21500	0.37	0.45	0.45	0	0	0.37
21600	0.37	0.45	0.45	0	0	0.37
21700	0.37	0.45	0.45	0	0	0.37
21800	0.37	0.45	0.45	0	0	0.37
21900	0.37	0.45	0.45	0	0	0.37
22000	0.37	0.45	0.45	0	0	0.37
22100	0.37	0.45	0.45	0	0	0.37
22200	0.37	0.45	0.45	0	0	0.37
22300	0.37	0.44	0.44	0	0	0.37
22400	0.37	0.44	0.44	0	0	0.37
22500	0.37	0.44	0.44	0	0	0.37
22600	0.37	0.44	0.44	0	0	0.37
22700	0.37	0.44	0.44	0	0	0.37
22800	0.37	0.44	0.44	0	0	0.37
22900	0.37	0.44	0.44	0	0	0.37
23000	0.37	0.44	0.44	0	0	0.37
23100	0.37	0.44	0.44	0	0	0.37
23200	0.37	0.46	0.46	0	0	0.37
23300	0.37	0.46	0.46	0	0	0.37
23400	0.37	0.46	0.46	0	0	0.37
23500	0.37	0.47	0.47	0	0	0.37
23600	0.37	0.48	0.48	0	0	0.37
23700	0.37	0.48	0.48	0	0	0.37
23800	0.37	0.48	0.48	0	0	0.37
23900	0.37	0.48	0.48	0	0	0.37
24000	0.37	0.47	0.47	0	0	0.37
24100	0.37	0.47	0.47	0	0	0.37
24200	0.37	0.47	0.47	0	0	0.37
24300	0.37	0.47	0.47	0	0	0.37
24400	0.35	0.47	0.47	0	0	0.35
24500	0.35	0.46	0.46	0	0	0.35
24600	0.35	0.46	0.46	0	0	0.35
24700	0.35	0.46	0.46	0	0	0.35
24800	0.35	0.46	0.46	0	0	0.35
24900	0.35	0.45	0.45	0	0	0.35
25000	0.35	0.45	0.45	0	0	0.35
25100	0.35	0.46	0.46	0	0	0.35
25200	0.35	0.46	0.46	0	0	0.35
25300	0.35	0.46	0.46	0	0	0.35
25400	0.35	0.46	0.46	0	0	0.35
25500	0.35	0.46	0.46	0	0	0.35
25600	0.35	0.46	0.46	0	0	0.35
25700	0.35	0.46	0.46	0	0	0.35
25800	0.35	0.46	0.46	0	0	0.35
25900	0.35	0.46	0.46	0	0	0.35
26000	0.35	0.46	0.46	0	0	0.35
26100	0.35	0.46	0.46	0	0	0.35
26200	0.35	0.46	0.46	0	0	0.35
26300	0.35	0.46	0.46	0	0	0.35
26400	0.35	0.46	0.46	0	0	0.35
26500	0.35	0.46	0.46	0	0	0.35
26600	0.35	0.47	0.47	0	0	0.35
26700	0.35	0.47	0.47	0	0	0.35
26800	0.35	0.47	0.47	0	0	0.35
26900	0.35	0.47	0.47	0	0	0.35
27000	0.35	0.47	0.47	0	0	0.35
27100	0.35	0.47	0.47	0	0	0.35
27200	0.36	0.48	0.48	0	0	0.36
27300	0.35	0.48	0.48	0	0	0.35
27400	0.35	0.48	0.48	0	0	0.35
27500	0.35	0.48	0.48	0	0	0.35
27600	0.35	0.48	0.48	0	0	0.35
27700	0.35	0.48	0.48	0	0	0.35
27800	0.35	0.47	0.47	0	0	0.35
27900	0.35	0.47	0.47	0	0	0.35
28000	0.35	0.47	0.47	0	0	0.35
28100	0.35	0.47	0.47	0	0	0.35
28200	0.35	0.47	0.47	0	0	0.35
28300	0.35	0.47	0.47	0	0	0.35
28400	0.35	0.47	0.47	0	0	0.35
28500	0.35	0.48	0.48	0	0	0.35
28600	0.35	0.48	0.48	0	0	0.35
28700	0.35	0.48	0.48	0	0	0.35
28800	0.35	0.48	0.48	0	0	0.35
28900	0.35	0.48	0.48	0	0	0.35
29000	0.34	0.48	0.48	0	0	0.34
29100	0.34	0.49	0.49	0	0	0.34
29200	0.34	0.49	0.49	0	0	0.34
29300	0.34	0.49	0.49	0	0	0.34
29400	0.34	0.48	0.48	0	0	0.34
29500	0.33	0.48	0.48	0	0	0.33
29600	0.32	0.48	0.48	0	0	0.32
29700	0.32	0.49	0.49	0	0	0.32
29800	0.32	0.49	0.49	0	0	0.32
29900	0.32	0.49	0.49	0	0	0.32
30000	0.32	0.49	0.49	0	0	0.32
30100	0.32	0.49	0.49	0	0	0.32
30200	0.32	0.5	0.5	0	0	0.32
30300	0.32	0.5	0.5	0	0	0.32
30400	0.32	0.5	0.5	0	0	0.32
30500	0.32	0.5	0.5	0	0	0.32
30600	0.32	0.49	0.49	0	0	0.32
30700	0.32	0.49	0.49	0	0	0.32
30800	0.32	0.48	0.48	0	0	0.32
30900	0.32	0.48	0.48	0	0	0.32
31000	0.32	0.48	0.48	0	0	0.32
31100	0.32	0.48	0.48	0	0	0.32
31200	0.32	0.48	0.48	0	0	0.32
31300	0.32	0.48	0.48	0	0	0.32
31400	0.32	0.48	0.48	0	0	0.32
31500	0.32	0.48	0.48	0	0	0.32
31600	0.32	0.48	0.48	0	0	0.32
31700	0.32	0.48	0.48	0	0	0.32
31800	0.32	0.48	0.48	0	0	0.32
31900	0.32	0.47	0.47	0	0	0.32
32000	0.32	0.47	0.47	0	0	0.32
32100	0.32	0.48	0.48	0	0	0.32
32200	0.32	0.48	0.48	0	0	0.32
32300	0.32	0.48	0.48	0	0	0.32
32400	0.32	0.49	0.49	0	0	0.32
32500	0.33	0.49	0.49	0	0	0.33
32600	0.33	0.47	0.47	0	0	0.33
32700	0.32	0.47	0.47	0	0	0.32
32800	0.32	0.47	0.47	0	0	0.32
32900	0.32	0.47	0.47	0	0	0.32
33000	0.32	0.46	0.46	0	0	0.32
33100	0.32	0.47	0.47	0	0	0.32
33200	0.32	0.47	0.47	0	0	0.32
33300	0.32	0.47	0.47	0	0	0.32
33400	0.32	0.48	0.48	0	0	0.32
33500	0.32	0.48	0.48	0	0	0.32
33600	0.32	0.48	0.48	0	0	0.32
33700	0.32	0.48	0.48	0	0	0.32
33800	0.32	0.48	0.48	0	0	0.32
33900	0.32	0.48	0.48	0	0	0.32
34000	0.32	0.48	0.48	0	0	0.32
34100	0.32	0.48	0.48	0	0	0.32
34200	0.32	0.5	0.5	0	0	0.32
34300	0.32	0.5	0.5	0	0	0.32
34400	0.32	0.5	0.5	0	0	0.32
34500	0.32	0.49	0.49	0	0	0.32
34600	0.32	0.49	0.49	0	0	0.32
34700	0.32	0.49	0.49	0	0	0.32
34800	0.32	0.49	0.49	0	0	0.32
34900	0.32	0.48	0.48	0	0	0.32
35000	0.33	0.48	0.48	0	0	0.33
35100	0.33	0.48	0.48	0	0	0.33
35200	0.33	0.48	0.48	0	0	0.33
35300	0.33	0.48	0.48	0	0	0.33
35400	0.33	0.48	0.48	0	0	0.33
35500	0.32	0.49	0.49	0	0	0.32
35600	0.32	0.48	0.48	0	0	0.32
35700	0.32	0.48	0.48	0	0	0.32
35800	0.32	0.48	0.48	0	0	0.32
35900	0.32	0.48	0.48	0	0	0.32
36000	0.32	0.49	0.49	0	0	0.32
36100	0.32	0.49	0.49	0	0	0.32
36200	0.32	0.49	0.49	0	0	0.32
36300	0.32	0.49	0.49	0	0	0.32
36400	0.32	0.49	0.49	0	0	0.32
36500	0.32	0.49	0.49	0	0	0.32
36600	0.32	0.49	0.49	0	0	0.32
36700	0.32	0.49	0.49	0	0	0.32
36800	0.32	0.49	0.49	0	0	0.32
36900	0.32	0.49	0.49	0	0	0.32
37000	0.32	0.49	0.49	0	0	0.32
37100	0.32	0.49	0.49	0	0	0.32
37200	0.32	0.49	0.49	0	0	0.32
37300	0.32	0.49	0.49	0	0	0.32
37400	0.32	0.48	0.48	0	0	0.32
37500	0.32	0.48	0.48	0	0	0.32
37600	0.32	0.48	0.48	0	0	0.32
37700	0.31	0.48	0.48	0	0	0.31
37800	0.31	0.49	0.49	0	0	0.31
37900	0.31	0.5	0.5	0	0	0.31
38000	0.31	0.51	0.51	0	0	0.31
38100	0.31	0.51	0.51	0	0	0.31
38200	0.31	0.51	0.51	0	0	0.31
38300	0.31	0.51	0.51	0	0	0.31
38400	0.31	0.51	0.51	0	0	0.31
38500	0.31	0.51	0.51	0	0	0.31
38600	0.31	0.51	0.51	0	0	0.31
38700	0.31	0.5	0.5	0	0	0.31
38800	0.31	0.5	0.5	0	0	0.31
38900	0.31	0.5	0.5	0	0	0.31
39000	0.31	0.5	0.5	0	0	0.31
39100	0.3	0.5	0.5	0	0	0.3
39200	0.3	0.5	0.5	0	0	0.3
39300	0.3	0.5	0.5	0	0	0.3
39400	0.3	0.5	0.5	0	0	0.3
39500	0.3	0.5	0.5	0	0	0.3
39600	0.3	0.5	0.5	0	0	0.3
39700	0.3	0.5	0.5	0	0	0.3
39800	0.3	0.5	0.5	0	0	0.3
39900	0.3	0.5	0.5	0	0	0.3
40000	0.3	0.5	0.5	0	0	0.3
40100	0.3	0.5	0.5	0	0	0.3
40200	0.3	0.5	0.5	0	0	0.3
40300	0.3	0.5	0.5	0	0	0.3
40400	0.31	0.5	0.5	0	0	0.31
40500	0.31	0.5	0.5	0	0	0.31
40600	0.31	0.5	0.5	0	0	0.31
40700	0.31	0.5	0.5	0	0	0.31
40800	0.32	0.5	0.5	0	0	0.32
40900	0.33	0.5	0.5	0	0	0.33
41000	0.33	0.49	0.49	0	0	0.33
41100	0.33	0.49	0.49	0	0	0.33
41200	0.33	0.49	0.49	0	0	0.33
41300	0.33	0.49	0.49	0	0	0.33
41400	0.33	0.49	0.49	0	0	0.33
41500	0.33	0.49	0.49	0	0	0.33
41600	0.33	0.49	0.49	0	0	0.33
41700	0.33	0.5	0.5	0	0	0.33
41800	0.33	0.5	0.5	0	0	0.33
41900	0.33	0.5	0.5	0	0	0.33
42000	0.33	0.5	0.5	0	0	0.33
42100	0.33	0.5	0.5	0	0	0.33
42200	0.33	0.5	0.5	0	0	0.33
42300	0.34	0.5	0.5	0	0	0.34
42400	0.34	0.5	0.5	0	0	0.34
42500	0.34	0.5	0.5	0	0	0.34
42600	0.34	0.5	0.5	0	0	0.34
42700	0.34	0.5	0.5	0	0	0.34
42800	0.34	0.5	0.5	0	0	0.34
42900	0.34	0.5	0.5	0	0	0.34
43000	0.34	0.5	0.5	0	0	0.34
43100	0.34	0.5	0.5	0	0	0.34
43200	0.34	0.5	0.5	0	0	0.34
43300	0.34	0.5	0.5	0	0	0.34
43400	0.34	0.5	0.5	0	0	0.34
43500	0.34	0.5	0.5	0	0	0.34
43600	0.34	0.5	0.5	0	0	0.34
43700	0.34	0.49	0.49	0	0	0.34
43800	0.34	0.5	0.5	0	0	0.34
43900	0.34	0.49	0.49	0	0	0.34
44000	0.34	0.49	0.49	0	0	0.34
44100	0.34	0.49	0.49	0	0	0.34
44200	0.34	0.49	0.49	0	0	0.34
44300	0.34	0.5	0.5	0	0	0.34
44400	0.34	0.5	0.5	0	0	0.34
44500	0.34	0.5	0.5	0	0	0.34
44600	0.33	0.5	0.5	0	0	0.33
44700	0.33	0.5	0.5	0	0	0.33
44800	0.33	0.49	0.49	0	0	0.33
44900	0.33	0.48	0.48	0	0	0.33
45000	0.33	0.48	0.48	0	0	0.33
45100	0.33	0.48	0.48	0	0	0.33
45200	0.33	0.48	0.48	0	0	0.33
45300	0.33	0.48	0.48	0	0	0.33
45400	0.33	0.48	0.48	0	0	0.33
45500	0.33	0.48	0.48	0	0	0.33
45600	0.33	0.48	0.48	0	0	0.33
45700	0.33	0.49	0.49	0	0	0.33
45800	0.33	0.49	0.49	0	0	0.33
45900	0.33	0.49	0.49	0	0	0.33
46000	0.34	0.49	0.49	0	0	0.34
46100	0.34	0.49	0.49	0	0	0.34
46200	0.34	0.49	0.49	0	0	0.34
46300	0.34	0.49	0.49	0	0	0.34
46400	0.34	0.49	0.49	0	0	0.34
46500	0.34	0.49	0.49	0	0	0.34
46600	0.34	0.49	0.49	0	0	0.34
46700	0.34	0.49	0.49	0	0	0.34
46800	0.34	0.49	0.49	0	0	0.34
46900	0.34	0.49	0.49	0	0	0.34
47000	0.34	0.49	0.49	0	0	0.34
47100	0.34	0.49	0.49	0	0	0.34
47200	0.34	0.49	0.49	0	0	0.34
47300	0.34	0.49	0.49	0	0	0.34
47400	0.34	0.49	0.49	0	0	0.34
47500	0.34	0.49	0.49	0	0	0.34
47600	0.34	0.49	0.49	0	0	0.34
47700	0.34	0.49	0.49	0	0	0.34
47800	0.34	0.49	0.49	0	0	0.34
47900	0.34	0.49	0.49	0	0	0.34
48000	0.34	0.49	0.49	0	0	0.34
48100	0.34	0.49	0.49	0	0	0.34
48200	0.34	0.49	0.49	0	0	0.34
48300	0.34	0.5	0.5	0	0	0.34
48400	0.34	0.5	0.5	0	0	0.34
48500	0.34	0.5	0.5	0	0	0.34
48600	0.34	0.5	0.5	0	0	0.34
48700	0.34	0.5	0.5	0	0	0.34
48800	0.34	0.5	0.5	0	0	0.34
48900	0.34	0.5	0.5	0	0	0.34
49000	0.34	0.51	0.51	0	0	0.34
49100	0.34	0.51	0.51	0	0	0.34
49200	0.34	0.51	0.51	0	0	0.34
49300	0.34	0.5	0.5	0	0	0.34
49400	0.34	0.5	0.5	0	0	0.34
49500	0.34	0.5	0.5	0	0	0.34
49600	0.34	0.5	0.5	0	0	0.34
49700	0.34	0.5	0.5	0	0	0.34
49800	0.34	0.5	0.5	0	0	0.34
49900	0.34	0.51	0.51	0	0	0.34
50000	0.34	0.52	0.52	0	0	0.34
50100	0.34	0.52	0.52	0	0	0.34
50200	0.34	0.52	0.52	0	0	0.34
50300	0.35	0.53	0.53	0	0	0.35
50400	0.35	0.53	0.53	0	0	0.35
50500	0.35	0.54	0.54	0	0	0.35
50600	0.35	0.54	0.54	0	0	0.35
50700	0.35	0.53	0.53	0	0	0.35
50800	0.35	0.54	0.54	0	0	0.35
50900	0.35	0.53	0.53	0	0	0.35
51000	0.35	0.53	0.53	0	0	0.35
51100	0.35	0.53	0.53	0	0	0.35
51200	0.35	0.53	0.53	0	0	0.35
51300	0.35	0.54	0.54	0	0	0.35
51400	0.35	0.55	0.55	0	0	0.35
51500	0.35	0.55	0.55	0	0	0.35
51600	0.35	0.55	0.55	0	0	0.35
51700	0.35	0.56	0.56	0	0	0.35
51800	0.35	0.55	0.55	0	0	0.35
51900	0.35	0.55	0.55	0	0	0.35
52000	0.35	0.55	0.55	0	0	0.35
52100	0.35	0.55	0.55	0	0	0.35
52200	0.35	0.54	0.54	0	0	0.35
52300	0.35	0.54	0.54	0	0	0.35
52400	0.35	0.54	0.54	0	0	0.35
52500	0.35	0.55	0.55	0	0	0.35
52600	0.35	0.55	0.55	0	0	0.35
52700	0.35	0.55	0.55	0	0	0.35
52800	0.35	0.55	0.55	0	0	0.35
52900	0.35	0.55	0.55	0	0	0.35
53000	0.35	0.55	0.55	0	0	0.35
53100	0.35	0.55	0.55	0	0	0.35
53200	0.35	0.55	0.55	0	0	0.35
53300	0.35	0.55	0.55	0	0	0.35
53400	0.36	0.55	0.55	0	0	0.36
53500	0.36	0.55	0.55	0	0	0.36
53600	0.36	0.55	0.55	0	0	0.36
53700	0.36	0.55	0.55	0	0	0.36
53800	0.36	0.55	0.55	0	0	0.36
53900	0.36	0.55	0.55	0	0	0.36
54000	0.36	0.55	0.55	0	0	0.36
54100	0.36	0.54	0.54	0	0	0.36
54200	0.36	0.54	0.54	0	0	0.36
54300	0.36	0.54	0.54	0	0	0.36
54400	0.36	0.54	0.54	0	0	0.36
54500	0.36	0.54	0.54	0	0	0.36
54600	0.36	0.54	0.54	0	0	0.36
54700	0.36	0.54	0.54	0	0	0.36
54800	0.36	0.54	0.54	0	0	0.36
54900	0.36	0.54	0.54	0	0	0.36
55000	0.36	0.54	0.54	0	0	0.36
55100	0.36	0.54	0.54	0	0	0.36
55200	0.36	0.54	0.54	0	0	0.36
55300	0.36	0.54	0.54	0	0	0.36
55400	0.36	0.53	0.53	0	0	0.36
55500	0.36	0.53	0.53	0	0	0.36
55600	0.36	0.53	0.53	0	0	0.36
55700	0.36	0.53	0.53	0	0	0.36
55800	0.36	0.53	0.53	0	0	0.36
55900	0.36	0.53	0.53	0	0	0.36
56000	0.36	0.53	0.53	0	0	0.36
56100	0.36	0.53	0.53	0	0	0.36
56200	0.36	0.53	0.53	0	0	0.36
56300	0.36	0.53	0.53	0	0	0.36
56400	0.36	0.51	0.51	0	0	0.36
56500	0.36	0.51	0.51	0	0	0.36
56600	0.36	0.51	0.51	0	0	0.36
56700	0.36	0.5	0.5	0	0	0.36
56800	0.36	0.5	0.5	0	0	0.36
56900	0.36	0.5	0.5	0	0	0.36
57000	0.36	0.5	0.5	0	0	0.36
57100	0.36	0.5	0.5	0	0	0.36
57200	0.36	0.51	0.51	0	0	0.36
57300	0.36	0.49	0.49	0	0	0.36
57400	0.36	0.5	0.5	0	0	0.36
57500	0.36	0.49	0.49	0	0	0.36
57600	0.36	0.49	0.49	0	0	0.36
57700	0.36	0.49	0.49	0	0	0.36
57800	0.36	0.49	0.49	0	0	0.36
57900	0.36	0.5	0.5	0	0	0.36
58000	0.36	0.5	0.5	0	0	0.36
58100	0.36	0.5	0.5	0	0	0.36
58200	0.36	0.5	0.5	0	0	0.36
58300	0.36	0.5	0.5	0	0	0.36
58400	0.36	0.5	0.5	0	0	0.36
58500	0.36	0.5	0.5	0	0	0.36
58600	0.36	0.5	0.5	0	0	0.36
58700	0.36	0.5	0.5	0	0	0.36
58800	0.36	0.5	0.5	0	0	0.36
58900	0.36	0.5	0.5	0	0	0.36
59000	0.36	0.5	0.5	0	0	0.36
59100	0.36	0.5	0.5	0	0	0.36
59200	0.36	0.5	0.5	0	0	0.36
59300	0.36	0.5	0.5	0	0	0.36
59400	0.36	0.5	0.5	0	0	0.36
59500	0.36	0.5	0.5	0	0	0.36
59600	0.36	0.5	0.5	0	0	0.36
59700	0.36	0.5	0.5	0	0	0.36
59800	0.36	0.5	0.5	0	0	0.36
59900	0.36	0.5	0.5	0	0	0.36
60000	0.36	0.51	0.51	0	0	0.36
60100	0.36	0.51	0.51	0	0	0.36
60200	0.36	0.51	0.51	0	0	0.36
60300	0.36	0.5	0.5	0	0	0.36
60400	0.36	0.5	0.5	0	0	0.36
60500	0.36	0.51	0.51	0	0	0.36
60600	0.36	0.51	0.51	0	0	0.36
60700	0.36	0.51	0.51	0	0	0.36
60800	0.36	0.51	0.51	0	0	0.36
60900	0.36	0.51	0.51	0	0	0.36
61000	0.36	0.51	0.51	0	0	0.36
61100	0.36	0.51	0.51	0	0	0.36
61200	0.36	0.51	0.51	0	0	0.36
61300	0.36	0.51	0.51	0	0	0.36
61400	0.35	0.51	0.51	0	0	0.35
61500	0.35	0.51	0.51	0	0	0.35
61600	0.35	0.51	0.51	0	0	0.35
61700	0.35	0.51	0.51	0	0	0.35
61800	0.35	0.5	0.5	0	0	0.35
61900	0.35	0.5	0.5	0	0	0.35
62000	0.35	0.5	0.5	0	0	0.35
62100	0.35	0.5	0.5	0	0	0.35
62200	0.35	0.5	0.5	0	0	0.35
62300	0.35	0.51	0.51	0	0	0.35
62400	0.35	0.51	0.51	0	0	0.35
62500	0.35	0.51	0.51	0	0	0.35
62600	0.34	0.51	0.51	0	0	0.34
62700	0.34	0.51	0.51	0	0	0.34
62800	0.34	0.51	0.51	0	0	0.34
62900	0.34	0.51	0.51	0	0	0.34
63000	0.34	0.52	0.52	0	0	0.34
63100	0.34	0.52	0.52	0	0	0.34
63200	0.34	0.52	0.52	0	0	0.34
63300	0.34	0.52	0.52	0	0	0.34
63400	0.34	0.52	0.52	0	0	0.34
63500	0.34	0.53	0.53	0	0	0.34
63600	0.34	0.53	0.53	0	0	0.34
63700	0.34	0.53	0.53	0	0	0.34
63800	0.34	0.53	0.53	0	0	0.34
63900	0.34	0.53	0.53	0	0	0.34
64000	0.34	0.53	0.53	0	0	0.34
64100	0.34	0.53	0.53	0	0	0.34
64200	0.34	0.53	0.53	0	0	0.34
64300	0.34	0.53	0.53	0	0	0.34
64400	0.34	0.53	0.53	0	0	0.34
64500	0.35	0.53	0.53	0	0	0.35
64600	0.35	0.53	0.53	0	0	0.35
64700	0.35	0.53	0.53	0	0	0.35
64800	0.35	0.53	0.53	0	0	0.35
64900	0.35	0.53	0.53	0	0	0.35
65000	0.35	0.53	0.53	0	0	0.35
65100	0.35	0.53	0.53	0	0	0.35
65200	0.35	0.53	0.53	0	0	0.35
65300	0.35	0.53	0.53	0	0	0.35
65400	0.35	0.53	0.53	0	0	0.35
65500	0.35	0.53	0.53	0	0	0.35
65600	0.35	0.52	0.52	0	0	0.35
65700	0.35	0.52	0.52	0	0	0.35
65800	0.35	0.52	0.52	0	0	0.35
65900	0.35	0.52	0.52	0	0	0.35
66000	0.35	0.51	0.51	0	0	0.35
66100	0.35	0.51	0.51	0	0	0.35
66200	0.35	0.5	0.5	0	0	0.35
66300	0.35	0.5	0.5	0	0	0.35
66400	0.35	0.5	0.5	0	0	0.35
66500	0.35	0.5	0.5	0	0	0.35
66600	0.35	0.5	0.5	0	0	0.35
66700	0.35	0.5	0.5	0	0	0.35
66800	0.35	0.5	0.5	0	0	0.35
66900	0.35	0.5	0.5	0	0	0.35
67000	0.35	0.5	0.5	0	0	0.35
67100	0.35	0.5	0.5	0	0	0.35
67200	0.35	0.5	0.5	0	0	0.35
67300	0.35	0.5	0.5	0	0	0.35
67400	0.35	0.51	0.51	0	0	0.35
67500	0.35	0.52	0.52	0	0	0.35
67600	0.35	0.52	0.52	0	0	0.35
67700	0.35	0.52	0.52	0	0	0.35
67800	0.35	0.51	0.51	0	0	0.35
67900	0.35	0.51	0.51	0	0	0.35
68000	0.36	0.51	0.51	0	0	0.36
68100	0.36	0.51	0.51	0	0	0.36
68200	0.36	0.51	0.51	0	0	0.36
68300	0.36	0.51	0.51	0	0	0.36
68400	0.36	0.51	0.51	0	0	0.36
68500	0.36	0.52	0.52	0	0	0.36
68600	0.36	0.52	0.52	0	0	0.36
68700	0.36	0.52	0.52	0	0	0.36
68800	0.36	0.52	0.52	0	0	0.36
68900	0.36	0.52	0.52	0	0	0.36
69000	0.37	0.52	0.52	0	0	0.37
69100	0.37	0.52	0.52	0	0	0.37
69200	0.37	0.52	0.52	0	0	0.37
69300	0.37	0.52	0.52	0	0	0.37
69400	0.37	0.52	0.52	0	0	0.37
69500	0.37	0.52	0.52	0	0	0.37
69600	0.37	0.52	0.52	0	0	0.37
69700	0.36	0.53	0.53	0	0	0.36
69800	0.36	0.53	0.53	0	0	0.36
69900	0.36	0.54	0.54	0	0	0.36
70000	0.36	0.53	0.53	0	0	0.36
70100	0.36	0.55	0.55	0	0	0.36
70200	0.36	0.55	0.55	0	0	0.36
70300	0.36	0.55	0.55	0	0	0.36
70400	0.36	0.55	0.55	0	0	0.36
70500	0.36	0.55	0.55	0	0	0.36
70600	0.36	0.55	0.55	0	0	0.36
70700	0.36	0.55	0.55	0	0	0.36
70800	0.36	0.55	0.55	0	0	0.36
70900	0.36	0.55	0.55	0	0	0.36
71000	0.36	0.55	0.55	0	0	0.36
71100	0.37	0.55	0.55	0	0	0.37
71200	0.37	0.55	0.55	0	0	0.37
71300	0.37	0.55	0.55	0	0	0.37
71400	0.37	0.55	0.55	0	0	0.37
71500	0.37	0.55	0.55	0	0	0.37
71600	0.37	0.55	0.55	0	0	0.37
71700	0.37	0.55	0.55	0	0	0.37
71800	0.36	0.55	0.55	0	0	0.36
71900	0.36	0.55	0.55	0	0	0.36
72000	0.36	0.55	0.55	0	0	0.36
72100	0.36	0.55	0.55	0	0	0.36
72200	0.36	0.55	0.55	0	0	0.36
72300	0.36	0.54	0.54	0	0	0.36
72400	0.36	0.54	0.54	0	0	0.36
72500	0.36	0.54	0.54	0	0	0.36
72600	0.36	0.54	0.54	0	0	0.36
72700	0.37	0.54	0.54	0	0	0.37
72800	0.36	0.54	0.54	0	0	0.36
72900	0.36	0.54	0.54	0	0	0.36
73000	0.34	0.54	0.54	0	0	0.34
73100	0.34	0.54	0.54	0	0	0.34
73200	0.34	0.54	0.54	0	0	0.34
73300	0.34	0.54	0.54	0	0	0.34
73400	0.34	0.54	0.54	0	0	0.34
73500	0.34	0.53	0.53	0	0	0.34
73600	0.35	0.53	0.53	0	0	0.35
73700	0.35	0.53	0.53	0	0	0.35
73800	0.36	0.53	0.53	0	0	0.36
73900	0.36	0.53	0.53	0	0	0.36
74000	0.36	0.53	0.53	0	0	0.36
74100	0.37	0.53	0.53	0	0	0.37
74200	0.37	0.53	0.53	0	0	0.37
74300	0.37	0.52	0.52	0	0	0.37
74400	0.37	0.52	0.52	0	0	0.37
74500	0.37	0.52	0.52	0	0	0.37
74600	0.37	0.52	0.52	0	0	0.37
74700	0.37	0.52	0.52	0	0	0.37
74800	0.37	0.52	0.52	0	0	0.37
74900	0.37	0.52	0.52	0	0	0.37
75000	0.37	0.52	0.52	0	0	0.37
75100	0.37	0.52	0.52	0	0	0.37
75200	0.37	0.52	0.52	0	0	0.37
75300	0.37	0.52	0.52	0	0	0.37
75400	0.37	0.52	0.52	0	0	0.37
75500	0.37	0.52	0.52	0	0	0.37
75600	0.37	0.52	0.52	0	0	0.37
75700	0.37	0.52	0.52	0	0	0.37
75800	0.37	0.52	0.52	0	0	0.37
75900	0.37	0.52	0.52	0	0	0.37
76000	0.37	0.52	0.52	0	0	0.37
76100	0.38	0.52	0.52	0	0	0.38
76200	0.38	0.52	0.52	0	0	0.38
76300	0.38	0.52	0.52	0	0	0.38
76400	0.38	0.52	0.52	0	0	0.38
76500	0.38	0.53	0.53	0	0	0.38
76600	0.38	0.53	0.53	0	0	0.38
76700	0.38	0.53	0.53	0	0	0.38
76800	0.38	0.53	0.53	0	0	0.38
76900	0.38	0.53	0.53	0	0	0.38
77000	0.38	0.53	0.53	0	0	0.38
77100	0.38	0.53	0.53	0	0	0.38
77200	0.38	0.53	0.53	0	0	0.38
77300	0.38	0.53	0.53	0	0	0.38
77400	0.38	0.53	0.53	0	0	0.38
77500	0.38	0.53	0.53	0	0	0.38
77600	0.37	0.53	0.53	0	0	0.37
77700	0.37	0.53	0.53	0	0	0.37
77800	0.37	0.53	0.53	0	0	0.37
77900	0.37	0.53	0.53	0	0	0.37
78000	0.37	0.53	0.53	0	0	0.37
78100	0.37	0.53	0.53	0	0	0.37
78200	0.36	0.53	0.53	0	0	0.36
78300	0.36	0.53	0.53	0	0	0.36
78400	0.36	0.53	0.53	0	0	0.36
78500	0.37	0.52	0.52	0	0	0.37
78600	0.37	0.52	0.52	0	0	0.37
78700	0.37	0.52	0.52	0	0	0.37
78800	0.37	0.52	0.52	0	0	0.37
78900	0.37	0.52	0.52	0	0	0.37
79000	0.37	0.52	0.52	0	0	0.37
79100	0.37	0.51	0.51	0	0	0.37
79200	0.37	0.51	0.51	0	0	0.37
79300	0.37	0.51	0.51	0	0	0.37
79400	0.37	0.51	0.51	0	0	0.37
79500	0.37	0.5	0.5	0	0	0.37
79600	0.37	0.5	0.5	0	0	0.37
79700	0.37	0.5	0.5	0	0	0.37
79800	0.37	0.5	0.5	0	0	0.37
79900	0.37	0.5	0.5	0	0	0.37
80000	0.37	0.5	0.5	0	0	0.37
80100	0.37	0.5	0.5	0	0	0.37
80200	0.37	0.5	0.5	0	0	0.37
80300	0.37	0.5	0.5	0	0	0.37
80400	0.37	0.5	0.5	0	0	0.37
80500	0.37	0.5	0.5	0	0	0.37
80600	0.37	0.5	0.5	0	0	0.37
80700	0.37	0.5	0.5	0	0	0.37
80800	0.37	0.5	0.5	0	0	0.37
80900	0.37	0.5	0.5	0	0	0.37
81000	0.37	0.5	0.5	0	0	0.37
81100	0.37	0.5	0.5	0	0	0.37
81200	0.37	0.5	0.5	0	0	0.37
81300	0.37	0.5	0.5	0	0	0.37
81400	0.37	0.5	0.5	0	0	0.37
81500	0.37	0.5	0.5	0	0	0.37
81600	0.37	0.5	0.5	0	0	0.37
81700	0.37	0.5	0.5	0	0	0.37
81800	0.37	0.5	0.5	0	0	0.37
81900	0.37	0.5	0.5	0	0	0.37
82000	0.37	0.5	0.5	0	0	0.37
82100	0.37	0.51	0.51	0	0	0.37
82200	0.37	0.5	0.5	0	0	0.37
82300	0.37	0.5	0.5	0	0	0.37
82400	0.37	0.5	0.5	0	0	0.37
82500	0.37	0.5	0.5	0	0	0.37
82600	0.37	0.5	0.5	0	0	0.37
82700	0.37	0.5	0.5	0	0	0.37
82800	0.37	0.5	0.5	0	0	0.37
82900	0.37	0.51	0.51	0	0	0.37
83000	0.37	0.51	0.51	0	0	0.37
83100	0.37	0.51	0.51	0	0	0.37
83200	0.37	0.51	0.51	0	0	0.37
83300	0.37	0.52	0.52	0	0	0.37
83400	0.37	0.52	0.52	0	0	0.37
83500	0.37	0.52	0.52	0	0	0.37
83600	0.37	0.52	0.52	0	0	0.37
83700	0.37	0.52	0.52	0	0	0.37
83800	0.37	0.52	0.52	0	0	0.37
83900	0.37	0.52	0.52	0	0	0.37
84000	0.37	0.52	0.52	0	0	0.37
84100	0.37	0.52	0.52	0	0	0.37
84200	0.37	0.52	0.52	0	0	0.37
84300	0.37	0.52	0.52	0	0	0.37
84400	0.37	0.52	0.52	0	0	0.37
84500	0.37	0.52	0.52	0	0	0.37
84600	0.37	0.52	0.52	0	0	0.37
84700	0.37	0.52	0.52	0	0	0.37
84800	0.37	0.52	0.52	0	0	0.37
84900	0.37	0.52	0.52	0	0	0.37
85000	0.37	0.52	0.52	0	0	0.37
85100	0.37	0.53	0.53	0	0	0.37
85200	0.37	0.53	0.53	0	0	0.37
85300	0.37	0.53	0.53	0	0	0.37
85400	0.37	0.53	0.53	0	0	0.37
85500	0.37	0.53	0.53	0	0	0.37
85600	0.37	0.53	0.53	0	0	0.37
85700	0.37	0.53	0.53	0	0	0.37
85800	0.37	0.53	0.53	0	0	0.37
85900	0.37	0.53	0.53	0	0	0.37
86000	0.37	0.53	0.53	0	0	0.37
86100	0.37	0.53	0.53	0	0	0.37
86200	0.37	0.53	0.53	0	0	0.37
86300	0.36	0.53	0.53	0	0	0.36
86400	0.36	0.53	0.53	0	0	0.36
86500	0.36	0.53	0.53	0	0	0.36
86600	0.36	0.53	0.53	0	0	0.36
86700	0.35	0.53	0.53	0	0	0.35
86800	0.35	0.53	0.53	0	0	0.35
86900	0.35	0.53	0.53	0	0	0.35
87000	0.35	0.53	0.53	0	0	0.35
87100	0.35	0.53	0.53	0	0	0.35
87200	0.35	0.53	0.53	0	0	0.35
87300	0.35	0.53	0.53	0	0	0.35
87400	0.35	0.53	0.53	0	0	0.35
87500	0.35	0.53	0.53	0	0	0.35
87600	0.35	0.54	0.54	0	0	0.35
87700	0.36	0.55	0.55	0	0	0.36
87800	0.36	0.55	0.55	0	0	0.36
87900	0.36	0.55	0.55	0	0	0.36
88000	0.36	0.55	0.55	0	0	0.36
88100	0.36	0.55	0.55	0	0	0.36
88200	0.36	0.55	0.55	0	0	0.36
88300	0.36	0.55	0.55	0	0	0.36
88400	0.36	0.55	0.55	0	0	0.36
88500	0.36	0.55	0.55	0	0	0.36
88600	0.36	0.55	0.55	0	0	0.36
88700	0.36	0.55	0.55	0	0	0.36
88800	0.36	0.55	0.55	0	0	0.36
88900	0.36	0.55	0.55	0	0	0.36
89000	0.36	0.55	0.55	0	0	0.36
89100	0.36	0.55	0.55	0	0	0.36
89200	0.36	0.55	0.55	0	0	0.36
89300	0.36	0.55	0.55	0	0	0.36
89400	0.36	0.55	0.55	0	0	0.36
89500	0.36	0.55	0.55	0	0	0.36
89600	0.36	0.56	0.56	0	0	0.36
89700	0.36	0.56	0.56	0	0	0.36
89800	0.36	0.56	0.56	0	0	0.36
89900	0.36	0.56	0.56	0	0	0.36
90000	0.36	0.56	0.56	0	0	0.36
90100	0.36	0.56	0.56	0	0	0.36
90200	0.36	0.56	0.56	0	0	0.36
90300	0.37	0.56	0.56	0	0	0.37
90400	0.37	0.56	0.56	0	0	0.37
90500	0.37	0.56	0.56	0	0	0.37
90600	0.37	0.56	0.56	0	0	0.37
90700	0.37	0.56	0.56	0	0	0.37
90800	0.37	0.56	0.56	0	0	0.37
90900	0.38	0.56	0.56	0	0	0.38
91000	0.38	0.56	0.56	0	0	0.38
91100	0.38	0.56	0.56	0	0	0.38
91200	0.38	0.56	0.56	0	0	0.38
91300	0.38	0.56	0.56	0	0	0.38
91400	0.38	0.56	0.56	0	0	0.38
91500	0.38	0.56	0.56	0	0	0.38
91600	0.38	0.56	0.56	0	0	0.38
91700	0.38	0.56	0.56	0	0	0.38
91800	0.38	0.56	0.56	0	0	0.38
91900	0.38	0.56	0.56	0	0	0.38
92000	0.38	0.56	0.56	0	0	0.38
92100	0.38	0.55	0.55	0	0	0.38
92200	0.38	0.55	0.55	0	0	0.38
92300	0.38	0.55	0.55	0	0	0.38
92400	0.38	0.55	0.55	0	0	0.38
92500	0.38	0.55	0.55	0	0	0.38
92600	0.38	0.55	0.55	0	0	0.38
92700	0.38	0.55	0.55	0	0	0.38
92800	0.38	0.55	0.55	0	0	0.38
92900	0.37	0.55	0.55	0	0	0.37
93000	0.37	0.55	0.55	0	0	0.37
93100	0.36	0.55	0.55	0	0	0.36
93200	0.36	0.56	0.56	0	0	0.36
93300	0.36	0.56	0.56	0	0	0.36
93400	0.36	0.56	0.56	0	0	0.36
93500	0.36	0.56	0.56	0	0	0.36
93600	0.36	0.56	0.56	0	0	0.36
93700	0.36	0.56	0.56	0	0	0.36
93800	0.36	0.56	0.56	0	0	0.36
93900	0.36	0.56	0.56	0	0	0.36
94000	0.36	0.56	0.56	0	0	0.36
94100	0.36	0.55	0.55	0	0	0.36
94200	0.35	0.55	0.55	0	0	0.35
94300	0.35	0.55	0.55	0	0	0.35
94400	0.35	0.55	0.55	0	0	0.35
94500	0.35	0.55	0.55	0	0	0.35
94600	0.35	0.55	0.55	0	0	0.35
94700	0.35	0.55	0.55	0	0	0.35
94800	0.35	0.55	0.55	0	0	0.35
94900	0.35	0.56	0.56	0	0	0.35
95000	0.35	0.56	0.56	0	0	0.35
95100	0.35	0.56	0.56	0	0	0.35
95200	0.35	0.56	0.56	0	0	0.35
95300	0.35	0.56	0.56	0	0	0.35
95400	0.35	0.56	0.56	0	0	0.35
95500	0.35	0.57	0.57	0	0	0.35
95600	0.35	0.57	0.57	0	0	0.35
95700	0.35	0.57	0.57	0	0	0.35
95800	0.35	0.57	0.57	0	0	0.35
95900	0.35	0.56	0.56	0	0	0.35
96000	0.35	0.56	0.56	0	0	0.35
96100	0.35	0.56	0.56	0	0	0.35
96200	0.35	0.56	0.56	0	0	0.35
96300	0.34	0.56	0.56	0	0	0.34
96400	0.34	0.56	0.56	0	0	0.34
96500	0.34	0.56	0.56	0	0	0.34
96600	0.34	0.56	0.56	0	0	0.34
96700	0.34	0.56	0.56	0	0	0.34
96800	0.35	0.56	0.56	0	0	0.35
96900	0.34	0.56	0.56	0	0	0.34
97000	0.34	0.56	0.56	0	0	0.34
97100	0.34	0.56	0.56	0	0	0.34
97200	0.34	0.56	0.56	0	0	0.34
97300	0.34	0.56	0.56	0	0	0.34
97400	0.34	0.55	0.55	0	0	0.34
97500	0.34	0.55	0.55	0	0	0.34
97600	0.34	0.55	0.55	0	0	0.34
97700	0.34	0.55	0.55	0	0	0.34
97800	0.34	0.55	0.55	0	0	0.34
97900	0.34	0.53	0.53	0	0	0.34
98000	0.34	0.53	0.53	0	0	0.34
98100	0.34	0.52	0.52	0	0	0.34
98200	0.34	0.52	0.52	0	0	0.34
98300	0.34	0.52	0.52	0	0	0.34
98400	0.34	0.51	0.51	0	0	0.34
98500	0.34	0.51	0.51	0	0	0.34
98600	0.34	0.51	0.51	0	0	0.34
98700	0.34	0.51	0.51	0	0	0.34
98800	0.34	0.52	0.52	0	0	0.34
98900	0.34	0.52	0.52	0	0	0.34
99000	0.34	0.52	0.52	0	0	0.34
99100	0.34	0.52	0.52	0	0	0.34
99200	0.34	0.52	0.52	0	0	0.34
99300	0.34	0.52	0.52	0	0	0.34
99400	0.34	0.52	0.52	0	0	0.34
99500	0.34	0.52	0.52	0	0	0.34
99600	0.34	0.52	0.52	0	0	0.34
99700	0.34	0.52	0.52	0	0	0.34
99800	0.35	0.52	0.52	0	0	0.35
99900	0.35	0.52	0.52	0	0	0.35
100000	0.35	0.52	0.52	0	0	0.35
