100	0.12	0.14	0.14	0	0	0.12
200	0.14	0.14	0.14	0	0	0.14
300	0.14	0.14	0.14	0	0	0.14
400	0.16	0.14	0.14	0	0	0.16
500	0.16	0.16	0.16	0	0	0.16
600	0.22	0.2	0.2	0	0	0.22
700	0.24	0.2	0.2	0	0	0.24
800	0.24	0.2	0.2	0	0	0.24
900	0.24	0.22	0.22	0	0	0.24
1000	0.28	0.22	0.22	0	0	0.28
1100	0.3	0.26	0.26	0	0	0.3
1200	0.28	0.28	0.28	0	0	0.28
1300	0.28	0.28	0.28	0	0	0.28
1400	0.3	0.3	0.3	0	0	0.3
1500	0.3	0.3	0.3	0	0	0.3
1600	0.3	0.3	0.3	0	0	0.3
1700	0.3	0.36	0.36	0	0	0.3
1800	0.3	0.34	0.34	0	0	0.3
1900	0.3	0.32	0.32	0	0	0.3
2000	0.3	0.32	0.32	0	0	0.3
2100	0.3	0.3	0.3	0	0	0.3
2200	0.3	0.3	0.3	0	0	0.3
2300	0.3	0.32	0.32	0	0	0.3
2400	0.28	0.32	0.32	0	0	0.28
2500	0.3	0.32	0.32	0	0	0.3
2600	0.3	0.32	0.32	0	0	0.3
2700	0.32	0.3	0.3	0	0	0.32
2800	0.32	0.3	0.3	0	0	0.32
2900	0.32	0.3	0.3	0	0	0.32
3000	0.3	0.3	0.3	0	0	0.3
3100	0.32	0.3	0.3	0	0	0.32
3200	0.36	0.3	0.3	0	0	0.36
3300	0.34	0.3	0.3	0	0	0.34
3400	0.34	0.32	0.32	0	0	0.34
3500	0.34	0.32	0.32	0	0	0.34
3600	0.34	0.36	0.36	0	0	0.34
3700	0.36	0.36	0.36	0	0	0.36
3800	0.36	0.36	0.36	0	0	0.36
3900	0.36	0.36	0.36	0	0	0.36
4000	0.36	0.36	0.36	0	0	0.36
4100	0.36	0.36	0.36	0	0	0.36
4200	0.36	0.36	0.36	0	0	0.36
4300	0.36	0.36	0.36	0	0	0.36
4400	0.36	0.36	0.36	0	0	0.36
4500	0.36	0.36	0.36	0	0	0.36
4600	0.36	0.36	0.36	0	0	0.36
4700	0.36	0.36	0.36	0	0	0.36
4800	0.38	0.36	0.36	0	0	0.38
4900	0.4	0.36	0.36	0	0	0.4
5000	0.4	0.36	0.36	0	0	0.4
5100	0.38	0.36	0.36	0	0	0.38
5200	0.38	0.34	0.34	0	0	0.38
5300	0.38	0.34	0.34	0	0	0.38
5400	0.36	0.34	0.34	0	0	0.36
5500	0.36	0.34	0.34	0	0	0.36
5600	0.38	0.34	0.34	0	0	0.38
5700	0.38	0.34	0.34	0	0	0.38
5800	0.38	0.34	0.34	0	0	0.38
5900	0.36	0.34	0.34	0	0	0.36
6000	0.36	0.34	0.34	0	0	0.36
6100	0.36	0.34	0.34	0	0	0.36
6200	0.36	0.34	0.34	0	0	0.36
6300	0.36	0.34	0.34	0	0	0.36
6400	0.36	0.36	0.36	0	0	0.36
6500	0.36	0.36	0.36	0	0	0.36
6600	0.36	0.36	0.36	0	0	0.36
6700	0.36	0.36	0.36	0	0	0.36
6800	0.38	0.36	0.36	0	0	0.38
6900	0.38	0.4	0.4	0	0	0.38
7000	0.38	0.4	0.4	0	0	0.38
7100	0.36	0.4	0.4	0	0	0.36
7200	0.36	0.4	0.4	0	0	0.36
7300	0.36	0.4	0.4	0	0	0.36
7400	0.38	0.42	0.42	0	0	0.38
7500	0.4	0.42	0.42	0	0	0.4
7600	0.4	0.42	0.42	0	0	0.4
7700	0.4	0.42	0.42	0	0	0.4
7800	0.4	0.4	0.4	0	0	0.4
7900	0.4	0.4	0.4	0	0	0.4
8000	0.4	0.4	0.4	0	0	0.4
8100	0.4	0.4	0.4	0	0	0.4
8200	0.38	0.4	0.4	0	0	0.38
8300	0.38	0.42	0.42	0	0	0.38
8400	0.38	0.44	0.44	0	0	0.38
8500	0.4	0.44	0.44	0	0	0.4
8600	0.4	0.44	0.44	0	0	0.4
8700	0.42	0.44	0.44	0	0	0.42
8800	0.4	0.44	0.44	0	0	0.4
8900	0.42	0.44	0.44	0	0	0.42
9000	0.42	0.44	0.44	0	0	0.42
9100	0.42	0.44	0.44	0	0	0.42
9200	0.42	0.44	0.44	0	0	0.42
9300	0.44	0.44	0.44	0	0	0.44
9400	0.44	0.44	0.44	0	0	0.44
9500	0.46	0.44	0.44	0	0	0.46
9600	0.46	0.44	0.44	0	0	0.46
9700	0.46	0.44	0.44	0	0	0.46
9800	0.46	0.42	0.42	0	0	0.46
9900	0.46	0.42	0.42	0	0	0.46
10000	0.46	0.42	0.42	0	0	0.46
10100	0.46	0.4	0.4	0	0	0.46
10200	0.44	0.42	0.42	0	0	0.44
10300	0.44	0.42	0.42	0	0	0.44
10400	0.44	0.42	0.42	0	0	0.44
10500	0.44	0.42	0.42	0	0	0.44
10600	0.44	0.42	0.42	0	0	0.44
10700	0.44	0.42	0.42	0	0	0.44
10800	0.44	0.42	0.42	0	0	0.44
10900	0.44	0.42	0.42	0	0	0.44
11000	0.44	0.42	0.42	0	0	0.44
11100	0.44	0.42	0.42	0	0	0.44
11200	0.44	0.42	0.42	0	0	0.44
11300	0.44	0.42	0.42	0	0	0.44
11400	0.44	0.44	0.44	0	0	0.44
11500	0.44	0.44	0.44	0	0	0.44
11600	0.44	0.44	0.44	0	0	0.44
11700	0.44	0.44	0.44	0	0	0.44
11800	0.44	0.44	0.44	0	0	0.44
11900	0.44	0.44	0.44	0	0	0.44
12000	0.44	0.44	0.44	0	0	0.44
12100	0.44	0.46	0.46	0	0	0.44
12200	0.44	0.46	0.46	0	0	0.44
12300	0.44	0.46	0.46	0	0	0.44
12400	0.44	0.46	0.46	0	0	0.44
12500	0.44	0.46	0.46	0	0	0.44
12600	0.44	0.46	0.46	0	0	0.44
12700	0.44	0.46	0.46	0	0	0.44
12800	0.44	0.48	0.48	0	0	0.44
12900	0.44	0.48	0.48	0	0	0.44
13000	0.44	0.5	0.5	0	0	0.44
13100	0.46	0.5	0.5	0	0	0.46
13200	0.46	0.5	0.5	0	0	0.46
13300	0.44	0.5	0.5	0	0	0.44
13400	0.44	0.5	0.5	0	0	0.44
13500	0.44	0.5	0.5	0	0	0.44
13600	0.46	0.5	0.5	0	0	0.46
13700	0.44	0.5	0.5	0	0	0.44
13800	0.44	0.5	0.5	0	0	0.44
13900	0.44	0.5	0.5	0	0	0.44
14000	0.44	0.5	0.5	0	0	0.44
14100	0.44	0.5	0.5	0	0	0.44
14200	0.44	0.5	0.5	0	0	0.44
14300	0.44	0.48	0.48	0	0	0.44
14400	0.44	0.48	0.48	0	0	0.44
14500	0.44	0.48	0.48	0	0	0.44
14600	0.44	0.48	0.48	0	0	0.44
14700	0.44	0.48	0.48	0	0	0.44
14800	0.44	0.48	0.48	0	0	0.44
14900	0.44	0.48	0.48	0	0	0.44
15000	0.44	0.48	0.48	0	0	0.44
15100	0.44	0.48	0.48	0	0	0.44
15200	0.44	0.46	0.46	0	0	0.44
15300	0.44	0.46	0.46	0	0	0.44
15400	0.44	0.46	0.46	0	0	0.44
15500	0.44	0.46	0.46	0	0	0.44
15600	0.44	0.46	0.46	0	0	0.44
15700	0.44	0.46	0.46	0	0	0.44
15800	0.44	0.46	0.46	0	0	0.44
15900	0.44	0.46	0.46	0	0	0.44
16000	0.44	0.46	0.46	0	0	0.44
16100	0.44	0.46	0.46	0	0	0.44
16200	0.44	0.46	0.46	0	0	0.44
16300	0.44	0.46	0.46	0	0	0.44
16400	0.44	0.44	0.44	0	0	0.44
16500	0.44	0.44	0.44	0	0	0.44
16600	0.44	0.44	0.44	0	0	0.44
16700	0.44	0.44	0.44	0	0	0.44
16800	0.44	0.44	0.44	0	0	0.44
16900	0.44	0.44	0.44	0	0	0.44
17000	0.44	0.44	0.44	0	0	0.44
17100	0.46	0.44	0.44	0	0	0.46
17200	0.5	0.44	0.44	0	0	0.5
17300	0.48	0.44	0.44	0	0	0.48
17400	0.48	0.44	0.44	0	0	0.48
17500	0.48	0.44	0.44	0	0	0.48
17600	0.48	0.44	0.44	0	0	0.48
17700	0.48	0.44	0.44	0	0	0.48
17800	0.48	0.42	0.42	0	0	0.48
17900	0.48	0.42	0.42	0	0	0.48
18000	0.48	0.42	0.42	0	0	0.48
18100	0.48	0.42	0.42	0	0	0.48
18200	0.48	0.42	0.42	0	0	0.48
18300	0.48	0.42	0.42	0	0	0.48
18400	0.48	0.42	0.42	0	0	0.48
18500	0.48	0.42	0.42	0	0	0.48
18600	0.48	0.44	0.44	0	0	0.48
18700	0.48	0.44	0.44	0	0	0.48
18800	0.48	0.44	0.44	0	0	0.48
18900	0.48	0.44	0.44	0	0	0.48
19000	0.48	0.44	0.44	0	0	0.48
19100	0.48	0.44	0.44	0	0	0.48
19200	0.48	0.44	0.44	0	0	0.48
19300	0.48	0.46	0.46	0	0	0.48
19400	0.48	0.46	0.46	0	0	0.48
19500	0.48	0.46	0.46	0	0	0.48
19600	0.48	0.46	0.46	0	0	0.48
19700	0.48	0.46	0.46	0	0	0.48
19800	0.48	0.46	0.46	0	0	0.48
19900	0.48	0.46	0.46	0	0	0.48
20000	0.48	0.48	0.48	0	0	0.48
20100	0.48	0.48	0.48	0	0	0.48
20200	0.48	0.48	0.48	0	0	0.48
20300	0.48	0.48	0.48	0	0	0.48
20400	0.5	0.48	0.48	0	0	0.5
20500	0.5	0.48	0.48	0	0	0.5
20600	0.5	0.48	0.48	0	0	0.5
20700	0.5	0.48	0.48	0	0	0.5
20800	0.48	0.48	0.48	0	0	0.48
20900	0.48	0.48	0.48	0	0	0.48
21000	0.48	0.5	0.5	0	0	0.48
21100	0.48	0.5	0.5	0	0	0.48
21200	0.48	0.48	0.48	0	0	0.48
21300	0.48	0.48	0.48	0	0	0.48
21400	0.48	0.48	0.48	0	0	0.48
21500	0.48	0.48	0.48	0	0	0.48
21600	0.48	0.48	0.48	0	0	0.48
21700	0.48	0.48	0.48	0	0	0.48
21800	0.48	0.48	0.48	0	0	0.48
21900	0.48	0.48	0.48	0	0	0.48
22000	0.48	0.48	0.48	0	0	0.48
22100	0.48	0.48	0.48	0	0	0.48
22200	0.48	0.46	0.46	0	0	0.48
22300	0.48	0.46	0.46	0	0	0.48
22400	0.48	0.48	0.48	0	0	0.48
22500	0.48	0.48	0.48	0	0	0.48
22600	0.48	0.48	0.48	0	0	0.48
22700	0.48	0.48	0.48	0	0	0.48
22800	0.48	0.48	0.48	0	0	0.48
22900	0.48	0.48	0.48	0	0	0.48
23000	0.48	0.44	0.44	0	0	0.48
23100	0.48	0.44	0.44	0	0	0.48
23200	0.48	0.44	0.44	0	0	0.48
23300	0.48	0.44	0.44	0	0	0.48
23400	0.48	0.44	0.44	0	0	0.48
23500	0.48	0.44	0.44	0	0	0.48
23600	0.48	0.44	0.44	0	0	0.48
23700	0.48	0.44	0.44	0	0	0.48
23800	0.48	0.44	0.44	0	0	0.48
23900	0.48	0.44	0.44	0	0	0.48
24000	0.48	0.44	0.44	0	0	0.48
24100	0.48	0.44	0.44	0	0	0.48
24200	0.48	0.44	0.44	0	0	0.48
24300	0.48	0.44	0.44	0	0	0.48
24400	0.48	0.44	0.44	0	0	0.48
24500	0.48	0.44	0.44	0	0	0.48
24600	0.48	0.44	0.44	0	0	0.48
24700	0.48	0.44	0.44	0	0	0.48
24800	0.48	0.44	0.44	0	0	0.48
24900	0.48	0.46	0.46	0	0	0.48
25000	0.48	0.46	0.46	0	0	0.48
25100	0.48	0.46	0.46	0	0	0.48
25200	0.48	0.46	0.46	0	0	0.48
25300	0.48	0.44	0.44	0	0	0.48
25400	0.48	0.44	0.44	0	0	0.48
25500	0.48	0.44	0.44	0	0	0.48
25600	0.48	0.44	0.44	0	0	0.48
25700	0.48	0.44	0.44	0	0	0.48
25800	0.48	0.44	0.44	0	0	0.48
25900	0.48	0.44	0.44	0	0	0.48
26000	0.48	0.44	0.44	0	0	0.48
26100	0.48	0.44	0.44	0	0	0.48
26200	0.48	0.44	0.44	0	0	0.48
26300	0.48	0.44	0.44	0	0	0.48
26400	0.48	0.44	0.44	0	0	0.48
26500	0.48	0.44	0.44	0	0	0.48
26600	0.48	0.44	0.44	0	0	0.48
26700	0.48	0.44	0.44	0	0	0.48
26800	0.48	0.44	0.44	0	0	0.48
26900	0.48	0.44	0.44	0	0	0.48
27000	0.5	0.44	0.44	0	0	0.5
27100	0.5	0.44	0.44	0	0	0.5
27200	0.5	0.42	0.42	0	0	0.5
27300	0.48	0.42	0.42	0	0	0.48
27400	0.48	0.42	0.42	0	0	0.48
27500	0.48	0.42	0.42	0	0	0.48
27600	0.48	0.42	0.42	0	0	0.48
27700	0.48	0.42	0.42	0	0	0.48
27800	0.48	0.42	0.42	0	0	0.48
27900	0.48	0.42	0.42	0	0	0.48
28000	0.48	0.42	0.42	0	0	0.48
28100	0.48	0.42	0.42	0	0	0.48
28200	0.48	0.42	0.42	0	0	0.48
28300	0.48	0.42	0.42	0	0	0.48
28400	0.48	0.42	0.42	0	0	0.48
28500	0.48	0.42	0.42	0	0	0.48
28600	0.46	0.42	0.42	0	0	0.46
28700	0.46	0.42	0.42	0	0	0.46
28800	0.46	0.42	0.42	0	0	0.46
28900	0.48	0.42	0.42	0	0	0.48
29000	0.46	0.42	0.42	0	0	0.46
29100	0.46	0.42	0.42	0	0	0.46
29200	0.46	0.42	0.42	0	0	0.46
29300	0.46	0.42	0.42	0	0	0.46
29400	0.46	0.44	0.44	0	0	0.46
29500	0.46	0.44	0.44	0	0	0.46
29600	0.46	0.44	0.44	0	0	0.46
29700	0.46	0.44	0.44	0	0	0.46
29800	0.46	0.46	0.46	0	0	0.46
29900	0.46	0.46	0.46	0	0	0.46
30000	0.46	0.46	0.46	0	0	0.46
30100	0.46	0.46	0.46	0	0	0.46
30200	0.46	0.46	0.46	0	0	0.46
30300	0.46	0.46	0.46	0	0	0.46
30400	0.46	0.46	0.46	0	0	0.46
30500	0.46	0.46	0.46	0	0	0.46
30600	0.46	0.46	0.46	0	0	0.46
30700	0.46	0.46	0.46	0	0	0.46
30800	0.46	0.46	0.46	0	0	0.46
30900	0.46	0.46	0.46	0	0	0.46
31000	0.46	0.46	0.46	0	0	0.46
31100	0.46	0.46	0.46	0	0	0.46
31200	0.44	0.44	0.44	0	0	0.44
31300	0.44	0.44	0.44	0	0	0.44
31400	0.44	0.44	0.44	0	0	0.44
31500	0.44	0.44	0.44	0	0	0.44
31600	0.44	0.44	0.44	0	0	0.44
31700	0.44	0.44	0.44	0	0	0.44
31800	0.44	0.44	0.44	0	0	0.44
31900	0.44	0.44	0.44	0	0	0.44
32000	0.44	0.44	0.44	0	0	0.44
32100	0.44	0.44	0.44	0	0	0.44
32200	0.46	0.44	0.44	0	0	0.46
32300	0.44	0.44	0.44	0	0	0.44
32400	0.44	0.44	0.44	0	0	0.44
32500	0.44	0.44	0.44	0	0	0.44
32600	0.44	0.44	0.44	0	0	0.44
32700	0.44	0.44	0.44	0	0	0.44
32800	0.42	0.44	0.44	0	0	0.42
32900	0.44	0.44	0.44	0	0	0.44
33000	0.44	0.44	0.44	0	0	0.44
33100	0.44	0.44	0.44	0	0	0.44
33200	0.42	0.44	0.44	0	0	0.42
33300	0.42	0.44	0.44	0	0	0.42
33400	0.42	0.44	0.44	0	0	0.42
33500	0.4	0.44	0.44	0	0	0.4
33600	0.4	0.44	0.44	0	0	0.4
33700	0.4	0.44	0.44	0	0	0.4
33800	0.4	0.44	0.44	0	0	0.4
33900	0.4	0.44	0.44	0	0	0.4
34000	0.4	0.44	0.44	0	0	0.4
34100	0.4	0.46	0.46	0	0	0.4
34200	0.4	0.46	0.46	0	0	0.4
34300	0.4	0.46	0.46	0	0	0.4
34400	0.4	0.46	0.46	0	0	0.4
34500	0.4	0.46	0.46	0	0	0.4
34600	0.4	0.46	0.46	0	0	0.4
34700	0.4	0.46	0.46	0	0	0.4
34800	0.42	0.46	0.46	0	0	0.42
34900	0.42	0.46	0.46	0	0	0.42
35000	0.42	0.46	0.46	0	0	0.42
35100	0.42	0.46	0.46	0	0	0.42
35200	0.42	0.48	0.48	0	0	0.42
35300	0.42	0.48	0.48	0	0	0.42
35400	0.44	0.48	0.48	0	0	0.44
35500	0.44	0.48	0.48	0	0	0.44
35600	0.48	0.48	0.48	0	0	0.48
35700	0.48	0.48	0.48	0	0	0.48
35800	0.48	0.48	0.48	0	0	0.48
35900	0.48	0.48	0.48	0	0	0.48
36000	0.48	0.48	0.48	0	0	0.48
36100	0.48	0.48	0.48	0	0	0.48
36200	0.48	0.48	0.48	0	0	0.48
36300	0.48	0.48	0.48	0	0	0.48
36400	0.48	0.48	0.48	0	0	0.48
36500	0.48	0.48	0.48	0	0	0.48
36600	0.48	0.48	0.48	0	0	0.48
36700	0.48	0.48	0.48	0	0	0.48
36800	0.48	0.48	0.48	0	0	0.48
36900	0.48	0.48	0.48	0	0	0.48
37000	0.48	0.48	0.48	0	0	0.48
37100	0.48	0.48	0.48	0	0	0.48
37200	0.48	0.48	0.48	0	0	0.48
37300	0.48	0.48	0.48	0	0	0.48
37400	0.48	0.48	0.48	0	0	0.48
37500	0.48	0.48	0.48	0	0	0.48
37600	0.48	0.48	0.48	0	0	0.48
37700	0.48	0.48	0.48	0	0	0.48
37800	0.48	0.48	0.48	0	0	0.48
37900	0.48	0.48	0.48	0	0	0.48
38000	0.48	0.48	0.48	0	0	0.48
38100	0.48	0.48	0.48	0	0	0.48
38200	0.48	0.48	0.48	0	0	0.48
38300	0.46	0.48	0.48	0	0	0.46
38400	0.46	0.48	0.48	0	0	0.46
38500	0.46	0.48	0.48	0	0	0.46
38600	0.46	0.48	0.48	0	0	0.46
38700	0.46	0.48	0.48	0	0	0.46
38800	0.46	0.48	0.48	0	0	0.46
38900	0.46	0.48	0.48	0	0	0.46
39000	0.46	0.48	0.48	0	0	0.46
39100	0.46	0.46	0.46	0	0	0.46
39200	0.46	0.46	0.46	0	0	0.46
39300	0.46	0.46	0.46	0	0	0.46
39400	0.48	0.48	0.48	0	0	0.48
39500	0.48	0.48	0.48	0	0	0.48
39600	0.46	0.48	0.48	0	0	0.46
39700	0.44	0.48	0.48	0	0	0.44
39800	0.44	0.48	0.48	0	0	0.44
39900	0.44	0.48	0.48	0	0	0.44
40000	0.44	0.48	0.48	0	0	0.44
40100	0.44	0.46	0.46	0	0	0.44
40200	0.44	0.46	0.46	0	0	0.44
40300	0.44	0.46	0.46	0	0	0.44
40400	0.44	0.46	0.46	0	0	0.44
40500	0.44	0.46	0.46	0	0	0.44
40600	0.44	0.44	0.44	0	0	0.44
40700	0.44	0.44	0.44	0	0	0.44
40800	0.44	0.44	0.44	0	0	0.44
40900	0.44	0.44	0.44	0	0	0.44
41000	0.44	0.44	0.44	0	0	0.44
41100	0.44	0.44	0.44	0	0	0.44
41200	0.44	0.44	0.44	0	0	0.44
41300	0.44	0.44	0.44	0	0	0.44
41400	0.46	0.44	0.44	0	0	0.46
41500	0.46	0.44	0.44	0	0	0.46
41600	0.48	0.44	0.44	0	0	0.48
41700	0.48	0.44	0.44	0	0	0.48
41800	0.48	0.44	0.44	0	0	0.48
41900	0.48	0.44	0.44	0	0	0.48
42000	0.48	0.44	0.44	0	0	0.48
42100	0.48	0.44	0.44	0	0	0.48
42200	0.48	0.44	0.44	0	0	0.48
42300	0.48	0.44	0.44	0	0	0.48
42400	0.48	0.44	0.44	0	0	0.48
42500	0.48	0.46	0.46	0	0	0.48
42600	0.48	0.46	0.46	0	0	0.48
42700	0.48	0.46	0.46	0	0	0.48
42800	0.46	0.46	0.46	0	0	0.46
42900	0.46	0.46	0.46	0	0	0.46
43000	0.46	0.46	0.46	0	0	0.46
43100	0.46	0.46	0.46	0	0	0.46
43200	0.46	0.46	0.46	0	0	0.46
43300	0.46	0.46	0.46	0	0	0.46
43400	0.46	0.46	0.46	0	0	0.46
43500	0.46	0.46	0.46	0	0	0.46
43600	0.44	0.46	0.46	0	0	0.44
43700	0.44	0.46	0.46	0	0	0.44
43800	0.4	0.46	0.46	0	0	0.4
43900	0.4	0.46	0.46	0	0	0.4
44000	0.4	0.46	0.46	0	0	0.4
44100	0.4	0.46	0.46	0	0	0.4
44200	0.4	0.46	0.46	0	0	0.4
44300	0.4	0.46	0.46	0	0	0.4
44400	0.4	0.46	0.46	0	0	0.4
44500	0.4	0.46	0.46	0	0	0.4
44600	0.4	0.46	0.46	0	0	0.4
44700	0.42	0.46	0.46	0	0	0.42
44800	0.42	0.46	0.46	0	0	0.42
44900	0.42	0.46	0.46	0	0	0.42
45000	0.42	0.46	0.46	0	0	0.42
45100	0.42	0.46	0.46	0	0	0.42
45200	0.42	0.46	0.46	0	0	0.42
45300	0.42	0.46	0.46	0	0	0.42
45400	0.44	0.46	0.46	0	0	0.44
45500	0.42	0.46	0.46	0	0	0.42
45600	0.42	0.46	0.46	0	0	0.42
45700	0.42	0.46	0.46	0	0	0.42
45800	0.42	0.48	0.48	0	0	0.42
45900	0.42	0.48	0.48	0	0	0.42
46000	0.42	0.48	0.48	0	0	0.42
46100	0.42	0.46	0.46	0	0	0.42
46200	0.42	0.46	0.46	0	0	0.42
46300	0.42	0.46	0.46	0	0	0.42
46400	0.42	0.46	0.46	0	0	0.42
46500	0.42	0.46	0.46	0	0	0.42
46600	0.42	0.46	0.46	0	0	0.42
46700	0.42	0.46	0.46	0	0	0.42
46800	0.42	0.46	0.46	0	0	0.42
46900	0.42	0.46	0.46	0	0	0.42
47000	0.42	0.46	0.46	0	0	0.42
47100	0.42	0.46	0.46	0	0	0.42
47200	0.42	0.46	0.46	0	0	0.42
47300	0.42	0.44	0.44	0	0	0.42
47400	0.42	0.44	0.44	0	0	0.42
47500	0.42	0.44	0.44	0	0	0.42
47600	0.42	0.44	0.44	0	0	0.42
47700	0.42	0.44	0.44	0	0	0.42
47800	0.42	0.44	0.44	0	0	0.42
47900	0.42	0.44	0.44	0	0	0.42
48000	0.42	0.46	0.46	0	0	0.42
48100	0.42	0.46	0.46	0	0	0.42
48200	0.4	0.48	0.48	0	0	0.4
48300	0.4	0.48	0.48	0	0	0.4
48400	0.4	0.48	0.48	0	0	0.4
48500	0.4	0.48	0.48	0	0	0.4
48600	0.4	0.48	0.48	0	0	0.4
48700	0.4	0.48	0.48	0	0	0.4
48800	0.4	0.48	0.48	0	0	0.4
48900	0.4	0.48	0.48	0	0	0.4
49000	0.4	0.48	0.48	0	0	0.4
49100	0.4	0.48	0.48	0	0	0.4
49200	0.4	0.48	0.48	0	0	0.4
49300	0.4	0.5	0.5	0	0	0.4
49400	0.4	0.5	0.5	0	0	0.4
49500	0.4	0.5	0.5	0	0	0.4
49600	0.4	0.5	0.5	0	0	0.4
49700	0.42	0.52	0.52	0	0	0.42
49800	0.42	0.52	0.52	0	0	0.42
49900	0.4	0.52	0.52	0	0	0.4
50000	0.4	0.52	0.52	0	0	0.4
50100	0.4	0.52	0.52	0	0	0.4
50200	0.4	0.52	0.52	0	0	0.4
50300	0.4	0.52	0.52	0	0	0.4
50400	0.4	0.52	0.52	0	0	0.4
50500	0.4	0.52	0.52	0	0	0.4
50600	0.4	0.52	0.52	0	0	0.4
50700	0.4	0.52	0.52	0	0	0.4
50800	0.4	0.52	0.52	0	0	0.4
50900	0.4	0.52	0.52	0	0	0.4
51000	0.4	0.52	0.52	0	0	0.4
51100	0.4	0.52	0.52	0	0	0.4
51200	0.4	0.52	0.52	0	0	0.4
51300	0.4	0.52	0.52	0	0	0.4
51400	0.4	0.52	0.52	0	0	0.4
51500	0.4	0.5	0.5	0	0	0.4
51600	0.4	0.5	0.5	0	0	0.4
51700	0.4	0.5	0.5	0	0	0.4
51800	0.4	0.5	0.5	0	0	0.4
51900	0.4	0.5	0.5	0	0	0.4
52000	0.4	0.52	0.52	0	0	0.4
52100	0.4	0.52	0.52	0	0	0.4
52200	0.4	0.52	0.52	0	0	0.4
52300	0.4	0.52	0.52	0	0	0.4
52400	0.4	0.52	0.52	0	0	0.4
52500	0.4	0.52	0.52	0	0	0.4
52600	0.4	0.5	0.5	0	0	0.4
52700	0.38	0.5	0.5	0	0	0.38
52800	0.38	0.48	0.48	0	0	0.38
52900	0.38	0.48	0.48	0	0	0.38
53000	0.38	0.48	0.48	0	0	0.38
53100	0.38	0.48	0.48	0	0	0.38
53200	0.38	0.48	0.48	0	0	0.38
53300	0.38	0.48	0.48	0	0	0.38
53400	0.38	0.48	0.48	0	0	0.38
53500	0.38	0.48	0.48	0	0	0.38
53600	0.38	0.48	0.48	0	0	0.38
53700	0.4	0.48	0.48	0	0	0.4
53800	0.4	0.48	0.48	0	0	0.4
53900	0.4	0.48	0.48	0	0	0.4
54000	0.4	0.48	0.48	0	0	0.4
54100	0.4	0.48	0.48	0	0	0.4
54200	0.4	0.48	0.48	0	0	0.4
54300	0.4	0.48	0.48	0	0	0.4
54400	0.4	0.48	0.48	0	0	0.4
54500	0.4	0.48	0.48	0	0	0.4
54600	0.4	0.48	0.48	0	0	0.4
54700	0.4	0.48	0.48	0	0	0.4
54800	0.4	0.48	0.48	0	0	0.4
54900	0.4	0.48	0.48	0	0	0.4
55000	0.4	0.48	0.48	0	0	0.4
55100	0.4	0.48	0.48	0	0	0.4
55200	0.4	0.48	0.48	0	0	0.4
55300	0.4	0.48	0.48	0	0	0.4
55400	0.4	0.48	0.48	0	0	0.4
55500	0.4	0.48	0.48	0	0	0.4
55600	0.4	0.48	0.48	0	0	0.4
55700	0.4	0.48	0.48	0	0	0.4
55800	0.4	0.48	0.48	0	0	0.4
55900	0.4	0.48	0.48	0	0	0.4
56000	0.4	0.48	0.48	0	0	0.4
56100	0.4	0.48	0.48	0	0	0.4
56200	0.4	0.5	0.5	0	0	0.4
56300	0.4	0.5	0.5	0	0	0.4
56400	0.4	0.5	0.5	0	0	0.4
56500	0.4	0.5	0.5	0	0	0.4
56600	0.4	0.5	0.5	0	0	0.4
56700	0.4	0.5	0.5	0	0	0.4
56800	0.4	0.5	0.5	0	0	0.4
56900	0.42	0.5	0.5	0	0	0.42
57000	0.42	0.52	0.52	0	0	0.42
57100	0.42	0.52	0.52	0	0	0.42
57200	0.42	0.52	0.52	0	0	0.42
57300	0.42	0.52	0.52	0	0	0.42
57400	0.42	0.52	0.52	0	0	0.42
57500	0.42	0.54	0.54	0	0	0.42
57600	0.42	0.54	0.54	0	0	0.42
57700	0.42	0.54	0.54	0	0	0.42
57800	0.42	0.54	0.54	0	0	0.42
57900	0.42	0.54	0.54	0	0	0.42
58000	0.42	0.54	0.54	0	0	0.42
58100	0.42	0.54	0.54	0	0	0.42
58200	0.42	0.54	0.54	0	0	0.42
58300	0.42	0.54	0.54	0	0	0.42
58400	0.42	0.54	0.54	0	0	0.42
58500	0.42	0.54	0.54	0	0	0.42
58600	0.42	0.54	0.54	0	0	0.42
58700	0.42	0.54	0.54	0	0	0.42
58800	0.42	0.54	0.54	0	0	0.42
58900	0.42	0.54	0.54	0	0	0.42
59000	0.42	0.54	0.54	0	0	0.42
59100	0.42	0.54	0.54	0	0	0.42
59200	0.42	0.54	0.54	0	0	0.42
59300	0.42	0.54	0.54	0	0	0.42
59400	0.42	0.54	0.54	0	0	0.42
59500	0.42	0.54	0.54	0	0	0.42
59600	0.42	0.54	0.54	0	0	0.42
59700	0.42	0.54	0.54	0	0	0.42
59800	0.42	0.54	0.54	0	0	0.42
59900	0.42	0.54	0.54	0	0	0.42
60000	0.42	0.54	0.54	0	0	0.42
60100	0.42	0.54	0.54	0	0	0.42
60200	0.42	0.54	0.54	0	0	0.42
60300	0.42	0.52	0.52	0	0	0.42
60400	0.42	0.52	0.52	0	0	0.42
60500	0.42	0.52	0.52	0	0	0.42
60600	0.42	0.52	0.52	0	0	0.42
60700	0.42	0.52	0.52	0	0	0.42
60800	0.42	0.52	0.52	0	0	0.42
60900	0.42	0.52	0.52	0	0	0.42
61000	0.42	0.52	0.52	0	0	0.42
61100	0.42	0.52	0.52	0	0	0.42
61200	0.42	0.52	0.52	0	0	0.42
61300	0.42	0.54	0.54	0	0	0.42
61400	0.42	0.54	0.54	0	0	0.42
61500	0.42	0.54	0.54	0	0	0.42
61600	0.42	0.54	0.54	0	0	0.42
61700	0.42	0.54	0.54	0	0	0.42
61800	0.42	0.54	0.54	0	0	0.42
61900	0.42	0.54	0.54	0	0	0.42
62000	0.42	0.52	0.52	0	0	0.42
62100	0.42	0.52	0.52	0	0	0.42
62200	0.42	0.52	0.52	0	0	0.42
62300	0.42	0.52	0.52	0	0	0.42
62400	0.42	0.52	0.52	0	0	0.42
62500	0.42	0.52	0.52	0	0	0.42
62600	0.42	0.52	0.52	0	0	0.42
62700	0.42	0.5	0.5	0	0	0.42
62800	0.42	0.5	0.5	0	0	0.42
62900	0.42	0.5	0.5	0	0	0.42
63000	0.42	0.5	0.5	0	0	0.42
63100	0.42	0.5	0.5	0	0	0.42
63200	0.42	0.5	0.5	0	0	0.42
63300	0.42	0.5	0.5	0	0	0.42
63400	0.42	0.5	0.5	0	0	0.42
63500	0.42	0.5	0.5	0	0	0.42
63600	0.42	0.5	0.5	0	0	0.42
63700	0.42	0.5	0.5	0	0	0.42
63800	0.42	0.5	0.5	0	0	0.42
63900	0.42	0.5	0.5	0	0	0.42
64000	0.42	0.5	0.5	0	0	0.42
64100	0.42	0.5	0.5	0	0	0.42
64200	0.42	0.5	0.5	0	0	0.42
64300	0.42	0.48	0.48	0	0	0.42
64400	0.42	0.48	0.48	0	0	0.42
64500	0.42	0.48	0.48	0	0	0.42
64600	0.42	0.48	0.48	0	0	0.42
64700	0.42	0.48	0.48	0	0	0.42
64800	0.42	0.48	0.48	0	0	0.42
64900	0.42	0.48	0.48	0	0	0.42
65000	0.42	0.48	0.48	0	0	0.42
65100	0.42	0.48	0.48	0	0	0.42
65200	0.42	0.48	0.48	0	0	0.42
65300	0.42	0.48	0.48	0	0	0.42
65400	0.42	0.48	0.48	0	0	0.42
65500	0.42	0.48	0.48	0	0	0.42
65600	0.42	0.48	0.48	0	0	0.42
65700	0.42	0.48	0.48	0	0	0.42
65800	0.44	0.48	0.48	0	0	0.44
65900	0.42	0.48	0.48	0	0	0.42
66000	0.42	0.48	0.48	0	0	0.42
66100	0.42	0.48	0.48	0	0	0.42
66200	0.42	0.48	0.48	0	0	0.42
66300	0.42	0.48	0.48	0	0	0.42
66400	0.42	0.48	0.48	0	0	0.42
66500	0.42	0.48	0.48	0	0	0.42
66600	0.42	0.48	0.48	0	0	0.42
66700	0.42	0.48	0.48	0	0	0.42
66800	0.42	0.48	0.48	0	0	0.42
66900	0.42	0.48	0.48	0	0	0.42
67000	0.42	0.48	0.48	0	0	0.42
67100	0.42	0.48	0.48	0	0	0.42
67200	0.44	0.48	0.48	0	0	0.44
67300	0.44	0.48	0.48	0	0	0.44
67400	0.44	0.48	0.48	0	0	0.44
67500	0.44	0.48	0.48	0	0	0.44
67600	0.44	0.48	0.48	0	0	0.44
67700	0.44	0.48	0.48	0	0	0.44
67800	0.42	0.48	0.48	0	0	0.42
67900	0.42	0.48	0.48	0	0	0.42
68000	0.42	0.48	0.48	0	0	0.42
68100	0.42	0.48	0.48	0	0	0.42
68200	0.42	0.48	0.48	0	0	0.42
68300	0.42	0.48	0.48	0	0	0.42
68400	0.42	0.48	0.48	0	0	0.42
68500	0.42	0.48	0.48	0	0	0.42
68600	0.42	0.48	0.48	0	0	0.42
68700	0.42	0.48	0.48	0	0	0.42
68800	0.42	0.48	0.48	0	0	0.42
68900	0.42	0.48	0.48	0	0	0.42
69000	0.42	0.48	0.48	0	0	0.42
69100	0.42	0.48	0.48	0	0	0.42
69200	0.42	0.5	0.5	0	0	0.42
69300	0.42	0.52	0.52	0	0	0.42
69400	0.42	0.52	0.52	0	0	0.42
69500	0.42	0.54	0.54	0	0	0.42
69600	0.42	0.54	0.54	0	0	0.42
69700	0.42	0.54	0.54	0	0	0.42
69800	0.42	0.54	0.54	0	0	0.42
69900	0.42	0.54	0.54	0	0	0.42
70000	0.42	0.54	0.54	0	0	0.42
70100	0.42	0.54	0.54	0	0	0.42
70200	0.42	0.54	0.54	0	0	0.42
70300	0.42	0.54	0.54	0	0	0.42
70400	0.42	0.54	0.54	0	0	0.42
70500	0.42	0.54	0.54	0	0	0.42
70600	0.42	0.54	0.54	0	0	0.42
70700	0.42	0.54	0.54	0	0	0.42
70800	0.42	0.54	0.54	0	0	0.42
70900	0.42	0.54	0.54	0	0	0.42
71000	0.42	0.54	0.54	0	0	0.42
71100	0.42	0.54	0.54	0	0	0.42
71200	0.42	0.54	0.54	0	0	0.42
71300	0.42	0.54	0.54	0	0	0.42
71400	0.42	0.54	0.54	0	0	0.42
71500	0.42	0.54	0.54	0	0	0.42
71600	0.42	0.54	0.54	0	0	0.42
71700	0.42	0.54	0.54	0	0	0.42
71800	0.42	0.54	0.54	0	0	0.42
71900	0.42	0.54	0.54	0	0	0.42
72000	0.42	0.54	0.54	0	0	0.42
72100	0.42	0.54	0.54	0	0	0.42
72200	0.42	0.52	0.52	0	0	0.42
72300	0.42	0.52	0.52	0	0	0.42
72400	0.42	0.52	0.52	0	0	0.42
72500	0.42	0.52	0.52	0	0	0.42
72600	0.44	0.52	0.52	0	0	0.44
72700	0.44	0.52	0.52	0	0	0.44
72800	0.44	0.52	0.52	0	0	0.44
72900	0.44	0.52	0.52	0	0	0.44
73000	0.44	0.52	0.52	0	0	0.44
73100	0.44	0.52	0.52	0	0	0.44
73200	0.44	0.52	0.52	0	0	0.44
73300	0.44	0.52	0.52	0	0	0.44
73400	0.44	0.52	0.52	0	0	0.44
73500	0.44	0.52	0.52	0	0	0.44
73600	0.44	0.52	0.52	0	0	0.44
73700	0.44	0.52	0.52	0	0	0.44
73800	0.44	0.52	0.52	0	0	0.44
73900	0.44	0.52	0.52	0	0	0.44
74000	0.44	0.52	0.52	0	0	0.44
74100	0.44	0.52	0.52	0	0	0.44
74200	0.44	0.52	0.52	0	0	0.44
74300	0.44	0.52	0.52	0	0	0.44
74400	0.44	0.52	0.52	0	0	0.44
74500	0.44	0.52	0.52	0	0	0.44
74600	0.44	0.52	0.52	0	0	0.44
74700	0.44	0.52	0.52	0	0	0.44
74800	0.44	0.52	0.52	0	0	0.44
74900	0.44	0.52	0.52	0	0	0.44
75000	0.44	0.52	0.52	0	0	0.44
75100	0.44	0.52	0.52	0	0	0.44
75200	0.44	0.52	0.52	0	0	0.44
75300	0.44	0.52	0.52	0	0	0.44
75400	0.44	0.52	0.52	0	0	0.44
75500	0.44	0.52	0.52	0	0	0.44
75600	0.44	0.52	0.52	0	0	0.44
75700	0.44	0.52	0.52	0	0	0.44
75800	0.44	0.52	0.52	0	0	0.44
75900	0.44	0.52	0.52	0	0	0.44
76000	0.44	0.52	0.52	0	0	0.44
76100	0.44	0.52	0.52	0	0	0.44
76200	0.44	0.52	0.52	0	0	0.44
76300	0.44	0.52	0.52	0	0	0.44
76400	0.44	0.52	0.52	0	0	0.44
76500	0.44	0.52	0.52	0	0	0.44
76600	0.44	0.52	0.52	0	0	0.44
76700	0.44	0.52	0.52	0	0	0.44
76800	0.44	0.52	0.52	0	0	0.44
76900	0.44	0.52	0.52	0	0	0.44
77000	0.44	0.52	0.52	0	0	0.44
77100	0.44	0.52	0.52	0	0	0.44
77200	0.44	0.52	0.52	0	0	0.44
77300	0.44	0.52	0.52	0	0	0.44
77400	0.44	0.52	0.52	0	0	0.44
77500	0.44	0.52	0.52	0	0	0.44
77600	0.44	0.52	0.52	0	0	0.44
77700	0.44	0.52	0.52	0	0	0.44
77800	0.42	0.52	0.52	0	0	0.42
77900	0.42	0.52	0.52	0	0	0.42
78000	0.42	0.52	0.52	0	0	0.42
78100	0.42	0.52	0.52	0	0	0.42
78200	0.42	0.52	0.52	0	0	0.42
78300	0.42	0.52	0.52	0	0	0.42
78400	0.42	0.52	0.52	0	0	0.42
78500	0.42	0.52	0.52	0	0	0.42
78600	0.42	0.52	0.52	0	0	0.42
78700	0.42	0.52	0.52	0	0	0.42
78800	0.42	0.52	0.52	0	0	0.42
78900	0.42	0.52	0.52	0	0	0.42
79000	0.42	0.52	0.52	0	0	0.42
79100	0.42	0.5	0.5	0	0	0.42
79200	0.42	0.5	0.5	0	0	0.42
79300	0.42	0.5	0.5	0	0	0.42
79400	0.42	0.5	0.5	0	0	0.42
79500	0.42	0.5	0.5	0	0	0.42
79600	0.42	0.5	0.5	0	0	0.42
79700	0.42	0.5	0.5	0	0	0.42
79800	0.42	0.5	0.5	0	0	0.42
79900	0.42	0.52	0.52	0	0	0.42
80000	0.42	0.52	0.52	0	0	0.42
80100	0.42	0.52	0.52	0	0	0.42
80200	0.42	0.52	0.52	0	0	0.42
80300	0.42	0.52	0.52	0	0	0.42
80400	0.42	0.52	0.52	0	0	0.42
80500	0.42	0.52	0.52	0	0	0.42
80600	0.42	0.52	0.52	0	0	0.42
80700	0.42	0.52	0.52	0	0	0.42
80800	0.42	0.52	0.52	0	0	0.42
80900	0.42	0.52	0.52	0	0	0.42
81000	0.42	0.52	0.52	0	0	0.42
81100	0.42	0.52	0.52	0	0	0.42
81200	0.42	0.52	0.52	0	0	0.42
81300	0.42	0.52	0.52	0	0	0.42
81400	0.42	0.52	0.52	0	0	0.42
81500	0.42	0.52	0.52	0	0	0.42
81600	0.42	0.52	0.52	0	0	0.42
81700	0.42	0.52	0.52	0	0	0.42
81800	0.42	0.52	0.52	0	0	0.42
81900	0.42	0.52	0.52	0	0	0.42
82000	0.42	0.52	0.52	0	0	0.42
82100	0.42	0.52	0.52	0	0	0.42
82200	0.42	0.52	0.52	0	0	0.42
82300	0.42	0.52	0.52	0	0	0.42
82400	0.42	0.52	0.52	0	0	0.42
82500	0.42	0.52	0.52	0	0	0.42
82600	0.42	0.5	0.5	0	0	0.42
82700	0.42	0.5	0.5	0	0	0.42
82800	0.42	0.5	0.5	0	0	0.42
82900	0.42	0.5	0.5	0	0	0.42
83000	0.42	0.5	0.5	0	0	0.42
83100	0.42	0.5	0.5	0	0	0.42
83200	0.42	0.5	0.5	0	0	0.42
83300	0.42	0.5	0.5	0	0	0.42
83400	0.42	0.5	0.5	0	0	0.42
83500	0.42	0.5	0.5	0	0	0.42
83600	0.42	0.5	0.5	0	0	0.42
83700	0.42	0.5	0.5	0	0	0.42
83800	0.42	0.5	0.5	0	0	0.42
83900	0.42	0.5	0.5	0	0	0.42
84000	0.42	0.5	0.5	0	0	0.42
84100	0.42	0.5	0.5	0	0	0.42
84200	0.42	0.5	0.5	0	0	0.42
84300	0.42	0.5	0.5	0	0	0.42
84400	0.42	0.5	0.5	0	0	0.42
84500	0.42	0.5	0.5	0	0	0.42
84600	0.42	0.5	0.5	0	0	0.42
84700	0.42	0.5	0.5	0	0	0.42
84800	0.42	0.48	0.48	0	0	0.42
84900	0.42	0.48	0.48	0	0	0.42
85000	0.42	0.48	0.48	0	0	0.42
85100	0.42	0.48	0.48	0	0	0.42
85200	0.42	0.48	0.48	0	0	0.42
85300	0.42	0.48	0.48	0	0	0.42
85400	0.42	0.48	0.48	0	0	0.42
85500	0.42	0.48	0.48	0	0	0.42
85600	0.42	0.48	0.48	0	0	0.42
85700	0.42	0.48	0.48	0	0	0.42
85800	0.42	0.48	0.48	0	0	0.42
85900	0.42	0.48	0.48	0	0	0.42
86000	0.42	0.48	0.48	0	0	0.42
86100	0.44	0.48	0.48	0	0	0.44
86200	0.44	0.48	0.48	0	0	0.44
86300	0.44	0.48	0.48	0	0	0.44
86400	0.44	0.48	0.48	0	0	0.44
86500	0.44	0.48	0.48	0	0	0.44
86600	0.44	0.48	0.48	0	0	0.44
86700	0.44	0.48	0.48	0	0	0.44
86800	0.44	0.48	0.48	0	0	0.44
86900	0.44	0.5	0.5	0	0	0.44
87000	0.44	0.5	0.5	0	0	0.44
87100	0.44	0.5	0.5	0	0	0.44
87200	0.44	0.5	0.5	0	0	0.44
87300	0.44	0.5	0.5	0	0	0.44
87400	0.44	0.5	0.5	0	0	0.44
87500	0.44	0.5	0.5	0	0	0.44
87600	0.44	0.5	0.5	0	0	0.44
87700	0.44	0.5	0.5	0	0	0.44
87800	0.44	0.5	0.5	0	0	0.44
87900	0.44	0.5	0.5	0	0	0.44
88000	0.44	0.5	0.5	0	0	0.44
88100	0.44	0.5	0.5	0	0	0.44
88200	0.44	0.5	0.5	0	0	0.44
88300	0.44	0.5	0.5	0	0	0.44
88400	0.44	0.5	0.5	0	0	0.44
88500	0.44	0.5	0.5	0	0	0.44
88600	0.44	0.5	0.5	0	0	0.44
88700	0.44	0.5	0.5	0	0	0.44
88800	0.44	0.5	0.5	0	0	0.44
88900	0.44	0.5	0.5	0	0	0.44
89000	0.44	0.5	0.5	0	0	0.44
89100	0.44	0.5	0.5	0	0	0.44
89200	0.44	0.5	0.5	0	0	0.44
89300	0.44	0.5	0.5	0	0	0.44
89400	0.44	0.5	0.5	0	0	0.44
89500	0.44	0.5	0.5	0	0	0.44
89600	0.44	0.5	0.5	0	0	0.44
89700	0.44	0.5	0.5	0	0	0.44
89800	0.44	0.5	0.5	0	0	0.44
89900	0.44	0.5	0.5	0	0	0.44
90000	0.44	0.5	0.5	0	0	0.44
90100	0.42	0.5	0.5	0	0	0.42
90200	0.42	0.5	0.5	0	0	0.42
90300	0.42	0.5	0.5	0	0	0.42
90400	0.42	0.5	0.5	0	0	0.42
90500	0.42	0.5	0.5	0	0	0.42
90600	0.42	0.5	0.5	0	0	0.42
90700	0.42	0.5	0.5	0	0	0.42
90800	0.42	0.5	0.5	0	0	0.42
90900	0.42	0.5	0.5	0	0	0.42
91000	0.42	0.5	0.5	0	0	0.42
91100	0.42	0.5	0.5	0	0	0.42
91200	0.42	0.5	0.5	0	0	0.42
91300	0.42	0.5	0.5	0	0	0.42
91400	0.42	0.5	0.5	0	0	0.42
91500	0.42	0.5	0.5	0	0	0.42
91600	0.42	0.5	0.5	0	0	0.42
91700	0.42	0.5	0.5	0	0	0.42
91800	0.42	0.5	0.5	0	0	0.42
91900	0.42	0.5	0.5	0	0	0.42
92000	0.42	0.5	0.5	0	0	0.42
92100	0.42	0.5	0.5	0	0	0.42
92200	0.42	0.5	0.5	0	0	0.42
92300	0.42	0.5	0.5	0	0	0.42
92400	0.42	0.5	0.5	0	0	0.42
92500	0.42	0.5	0.5	0	0	0.42
92600	0.42	0.5	0.5	0	0	0.42
92700	0.42	0.5	0.5	0	0	0.42
92800	0.42	0.5	0.5	0	0	0.42
92900	0.42	0.5	0.5	0	0	0.42
93000	0.42	0.5	0.5	0	0	0.42
93100	0.44	0.5	0.5	0	0	0.44
93200	0.44	0.5	0.5	0	0	0.44
93300	0.42	0.5	0.5	0	0	0.42
93400	0.42	0.5	0.5	0	0	0.42
93500	0.42	0.5	0.5	0	0	0.42
93600	0.42	0.5	0.5	0	0	0.42
93700	0.42	0.5	0.5	0	0	0.42
93800	0.42	0.5	0.5	0	0	0.42
93900	0.42	0.5	0.5	0	0	0.42
94000	0.42	0.5	0.5	0	0	0.42
94100	0.42	0.5	0.5	0	0	0.42
94200	0.42	0.5	0.5	0	0	0.42
94300	0.42	0.5	0.5	0	0	0.42
94400	0.42	0.5	0.5	0	0	0.42
94500	0.42	0.5	0.5	0	0	0.42
94600	0.42	0.5	0.5	0	0	0.42
94700	0.42	0.5	0.5	0	0	0.42
94800	0.42	0.5	0.5	0	0	0.42
94900	0.42	0.5	0.5	0	0	0.42
95000	0.42	0.5	0.5	0	0	0.42
95100	0.42	0.5	0.5	0	0	0.42
95200	0.42	0.5	0.5	0	0	0.42
95300	0.42	0.5	0.5	0	0	0.42
95400	0.42	0.5	0.5	0	0	0.42
95500	0.42	0.5	0.5	0	0	0.42
95600	0.42	0.5	0.5	0	0	0.42
95700	0.42	0.5	0.5	0	0	0.42
95800	0.42	0.5	0.5	0	0	0.42
95900	0.42	0.5	0.5	0	0	0.42
96000	0.42	0.5	0.5	0	0	0.42
96100	0.42	0.5	0.5	0	0	0.42
96200	0.42	0.5	0.5	0	0	0.42
96300	0.42	0.5	0.5	0	0	0.42
96400	0.42	0.5	0.5	0	0	0.42
96500	0.42	0.5	0.5	0	0	0.42
96600	0.4	0.5	0.5	0	0	0.4
96700	0.4	0.5	0.5	0	0	0.4
96800	0.4	0.5	0.5	0	0	0.4
96900	0.4	0.5	0.5	0	0	0.4
97000	0.4	0.5	0.5	0	0	0.4
97100	0.4	0.5	0.5	0	0	0.4
97200	0.4	0.5	0.5	0	0	0.4
97300	0.4	0.5	0.5	0	0	0.4
97400	0.4	0.5	0.5	0	0	0.4
97500	0.4	0.5	0.5	0	0	0.4
97600	0.4	0.5	0.5	0	0	0.4
97700	0.4	0.5	0.5	0	0	0.4
97800	0.4	0.5	0.5	0	0	0.4
97900	0.4	0.5	0.5	0	0	0.4
98000	0.4	0.5	0.5	0	0	0.4
98100	0.4	0.5	0.5	0	0	0.4
98200	0.4	0.5	0.5	0	0	0.4
98300	0.4	0.5	0.5	0	0	0.4
98400	0.4	0.5	0.5	0	0	0.4
98500	0.4	0.5	0.5	0	0	0.4
98600	0.4	0.5	0.5	0	0	0.4
98700	0.4	0.5	0.5	0	0	0.4
98800	0.4	0.5	0.5	0	0	0.4
98900	0.4	0.5	0.5	0	0	0.4
99000	0.4	0.5	0.5	0	0	0.4
99100	0.4	0.5	0.5	0	0	0.4
99200	0.4	0.5	0.5	0	0	0.4
99300	0.4	0.52	0.52	0	0	0.4
99400	0.4	0.52	0.52	0	0	0.4
99500	0.42	0.52	0.52	0	0	0.42
99600	0.42	0.52	0.52	0	0	0.42
99700	0.42	0.52	0.52	0	0	0.42
99800	0.42	0.52	0.52	0	0	0.42
99900	0.42	0.52	0.52	0	0	0.42
100000	0.42	0.52	0.52	0	0	0.42
