100	0.1	0.14	0.14	0	0	0.1
200	0.12	0.18	0.18	0	0	0.12
300	0.12	0.2	0.2	0	0	0.12
400	0.12	0.26	0.26	0	0	0.12
500	0.12	0.26	0.26	0	0	0.12
600	0.14	0.28	0.28	0	0	0.14
700	0.16	0.28	0.28	0	0	0.16
800	0.16	0.28	0.28	0	0	0.16
900	0.16	0.3	0.3	0	0	0.16
1000	0.16	0.3	0.3	0	0	0.16
1100	0.16	0.3	0.3	0	0	0.16
1200	0.18	0.3	0.3	0	0	0.18
1300	0.18	0.32	0.32	0	0	0.18
1400	0.18	0.36	0.36	0	0	0.18
1500	0.18	0.36	0.36	0	0	0.18
1600	0.18	0.36	0.36	0	0	0.18
1700	0.18	0.36	0.36	0	0	0.18
1800	0.18	0.34	0.34	0	0	0.18
1900	0.18	0.36	0.36	0	0	0.18
2000	0.18	0.38	0.38	0	0	0.18
2100	0.18	0.38	0.38	0	0	0.18
2200	0.2	0.38	0.38	0	0	0.2
2300	0.2	0.38	0.38	0	0	0.2
2400	0.2	0.36	0.36	0	0	0.2
2500	0.22	0.36	0.36	0	0	0.22
2600	0.22	0.4	0.4	0	0	0.22
2700	0.22	0.4	0.4	0	0	0.22
2800	0.22	0.4	0.4	0	0	0.22
2900	0.22	0.4	0.4	0	0	0.22
3000	0.24	0.4	0.4	0	0	0.24
3100	0.24	0.4	0.4	0	0	0.24
3200	0.26	0.4	0.4	0	0	0.26
3300	0.28	0.4	0.4	0	0	0.28
3400	0.28	0.42	0.42	0	0	0.28
3500	0.28	0.42	0.42	0	0	0.28
3600	0.28	0.44	0.44	0	0	0.28
3700	0.3	0.44	0.44	0	0	0.3
3800	0.3	0.44	0.44	0	0	0.3
3900	0.3	0.44	0.44	0	0	0.3
4000	0.32	0.44	0.44	0	0	0.32
4100	0.32	0.44	0.44	0	0	0.32
4200	0.32	0.42	0.42	0	0	0.32
4300	0.32	0.42	0.42	0	0	0.32
4400	0.28	0.42	0.42	0	0	0.28
4500	0.28	0.4	0.4	0	0	0.28
4600	0.3	0.4	0.4	0	0	0.3
4700	0.32	0.4	0.4	0	0	0.32
4800	0.32	0.4	0.4	0	0	0.32
4900	0.32	0.4	0.4	0	0	0.32
5000	0.32	0.42	0.42	0	0	0.32
5100	0.32	0.44	0.44	0	0	0.32
5200	0.32	0.44	0.44	0	0	0.32
5300	0.32	0.42	0.42	0	0	0.32
5400	0.34	0.42	0.42	0	0	0.34
5500	0.34	0.42	0.42	0	0	0.34
5600	0.34	0.42	0.42	0	0	0.34
5700	0.34	0.42	0.42	0	0	0.34
5800	0.34	0.42	0.42	0	0	0.34
5900	0.34	0.42	0.42	0	0	0.34
6000	0.34	0.42	0.42	0	0	0.34
6100	0.34	0.42	0.42	0	0	0.34
6200	0.34	0.42	0.42	0	0	0.34
6300	0.34	0.42	0.42	0	0	0.34
6400	0.36	0.42	0.42	0	0	0.36
6500	0.36	0.42	0.42	0	0	0.36
6600	0.36	0.42	0.42	0	0	0.36
6700	0.36	0.42	0.42	0	0	0.36
6800	0.36	0.42	0.42	0	0	0.36
6900	0.36	0.42	0.42	0	0	0.36
7000	0.38	0.42	0.42	0	0	0.38
7100	0.38	0.44	0.44	0	0	0.38
7200	0.38	0.44	0.44	0	0	0.38
7300	0.38	0.44	0.44	0	0	0.38
7400	0.38	0.44	0.44	0	0	0.38
7500	0.38	0.44	0.44	0	0	0.38
7600	0.4	0.44	0.44	0	0	0.4
7700	0.4	0.44	0.44	0	0	0.4
7800	0.4	0.44	0.44	0	0	0.4
7900	0.4	0.44	0.44	0	0	0.4
8000	0.4	0.44	0.44	0	0	0.4
8100	0.4	0.46	0.46	0	0	0.4
8200	0.4	0.4	0.4	0	0	0.4
8300	0.4	0.4	0.4	0	0	0.4
8400	0.4	0.4	0.4	0	0	0.4
8500	0.4	0.42	0.42	0	0	0.4
8600	0.4	0.42	0.42	0	0	0.4
8700	0.4	0.42	0.42	0	0	0.4
8800	0.4	0.42	0.42	0	0	0.4
8900	0.4	0.42	0.42	0	0	0.4
9000	0.4	0.42	0.42	0	0	0.4
9100	0.4	0.42	0.42	0	0	0.4
9200	0.4	0.44	0.44	0	0	0.4
9300	0.4	0.46	0.46	0	0	0.4
9400	0.4	0.46	0.46	0	0	0.4
9500	0.4	0.44	0.44	0	0	0.4
9600	0.38	0.44	0.44	0	0	0.38
9700	0.38	0.46	0.46	0	0	0.38
9800	0.38	0.46	0.46	0	0	0.38
9900	0.38	0.46	0.46	0	0	0.38
10000	0.38	0.46	0.46	0	0	0.38
10100	0.38	0.46	0.46	0	0	0.38
10200	0.38	0.46	0.46	0	0	0.38
10300	0.38	0.46	0.46	0	0	0.38
10400	0.38	0.46	0.46	0	0	0.38
10500	0.38	0.46	0.46	0	0	0.38
10600	0.38	0.46	0.46	0	0	0.38
10700	0.38	0.48	0.48	0	0	0.38
10800	0.38	0.48	0.48	0	0	0.38
10900	0.38	0.48	0.48	0	0	0.38
11000	0.38	0.48	0.48	0	0	0.38
11100	0.38	0.5	0.5	0	0	0.38
11200	0.38	0.5	0.5	0	0	0.38
11300	0.38	0.5	0.5	0	0	0.38
11400	0.38	0.52	0.52	0	0	0.38
11500	0.38	0.52	0.52	0	0	0.38
11600	0.38	0.52	0.52	0	0	0.38
11700	0.38	0.52	0.52	0	0	0.38
11800	0.38	0.52	0.52	0	0	0.38
11900	0.38	0.54	0.54	0	0	0.38
12000	0.38	0.52	0.52	0	0	0.38
12100	0.38	0.52	0.52	0	0	0.38
12200	0.38	0.52	0.52	0	0	0.38
12300	0.4	0.52	0.52	0	0	0.4
12400	0.4	0.52	0.52	0	0	0.4
12500	0.4	0.52	0.52	0	0	0.4
12600	0.4	0.52	0.52	0	0	0.4
12700	0.4	0.52	0.52	0	0	0.4
12800	0.4	0.52	0.52	0	0	0.4
12900	0.4	0.52	0.52	0	0	0.4
13000	0.4	0.52	0.52	0	0	0.4
13100	0.4	0.52	0.52	0	0	0.4
13200	0.4	0.52	0.52	0	0	0.4
13300	0.42	0.52	0.52	0	0	0.42
13400	0.42	0.52	0.52	0	0	0.42
13500	0.42	0.52	0.52	0	0	0.42
13600	0.42	0.52	0.52	0	0	0.42
13700	0.4	0.52	0.52	0	0	0.4
13800	0.4	0.52	0.52	0	0	0.4
13900	0.38	0.52	0.52	0	0	0.38
14000	0.38	0.52	0.52	0	0	0.38
14100	0.38	0.52	0.52	0	0	0.38
14200	0.38	0.52	0.52	0	0	0.38
14300	0.38	0.52	0.52	0	0	0.38
14400	0.38	0.52	0.52	0	0	0.38
14500	0.38	0.52	0.52	0	0	0.38
14600	0.38	0.52	0.52	0	0	0.38
14700	0.38	0.52	0.52	0	0	0.38
14800	0.38	0.52	0.52	0	0	0.38
14900	0.38	0.52	0.52	0	0	0.38
15000	0.38	0.52	0.52	0	0	0.38
15100	0.36	0.54	0.54	0	0	0.36
15200	0.36	0.54	0.54	0	0	0.36
15300	0.36	0.54	0.54	0	0	0.36
15400	0.36	0.54	0.54	0	0	0.36
15500	0.36	0.54	0.54	0	0	0.36
15600	0.36	0.54	0.54	0	0	0.36
15700	0.36	0.52	0.52	0	0	0.36
15800	0.36	0.52	0.52	0	0	0.36
15900	0.36	0.52	0.52	0	0	0.36
16000	0.36	0.52	0.52	0	0	0.36
16100	0.36	0.52	0.52	0	0	0.36
16200	0.36	0.5	0.5	0	0	0.36
16300	0.36	0.5	0.5	0	0	0.36
16400	0.36	0.5	0.5	0	0	0.36
16500	0.36	0.5	0.5	0	0	0.36
16600	0.36	0.5	0.5	0	0	0.36
16700	0.36	0.5	0.5	0	0	0.36
16800	0.36	0.52	0.52	0	0	0.36
16900	0.36	0.52	0.52	0	0	0.36
17000	0.38	0.52	0.52	0	0	0.38
17100	0.38	0.52	0.52	0	0	0.38
17200	0.38	0.52	0.52	0	0	0.38
17300	0.38	0.52	0.52	0	0	0.38
17400	0.38	0.52	0.52	0	0	0.38
17500	0.38	0.5	0.5	0	0	0.38
17600	0.38	0.5	0.5	0	0	0.38
17700	0.4	0.5	0.5	0	0	0.4
17800	0.4	0.5	0.5	0	0	0.4
17900	0.4	0.5	0.5	0	0	0.4
18000	0.4	0.5	0.5	0	0	0.4
18100	0.4	0.5	0.5	0	0	0.4
18200	0.4	0.5	0.5	0	0	0.4
18300	0.4	0.52	0.52	0	0	0.4
18400	0.4	0.52	0.52	0	0	0.4
18500	0.4	0.52	0.52	0	0	0.4
18600	0.4	0.52	0.52	0	0	0.4
18700	0.4	0.54	0.54	0	0	0.4
18800	0.4	0.54	0.54	0	0	0.4
18900	0.4	0.54	0.54	0	0	0.4
19000	0.4	0.54	0.54	0	0	0.4
19100	0.4	0.54	0.54	0	0	0.4
19200	0.42	0.54	0.54	0	0	0.42
19300	0.42	0.54	0.54	0	0	0.42
19400	0.42	0.54	0.54	0	0	0.42
19500	0.42	0.54	0.54	0	0	0.42
19600	0.42	0.54	0.54	0	0	0.42
19700	0.42	0.54	0.54	0	0	0.42
19800	0.42	0.54	0.54	0	0	0.42
19900	0.42	0.54	0.54	0	0	0.42
20000	0.42	0.54	0.54	0	0	0.42
20100	0.42	0.54	0.54	0	0	0.42
20200	0.42	0.54	0.54	0	0	0.42
20300	0.42	0.54	0.54	0	0	0.42
20400	0.42	0.54	0.54	0	0	0.42
20500	0.42	0.54	0.54	0	0	0.42
20600	0.42	0.54	0.54	0	0	0.42
20700	0.42	0.54	0.54	0	0	0.42
20800	0.42	0.54	0.54	0	0	0.42
20900	0.4	0.54	0.54	0	0	0.4
21000	0.4	0.54	0.54	0	0	0.4
21100	0.4	0.54	0.54	0	0	0.4
21200	0.4	0.54	0.54	0	0	0.4
21300	0.4	0.54	0.54	0	0	0.4
21400	0.4	0.54	0.54	0	0	0.4
21500	0.4	0.54	0.54	0	0	0.4
21600	0.4	0.54	0.54	0	0	0.4
21700	0.4	0.54	0.54	0	0	0.4
21800	0.4	0.54	0.54	0	0	0.4
21900	0.4	0.54	0.54	0	0	0.4
22000	0.4	0.54	0.54	0	0	0.4
22100	0.4	0.54	0.54	0	0	0.4
22200	0.4	0.54	0.54	0	0	0.4
22300	0.4	0.54	0.54	0	0	0.4
22400	0.4	0.54	0.54	0	0	0.4
22500	0.4	0.54	0.54	0	0	0.4
22600	0.4	0.54	0.54	0	0	0.4
22700	0.4	0.54	0.54	0	0	0.4
22800	0.4	0.54	0.54	0	0	0.4
22900	0.4	0.54	0.54	0	0	0.4
23000	0.4	0.54	0.54	0	0	0.4
23100	0.4	0.54	0.54	0	0	0.4
23200	0.4	0.54	0.54	0	0	0.4
23300	0.42	0.54	0.54	0	0	0.42
23400	0.42	0.54	0.54	0	0	0.42
23500	0.42	0.54	0.54	0	0	0.42
23600	0.42	0.54	0.54	0	0	0.42
23700	0.42	0.54	0.54	0	0	0.42
23800	0.42	0.54	0.54	0	0	0.42
23900	0.42	0.54	0.54	0	0	0.42
24000	0.42	0.54	0.54	0	0	0.42
24100	0.42	0.54	0.54	0	0	0.42
24200	0.42	0.54	0.54	0	0	0.42
24300	0.42	0.52	0.52	0	0	0.42
24400	0.42	0.52	0.52	0	0	0.42
24500	0.42	0.5	0.5	0	0	0.42
24600	0.42	0.5	0.5	0	0	0.42
24700	0.4	0.5	0.5	0	0	0.4
24800	0.4	0.48	0.48	0	0	0.4
24900	0.4	0.48	0.48	0	0	0.4
25000	0.4	0.48	0.48	0	0	0.4
25100	0.4	0.5	0.5	0	0	0.4
25200	0.4	0.5	0.5	0	0	0.4
25300	0.4	0.5	0.5	0	0	0.4
25400	0.38	0.5	0.5	0	0	0.38
25500	0.38	0.5	0.5	0	0	0.38
25600	0.38	0.5	0.5	0	0	0.38
25700	0.38	0.5	0.5	0	0	0.38
25800	0.38	0.5	0.5	0	0	0.38
25900	0.38	0.48	0.48	0	0	0.38
26000	0.38	0.48	0.48	0	0	0.38
26100	0.4	0.48	0.48	0	0	0.4
26200	0.4	0.48	0.48	0	0	0.4
26300	0.38	0.48	0.48	0	0	0.38
26400	0.38	0.48	0.48	0	0	0.38
26500	0.38	0.48	0.48	0	0	0.38
26600	0.38	0.48	0.48	0	0	0.38
26700	0.38	0.48	0.48	0	0	0.38
26800	0.4	0.48	0.48	0	0	0.4
26900	0.4	0.48	0.48	0	0	0.4
27000	0.38	0.48	0.48	0	0	0.38
27100	0.38	0.48	0.48	0	0	0.38
27200	0.38	0.48	0.48	0	0	0.38
27300	0.38	0.48	0.48	0	0	0.38
27400	0.38	0.48	0.48	0	0	0.38
27500	0.38	0.48	0.48	0	0	0.38
27600	0.38	0.48	0.48	0	0	0.38
27700	0.38	0.48	0.48	0	0	0.38
27800	0.38	0.48	0.48	0	0	0.38
27900	0.4	0.48	0.48	0	0	0.4
28000	0.4	0.48	0.48	0	0	0.4
28100	0.4	0.48	0.48	0	0	0.4
28200	0.4	0.48	0.48	0	0	0.4
28300	0.42	0.48	0.48	0	0	0.42
28400	0.44	0.5	0.5	0	0	0.44
28500	0.44	0.5	0.5	0	0	0.44
28600	0.44	0.5	0.5	0	0	0.44
28700	0.46	0.5	0.5	0	0	0.46
28800	0.46	0.5	0.5	0	0	0.46
28900	0.46	0.5	0.5	0	0	0.46
29000	0.46	0.5	0.5	0	0	0.46
29100	0.46	0.5	0.5	0	0	0.46
29200	0.46	0.5	0.5	0	0	0.46
29300	0.46	0.5	0.5	0	0	0.46
29400	0.46	0.5	0.5	0	0	0.46
29500	0.46	0.5	0.5	0	0	0.46
29600	0.46	0.5	0.5	0	0	0.46
29700	0.46	0.5	0.5	0	0	0.46
29800	0.46	0.5	0.5	0	0	0.46
29900	0.46	0.5	0.5	0	0	0.46
30000	0.46	0.5	0.5	0	0	0.46
30100	0.46	0.5	0.5	0	0	0.46
30200	0.46	0.5	0.5	0	0	0.46
30300	0.46	0.5	0.5	0	0	0.46
30400	0.46	0.5	0.5	0	0	0.46
30500	0.46	0.5	0.5	0	0	0.46
30600	0.46	0.5	0.5	0	0	0.46
30700	0.48	0.5	0.5	0	0	0.48
30800	0.48	0.5	0.5	0	0	0.48
30900	0.48	0.5	0.5	0	0	0.48
31000	0.48	0.5	0.5	0	0	0.48
31100	0.48	0.5	0.5	0	0	0.48
31200	0.48	0.5	0.5	0	0	0.48
31300	0.48	0.5	0.5	0	0	0.48
31400	0.48	0.5	0.5	0	0	0.48
31500	0.48	0.5	0.5	0	0	0.48
31600	0.48	0.5	0.5	0	0	0.48
31700	0.48	0.5	0.5	0	0	0.48
31800	0.48	0.5	0.5	0	0	0.48
31900	0.48	0.5	0.5	0	0	0.48
32000	0.46	0.5	0.5	0	0	0.46
32100	0.44	0.5	0.5	0	0	0.44
32200	0.44	0.5	0.5	0	0	0.44
32300	0.42	0.5	0.5	0	0	0.42
32400	0.4	0.5	0.5	0	0	0.4
32500	0.4	0.52	0.52	0	0	0.4
32600	0.4	0.52	0.52	0	0	0.4
32700	0.4	0.52	0.52	0	0	0.4
32800	0.42	0.52	0.52	0	0	0.42
32900	0.42	0.52	0.52	0	0	0.42
33000	0.42	0.52	0.52	0	0	0.42
33100	0.42	0.52	0.52	0	0	0.42
33200	0.42	0.52	0.52	0	0	0.42
33300	0.42	0.52	0.52	0	0	0.42
33400	0.42	0.52	0.52	0	0	0.42
33500	0.42	0.52	0.52	0	0	0.42
33600	0.42	0.52	0.52	0	0	0.42
33700	0.42	0.52	0.52	0	0	0.42
33800	0.4	0.52	0.52	0	0	0.4
33900	0.4	0.52	0.52	0	0	0.4
34000	0.4	0.52	0.52	0	0	0.4
34100	0.4	0.52	0.52	0	0	0.4
34200	0.4	0.52	0.52	0	0	0.4
34300	0.4	0.52	0.52	0	0	0.4
34400	0.4	0.52	0.52	0	0	0.4
34500	0.4	0.5	0.5	0	0	0.4
34600	0.38	0.5	0.5	0	0	0.38
34700	0.38	0.52	0.52	0	0	0.38
34800	0.38	0.52	0.52	0	0	0.38
34900	0.38	0.52	0.52	0	0	0.38
35000	0.38	0.52	0.52	0	0	0.38
35100	0.38	0.52	0.52	0	0	0.38
35200	0.36	0.52	0.52	0	0	0.36
35300	0.36	0.52	0.52	0	0	0.36
35400	0.36	0.52	0.52	0	0	0.36
35500	0.36	0.52	0.52	0	0	0.36
35600	0.36	0.52	0.52	0	0	0.36
35700	0.36	0.52	0.52	0	0	0.36
35800	0.36	0.52	0.52	0	0	0.36
35900	0.36	0.52	0.52	0	0	0.36
36000	0.38	0.52	0.52	0	0	0.38
36100	0.38	0.52	0.52	0	0	0.38
36200	0.38	0.52	0.52	0	0	0.38
36300	0.38	0.52	0.52	0	0	0.38
36400	0.38	0.52	0.52	0	0	0.38
36500	0.38	0.52	0.52	0	0	0.38
36600	0.38	0.52	0.52	0	0	0.38
36700	0.38	0.52	0.52	0	0	0.38
36800	0.38	0.52	0.52	0	0	0.38
36900	0.38	0.52	0.52	0	0	0.38
37000	0.38	0.52	0.52	0	0	0.38
37100	0.38	0.52	0.52	0	0	0.38
37200	0.38	0.52	0.52	0	0	0.38
37300	0.38	0.52	0.52	0	0	0.38
37400	0.38	0.52	0.52	0	0	0.38
37500	0.38	0.52	0.52	0	0	0.38
37600	0.38	0.52	0.52	0	0	0.38
37700	0.38	0.52	0.52	0	0	0.38
37800	0.38	0.52	0.52	0	0	0.38
37900	0.38	0.5	0.5	0	0	0.38
38000	0.38	0.52	0.52	0	0	0.38
38100	0.38	0.54	0.54	0	0	0.38
38200	0.38	0.54	0.54	0	0	0.38
38300	0.38	0.54	0.54	0	0	0.38
38400	0.38	0.54	0.54	0	0	0.38
38500	0.38	0.54	0.54	0	0	0.38
38600	0.38	0.54	0.54	0	0	0.38
38700	0.38	0.54	0.54	0	0	0.38
38800	0.4	0.54	0.54	0	0	0.4
38900	0.4	0.54	0.54	0	0	0.4
39000	0.4	0.54	0.54	0	0	0.4
39100	0.4	0.54	0.54	0	0	0.4
39200	0.4	0.54	0.54	0	0	0.4
39300	0.4	0.54	0.54	0	0	0.4
39400	0.4	0.54	0.54	0	0	0.4
39500	0.4	0.54	0.54	0	0	0.4
39600	0.4	0.54	0.54	0	0	0.4
39700	0.4	0.54	0.54	0	0	0.4
39800	0.4	0.54	0.54	0	0	0.4
39900	0.4	0.54	0.54	0	0	0.4
40000	0.4	0.54	0.54	0	0	0.4
40100	0.4	0.54	0.54	0	0	0.4
40200	0.4	0.54	0.54	0	0	0.4
40300	0.4	0.54	0.54	0	0	0.4
40400	0.4	0.54	0.54	0	0	0.4
40500	0.4	0.54	0.54	0	0	0.4
40600	0.4	0.54	0.54	0	0	0.4
40700	0.4	0.54	0.54	0	0	0.4
40800	0.4	0.54	0.54	0	0	0.4
40900	0.4	0.56	0.56	0	0	0.4
41000	0.42	0.56	0.56	0	0	0.42
41100	0.42	0.56	0.56	0	0	0.42
41200	0.42	0.56	0.56	0	0	0.42
41300	0.42	0.56	0.56	0	0	0.42
41400	0.42	0.56	0.56	0	0	0.42
41500	0.42	0.56	0.56	0	0	0.42
41600	0.42	0.56	0.56	0	0	0.42
41700	0.42	0.56	0.56	0	0	0.42
41800	0.42	0.56	0.56	0	0	0.42
41900	0.42	0.56	0.56	0	0	0.42
42000	0.42	0.56	0.56	0	0	0.42
42100	0.42	0.56	0.56	0	0	0.42
42200	0.42	0.56	0.56	0	0	0.42
42300	0.42	0.56	0.56	0	0	0.42
42400	0.4	0.56	0.56	0	0	0.4
42500	0.4	0.56	0.56	0	0	0.4
42600	0.4	0.58	0.58	0	0	0.4
42700	0.4	0.58	0.58	0	0	0.4
42800	0.4	0.58	0.58	0	0	0.4
42900	0.4	0.58	0.58	0	0	0.4
43000	0.4	0.58	0.58	0	0	0.4
43100	0.4	0.58	0.58	0	0	0.4
43200	0.4	0.58	0.58	0	0	0.4
43300	0.4	0.58	0.58	0	0	0.4
43400	0.4	0.58	0.58	0	0	0.4
43500	0.4	0.58	0.58	0	0	0.4
43600	0.4	0.58	0.58	0	0	0.4
43700	0.4	0.58	0.58	0	0	0.4
43800	0.4	0.58	0.58	0	0	0.4
43900	0.4	0.58	0.58	0	0	0.4
44000	0.4	0.58	0.58	0	0	0.4
44100	0.4	0.58	0.58	0	0	0.4
44200	0.42	0.58	0.58	0	0	0.42
44300	0.4	0.58	0.58	0	0	0.4
44400	0.4	0.58	0.58	0	0	0.4
44500	0.4	0.58	0.58	0	0	0.4
44600	0.4	0.58	0.58	0	0	0.4
44700	0.4	0.58	0.58	0	0	0.4
44800	0.4	0.58	0.58	0	0	0.4
44900	0.4	0.58	0.58	0	0	0.4
45000	0.4	0.58	0.58	0	0	0.4
45100	0.4	0.58	0.58	0	0	0.4
45200	0.4	0.58	0.58	0	0	0.4
45300	0.4	0.58	0.58	0	0	0.4
45400	0.4	0.56	0.56	0	0	0.4
45500	0.4	0.54	0.54	0	0	0.4
45600	0.4	0.54	0.54	0	0	0.4
45700	0.4	0.54	0.54	0	0	0.4
45800	0.42	0.54	0.54	0	0	0.42
45900	0.42	0.54	0.54	0	0	0.42
46000	0.42	0.54	0.54	0	0	0.42
46100	0.42	0.54	0.54	0	0	0.42
46200	0.42	0.54	0.54	0	0	0.42
46300	0.42	0.54	0.54	0	0	0.42
46400	0.42	0.54	0.54	0	0	0.42
46500	0.42	0.54	0.54	0	0	0.42
46600	0.42	0.56	0.56	0	0	0.42
46700	0.42	0.56	0.56	0	0	0.42
46800	0.42	0.56	0.56	0	0	0.42
46900	0.42	0.56	0.56	0	0	0.42
47000	0.42	0.56	0.56	0	0	0.42
47100	0.42	0.56	0.56	0	0	0.42
47200	0.42	0.56	0.56	0	0	0.42
47300	0.44	0.56	0.56	0	0	0.44
47400	0.44	0.56	0.56	0	0	0.44
47500	0.44	0.56	0.56	0	0	0.44
47600	0.44	0.56	0.56	0	0	0.44
47700	0.44	0.56	0.56	0	0	0.44
47800	0.44	0.56	0.56	0	0	0.44
47900	0.44	0.56	0.56	0	0	0.44
48000	0.44	0.56	0.56	0	0	0.44
48100	0.44	0.56	0.56	0	0	0.44
48200	0.44	0.56	0.56	0	0	0.44
48300	0.44	0.56	0.56	0	0	0.44
48400	0.44	0.56	0.56	0	0	0.44
48500	0.44	0.56	0.56	0	0	0.44
48600	0.44	0.56	0.56	0	0	0.44
48700	0.44	0.56	0.56	0	0	0.44
48800	0.44	0.56	0.56	0	0	0.44
48900	0.44	0.56	0.56	0	0	0.44
49000	0.44	0.56	0.56	0	0	0.44
49100	0.44	0.56	0.56	0	0	0.44
49200	0.44	0.56	0.56	0	0	0.44
49300	0.44	0.56	0.56	0	0	0.44
49400	0.44	0.56	0.56	0	0	0.44
49500	0.44	0.56	0.56	0	0	0.44
49600	0.44	0.56	0.56	0	0	0.44
49700	0.44	0.56	0.56	0	0	0.44
49800	0.44	0.56	0.56	0	0	0.44
49900	0.44	0.56	0.56	0	0	0.44
50000	0.44	0.56	0.56	0	0	0.44
50100	0.44	0.56	0.56	0	0	0.44
50200	0.44	0.56	0.56	0	0	0.44
50300	0.44	0.56	0.56	0	0	0.44
50400	0.44	0.56	0.56	0	0	0.44
50500	0.44	0.56	0.56	0	0	0.44
50600	0.44	0.56	0.56	0	0	0.44
50700	0.44	0.56	0.56	0	0	0.44
50800	0.42	0.56	0.56	0	0	0.42
50900	0.42	0.56	0.56	0	0	0.42
51000	0.42	0.56	0.56	0	0	0.42
51100	0.42	0.56	0.56	0	0	0.42
51200	0.42	0.56	0.56	0	0	0.42
51300	0.42	0.56	0.56	0	0	0.42
51400	0.42	0.56	0.56	0	0	0.42
51500	0.42	0.56	0.56	0	0	0.42
51600	0.42	0.56	0.56	0	0	0.42
51700	0.42	0.56	0.56	0	0	0.42
51800	0.42	0.56	0.56	0	0	0.42
51900	0.42	0.56	0.56	0	0	0.42
52000	0.42	0.56	0.56	0	0	0.42
52100	0.42	0.56	0.56	0	0	0.42
52200	0.42	0.56	0.56	0	0	0.42
52300	0.42	0.56	0.56	0	0	0.42
52400	0.42	0.56	0.56	0	0	0.42
52500	0.42	0.56	0.56	0	0	0.42
52600	0.42	0.56	0.56	0	0	0.42
52700	0.42	0.56	0.56	0	0	0.42
52800	0.42	0.56	0.56	0	0	0.42
52900	0.42	0.54	0.54	0	0	0.42
53000	0.42	0.54	0.54	0	0	0.42
53100	0.42	0.54	0.54	0	0	0.42
53200	0.42	0.54	0.54	0	0	0.42
53300	0.42	0.54	0.54	0	0	0.42
53400	0.42	0.54	0.54	0	0	0.42
53500	0.42	0.54	0.54	0	0	0.42
53600	0.4	0.54	0.54	0	0	0.4
53700	0.4	0.54	0.54	0	0	0.4
53800	0.4	0.54	0.54	0	0	0.4
53900	0.4	0.54	0.54	0	0	0.4
54000	0.4	0.54	0.54	0	0	0.4
54100	0.4	0.54	0.54	0	0	0.4
54200	0.4	0.54	0.54	0	0	0.4
54300	0.4	0.54	0.54	0	0	0.4
54400	0.4	0.54	0.54	0	0	0.4
54500	0.42	0.54	0.54	0	0	0.42
54600	0.42	0.54	0.54	0	0	0.42
54700	0.42	0.54	0.54	0	0	0.42
54800	0.42	0.54	0.54	0	0	0.42
54900	0.42	0.54	0.54	0	0	0.42
55000	0.42	0.54	0.54	0	0	0.42
55100	0.42	0.52	0.52	0	0	0.42
55200	0.42	0.52	0.52	0	0	0.42
55300	0.42	0.52	0.52	0	0	0.42
55400	0.42	0.52	0.52	0	0	0.42
55500	0.42	0.52	0.52	0	0	0.42
55600	0.42	0.52	0.52	0	0	0.42
55700	0.42	0.52	0.52	0	0	0.42
55800	0.42	0.52	0.52	0	0	0.42
55900	0.42	0.52	0.52	0	0	0.42
56000	0.42	0.52	0.52	0	0	0.42
56100	0.42	0.52	0.52	0	0	0.42
56200	0.42	0.52	0.52	0	0	0.42
56300	0.42	0.52	0.52	0	0	0.42
56400	0.42	0.52	0.52	0	0	0.42
56500	0.42	0.52	0.52	0	0	0.42
56600	0.42	0.52	0.52	0	0	0.42
56700	0.42	0.52	0.52	0	0	0.42
56800	0.42	0.52	0.52	0	0	0.42
56900	0.42	0.5	0.5	0	0	0.42
57000	0.42	0.5	0.5	0	0	0.42
57100	0.42	0.5	0.5	0	0	0.42
57200	0.44	0.5	0.5	0	0	0.44
57300	0.44	0.5	0.5	0	0	0.44
57400	0.44	0.5	0.5	0	0	0.44
57500	0.44	0.5	0.5	0	0	0.44
57600	0.44	0.5	0.5	0	0	0.44
57700	0.44	0.5	0.5	0	0	0.44
57800	0.44	0.5	0.5	0	0	0.44
57900	0.44	0.5	0.5	0	0	0.44
58000	0.44	0.5	0.5	0	0	0.44
58100	0.44	0.5	0.5	0	0	0.44
58200	0.44	0.5	0.5	0	0	0.44
58300	0.44	0.5	0.5	0	0	0.44
58400	0.44	0.5	0.5	0	0	0.44
58500	0.44	0.5	0.5	0	0	0.44
58600	0.44	0.5	0.5	0	0	0.44
58700	0.44	0.5	0.5	0	0	0.44
58800	0.44	0.5	0.5	0	0	0.44
58900	0.44	0.5	0.5	0	0	0.44
59000	0.44	0.5	0.5	0	0	0.44
59100	0.44	0.5	0.5	0	0	0.44
59200	0.44	0.5	0.5	0	0	0.44
59300	0.44	0.5	0.5	0	0	0.44
59400	0.44	0.5	0.5	0	0	0.44
59500	0.44	0.5	0.5	0	0	0.44
59600	0.44	0.5	0.5	0	0	0.44
59700	0.44	0.5	0.5	0	0	0.44
59800	0.44	0.5	0.5	0	0	0.44
59900	0.44	0.5	0.5	0	0	0.44
60000	0.44	0.5	0.5	0	0	0.44
60100	0.44	0.5	0.5	0	0	0.44
60200	0.44	0.5	0.5	0	0	0.44
60300	0.44	0.48	0.48	0	0	0.44
60400	0.44	0.48	0.48	0	0	0.44
60500	0.44	0.48	0.48	0	0	0.44
60600	0.44	0.48	0.48	0	0	0.44
60700	0.44	0.48	0.48	0	0	0.44
60800	0.44	0.48	0.48	0	0	0.44
60900	0.44	0.48	0.48	0	0	0.44
61000	0.44	0.48	0.48	0	0	0.44
61100	0.44	0.48	0.48	0	0	0.44
61200	0.44	0.48	0.48	0	0	0.44
61300	0.44	0.48	0.48	0	0	0.44
61400	0.44	0.48	0.48	0	0	0.44
61500	0.44	0.48	0.48	0	0	0.44
61600	0.44	0.48	0.48	0	0	0.44
61700	0.44	0.48	0.48	0	0	0.44
61800	0.44	0.48	0.48	0	0	0.44
61900	0.44	0.5	0.5	0	0	0.44
62000	0.44	0.5	0.5	0	0	0.44
62100	0.44	0.5	0.5	0	0	0.44
62200	0.44	0.5	0.5	0	0	0.44
62300	0.44	0.5	0.5	0	0	0.44
62400	0.44	0.5	0.5	0	0	0.44
62500	0.44	0.5	0.5	0	0	0.44
62600	0.44	0.5	0.5	0	0	0.44
62700	0.44	0.5	0.5	0	0	0.44
62800	0.44	0.5	0.5	0	0	0.44
62900	0.44	0.5	0.5	0	0	0.44
63000	0.44	0.5	0.5	0	0	0.44
63100	0.44	0.5	0.5	0	0	0.44
63200	0.44	0.5	0.5	0	0	0.44
63300	0.42	0.52	0.52	0	0	0.42
63400	0.42	0.52	0.52	0	0	0.42
63500	0.42	0.5	0.5	0	0	0.42
63600	0.42	0.5	0.5	0	0	0.42
63700	0.4	0.5	0.5	0	0	0.4
63800	0.4	0.5	0.5	0	0	0.4
63900	0.4	0.5	0.5	0	0	0.4
64000	0.38	0.5	0.5	0	0	0.38
64100	0.38	0.5	0.5	0	0	0.38
64200	0.38	0.5	0.5	0	0	0.38
64300	0.38	0.5	0.5	0	0	0.38
64400	0.4	0.5	0.5	0	0	0.4
64500	0.4	0.5	0.5	0	0	0.4
64600	0.4	0.5	0.5	0	0	0.4
64700	0.4	0.52	0.52	0	0	0.4
64800	0.4	0.52	0.52	0	0	0.4
64900	0.4	0.52	0.52	0	0	0.4
65000	0.4	0.52	0.52	0	0	0.4
65100	0.4	0.52	0.52	0	0	0.4
65200	0.4	0.52	0.52	0	0	0.4
65300	0.4	0.52	0.52	0	0	0.4
65400	0.4	0.52	0.52	0	0	0.4
65500	0.4	0.52	0.52	0	0	0.4
65600	0.4	0.52	0.52	0	0	0.4
65700	0.4	0.52	0.52	0	0	0.4
65800	0.4	0.52	0.52	0	0	0.4
65900	0.4	0.52	0.52	0	0	0.4
66000	0.4	0.52	0.52	0	0	0.4
66100	0.4	0.52	0.52	0	0	0.4
66200	0.4	0.52	0.52	0	0	0.4
66300	0.4	0.52	0.52	0	0	0.4
66400	0.4	0.52	0.52	0	0	0.4
66500	0.4	0.52	0.52	0	0	0.4
66600	0.38	0.52	0.52	0	0	0.38
66700	0.38	0.54	0.54	0	0	0.38
66800	0.38	0.54	0.54	0	0	0.38
66900	0.38	0.54	0.54	0	0	0.38
67000	0.38	0.54	0.54	0	0	0.38
67100	0.38	0.54	0.54	0	0	0.38
67200	0.38	0.54	0.54	0	0	0.38
67300	0.38	0.56	0.56	0	0	0.38
67400	0.38	0.56	0.56	0	0	0.38
67500	0.38	0.56	0.56	0	0	0.38
67600	0.38	0.56	0.56	0	0	0.38
67700	0.38	0.56	0.56	0	0	0.38
67800	0.38	0.56	0.56	0	0	0.38
67900	0.38	0.56	0.56	0	0	0.38
68000	0.38	0.56	0.56	0	0	0.38
68100	0.38	0.56	0.56	0	0	0.38
68200	0.38	0.56	0.56	0	0	0.38
68300	0.38	0.56	0.56	0	0	0.38
68400	0.38	0.58	0.58	0	0	0.38
68500	0.38	0.58	0.58	0	0	0.38
68600	0.38	0.58	0.58	0	0	0.38
68700	0.38	0.58	0.58	0	0	0.38
68800	0.38	0.58	0.58	0	0	0.38
68900	0.38	0.58	0.58	0	0	0.38
69000	0.38	0.58	0.58	0	0	0.38
69100	0.38	0.58	0.58	0	0	0.38
69200	0.38	0.58	0.58	0	0	0.38
69300	0.38	0.58	0.58	0	0	0.38
69400	0.38	0.58	0.58	0	0	0.38
69500	0.38	0.58	0.58	0	0	0.38
69600	0.38	0.58	0.58	0	0	0.38
69700	0.38	0.58	0.58	0	0	0.38
69800	0.38	0.58	0.58	0	0	0.38
69900	0.38	0.58	0.58	0	0	0.38
70000	0.38	0.58	0.58	0	0	0.38
70100	0.38	0.58	0.58	0	0	0.38
70200	0.38	0.58	0.58	0	0	0.38
70300	0.38	0.58	0.58	0	0	0.38
70400	0.38	0.58	0.58	0	0	0.38
70500	0.38	0.58	0.58	0	0	0.38
70600	0.38	0.58	0.58	0	0	0.38
70700	0.38	0.58	0.58	0	0	0.38
70800	0.36	0.58	0.58	0	0	0.36
70900	0.36	0.58	0.58	0	0	0.36
71000	0.36	0.56	0.56	0	0	0.36
71100	0.36	0.56	0.56	0	0	0.36
71200	0.36	0.56	0.56	0	0	0.36
71300	0.36	0.54	0.54	0	0	0.36
71400	0.36	0.54	0.54	0	0	0.36
71500	0.36	0.54	0.54	0	0	0.36
71600	0.36	0.54	0.54	0	0	0.36
71700	0.36	0.54	0.54	0	0	0.36
71800	0.36	0.54	0.54	0	0	0.36
71900	0.36	0.54	0.54	0	0	0.36
72000	0.36	0.54	0.54	0	0	0.36
72100	0.36	0.54	0.54	0	0	0.36
72200	0.36	0.54	0.54	0	0	0.36
72300	0.36	0.54	0.54	0	0	0.36
72400	0.36	0.54	0.54	0	0	0.36
72500	0.36	0.54	0.54	0	0	0.36
72600	0.36	0.54	0.54	0	0	0.36
72700	0.36	0.54	0.54	0	0	0.36
72800	0.36	0.54	0.54	0	0	0.36
72900	0.36	0.54	0.54	0	0	0.36
73000	0.36	0.54	0.54	0	0	0.36
73100	0.36	0.54	0.54	0	0	0.36
73200	0.36	0.54	0.54	0	0	0.36
73300	0.36	0.54	0.54	0	0	0.36
73400	0.36	0.54	0.54	0	0	0.36
73500	0.36	0.54	0.54	0	0	0.36
73600	0.36	0.54	0.54	0	0	0.36
73700	0.36	0.54	0.54	0	0	0.36
73800	0.36	0.56	0.56	0	0	0.36
73900	0.36	0.56	0.56	0	0	0.36
74000	0.36	0.56	0.56	0	0	0.36
74100	0.36	0.56	0.56	0	0	0.36
74200	0.36	0.56	0.56	0	0	0.36
74300	0.38	0.56	0.56	0	0	0.38
74400	0.38	0.56	0.56	0	0	0.38
74500	0.38	0.56	0.56	0	0	0.38
74600	0.38	0.56	0.56	0	0	0.38
74700	0.38	0.56	0.56	0	0	0.38
74800	0.38	0.56	0.56	0	0	0.38
74900	0.38	0.58	0.58	0	0	0.38
75000	0.38	0.58	0.58	0	0	0.38
75100	0.38	0.58	0.58	0	0	0.38
75200	0.38	0.58	0.58	0	0	0.38
75300	0.38	0.58	0.58	0	0	0.38
75400	0.38	0.58	0.58	0	0	0.38
75500	0.38	0.58	0.58	0	0	0.38
75600	0.38	0.58	0.58	0	0	0.38
75700	0.38	0.58	0.58	0	0	0.38
75800	0.38	0.58	0.58	0	0	0.38
75900	0.38	0.58	0.58	0	0	0.38
76000	0.38	0.58	0.58	0	0	0.38
76100	0.38	0.58	0.58	0	0	0.38
76200	0.38	0.58	0.58	0	0	0.38
76300	0.38	0.58	0.58	0	0	0.38
76400	0.38	0.58	0.58	0	0	0.38
76500	0.38	0.58	0.58	0	0	0.38
76600	0.38	0.58	0.58	0	0	0.38
76700	0.38	0.58	0.58	0	0	0.38
76800	0.38	0.58	0.58	0	0	0.38
76900	0.38	0.58	0.58	0	0	0.38
77000	0.38	0.58	0.58	0	0	0.38
77100	0.38	0.58	0.58	0	0	0.38
77200	0.38	0.58	0.58	0	0	0.38
77300	0.38	0.58	0.58	0	0	0.38
77400	0.38	0.58	0.58	0	0	0.38
77500	0.38	0.58	0.58	0	0	0.38
77600	0.38	0.58	0.58	0	0	0.38
77700	0.38	0.56	0.56	0	0	0.38
77800	0.38	0.56	0.56	0	0	0.38
77900	0.38	0.56	0.56	0	0	0.38
78000	0.38	0.56	0.56	0	0	0.38
78100	0.38	0.56	0.56	0	0	0.38
78200	0.38	0.56	0.56	0	0	0.38
78300	0.38	0.56	0.56	0	0	0.38
78400	0.38	0.56	0.56	0	0	0.38
78500	0.38	0.56	0.56	0	0	0.38
78600	0.38	0.56	0.56	0	0	0.38
78700	0.38	0.56	0.56	0	0	0.38
78800	0.38	0.56	0.56	0	0	0.38
78900	0.38	0.56	0.56	0	0	0.38
79000	0.38	0.56	0.56	0	0	0.38
79100	0.38	0.56	0.56	0	0	0.38
79200	0.38	0.56	0.56	0	0	0.38
79300	0.38	0.56	0.56	0	0	0.38
79400	0.38	0.56	0.56	0	0	0.38
79500	0.38	0.56	0.56	0	0	0.38
79600	0.38	0.56	0.56	0	0	0.38
79700	0.38	0.56	0.56	0	0	0.38
79800	0.38	0.56	0.56	0	0	0.38
79900	0.38	0.56	0.56	0	0	0.38
80000	0.38	0.56	0.56	0	0	0.38
80100	0.38	0.56	0.56	0	0	0.38
80200	0.38	0.56	0.56	0	0	0.38
80300	0.38	0.56	0.56	0	0	0.38
80400	0.38	0.56	0.56	0	0	0.38
80500	0.38	0.56	0.56	0	0	0.38
80600	0.38	0.56	0.56	0	0	0.38
80700	0.38	0.56	0.56	0	0	0.38
80800	0.38	0.56	0.56	0	0	0.38
80900	0.38	0.56	0.56	0	0	0.38
81000	0.38	0.56	0.56	0	0	0.38
81100	0.38	0.56	0.56	0	0	0.38
81200	0.38	0.56	0.56	0	0	0.38
81300	0.38	0.56	0.56	0	0	0.38
81400	0.38	0.56	0.56	0	0	0.38
81500	0.38	0.56	0.56	0	0	0.38
81600	0.38	0.56	0.56	0	0	0.38
81700	0.38	0.56	0.56	0	0	0.38
81800	0.38	0.56	0.56	0	0	0.38
81900	0.38	0.56	0.56	0	0	0.38
82000	0.38	0.56	0.56	0	0	0.38
82100	0.38	0.56	0.56	0	0	0.38
82200	0.38	0.56	0.56	0	0	0.38
82300	0.38	0.56	0.56	0	0	0.38
82400	0.38	0.56	0.56	0	0	0.38
82500	0.38	0.56	0.56	0	0	0.38
82600	0.38	0.56	0.56	0	0	0.38
82700	0.38	0.56	0.56	0	0	0.38
82800	0.38	0.56	0.56	0	0	0.38
82900	0.38	0.56	0.56	0	0	0.38
83000	0.38	0.56	0.56	0	0	0.38
83100	0.38	0.56	0.56	0	0	0.38
83200	0.38	0.56	0.56	0	0	0.38
83300	0.38	0.56	0.56	0	0	0.38
83400	0.38	0.56	0.56	0	0	0.38
83500	0.38	0.56	0.56	0	0	0.38
83600	0.38	0.56	0.56	0	0	0.38
83700	0.38	0.56	0.56	0	0	0.38
83800	0.38	0.56	0.56	0	0	0.38
83900	0.38	0.56	0.56	0	0	0.38
84000	0.38	0.56	0.56	0	0	0.38
84100	0.38	0.56	0.56	0	0	0.38
84200	0.38	0.56	0.56	0	0	0.38
84300	0.38	0.56	0.56	0	0	0.38
84400	0.38	0.56	0.56	0	0	0.38
84500	0.36	0.56	0.56	0	0	0.36
84600	0.36	0.56	0.56	0	0	0.36
84700	0.36	0.56	0.56	0	0	0.36
84800	0.36	0.56	0.56	0	0	0.36
84900	0.36	0.56	0.56	0	0	0.36
85000	0.36	0.56	0.56	0	0	0.36
85100	0.34	0.56	0.56	0	0	0.34
85200	0.34	0.56	0.56	0	0	0.34
85300	0.34	0.56	0.56	0	0	0.34
85400	0.34	0.56	0.56	0	0	0.34
85500	0.34	0.56	0.56	0	0	0.34
85600	0.34	0.56	0.56	0	0	0.34
85700	0.34	0.56	0.56	0	0	0.34
85800	0.34	0.56	0.56	0	0	0.34
85900	0.34	0.56	0.56	0	0	0.34
86000	0.34	0.56	0.56	0	0	0.34
86100	0.34	0.56	0.56	0	0	0.34
86200	0.34	0.56	0.56	0	0	0.34
86300	0.34	0.56	0.56	0	0	0.34
86400	0.34	0.56	0.56	0	0	0.34
86500	0.34	0.56	0.56	0	0	0.34
86600	0.34	0.56	0.56	0	0	0.34
86700	0.34	0.56	0.56	0	0	0.34
86800	0.34	0.58	0.58	0	0	0.34
86900	0.34	0.58	0.58	0	0	0.34
87000	0.34	0.58	0.58	0	0	0.34
87100	0.34	0.58	0.58	0	0	0.34
87200	0.34	0.58	0.58	0	0	0.34
87300	0.34	0.58	0.58	0	0	0.34
87400	0.34	0.58	0.58	0	0	0.34
87500	0.34	0.58	0.58	0	0	0.34
87600	0.34	0.58	0.58	0	0	0.34
87700	0.34	0.58	0.58	0	0	0.34
87800	0.34	0.58	0.58	0	0	0.34
87900	0.34	0.58	0.58	0	0	0.34
88000	0.34	0.58	0.58	0	0	0.34
88100	0.34	0.58	0.58	0	0	0.34
88200	0.34	0.58	0.58	0	0	0.34
88300	0.34	0.58	0.58	0	0	0.34
88400	0.34	0.58	0.58	0	0	0.34
88500	0.34	0.58	0.58	0	0	0.34
88600	0.36	0.58	0.58	0	0	0.36
88700	0.34	0.58	0.58	0	0	0.34
88800	0.34	0.58	0.58	0	0	0.34
88900	0.34	0.58	0.58	0	0	0.34
89000	0.34	0.58	0.58	0	0	0.34
89100	0.34	0.58	0.58	0	0	0.34
89200	0.34	0.58	0.58	0	0	0.34
89300	0.34	0.58	0.58	0	0	0.34
89400	0.34	0.58	0.58	0	0	0.34
89500	0.34	0.58	0.58	0	0	0.34
89600	0.34	0.6	0.6	0	0	0.34
89700	0.34	0.6	0.6	0	0	0.34
89800	0.34	0.6	0.6	0	0	0.34
89900	0.34	0.6	0.6	0	0	0.34
90000	0.34	0.6	0.6	0	0	0.34
90100	0.34	0.6	0.6	0	0	0.34
90200	0.34	0.6	0.6	0	0	0.34
90300	0.34	0.6	0.6	0	0	0.34
90400	0.34	0.6	0.6	0	0	0.34
90500	0.34	0.6	0.6	0	0	0.34
90600	0.34	0.6	0.6	0	0	0.34
90700	0.34	0.6	0.6	0	0	0.34
90800	0.34	0.6	0.6	0	0	0.34
90900	0.34	0.6	0.6	0	0	0.34
91000	0.34	0.6	0.6	0	0	0.34
91100	0.34	0.6	0.6	0	0	0.34
91200	0.34	0.6	0.6	0	0	0.34
91300	0.34	0.6	0.6	0	0	0.34
91400	0.34	0.6	0.6	0	0	0.34
91500	0.34	0.6	0.6	0	0	0.34
91600	0.34	0.6	0.6	0	0	0.34
91700	0.34	0.6	0.6	0	0	0.34
91800	0.34	0.58	0.58	0	0	0.34
91900	0.34	0.58	0.58	0	0	0.34
92000	0.34	0.58	0.58	0	0	0.34
92100	0.34	0.58	0.58	0	0	0.34
92200	0.34	0.58	0.58	0	0	0.34
92300	0.34	0.58	0.58	0	0	0.34
92400	0.34	0.58	0.58	0	0	0.34
92500	0.34	0.56	0.56	0	0	0.34
92600	0.34	0.56	0.56	0	0	0.34
92700	0.34	0.56	0.56	0	0	0.34
92800	0.34	0.56	0.56	0	0	0.34
92900	0.34	0.56	0.56	0	0	0.34
93000	0.34	0.56	0.56	0	0	0.34
93100	0.34	0.56	0.56	0	0	0.34
93200	0.34	0.56	0.56	0	0	0.34
93300	0.34	0.56	0.56	0	0	0.34
93400	0.34	0.58	0.58	0	0	0.34
93500	0.34	0.58	0.58	0	0	0.34
93600	0.34	0.58	0.58	0	0	0.34
93700	0.34	0.58	0.58	0	0	0.34
93800	0.34	0.58	0.58	0	0	0.34
93900	0.34	0.58	0.58	0	0	0.34
94000	0.34	0.58	0.58	0	0	0.34
94100	0.34	0.58	0.58	0	0	0.34
94200	0.34	0.58	0.58	0	0	0.34
94300	0.34	0.58	0.58	0	0	0.34
94400	0.34	0.58	0.58	0	0	0.34
94500	0.34	0.58	0.58	0	0	0.34
94600	0.34	0.58	0.58	0	0	0.34
94700	0.34	0.58	0.58	0	0	0.34
94800	0.34	0.58	0.58	0	0	0.34
94900	0.34	0.58	0.58	0	0	0.34
95000	0.34	0.58	0.58	0	0	0.34
95100	0.34	0.58	0.58	0	0	0.34
95200	0.34	0.58	0.58	0	0	0.34
95300	0.34	0.58	0.58	0	0	0.34
95400	0.34	0.58	0.58	0	0	0.34
95500	0.34	0.58	0.58	0	0	0.34
95600	0.34	0.58	0.58	0	0	0.34
95700	0.34	0.58	0.58	0	0	0.34
95800	0.34	0.58	0.58	0	0	0.34
95900	0.34	0.58	0.58	0	0	0.34
96000	0.34	0.58	0.58	0	0	0.34
96100	0.34	0.58	0.58	0	0	0.34
96200	0.34	0.58	0.58	0	0	0.34
96300	0.34	0.58	0.58	0	0	0.34
96400	0.34	0.58	0.58	0	0	0.34
96500	0.36	0.58	0.58	0	0	0.36
96600	0.36	0.58	0.58	0	0	0.36
96700	0.36	0.58	0.58	0	0	0.36
96800	0.36	0.58	0.58	0	0	0.36
96900	0.36	0.58	0.58	0	0	0.36
97000	0.36	0.58	0.58	0	0	0.36
97100	0.36	0.58	0.58	0	0	0.36
97200	0.36	0.56	0.56	0	0	0.36
97300	0.36	0.56	0.56	0	0	0.36
97400	0.36	0.56	0.56	0	0	0.36
97500	0.36	0.56	0.56	0	0	0.36
97600	0.36	0.56	0.56	0	0	0.36
97700	0.36	0.56	0.56	0	0	0.36
97800	0.36	0.56	0.56	0	0	0.36
97900	0.36	0.56	0.56	0	0	0.36
98000	0.36	0.56	0.56	0	0	0.36
98100	0.36	0.56	0.56	0	0	0.36
98200	0.36	0.56	0.56	0	0	0.36
98300	0.36	0.56	0.56	0	0	0.36
98400	0.36	0.56	0.56	0	0	0.36
98500	0.36	0.54	0.54	0	0	0.36
98600	0.36	0.54	0.54	0	0	0.36
98700	0.36	0.54	0.54	0	0	0.36
98800	0.36	0.54	0.54	0	0	0.36
98900	0.36	0.54	0.54	0	0	0.36
99000	0.36	0.54	0.54	0	0	0.36
99100	0.36	0.54	0.54	0	0	0.36
99200	0.36	0.54	0.54	0	0	0.36
99300	0.36	0.52	0.52	0	0	0.36
99400	0.36	0.52	0.52	0	0	0.36
99500	0.36	0.52	0.52	0	0	0.36
99600	0.36	0.52	0.52	0	0	0.36
99700	0.36	0.54	0.54	0	0	0.36
99800	0.36	0.54	0.54	0	0	0.36
99900	0.36	0.54	0.54	0	0	0.36
100000	0.38	0.54	0.54	0	0	0.38
