100	0.08	0.06	0.06	0	0	0.08
200	0.08	0.04	0.04	0	0	0.08
300	0.12	0.08	0.08	0	0	0.12
400	0.14	0.1	0.1	0	0	0.14
500	0.14	0.12	0.12	0	0	0.14
600	0.14	0.14	0.14	0	0	0.14
700	0.16	0.16	0.16	0	0	0.16
800	0.18	0.16	0.16	0	0	0.18
900	0.18	0.16	0.16	0	0	0.18
1000	0.2	0.18	0.18	0	0	0.2
1100	0.22	0.18	0.18	0	0	0.22
1200	0.22	0.18	0.18	0	0	0.22
1300	0.22	0.18	0.18	0	0	0.22
1400	0.24	0.2	0.2	0	0	0.24
1500	0.24	0.2	0.2	0	0	0.24
1600	0.24	0.2	0.2	0	0	0.24
1700	0.26	0.24	0.24	0	0	0.26
1800	0.28	0.26	0.26	0	0	0.28
1900	0.28	0.26	0.26	0	0	0.28
2000	0.32	0.26	0.26	0	0	0.32
2100	0.32	0.26	0.26	0	0	0.32
2200	0.32	0.26	0.26	0	0	0.32
2300	0.32	0.26	0.26	0	0	0.32
2400	0.32	0.26	0.26	0	0	0.32
2500	0.32	0.28	0.28	0	0	0.32
2600	0.36	0.3	0.3	0	0	0.36
2700	0.38	0.3	0.3	0	0	0.38
2800	0.38	0.32	0.32	0	0	0.38
2900	0.38	0.3	0.3	0	0	0.38
3000	0.38	0.32	0.32	0	0	0.38
3100	0.36	0.36	0.36	0	0	0.36
3200	0.4	0.38	0.38	0	0	0.4
3300	0.4	0.36	0.36	0	0	0.4
3400	0.36	0.36	0.36	0	0	0.36
3500	0.36	0.36	0.36	0	0	0.36
3600	0.36	0.36	0.36	0	0	0.36
3700	0.34	0.36	0.36	0	0	0.34
3800	0.34	0.36	0.36	0	0	0.34
3900	0.36	0.36	0.36	0	0	0.36
4000	0.36	0.36	0.36	0	0	0.36
4100	0.36	0.36	0.36	0	0	0.36
4200	0.36	0.36	0.36	0	0	0.36
4300	0.36	0.36	0.36	0	0	0.36
4400	0.36	0.36	0.36	0	0	0.36
4500	0.36	0.36	0.36	0	0	0.36
4600	0.36	0.36	0.36	0	0	0.36
4700	0.38	0.36	0.36	0	0	0.38
4800	0.38	0.38	0.38	0	0	0.38
4900	0.4	0.38	0.38	0	0	0.4
5000	0.4	0.38	0.38	0	0	0.4
5100	0.38	0.38	0.38	0	0	0.38
5200	0.36	0.38	0.38	0	0	0.36
5300	0.36	0.38	0.38	0	0	0.36
5400	0.36	0.42	0.42	0	0	0.36
5500	0.38	0.44	0.44	0	0	0.38
5600	0.38	0.44	0.44	0	0	0.38
5700	0.38	0.44	0.44	0	0	0.38
5800	0.38	0.42	0.42	0	0	0.38
5900	0.38	0.42	0.42	0	0	0.38
6000	0.38	0.4	0.4	0	0	0.38
6100	0.38	0.38	0.38	0	0	0.38
6200	0.38	0.38	0.38	0	0	0.38
6300	0.38	0.38	0.38	0	0	0.38
6400	0.38	0.4	0.4	0	0	0.38
6500	0.38	0.42	0.42	0	0	0.38
6600	0.38	0.44	0.44	0	0	0.38
6700	0.38	0.42	0.42	0	0	0.38
6800	0.4	0.4	0.4	0	0	0.4
6900	0.4	0.4	0.4	0	0	0.4
7000	0.4	0.4	0.4	0	0	0.4
7100	0.4	0.4	0.4	0	0	0.4
7200	0.4	0.4	0.4	0	0	0.4
7300	0.4	0.4	0.4	0	0	0.4
7400	0.4	0.4	0.4	0	0	0.4
7500	0.4	0.4	0.4	0	0	0.4
7600	0.42	0.4	0.4	0	0	0.42
7700	0.42	0.4	0.4	0	0	0.42
7800	0.4	0.42	0.42	0	0	0.4
7900	0.4	0.42	0.42	0	0	0.4
8000	0.4	0.42	0.42	0	0	0.4
8100	0.38	0.42	0.42	0	0	0.38
8200	0.38	0.42	0.42	0	0	0.38
8300	0.38	0.42	0.42	0	0	0.38
8400	0.38	0.42	0.42	0	0	0.38
8500	0.38	0.42	0.42	0	0	0.38
8600	0.38	0.42	0.42	0	0	0.38
8700	0.38	0.42	0.42	0	0	0.38
8800	0.4	0.42	0.42	0	0	0.4
8900	0.4	0.42	0.42	0	0	0.4
9000	0.4	0.4	0.4	0	0	0.4
9100	0.42	0.4	0.4	0	0	0.42
9200	0.42	0.4	0.4	0	0	0.42
9300	0.42	0.4	0.4	0	0	0.42
9400	0.4	0.4	0.4	0	0	0.4
9500	0.4	0.4	0.4	0	0	0.4
9600	0.4	0.4	0.4	0	0	0.4
9700	0.4	0.4	0.4	0	0	0.4
9800	0.4	0.4	0.4	0	0	0.4
9900	0.4	0.4	0.4	0	0	0.4
10000	0.42	0.4	0.4	0	0	0.42
10100	0.42	0.4	0.4	0	0	0.42
10200	0.42	0.4	0.4	0	0	0.42
10300	0.42	0.4	0.4	0	0	0.42
10400	0.42	0.4	0.4	0	0	0.42
10500	0.42	0.4	0.4	0	0	0.42
10600	0.42	0.42	0.42	0	0	0.42
10700	0.44	0.42	0.42	0	0	0.44
10800	0.44	0.42	0.42	0	0	0.44
10900	0.44	0.42	0.42	0	0	0.44
11000	0.44	0.42	0.42	0	0	0.44
11100	0.44	0.42	0.42	0	0	0.44
11200	0.44	0.42	0.42	0	0	0.44
11300	0.44	0.42	0.42	0	0	0.44
11400	0.44	0.42	0.42	0	0	0.44
11500	0.44	0.42	0.42	0	0	0.44
11600	0.44	0.42	0.42	0	0	0.44
11700	0.44	0.42	0.42	0	0	0.44
11800	0.46	0.42	0.42	0	0	0.46
11900	0.46	0.42	0.42	0	0	0.46
12000	0.46	0.42	0.42	0	0	0.46
12100	0.46	0.42	0.42	0	0	0.46
12200	0.46	0.42	0.42	0	0	0.46
12300	0.46	0.42	0.42	0	0	0.46
12400	0.46	0.42	0.42	0	0	0.46
12500	0.46	0.42	0.42	0	0	0.46
12600	0.44	0.4	0.4	0	0	0.44
12700	0.44	0.4	0.4	0	0	0.44
12800	0.44	0.4	0.4	0	0	0.44
12900	0.44	0.4	0.4	0	0	0.44
13000	0.44	0.4	0.4	0	0	0.44
13100	0.46	0.4	0.4	0	0	0.46
13200	0.46	0.4	0.4	0	0	0.46
13300	0.46	0.4	0.4	0	0	0.46
13400	0.48	0.4	0.4	0	0	0.48
13500	0.48	0.4	0.4	0	0	0.48
13600	0.48	0.4	0.4	0	0	0.48
13700	0.48	0.4	0.4	0	0	0.48
13800	0.48	0.42	0.42	0	0	0.48
13900	0.48	0.4	0.4	0	0	0.48
14000	0.48	0.4	0.4	0	0	0.48
14100	0.48	0.4	0.4	0	0	0.48
14200	0.48	0.4	0.4	0	0	0.48
14300	0.48	0.4	0.4	0	0	0.48
14400	0.48	0.4	0.4	0	0	0.48
14500	0.48	0.42	0.42	0	0	0.48
14600	0.48	0.42	0.42	0	0	0.48
14700	0.48	0.42	0.42	0	0	0.48
14800	0.48	0.42	0.42	0	0	0.48
14900	0.48	0.44	0.44	0	0	0.48
15000	0.48	0.44	0.44	0	0	0.48
15100	0.48	0.44	0.44	0	0	0.48
15200	0.48	0.44	0.44	0	0	0.48
15300	0.48	0.42	0.42	0	0	0.48
15400	0.48	0.42	0.42	0	0	0.48
15500	0.48	0.42	0.42	0	0	0.48
15600	0.5	0.42	0.42	0	0	0.5
15700	0.5	0.42	0.42	0	0	0.5
15800	0.5	0.4	0.4	0	0	0.5
15900	0.5	0.4	0.4	0	0	0.5
16000	0.5	0.4	0.4	0	0	0.5
16100	0.5	0.4	0.4	0	0	0.5
16200	0.5	0.4	0.4	0	0	0.5
16300	0.5	0.4	0.4	0	0	0.5
16400	0.5	0.4	0.4	0	0	0.5
16500	0.5	0.4	0.4	0	0	0.5
16600	0.5	0.4	0.4	0	0	0.5
16700	0.48	0.4	0.4	0	0	0.48
16800	0.48	0.4	0.4	0	0	0.48
16900	0.48	0.4	0.4	0	0	0.48
17000	0.48	0.4	0.4	0	0	0.48
17100	0.48	0.4	0.4	0	0	0.48
17200	0.48	0.4	0.4	0	0	0.48
17300	0.48	0.4	0.4	0	0	0.48
17400	0.48	0.4	0.4	0	0	0.48
17500	0.48	0.4	0.4	0	0	0.48
17600	0.48	0.4	0.4	0	0	0.48
17700	0.48	0.4	0.4	0	0	0.48
17800	0.48	0.4	0.4	0	0	0.48
17900	0.48	0.4	0.4	0	0	0.48
18000	0.48	0.4	0.4	0	0	0.48
18100	0.48	0.4	0.4	0	0	0.48
18200	0.48	0.4	0.4	0	0	0.48
18300	0.48	0.4	0.4	0	0	0.48
18400	0.48	0.4	0.4	0	0	0.48
18500	0.48	0.4	0.4	0	0	0.48
18600	0.48	0.4	0.4	0	0	0.48
18700	0.48	0.4	0.4	0	0	0.48
18800	0.48	0.4	0.4	0	0	0.48
18900	0.48	0.4	0.4	0	0	0.48
19000	0.48	0.4	0.4	0	0	0.48
19100	0.48	0.42	0.42	0	0	0.48
19200	0.48	0.42	0.42	0	0	0.48
19300	0.48	0.42	0.42	0	0	0.48
19400	0.48	0.42	0.42	0	0	0.48
19500	0.48	0.42	0.42	0	0	0.48
19600	0.5	0.42	0.42	0	0	0.5
19700	0.5	0.42	0.42	0	0	0.5
19800	0.48	0.42	0.42	0	0	0.48
19900	0.48	0.42	0.42	0	0	0.48
20000	0.48	0.42	0.42	0	0	0.48
20100	0.48	0.42	0.42	0	0	0.48
20200	0.48	0.44	0.44	0	0	0.48
20300	0.48	0.44	0.44	0	0	0.48
20400	0.48	0.44	0.44	0	0	0.48
20500	0.48	0.44	0.44	0	0	0.48
20600	0.46	0.44	0.44	0	0	0.46
20700	0.46	0.44	0.44	0	0	0.46
20800	0.46	0.44	0.44	0	0	0.46
20900	0.46	0.44	0.44	0	0	0.46
21000	0.46	0.44	0.44	0	0	0.46
21100	0.46	0.44	0.44	0	0	0.46
21200	0.46	0.44	0.44	0	0	0.46
21300	0.46	0.44	0.44	0	0	0.46
21400	0.46	0.44	0.44	0	0	0.46
21500	0.46	0.44	0.44	0	0	0.46
21600	0.46	0.44	0.44	0	0	0.46
21700	0.48	0.46	0.46	0	0	0.48
21800	0.48	0.46	0.46	0	0	0.48
21900	0.48	0.46	0.46	0	0	0.48
22000	0.48	0.48	0.48	0	0	0.48
22100	0.48	0.48	0.48	0	0	0.48
22200	0.48	0.48	0.48	0	0	0.48
22300	0.48	0.48	0.48	0	0	0.48
22400	0.48	0.48	0.48	0	0	0.48
22500	0.48	0.48	0.48	0	0	0.48
22600	0.48	0.48	0.48	0	0	0.48
22700	0.48	0.48	0.48	0	0	0.48
22800	0.48	0.48	0.48	0	0	0.48
22900	0.5	0.48	0.48	0	0	0.5
23000	0.5	0.48	0.48	0	0	0.5
23100	0.48	0.48	0.48	0	0	0.48
23200	0.48	0.46	0.46	0	0	0.48
23300	0.48	0.46	0.46	0	0	0.48
23400	0.48	0.46	0.46	0	0	0.48
23500	0.48	0.46	0.46	0	0	0.48
23600	0.48	0.46	0.46	0	0	0.48
23700	0.48	0.44	0.44	0	0	0.48
23800	0.48	0.44	0.44	0	0	0.48
23900	0.48	0.44	0.44	0	0	0.48
24000	0.48	0.44	0.44	0	0	0.48
24100	0.48	0.44	0.44	0	0	0.48
24200	0.48	0.44	0.44	0	0	0.48
24300	0.48	0.44	0.44	0	0	0.48
24400	0.48	0.44	0.44	0	0	0.48
24500	0.48	0.44	0.44	0	0	0.48
24600	0.48	0.44	0.44	0	0	0.48
24700	0.48	0.44	0.44	0	0	0.48
24800	0.48	0.44	0.44	0	0	0.48
24900	0.5	0.44	0.44	0	0	0.5
25000	0.5	0.44	0.44	0	0	0.5
25100	0.5	0.44	0.44	0	0	0.5
25200	0.5	0.44	0.44	0	0	0.5
25300	0.5	0.44	0.44	0	0	0.5
25400	0.5	0.44	0.44	0	0	0.5
25500	0.5	0.44	0.44	0	0	0.5
25600	0.5	0.46	0.46	0	0	0.5
25700	0.5	0.46	0.46	0	0	0.5
25800	0.5	0.46	0.46	0	0	0.5
25900	0.5	0.46	0.46	0	0	0.5
26000	0.5	0.46	0.46	0	0	0.5
26100	0.5	0.46	0.46	0	0	0.5
26200	0.5	0.46	0.46	0	0	0.5
26300	0.5	0.46	0.46	0	0	0.5
26400	0.5	0.46	0.46	0	0	0.5
26500	0.5	0.46	0.46	0	0	0.5
26600	0.5	0.46	0.46	0	0	0.5
26700	0.5	0.46	0.46	0	0	0.5
26800	0.5	0.46	0.46	0	0	0.5
26900	0.5	0.46	0.46	0	0	0.5
27000	0.5	0.46	0.46	0	0	0.5
27100	0.5	0.46	0.46	0	0	0.5
27200	0.5	0.46	0.46	0	0	0.5
27300	0.5	0.46	0.46	0	0	0.5
27400	0.5	0.46	0.46	0	0	0.5
27500	0.5	0.46	0.46	0	0	0.5
27600	0.5	0.46	0.46	0	0	0.5
27700	0.5	0.46	0.46	0	0	0.5
27800	0.5	0.46	0.46	0	0	0.5
27900	0.5	0.46	0.46	0	0	0.5
28000	0.48	0.46	0.46	0	0	0.48
28100	0.48	0.46	0.46	0	0	0.48
28200	0.48	0.46	0.46	0	0	0.48
28300	0.48	0.46	0.46	0	0	0.48
28400	0.48	0.46	0.46	0	0	0.48
28500	0.46	0.46	0.46	0	0	0.46
28600	0.46	0.46	0.46	0	0	0.46
28700	0.46	0.46	0.46	0	0	0.46
28800	0.46	0.46	0.46	0	0	0.46
28900	0.46	0.46	0.46	0	0	0.46
29000	0.46	0.46	0.46	0	0	0.46
29100	0.46	0.46	0.46	0	0	0.46
29200	0.46	0.46	0.46	0	0	0.46
29300	0.44	0.46	0.46	0	0	0.44
29400	0.44	0.44	0.44	0	0	0.44
29500	0.44	0.44	0.44	0	0	0.44
29600	0.44	0.44	0.44	0	0	0.44
29700	0.44	0.44	0.44	0	0	0.44
29800	0.42	0.44	0.44	0	0	0.42
29900	0.42	0.44	0.44	0	0	0.42
30000	0.42	0.44	0.44	0	0	0.42
30100	0.42	0.44	0.44	0	0	0.42
30200	0.42	0.44	0.44	0	0	0.42
30300	0.42	0.44	0.44	0	0	0.42
30400	0.42	0.44	0.44	0	0	0.42
30500	0.42	0.44	0.44	0	0	0.42
30600	0.42	0.46	0.46	0	0	0.42
30700	0.42	0.46	0.46	0	0	0.42
30800	0.42	0.46	0.46	0	0	0.42
30900	0.44	0.46	0.46	0	0	0.44
31000	0.44	0.46	0.46	0	0	0.44
31100	0.44	0.46	0.46	0	0	0.44
31200	0.44	0.46	0.46	0	0	0.44
31300	0.44	0.46	0.46	0	0	0.44
31400	0.42	0.46	0.46	0	0	0.42
31500	0.42	0.46	0.46	0	0	0.42
31600	0.42	0.46	0.46	0	0	0.42
31700	0.42	0.46	0.46	0	0	0.42
31800	0.42	0.46	0.46	0	0	0.42
31900	0.42	0.46	0.46	0	0	0.42
32000	0.42	0.46	0.46	0	0	0.42
32100	0.42	0.46	0.46	0	0	0.42
32200	0.42	0.46	0.46	0	0	0.42
32300	0.42	0.46	0.46	0	0	0.42
32400	0.42	0.46	0.46	0	0	0.42
32500	0.42	0.46	0.46	0	0	0.42
32600	0.42	0.46	0.46	0	0	0.42
32700	0.44	0.46	0.46	0	0	0.44
32800	0.44	0.46	0.46	0	0	0.44
32900	0.44	0.46	0.46	0	0	0.44
33000	0.44	0.46	0.46	0	0	0.44
33100	0.44	0.46	0.46	0	0	0.44
33200	0.44	0.46	0.46	0	0	0.44
33300	0.44	0.46	0.46	0	0	0.44
33400	0.44	0.46	0.46	0	0	0.44
33500	0.44	0.46	0.46	0	0	0.44
33600	0.44	0.46	0.46	0	0	0.44
33700	0.46	0.46	0.46	0	0	0.46
33800	0.46	0.46	0.46	0	0	0.46
33900	0.46	0.46	0.46	0	0	0.46
34000	0.46	0.46	0.46	0	0	0.46
34100	0.46	0.46	0.46	0	0	0.46
34200	0.46	0.46	0.46	0	0	0.46
34300	0.46	0.46	0.46	0	0	0.46
34400	0.46	0.46	0.46	0	0	0.46
34500	0.46	0.46	0.46	0	0	0.46
34600	0.46	0.46	0.46	0	0	0.46
34700	0.46	0.46	0.46	0	0	0.46
34800	0.46	0.46	0.46	0	0	0.46
34900	0.46	0.46	0.46	0	0	0.46
35000	0.46	0.46	0.46	0	0	0.46
35100	0.46	0.46	0.46	0	0	0.46
35200	0.44	0.46	0.46	0	0	0.44
35300	0.44	0.46	0.46	0	0	0.44
35400	0.44	0.46	0.46	0	0	0.44
35500	0.44	0.46	0.46	0	0	0.44
35600	0.44	0.46	0.46	0	0	0.44
35700	0.44	0.46	0.46	0	0	0.44
35800	0.44	0.46	0.46	0	0	0.44
35900	0.44	0.46	0.46	0	0	0.44
36000	0.44	0.46	0.46	0	0	0.44
36100	0.44	0.46	0.46	0	0	0.44
36200	0.44	0.46	0.46	0	0	0.44
36300	0.44	0.46	0.46	0	0	0.44
36400	0.44	0.46	0.46	0	0	0.44
36500	0.44	0.46	0.46	0	0	0.44
36600	0.44	0.46	0.46	0	0	0.44
36700	0.44	0.44	0.44	0	0	0.44
36800	0.44	0.44	0.44	0	0	0.44
36900	0.44	0.44	0.44	0	0	0.44
37000	0.44	0.44	0.44	0	0	0.44
37100	0.44	0.44	0.44	0	0	0.44
37200	0.46	0.44	0.44	0	0	0.46
37300	0.46	0.44	0.44	0	0	0.46
37400	0.48	0.44	0.44	0	0	0.48
37500	0.48	0.44	0.44	0	0	0.48
37600	0.48	0.44	0.44	0	0	0.48
37700	0.48	0.46	0.46	0	0	0.48
37800	0.48	0.46	0.46	0	0	0.48
37900	0.48	0.46	0.46	0	0	0.48
38000	0.48	0.46	0.46	0	0	0.48
38100	0.48	0.46	0.46	0	0	0.48
38200	0.48	0.46	0.46	0	0	0.48
38300	0.48	0.46	0.46	0	0	0.48
38400	0.48	0.46	0.46	0	0	0.48
38500	0.48	0.46	0.46	0	0	0.48
38600	0.48	0.46	0.46	0	0	0.48
38700	0.48	0.46	0.46	0	0	0.48
38800	0.48	0.46	0.46	0	0	0.48
38900	0.48	0.46	0.46	0	0	0.48
39000	0.48	0.46	0.46	0	0	0.48
39100	0.48	0.46	0.46	0	0	0.48
39200	0.48	0.46	0.46	0	0	0.48
39300	0.48	0.46	0.46	0	0	0.48
39400	0.5	0.46	0.46	0	0	0.5
39500	0.5	0.46	0.46	0	0	0.5
39600	0.48	0.46	0.46	0	0	0.48
39700	0.48	0.46	0.46	0	0	0.48
39800	0.48	0.46	0.46	0	0	0.48
39900	0.48	0.46	0.46	0	0	0.48
40000	0.48	0.46	0.46	0	0	0.48
40100	0.48	0.46	0.46	0	0	0.48
40200	0.48	0.46	0.46	0	0	0.48
40300	0.48	0.46	0.46	0	0	0.48
40400	0.48	0.46	0.46	0	0	0.48
40500	0.48	0.46	0.46	0	0	0.48
40600	0.48	0.46	0.46	0	0	0.48
40700	0.48	0.46	0.46	0	0	0.48
40800	0.48	0.46	0.46	0	0	0.48
40900	0.48	0.46	0.46	0	0	0.48
41000	0.48	0.46	0.46	0	0	0.48
41100	0.48	0.46	0.46	0	0	0.48
41200	0.48	0.46	0.46	0	0	0.48
41300	0.48	0.46	0.46	0	0	0.48
41400	0.48	0.46	0.46	0	0	0.48
41500	0.48	0.46	0.46	0	0	0.48
41600	0.48	0.46	0.46	0	0	0.48
41700	0.48	0.48	0.48	0	0	0.48
41800	0.48	0.48	0.48	0	0	0.48
41900	0.48	0.48	0.48	0	0	0.48
42000	0.48	0.48	0.48	0	0	0.48
42100	0.48	0.48	0.48	0	0	0.48
42200	0.48	0.48	0.48	0	0	0.48
42300	0.48	0.48	0.48	0	0	0.48
42400	0.48	0.48	0.48	0	0	0.48
42500	0.48	0.48	0.48	0	0	0.48
42600	0.48	0.48	0.48	0	0	0.48
42700	0.48	0.48	0.48	0	0	0.48
42800	0.48	0.48	0.48	0	0	0.48
42900	0.48	0.48	0.48	0	0	0.48
43000	0.48	0.48	0.48	0	0	0.48
43100	0.48	0.48	0.48	0	0	0.48
43200	0.48	0.48	0.48	0	0	0.48
43300	0.48	0.48	0.48	0	0	0.48
43400	0.48	0.48	0.48	0	0	0.48
43500	0.48	0.48	0.48	0	0	0.48
43600	0.48	0.52	0.52	0	0	0.48
43700	0.48	0.52	0.52	0	0	0.48
43800	0.48	0.5	0.5	0	0	0.48
43900	0.48	0.5	0.5	0	0	0.48
44000	0.48	0.46	0.46	0	0	0.48
44100	0.48	0.46	0.46	0	0	0.48
44200	0.48	0.46	0.46	0	0	0.48
44300	0.48	0.46	0.46	0	0	0.48
44400	0.48	0.46	0.46	0	0	0.48
44500	0.48	0.46	0.46	0	0	0.48
44600	0.48	0.46	0.46	0	0	0.48
44700	0.48	0.46	0.46	0	0	0.48
44800	0.48	0.46	0.46	0	0	0.48
44900	0.48	0.46	0.46	0	0	0.48
45000	0.48	0.46	0.46	0	0	0.48
45100	0.48	0.46	0.46	0	0	0.48
45200	0.48	0.46	0.46	0	0	0.48
45300	0.48	0.46	0.46	0	0	0.48
45400	0.48	0.46	0.46	0	0	0.48
45500	0.48	0.48	0.48	0	0	0.48
45600	0.48	0.48	0.48	0	0	0.48
45700	0.48	0.48	0.48	0	0	0.48
45800	0.46	0.48	0.48	0	0	0.46
45900	0.46	0.48	0.48	0	0	0.46
46000	0.46	0.5	0.5	0	0	0.46
46100	0.46	0.5	0.5	0	0	0.46
46200	0.46	0.5	0.5	0	0	0.46
46300	0.46	0.5	0.5	0	0	0.46
46400	0.46	0.5	0.5	0	0	0.46
46500	0.46	0.5	0.5	0	0	0.46
46600	0.46	0.5	0.5	0	0	0.46
46700	0.46	0.5	0.5	0	0	0.46
46800	0.46	0.5	0.5	0	0	0.46
46900	0.46	0.5	0.5	0	0	0.46
47000	0.46	0.5	0.5	0	0	0.46
47100	0.46	0.5	0.5	0	0	0.46
47200	0.46	0.5	0.5	0	0	0.46
47300	0.46	0.5	0.5	0	0	0.46
47400	0.46	0.5	0.5	0	0	0.46
47500	0.46	0.5	0.5	0	0	0.46
47600	0.46	0.5	0.5	0	0	0.46
47700	0.46	0.5	0.5	0	0	0.46
47800	0.46	0.5	0.5	0	0	0.46
47900	0.46	0.5	0.5	0	0	0.46
48000	0.46	0.5	0.5	0	0	0.46
48100	0.46	0.5	0.5	0	0	0.46
48200	0.46	0.5	0.5	0	0	0.46
48300	0.46	0.5	0.5	0	0	0.46
48400	0.46	0.5	0.5	0	0	0.46
48500	0.46	0.5	0.5	0	0	0.46
48600	0.46	0.5	0.5	0	0	0.46
48700	0.46	0.5	0.5	0	0	0.46
48800	0.46	0.5	0.5	0	0	0.46
48900	0.46	0.5	0.5	0	0	0.46
49000	0.46	0.5	0.5	0	0	0.46
49100	0.46	0.5	0.5	0	0	0.46
49200	0.46	0.5	0.5	0	0	0.46
49300	0.46	0.5	0.5	0	0	0.46
49400	0.46	0.5	0.5	0	0	0.46
49500	0.46	0.5	0.5	0	0	0.46
49600	0.46	0.5	0.5	0	0	0.46
49700	0.46	0.5	0.5	0	0	0.46
49800	0.46	0.5	0.5	0	0	0.46
49900	0.46	0.5	0.5	0	0	0.46
50000	0.46	0.5	0.5	0	0	0.46
50100	0.46	0.5	0.5	0	0	0.46
50200	0.46	0.5	0.5	0	0	0.46
50300	0.46	0.5	0.5	0	0	0.46
50400	0.46	0.5	0.5	0	0	0.46
50500	0.46	0.5	0.5	0	0	0.46
50600	0.46	0.5	0.5	0	0	0.46
50700	0.46	0.5	0.5	0	0	0.46
50800	0.46	0.5	0.5	0	0	0.46
50900	0.46	0.5	0.5	0	0	0.46
51000	0.46	0.5	0.5	0	0	0.46
51100	0.46	0.5	0.5	0	0	0.46
51200	0.46	0.5	0.5	0	0	0.46
51300	0.46	0.5	0.5	0	0	0.46
51400	0.46	0.5	0.5	0	0	0.46
51500	0.46	0.5	0.5	0	0	0.46
51600	0.46	0.5	0.5	0	0	0.46
51700	0.46	0.5	0.5	0	0	0.46
51800	0.46	0.5	0.5	0	0	0.46
51900	0.46	0.5	0.5	0	0	0.46
52000	0.46	0.5	0.5	0	0	0.46
52100	0.46	0.5	0.5	0	0	0.46
52200	0.46	0.5	0.5	0	0	0.46
52300	0.46	0.5	0.5	0	0	0.46
52400	0.46	0.5	0.5	0	0	0.46
52500	0.46	0.52	0.52	0	0	0.46
52600	0.46	0.52	0.52	0	0	0.46
52700	0.46	0.52	0.52	0	0	0.46
52800	0.46	0.52	0.52	0	0	0.46
52900	0.46	0.52	0.52	0	0	0.46
53000	0.46	0.52	0.52	0	0	0.46
53100	0.46	0.52	0.52	0	0	0.46
53200	0.44	0.52	0.52	0	0	0.44
53300	0.44	0.52	0.52	0	0	0.44
53400	0.44	0.52	0.52	0	0	0.44
53500	0.44	0.52	0.52	0	0	0.44
53600	0.44	0.52	0.52	0	0	0.44
53700	0.44	0.52	0.52	0	0	0.44
53800	0.44	0.52	0.52	0	0	0.44
53900	0.44	0.52	0.52	0	0	0.44
54000	0.44	0.52	0.52	0	0	0.44
54100	0.44	0.52	0.52	0	0	0.44
54200	0.44	0.52	0.52	0	0	0.44
54300	0.44	0.52	0.52	0	0	0.44
54400	0.44	0.52	0.52	0	0	0.44
54500	0.44	0.52	0.52	0	0	0.44
54600	0.44	0.54	0.54	0	0	0.44
54700	0.44	0.54	0.54	0	0	0.44
54800	0.44	0.54	0.54	0	0	0.44
54900	0.44	0.54	0.54	0	0	0.44
55000	0.44	0.54	0.54	0	0	0.44
55100	0.44	0.54	0.54	0	0	0.44
55200	0.44	0.54	0.54	0	0	0.44
55300	0.44	0.54	0.54	0	0	0.44
55400	0.44	0.54	0.54	0	0	0.44
55500	0.44	0.54	0.54	0	0	0.44
55600	0.44	0.54	0.54	0	0	0.44
55700	0.44	0.54	0.54	0	0	0.44
55800	0.44	0.54	0.54	0	0	0.44
55900	0.44	0.54	0.54	0	0	0.44
56000	0.44	0.54	0.54	0	0	0.44
56100	0.44	0.54	0.54	0	0	0.44
56200	0.44	0.54	0.54	0	0	0.44
56300	0.44	0.52	0.52	0	0	0.44
56400	0.44	0.52	0.52	0	0	0.44
56500	0.44	0.52	0.52	0	0	0.44
56600	0.44	0.52	0.52	0	0	0.44
56700	0.44	0.52	0.52	0	0	0.44
56800	0.44	0.52	0.52	0	0	0.44
56900	0.42	0.52	0.52	0	0	0.42
57000	0.42	0.52	0.52	0	0	0.42
57100	0.42	0.52	0.52	0	0	0.42
57200	0.42	0.52	0.52	0	0	0.42
57300	0.42	0.52	0.52	0	0	0.42
57400	0.42	0.52	0.52	0	0	0.42
57500	0.42	0.52	0.52	0	0	0.42
57600	0.42	0.52	0.52	0	0	0.42
57700	0.42	0.54	0.54	0	0	0.42
57800	0.42	0.54	0.54	0	0	0.42
57900	0.42	0.52	0.52	0	0	0.42
58000	0.42	0.52	0.52	0	0	0.42
58100	0.42	0.52	0.52	0	0	0.42
58200	0.42	0.52	0.52	0	0	0.42
58300	0.42	0.52	0.52	0	0	0.42
58400	0.42	0.52	0.52	0	0	0.42
58500	0.42	0.52	0.52	0	0	0.42
58600	0.42	0.52	0.52	0	0	0.42
58700	0.42	0.52	0.52	0	0	0.42
58800	0.42	0.52	0.52	0	0	0.42
58900	0.42	0.5	0.5	0	0	0.42
59000	0.42	0.5	0.5	0	0	0.42
59100	0.42	0.5	0.5	0	0	0.42
59200	0.42	0.5	0.5	0	0	0.42
59300	0.42	0.5	0.5	0	0	0.42
59400	0.42	0.5	0.5	0	0	0.42
59500	0.42	0.5	0.5	0	0	0.42
59600	0.42	0.5	0.5	0	0	0.42
59700	0.42	0.5	0.5	0	0	0.42
59800	0.42	0.5	0.5	0	0	0.42
59900	0.42	0.48	0.48	0	0	0.42
60000	0.42	0.48	0.48	0	0	0.42
60100	0.42	0.48	0.48	0	0	0.42
60200	0.42	0.48	0.48	0	0	0.42
60300	0.42	0.48	0.48	0	0	0.42
60400	0.42	0.48	0.48	0	0	0.42
60500	0.42	0.48	0.48	0	0	0.42
60600	0.42	0.48	0.48	0	0	0.42
60700	0.44	0.48	0.48	0	0	0.44
60800	0.44	0.48	0.48	0	0	0.44
60900	0.44	0.48	0.48	0	0	0.44
61000	0.44	0.48	0.48	0	0	0.44
61100	0.44	0.48	0.48	0	0	0.44
61200	0.44	0.48	0.48	0	0	0.44
61300	0.44	0.48	0.48	0	0	0.44
61400	0.46	0.48	0.48	0	0	0.46
61500	0.46	0.48	0.48	0	0	0.46
61600	0.46	0.48	0.48	0	0	0.46
61700	0.46	0.48	0.48	0	0	0.46
61800	0.46	0.48	0.48	0	0	0.46
61900	0.46	0.48	0.48	0	0	0.46
62000	0.48	0.48	0.48	0	0	0.48
62100	0.48	0.48	0.48	0	0	0.48
62200	0.48	0.48	0.48	0	0	0.48
62300	0.48	0.48	0.48	0	0	0.48
62400	0.46	0.48	0.48	0	0	0.46
62500	0.46	0.48	0.48	0	0	0.46
62600	0.46	0.48	0.48	0	0	0.46
62700	0.46	0.48	0.48	0	0	0.46
62800	0.46	0.48	0.48	0	0	0.46
62900	0.46	0.48	0.48	0	0	0.46
63000	0.46	0.48	0.48	0	0	0.46
63100	0.46	0.48	0.48	0	0	0.46
63200	0.46	0.48	0.48	0	0	0.46
63300	0.46	0.48	0.48	0	0	0.46
63400	0.46	0.48	0.48	0	0	0.46
63500	0.46	0.48	0.48	0	0	0.46
63600	0.46	0.48	0.48	0	0	0.46
63700	0.46	0.48	0.48	0	0	0.46
63800	0.46	0.48	0.48	0	0	0.46
63900	0.46	0.48	0.48	0	0	0.46
64000	0.46	0.48	0.48	0	0	0.46
64100	0.46	0.48	0.48	0	0	0.46
64200	0.46	0.48	0.48	0	0	0.46
64300	0.46	0.48	0.48	0	0	0.46
64400	0.46	0.48	0.48	0	0	0.46
64500	0.46	0.48	0.48	0	0	0.46
64600	0.46	0.48	0.48	0	0	0.46
64700	0.46	0.48	0.48	0	0	0.46
64800	0.46	0.48	0.48	0	0	0.46
64900	0.46	0.48	0.48	0	0	0.46
65000	0.46	0.48	0.48	0	0	0.46
65100	0.46	0.48	0.48	0	0	0.46
65200	0.46	0.48	0.48	0	0	0.46
65300	0.46	0.48	0.48	0	0	0.46
65400	0.46	0.48	0.48	0	0	0.46
65500	0.46	0.48	0.48	0	0	0.46
65600	0.46	0.48	0.48	0	0	0.46
65700	0.46	0.48	0.48	0	0	0.46
65800	0.46	0.48	0.48	0	0	0.46
65900	0.46	0.48	0.48	0	0	0.46
66000	0.46	0.48	0.48	0	0	0.46
66100	0.46	0.48	0.48	0	0	0.46
66200	0.46	0.48	0.48	0	0	0.46
66300	0.46	0.48	0.48	0	0	0.46
66400	0.46	0.48	0.48	0	0	0.46
66500	0.44	0.48	0.48	0	0	0.44
66600	0.44	0.48	0.48	0	0	0.44
66700	0.44	0.48	0.48	0	0	0.44
66800	0.44	0.48	0.48	0	0	0.44
66900	0.44	0.48	0.48	0	0	0.44
67000	0.46	0.48	0.48	0	0	0.46
67100	0.46	0.48	0.48	0	0	0.46
67200	0.46	0.48	0.48	0	0	0.46
67300	0.46	0.48	0.48	0	0	0.46
67400	0.46	0.48	0.48	0	0	0.46
67500	0.46	0.48	0.48	0	0	0.46
67600	0.48	0.48	0.48	0	0	0.48
67700	0.48	0.48	0.48	0	0	0.48
67800	0.48	0.48	0.48	0	0	0.48
67900	0.48	0.48	0.48	0	0	0.48
68000	0.48	0.48	0.48	0	0	0.48
68100	0.48	0.48	0.48	0	0	0.48
68200	0.48	0.48	0.48	0	0	0.48
68300	0.48	0.48	0.48	0	0	0.48
68400	0.48	0.48	0.48	0	0	0.48
68500	0.48	0.46	0.46	0	0	0.48
68600	0.48	0.46	0.46	0	0	0.48
68700	0.48	0.46	0.46	0	0	0.48
68800	0.48	0.46	0.46	0	0	0.48
68900	0.48	0.46	0.46	0	0	0.48
69000	0.48	0.44	0.44	0	0	0.48
69100	0.48	0.44	0.44	0	0	0.48
69200	0.5	0.44	0.44	0	0	0.5
69300	0.5	0.44	0.44	0	0	0.5
69400	0.5	0.44	0.44	0	0	0.5
69500	0.5	0.44	0.44	0	0	0.5
69600	0.5	0.44	0.44	0	0	0.5
69700	0.5	0.44	0.44	0	0	0.5
69800	0.5	0.44	0.44	0	0	0.5
69900	0.5	0.46	0.46	0	0	0.5
70000	0.5	0.46	0.46	0	0	0.5
70100	0.5	0.46	0.46	0	0	0.5
70200	0.5	0.46	0.46	0	0	0.5
70300	0.5	0.46	0.46	0	0	0.5
70400	0.5	0.46	0.46	0	0	0.5
70500	0.5	0.46	0.46	0	0	0.5
70600	0.5	0.46	0.46	0	0	0.5
70700	0.5	0.46	0.46	0	0	0.5
70800	0.5	0.46	0.46	0	0	0.5
70900	0.5	0.46	0.46	0	0	0.5
71000	0.5	0.46	0.46	0	0	0.5
71100	0.48	0.46	0.46	0	0	0.48
71200	0.48	0.46	0.46	0	0	0.48
71300	0.48	0.46	0.46	0	0	0.48
71400	0.48	0.46	0.46	0	0	0.48
71500	0.48	0.46	0.46	0	0	0.48
71600	0.48	0.46	0.46	0	0	0.48
71700	0.48	0.46	0.46	0	0	0.48
71800	0.48	0.48	0.48	0	0	0.48
71900	0.48	0.46	0.46	0	0	0.48
72000	0.48	0.46	0.46	0	0	0.48
72100	0.48	0.46	0.46	0	0	0.48
72200	0.48	0.46	0.46	0	0	0.48
72300	0.48	0.46	0.46	0	0	0.48
72400	0.48	0.46	0.46	0	0	0.48
72500	0.48	0.46	0.46	0	0	0.48
72600	0.48	0.46	0.46	0	0	0.48
72700	0.48	0.46	0.46	0	0	0.48
72800	0.48	0.46	0.46	0	0	0.48
72900	0.48	0.46	0.46	0	0	0.48
73000	0.48	0.46	0.46	0	0	0.48
73100	0.48	0.46	0.46	0	0	0.48
73200	0.48	0.46	0.46	0	0	0.48
73300	0.48	0.46	0.46	0	0	0.48
73400	0.48	0.46	0.46	0	0	0.48
73500	0.48	0.46	0.46	0	0	0.48
73600	0.48	0.48	0.48	0	0	0.48
73700	0.48	0.48	0.48	0	0	0.48
73800	0.48	0.48	0.48	0	0	0.48
73900	0.48	0.48	0.48	0	0	0.48
74000	0.48	0.48	0.48	0	0	0.48
74100	0.48	0.48	0.48	0	0	0.48
74200	0.48	0.48	0.48	0	0	0.48
74300	0.48	0.48	0.48	0	0	0.48
74400	0.48	0.5	0.5	0	0	0.48
74500	0.48	0.5	0.5	0	0	0.48
74600	0.48	0.5	0.5	0	0	0.48
74700	0.48	0.5	0.5	0	0	0.48
74800	0.48	0.5	0.5	0	0	0.48
74900	0.48	0.5	0.5	0	0	0.48
75000	0.48	0.5	0.5	0	0	0.48
75100	0.48	0.5	0.5	0	0	0.48
75200	0.46	0.5	0.5	0	0	0.46
75300	0.46	0.5	0.5	0	0	0.46
75400	0.46	0.5	0.5	0	0	0.46
75500	0.44	0.52	0.52	0	0	0.44
75600	0.44	0.52	0.52	0	0	0.44
75700	0.44	0.5	0.5	0	0	0.44
75800	0.44	0.5	0.5	0	0	0.44
75900	0.44	0.5	0.5	0	0	0.44
76000	0.44	0.5	0.5	0	0	0.44
76100	0.44	0.5	0.5	0	0	0.44
76200	0.46	0.5	0.5	0	0	0.46
76300	0.46	0.5	0.5	0	0	0.46
76400	0.46	0.5	0.5	0	0	0.46
76500	0.46	0.5	0.5	0	0	0.46
76600	0.46	0.5	0.5	0	0	0.46
76700	0.46	0.5	0.5	0	0	0.46
76800	0.46	0.5	0.5	0	0	0.46
76900	0.46	0.5	0.5	0	0	0.46
77000	0.46	0.5	0.5	0	0	0.46
77100	0.46	0.5	0.5	0	0	0.46
77200	0.44	0.5	0.5	0	0	0.44
77300	0.44	0.5	0.5	0	0	0.44
77400	0.44	0.5	0.5	0	0	0.44
77500	0.44	0.52	0.52	0	0	0.44
77600	0.44	0.52	0.52	0	0	0.44
77700	0.44	0.52	0.52	0	0	0.44
77800	0.44	0.52	0.52	0	0	0.44
77900	0.44	0.52	0.52	0	0	0.44
78000	0.44	0.52	0.52	0	0	0.44
78100	0.44	0.52	0.52	0	0	0.44
78200	0.44	0.52	0.52	0	0	0.44
78300	0.42	0.54	0.54	0	0	0.42
78400	0.42	0.54	0.54	0	0	0.42
78500	0.42	0.54	0.54	0	0	0.42
78600	0.4	0.54	0.54	0	0	0.4
78700	0.4	0.54	0.54	0	0	0.4
78800	0.4	0.54	0.54	0	0	0.4
78900	0.4	0.54	0.54	0	0	0.4
79000	0.4	0.54	0.54	0	0	0.4
79100	0.4	0.54	0.54	0	0	0.4
79200	0.4	0.54	0.54	0	0	0.4
79300	0.42	0.54	0.54	0	0	0.42
79400	0.42	0.54	0.54	0	0	0.42
79500	0.42	0.54	0.54	0	0	0.42
79600	0.42	0.54	0.54	0	0	0.42
79700	0.42	0.54	0.54	0	0	0.42
79800	0.42	0.54	0.54	0	0	0.42
79900	0.42	0.56	0.56	0	0	0.42
80000	0.42	0.56	0.56	0	0	0.42
80100	0.42	0.56	0.56	0	0	0.42
80200	0.42	0.56	0.56	0	0	0.42
80300	0.4	0.56	0.56	0	0	0.4
80400	0.4	0.56	0.56	0	0	0.4
80500	0.4	0.56	0.56	0	0	0.4
80600	0.4	0.56	0.56	0	0	0.4
80700	0.4	0.54	0.54	0	0	0.4
80800	0.4	0.54	0.54	0	0	0.4
80900	0.4	0.54	0.54	0	0	0.4
81000	0.4	0.54	0.54	0	0	0.4
81100	0.4	0.54	0.54	0	0	0.4
81200	0.4	0.54	0.54	0	0	0.4
81300	0.4	0.54	0.54	0	0	0.4
81400	0.4	0.54	0.54	0	0	0.4
81500	0.4	0.54	0.54	0	0	0.4
81600	0.4	0.54	0.54	0	0	0.4
81700	0.4	0.54	0.54	0	0	0.4
81800	0.4	0.54	0.54	0	0	0.4
81900	0.4	0.54	0.54	0	0	0.4
82000	0.4	0.54	0.54	0	0	0.4
82100	0.4	0.56	0.56	0	0	0.4
82200	0.4	0.56	0.56	0	0	0.4
82300	0.4	0.56	0.56	0	0	0.4
82400	0.4	0.56	0.56	0	0	0.4
82500	0.4	0.56	0.56	0	0	0.4
82600	0.4	0.56	0.56	0	0	0.4
82700	0.4	0.56	0.56	0	0	0.4
82800	0.4	0.56	0.56	0	0	0.4
82900	0.4	0.54	0.54	0	0	0.4
83000	0.4	0.54	0.54	0	0	0.4
83100	0.4	0.54	0.54	0	0	0.4
83200	0.42	0.54	0.54	0	0	0.42
83300	0.42	0.54	0.54	0	0	0.42
83400	0.42	0.54	0.54	0	0	0.42
83500	0.42	0.54	0.54	0	0	0.42
83600	0.42	0.54	0.54	0	0	0.42
83700	0.42	0.54	0.54	0	0	0.42
83800	0.42	0.54	0.54	0	0	0.42
83900	0.42	0.54	0.54	0	0	0.42
84000	0.42	0.54	0.54	0	0	0.42
84100	0.42	0.54	0.54	0	0	0.42
84200	0.42	0.52	0.52	0	0	0.42
84300	0.42	0.5	0.5	0	0	0.42
84400	0.42	0.5	0.5	0	0	0.42
84500	0.42	0.5	0.5	0	0	0.42
84600	0.42	0.5	0.5	0	0	0.42
84700	0.42	0.5	0.5	0	0	0.42
84800	0.42	0.5	0.5	0	0	0.42
84900	0.42	0.5	0.5	0	0	0.42
85000	0.42	0.5	0.5	0	0	0.42
85100	0.42	0.5	0.5	0	0	0.42
85200	0.42	0.5	0.5	0	0	0.42
85300	0.42	0.5	0.5	0	0	0.42
85400	0.42	0.5	0.5	0	0	0.42
85500	0.42	0.5	0.5	0	0	0.42
85600	0.42	0.5	0.5	0	0	0.42
85700	0.42	0.52	0.52	0	0	0.42
85800	0.42	0.52	0.52	0	0	0.42
85900	0.42	0.52	0.52	0	0	0.42
86000	0.42	0.52	0.52	0	0	0.42
86100	0.42	0.52	0.52	0	0	0.42
86200	0.42	0.52	0.52	0	0	0.42
86300	0.42	0.52	0.52	0	0	0.42
86400	0.42	0.52	0.52	0	0	0.42
86500	0.42	0.52	0.52	0	0	0.42
86600	0.42	0.52	0.52	0	0	0.42
86700	0.42	0.52	0.52	0	0	0.42
86800	0.42	0.52	0.52	0	0	0.42
86900	0.42	0.52	0.52	0	0	0.42
87000	0.42	0.52	0.52	0	0	0.42
87100	0.42	0.52	0.52	0	0	0.42
87200	0.42	0.52	0.52	0	0	0.42
87300	0.42	0.52	0.52	0	0	0.42
87400	0.42	0.52	0.52	0	0	0.42
87500	0.42	0.52	0.52	0	0	0.42
87600	0.42	0.52	0.52	0	0	0.42
87700	0.42	0.52	0.52	0	0	0.42
87800	0.42	0.52	0.52	0	0	0.42
87900	0.42	0.52	0.52	0	0	0.42
88000	0.42	0.52	0.52	0	0	0.42
88100	0.42	0.5	0.5	0	0	0.42
88200	0.44	0.5	0.5	0	0	0.44
88300	0.44	0.5	0.5	0	0	0.44
88400	0.44	0.5	0.5	0	0	0.44
88500	0.44	0.5	0.5	0	0	0.44
88600	0.44	0.5	0.5	0	0	0.44
88700	0.44	0.5	0.5	0	0	0.44
88800	0.44	0.48	0.48	0	0	0.44
88900	0.44	0.48	0.48	0	0	0.44
89000	0.44	0.48	0.48	0	0	0.44
89100	0.44	0.48	0.48	0	0	0.44
89200	0.44	0.48	0.48	0	0	0.44
89300	0.44	0.48	0.48	0	0	0.44
89400	0.44	0.48	0.48	0	0	0.44
89500	0.44	0.48	0.48	0	0	0.44
89600	0.44	0.48	0.48	0	0	0.44
89700	0.44	0.48	0.48	0	0	0.44
89800	0.44	0.48	0.48	0	0	0.44
89900	0.44	0.48	0.48	0	0	0.44
90000	0.44	0.48	0.48	0	0	0.44
90100	0.44	0.48	0.48	0	0	0.44
90200	0.44	0.48	0.48	0	0	0.44
90300	0.44	0.48	0.48	0	0	0.44
90400	0.44	0.48	0.48	0	0	0.44
90500	0.44	0.48	0.48	0	0	0.44
90600	0.44	0.48	0.48	0	0	0.44
90700	0.44	0.48	0.48	0	0	0.44
90800	0.44	0.48	0.48	0	0	0.44
90900	0.44	0.48	0.48	0	0	0.44
91000	0.44	0.48	0.48	0	0	0.44
91100	0.44	0.48	0.48	0	0	0.44
91200	0.44	0.48	0.48	0	0	0.44
91300	0.44	0.48	0.48	0	0	0.44
91400	0.44	0.48	0.48	0	0	0.44
91500	0.44	0.5	0.5	0	0	0.44
91600	0.44	0.48	0.48	0	0	0.44
91700	0.44	0.48	0.48	0	0	0.44
91800	0.44	0.48	0.48	0	0	0.44
91900	0.44	0.48	0.48	0	0	0.44
92000	0.44	0.48	0.48	0	0	0.44
92100	0.44	0.48	0.48	0	0	0.44
92200	0.44	0.48	0.48	0	0	0.44
92300	0.44	0.48	0.48	0	0	0.44
92400	0.44	0.48	0.48	0	0	0.44
92500	0.44	0.48	0.48	0	0	0.44
92600	0.44	0.48	0.48	0	0	0.44
92700	0.44	0.48	0.48	0	0	0.44
92800	0.44	0.48	0.48	0	0	0.44
92900	0.44	0.48	0.48	0	0	0.44
93000	0.44	0.48	0.48	0	0	0.44
93100	0.44	0.48	0.48	0	0	0.44
93200	0.44	0.48	0.48	0	0	0.44
93300	0.44	0.48	0.48	0	0	0.44
93400	0.44	0.48	0.48	0	0	0.44
93500	0.44	0.48	0.48	0	0	0.44
93600	0.44	0.48	0.48	0	0	0.44
93700	0.44	0.48	0.48	0	0	0.44
93800	0.44	0.48	0.48	0	0	0.44
93900	0.44	0.48	0.48	0	0	0.44
94000	0.44	0.48	0.48	0	0	0.44
94100	0.44	0.48	0.48	0	0	0.44
94200	0.44	0.48	0.48	0	0	0.44
94300	0.46	0.48	0.48	0	0	0.46
94400	0.46	0.48	0.48	0	0	0.46
94500	0.46	0.48	0.48	0	0	0.46
94600	0.46	0.48	0.48	0	0	0.46
94700	0.46	0.48	0.48	0	0	0.46
94800	0.46	0.48	0.48	0	0	0.46
94900	0.46	0.48	0.48	0	0	0.46
95000	0.46	0.48	0.48	0	0	0.46
95100	0.46	0.48	0.48	0	0	0.46
95200	0.46	0.48	0.48	0	0	0.46
95300	0.48	0.48	0.48	0	0	0.48
95400	0.48	0.48	0.48	0	0	0.48
95500	0.48	0.48	0.48	0	0	0.48
95600	0.48	0.48	0.48	0	0	0.48
95700	0.48	0.48	0.48	0	0	0.48
95800	0.48	0.48	0.48	0	0	0.48
95900	0.48	0.48	0.48	0	0	0.48
96000	0.48	0.48	0.48	0	0	0.48
96100	0.48	0.48	0.48	0	0	0.48
96200	0.48	0.48	0.48	0	0	0.48
96300	0.48	0.48	0.48	0	0	0.48
96400	0.48	0.48	0.48	0	0	0.48
96500	0.48	0.48	0.48	0	0	0.48
96600	0.48	0.48	0.48	0	0	0.48
96700	0.48	0.48	0.48	0	0	0.48
96800	0.48	0.48	0.48	0	0	0.48
96900	0.48	0.48	0.48	0	0	0.48
97000	0.48	0.48	0.48	0	0	0.48
97100	0.48	0.48	0.48	0	0	0.48
97200	0.48	0.48	0.48	0	0	0.48
97300	0.48	0.48	0.48	0	0	0.48
97400	0.48	0.48	0.48	0	0	0.48
97500	0.48	0.48	0.48	0	0	0.48
97600	0.48	0.48	0.48	0	0	0.48
97700	0.48	0.48	0.48	0	0	0.48
97800	0.48	0.48	0.48	0	0	0.48
97900	0.48	0.46	0.46	0	0	0.48
98000	0.48	0.46	0.46	0	0	0.48
98100	0.48	0.46	0.46	0	0	0.48
98200	0.48	0.46	0.46	0	0	0.48
98300	0.48	0.46	0.46	0	0	0.48
98400	0.48	0.46	0.46	0	0	0.48
98500	0.48	0.46	0.46	0	0	0.48
98600	0.48	0.44	0.44	0	0	0.48
98700	0.48	0.44	0.44	0	0	0.48
98800	0.48	0.44	0.44	0	0	0.48
98900	0.48	0.44	0.44	0	0	0.48
99000	0.46	0.44	0.44	0	0	0.46
99100	0.48	0.44	0.44	0	0	0.48
99200	0.48	0.44	0.44	0	0	0.48
99300	0.48	0.44	0.44	0	0	0.48
99400	0.48	0.44	0.44	0	0	0.48
99500	0.48	0.44	0.44	0	0	0.48
99600	0.48	0.44	0.44	0	0	0.48
99700	0.48	0.44	0.44	0	0	0.48
99800	0.48	0.44	0.44	0	0	0.48
99900	0.48	0.44	0.44	0	0	0.48
100000	0.48	0.44	0.44	0	0	0.48
