100	0.18	0.1	0.1	0	0	0.18
200	0.2	0.12	0.12	0	0	0.2
300	0.2	0.14	0.14	0	0	0.2
400	0.24	0.18	0.18	0	0	0.24
500	0.24	0.18	0.18	0	0	0.24
600	0.28	0.18	0.18	0	0	0.28
700	0.28	0.2	0.2	0	0	0.28
800	0.28	0.22	0.22	0	0	0.28
900	0.28	0.22	0.22	0	0	0.28
1000	0.3	0.22	0.22	0	0	0.3
1100	0.32	0.24	0.24	0	0	0.32
1200	0.32	0.22	0.22	0	0	0.32
1300	0.32	0.22	0.22	0	0	0.32
1400	0.32	0.24	0.24	0	0	0.32
1500	0.32	0.24	0.24	0	0	0.32
1600	0.34	0.24	0.24	0	0	0.34
1700	0.34	0.24	0.24	0	0	0.34
1800	0.34	0.24	0.24	0	0	0.34
1900	0.34	0.24	0.24	0	0	0.34
2000	0.36	0.24	0.24	0	0	0.36
2100	0.38	0.24	0.24	0	0	0.38
2200	0.42	0.24	0.24	0	0	0.42
2300	0.4	0.24	0.24	0	0	0.4
2400	0.4	0.26	0.26	0	0	0.4
2500	0.38	0.26	0.26	0	0	0.38
2600	0.38	0.28	0.28	0	0	0.38
2700	0.38	0.28	0.28	0	0	0.38
2800	0.38	0.3	0.3	0	0	0.38
2900	0.38	0.3	0.3	0	0	0.38
3000	0.38	0.28	0.28	0	0	0.38
3100	0.4	0.28	0.28	0	0	0.4
3200	0.4	0.28	0.28	0	0	0.4
3300	0.4	0.26	0.26	0	0	0.4
3400	0.42	0.26	0.26	0	0	0.42
3500	0.42	0.28	0.28	0	0	0.42
3600	0.42	0.28	0.28	0	0	0.42
3700	0.42	0.28	0.28	0	0	0.42
3800	0.42	0.3	0.3	0	0	0.42
3900	0.42	0.32	0.32	0	0	0.42
4000	0.42	0.34	0.34	0	0	0.42
4100	0.42	0.34	0.34	0	0	0.42
4200	0.42	0.36	0.36	0	0	0.42
4300	0.42	0.34	0.34	0	0	0.42
4400	0.42	0.34	0.34	0	0	0.42
4500	0.44	0.34	0.34	0	0	0.44
4600	0.44	0.34	0.34	0	0	0.44
4700	0.44	0.34	0.34	0	0	0.44
4800	0.44	0.34	0.34	0	0	0.44
4900	0.44	0.34	0.34	0	0	0.44
5000	0.44	0.34	0.34	0	0	0.44
5100	0.44	0.34	0.34	0	0	0.44
5200	0.44	0.34	0.34	0	0	0.44
5300	0.44	0.34	0.34	0	0	0.44
5400	0.48	0.34	0.34	0	0	0.48
5500	0.48	0.34	0.34	0	0	0.48
5600	0.48	0.34	0.34	0	0	0.48
5700	0.48	0.34	0.34	0	0	0.48
5800	0.5	0.32	0.32	0	0	0.5
5900	0.5	0.32	0.32	0	0	0.5
6000	0.5	0.32	0.32	0	0	0.5
6100	0.5	0.32	0.32	0	0	0.5
6200	0.5	0.32	0.32	0	0	0.5
6300	0.5	0.32	0.32	0	0	0.5
6400	0.5	0.32	0.32	0	0	0.5
6500	0.5	0.32	0.32	0	0	0.5
6600	0.5	0.32	0.32	0	0	0.5
6700	0.5	0.32	0.32	0	0	0.5
6800	0.5	0.32	0.32	0	0	0.5
6900	0.5	0.32	0.32	0	0	0.5
7000	0.5	0.34	0.34	0	0	0.5
7100	0.5	0.34	0.34	0	0	0.5
7200	0.52	0.34	0.34	0	0	0.52
7300	0.5	0.34	0.34	0	0	0.5
7400	0.5	0.34	0.34	0	0	0.5
7500	0.5	0.34	0.34	0	0	0.5
7600	0.5	0.34	0.34	0	0	0.5
7700	0.5	0.34	0.34	0	0	0.5
7800	0.5	0.34	0.34	0	0	0.5
7900	0.5	0.34	0.34	0	0	0.5
8000	0.5	0.34	0.34	0	0	0.5
8100	0.52	0.36	0.36	0	0	0.52
8200	0.54	0.36	0.36	0	0	0.54
8300	0.54	0.36	0.36	0	0	0.54
8400	0.52	0.36	0.36	0	0	0.52
8500	0.52	0.36	0.36	0	0	0.52
8600	0.52	0.36	0.36	0	0	0.52
8700	0.52	0.36	0.36	0	0	0.52
8800	0.52	0.34	0.34	0	0	0.52
8900	0.52	0.34	0.34	0	0	0.52
9000	0.52	0.34	0.34	0	0	0.52
9100	0.52	0.34	0.34	0	0	0.52
9200	0.54	0.34	0.34	0	0	0.54
9300	0.54	0.36	0.36	0	0	0.54
9400	0.54	0.34	0.34	0	0	0.54
9500	0.54	0.34	0.34	0	0	0.54
9600	0.54	0.34	0.34	0	0	0.54
9700	0.54	0.34	0.34	0	0	0.54
9800	0.54	0.36	0.36	0	0	0.54
9900	0.54	0.36	0.36	0	0	0.54
10000	0.54	0.36	0.36	0	0	0.54
10100	0.54	0.36	0.36	0	0	0.54
10200	0.54	0.36	0.36	0	0	0.54
10300	0.54	0.36	0.36	0	0	0.54
10400	0.54	0.36	0.36	0	0	0.54
10500	0.56	0.36	0.36	0	0	0.56
10600	0.56	0.36	0.36	0	0	0.56
10700	0.56	0.36	0.36	0	0	0.56
10800	0.56	0.36	0.36	0	0	0.56
10900	0.56	0.36	0.36	0	0	0.56
11000	0.56	0.36	0.36	0	0	0.56
11100	0.56	0.36	0.36	0	0	0.56
11200	0.54	0.34	0.34	0	0	0.54
11300	0.52	0.34	0.34	0	0	0.52
11400	0.52	0.34	0.34	0	0	0.52
11500	0.5	0.34	0.34	0	0	0.5
11600	0.5	0.34	0.34	0	0	0.5
11700	0.5	0.34	0.34	0	0	0.5
11800	0.5	0.36	0.36	0	0	0.5
11900	0.5	0.36	0.36	0	0	0.5
12000	0.48	0.36	0.36	0	0	0.48
12100	0.48	0.36	0.36	0	0	0.48
12200	0.46	0.36	0.36	0	0	0.46
12300	0.46	0.36	0.36	0	0	0.46
12400	0.46	0.36	0.36	0	0	0.46
12500	0.46	0.36	0.36	0	0	0.46
12600	0.46	0.36	0.36	0	0	0.46
12700	0.46	0.36	0.36	0	0	0.46
12800	0.46	0.38	0.38	0	0	0.46
12900	0.44	0.38	0.38	0	0	0.44
13000	0.44	0.38	0.38	0	0	0.44
13100	0.44	0.38	0.38	0	0	0.44
13200	0.44	0.38	0.38	0	0	0.44
13300	0.44	0.38	0.38	0	0	0.44
13400	0.44	0.38	0.38	0	0	0.44
13500	0.44	0.38	0.38	0	0	0.44
13600	0.44	0.4	0.4	0	0	0.44
13700	0.46	0.4	0.4	0	0	0.46
13800	0.46	0.4	0.4	0	0	0.46
13900	0.46	0.4	0.4	0	0	0.46
14000	0.46	0.4	0.4	0	0	0.46
14100	0.46	0.4	0.4	0	0	0.46
14200	0.46	0.4	0.4	0	0	0.46
14300	0.46	0.38	0.38	0	0	0.46
14400	0.46	0.38	0.38	0	0	0.46
14500	0.48	0.38	0.38	0	0	0.48
14600	0.48	0.36	0.36	0	0	0.48
14700	0.48	0.36	0.36	0	0	0.48
14800	0.48	0.36	0.36	0	0	0.48
14900	0.48	0.36	0.36	0	0	0.48
15000	0.48	0.36	0.36	0	0	0.48
15100	0.48	0.36	0.36	0	0	0.48
15200	0.48	0.36	0.36	0	0	0.48
15300	0.48	0.36	0.36	0	0	0.48
15400	0.48	0.38	0.38	0	0	0.48
15500	0.48	0.38	0.38	0	0	0.48
15600	0.48	0.38	0.38	0	0	0.48
15700	0.48	0.38	0.38	0	0	0.48
15800	0.48	0.38	0.38	0	0	0.48
15900	0.48	0.38	0.38	0	0	0.48
16000	0.46	0.38	0.38	0	0	0.46
16100	0.46	0.38	0.38	0	0	0.46
16200	0.46	0.38	0.38	0	0	0.46
16300	0.46	0.38	0.38	0	0	0.46
16400	0.46	0.38	0.38	0	0	0.46
16500	0.48	0.38	0.38	0	0	0.48
16600	0.5	0.38	0.38	0	0	0.5
16700	0.5	0.38	0.38	0	0	0.5
16800	0.5	0.38	0.38	0	0	0.5
16900	0.5	0.38	0.38	0	0	0.5
17000	0.5	0.4	0.4	0	0	0.5
17100	0.5	0.4	0.4	0	0	0.5
17200	0.5	0.4	0.4	0	0	0.5
17300	0.5	0.4	0.4	0	0	0.5
17400	0.5	0.4	0.4	0	0	0.5
17500	0.5	0.4	0.4	0	0	0.5
17600	0.5	0.4	0.4	0	0	0.5
17700	0.48	0.4	0.4	0	0	0.48
17800	0.5	0.4	0.4	0	0	0.5
17900	0.48	0.4	0.4	0	0	0.48
18000	0.48	0.4	0.4	0	0	0.48
18100	0.48	0.4	0.4	0	0	0.48
18200	0.48	0.4	0.4	0	0	0.48
18300	0.48	0.4	0.4	0	0	0.48
18400	0.48	0.4	0.4	0	0	0.48
18500	0.48	0.4	0.4	0	0	0.48
18600	0.48	0.4	0.4	0	0	0.48
18700	0.48	0.4	0.4	0	0	0.48
18800	0.48	0.4	0.4	0	0	0.48
18900	0.48	0.4	0.4	0	0	0.48
19000	0.48	0.4	0.4	0	0	0.48
19100	0.52	0.4	0.4	0	0	0.52
19200	0.52	0.42	0.42	0	0	0.52
19300	0.52	0.42	0.42	0	0	0.52
19400	0.52	0.4	0.4	0	0	0.52
19500	0.52	0.4	0.4	0	0	0.52
19600	0.52	0.4	0.4	0	0	0.52
19700	0.52	0.4	0.4	0	0	0.52
19800	0.52	0.4	0.4	0	0	0.52
19900	0.52	0.4	0.4	0	0	0.52
20000	0.52	0.4	0.4	0	0	0.52
20100	0.52	0.4	0.4	0	0	0.52
20200	0.52	0.4	0.4	0	0	0.52
20300	0.52	0.4	0.4	0	0	0.52
20400	0.5	0.4	0.4	0	0	0.5
20500	0.5	0.4	0.4	0	0	0.5
20600	0.5	0.42	0.42	0	0	0.5
20700	0.5	0.42	0.42	0	0	0.5
20800	0.52	0.42	0.42	0	0	0.52
20900	0.52	0.42	0.42	0	0	0.52
21000	0.52	0.42	0.42	0	0	0.52
21100	0.52	0.42	0.42	0	0	0.52
21200	0.5	0.4	0.4	0	0	0.5
21300	0.5	0.4	0.4	0	0	0.5
21400	0.5	0.4	0.4	0	0	0.5
21500	0.5	0.42	0.42	0	0	0.5
21600	0.5	0.42	0.42	0	0	0.5
21700	0.5	0.42	0.42	0	0	0.5
21800	0.5	0.42	0.42	0	0	0.5
21900	0.5	0.42	0.42	0	0	0.5
22000	0.5	0.42	0.42	0	0	0.5
22100	0.5	0.42	0.42	0	0	0.5
22200	0.5	0.4	0.4	0	0	0.5
22300	0.5	0.42	0.42	0	0	0.5
22400	0.5	0.42	0.42	0	0	0.5
22500	0.5	0.42	0.42	0	0	0.5
22600	0.5	0.42	0.42	0	0	0.5
22700	0.5	0.42	0.42	0	0	0.5
22800	0.5	0.42	0.42	0	0	0.5
22900	0.5	0.42	0.42	0	0	0.5
23000	0.5	0.42	0.42	0	0	0.5
23100	0.5	0.42	0.42	0	0	0.5
23200	0.5	0.42	0.42	0	0	0.5
23300	0.5	0.42	0.42	0	0	0.5
23400	0.5	0.42	0.42	0	0	0.5
23500	0.5	0.42	0.42	0	0	0.5
23600	0.5	0.42	0.42	0	0	0.5
23700	0.5	0.42	0.42	0	0	0.5
23800	0.5	0.42	0.42	0	0	0.5
23900	0.5	0.42	0.42	0	0	0.5
24000	0.5	0.42	0.42	0	0	0.5
24100	0.5	0.42	0.42	0	0	0.5
24200	0.5	0.42	0.42	0	0	0.5
24300	0.5	0.42	0.42	0	0	0.5
24400	0.5	0.42	0.42	0	0	0.5
24500	0.5	0.42	0.42	0	0	0.5
24600	0.5	0.42	0.42	0	0	0.5
24700	0.52	0.42	0.42	0	0	0.52
24800	0.52	0.42	0.42	0	0	0.52
24900	0.52	0.42	0.42	0	0	0.52
25000	0.52	0.42	0.42	0	0	0.52
25100	0.52	0.44	0.44	0	0	0.52
25200	0.52	0.44	0.44	0	0	0.52
25300	0.52	0.44	0.44	0	0	0.52
25400	0.52	0.44	0.44	0	0	0.52
25500	0.52	0.44	0.44	0	0	0.52
25600	0.52	0.44	0.44	0	0	0.52
25700	0.52	0.44	0.44	0	0	0.52
25800	0.52	0.44	0.44	0	0	0.52
25900	0.52	0.44	0.44	0	0	0.52
26000	0.52	0.44	0.44	0	0	0.52
26100	0.52	0.44	0.44	0	0	0.52
26200	0.52	0.44	0.44	0	0	0.52
26300	0.52	0.44	0.44	0	0	0.52
26400	0.52	0.44	0.44	0	0	0.52
26500	0.52	0.44	0.44	0	0	0.52
26600	0.52	0.44	0.44	0	0	0.52
26700	0.52	0.44	0.44	0	0	0.52
26800	0.52	0.44	0.44	0	0	0.52
26900	0.52	0.44	0.44	0	0	0.52
27000	0.52	0.44	0.44	0	0	0.52
27100	0.52	0.44	0.44	0	0	0.52
27200	0.52	0.46	0.46	0	0	0.52
27300	0.52	0.46	0.46	0	0	0.52
27400	0.52	0.46	0.46	0	0	0.52
27500	0.52	0.46	0.46	0	0	0.52
27600	0.52	0.46	0.46	0	0	0.52
27700	0.52	0.46	0.46	0	0	0.52
27800	0.52	0.46	0.46	0	0	0.52
27900	0.52	0.46	0.46	0	0	0.52
28000	0.52	0.46	0.46	0	0	0.52
28100	0.52	0.46	0.46	0	0	0.52
28200	0.52	0.46	0.46	0	0	0.52
28300	0.52	0.46	0.46	0	0	0.52
28400	0.52	0.46	0.46	0	0	0.52
28500	0.52	0.46	0.46	0	0	0.52
28600	0.52	0.46	0.46	0	0	0.52
28700	0.52	0.46	0.46	0	0	0.52
28800	0.52	0.46	0.46	0	0	0.52
28900	0.52	0.46	0.46	0	0	0.52
29000	0.52	0.46	0.46	0	0	0.52
29100	0.52	0.46	0.46	0	0	0.52
29200	0.52	0.46	0.46	0	0	0.52
29300	0.52	0.46	0.46	0	0	0.52
29400	0.52	0.46	0.46	0	0	0.52
29500	0.52	0.46	0.46	0	0	0.52
29600	0.52	0.46	0.46	0	0	0.52
29700	0.52	0.46	0.46	0	0	0.52
29800	0.52	0.46	0.46	0	0	0.52
29900	0.52	0.46	0.46	0	0	0.52
30000	0.52	0.46	0.46	0	0	0.52
30100	0.52	0.46	0.46	0	0	0.52
30200	0.52	0.46	0.46	0	0	0.52
30300	0.5	0.46	0.46	0	0	0.5
30400	0.5	0.46	0.46	0	0	0.5
30500	0.5	0.46	0.46	0	0	0.5
30600	0.5	0.46	0.46	0	0	0.5
30700	0.5	0.46	0.46	0	0	0.5
30800	0.5	0.46	0.46	0	0	0.5
30900	0.5	0.46	0.46	0	0	0.5
31000	0.5	0.46	0.46	0	0	0.5
31100	0.5	0.46	0.46	0	0	0.5
31200	0.5	0.46	0.46	0	0	0.5
31300	0.5	0.46	0.46	0	0	0.5
31400	0.5	0.46	0.46	0	0	0.5
31500	0.5	0.46	0.46	0	0	0.5
31600	0.5	0.46	0.46	0	0	0.5
31700	0.5	0.46	0.46	0	0	0.5
31800	0.5	0.46	0.46	0	0	0.5
31900	0.5	0.46	0.46	0	0	0.5
32000	0.5	0.46	0.46	0	0	0.5
32100	0.5	0.46	0.46	0	0	0.5
32200	0.5	0.46	0.46	0	0	0.5
32300	0.52	0.46	0.46	0	0	0.52
32400	0.52	0.46	0.46	0	0	0.52
32500	0.52	0.46	0.46	0	0	0.52
32600	0.52	0.46	0.46	0	0	0.52
32700	0.52	0.46	0.46	0	0	0.52
32800	0.52	0.46	0.46	0	0	0.52
32900	0.52	0.46	0.46	0	0	0.52
33000	0.52	0.46	0.46	0	0	0.52
33100	0.52	0.46	0.46	0	0	0.52
33200	0.52	0.46	0.46	0	0	0.52
33300	0.52	0.46	0.46	0	0	0.52
33400	0.52	0.46	0.46	0	0	0.52
33500	0.52	0.46	0.46	0	0	0.52
33600	0.52	0.46	0.46	0	0	0.52
33700	0.52	0.46	0.46	0	0	0.52
33800	0.52	0.46	0.46	0	0	0.52
33900	0.52	0.48	0.48	0	0	0.52
34000	0.5	0.48	0.48	0	0	0.5
34100	0.5	0.48	0.48	0	0	0.5
34200	0.5	0.48	0.48	0	0	0.5
34300	0.5	0.48	0.48	0	0	0.5
34400	0.5	0.48	0.48	0	0	0.5
34500	0.5	0.48	0.48	0	0	0.5
34600	0.5	0.48	0.48	0	0	0.5
34700	0.5	0.48	0.48	0	0	0.5
34800	0.5	0.48	0.48	0	0	0.5
34900	0.5	0.46	0.46	0	0	0.5
35000	0.5	0.48	0.48	0	0	0.5
35100	0.5	0.48	0.48	0	0	0.5
35200	0.5	0.48	0.48	0	0	0.5
35300	0.48	0.48	0.48	0	0	0.48
35400	0.48	0.48	0.48	0	0	0.48
35500	0.48	0.48	0.48	0	0	0.48
35600	0.48	0.48	0.48	0	0	0.48
35700	0.48	0.48	0.48	0	0	0.48
35800	0.48	0.46	0.46	0	0	0.48
35900	0.48	0.46	0.46	0	0	0.48
36000	0.48	0.46	0.46	0	0	0.48
36100	0.48	0.46	0.46	0	0	0.48
36200	0.48	0.46	0.46	0	0	0.48
36300	0.48	0.46	0.46	0	0	0.48
36400	0.48	0.46	0.46	0	0	0.48
36500	0.48	0.46	0.46	0	0	0.48
36600	0.48	0.46	0.46	0	0	0.48
36700	0.48	0.46	0.46	0	0	0.48
36800	0.48	0.44	0.44	0	0	0.48
36900	0.48	0.42	0.42	0	0	0.48
37000	0.48	0.42	0.42	0	0	0.48
37100	0.48	0.42	0.42	0	0	0.48
37200	0.48	0.42	0.42	0	0	0.48
37300	0.48	0.44	0.44	0	0	0.48
37400	0.46	0.44	0.44	0	0	0.46
37500	0.46	0.44	0.44	0	0	0.46
37600	0.46	0.44	0.44	0	0	0.46
37700	0.46	0.44	0.44	0	0	0.46
37800	0.46	0.44	0.44	0	0	0.46
37900	0.46	0.44	0.44	0	0	0.46
38000	0.46	0.44	0.44	0	0	0.46
38100	0.46	0.44	0.44	0	0	0.46
38200	0.46	0.44	0.44	0	0	0.46
38300	0.46	0.44	0.44	0	0	0.46
38400	0.46	0.44	0.44	0	0	0.46
38500	0.46	0.44	0.44	0	0	0.46
38600	0.46	0.44	0.44	0	0	0.46
38700	0.46	0.44	0.44	0	0	0.46
38800	0.46	0.44	0.44	0	0	0.46
38900	0.46	0.44	0.44	0	0	0.46
39000	0.46	0.44	0.44	0	0	0.46
39100	0.46	0.46	0.46	0	0	0.46
39200	0.46	0.44	0.44	0	0	0.46
39300	0.46	0.44	0.44	0	0	0.46
39400	0.46	0.44	0.44	0	0	0.46
39500	0.46	0.44	0.44	0	0	0.46
39600	0.46	0.44	0.44	0	0	0.46
39700	0.46	0.44	0.44	0	0	0.46
39800	0.46	0.44	0.44	0	0	0.46
39900	0.46	0.44	0.44	0	0	0.46
40000	0.46	0.44	0.44	0	0	0.46
40100	0.46	0.44	0.44	0	0	0.46
40200	0.46	0.42	0.42	0	0	0.46
40300	0.46	0.42	0.42	0	0	0.46
40400	0.46	0.42	0.42	0	0	0.46
40500	0.46	0.42	0.42	0	0	0.46
40600	0.46	0.42	0.42	0	0	0.46
40700	0.46	0.42	0.42	0	0	0.46
40800	0.46	0.42	0.42	0	0	0.46
40900	0.46	0.42	0.42	0	0	0.46
41000	0.46	0.42	0.42	0	0	0.46
41100	0.46	0.42	0.42	0	0	0.46
41200	0.46	0.42	0.42	0	0	0.46
41300	0.46	0.42	0.42	0	0	0.46
41400	0.46	0.42	0.42	0	0	0.46
41500	0.46	0.42	0.42	0	0	0.46
41600	0.44	0.42	0.42	0	0	0.44
41700	0.46	0.42	0.42	0	0	0.46
41800	0.46	0.42	0.42	0	0	0.46
41900	0.46	0.4	0.4	0	0	0.46
42000	0.46	0.4	0.4	0	0	0.46
42100	0.46	0.4	0.4	0	0	0.46
42200	0.46	0.4	0.4	0	0	0.46
42300	0.46	0.4	0.4	0	0	0.46
42400	0.46	0.42	0.42	0	0	0.46
42500	0.46	0.42	0.42	0	0	0.46
42600	0.46	0.42	0.42	0	0	0.46
42700	0.46	0.42	0.42	0	0	0.46
42800	0.46	0.42	0.42	0	0	0.46
42900	0.48	0.42	0.42	0	0	0.48
43000	0.46	0.42	0.42	0	0	0.46
43100	0.46	0.42	0.42	0	0	0.46
43200	0.48	0.42	0.42	0	0	0.48
43300	0.48	0.42	0.42	0	0	0.48
43400	0.48	0.42	0.42	0	0	0.48
43500	0.48	0.42	0.42	0	0	0.48
43600	0.48	0.42	0.42	0	0	0.48
43700	0.48	0.42	0.42	0	0	0.48
43800	0.48	0.42	0.42	0	0	0.48
43900	0.48	0.42	0.42	0	0	0.48
44000	0.48	0.42	0.42	0	0	0.48
44100	0.48	0.42	0.42	0	0	0.48
44200	0.48	0.42	0.42	0	0	0.48
44300	0.48	0.42	0.42	0	0	0.48
44400	0.48	0.42	0.42	0	0	0.48
44500	0.48	0.42	0.42	0	0	0.48
44600	0.48	0.42	0.42	0	0	0.48
44700	0.48	0.42	0.42	0	0	0.48
44800	0.48	0.42	0.42	0	0	0.48
44900	0.48	0.42	0.42	0	0	0.48
45000	0.48	0.42	0.42	0	0	0.48
45100	0.48	0.42	0.42	0	0	0.48
45200	0.48	0.42	0.42	0	0	0.48
45300	0.5	0.42	0.42	0	0	0.5
45400	0.5	0.42	0.42	0	0	0.5
45500	0.5	0.42	0.42	0	0	0.5
45600	0.5	0.42	0.42	0	0	0.5
45700	0.5	0.42	0.42	0	0	0.5
45800	0.5	0.42	0.42	0	0	0.5
45900	0.5	0.42	0.42	0	0	0.5
46000	0.5	0.42	0.42	0	0	0.5
46100	0.5	0.44	0.44	0	0	0.5
46200	0.5	0.44	0.44	0	0	0.5
46300	0.5	0.44	0.44	0	0	0.5
46400	0.5	0.44	0.44	0	0	0.5
46500	0.5	0.44	0.44	0	0	0.5
46600	0.5	0.44	0.44	0	0	0.5
46700	0.5	0.44	0.44	0	0	0.5
46800	0.5	0.44	0.44	0	0	0.5
46900	0.5	0.44	0.44	0	0	0.5
47000	0.48	0.44	0.44	0	0	0.48
47100	0.48	0.44	0.44	0	0	0.48
47200	0.48	0.44	0.44	0	0	0.48
47300	0.48	0.44	0.44	0	0	0.48
47400	0.48	0.44	0.44	0	0	0.48
47500	0.48	0.44	0.44	0	0	0.48
47600	0.48	0.44	0.44	0	0	0.48
47700	0.48	0.44	0.44	0	0	0.48
47800	0.48	0.44	0.44	0	0	0.48
47900	0.48	0.44	0.44	0	0	0.48
48000	0.5	0.44	0.44	0	0	0.5
48100	0.5	0.44	0.44	0	0	0.5
48200	0.5	0.44	0.44	0	0	0.5
48300	0.5	0.44	0.44	0	0	0.5
48400	0.5	0.44	0.44	0	0	0.5
48500	0.52	0.44	0.44	0	0	0.52
48600	0.52	0.44	0.44	0	0	0.52
48700	0.52	0.44	0.44	0	0	0.52
48800	0.52	0.44	0.44	0	0	0.52
48900	0.52	0.44	0.44	0	0	0.52
49000	0.52	0.46	0.46	0	0	0.52
49100	0.52	0.46	0.46	0	0	0.52
49200	0.52	0.46	0.46	0	0	0.52
49300	0.52	0.46	0.46	0	0	0.52
49400	0.52	0.46	0.46	0	0	0.52
49500	0.52	0.46	0.46	0	0	0.52
49600	0.52	0.46	0.46	0	0	0.52
49700	0.52	0.46	0.46	0	0	0.52
49800	0.52	0.46	0.46	0	0	0.52
49900	0.52	0.46	0.46	0	0	0.52
50000	0.52	0.46	0.46	0	0	0.52
50100	0.52	0.46	0.46	0	0	0.52
50200	0.52	0.46	0.46	0	0	0.52
50300	0.52	0.46	0.46	0	0	0.52
50400	0.5	0.46	0.46	0	0	0.5
50500	0.5	0.46	0.46	0	0	0.5
50600	0.5	0.46	0.46	0	0	0.5
50700	0.5	0.46	0.46	0	0	0.5
50800	0.5	0.46	0.46	0	0	0.5
50900	0.5	0.46	0.46	0	0	0.5
51000	0.5	0.46	0.46	0	0	0.5
51100	0.5	0.46	0.46	0	0	0.5
51200	0.5	0.46	0.46	0	0	0.5
51300	0.5	0.46	0.46	0	0	0.5
51400	0.5	0.46	0.46	0	0	0.5
51500	0.5	0.46	0.46	0	0	0.5
51600	0.5	0.46	0.46	0	0	0.5
51700	0.5	0.46	0.46	0	0	0.5
51800	0.5	0.46	0.46	0	0	0.5
51900	0.5	0.46	0.46	0	0	0.5
52000	0.5	0.46	0.46	0	0	0.5
52100	0.5	0.46	0.46	0	0	0.5
52200	0.5	0.46	0.46	0	0	0.5
52300	0.5	0.46	0.46	0	0	0.5
52400	0.5	0.46	0.46	0	0	0.5
52500	0.5	0.46	0.46	0	0	0.5
52600	0.52	0.46	0.46	0	0	0.52
52700	0.52	0.46	0.46	0	0	0.52
52800	0.52	0.46	0.46	0	0	0.52
52900	0.52	0.46	0.46	0	0	0.52
53000	0.52	0.46	0.46	0	0	0.52
53100	0.5	0.46	0.46	0	0	0.5
53200	0.5	0.46	0.46	0	0	0.5
53300	0.5	0.46	0.46	0	0	0.5
53400	0.5	0.44	0.44	0	0	0.5
53500	0.5	0.44	0.44	0	0	0.5
53600	0.5	0.44	0.44	0	0	0.5
53700	0.5	0.44	0.44	0	0	0.5
53800	0.5	0.44	0.44	0	0	0.5
53900	0.5	0.44	0.44	0	0	0.5
54000	0.5	0.44	0.44	0	0	0.5
54100	0.5	0.44	0.44	0	0	0.5
54200	0.5	0.44	0.44	0	0	0.5
54300	0.5	0.44	0.44	0	0	0.5
54400	0.5	0.44	0.44	0	0	0.5
54500	0.5	0.44	0.44	0	0	0.5
54600	0.5	0.44	0.44	0	0	0.5
54700	0.5	0.44	0.44	0	0	0.5
54800	0.5	0.44	0.44	0	0	0.5
54900	0.5	0.44	0.44	0	0	0.5
55000	0.5	0.44	0.44	0	0	0.5
55100	0.5	0.44	0.44	0	0	0.5
55200	0.5	0.44	0.44	0	0	0.5
55300	0.5	0.44	0.44	0	0	0.5
55400	0.5	0.44	0.44	0	0	0.5
55500	0.5	0.44	0.44	0	0	0.5
55600	0.5	0.44	0.44	0	0	0.5
55700	0.5	0.44	0.44	0	0	0.5
55800	0.5	0.44	0.44	0	0	0.5
55900	0.5	0.44	0.44	0	0	0.5
56000	0.5	0.44	0.44	0	0	0.5
56100	0.5	0.44	0.44	0	0	0.5
56200	0.5	0.44	0.44	0	0	0.5
56300	0.5	0.44	0.44	0	0	0.5
56400	0.5	0.44	0.44	0	0	0.5
56500	0.5	0.44	0.44	0	0	0.5
56600	0.5	0.44	0.44	0	0	0.5
56700	0.5	0.44	0.44	0	0	0.5
56800	0.5	0.44	0.44	0	0	0.5
56900	0.5	0.44	0.44	0	0	0.5
57000	0.5	0.44	0.44	0	0	0.5
57100	0.48	0.44	0.44	0	0	0.48
57200	0.48	0.44	0.44	0	0	0.48
57300	0.48	0.44	0.44	0	0	0.48
57400	0.48	0.44	0.44	0	0	0.48
57500	0.48	0.44	0.44	0	0	0.48
57600	0.48	0.44	0.44	0	0	0.48
57700	0.48	0.44	0.44	0	0	0.48
57800	0.48	0.44	0.44	0	0	0.48
57900	0.48	0.44	0.44	0	0	0.48
58000	0.48	0.44	0.44	0	0	0.48
58100	0.48	0.44	0.44	0	0	0.48
58200	0.48	0.44	0.44	0	0	0.48
58300	0.48	0.44	0.44	0	0	0.48
58400	0.48	0.44	0.44	0	0	0.48
58500	0.48	0.44	0.44	0	0	0.48
58600	0.48	0.44	0.44	0	0	0.48
58700	0.48	0.44	0.44	0	0	0.48
58800	0.48	0.44	0.44	0	0	0.48
58900	0.5	0.44	0.44	0	0	0.5
59000	0.5	0.46	0.46	0	0	0.5
59100	0.5	0.46	0.46	0	0	0.5
59200	0.5	0.46	0.46	0	0	0.5
59300	0.5	0.46	0.46	0	0	0.5
59400	0.5	0.46	0.46	0	0	0.5
59500	0.5	0.46	0.46	0	0	0.5
59600	0.5	0.46	0.46	0	0	0.5
59700	0.5	0.46	0.46	0	0	0.5
59800	0.5	0.46	0.46	0	0	0.5
59900	0.52	0.46	0.46	0	0	0.52
60000	0.5	0.46	0.46	0	0	0.5
60100	0.5	0.46	0.46	0	0	0.5
60200	0.5	0.46	0.46	0	0	0.5
60300	0.5	0.46	0.46	0	0	0.5
60400	0.5	0.46	0.46	0	0	0.5
60500	0.5	0.46	0.46	0	0	0.5
60600	0.5	0.46	0.46	0	0	0.5
60700	0.5	0.46	0.46	0	0	0.5
60800	0.5	0.46	0.46	0	0	0.5
60900	0.5	0.46	0.46	0	0	0.5
61000	0.5	0.46	0.46	0	0	0.5
61100	0.5	0.46	0.46	0	0	0.5
61200	0.5	0.46	0.46	0	0	0.5
61300	0.5	0.46	0.46	0	0	0.5
61400	0.5	0.46	0.46	0	0	0.5
61500	0.5	0.46	0.46	0	0	0.5
61600	0.5	0.46	0.46	0	0	0.5
61700	0.5	0.46	0.46	0	0	0.5
61800	0.5	0.46	0.46	0	0	0.5
61900	0.5	0.46	0.46	0	0	0.5
62000	0.5	0.46	0.46	0	0	0.5
62100	0.52	0.46	0.46	0	0	0.52
62200	0.52	0.46	0.46	0	0	0.52
62300	0.52	0.46	0.46	0	0	0.52
62400	0.52	0.46	0.46	0	0	0.52
62500	0.5	0.46	0.46	0	0	0.5
62600	0.5	0.46	0.46	0	0	0.5
62700	0.5	0.46	0.46	0	0	0.5
62800	0.5	0.46	0.46	0	0	0.5
62900	0.5	0.44	0.44	0	0	0.5
63000	0.5	0.44	0.44	0	0	0.5
63100	0.5	0.44	0.44	0	0	0.5
63200	0.5	0.44	0.44	0	0	0.5
63300	0.5	0.44	0.44	0	0	0.5
63400	0.5	0.44	0.44	0	0	0.5
63500	0.5	0.44	0.44	0	0	0.5
63600	0.5	0.44	0.44	0	0	0.5
63700	0.5	0.44	0.44	0	0	0.5
63800	0.5	0.44	0.44	0	0	0.5
63900	0.5	0.44	0.44	0	0	0.5
64000	0.5	0.44	0.44	0	0	0.5
64100	0.5	0.44	0.44	0	0	0.5
64200	0.5	0.44	0.44	0	0	0.5
64300	0.5	0.44	0.44	0	0	0.5
64400	0.5	0.44	0.44	0	0	0.5
64500	0.48	0.44	0.44	0	0	0.48
64600	0.48	0.44	0.44	0	0	0.48
64700	0.48	0.44	0.44	0	0	0.48
64800	0.48	0.44	0.44	0	0	0.48
64900	0.48	0.44	0.44	0	0	0.48
65000	0.48	0.44	0.44	0	0	0.48
65100	0.48	0.44	0.44	0	0	0.48
65200	0.46	0.44	0.44	0	0	0.46
65300	0.48	0.44	0.44	0	0	0.48
65400	0.46	0.44	0.44	0	0	0.46
65500	0.46	0.44	0.44	0	0	0.46
65600	0.46	0.44	0.44	0	0	0.46
65700	0.46	0.44	0.44	0	0	0.46
65800	0.46	0.44	0.44	0	0	0.46
65900	0.46	0.44	0.44	0	0	0.46
66000	0.46	0.44	0.44	0	0	0.46
66100	0.46	0.44	0.44	0	0	0.46
66200	0.46	0.44	0.44	0	0	0.46
66300	0.46	0.44	0.44	0	0	0.46
66400	0.46	0.44	0.44	0	0	0.46
66500	0.46	0.44	0.44	0	0	0.46
66600	0.46	0.44	0.44	0	0	0.46
66700	0.46	0.44	0.44	0	0	0.46
66800	0.46	0.44	0.44	0	0	0.46
66900	0.46	0.44	0.44	0	0	0.46
67000	0.46	0.44	0.44	0	0	0.46
67100	0.46	0.44	0.44	0	0	0.46
67200	0.46	0.44	0.44	0	0	0.46
67300	0.46	0.44	0.44	0	0	0.46
67400	0.46	0.44	0.44	0	0	0.46
67500	0.46	0.44	0.44	0	0	0.46
67600	0.46	0.44	0.44	0	0	0.46
67700	0.46	0.44	0.44	0	0	0.46
67800	0.46	0.44	0.44	0	0	0.46
67900	0.46	0.44	0.44	0	0	0.46
68000	0.5	0.44	0.44	0	0	0.5
68100	0.5	0.44	0.44	0	0	0.5
68200	0.5	0.44	0.44	0	0	0.5
68300	0.5	0.44	0.44	0	0	0.5
68400	0.5	0.44	0.44	0	0	0.5
68500	0.5	0.44	0.44	0	0	0.5
68600	0.5	0.44	0.44	0	0	0.5
68700	0.5	0.44	0.44	0	0	0.5
68800	0.5	0.44	0.44	0	0	0.5
68900	0.5	0.44	0.44	0	0	0.5
69000	0.5	0.44	0.44	0	0	0.5
69100	0.5	0.44	0.44	0	0	0.5
69200	0.5	0.44	0.44	0	0	0.5
69300	0.5	0.44	0.44	0	0	0.5
69400	0.5	0.44	0.44	0	0	0.5
69500	0.5	0.44	0.44	0	0	0.5
69600	0.5	0.44	0.44	0	0	0.5
69700	0.5	0.44	0.44	0	0	0.5
69800	0.5	0.44	0.44	0	0	0.5
69900	0.5	0.44	0.44	0	0	0.5
70000	0.5	0.44	0.44	0	0	0.5
70100	0.5	0.44	0.44	0	0	0.5
70200	0.5	0.44	0.44	0	0	0.5
70300	0.5	0.44	0.44	0	0	0.5
70400	0.5	0.44	0.44	0	0	0.5
70500	0.5	0.44	0.44	0	0	0.5
70600	0.5	0.46	0.46	0	0	0.5
70700	0.5	0.46	0.46	0	0	0.5
70800	0.5	0.46	0.46	0	0	0.5
70900	0.5	0.46	0.46	0	0	0.5
71000	0.5	0.46	0.46	0	0	0.5
71100	0.5	0.44	0.44	0	0	0.5
71200	0.5	0.44	0.44	0	0	0.5
71300	0.5	0.44	0.44	0	0	0.5
71400	0.5	0.44	0.44	0	0	0.5
71500	0.5	0.44	0.44	0	0	0.5
71600	0.5	0.44	0.44	0	0	0.5
71700	0.5	0.44	0.44	0	0	0.5
71800	0.5	0.46	0.46	0	0	0.5
71900	0.5	0.46	0.46	0	0	0.5
72000	0.5	0.46	0.46	0	0	0.5
72100	0.5	0.46	0.46	0	0	0.5
72200	0.5	0.46	0.46	0	0	0.5
72300	0.5	0.46	0.46	0	0	0.5
72400	0.5	0.46	0.46	0	0	0.5
72500	0.5	0.46	0.46	0	0	0.5
72600	0.5	0.46	0.46	0	0	0.5
72700	0.5	0.46	0.46	0	0	0.5
72800	0.5	0.46	0.46	0	0	0.5
72900	0.5	0.46	0.46	0	0	0.5
73000	0.5	0.46	0.46	0	0	0.5
73100	0.5	0.46	0.46	0	0	0.5
73200	0.5	0.46	0.46	0	0	0.5
73300	0.5	0.46	0.46	0	0	0.5
73400	0.5	0.46	0.46	0	0	0.5
73500	0.5	0.46	0.46	0	0	0.5
73600	0.5	0.46	0.46	0	0	0.5
73700	0.5	0.46	0.46	0	0	0.5
73800	0.5	0.46	0.46	0	0	0.5
73900	0.52	0.46	0.46	0	0	0.52
74000	0.52	0.46	0.46	0	0	0.52
74100	0.52	0.46	0.46	0	0	0.52
74200	0.52	0.46	0.46	0	0	0.52
74300	0.52	0.46	0.46	0	0	0.52
74400	0.52	0.46	0.46	0	0	0.52
74500	0.52	0.46	0.46	0	0	0.52
74600	0.52	0.46	0.46	0	0	0.52
74700	0.52	0.44	0.44	0	0	0.52
74800	0.52	0.44	0.44	0	0	0.52
74900	0.52	0.44	0.44	0	0	0.52
75000	0.52	0.44	0.44	0	0	0.52
75100	0.52	0.44	0.44	0	0	0.52
75200	0.52	0.44	0.44	0	0	0.52
75300	0.52	0.44	0.44	0	0	0.52
75400	0.52	0.44	0.44	0	0	0.52
75500	0.52	0.44	0.44	0	0	0.52
75600	0.52	0.44	0.44	0	0	0.52
75700	0.52	0.44	0.44	0	0	0.52
75800	0.52	0.44	0.44	0	0	0.52
75900	0.52	0.44	0.44	0	0	0.52
76000	0.52	0.44	0.44	0	0	0.52
76100	0.52	0.44	0.44	0	0	0.52
76200	0.52	0.44	0.44	0	0	0.52
76300	0.52	0.44	0.44	0	0	0.52
76400	0.52	0.44	0.44	0	0	0.52
76500	0.52	0.44	0.44	0	0	0.52
76600	0.52	0.44	0.44	0	0	0.52
76700	0.52	0.44	0.44	0	0	0.52
76800	0.52	0.44	0.44	0	0	0.52
76900	0.52	0.44	0.44	0	0	0.52
77000	0.52	0.44	0.44	0	0	0.52
77100	0.52	0.42	0.42	0	0	0.52
77200	0.52	0.42	0.42	0	0	0.52
77300	0.54	0.42	0.42	0	0	0.54
77400	0.54	0.42	0.42	0	0	0.54
77500	0.54	0.42	0.42	0	0	0.54
77600	0.54	0.42	0.42	0	0	0.54
77700	0.54	0.42	0.42	0	0	0.54
77800	0.54	0.42	0.42	0	0	0.54
77900	0.54	0.42	0.42	0	0	0.54
78000	0.54	0.42	0.42	0	0	0.54
78100	0.54	0.42	0.42	0	0	0.54
78200	0.54	0.42	0.42	0	0	0.54
78300	0.54	0.42	0.42	0	0	0.54
78400	0.54	0.42	0.42	0	0	0.54
78500	0.54	0.42	0.42	0	0	0.54
78600	0.54	0.42	0.42	0	0	0.54
78700	0.54	0.42	0.42	0	0	0.54
78800	0.54	0.42	0.42	0	0	0.54
78900	0.54	0.42	0.42	0	0	0.54
79000	0.54	0.42	0.42	0	0	0.54
79100	0.54	0.42	0.42	0	0	0.54
79200	0.54	0.42	0.42	0	0	0.54
79300	0.52	0.42	0.42	0	0	0.52
79400	0.52	0.42	0.42	0	0	0.52
79500	0.52	0.42	0.42	0	0	0.52
79600	0.54	0.42	0.42	0	0	0.54
79700	0.54	0.42	0.42	0	0	0.54
79800	0.54	0.42	0.42	0	0	0.54
79900	0.52	0.42	0.42	0	0	0.52
80000	0.52	0.42	0.42	0	0	0.52
80100	0.52	0.44	0.44	0	0	0.52
80200	0.52	0.44	0.44	0	0	0.52
80300	0.52	0.42	0.42	0	0	0.52
80400	0.52	0.42	0.42	0	0	0.52
80500	0.52	0.42	0.42	0	0	0.52
80600	0.52	0.42	0.42	0	0	0.52
80700	0.52	0.42	0.42	0	0	0.52
80800	0.52	0.42	0.42	0	0	0.52
80900	0.52	0.42	0.42	0	0	0.52
81000	0.52	0.42	0.42	0	0	0.52
81100	0.52	0.42	0.42	0	0	0.52
81200	0.52	0.42	0.42	0	0	0.52
81300	0.52	0.42	0.42	0	0	0.52
81400	0.52	0.42	0.42	0	0	0.52
81500	0.52	0.42	0.42	0	0	0.52
81600	0.52	0.42	0.42	0	0	0.52
81700	0.54	0.42	0.42	0	0	0.54
81800	0.54	0.42	0.42	0	0	0.54
81900	0.54	0.42	0.42	0	0	0.54
82000	0.54	0.42	0.42	0	0	0.54
82100	0.54	0.42	0.42	0	0	0.54
82200	0.54	0.42	0.42	0	0	0.54
82300	0.54	0.42	0.42	0	0	0.54
82400	0.54	0.42	0.42	0	0	0.54
82500	0.54	0.42	0.42	0	0	0.54
82600	0.54	0.42	0.42	0	0	0.54
82700	0.54	0.42	0.42	0	0	0.54
82800	0.54	0.42	0.42	0	0	0.54
82900	0.54	0.42	0.42	0	0	0.54
83000	0.54	0.42	0.42	0	0	0.54
83100	0.54	0.42	0.42	0	0	0.54
83200	0.54	0.42	0.42	0	0	0.54
83300	0.54	0.42	0.42	0	0	0.54
83400	0.54	0.42	0.42	0	0	0.54
83500	0.54	0.42	0.42	0	0	0.54
83600	0.54	0.42	0.42	0	0	0.54
83700	0.54	0.42	0.42	0	0	0.54
83800	0.54	0.42	0.42	0	0	0.54
83900	0.54	0.42	0.42	0	0	0.54
84000	0.54	0.42	0.42	0	0	0.54
84100	0.54	0.42	0.42	0	0	0.54
84200	0.54	0.42	0.42	0	0	0.54
84300	0.54	0.42	0.42	0	0	0.54
84400	0.54	0.42	0.42	0	0	0.54
84500	0.54	0.42	0.42	0	0	0.54
84600	0.54	0.42	0.42	0	0	0.54
84700	0.54	0.42	0.42	0	0	0.54
84800	0.54	0.42	0.42	0	0	0.54
84900	0.54	0.42	0.42	0	0	0.54
85000	0.54	0.42	0.42	0	0	0.54
85100	0.54	0.42	0.42	0	0	0.54
85200	0.54	0.42	0.42	0	0	0.54
85300	0.54	0.42	0.42	0	0	0.54
85400	0.54	0.42	0.42	0	0	0.54
85500	0.54	0.42	0.42	0	0	0.54
85600	0.54	0.42	0.42	0	0	0.54
85700	0.54	0.42	0.42	0	0	0.54
85800	0.54	0.42	0.42	0	0	0.54
85900	0.52	0.42	0.42	0	0	0.52
86000	0.52	0.42	0.42	0	0	0.52
86100	0.52	0.42	0.42	0	0	0.52
86200	0.52	0.42	0.42	0	0	0.52
86300	0.52	0.42	0.42	0	0	0.52
86400	0.52	0.42	0.42	0	0	0.52
86500	0.52	0.42	0.42	0	0	0.52
86600	0.52	0.42	0.42	0	0	0.52
86700	0.52	0.42	0.42	0	0	0.52
86800	0.52	0.42	0.42	0	0	0.52
86900	0.54	0.42	0.42	0	0	0.54
87000	0.54	0.42	0.42	0	0	0.54
87100	0.54	0.42	0.42	0	0	0.54
87200	0.54	0.44	0.44	0	0	0.54
87300	0.54	0.42	0.42	0	0	0.54
87400	0.54	0.42	0.42	0	0	0.54
87500	0.54	0.42	0.42	0	0	0.54
87600	0.54	0.42	0.42	0	0	0.54
87700	0.54	0.42	0.42	0	0	0.54
87800	0.54	0.42	0.42	0	0	0.54
87900	0.54	0.42	0.42	0	0	0.54
88000	0.54	0.42	0.42	0	0	0.54
88100	0.54	0.42	0.42	0	0	0.54
88200	0.54	0.42	0.42	0	0	0.54
88300	0.54	0.42	0.42	0	0	0.54
88400	0.54	0.42	0.42	0	0	0.54
88500	0.52	0.42	0.42	0	0	0.52
88600	0.52	0.42	0.42	0	0	0.52
88700	0.5	0.42	0.42	0	0	0.5
88800	0.5	0.42	0.42	0	0	0.5
88900	0.5	0.42	0.42	0	0	0.5
89000	0.5	0.42	0.42	0	0	0.5
89100	0.5	0.42	0.42	0	0	0.5
89200	0.5	0.42	0.42	0	0	0.5
89300	0.5	0.42	0.42	0	0	0.5
89400	0.5	0.42	0.42	0	0	0.5
89500	0.5	0.42	0.42	0	0	0.5
89600	0.5	0.42	0.42	0	0	0.5
89700	0.5	0.42	0.42	0	0	0.5
89800	0.5	0.42	0.42	0	0	0.5
89900	0.5	0.42	0.42	0	0	0.5
90000	0.5	0.42	0.42	0	0	0.5
90100	0.5	0.42	0.42	0	0	0.5
90200	0.5	0.42	0.42	0	0	0.5
90300	0.5	0.42	0.42	0	0	0.5
90400	0.5	0.44	0.44	0	0	0.5
90500	0.48	0.44	0.44	0	0	0.48
90600	0.48	0.44	0.44	0	0	0.48
90700	0.48	0.44	0.44	0	0	0.48
90800	0.48	0.46	0.46	0	0	0.48
90900	0.48	0.46	0.46	0	0	0.48
91000	0.48	0.46	0.46	0	0	0.48
91100	0.48	0.46	0.46	0	0	0.48
91200	0.48	0.46	0.46	0	0	0.48
91300	0.48	0.46	0.46	0	0	0.48
91400	0.48	0.46	0.46	0	0	0.48
91500	0.48	0.46	0.46	0	0	0.48
91600	0.48	0.46	0.46	0	0	0.48
91700	0.48	0.46	0.46	0	0	0.48
91800	0.48	0.46	0.46	0	0	0.48
91900	0.48	0.46	0.46	0	0	0.48
92000	0.48	0.46	0.46	0	0	0.48
92100	0.48	0.46	0.46	0	0	0.48
92200	0.48	0.46	0.46	0	0	0.48
92300	0.48	0.46	0.46	0	0	0.48
92400	0.48	0.46	0.46	0	0	0.48
92500	0.48	0.46	0.46	0	0	0.48
92600	0.48	0.46	0.46	0	0	0.48
92700	0.48	0.46	0.46	0	0	0.48
92800	0.5	0.46	0.46	0	0	0.5
92900	0.5	0.46	0.46	0	0	0.5
93000	0.5	0.46	0.46	0	0	0.5
93100	0.5	0.46	0.46	0	0	0.5
93200	0.5	0.46	0.46	0	0	0.5
93300	0.5	0.46	0.46	0	0	0.5
93400	0.5	0.44	0.44	0	0	0.5
93500	0.5	0.44	0.44	0	0	0.5
93600	0.5	0.44	0.44	0	0	0.5
93700	0.5	0.44	0.44	0	0	0.5
93800	0.5	0.44	0.44	0	0	0.5
93900	0.5	0.44	0.44	0	0	0.5
94000	0.5	0.44	0.44	0	0	0.5
94100	0.5	0.44	0.44	0	0	0.5
94200	0.5	0.44	0.44	0	0	0.5
94300	0.5	0.44	0.44	0	0	0.5
94400	0.5	0.44	0.44	0	0	0.5
94500	0.5	0.44	0.44	0	0	0.5
94600	0.5	0.44	0.44	0	0	0.5
94700	0.5	0.44	0.44	0	0	0.5
94800	0.5	0.44	0.44	0	0	0.5
94900	0.5	0.44	0.44	0	0	0.5
95000	0.5	0.44	0.44	0	0	0.5
95100	0.5	0.44	0.44	0	0	0.5
95200	0.5	0.44	0.44	0	0	0.5
95300	0.5	0.44	0.44	0	0	0.5
95400	0.5	0.44	0.44	0	0	0.5
95500	0.5	0.44	0.44	0	0	0.5
95600	0.48	0.44	0.44	0	0	0.48
95700	0.48	0.44	0.44	0	0	0.48
95800	0.48	0.44	0.44	0	0	0.48
95900	0.48	0.44	0.44	0	0	0.48
96000	0.48	0.44	0.44	0	0	0.48
96100	0.48	0.44	0.44	0	0	0.48
96200	0.48	0.44	0.44	0	0	0.48
96300	0.48	0.44	0.44	0	0	0.48
96400	0.48	0.44	0.44	0	0	0.48
96500	0.48	0.44	0.44	0	0	0.48
96600	0.48	0.44	0.44	0	0	0.48
96700	0.48	0.44	0.44	0	0	0.48
96800	0.48	0.44	0.44	0	0	0.48
96900	0.48	0.44	0.44	0	0	0.48
97000	0.48	0.46	0.46	0	0	0.48
97100	0.48	0.44	0.44	0	0	0.48
97200	0.48	0.44	0.44	0	0	0.48
97300	0.48	0.44	0.44	0	0	0.48
97400	0.48	0.44	0.44	0	0	0.48
97500	0.48	0.44	0.44	0	0	0.48
97600	0.48	0.44	0.44	0	0	0.48
97700	0.48	0.44	0.44	0	0	0.48
97800	0.48	0.44	0.44	0	0	0.48
97900	0.48	0.44	0.44	0	0	0.48
98000	0.48	0.44	0.44	0	0	0.48
98100	0.48	0.44	0.44	0	0	0.48
98200	0.48	0.44	0.44	0	0	0.48
98300	0.48	0.44	0.44	0	0	0.48
98400	0.48	0.44	0.44	0	0	0.48
98500	0.48	0.44	0.44	0	0	0.48
98600	0.48	0.44	0.44	0	0	0.48
98700	0.48	0.44	0.44	0	0	0.48
98800	0.48	0.44	0.44	0	0	0.48
98900	0.48	0.44	0.44	0	0	0.48
99000	0.48	0.44	0.44	0	0	0.48
99100	0.48	0.44	0.44	0	0	0.48
99200	0.48	0.44	0.44	0	0	0.48
99300	0.48	0.44	0.44	0	0	0.48
99400	0.46	0.44	0.44	0	0	0.46
99500	0.46	0.44	0.44	0	0	0.46
99600	0.46	0.44	0.44	0	0	0.46
99700	0.46	0.44	0.44	0	0	0.46
99800	0.46	0.44	0.44	0	0	0.46
99900	0.46	0.44	0.44	0	0	0.46
100000	0.46	0.44	0.44	0	0	0.46
