100	0.1	0.08	0.08	0	0	0.1
200	0.1	0.06	0.06	0	0	0.1
300	0.1	0.1	0.1	0	0	0.1
400	0.12	0.12	0.12	0	0	0.12
500	0.14	0.12	0.12	0	0	0.14
600	0.14	0.12	0.12	0	0	0.14
700	0.14	0.14	0.14	0	0	0.14
800	0.14	0.16	0.16	0	0	0.14
900	0.16	0.18	0.18	0	0	0.16
1000	0.16	0.16	0.16	0	0	0.16
1100	0.2	0.16	0.16	0	0	0.2
1200	0.18	0.18	0.18	0	0	0.18
1300	0.18	0.18	0.18	0	0	0.18
1400	0.18	0.18	0.18	0	0	0.18
1500	0.18	0.2	0.2	0	0	0.18
1600	0.16	0.2	0.2	0	0	0.16
1700	0.18	0.2	0.2	0	0	0.18
1800	0.18	0.2	0.2	0	0	0.18
1900	0.2	0.22	0.22	0	0	0.2
2000	0.2	0.26	0.26	0	0	0.2
2100	0.24	0.26	0.26	0	0	0.24
2200	0.26	0.28	0.28	0	0	0.26
2300	0.24	0.3	0.3	0	0	0.24
2400	0.24	0.28	0.28	0	0	0.24
2500	0.24	0.3	0.3	0	0	0.24
2600	0.24	0.32	0.32	0	0	0.24
2700	0.22	0.32	0.32	0	0	0.22
2800	0.22	0.32	0.32	0	0	0.22
2900	0.22	0.32	0.32	0	0	0.22
3000	0.24	0.32	0.32	0	0	0.24
3100	0.26	0.32	0.32	0	0	0.26
3200	0.26	0.32	0.32	0	0	0.26
3300	0.26	0.32	0.32	0	0	0.26
3400	0.26	0.32	0.32	0	0	0.26
3500	0.26	0.34	0.34	0	0	0.26
3600	0.26	0.38	0.38	0	0	0.26
3700	0.24	0.38	0.38	0	0	0.24
3800	0.26	0.38	0.38	0	0	0.26
3900	0.26	0.38	0.38	0	0	0.26
4000	0.26	0.4	0.4	0	0	0.26
4100	0.26	0.4	0.4	0	0	0.26
4200	0.28	0.4	0.4	0	0	0.28
4300	0.28	0.42	0.42	0	0	0.28
4400	0.28	0.42	0.42	0	0	0.28
4500	0.3	0.42	0.42	0	0	0.3
4600	0.28	0.42	0.42	0	0	0.28
4700	0.28	0.42	0.42	0	0	0.28
4800	0.28	0.42	0.42	0	0	0.28
4900	0.28	0.42	0.42	0	0	0.28
5000	0.28	0.44	0.44	0	0	0.28
5100	0.28	0.44	0.44	0	0	0.28
5200	0.3	0.44	0.44	0	0	0.3
5300	0.34	0.44	0.44	0	0	0.34
5400	0.34	0.44	0.44	0	0	0.34
5500	0.32	0.42	0.42	0	0	0.32
5600	0.32	0.42	0.42	0	0	0.32
5700	0.32	0.44	0.44	0	0	0.32
5800	0.32	0.42	0.42	0	0	0.32
5900	0.32	0.42	0.42	0	0	0.32
6000	0.32	0.42	0.42	0	0	0.32
6100	0.32	0.42	0.42	0	0	0.32
6200	0.3	0.42	0.42	0	0	0.3
6300	0.3	0.42	0.42	0	0	0.3
6400	0.3	0.4	0.4	0	0	0.3
6500	0.32	0.4	0.4	0	0	0.32
6600	0.3	0.4	0.4	0	0	0.3
6700	0.3	0.4	0.4	0	0	0.3
6800	0.3	0.42	0.42	0	0	0.3
6900	0.32	0.42	0.42	0	0	0.32
7000	0.32	0.42	0.42	0	0	0.32
7100	0.34	0.42	0.42	0	0	0.34
7200	0.34	0.42	0.42	0	0	0.34
7300	0.34	0.44	0.44	0	0	0.34
7400	0.34	0.42	0.42	0	0	0.34
7500	0.34	0.42	0.42	0	0	0.34
7600	0.34	0.42	0.42	0	0	0.34
7700	0.36	0.42	0.42	0	0	0.36
7800	0.36	0.44	0.44	0	0	0.36
7900	0.36	0.44	0.44	0	0	0.36
8000	0.36	0.44	0.44	0	0	0.36
8100	0.36	0.42	0.42	0	0	0.36
8200	0.36	0.42	0.42	0	0	0.36
8300	0.38	0.42	0.42	0	0	0.38
8400	0.36	0.42	0.42	0	0	0.36
8500	0.36	0.42	0.42	0	0	0.36
8600	0.36	0.42	0.42	0	0	0.36
8700	0.36	0.42	0.42	0	0	0.36
8800	0.36	0.4	0.4	0	0	0.36
8900	0.36	0.4	0.4	0	0	0.36
9000	0.36	0.4	0.4	0	0	0.36
9100	0.36	0.4	0.4	0	0	0.36
9200	0.38	0.4	0.4	0	0	0.38
9300	0.38	0.4	0.4	0	0	0.38
9400	0.38	0.4	0.4	0	0	0.38
9500	0.4	0.4	0.4	0	0	0.4
9600	0.4	0.4	0.4	0	0	0.4
9700	0.4	0.4	0.4	0	0	0.4
9800	0.4	0.4	0.4	0	0	0.4
9900	0.4	0.4	0.4	0	0	0.4
10000	0.4	0.4	0.4	0	0	0.4
10100	0.4	0.42	0.42	0	0	0.4
10200	0.4	0.42	0.42	0	0	0.4
10300	0.4	0.42	0.42	0	0	0.4
10400	0.4	0.42	0.42	0	0	0.4
10500	0.4	0.44	0.44	0	0	0.4
10600	0.4	0.46	0.46	0	0	0.4
10700	0.4	0.46	0.46	0	0	0.4
10800	0.4	0.46	0.46	0	0	0.4
10900	0.4	0.46	0.46	0	0	0.4
11000	0.4	0.46	0.46	0	0	0.4
11100	0.4	0.46	0.46	0	0	0.4
11200	0.4	0.46	0.46	0	0	0.4
11300	0.4	0.46	0.46	0	0	0.4
11400	0.4	0.46	0.46	0	0	0.4
11500	0.4	0.46	0.46	0	0	0.4
11600	0.42	0.46	0.46	0	0	0.42
11700	0.42	0.48	0.48	0	0	0.42
11800	0.42	0.48	0.48	0	0	0.42
11900	0.42	0.46	0.46	0	0	0.42
12000	0.42	0.46	0.46	0	0	0.42
12100	0.42	0.46	0.46	0	0	0.42
12200	0.42	0.46	0.46	0	0	0.42
12300	0.42	0.46	0.46	0	0	0.42
12400	0.42	0.46	0.46	0	0	0.42
12500	0.42	0.46	0.46	0	0	0.42
12600	0.42	0.46	0.46	0	0	0.42
12700	0.4	0.46	0.46	0	0	0.4
12800	0.4	0.46	0.46	0	0	0.4
12900	0.4	0.46	0.46	0	0	0.4
13000	0.4	0.46	0.46	0	0	0.4
13100	0.4	0.46	0.46	0	0	0.4
13200	0.4	0.46	0.46	0	0	0.4
13300	0.38	0.46	0.46	0	0	0.38
13400	0.4	0.46	0.46	0	0	0.4
13500	0.4	0.46	0.46	0	0	0.4
13600	0.38	0.46	0.46	0	0	0.38
13700	0.38	0.46	0.46	0	0	0.38
13800	0.38	0.46	0.46	0	0	0.38
13900	0.38	0.46	0.46	0	0	0.38
14000	0.38	0.46	0.46	0	0	0.38
14100	0.38	0.48	0.48	0	0	0.38
14200	0.38	0.48	0.48	0	0	0.38
14300	0.4	0.48	0.48	0	0	0.4
14400	0.4	0.48	0.48	0	0	0.4
14500	0.4	0.48	0.48	0	0	0.4
14600	0.4	0.5	0.5	0	0	0.4
14700	0.4	0.5	0.5	0	0	0.4
14800	0.4	0.5	0.5	0	0	0.4
14900	0.4	0.5	0.5	0	0	0.4
15000	0.4	0.5	0.5	0	0	0.4
15100	0.4	0.5	0.5	0	0	0.4
15200	0.4	0.5	0.5	0	0	0.4
15300	0.4	0.5	0.5	0	0	0.4
15400	0.4	0.52	0.52	0	0	0.4
15500	0.4	0.52	0.52	0	0	0.4
15600	0.4	0.52	0.52	0	0	0.4
15700	0.4	0.52	0.52	0	0	0.4
15800	0.4	0.54	0.54	0	0	0.4
15900	0.4	0.54	0.54	0	0	0.4
16000	0.4	0.54	0.54	0	0	0.4
16100	0.4	0.52	0.52	0	0	0.4
16200	0.4	0.52	0.52	0	0	0.4
16300	0.4	0.48	0.48	0	0	0.4
16400	0.4	0.48	0.48	0	0	0.4
16500	0.4	0.5	0.5	0	0	0.4
16600	0.4	0.5	0.5	0	0	0.4
16700	0.4	0.5	0.5	0	0	0.4
16800	0.42	0.52	0.52	0	0	0.42
16900	0.42	0.52	0.52	0	0	0.42
17000	0.42	0.52	0.52	0	0	0.42
17100	0.42	0.52	0.52	0	0	0.42
17200	0.42	0.52	0.52	0	0	0.42
17300	0.42	0.52	0.52	0	0	0.42
17400	0.42	0.52	0.52	0	0	0.42
17500	0.42	0.52	0.52	0	0	0.42
17600	0.42	0.52	0.52	0	0	0.42
17700	0.42	0.52	0.52	0	0	0.42
17800	0.42	0.52	0.52	0	0	0.42
17900	0.42	0.52	0.52	0	0	0.42
18000	0.42	0.54	0.54	0	0	0.42
18100	0.42	0.54	0.54	0	0	0.42
18200	0.42	0.54	0.54	0	0	0.42
18300	0.42	0.54	0.54	0	0	0.42
18400	0.42	0.54	0.54	0	0	0.42
18500	0.42	0.54	0.54	0	0	0.42
18600	0.42	0.52	0.52	0	0	0.42
18700	0.4	0.52	0.52	0	0	0.4
18800	0.4	0.52	0.52	0	0	0.4
18900	0.4	0.52	0.52	0	0	0.4
19000	0.4	0.52	0.52	0	0	0.4
19100	0.4	0.52	0.52	0	0	0.4
19200	0.4	0.52	0.52	0	0	0.4
19300	0.4	0.52	0.52	0	0	0.4
19400	0.4	0.52	0.52	0	0	0.4
19500	0.4	0.52	0.52	0	0	0.4
19600	0.4	0.52	0.52	0	0	0.4
19700	0.4	0.52	0.52	0	0	0.4
19800	0.4	0.52	0.52	0	0	0.4
19900	0.4	0.52	0.52	0	0	0.4
20000	0.4	0.54	0.54	0	0	0.4
20100	0.42	0.54	0.54	0	0	0.42
20200	0.4	0.54	0.54	0	0	0.4
20300	0.4	0.54	0.54	0	0	0.4
20400	0.4	0.54	0.54	0	0	0.4
20500	0.4	0.54	0.54	0	0	0.4
20600	0.4	0.54	0.54	0	0	0.4
20700	0.4	0.54	0.54	0	0	0.4
20800	0.4	0.54	0.54	0	0	0.4
20900	0.4	0.54	0.54	0	0	0.4
21000	0.4	0.54	0.54	0	0	0.4
21100	0.4	0.54	0.54	0	0	0.4
21200	0.4	0.54	0.54	0	0	0.4
21300	0.4	0.54	0.54	0	0	0.4
21400	0.4	0.54	0.54	0	0	0.4
21500	0.4	0.54	0.54	0	0	0.4
21600	0.4	0.54	0.54	0	0	0.4
21700	0.4	0.54	0.54	0	0	0.4
21800	0.4	0.56	0.56	0	0	0.4
21900	0.4	0.54	0.54	0	0	0.4
22000	0.4	0.54	0.54	0	0	0.4
22100	0.4	0.52	0.52	0	0	0.4
22200	0.4	0.52	0.52	0	0	0.4
22300	0.4	0.52	0.52	0	0	0.4
22400	0.4	0.52	0.52	0	0	0.4
22500	0.4	0.5	0.5	0	0	0.4
22600	0.4	0.52	0.52	0	0	0.4
22700	0.4	0.52	0.52	0	0	0.4
22800	0.4	0.52	0.52	0	0	0.4
22900	0.38	0.52	0.52	0	0	0.38
23000	0.38	0.52	0.52	0	0	0.38
23100	0.38	0.52	0.52	0	0	0.38
23200	0.38	0.52	0.52	0	0	0.38
23300	0.38	0.52	0.52	0	0	0.38
23400	0.38	0.52	0.52	0	0	0.38
23500	0.38	0.52	0.52	0	0	0.38
23600	0.38	0.52	0.52	0	0	0.38
23700	0.38	0.52	0.52	0	0	0.38
23800	0.38	0.52	0.52	0	0	0.38
23900	0.38	0.52	0.52	0	0	0.38
24000	0.38	0.52	0.52	0	0	0.38
24100	0.38	0.52	0.52	0	0	0.38
24200	0.4	0.52	0.52	0	0	0.4
24300	0.4	0.52	0.52	0	0	0.4
24400	0.4	0.52	0.52	0	0	0.4
24500	0.4	0.52	0.52	0	0	0.4
24600	0.4	0.52	0.52	0	0	0.4
24700	0.4	0.52	0.52	0	0	0.4
24800	0.4	0.52	0.52	0	0	0.4
24900	0.4	0.52	0.52	0	0	0.4
25000	0.4	0.52	0.52	0	0	0.4
25100	0.4	0.52	0.52	0	0	0.4
25200	0.4	0.52	0.52	0	0	0.4
25300	0.4	0.52	0.52	0	0	0.4
25400	0.4	0.52	0.52	0	0	0.4
25500	0.4	0.52	0.52	0	0	0.4
25600	0.4	0.5	0.5	0	0	0.4
25700	0.4	0.5	0.5	0	0	0.4
25800	0.4	0.5	0.5	0	0	0.4
25900	0.4	0.5	0.5	0	0	0.4
26000	0.4	0.5	0.5	0	0	0.4
26100	0.4	0.48	0.48	0	0	0.4
26200	0.4	0.48	0.48	0	0	0.4
26300	0.4	0.48	0.48	0	0	0.4
26400	0.4	0.48	0.48	0	0	0.4
26500	0.4	0.48	0.48	0	0	0.4
26600	0.4	0.48	0.48	0	0	0.4
26700	0.4	0.48	0.48	0	0	0.4
26800	0.4	0.48	0.48	0	0	0.4
26900	0.4	0.48	0.48	0	0	0.4
27000	0.4	0.48	0.48	0	0	0.4
27100	0.4	0.48	0.48	0	0	0.4
27200	0.4	0.48	0.48	0	0	0.4
27300	0.4	0.48	0.48	0	0	0.4
27400	0.4	0.48	0.48	0	0	0.4
27500	0.4	0.48	0.48	0	0	0.4
27600	0.38	0.48	0.48	0	0	0.38
27700	0.38	0.48	0.48	0	0	0.38
27800	0.38	0.5	0.5	0	0	0.38
27900	0.38	0.5	0.5	0	0	0.38
28000	0.38	0.5	0.5	0	0	0.38
28100	0.38	0.5	0.5	0	0	0.38
28200	0.38	0.5	0.5	0	0	0.38
28300	0.38	0.5	0.5	0	0	0.38
28400	0.38	0.5	0.5	0	0	0.38
28500	0.38	0.5	0.5	0	0	0.38
28600	0.38	0.5	0.5	0	0	0.38
28700	0.38	0.5	0.5	0	0	0.38
28800	0.38	0.5	0.5	0	0	0.38
28900	0.38	0.5	0.5	0	0	0.38
29000	0.38	0.5	0.5	0	0	0.38
29100	0.38	0.52	0.52	0	0	0.38
29200	0.38	0.52	0.52	0	0	0.38
29300	0.38	0.52	0.52	0	0	0.38
29400	0.38	0.52	0.52	0	0	0.38
29500	0.38	0.52	0.52	0	0	0.38
29600	0.38	0.52	0.52	0	0	0.38
29700	0.36	0.52	0.52	0	0	0.36
29800	0.36	0.52	0.52	0	0	0.36
29900	0.36	0.52	0.52	0	0	0.36
30000	0.36	0.52	0.52	0	0	0.36
30100	0.36	0.52	0.52	0	0	0.36
30200	0.36	0.52	0.52	0	0	0.36
30300	0.36	0.5	0.5	0	0	0.36
30400	0.36	0.5	0.5	0	0	0.36
30500	0.36	0.5	0.5	0	0	0.36
30600	0.38	0.5	0.5	0	0	0.38
30700	0.4	0.5	0.5	0	0	0.4
30800	0.4	0.5	0.5	0	0	0.4
30900	0.4	0.5	0.5	0	0	0.4
31000	0.4	0.52	0.52	0	0	0.4
31100	0.4	0.5	0.5	0	0	0.4
31200	0.4	0.5	0.5	0	0	0.4
31300	0.4	0.5	0.5	0	0	0.4
31400	0.4	0.52	0.52	0	0	0.4
31500	0.4	0.5	0.5	0	0	0.4
31600	0.4	0.5	0.5	0	0	0.4
31700	0.4	0.5	0.5	0	0	0.4
31800	0.4	0.5	0.5	0	0	0.4
31900	0.4	0.5	0.5	0	0	0.4
32000	0.4	0.5	0.5	0	0	0.4
32100	0.4	0.5	0.5	0	0	0.4
32200	0.4	0.5	0.5	0	0	0.4
32300	0.4	0.52	0.52	0	0	0.4
32400	0.4	0.52	0.52	0	0	0.4
32500	0.4	0.52	0.52	0	0	0.4
32600	0.4	0.52	0.52	0	0	0.4
32700	0.4	0.52	0.52	0	0	0.4
32800	0.4	0.52	0.52	0	0	0.4
32900	0.4	0.52	0.52	0	0	0.4
33000	0.4	0.52	0.52	0	0	0.4
33100	0.4	0.52	0.52	0	0	0.4
33200	0.4	0.52	0.52	0	0	0.4
33300	0.4	0.52	0.52	0	0	0.4
33400	0.4	0.54	0.54	0	0	0.4
33500	0.4	0.56	0.56	0	0	0.4
33600	0.4	0.56	0.56	0	0	0.4
33700	0.4	0.56	0.56	0	0	0.4
33800	0.4	0.56	0.56	0	0	0.4
33900	0.4	0.56	0.56	0	0	0.4
34000	0.4	0.56	0.56	0	0	0.4
34100	0.4	0.56	0.56	0	0	0.4
34200	0.4	0.56	0.56	0	0	0.4
34300	0.4	0.54	0.54	0	0	0.4
34400	0.4	0.54	0.54	0	0	0.4
34500	0.4	0.54	0.54	0	0	0.4
34600	0.38	0.54	0.54	0	0	0.38
34700	0.38	0.54	0.54	0	0	0.38
34800	0.36	0.54	0.54	0	0	0.36
34900	0.36	0.54	0.54	0	0	0.36
35000	0.36	0.54	0.54	0	0	0.36
35100	0.36	0.54	0.54	0	0	0.36
35200	0.38	0.52	0.52	0	0	0.38
35300	0.36	0.52	0.52	0	0	0.36
35400	0.36	0.52	0.52	0	0	0.36
35500	0.36	0.52	0.52	0	0	0.36
35600	0.36	0.52	0.52	0	0	0.36
35700	0.36	0.52	0.52	0	0	0.36
35800	0.36	0.52	0.52	0	0	0.36
35900	0.36	0.52	0.52	0	0	0.36
36000	0.36	0.52	0.52	0	0	0.36
36100	0.36	0.52	0.52	0	0	0.36
36200	0.36	0.52	0.52	0	0	0.36
36300	0.36	0.52	0.52	0	0	0.36
36400	0.36	0.52	0.52	0	0	0.36
36500	0.36	0.52	0.52	0	0	0.36
36600	0.36	0.52	0.52	0	0	0.36
36700	0.36	0.52	0.52	0	0	0.36
36800	0.36	0.52	0.52	0	0	0.36
36900	0.36	0.52	0.52	0	0	0.36
37000	0.34	0.54	0.54	0	0	0.34
37100	0.34	0.54	0.54	0	0	0.34
37200	0.32	0.54	0.54	0	0	0.32
37300	0.32	0.54	0.54	0	0	0.32
37400	0.32	0.54	0.54	0	0	0.32
37500	0.32	0.54	0.54	0	0	0.32
37600	0.32	0.54	0.54	0	0	0.32
37700	0.34	0.54	0.54	0	0	0.34
37800	0.34	0.54	0.54	0	0	0.34
37900	0.34	0.54	0.54	0	0	0.34
38000	0.34	0.54	0.54	0	0	0.34
38100	0.34	0.54	0.54	0	0	0.34
38200	0.34	0.54	0.54	0	0	0.34
38300	0.34	0.54	0.54	0	0	0.34
38400	0.34	0.56	0.56	0	0	0.34
38500	0.34	0.56	0.56	0	0	0.34
38600	0.32	0.54	0.54	0	0	0.32
38700	0.32	0.54	0.54	0	0	0.32
38800	0.32	0.54	0.54	0	0	0.32
38900	0.32	0.54	0.54	0	0	0.32
39000	0.32	0.54	0.54	0	0	0.32
39100	0.32	0.54	0.54	0	0	0.32
39200	0.32	0.54	0.54	0	0	0.32
39300	0.32	0.54	0.54	0	0	0.32
39400	0.34	0.54	0.54	0	0	0.34
39500	0.34	0.54	0.54	0	0	0.34
39600	0.34	0.56	0.56	0	0	0.34
39700	0.36	0.56	0.56	0	0	0.36
39800	0.36	0.56	0.56	0	0	0.36
39900	0.36	0.56	0.56	0	0	0.36
40000	0.36	0.56	0.56	0	0	0.36
40100	0.36	0.56	0.56	0	0	0.36
40200	0.36	0.56	0.56	0	0	0.36
40300	0.36	0.56	0.56	0	0	0.36
40400	0.36	0.54	0.54	0	0	0.36
40500	0.36	0.54	0.54	0	0	0.36
40600	0.38	0.54	0.54	0	0	0.38
40700	0.38	0.54	0.54	0	0	0.38
40800	0.38	0.52	0.52	0	0	0.38
40900	0.38	0.52	0.52	0	0	0.38
41000	0.38	0.52	0.52	0	0	0.38
41100	0.38	0.52	0.52	0	0	0.38
41200	0.38	0.52	0.52	0	0	0.38
41300	0.38	0.52	0.52	0	0	0.38
41400	0.38	0.52	0.52	0	0	0.38
41500	0.38	0.52	0.52	0	0	0.38
41600	0.38	0.52	0.52	0	0	0.38
41700	0.38	0.52	0.52	0	0	0.38
41800	0.38	0.54	0.54	0	0	0.38
41900	0.38	0.54	0.54	0	0	0.38
42000	0.38	0.54	0.54	0	0	0.38
42100	0.38	0.54	0.54	0	0	0.38
42200	0.38	0.54	0.54	0	0	0.38
42300	0.38	0.54	0.54	0	0	0.38
42400	0.38	0.54	0.54	0	0	0.38
42500	0.38	0.54	0.54	0	0	0.38
42600	0.38	0.54	0.54	0	0	0.38
42700	0.38	0.54	0.54	0	0	0.38
42800	0.38	0.54	0.54	0	0	0.38
42900	0.38	0.54	0.54	0	0	0.38
43000	0.38	0.54	0.54	0	0	0.38
43100	0.38	0.54	0.54	0	0	0.38
43200	0.38	0.54	0.54	0	0	0.38
43300	0.38	0.54	0.54	0	0	0.38
43400	0.38	0.54	0.54	0	0	0.38
43500	0.38	0.56	0.56	0	0	0.38
43600	0.38	0.56	0.56	0	0	0.38
43700	0.38	0.56	0.56	0	0	0.38
43800	0.38	0.56	0.56	0	0	0.38
43900	0.38	0.56	0.56	0	0	0.38
44000	0.38	0.56	0.56	0	0	0.38
44100	0.38	0.56	0.56	0	0	0.38
44200	0.38	0.56	0.56	0	0	0.38
44300	0.38	0.56	0.56	0	0	0.38
44400	0.38	0.56	0.56	0	0	0.38
44500	0.38	0.56	0.56	0	0	0.38
44600	0.38	0.56	0.56	0	0	0.38
44700	0.38	0.56	0.56	0	0	0.38
44800	0.38	0.56	0.56	0	0	0.38
44900	0.38	0.56	0.56	0	0	0.38
45000	0.38	0.58	0.58	0	0	0.38
45100	0.38	0.58	0.58	0	0	0.38
45200	0.38	0.58	0.58	0	0	0.38
45300	0.38	0.58	0.58	0	0	0.38
45400	0.38	0.58	0.58	0	0	0.38
45500	0.38	0.58	0.58	0	0	0.38
45600	0.38	0.56	0.56	0	0	0.38
45700	0.38	0.54	0.54	0	0	0.38
45800	0.38	0.54	0.54	0	0	0.38
45900	0.36	0.54	0.54	0	0	0.36
46000	0.38	0.54	0.54	0	0	0.38
46100	0.36	0.54	0.54	0	0	0.36
46200	0.36	0.54	0.54	0	0	0.36
46300	0.36	0.54	0.54	0	0	0.36
46400	0.36	0.54	0.54	0	0	0.36
46500	0.36	0.54	0.54	0	0	0.36
46600	0.36	0.54	0.54	0	0	0.36
46700	0.36	0.54	0.54	0	0	0.36
46800	0.36	0.54	0.54	0	0	0.36
46900	0.36	0.54	0.54	0	0	0.36
47000	0.36	0.54	0.54	0	0	0.36
47100	0.36	0.54	0.54	0	0	0.36
47200	0.36	0.54	0.54	0	0	0.36
47300	0.36	0.54	0.54	0	0	0.36
47400	0.36	0.54	0.54	0	0	0.36
47500	0.36	0.54	0.54	0	0	0.36
47600	0.36	0.54	0.54	0	0	0.36
47700	0.36	0.54	0.54	0	0	0.36
47800	0.36	0.54	0.54	0	0	0.36
47900	0.36	0.54	0.54	0	0	0.36
48000	0.36	0.54	0.54	0	0	0.36
48100	0.36	0.54	0.54	0	0	0.36
48200	0.36	0.54	0.54	0	0	0.36
48300	0.36	0.54	0.54	0	0	0.36
48400	0.38	0.54	0.54	0	0	0.38
48500	0.38	0.54	0.54	0	0	0.38
48600	0.38	0.52	0.52	0	0	0.38
48700	0.38	0.52	0.52	0	0	0.38
48800	0.38	0.52	0.52	0	0	0.38
48900	0.38	0.52	0.52	0	0	0.38
49000	0.38	0.52	0.52	0	0	0.38
49100	0.38	0.52	0.52	0	0	0.38
49200	0.38	0.52	0.52	0	0	0.38
49300	0.38	0.52	0.52	0	0	0.38
49400	0.38	0.52	0.52	0	0	0.38
49500	0.38	0.52	0.52	0	0	0.38
49600	0.38	0.52	0.52	0	0	0.38
49700	0.38	0.52	0.52	0	0	0.38
49800	0.38	0.52	0.52	0	0	0.38
49900	0.38	0.52	0.52	0	0	0.38
50000	0.38	0.52	0.52	0	0	0.38
50100	0.38	0.52	0.52	0	0	0.38
50200	0.36	0.52	0.52	0	0	0.36
50300	0.36	0.52	0.52	0	0	0.36
50400	0.36	0.52	0.52	0	0	0.36
50500	0.36	0.52	0.52	0	0	0.36
50600	0.36	0.52	0.52	0	0	0.36
50700	0.36	0.52	0.52	0	0	0.36
50800	0.36	0.54	0.54	0	0	0.36
50900	0.36	0.54	0.54	0	0	0.36
51000	0.34	0.54	0.54	0	0	0.34
51100	0.34	0.54	0.54	0	0	0.34
51200	0.34	0.54	0.54	0	0	0.34
51300	0.34	0.54	0.54	0	0	0.34
51400	0.34	0.54	0.54	0	0	0.34
51500	0.36	0.54	0.54	0	0	0.36
51600	0.34	0.54	0.54	0	0	0.34
51700	0.34	0.54	0.54	0	0	0.34
51800	0.36	0.54	0.54	0	0	0.36
51900	0.36	0.54	0.54	0	0	0.36
52000	0.36	0.54	0.54	0	0	0.36
52100	0.36	0.54	0.54	0	0	0.36
52200	0.36	0.54	0.54	0	0	0.36
52300	0.36	0.54	0.54	0	0	0.36
52400	0.36	0.54	0.54	0	0	0.36
52500	0.36	0.54	0.54	0	0	0.36
52600	0.36	0.54	0.54	0	0	0.36
52700	0.36	0.54	0.54	0	0	0.36
52800	0.36	0.54	0.54	0	0	0.36
52900	0.36	0.54	0.54	0	0	0.36
53000	0.36	0.54	0.54	0	0	0.36
53100	0.36	0.54	0.54	0	0	0.36
53200	0.38	0.54	0.54	0	0	0.38
53300	0.38	0.54	0.54	0	0	0.38
53400	0.38	0.54	0.54	0	0	0.38
53500	0.38	0.54	0.54	0	0	0.38
53600	0.38	0.56	0.56	0	0	0.38
53700	0.38	0.56	0.56	0	0	0.38
53800	0.38	0.56	0.56	0	0	0.38
53900	0.38	0.56	0.56	0	0	0.38
54000	0.38	0.56	0.56	0	0	0.38
54100	0.38	0.56	0.56	0	0	0.38
54200	0.38	0.56	0.56	0	0	0.38
54300	0.38	0.56	0.56	0	0	0.38
54400	0.38	0.56	0.56	0	0	0.38
54500	0.38	0.56	0.56	0	0	0.38
54600	0.38	0.56	0.56	0	0	0.38
54700	0.38	0.56	0.56	0	0	0.38
54800	0.38	0.56	0.56	0	0	0.38
54900	0.38	0.56	0.56	0	0	0.38
55000	0.38	0.56	0.56	0	0	0.38
55100	0.38	0.58	0.58	0	0	0.38
55200	0.38	0.58	0.58	0	0	0.38
55300	0.38	0.58	0.58	0	0	0.38
55400	0.38	0.58	0.58	0	0	0.38
55500	0.38	0.58	0.58	0	0	0.38
55600	0.38	0.58	0.58	0	0	0.38
55700	0.38	0.58	0.58	0	0	0.38
55800	0.38	0.58	0.58	0	0	0.38
55900	0.38	0.58	0.58	0	0	0.38
56000	0.4	0.58	0.58	0	0	0.4
56100	0.4	0.58	0.58	0	0	0.4
56200	0.4	0.58	0.58	0	0	0.4
56300	0.4	0.58	0.58	0	0	0.4
56400	0.4	0.58	0.58	0	0	0.4
56500	0.4	0.58	0.58	0	0	0.4
56600	0.4	0.58	0.58	0	0	0.4
56700	0.4	0.58	0.58	0	0	0.4
56800	0.4	0.58	0.58	0	0	0.4
56900	0.4	0.58	0.58	0	0	0.4
57000	0.4	0.58	0.58	0	0	0.4
57100	0.4	0.58	0.58	0	0	0.4
57200	0.42	0.58	0.58	0	0	0.42
57300	0.42	0.58	0.58	0	0	0.42
57400	0.42	0.58	0.58	0	0	0.42
57500	0.42	0.58	0.58	0	0	0.42
57600	0.42	0.58	0.58	0	0	0.42
57700	0.42	0.58	0.58	0	0	0.42
57800	0.42	0.58	0.58	0	0	0.42
57900	0.42	0.58	0.58	0	0	0.42
58000	0.42	0.58	0.58	0	0	0.42
58100	0.42	0.58	0.58	0	0	0.42
58200	0.42	0.58	0.58	0	0	0.42
58300	0.42	0.58	0.58	0	0	0.42
58400	0.42	0.58	0.58	0	0	0.42
58500	0.42	0.58	0.58	0	0	0.42
58600	0.42	0.58	0.58	0	0	0.42
58700	0.42	0.58	0.58	0	0	0.42
58800	0.42	0.58	0.58	0	0	0.42
58900	0.42	0.58	0.58	0	0	0.42
59000	0.42	0.58	0.58	0	0	0.42
59100	0.42	0.58	0.58	0	0	0.42
59200	0.42	0.58	0.58	0	0	0.42
59300	0.42	0.58	0.58	0	0	0.42
59400	0.42	0.58	0.58	0	0	0.42
59500	0.42	0.58	0.58	0	0	0.42
59600	0.42	0.58	0.58	0	0	0.42
59700	0.42	0.58	0.58	0	0	0.42
59800	0.42	0.58	0.58	0	0	0.42
59900	0.42	0.58	0.58	0	0	0.42
60000	0.42	0.58	0.58	0	0	0.42
60100	0.42	0.58	0.58	0	0	0.42
60200	0.42	0.58	0.58	0	0	0.42
60300	0.42	0.58	0.58	0	0	0.42
60400	0.42	0.58	0.58	0	0	0.42
60500	0.42	0.58	0.58	0	0	0.42
60600	0.42	0.58	0.58	0	0	0.42
60700	0.42	0.58	0.58	0	0	0.42
60800	0.42	0.58	0.58	0	0	0.42
60900	0.42	0.58	0.58	0	0	0.42
61000	0.42	0.58	0.58	0	0	0.42
61100	0.42	0.58	0.58	0	0	0.42
61200	0.42	0.58	0.58	0	0	0.42
61300	0.42	0.58	0.58	0	0	0.42
61400	0.42	0.58	0.58	0	0	0.42
61500	0.42	0.58	0.58	0	0	0.42
61600	0.42	0.58	0.58	0	0	0.42
61700	0.42	0.58	0.58	0	0	0.42
61800	0.42	0.58	0.58	0	0	0.42
61900	0.42	0.58	0.58	0	0	0.42
62000	0.42	0.58	0.58	0	0	0.42
62100	0.42	0.58	0.58	0	0	0.42
62200	0.42	0.58	0.58	0	0	0.42
62300	0.42	0.58	0.58	0	0	0.42
62400	0.42	0.58	0.58	0	0	0.42
62500	0.42	0.56	0.56	0	0	0.42
62600	0.42	0.56	0.56	0	0	0.42
62700	0.42	0.56	0.56	0	0	0.42
62800	0.42	0.56	0.56	0	0	0.42
62900	0.42	0.56	0.56	0	0	0.42
63000	0.42	0.56	0.56	0	0	0.42
63100	0.42	0.56	0.56	0	0	0.42
63200	0.42	0.56	0.56	0	0	0.42
63300	0.42	0.56	0.56	0	0	0.42
63400	0.42	0.56	0.56	0	0	0.42
63500	0.42	0.56	0.56	0	0	0.42
63600	0.42	0.56	0.56	0	0	0.42
63700	0.42	0.56	0.56	0	0	0.42
63800	0.42	0.54	0.54	0	0	0.42
63900	0.42	0.54	0.54	0	0	0.42
64000	0.42	0.54	0.54	0	0	0.42
64100	0.42	0.54	0.54	0	0	0.42
64200	0.42	0.54	0.54	0	0	0.42
64300	0.42	0.54	0.54	0	0	0.42
64400	0.42	0.54	0.54	0	0	0.42
64500	0.42	0.54	0.54	0	0	0.42
64600	0.42	0.54	0.54	0	0	0.42
64700	0.42	0.54	0.54	0	0	0.42
64800	0.42	0.54	0.54	0	0	0.42
64900	0.42	0.54	0.54	0	0	0.42
65000	0.42	0.54	0.54	0	0	0.42
65100	0.42	0.54	0.54	0	0	0.42
65200	0.42	0.54	0.54	0	0	0.42
65300	0.42	0.52	0.52	0	0	0.42
65400	0.42	0.52	0.52	0	0	0.42
65500	0.44	0.52	0.52	0	0	0.44
65600	0.44	0.52	0.52	0	0	0.44
65700	0.44	0.52	0.52	0	0	0.44
65800	0.44	0.52	0.52	0	0	0.44
65900	0.44	0.52	0.52	0	0	0.44
66000	0.44	0.52	0.52	0	0	0.44
66100	0.44	0.52	0.52	0	0	0.44
66200	0.44	0.52	0.52	0	0	0.44
66300	0.44	0.52	0.52	0	0	0.44
66400	0.44	0.52	0.52	0	0	0.44
66500	0.44	0.52	0.52	0	0	0.44
66600	0.44	0.52	0.52	0	0	0.44
66700	0.44	0.52	0.52	0	0	0.44
66800	0.44	0.54	0.54	0	0	0.44
66900	0.44	0.54	0.54	0	0	0.44
67000	0.44	0.54	0.54	0	0	0.44
67100	0.44	0.54	0.54	0	0	0.44
67200	0.44	0.54	0.54	0	0	0.44
67300	0.44	0.54	0.54	0	0	0.44
67400	0.44	0.54	0.54	0	0	0.44
67500	0.44	0.54	0.54	0	0	0.44
67600	0.44	0.54	0.54	0	0	0.44
67700	0.44	0.54	0.54	0	0	0.44
67800	0.44	0.52	0.52	0	0	0.44
67900	0.44	0.52	0.52	0	0	0.44
68000	0.44	0.5	0.5	0	0	0.44
68100	0.44	0.5	0.5	0	0	0.44
68200	0.44	0.5	0.5	0	0	0.44
68300	0.44	0.5	0.5	0	0	0.44
68400	0.44	0.5	0.5	0	0	0.44
68500	0.44	0.5	0.5	0	0	0.44
68600	0.44	0.5	0.5	0	0	0.44
68700	0.44	0.52	0.52	0	0	0.44
68800	0.44	0.52	0.52	0	0	0.44
68900	0.44	0.52	0.52	0	0	0.44
69000	0.44	0.52	0.52	0	0	0.44
69100	0.42	0.52	0.52	0	0	0.42
69200	0.42	0.52	0.52	0	0	0.42
69300	0.42	0.52	0.52	0	0	0.42
69400	0.42	0.5	0.5	0	0	0.42
69500	0.42	0.5	0.5	0	0	0.42
69600	0.42	0.5	0.5	0	0	0.42
69700	0.42	0.5	0.5	0	0	0.42
69800	0.42	0.5	0.5	0	0	0.42
69900	0.42	0.5	0.5	0	0	0.42
70000	0.42	0.5	0.5	0	0	0.42
70100	0.42	0.5	0.5	0	0	0.42
70200	0.42	0.5	0.5	0	0	0.42
70300	0.42	0.5	0.5	0	0	0.42
70400	0.42	0.5	0.5	0	0	0.42
70500	0.42	0.5	0.5	0	0	0.42
70600	0.42	0.5	0.5	0	0	0.42
70700	0.44	0.5	0.5	0	0	0.44
70800	0.44	0.5	0.5	0	0	0.44
70900	0.44	0.5	0.5	0	0	0.44
71000	0.44	0.52	0.52	0	0	0.44
71100	0.44	0.52	0.52	0	0	0.44
71200	0.44	0.52	0.52	0	0	0.44
71300	0.44	0.52	0.52	0	0	0.44
71400	0.44	0.52	0.52	0	0	0.44
71500	0.44	0.52	0.52	0	0	0.44
71600	0.44	0.52	0.52	0	0	0.44
71700	0.44	0.52	0.52	0	0	0.44
71800	0.44	0.52	0.52	0	0	0.44
71900	0.42	0.52	0.52	0	0	0.42
72000	0.42	0.52	0.52	0	0	0.42
72100	0.42	0.52	0.52	0	0	0.42
72200	0.42	0.52	0.52	0	0	0.42
72300	0.42	0.52	0.52	0	0	0.42
72400	0.42	0.52	0.52	0	0	0.42
72500	0.42	0.52	0.52	0	0	0.42
72600	0.42	0.52	0.52	0	0	0.42
72700	0.42	0.52	0.52	0	0	0.42
72800	0.42	0.52	0.52	0	0	0.42
72900	0.4	0.52	0.52	0	0	0.4
73000	0.4	0.52	0.52	0	0	0.4
73100	0.4	0.52	0.52	0	0	0.4
73200	0.4	0.52	0.52	0	0	0.4
73300	0.4	0.52	0.52	0	0	0.4
73400	0.4	0.52	0.52	0	0	0.4
73500	0.4	0.52	0.52	0	0	0.4
73600	0.4	0.52	0.52	0	0	0.4
73700	0.4	0.52	0.52	0	0	0.4
73800	0.4	0.52	0.52	0	0	0.4
73900	0.4	0.54	0.54	0	0	0.4
74000	0.4	0.54	0.54	0	0	0.4
74100	0.4	0.54	0.54	0	0	0.4
74200	0.4	0.54	0.54	0	0	0.4
74300	0.4	0.54	0.54	0	0	0.4
74400	0.4	0.54	0.54	0	0	0.4
74500	0.4	0.54	0.54	0	0	0.4
74600	0.4	0.56	0.56	0	0	0.4
74700	0.4	0.56	0.56	0	0	0.4
74800	0.4	0.56	0.56	0	0	0.4
74900	0.4	0.56	0.56	0	0	0.4
75000	0.4	0.56	0.56	0	0	0.4
75100	0.38	0.56	0.56	0	0	0.38
75200	0.4	0.56	0.56	0	0	0.4
75300	0.4	0.56	0.56	0	0	0.4
75400	0.38	0.56	0.56	0	0	0.38
75500	0.38	0.56	0.56	0	0	0.38
75600	0.38	0.56	0.56	0	0	0.38
75700	0.38	0.56	0.56	0	0	0.38
75800	0.38	0.56	0.56	0	0	0.38
75900	0.38	0.56	0.56	0	0	0.38
76000	0.38	0.56	0.56	0	0	0.38
76100	0.38	0.56	0.56	0	0	0.38
76200	0.38	0.56	0.56	0	0	0.38
76300	0.38	0.56	0.56	0	0	0.38
76400	0.36	0.56	0.56	0	0	0.36
76500	0.36	0.56	0.56	0	0	0.36
76600	0.38	0.56	0.56	0	0	0.38
76700	0.38	0.56	0.56	0	0	0.38
76800	0.38	0.56	0.56	0	0	0.38
76900	0.38	0.56	0.56	0	0	0.38
77000	0.38	0.56	0.56	0	0	0.38
77100	0.38	0.56	0.56	0	0	0.38
77200	0.38	0.56	0.56	0	0	0.38
77300	0.38	0.56	0.56	0	0	0.38
77400	0.38	0.56	0.56	0	0	0.38
77500	0.38	0.56	0.56	0	0	0.38
77600	0.38	0.58	0.58	0	0	0.38
77700	0.38	0.56	0.56	0	0	0.38
77800	0.38	0.58	0.58	0	0	0.38
77900	0.38	0.58	0.58	0	0	0.38
78000	0.38	0.58	0.58	0	0	0.38
78100	0.38	0.58	0.58	0	0	0.38
78200	0.38	0.58	0.58	0	0	0.38
78300	0.38	0.58	0.58	0	0	0.38
78400	0.38	0.58	0.58	0	0	0.38
78500	0.4	0.58	0.58	0	0	0.4
78600	0.4	0.58	0.58	0	0	0.4
78700	0.4	0.58	0.58	0	0	0.4
78800	0.42	0.58	0.58	0	0	0.42
78900	0.42	0.58	0.58	0	0	0.42
79000	0.42	0.58	0.58	0	0	0.42
79100	0.42	0.58	0.58	0	0	0.42
79200	0.42	0.58	0.58	0	0	0.42
79300	0.42	0.58	0.58	0	0	0.42
79400	0.42	0.58	0.58	0	0	0.42
79500	0.42	0.58	0.58	0	0	0.42
79600	0.42	0.56	0.56	0	0	0.42
79700	0.42	0.56	0.56	0	0	0.42
79800	0.42	0.56	0.56	0	0	0.42
79900	0.42	0.56	0.56	0	0	0.42
80000	0.42	0.56	0.56	0	0	0.42
80100	0.42	0.56	0.56	0	0	0.42
80200	0.42	0.56	0.56	0	0	0.42
80300	0.42	0.56	0.56	0	0	0.42
80400	0.42	0.56	0.56	0	0	0.42
80500	0.42	0.56	0.56	0	0	0.42
80600	0.42	0.56	0.56	0	0	0.42
80700	0.42	0.56	0.56	0	0	0.42
80800	0.42	0.56	0.56	0	0	0.42
80900	0.42	0.56	0.56	0	0	0.42
81000	0.42	0.56	0.56	0	0	0.42
81100	0.42	0.56	0.56	0	0	0.42
81200	0.42	0.56	0.56	0	0	0.42
81300	0.42	0.56	0.56	0	0	0.42
81400	0.42	0.56	0.56	0	0	0.42
81500	0.42	0.56	0.56	0	0	0.42
81600	0.42	0.56	0.56	0	0	0.42
81700	0.42	0.56	0.56	0	0	0.42
81800	0.42	0.56	0.56	0	0	0.42
81900	0.42	0.56	0.56	0	0	0.42
82000	0.42	0.56	0.56	0	0	0.42
82100	0.42	0.56	0.56	0	0	0.42
82200	0.42	0.56	0.56	0	0	0.42
82300	0.42	0.56	0.56	0	0	0.42
82400	0.42	0.56	0.56	0	0	0.42
82500	0.42	0.56	0.56	0	0	0.42
82600	0.42	0.56	0.56	0	0	0.42
82700	0.42	0.56	0.56	0	0	0.42
82800	0.42	0.56	0.56	0	0	0.42
82900	0.42	0.56	0.56	0	0	0.42
83000	0.42	0.56	0.56	0	0	0.42
83100	0.42	0.56	0.56	0	0	0.42
83200	0.42	0.56	0.56	0	0	0.42
83300	0.42	0.56	0.56	0	0	0.42
83400	0.42	0.56	0.56	0	0	0.42
83500	0.42	0.56	0.56	0	0	0.42
83600	0.42	0.56	0.56	0	0	0.42
83700	0.44	0.56	0.56	0	0	0.44
83800	0.44	0.56	0.56	0	0	0.44
83900	0.44	0.56	0.56	0	0	0.44
84000	0.44	0.56	0.56	0	0	0.44
84100	0.44	0.56	0.56	0	0	0.44
84200	0.44	0.56	0.56	0	0	0.44
84300	0.44	0.56	0.56	0	0	0.44
84400	0.44	0.56	0.56	0	0	0.44
84500	0.44	0.56	0.56	0	0	0.44
84600	0.44	0.56	0.56	0	0	0.44
84700	0.44	0.56	0.56	0	0	0.44
84800	0.44	0.56	0.56	0	0	0.44
84900	0.44	0.56	0.56	0	0	0.44
85000	0.44	0.54	0.54	0	0	0.44
85100	0.42	0.54	0.54	0	0	0.42
85200	0.42	0.54	0.54	0	0	0.42
85300	0.42	0.54	0.54	0	0	0.42
85400	0.42	0.54	0.54	0	0	0.42
85500	0.42	0.54	0.54	0	0	0.42
85600	0.42	0.54	0.54	0	0	0.42
85700	0.42	0.54	0.54	0	0	0.42
85800	0.42	0.54	0.54	0	0	0.42
85900	0.42	0.54	0.54	0	0	0.42
86000	0.42	0.54	0.54	0	0	0.42
86100	0.42	0.54	0.54	0	0	0.42
86200	0.42	0.54	0.54	0	0	0.42
86300	0.42	0.54	0.54	0	0	0.42
86400	0.42	0.54	0.54	0	0	0.42
86500	0.42	0.54	0.54	0	0	0.42
86600	0.42	0.54	0.54	0	0	0.42
86700	0.44	0.54	0.54	0	0	0.44
86800	0.44	0.54	0.54	0	0	0.44
86900	0.44	0.54	0.54	0	0	0.44
87000	0.44	0.54	0.54	0	0	0.44
87100	0.44	0.54	0.54	0	0	0.44
87200	0.44	0.54	0.54	0	0	0.44
87300	0.44	0.54	0.54	0	0	0.44
87400	0.44	0.54	0.54	0	0	0.44
87500	0.44	0.54	0.54	0	0	0.44
87600	0.44	0.54	0.54	0	0	0.44
87700	0.44	0.54	0.54	0	0	0.44
87800	0.44	0.54	0.54	0	0	0.44
87900	0.44	0.54	0.54	0	0	0.44
88000	0.44	0.54	0.54	0	0	0.44
88100	0.44	0.54	0.54	0	0	0.44
88200	0.44	0.54	0.54	0	0	0.44
88300	0.44	0.54	0.54	0	0	0.44
88400	0.44	0.54	0.54	0	0	0.44
88500	0.44	0.54	0.54	0	0	0.44
88600	0.44	0.54	0.54	0	0	0.44
88700	0.44	0.54	0.54	0	0	0.44
88800	0.44	0.54	0.54	0	0	0.44
88900	0.44	0.54	0.54	0	0	0.44
89000	0.44	0.54	0.54	0	0	0.44
89100	0.44	0.54	0.54	0	0	0.44
89200	0.44	0.54	0.54	0	0	0.44
89300	0.44	0.54	0.54	0	0	0.44
89400	0.44	0.54	0.54	0	0	0.44
89500	0.44	0.54	0.54	0	0	0.44
89600	0.44	0.54	0.54	0	0	0.44
89700	0.44	0.54	0.54	0	0	0.44
89800	0.44	0.54	0.54	0	0	0.44
89900	0.44	0.54	0.54	0	0	0.44
90000	0.44	0.54	0.54	0	0	0.44
90100	0.44	0.54	0.54	0	0	0.44
90200	0.44	0.54	0.54	0	0	0.44
90300	0.44	0.54	0.54	0	0	0.44
90400	0.44	0.54	0.54	0	0	0.44
90500	0.44	0.54	0.54	0	0	0.44
90600	0.44	0.54	0.54	0	0	0.44
90700	0.44	0.54	0.54	0	0	0.44
90800	0.44	0.54	0.54	0	0	0.44
90900	0.44	0.54	0.54	0	0	0.44
91000	0.44	0.54	0.54	0	0	0.44
91100	0.44	0.54	0.54	0	0	0.44
91200	0.44	0.54	0.54	0	0	0.44
91300	0.44	0.54	0.54	0	0	0.44
91400	0.44	0.54	0.54	0	0	0.44
91500	0.44	0.54	0.54	0	0	0.44
91600	0.44	0.54	0.54	0	0	0.44
91700	0.44	0.54	0.54	0	0	0.44
91800	0.44	0.54	0.54	0	0	0.44
91900	0.44	0.54	0.54	0	0	0.44
92000	0.44	0.54	0.54	0	0	0.44
92100	0.44	0.54	0.54	0	0	0.44
92200	0.44	0.54	0.54	0	0	0.44
92300	0.44	0.54	0.54	0	0	0.44
92400	0.44	0.54	0.54	0	0	0.44
92500	0.44	0.54	0.54	0	0	0.44
92600	0.44	0.54	0.54	0	0	0.44
92700	0.44	0.54	0.54	0	0	0.44
92800	0.44	0.54	0.54	0	0	0.44
92900	0.44	0.54	0.54	0	0	0.44
93000	0.46	0.54	0.54	0	0	0.46
93100	0.46	0.54	0.54	0	0	0.46
93200	0.46	0.54	0.54	0	0	0.46
93300	0.46	0.54	0.54	0	0	0.46
93400	0.46	0.54	0.54	0	0	0.46
93500	0.46	0.54	0.54	0	0	0.46
93600	0.46	0.54	0.54	0	0	0.46
93700	0.46	0.54	0.54	0	0	0.46
93800	0.46	0.54	0.54	0	0	0.46
93900	0.46	0.54	0.54	0	0	0.46
94000	0.46	0.54	0.54	0	0	0.46
94100	0.46	0.54	0.54	0	0	0.46
94200	0.46	0.54	0.54	0	0	0.46
94300	0.46	0.54	0.54	0	0	0.46
94400	0.46	0.54	0.54	0	0	0.46
94500	0.46	0.54	0.54	0	0	0.46
94600	0.46	0.54	0.54	0	0	0.46
94700	0.46	0.54	0.54	0	0	0.46
94800	0.46	0.54	0.54	0	0	0.46
94900	0.46	0.54	0.54	0	0	0.46
95000	0.46	0.54	0.54	0	0	0.46
95100	0.46	0.54	0.54	0	0	0.46
95200	0.46	0.54	0.54	0	0	0.46
95300	0.46	0.54	0.54	0	0	0.46
95400	0.46	0.54	0.54	0	0	0.46
95500	0.46	0.54	0.54	0	0	0.46
95600	0.46	0.54	0.54	0	0	0.46
95700	0.46	0.54	0.54	0	0	0.46
95800	0.46	0.54	0.54	0	0	0.46
95900	0.46	0.54	0.54	0	0	0.46
96000	0.46	0.54	0.54	0	0	0.46
96100	0.46	0.54	0.54	0	0	0.46
96200	0.46	0.54	0.54	0	0	0.46
96300	0.46	0.52	0.52	0	0	0.46
96400	0.46	0.52	0.52	0	0	0.46
96500	0.46	0.52	0.52	0	0	0.46
96600	0.46	0.52	0.52	0	0	0.46
96700	0.46	0.52	0.52	0	0	0.46
96800	0.46	0.52	0.52	0	0	0.46
96900	0.46	0.52	0.52	0	0	0.46
97000	0.46	0.52	0.52	0	0	0.46
97100	0.46	0.52	0.52	0	0	0.46
97200	0.46	0.52	0.52	0	0	0.46
97300	0.46	0.52	0.52	0	0	0.46
97400	0.46	0.52	0.52	0	0	0.46
97500	0.46	0.52	0.52	0	0	0.46
97600	0.46	0.52	0.52	0	0	0.46
97700	0.46	0.52	0.52	0	0	0.46
97800	0.46	0.52	0.52	0	0	0.46
97900	0.46	0.52	0.52	0	0	0.46
98000	0.46	0.52	0.52	0	0	0.46
98100	0.46	0.52	0.52	0	0	0.46
98200	0.44	0.52	0.52	0	0	0.44
98300	0.44	0.52	0.52	0	0	0.44
98400	0.44	0.52	0.52	0	0	0.44
98500	0.44	0.52	0.52	0	0	0.44
98600	0.44	0.52	0.52	0	0	0.44
98700	0.44	0.52	0.52	0	0	0.44
98800	0.44	0.52	0.52	0	0	0.44
98900	0.44	0.52	0.52	0	0	0.44
99000	0.42	0.52	0.52	0	0	0.42
99100	0.42	0.52	0.52	0	0	0.42
99200	0.42	0.52	0.52	0	0	0.42
99300	0.42	0.52	0.52	0	0	0.42
99400	0.42	0.52	0.52	0	0	0.42
99500	0.42	0.52	0.52	0	0	0.42
99600	0.42	0.52	0.52	0	0	0.42
99700	0.42	0.52	0.52	0	0	0.42
99800	0.42	0.52	0.52	0	0	0.42
99900	0.42	0.52	0.52	0	0	0.42
100000	0.42	0.52	0.52	0	0	0.42
