100	0.14	0.1	0.1	0	0	0.14
200	0.14	0.1	0.1	0	0	0.14
300	0.14	0.12	0.12	0	0	0.14
400	0.14	0.12	0.12	0	0	0.14
500	0.14	0.12	0.12	0	0	0.14
600	0.14	0.14	0.14	0	0	0.14
700	0.18	0.14	0.14	0	0	0.18
800	0.18	0.14	0.14	0	0	0.18
900	0.18	0.14	0.14	0	0	0.18
1000	0.2	0.18	0.18	0	0	0.2
1100	0.2	0.18	0.18	0	0	0.2
1200	0.26	0.18	0.18	0	0	0.26
1300	0.26	0.18	0.18	0	0	0.26
1400	0.26	0.2	0.2	0	0	0.26
1500	0.3	0.2	0.2	0	0	0.3
1600	0.3	0.2	0.2	0	0	0.3
1700	0.3	0.2	0.2	0	0	0.3
1800	0.3	0.2	0.2	0	0	0.3
1900	0.3	0.22	0.22	0	0	0.3
2000	0.3	0.22	0.22	0	0	0.3
2100	0.3	0.24	0.24	0	0	0.3
2200	0.3	0.24	0.24	0	0	0.3
2300	0.32	0.24	0.24	0	0	0.32
2400	0.32	0.26	0.26	0	0	0.32
2500	0.32	0.22	0.22	0	0	0.32
2600	0.32	0.22	0.22	0	0	0.32
2700	0.32	0.24	0.24	0	0	0.32
2800	0.36	0.26	0.26	0	0	0.36
2900	0.36	0.26	0.26	0	0	0.36
3000	0.36	0.26	0.26	0	0	0.36
3100	0.38	0.26	0.26	0	0	0.38
3200	0.38	0.26	0.26	0	0	0.38
3300	0.4	0.26	0.26	0	0	0.4
3400	0.4	0.26	0.26	0	0	0.4
3500	0.4	0.26	0.26	0	0	0.4
3600	0.38	0.28	0.28	0	0	0.38
3700	0.38	0.28	0.28	0	0	0.38
3800	0.38	0.28	0.28	0	0	0.38
3900	0.42	0.32	0.32	0	0	0.42
4000	0.42	0.32	0.32	0	0	0.42
4100	0.42	0.32	0.32	0	0	0.42
4200	0.42	0.32	0.32	0	0	0.42
4300	0.4	0.34	0.34	0	0	0.4
4400	0.4	0.32	0.32	0	0	0.4
4500	0.4	0.32	0.32	0	0	0.4
4600	0.4	0.32	0.32	0	0	0.4
4700	0.4	0.34	0.34	0	0	0.4
4800	0.4	0.32	0.32	0	0	0.4
4900	0.4	0.32	0.32	0	0	0.4
5000	0.4	0.32	0.32	0	0	0.4
5100	0.4	0.34	0.34	0	0	0.4
5200	0.4	0.34	0.34	0	0	0.4
5300	0.4	0.32	0.32	0	0	0.4
5400	0.4	0.34	0.34	0	0	0.4
5500	0.4	0.34	0.34	0	0	0.4
5600	0.4	0.36	0.36	0	0	0.4
5700	0.4	0.36	0.36	0	0	0.4
5800	0.4	0.36	0.36	0	0	0.4
5900	0.4	0.36	0.36	0	0	0.4
6000	0.4	0.36	0.36	0	0	0.4
6100	0.4	0.36	0.36	0	0	0.4
6200	0.4	0.36	0.36	0	0	0.4
6300	0.4	0.36	0.36	0	0	0.4
6400	0.4	0.4	0.4	0	0	0.4
6500	0.4	0.42	0.42	0	0	0.4
6600	0.4	0.42	0.42	0	0	0.4
6700	0.4	0.42	0.42	0	0	0.4
6800	0.4	0.44	0.44	0	0	0.4
6900	0.4	0.44	0.44	0	0	0.4
7000	0.4	0.44	0.44	0	0	0.4
7100	0.4	0.5	0.5	0	0	0.4
7200	0.4	0.46	0.46	0	0	0.4
7300	0.42	0.46	0.46	0	0	0.42
7400	0.42	0.44	0.44	0	0	0.42
7500	0.4	0.44	0.44	0	0	0.4
7600	0.4	0.44	0.44	0	0	0.4
7700	0.4	0.44	0.44	0	0	0.4
7800	0.4	0.44	0.44	0	0	0.4
7900	0.4	0.44	0.44	0	0	0.4
8000	0.4	0.44	0.44	0	0	0.4
8100	0.4	0.44	0.44	0	0	0.4
8200	0.4	0.44	0.44	0	0	0.4
8300	0.4	0.44	0.44	0	0	0.4
8400	0.4	0.44	0.44	0	0	0.4
8500	0.4	0.44	0.44	0	0	0.4
8600	0.42	0.44	0.44	0	0	0.42
8700	0.4	0.44	0.44	0	0	0.4
8800	0.4	0.44	0.44	0	0	0.4
8900	0.4	0.44	0.44	0	0	0.4
9000	0.4	0.44	0.44	0	0	0.4
9100	0.4	0.44	0.44	0	0	0.4
9200	0.4	0.44	0.44	0	0	0.4
9300	0.4	0.44	0.44	0	0	0.4
9400	0.4	0.44	0.44	0	0	0.4
9500	0.4	0.44	0.44	0	0	0.4
9600	0.4	0.44	0.44	0	0	0.4
9700	0.4	0.44	0.44	0	0	0.4
9800	0.4	0.44	0.44	0	0	0.4
9900	0.4	0.46	0.46	0	0	0.4
10000	0.4	0.46	0.46	0	0	0.4
10100	0.4	0.46	0.46	0	0	0.4
10200	0.42	0.46	0.46	0	0	0.42
10300	0.42	0.46	0.46	0	0	0.42
10400	0.42	0.46	0.46	0	0	0.42
10500	0.42	0.48	0.48	0	0	0.42
10600	0.42	0.48	0.48	0	0	0.42
10700	0.42	0.48	0.48	0	0	0.42
10800	0.42	0.48	0.48	0	0	0.42
10900	0.42	0.48	0.48	0	0	0.42
11000	0.42	0.48	0.48	0	0	0.42
11100	0.42	0.48	0.48	0	0	0.42
11200	0.42	0.48	0.48	0	0	0.42
11300	0.42	0.48	0.48	0	0	0.42
11400	0.42	0.48	0.48	0	0	0.42
11500	0.42	0.48	0.48	0	0	0.42
11600	0.4	0.48	0.48	0	0	0.4
11700	0.4	0.48	0.48	0	0	0.4
11800	0.4	0.48	0.48	0	0	0.4
11900	0.4	0.5	0.5	0	0	0.4
12000	0.4	0.5	0.5	0	0	0.4
12100	0.4	0.5	0.5	0	0	0.4
12200	0.4	0.48	0.48	0	0	0.4
12300	0.38	0.48	0.48	0	0	0.38
12400	0.38	0.48	0.48	0	0	0.38
12500	0.38	0.5	0.5	0	0	0.38
12600	0.38	0.52	0.52	0	0	0.38
12700	0.38	0.52	0.52	0	0	0.38
12800	0.38	0.52	0.52	0	0	0.38
12900	0.38	0.52	0.52	0	0	0.38
13000	0.38	0.54	0.54	0	0	0.38
13100	0.38	0.54	0.54	0	0	0.38
13200	0.38	0.54	0.54	0	0	0.38
13300	0.4	0.54	0.54	0	0	0.4
13400	0.4	0.54	0.54	0	0	0.4
13500	0.38	0.52	0.52	0	0	0.38
13600	0.38	0.52	0.52	0	0	0.38
13700	0.38	0.52	0.52	0	0	0.38
13800	0.38	0.54	0.54	0	0	0.38
13900	0.38	0.54	0.54	0	0	0.38
14000	0.38	0.54	0.54	0	0	0.38
14100	0.38	0.54	0.54	0	0	0.38
14200	0.38	0.54	0.54	0	0	0.38
14300	0.38	0.54	0.54	0	0	0.38
14400	0.38	0.52	0.52	0	0	0.38
14500	0.38	0.52	0.52	0	0	0.38
14600	0.38	0.52	0.52	0	0	0.38
14700	0.38	0.52	0.52	0	0	0.38
14800	0.38	0.52	0.52	0	0	0.38
14900	0.38	0.52	0.52	0	0	0.38
15000	0.38	0.52	0.52	0	0	0.38
15100	0.38	0.52	0.52	0	0	0.38
15200	0.38	0.52	0.52	0	0	0.38
15300	0.38	0.52	0.52	0	0	0.38
15400	0.38	0.54	0.54	0	0	0.38
15500	0.36	0.54	0.54	0	0	0.36
15600	0.36	0.54	0.54	0	0	0.36
15700	0.36	0.54	0.54	0	0	0.36
15800	0.36	0.54	0.54	0	0	0.36
15900	0.36	0.54	0.54	0	0	0.36
16000	0.36	0.54	0.54	0	0	0.36
16100	0.36	0.54	0.54	0	0	0.36
16200	0.36	0.54	0.54	0	0	0.36
16300	0.36	0.54	0.54	0	0	0.36
16400	0.36	0.54	0.54	0	0	0.36
16500	0.36	0.52	0.52	0	0	0.36
16600	0.36	0.52	0.52	0	0	0.36
16700	0.36	0.52	0.52	0	0	0.36
16800	0.36	0.52	0.52	0	0	0.36
16900	0.36	0.52	0.52	0	0	0.36
17000	0.38	0.52	0.52	0	0	0.38
17100	0.38	0.52	0.52	0	0	0.38
17200	0.38	0.52	0.52	0	0	0.38
17300	0.38	0.52	0.52	0	0	0.38
17400	0.4	0.52	0.52	0	0	0.4
17500	0.4	0.52	0.52	0	0	0.4
17600	0.4	0.52	0.52	0	0	0.4
17700	0.4	0.52	0.52	0	0	0.4
17800	0.4	0.52	0.52	0	0	0.4
17900	0.4	0.52	0.52	0	0	0.4
18000	0.4	0.52	0.52	0	0	0.4
18100	0.4	0.52	0.52	0	0	0.4
18200	0.4	0.52	0.52	0	0	0.4
18300	0.36	0.52	0.52	0	0	0.36
18400	0.36	0.52	0.52	0	0	0.36
18500	0.36	0.52	0.52	0	0	0.36
18600	0.36	0.5	0.5	0	0	0.36
18700	0.36	0.5	0.5	0	0	0.36
18800	0.36	0.5	0.5	0	0	0.36
18900	0.36	0.5	0.5	0	0	0.36
19000	0.36	0.5	0.5	0	0	0.36
19100	0.36	0.5	0.5	0	0	0.36
19200	0.36	0.5	0.5	0	0	0.36
19300	0.36	0.5	0.5	0	0	0.36
19400	0.36	0.5	0.5	0	0	0.36
19500	0.36	0.5	0.5	0	0	0.36
19600	0.36	0.52	0.52	0	0	0.36
19700	0.36	0.52	0.52	0	0	0.36
19800	0.36	0.52	0.52	0	0	0.36
19900	0.38	0.52	0.52	0	0	0.38
20000	0.38	0.54	0.54	0	0	0.38
20100	0.38	0.54	0.54	0	0	0.38
20200	0.38	0.54	0.54	0	0	0.38
20300	0.38	0.54	0.54	0	0	0.38
20400	0.38	0.54	0.54	0	0	0.38
20500	0.38	0.54	0.54	0	0	0.38
20600	0.38	0.54	0.54	0	0	0.38
20700	0.38	0.54	0.54	0	0	0.38
20800	0.38	0.54	0.54	0	0	0.38
20900	0.4	0.54	0.54	0	0	0.4
21000	0.4	0.56	0.56	0	0	0.4
21100	0.4	0.52	0.52	0	0	0.4
21200	0.4	0.5	0.5	0	0	0.4
21300	0.4	0.5	0.5	0	0	0.4
21400	0.4	0.5	0.5	0	0	0.4
21500	0.4	0.5	0.5	0	0	0.4
21600	0.4	0.5	0.5	0	0	0.4
21700	0.4	0.5	0.5	0	0	0.4
21800	0.4	0.5	0.5	0	0	0.4
21900	0.4	0.5	0.5	0	0	0.4
22000	0.4	0.52	0.52	0	0	0.4
22100	0.4	0.54	0.54	0	0	0.4
22200	0.4	0.54	0.54	0	0	0.4
22300	0.4	0.56	0.56	0	0	0.4
22400	0.4	0.56	0.56	0	0	0.4
22500	0.4	0.56	0.56	0	0	0.4
22600	0.4	0.58	0.58	0	0	0.4
22700	0.4	0.58	0.58	0	0	0.4
22800	0.4	0.56	0.56	0	0	0.4
22900	0.4	0.56	0.56	0	0	0.4
23000	0.4	0.56	0.56	0	0	0.4
23100	0.4	0.56	0.56	0	0	0.4
23200	0.4	0.56	0.56	0	0	0.4
23300	0.4	0.56	0.56	0	0	0.4
23400	0.4	0.56	0.56	0	0	0.4
23500	0.4	0.56	0.56	0	0	0.4
23600	0.4	0.56	0.56	0	0	0.4
23700	0.4	0.56	0.56	0	0	0.4
23800	0.38	0.56	0.56	0	0	0.38
23900	0.38	0.56	0.56	0	0	0.38
24000	0.38	0.56	0.56	0	0	0.38
24100	0.38	0.56	0.56	0	0	0.38
24200	0.38	0.56	0.56	0	0	0.38
24300	0.38	0.56	0.56	0	0	0.38
24400	0.38	0.56	0.56	0	0	0.38
24500	0.38	0.56	0.56	0	0	0.38
24600	0.38	0.56	0.56	0	0	0.38
24700	0.38	0.56	0.56	0	0	0.38
24800	0.38	0.56	0.56	0	0	0.38
24900	0.38	0.56	0.56	0	0	0.38
25000	0.38	0.56	0.56	0	0	0.38
25100	0.38	0.56	0.56	0	0	0.38
25200	0.38	0.56	0.56	0	0	0.38
25300	0.38	0.56	0.56	0	0	0.38
25400	0.38	0.54	0.54	0	0	0.38
25500	0.38	0.54	0.54	0	0	0.38
25600	0.38	0.54	0.54	0	0	0.38
25700	0.38	0.54	0.54	0	0	0.38
25800	0.38	0.54	0.54	0	0	0.38
25900	0.38	0.54	0.54	0	0	0.38
26000	0.38	0.54	0.54	0	0	0.38
26100	0.38	0.56	0.56	0	0	0.38
26200	0.38	0.56	0.56	0	0	0.38
26300	0.38	0.56	0.56	0	0	0.38
26400	0.38	0.56	0.56	0	0	0.38
26500	0.38	0.58	0.58	0	0	0.38
26600	0.38	0.58	0.58	0	0	0.38
26700	0.38	0.58	0.58	0	0	0.38
26800	0.38	0.58	0.58	0	0	0.38
26900	0.36	0.58	0.58	0	0	0.36
27000	0.36	0.58	0.58	0	0	0.36
27100	0.36	0.58	0.58	0	0	0.36
27200	0.36	0.58	0.58	0	0	0.36
27300	0.36	0.56	0.56	0	0	0.36
27400	0.36	0.56	0.56	0	0	0.36
27500	0.36	0.56	0.56	0	0	0.36
27600	0.36	0.56	0.56	0	0	0.36
27700	0.36	0.56	0.56	0	0	0.36
27800	0.36	0.54	0.54	0	0	0.36
27900	0.36	0.54	0.54	0	0	0.36
28000	0.36	0.54	0.54	0	0	0.36
28100	0.36	0.54	0.54	0	0	0.36
28200	0.38	0.54	0.54	0	0	0.38
28300	0.38	0.54	0.54	0	0	0.38
28400	0.38	0.54	0.54	0	0	0.38
28500	0.38	0.54	0.54	0	0	0.38
28600	0.38	0.54	0.54	0	0	0.38
28700	0.38	0.54	0.54	0	0	0.38
28800	0.38	0.54	0.54	0	0	0.38
28900	0.38	0.54	0.54	0	0	0.38
29000	0.38	0.54	0.54	0	0	0.38
29100	0.4	0.54	0.54	0	0	0.4
29200	0.4	0.54	0.54	0	0	0.4
29300	0.4	0.54	0.54	0	0	0.4
29400	0.4	0.52	0.52	0	0	0.4
29500	0.4	0.52	0.52	0	0	0.4
29600	0.42	0.54	0.54	0	0	0.42
29700	0.42	0.54	0.54	0	0	0.42
29800	0.42	0.54	0.54	0	0	0.42
29900	0.42	0.54	0.54	0	0	0.42
30000	0.42	0.54	0.54	0	0	0.42
30100	0.42	0.54	0.54	0	0	0.42
30200	0.42	0.54	0.54	0	0	0.42
30300	0.42	0.54	0.54	0	0	0.42
30400	0.42	0.54	0.54	0	0	0.42
30500	0.42	0.54	0.54	0	0	0.42
30600	0.42	0.54	0.54	0	0	0.42
30700	0.42	0.54	0.54	0	0	0.42
30800	0.42	0.5	0.5	0	0	0.42
30900	0.42	0.5	0.5	0	0	0.42
31000	0.42	0.5	0.5	0	0	0.42
31100	0.42	0.5	0.5	0	0	0.42
31200	0.42	0.48	0.48	0	0	0.42
31300	0.42	0.48	0.48	0	0	0.42
31400	0.42	0.48	0.48	0	0	0.42
31500	0.42	0.48	0.48	0	0	0.42
31600	0.42	0.48	0.48	0	0	0.42
31700	0.44	0.48	0.48	0	0	0.44
31800	0.44	0.48	0.48	0	0	0.44
31900	0.44	0.48	0.48	0	0	0.44
32000	0.44	0.48	0.48	0	0	0.44
32100	0.44	0.5	0.5	0	0	0.44
32200	0.44	0.5	0.5	0	0	0.44
32300	0.44	0.5	0.5	0	0	0.44
32400	0.44	0.5	0.5	0	0	0.44
32500	0.44	0.5	0.5	0	0	0.44
32600	0.44	0.5	0.5	0	0	0.44
32700	0.44	0.5	0.5	0	0	0.44
32800	0.44	0.5	0.5	0	0	0.44
32900	0.44	0.48	0.48	0	0	0.44
33000	0.44	0.48	0.48	0	0	0.44
33100	0.44	0.48	0.48	0	0	0.44
33200	0.44	0.48	0.48	0	0	0.44
33300	0.44	0.46	0.46	0	0	0.44
33400	0.44	0.46	0.46	0	0	0.44
33500	0.44	0.48	0.48	0	0	0.44
33600	0.44	0.48	0.48	0	0	0.44
33700	0.44	0.48	0.48	0	0	0.44
33800	0.44	0.48	0.48	0	0	0.44
33900	0.44	0.48	0.48	0	0	0.44
34000	0.44	0.48	0.48	0	0	0.44
34100	0.44	0.48	0.48	0	0	0.44
34200	0.44	0.48	0.48	0	0	0.44
34300	0.44	0.48	0.48	0	0	0.44
34400	0.44	0.48	0.48	0	0	0.44
34500	0.44	0.48	0.48	0	0	0.44
34600	0.44	0.48	0.48	0	0	0.44
34700	0.44	0.48	0.48	0	0	0.44
34800	0.44	0.48	0.48	0	0	0.44
34900	0.44	0.48	0.48	0	0	0.44
35000	0.44	0.48	0.48	0	0	0.44
35100	0.44	0.48	0.48	0	0	0.44
35200	0.44	0.48	0.48	0	0	0.44
35300	0.44	0.48	0.48	0	0	0.44
35400	0.44	0.48	0.48	0	0	0.44
35500	0.44	0.48	0.48	0	0	0.44
35600	0.44	0.48	0.48	0	0	0.44
35700	0.44	0.48	0.48	0	0	0.44
35800	0.44	0.48	0.48	0	0	0.44
35900	0.44	0.46	0.46	0	0	0.44
36000	0.44	0.46	0.46	0	0	0.44
36100	0.44	0.44	0.44	0	0	0.44
36200	0.44	0.44	0.44	0	0	0.44
36300	0.44	0.44	0.44	0	0	0.44
36400	0.44	0.44	0.44	0	0	0.44
36500	0.46	0.44	0.44	0	0	0.46
36600	0.46	0.44	0.44	0	0	0.46
36700	0.46	0.44	0.44	0	0	0.46
36800	0.46	0.44	0.44	0	0	0.46
36900	0.46	0.44	0.44	0	0	0.46
37000	0.46	0.44	0.44	0	0	0.46
37100	0.46	0.44	0.44	0	0	0.46
37200	0.46	0.44	0.44	0	0	0.46
37300	0.46	0.44	0.44	0	0	0.46
37400	0.46	0.44	0.44	0	0	0.46
37500	0.46	0.44	0.44	0	0	0.46
37600	0.48	0.44	0.44	0	0	0.48
37700	0.48	0.44	0.44	0	0	0.48
37800	0.48	0.44	0.44	0	0	0.48
37900	0.48	0.46	0.46	0	0	0.48
38000	0.48	0.46	0.46	0	0	0.48
38100	0.48	0.46	0.46	0	0	0.48
38200	0.48	0.46	0.46	0	0	0.48
38300	0.48	0.46	0.46	0	0	0.48
38400	0.48	0.46	0.46	0	0	0.48
38500	0.5	0.46	0.46	0	0	0.5
38600	0.5	0.44	0.44	0	0	0.5
38700	0.5	0.44	0.44	0	0	0.5
38800	0.5	0.44	0.44	0	0	0.5
38900	0.5	0.44	0.44	0	0	0.5
39000	0.5	0.44	0.44	0	0	0.5
39100	0.5	0.44	0.44	0	0	0.5
39200	0.52	0.44	0.44	0	0	0.52
39300	0.52	0.44	0.44	0	0	0.52
39400	0.5	0.44	0.44	0	0	0.5
39500	0.5	0.44	0.44	0	0	0.5
39600	0.5	0.44	0.44	0	0	0.5
39700	0.5	0.44	0.44	0	0	0.5
39800	0.5	0.44	0.44	0	0	0.5
39900	0.5	0.44	0.44	0	0	0.5
40000	0.5	0.44	0.44	0	0	0.5
40100	0.5	0.44	0.44	0	0	0.5
40200	0.5	0.44	0.44	0	0	0.5
40300	0.5	0.44	0.44	0	0	0.5
40400	0.5	0.44	0.44	0	0	0.5
40500	0.5	0.44	0.44	0	0	0.5
40600	0.52	0.44	0.44	0	0	0.52
40700	0.52	0.44	0.44	0	0	0.52
40800	0.52	0.44	0.44	0	0	0.52
40900	0.52	0.44	0.44	0	0	0.52
41000	0.52	0.44	0.44	0	0	0.52
41100	0.52	0.44	0.44	0	0	0.52
41200	0.52	0.44	0.44	0	0	0.52
41300	0.52	0.44	0.44	0	0	0.52
41400	0.52	0.44	0.44	0	0	0.52
41500	0.52	0.44	0.44	0	0	0.52
41600	0.52	0.44	0.44	0	0	0.52
41700	0.52	0.44	0.44	0	0	0.52
41800	0.52	0.44	0.44	0	0	0.52
41900	0.52	0.44	0.44	0	0	0.52
42000	0.52	0.44	0.44	0	0	0.52
42100	0.52	0.44	0.44	0	0	0.52
42200	0.52	0.44	0.44	0	0	0.52
42300	0.5	0.44	0.44	0	0	0.5
42400	0.5	0.44	0.44	0	0	0.5
42500	0.5	0.44	0.44	0	0	0.5
42600	0.5	0.44	0.44	0	0	0.5
42700	0.5	0.44	0.44	0	0	0.5
42800	0.5	0.44	0.44	0	0	0.5
42900	0.5	0.44	0.44	0	0	0.5
43000	0.5	0.44	0.44	0	0	0.5
43100	0.5	0.44	0.44	0	0	0.5
43200	0.52	0.42	0.42	0	0	0.52
43300	0.52	0.42	0.42	0	0	0.52
43400	0.52	0.42	0.42	0	0	0.52
43500	0.52	0.42	0.42	0	0	0.52
43600	0.52	0.42	0.42	0	0	0.52
43700	0.5	0.42	0.42	0	0	0.5
43800	0.5	0.42	0.42	0	0	0.5
43900	0.5	0.42	0.42	0	0	0.5
44000	0.5	0.44	0.44	0	0	0.5
44100	0.5	0.44	0.44	0	0	0.5
44200	0.5	0.44	0.44	0	0	0.5
44300	0.5	0.44	0.44	0	0	0.5
44400	0.5	0.44	0.44	0	0	0.5
44500	0.5	0.44	0.44	0	0	0.5
44600	0.5	0.44	0.44	0	0	0.5
44700	0.5	0.44	0.44	0	0	0.5
44800	0.5	0.44	0.44	0	0	0.5
44900	0.5	0.44	0.44	0	0	0.5
45000	0.5	0.44	0.44	0	0	0.5
45100	0.5	0.44	0.44	0	0	0.5
45200	0.5	0.44	0.44	0	0	0.5
45300	0.5	0.44	0.44	0	0	0.5
45400	0.5	0.44	0.44	0	0	0.5
45500	0.5	0.44	0.44	0	0	0.5
45600	0.5	0.44	0.44	0	0	0.5
45700	0.5	0.44	0.44	0	0	0.5
45800	0.48	0.46	0.46	0	0	0.48
45900	0.48	0.46	0.46	0	0	0.48
46000	0.48	0.46	0.46	0	0	0.48
46100	0.48	0.46	0.46	0	0	0.48
46200	0.48	0.46	0.46	0	0	0.48
46300	0.48	0.46	0.46	0	0	0.48
46400	0.48	0.46	0.46	0	0	0.48
46500	0.48	0.46	0.46	0	0	0.48
46600	0.48	0.46	0.46	0	0	0.48
46700	0.48	0.46	0.46	0	0	0.48
46800	0.48	0.46	0.46	0	0	0.48
46900	0.48	0.46	0.46	0	0	0.48
47000	0.48	0.46	0.46	0	0	0.48
47100	0.48	0.46	0.46	0	0	0.48
47200	0.46	0.46	0.46	0	0	0.46
47300	0.46	0.46	0.46	0	0	0.46
47400	0.46	0.46	0.46	0	0	0.46
47500	0.46	0.46	0.46	0	0	0.46
47600	0.46	0.46	0.46	0	0	0.46
47700	0.46	0.46	0.46	0	0	0.46
47800	0.46	0.46	0.46	0	0	0.46
47900	0.46	0.46	0.46	0	0	0.46
48000	0.46	0.46	0.46	0	0	0.46
48100	0.46	0.46	0.46	0	0	0.46
48200	0.46	0.46	0.46	0	0	0.46
48300	0.46	0.46	0.46	0	0	0.46
48400	0.46	0.46	0.46	0	0	0.46
48500	0.46	0.46	0.46	0	0	0.46
48600	0.46	0.46	0.46	0	0	0.46
48700	0.46	0.46	0.46	0	0	0.46
48800	0.46	0.46	0.46	0	0	0.46
48900	0.46	0.46	0.46	0	0	0.46
49000	0.46	0.46	0.46	0	0	0.46
49100	0.46	0.48	0.48	0	0	0.46
49200	0.46	0.48	0.48	0	0	0.46
49300	0.46	0.48	0.48	0	0	0.46
49400	0.46	0.48	0.48	0	0	0.46
49500	0.46	0.48	0.48	0	0	0.46
49600	0.48	0.48	0.48	0	0	0.48
49700	0.48	0.48	0.48	0	0	0.48
49800	0.48	0.48	0.48	0	0	0.48
49900	0.46	0.48	0.48	0	0	0.46
50000	0.46	0.48	0.48	0	0	0.46
50100	0.46	0.48	0.48	0	0	0.46
50200	0.46	0.48	0.48	0	0	0.46
50300	0.46	0.48	0.48	0	0	0.46
50400	0.46	0.48	0.48	0	0	0.46
50500	0.46	0.48	0.48	0	0	0.46
50600	0.46	0.48	0.48	0	0	0.46
50700	0.46	0.48	0.48	0	0	0.46
50800	0.46	0.48	0.48	0	0	0.46
50900	0.46	0.48	0.48	0	0	0.46
51000	0.46	0.48	0.48	0	0	0.46
51100	0.46	0.48	0.48	0	0	0.46
51200	0.46	0.48	0.48	0	0	0.46
51300	0.46	0.48	0.48	0	0	0.46
51400	0.46	0.48	0.48	0	0	0.46
51500	0.46	0.48	0.48	0	0	0.46
51600	0.46	0.48	0.48	0	0	0.46
51700	0.46	0.48	0.48	0	0	0.46
51800	0.46	0.48	0.48	0	0	0.46
51900	0.46	0.48	0.48	0	0	0.46
52000	0.46	0.48	0.48	0	0	0.46
52100	0.46	0.48	0.48	0	0	0.46
52200	0.46	0.48	0.48	0	0	0.46
52300	0.46	0.48	0.48	0	0	0.46
52400	0.46	0.48	0.48	0	0	0.46
52500	0.46	0.48	0.48	0	0	0.46
52600	0.46	0.48	0.48	0	0	0.46
52700	0.46	0.48	0.48	0	0	0.46
52800	0.46	0.48	0.48	0	0	0.46
52900	0.46	0.48	0.48	0	0	0.46
53000	0.46	0.48	0.48	0	0	0.46
53100	0.46	0.48	0.48	0	0	0.46
53200	0.46	0.48	0.48	0	0	0.46
53300	0.46	0.48	0.48	0	0	0.46
53400	0.46	0.48	0.48	0	0	0.46
53500	0.46	0.48	0.48	0	0	0.46
53600	0.46	0.46	0.46	0	0	0.46
53700	0.48	0.46	0.46	0	0	0.48
53800	0.48	0.46	0.46	0	0	0.48
53900	0.48	0.46	0.46	0	0	0.48
54000	0.48	0.46	0.46	0	0	0.48
54100	0.48	0.46	0.46	0	0	0.48
54200	0.48	0.46	0.46	0	0	0.48
54300	0.48	0.46	0.46	0	0	0.48
54400	0.48	0.46	0.46	0	0	0.48
54500	0.48	0.46	0.46	0	0	0.48
54600	0.48	0.46	0.46	0	0	0.48
54700	0.48	0.46	0.46	0	0	0.48
54800	0.48	0.46	0.46	0	0	0.48
54900	0.48	0.46	0.46	0	0	0.48
55000	0.48	0.46	0.46	0	0	0.48
55100	0.48	0.44	0.44	0	0	0.48
55200	0.48	0.44	0.44	0	0	0.48
55300	0.48	0.44	0.44	0	0	0.48
55400	0.48	0.44	0.44	0	0	0.48
55500	0.48	0.44	0.44	0	0	0.48
55600	0.48	0.44	0.44	0	0	0.48
55700	0.48	0.44	0.44	0	0	0.48
55800	0.48	0.44	0.44	0	0	0.48
55900	0.48	0.44	0.44	0	0	0.48
56000	0.48	0.44	0.44	0	0	0.48
56100	0.48	0.44	0.44	0	0	0.48
56200	0.48	0.44	0.44	0	0	0.48
56300	0.48	0.44	0.44	0	0	0.48
56400	0.48	0.44	0.44	0	0	0.48
56500	0.48	0.44	0.44	0	0	0.48
56600	0.48	0.44	0.44	0	0	0.48
56700	0.48	0.44	0.44	0	0	0.48
56800	0.48	0.44	0.44	0	0	0.48
56900	0.48	0.44	0.44	0	0	0.48
57000	0.48	0.44	0.44	0	0	0.48
57100	0.5	0.44	0.44	0	0	0.5
57200	0.5	0.44	0.44	0	0	0.5
57300	0.48	0.44	0.44	0	0	0.48
57400	0.48	0.46	0.46	0	0	0.48
57500	0.5	0.46	0.46	0	0	0.5
57600	0.5	0.46	0.46	0	0	0.5
57700	0.5	0.46	0.46	0	0	0.5
57800	0.5	0.46	0.46	0	0	0.5
57900	0.5	0.46	0.46	0	0	0.5
58000	0.5	0.46	0.46	0	0	0.5
58100	0.5	0.46	0.46	0	0	0.5
58200	0.5	0.46	0.46	0	0	0.5
58300	0.5	0.46	0.46	0	0	0.5
58400	0.5	0.46	0.46	0	0	0.5
58500	0.5	0.46	0.46	0	0	0.5
58600	0.5	0.46	0.46	0	0	0.5
58700	0.5	0.46	0.46	0	0	0.5
58800	0.5	0.46	0.46	0	0	0.5
58900	0.5	0.46	0.46	0	0	0.5
59000	0.5	0.44	0.44	0	0	0.5
59100	0.5	0.44	0.44	0	0	0.5
59200	0.5	0.44	0.44	0	0	0.5
59300	0.5	0.44	0.44	0	0	0.5
59400	0.5	0.42	0.42	0	0	0.5
59500	0.5	0.42	0.42	0	0	0.5
59600	0.5	0.42	0.42	0	0	0.5
59700	0.5	0.42	0.42	0	0	0.5
59800	0.5	0.42	0.42	0	0	0.5
59900	0.5	0.42	0.42	0	0	0.5
60000	0.5	0.42	0.42	0	0	0.5
60100	0.5	0.42	0.42	0	0	0.5
60200	0.5	0.42	0.42	0	0	0.5
60300	0.5	0.42	0.42	0	0	0.5
60400	0.5	0.42	0.42	0	0	0.5
60500	0.5	0.42	0.42	0	0	0.5
60600	0.5	0.44	0.44	0	0	0.5
60700	0.5	0.44	0.44	0	0	0.5
60800	0.5	0.44	0.44	0	0	0.5
60900	0.5	0.44	0.44	0	0	0.5
61000	0.5	0.44	0.44	0	0	0.5
61100	0.5	0.44	0.44	0	0	0.5
61200	0.5	0.44	0.44	0	0	0.5
61300	0.5	0.44	0.44	0	0	0.5
61400	0.5	0.44	0.44	0	0	0.5
61500	0.5	0.44	0.44	0	0	0.5
61600	0.5	0.44	0.44	0	0	0.5
61700	0.52	0.44	0.44	0	0	0.52
61800	0.5	0.44	0.44	0	0	0.5
61900	0.5	0.44	0.44	0	0	0.5
62000	0.5	0.44	0.44	0	0	0.5
62100	0.5	0.44	0.44	0	0	0.5
62200	0.5	0.44	0.44	0	0	0.5
62300	0.5	0.44	0.44	0	0	0.5
62400	0.5	0.44	0.44	0	0	0.5
62500	0.5	0.44	0.44	0	0	0.5
62600	0.5	0.44	0.44	0	0	0.5
62700	0.5	0.44	0.44	0	0	0.5
62800	0.5	0.44	0.44	0	0	0.5
62900	0.5	0.44	0.44	0	0	0.5
63000	0.5	0.46	0.46	0	0	0.5
63100	0.5	0.46	0.46	0	0	0.5
63200	0.5	0.46	0.46	0	0	0.5
63300	0.48	0.46	0.46	0	0	0.48
63400	0.48	0.46	0.46	0	0	0.48
63500	0.48	0.46	0.46	0	0	0.48
63600	0.48	0.48	0.48	0	0	0.48
63700	0.48	0.46	0.46	0	0	0.48
63800	0.48	0.46	0.46	0	0	0.48
63900	0.5	0.46	0.46	0	0	0.5
64000	0.5	0.48	0.48	0	0	0.5
64100	0.5	0.48	0.48	0	0	0.5
64200	0.5	0.48	0.48	0	0	0.5
64300	0.5	0.48	0.48	0	0	0.5
64400	0.5	0.48	0.48	0	0	0.5
64500	0.5	0.48	0.48	0	0	0.5
64600	0.5	0.48	0.48	0	0	0.5
64700	0.5	0.48	0.48	0	0	0.5
64800	0.5	0.48	0.48	0	0	0.5
64900	0.5	0.48	0.48	0	0	0.5
65000	0.5	0.48	0.48	0	0	0.5
65100	0.5	0.48	0.48	0	0	0.5
65200	0.5	0.48	0.48	0	0	0.5
65300	0.5	0.48	0.48	0	0	0.5
65400	0.5	0.46	0.46	0	0	0.5
65500	0.5	0.46	0.46	0	0	0.5
65600	0.5	0.46	0.46	0	0	0.5
65700	0.5	0.46	0.46	0	0	0.5
65800	0.5	0.46	0.46	0	0	0.5
65900	0.5	0.46	0.46	0	0	0.5
66000	0.5	0.46	0.46	0	0	0.5
66100	0.5	0.46	0.46	0	0	0.5
66200	0.5	0.44	0.44	0	0	0.5
66300	0.5	0.44	0.44	0	0	0.5
66400	0.5	0.44	0.44	0	0	0.5
66500	0.5	0.44	0.44	0	0	0.5
66600	0.5	0.44	0.44	0	0	0.5
66700	0.5	0.44	0.44	0	0	0.5
66800	0.5	0.44	0.44	0	0	0.5
66900	0.5	0.44	0.44	0	0	0.5
67000	0.5	0.44	0.44	0	0	0.5
67100	0.5	0.44	0.44	0	0	0.5
67200	0.5	0.44	0.44	0	0	0.5
67300	0.52	0.44	0.44	0	0	0.52
67400	0.52	0.42	0.42	0	0	0.52
67500	0.52	0.42	0.42	0	0	0.52
67600	0.52	0.42	0.42	0	0	0.52
67700	0.52	0.42	0.42	0	0	0.52
67800	0.54	0.42	0.42	0	0	0.54
67900	0.54	0.42	0.42	0	0	0.54
68000	0.54	0.42	0.42	0	0	0.54
68100	0.54	0.42	0.42	0	0	0.54
68200	0.54	0.42	0.42	0	0	0.54
68300	0.54	0.42	0.42	0	0	0.54
68400	0.54	0.42	0.42	0	0	0.54
68500	0.54	0.42	0.42	0	0	0.54
68600	0.52	0.44	0.44	0	0	0.52
68700	0.52	0.44	0.44	0	0	0.52
68800	0.52	0.44	0.44	0	0	0.52
68900	0.52	0.44	0.44	0	0	0.52
69000	0.52	0.44	0.44	0	0	0.52
69100	0.52	0.44	0.44	0	0	0.52
69200	0.52	0.44	0.44	0	0	0.52
69300	0.52	0.44	0.44	0	0	0.52
69400	0.52	0.44	0.44	0	0	0.52
69500	0.52	0.44	0.44	0	0	0.52
69600	0.52	0.44	0.44	0	0	0.52
69700	0.52	0.44	0.44	0	0	0.52
69800	0.52	0.44	0.44	0	0	0.52
69900	0.52	0.44	0.44	0	0	0.52
70000	0.52	0.44	0.44	0	0	0.52
70100	0.52	0.44	0.44	0	0	0.52
70200	0.52	0.44	0.44	0	0	0.52
70300	0.52	0.44	0.44	0	0	0.52
70400	0.52	0.44	0.44	0	0	0.52
70500	0.52	0.44	0.44	0	0	0.52
70600	0.52	0.44	0.44	0	0	0.52
70700	0.52	0.44	0.44	0	0	0.52
70800	0.52	0.44	0.44	0	0	0.52
70900	0.52	0.44	0.44	0	0	0.52
71000	0.52	0.44	0.44	0	0	0.52
71100	0.52	0.44	0.44	0	0	0.52
71200	0.52	0.44	0.44	0	0	0.52
71300	0.52	0.44	0.44	0	0	0.52
71400	0.52	0.44	0.44	0	0	0.52
71500	0.52	0.44	0.44	0	0	0.52
71600	0.52	0.44	0.44	0	0	0.52
71700	0.52	0.44	0.44	0	0	0.52
71800	0.5	0.44	0.44	0	0	0.5
71900	0.5	0.44	0.44	0	0	0.5
72000	0.5	0.44	0.44	0	0	0.5
72100	0.5	0.44	0.44	0	0	0.5
72200	0.5	0.44	0.44	0	0	0.5
72300	0.5	0.44	0.44	0	0	0.5
72400	0.5	0.44	0.44	0	0	0.5
72500	0.52	0.44	0.44	0	0	0.52
72600	0.54	0.44	0.44	0	0	0.54
72700	0.54	0.44	0.44	0	0	0.54
72800	0.54	0.44	0.44	0	0	0.54
72900	0.54	0.44	0.44	0	0	0.54
73000	0.54	0.44	0.44	0	0	0.54
73100	0.54	0.44	0.44	0	0	0.54
73200	0.54	0.44	0.44	0	0	0.54
73300	0.54	0.44	0.44	0	0	0.54
73400	0.54	0.44	0.44	0	0	0.54
73500	0.54	0.44	0.44	0	0	0.54
73600	0.54	0.44	0.44	0	0	0.54
73700	0.54	0.44	0.44	0	0	0.54
73800	0.54	0.44	0.44	0	0	0.54
73900	0.54	0.44	0.44	0	0	0.54
74000	0.54	0.44	0.44	0	0	0.54
74100	0.54	0.44	0.44	0	0	0.54
74200	0.54	0.44	0.44	0	0	0.54
74300	0.54	0.44	0.44	0	0	0.54
74400	0.54	0.44	0.44	0	0	0.54
74500	0.54	0.44	0.44	0	0	0.54
74600	0.54	0.44	0.44	0	0	0.54
74700	0.54	0.44	0.44	0	0	0.54
74800	0.54	0.42	0.42	0	0	0.54
74900	0.54	0.4	0.4	0	0	0.54
75000	0.54	0.4	0.4	0	0	0.54
75100	0.54	0.4	0.4	0	0	0.54
75200	0.54	0.4	0.4	0	0	0.54
75300	0.54	0.4	0.4	0	0	0.54
75400	0.54	0.42	0.42	0	0	0.54
75500	0.52	0.42	0.42	0	0	0.52
75600	0.52	0.42	0.42	0	0	0.52
75700	0.54	0.42	0.42	0	0	0.54
75800	0.54	0.42	0.42	0	0	0.54
75900	0.54	0.42	0.42	0	0	0.54
76000	0.52	0.42	0.42	0	0	0.52
76100	0.52	0.42	0.42	0	0	0.52
76200	0.52	0.42	0.42	0	0	0.52
76300	0.5	0.42	0.42	0	0	0.5
76400	0.5	0.42	0.42	0	0	0.5
76500	0.5	0.42	0.42	0	0	0.5
76600	0.5	0.42	0.42	0	0	0.5
76700	0.5	0.42	0.42	0	0	0.5
76800	0.5	0.42	0.42	0	0	0.5
76900	0.5	0.42	0.42	0	0	0.5
77000	0.52	0.42	0.42	0	0	0.52
77100	0.52	0.42	0.42	0	0	0.52
77200	0.52	0.42	0.42	0	0	0.52
77300	0.52	0.42	0.42	0	0	0.52
77400	0.54	0.42	0.42	0	0	0.54
77500	0.54	0.44	0.44	0	0	0.54
77600	0.54	0.44	0.44	0	0	0.54
77700	0.56	0.44	0.44	0	0	0.56
77800	0.56	0.44	0.44	0	0	0.56
77900	0.56	0.44	0.44	0	0	0.56
78000	0.56	0.44	0.44	0	0	0.56
78100	0.56	0.44	0.44	0	0	0.56
78200	0.56	0.44	0.44	0	0	0.56
78300	0.56	0.44	0.44	0	0	0.56
78400	0.56	0.44	0.44	0	0	0.56
78500	0.56	0.44	0.44	0	0	0.56
78600	0.56	0.44	0.44	0	0	0.56
78700	0.56	0.44	0.44	0	0	0.56
78800	0.56	0.44	0.44	0	0	0.56
78900	0.56	0.44	0.44	0	0	0.56
79000	0.56	0.44	0.44	0	0	0.56
79100	0.56	0.44	0.44	0	0	0.56
79200	0.56	0.44	0.44	0	0	0.56
79300	0.56	0.44	0.44	0	0	0.56
79400	0.56	0.44	0.44	0	0	0.56
79500	0.56	0.44	0.44	0	0	0.56
79600	0.56	0.44	0.44	0	0	0.56
79700	0.56	0.42	0.42	0	0	0.56
79800	0.56	0.42	0.42	0	0	0.56
79900	0.56	0.42	0.42	0	0	0.56
80000	0.56	0.42	0.42	0	0	0.56
80100	0.56	0.42	0.42	0	0	0.56
80200	0.56	0.42	0.42	0	0	0.56
80300	0.56	0.42	0.42	0	0	0.56
80400	0.56	0.42	0.42	0	0	0.56
80500	0.56	0.42	0.42	0	0	0.56
80600	0.56	0.42	0.42	0	0	0.56
80700	0.56	0.42	0.42	0	0	0.56
80800	0.56	0.42	0.42	0	0	0.56
80900	0.56	0.42	0.42	0	0	0.56
81000	0.56	0.42	0.42	0	0	0.56
81100	0.56	0.42	0.42	0	0	0.56
81200	0.56	0.42	0.42	0	0	0.56
81300	0.56	0.44	0.44	0	0	0.56
81400	0.56	0.44	0.44	0	0	0.56
81500	0.56	0.44	0.44	0	0	0.56
81600	0.56	0.44	0.44	0	0	0.56
81700	0.56	0.44	0.44	0	0	0.56
81800	0.56	0.42	0.42	0	0	0.56
81900	0.56	0.42	0.42	0	0	0.56
82000	0.56	0.42	0.42	0	0	0.56
82100	0.56	0.42	0.42	0	0	0.56
82200	0.56	0.42	0.42	0	0	0.56
82300	0.56	0.42	0.42	0	0	0.56
82400	0.56	0.42	0.42	0	0	0.56
82500	0.56	0.42	0.42	0	0	0.56
82600	0.56	0.4	0.4	0	0	0.56
82700	0.56	0.4	0.4	0	0	0.56
82800	0.56	0.4	0.4	0	0	0.56
82900	0.56	0.4	0.4	0	0	0.56
83000	0.58	0.4	0.4	0	0	0.58
83100	0.58	0.4	0.4	0	0	0.58
83200	0.58	0.4	0.4	0	0	0.58
83300	0.58	0.4	0.4	0	0	0.58
83400	0.58	0.4	0.4	0	0	0.58
83500	0.58	0.4	0.4	0	0	0.58
83600	0.58	0.4	0.4	0	0	0.58
83700	0.58	0.4	0.4	0	0	0.58
83800	0.58	0.4	0.4	0	0	0.58
83900	0.58	0.4	0.4	0	0	0.58
84000	0.58	0.4	0.4	0	0	0.58
84100	0.58	0.4	0.4	0	0	0.58
84200	0.58	0.4	0.4	0	0	0.58
84300	0.58	0.4	0.4	0	0	0.58
84400	0.58	0.4	0.4	0	0	0.58
84500	0.58	0.4	0.4	0	0	0.58
84600	0.58	0.4	0.4	0	0	0.58
84700	0.58	0.4	0.4	0	0	0.58
84800	0.58	0.4	0.4	0	0	0.58
84900	0.58	0.4	0.4	0	0	0.58
85000	0.58	0.4	0.4	0	0	0.58
85100	0.58	0.4	0.4	0	0	0.58
85200	0.58	0.4	0.4	0	0	0.58
85300	0.58	0.4	0.4	0	0	0.58
85400	0.58	0.4	0.4	0	0	0.58
85500	0.58	0.4	0.4	0	0	0.58
85600	0.58	0.4	0.4	0	0	0.58
85700	0.58	0.4	0.4	0	0	0.58
85800	0.58	0.4	0.4	0	0	0.58
85900	0.58	0.4	0.4	0	0	0.58
86000	0.58	0.4	0.4	0	0	0.58
86100	0.58	0.4	0.4	0	0	0.58
86200	0.58	0.4	0.4	0	0	0.58
86300	0.58	0.4	0.4	0	0	0.58
86400	0.58	0.4	0.4	0	0	0.58
86500	0.58	0.4	0.4	0	0	0.58
86600	0.6	0.4	0.4	0	0	0.6
86700	0.58	0.4	0.4	0	0	0.58
86800	0.58	0.4	0.4	0	0	0.58
86900	0.58	0.4	0.4	0	0	0.58
87000	0.58	0.4	0.4	0	0	0.58
87100	0.58	0.4	0.4	0	0	0.58
87200	0.58	0.4	0.4	0	0	0.58
87300	0.58	0.4	0.4	0	0	0.58
87400	0.58	0.4	0.4	0	0	0.58
87500	0.58	0.4	0.4	0	0	0.58
87600	0.58	0.4	0.4	0	0	0.58
87700	0.58	0.4	0.4	0	0	0.58
87800	0.58	0.4	0.4	0	0	0.58
87900	0.58	0.4	0.4	0	0	0.58
88000	0.58	0.4	0.4	0	0	0.58
88100	0.58	0.4	0.4	0	0	0.58
88200	0.58	0.4	0.4	0	0	0.58
88300	0.58	0.4	0.4	0	0	0.58
88400	0.58	0.4	0.4	0	0	0.58
88500	0.58	0.4	0.4	0	0	0.58
88600	0.58	0.4	0.4	0	0	0.58
88700	0.6	0.4	0.4	0	0	0.6
88800	0.6	0.4	0.4	0	0	0.6
88900	0.56	0.4	0.4	0	0	0.56
89000	0.56	0.4	0.4	0	0	0.56
89100	0.56	0.4	0.4	0	0	0.56
89200	0.56	0.4	0.4	0	0	0.56
89300	0.56	0.4	0.4	0	0	0.56
89400	0.56	0.4	0.4	0	0	0.56
89500	0.56	0.4	0.4	0	0	0.56
89600	0.56	0.4	0.4	0	0	0.56
89700	0.56	0.4	0.4	0	0	0.56
89800	0.56	0.4	0.4	0	0	0.56
89900	0.56	0.4	0.4	0	0	0.56
90000	0.56	0.4	0.4	0	0	0.56
90100	0.56	0.4	0.4	0	0	0.56
90200	0.54	0.4	0.4	0	0	0.54
90300	0.54	0.4	0.4	0	0	0.54
90400	0.54	0.4	0.4	0	0	0.54
90500	0.54	0.4	0.4	0	0	0.54
90600	0.54	0.4	0.4	0	0	0.54
90700	0.54	0.4	0.4	0	0	0.54
90800	0.54	0.4	0.4	0	0	0.54
90900	0.54	0.4	0.4	0	0	0.54
91000	0.54	0.4	0.4	0	0	0.54
91100	0.54	0.4	0.4	0	0	0.54
91200	0.54	0.4	0.4	0	0	0.54
91300	0.54	0.4	0.4	0	0	0.54
91400	0.52	0.4	0.4	0	0	0.52
91500	0.52	0.4	0.4	0	0	0.52
91600	0.56	0.4	0.4	0	0	0.56
91700	0.56	0.4	0.4	0	0	0.56
91800	0.56	0.4	0.4	0	0	0.56
91900	0.56	0.4	0.4	0	0	0.56
92000	0.56	0.4	0.4	0	0	0.56
92100	0.58	0.4	0.4	0	0	0.58
92200	0.58	0.4	0.4	0	0	0.58
92300	0.58	0.42	0.42	0	0	0.58
92400	0.58	0.42	0.42	0	0	0.58
92500	0.58	0.42	0.42	0	0	0.58
92600	0.58	0.42	0.42	0	0	0.58
92700	0.58	0.42	0.42	0	0	0.58
92800	0.58	0.42	0.42	0	0	0.58
92900	0.58	0.42	0.42	0	0	0.58
93000	0.58	0.42	0.42	0	0	0.58
93100	0.56	0.42	0.42	0	0	0.56
93200	0.56	0.42	0.42	0	0	0.56
93300	0.56	0.42	0.42	0	0	0.56
93400	0.56	0.42	0.42	0	0	0.56
93500	0.56	0.42	0.42	0	0	0.56
93600	0.56	0.42	0.42	0	0	0.56
93700	0.56	0.42	0.42	0	0	0.56
93800	0.56	0.42	0.42	0	0	0.56
93900	0.56	0.42	0.42	0	0	0.56
94000	0.56	0.42	0.42	0	0	0.56
94100	0.56	0.42	0.42	0	0	0.56
94200	0.56	0.42	0.42	0	0	0.56
94300	0.56	0.44	0.44	0	0	0.56
94400	0.56	0.44	0.44	0	0	0.56
94500	0.56	0.44	0.44	0	0	0.56
94600	0.56	0.44	0.44	0	0	0.56
94700	0.56	0.44	0.44	0	0	0.56
94800	0.56	0.44	0.44	0	0	0.56
94900	0.56	0.44	0.44	0	0	0.56
95000	0.56	0.44	0.44	0	0	0.56
95100	0.56	0.44	0.44	0	0	0.56
95200	0.56	0.44	0.44	0	0	0.56
95300	0.56	0.44	0.44	0	0	0.56
95400	0.56	0.44	0.44	0	0	0.56
95500	0.56	0.44	0.44	0	0	0.56
95600	0.56	0.44	0.44	0	0	0.56
95700	0.56	0.44	0.44	0	0	0.56
95800	0.56	0.44	0.44	0	0	0.56
95900	0.56	0.44	0.44	0	0	0.56
96000	0.56	0.44	0.44	0	0	0.56
96100	0.56	0.44	0.44	0	0	0.56
96200	0.56	0.44	0.44	0	0	0.56
96300	0.56	0.44	0.44	0	0	0.56
96400	0.56	0.44	0.44	0	0	0.56
96500	0.56	0.44	0.44	0	0	0.56
96600	0.56	0.44	0.44	0	0	0.56
96700	0.56	0.44	0.44	0	0	0.56
96800	0.56	0.44	0.44	0	0	0.56
96900	0.56	0.44	0.44	0	0	0.56
97000	0.56	0.44	0.44	0	0	0.56
97100	0.56	0.44	0.44	0	0	0.56
97200	0.56	0.44	0.44	0	0	0.56
97300	0.56	0.44	0.44	0	0	0.56
97400	0.56	0.44	0.44	0	0	0.56
97500	0.56	0.44	0.44	0	0	0.56
97600	0.56	0.44	0.44	0	0	0.56
97700	0.56	0.44	0.44	0	0	0.56
97800	0.56	0.44	0.44	0	0	0.56
97900	0.56	0.44	0.44	0	0	0.56
98000	0.56	0.44	0.44	0	0	0.56
98100	0.56	0.44	0.44	0	0	0.56
98200	0.54	0.44	0.44	0	0	0.54
98300	0.54	0.44	0.44	0	0	0.54
98400	0.54	0.44	0.44	0	0	0.54
98500	0.54	0.44	0.44	0	0	0.54
98600	0.54	0.44	0.44	0	0	0.54
98700	0.54	0.44	0.44	0	0	0.54
98800	0.54	0.44	0.44	0	0	0.54
98900	0.54	0.44	0.44	0	0	0.54
99000	0.54	0.44	0.44	0	0	0.54
99100	0.54	0.44	0.44	0	0	0.54
99200	0.54	0.44	0.44	0	0	0.54
99300	0.54	0.44	0.44	0	0	0.54
99400	0.54	0.44	0.44	0	0	0.54
99500	0.54	0.44	0.44	0	0	0.54
99600	0.54	0.44	0.44	0	0	0.54
99700	0.54	0.44	0.44	0	0	0.54
99800	0.54	0.44	0.44	0	0	0.54
99900	0.52	0.44	0.44	0	0	0.52
100000	0.52	0.44	0.44	0	0	0.52
