100	0.1	0.08	0.08	0	0	0.1
200	0.1	0.1	0.1	0	0	0.1
300	0.1	0.1	0.1	0	0	0.1
400	0.1	0.12	0.12	0	0	0.1
500	0.12	0.14	0.14	0	0	0.12
600	0.14	0.14	0.14	0	0	0.14
700	0.14	0.16	0.16	0	0	0.14
800	0.14	0.18	0.18	0	0	0.14
900	0.14	0.22	0.22	0	0	0.14
1000	0.14	0.26	0.26	0	0	0.14
1100	0.14	0.3	0.3	0	0	0.14
1200	0.14	0.3	0.3	0	0	0.14
1300	0.16	0.3	0.3	0	0	0.16
1400	0.16	0.3	0.3	0	0	0.16
1500	0.16	0.32	0.32	0	0	0.16
1600	0.18	0.32	0.32	0	0	0.18
1700	0.18	0.34	0.34	0	0	0.18
1800	0.18	0.36	0.36	0	0	0.18
1900	0.18	0.4	0.4	0	0	0.18
2000	0.2	0.4	0.4	0	0	0.2
2100	0.22	0.38	0.38	0	0	0.22
2200	0.22	0.38	0.38	0	0	0.22
2300	0.22	0.38	0.38	0	0	0.22
2400	0.22	0.38	0.38	0	0	0.22
2500	0.24	0.38	0.38	0	0	0.24
2600	0.22	0.38	0.38	0	0	0.22
2700	0.22	0.38	0.38	0	0	0.22
2800	0.22	0.44	0.44	0	0	0.22
2900	0.24	0.46	0.46	0	0	0.24
3000	0.24	0.46	0.46	0	0	0.24
3100	0.28	0.46	0.46	0	0	0.28
3200	0.3	0.46	0.46	0	0	0.3
3300	0.3	0.46	0.46	0	0	0.3
3400	0.3	0.46	0.46	0	0	0.3
3500	0.3	0.46	0.46	0	0	0.3
3600	0.3	0.46	0.46	0	0	0.3
3700	0.3	0.46	0.46	0	0	0.3
3800	0.3	0.46	0.46	0	0	0.3
3900	0.3	0.46	0.46	0	0	0.3
4000	0.28	0.46	0.46	0	0	0.28
4100	0.3	0.46	0.46	0	0	0.3
4200	0.3	0.46	0.46	0	0	0.3
4300	0.3	0.46	0.46	0	0	0.3
4400	0.3	0.46	0.46	0	0	0.3
4500	0.34	0.46	0.46	0	0	0.34
4600	0.34	0.46	0.46	0	0	0.34
4700	0.34	0.46	0.46	0	0	0.34
4800	0.34	0.46	0.46	0	0	0.34
4900	0.34	0.46	0.46	0	0	0.34
5000	0.34	0.46	0.46	0	0	0.34
5100	0.34	0.46	0.46	0	0	0.34
5200	0.34	0.48	0.48	0	0	0.34
5300	0.34	0.5	0.5	0	0	0.34
5400	0.34	0.5	0.5	0	0	0.34
5500	0.34	0.5	0.5	0	0	0.34
5600	0.32	0.5	0.5	0	0	0.32
5700	0.32	0.48	0.48	0	0	0.32
5800	0.3	0.5	0.5	0	0	0.3
5900	0.32	0.5	0.5	0	0	0.32
6000	0.32	0.5	0.5	0	0	0.32
6100	0.3	0.5	0.5	0	0	0.3
6200	0.3	0.48	0.48	0	0	0.3
6300	0.3	0.48	0.48	0	0	0.3
6400	0.3	0.5	0.5	0	0	0.3
6500	0.3	0.5	0.5	0	0	0.3
6600	0.3	0.5	0.5	0	0	0.3
6700	0.3	0.52	0.52	0	0	0.3
6800	0.3	0.52	0.52	0	0	0.3
6900	0.3	0.52	0.52	0	0	0.3
7000	0.32	0.5	0.5	0	0	0.32
7100	0.32	0.5	0.5	0	0	0.32
7200	0.32	0.5	0.5	0	0	0.32
7300	0.34	0.5	0.5	0	0	0.34
7400	0.34	0.52	0.52	0	0	0.34
7500	0.34	0.5	0.5	0	0	0.34
7600	0.34	0.5	0.5	0	0	0.34
7700	0.34	0.5	0.5	0	0	0.34
7800	0.34	0.5	0.5	0	0	0.34
7900	0.34	0.5	0.5	0	0	0.34
8000	0.34	0.5	0.5	0	0	0.34
8100	0.34	0.5	0.5	0	0	0.34
8200	0.34	0.5	0.5	0	0	0.34
8300	0.34	0.5	0.5	0	0	0.34
8400	0.34	0.5	0.5	0	0	0.34
8500	0.34	0.48	0.48	0	0	0.34
8600	0.34	0.48	0.48	0	0	0.34
8700	0.34	0.48	0.48	0	0	0.34
8800	0.36	0.46	0.46	0	0	0.36
8900	0.36	0.46	0.46	0	0	0.36
9000	0.36	0.46	0.46	0	0	0.36
9100	0.36	0.46	0.46	0	0	0.36
9200	0.36	0.46	0.46	0	0	0.36
9300	0.36	0.46	0.46	0	0	0.36
9400	0.38	0.46	0.46	0	0	0.38
9500	0.38	0.46	0.46	0	0	0.38
9600	0.38	0.48	0.48	0	0	0.38
9700	0.38	0.48	0.48	0	0	0.38
9800	0.38	0.48	0.48	0	0	0.38
9900	0.38	0.48	0.48	0	0	0.38
10000	0.38	0.48	0.48	0	0	0.38
10100	0.38	0.48	0.48	0	0	0.38
10200	0.4	0.48	0.48	0	0	0.4
10300	0.4	0.48	0.48	0	0	0.4
10400	0.4	0.48	0.48	0	0	0.4
10500	0.4	0.46	0.46	0	0	0.4
10600	0.4	0.46	0.46	0	0	0.4
10700	0.4	0.46	0.46	0	0	0.4
10800	0.4	0.46	0.46	0	0	0.4
10900	0.4	0.46	0.46	0	0	0.4
11000	0.4	0.46	0.46	0	0	0.4
11100	0.4	0.46	0.46	0	0	0.4
11200	0.4	0.46	0.46	0	0	0.4
11300	0.38	0.46	0.46	0	0	0.38
11400	0.38	0.46	0.46	0	0	0.38
11500	0.38	0.44	0.44	0	0	0.38
11600	0.38	0.44	0.44	0	0	0.38
11700	0.36	0.44	0.44	0	0	0.36
11800	0.36	0.44	0.44	0	0	0.36
11900	0.36	0.44	0.44	0	0	0.36
12000	0.34	0.44	0.44	0	0	0.34
12100	0.34	0.46	0.46	0	0	0.34
12200	0.34	0.46	0.46	0	0	0.34
12300	0.34	0.46	0.46	0	0	0.34
12400	0.34	0.46	0.46	0	0	0.34
12500	0.34	0.46	0.46	0	0	0.34
12600	0.34	0.46	0.46	0	0	0.34
12700	0.34	0.46	0.46	0	0	0.34
12800	0.34	0.46	0.46	0	0	0.34
12900	0.34	0.46	0.46	0	0	0.34
13000	0.34	0.44	0.44	0	0	0.34
13100	0.36	0.44	0.44	0	0	0.36
13200	0.36	0.44	0.44	0	0	0.36
13300	0.36	0.44	0.44	0	0	0.36
13400	0.36	0.44	0.44	0	0	0.36
13500	0.36	0.44	0.44	0	0	0.36
13600	0.36	0.44	0.44	0	0	0.36
13700	0.38	0.42	0.42	0	0	0.38
13800	0.36	0.4	0.4	0	0	0.36
13900	0.36	0.4	0.4	0	0	0.36
14000	0.36	0.4	0.4	0	0	0.36
14100	0.36	0.4	0.4	0	0	0.36
14200	0.36	0.4	0.4	0	0	0.36
14300	0.36	0.4	0.4	0	0	0.36
14400	0.36	0.4	0.4	0	0	0.36
14500	0.36	0.4	0.4	0	0	0.36
14600	0.36	0.4	0.4	0	0	0.36
14700	0.34	0.4	0.4	0	0	0.34
14800	0.34	0.42	0.42	0	0	0.34
14900	0.36	0.42	0.42	0	0	0.36
15000	0.36	0.42	0.42	0	0	0.36
15100	0.38	0.42	0.42	0	0	0.38
15200	0.4	0.42	0.42	0	0	0.4
15300	0.42	0.42	0.42	0	0	0.42
15400	0.42	0.44	0.44	0	0	0.42
15500	0.42	0.44	0.44	0	0	0.42
15600	0.42	0.44	0.44	0	0	0.42
15700	0.42	0.42	0.42	0	0	0.42
15800	0.42	0.42	0.42	0	0	0.42
15900	0.42	0.42	0.42	0	0	0.42
16000	0.42	0.42	0.42	0	0	0.42
16100	0.42	0.42	0.42	0	0	0.42
16200	0.42	0.42	0.42	0	0	0.42
16300	0.42	0.42	0.42	0	0	0.42
16400	0.42	0.42	0.42	0	0	0.42
16500	0.42	0.42	0.42	0	0	0.42
16600	0.42	0.42	0.42	0	0	0.42
16700	0.42	0.42	0.42	0	0	0.42
16800	0.42	0.42	0.42	0	0	0.42
16900	0.42	0.42	0.42	0	0	0.42
17000	0.42	0.42	0.42	0	0	0.42
17100	0.42	0.42	0.42	0	0	0.42
17200	0.42	0.42	0.42	0	0	0.42
17300	0.44	0.42	0.42	0	0	0.44
17400	0.46	0.42	0.42	0	0	0.46
17500	0.46	0.42	0.42	0	0	0.46
17600	0.46	0.42	0.42	0	0	0.46
17700	0.46	0.42	0.42	0	0	0.46
17800	0.46	0.42	0.42	0	0	0.46
17900	0.46	0.42	0.42	0	0	0.46
18000	0.46	0.42	0.42	0	0	0.46
18100	0.46	0.44	0.44	0	0	0.46
18200	0.46	0.42	0.42	0	0	0.46
18300	0.46	0.42	0.42	0	0	0.46
18400	0.46	0.42	0.42	0	0	0.46
18500	0.44	0.42	0.42	0	0	0.44
18600	0.46	0.42	0.42	0	0	0.46
18700	0.46	0.42	0.42	0	0	0.46
18800	0.46	0.44	0.44	0	0	0.46
18900	0.46	0.44	0.44	0	0	0.46
19000	0.46	0.44	0.44	0	0	0.46
19100	0.46	0.44	0.44	0	0	0.46
19200	0.46	0.44	0.44	0	0	0.46
19300	0.46	0.44	0.44	0	0	0.46
19400	0.48	0.44	0.44	0	0	0.48
19500	0.48	0.44	0.44	0	0	0.48
19600	0.48	0.44	0.44	0	0	0.48
19700	0.48	0.44	0.44	0	0	0.48
19800	0.48	0.44	0.44	0	0	0.48
19900	0.48	0.44	0.44	0	0	0.48
20000	0.48	0.44	0.44	0	0	0.48
20100	0.48	0.44	0.44	0	0	0.48
20200	0.48	0.44	0.44	0	0	0.48
20300	0.48	0.44	0.44	0	0	0.48
20400	0.48	0.44	0.44	0	0	0.48
20500	0.48	0.44	0.44	0	0	0.48
20600	0.48	0.44	0.44	0	0	0.48
20700	0.48	0.44	0.44	0	0	0.48
20800	0.48	0.44	0.44	0	0	0.48
20900	0.48	0.44	0.44	0	0	0.48
21000	0.48	0.44	0.44	0	0	0.48
21100	0.46	0.44	0.44	0	0	0.46
21200	0.46	0.44	0.44	0	0	0.46
21300	0.46	0.44	0.44	0	0	0.46
21400	0.46	0.44	0.44	0	0	0.46
21500	0.46	0.44	0.44	0	0	0.46
21600	0.46	0.44	0.44	0	0	0.46
21700	0.46	0.44	0.44	0	0	0.46
21800	0.46	0.44	0.44	0	0	0.46
21900	0.46	0.44	0.44	0	0	0.46
22000	0.46	0.44	0.44	0	0	0.46
22100	0.46	0.44	0.44	0	0	0.46
22200	0.46	0.44	0.44	0	0	0.46
22300	0.46	0.44	0.44	0	0	0.46
22400	0.46	0.44	0.44	0	0	0.46
22500	0.46	0.44	0.44	0	0	0.46
22600	0.46	0.44	0.44	0	0	0.46
22700	0.46	0.42	0.42	0	0	0.46
22800	0.46	0.42	0.42	0	0	0.46
22900	0.46	0.42	0.42	0	0	0.46
23000	0.46	0.42	0.42	0	0	0.46
23100	0.46	0.42	0.42	0	0	0.46
23200	0.46	0.42	0.42	0	0	0.46
23300	0.46	0.42	0.42	0	0	0.46
23400	0.46	0.42	0.42	0	0	0.46
23500	0.46	0.42	0.42	0	0	0.46
23600	0.46	0.42	0.42	0	0	0.46
23700	0.46	0.42	0.42	0	0	0.46
23800	0.46	0.42	0.42	0	0	0.46
23900	0.46	0.42	0.42	0	0	0.46
24000	0.46	0.42	0.42	0	0	0.46
24100	0.46	0.42	0.42	0	0	0.46
24200	0.46	0.42	0.42	0	0	0.46
24300	0.46	0.42	0.42	0	0	0.46
24400	0.46	0.42	0.42	0	0	0.46
24500	0.46	0.44	0.44	0	0	0.46
24600	0.46	0.44	0.44	0	0	0.46
24700	0.46	0.44	0.44	0	0	0.46
24800	0.46	0.44	0.44	0	0	0.46
24900	0.46	0.48	0.48	0	0	0.46
25000	0.46	0.48	0.48	0	0	0.46
25100	0.46	0.46	0.46	0	0	0.46
25200	0.46	0.46	0.46	0	0	0.46
25300	0.46	0.46	0.46	0	0	0.46
25400	0.46	0.46	0.46	0	0	0.46
25500	0.46	0.46	0.46	0	0	0.46
25600	0.46	0.46	0.46	0	0	0.46
25700	0.44	0.46	0.46	0	0	0.44
25800	0.44	0.46	0.46	0	0	0.44
25900	0.44	0.46	0.46	0	0	0.44
26000	0.42	0.46	0.46	0	0	0.42
26100	0.42	0.46	0.46	0	0	0.42
26200	0.42	0.46	0.46	0	0	0.42
26300	0.42	0.46	0.46	0	0	0.42
26400	0.42	0.48	0.48	0	0	0.42
26500	0.42	0.48	0.48	0	0	0.42
26600	0.42	0.48	0.48	0	0	0.42
26700	0.42	0.48	0.48	0	0	0.42
26800	0.42	0.48	0.48	0	0	0.42
26900	0.42	0.48	0.48	0	0	0.42
27000	0.42	0.48	0.48	0	0	0.42
27100	0.42	0.48	0.48	0	0	0.42
27200	0.44	0.48	0.48	0	0	0.44
27300	0.44	0.48	0.48	0	0	0.44
27400	0.44	0.48	0.48	0	0	0.44
27500	0.44	0.48	0.48	0	0	0.44
27600	0.44	0.48	0.48	0	0	0.44
27700	0.44	0.48	0.48	0	0	0.44
27800	0.44	0.48	0.48	0	0	0.44
27900	0.44	0.48	0.48	0	0	0.44
28000	0.44	0.48	0.48	0	0	0.44
28100	0.44	0.48	0.48	0	0	0.44
28200	0.44	0.48	0.48	0	0	0.44
28300	0.44	0.48	0.48	0	0	0.44
28400	0.44	0.48	0.48	0	0	0.44
28500	0.44	0.48	0.48	0	0	0.44
28600	0.44	0.5	0.5	0	0	0.44
28700	0.44	0.5	0.5	0	0	0.44
28800	0.46	0.5	0.5	0	0	0.46
28900	0.46	0.5	0.5	0	0	0.46
29000	0.46	0.5	0.5	0	0	0.46
29100	0.46	0.5	0.5	0	0	0.46
29200	0.46	0.5	0.5	0	0	0.46
29300	0.46	0.5	0.5	0	0	0.46
29400	0.46	0.5	0.5	0	0	0.46
29500	0.46	0.5	0.5	0	0	0.46
29600	0.46	0.5	0.5	0	0	0.46
29700	0.46	0.5	0.5	0	0	0.46
29800	0.46	0.5	0.5	0	0	0.46
29900	0.46	0.48	0.48	0	0	0.46
30000	0.44	0.48	0.48	0	0	0.44
30100	0.44	0.48	0.48	0	0	0.44
30200	0.44	0.48	0.48	0	0	0.44
30300	0.44	0.48	0.48	0	0	0.44
30400	0.44	0.48	0.48	0	0	0.44
30500	0.44	0.48	0.48	0	0	0.44
30600	0.44	0.48	0.48	0	0	0.44
30700	0.44	0.46	0.46	0	0	0.44
30800	0.44	0.46	0.46	0	0	0.44
30900	0.44	0.46	0.46	0	0	0.44
31000	0.44	0.46	0.46	0	0	0.44
31100	0.46	0.46	0.46	0	0	0.46
31200	0.46	0.46	0.46	0	0	0.46
31300	0.46	0.46	0.46	0	0	0.46
31400	0.46	0.46	0.46	0	0	0.46
31500	0.44	0.46	0.46	0	0	0.44
31600	0.44	0.46	0.46	0	0	0.44
31700	0.44	0.46	0.46	0	0	0.44
31800	0.44	0.46	0.46	0	0	0.44
31900	0.44	0.46	0.46	0	0	0.44
32000	0.42	0.46	0.46	0	0	0.42
32100	0.4	0.46	0.46	0	0	0.4
32200	0.4	0.46	0.46	0	0	0.4
32300	0.4	0.46	0.46	0	0	0.4
32400	0.4	0.46	0.46	0	0	0.4
32500	0.4	0.46	0.46	0	0	0.4
32600	0.42	0.46	0.46	0	0	0.42
32700	0.42	0.46	0.46	0	0	0.42
32800	0.42	0.46	0.46	0	0	0.42
32900	0.42	0.48	0.48	0	0	0.42
33000	0.42	0.48	0.48	0	0	0.42
33100	0.42	0.48	0.48	0	0	0.42
33200	0.42	0.48	0.48	0	0	0.42
33300	0.42	0.48	0.48	0	0	0.42
33400	0.42	0.48	0.48	0	0	0.42
33500	0.42	0.48	0.48	0	0	0.42
33600	0.42	0.48	0.48	0	0	0.42
33700	0.42	0.46	0.46	0	0	0.42
33800	0.42	0.46	0.46	0	0	0.42
33900	0.42	0.46	0.46	0	0	0.42
34000	0.42	0.48	0.48	0	0	0.42
34100	0.42	0.48	0.48	0	0	0.42
34200	0.42	0.46	0.46	0	0	0.42
34300	0.42	0.46	0.46	0	0	0.42
34400	0.44	0.46	0.46	0	0	0.44
34500	0.44	0.46	0.46	0	0	0.44
34600	0.44	0.46	0.46	0	0	0.44
34700	0.44	0.48	0.48	0	0	0.44
34800	0.44	0.48	0.48	0	0	0.44
34900	0.44	0.46	0.46	0	0	0.44
35000	0.44	0.46	0.46	0	0	0.44
35100	0.44	0.46	0.46	0	0	0.44
35200	0.44	0.46	0.46	0	0	0.44
35300	0.44	0.46	0.46	0	0	0.44
35400	0.44	0.46	0.46	0	0	0.44
35500	0.44	0.46	0.46	0	0	0.44
35600	0.42	0.46	0.46	0	0	0.42
35700	0.42	0.46	0.46	0	0	0.42
35800	0.42	0.46	0.46	0	0	0.42
35900	0.42	0.46	0.46	0	0	0.42
36000	0.42	0.46	0.46	0	0	0.42
36100	0.42	0.46	0.46	0	0	0.42
36200	0.42	0.46	0.46	0	0	0.42
36300	0.44	0.48	0.48	0	0	0.44
36400	0.46	0.48	0.48	0	0	0.46
36500	0.46	0.48	0.48	0	0	0.46
36600	0.46	0.46	0.46	0	0	0.46
36700	0.46	0.48	0.48	0	0	0.46
36800	0.46	0.48	0.48	0	0	0.46
36900	0.46	0.48	0.48	0	0	0.46
37000	0.46	0.48	0.48	0	0	0.46
37100	0.46	0.48	0.48	0	0	0.46
37200	0.46	0.48	0.48	0	0	0.46
37300	0.46	0.48	0.48	0	0	0.46
37400	0.46	0.48	0.48	0	0	0.46
37500	0.46	0.48	0.48	0	0	0.46
37600	0.46	0.48	0.48	0	0	0.46
37700	0.46	0.48	0.48	0	0	0.46
37800	0.46	0.48	0.48	0	0	0.46
37900	0.46	0.48	0.48	0	0	0.46
38000	0.46	0.48	0.48	0	0	0.46
38100	0.46	0.48	0.48	0	0	0.46
38200	0.46	0.5	0.5	0	0	0.46
38300	0.46	0.5	0.5	0	0	0.46
38400	0.46	0.5	0.5	0	0	0.46
38500	0.48	0.5	0.5	0	0	0.48
38600	0.46	0.5	0.5	0	0	0.46
38700	0.46	0.5	0.5	0	0	0.46
38800	0.46	0.5	0.5	0	0	0.46
38900	0.46	0.5	0.5	0	0	0.46
39000	0.46	0.5	0.5	0	0	0.46
39100	0.46	0.5	0.5	0	0	0.46
39200	0.46	0.5	0.5	0	0	0.46
39300	0.46	0.5	0.5	0	0	0.46
39400	0.46	0.5	0.5	0	0	0.46
39500	0.46	0.48	0.48	0	0	0.46
39600	0.46	0.48	0.48	0	0	0.46
39700	0.46	0.48	0.48	0	0	0.46
39800	0.46	0.48	0.48	0	0	0.46
39900	0.46	0.48	0.48	0	0	0.46
40000	0.46	0.46	0.46	0	0	0.46
40100	0.46	0.46	0.46	0	0	0.46
40200	0.46	0.46	0.46	0	0	0.46
40300	0.46	0.46	0.46	0	0	0.46
40400	0.46	0.46	0.46	0	0	0.46
40500	0.46	0.46	0.46	0	0	0.46
40600	0.46	0.46	0.46	0	0	0.46
40700	0.46	0.46	0.46	0	0	0.46
40800	0.46	0.46	0.46	0	0	0.46
40900	0.46	0.46	0.46	0	0	0.46
41000	0.46	0.44	0.44	0	0	0.46
41100	0.46	0.44	0.44	0	0	0.46
41200	0.46	0.44	0.44	0	0	0.46
41300	0.46	0.44	0.44	0	0	0.46
41400	0.46	0.44	0.44	0	0	0.46
41500	0.46	0.44	0.44	0	0	0.46
41600	0.46	0.44	0.44	0	0	0.46
41700	0.46	0.44	0.44	0	0	0.46
41800	0.46	0.44	0.44	0	0	0.46
41900	0.46	0.44	0.44	0	0	0.46
42000	0.46	0.44	0.44	0	0	0.46
42100	0.46	0.44	0.44	0	0	0.46
42200	0.48	0.44	0.44	0	0	0.48
42300	0.48	0.44	0.44	0	0	0.48
42400	0.48	0.44	0.44	0	0	0.48
42500	0.48	0.44	0.44	0	0	0.48
42600	0.48	0.44	0.44	0	0	0.48
42700	0.48	0.44	0.44	0	0	0.48
42800	0.48	0.44	0.44	0	0	0.48
42900	0.48	0.44	0.44	0	0	0.48
43000	0.48	0.44	0.44	0	0	0.48
43100	0.48	0.44	0.44	0	0	0.48
43200	0.48	0.44	0.44	0	0	0.48
43300	0.48	0.44	0.44	0	0	0.48
43400	0.48	0.44	0.44	0	0	0.48
43500	0.48	0.44	0.44	0	0	0.48
43600	0.48	0.44	0.44	0	0	0.48
43700	0.48	0.44	0.44	0	0	0.48
43800	0.48	0.44	0.44	0	0	0.48
43900	0.48	0.44	0.44	0	0	0.48
44000	0.48	0.44	0.44	0	0	0.48
44100	0.48	0.44	0.44	0	0	0.48
44200	0.48	0.44	0.44	0	0	0.48
44300	0.48	0.46	0.46	0	0	0.48
44400	0.48	0.44	0.44	0	0	0.48
44500	0.48	0.44	0.44	0	0	0.48
44600	0.48	0.44	0.44	0	0	0.48
44700	0.5	0.44	0.44	0	0	0.5
44800	0.5	0.44	0.44	0	0	0.5
44900	0.5	0.44	0.44	0	0	0.5
45000	0.5	0.46	0.46	0	0	0.5
45100	0.5	0.48	0.48	0	0	0.5
45200	0.5	0.48	0.48	0	0	0.5
45300	0.5	0.48	0.48	0	0	0.5
45400	0.5	0.48	0.48	0	0	0.5
45500	0.5	0.48	0.48	0	0	0.5
45600	0.5	0.48	0.48	0	0	0.5
45700	0.5	0.46	0.46	0	0	0.5
45800	0.5	0.46	0.46	0	0	0.5
45900	0.5	0.46	0.46	0	0	0.5
46000	0.52	0.46	0.46	0	0	0.52
46100	0.52	0.44	0.44	0	0	0.52
46200	0.52	0.44	0.44	0	0	0.52
46300	0.52	0.44	0.44	0	0	0.52
46400	0.52	0.44	0.44	0	0	0.52
46500	0.52	0.44	0.44	0	0	0.52
46600	0.52	0.44	0.44	0	0	0.52
46700	0.52	0.44	0.44	0	0	0.52
46800	0.52	0.44	0.44	0	0	0.52
46900	0.52	0.44	0.44	0	0	0.52
47000	0.5	0.44	0.44	0	0	0.5
47100	0.5	0.44	0.44	0	0	0.5
47200	0.5	0.44	0.44	0	0	0.5
47300	0.5	0.44	0.44	0	0	0.5
47400	0.5	0.44	0.44	0	0	0.5
47500	0.5	0.46	0.46	0	0	0.5
47600	0.5	0.46	0.46	0	0	0.5
47700	0.5	0.46	0.46	0	0	0.5
47800	0.5	0.46	0.46	0	0	0.5
47900	0.5	0.46	0.46	0	0	0.5
48000	0.5	0.46	0.46	0	0	0.5
48100	0.5	0.46	0.46	0	0	0.5
48200	0.5	0.46	0.46	0	0	0.5
48300	0.5	0.46	0.46	0	0	0.5
48400	0.5	0.46	0.46	0	0	0.5
48500	0.5	0.46	0.46	0	0	0.5
48600	0.5	0.48	0.48	0	0	0.5
48700	0.5	0.48	0.48	0	0	0.5
48800	0.5	0.48	0.48	0	0	0.5
48900	0.5	0.48	0.48	0	0	0.5
49000	0.5	0.48	0.48	0	0	0.5
49100	0.48	0.48	0.48	0	0	0.48
49200	0.48	0.48	0.48	0	0	0.48
49300	0.48	0.48	0.48	0	0	0.48
49400	0.48	0.48	0.48	0	0	0.48
49500	0.48	0.48	0.48	0	0	0.48
49600	0.48	0.48	0.48	0	0	0.48
49700	0.48	0.48	0.48	0	0	0.48
49800	0.48	0.48	0.48	0	0	0.48
49900	0.48	0.48	0.48	0	0	0.48
50000	0.48	0.48	0.48	0	0	0.48
50100	0.48	0.48	0.48	0	0	0.48
50200	0.48	0.48	0.48	0	0	0.48
50300	0.48	0.48	0.48	0	0	0.48
50400	0.48	0.48	0.48	0	0	0.48
50500	0.48	0.48	0.48	0	0	0.48
50600	0.48	0.48	0.48	0	0	0.48
50700	0.48	0.48	0.48	0	0	0.48
50800	0.48	0.48	0.48	0	0	0.48
50900	0.48	0.48	0.48	0	0	0.48
51000	0.48	0.48	0.48	0	0	0.48
51100	0.48	0.48	0.48	0	0	0.48
51200	0.48	0.48	0.48	0	0	0.48
51300	0.48	0.48	0.48	0	0	0.48
51400	0.48	0.48	0.48	0	0	0.48
51500	0.48	0.48	0.48	0	0	0.48
51600	0.48	0.48	0.48	0	0	0.48
51700	0.48	0.48	0.48	0	0	0.48
51800	0.48	0.48	0.48	0	0	0.48
51900	0.48	0.48	0.48	0	0	0.48
52000	0.48	0.48	0.48	0	0	0.48
52100	0.48	0.48	0.48	0	0	0.48
52200	0.48	0.48	0.48	0	0	0.48
52300	0.48	0.48	0.48	0	0	0.48
52400	0.48	0.48	0.48	0	0	0.48
52500	0.48	0.48	0.48	0	0	0.48
52600	0.48	0.5	0.5	0	0	0.48
52700	0.48	0.5	0.5	0	0	0.48
52800	0.48	0.5	0.5	0	0	0.48
52900	0.48	0.5	0.5	0	0	0.48
53000	0.46	0.5	0.5	0	0	0.46
53100	0.46	0.5	0.5	0	0	0.46
53200	0.46	0.5	0.5	0	0	0.46
53300	0.46	0.5	0.5	0	0	0.46
53400	0.46	0.5	0.5	0	0	0.46
53500	0.46	0.5	0.5	0	0	0.46
53600	0.46	0.48	0.48	0	0	0.46
53700	0.46	0.48	0.48	0	0	0.46
53800	0.46	0.48	0.48	0	0	0.46
53900	0.46	0.48	0.48	0	0	0.46
54000	0.46	0.48	0.48	0	0	0.46
54100	0.46	0.48	0.48	0	0	0.46
54200	0.46	0.48	0.48	0	0	0.46
54300	0.46	0.48	0.48	0	0	0.46
54400	0.46	0.48	0.48	0	0	0.46
54500	0.46	0.48	0.48	0	0	0.46
54600	0.46	0.48	0.48	0	0	0.46
54700	0.48	0.48	0.48	0	0	0.48
54800	0.48	0.48	0.48	0	0	0.48
54900	0.48	0.48	0.48	0	0	0.48
55000	0.48	0.48	0.48	0	0	0.48
55100	0.48	0.48	0.48	0	0	0.48
55200	0.48	0.48	0.48	0	0	0.48
55300	0.48	0.48	0.48	0	0	0.48
55400	0.48	0.48	0.48	0	0	0.48
55500	0.48	0.48	0.48	0	0	0.48
55600	0.48	0.48	0.48	0	0	0.48
55700	0.48	0.48	0.48	0	0	0.48
55800	0.48	0.48	0.48	0	0	0.48
55900	0.48	0.48	0.48	0	0	0.48
56000	0.48	0.48	0.48	0	0	0.48
56100	0.48	0.48	0.48	0	0	0.48
56200	0.48	0.48	0.48	0	0	0.48
56300	0.48	0.48	0.48	0	0	0.48
56400	0.5	0.48	0.48	0	0	0.5
56500	0.5	0.48	0.48	0	0	0.5
56600	0.5	0.48	0.48	0	0	0.5
56700	0.5	0.48	0.48	0	0	0.5
56800	0.5	0.48	0.48	0	0	0.5
56900	0.5	0.48	0.48	0	0	0.5
57000	0.5	0.48	0.48	0	0	0.5
57100	0.5	0.48	0.48	0	0	0.5
57200	0.5	0.48	0.48	0	0	0.5
57300	0.5	0.48	0.48	0	0	0.5
57400	0.5	0.48	0.48	0	0	0.5
57500	0.5	0.48	0.48	0	0	0.5
57600	0.5	0.48	0.48	0	0	0.5
57700	0.5	0.48	0.48	0	0	0.5
57800	0.5	0.48	0.48	0	0	0.5
57900	0.5	0.48	0.48	0	0	0.5
58000	0.5	0.48	0.48	0	0	0.5
58100	0.5	0.48	0.48	0	0	0.5
58200	0.5	0.46	0.46	0	0	0.5
58300	0.5	0.46	0.46	0	0	0.5
58400	0.5	0.46	0.46	0	0	0.5
58500	0.5	0.46	0.46	0	0	0.5
58600	0.5	0.46	0.46	0	0	0.5
58700	0.5	0.46	0.46	0	0	0.5
58800	0.5	0.46	0.46	0	0	0.5
58900	0.5	0.46	0.46	0	0	0.5
59000	0.5	0.46	0.46	0	0	0.5
59100	0.5	0.46	0.46	0	0	0.5
59200	0.5	0.46	0.46	0	0	0.5
59300	0.5	0.46	0.46	0	0	0.5
59400	0.5	0.46	0.46	0	0	0.5
59500	0.5	0.46	0.46	0	0	0.5
59600	0.5	0.46	0.46	0	0	0.5
59700	0.5	0.46	0.46	0	0	0.5
59800	0.5	0.46	0.46	0	0	0.5
59900	0.5	0.46	0.46	0	0	0.5
60000	0.5	0.46	0.46	0	0	0.5
60100	0.5	0.46	0.46	0	0	0.5
60200	0.5	0.46	0.46	0	0	0.5
60300	0.5	0.46	0.46	0	0	0.5
60400	0.5	0.46	0.46	0	0	0.5
60500	0.5	0.46	0.46	0	0	0.5
60600	0.5	0.46	0.46	0	0	0.5
60700	0.5	0.46	0.46	0	0	0.5
60800	0.52	0.46	0.46	0	0	0.52
60900	0.52	0.46	0.46	0	0	0.52
61000	0.52	0.46	0.46	0	0	0.52
61100	0.52	0.48	0.48	0	0	0.52
61200	0.52	0.48	0.48	0	0	0.52
61300	0.52	0.48	0.48	0	0	0.52
61400	0.52	0.48	0.48	0	0	0.52
61500	0.52	0.48	0.48	0	0	0.52
61600	0.52	0.48	0.48	0	0	0.52
61700	0.52	0.48	0.48	0	0	0.52
61800	0.52	0.48	0.48	0	0	0.52
61900	0.52	0.48	0.48	0	0	0.52
62000	0.52	0.48	0.48	0	0	0.52
62100	0.52	0.48	0.48	0	0	0.52
62200	0.52	0.48	0.48	0	0	0.52
62300	0.52	0.48	0.48	0	0	0.52
62400	0.52	0.48	0.48	0	0	0.52
62500	0.52	0.48	0.48	0	0	0.52
62600	0.52	0.48	0.48	0	0	0.52
62700	0.52	0.48	0.48	0	0	0.52
62800	0.52	0.48	0.48	0	0	0.52
62900	0.52	0.48	0.48	0	0	0.52
63000	0.52	0.48	0.48	0	0	0.52
63100	0.52	0.48	0.48	0	0	0.52
63200	0.52	0.48	0.48	0	0	0.52
63300	0.52	0.48	0.48	0	0	0.52
63400	0.52	0.48	0.48	0	0	0.52
63500	0.52	0.48	0.48	0	0	0.52
63600	0.52	0.48	0.48	0	0	0.52
63700	0.52	0.48	0.48	0	0	0.52
63800	0.52	0.48	0.48	0	0	0.52
63900	0.52	0.48	0.48	0	0	0.52
64000	0.52	0.48	0.48	0	0	0.52
64100	0.52	0.48	0.48	0	0	0.52
64200	0.52	0.48	0.48	0	0	0.52
64300	0.52	0.48	0.48	0	0	0.52
64400	0.52	0.48	0.48	0	0	0.52
64500	0.52	0.48	0.48	0	0	0.52
64600	0.52	0.48	0.48	0	0	0.52
64700	0.52	0.48	0.48	0	0	0.52
64800	0.52	0.48	0.48	0	0	0.52
64900	0.52	0.48	0.48	0	0	0.52
65000	0.52	0.48	0.48	0	0	0.52
65100	0.52	0.48	0.48	0	0	0.52
65200	0.52	0.48	0.48	0	0	0.52
65300	0.52	0.48	0.48	0	0	0.52
65400	0.52	0.48	0.48	0	0	0.52
65500	0.52	0.48	0.48	0	0	0.52
65600	0.52	0.48	0.48	0	0	0.52
65700	0.52	0.48	0.48	0	0	0.52
65800	0.52	0.48	0.48	0	0	0.52
65900	0.52	0.48	0.48	0	0	0.52
66000	0.52	0.48	0.48	0	0	0.52
66100	0.52	0.48	0.48	0	0	0.52
66200	0.52	0.48	0.48	0	0	0.52
66300	0.52	0.48	0.48	0	0	0.52
66400	0.52	0.48	0.48	0	0	0.52
66500	0.52	0.48	0.48	0	0	0.52
66600	0.52	0.48	0.48	0	0	0.52
66700	0.52	0.48	0.48	0	0	0.52
66800	0.52	0.48	0.48	0	0	0.52
66900	0.52	0.48	0.48	0	0	0.52
67000	0.52	0.48	0.48	0	0	0.52
67100	0.52	0.48	0.48	0	0	0.52
67200	0.52	0.48	0.48	0	0	0.52
67300	0.52	0.48	0.48	0	0	0.52
67400	0.52	0.48	0.48	0	0	0.52
67500	0.52	0.48	0.48	0	0	0.52
67600	0.52	0.48	0.48	0	0	0.52
67700	0.52	0.48	0.48	0	0	0.52
67800	0.52	0.48	0.48	0	0	0.52
67900	0.52	0.48	0.48	0	0	0.52
68000	0.52	0.48	0.48	0	0	0.52
68100	0.52	0.48	0.48	0	0	0.52
68200	0.52	0.48	0.48	0	0	0.52
68300	0.52	0.48	0.48	0	0	0.52
68400	0.5	0.48	0.48	0	0	0.5
68500	0.5	0.48	0.48	0	0	0.5
68600	0.5	0.48	0.48	0	0	0.5
68700	0.5	0.48	0.48	0	0	0.5
68800	0.5	0.48	0.48	0	0	0.5
68900	0.5	0.48	0.48	0	0	0.5
69000	0.5	0.48	0.48	0	0	0.5
69100	0.5	0.48	0.48	0	0	0.5
69200	0.5	0.48	0.48	0	0	0.5
69300	0.5	0.48	0.48	0	0	0.5
69400	0.5	0.48	0.48	0	0	0.5
69500	0.5	0.48	0.48	0	0	0.5
69600	0.5	0.48	0.48	0	0	0.5
69700	0.5	0.48	0.48	0	0	0.5
69800	0.5	0.48	0.48	0	0	0.5
69900	0.5	0.48	0.48	0	0	0.5
70000	0.5	0.48	0.48	0	0	0.5
70100	0.5	0.48	0.48	0	0	0.5
70200	0.5	0.48	0.48	0	0	0.5
70300	0.5	0.5	0.5	0	0	0.5
70400	0.5	0.5	0.5	0	0	0.5
70500	0.5	0.5	0.5	0	0	0.5
70600	0.5	0.5	0.5	0	0	0.5
70700	0.5	0.5	0.5	0	0	0.5
70800	0.5	0.5	0.5	0	0	0.5
70900	0.5	0.5	0.5	0	0	0.5
71000	0.5	0.5	0.5	0	0	0.5
71100	0.5	0.5	0.5	0	0	0.5
71200	0.5	0.5	0.5	0	0	0.5
71300	0.5	0.5	0.5	0	0	0.5
71400	0.5	0.5	0.5	0	0	0.5
71500	0.5	0.5	0.5	0	0	0.5
71600	0.5	0.5	0.5	0	0	0.5
71700	0.5	0.5	0.5	0	0	0.5
71800	0.5	0.5	0.5	0	0	0.5
71900	0.5	0.5	0.5	0	0	0.5
72000	0.5	0.5	0.5	0	0	0.5
72100	0.5	0.5	0.5	0	0	0.5
72200	0.5	0.5	0.5	0	0	0.5
72300	0.5	0.5	0.5	0	0	0.5
72400	0.5	0.5	0.5	0	0	0.5
72500	0.5	0.5	0.5	0	0	0.5
72600	0.5	0.5	0.5	0	0	0.5
72700	0.5	0.5	0.5	0	0	0.5
72800	0.5	0.5	0.5	0	0	0.5
72900	0.5	0.5	0.5	0	0	0.5
73000	0.5	0.5	0.5	0	0	0.5
73100	0.5	0.5	0.5	0	0	0.5
73200	0.5	0.5	0.5	0	0	0.5
73300	0.5	0.5	0.5	0	0	0.5
73400	0.5	0.5	0.5	0	0	0.5
73500	0.5	0.5	0.5	0	0	0.5
73600	0.5	0.5	0.5	0	0	0.5
73700	0.5	0.5	0.5	0	0	0.5
73800	0.5	0.5	0.5	0	0	0.5
73900	0.5	0.5	0.5	0	0	0.5
74000	0.5	0.5	0.5	0	0	0.5
74100	0.5	0.5	0.5	0	0	0.5
74200	0.5	0.5	0.5	0	0	0.5
74300	0.5	0.5	0.5	0	0	0.5
74400	0.5	0.5	0.5	0	0	0.5
74500	0.5	0.5	0.5	0	0	0.5
74600	0.5	0.5	0.5	0	0	0.5
74700	0.5	0.5	0.5	0	0	0.5
74800	0.5	0.5	0.5	0	0	0.5
74900	0.5	0.5	0.5	0	0	0.5
75000	0.5	0.5	0.5	0	0	0.5
75100	0.5	0.5	0.5	0	0	0.5
75200	0.5	0.5	0.5	0	0	0.5
75300	0.5	0.5	0.5	0	0	0.5
75400	0.5	0.5	0.5	0	0	0.5
75500	0.5	0.48	0.48	0	0	0.5
75600	0.5	0.48	0.48	0	0	0.5
75700	0.5	0.48	0.48	0	0	0.5
75800	0.5	0.48	0.48	0	0	0.5
75900	0.5	0.48	0.48	0	0	0.5
76000	0.5	0.48	0.48	0	0	0.5
76100	0.5	0.48	0.48	0	0	0.5
76200	0.5	0.48	0.48	0	0	0.5
76300	0.5	0.48	0.48	0	0	0.5
76400	0.5	0.48	0.48	0	0	0.5
76500	0.5	0.48	0.48	0	0	0.5
76600	0.5	0.48	0.48	0	0	0.5
76700	0.5	0.48	0.48	0	0	0.5
76800	0.52	0.48	0.48	0	0	0.52
76900	0.5	0.48	0.48	0	0	0.5
77000	0.5	0.48	0.48	0	0	0.5
77100	0.5	0.48	0.48	0	0	0.5
77200	0.5	0.48	0.48	0	0	0.5
77300	0.5	0.48	0.48	0	0	0.5
77400	0.5	0.48	0.48	0	0	0.5
77500	0.5	0.48	0.48	0	0	0.5
77600	0.5	0.48	0.48	0	0	0.5
77700	0.5	0.48	0.48	0	0	0.5
77800	0.5	0.48	0.48	0	0	0.5
77900	0.5	0.46	0.46	0	0	0.5
78000	0.5	0.46	0.46	0	0	0.5
78100	0.5	0.46	0.46	0	0	0.5
78200	0.5	0.46	0.46	0	0	0.5
78300	0.5	0.46	0.46	0	0	0.5
78400	0.5	0.46	0.46	0	0	0.5
78500	0.5	0.46	0.46	0	0	0.5
78600	0.5	0.46	0.46	0	0	0.5
78700	0.52	0.46	0.46	0	0	0.52
78800	0.5	0.46	0.46	0	0	0.5
78900	0.5	0.46	0.46	0	0	0.5
79000	0.5	0.46	0.46	0	0	0.5
79100	0.5	0.46	0.46	0	0	0.5
79200	0.5	0.46	0.46	0	0	0.5
79300	0.5	0.46	0.46	0	0	0.5
79400	0.5	0.46	0.46	0	0	0.5
79500	0.5	0.46	0.46	0	0	0.5
79600	0.5	0.46	0.46	0	0	0.5
79700	0.5	0.46	0.46	0	0	0.5
79800	0.5	0.46	0.46	0	0	0.5
79900	0.5	0.46	0.46	0	0	0.5
80000	0.5	0.46	0.46	0	0	0.5
80100	0.5	0.46	0.46	0	0	0.5
80200	0.5	0.46	0.46	0	0	0.5
80300	0.5	0.46	0.46	0	0	0.5
80400	0.5	0.46	0.46	0	0	0.5
80500	0.5	0.46	0.46	0	0	0.5
80600	0.5	0.46	0.46	0	0	0.5
80700	0.5	0.46	0.46	0	0	0.5
80800	0.5	0.46	0.46	0	0	0.5
80900	0.5	0.46	0.46	0	0	0.5
81000	0.5	0.46	0.46	0	0	0.5
81100	0.5	0.46	0.46	0	0	0.5
81200	0.52	0.46	0.46	0	0	0.52
81300	0.52	0.46	0.46	0	0	0.52
81400	0.52	0.46	0.46	0	0	0.52
81500	0.52	0.46	0.46	0	0	0.52
81600	0.52	0.46	0.46	0	0	0.52
81700	0.52	0.46	0.46	0	0	0.52
81800	0.52	0.46	0.46	0	0	0.52
81900	0.52	0.46	0.46	0	0	0.52
82000	0.52	0.46	0.46	0	0	0.52
82100	0.52	0.46	0.46	0	0	0.52
82200	0.52	0.46	0.46	0	0	0.52
82300	0.52	0.46	0.46	0	0	0.52
82400	0.52	0.46	0.46	0	0	0.52
82500	0.52	0.46	0.46	0	0	0.52
82600	0.52	0.46	0.46	0	0	0.52
82700	0.52	0.46	0.46	0	0	0.52
82800	0.52	0.46	0.46	0	0	0.52
82900	0.52	0.46	0.46	0	0	0.52
83000	0.52	0.46	0.46	0	0	0.52
83100	0.52	0.46	0.46	0	0	0.52
83200	0.52	0.46	0.46	0	0	0.52
83300	0.52	0.46	0.46	0	0	0.52
83400	0.52	0.46	0.46	0	0	0.52
83500	0.52	0.46	0.46	0	0	0.52
83600	0.52	0.46	0.46	0	0	0.52
83700	0.52	0.46	0.46	0	0	0.52
83800	0.52	0.46	0.46	0	0	0.52
83900	0.52	0.46	0.46	0	0	0.52
84000	0.52	0.46	0.46	0	0	0.52
84100	0.52	0.46	0.46	0	0	0.52
84200	0.52	0.46	0.46	0	0	0.52
84300	0.52	0.46	0.46	0	0	0.52
84400	0.52	0.46	0.46	0	0	0.52
84500	0.52	0.46	0.46	0	0	0.52
84600	0.52	0.46	0.46	0	0	0.52
84700	0.52	0.44	0.44	0	0	0.52
84800	0.52	0.44	0.44	0	0	0.52
84900	0.52	0.44	0.44	0	0	0.52
85000	0.52	0.44	0.44	0	0	0.52
85100	0.52	0.44	0.44	0	0	0.52
85200	0.52	0.44	0.44	0	0	0.52
85300	0.52	0.44	0.44	0	0	0.52
85400	0.52	0.44	0.44	0	0	0.52
85500	0.52	0.44	0.44	0	0	0.52
85600	0.52	0.44	0.44	0	0	0.52
85700	0.52	0.44	0.44	0	0	0.52
85800	0.52	0.44	0.44	0	0	0.52
85900	0.52	0.44	0.44	0	0	0.52
86000	0.52	0.44	0.44	0	0	0.52
86100	0.52	0.44	0.44	0	0	0.52
86200	0.52	0.44	0.44	0	0	0.52
86300	0.52	0.44	0.44	0	0	0.52
86400	0.52	0.44	0.44	0	0	0.52
86500	0.52	0.44	0.44	0	0	0.52
86600	0.52	0.44	0.44	0	0	0.52
86700	0.54	0.44	0.44	0	0	0.54
86800	0.52	0.44	0.44	0	0	0.52
86900	0.52	0.44	0.44	0	0	0.52
87000	0.52	0.44	0.44	0	0	0.52
87100	0.52	0.44	0.44	0	0	0.52
87200	0.52	0.44	0.44	0	0	0.52
87300	0.52	0.44	0.44	0	0	0.52
87400	0.52	0.44	0.44	0	0	0.52
87500	0.52	0.44	0.44	0	0	0.52
87600	0.52	0.44	0.44	0	0	0.52
87700	0.52	0.44	0.44	0	0	0.52
87800	0.52	0.46	0.46	0	0	0.52
87900	0.52	0.46	0.46	0	0	0.52
88000	0.52	0.46	0.46	0	0	0.52
88100	0.52	0.46	0.46	0	0	0.52
88200	0.52	0.46	0.46	0	0	0.52
88300	0.52	0.46	0.46	0	0	0.52
88400	0.52	0.46	0.46	0	0	0.52
88500	0.52	0.48	0.48	0	0	0.52
88600	0.52	0.48	0.48	0	0	0.52
88700	0.52	0.48	0.48	0	0	0.52
88800	0.52	0.48	0.48	0	0	0.52
88900	0.52	0.48	0.48	0	0	0.52
89000	0.52	0.48	0.48	0	0	0.52
89100	0.52	0.48	0.48	0	0	0.52
89200	0.52	0.48	0.48	0	0	0.52
89300	0.52	0.48	0.48	0	0	0.52
89400	0.52	0.48	0.48	0	0	0.52
89500	0.52	0.48	0.48	0	0	0.52
89600	0.52	0.48	0.48	0	0	0.52
89700	0.52	0.48	0.48	0	0	0.52
89800	0.52	0.48	0.48	0	0	0.52
89900	0.52	0.48	0.48	0	0	0.52
90000	0.52	0.48	0.48	0	0	0.52
90100	0.52	0.48	0.48	0	0	0.52
90200	0.52	0.48	0.48	0	0	0.52
90300	0.52	0.48	0.48	0	0	0.52
90400	0.52	0.48	0.48	0	0	0.52
90500	0.52	0.48	0.48	0	0	0.52
90600	0.52	0.46	0.46	0	0	0.52
90700	0.52	0.46	0.46	0	0	0.52
90800	0.52	0.46	0.46	0	0	0.52
90900	0.52	0.46	0.46	0	0	0.52
91000	0.52	0.46	0.46	0	0	0.52
91100	0.52	0.46	0.46	0	0	0.52
91200	0.52	0.46	0.46	0	0	0.52
91300	0.52	0.46	0.46	0	0	0.52
91400	0.52	0.46	0.46	0	0	0.52
91500	0.52	0.46	0.46	0	0	0.52
91600	0.52	0.46	0.46	0	0	0.52
91700	0.52	0.46	0.46	0	0	0.52
91800	0.52	0.46	0.46	0	0	0.52
91900	0.52	0.46	0.46	0	0	0.52
92000	0.52	0.46	0.46	0	0	0.52
92100	0.52	0.46	0.46	0	0	0.52
92200	0.52	0.46	0.46	0	0	0.52
92300	0.52	0.46	0.46	0	0	0.52
92400	0.52	0.46	0.46	0	0	0.52
92500	0.52	0.46	0.46	0	0	0.52
92600	0.52	0.46	0.46	0	0	0.52
92700	0.52	0.46	0.46	0	0	0.52
92800	0.52	0.46	0.46	0	0	0.52
92900	0.52	0.46	0.46	0	0	0.52
93000	0.52	0.46	0.46	0	0	0.52
93100	0.52	0.46	0.46	0	0	0.52
93200	0.52	0.46	0.46	0	0	0.52
93300	0.52	0.46	0.46	0	0	0.52
93400	0.52	0.46	0.46	0	0	0.52
93500	0.52	0.46	0.46	0	0	0.52
93600	0.52	0.46	0.46	0	0	0.52
93700	0.52	0.46	0.46	0	0	0.52
93800	0.52	0.46	0.46	0	0	0.52
93900	0.52	0.46	0.46	0	0	0.52
94000	0.52	0.46	0.46	0	0	0.52
94100	0.52	0.46	0.46	0	0	0.52
94200	0.52	0.46	0.46	0	0	0.52
94300	0.52	0.46	0.46	0	0	0.52
94400	0.52	0.46	0.46	0	0	0.52
94500	0.52	0.46	0.46	0	0	0.52
94600	0.52	0.46	0.46	0	0	0.52
94700	0.52	0.46	0.46	0	0	0.52
94800	0.52	0.46	0.46	0	0	0.52
94900	0.52	0.44	0.44	0	0	0.52
95000	0.52	0.44	0.44	0	0	0.52
95100	0.52	0.44	0.44	0	0	0.52
95200	0.52	0.44	0.44	0	0	0.52
95300	0.52	0.44	0.44	0	0	0.52
95400	0.52	0.44	0.44	0	0	0.52
95500	0.52	0.44	0.44	0	0	0.52
95600	0.52	0.46	0.46	0	0	0.52
95700	0.52	0.46	0.46	0	0	0.52
95800	0.52	0.46	0.46	0	0	0.52
95900	0.52	0.46	0.46	0	0	0.52
96000	0.52	0.46	0.46	0	0	0.52
96100	0.52	0.46	0.46	0	0	0.52
96200	0.52	0.46	0.46	0	0	0.52
96300	0.52	0.46	0.46	0	0	0.52
96400	0.52	0.46	0.46	0	0	0.52
96500	0.52	0.46	0.46	0	0	0.52
96600	0.52	0.46	0.46	0	0	0.52
96700	0.52	0.46	0.46	0	0	0.52
96800	0.52	0.46	0.46	0	0	0.52
96900	0.52	0.48	0.48	0	0	0.52
97000	0.52	0.48	0.48	0	0	0.52
97100	0.52	0.48	0.48	0	0	0.52
97200	0.52	0.48	0.48	0	0	0.52
97300	0.52	0.48	0.48	0	0	0.52
97400	0.52	0.48	0.48	0	0	0.52
97500	0.52	0.48	0.48	0	0	0.52
97600	0.52	0.48	0.48	0	0	0.52
97700	0.52	0.48	0.48	0	0	0.52
97800	0.52	0.48	0.48	0	0	0.52
97900	0.52	0.48	0.48	0	0	0.52
98000	0.52	0.48	0.48	0	0	0.52
98100	0.52	0.48	0.48	0	0	0.52
98200	0.52	0.48	0.48	0	0	0.52
98300	0.52	0.48	0.48	0	0	0.52
98400	0.52	0.48	0.48	0	0	0.52
98500	0.52	0.48	0.48	0	0	0.52
98600	0.52	0.48	0.48	0	0	0.52
98700	0.52	0.48	0.48	0	0	0.52
98800	0.52	0.48	0.48	0	0	0.52
98900	0.52	0.48	0.48	0	0	0.52
99000	0.52	0.48	0.48	0	0	0.52
99100	0.52	0.48	0.48	0	0	0.52
99200	0.52	0.48	0.48	0	0	0.52
99300	0.52	0.48	0.48	0	0	0.52
99400	0.52	0.48	0.48	0	0	0.52
99500	0.52	0.48	0.48	0	0	0.52
99600	0.52	0.48	0.48	0	0	0.52
99700	0.52	0.48	0.48	0	0	0.52
99800	0.52	0.48	0.48	0	0	0.52
99900	0.52	0.48	0.48	0	0	0.52
100000	0.52	0.48	0.48	0	0	0.52
