100	0.1	0.12	0.12	0	0	0.1
200	0.1	0.12	0.12	0	0	0.1
300	0.16	0.18	0.18	0	0	0.16
400	0.16	0.18	0.18	0	0	0.16
500	0.18	0.18	0.18	0	0	0.18
600	0.16	0.18	0.18	0	0	0.16
700	0.18	0.18	0.18	0	0	0.18
800	0.18	0.2	0.2	0	0	0.18
900	0.18	0.22	0.22	0	0	0.18
1000	0.18	0.26	0.26	0	0	0.18
1100	0.18	0.28	0.28	0	0	0.18
1200	0.2	0.28	0.28	0	0	0.2
1300	0.22	0.28	0.28	0	0	0.22
1400	0.22	0.28	0.28	0	0	0.22
1500	0.24	0.28	0.28	0	0	0.24
1600	0.24	0.3	0.3	0	0	0.24
1700	0.24	0.3	0.3	0	0	0.24
1800	0.24	0.28	0.28	0	0	0.24
1900	0.24	0.28	0.28	0	0	0.24
2000	0.24	0.26	0.26	0	0	0.24
2100	0.26	0.26	0.26	0	0	0.26
2200	0.26	0.28	0.28	0	0	0.26
2300	0.32	0.26	0.26	0	0	0.32
2400	0.32	0.26	0.26	0	0	0.32
2500	0.32	0.26	0.26	0	0	0.32
2600	0.32	0.26	0.26	0	0	0.32
2700	0.32	0.26	0.26	0	0	0.32
2800	0.32	0.26	0.26	0	0	0.32
2900	0.34	0.28	0.28	0	0	0.34
3000	0.34	0.26	0.26	0	0	0.34
3100	0.34	0.26	0.26	0	0	0.34
3200	0.34	0.26	0.26	0	0	0.34
3300	0.34	0.28	0.28	0	0	0.34
3400	0.34	0.28	0.28	0	0	0.34
3500	0.34	0.32	0.32	0	0	0.34
3600	0.34	0.34	0.34	0	0	0.34
3700	0.36	0.34	0.34	0	0	0.36
3800	0.4	0.34	0.34	0	0	0.4
3900	0.4	0.34	0.34	0	0	0.4
4000	0.38	0.32	0.32	0	0	0.38
4100	0.38	0.32	0.32	0	0	0.38
4200	0.38	0.34	0.34	0	0	0.38
4300	0.38	0.36	0.36	0	0	0.38
4400	0.38	0.36	0.36	0	0	0.38
4500	0.38	0.34	0.34	0	0	0.38
4600	0.36	0.32	0.32	0	0	0.36
4700	0.36	0.32	0.32	0	0	0.36
4800	0.36	0.34	0.34	0	0	0.36
4900	0.36	0.34	0.34	0	0	0.36
5000	0.36	0.34	0.34	0	0	0.36
5100	0.38	0.34	0.34	0	0	0.38
5200	0.38	0.34	0.34	0	0	0.38
5300	0.38	0.34	0.34	0	0	0.38
5400	0.38	0.32	0.32	0	0	0.38
5500	0.38	0.34	0.34	0	0	0.38
5600	0.4	0.34	0.34	0	0	0.4
5700	0.4	0.34	0.34	0	0	0.4
5800	0.38	0.34	0.34	0	0	0.38
5900	0.38	0.36	0.36	0	0	0.38
6000	0.38	0.36	0.36	0	0	0.38
6100	0.4	0.36	0.36	0	0	0.4
6200	0.4	0.36	0.36	0	0	0.4
6300	0.4	0.36	0.36	0	0	0.4
6400	0.4	0.36	0.36	0	0	0.4
6500	0.4	0.38	0.38	0	0	0.4
6600	0.4	0.38	0.38	0	0	0.4
6700	0.4	0.38	0.38	0	0	0.4
6800	0.4	0.4	0.4	0	0	0.4
6900	0.4	0.4	0.4	0	0	0.4
7000	0.4	0.4	0.4	0	0	0.4
7100	0.4	0.4	0.4	0	0	0.4
7200	0.4	0.4	0.4	0	0	0.4
7300	0.4	0.4	0.4	0	0	0.4
7400	0.4	0.4	0.4	0	0	0.4
7500	0.42	0.4	0.4	0	0	0.42
7600	0.42	0.4	0.4	0	0	0.42
7700	0.44	0.4	0.4	0	0	0.44
7800	0.44	0.4	0.4	0	0	0.44
7900	0.44	0.4	0.4	0	0	0.44
8000	0.44	0.4	0.4	0	0	0.44
8100	0.42	0.42	0.42	0	0	0.42
8200	0.44	0.42	0.42	0	0	0.44
8300	0.44	0.42	0.42	0	0	0.44
8400	0.44	0.42	0.42	0	0	0.44
8500	0.44	0.42	0.42	0	0	0.44
8600	0.46	0.42	0.42	0	0	0.46
8700	0.46	0.42	0.42	0	0	0.46
8800	0.46	0.42	0.42	0	0	0.46
8900	0.46	0.42	0.42	0	0	0.46
9000	0.46	0.42	0.42	0	0	0.46
9100	0.46	0.42	0.42	0	0	0.46
9200	0.44	0.42	0.42	0	0	0.44
9300	0.44	0.42	0.42	0	0	0.44
9400	0.44	0.42	0.42	0	0	0.44
9500	0.44	0.44	0.44	0	0	0.44
9600	0.44	0.44	0.44	0	0	0.44
9700	0.46	0.44	0.44	0	0	0.46
9800	0.46	0.44	0.44	0	0	0.46
9900	0.46	0.44	0.44	0	0	0.46
10000	0.46	0.44	0.44	0	0	0.46
10100	0.46	0.44	0.44	0	0	0.46
10200	0.46	0.44	0.44	0	0	0.46
10300	0.48	0.44	0.44	0	0	0.48
10400	0.48	0.46	0.46	0	0	0.48
10500	0.48	0.44	0.44	0	0	0.48
10600	0.48	0.44	0.44	0	0	0.48
10700	0.48	0.44	0.44	0	0	0.48
10800	0.48	0.44	0.44	0	0	0.48
10900	0.48	0.44	0.44	0	0	0.48
11000	0.48	0.44	0.44	0	0	0.48
11100	0.48	0.44	0.44	0	0	0.48
11200	0.48	0.44	0.44	0	0	0.48
11300	0.48	0.44	0.44	0	0	0.48
11400	0.48	0.44	0.44	0	0	0.48
11500	0.48	0.44	0.44	0	0	0.48
11600	0.48	0.44	0.44	0	0	0.48
11700	0.48	0.42	0.42	0	0	0.48
11800	0.48	0.42	0.42	0	0	0.48
11900	0.48	0.42	0.42	0	0	0.48
12000	0.48	0.42	0.42	0	0	0.48
12100	0.46	0.42	0.42	0	0	0.46
12200	0.46	0.42	0.42	0	0	0.46
12300	0.46	0.4	0.4	0	0	0.46
12400	0.46	0.4	0.4	0	0	0.46
12500	0.48	0.4	0.4	0	0	0.48
12600	0.48	0.4	0.4	0	0	0.48
12700	0.48	0.42	0.42	0	0	0.48
12800	0.48	0.42	0.42	0	0	0.48
12900	0.48	0.42	0.42	0	0	0.48
13000	0.48	0.42	0.42	0	0	0.48
13100	0.48	0.42	0.42	0	0	0.48
13200	0.48	0.42	0.42	0	0	0.48
13300	0.48	0.4	0.4	0	0	0.48
13400	0.46	0.4	0.4	0	0	0.46
13500	0.46	0.4	0.4	0	0	0.46
13600	0.46	0.4	0.4	0	0	0.46
13700	0.46	0.4	0.4	0	0	0.46
13800	0.46	0.4	0.4	0	0	0.46
13900	0.44	0.4	0.4	0	0	0.44
14000	0.44	0.4	0.4	0	0	0.44
14100	0.44	0.4	0.4	0	0	0.44
14200	0.42	0.4	0.4	0	0	0.42
14300	0.42	0.4	0.4	0	0	0.42
14400	0.44	0.4	0.4	0	0	0.44
14500	0.42	0.38	0.38	0	0	0.42
14600	0.42	0.38	0.38	0	0	0.42
14700	0.42	0.38	0.38	0	0	0.42
14800	0.44	0.38	0.38	0	0	0.44
14900	0.46	0.38	0.38	0	0	0.46
15000	0.46	0.38	0.38	0	0	0.46
15100	0.46	0.38	0.38	0	0	0.46
15200	0.46	0.38	0.38	0	0	0.46
15300	0.46	0.38	0.38	0	0	0.46
15400	0.46	0.38	0.38	0	0	0.46
15500	0.46	0.38	0.38	0	0	0.46
15600	0.48	0.38	0.38	0	0	0.48
15700	0.48	0.38	0.38	0	0	0.48
15800	0.48	0.38	0.38	0	0	0.48
15900	0.48	0.4	0.4	0	0	0.48
16000	0.48	0.4	0.4	0	0	0.48
16100	0.48	0.4	0.4	0	0	0.48
16200	0.48	0.4	0.4	0	0	0.48
16300	0.48	0.4	0.4	0	0	0.48
16400	0.48	0.4	0.4	0	0	0.48
16500	0.48	0.4	0.4	0	0	0.48
16600	0.48	0.4	0.4	0	0	0.48
16700	0.48	0.4	0.4	0	0	0.48
16800	0.48	0.4	0.4	0	0	0.48
16900	0.48	0.4	0.4	0	0	0.48
17000	0.48	0.4	0.4	0	0	0.48
17100	0.46	0.4	0.4	0	0	0.46
17200	0.48	0.4	0.4	0	0	0.48
17300	0.46	0.4	0.4	0	0	0.46
17400	0.46	0.4	0.4	0	0	0.46
17500	0.46	0.4	0.4	0	0	0.46
17600	0.46	0.4	0.4	0	0	0.46
17700	0.46	0.4	0.4	0	0	0.46
17800	0.44	0.4	0.4	0	0	0.44
17900	0.44	0.4	0.4	0	0	0.44
18000	0.44	0.4	0.4	0	0	0.44
18100	0.42	0.4	0.4	0	0	0.42
18200	0.42	0.4	0.4	0	0	0.42
18300	0.42	0.4	0.4	0	0	0.42
18400	0.42	0.4	0.4	0	0	0.42
18500	0.42	0.4	0.4	0	0	0.42
18600	0.44	0.4	0.4	0	0	0.44
18700	0.46	0.4	0.4	0	0	0.46
18800	0.46	0.4	0.4	0	0	0.46
18900	0.46	0.4	0.4	0	0	0.46
19000	0.48	0.4	0.4	0	0	0.48
19100	0.46	0.38	0.38	0	0	0.46
19200	0.46	0.38	0.38	0	0	0.46
19300	0.46	0.36	0.36	0	0	0.46
19400	0.46	0.36	0.36	0	0	0.46
19500	0.44	0.36	0.36	0	0	0.44
19600	0.46	0.36	0.36	0	0	0.46
19700	0.46	0.36	0.36	0	0	0.46
19800	0.44	0.36	0.36	0	0	0.44
19900	0.42	0.36	0.36	0	0	0.42
20000	0.42	0.36	0.36	0	0	0.42
20100	0.42	0.36	0.36	0	0	0.42
20200	0.44	0.36	0.36	0	0	0.44
20300	0.42	0.36	0.36	0	0	0.42
20400	0.42	0.36	0.36	0	0	0.42
20500	0.42	0.36	0.36	0	0	0.42
20600	0.42	0.36	0.36	0	0	0.42
20700	0.44	0.34	0.34	0	0	0.44
20800	0.42	0.34	0.34	0	0	0.42
20900	0.42	0.34	0.34	0	0	0.42
21000	0.42	0.34	0.34	0	0	0.42
21100	0.42	0.34	0.34	0	0	0.42
21200	0.44	0.34	0.34	0	0	0.44
21300	0.44	0.34	0.34	0	0	0.44
21400	0.44	0.34	0.34	0	0	0.44
21500	0.44	0.34	0.34	0	0	0.44
21600	0.44	0.34	0.34	0	0	0.44
21700	0.46	0.34	0.34	0	0	0.46
21800	0.48	0.34	0.34	0	0	0.48
21900	0.48	0.34	0.34	0	0	0.48
22000	0.48	0.34	0.34	0	0	0.48
22100	0.46	0.36	0.36	0	0	0.46
22200	0.46	0.36	0.36	0	0	0.46
22300	0.46	0.36	0.36	0	0	0.46
22400	0.46	0.36	0.36	0	0	0.46
22500	0.48	0.36	0.36	0	0	0.48
22600	0.48	0.38	0.38	0	0	0.48
22700	0.46	0.38	0.38	0	0	0.46
22800	0.46	0.38	0.38	0	0	0.46
22900	0.46	0.38	0.38	0	0	0.46
23000	0.44	0.38	0.38	0	0	0.44
23100	0.44	0.38	0.38	0	0	0.44
23200	0.44	0.38	0.38	0	0	0.44
23300	0.46	0.4	0.4	0	0	0.46
23400	0.46	0.4	0.4	0	0	0.46
23500	0.46	0.4	0.4	0	0	0.46
23600	0.46	0.4	0.4	0	0	0.46
23700	0.46	0.4	0.4	0	0	0.46
23800	0.46	0.4	0.4	0	0	0.46
23900	0.46	0.42	0.42	0	0	0.46
24000	0.46	0.42	0.42	0	0	0.46
24100	0.48	0.4	0.4	0	0	0.48
24200	0.48	0.4	0.4	0	0	0.48
24300	0.48	0.4	0.4	0	0	0.48
24400	0.48	0.4	0.4	0	0	0.48
24500	0.48	0.4	0.4	0	0	0.48
24600	0.48	0.4	0.4	0	0	0.48
24700	0.48	0.4	0.4	0	0	0.48
24800	0.48	0.4	0.4	0	0	0.48
24900	0.48	0.4	0.4	0	0	0.48
25000	0.48	0.4	0.4	0	0	0.48
25100	0.48	0.4	0.4	0	0	0.48
25200	0.48	0.4	0.4	0	0	0.48
25300	0.48	0.4	0.4	0	0	0.48
25400	0.48	0.4	0.4	0	0	0.48
25500	0.48	0.4	0.4	0	0	0.48
25600	0.48	0.4	0.4	0	0	0.48
25700	0.48	0.4	0.4	0	0	0.48
25800	0.48	0.4	0.4	0	0	0.48
25900	0.48	0.42	0.42	0	0	0.48
26000	0.48	0.42	0.42	0	0	0.48
26100	0.48	0.42	0.42	0	0	0.48
26200	0.48	0.42	0.42	0	0	0.48
26300	0.48	0.42	0.42	0	0	0.48
26400	0.48	0.42	0.42	0	0	0.48
26500	0.48	0.42	0.42	0	0	0.48
26600	0.48	0.42	0.42	0	0	0.48
26700	0.48	0.42	0.42	0	0	0.48
26800	0.48	0.42	0.42	0	0	0.48
26900	0.48	0.42	0.42	0	0	0.48
27000	0.48	0.42	0.42	0	0	0.48
27100	0.48	0.4	0.4	0	0	0.48
27200	0.48	0.4	0.4	0	0	0.48
27300	0.48	0.4	0.4	0	0	0.48
27400	0.48	0.4	0.4	0	0	0.48
27500	0.48	0.4	0.4	0	0	0.48
27600	0.48	0.4	0.4	0	0	0.48
27700	0.48	0.4	0.4	0	0	0.48
27800	0.48	0.4	0.4	0	0	0.48
27900	0.48	0.42	0.42	0	0	0.48
28000	0.46	0.42	0.42	0	0	0.46
28100	0.46	0.42	0.42	0	0	0.46
28200	0.46	0.42	0.42	0	0	0.46
28300	0.46	0.42	0.42	0	0	0.46
28400	0.46	0.42	0.42	0	0	0.46
28500	0.46	0.42	0.42	0	0	0.46
28600	0.46	0.42	0.42	0	0	0.46
28700	0.46	0.42	0.42	0	0	0.46
28800	0.46	0.42	0.42	0	0	0.46
28900	0.46	0.42	0.42	0	0	0.46
29000	0.46	0.42	0.42	0	0	0.46
29100	0.46	0.42	0.42	0	0	0.46
29200	0.44	0.42	0.42	0	0	0.44
29300	0.44	0.42	0.42	0	0	0.44
29400	0.44	0.42	0.42	0	0	0.44
29500	0.44	0.42	0.42	0	0	0.44
29600	0.42	0.42	0.42	0	0	0.42
29700	0.42	0.42	0.42	0	0	0.42
29800	0.42	0.42	0.42	0	0	0.42
29900	0.42	0.42	0.42	0	0	0.42
30000	0.42	0.42	0.42	0	0	0.42
30100	0.42	0.44	0.44	0	0	0.42
30200	0.42	0.46	0.46	0	0	0.42
30300	0.42	0.46	0.46	0	0	0.42
30400	0.42	0.46	0.46	0	0	0.42
30500	0.42	0.46	0.46	0	0	0.42
30600	0.42	0.46	0.46	0	0	0.42
30700	0.44	0.46	0.46	0	0	0.44
30800	0.44	0.46	0.46	0	0	0.44
30900	0.44	0.44	0.44	0	0	0.44
31000	0.44	0.44	0.44	0	0	0.44
31100	0.44	0.44	0.44	0	0	0.44
31200	0.44	0.44	0.44	0	0	0.44
31300	0.44	0.44	0.44	0	0	0.44
31400	0.44	0.44	0.44	0	0	0.44
31500	0.44	0.44	0.44	0	0	0.44
31600	0.44	0.44	0.44	0	0	0.44
31700	0.44	0.44	0.44	0	0	0.44
31800	0.44	0.44	0.44	0	0	0.44
31900	0.44	0.44	0.44	0	0	0.44
32000	0.44	0.44	0.44	0	0	0.44
32100	0.44	0.44	0.44	0	0	0.44
32200	0.44	0.44	0.44	0	0	0.44
32300	0.44	0.44	0.44	0	0	0.44
32400	0.44	0.44	0.44	0	0	0.44
32500	0.44	0.44	0.44	0	0	0.44
32600	0.44	0.44	0.44	0	0	0.44
32700	0.44	0.44	0.44	0	0	0.44
32800	0.44	0.44	0.44	0	0	0.44
32900	0.44	0.44	0.44	0	0	0.44
33000	0.44	0.44	0.44	0	0	0.44
33100	0.44	0.44	0.44	0	0	0.44
33200	0.44	0.44	0.44	0	0	0.44
33300	0.44	0.44	0.44	0	0	0.44
33400	0.42	0.44	0.44	0	0	0.42
33500	0.42	0.44	0.44	0	0	0.42
33600	0.44	0.44	0.44	0	0	0.44
33700	0.42	0.44	0.44	0	0	0.42
33800	0.42	0.44	0.44	0	0	0.42
33900	0.42	0.44	0.44	0	0	0.42
34000	0.42	0.42	0.42	0	0	0.42
34100	0.42	0.42	0.42	0	0	0.42
34200	0.42	0.42	0.42	0	0	0.42
34300	0.42	0.42	0.42	0	0	0.42
34400	0.42	0.42	0.42	0	0	0.42
34500	0.42	0.42	0.42	0	0	0.42
34600	0.42	0.42	0.42	0	0	0.42
34700	0.42	0.42	0.42	0	0	0.42
34800	0.42	0.42	0.42	0	0	0.42
34900	0.42	0.42	0.42	0	0	0.42
35000	0.42	0.42	0.42	0	0	0.42
35100	0.44	0.42	0.42	0	0	0.44
35200	0.44	0.42	0.42	0	0	0.44
35300	0.44	0.42	0.42	0	0	0.44
35400	0.44	0.42	0.42	0	0	0.44
35500	0.44	0.42	0.42	0	0	0.44
35600	0.44	0.42	0.42	0	0	0.44
35700	0.44	0.42	0.42	0	0	0.44
35800	0.44	0.42	0.42	0	0	0.44
35900	0.44	0.42	0.42	0	0	0.44
36000	0.44	0.44	0.44	0	0	0.44
36100	0.44	0.44	0.44	0	0	0.44
36200	0.44	0.44	0.44	0	0	0.44
36300	0.44	0.44	0.44	0	0	0.44
36400	0.46	0.44	0.44	0	0	0.46
36500	0.46	0.46	0.46	0	0	0.46
36600	0.46	0.46	0.46	0	0	0.46
36700	0.46	0.46	0.46	0	0	0.46
36800	0.48	0.46	0.46	0	0	0.48
36900	0.5	0.46	0.46	0	0	0.5
37000	0.5	0.46	0.46	0	0	0.5
37100	0.5	0.46	0.46	0	0	0.5
37200	0.5	0.46	0.46	0	0	0.5
37300	0.5	0.46	0.46	0	0	0.5
37400	0.5	0.46	0.46	0	0	0.5
37500	0.5	0.46	0.46	0	0	0.5
37600	0.5	0.46	0.46	0	0	0.5
37700	0.5	0.46	0.46	0	0	0.5
37800	0.5	0.46	0.46	0	0	0.5
37900	0.5	0.46	0.46	0	0	0.5
38000	0.5	0.46	0.46	0	0	0.5
38100	0.5	0.44	0.44	0	0	0.5
38200	0.48	0.44	0.44	0	0	0.48
38300	0.48	0.44	0.44	0	0	0.48
38400	0.48	0.44	0.44	0	0	0.48
38500	0.48	0.44	0.44	0	0	0.48
38600	0.48	0.44	0.44	0	0	0.48
38700	0.48	0.42	0.42	0	0	0.48
38800	0.48	0.42	0.42	0	0	0.48
38900	0.48	0.42	0.42	0	0	0.48
39000	0.48	0.4	0.4	0	0	0.48
39100	0.48	0.4	0.4	0	0	0.48
39200	0.48	0.4	0.4	0	0	0.48
39300	0.48	0.4	0.4	0	0	0.48
39400	0.48	0.4	0.4	0	0	0.48
39500	0.48	0.4	0.4	0	0	0.48
39600	0.48	0.4	0.4	0	0	0.48
39700	0.48	0.4	0.4	0	0	0.48
39800	0.46	0.4	0.4	0	0	0.46
39900	0.46	0.4	0.4	0	0	0.46
40000	0.46	0.4	0.4	0	0	0.46
40100	0.46	0.38	0.38	0	0	0.46
40200	0.46	0.38	0.38	0	0	0.46
40300	0.46	0.38	0.38	0	0	0.46
40400	0.46	0.4	0.4	0	0	0.46
40500	0.46	0.4	0.4	0	0	0.46
40600	0.46	0.4	0.4	0	0	0.46
40700	0.48	0.4	0.4	0	0	0.48
40800	0.5	0.4	0.4	0	0	0.5
40900	0.5	0.4	0.4	0	0	0.5
41000	0.5	0.4	0.4	0	0	0.5
41100	0.52	0.4	0.4	0	0	0.52
41200	0.52	0.4	0.4	0	0	0.52
41300	0.52	0.4	0.4	0	0	0.52
41400	0.5	0.4	0.4	0	0	0.5
41500	0.5	0.4	0.4	0	0	0.5
41600	0.5	0.4	0.4	0	0	0.5
41700	0.5	0.4	0.4	0	0	0.5
41800	0.5	0.4	0.4	0	0	0.5
41900	0.5	0.4	0.4	0	0	0.5
42000	0.5	0.4	0.4	0	0	0.5
42100	0.52	0.4	0.4	0	0	0.52
42200	0.52	0.4	0.4	0	0	0.52
42300	0.52	0.4	0.4	0	0	0.52
42400	0.52	0.4	0.4	0	0	0.52
42500	0.52	0.4	0.4	0	0	0.52
42600	0.52	0.4	0.4	0	0	0.52
42700	0.52	0.4	0.4	0	0	0.52
42800	0.52	0.4	0.4	0	0	0.52
42900	0.52	0.4	0.4	0	0	0.52
43000	0.52	0.4	0.4	0	0	0.52
43100	0.52	0.42	0.42	0	0	0.52
43200	0.52	0.42	0.42	0	0	0.52
43300	0.52	0.42	0.42	0	0	0.52
43400	0.52	0.42	0.42	0	0	0.52
43500	0.52	0.42	0.42	0	0	0.52
43600	0.52	0.42	0.42	0	0	0.52
43700	0.52	0.42	0.42	0	0	0.52
43800	0.52	0.42	0.42	0	0	0.52
43900	0.52	0.42	0.42	0	0	0.52
44000	0.52	0.42	0.42	0	0	0.52
44100	0.52	0.42	0.42	0	0	0.52
44200	0.52	0.42	0.42	0	0	0.52
44300	0.52	0.42	0.42	0	0	0.52
44400	0.52	0.42	0.42	0	0	0.52
44500	0.52	0.42	0.42	0	0	0.52
44600	0.52	0.42	0.42	0	0	0.52
44700	0.52	0.42	0.42	0	0	0.52
44800	0.52	0.42	0.42	0	0	0.52
44900	0.52	0.4	0.4	0	0	0.52
45000	0.52	0.4	0.4	0	0	0.52
45100	0.52	0.4	0.4	0	0	0.52
45200	0.52	0.4	0.4	0	0	0.52
45300	0.52	0.4	0.4	0	0	0.52
45400	0.52	0.4	0.4	0	0	0.52
45500	0.52	0.4	0.4	0	0	0.52
45600	0.52	0.4	0.4	0	0	0.52
45700	0.52	0.4	0.4	0	0	0.52
45800	0.52	0.4	0.4	0	0	0.52
45900	0.52	0.4	0.4	0	0	0.52
46000	0.52	0.4	0.4	0	0	0.52
46100	0.52	0.4	0.4	0	0	0.52
46200	0.52	0.4	0.4	0	0	0.52
46300	0.52	0.4	0.4	0	0	0.52
46400	0.52	0.4	0.4	0	0	0.52
46500	0.52	0.4	0.4	0	0	0.52
46600	0.52	0.4	0.4	0	0	0.52
46700	0.52	0.4	0.4	0	0	0.52
46800	0.52	0.4	0.4	0	0	0.52
46900	0.52	0.42	0.42	0	0	0.52
47000	0.52	0.42	0.42	0	0	0.52
47100	0.52	0.42	0.42	0	0	0.52
47200	0.52	0.42	0.42	0	0	0.52
47300	0.52	0.42	0.42	0	0	0.52
47400	0.52	0.42	0.42	0	0	0.52
47500	0.52	0.42	0.42	0	0	0.52
47600	0.52	0.42	0.42	0	0	0.52
47700	0.52	0.42	0.42	0	0	0.52
47800	0.52	0.42	0.42	0	0	0.52
47900	0.52	0.42	0.42	0	0	0.52
48000	0.52	0.42	0.42	0	0	0.52
48100	0.52	0.42	0.42	0	0	0.52
48200	0.52	0.42	0.42	0	0	0.52
48300	0.52	0.42	0.42	0	0	0.52
48400	0.52	0.42	0.42	0	0	0.52
48500	0.52	0.42	0.42	0	0	0.52
48600	0.52	0.42	0.42	0	0	0.52
48700	0.52	0.42	0.42	0	0	0.52
48800	0.52	0.42	0.42	0	0	0.52
48900	0.52	0.42	0.42	0	0	0.52
49000	0.52	0.42	0.42	0	0	0.52
49100	0.52	0.42	0.42	0	0	0.52
49200	0.52	0.44	0.44	0	0	0.52
49300	0.52	0.44	0.44	0	0	0.52
49400	0.52	0.44	0.44	0	0	0.52
49500	0.52	0.44	0.44	0	0	0.52
49600	0.52	0.44	0.44	0	0	0.52
49700	0.52	0.44	0.44	0	0	0.52
49800	0.52	0.44	0.44	0	0	0.52
49900	0.52	0.44	0.44	0	0	0.52
50000	0.52	0.44	0.44	0	0	0.52
50100	0.52	0.44	0.44	0	0	0.52
50200	0.52	0.46	0.46	0	0	0.52
50300	0.52	0.46	0.46	0	0	0.52
50400	0.52	0.46	0.46	0	0	0.52
50500	0.52	0.46	0.46	0	0	0.52
50600	0.52	0.46	0.46	0	0	0.52
50700	0.52	0.46	0.46	0	0	0.52
50800	0.52	0.46	0.46	0	0	0.52
50900	0.52	0.46	0.46	0	0	0.52
51000	0.52	0.46	0.46	0	0	0.52
51100	0.52	0.46	0.46	0	0	0.52
51200	0.52	0.46	0.46	0	0	0.52
51300	0.52	0.46	0.46	0	0	0.52
51400	0.52	0.44	0.44	0	0	0.52
51500	0.52	0.44	0.44	0	0	0.52
51600	0.52	0.44	0.44	0	0	0.52
51700	0.52	0.44	0.44	0	0	0.52
51800	0.52	0.44	0.44	0	0	0.52
51900	0.52	0.44	0.44	0	0	0.52
52000	0.52	0.44	0.44	0	0	0.52
52100	0.52	0.44	0.44	0	0	0.52
52200	0.52	0.44	0.44	0	0	0.52
52300	0.52	0.44	0.44	0	0	0.52
52400	0.52	0.44	0.44	0	0	0.52
52500	0.52	0.44	0.44	0	0	0.52
52600	0.52	0.44	0.44	0	0	0.52
52700	0.52	0.44	0.44	0	0	0.52
52800	0.52	0.44	0.44	0	0	0.52
52900	0.52	0.42	0.42	0	0	0.52
53000	0.52	0.42	0.42	0	0	0.52
53100	0.52	0.42	0.42	0	0	0.52
53200	0.52	0.42	0.42	0	0	0.52
53300	0.52	0.42	0.42	0	0	0.52
53400	0.52	0.42	0.42	0	0	0.52
53500	0.52	0.42	0.42	0	0	0.52
53600	0.52	0.4	0.4	0	0	0.52
53700	0.52	0.4	0.4	0	0	0.52
53800	0.52	0.4	0.4	0	0	0.52
53900	0.5	0.4	0.4	0	0	0.5
54000	0.5	0.4	0.4	0	0	0.5
54100	0.5	0.4	0.4	0	0	0.5
54200	0.5	0.4	0.4	0	0	0.5
54300	0.5	0.4	0.4	0	0	0.5
54400	0.5	0.4	0.4	0	0	0.5
54500	0.52	0.4	0.4	0	0	0.52
54600	0.52	0.4	0.4	0	0	0.52
54700	0.52	0.4	0.4	0	0	0.52
54800	0.52	0.4	0.4	0	0	0.52
54900	0.52	0.4	0.4	0	0	0.52
55000	0.52	0.4	0.4	0	0	0.52
55100	0.52	0.4	0.4	0	0	0.52
55200	0.52	0.4	0.4	0	0	0.52
55300	0.52	0.4	0.4	0	0	0.52
55400	0.52	0.4	0.4	0	0	0.52
55500	0.52	0.42	0.42	0	0	0.52
55600	0.52	0.42	0.42	0	0	0.52
55700	0.52	0.42	0.42	0	0	0.52
55800	0.52	0.42	0.42	0	0	0.52
55900	0.52	0.42	0.42	0	0	0.52
56000	0.52	0.42	0.42	0	0	0.52
56100	0.52	0.42	0.42	0	0	0.52
56200	0.52	0.42	0.42	0	0	0.52
56300	0.52	0.42	0.42	0	0	0.52
56400	0.52	0.42	0.42	0	0	0.52
56500	0.52	0.42	0.42	0	0	0.52
56600	0.52	0.42	0.42	0	0	0.52
56700	0.52	0.42	0.42	0	0	0.52
56800	0.52	0.42	0.42	0	0	0.52
56900	0.52	0.42	0.42	0	0	0.52
57000	0.52	0.4	0.4	0	0	0.52
57100	0.52	0.4	0.4	0	0	0.52
57200	0.52	0.4	0.4	0	0	0.52
57300	0.52	0.4	0.4	0	0	0.52
57400	0.52	0.4	0.4	0	0	0.52
57500	0.52	0.4	0.4	0	0	0.52
57600	0.52	0.4	0.4	0	0	0.52
57700	0.52	0.4	0.4	0	0	0.52
57800	0.52	0.4	0.4	0	0	0.52
57900	0.52	0.4	0.4	0	0	0.52
58000	0.52	0.4	0.4	0	0	0.52
58100	0.52	0.4	0.4	0	0	0.52
58200	0.52	0.4	0.4	0	0	0.52
58300	0.52	0.4	0.4	0	0	0.52
58400	0.52	0.4	0.4	0	0	0.52
58500	0.54	0.4	0.4	0	0	0.54
58600	0.54	0.4	0.4	0	0	0.54
58700	0.54	0.4	0.4	0	0	0.54
58800	0.54	0.4	0.4	0	0	0.54
58900	0.54	0.4	0.4	0	0	0.54
59000	0.54	0.4	0.4	0	0	0.54
59100	0.54	0.4	0.4	0	0	0.54
59200	0.54	0.4	0.4	0	0	0.54
59300	0.54	0.4	0.4	0	0	0.54
59400	0.54	0.4	0.4	0	0	0.54
59500	0.54	0.4	0.4	0	0	0.54
59600	0.54	0.4	0.4	0	0	0.54
59700	0.54	0.4	0.4	0	0	0.54
59800	0.54	0.4	0.4	0	0	0.54
59900	0.54	0.4	0.4	0	0	0.54
60000	0.54	0.4	0.4	0	0	0.54
60100	0.54	0.4	0.4	0	0	0.54
60200	0.54	0.4	0.4	0	0	0.54
60300	0.54	0.4	0.4	0	0	0.54
60400	0.54	0.4	0.4	0	0	0.54
60500	0.54	0.4	0.4	0	0	0.54
60600	0.54	0.4	0.4	0	0	0.54
60700	0.54	0.4	0.4	0	0	0.54
60800	0.54	0.4	0.4	0	0	0.54
60900	0.54	0.4	0.4	0	0	0.54
61000	0.54	0.4	0.4	0	0	0.54
61100	0.54	0.4	0.4	0	0	0.54
61200	0.54	0.4	0.4	0	0	0.54
61300	0.54	0.4	0.4	0	0	0.54
61400	0.52	0.4	0.4	0	0	0.52
61500	0.52	0.4	0.4	0	0	0.52
61600	0.52	0.4	0.4	0	0	0.52
61700	0.52	0.4	0.4	0	0	0.52
61800	0.52	0.4	0.4	0	0	0.52
61900	0.52	0.4	0.4	0	0	0.52
62000	0.52	0.4	0.4	0	0	0.52
62100	0.54	0.4	0.4	0	0	0.54
62200	0.54	0.38	0.38	0	0	0.54
62300	0.54	0.38	0.38	0	0	0.54
62400	0.54	0.38	0.38	0	0	0.54
62500	0.54	0.38	0.38	0	0	0.54
62600	0.54	0.38	0.38	0	0	0.54
62700	0.54	0.38	0.38	0	0	0.54
62800	0.52	0.38	0.38	0	0	0.52
62900	0.52	0.38	0.38	0	0	0.52
63000	0.52	0.38	0.38	0	0	0.52
63100	0.52	0.38	0.38	0	0	0.52
63200	0.52	0.38	0.38	0	0	0.52
63300	0.54	0.38	0.38	0	0	0.54
63400	0.52	0.38	0.38	0	0	0.52
63500	0.52	0.38	0.38	0	0	0.52
63600	0.52	0.38	0.38	0	0	0.52
63700	0.52	0.38	0.38	0	0	0.52
63800	0.52	0.38	0.38	0	0	0.52
63900	0.52	0.38	0.38	0	0	0.52
64000	0.52	0.38	0.38	0	0	0.52
64100	0.52	0.38	0.38	0	0	0.52
64200	0.52	0.38	0.38	0	0	0.52
64300	0.52	0.38	0.38	0	0	0.52
64400	0.52	0.38	0.38	0	0	0.52
64500	0.54	0.38	0.38	0	0	0.54
64600	0.54	0.38	0.38	0	0	0.54
64700	0.54	0.38	0.38	0	0	0.54
64800	0.54	0.38	0.38	0	0	0.54
64900	0.54	0.38	0.38	0	0	0.54
65000	0.56	0.38	0.38	0	0	0.56
65100	0.56	0.38	0.38	0	0	0.56
65200	0.56	0.38	0.38	0	0	0.56
65300	0.56	0.38	0.38	0	0	0.56
65400	0.54	0.38	0.38	0	0	0.54
65500	0.54	0.38	0.38	0	0	0.54
65600	0.54	0.38	0.38	0	0	0.54
65700	0.52	0.38	0.38	0	0	0.52
65800	0.52	0.38	0.38	0	0	0.52
65900	0.52	0.38	0.38	0	0	0.52
66000	0.52	0.38	0.38	0	0	0.52
66100	0.52	0.4	0.4	0	0	0.52
66200	0.52	0.4	0.4	0	0	0.52
66300	0.52	0.4	0.4	0	0	0.52
66400	0.52	0.4	0.4	0	0	0.52
66500	0.52	0.4	0.4	0	0	0.52
66600	0.52	0.4	0.4	0	0	0.52
66700	0.52	0.4	0.4	0	0	0.52
66800	0.52	0.4	0.4	0	0	0.52
66900	0.52	0.4	0.4	0	0	0.52
67000	0.52	0.4	0.4	0	0	0.52
67100	0.52	0.4	0.4	0	0	0.52
67200	0.52	0.4	0.4	0	0	0.52
67300	0.52	0.4	0.4	0	0	0.52
67400	0.52	0.4	0.4	0	0	0.52
67500	0.52	0.4	0.4	0	0	0.52
67600	0.52	0.4	0.4	0	0	0.52
67700	0.54	0.4	0.4	0	0	0.54
67800	0.54	0.4	0.4	0	0	0.54
67900	0.54	0.4	0.4	0	0	0.54
68000	0.54	0.4	0.4	0	0	0.54
68100	0.54	0.4	0.4	0	0	0.54
68200	0.54	0.4	0.4	0	0	0.54
68300	0.54	0.4	0.4	0	0	0.54
68400	0.54	0.4	0.4	0	0	0.54
68500	0.54	0.4	0.4	0	0	0.54
68600	0.54	0.4	0.4	0	0	0.54
68700	0.54	0.4	0.4	0	0	0.54
68800	0.54	0.4	0.4	0	0	0.54
68900	0.54	0.4	0.4	0	0	0.54
69000	0.54	0.4	0.4	0	0	0.54
69100	0.54	0.4	0.4	0	0	0.54
69200	0.54	0.4	0.4	0	0	0.54
69300	0.54	0.4	0.4	0	0	0.54
69400	0.52	0.4	0.4	0	0	0.52
69500	0.52	0.4	0.4	0	0	0.52
69600	0.52	0.4	0.4	0	0	0.52
69700	0.52	0.4	0.4	0	0	0.52
69800	0.52	0.4	0.4	0	0	0.52
69900	0.52	0.4	0.4	0	0	0.52
70000	0.52	0.4	0.4	0	0	0.52
70100	0.52	0.4	0.4	0	0	0.52
70200	0.52	0.38	0.38	0	0	0.52
70300	0.52	0.38	0.38	0	0	0.52
70400	0.52	0.38	0.38	0	0	0.52
70500	0.52	0.38	0.38	0	0	0.52
70600	0.52	0.38	0.38	0	0	0.52
70700	0.52	0.38	0.38	0	0	0.52
70800	0.52	0.38	0.38	0	0	0.52
70900	0.52	0.38	0.38	0	0	0.52
71000	0.52	0.4	0.4	0	0	0.52
71100	0.5	0.4	0.4	0	0	0.5
71200	0.5	0.4	0.4	0	0	0.5
71300	0.5	0.4	0.4	0	0	0.5
71400	0.5	0.4	0.4	0	0	0.5
71500	0.5	0.4	0.4	0	0	0.5
71600	0.5	0.4	0.4	0	0	0.5
71700	0.5	0.4	0.4	0	0	0.5
71800	0.5	0.4	0.4	0	0	0.5
71900	0.5	0.4	0.4	0	0	0.5
72000	0.48	0.4	0.4	0	0	0.48
72100	0.48	0.4	0.4	0	0	0.48
72200	0.48	0.4	0.4	0	0	0.48
72300	0.48	0.4	0.4	0	0	0.48
72400	0.48	0.4	0.4	0	0	0.48
72500	0.48	0.4	0.4	0	0	0.48
72600	0.48	0.4	0.4	0	0	0.48
72700	0.48	0.4	0.4	0	0	0.48
72800	0.46	0.4	0.4	0	0	0.46
72900	0.46	0.4	0.4	0	0	0.46
73000	0.46	0.4	0.4	0	0	0.46
73100	0.46	0.4	0.4	0	0	0.46
73200	0.46	0.4	0.4	0	0	0.46
73300	0.46	0.4	0.4	0	0	0.46
73400	0.46	0.4	0.4	0	0	0.46
73500	0.46	0.4	0.4	0	0	0.46
73600	0.46	0.4	0.4	0	0	0.46
73700	0.46	0.4	0.4	0	0	0.46
73800	0.46	0.4	0.4	0	0	0.46
73900	0.46	0.4	0.4	0	0	0.46
74000	0.46	0.4	0.4	0	0	0.46
74100	0.46	0.4	0.4	0	0	0.46
74200	0.46	0.4	0.4	0	0	0.46
74300	0.46	0.4	0.4	0	0	0.46
74400	0.46	0.4	0.4	0	0	0.46
74500	0.46	0.42	0.42	0	0	0.46
74600	0.46	0.42	0.42	0	0	0.46
74700	0.46	0.42	0.42	0	0	0.46
74800	0.46	0.42	0.42	0	0	0.46
74900	0.46	0.44	0.44	0	0	0.46
75000	0.46	0.46	0.46	0	0	0.46
75100	0.46	0.46	0.46	0	0	0.46
75200	0.46	0.46	0.46	0	0	0.46
75300	0.46	0.46	0.46	0	0	0.46
75400	0.48	0.46	0.46	0	0	0.48
75500	0.46	0.46	0.46	0	0	0.46
75600	0.46	0.46	0.46	0	0	0.46
75700	0.44	0.46	0.46	0	0	0.44
75800	0.44	0.44	0.44	0	0	0.44
75900	0.44	0.44	0.44	0	0	0.44
76000	0.46	0.44	0.44	0	0	0.46
76100	0.46	0.44	0.44	0	0	0.46
76200	0.44	0.44	0.44	0	0	0.44
76300	0.44	0.44	0.44	0	0	0.44
76400	0.44	0.44	0.44	0	0	0.44
76500	0.44	0.44	0.44	0	0	0.44
76600	0.44	0.44	0.44	0	0	0.44
76700	0.44	0.44	0.44	0	0	0.44
76800	0.44	0.44	0.44	0	0	0.44
76900	0.44	0.44	0.44	0	0	0.44
77000	0.44	0.46	0.46	0	0	0.44
77100	0.44	0.46	0.46	0	0	0.44
77200	0.42	0.46	0.46	0	0	0.42
77300	0.42	0.46	0.46	0	0	0.42
77400	0.42	0.46	0.46	0	0	0.42
77500	0.42	0.48	0.48	0	0	0.42
77600	0.42	0.48	0.48	0	0	0.42
77700	0.42	0.48	0.48	0	0	0.42
77800	0.42	0.48	0.48	0	0	0.42
77900	0.42	0.48	0.48	0	0	0.42
78000	0.42	0.48	0.48	0	0	0.42
78100	0.42	0.48	0.48	0	0	0.42
78200	0.42	0.48	0.48	0	0	0.42
78300	0.42	0.48	0.48	0	0	0.42
78400	0.42	0.48	0.48	0	0	0.42
78500	0.42	0.48	0.48	0	0	0.42
78600	0.42	0.46	0.46	0	0	0.42
78700	0.42	0.46	0.46	0	0	0.42
78800	0.42	0.46	0.46	0	0	0.42
78900	0.42	0.46	0.46	0	0	0.42
79000	0.42	0.46	0.46	0	0	0.42
79100	0.42	0.46	0.46	0	0	0.42
79200	0.42	0.46	0.46	0	0	0.42
79300	0.42	0.46	0.46	0	0	0.42
79400	0.42	0.46	0.46	0	0	0.42
79500	0.42	0.46	0.46	0	0	0.42
79600	0.42	0.46	0.46	0	0	0.42
79700	0.42	0.46	0.46	0	0	0.42
79800	0.42	0.46	0.46	0	0	0.42
79900	0.42	0.46	0.46	0	0	0.42
80000	0.42	0.46	0.46	0	0	0.42
80100	0.42	0.46	0.46	0	0	0.42
80200	0.42	0.46	0.46	0	0	0.42
80300	0.42	0.46	0.46	0	0	0.42
80400	0.42	0.46	0.46	0	0	0.42
80500	0.42	0.46	0.46	0	0	0.42
80600	0.42	0.46	0.46	0	0	0.42
80700	0.42	0.46	0.46	0	0	0.42
80800	0.42	0.46	0.46	0	0	0.42
80900	0.42	0.46	0.46	0	0	0.42
81000	0.42	0.46	0.46	0	0	0.42
81100	0.42	0.46	0.46	0	0	0.42
81200	0.42	0.46	0.46	0	0	0.42
81300	0.44	0.46	0.46	0	0	0.44
81400	0.44	0.46	0.46	0	0	0.44
81500	0.44	0.46	0.46	0	0	0.44
81600	0.44	0.46	0.46	0	0	0.44
81700	0.44	0.46	0.46	0	0	0.44
81800	0.44	0.46	0.46	0	0	0.44
81900	0.44	0.46	0.46	0	0	0.44
82000	0.44	0.46	0.46	0	0	0.44
82100	0.42	0.46	0.46	0	0	0.42
82200	0.42	0.46	0.46	0	0	0.42
82300	0.42	0.46	0.46	0	0	0.42
82400	0.42	0.46	0.46	0	0	0.42
82500	0.42	0.46	0.46	0	0	0.42
82600	0.44	0.46	0.46	0	0	0.44
82700	0.44	0.46	0.46	0	0	0.44
82800	0.44	0.46	0.46	0	0	0.44
82900	0.44	0.46	0.46	0	0	0.44
83000	0.44	0.46	0.46	0	0	0.44
83100	0.44	0.46	0.46	0	0	0.44
83200	0.44	0.46	0.46	0	0	0.44
83300	0.44	0.46	0.46	0	0	0.44
83400	0.44	0.46	0.46	0	0	0.44
83500	0.44	0.46	0.46	0	0	0.44
83600	0.44	0.46	0.46	0	0	0.44
83700	0.44	0.46	0.46	0	0	0.44
83800	0.44	0.46	0.46	0	0	0.44
83900	0.44	0.46	0.46	0	0	0.44
84000	0.44	0.48	0.48	0	0	0.44
84100	0.44	0.48	0.48	0	0	0.44
84200	0.44	0.48	0.48	0	0	0.44
84300	0.44	0.48	0.48	0	0	0.44
84400	0.44	0.5	0.5	0	0	0.44
84500	0.44	0.48	0.48	0	0	0.44
84600	0.44	0.48	0.48	0	0	0.44
84700	0.44	0.48	0.48	0	0	0.44
84800	0.46	0.48	0.48	0	0	0.46
84900	0.46	0.48	0.48	0	0	0.46
85000	0.44	0.48	0.48	0	0	0.44
85100	0.44	0.48	0.48	0	0	0.44
85200	0.44	0.48	0.48	0	0	0.44
85300	0.44	0.5	0.5	0	0	0.44
85400	0.44	0.5	0.5	0	0	0.44
85500	0.44	0.5	0.5	0	0	0.44
85600	0.44	0.5	0.5	0	0	0.44
85700	0.44	0.5	0.5	0	0	0.44
85800	0.44	0.5	0.5	0	0	0.44
85900	0.44	0.5	0.5	0	0	0.44
86000	0.44	0.5	0.5	0	0	0.44
86100	0.44	0.5	0.5	0	0	0.44
86200	0.44	0.48	0.48	0	0	0.44
86300	0.44	0.48	0.48	0	0	0.44
86400	0.44	0.48	0.48	0	0	0.44
86500	0.44	0.48	0.48	0	0	0.44
86600	0.44	0.48	0.48	0	0	0.44
86700	0.44	0.48	0.48	0	0	0.44
86800	0.44	0.48	0.48	0	0	0.44
86900	0.44	0.48	0.48	0	0	0.44
87000	0.44	0.48	0.48	0	0	0.44
87100	0.44	0.48	0.48	0	0	0.44
87200	0.44	0.48	0.48	0	0	0.44
87300	0.44	0.48	0.48	0	0	0.44
87400	0.44	0.48	0.48	0	0	0.44
87500	0.44	0.48	0.48	0	0	0.44
87600	0.44	0.48	0.48	0	0	0.44
87700	0.44	0.48	0.48	0	0	0.44
87800	0.44	0.48	0.48	0	0	0.44
87900	0.44	0.48	0.48	0	0	0.44
88000	0.44	0.48	0.48	0	0	0.44
88100	0.44	0.48	0.48	0	0	0.44
88200	0.44	0.48	0.48	0	0	0.44
88300	0.44	0.48	0.48	0	0	0.44
88400	0.44	0.48	0.48	0	0	0.44
88500	0.44	0.48	0.48	0	0	0.44
88600	0.44	0.48	0.48	0	0	0.44
88700	0.44	0.46	0.46	0	0	0.44
88800	0.44	0.46	0.46	0	0	0.44
88900	0.44	0.46	0.46	0	0	0.44
89000	0.44	0.46	0.46	0	0	0.44
89100	0.44	0.46	0.46	0	0	0.44
89200	0.44	0.46	0.46	0	0	0.44
89300	0.44	0.46	0.46	0	0	0.44
89400	0.44	0.46	0.46	0	0	0.44
89500	0.44	0.46	0.46	0	0	0.44
89600	0.44	0.46	0.46	0	0	0.44
89700	0.44	0.48	0.48	0	0	0.44
89800	0.44	0.46	0.46	0	0	0.44
89900	0.44	0.46	0.46	0	0	0.44
90000	0.44	0.46	0.46	0	0	0.44
90100	0.44	0.48	0.48	0	0	0.44
90200	0.44	0.48	0.48	0	0	0.44
90300	0.44	0.48	0.48	0	0	0.44
90400	0.44	0.48	0.48	0	0	0.44
90500	0.44	0.48	0.48	0	0	0.44
90600	0.44	0.48	0.48	0	0	0.44
90700	0.44	0.48	0.48	0	0	0.44
90800	0.44	0.48	0.48	0	0	0.44
90900	0.44	0.48	0.48	0	0	0.44
91000	0.44	0.48	0.48	0	0	0.44
91100	0.44	0.48	0.48	0	0	0.44
91200	0.44	0.48	0.48	0	0	0.44
91300	0.44	0.48	0.48	0	0	0.44
91400	0.44	0.48	0.48	0	0	0.44
91500	0.44	0.48	0.48	0	0	0.44
91600	0.44	0.48	0.48	0	0	0.44
91700	0.44	0.48	0.48	0	0	0.44
91800	0.44	0.48	0.48	0	0	0.44
91900	0.44	0.48	0.48	0	0	0.44
92000	0.44	0.48	0.48	0	0	0.44
92100	0.44	0.48	0.48	0	0	0.44
92200	0.44	0.48	0.48	0	0	0.44
92300	0.44	0.48	0.48	0	0	0.44
92400	0.44	0.48	0.48	0	0	0.44
92500	0.44	0.48	0.48	0	0	0.44
92600	0.44	0.48	0.48	0	0	0.44
92700	0.44	0.48	0.48	0	0	0.44
92800	0.44	0.48	0.48	0	0	0.44
92900	0.44	0.48	0.48	0	0	0.44
93000	0.44	0.48	0.48	0	0	0.44
93100	0.44	0.5	0.5	0	0	0.44
93200	0.44	0.5	0.5	0	0	0.44
93300	0.44	0.5	0.5	0	0	0.44
93400	0.44	0.5	0.5	0	0	0.44
93500	0.44	0.5	0.5	0	0	0.44
93600	0.44	0.5	0.5	0	0	0.44
93700	0.44	0.48	0.48	0	0	0.44
93800	0.44	0.48	0.48	0	0	0.44
93900	0.44	0.48	0.48	0	0	0.44
94000	0.44	0.48	0.48	0	0	0.44
94100	0.44	0.48	0.48	0	0	0.44
94200	0.44	0.48	0.48	0	0	0.44
94300	0.44	0.48	0.48	0	0	0.44
94400	0.44	0.48	0.48	0	0	0.44
94500	0.44	0.48	0.48	0	0	0.44
94600	0.44	0.48	0.48	0	0	0.44
94700	0.44	0.48	0.48	0	0	0.44
94800	0.44	0.48	0.48	0	0	0.44
94900	0.44	0.48	0.48	0	0	0.44
95000	0.44	0.48	0.48	0	0	0.44
95100	0.44	0.48	0.48	0	0	0.44
95200	0.44	0.48	0.48	0	0	0.44
95300	0.44	0.48	0.48	0	0	0.44
95400	0.44	0.48	0.48	0	0	0.44
95500	0.44	0.48	0.48	0	0	0.44
95600	0.44	0.48	0.48	0	0	0.44
95700	0.44	0.48	0.48	0	0	0.44
95800	0.44	0.48	0.48	0	0	0.44
95900	0.44	0.48	0.48	0	0	0.44
96000	0.44	0.48	0.48	0	0	0.44
96100	0.44	0.48	0.48	0	0	0.44
96200	0.46	0.48	0.48	0	0	0.46
96300	0.46	0.48	0.48	0	0	0.46
96400	0.46	0.5	0.5	0	0	0.46
96500	0.46	0.5	0.5	0	0	0.46
96600	0.46	0.5	0.5	0	0	0.46
96700	0.46	0.5	0.5	0	0	0.46
96800	0.46	0.5	0.5	0	0	0.46
96900	0.44	0.5	0.5	0	0	0.44
97000	0.44	0.5	0.5	0	0	0.44
97100	0.44	0.5	0.5	0	0	0.44
97200	0.44	0.5	0.5	0	0	0.44
97300	0.44	0.5	0.5	0	0	0.44
97400	0.44	0.5	0.5	0	0	0.44
97500	0.44	0.5	0.5	0	0	0.44
97600	0.44	0.5	0.5	0	0	0.44
97700	0.44	0.5	0.5	0	0	0.44
97800	0.44	0.5	0.5	0	0	0.44
97900	0.44	0.5	0.5	0	0	0.44
98000	0.44	0.5	0.5	0	0	0.44
98100	0.44	0.5	0.5	0	0	0.44
98200	0.44	0.48	0.48	0	0	0.44
98300	0.44	0.48	0.48	0	0	0.44
98400	0.44	0.48	0.48	0	0	0.44
98500	0.44	0.48	0.48	0	0	0.44
98600	0.44	0.48	0.48	0	0	0.44
98700	0.44	0.48	0.48	0	0	0.44
98800	0.44	0.48	0.48	0	0	0.44
98900	0.44	0.48	0.48	0	0	0.44
99000	0.44	0.48	0.48	0	0	0.44
99100	0.44	0.48	0.48	0	0	0.44
99200	0.44	0.48	0.48	0	0	0.44
99300	0.44	0.48	0.48	0	0	0.44
99400	0.44	0.48	0.48	0	0	0.44
99500	0.44	0.5	0.5	0	0	0.44
99600	0.44	0.5	0.5	0	0	0.44
99700	0.44	0.5	0.5	0	0	0.44
99800	0.44	0.5	0.5	0	0	0.44
99900	0.44	0.5	0.5	0	0	0.44
100000	0.44	0.5	0.5	0	0	0.44
