100	0.08	0.1	0.1	0	0	0.08
200	0.1	0.1	0.1	0	0	0.1
300	0.14	0.14	0.14	0	0	0.14
400	0.18	0.14	0.14	0	0	0.18
500	0.18	0.18	0.18	0	0	0.18
600	0.18	0.16	0.16	0	0	0.18
700	0.2	0.16	0.16	0	0	0.2
800	0.22	0.18	0.18	0	0	0.22
900	0.22	0.18	0.18	0	0	0.22
1000	0.24	0.2	0.2	0	0	0.24
1100	0.26	0.2	0.2	0	0	0.26
1200	0.28	0.22	0.22	0	0	0.28
1300	0.28	0.22	0.22	0	0	0.28
1400	0.28	0.24	0.24	0	0	0.28
1500	0.3	0.28	0.28	0	0	0.3
1600	0.32	0.28	0.28	0	0	0.32
1700	0.34	0.28	0.28	0	0	0.34
1800	0.34	0.26	0.26	0	0	0.34
1900	0.34	0.26	0.26	0	0	0.34
2000	0.32	0.26	0.26	0	0	0.32
2100	0.32	0.3	0.3	0	0	0.32
2200	0.34	0.3	0.3	0	0	0.34
2300	0.36	0.3	0.3	0	0	0.36
2400	0.36	0.32	0.32	0	0	0.36
2500	0.36	0.3	0.3	0	0	0.36
2600	0.38	0.3	0.3	0	0	0.38
2700	0.38	0.3	0.3	0	0	0.38
2800	0.4	0.3	0.3	0	0	0.4
2900	0.4	0.32	0.32	0	0	0.4
3000	0.42	0.32	0.32	0	0	0.42
3100	0.42	0.34	0.34	0	0	0.42
3200	0.42	0.34	0.34	0	0	0.42
3300	0.42	0.34	0.34	0	0	0.42
3400	0.42	0.34	0.34	0	0	0.42
3500	0.42	0.32	0.32	0	0	0.42
3600	0.42	0.32	0.32	0	0	0.42
3700	0.42	0.32	0.32	0	0	0.42
3800	0.42	0.32	0.32	0	0	0.42
3900	0.42	0.32	0.32	0	0	0.42
4000	0.42	0.34	0.34	0	0	0.42
4100	0.42	0.34	0.34	0	0	0.42
4200	0.42	0.34	0.34	0	0	0.42
4300	0.42	0.34	0.34	0	0	0.42
4400	0.42	0.36	0.36	0	0	0.42
4500	0.42	0.36	0.36	0	0	0.42
4600	0.42	0.36	0.36	0	0	0.42
4700	0.42	0.36	0.36	0	0	0.42
4800	0.42	0.36	0.36	0	0	0.42
4900	0.42	0.36	0.36	0	0	0.42
5000	0.42	0.36	0.36	0	0	0.42
5100	0.42	0.36	0.36	0	0	0.42
5200	0.42	0.34	0.34	0	0	0.42
5300	0.42	0.34	0.34	0	0	0.42
5400	0.42	0.34	0.34	0	0	0.42
5500	0.42	0.34	0.34	0	0	0.42
5600	0.44	0.34	0.34	0	0	0.44
5700	0.44	0.34	0.34	0	0	0.44
5800	0.46	0.32	0.32	0	0	0.46
5900	0.44	0.34	0.34	0	0	0.44
6000	0.44	0.34	0.34	0	0	0.44
6100	0.44	0.34	0.34	0	0	0.44
6200	0.44	0.34	0.34	0	0	0.44
6300	0.44	0.36	0.36	0	0	0.44
6400	0.46	0.36	0.36	0	0	0.46
6500	0.46	0.36	0.36	0	0	0.46
6600	0.46	0.36	0.36	0	0	0.46
6700	0.46	0.36	0.36	0	0	0.46
6800	0.46	0.36	0.36	0	0	0.46
6900	0.44	0.36	0.36	0	0	0.44
7000	0.44	0.36	0.36	0	0	0.44
7100	0.44	0.38	0.38	0	0	0.44
7200	0.42	0.38	0.38	0	0	0.42
7300	0.42	0.38	0.38	0	0	0.42
7400	0.42	0.38	0.38	0	0	0.42
7500	0.42	0.38	0.38	0	0	0.42
7600	0.44	0.38	0.38	0	0	0.44
7700	0.44	0.38	0.38	0	0	0.44
7800	0.44	0.38	0.38	0	0	0.44
7900	0.44	0.38	0.38	0	0	0.44
8000	0.42	0.36	0.36	0	0	0.42
8100	0.44	0.34	0.34	0	0	0.44
8200	0.44	0.34	0.34	0	0	0.44
8300	0.44	0.32	0.32	0	0	0.44
8400	0.42	0.32	0.32	0	0	0.42
8500	0.42	0.32	0.32	0	0	0.42
8600	0.42	0.32	0.32	0	0	0.42
8700	0.44	0.34	0.34	0	0	0.44
8800	0.42	0.34	0.34	0	0	0.42
8900	0.42	0.34	0.34	0	0	0.42
9000	0.42	0.34	0.34	0	0	0.42
9100	0.42	0.34	0.34	0	0	0.42
9200	0.44	0.34	0.34	0	0	0.44
9300	0.44	0.36	0.36	0	0	0.44
9400	0.44	0.36	0.36	0	0	0.44
9500	0.44	0.36	0.36	0	0	0.44
9600	0.44	0.36	0.36	0	0	0.44
9700	0.44	0.36	0.36	0	0	0.44
9800	0.44	0.38	0.38	0	0	0.44
9900	0.44	0.38	0.38	0	0	0.44
10000	0.44	0.38	0.38	0	0	0.44
10100	0.44	0.38	0.38	0	0	0.44
10200	0.44	0.38	0.38	0	0	0.44
10300	0.44	0.38	0.38	0	0	0.44
10400	0.44	0.38	0.38	0	0	0.44
10500	0.44	0.38	0.38	0	0	0.44
10600	0.44	0.38	0.38	0	0	0.44
10700	0.44	0.38	0.38	0	0	0.44
10800	0.44	0.38	0.38	0	0	0.44
10900	0.44	0.38	0.38	0	0	0.44
11000	0.44	0.38	0.38	0	0	0.44
11100	0.44	0.38	0.38	0	0	0.44
11200	0.44	0.38	0.38	0	0	0.44
11300	0.44	0.38	0.38	0	0	0.44
11400	0.44	0.38	0.38	0	0	0.44
11500	0.44	0.4	0.4	0	0	0.44
11600	0.44	0.4	0.4	0	0	0.44
11700	0.44	0.4	0.4	0	0	0.44
11800	0.44	0.38	0.38	0	0	0.44
11900	0.44	0.38	0.38	0	0	0.44
12000	0.44	0.38	0.38	0	0	0.44
12100	0.44	0.4	0.4	0	0	0.44
12200	0.46	0.4	0.4	0	0	0.46
12300	0.46	0.4	0.4	0	0	0.46
12400	0.46	0.4	0.4	0	0	0.46
12500	0.46	0.4	0.4	0	0	0.46
12600	0.46	0.4	0.4	0	0	0.46
12700	0.46	0.42	0.42	0	0	0.46
12800	0.46	0.42	0.42	0	0	0.46
12900	0.46	0.42	0.42	0	0	0.46
13000	0.46	0.42	0.42	0	0	0.46
13100	0.46	0.42	0.42	0	0	0.46
13200	0.46	0.42	0.42	0	0	0.46
13300	0.46	0.42	0.42	0	0	0.46
13400	0.46	0.4	0.4	0	0	0.46
13500	0.46	0.4	0.4	0	0	0.46
13600	0.48	0.42	0.42	0	0	0.48
13700	0.46	0.42	0.42	0	0	0.46
13800	0.46	0.42	0.42	0	0	0.46
13900	0.46	0.42	0.42	0	0	0.46
14000	0.46	0.42	0.42	0	0	0.46
14100	0.46	0.4	0.4	0	0	0.46
14200	0.46	0.4	0.4	0	0	0.46
14300	0.46	0.4	0.4	0	0	0.46
14400	0.46	0.4	0.4	0	0	0.46
14500	0.46	0.4	0.4	0	0	0.46
14600	0.46	0.4	0.4	0	0	0.46
14700	0.46	0.38	0.38	0	0	0.46
14800	0.46	0.38	0.38	0	0	0.46
14900	0.46	0.38	0.38	0	0	0.46
15000	0.46	0.38	0.38	0	0	0.46
15100	0.46	0.38	0.38	0	0	0.46
15200	0.46	0.38	0.38	0	0	0.46
15300	0.46	0.38	0.38	0	0	0.46
15400	0.46	0.38	0.38	0	0	0.46
15500	0.46	0.38	0.38	0	0	0.46
15600	0.46	0.38	0.38	0	0	0.46
15700	0.46	0.38	0.38	0	0	0.46
15800	0.46	0.38	0.38	0	0	0.46
15900	0.46	0.38	0.38	0	0	0.46
16000	0.46	0.38	0.38	0	0	0.46
16100	0.46	0.38	0.38	0	0	0.46
16200	0.46	0.38	0.38	0	0	0.46
16300	0.46	0.38	0.38	0	0	0.46
16400	0.48	0.38	0.38	0	0	0.48
16500	0.48	0.38	0.38	0	0	0.48
16600	0.48	0.4	0.4	0	0	0.48
16700	0.48	0.38	0.38	0	0	0.48
16800	0.48	0.38	0.38	0	0	0.48
16900	0.48	0.38	0.38	0	0	0.48
17000	0.48	0.38	0.38	0	0	0.48
17100	0.48	0.38	0.38	0	0	0.48
17200	0.48	0.38	0.38	0	0	0.48
17300	0.48	0.38	0.38	0	0	0.48
17400	0.48	0.4	0.4	0	0	0.48
17500	0.48	0.4	0.4	0	0	0.48
17600	0.48	0.4	0.4	0	0	0.48
17700	0.48	0.4	0.4	0	0	0.48
17800	0.48	0.42	0.42	0	0	0.48
17900	0.48	0.42	0.42	0	0	0.48
18000	0.48	0.42	0.42	0	0	0.48
18100	0.48	0.44	0.44	0	0	0.48
18200	0.48	0.44	0.44	0	0	0.48
18300	0.48	0.44	0.44	0	0	0.48
18400	0.48	0.44	0.44	0	0	0.48
18500	0.48	0.44	0.44	0	0	0.48
18600	0.48	0.44	0.44	0	0	0.48
18700	0.48	0.44	0.44	0	0	0.48
18800	0.46	0.44	0.44	0	0	0.46
18900	0.46	0.44	0.44	0	0	0.46
19000	0.46	0.44	0.44	0	0	0.46
19100	0.46	0.46	0.46	0	0	0.46
19200	0.46	0.46	0.46	0	0	0.46
19300	0.46	0.46	0.46	0	0	0.46
19400	0.46	0.48	0.48	0	0	0.46
19500	0.46	0.48	0.48	0	0	0.46
19600	0.46	0.46	0.46	0	0	0.46
19700	0.46	0.46	0.46	0	0	0.46
19800	0.46	0.46	0.46	0	0	0.46
19900	0.46	0.46	0.46	0	0	0.46
20000	0.46	0.44	0.44	0	0	0.46
20100	0.46	0.44	0.44	0	0	0.46
20200	0.46	0.44	0.44	0	0	0.46
20300	0.46	0.44	0.44	0	0	0.46
20400	0.46	0.44	0.44	0	0	0.46
20500	0.46	0.44	0.44	0	0	0.46
20600	0.46	0.44	0.44	0	0	0.46
20700	0.46	0.44	0.44	0	0	0.46
20800	0.46	0.44	0.44	0	0	0.46
20900	0.46	0.44	0.44	0	0	0.46
21000	0.46	0.44	0.44	0	0	0.46
21100	0.46	0.44	0.44	0	0	0.46
21200	0.46	0.44	0.44	0	0	0.46
21300	0.46	0.44	0.44	0	0	0.46
21400	0.46	0.44	0.44	0	0	0.46
21500	0.46	0.44	0.44	0	0	0.46
21600	0.46	0.44	0.44	0	0	0.46
21700	0.46	0.44	0.44	0	0	0.46
21800	0.46	0.44	0.44	0	0	0.46
21900	0.46	0.44	0.44	0	0	0.46
22000	0.46	0.44	0.44	0	0	0.46
22100	0.46	0.44	0.44	0	0	0.46
22200	0.46	0.44	0.44	0	0	0.46
22300	0.46	0.44	0.44	0	0	0.46
22400	0.46	0.44	0.44	0	0	0.46
22500	0.46	0.44	0.44	0	0	0.46
22600	0.46	0.44	0.44	0	0	0.46
22700	0.46	0.44	0.44	0	0	0.46
22800	0.46	0.44	0.44	0	0	0.46
22900	0.46	0.44	0.44	0	0	0.46
23000	0.46	0.44	0.44	0	0	0.46
23100	0.46	0.44	0.44	0	0	0.46
23200	0.46	0.44	0.44	0	0	0.46
23300	0.46	0.44	0.44	0	0	0.46
23400	0.46	0.44	0.44	0	0	0.46
23500	0.48	0.44	0.44	0	0	0.48
23600	0.48	0.44	0.44	0	0	0.48
23700	0.48	0.44	0.44	0	0	0.48
23800	0.48	0.44	0.44	0	0	0.48
23900	0.48	0.44	0.44	0	0	0.48
24000	0.48	0.44	0.44	0	0	0.48
24100	0.48	0.44	0.44	0	0	0.48
24200	0.48	0.44	0.44	0	0	0.48
24300	0.48	0.44	0.44	0	0	0.48
24400	0.48	0.44	0.44	0	0	0.48
24500	0.48	0.44	0.44	0	0	0.48
24600	0.48	0.44	0.44	0	0	0.48
24700	0.48	0.42	0.42	0	0	0.48
24800	0.48	0.42	0.42	0	0	0.48
24900	0.48	0.42	0.42	0	0	0.48
25000	0.5	0.42	0.42	0	0	0.5
25100	0.5	0.42	0.42	0	0	0.5
25200	0.5	0.42	0.42	0	0	0.5
25300	0.5	0.42	0.42	0	0	0.5
25400	0.5	0.42	0.42	0	0	0.5
25500	0.5	0.42	0.42	0	0	0.5
25600	0.5	0.42	0.42	0	0	0.5
25700	0.5	0.42	0.42	0	0	0.5
25800	0.5	0.42	0.42	0	0	0.5
25900	0.5	0.42	0.42	0	0	0.5
26000	0.5	0.42	0.42	0	0	0.5
26100	0.5	0.42	0.42	0	0	0.5
26200	0.5	0.42	0.42	0	0	0.5
26300	0.5	0.42	0.42	0	0	0.5
26400	0.5	0.44	0.44	0	0	0.5
26500	0.5	0.44	0.44	0	0	0.5
26600	0.5	0.44	0.44	0	0	0.5
26700	0.5	0.44	0.44	0	0	0.5
26800	0.5	0.44	0.44	0	0	0.5
26900	0.5	0.44	0.44	0	0	0.5
27000	0.5	0.44	0.44	0	0	0.5
27100	0.5	0.44	0.44	0	0	0.5
27200	0.5	0.44	0.44	0	0	0.5
27300	0.5	0.46	0.46	0	0	0.5
27400	0.5	0.46	0.46	0	0	0.5
27500	0.5	0.46	0.46	0	0	0.5
27600	0.5	0.46	0.46	0	0	0.5
27700	0.5	0.46	0.46	0	0	0.5
27800	0.5	0.46	0.46	0	0	0.5
27900	0.5	0.46	0.46	0	0	0.5
28000	0.5	0.46	0.46	0	0	0.5
28100	0.5	0.46	0.46	0	0	0.5
28200	0.5	0.46	0.46	0	0	0.5
28300	0.5	0.46	0.46	0	0	0.5
28400	0.5	0.46	0.46	0	0	0.5
28500	0.5	0.46	0.46	0	0	0.5
28600	0.5	0.46	0.46	0	0	0.5
28700	0.5	0.46	0.46	0	0	0.5
28800	0.5	0.46	0.46	0	0	0.5
28900	0.48	0.46	0.46	0	0	0.48
29000	0.48	0.46	0.46	0	0	0.48
29100	0.48	0.46	0.46	0	0	0.48
29200	0.48	0.46	0.46	0	0	0.48
29300	0.48	0.46	0.46	0	0	0.48
29400	0.48	0.46	0.46	0	0	0.48
29500	0.48	0.46	0.46	0	0	0.48
29600	0.48	0.46	0.46	0	0	0.48
29700	0.48	0.46	0.46	0	0	0.48
29800	0.48	0.46	0.46	0	0	0.48
29900	0.48	0.46	0.46	0	0	0.48
30000	0.48	0.46	0.46	0	0	0.48
30100	0.48	0.46	0.46	0	0	0.48
30200	0.48	0.46	0.46	0	0	0.48
30300	0.48	0.46	0.46	0	0	0.48
30400	0.48	0.46	0.46	0	0	0.48
30500	0.48	0.46	0.46	0	0	0.48
30600	0.48	0.46	0.46	0	0	0.48
30700	0.48	0.46	0.46	0	0	0.48
30800	0.48	0.46	0.46	0	0	0.48
30900	0.48	0.46	0.46	0	0	0.48
31000	0.48	0.46	0.46	0	0	0.48
31100	0.48	0.46	0.46	0	0	0.48
31200	0.48	0.46	0.46	0	0	0.48
31300	0.48	0.46	0.46	0	0	0.48
31400	0.48	0.46	0.46	0	0	0.48
31500	0.48	0.46	0.46	0	0	0.48
31600	0.5	0.46	0.46	0	0	0.5
31700	0.5	0.46	0.46	0	0	0.5
31800	0.5	0.46	0.46	0	0	0.5
31900	0.5	0.46	0.46	0	0	0.5
32000	0.5	0.46	0.46	0	0	0.5
32100	0.5	0.46	0.46	0	0	0.5
32200	0.5	0.46	0.46	0	0	0.5
32300	0.5	0.46	0.46	0	0	0.5
32400	0.5	0.46	0.46	0	0	0.5
32500	0.5	0.46	0.46	0	0	0.5
32600	0.5	0.46	0.46	0	0	0.5
32700	0.5	0.46	0.46	0	0	0.5
32800	0.48	0.46	0.46	0	0	0.48
32900	0.48	0.46	0.46	0	0	0.48
33000	0.48	0.46	0.46	0	0	0.48
33100	0.48	0.46	0.46	0	0	0.48
33200	0.48	0.44	0.44	0	0	0.48
33300	0.48	0.44	0.44	0	0	0.48
33400	0.48	0.44	0.44	0	0	0.48
33500	0.48	0.44	0.44	0	0	0.48
33600	0.48	0.44	0.44	0	0	0.48
33700	0.48	0.44	0.44	0	0	0.48
33800	0.48	0.44	0.44	0	0	0.48
33900	0.48	0.44	0.44	0	0	0.48
34000	0.48	0.44	0.44	0	0	0.48
34100	0.48	0.44	0.44	0	0	0.48
34200	0.48	0.44	0.44	0	0	0.48
34300	0.48	0.44	0.44	0	0	0.48
34400	0.48	0.44	0.44	0	0	0.48
34500	0.48	0.44	0.44	0	0	0.48
34600	0.48	0.44	0.44	0	0	0.48
34700	0.48	0.44	0.44	0	0	0.48
34800	0.48	0.44	0.44	0	0	0.48
34900	0.48	0.44	0.44	0	0	0.48
35000	0.48	0.44	0.44	0	0	0.48
35100	0.48	0.44	0.44	0	0	0.48
35200	0.48	0.44	0.44	0	0	0.48
35300	0.48	0.44	0.44	0	0	0.48
35400	0.48	0.44	0.44	0	0	0.48
35500	0.46	0.44	0.44	0	0	0.46
35600	0.46	0.44	0.44	0	0	0.46
35700	0.46	0.44	0.44	0	0	0.46
35800	0.46	0.44	0.44	0	0	0.46
35900	0.46	0.44	0.44	0	0	0.46
36000	0.44	0.44	0.44	0	0	0.44
36100	0.44	0.44	0.44	0	0	0.44
36200	0.44	0.44	0.44	0	0	0.44
36300	0.44	0.44	0.44	0	0	0.44
36400	0.44	0.44	0.44	0	0	0.44
36500	0.44	0.44	0.44	0	0	0.44
36600	0.44	0.44	0.44	0	0	0.44
36700	0.44	0.44	0.44	0	0	0.44
36800	0.44	0.44	0.44	0	0	0.44
36900	0.44	0.44	0.44	0	0	0.44
37000	0.44	0.44	0.44	0	0	0.44
37100	0.44	0.44	0.44	0	0	0.44
37200	0.44	0.44	0.44	0	0	0.44
37300	0.44	0.44	0.44	0	0	0.44
37400	0.44	0.44	0.44	0	0	0.44
37500	0.44	0.44	0.44	0	0	0.44
37600	0.44	0.44	0.44	0	0	0.44
37700	0.46	0.44	0.44	0	0	0.46
37800	0.46	0.44	0.44	0	0	0.46
37900	0.46	0.44	0.44	0	0	0.46
38000	0.46	0.44	0.44	0	0	0.46
38100	0.46	0.44	0.44	0	0	0.46
38200	0.46	0.44	0.44	0	0	0.46
38300	0.46	0.44	0.44	0	0	0.46
38400	0.46	0.44	0.44	0	0	0.46
38500	0.46	0.44	0.44	0	0	0.46
38600	0.46	0.44	0.44	0	0	0.46
38700	0.46	0.44	0.44	0	0	0.46
38800	0.46	0.44	0.44	0	0	0.46
38900	0.46	0.44	0.44	0	0	0.46
39000	0.46	0.44	0.44	0	0	0.46
39100	0.46	0.44	0.44	0	0	0.46
39200	0.46	0.44	0.44	0	0	0.46
39300	0.46	0.46	0.46	0	0	0.46
39400	0.46	0.44	0.44	0	0	0.46
39500	0.46	0.44	0.44	0	0	0.46
39600	0.48	0.46	0.46	0	0	0.48
39700	0.48	0.46	0.46	0	0	0.48
39800	0.48	0.46	0.46	0	0	0.48
39900	0.48	0.46	0.46	0	0	0.48
40000	0.48	0.46	0.46	0	0	0.48
40100	0.48	0.46	0.46	0	0	0.48
40200	0.48	0.46	0.46	0	0	0.48
40300	0.48	0.46	0.46	0	0	0.48
40400	0.48	0.46	0.46	0	0	0.48
40500	0.48	0.46	0.46	0	0	0.48
40600	0.48	0.46	0.46	0	0	0.48
40700	0.48	0.46	0.46	0	0	0.48
40800	0.48	0.44	0.44	0	0	0.48
40900	0.48	0.44	0.44	0	0	0.48
41000	0.48	0.44	0.44	0	0	0.48
41100	0.48	0.44	0.44	0	0	0.48
41200	0.48	0.44	0.44	0	0	0.48
41300	0.48	0.44	0.44	0	0	0.48
41400	0.48	0.44	0.44	0	0	0.48
41500	0.48	0.44	0.44	0	0	0.48
41600	0.48	0.46	0.46	0	0	0.48
41700	0.48	0.46	0.46	0	0	0.48
41800	0.48	0.46	0.46	0	0	0.48
41900	0.46	0.46	0.46	0	0	0.46
42000	0.48	0.46	0.46	0	0	0.48
42100	0.48	0.46	0.46	0	0	0.48
42200	0.46	0.46	0.46	0	0	0.46
42300	0.46	0.48	0.48	0	0	0.46
42400	0.46	0.48	0.48	0	0	0.46
42500	0.46	0.48	0.48	0	0	0.46
42600	0.46	0.48	0.48	0	0	0.46
42700	0.46	0.48	0.48	0	0	0.46
42800	0.46	0.48	0.48	0	0	0.46
42900	0.46	0.48	0.48	0	0	0.46
43000	0.46	0.48	0.48	0	0	0.46
43100	0.46	0.48	0.48	0	0	0.46
43200	0.46	0.48	0.48	0	0	0.46
43300	0.46	0.48	0.48	0	0	0.46
43400	0.46	0.48	0.48	0	0	0.46
43500	0.46	0.48	0.48	0	0	0.46
43600	0.46	0.48	0.48	0	0	0.46
43700	0.46	0.48	0.48	0	0	0.46
43800	0.46	0.48	0.48	0	0	0.46
43900	0.46	0.48	0.48	0	0	0.46
44000	0.46	0.48	0.48	0	0	0.46
44100	0.46	0.48	0.48	0	0	0.46
44200	0.48	0.48	0.48	0	0	0.48
44300	0.48	0.48	0.48	0	0	0.48
44400	0.48	0.48	0.48	0	0	0.48
44500	0.48	0.48	0.48	0	0	0.48
44600	0.48	0.48	0.48	0	0	0.48
44700	0.48	0.48	0.48	0	0	0.48
44800	0.48	0.48	0.48	0	0	0.48
44900	0.48	0.48	0.48	0	0	0.48
45000	0.46	0.48	0.48	0	0	0.46
45100	0.46	0.48	0.48	0	0	0.46
45200	0.46	0.48	0.48	0	0	0.46
45300	0.46	0.5	0.5	0	0	0.46
45400	0.46	0.5	0.5	0	0	0.46
45500	0.46	0.5	0.5	0	0	0.46
45600	0.46	0.5	0.5	0	0	0.46
45700	0.46	0.5	0.5	0	0	0.46
45800	0.46	0.48	0.48	0	0	0.46
45900	0.46	0.48	0.48	0	0	0.46
46000	0.46	0.48	0.48	0	0	0.46
46100	0.46	0.48	0.48	0	0	0.46
46200	0.46	0.48	0.48	0	0	0.46
46300	0.46	0.48	0.48	0	0	0.46
46400	0.46	0.48	0.48	0	0	0.46
46500	0.46	0.48	0.48	0	0	0.46
46600	0.46	0.48	0.48	0	0	0.46
46700	0.46	0.48	0.48	0	0	0.46
46800	0.46	0.48	0.48	0	0	0.46
46900	0.46	0.48	0.48	0	0	0.46
47000	0.46	0.48	0.48	0	0	0.46
47100	0.46	0.48	0.48	0	0	0.46
47200	0.48	0.48	0.48	0	0	0.48
47300	0.48	0.48	0.48	0	0	0.48
47400	0.48	0.48	0.48	0	0	0.48
47500	0.48	0.48	0.48	0	0	0.48
47600	0.48	0.48	0.48	0	0	0.48
47700	0.48	0.48	0.48	0	0	0.48
47800	0.48	0.48	0.48	0	0	0.48
47900	0.48	0.48	0.48	0	0	0.48
48000	0.48	0.48	0.48	0	0	0.48
48100	0.48	0.48	0.48	0	0	0.48
48200	0.48	0.48	0.48	0	0	0.48
48300	0.48	0.48	0.48	0	0	0.48
48400	0.48	0.48	0.48	0	0	0.48
48500	0.48	0.48	0.48	0	0	0.48
48600	0.48	0.48	0.48	0	0	0.48
48700	0.48	0.48	0.48	0	0	0.48
48800	0.48	0.48	0.48	0	0	0.48
48900	0.48	0.48	0.48	0	0	0.48
49000	0.48	0.48	0.48	0	0	0.48
49100	0.48	0.48	0.48	0	0	0.48
49200	0.48	0.48	0.48	0	0	0.48
49300	0.46	0.48	0.48	0	0	0.46
49400	0.46	0.48	0.48	0	0	0.46
49500	0.46	0.48	0.48	0	0	0.46
49600	0.46	0.48	0.48	0	0	0.46
49700	0.46	0.48	0.48	0	0	0.46
49800	0.46	0.48	0.48	0	0	0.46
49900	0.46	0.48	0.48	0	0	0.46
50000	0.46	0.5	0.5	0	0	0.46
50100	0.46	0.5	0.5	0	0	0.46
50200	0.46	0.5	0.5	0	0	0.46
50300	0.46	0.5	0.5	0	0	0.46
50400	0.46	0.5	0.5	0	0	0.46
50500	0.46	0.5	0.5	0	0	0.46
50600	0.46	0.5	0.5	0	0	0.46
50700	0.46	0.5	0.5	0	0	0.46
50800	0.46	0.5	0.5	0	0	0.46
50900	0.46	0.5	0.5	0	0	0.46
51000	0.46	0.5	0.5	0	0	0.46
51100	0.46	0.5	0.5	0	0	0.46
51200	0.46	0.5	0.5	0	0	0.46
51300	0.46	0.5	0.5	0	0	0.46
51400	0.46	0.5	0.5	0	0	0.46
51500	0.46	0.5	0.5	0	0	0.46
51600	0.46	0.5	0.5	0	0	0.46
51700	0.46	0.5	0.5	0	0	0.46
51800	0.44	0.5	0.5	0	0	0.44
51900	0.44	0.5	0.5	0	0	0.44
52000	0.44	0.5	0.5	0	0	0.44
52100	0.44	0.5	0.5	0	0	0.44
52200	0.44	0.5	0.5	0	0	0.44
52300	0.44	0.5	0.5	0	0	0.44
52400	0.44	0.5	0.5	0	0	0.44
52500	0.44	0.5	0.5	0	0	0.44
52600	0.44	0.48	0.48	0	0	0.44
52700	0.42	0.48	0.48	0	0	0.42
52800	0.42	0.48	0.48	0	0	0.42
52900	0.42	0.48	0.48	0	0	0.42
53000	0.42	0.48	0.48	0	0	0.42
53100	0.42	0.48	0.48	0	0	0.42
53200	0.42	0.48	0.48	0	0	0.42
53300	0.42	0.48	0.48	0	0	0.42
53400	0.42	0.48	0.48	0	0	0.42
53500	0.42	0.48	0.48	0	0	0.42
53600	0.42	0.48	0.48	0	0	0.42
53700	0.42	0.48	0.48	0	0	0.42
53800	0.42	0.48	0.48	0	0	0.42
53900	0.42	0.48	0.48	0	0	0.42
54000	0.42	0.48	0.48	0	0	0.42
54100	0.42	0.48	0.48	0	0	0.42
54200	0.42	0.48	0.48	0	0	0.42
54300	0.44	0.48	0.48	0	0	0.44
54400	0.46	0.48	0.48	0	0	0.46
54500	0.46	0.48	0.48	0	0	0.46
54600	0.48	0.48	0.48	0	0	0.48
54700	0.48	0.48	0.48	0	0	0.48
54800	0.48	0.48	0.48	0	0	0.48
54900	0.48	0.48	0.48	0	0	0.48
55000	0.48	0.48	0.48	0	0	0.48
55100	0.48	0.48	0.48	0	0	0.48
55200	0.48	0.48	0.48	0	0	0.48
55300	0.48	0.48	0.48	0	0	0.48
55400	0.48	0.48	0.48	0	0	0.48
55500	0.48	0.48	0.48	0	0	0.48
55600	0.48	0.48	0.48	0	0	0.48
55700	0.48	0.48	0.48	0	0	0.48
55800	0.48	0.48	0.48	0	0	0.48
55900	0.48	0.48	0.48	0	0	0.48
56000	0.48	0.48	0.48	0	0	0.48
56100	0.48	0.48	0.48	0	0	0.48
56200	0.48	0.48	0.48	0	0	0.48
56300	0.48	0.48	0.48	0	0	0.48
56400	0.46	0.48	0.48	0	0	0.46
56500	0.46	0.48	0.48	0	0	0.46
56600	0.46	0.46	0.46	0	0	0.46
56700	0.46	0.46	0.46	0	0	0.46
56800	0.46	0.46	0.46	0	0	0.46
56900	0.46	0.46	0.46	0	0	0.46
57000	0.46	0.46	0.46	0	0	0.46
57100	0.46	0.46	0.46	0	0	0.46
57200	0.46	0.46	0.46	0	0	0.46
57300	0.48	0.46	0.46	0	0	0.48
57400	0.48	0.44	0.44	0	0	0.48
57500	0.48	0.44	0.44	0	0	0.48
57600	0.48	0.44	0.44	0	0	0.48
57700	0.48	0.44	0.44	0	0	0.48
57800	0.48	0.46	0.46	0	0	0.48
57900	0.48	0.44	0.44	0	0	0.48
58000	0.5	0.44	0.44	0	0	0.5
58100	0.52	0.44	0.44	0	0	0.52
58200	0.52	0.44	0.44	0	0	0.52
58300	0.52	0.44	0.44	0	0	0.52
58400	0.52	0.44	0.44	0	0	0.52
58500	0.52	0.44	0.44	0	0	0.52
58600	0.52	0.44	0.44	0	0	0.52
58700	0.52	0.44	0.44	0	0	0.52
58800	0.52	0.44	0.44	0	0	0.52
58900	0.52	0.44	0.44	0	0	0.52
59000	0.52	0.44	0.44	0	0	0.52
59100	0.52	0.44	0.44	0	0	0.52
59200	0.52	0.44	0.44	0	0	0.52
59300	0.52	0.44	0.44	0	0	0.52
59400	0.52	0.44	0.44	0	0	0.52
59500	0.52	0.44	0.44	0	0	0.52
59600	0.52	0.44	0.44	0	0	0.52
59700	0.52	0.44	0.44	0	0	0.52
59800	0.52	0.44	0.44	0	0	0.52
59900	0.52	0.44	0.44	0	0	0.52
60000	0.52	0.44	0.44	0	0	0.52
60100	0.52	0.44	0.44	0	0	0.52
60200	0.52	0.44	0.44	0	0	0.52
60300	0.52	0.44	0.44	0	0	0.52
60400	0.52	0.44	0.44	0	0	0.52
60500	0.54	0.44	0.44	0	0	0.54
60600	0.54	0.44	0.44	0	0	0.54
60700	0.54	0.44	0.44	0	0	0.54
60800	0.54	0.44	0.44	0	0	0.54
60900	0.54	0.44	0.44	0	0	0.54
61000	0.54	0.44	0.44	0	0	0.54
61100	0.54	0.44	0.44	0	0	0.54
61200	0.54	0.44	0.44	0	0	0.54
61300	0.56	0.44	0.44	0	0	0.56
61400	0.56	0.44	0.44	0	0	0.56
61500	0.56	0.44	0.44	0	0	0.56
61600	0.56	0.44	0.44	0	0	0.56
61700	0.54	0.44	0.44	0	0	0.54
61800	0.54	0.44	0.44	0	0	0.54
61900	0.54	0.44	0.44	0	0	0.54
62000	0.54	0.44	0.44	0	0	0.54
62100	0.54	0.44	0.44	0	0	0.54
62200	0.54	0.44	0.44	0	0	0.54
62300	0.54	0.44	0.44	0	0	0.54
62400	0.54	0.44	0.44	0	0	0.54
62500	0.54	0.44	0.44	0	0	0.54
62600	0.54	0.44	0.44	0	0	0.54
62700	0.54	0.44	0.44	0	0	0.54
62800	0.54	0.44	0.44	0	0	0.54
62900	0.54	0.44	0.44	0	0	0.54
63000	0.54	0.44	0.44	0	0	0.54
63100	0.54	0.44	0.44	0	0	0.54
63200	0.54	0.44	0.44	0	0	0.54
63300	0.54	0.44	0.44	0	0	0.54
63400	0.54	0.44	0.44	0	0	0.54
63500	0.54	0.44	0.44	0	0	0.54
63600	0.54	0.44	0.44	0	0	0.54
63700	0.54	0.44	0.44	0	0	0.54
63800	0.54	0.44	0.44	0	0	0.54
63900	0.54	0.44	0.44	0	0	0.54
64000	0.54	0.44	0.44	0	0	0.54
64100	0.54	0.44	0.44	0	0	0.54
64200	0.54	0.44	0.44	0	0	0.54
64300	0.54	0.44	0.44	0	0	0.54
64400	0.54	0.44	0.44	0	0	0.54
64500	0.54	0.44	0.44	0	0	0.54
64600	0.52	0.44	0.44	0	0	0.52
64700	0.52	0.44	0.44	0	0	0.52
64800	0.52	0.44	0.44	0	0	0.52
64900	0.52	0.44	0.44	0	0	0.52
65000	0.52	0.44	0.44	0	0	0.52
65100	0.52	0.44	0.44	0	0	0.52
65200	0.52	0.44	0.44	0	0	0.52
65300	0.52	0.44	0.44	0	0	0.52
65400	0.52	0.44	0.44	0	0	0.52
65500	0.52	0.44	0.44	0	0	0.52
65600	0.52	0.44	0.44	0	0	0.52
65700	0.52	0.44	0.44	0	0	0.52
65800	0.52	0.44	0.44	0	0	0.52
65900	0.52	0.44	0.44	0	0	0.52
66000	0.52	0.44	0.44	0	0	0.52
66100	0.52	0.44	0.44	0	0	0.52
66200	0.52	0.44	0.44	0	0	0.52
66300	0.52	0.44	0.44	0	0	0.52
66400	0.52	0.44	0.44	0	0	0.52
66500	0.52	0.44	0.44	0	0	0.52
66600	0.52	0.44	0.44	0	0	0.52
66700	0.52	0.44	0.44	0	0	0.52
66800	0.52	0.44	0.44	0	0	0.52
66900	0.52	0.44	0.44	0	0	0.52
67000	0.52	0.44	0.44	0	0	0.52
67100	0.52	0.44	0.44	0	0	0.52
67200	0.52	0.44	0.44	0	0	0.52
67300	0.52	0.44	0.44	0	0	0.52
67400	0.52	0.44	0.44	0	0	0.52
67500	0.52	0.42	0.42	0	0	0.52
67600	0.52	0.42	0.42	0	0	0.52
67700	0.52	0.42	0.42	0	0	0.52
67800	0.52	0.44	0.44	0	0	0.52
67900	0.52	0.44	0.44	0	0	0.52
68000	0.5	0.44	0.44	0	0	0.5
68100	0.5	0.44	0.44	0	0	0.5
68200	0.5	0.44	0.44	0	0	0.5
68300	0.5	0.44	0.44	0	0	0.5
68400	0.5	0.44	0.44	0	0	0.5
68500	0.5	0.44	0.44	0	0	0.5
68600	0.48	0.46	0.46	0	0	0.48
68700	0.48	0.46	0.46	0	0	0.48
68800	0.48	0.46	0.46	0	0	0.48
68900	0.48	0.46	0.46	0	0	0.48
69000	0.48	0.46	0.46	0	0	0.48
69100	0.48	0.46	0.46	0	0	0.48
69200	0.48	0.46	0.46	0	0	0.48
69300	0.48	0.46	0.46	0	0	0.48
69400	0.48	0.46	0.46	0	0	0.48
69500	0.48	0.46	0.46	0	0	0.48
69600	0.48	0.46	0.46	0	0	0.48
69700	0.48	0.46	0.46	0	0	0.48
69800	0.48	0.46	0.46	0	0	0.48
69900	0.48	0.46	0.46	0	0	0.48
70000	0.48	0.46	0.46	0	0	0.48
70100	0.48	0.48	0.48	0	0	0.48
70200	0.48	0.48	0.48	0	0	0.48
70300	0.48	0.48	0.48	0	0	0.48
70400	0.48	0.48	0.48	0	0	0.48
70500	0.48	0.48	0.48	0	0	0.48
70600	0.48	0.48	0.48	0	0	0.48
70700	0.48	0.48	0.48	0	0	0.48
70800	0.48	0.48	0.48	0	0	0.48
70900	0.48	0.48	0.48	0	0	0.48
71000	0.48	0.48	0.48	0	0	0.48
71100	0.48	0.48	0.48	0	0	0.48
71200	0.48	0.48	0.48	0	0	0.48
71300	0.48	0.5	0.5	0	0	0.48
71400	0.48	0.5	0.5	0	0	0.48
71500	0.48	0.5	0.5	0	0	0.48
71600	0.48	0.5	0.5	0	0	0.48
71700	0.48	0.5	0.5	0	0	0.48
71800	0.48	0.5	0.5	0	0	0.48
71900	0.48	0.5	0.5	0	0	0.48
72000	0.48	0.5	0.5	0	0	0.48
72100	0.48	0.5	0.5	0	0	0.48
72200	0.48	0.5	0.5	0	0	0.48
72300	0.48	0.5	0.5	0	0	0.48
72400	0.48	0.5	0.5	0	0	0.48
72500	0.48	0.5	0.5	0	0	0.48
72600	0.48	0.5	0.5	0	0	0.48
72700	0.48	0.5	0.5	0	0	0.48
72800	0.48	0.5	0.5	0	0	0.48
72900	0.48	0.5	0.5	0	0	0.48
73000	0.48	0.52	0.52	0	0	0.48
73100	0.48	0.52	0.52	0	0	0.48
73200	0.48	0.52	0.52	0	0	0.48
73300	0.48	0.52	0.52	0	0	0.48
73400	0.48	0.52	0.52	0	0	0.48
73500	0.48	0.52	0.52	0	0	0.48
73600	0.48	0.52	0.52	0	0	0.48
73700	0.48	0.52	0.52	0	0	0.48
73800	0.48	0.52	0.52	0	0	0.48
73900	0.48	0.52	0.52	0	0	0.48
74000	0.48	0.52	0.52	0	0	0.48
74100	0.48	0.52	0.52	0	0	0.48
74200	0.48	0.52	0.52	0	0	0.48
74300	0.48	0.52	0.52	0	0	0.48
74400	0.48	0.5	0.5	0	0	0.48
74500	0.48	0.5	0.5	0	0	0.48
74600	0.48	0.5	0.5	0	0	0.48
74700	0.48	0.5	0.5	0	0	0.48
74800	0.48	0.5	0.5	0	0	0.48
74900	0.48	0.5	0.5	0	0	0.48
75000	0.48	0.5	0.5	0	0	0.48
75100	0.48	0.5	0.5	0	0	0.48
75200	0.48	0.5	0.5	0	0	0.48
75300	0.48	0.5	0.5	0	0	0.48
75400	0.48	0.5	0.5	0	0	0.48
75500	0.48	0.5	0.5	0	0	0.48
75600	0.48	0.5	0.5	0	0	0.48
75700	0.48	0.5	0.5	0	0	0.48
75800	0.48	0.5	0.5	0	0	0.48
75900	0.48	0.5	0.5	0	0	0.48
76000	0.48	0.5	0.5	0	0	0.48
76100	0.48	0.5	0.5	0	0	0.48
76200	0.46	0.5	0.5	0	0	0.46
76300	0.46	0.5	0.5	0	0	0.46
76400	0.46	0.5	0.5	0	0	0.46
76500	0.46	0.5	0.5	0	0	0.46
76600	0.46	0.5	0.5	0	0	0.46
76700	0.46	0.5	0.5	0	0	0.46
76800	0.44	0.5	0.5	0	0	0.44
76900	0.44	0.5	0.5	0	0	0.44
77000	0.44	0.5	0.5	0	0	0.44
77100	0.44	0.5	0.5	0	0	0.44
77200	0.44	0.5	0.5	0	0	0.44
77300	0.44	0.5	0.5	0	0	0.44
77400	0.44	0.5	0.5	0	0	0.44
77500	0.44	0.5	0.5	0	0	0.44
77600	0.44	0.5	0.5	0	0	0.44
77700	0.44	0.5	0.5	0	0	0.44
77800	0.46	0.5	0.5	0	0	0.46
77900	0.46	0.5	0.5	0	0	0.46
78000	0.46	0.5	0.5	0	0	0.46
78100	0.46	0.5	0.5	0	0	0.46
78200	0.46	0.5	0.5	0	0	0.46
78300	0.46	0.5	0.5	0	0	0.46
78400	0.46	0.5	0.5	0	0	0.46
78500	0.46	0.5	0.5	0	0	0.46
78600	0.46	0.5	0.5	0	0	0.46
78700	0.46	0.5	0.5	0	0	0.46
78800	0.46	0.5	0.5	0	0	0.46
78900	0.46	0.5	0.5	0	0	0.46
79000	0.46	0.5	0.5	0	0	0.46
79100	0.46	0.5	0.5	0	0	0.46
79200	0.46	0.5	0.5	0	0	0.46
79300	0.46	0.5	0.5	0	0	0.46
79400	0.46	0.5	0.5	0	0	0.46
79500	0.46	0.5	0.5	0	0	0.46
79600	0.46	0.5	0.5	0	0	0.46
79700	0.46	0.5	0.5	0	0	0.46
79800	0.46	0.5	0.5	0	0	0.46
79900	0.46	0.5	0.5	0	0	0.46
80000	0.46	0.5	0.5	0	0	0.46
80100	0.46	0.5	0.5	0	0	0.46
80200	0.46	0.5	0.5	0	0	0.46
80300	0.46	0.5	0.5	0	0	0.46
80400	0.46	0.5	0.5	0	0	0.46
80500	0.46	0.5	0.5	0	0	0.46
80600	0.46	0.52	0.52	0	0	0.46
80700	0.46	0.52	0.52	0	0	0.46
80800	0.46	0.52	0.52	0	0	0.46
80900	0.46	0.52	0.52	0	0	0.46
81000	0.46	0.52	0.52	0	0	0.46
81100	0.46	0.52	0.52	0	0	0.46
81200	0.46	0.52	0.52	0	0	0.46
81300	0.46	0.52	0.52	0	0	0.46
81400	0.46	0.52	0.52	0	0	0.46
81500	0.46	0.52	0.52	0	0	0.46
81600	0.46	0.52	0.52	0	0	0.46
81700	0.46	0.52	0.52	0	0	0.46
81800	0.46	0.52	0.52	0	0	0.46
81900	0.46	0.52	0.52	0	0	0.46
82000	0.46	0.52	0.52	0	0	0.46
82100	0.46	0.52	0.52	0	0	0.46
82200	0.46	0.52	0.52	0	0	0.46
82300	0.46	0.52	0.52	0	0	0.46
82400	0.46	0.52	0.52	0	0	0.46
82500	0.46	0.52	0.52	0	0	0.46
82600	0.46	0.52	0.52	0	0	0.46
82700	0.46	0.52	0.52	0	0	0.46
82800	0.46	0.52	0.52	0	0	0.46
82900	0.46	0.52	0.52	0	0	0.46
83000	0.46	0.52	0.52	0	0	0.46
83100	0.46	0.52	0.52	0	0	0.46
83200	0.46	0.52	0.52	0	0	0.46
83300	0.46	0.52	0.52	0	0	0.46
83400	0.46	0.52	0.52	0	0	0.46
83500	0.46	0.52	0.52	0	0	0.46
83600	0.46	0.52	0.52	0	0	0.46
83700	0.46	0.52	0.52	0	0	0.46
83800	0.46	0.52	0.52	0	0	0.46
83900	0.46	0.52	0.52	0	0	0.46
84000	0.46	0.52	0.52	0	0	0.46
84100	0.46	0.52	0.52	0	0	0.46
84200	0.46	0.52	0.52	0	0	0.46
84300	0.46	0.52	0.52	0	0	0.46
84400	0.46	0.52	0.52	0	0	0.46
84500	0.46	0.52	0.52	0	0	0.46
84600	0.46	0.52	0.52	0	0	0.46
84700	0.46	0.52	0.52	0	0	0.46
84800	0.46	0.52	0.52	0	0	0.46
84900	0.46	0.52	0.52	0	0	0.46
85000	0.46	0.52	0.52	0	0	0.46
85100	0.48	0.52	0.52	0	0	0.48
85200	0.48	0.52	0.52	0	0	0.48
85300	0.48	0.52	0.52	0	0	0.48
85400	0.48	0.52	0.52	0	0	0.48
85500	0.48	0.52	0.52	0	0	0.48
85600	0.46	0.52	0.52	0	0	0.46
85700	0.46	0.52	0.52	0	0	0.46
85800	0.46	0.52	0.52	0	0	0.46
85900	0.46	0.52	0.52	0	0	0.46
86000	0.46	0.52	0.52	0	0	0.46
86100	0.46	0.52	0.52	0	0	0.46
86200	0.46	0.52	0.52	0	0	0.46
86300	0.46	0.52	0.52	0	0	0.46
86400	0.46	0.52	0.52	0	0	0.46
86500	0.46	0.52	0.52	0	0	0.46
86600	0.46	0.52	0.52	0	0	0.46
86700	0.46	0.52	0.52	0	0	0.46
86800	0.46	0.52	0.52	0	0	0.46
86900	0.46	0.52	0.52	0	0	0.46
87000	0.46	0.52	0.52	0	0	0.46
87100	0.46	0.52	0.52	0	0	0.46
87200	0.46	0.52	0.52	0	0	0.46
87300	0.46	0.52	0.52	0	0	0.46
87400	0.46	0.52	0.52	0	0	0.46
87500	0.46	0.52	0.52	0	0	0.46
87600	0.46	0.52	0.52	0	0	0.46
87700	0.46	0.52	0.52	0	0	0.46
87800	0.46	0.52	0.52	0	0	0.46
87900	0.46	0.52	0.52	0	0	0.46
88000	0.46	0.52	0.52	0	0	0.46
88100	0.46	0.52	0.52	0	0	0.46
88200	0.46	0.52	0.52	0	0	0.46
88300	0.46	0.52	0.52	0	0	0.46
88400	0.48	0.52	0.52	0	0	0.48
88500	0.48	0.52	0.52	0	0	0.48
88600	0.46	0.52	0.52	0	0	0.46
88700	0.46	0.52	0.52	0	0	0.46
88800	0.46	0.52	0.52	0	0	0.46
88900	0.46	0.52	0.52	0	0	0.46
89000	0.46	0.52	0.52	0	0	0.46
89100	0.46	0.52	0.52	0	0	0.46
89200	0.46	0.52	0.52	0	0	0.46
89300	0.46	0.52	0.52	0	0	0.46
89400	0.46	0.52	0.52	0	0	0.46
89500	0.46	0.52	0.52	0	0	0.46
89600	0.46	0.52	0.52	0	0	0.46
89700	0.46	0.52	0.52	0	0	0.46
89800	0.46	0.52	0.52	0	0	0.46
89900	0.46	0.52	0.52	0	0	0.46
90000	0.46	0.52	0.52	0	0	0.46
90100	0.46	0.52	0.52	0	0	0.46
90200	0.44	0.52	0.52	0	0	0.44
90300	0.44	0.52	0.52	0	0	0.44
90400	0.44	0.52	0.52	0	0	0.44
90500	0.44	0.52	0.52	0	0	0.44
90600	0.44	0.52	0.52	0	0	0.44
90700	0.44	0.52	0.52	0	0	0.44
90800	0.44	0.52	0.52	0	0	0.44
90900	0.44	0.52	0.52	0	0	0.44
91000	0.44	0.52	0.52	0	0	0.44
91100	0.44	0.56	0.56	0	0	0.44
91200	0.44	0.56	0.56	0	0	0.44
91300	0.44	0.56	0.56	0	0	0.44
91400	0.44	0.56	0.56	0	0	0.44
91500	0.44	0.56	0.56	0	0	0.44
91600	0.44	0.56	0.56	0	0	0.44
91700	0.44	0.56	0.56	0	0	0.44
91800	0.44	0.56	0.56	0	0	0.44
91900	0.44	0.56	0.56	0	0	0.44
92000	0.44	0.56	0.56	0	0	0.44
92100	0.44	0.56	0.56	0	0	0.44
92200	0.44	0.56	0.56	0	0	0.44
92300	0.44	0.56	0.56	0	0	0.44
92400	0.44	0.56	0.56	0	0	0.44
92500	0.44	0.56	0.56	0	0	0.44
92600	0.44	0.56	0.56	0	0	0.44
92700	0.44	0.56	0.56	0	0	0.44
92800	0.44	0.56	0.56	0	0	0.44
92900	0.44	0.56	0.56	0	0	0.44
93000	0.44	0.56	0.56	0	0	0.44
93100	0.44	0.56	0.56	0	0	0.44
93200	0.44	0.54	0.54	0	0	0.44
93300	0.44	0.54	0.54	0	0	0.44
93400	0.44	0.54	0.54	0	0	0.44
93500	0.44	0.54	0.54	0	0	0.44
93600	0.44	0.54	0.54	0	0	0.44
93700	0.44	0.54	0.54	0	0	0.44
93800	0.44	0.54	0.54	0	0	0.44
93900	0.44	0.54	0.54	0	0	0.44
94000	0.44	0.54	0.54	0	0	0.44
94100	0.44	0.54	0.54	0	0	0.44
94200	0.44	0.54	0.54	0	0	0.44
94300	0.44	0.54	0.54	0	0	0.44
94400	0.44	0.54	0.54	0	0	0.44
94500	0.44	0.54	0.54	0	0	0.44
94600	0.44	0.54	0.54	0	0	0.44
94700	0.44	0.54	0.54	0	0	0.44
94800	0.44	0.54	0.54	0	0	0.44
94900	0.44	0.54	0.54	0	0	0.44
95000	0.44	0.54	0.54	0	0	0.44
95100	0.44	0.54	0.54	0	0	0.44
95200	0.44	0.54	0.54	0	0	0.44
95300	0.44	0.54	0.54	0	0	0.44
95400	0.44	0.54	0.54	0	0	0.44
95500	0.44	0.54	0.54	0	0	0.44
95600	0.44	0.54	0.54	0	0	0.44
95700	0.44	0.54	0.54	0	0	0.44
95800	0.44	0.54	0.54	0	0	0.44
95900	0.44	0.54	0.54	0	0	0.44
96000	0.44	0.54	0.54	0	0	0.44
96100	0.44	0.54	0.54	0	0	0.44
96200	0.44	0.54	0.54	0	0	0.44
96300	0.44	0.54	0.54	0	0	0.44
96400	0.44	0.54	0.54	0	0	0.44
96500	0.44	0.54	0.54	0	0	0.44
96600	0.44	0.54	0.54	0	0	0.44
96700	0.44	0.52	0.52	0	0	0.44
96800	0.44	0.52	0.52	0	0	0.44
96900	0.44	0.52	0.52	0	0	0.44
97000	0.44	0.52	0.52	0	0	0.44
97100	0.44	0.52	0.52	0	0	0.44
97200	0.44	0.52	0.52	0	0	0.44
97300	0.44	0.52	0.52	0	0	0.44
97400	0.44	0.54	0.54	0	0	0.44
97500	0.44	0.54	0.54	0	0	0.44
97600	0.44	0.54	0.54	0	0	0.44
97700	0.44	0.54	0.54	0	0	0.44
97800	0.44	0.54	0.54	0	0	0.44
97900	0.44	0.54	0.54	0	0	0.44
98000	0.44	0.54	0.54	0	0	0.44
98100	0.44	0.54	0.54	0	0	0.44
98200	0.44	0.54	0.54	0	0	0.44
98300	0.44	0.54	0.54	0	0	0.44
98400	0.44	0.54	0.54	0	0	0.44
98500	0.44	0.54	0.54	0	0	0.44
98600	0.44	0.54	0.54	0	0	0.44
98700	0.44	0.54	0.54	0	0	0.44
98800	0.44	0.54	0.54	0	0	0.44
98900	0.44	0.54	0.54	0	0	0.44
99000	0.44	0.54	0.54	0	0	0.44
99100	0.44	0.54	0.54	0	0	0.44
99200	0.44	0.54	0.54	0	0	0.44
99300	0.44	0.54	0.54	0	0	0.44
99400	0.44	0.54	0.54	0	0	0.44
99500	0.44	0.54	0.54	0	0	0.44
99600	0.44	0.54	0.54	0	0	0.44
99700	0.44	0.54	0.54	0	0	0.44
99800	0.44	0.54	0.54	0	0	0.44
99900	0.44	0.54	0.54	0	0	0.44
100000	0.44	0.54	0.54	0	0	0.44
