100	0.06	0.2	0.2	0	0	0.06
200	0.06	0.22	0.22	0	0	0.06
300	0.12	0.26	0.26	0	0	0.12
400	0.12	0.26	0.26	0	0	0.12
500	0.14	0.26	0.26	0	0	0.14
600	0.14	0.26	0.26	0	0	0.14
700	0.12	0.26	0.26	0	0	0.12
800	0.12	0.26	0.26	0	0	0.12
900	0.12	0.26	0.26	0	0	0.12
1000	0.12	0.3	0.3	0	0	0.12
1100	0.14	0.32	0.32	0	0	0.14
1200	0.18	0.32	0.32	0	0	0.18
1300	0.18	0.34	0.34	0	0	0.18
1400	0.18	0.34	0.34	0	0	0.18
1500	0.22	0.36	0.36	0	0	0.22
1600	0.22	0.36	0.36	0	0	0.22
1700	0.2	0.36	0.36	0	0	0.2
1800	0.2	0.36	0.36	0	0	0.2
1900	0.2	0.38	0.38	0	0	0.2
2000	0.22	0.38	0.38	0	0	0.22
2100	0.24	0.38	0.38	0	0	0.24
2200	0.24	0.38	0.38	0	0	0.24
2300	0.24	0.38	0.38	0	0	0.24
2400	0.24	0.38	0.38	0	0	0.24
2500	0.24	0.38	0.38	0	0	0.24
2600	0.24	0.4	0.4	0	0	0.24
2700	0.24	0.42	0.42	0	0	0.24
2800	0.24	0.42	0.42	0	0	0.24
2900	0.24	0.42	0.42	0	0	0.24
3000	0.26	0.42	0.42	0	0	0.26
3100	0.3	0.44	0.44	0	0	0.3
3200	0.28	0.44	0.44	0	0	0.28
3300	0.28	0.46	0.46	0	0	0.28
3400	0.28	0.46	0.46	0	0	0.28
3500	0.28	0.48	0.48	0	0	0.28
3600	0.28	0.48	0.48	0	0	0.28
3700	0.28	0.48	0.48	0	0	0.28
3800	0.28	0.48	0.48	0	0	0.28
3900	0.28	0.48	0.48	0	0	0.28
4000	0.3	0.48	0.48	0	0	0.3
4100	0.3	0.48	0.48	0	0	0.3
4200	0.28	0.48	0.48	0	0	0.28
4300	0.28	0.48	0.48	0	0	0.28
4400	0.28	0.48	0.48	0	0	0.28
4500	0.28	0.48	0.48	0	0	0.28
4600	0.28	0.48	0.48	0	0	0.28
4700	0.28	0.48	0.48	0	0	0.28
4800	0.28	0.48	0.48	0	0	0.28
4900	0.28	0.48	0.48	0	0	0.28
5000	0.28	0.48	0.48	0	0	0.28
5100	0.28	0.48	0.48	0	0	0.28
5200	0.28	0.48	0.48	0	0	0.28
5300	0.28	0.46	0.46	0	0	0.28
5400	0.28	0.48	0.48	0	0	0.28
5500	0.28	0.48	0.48	0	0	0.28
5600	0.28	0.48	0.48	0	0	0.28
5700	0.28	0.48	0.48	0	0	0.28
5800	0.28	0.48	0.48	0	0	0.28
5900	0.28	0.48	0.48	0	0	0.28
6000	0.28	0.48	0.48	0	0	0.28
6100	0.28	0.48	0.48	0	0	0.28
6200	0.28	0.48	0.48	0	0	0.28
6300	0.28	0.5	0.5	0	0	0.28
6400	0.3	0.5	0.5	0	0	0.3
6500	0.32	0.5	0.5	0	0	0.32
6600	0.32	0.5	0.5	0	0	0.32
6700	0.3	0.5	0.5	0	0	0.3
6800	0.3	0.5	0.5	0	0	0.3
6900	0.3	0.52	0.52	0	0	0.3
7000	0.32	0.52	0.52	0	0	0.32
7100	0.32	0.5	0.5	0	0	0.32
7200	0.3	0.5	0.5	0	0	0.3
7300	0.3	0.52	0.52	0	0	0.3
7400	0.28	0.5	0.5	0	0	0.28
7500	0.28	0.5	0.5	0	0	0.28
7600	0.28	0.5	0.5	0	0	0.28
7700	0.3	0.52	0.52	0	0	0.3
7800	0.28	0.52	0.52	0	0	0.28
7900	0.28	0.52	0.52	0	0	0.28
8000	0.28	0.52	0.52	0	0	0.28
8100	0.28	0.52	0.52	0	0	0.28
8200	0.28	0.52	0.52	0	0	0.28
8300	0.28	0.52	0.52	0	0	0.28
8400	0.28	0.52	0.52	0	0	0.28
8500	0.28	0.54	0.54	0	0	0.28
8600	0.28	0.54	0.54	0	0	0.28
8700	0.28	0.52	0.52	0	0	0.28
8800	0.28	0.52	0.52	0	0	0.28
8900	0.32	0.52	0.52	0	0	0.32
9000	0.32	0.52	0.52	0	0	0.32
9100	0.3	0.52	0.52	0	0	0.3
9200	0.3	0.5	0.5	0	0	0.3
9300	0.28	0.5	0.5	0	0	0.28
9400	0.28	0.5	0.5	0	0	0.28
9500	0.28	0.5	0.5	0	0	0.28
9600	0.28	0.5	0.5	0	0	0.28
9700	0.28	0.52	0.52	0	0	0.28
9800	0.28	0.52	0.52	0	0	0.28
9900	0.3	0.52	0.52	0	0	0.3
10000	0.3	0.52	0.52	0	0	0.3
10100	0.3	0.52	0.52	0	0	0.3
10200	0.32	0.52	0.52	0	0	0.32
10300	0.32	0.52	0.52	0	0	0.32
10400	0.32	0.52	0.52	0	0	0.32
10500	0.32	0.52	0.52	0	0	0.32
10600	0.32	0.52	0.52	0	0	0.32
10700	0.32	0.52	0.52	0	0	0.32
10800	0.34	0.5	0.5	0	0	0.34
10900	0.34	0.5	0.5	0	0	0.34
11000	0.34	0.5	0.5	0	0	0.34
11100	0.34	0.5	0.5	0	0	0.34
11200	0.34	0.52	0.52	0	0	0.34
11300	0.34	0.52	0.52	0	0	0.34
11400	0.34	0.52	0.52	0	0	0.34
11500	0.34	0.52	0.52	0	0	0.34
11600	0.34	0.5	0.5	0	0	0.34
11700	0.34	0.5	0.5	0	0	0.34
11800	0.36	0.48	0.48	0	0	0.36
11900	0.34	0.5	0.5	0	0	0.34
12000	0.34	0.52	0.52	0	0	0.34
12100	0.34	0.5	0.5	0	0	0.34
12200	0.34	0.5	0.5	0	0	0.34
12300	0.34	0.5	0.5	0	0	0.34
12400	0.34	0.5	0.5	0	0	0.34
12500	0.34	0.5	0.5	0	0	0.34
12600	0.34	0.5	0.5	0	0	0.34
12700	0.36	0.52	0.52	0	0	0.36
12800	0.4	0.52	0.52	0	0	0.4
12900	0.4	0.5	0.5	0	0	0.4
13000	0.38	0.5	0.5	0	0	0.38
13100	0.4	0.52	0.52	0	0	0.4
13200	0.4	0.52	0.52	0	0	0.4
13300	0.4	0.52	0.52	0	0	0.4
13400	0.38	0.52	0.52	0	0	0.38
13500	0.36	0.52	0.52	0	0	0.36
13600	0.36	0.52	0.52	0	0	0.36
13700	0.34	0.52	0.52	0	0	0.34
13800	0.34	0.52	0.52	0	0	0.34
13900	0.34	0.52	0.52	0	0	0.34
14000	0.34	0.52	0.52	0	0	0.34
14100	0.34	0.54	0.54	0	0	0.34
14200	0.34	0.54	0.54	0	0	0.34
14300	0.34	0.54	0.54	0	0	0.34
14400	0.34	0.54	0.54	0	0	0.34
14500	0.34	0.54	0.54	0	0	0.34
14600	0.34	0.54	0.54	0	0	0.34
14700	0.34	0.54	0.54	0	0	0.34
14800	0.34	0.54	0.54	0	0	0.34
14900	0.34	0.54	0.54	0	0	0.34
15000	0.34	0.56	0.56	0	0	0.34
15100	0.36	0.54	0.54	0	0	0.36
15200	0.36	0.54	0.54	0	0	0.36
15300	0.34	0.54	0.54	0	0	0.34
15400	0.34	0.54	0.54	0	0	0.34
15500	0.34	0.54	0.54	0	0	0.34
15600	0.34	0.56	0.56	0	0	0.34
15700	0.34	0.54	0.54	0	0	0.34
15800	0.34	0.54	0.54	0	0	0.34
15900	0.36	0.54	0.54	0	0	0.36
16000	0.36	0.54	0.54	0	0	0.36
16100	0.36	0.54	0.54	0	0	0.36
16200	0.36	0.54	0.54	0	0	0.36
16300	0.36	0.54	0.54	0	0	0.36
16400	0.36	0.56	0.56	0	0	0.36
16500	0.36	0.56	0.56	0	0	0.36
16600	0.36	0.56	0.56	0	0	0.36
16700	0.36	0.56	0.56	0	0	0.36
16800	0.36	0.56	0.56	0	0	0.36
16900	0.36	0.56	0.56	0	0	0.36
17000	0.36	0.56	0.56	0	0	0.36
17100	0.36	0.56	0.56	0	0	0.36
17200	0.36	0.58	0.58	0	0	0.36
17300	0.36	0.56	0.56	0	0	0.36
17400	0.36	0.56	0.56	0	0	0.36
17500	0.36	0.56	0.56	0	0	0.36
17600	0.36	0.56	0.56	0	0	0.36
17700	0.36	0.56	0.56	0	0	0.36
17800	0.36	0.56	0.56	0	0	0.36
17900	0.36	0.56	0.56	0	0	0.36
18000	0.36	0.56	0.56	0	0	0.36
18100	0.36	0.58	0.58	0	0	0.36
18200	0.36	0.6	0.6	0	0	0.36
18300	0.36	0.58	0.58	0	0	0.36
18400	0.36	0.58	0.58	0	0	0.36
18500	0.36	0.58	0.58	0	0	0.36
18600	0.36	0.58	0.58	0	0	0.36
18700	0.36	0.58	0.58	0	0	0.36
18800	0.36	0.58	0.58	0	0	0.36
18900	0.36	0.58	0.58	0	0	0.36
19000	0.36	0.58	0.58	0	0	0.36
19100	0.36	0.58	0.58	0	0	0.36
19200	0.36	0.58	0.58	0	0	0.36
19300	0.36	0.58	0.58	0	0	0.36
19400	0.36	0.6	0.6	0	0	0.36
19500	0.36	0.58	0.58	0	0	0.36
19600	0.36	0.58	0.58	0	0	0.36
19700	0.38	0.58	0.58	0	0	0.38
19800	0.38	0.58	0.58	0	0	0.38
19900	0.38	0.58	0.58	0	0	0.38
20000	0.38	0.58	0.58	0	0	0.38
20100	0.38	0.58	0.58	0	0	0.38
20200	0.38	0.58	0.58	0	0	0.38
20300	0.38	0.58	0.58	0	0	0.38
20400	0.38	0.58	0.58	0	0	0.38
20500	0.38	0.58	0.58	0	0	0.38
20600	0.38	0.58	0.58	0	0	0.38
20700	0.38	0.58	0.58	0	0	0.38
20800	0.38	0.58	0.58	0	0	0.38
20900	0.38	0.58	0.58	0	0	0.38
21000	0.38	0.58	0.58	0	0	0.38
21100	0.38	0.58	0.58	0	0	0.38
21200	0.38	0.58	0.58	0	0	0.38
21300	0.38	0.58	0.58	0	0	0.38
21400	0.38	0.58	0.58	0	0	0.38
21500	0.38	0.58	0.58	0	0	0.38
21600	0.38	0.58	0.58	0	0	0.38
21700	0.38	0.58	0.58	0	0	0.38
21800	0.38	0.58	0.58	0	0	0.38
21900	0.38	0.58	0.58	0	0	0.38
22000	0.38	0.58	0.58	0	0	0.38
22100	0.38	0.58	0.58	0	0	0.38
22200	0.38	0.58	0.58	0	0	0.38
22300	0.38	0.58	0.58	0	0	0.38
22400	0.38	0.58	0.58	0	0	0.38
22500	0.38	0.58	0.58	0	0	0.38
22600	0.38	0.58	0.58	0	0	0.38
22700	0.38	0.58	0.58	0	0	0.38
22800	0.38	0.58	0.58	0	0	0.38
22900	0.38	0.58	0.58	0	0	0.38
23000	0.38	0.58	0.58	0	0	0.38
23100	0.38	0.58	0.58	0	0	0.38
23200	0.38	0.58	0.58	0	0	0.38
23300	0.38	0.58	0.58	0	0	0.38
23400	0.38	0.58	0.58	0	0	0.38
23500	0.38	0.58	0.58	0	0	0.38
23600	0.4	0.58	0.58	0	0	0.4
23700	0.4	0.56	0.56	0	0	0.4
23800	0.4	0.56	0.56	0	0	0.4
23900	0.4	0.54	0.54	0	0	0.4
24000	0.4	0.54	0.54	0	0	0.4
24100	0.4	0.54	0.54	0	0	0.4
24200	0.38	0.54	0.54	0	0	0.38
24300	0.38	0.54	0.54	0	0	0.38
24400	0.38	0.52	0.52	0	0	0.38
24500	0.38	0.52	0.52	0	0	0.38
24600	0.38	0.52	0.52	0	0	0.38
24700	0.38	0.52	0.52	0	0	0.38
24800	0.38	0.52	0.52	0	0	0.38
24900	0.38	0.52	0.52	0	0	0.38
25000	0.36	0.52	0.52	0	0	0.36
25100	0.36	0.52	0.52	0	0	0.36
25200	0.36	0.52	0.52	0	0	0.36
25300	0.36	0.52	0.52	0	0	0.36
25400	0.36	0.52	0.52	0	0	0.36
25500	0.36	0.52	0.52	0	0	0.36
25600	0.36	0.52	0.52	0	0	0.36
25700	0.36	0.52	0.52	0	0	0.36
25800	0.36	0.52	0.52	0	0	0.36
25900	0.36	0.52	0.52	0	0	0.36
26000	0.36	0.52	0.52	0	0	0.36
26100	0.36	0.52	0.52	0	0	0.36
26200	0.36	0.52	0.52	0	0	0.36
26300	0.36	0.52	0.52	0	0	0.36
26400	0.36	0.52	0.52	0	0	0.36
26500	0.38	0.52	0.52	0	0	0.38
26600	0.38	0.52	0.52	0	0	0.38
26700	0.38	0.52	0.52	0	0	0.38
26800	0.38	0.52	0.52	0	0	0.38
26900	0.38	0.52	0.52	0	0	0.38
27000	0.36	0.52	0.52	0	0	0.36
27100	0.36	0.52	0.52	0	0	0.36
27200	0.36	0.52	0.52	0	0	0.36
27300	0.36	0.52	0.52	0	0	0.36
27400	0.36	0.52	0.52	0	0	0.36
27500	0.36	0.52	0.52	0	0	0.36
27600	0.36	0.52	0.52	0	0	0.36
27700	0.38	0.52	0.52	0	0	0.38
27800	0.38	0.52	0.52	0	0	0.38
27900	0.38	0.52	0.52	0	0	0.38
28000	0.38	0.52	0.52	0	0	0.38
28100	0.38	0.52	0.52	0	0	0.38
28200	0.4	0.5	0.5	0	0	0.4
28300	0.4	0.5	0.5	0	0	0.4
28400	0.4	0.5	0.5	0	0	0.4
28500	0.4	0.5	0.5	0	0	0.4
28600	0.42	0.5	0.5	0	0	0.42
28700	0.42	0.52	0.52	0	0	0.42
28800	0.42	0.52	0.52	0	0	0.42
28900	0.42	0.52	0.52	0	0	0.42
29000	0.42	0.52	0.52	0	0	0.42
29100	0.42	0.52	0.52	0	0	0.42
29200	0.42	0.54	0.54	0	0	0.42
29300	0.42	0.54	0.54	0	0	0.42
29400	0.42	0.52	0.52	0	0	0.42
29500	0.42	0.52	0.52	0	0	0.42
29600	0.42	0.54	0.54	0	0	0.42
29700	0.42	0.54	0.54	0	0	0.42
29800	0.42	0.54	0.54	0	0	0.42
29900	0.42	0.54	0.54	0	0	0.42
30000	0.42	0.54	0.54	0	0	0.42
30100	0.42	0.54	0.54	0	0	0.42
30200	0.42	0.54	0.54	0	0	0.42
30300	0.42	0.52	0.52	0	0	0.42
30400	0.42	0.52	0.52	0	0	0.42
30500	0.42	0.52	0.52	0	0	0.42
30600	0.42	0.52	0.52	0	0	0.42
30700	0.4	0.52	0.52	0	0	0.4
30800	0.4	0.52	0.52	0	0	0.4
30900	0.4	0.52	0.52	0	0	0.4
31000	0.4	0.52	0.52	0	0	0.4
31100	0.4	0.52	0.52	0	0	0.4
31200	0.4	0.52	0.52	0	0	0.4
31300	0.4	0.52	0.52	0	0	0.4
31400	0.4	0.52	0.52	0	0	0.4
31500	0.4	0.52	0.52	0	0	0.4
31600	0.4	0.52	0.52	0	0	0.4
31700	0.4	0.52	0.52	0	0	0.4
31800	0.4	0.52	0.52	0	0	0.4
31900	0.4	0.52	0.52	0	0	0.4
32000	0.4	0.52	0.52	0	0	0.4
32100	0.4	0.52	0.52	0	0	0.4
32200	0.4	0.52	0.52	0	0	0.4
32300	0.4	0.52	0.52	0	0	0.4
32400	0.4	0.52	0.52	0	0	0.4
32500	0.4	0.52	0.52	0	0	0.4
32600	0.38	0.52	0.52	0	0	0.38
32700	0.38	0.52	0.52	0	0	0.38
32800	0.38	0.52	0.52	0	0	0.38
32900	0.38	0.52	0.52	0	0	0.38
33000	0.38	0.52	0.52	0	0	0.38
33100	0.38	0.52	0.52	0	0	0.38
33200	0.38	0.52	0.52	0	0	0.38
33300	0.38	0.52	0.52	0	0	0.38
33400	0.38	0.52	0.52	0	0	0.38
33500	0.38	0.52	0.52	0	0	0.38
33600	0.38	0.52	0.52	0	0	0.38
33700	0.38	0.52	0.52	0	0	0.38
33800	0.38	0.52	0.52	0	0	0.38
33900	0.38	0.52	0.52	0	0	0.38
34000	0.38	0.52	0.52	0	0	0.38
34100	0.38	0.52	0.52	0	0	0.38
34200	0.38	0.52	0.52	0	0	0.38
34300	0.38	0.52	0.52	0	0	0.38
34400	0.38	0.52	0.52	0	0	0.38
34500	0.38	0.52	0.52	0	0	0.38
34600	0.38	0.52	0.52	0	0	0.38
34700	0.38	0.52	0.52	0	0	0.38
34800	0.38	0.52	0.52	0	0	0.38
34900	0.38	0.54	0.54	0	0	0.38
35000	0.36	0.54	0.54	0	0	0.36
35100	0.36	0.54	0.54	0	0	0.36
35200	0.36	0.52	0.52	0	0	0.36
35300	0.36	0.52	0.52	0	0	0.36
35400	0.36	0.52	0.52	0	0	0.36
35500	0.36	0.52	0.52	0	0	0.36
35600	0.36	0.5	0.5	0	0	0.36
35700	0.36	0.5	0.5	0	0	0.36
35800	0.36	0.5	0.5	0	0	0.36
35900	0.36	0.5	0.5	0	0	0.36
36000	0.36	0.52	0.52	0	0	0.36
36100	0.36	0.52	0.52	0	0	0.36
36200	0.36	0.52	0.52	0	0	0.36
36300	0.38	0.52	0.52	0	0	0.38
36400	0.36	0.52	0.52	0	0	0.36
36500	0.36	0.52	0.52	0	0	0.36
36600	0.36	0.54	0.54	0	0	0.36
36700	0.36	0.56	0.56	0	0	0.36
36800	0.36	0.54	0.54	0	0	0.36
36900	0.36	0.54	0.54	0	0	0.36
37000	0.36	0.54	0.54	0	0	0.36
37100	0.36	0.54	0.54	0	0	0.36
37200	0.36	0.52	0.52	0	0	0.36
37300	0.36	0.5	0.5	0	0	0.36
37400	0.36	0.5	0.5	0	0	0.36
37500	0.36	0.5	0.5	0	0	0.36
37600	0.36	0.5	0.5	0	0	0.36
37700	0.36	0.5	0.5	0	0	0.36
37800	0.38	0.5	0.5	0	0	0.38
37900	0.38	0.5	0.5	0	0	0.38
38000	0.38	0.5	0.5	0	0	0.38
38100	0.38	0.5	0.5	0	0	0.38
38200	0.36	0.5	0.5	0	0	0.36
38300	0.36	0.5	0.5	0	0	0.36
38400	0.36	0.5	0.5	0	0	0.36
38500	0.38	0.5	0.5	0	0	0.38
38600	0.4	0.5	0.5	0	0	0.4
38700	0.4	0.5	0.5	0	0	0.4
38800	0.4	0.5	0.5	0	0	0.4
38900	0.4	0.5	0.5	0	0	0.4
39000	0.4	0.5	0.5	0	0	0.4
39100	0.4	0.5	0.5	0	0	0.4
39200	0.4	0.5	0.5	0	0	0.4
39300	0.4	0.5	0.5	0	0	0.4
39400	0.4	0.5	0.5	0	0	0.4
39500	0.4	0.5	0.5	0	0	0.4
39600	0.4	0.5	0.5	0	0	0.4
39700	0.4	0.5	0.5	0	0	0.4
39800	0.4	0.5	0.5	0	0	0.4
39900	0.4	0.5	0.5	0	0	0.4
40000	0.4	0.5	0.5	0	0	0.4
40100	0.4	0.52	0.52	0	0	0.4
40200	0.4	0.52	0.52	0	0	0.4
40300	0.4	0.52	0.52	0	0	0.4
40400	0.4	0.54	0.54	0	0	0.4
40500	0.4	0.54	0.54	0	0	0.4
40600	0.4	0.54	0.54	0	0	0.4
40700	0.4	0.54	0.54	0	0	0.4
40800	0.4	0.54	0.54	0	0	0.4
40900	0.4	0.54	0.54	0	0	0.4
41000	0.4	0.52	0.52	0	0	0.4
41100	0.4	0.52	0.52	0	0	0.4
41200	0.4	0.52	0.52	0	0	0.4
41300	0.4	0.5	0.5	0	0	0.4
41400	0.4	0.5	0.5	0	0	0.4
41500	0.4	0.5	0.5	0	0	0.4
41600	0.4	0.5	0.5	0	0	0.4
41700	0.4	0.5	0.5	0	0	0.4
41800	0.4	0.5	0.5	0	0	0.4
41900	0.4	0.5	0.5	0	0	0.4
42000	0.4	0.5	0.5	0	0	0.4
42100	0.4	0.5	0.5	0	0	0.4
42200	0.4	0.5	0.5	0	0	0.4
42300	0.4	0.5	0.5	0	0	0.4
42400	0.4	0.5	0.5	0	0	0.4
42500	0.4	0.5	0.5	0	0	0.4
42600	0.4	0.5	0.5	0	0	0.4
42700	0.4	0.5	0.5	0	0	0.4
42800	0.4	0.5	0.5	0	0	0.4
42900	0.4	0.5	0.5	0	0	0.4
43000	0.4	0.52	0.52	0	0	0.4
43100	0.4	0.52	0.52	0	0	0.4
43200	0.4	0.52	0.52	0	0	0.4
43300	0.4	0.52	0.52	0	0	0.4
43400	0.4	0.52	0.52	0	0	0.4
43500	0.4	0.52	0.52	0	0	0.4
43600	0.4	0.52	0.52	0	0	0.4
43700	0.4	0.52	0.52	0	0	0.4
43800	0.4	0.5	0.5	0	0	0.4
43900	0.4	0.5	0.5	0	0	0.4
44000	0.4	0.5	0.5	0	0	0.4
44100	0.4	0.5	0.5	0	0	0.4
44200	0.4	0.5	0.5	0	0	0.4
44300	0.4	0.5	0.5	0	0	0.4
44400	0.4	0.5	0.5	0	0	0.4
44500	0.4	0.5	0.5	0	0	0.4
44600	0.4	0.5	0.5	0	0	0.4
44700	0.42	0.5	0.5	0	0	0.42
44800	0.42	0.5	0.5	0	0	0.42
44900	0.42	0.5	0.5	0	0	0.42
45000	0.42	0.5	0.5	0	0	0.42
45100	0.44	0.5	0.5	0	0	0.44
45200	0.44	0.5	0.5	0	0	0.44
45300	0.42	0.5	0.5	0	0	0.42
45400	0.42	0.5	0.5	0	0	0.42
45500	0.42	0.5	0.5	0	0	0.42
45600	0.42	0.5	0.5	0	0	0.42
45700	0.4	0.5	0.5	0	0	0.4
45800	0.4	0.5	0.5	0	0	0.4
45900	0.4	0.5	0.5	0	0	0.4
46000	0.4	0.5	0.5	0	0	0.4
46100	0.4	0.5	0.5	0	0	0.4
46200	0.4	0.5	0.5	0	0	0.4
46300	0.4	0.5	0.5	0	0	0.4
46400	0.4	0.5	0.5	0	0	0.4
46500	0.4	0.5	0.5	0	0	0.4
46600	0.4	0.5	0.5	0	0	0.4
46700	0.42	0.5	0.5	0	0	0.42
46800	0.42	0.5	0.5	0	0	0.42
46900	0.42	0.5	0.5	0	0	0.42
47000	0.42	0.5	0.5	0	0	0.42
47100	0.42	0.5	0.5	0	0	0.42
47200	0.42	0.5	0.5	0	0	0.42
47300	0.42	0.5	0.5	0	0	0.42
47400	0.42	0.5	0.5	0	0	0.42
47500	0.42	0.5	0.5	0	0	0.42
47600	0.42	0.5	0.5	0	0	0.42
47700	0.42	0.5	0.5	0	0	0.42
47800	0.42	0.5	0.5	0	0	0.42
47900	0.42	0.5	0.5	0	0	0.42
48000	0.42	0.5	0.5	0	0	0.42
48100	0.42	0.5	0.5	0	0	0.42
48200	0.42	0.5	0.5	0	0	0.42
48300	0.42	0.5	0.5	0	0	0.42
48400	0.42	0.5	0.5	0	0	0.42
48500	0.42	0.5	0.5	0	0	0.42
48600	0.42	0.5	0.5	0	0	0.42
48700	0.42	0.5	0.5	0	0	0.42
48800	0.42	0.5	0.5	0	0	0.42
48900	0.42	0.5	0.5	0	0	0.42
49000	0.42	0.5	0.5	0	0	0.42
49100	0.42	0.5	0.5	0	0	0.42
49200	0.42	0.5	0.5	0	0	0.42
49300	0.42	0.48	0.48	0	0	0.42
49400	0.42	0.48	0.48	0	0	0.42
49500	0.44	0.48	0.48	0	0	0.44
49600	0.44	0.48	0.48	0	0	0.44
49700	0.44	0.48	0.48	0	0	0.44
49800	0.44	0.48	0.48	0	0	0.44
49900	0.46	0.48	0.48	0	0	0.46
50000	0.46	0.48	0.48	0	0	0.46
50100	0.46	0.48	0.48	0	0	0.46
50200	0.46	0.48	0.48	0	0	0.46
50300	0.46	0.5	0.5	0	0	0.46
50400	0.46	0.5	0.5	0	0	0.46
50500	0.46	0.5	0.5	0	0	0.46
50600	0.46	0.5	0.5	0	0	0.46
50700	0.46	0.5	0.5	0	0	0.46
50800	0.46	0.5	0.5	0	0	0.46
50900	0.46	0.5	0.5	0	0	0.46
51000	0.46	0.5	0.5	0	0	0.46
51100	0.46	0.52	0.52	0	0	0.46
51200	0.46	0.52	0.52	0	0	0.46
51300	0.46	0.52	0.52	0	0	0.46
51400	0.46	0.52	0.52	0	0	0.46
51500	0.46	0.52	0.52	0	0	0.46
51600	0.46	0.52	0.52	0	0	0.46
51700	0.46	0.52	0.52	0	0	0.46
51800	0.46	0.52	0.52	0	0	0.46
51900	0.46	0.52	0.52	0	0	0.46
52000	0.46	0.52	0.52	0	0	0.46
52100	0.46	0.52	0.52	0	0	0.46
52200	0.46	0.52	0.52	0	0	0.46
52300	0.46	0.5	0.5	0	0	0.46
52400	0.46	0.5	0.5	0	0	0.46
52500	0.46	0.5	0.5	0	0	0.46
52600	0.46	0.5	0.5	0	0	0.46
52700	0.46	0.5	0.5	0	0	0.46
52800	0.46	0.5	0.5	0	0	0.46
52900	0.46	0.5	0.5	0	0	0.46
53000	0.46	0.5	0.5	0	0	0.46
53100	0.46	0.52	0.52	0	0	0.46
53200	0.46	0.52	0.52	0	0	0.46
53300	0.46	0.52	0.52	0	0	0.46
53400	0.46	0.52	0.52	0	0	0.46
53500	0.46	0.52	0.52	0	0	0.46
53600	0.46	0.52	0.52	0	0	0.46
53700	0.46	0.52	0.52	0	0	0.46
53800	0.46	0.52	0.52	0	0	0.46
53900	0.46	0.52	0.52	0	0	0.46
54000	0.46	0.52	0.52	0	0	0.46
54100	0.46	0.52	0.52	0	0	0.46
54200	0.46	0.52	0.52	0	0	0.46
54300	0.46	0.52	0.52	0	0	0.46
54400	0.46	0.52	0.52	0	0	0.46
54500	0.46	0.52	0.52	0	0	0.46
54600	0.46	0.52	0.52	0	0	0.46
54700	0.46	0.52	0.52	0	0	0.46
54800	0.46	0.52	0.52	0	0	0.46
54900	0.46	0.52	0.52	0	0	0.46
55000	0.46	0.52	0.52	0	0	0.46
55100	0.46	0.52	0.52	0	0	0.46
55200	0.46	0.52	0.52	0	0	0.46
55300	0.46	0.52	0.52	0	0	0.46
55400	0.46	0.52	0.52	0	0	0.46
55500	0.46	0.52	0.52	0	0	0.46
55600	0.46	0.52	0.52	0	0	0.46
55700	0.46	0.52	0.52	0	0	0.46
55800	0.46	0.52	0.52	0	0	0.46
55900	0.46	0.52	0.52	0	0	0.46
56000	0.46	0.52	0.52	0	0	0.46
56100	0.46	0.52	0.52	0	0	0.46
56200	0.46	0.52	0.52	0	0	0.46
56300	0.46	0.52	0.52	0	0	0.46
56400	0.46	0.52	0.52	0	0	0.46
56500	0.46	0.52	0.52	0	0	0.46
56600	0.46	0.52	0.52	0	0	0.46
56700	0.46	0.52	0.52	0	0	0.46
56800	0.46	0.52	0.52	0	0	0.46
56900	0.46	0.52	0.52	0	0	0.46
57000	0.46	0.52	0.52	0	0	0.46
57100	0.46	0.52	0.52	0	0	0.46
57200	0.46	0.52	0.52	0	0	0.46
57300	0.46	0.52	0.52	0	0	0.46
57400	0.46	0.52	0.52	0	0	0.46
57500	0.46	0.52	0.52	0	0	0.46
57600	0.46	0.5	0.5	0	0	0.46
57700	0.46	0.5	0.5	0	0	0.46
57800	0.46	0.5	0.5	0	0	0.46
57900	0.46	0.5	0.5	0	0	0.46
58000	0.46	0.5	0.5	0	0	0.46
58100	0.46	0.5	0.5	0	0	0.46
58200	0.46	0.5	0.5	0	0	0.46
58300	0.46	0.5	0.5	0	0	0.46
58400	0.46	0.5	0.5	0	0	0.46
58500	0.46	0.5	0.5	0	0	0.46
58600	0.46	0.5	0.5	0	0	0.46
58700	0.46	0.5	0.5	0	0	0.46
58800	0.46	0.5	0.5	0	0	0.46
58900	0.46	0.5	0.5	0	0	0.46
59000	0.46	0.5	0.5	0	0	0.46
59100	0.46	0.5	0.5	0	0	0.46
59200	0.46	0.5	0.5	0	0	0.46
59300	0.46	0.5	0.5	0	0	0.46
59400	0.46	0.5	0.5	0	0	0.46
59500	0.46	0.5	0.5	0	0	0.46
59600	0.46	0.5	0.5	0	0	0.46
59700	0.46	0.5	0.5	0	0	0.46
59800	0.46	0.5	0.5	0	0	0.46
59900	0.46	0.5	0.5	0	0	0.46
60000	0.46	0.5	0.5	0	0	0.46
60100	0.46	0.5	0.5	0	0	0.46
60200	0.46	0.5	0.5	0	0	0.46
60300	0.46	0.5	0.5	0	0	0.46
60400	0.46	0.5	0.5	0	0	0.46
60500	0.46	0.5	0.5	0	0	0.46
60600	0.46	0.5	0.5	0	0	0.46
60700	0.46	0.5	0.5	0	0	0.46
60800	0.46	0.5	0.5	0	0	0.46
60900	0.46	0.5	0.5	0	0	0.46
61000	0.46	0.48	0.48	0	0	0.46
61100	0.46	0.48	0.48	0	0	0.46
61200	0.46	0.48	0.48	0	0	0.46
61300	0.46	0.48	0.48	0	0	0.46
61400	0.44	0.48	0.48	0	0	0.44
61500	0.44	0.48	0.48	0	0	0.44
61600	0.44	0.48	0.48	0	0	0.44
61700	0.44	0.48	0.48	0	0	0.44
61800	0.44	0.48	0.48	0	0	0.44
61900	0.44	0.48	0.48	0	0	0.44
62000	0.44	0.48	0.48	0	0	0.44
62100	0.44	0.48	0.48	0	0	0.44
62200	0.44	0.48	0.48	0	0	0.44
62300	0.44	0.48	0.48	0	0	0.44
62400	0.44	0.48	0.48	0	0	0.44
62500	0.44	0.48	0.48	0	0	0.44
62600	0.44	0.48	0.48	0	0	0.44
62700	0.44	0.48	0.48	0	0	0.44
62800	0.44	0.5	0.5	0	0	0.44
62900	0.44	0.5	0.5	0	0	0.44
63000	0.44	0.5	0.5	0	0	0.44
63100	0.44	0.5	0.5	0	0	0.44
63200	0.44	0.5	0.5	0	0	0.44
63300	0.44	0.5	0.5	0	0	0.44
63400	0.44	0.5	0.5	0	0	0.44
63500	0.44	0.5	0.5	0	0	0.44
63600	0.44	0.5	0.5	0	0	0.44
63700	0.44	0.5	0.5	0	0	0.44
63800	0.44	0.5	0.5	0	0	0.44
63900	0.44	0.5	0.5	0	0	0.44
64000	0.44	0.5	0.5	0	0	0.44
64100	0.44	0.5	0.5	0	0	0.44
64200	0.44	0.5	0.5	0	0	0.44
64300	0.44	0.5	0.5	0	0	0.44
64400	0.44	0.5	0.5	0	0	0.44
64500	0.44	0.5	0.5	0	0	0.44
64600	0.44	0.5	0.5	0	0	0.44
64700	0.44	0.5	0.5	0	0	0.44
64800	0.44	0.5	0.5	0	0	0.44
64900	0.46	0.5	0.5	0	0	0.46
65000	0.46	0.5	0.5	0	0	0.46
65100	0.48	0.5	0.5	0	0	0.48
65200	0.48	0.5	0.5	0	0	0.48
65300	0.46	0.5	0.5	0	0	0.46
65400	0.46	0.5	0.5	0	0	0.46
65500	0.46	0.5	0.5	0	0	0.46
65600	0.44	0.5	0.5	0	0	0.44
65700	0.44	0.5	0.5	0	0	0.44
65800	0.44	0.5	0.5	0	0	0.44
65900	0.44	0.5	0.5	0	0	0.44
66000	0.44	0.5	0.5	0	0	0.44
66100	0.44	0.5	0.5	0	0	0.44
66200	0.44	0.5	0.5	0	0	0.44
66300	0.44	0.5	0.5	0	0	0.44
66400	0.44	0.5	0.5	0	0	0.44
66500	0.44	0.5	0.5	0	0	0.44
66600	0.44	0.5	0.5	0	0	0.44
66700	0.44	0.5	0.5	0	0	0.44
66800	0.46	0.5	0.5	0	0	0.46
66900	0.46	0.5	0.5	0	0	0.46
67000	0.46	0.5	0.5	0	0	0.46
67100	0.46	0.5	0.5	0	0	0.46
67200	0.46	0.5	0.5	0	0	0.46
67300	0.46	0.5	0.5	0	0	0.46
67400	0.46	0.5	0.5	0	0	0.46
67500	0.46	0.5	0.5	0	0	0.46
67600	0.46	0.5	0.5	0	0	0.46
67700	0.46	0.52	0.52	0	0	0.46
67800	0.44	0.52	0.52	0	0	0.44
67900	0.44	0.52	0.52	0	0	0.44
68000	0.44	0.52	0.52	0	0	0.44
68100	0.44	0.52	0.52	0	0	0.44
68200	0.44	0.52	0.52	0	0	0.44
68300	0.44	0.52	0.52	0	0	0.44
68400	0.44	0.52	0.52	0	0	0.44
68500	0.42	0.52	0.52	0	0	0.42
68600	0.42	0.54	0.54	0	0	0.42
68700	0.42	0.56	0.56	0	0	0.42
68800	0.42	0.56	0.56	0	0	0.42
68900	0.42	0.56	0.56	0	0	0.42
69000	0.42	0.56	0.56	0	0	0.42
69100	0.42	0.56	0.56	0	0	0.42
69200	0.42	0.56	0.56	0	0	0.42
69300	0.42	0.56	0.56	0	0	0.42
69400	0.42	0.56	0.56	0	0	0.42
69500	0.42	0.56	0.56	0	0	0.42
69600	0.42	0.56	0.56	0	0	0.42
69700	0.44	0.56	0.56	0	0	0.44
69800	0.44	0.56	0.56	0	0	0.44
69900	0.44	0.56	0.56	0	0	0.44
70000	0.44	0.56	0.56	0	0	0.44
70100	0.44	0.56	0.56	0	0	0.44
70200	0.44	0.56	0.56	0	0	0.44
70300	0.44	0.56	0.56	0	0	0.44
70400	0.44	0.56	0.56	0	0	0.44
70500	0.44	0.56	0.56	0	0	0.44
70600	0.44	0.56	0.56	0	0	0.44
70700	0.44	0.56	0.56	0	0	0.44
70800	0.44	0.56	0.56	0	0	0.44
70900	0.44	0.54	0.54	0	0	0.44
71000	0.44	0.54	0.54	0	0	0.44
71100	0.44	0.54	0.54	0	0	0.44
71200	0.44	0.54	0.54	0	0	0.44
71300	0.46	0.54	0.54	0	0	0.46
71400	0.46	0.54	0.54	0	0	0.46
71500	0.46	0.54	0.54	0	0	0.46
71600	0.46	0.54	0.54	0	0	0.46
71700	0.46	0.54	0.54	0	0	0.46
71800	0.46	0.54	0.54	0	0	0.46
71900	0.46	0.54	0.54	0	0	0.46
72000	0.46	0.54	0.54	0	0	0.46
72100	0.46	0.54	0.54	0	0	0.46
72200	0.46	0.54	0.54	0	0	0.46
72300	0.46	0.54	0.54	0	0	0.46
72400	0.44	0.54	0.54	0	0	0.44
72500	0.44	0.54	0.54	0	0	0.44
72600	0.44	0.54	0.54	0	0	0.44
72700	0.44	0.54	0.54	0	0	0.44
72800	0.44	0.54	0.54	0	0	0.44
72900	0.44	0.54	0.54	0	0	0.44
73000	0.46	0.54	0.54	0	0	0.46
73100	0.46	0.54	0.54	0	0	0.46
73200	0.46	0.54	0.54	0	0	0.46
73300	0.46	0.54	0.54	0	0	0.46
73400	0.44	0.54	0.54	0	0	0.44
73500	0.44	0.54	0.54	0	0	0.44
73600	0.44	0.54	0.54	0	0	0.44
73700	0.44	0.54	0.54	0	0	0.44
73800	0.44	0.54	0.54	0	0	0.44
73900	0.44	0.52	0.52	0	0	0.44
74000	0.44	0.52	0.52	0	0	0.44
74100	0.44	0.52	0.52	0	0	0.44
74200	0.44	0.52	0.52	0	0	0.44
74300	0.44	0.52	0.52	0	0	0.44
74400	0.44	0.52	0.52	0	0	0.44
74500	0.44	0.52	0.52	0	0	0.44
74600	0.44	0.52	0.52	0	0	0.44
74700	0.42	0.52	0.52	0	0	0.42
74800	0.42	0.52	0.52	0	0	0.42
74900	0.42	0.52	0.52	0	0	0.42
75000	0.42	0.52	0.52	0	0	0.42
75100	0.42	0.52	0.52	0	0	0.42
75200	0.42	0.5	0.5	0	0	0.42
75300	0.42	0.5	0.5	0	0	0.42
75400	0.42	0.5	0.5	0	0	0.42
75500	0.42	0.5	0.5	0	0	0.42
75600	0.42	0.5	0.5	0	0	0.42
75700	0.42	0.5	0.5	0	0	0.42
75800	0.42	0.5	0.5	0	0	0.42
75900	0.42	0.5	0.5	0	0	0.42
76000	0.42	0.5	0.5	0	0	0.42
76100	0.44	0.5	0.5	0	0	0.44
76200	0.44	0.5	0.5	0	0	0.44
76300	0.44	0.5	0.5	0	0	0.44
76400	0.44	0.5	0.5	0	0	0.44
76500	0.44	0.5	0.5	0	0	0.44
76600	0.44	0.5	0.5	0	0	0.44
76700	0.44	0.5	0.5	0	0	0.44
76800	0.44	0.5	0.5	0	0	0.44
76900	0.44	0.5	0.5	0	0	0.44
77000	0.44	0.5	0.5	0	0	0.44
77100	0.44	0.5	0.5	0	0	0.44
77200	0.44	0.5	0.5	0	0	0.44
77300	0.44	0.5	0.5	0	0	0.44
77400	0.44	0.5	0.5	0	0	0.44
77500	0.44	0.5	0.5	0	0	0.44
77600	0.44	0.5	0.5	0	0	0.44
77700	0.44	0.5	0.5	0	0	0.44
77800	0.44	0.5	0.5	0	0	0.44
77900	0.44	0.5	0.5	0	0	0.44
78000	0.44	0.5	0.5	0	0	0.44
78100	0.44	0.5	0.5	0	0	0.44
78200	0.44	0.5	0.5	0	0	0.44
78300	0.44	0.5	0.5	0	0	0.44
78400	0.44	0.5	0.5	0	0	0.44
78500	0.44	0.5	0.5	0	0	0.44
78600	0.44	0.5	0.5	0	0	0.44
78700	0.44	0.5	0.5	0	0	0.44
78800	0.44	0.5	0.5	0	0	0.44
78900	0.44	0.5	0.5	0	0	0.44
79000	0.44	0.5	0.5	0	0	0.44
79100	0.44	0.52	0.52	0	0	0.44
79200	0.44	0.52	0.52	0	0	0.44
79300	0.44	0.52	0.52	0	0	0.44
79400	0.44	0.52	0.52	0	0	0.44
79500	0.44	0.52	0.52	0	0	0.44
79600	0.44	0.52	0.52	0	0	0.44
79700	0.44	0.52	0.52	0	0	0.44
79800	0.44	0.52	0.52	0	0	0.44
79900	0.44	0.52	0.52	0	0	0.44
80000	0.44	0.52	0.52	0	0	0.44
80100	0.42	0.52	0.52	0	0	0.42
80200	0.42	0.52	0.52	0	0	0.42
80300	0.42	0.52	0.52	0	0	0.42
80400	0.42	0.52	0.52	0	0	0.42
80500	0.44	0.52	0.52	0	0	0.44
80600	0.42	0.52	0.52	0	0	0.42
80700	0.42	0.52	0.52	0	0	0.42
80800	0.42	0.52	0.52	0	0	0.42
80900	0.42	0.52	0.52	0	0	0.42
81000	0.42	0.52	0.52	0	0	0.42
81100	0.42	0.52	0.52	0	0	0.42
81200	0.42	0.52	0.52	0	0	0.42
81300	0.42	0.52	0.52	0	0	0.42
81400	0.42	0.52	0.52	0	0	0.42
81500	0.42	0.52	0.52	0	0	0.42
81600	0.42	0.52	0.52	0	0	0.42
81700	0.42	0.54	0.54	0	0	0.42
81800	0.42	0.52	0.52	0	0	0.42
81900	0.42	0.52	0.52	0	0	0.42
82000	0.44	0.52	0.52	0	0	0.44
82100	0.44	0.52	0.52	0	0	0.44
82200	0.44	0.52	0.52	0	0	0.44
82300	0.44	0.52	0.52	0	0	0.44
82400	0.44	0.52	0.52	0	0	0.44
82500	0.44	0.52	0.52	0	0	0.44
82600	0.44	0.52	0.52	0	0	0.44
82700	0.44	0.52	0.52	0	0	0.44
82800	0.44	0.52	0.52	0	0	0.44
82900	0.44	0.52	0.52	0	0	0.44
83000	0.44	0.52	0.52	0	0	0.44
83100	0.44	0.52	0.52	0	0	0.44
83200	0.44	0.52	0.52	0	0	0.44
83300	0.44	0.52	0.52	0	0	0.44
83400	0.44	0.52	0.52	0	0	0.44
83500	0.44	0.52	0.52	0	0	0.44
83600	0.44	0.52	0.52	0	0	0.44
83700	0.44	0.52	0.52	0	0	0.44
83800	0.44	0.52	0.52	0	0	0.44
83900	0.46	0.52	0.52	0	0	0.46
84000	0.46	0.52	0.52	0	0	0.46
84100	0.46	0.52	0.52	0	0	0.46
84200	0.46	0.52	0.52	0	0	0.46
84300	0.46	0.52	0.52	0	0	0.46
84400	0.46	0.52	0.52	0	0	0.46
84500	0.46	0.52	0.52	0	0	0.46
84600	0.46	0.52	0.52	0	0	0.46
84700	0.46	0.52	0.52	0	0	0.46
84800	0.46	0.5	0.5	0	0	0.46
84900	0.46	0.5	0.5	0	0	0.46
85000	0.44	0.5	0.5	0	0	0.44
85100	0.44	0.5	0.5	0	0	0.44
85200	0.44	0.5	0.5	0	0	0.44
85300	0.44	0.5	0.5	0	0	0.44
85400	0.44	0.5	0.5	0	0	0.44
85500	0.44	0.5	0.5	0	0	0.44
85600	0.44	0.5	0.5	0	0	0.44
85700	0.44	0.5	0.5	0	0	0.44
85800	0.46	0.5	0.5	0	0	0.46
85900	0.46	0.5	0.5	0	0	0.46
86000	0.46	0.5	0.5	0	0	0.46
86100	0.46	0.48	0.48	0	0	0.46
86200	0.46	0.48	0.48	0	0	0.46
86300	0.46	0.48	0.48	0	0	0.46
86400	0.46	0.48	0.48	0	0	0.46
86500	0.46	0.48	0.48	0	0	0.46
86600	0.46	0.48	0.48	0	0	0.46
86700	0.46	0.48	0.48	0	0	0.46
86800	0.46	0.48	0.48	0	0	0.46
86900	0.46	0.48	0.48	0	0	0.46
87000	0.46	0.48	0.48	0	0	0.46
87100	0.46	0.48	0.48	0	0	0.46
87200	0.46	0.48	0.48	0	0	0.46
87300	0.46	0.48	0.48	0	0	0.46
87400	0.46	0.48	0.48	0	0	0.46
87500	0.46	0.48	0.48	0	0	0.46
87600	0.46	0.48	0.48	0	0	0.46
87700	0.46	0.48	0.48	0	0	0.46
87800	0.46	0.48	0.48	0	0	0.46
87900	0.46	0.48	0.48	0	0	0.46
88000	0.46	0.48	0.48	0	0	0.46
88100	0.46	0.48	0.48	0	0	0.46
88200	0.46	0.48	0.48	0	0	0.46
88300	0.46	0.48	0.48	0	0	0.46
88400	0.46	0.48	0.48	0	0	0.46
88500	0.46	0.48	0.48	0	0	0.46
88600	0.46	0.48	0.48	0	0	0.46
88700	0.46	0.48	0.48	0	0	0.46
88800	0.46	0.5	0.5	0	0	0.46
88900	0.46	0.5	0.5	0	0	0.46
89000	0.46	0.5	0.5	0	0	0.46
89100	0.46	0.5	0.5	0	0	0.46
89200	0.46	0.5	0.5	0	0	0.46
89300	0.46	0.5	0.5	0	0	0.46
89400	0.46	0.5	0.5	0	0	0.46
89500	0.46	0.5	0.5	0	0	0.46
89600	0.46	0.5	0.5	0	0	0.46
89700	0.46	0.5	0.5	0	0	0.46
89800	0.46	0.5	0.5	0	0	0.46
89900	0.48	0.5	0.5	0	0	0.48
90000	0.48	0.5	0.5	0	0	0.48
90100	0.48	0.5	0.5	0	0	0.48
90200	0.48	0.5	0.5	0	0	0.48
90300	0.48	0.5	0.5	0	0	0.48
90400	0.48	0.5	0.5	0	0	0.48
90500	0.48	0.5	0.5	0	0	0.48
90600	0.48	0.5	0.5	0	0	0.48
90700	0.48	0.5	0.5	0	0	0.48
90800	0.48	0.5	0.5	0	0	0.48
90900	0.48	0.5	0.5	0	0	0.48
91000	0.48	0.5	0.5	0	0	0.48
91100	0.48	0.5	0.5	0	0	0.48
91200	0.48	0.5	0.5	0	0	0.48
91300	0.48	0.5	0.5	0	0	0.48
91400	0.48	0.5	0.5	0	0	0.48
91500	0.48	0.5	0.5	0	0	0.48
91600	0.48	0.5	0.5	0	0	0.48
91700	0.48	0.5	0.5	0	0	0.48
91800	0.48	0.5	0.5	0	0	0.48
91900	0.48	0.5	0.5	0	0	0.48
92000	0.48	0.5	0.5	0	0	0.48
92100	0.48	0.5	0.5	0	0	0.48
92200	0.48	0.5	0.5	0	0	0.48
92300	0.48	0.5	0.5	0	0	0.48
92400	0.48	0.5	0.5	0	0	0.48
92500	0.48	0.5	0.5	0	0	0.48
92600	0.46	0.5	0.5	0	0	0.46
92700	0.46	0.5	0.5	0	0	0.46
92800	0.46	0.5	0.5	0	0	0.46
92900	0.46	0.5	0.5	0	0	0.46
93000	0.46	0.5	0.5	0	0	0.46
93100	0.46	0.5	0.5	0	0	0.46
93200	0.46	0.52	0.52	0	0	0.46
93300	0.46	0.52	0.52	0	0	0.46
93400	0.46	0.52	0.52	0	0	0.46
93500	0.46	0.52	0.52	0	0	0.46
93600	0.44	0.52	0.52	0	0	0.44
93700	0.44	0.52	0.52	0	0	0.44
93800	0.44	0.52	0.52	0	0	0.44
93900	0.44	0.52	0.52	0	0	0.44
94000	0.44	0.52	0.52	0	0	0.44
94100	0.44	0.52	0.52	0	0	0.44
94200	0.44	0.52	0.52	0	0	0.44
94300	0.44	0.52	0.52	0	0	0.44
94400	0.44	0.52	0.52	0	0	0.44
94500	0.44	0.52	0.52	0	0	0.44
94600	0.44	0.52	0.52	0	0	0.44
94700	0.44	0.52	0.52	0	0	0.44
94800	0.44	0.52	0.52	0	0	0.44
94900	0.44	0.52	0.52	0	0	0.44
95000	0.44	0.52	0.52	0	0	0.44
95100	0.44	0.52	0.52	0	0	0.44
95200	0.44	0.52	0.52	0	0	0.44
95300	0.44	0.52	0.52	0	0	0.44
95400	0.44	0.52	0.52	0	0	0.44
95500	0.44	0.52	0.52	0	0	0.44
95600	0.44	0.52	0.52	0	0	0.44
95700	0.44	0.52	0.52	0	0	0.44
95800	0.44	0.52	0.52	0	0	0.44
95900	0.44	0.52	0.52	0	0	0.44
96000	0.44	0.52	0.52	0	0	0.44
96100	0.44	0.52	0.52	0	0	0.44
96200	0.44	0.52	0.52	0	0	0.44
96300	0.44	0.52	0.52	0	0	0.44
96400	0.44	0.52	0.52	0	0	0.44
96500	0.44	0.52	0.52	0	0	0.44
96600	0.44	0.52	0.52	0	0	0.44
96700	0.44	0.52	0.52	0	0	0.44
96800	0.44	0.52	0.52	0	0	0.44
96900	0.44	0.52	0.52	0	0	0.44
97000	0.44	0.52	0.52	0	0	0.44
97100	0.44	0.52	0.52	0	0	0.44
97200	0.44	0.52	0.52	0	0	0.44
97300	0.44	0.52	0.52	0	0	0.44
97400	0.44	0.52	0.52	0	0	0.44
97500	0.44	0.52	0.52	0	0	0.44
97600	0.44	0.52	0.52	0	0	0.44
97700	0.44	0.52	0.52	0	0	0.44
97800	0.44	0.52	0.52	0	0	0.44
97900	0.44	0.52	0.52	0	0	0.44
98000	0.44	0.5	0.5	0	0	0.44
98100	0.44	0.5	0.5	0	0	0.44
98200	0.44	0.5	0.5	0	0	0.44
98300	0.44	0.5	0.5	0	0	0.44
98400	0.44	0.5	0.5	0	0	0.44
98500	0.44	0.5	0.5	0	0	0.44
98600	0.44	0.5	0.5	0	0	0.44
98700	0.44	0.5	0.5	0	0	0.44
98800	0.44	0.5	0.5	0	0	0.44
98900	0.44	0.5	0.5	0	0	0.44
99000	0.46	0.5	0.5	0	0	0.46
99100	0.46	0.5	0.5	0	0	0.46
99200	0.46	0.5	0.5	0	0	0.46
99300	0.46	0.5	0.5	0	0	0.46
99400	0.46	0.5	0.5	0	0	0.46
99500	0.46	0.5	0.5	0	0	0.46
99600	0.48	0.5	0.5	0	0	0.48
99700	0.48	0.5	0.5	0	0	0.48
99800	0.48	0.5	0.5	0	0	0.48
99900	0.48	0.5	0.5	0	0	0.48
100000	0.48	0.5	0.5	0	0	0.48
