100	0.08	0.08	0.08	0	0	0.08
200	0.08	0.1	0.1	0	0	0.08
300	0.08	0.12	0.12	0	0	0.08
400	0.1	0.14	0.14	0	0	0.1
500	0.12	0.16	0.16	0	0	0.12
600	0.14	0.2	0.2	0	0	0.14
700	0.16	0.2	0.2	0	0	0.16
800	0.16	0.22	0.22	0	0	0.16
900	0.2	0.22	0.22	0	0	0.2
1000	0.2	0.26	0.26	0	0	0.2
1100	0.2	0.26	0.26	0	0	0.2
1200	0.22	0.26	0.26	0	0	0.22
1300	0.24	0.26	0.26	0	0	0.24
1400	0.22	0.26	0.26	0	0	0.22
1500	0.22	0.3	0.3	0	0	0.22
1600	0.22	0.3	0.3	0	0	0.22
1700	0.22	0.32	0.32	0	0	0.22
1800	0.22	0.34	0.34	0	0	0.22
1900	0.24	0.34	0.34	0	0	0.24
2000	0.26	0.34	0.34	0	0	0.26
2100	0.26	0.36	0.36	0	0	0.26
2200	0.24	0.4	0.4	0	0	0.24
2300	0.24	0.4	0.4	0	0	0.24
2400	0.24	0.42	0.42	0	0	0.24
2500	0.24	0.42	0.42	0	0	0.24
2600	0.24	0.42	0.42	0	0	0.24
2700	0.24	0.4	0.4	0	0	0.24
2800	0.24	0.4	0.4	0	0	0.24
2900	0.26	0.4	0.4	0	0	0.26
3000	0.26	0.4	0.4	0	0	0.26
3100	0.28	0.4	0.4	0	0	0.28
3200	0.28	0.4	0.4	0	0	0.28
3300	0.3	0.4	0.4	0	0	0.3
3400	0.3	0.42	0.42	0	0	0.3
3500	0.3	0.4	0.4	0	0	0.3
3600	0.32	0.4	0.4	0	0	0.32
3700	0.32	0.38	0.38	0	0	0.32
3800	0.32	0.38	0.38	0	0	0.32
3900	0.32	0.38	0.38	0	0	0.32
4000	0.34	0.38	0.38	0	0	0.34
4100	0.34	0.38	0.38	0	0	0.34
4200	0.34	0.38	0.38	0	0	0.34
4300	0.34	0.38	0.38	0	0	0.34
4400	0.34	0.38	0.38	0	0	0.34
4500	0.32	0.42	0.42	0	0	0.32
4600	0.32	0.42	0.42	0	0	0.32
4700	0.32	0.42	0.42	0	0	0.32
4800	0.32	0.42	0.42	0	0	0.32
4900	0.34	0.42	0.42	0	0	0.34
5000	0.34	0.42	0.42	0	0	0.34
5100	0.34	0.42	0.42	0	0	0.34
5200	0.34	0.42	0.42	0	0	0.34
5300	0.34	0.42	0.42	0	0	0.34
5400	0.32	0.4	0.4	0	0	0.32
5500	0.32	0.4	0.4	0	0	0.32
5600	0.32	0.4	0.4	0	0	0.32
5700	0.32	0.4	0.4	0	0	0.32
5800	0.32	0.4	0.4	0	0	0.32
5900	0.32	0.42	0.42	0	0	0.32
6000	0.32	0.42	0.42	0	0	0.32
6100	0.32	0.4	0.4	0	0	0.32
6200	0.34	0.42	0.42	0	0	0.34
6300	0.34	0.42	0.42	0	0	0.34
6400	0.34	0.42	0.42	0	0	0.34
6500	0.34	0.42	0.42	0	0	0.34
6600	0.34	0.42	0.42	0	0	0.34
6700	0.34	0.42	0.42	0	0	0.34
6800	0.34	0.42	0.42	0	0	0.34
6900	0.36	0.42	0.42	0	0	0.36
7000	0.36	0.42	0.42	0	0	0.36
7100	0.34	0.42	0.42	0	0	0.34
7200	0.34	0.42	0.42	0	0	0.34
7300	0.34	0.42	0.42	0	0	0.34
7400	0.36	0.42	0.42	0	0	0.36
7500	0.36	0.42	0.42	0	0	0.36
7600	0.34	0.42	0.42	0	0	0.34
7700	0.34	0.42	0.42	0	0	0.34
7800	0.38	0.42	0.42	0	0	0.38
7900	0.38	0.42	0.42	0	0	0.38
8000	0.36	0.42	0.42	0	0	0.36
8100	0.36	0.42	0.42	0	0	0.36
8200	0.36	0.42	0.42	0	0	0.36
8300	0.36	0.44	0.44	0	0	0.36
8400	0.36	0.44	0.44	0	0	0.36
8500	0.38	0.44	0.44	0	0	0.38
8600	0.38	0.44	0.44	0	0	0.38
8700	0.38	0.44	0.44	0	0	0.38
8800	0.38	0.44	0.44	0	0	0.38
8900	0.38	0.44	0.44	0	0	0.38
9000	0.38	0.44	0.44	0	0	0.38
9100	0.38	0.46	0.46	0	0	0.38
9200	0.38	0.44	0.44	0	0	0.38
9300	0.38	0.44	0.44	0	0	0.38
9400	0.36	0.44	0.44	0	0	0.36
9500	0.36	0.44	0.44	0	0	0.36
9600	0.36	0.46	0.46	0	0	0.36
9700	0.36	0.46	0.46	0	0	0.36
9800	0.36	0.46	0.46	0	0	0.36
9900	0.38	0.46	0.46	0	0	0.38
10000	0.38	0.46	0.46	0	0	0.38
10100	0.38	0.46	0.46	0	0	0.38
10200	0.38	0.44	0.44	0	0	0.38
10300	0.38	0.44	0.44	0	0	0.38
10400	0.36	0.44	0.44	0	0	0.36
10500	0.36	0.42	0.42	0	0	0.36
10600	0.36	0.42	0.42	0	0	0.36
10700	0.36	0.42	0.42	0	0	0.36
10800	0.36	0.42	0.42	0	0	0.36
10900	0.36	0.42	0.42	0	0	0.36
11000	0.36	0.38	0.38	0	0	0.36
11100	0.38	0.38	0.38	0	0	0.38
11200	0.38	0.38	0.38	0	0	0.38
11300	0.38	0.38	0.38	0	0	0.38
11400	0.38	0.4	0.4	0	0	0.38
11500	0.38	0.4	0.4	0	0	0.38
11600	0.4	0.4	0.4	0	0	0.4
11700	0.4	0.4	0.4	0	0	0.4
11800	0.4	0.4	0.4	0	0	0.4
11900	0.4	0.4	0.4	0	0	0.4
12000	0.38	0.4	0.4	0	0	0.38
12100	0.38	0.4	0.4	0	0	0.38
12200	0.38	0.4	0.4	0	0	0.38
12300	0.38	0.4	0.4	0	0	0.38
12400	0.38	0.4	0.4	0	0	0.38
12500	0.38	0.4	0.4	0	0	0.38
12600	0.38	0.4	0.4	0	0	0.38
12700	0.38	0.4	0.4	0	0	0.38
12800	0.38	0.4	0.4	0	0	0.38
12900	0.38	0.4	0.4	0	0	0.38
13000	0.38	0.4	0.4	0	0	0.38
13100	0.38	0.4	0.4	0	0	0.38
13200	0.38	0.4	0.4	0	0	0.38
13300	0.38	0.4	0.4	0	0	0.38
13400	0.38	0.4	0.4	0	0	0.38
13500	0.38	0.4	0.4	0	0	0.38
13600	0.38	0.38	0.38	0	0	0.38
13700	0.38	0.4	0.4	0	0	0.38
13800	0.38	0.42	0.42	0	0	0.38
13900	0.36	0.42	0.42	0	0	0.36
14000	0.36	0.42	0.42	0	0	0.36
14100	0.36	0.42	0.42	0	0	0.36
14200	0.36	0.42	0.42	0	0	0.36
14300	0.38	0.42	0.42	0	0	0.38
14400	0.38	0.42	0.42	0	0	0.38
14500	0.42	0.42	0.42	0	0	0.42
14600	0.42	0.42	0.42	0	0	0.42
14700	0.42	0.42	0.42	0	0	0.42
14800	0.42	0.42	0.42	0	0	0.42
14900	0.42	0.42	0.42	0	0	0.42
15000	0.42	0.42	0.42	0	0	0.42
15100	0.42	0.42	0.42	0	0	0.42
15200	0.42	0.42	0.42	0	0	0.42
15300	0.42	0.44	0.44	0	0	0.42
15400	0.42	0.44	0.44	0	0	0.42
15500	0.42	0.44	0.44	0	0	0.42
15600	0.42	0.44	0.44	0	0	0.42
15700	0.4	0.44	0.44	0	0	0.4
15800	0.42	0.44	0.44	0	0	0.42
15900	0.42	0.44	0.44	0	0	0.42
16000	0.44	0.44	0.44	0	0	0.44
16100	0.44	0.42	0.42	0	0	0.44
16200	0.44	0.42	0.42	0	0	0.44
16300	0.44	0.42	0.42	0	0	0.44
16400	0.44	0.42	0.42	0	0	0.44
16500	0.46	0.42	0.42	0	0	0.46
16600	0.46	0.42	0.42	0	0	0.46
16700	0.46	0.44	0.44	0	0	0.46
16800	0.46	0.44	0.44	0	0	0.46
16900	0.46	0.44	0.44	0	0	0.46
17000	0.46	0.44	0.44	0	0	0.46
17100	0.46	0.44	0.44	0	0	0.46
17200	0.46	0.44	0.44	0	0	0.46
17300	0.44	0.46	0.46	0	0	0.44
17400	0.44	0.46	0.46	0	0	0.44
17500	0.44	0.46	0.46	0	0	0.44
17600	0.44	0.44	0.44	0	0	0.44
17700	0.44	0.44	0.44	0	0	0.44
17800	0.44	0.44	0.44	0	0	0.44
17900	0.44	0.44	0.44	0	0	0.44
18000	0.44	0.44	0.44	0	0	0.44
18100	0.44	0.42	0.42	0	0	0.44
18200	0.42	0.42	0.42	0	0	0.42
18300	0.42	0.42	0.42	0	0	0.42
18400	0.44	0.44	0.44	0	0	0.44
18500	0.42	0.46	0.46	0	0	0.42
18600	0.42	0.44	0.44	0	0	0.42
18700	0.42	0.44	0.44	0	0	0.42
18800	0.42	0.46	0.46	0	0	0.42
18900	0.42	0.44	0.44	0	0	0.42
19000	0.42	0.44	0.44	0	0	0.42
19100	0.42	0.44	0.44	0	0	0.42
19200	0.42	0.42	0.42	0	0	0.42
19300	0.42	0.42	0.42	0	0	0.42
19400	0.4	0.42	0.42	0	0	0.4
19500	0.42	0.42	0.42	0	0	0.42
19600	0.42	0.42	0.42	0	0	0.42
19700	0.42	0.42	0.42	0	0	0.42
19800	0.44	0.42	0.42	0	0	0.44
19900	0.44	0.42	0.42	0	0	0.44
20000	0.44	0.42	0.42	0	0	0.44
20100	0.44	0.42	0.42	0	0	0.44
20200	0.44	0.42	0.42	0	0	0.44
20300	0.44	0.44	0.44	0	0	0.44
20400	0.44	0.44	0.44	0	0	0.44
20500	0.44	0.44	0.44	0	0	0.44
20600	0.44	0.44	0.44	0	0	0.44
20700	0.44	0.44	0.44	0	0	0.44
20800	0.44	0.44	0.44	0	0	0.44
20900	0.46	0.46	0.46	0	0	0.46
21000	0.46	0.44	0.44	0	0	0.46
21100	0.46	0.44	0.44	0	0	0.46
21200	0.46	0.44	0.44	0	0	0.46
21300	0.46	0.44	0.44	0	0	0.46
21400	0.46	0.44	0.44	0	0	0.46
21500	0.46	0.44	0.44	0	0	0.46
21600	0.46	0.44	0.44	0	0	0.46
21700	0.48	0.44	0.44	0	0	0.48
21800	0.48	0.44	0.44	0	0	0.48
21900	0.48	0.44	0.44	0	0	0.48
22000	0.48	0.44	0.44	0	0	0.48
22100	0.48	0.46	0.46	0	0	0.48
22200	0.48	0.46	0.46	0	0	0.48
22300	0.48	0.46	0.46	0	0	0.48
22400	0.48	0.46	0.46	0	0	0.48
22500	0.48	0.46	0.46	0	0	0.48
22600	0.46	0.46	0.46	0	0	0.46
22700	0.46	0.46	0.46	0	0	0.46
22800	0.46	0.44	0.44	0	0	0.46
22900	0.46	0.44	0.44	0	0	0.46
23000	0.46	0.44	0.44	0	0	0.46
23100	0.46	0.44	0.44	0	0	0.46
23200	0.46	0.44	0.44	0	0	0.46
23300	0.46	0.44	0.44	0	0	0.46
23400	0.46	0.44	0.44	0	0	0.46
23500	0.46	0.44	0.44	0	0	0.46
23600	0.46	0.44	0.44	0	0	0.46
23700	0.46	0.44	0.44	0	0	0.46
23800	0.46	0.44	0.44	0	0	0.46
23900	0.46	0.44	0.44	0	0	0.46
24000	0.46	0.44	0.44	0	0	0.46
24100	0.46	0.44	0.44	0	0	0.46
24200	0.46	0.44	0.44	0	0	0.46
24300	0.46	0.44	0.44	0	0	0.46
24400	0.46	0.44	0.44	0	0	0.46
24500	0.44	0.44	0.44	0	0	0.44
24600	0.44	0.44	0.44	0	0	0.44
24700	0.44	0.44	0.44	0	0	0.44
24800	0.44	0.44	0.44	0	0	0.44
24900	0.44	0.44	0.44	0	0	0.44
25000	0.44	0.44	0.44	0	0	0.44
25100	0.44	0.46	0.46	0	0	0.44
25200	0.44	0.46	0.46	0	0	0.44
25300	0.44	0.44	0.44	0	0	0.44
25400	0.44	0.44	0.44	0	0	0.44
25500	0.44	0.44	0.44	0	0	0.44
25600	0.44	0.44	0.44	0	0	0.44
25700	0.44	0.44	0.44	0	0	0.44
25800	0.44	0.44	0.44	0	0	0.44
25900	0.44	0.44	0.44	0	0	0.44
26000	0.42	0.46	0.46	0	0	0.42
26100	0.42	0.46	0.46	0	0	0.42
26200	0.42	0.46	0.46	0	0	0.42
26300	0.42	0.46	0.46	0	0	0.42
26400	0.42	0.46	0.46	0	0	0.42
26500	0.42	0.46	0.46	0	0	0.42
26600	0.42	0.46	0.46	0	0	0.42
26700	0.44	0.46	0.46	0	0	0.44
26800	0.44	0.46	0.46	0	0	0.44
26900	0.44	0.46	0.46	0	0	0.44
27000	0.44	0.46	0.46	0	0	0.44
27100	0.44	0.44	0.44	0	0	0.44
27200	0.44	0.44	0.44	0	0	0.44
27300	0.44	0.44	0.44	0	0	0.44
27400	0.44	0.44	0.44	0	0	0.44
27500	0.44	0.44	0.44	0	0	0.44
27600	0.46	0.44	0.44	0	0	0.46
27700	0.46	0.44	0.44	0	0	0.46
27800	0.46	0.44	0.44	0	0	0.46
27900	0.46	0.44	0.44	0	0	0.46
28000	0.46	0.44	0.44	0	0	0.46
28100	0.46	0.46	0.46	0	0	0.46
28200	0.46	0.46	0.46	0	0	0.46
28300	0.46	0.46	0.46	0	0	0.46
28400	0.46	0.46	0.46	0	0	0.46
28500	0.44	0.46	0.46	0	0	0.44
28600	0.44	0.46	0.46	0	0	0.44
28700	0.44	0.46	0.46	0	0	0.44
28800	0.44	0.46	0.46	0	0	0.44
28900	0.44	0.46	0.46	0	0	0.44
29000	0.44	0.46	0.46	0	0	0.44
29100	0.44	0.46	0.46	0	0	0.44
29200	0.44	0.46	0.46	0	0	0.44
29300	0.44	0.46	0.46	0	0	0.44
29400	0.44	0.46	0.46	0	0	0.44
29500	0.46	0.46	0.46	0	0	0.46
29600	0.46	0.46	0.46	0	0	0.46
29700	0.46	0.46	0.46	0	0	0.46
29800	0.46	0.46	0.46	0	0	0.46
29900	0.44	0.46	0.46	0	0	0.44
30000	0.44	0.46	0.46	0	0	0.44
30100	0.44	0.46	0.46	0	0	0.44
30200	0.44	0.48	0.48	0	0	0.44
30300	0.44	0.5	0.5	0	0	0.44
30400	0.44	0.5	0.5	0	0	0.44
30500	0.44	0.5	0.5	0	0	0.44
30600	0.44	0.5	0.5	0	0	0.44
30700	0.44	0.5	0.5	0	0	0.44
30800	0.44	0.5	0.5	0	0	0.44
30900	0.44	0.5	0.5	0	0	0.44
31000	0.44	0.5	0.5	0	0	0.44
31100	0.44	0.5	0.5	0	0	0.44
31200	0.44	0.5	0.5	0	0	0.44
31300	0.44	0.5	0.5	0	0	0.44
31400	0.44	0.5	0.5	0	0	0.44
31500	0.44	0.5	0.5	0	0	0.44
31600	0.44	0.5	0.5	0	0	0.44
31700	0.44	0.5	0.5	0	0	0.44
31800	0.44	0.5	0.5	0	0	0.44
31900	0.44	0.5	0.5	0	0	0.44
32000	0.44	0.5	0.5	0	0	0.44
32100	0.44	0.5	0.5	0	0	0.44
32200	0.44	0.5	0.5	0	0	0.44
32300	0.44	0.52	0.52	0	0	0.44
32400	0.44	0.52	0.52	0	0	0.44
32500	0.44	0.52	0.52	0	0	0.44
32600	0.44	0.52	0.52	0	0	0.44
32700	0.44	0.52	0.52	0	0	0.44
32800	0.44	0.52	0.52	0	0	0.44
32900	0.44	0.52	0.52	0	0	0.44
33000	0.46	0.52	0.52	0	0	0.46
33100	0.46	0.52	0.52	0	0	0.46
33200	0.46	0.52	0.52	0	0	0.46
33300	0.46	0.52	0.52	0	0	0.46
33400	0.46	0.52	0.52	0	0	0.46
33500	0.46	0.52	0.52	0	0	0.46
33600	0.46	0.52	0.52	0	0	0.46
33700	0.46	0.52	0.52	0	0	0.46
33800	0.46	0.52	0.52	0	0	0.46
33900	0.46	0.52	0.52	0	0	0.46
34000	0.46	0.52	0.52	0	0	0.46
34100	0.46	0.52	0.52	0	0	0.46
34200	0.46	0.52	0.52	0	0	0.46
34300	0.46	0.52	0.52	0	0	0.46
34400	0.46	0.52	0.52	0	0	0.46
34500	0.46	0.52	0.52	0	0	0.46
34600	0.46	0.52	0.52	0	0	0.46
34700	0.46	0.52	0.52	0	0	0.46
34800	0.46	0.52	0.52	0	0	0.46
34900	0.48	0.52	0.52	0	0	0.48
35000	0.48	0.52	0.52	0	0	0.48
35100	0.48	0.52	0.52	0	0	0.48
35200	0.48	0.52	0.52	0	0	0.48
35300	0.48	0.52	0.52	0	0	0.48
35400	0.48	0.52	0.52	0	0	0.48
35500	0.48	0.52	0.52	0	0	0.48
35600	0.48	0.52	0.52	0	0	0.48
35700	0.48	0.52	0.52	0	0	0.48
35800	0.48	0.5	0.5	0	0	0.48
35900	0.48	0.48	0.48	0	0	0.48
36000	0.48	0.48	0.48	0	0	0.48
36100	0.48	0.48	0.48	0	0	0.48
36200	0.48	0.48	0.48	0	0	0.48
36300	0.48	0.48	0.48	0	0	0.48
36400	0.48	0.48	0.48	0	0	0.48
36500	0.48	0.48	0.48	0	0	0.48
36600	0.48	0.48	0.48	0	0	0.48
36700	0.48	0.48	0.48	0	0	0.48
36800	0.48	0.48	0.48	0	0	0.48
36900	0.48	0.48	0.48	0	0	0.48
37000	0.48	0.48	0.48	0	0	0.48
37100	0.48	0.48	0.48	0	0	0.48
37200	0.48	0.48	0.48	0	0	0.48
37300	0.48	0.48	0.48	0	0	0.48
37400	0.48	0.48	0.48	0	0	0.48
37500	0.48	0.48	0.48	0	0	0.48
37600	0.48	0.48	0.48	0	0	0.48
37700	0.48	0.48	0.48	0	0	0.48
37800	0.48	0.48	0.48	0	0	0.48
37900	0.48	0.48	0.48	0	0	0.48
38000	0.48	0.46	0.46	0	0	0.48
38100	0.48	0.46	0.46	0	0	0.48
38200	0.48	0.46	0.46	0	0	0.48
38300	0.48	0.46	0.46	0	0	0.48
38400	0.48	0.46	0.46	0	0	0.48
38500	0.48	0.46	0.46	0	0	0.48
38600	0.48	0.46	0.46	0	0	0.48
38700	0.48	0.46	0.46	0	0	0.48
38800	0.48	0.46	0.46	0	0	0.48
38900	0.48	0.46	0.46	0	0	0.48
39000	0.48	0.46	0.46	0	0	0.48
39100	0.48	0.46	0.46	0	0	0.48
39200	0.48	0.46	0.46	0	0	0.48
39300	0.48	0.46	0.46	0	0	0.48
39400	0.48	0.46	0.46	0	0	0.48
39500	0.48	0.46	0.46	0	0	0.48
39600	0.48	0.46	0.46	0	0	0.48
39700	0.48	0.46	0.46	0	0	0.48
39800	0.48	0.46	0.46	0	0	0.48
39900	0.48	0.46	0.46	0	0	0.48
40000	0.48	0.46	0.46	0	0	0.48
40100	0.48	0.46	0.46	0	0	0.48
40200	0.48	0.46	0.46	0	0	0.48
40300	0.48	0.48	0.48	0	0	0.48
40400	0.48	0.48	0.48	0	0	0.48
40500	0.48	0.46	0.46	0	0	0.48
40600	0.48	0.46	0.46	0	0	0.48
40700	0.48	0.46	0.46	0	0	0.48
40800	0.48	0.46	0.46	0	0	0.48
40900	0.48	0.46	0.46	0	0	0.48
41000	0.48	0.46	0.46	0	0	0.48
41100	0.48	0.46	0.46	0	0	0.48
41200	0.48	0.46	0.46	0	0	0.48
41300	0.48	0.46	0.46	0	0	0.48
41400	0.48	0.46	0.46	0	0	0.48
41500	0.48	0.44	0.44	0	0	0.48
41600	0.48	0.44	0.44	0	0	0.48
41700	0.48	0.44	0.44	0	0	0.48
41800	0.48	0.44	0.44	0	0	0.48
41900	0.48	0.44	0.44	0	0	0.48
42000	0.48	0.44	0.44	0	0	0.48
42100	0.48	0.44	0.44	0	0	0.48
42200	0.48	0.44	0.44	0	0	0.48
42300	0.48	0.44	0.44	0	0	0.48
42400	0.48	0.44	0.44	0	0	0.48
42500	0.5	0.44	0.44	0	0	0.5
42600	0.48	0.44	0.44	0	0	0.48
42700	0.48	0.44	0.44	0	0	0.48
42800	0.48	0.44	0.44	0	0	0.48
42900	0.48	0.44	0.44	0	0	0.48
43000	0.48	0.44	0.44	0	0	0.48
43100	0.48	0.44	0.44	0	0	0.48
43200	0.48	0.44	0.44	0	0	0.48
43300	0.46	0.44	0.44	0	0	0.46
43400	0.46	0.44	0.44	0	0	0.46
43500	0.46	0.44	0.44	0	0	0.46
43600	0.46	0.44	0.44	0	0	0.46
43700	0.46	0.44	0.44	0	0	0.46
43800	0.46	0.44	0.44	0	0	0.46
43900	0.46	0.44	0.44	0	0	0.46
44000	0.46	0.44	0.44	0	0	0.46
44100	0.46	0.44	0.44	0	0	0.46
44200	0.46	0.44	0.44	0	0	0.46
44300	0.46	0.44	0.44	0	0	0.46
44400	0.46	0.44	0.44	0	0	0.46
44500	0.46	0.44	0.44	0	0	0.46
44600	0.46	0.44	0.44	0	0	0.46
44700	0.46	0.44	0.44	0	0	0.46
44800	0.46	0.44	0.44	0	0	0.46
44900	0.46	0.44	0.44	0	0	0.46
45000	0.46	0.44	0.44	0	0	0.46
45100	0.46	0.44	0.44	0	0	0.46
45200	0.46	0.44	0.44	0	0	0.46
45300	0.46	0.44	0.44	0	0	0.46
45400	0.46	0.42	0.42	0	0	0.46
45500	0.46	0.42	0.42	0	0	0.46
45600	0.46	0.42	0.42	0	0	0.46
45700	0.46	0.42	0.42	0	0	0.46
45800	0.46	0.42	0.42	0	0	0.46
45900	0.46	0.42	0.42	0	0	0.46
46000	0.46	0.42	0.42	0	0	0.46
46100	0.46	0.42	0.42	0	0	0.46
46200	0.48	0.42	0.42	0	0	0.48
46300	0.48	0.42	0.42	0	0	0.48
46400	0.46	0.42	0.42	0	0	0.46
46500	0.48	0.42	0.42	0	0	0.48
46600	0.5	0.42	0.42	0	0	0.5
46700	0.5	0.42	0.42	0	0	0.5
46800	0.5	0.42	0.42	0	0	0.5
46900	0.5	0.42	0.42	0	0	0.5
47000	0.5	0.42	0.42	0	0	0.5
47100	0.5	0.42	0.42	0	0	0.5
47200	0.5	0.42	0.42	0	0	0.5
47300	0.5	0.42	0.42	0	0	0.5
47400	0.48	0.44	0.44	0	0	0.48
47500	0.48	0.44	0.44	0	0	0.48
47600	0.48	0.44	0.44	0	0	0.48
47700	0.48	0.44	0.44	0	0	0.48
47800	0.48	0.44	0.44	0	0	0.48
47900	0.48	0.44	0.44	0	0	0.48
48000	0.48	0.44	0.44	0	0	0.48
48100	0.5	0.44	0.44	0	0	0.5
48200	0.5	0.44	0.44	0	0	0.5
48300	0.5	0.44	0.44	0	0	0.5
48400	0.5	0.44	0.44	0	0	0.5
48500	0.5	0.44	0.44	0	0	0.5
48600	0.52	0.44	0.44	0	0	0.52
48700	0.5	0.44	0.44	0	0	0.5
48800	0.5	0.44	0.44	0	0	0.5
48900	0.5	0.44	0.44	0	0	0.5
49000	0.5	0.44	0.44	0	0	0.5
49100	0.5	0.44	0.44	0	0	0.5
49200	0.48	0.44	0.44	0	0	0.48
49300	0.48	0.44	0.44	0	0	0.48
49400	0.48	0.44	0.44	0	0	0.48
49500	0.48	0.42	0.42	0	0	0.48
49600	0.48	0.42	0.42	0	0	0.48
49700	0.48	0.44	0.44	0	0	0.48
49800	0.48	0.44	0.44	0	0	0.48
49900	0.48	0.44	0.44	0	0	0.48
50000	0.48	0.44	0.44	0	0	0.48
50100	0.48	0.44	0.44	0	0	0.48
50200	0.48	0.44	0.44	0	0	0.48
50300	0.5	0.44	0.44	0	0	0.5
50400	0.5	0.44	0.44	0	0	0.5
50500	0.52	0.44	0.44	0	0	0.52
50600	0.52	0.44	0.44	0	0	0.52
50700	0.52	0.44	0.44	0	0	0.52
50800	0.52	0.44	0.44	0	0	0.52
50900	0.52	0.44	0.44	0	0	0.52
51000	0.52	0.44	0.44	0	0	0.52
51100	0.52	0.44	0.44	0	0	0.52
51200	0.52	0.44	0.44	0	0	0.52
51300	0.52	0.42	0.42	0	0	0.52
51400	0.52	0.42	0.42	0	0	0.52
51500	0.52	0.42	0.42	0	0	0.52
51600	0.52	0.42	0.42	0	0	0.52
51700	0.52	0.4	0.4	0	0	0.52
51800	0.52	0.4	0.4	0	0	0.52
51900	0.52	0.4	0.4	0	0	0.52
52000	0.52	0.4	0.4	0	0	0.52
52100	0.52	0.4	0.4	0	0	0.52
52200	0.52	0.4	0.4	0	0	0.52
52300	0.54	0.4	0.4	0	0	0.54
52400	0.52	0.4	0.4	0	0	0.52
52500	0.54	0.4	0.4	0	0	0.54
52600	0.54	0.42	0.42	0	0	0.54
52700	0.54	0.42	0.42	0	0	0.54
52800	0.54	0.42	0.42	0	0	0.54
52900	0.54	0.42	0.42	0	0	0.54
53000	0.54	0.42	0.42	0	0	0.54
53100	0.54	0.42	0.42	0	0	0.54
53200	0.54	0.42	0.42	0	0	0.54
53300	0.54	0.42	0.42	0	0	0.54
53400	0.54	0.42	0.42	0	0	0.54
53500	0.54	0.42	0.42	0	0	0.54
53600	0.54	0.42	0.42	0	0	0.54
53700	0.54	0.42	0.42	0	0	0.54
53800	0.56	0.42	0.42	0	0	0.56
53900	0.56	0.42	0.42	0	0	0.56
54000	0.56	0.42	0.42	0	0	0.56
54100	0.56	0.42	0.42	0	0	0.56
54200	0.56	0.42	0.42	0	0	0.56
54300	0.56	0.42	0.42	0	0	0.56
54400	0.56	0.42	0.42	0	0	0.56
54500	0.56	0.42	0.42	0	0	0.56
54600	0.56	0.42	0.42	0	0	0.56
54700	0.56	0.42	0.42	0	0	0.56
54800	0.56	0.42	0.42	0	0	0.56
54900	0.56	0.42	0.42	0	0	0.56
55000	0.56	0.42	0.42	0	0	0.56
55100	0.56	0.42	0.42	0	0	0.56
55200	0.56	0.4	0.4	0	0	0.56
55300	0.56	0.4	0.4	0	0	0.56
55400	0.56	0.4	0.4	0	0	0.56
55500	0.56	0.4	0.4	0	0	0.56
55600	0.56	0.4	0.4	0	0	0.56
55700	0.56	0.4	0.4	0	0	0.56
55800	0.56	0.4	0.4	0	0	0.56
55900	0.56	0.4	0.4	0	0	0.56
56000	0.56	0.4	0.4	0	0	0.56
56100	0.56	0.4	0.4	0	0	0.56
56200	0.54	0.4	0.4	0	0	0.54
56300	0.54	0.4	0.4	0	0	0.54
56400	0.54	0.4	0.4	0	0	0.54
56500	0.54	0.4	0.4	0	0	0.54
56600	0.54	0.4	0.4	0	0	0.54
56700	0.54	0.4	0.4	0	0	0.54
56800	0.54	0.4	0.4	0	0	0.54
56900	0.54	0.4	0.4	0	0	0.54
57000	0.54	0.4	0.4	0	0	0.54
57100	0.54	0.4	0.4	0	0	0.54
57200	0.54	0.4	0.4	0	0	0.54
57300	0.54	0.4	0.4	0	0	0.54
57400	0.54	0.4	0.4	0	0	0.54
57500	0.54	0.4	0.4	0	0	0.54
57600	0.54	0.4	0.4	0	0	0.54
57700	0.54	0.4	0.4	0	0	0.54
57800	0.56	0.4	0.4	0	0	0.56
57900	0.56	0.4	0.4	0	0	0.56
58000	0.54	0.4	0.4	0	0	0.54
58100	0.54	0.4	0.4	0	0	0.54
58200	0.54	0.4	0.4	0	0	0.54
58300	0.54	0.4	0.4	0	0	0.54
58400	0.54	0.4	0.4	0	0	0.54
58500	0.54	0.4	0.4	0	0	0.54
58600	0.54	0.4	0.4	0	0	0.54
58700	0.54	0.4	0.4	0	0	0.54
58800	0.54	0.4	0.4	0	0	0.54
58900	0.52	0.4	0.4	0	0	0.52
59000	0.52	0.4	0.4	0	0	0.52
59100	0.52	0.4	0.4	0	0	0.52
59200	0.52	0.4	0.4	0	0	0.52
59300	0.54	0.4	0.4	0	0	0.54
59400	0.54	0.4	0.4	0	0	0.54
59500	0.54	0.4	0.4	0	0	0.54
59600	0.54	0.4	0.4	0	0	0.54
59700	0.54	0.4	0.4	0	0	0.54
59800	0.54	0.4	0.4	0	0	0.54
59900	0.54	0.4	0.4	0	0	0.54
60000	0.54	0.4	0.4	0	0	0.54
60100	0.54	0.4	0.4	0	0	0.54
60200	0.54	0.4	0.4	0	0	0.54
60300	0.54	0.4	0.4	0	0	0.54
60400	0.54	0.42	0.42	0	0	0.54
60500	0.54	0.42	0.42	0	0	0.54
60600	0.54	0.42	0.42	0	0	0.54
60700	0.54	0.42	0.42	0	0	0.54
60800	0.54	0.42	0.42	0	0	0.54
60900	0.54	0.42	0.42	0	0	0.54
61000	0.54	0.42	0.42	0	0	0.54
61100	0.54	0.44	0.44	0	0	0.54
61200	0.54	0.44	0.44	0	0	0.54
61300	0.54	0.44	0.44	0	0	0.54
61400	0.54	0.44	0.44	0	0	0.54
61500	0.54	0.44	0.44	0	0	0.54
61600	0.54	0.44	0.44	0	0	0.54
61700	0.54	0.44	0.44	0	0	0.54
61800	0.54	0.44	0.44	0	0	0.54
61900	0.54	0.44	0.44	0	0	0.54
62000	0.54	0.44	0.44	0	0	0.54
62100	0.54	0.44	0.44	0	0	0.54
62200	0.54	0.44	0.44	0	0	0.54
62300	0.54	0.44	0.44	0	0	0.54
62400	0.54	0.44	0.44	0	0	0.54
62500	0.54	0.44	0.44	0	0	0.54
62600	0.54	0.44	0.44	0	0	0.54
62700	0.54	0.44	0.44	0	0	0.54
62800	0.54	0.44	0.44	0	0	0.54
62900	0.54	0.44	0.44	0	0	0.54
63000	0.54	0.44	0.44	0	0	0.54
63100	0.54	0.44	0.44	0	0	0.54
63200	0.54	0.44	0.44	0	0	0.54
63300	0.54	0.44	0.44	0	0	0.54
63400	0.54	0.44	0.44	0	0	0.54
63500	0.54	0.44	0.44	0	0	0.54
63600	0.54	0.44	0.44	0	0	0.54
63700	0.54	0.44	0.44	0	0	0.54
63800	0.54	0.44	0.44	0	0	0.54
63900	0.54	0.44	0.44	0	0	0.54
64000	0.54	0.44	0.44	0	0	0.54
64100	0.54	0.44	0.44	0	0	0.54
64200	0.54	0.44	0.44	0	0	0.54
64300	0.54	0.44	0.44	0	0	0.54
64400	0.54	0.44	0.44	0	0	0.54
64500	0.54	0.44	0.44	0	0	0.54
64600	0.54	0.44	0.44	0	0	0.54
64700	0.52	0.44	0.44	0	0	0.52
64800	0.52	0.44	0.44	0	0	0.52
64900	0.52	0.44	0.44	0	0	0.52
65000	0.52	0.44	0.44	0	0	0.52
65100	0.54	0.44	0.44	0	0	0.54
65200	0.52	0.44	0.44	0	0	0.52
65300	0.52	0.44	0.44	0	0	0.52
65400	0.52	0.44	0.44	0	0	0.52
65500	0.52	0.44	0.44	0	0	0.52
65600	0.52	0.44	0.44	0	0	0.52
65700	0.52	0.44	0.44	0	0	0.52
65800	0.52	0.44	0.44	0	0	0.52
65900	0.52	0.44	0.44	0	0	0.52
66000	0.52	0.44	0.44	0	0	0.52
66100	0.52	0.44	0.44	0	0	0.52
66200	0.52	0.44	0.44	0	0	0.52
66300	0.52	0.44	0.44	0	0	0.52
66400	0.52	0.44	0.44	0	0	0.52
66500	0.52	0.44	0.44	0	0	0.52
66600	0.52	0.44	0.44	0	0	0.52
66700	0.52	0.44	0.44	0	0	0.52
66800	0.52	0.44	0.44	0	0	0.52
66900	0.52	0.44	0.44	0	0	0.52
67000	0.52	0.44	0.44	0	0	0.52
67100	0.52	0.44	0.44	0	0	0.52
67200	0.52	0.44	0.44	0	0	0.52
67300	0.54	0.44	0.44	0	0	0.54
67400	0.54	0.44	0.44	0	0	0.54
67500	0.54	0.44	0.44	0	0	0.54
67600	0.54	0.44	0.44	0	0	0.54
67700	0.54	0.42	0.42	0	0	0.54
67800	0.54	0.42	0.42	0	0	0.54
67900	0.54	0.42	0.42	0	0	0.54
68000	0.54	0.42	0.42	0	0	0.54
68100	0.54	0.42	0.42	0	0	0.54
68200	0.54	0.42	0.42	0	0	0.54
68300	0.54	0.42	0.42	0	0	0.54
68400	0.54	0.42	0.42	0	0	0.54
68500	0.54	0.42	0.42	0	0	0.54
68600	0.54	0.42	0.42	0	0	0.54
68700	0.54	0.44	0.44	0	0	0.54
68800	0.54	0.44	0.44	0	0	0.54
68900	0.54	0.44	0.44	0	0	0.54
69000	0.54	0.44	0.44	0	0	0.54
69100	0.54	0.44	0.44	0	0	0.54
69200	0.54	0.44	0.44	0	0	0.54
69300	0.54	0.44	0.44	0	0	0.54
69400	0.54	0.44	0.44	0	0	0.54
69500	0.54	0.44	0.44	0	0	0.54
69600	0.54	0.44	0.44	0	0	0.54
69700	0.54	0.44	0.44	0	0	0.54
69800	0.54	0.42	0.42	0	0	0.54
69900	0.54	0.42	0.42	0	0	0.54
70000	0.54	0.42	0.42	0	0	0.54
70100	0.54	0.42	0.42	0	0	0.54
70200	0.54	0.42	0.42	0	0	0.54
70300	0.54	0.42	0.42	0	0	0.54
70400	0.54	0.42	0.42	0	0	0.54
70500	0.54	0.42	0.42	0	0	0.54
70600	0.54	0.42	0.42	0	0	0.54
70700	0.54	0.42	0.42	0	0	0.54
70800	0.54	0.42	0.42	0	0	0.54
70900	0.54	0.42	0.42	0	0	0.54
71000	0.56	0.42	0.42	0	0	0.56
71100	0.56	0.42	0.42	0	0	0.56
71200	0.56	0.42	0.42	0	0	0.56
71300	0.56	0.42	0.42	0	0	0.56
71400	0.56	0.42	0.42	0	0	0.56
71500	0.56	0.42	0.42	0	0	0.56
71600	0.56	0.42	0.42	0	0	0.56
71700	0.56	0.42	0.42	0	0	0.56
71800	0.56	0.42	0.42	0	0	0.56
71900	0.56	0.42	0.42	0	0	0.56
72000	0.56	0.42	0.42	0	0	0.56
72100	0.56	0.42	0.42	0	0	0.56
72200	0.56	0.42	0.42	0	0	0.56
72300	0.56	0.42	0.42	0	0	0.56
72400	0.56	0.42	0.42	0	0	0.56
72500	0.58	0.42	0.42	0	0	0.58
72600	0.58	0.42	0.42	0	0	0.58
72700	0.58	0.42	0.42	0	0	0.58
72800	0.58	0.42	0.42	0	0	0.58
72900	0.58	0.42	0.42	0	0	0.58
73000	0.58	0.42	0.42	0	0	0.58
73100	0.58	0.42	0.42	0	0	0.58
73200	0.58	0.42	0.42	0	0	0.58
73300	0.58	0.42	0.42	0	0	0.58
73400	0.58	0.42	0.42	0	0	0.58
73500	0.58	0.42	0.42	0	0	0.58
73600	0.58	0.42	0.42	0	0	0.58
73700	0.58	0.42	0.42	0	0	0.58
73800	0.58	0.42	0.42	0	0	0.58
73900	0.58	0.42	0.42	0	0	0.58
74000	0.58	0.42	0.42	0	0	0.58
74100	0.58	0.42	0.42	0	0	0.58
74200	0.58	0.42	0.42	0	0	0.58
74300	0.58	0.42	0.42	0	0	0.58
74400	0.58	0.42	0.42	0	0	0.58
74500	0.58	0.42	0.42	0	0	0.58
74600	0.58	0.42	0.42	0	0	0.58
74700	0.58	0.42	0.42	0	0	0.58
74800	0.58	0.42	0.42	0	0	0.58
74900	0.58	0.42	0.42	0	0	0.58
75000	0.58	0.42	0.42	0	0	0.58
75100	0.56	0.42	0.42	0	0	0.56
75200	0.54	0.42	0.42	0	0	0.54
75300	0.54	0.42	0.42	0	0	0.54
75400	0.54	0.42	0.42	0	0	0.54
75500	0.54	0.42	0.42	0	0	0.54
75600	0.54	0.42	0.42	0	0	0.54
75700	0.54	0.42	0.42	0	0	0.54
75800	0.52	0.42	0.42	0	0	0.52
75900	0.54	0.42	0.42	0	0	0.54
76000	0.54	0.42	0.42	0	0	0.54
76100	0.54	0.42	0.42	0	0	0.54
76200	0.54	0.42	0.42	0	0	0.54
76300	0.54	0.42	0.42	0	0	0.54
76400	0.54	0.42	0.42	0	0	0.54
76500	0.54	0.42	0.42	0	0	0.54
76600	0.54	0.42	0.42	0	0	0.54
76700	0.54	0.42	0.42	0	0	0.54
76800	0.54	0.42	0.42	0	0	0.54
76900	0.54	0.42	0.42	0	0	0.54
77000	0.54	0.42	0.42	0	0	0.54
77100	0.54	0.42	0.42	0	0	0.54
77200	0.54	0.42	0.42	0	0	0.54
77300	0.54	0.42	0.42	0	0	0.54
77400	0.54	0.42	0.42	0	0	0.54
77500	0.54	0.42	0.42	0	0	0.54
77600	0.54	0.42	0.42	0	0	0.54
77700	0.54	0.42	0.42	0	0	0.54
77800	0.54	0.42	0.42	0	0	0.54
77900	0.54	0.42	0.42	0	0	0.54
78000	0.54	0.42	0.42	0	0	0.54
78100	0.54	0.42	0.42	0	0	0.54
78200	0.54	0.42	0.42	0	0	0.54
78300	0.54	0.42	0.42	0	0	0.54
78400	0.54	0.42	0.42	0	0	0.54
78500	0.52	0.42	0.42	0	0	0.52
78600	0.52	0.42	0.42	0	0	0.52
78700	0.52	0.42	0.42	0	0	0.52
78800	0.52	0.42	0.42	0	0	0.52
78900	0.52	0.42	0.42	0	0	0.52
79000	0.52	0.42	0.42	0	0	0.52
79100	0.52	0.42	0.42	0	0	0.52
79200	0.52	0.42	0.42	0	0	0.52
79300	0.52	0.42	0.42	0	0	0.52
79400	0.52	0.42	0.42	0	0	0.52
79500	0.52	0.42	0.42	0	0	0.52
79600	0.52	0.42	0.42	0	0	0.52
79700	0.52	0.42	0.42	0	0	0.52
79800	0.52	0.42	0.42	0	0	0.52
79900	0.52	0.42	0.42	0	0	0.52
80000	0.52	0.42	0.42	0	0	0.52
80100	0.52	0.42	0.42	0	0	0.52
80200	0.52	0.42	0.42	0	0	0.52
80300	0.52	0.42	0.42	0	0	0.52
80400	0.52	0.42	0.42	0	0	0.52
80500	0.52	0.42	0.42	0	0	0.52
80600	0.52	0.42	0.42	0	0	0.52
80700	0.54	0.42	0.42	0	0	0.54
80800	0.52	0.42	0.42	0	0	0.52
80900	0.52	0.42	0.42	0	0	0.52
81000	0.52	0.42	0.42	0	0	0.52
81100	0.52	0.42	0.42	0	0	0.52
81200	0.52	0.42	0.42	0	0	0.52
81300	0.52	0.42	0.42	0	0	0.52
81400	0.52	0.42	0.42	0	0	0.52
81500	0.52	0.42	0.42	0	0	0.52
81600	0.52	0.42	0.42	0	0	0.52
81700	0.52	0.42	0.42	0	0	0.52
81800	0.52	0.42	0.42	0	0	0.52
81900	0.52	0.42	0.42	0	0	0.52
82000	0.52	0.42	0.42	0	0	0.52
82100	0.52	0.42	0.42	0	0	0.52
82200	0.52	0.42	0.42	0	0	0.52
82300	0.52	0.42	0.42	0	0	0.52
82400	0.52	0.42	0.42	0	0	0.52
82500	0.52	0.42	0.42	0	0	0.52
82600	0.52	0.42	0.42	0	0	0.52
82700	0.52	0.42	0.42	0	0	0.52
82800	0.52	0.42	0.42	0	0	0.52
82900	0.52	0.42	0.42	0	0	0.52
83000	0.52	0.42	0.42	0	0	0.52
83100	0.52	0.42	0.42	0	0	0.52
83200	0.52	0.42	0.42	0	0	0.52
83300	0.52	0.42	0.42	0	0	0.52
83400	0.52	0.42	0.42	0	0	0.52
83500	0.52	0.42	0.42	0	0	0.52
83600	0.52	0.42	0.42	0	0	0.52
83700	0.52	0.42	0.42	0	0	0.52
83800	0.52	0.42	0.42	0	0	0.52
83900	0.52	0.42	0.42	0	0	0.52
84000	0.52	0.42	0.42	0	0	0.52
84100	0.52	0.42	0.42	0	0	0.52
84200	0.52	0.42	0.42	0	0	0.52
84300	0.52	0.42	0.42	0	0	0.52
84400	0.52	0.42	0.42	0	0	0.52
84500	0.52	0.42	0.42	0	0	0.52
84600	0.52	0.42	0.42	0	0	0.52
84700	0.52	0.42	0.42	0	0	0.52
84800	0.52	0.42	0.42	0	0	0.52
84900	0.52	0.42	0.42	0	0	0.52
85000	0.52	0.42	0.42	0	0	0.52
85100	0.52	0.42	0.42	0	0	0.52
85200	0.52	0.42	0.42	0	0	0.52
85300	0.52	0.44	0.44	0	0	0.52
85400	0.52	0.44	0.44	0	0	0.52
85500	0.52	0.44	0.44	0	0	0.52
85600	0.52	0.44	0.44	0	0	0.52
85700	0.52	0.44	0.44	0	0	0.52
85800	0.52	0.44	0.44	0	0	0.52
85900	0.52	0.44	0.44	0	0	0.52
86000	0.52	0.44	0.44	0	0	0.52
86100	0.52	0.44	0.44	0	0	0.52
86200	0.52	0.44	0.44	0	0	0.52
86300	0.52	0.44	0.44	0	0	0.52
86400	0.52	0.44	0.44	0	0	0.52
86500	0.52	0.44	0.44	0	0	0.52
86600	0.52	0.44	0.44	0	0	0.52
86700	0.52	0.44	0.44	0	0	0.52
86800	0.52	0.44	0.44	0	0	0.52
86900	0.52	0.44	0.44	0	0	0.52
87000	0.52	0.44	0.44	0	0	0.52
87100	0.52	0.44	0.44	0	0	0.52
87200	0.52	0.44	0.44	0	0	0.52
87300	0.52	0.44	0.44	0	0	0.52
87400	0.52	0.44	0.44	0	0	0.52
87500	0.52	0.44	0.44	0	0	0.52
87600	0.54	0.46	0.46	0	0	0.54
87700	0.54	0.46	0.46	0	0	0.54
87800	0.54	0.46	0.46	0	0	0.54
87900	0.54	0.46	0.46	0	0	0.54
88000	0.54	0.46	0.46	0	0	0.54
88100	0.54	0.46	0.46	0	0	0.54
88200	0.54	0.46	0.46	0	0	0.54
88300	0.54	0.46	0.46	0	0	0.54
88400	0.54	0.46	0.46	0	0	0.54
88500	0.54	0.46	0.46	0	0	0.54
88600	0.54	0.46	0.46	0	0	0.54
88700	0.54	0.46	0.46	0	0	0.54
88800	0.54	0.46	0.46	0	0	0.54
88900	0.54	0.46	0.46	0	0	0.54
89000	0.54	0.46	0.46	0	0	0.54
89100	0.54	0.46	0.46	0	0	0.54
89200	0.54	0.46	0.46	0	0	0.54
89300	0.54	0.46	0.46	0	0	0.54
89400	0.54	0.46	0.46	0	0	0.54
89500	0.54	0.46	0.46	0	0	0.54
89600	0.54	0.46	0.46	0	0	0.54
89700	0.54	0.46	0.46	0	0	0.54
89800	0.54	0.46	0.46	0	0	0.54
89900	0.54	0.46	0.46	0	0	0.54
90000	0.54	0.46	0.46	0	0	0.54
90100	0.54	0.46	0.46	0	0	0.54
90200	0.54	0.46	0.46	0	0	0.54
90300	0.54	0.46	0.46	0	0	0.54
90400	0.54	0.46	0.46	0	0	0.54
90500	0.54	0.46	0.46	0	0	0.54
90600	0.54	0.46	0.46	0	0	0.54
90700	0.54	0.46	0.46	0	0	0.54
90800	0.54	0.46	0.46	0	0	0.54
90900	0.54	0.46	0.46	0	0	0.54
91000	0.54	0.46	0.46	0	0	0.54
91100	0.54	0.46	0.46	0	0	0.54
91200	0.54	0.46	0.46	0	0	0.54
91300	0.54	0.46	0.46	0	0	0.54
91400	0.54	0.46	0.46	0	0	0.54
91500	0.54	0.46	0.46	0	0	0.54
91600	0.54	0.46	0.46	0	0	0.54
91700	0.54	0.46	0.46	0	0	0.54
91800	0.54	0.46	0.46	0	0	0.54
91900	0.54	0.46	0.46	0	0	0.54
92000	0.54	0.46	0.46	0	0	0.54
92100	0.54	0.46	0.46	0	0	0.54
92200	0.54	0.46	0.46	0	0	0.54
92300	0.54	0.46	0.46	0	0	0.54
92400	0.54	0.46	0.46	0	0	0.54
92500	0.54	0.46	0.46	0	0	0.54
92600	0.54	0.46	0.46	0	0	0.54
92700	0.54	0.46	0.46	0	0	0.54
92800	0.54	0.46	0.46	0	0	0.54
92900	0.54	0.46	0.46	0	0	0.54
93000	0.54	0.46	0.46	0	0	0.54
93100	0.54	0.46	0.46	0	0	0.54
93200	0.54	0.46	0.46	0	0	0.54
93300	0.54	0.46	0.46	0	0	0.54
93400	0.54	0.46	0.46	0	0	0.54
93500	0.54	0.46	0.46	0	0	0.54
93600	0.54	0.46	0.46	0	0	0.54
93700	0.54	0.46	0.46	0	0	0.54
93800	0.52	0.46	0.46	0	0	0.52
93900	0.52	0.46	0.46	0	0	0.52
94000	0.52	0.46	0.46	0	0	0.52
94100	0.52	0.46	0.46	0	0	0.52
94200	0.52	0.46	0.46	0	0	0.52
94300	0.52	0.46	0.46	0	0	0.52
94400	0.52	0.46	0.46	0	0	0.52
94500	0.52	0.46	0.46	0	0	0.52
94600	0.52	0.46	0.46	0	0	0.52
94700	0.52	0.46	0.46	0	0	0.52
94800	0.52	0.46	0.46	0	0	0.52
94900	0.52	0.46	0.46	0	0	0.52
95000	0.5	0.46	0.46	0	0	0.5
95100	0.5	0.46	0.46	0	0	0.5
95200	0.5	0.46	0.46	0	0	0.5
95300	0.5	0.46	0.46	0	0	0.5
95400	0.5	0.46	0.46	0	0	0.5
95500	0.5	0.46	0.46	0	0	0.5
95600	0.5	0.46	0.46	0	0	0.5
95700	0.52	0.46	0.46	0	0	0.52
95800	0.52	0.46	0.46	0	0	0.52
95900	0.5	0.46	0.46	0	0	0.5
96000	0.5	0.46	0.46	0	0	0.5
96100	0.5	0.46	0.46	0	0	0.5
96200	0.5	0.46	0.46	0	0	0.5
96300	0.5	0.46	0.46	0	0	0.5
96400	0.5	0.46	0.46	0	0	0.5
96500	0.5	0.46	0.46	0	0	0.5
96600	0.5	0.46	0.46	0	0	0.5
96700	0.5	0.46	0.46	0	0	0.5
96800	0.5	0.46	0.46	0	0	0.5
96900	0.5	0.46	0.46	0	0	0.5
97000	0.5	0.46	0.46	0	0	0.5
97100	0.5	0.46	0.46	0	0	0.5
97200	0.5	0.46	0.46	0	0	0.5
97300	0.5	0.46	0.46	0	0	0.5
97400	0.5	0.46	0.46	0	0	0.5
97500	0.5	0.46	0.46	0	0	0.5
97600	0.5	0.46	0.46	0	0	0.5
97700	0.5	0.46	0.46	0	0	0.5
97800	0.5	0.46	0.46	0	0	0.5
97900	0.48	0.46	0.46	0	0	0.48
98000	0.48	0.46	0.46	0	0	0.48
98100	0.48	0.46	0.46	0	0	0.48
98200	0.48	0.48	0.48	0	0	0.48
98300	0.48	0.48	0.48	0	0	0.48
98400	0.48	0.48	0.48	0	0	0.48
98500	0.48	0.48	0.48	0	0	0.48
98600	0.48	0.48	0.48	0	0	0.48
98700	0.5	0.48	0.48	0	0	0.5
98800	0.5	0.48	0.48	0	0	0.5
98900	0.5	0.48	0.48	0	0	0.5
99000	0.5	0.48	0.48	0	0	0.5
99100	0.5	0.48	0.48	0	0	0.5
99200	0.5	0.48	0.48	0	0	0.5
99300	0.5	0.48	0.48	0	0	0.5
99400	0.5	0.48	0.48	0	0	0.5
99500	0.5	0.48	0.48	0	0	0.5
99600	0.5	0.48	0.48	0	0	0.5
99700	0.5	0.48	0.48	0	0	0.5
99800	0.5	0.48	0.48	0	0	0.5
99900	0.5	0.48	0.48	0	0	0.5
100000	0.5	0.48	0.48	0	0	0.5
