100	0.04	0.08	0.08	0	0	0.04
200	0.06	0.12	0.12	0	0	0.06
300	0.1	0.12	0.12	0	0	0.1
400	0.1	0.12	0.12	0	0	0.1
500	0.12	0.12	0.12	0	0	0.12
600	0.12	0.14	0.14	0	0	0.12
700	0.12	0.16	0.16	0	0	0.12
800	0.14	0.18	0.18	0	0	0.14
900	0.14	0.18	0.18	0	0	0.14
1000	0.14	0.18	0.18	0	0	0.14
1100	0.14	0.2	0.2	0	0	0.14
1200	0.14	0.2	0.2	0	0	0.14
1300	0.16	0.28	0.28	0	0	0.16
1400	0.16	0.3	0.3	0	0	0.16
1500	0.16	0.3	0.3	0	0	0.16
1600	0.16	0.3	0.3	0	0	0.16
1700	0.18	0.32	0.32	0	0	0.18
1800	0.18	0.32	0.32	0	0	0.18
1900	0.18	0.3	0.3	0	0	0.18
2000	0.18	0.3	0.3	0	0	0.18
2100	0.2	0.3	0.3	0	0	0.2
2200	0.2	0.3	0.3	0	0	0.2
2300	0.18	0.3	0.3	0	0	0.18
2400	0.2	0.3	0.3	0	0	0.2
2500	0.2	0.3	0.3	0	0	0.2
2600	0.2	0.3	0.3	0	0	0.2
2700	0.22	0.3	0.3	0	0	0.22
2800	0.22	0.3	0.3	0	0	0.22
2900	0.24	0.3	0.3	0	0	0.24
3000	0.22	0.3	0.3	0	0	0.22
3100	0.22	0.3	0.3	0	0	0.22
3200	0.26	0.3	0.3	0	0	0.26
3300	0.24	0.3	0.3	0	0	0.24
3400	0.24	0.3	0.3	0	0	0.24
3500	0.24	0.32	0.32	0	0	0.24
3600	0.24	0.36	0.36	0	0	0.24
3700	0.24	0.38	0.38	0	0	0.24
3800	0.24	0.38	0.38	0	0	0.24
3900	0.26	0.38	0.38	0	0	0.26
4000	0.28	0.38	0.38	0	0	0.28
4100	0.3	0.38	0.38	0	0	0.3
4200	0.28	0.38	0.38	0	0	0.28
4300	0.28	0.38	0.38	0	0	0.28
4400	0.28	0.4	0.4	0	0	0.28
4500	0.28	0.4	0.4	0	0	0.28
4600	0.28	0.4	0.4	0	0	0.28
4700	0.28	0.4	0.4	0	0	0.28
4800	0.28	0.38	0.38	0	0	0.28
4900	0.3	0.38	0.38	0	0	0.3
5000	0.28	0.38	0.38	0	0	0.28
5100	0.26	0.4	0.4	0	0	0.26
5200	0.26	0.4	0.4	0	0	0.26
5300	0.26	0.4	0.4	0	0	0.26
5400	0.28	0.4	0.4	0	0	0.28
5500	0.28	0.42	0.42	0	0	0.28
5600	0.32	0.42	0.42	0	0	0.32
5700	0.34	0.42	0.42	0	0	0.34
5800	0.34	0.42	0.42	0	0	0.34
5900	0.34	0.44	0.44	0	0	0.34
6000	0.34	0.44	0.44	0	0	0.34
6100	0.34	0.44	0.44	0	0	0.34
6200	0.34	0.44	0.44	0	0	0.34
6300	0.32	0.44	0.44	0	0	0.32
6400	0.34	0.44	0.44	0	0	0.34
6500	0.34	0.44	0.44	0	0	0.34
6600	0.34	0.44	0.44	0	0	0.34
6700	0.34	0.44	0.44	0	0	0.34
6800	0.34	0.44	0.44	0	0	0.34
6900	0.34	0.44	0.44	0	0	0.34
7000	0.36	0.44	0.44	0	0	0.36
7100	0.36	0.44	0.44	0	0	0.36
7200	0.36	0.44	0.44	0	0	0.36
7300	0.36	0.44	0.44	0	0	0.36
7400	0.36	0.42	0.42	0	0	0.36
7500	0.36	0.42	0.42	0	0	0.36
7600	0.36	0.42	0.42	0	0	0.36
7700	0.36	0.4	0.4	0	0	0.36
7800	0.36	0.38	0.38	0	0	0.36
7900	0.36	0.38	0.38	0	0	0.36
8000	0.36	0.36	0.36	0	0	0.36
8100	0.34	0.36	0.36	0	0	0.34
8200	0.34	0.36	0.36	0	0	0.34
8300	0.34	0.38	0.38	0	0	0.34
8400	0.32	0.38	0.38	0	0	0.32
8500	0.34	0.38	0.38	0	0	0.34
8600	0.34	0.38	0.38	0	0	0.34
8700	0.34	0.38	0.38	0	0	0.34
8800	0.36	0.4	0.4	0	0	0.36
8900	0.36	0.4	0.4	0	0	0.36
9000	0.36	0.4	0.4	0	0	0.36
9100	0.36	0.4	0.4	0	0	0.36
9200	0.36	0.42	0.42	0	0	0.36
9300	0.36	0.42	0.42	0	0	0.36
9400	0.38	0.42	0.42	0	0	0.38
9500	0.4	0.4	0.4	0	0	0.4
9600	0.4	0.4	0.4	0	0	0.4
9700	0.4	0.4	0.4	0	0	0.4
9800	0.4	0.4	0.4	0	0	0.4
9900	0.4	0.42	0.42	0	0	0.4
10000	0.4	0.4	0.4	0	0	0.4
10100	0.4	0.4	0.4	0	0	0.4
10200	0.4	0.4	0.4	0	0	0.4
10300	0.44	0.4	0.4	0	0	0.44
10400	0.44	0.4	0.4	0	0	0.44
10500	0.44	0.4	0.4	0	0	0.44
10600	0.44	0.4	0.4	0	0	0.44
10700	0.44	0.4	0.4	0	0	0.44
10800	0.44	0.4	0.4	0	0	0.44
10900	0.44	0.4	0.4	0	0	0.44
11000	0.44	0.38	0.38	0	0	0.44
11100	0.44	0.4	0.4	0	0	0.44
11200	0.44	0.38	0.38	0	0	0.44
11300	0.44	0.38	0.38	0	0	0.44
11400	0.44	0.4	0.4	0	0	0.44
11500	0.44	0.42	0.42	0	0	0.44
11600	0.44	0.42	0.42	0	0	0.44
11700	0.44	0.42	0.42	0	0	0.44
11800	0.44	0.42	0.42	0	0	0.44
11900	0.42	0.4	0.4	0	0	0.42
12000	0.44	0.4	0.4	0	0	0.44
12100	0.46	0.42	0.42	0	0	0.46
12200	0.46	0.42	0.42	0	0	0.46
12300	0.44	0.42	0.42	0	0	0.44
12400	0.44	0.42	0.42	0	0	0.44
12500	0.44	0.42	0.42	0	0	0.44
12600	0.44	0.42	0.42	0	0	0.44
12700	0.44	0.42	0.42	0	0	0.44
12800	0.44	0.42	0.42	0	0	0.44
12900	0.44	0.42	0.42	0	0	0.44
13000	0.44	0.42	0.42	0	0	0.44
13100	0.44	0.42	0.42	0	0	0.44
13200	0.42	0.42	0.42	0	0	0.42
13300	0.42	0.4	0.4	0	0	0.42
13400	0.42	0.4	0.4	0	0	0.42
13500	0.42	0.4	0.4	0	0	0.42
13600	0.42	0.4	0.4	0	0	0.42
13700	0.42	0.4	0.4	0	0	0.42
13800	0.42	0.4	0.4	0	0	0.42
13900	0.42	0.4	0.4	0	0	0.42
14000	0.4	0.4	0.4	0	0	0.4
14100	0.38	0.4	0.4	0	0	0.38
14200	0.38	0.42	0.42	0	0	0.38
14300	0.38	0.42	0.42	0	0	0.38
14400	0.38	0.42	0.42	0	0	0.38
14500	0.38	0.42	0.42	0	0	0.38
14600	0.4	0.42	0.42	0	0	0.4
14700	0.4	0.42	0.42	0	0	0.4
14800	0.42	0.42	0.42	0	0	0.42
14900	0.42	0.44	0.44	0	0	0.42
15000	0.42	0.44	0.44	0	0	0.42
15100	0.42	0.46	0.46	0	0	0.42
15200	0.42	0.46	0.46	0	0	0.42
15300	0.42	0.46	0.46	0	0	0.42
15400	0.42	0.46	0.46	0	0	0.42
15500	0.42	0.48	0.48	0	0	0.42
15600	0.42	0.48	0.48	0	0	0.42
15700	0.42	0.48	0.48	0	0	0.42
15800	0.42	0.48	0.48	0	0	0.42
15900	0.42	0.48	0.48	0	0	0.42
16000	0.42	0.48	0.48	0	0	0.42
16100	0.42	0.48	0.48	0	0	0.42
16200	0.42	0.46	0.46	0	0	0.42
16300	0.42	0.46	0.46	0	0	0.42
16400	0.4	0.46	0.46	0	0	0.4
16500	0.4	0.46	0.46	0	0	0.4
16600	0.4	0.42	0.42	0	0	0.4
16700	0.4	0.42	0.42	0	0	0.4
16800	0.4	0.42	0.42	0	0	0.4
16900	0.38	0.42	0.42	0	0	0.38
17000	0.38	0.42	0.42	0	0	0.38
17100	0.4	0.42	0.42	0	0	0.4
17200	0.42	0.42	0.42	0	0	0.42
17300	0.42	0.4	0.4	0	0	0.42
17400	0.42	0.4	0.4	0	0	0.42
17500	0.42	0.4	0.4	0	0	0.42
17600	0.42	0.4	0.4	0	0	0.42
17700	0.44	0.4	0.4	0	0	0.44
17800	0.44	0.4	0.4	0	0	0.44
17900	0.44	0.4	0.4	0	0	0.44
18000	0.44	0.4	0.4	0	0	0.44
18100	0.44	0.4	0.4	0	0	0.44
18200	0.44	0.4	0.4	0	0	0.44
18300	0.44	0.4	0.4	0	0	0.44
18400	0.44	0.42	0.42	0	0	0.44
18500	0.44	0.42	0.42	0	0	0.44
18600	0.44	0.44	0.44	0	0	0.44
18700	0.44	0.44	0.44	0	0	0.44
18800	0.44	0.44	0.44	0	0	0.44
18900	0.46	0.44	0.44	0	0	0.46
19000	0.46	0.42	0.42	0	0	0.46
19100	0.46	0.44	0.44	0	0	0.46
19200	0.46	0.44	0.44	0	0	0.46
19300	0.46	0.44	0.44	0	0	0.46
19400	0.46	0.44	0.44	0	0	0.46
19500	0.46	0.44	0.44	0	0	0.46
19600	0.46	0.44	0.44	0	0	0.46
19700	0.44	0.44	0.44	0	0	0.44
19800	0.44	0.46	0.46	0	0	0.44
19900	0.44	0.46	0.46	0	0	0.44
20000	0.44	0.46	0.46	0	0	0.44
20100	0.44	0.46	0.46	0	0	0.44
20200	0.46	0.46	0.46	0	0	0.46
20300	0.46	0.46	0.46	0	0	0.46
20400	0.46	0.46	0.46	0	0	0.46
20500	0.46	0.46	0.46	0	0	0.46
20600	0.46	0.46	0.46	0	0	0.46
20700	0.46	0.46	0.46	0	0	0.46
20800	0.46	0.44	0.44	0	0	0.46
20900	0.48	0.44	0.44	0	0	0.48
21000	0.48	0.42	0.42	0	0	0.48
21100	0.48	0.42	0.42	0	0	0.48
21200	0.48	0.42	0.42	0	0	0.48
21300	0.48	0.42	0.42	0	0	0.48
21400	0.48	0.42	0.42	0	0	0.48
21500	0.48	0.42	0.42	0	0	0.48
21600	0.48	0.42	0.42	0	0	0.48
21700	0.48	0.42	0.42	0	0	0.48
21800	0.48	0.42	0.42	0	0	0.48
21900	0.46	0.42	0.42	0	0	0.46
22000	0.46	0.42	0.42	0	0	0.46
22100	0.48	0.42	0.42	0	0	0.48
22200	0.46	0.42	0.42	0	0	0.46
22300	0.46	0.42	0.42	0	0	0.46
22400	0.46	0.42	0.42	0	0	0.46
22500	0.46	0.42	0.42	0	0	0.46
22600	0.46	0.44	0.44	0	0	0.46
22700	0.46	0.44	0.44	0	0	0.46
22800	0.46	0.42	0.42	0	0	0.46
22900	0.46	0.42	0.42	0	0	0.46
23000	0.46	0.42	0.42	0	0	0.46
23100	0.46	0.42	0.42	0	0	0.46
23200	0.46	0.42	0.42	0	0	0.46
23300	0.44	0.42	0.42	0	0	0.44
23400	0.44	0.42	0.42	0	0	0.44
23500	0.44	0.42	0.42	0	0	0.44
23600	0.44	0.42	0.42	0	0	0.44
23700	0.42	0.42	0.42	0	0	0.42
23800	0.42	0.42	0.42	0	0	0.42
23900	0.42	0.42	0.42	0	0	0.42
24000	0.42	0.42	0.42	0	0	0.42
24100	0.42	0.44	0.44	0	0	0.42
24200	0.42	0.44	0.44	0	0	0.42
24300	0.42	0.44	0.44	0	0	0.42
24400	0.42	0.44	0.44	0	0	0.42
24500	0.42	0.44	0.44	0	0	0.42
24600	0.42	0.44	0.44	0	0	0.42
24700	0.42	0.44	0.44	0	0	0.42
24800	0.42	0.42	0.42	0	0	0.42
24900	0.44	0.42	0.42	0	0	0.44
25000	0.44	0.42	0.42	0	0	0.44
25100	0.44	0.42	0.42	0	0	0.44
25200	0.46	0.42	0.42	0	0	0.46
25300	0.46	0.42	0.42	0	0	0.46
25400	0.46	0.42	0.42	0	0	0.46
25500	0.46	0.42	0.42	0	0	0.46
25600	0.46	0.42	0.42	0	0	0.46
25700	0.46	0.42	0.42	0	0	0.46
25800	0.46	0.42	0.42	0	0	0.46
25900	0.46	0.42	0.42	0	0	0.46
26000	0.46	0.44	0.44	0	0	0.46
26100	0.46	0.44	0.44	0	0	0.46
26200	0.46	0.44	0.44	0	0	0.46
26300	0.46	0.44	0.44	0	0	0.46
26400	0.46	0.44	0.44	0	0	0.46
26500	0.46	0.44	0.44	0	0	0.46
26600	0.46	0.44	0.44	0	0	0.46
26700	0.46	0.44	0.44	0	0	0.46
26800	0.46	0.44	0.44	0	0	0.46
26900	0.46	0.44	0.44	0	0	0.46
27000	0.46	0.44	0.44	0	0	0.46
27100	0.46	0.44	0.44	0	0	0.46
27200	0.48	0.44	0.44	0	0	0.48
27300	0.5	0.44	0.44	0	0	0.5
27400	0.48	0.44	0.44	0	0	0.48
27500	0.48	0.44	0.44	0	0	0.48
27600	0.48	0.44	0.44	0	0	0.48
27700	0.48	0.44	0.44	0	0	0.48
27800	0.48	0.44	0.44	0	0	0.48
27900	0.48	0.44	0.44	0	0	0.48
28000	0.48	0.44	0.44	0	0	0.48
28100	0.48	0.44	0.44	0	0	0.48
28200	0.48	0.44	0.44	0	0	0.48
28300	0.48	0.44	0.44	0	0	0.48
28400	0.48	0.44	0.44	0	0	0.48
28500	0.48	0.44	0.44	0	0	0.48
28600	0.48	0.44	0.44	0	0	0.48
28700	0.48	0.44	0.44	0	0	0.48
28800	0.48	0.44	0.44	0	0	0.48
28900	0.48	0.44	0.44	0	0	0.48
29000	0.48	0.44	0.44	0	0	0.48
29100	0.48	0.44	0.44	0	0	0.48
29200	0.48	0.44	0.44	0	0	0.48
29300	0.48	0.44	0.44	0	0	0.48
29400	0.48	0.44	0.44	0	0	0.48
29500	0.48	0.44	0.44	0	0	0.48
29600	0.48	0.44	0.44	0	0	0.48
29700	0.48	0.44	0.44	0	0	0.48
29800	0.48	0.44	0.44	0	0	0.48
29900	0.48	0.44	0.44	0	0	0.48
30000	0.48	0.44	0.44	0	0	0.48
30100	0.48	0.44	0.44	0	0	0.48
30200	0.48	0.44	0.44	0	0	0.48
30300	0.48	0.44	0.44	0	0	0.48
30400	0.48	0.44	0.44	0	0	0.48
30500	0.48	0.44	0.44	0	0	0.48
30600	0.48	0.44	0.44	0	0	0.48
30700	0.48	0.44	0.44	0	0	0.48
30800	0.48	0.44	0.44	0	0	0.48
30900	0.48	0.44	0.44	0	0	0.48
31000	0.48	0.44	0.44	0	0	0.48
31100	0.48	0.44	0.44	0	0	0.48
31200	0.48	0.44	0.44	0	0	0.48
31300	0.46	0.44	0.44	0	0	0.46
31400	0.46	0.44	0.44	0	0	0.46
31500	0.46	0.44	0.44	0	0	0.46
31600	0.46	0.44	0.44	0	0	0.46
31700	0.46	0.44	0.44	0	0	0.46
31800	0.48	0.44	0.44	0	0	0.48
31900	0.48	0.44	0.44	0	0	0.48
32000	0.46	0.44	0.44	0	0	0.46
32100	0.46	0.44	0.44	0	0	0.46
32200	0.46	0.44	0.44	0	0	0.46
32300	0.46	0.44	0.44	0	0	0.46
32400	0.46	0.44	0.44	0	0	0.46
32500	0.46	0.44	0.44	0	0	0.46
32600	0.46	0.44	0.44	0	0	0.46
32700	0.46	0.44	0.44	0	0	0.46
32800	0.46	0.44	0.44	0	0	0.46
32900	0.48	0.44	0.44	0	0	0.48
33000	0.5	0.44	0.44	0	0	0.5
33100	0.5	0.44	0.44	0	0	0.5
33200	0.5	0.44	0.44	0	0	0.5
33300	0.5	0.44	0.44	0	0	0.5
33400	0.5	0.44	0.44	0	0	0.5
33500	0.5	0.44	0.44	0	0	0.5
33600	0.5	0.44	0.44	0	0	0.5
33700	0.5	0.44	0.44	0	0	0.5
33800	0.5	0.44	0.44	0	0	0.5
33900	0.48	0.44	0.44	0	0	0.48
34000	0.48	0.44	0.44	0	0	0.48
34100	0.5	0.44	0.44	0	0	0.5
34200	0.5	0.44	0.44	0	0	0.5
34300	0.5	0.44	0.44	0	0	0.5
34400	0.5	0.44	0.44	0	0	0.5
34500	0.5	0.44	0.44	0	0	0.5
34600	0.5	0.44	0.44	0	0	0.5
34700	0.5	0.44	0.44	0	0	0.5
34800	0.5	0.44	0.44	0	0	0.5
34900	0.5	0.44	0.44	0	0	0.5
35000	0.5	0.44	0.44	0	0	0.5
35100	0.5	0.44	0.44	0	0	0.5
35200	0.48	0.44	0.44	0	0	0.48
35300	0.48	0.44	0.44	0	0	0.48
35400	0.48	0.44	0.44	0	0	0.48
35500	0.48	0.44	0.44	0	0	0.48
35600	0.48	0.44	0.44	0	0	0.48
35700	0.48	0.44	0.44	0	0	0.48
35800	0.48	0.44	0.44	0	0	0.48
35900	0.48	0.44	0.44	0	0	0.48
36000	0.48	0.44	0.44	0	0	0.48
36100	0.48	0.44	0.44	0	0	0.48
36200	0.5	0.44	0.44	0	0	0.5
36300	0.5	0.44	0.44	0	0	0.5
36400	0.5	0.44	0.44	0	0	0.5
36500	0.5	0.44	0.44	0	0	0.5
36600	0.5	0.42	0.42	0	0	0.5
36700	0.5	0.42	0.42	0	0	0.5
36800	0.52	0.42	0.42	0	0	0.52
36900	0.52	0.42	0.42	0	0	0.52
37000	0.52	0.42	0.42	0	0	0.52
37100	0.52	0.42	0.42	0	0	0.52
37200	0.52	0.42	0.42	0	0	0.52
37300	0.52	0.42	0.42	0	0	0.52
37400	0.52	0.42	0.42	0	0	0.52
37500	0.52	0.42	0.42	0	0	0.52
37600	0.52	0.42	0.42	0	0	0.52
37700	0.52	0.4	0.4	0	0	0.52
37800	0.52	0.4	0.4	0	0	0.52
37900	0.52	0.4	0.4	0	0	0.52
38000	0.52	0.4	0.4	0	0	0.52
38100	0.52	0.4	0.4	0	0	0.52
38200	0.52	0.4	0.4	0	0	0.52
38300	0.52	0.4	0.4	0	0	0.52
38400	0.52	0.4	0.4	0	0	0.52
38500	0.52	0.4	0.4	0	0	0.52
38600	0.52	0.4	0.4	0	0	0.52
38700	0.52	0.4	0.4	0	0	0.52
38800	0.52	0.4	0.4	0	0	0.52
38900	0.52	0.4	0.4	0	0	0.52
39000	0.52	0.4	0.4	0	0	0.52
39100	0.52	0.42	0.42	0	0	0.52
39200	0.52	0.44	0.44	0	0	0.52
39300	0.52	0.42	0.42	0	0	0.52
39400	0.52	0.42	0.42	0	0	0.52
39500	0.52	0.42	0.42	0	0	0.52
39600	0.52	0.42	0.42	0	0	0.52
39700	0.52	0.42	0.42	0	0	0.52
39800	0.52	0.42	0.42	0	0	0.52
39900	0.52	0.42	0.42	0	0	0.52
40000	0.52	0.42	0.42	0	0	0.52
40100	0.5	0.42	0.42	0	0	0.5
40200	0.5	0.42	0.42	0	0	0.5
40300	0.5	0.42	0.42	0	0	0.5
40400	0.5	0.42	0.42	0	0	0.5
40500	0.5	0.42	0.42	0	0	0.5
40600	0.48	0.42	0.42	0	0	0.48
40700	0.48	0.42	0.42	0	0	0.48
40800	0.48	0.42	0.42	0	0	0.48
40900	0.46	0.42	0.42	0	0	0.46
41000	0.46	0.44	0.44	0	0	0.46
41100	0.46	0.44	0.44	0	0	0.46
41200	0.46	0.44	0.44	0	0	0.46
41300	0.46	0.44	0.44	0	0	0.46
41400	0.48	0.44	0.44	0	0	0.48
41500	0.48	0.44	0.44	0	0	0.48
41600	0.48	0.44	0.44	0	0	0.48
41700	0.48	0.44	0.44	0	0	0.48
41800	0.48	0.44	0.44	0	0	0.48
41900	0.48	0.46	0.46	0	0	0.48
42000	0.48	0.46	0.46	0	0	0.48
42100	0.48	0.44	0.44	0	0	0.48
42200	0.48	0.44	0.44	0	0	0.48
42300	0.48	0.44	0.44	0	0	0.48
42400	0.48	0.44	0.44	0	0	0.48
42500	0.48	0.44	0.44	0	0	0.48
42600	0.48	0.42	0.42	0	0	0.48
42700	0.48	0.42	0.42	0	0	0.48
42800	0.48	0.42	0.42	0	0	0.48
42900	0.48	0.42	0.42	0	0	0.48
43000	0.48	0.42	0.42	0	0	0.48
43100	0.48	0.42	0.42	0	0	0.48
43200	0.5	0.42	0.42	0	0	0.5
43300	0.5	0.42	0.42	0	0	0.5
43400	0.5	0.42	0.42	0	0	0.5
43500	0.52	0.42	0.42	0	0	0.52
43600	0.52	0.42	0.42	0	0	0.52
43700	0.52	0.42	0.42	0	0	0.52
43800	0.52	0.42	0.42	0	0	0.52
43900	0.52	0.42	0.42	0	0	0.52
44000	0.52	0.44	0.44	0	0	0.52
44100	0.52	0.44	0.44	0	0	0.52
44200	0.52	0.44	0.44	0	0	0.52
44300	0.52	0.44	0.44	0	0	0.52
44400	0.52	0.44	0.44	0	0	0.52
44500	0.52	0.44	0.44	0	0	0.52
44600	0.52	0.44	0.44	0	0	0.52
44700	0.52	0.44	0.44	0	0	0.52
44800	0.52	0.44	0.44	0	0	0.52
44900	0.52	0.44	0.44	0	0	0.52
45000	0.52	0.44	0.44	0	0	0.52
45100	0.52	0.44	0.44	0	0	0.52
45200	0.52	0.44	0.44	0	0	0.52
45300	0.52	0.44	0.44	0	0	0.52
45400	0.52	0.44	0.44	0	0	0.52
45500	0.52	0.44	0.44	0	0	0.52
45600	0.52	0.44	0.44	0	0	0.52
45700	0.52	0.44	0.44	0	0	0.52
45800	0.52	0.44	0.44	0	0	0.52
45900	0.52	0.44	0.44	0	0	0.52
46000	0.52	0.44	0.44	0	0	0.52
46100	0.52	0.44	0.44	0	0	0.52
46200	0.52	0.44	0.44	0	0	0.52
46300	0.52	0.44	0.44	0	0	0.52
46400	0.52	0.44	0.44	0	0	0.52
46500	0.52	0.44	0.44	0	0	0.52
46600	0.52	0.44	0.44	0	0	0.52
46700	0.52	0.44	0.44	0	0	0.52
46800	0.52	0.44	0.44	0	0	0.52
46900	0.52	0.44	0.44	0	0	0.52
47000	0.52	0.44	0.44	0	0	0.52
47100	0.52	0.44	0.44	0	0	0.52
47200	0.52	0.44	0.44	0	0	0.52
47300	0.54	0.44	0.44	0	0	0.54
47400	0.52	0.44	0.44	0	0	0.52
47500	0.52	0.44	0.44	0	0	0.52
47600	0.52	0.44	0.44	0	0	0.52
47700	0.52	0.44	0.44	0	0	0.52
47800	0.5	0.44	0.44	0	0	0.5
47900	0.5	0.44	0.44	0	0	0.5
48000	0.52	0.44	0.44	0	0	0.52
48100	0.52	0.44	0.44	0	0	0.52
48200	0.52	0.44	0.44	0	0	0.52
48300	0.52	0.44	0.44	0	0	0.52
48400	0.5	0.44	0.44	0	0	0.5
48500	0.5	0.44	0.44	0	0	0.5
48600	0.5	0.44	0.44	0	0	0.5
48700	0.5	0.44	0.44	0	0	0.5
48800	0.5	0.44	0.44	0	0	0.5
48900	0.5	0.44	0.44	0	0	0.5
49000	0.5	0.44	0.44	0	0	0.5
49100	0.5	0.44	0.44	0	0	0.5
49200	0.5	0.44	0.44	0	0	0.5
49300	0.5	0.44	0.44	0	0	0.5
49400	0.5	0.46	0.46	0	0	0.5
49500	0.5	0.44	0.44	0	0	0.5
49600	0.5	0.44	0.44	0	0	0.5
49700	0.5	0.44	0.44	0	0	0.5
49800	0.52	0.44	0.44	0	0	0.52
49900	0.52	0.44	0.44	0	0	0.52
50000	0.52	0.44	0.44	0	0	0.52
50100	0.52	0.44	0.44	0	0	0.52
50200	0.52	0.44	0.44	0	0	0.52
50300	0.52	0.46	0.46	0	0	0.52
50400	0.52	0.44	0.44	0	0	0.52
50500	0.52	0.44	0.44	0	0	0.52
50600	0.52	0.44	0.44	0	0	0.52
50700	0.52	0.44	0.44	0	0	0.52
50800	0.52	0.44	0.44	0	0	0.52
50900	0.52	0.46	0.46	0	0	0.52
51000	0.52	0.46	0.46	0	0	0.52
51100	0.52	0.46	0.46	0	0	0.52
51200	0.5	0.46	0.46	0	0	0.5
51300	0.5	0.46	0.46	0	0	0.5
51400	0.5	0.46	0.46	0	0	0.5
51500	0.5	0.46	0.46	0	0	0.5
51600	0.5	0.46	0.46	0	0	0.5
51700	0.5	0.46	0.46	0	0	0.5
51800	0.5	0.46	0.46	0	0	0.5
51900	0.5	0.46	0.46	0	0	0.5
52000	0.5	0.46	0.46	0	0	0.5
52100	0.5	0.46	0.46	0	0	0.5
52200	0.5	0.46	0.46	0	0	0.5
52300	0.5	0.46	0.46	0	0	0.5
52400	0.5	0.46	0.46	0	0	0.5
52500	0.5	0.46	0.46	0	0	0.5
52600	0.48	0.44	0.44	0	0	0.48
52700	0.48	0.44	0.44	0	0	0.48
52800	0.48	0.44	0.44	0	0	0.48
52900	0.48	0.44	0.44	0	0	0.48
53000	0.48	0.44	0.44	0	0	0.48
53100	0.48	0.44	0.44	0	0	0.48
53200	0.48	0.44	0.44	0	0	0.48
53300	0.48	0.46	0.46	0	0	0.48
53400	0.48	0.46	0.46	0	0	0.48
53500	0.48	0.46	0.46	0	0	0.48
53600	0.48	0.46	0.46	0	0	0.48
53700	0.48	0.46	0.46	0	0	0.48
53800	0.48	0.46	0.46	0	0	0.48
53900	0.48	0.46	0.46	0	0	0.48
54000	0.48	0.46	0.46	0	0	0.48
54100	0.48	0.46	0.46	0	0	0.48
54200	0.48	0.46	0.46	0	0	0.48
54300	0.48	0.44	0.44	0	0	0.48
54400	0.48	0.44	0.44	0	0	0.48
54500	0.5	0.44	0.44	0	0	0.5
54600	0.5	0.44	0.44	0	0	0.5
54700	0.5	0.42	0.42	0	0	0.5
54800	0.5	0.42	0.42	0	0	0.5
54900	0.5	0.42	0.42	0	0	0.5
55000	0.48	0.42	0.42	0	0	0.48
55100	0.48	0.42	0.42	0	0	0.48
55200	0.48	0.42	0.42	0	0	0.48
55300	0.48	0.42	0.42	0	0	0.48
55400	0.48	0.42	0.42	0	0	0.48
55500	0.48	0.42	0.42	0	0	0.48
55600	0.52	0.42	0.42	0	0	0.52
55700	0.52	0.42	0.42	0	0	0.52
55800	0.52	0.42	0.42	0	0	0.52
55900	0.52	0.42	0.42	0	0	0.52
56000	0.52	0.42	0.42	0	0	0.52
56100	0.52	0.42	0.42	0	0	0.52
56200	0.52	0.42	0.42	0	0	0.52
56300	0.52	0.42	0.42	0	0	0.52
56400	0.52	0.42	0.42	0	0	0.52
56500	0.52	0.42	0.42	0	0	0.52
56600	0.52	0.42	0.42	0	0	0.52
56700	0.52	0.42	0.42	0	0	0.52
56800	0.52	0.42	0.42	0	0	0.52
56900	0.52	0.42	0.42	0	0	0.52
57000	0.52	0.42	0.42	0	0	0.52
57100	0.52	0.42	0.42	0	0	0.52
57200	0.52	0.42	0.42	0	0	0.52
57300	0.52	0.42	0.42	0	0	0.52
57400	0.52	0.42	0.42	0	0	0.52
57500	0.52	0.42	0.42	0	0	0.52
57600	0.52	0.42	0.42	0	0	0.52
57700	0.52	0.42	0.42	0	0	0.52
57800	0.52	0.42	0.42	0	0	0.52
57900	0.52	0.42	0.42	0	0	0.52
58000	0.52	0.42	0.42	0	0	0.52
58100	0.52	0.42	0.42	0	0	0.52
58200	0.52	0.42	0.42	0	0	0.52
58300	0.52	0.42	0.42	0	0	0.52
58400	0.52	0.42	0.42	0	0	0.52
58500	0.52	0.42	0.42	0	0	0.52
58600	0.52	0.42	0.42	0	0	0.52
58700	0.52	0.42	0.42	0	0	0.52
58800	0.5	0.42	0.42	0	0	0.5
58900	0.5	0.42	0.42	0	0	0.5
59000	0.5	0.42	0.42	0	0	0.5
59100	0.5	0.42	0.42	0	0	0.5
59200	0.5	0.42	0.42	0	0	0.5
59300	0.5	0.42	0.42	0	0	0.5
59400	0.5	0.42	0.42	0	0	0.5
59500	0.5	0.42	0.42	0	0	0.5
59600	0.5	0.42	0.42	0	0	0.5
59700	0.5	0.44	0.44	0	0	0.5
59800	0.5	0.44	0.44	0	0	0.5
59900	0.5	0.44	0.44	0	0	0.5
60000	0.5	0.44	0.44	0	0	0.5
60100	0.5	0.44	0.44	0	0	0.5
60200	0.5	0.44	0.44	0	0	0.5
60300	0.5	0.44	0.44	0	0	0.5
60400	0.5	0.44	0.44	0	0	0.5
60500	0.48	0.44	0.44	0	0	0.48
60600	0.48	0.44	0.44	0	0	0.48
60700	0.48	0.44	0.44	0	0	0.48
60800	0.48	0.44	0.44	0	0	0.48
60900	0.46	0.44	0.44	0	0	0.46
61000	0.46	0.44	0.44	0	0	0.46
61100	0.46	0.44	0.44	0	0	0.46
61200	0.46	0.44	0.44	0	0	0.46
61300	0.46	0.44	0.44	0	0	0.46
61400	0.46	0.44	0.44	0	0	0.46
61500	0.46	0.44	0.44	0	0	0.46
61600	0.46	0.44	0.44	0	0	0.46
61700	0.46	0.44	0.44	0	0	0.46
61800	0.46	0.44	0.44	0	0	0.46
61900	0.46	0.46	0.46	0	0	0.46
62000	0.46	0.46	0.46	0	0	0.46
62100	0.46	0.46	0.46	0	0	0.46
62200	0.46	0.46	0.46	0	0	0.46
62300	0.46	0.48	0.48	0	0	0.46
62400	0.46	0.5	0.5	0	0	0.46
62500	0.46	0.5	0.5	0	0	0.46
62600	0.46	0.5	0.5	0	0	0.46
62700	0.46	0.5	0.5	0	0	0.46
62800	0.46	0.5	0.5	0	0	0.46
62900	0.46	0.5	0.5	0	0	0.46
63000	0.46	0.48	0.48	0	0	0.46
63100	0.46	0.48	0.48	0	0	0.46
63200	0.46	0.48	0.48	0	0	0.46
63300	0.46	0.48	0.48	0	0	0.46
63400	0.46	0.48	0.48	0	0	0.46
63500	0.44	0.48	0.48	0	0	0.44
63600	0.44	0.48	0.48	0	0	0.44
63700	0.44	0.48	0.48	0	0	0.44
63800	0.44	0.48	0.48	0	0	0.44
63900	0.44	0.48	0.48	0	0	0.44
64000	0.44	0.48	0.48	0	0	0.44
64100	0.44	0.48	0.48	0	0	0.44
64200	0.44	0.48	0.48	0	0	0.44
64300	0.44	0.48	0.48	0	0	0.44
64400	0.44	0.48	0.48	0	0	0.44
64500	0.46	0.48	0.48	0	0	0.46
64600	0.46	0.48	0.48	0	0	0.46
64700	0.46	0.48	0.48	0	0	0.46
64800	0.46	0.48	0.48	0	0	0.46
64900	0.46	0.48	0.48	0	0	0.46
65000	0.48	0.48	0.48	0	0	0.48
65100	0.48	0.48	0.48	0	0	0.48
65200	0.48	0.48	0.48	0	0	0.48
65300	0.48	0.5	0.5	0	0	0.48
65400	0.48	0.5	0.5	0	0	0.48
65500	0.48	0.5	0.5	0	0	0.48
65600	0.48	0.5	0.5	0	0	0.48
65700	0.48	0.5	0.5	0	0	0.48
65800	0.48	0.5	0.5	0	0	0.48
65900	0.48	0.5	0.5	0	0	0.48
66000	0.48	0.5	0.5	0	0	0.48
66100	0.48	0.5	0.5	0	0	0.48
66200	0.48	0.5	0.5	0	0	0.48
66300	0.48	0.5	0.5	0	0	0.48
66400	0.48	0.5	0.5	0	0	0.48
66500	0.48	0.5	0.5	0	0	0.48
66600	0.48	0.5	0.5	0	0	0.48
66700	0.48	0.5	0.5	0	0	0.48
66800	0.48	0.5	0.5	0	0	0.48
66900	0.48	0.5	0.5	0	0	0.48
67000	0.46	0.5	0.5	0	0	0.46
67100	0.46	0.5	0.5	0	0	0.46
67200	0.46	0.5	0.5	0	0	0.46
67300	0.46	0.5	0.5	0	0	0.46
67400	0.46	0.5	0.5	0	0	0.46
67500	0.46	0.5	0.5	0	0	0.46
67600	0.46	0.5	0.5	0	0	0.46
67700	0.46	0.5	0.5	0	0	0.46
67800	0.46	0.5	0.5	0	0	0.46
67900	0.46	0.5	0.5	0	0	0.46
68000	0.46	0.5	0.5	0	0	0.46
68100	0.46	0.5	0.5	0	0	0.46
68200	0.46	0.5	0.5	0	0	0.46
68300	0.46	0.5	0.5	0	0	0.46
68400	0.46	0.5	0.5	0	0	0.46
68500	0.46	0.5	0.5	0	0	0.46
68600	0.46	0.5	0.5	0	0	0.46
68700	0.46	0.5	0.5	0	0	0.46
68800	0.46	0.5	0.5	0	0	0.46
68900	0.46	0.5	0.5	0	0	0.46
69000	0.46	0.5	0.5	0	0	0.46
69100	0.46	0.5	0.5	0	0	0.46
69200	0.46	0.5	0.5	0	0	0.46
69300	0.46	0.5	0.5	0	0	0.46
69400	0.46	0.5	0.5	0	0	0.46
69500	0.46	0.5	0.5	0	0	0.46
69600	0.46	0.5	0.5	0	0	0.46
69700	0.46	0.48	0.48	0	0	0.46
69800	0.46	0.48	0.48	0	0	0.46
69900	0.46	0.48	0.48	0	0	0.46
70000	0.46	0.48	0.48	0	0	0.46
70100	0.46	0.48	0.48	0	0	0.46
70200	0.46	0.48	0.48	0	0	0.46
70300	0.46	0.48	0.48	0	0	0.46
70400	0.46	0.48	0.48	0	0	0.46
70500	0.46	0.48	0.48	0	0	0.46
70600	0.46	0.48	0.48	0	0	0.46
70700	0.46	0.48	0.48	0	0	0.46
70800	0.46	0.48	0.48	0	0	0.46
70900	0.46	0.48	0.48	0	0	0.46
71000	0.46	0.48	0.48	0	0	0.46
71100	0.46	0.48	0.48	0	0	0.46
71200	0.46	0.48	0.48	0	0	0.46
71300	0.46	0.48	0.48	0	0	0.46
71400	0.46	0.48	0.48	0	0	0.46
71500	0.46	0.48	0.48	0	0	0.46
71600	0.46	0.48	0.48	0	0	0.46
71700	0.46	0.48	0.48	0	0	0.46
71800	0.46	0.48	0.48	0	0	0.46
71900	0.46	0.48	0.48	0	0	0.46
72000	0.46	0.48	0.48	0	0	0.46
72100	0.46	0.48	0.48	0	0	0.46
72200	0.46	0.48	0.48	0	0	0.46
72300	0.44	0.48	0.48	0	0	0.44
72400	0.44	0.48	0.48	0	0	0.44
72500	0.44	0.48	0.48	0	0	0.44
72600	0.44	0.48	0.48	0	0	0.44
72700	0.44	0.48	0.48	0	0	0.44
72800	0.44	0.5	0.5	0	0	0.44
72900	0.44	0.5	0.5	0	0	0.44
73000	0.44	0.5	0.5	0	0	0.44
73100	0.44	0.5	0.5	0	0	0.44
73200	0.44	0.5	0.5	0	0	0.44
73300	0.44	0.5	0.5	0	0	0.44
73400	0.44	0.5	0.5	0	0	0.44
73500	0.44	0.5	0.5	0	0	0.44
73600	0.44	0.5	0.5	0	0	0.44
73700	0.44	0.5	0.5	0	0	0.44
73800	0.44	0.5	0.5	0	0	0.44
73900	0.44	0.5	0.5	0	0	0.44
74000	0.44	0.5	0.5	0	0	0.44
74100	0.44	0.5	0.5	0	0	0.44
74200	0.44	0.5	0.5	0	0	0.44
74300	0.44	0.5	0.5	0	0	0.44
74400	0.44	0.5	0.5	0	0	0.44
74500	0.44	0.48	0.48	0	0	0.44
74600	0.44	0.48	0.48	0	0	0.44
74700	0.44	0.5	0.5	0	0	0.44
74800	0.44	0.5	0.5	0	0	0.44
74900	0.44	0.5	0.5	0	0	0.44
75000	0.44	0.5	0.5	0	0	0.44
75100	0.44	0.5	0.5	0	0	0.44
75200	0.44	0.5	0.5	0	0	0.44
75300	0.44	0.5	0.5	0	0	0.44
75400	0.44	0.5	0.5	0	0	0.44
75500	0.44	0.5	0.5	0	0	0.44
75600	0.44	0.5	0.5	0	0	0.44
75700	0.44	0.5	0.5	0	0	0.44
75800	0.44	0.5	0.5	0	0	0.44
75900	0.44	0.5	0.5	0	0	0.44
76000	0.44	0.5	0.5	0	0	0.44
76100	0.44	0.5	0.5	0	0	0.44
76200	0.44	0.5	0.5	0	0	0.44
76300	0.44	0.5	0.5	0	0	0.44
76400	0.44	0.5	0.5	0	0	0.44
76500	0.44	0.5	0.5	0	0	0.44
76600	0.44	0.5	0.5	0	0	0.44
76700	0.44	0.5	0.5	0	0	0.44
76800	0.46	0.5	0.5	0	0	0.46
76900	0.46	0.5	0.5	0	0	0.46
77000	0.48	0.5	0.5	0	0	0.48
77100	0.48	0.5	0.5	0	0	0.48
77200	0.48	0.52	0.52	0	0	0.48
77300	0.48	0.52	0.52	0	0	0.48
77400	0.48	0.52	0.52	0	0	0.48
77500	0.48	0.52	0.52	0	0	0.48
77600	0.48	0.52	0.52	0	0	0.48
77700	0.48	0.52	0.52	0	0	0.48
77800	0.48	0.52	0.52	0	0	0.48
77900	0.48	0.52	0.52	0	0	0.48
78000	0.48	0.52	0.52	0	0	0.48
78100	0.48	0.52	0.52	0	0	0.48
78200	0.48	0.52	0.52	0	0	0.48
78300	0.48	0.52	0.52	0	0	0.48
78400	0.48	0.52	0.52	0	0	0.48
78500	0.48	0.52	0.52	0	0	0.48
78600	0.48	0.52	0.52	0	0	0.48
78700	0.48	0.52	0.52	0	0	0.48
78800	0.48	0.52	0.52	0	0	0.48
78900	0.48	0.52	0.52	0	0	0.48
79000	0.48	0.52	0.52	0	0	0.48
79100	0.48	0.52	0.52	0	0	0.48
79200	0.48	0.52	0.52	0	0	0.48
79300	0.48	0.52	0.52	0	0	0.48
79400	0.48	0.52	0.52	0	0	0.48
79500	0.48	0.52	0.52	0	0	0.48
79600	0.48	0.52	0.52	0	0	0.48
79700	0.48	0.52	0.52	0	0	0.48
79800	0.48	0.52	0.52	0	0	0.48
79900	0.48	0.52	0.52	0	0	0.48
80000	0.48	0.52	0.52	0	0	0.48
80100	0.48	0.52	0.52	0	0	0.48
80200	0.48	0.52	0.52	0	0	0.48
80300	0.48	0.52	0.52	0	0	0.48
80400	0.48	0.52	0.52	0	0	0.48
80500	0.48	0.52	0.52	0	0	0.48
80600	0.48	0.52	0.52	0	0	0.48
80700	0.48	0.52	0.52	0	0	0.48
80800	0.48	0.52	0.52	0	0	0.48
80900	0.48	0.52	0.52	0	0	0.48
81000	0.48	0.52	0.52	0	0	0.48
81100	0.48	0.52	0.52	0	0	0.48
81200	0.48	0.52	0.52	0	0	0.48
81300	0.48	0.52	0.52	0	0	0.48
81400	0.48	0.52	0.52	0	0	0.48
81500	0.48	0.52	0.52	0	0	0.48
81600	0.48	0.52	0.52	0	0	0.48
81700	0.48	0.52	0.52	0	0	0.48
81800	0.48	0.52	0.52	0	0	0.48
81900	0.48	0.52	0.52	0	0	0.48
82000	0.48	0.52	0.52	0	0	0.48
82100	0.48	0.52	0.52	0	0	0.48
82200	0.48	0.52	0.52	0	0	0.48
82300	0.48	0.52	0.52	0	0	0.48
82400	0.48	0.52	0.52	0	0	0.48
82500	0.48	0.5	0.5	0	0	0.48
82600	0.48	0.5	0.5	0	0	0.48
82700	0.48	0.5	0.5	0	0	0.48
82800	0.48	0.5	0.5	0	0	0.48
82900	0.48	0.5	0.5	0	0	0.48
83000	0.48	0.5	0.5	0	0	0.48
83100	0.48	0.5	0.5	0	0	0.48
83200	0.48	0.5	0.5	0	0	0.48
83300	0.48	0.5	0.5	0	0	0.48
83400	0.48	0.5	0.5	0	0	0.48
83500	0.48	0.5	0.5	0	0	0.48
83600	0.48	0.5	0.5	0	0	0.48
83700	0.48	0.5	0.5	0	0	0.48
83800	0.48	0.5	0.5	0	0	0.48
83900	0.48	0.5	0.5	0	0	0.48
84000	0.48	0.5	0.5	0	0	0.48
84100	0.48	0.5	0.5	0	0	0.48
84200	0.48	0.5	0.5	0	0	0.48
84300	0.48	0.5	0.5	0	0	0.48
84400	0.48	0.5	0.5	0	0	0.48
84500	0.48	0.5	0.5	0	0	0.48
84600	0.48	0.5	0.5	0	0	0.48
84700	0.48	0.5	0.5	0	0	0.48
84800	0.48	0.5	0.5	0	0	0.48
84900	0.48	0.5	0.5	0	0	0.48
85000	0.48	0.5	0.5	0	0	0.48
85100	0.48	0.5	0.5	0	0	0.48
85200	0.48	0.5	0.5	0	0	0.48
85300	0.48	0.5	0.5	0	0	0.48
85400	0.48	0.5	0.5	0	0	0.48
85500	0.48	0.5	0.5	0	0	0.48
85600	0.48	0.5	0.5	0	0	0.48
85700	0.46	0.5	0.5	0	0	0.46
85800	0.46	0.5	0.5	0	0	0.46
85900	0.46	0.52	0.52	0	0	0.46
86000	0.46	0.52	0.52	0	0	0.46
86100	0.46	0.52	0.52	0	0	0.46
86200	0.46	0.48	0.48	0	0	0.46
86300	0.46	0.48	0.48	0	0	0.46
86400	0.46	0.48	0.48	0	0	0.46
86500	0.46	0.48	0.48	0	0	0.46
86600	0.46	0.46	0.46	0	0	0.46
86700	0.46	0.48	0.48	0	0	0.46
86800	0.46	0.48	0.48	0	0	0.46
86900	0.46	0.48	0.48	0	0	0.46
87000	0.46	0.48	0.48	0	0	0.46
87100	0.46	0.48	0.48	0	0	0.46
87200	0.46	0.5	0.5	0	0	0.46
87300	0.46	0.5	0.5	0	0	0.46
87400	0.46	0.5	0.5	0	0	0.46
87500	0.46	0.48	0.48	0	0	0.46
87600	0.46	0.48	0.48	0	0	0.46
87700	0.46	0.48	0.48	0	0	0.46
87800	0.46	0.48	0.48	0	0	0.46
87900	0.46	0.48	0.48	0	0	0.46
88000	0.46	0.48	0.48	0	0	0.46
88100	0.46	0.48	0.48	0	0	0.46
88200	0.46	0.48	0.48	0	0	0.46
88300	0.46	0.48	0.48	0	0	0.46
88400	0.46	0.48	0.48	0	0	0.46
88500	0.46	0.46	0.46	0	0	0.46
88600	0.46	0.46	0.46	0	0	0.46
88700	0.46	0.46	0.46	0	0	0.46
88800	0.46	0.46	0.46	0	0	0.46
88900	0.46	0.46	0.46	0	0	0.46
89000	0.46	0.46	0.46	0	0	0.46
89100	0.46	0.46	0.46	0	0	0.46
89200	0.46	0.46	0.46	0	0	0.46
89300	0.46	0.46	0.46	0	0	0.46
89400	0.46	0.46	0.46	0	0	0.46
89500	0.46	0.46	0.46	0	0	0.46
89600	0.46	0.48	0.48	0	0	0.46
89700	0.46	0.48	0.48	0	0	0.46
89800	0.46	0.48	0.48	0	0	0.46
89900	0.46	0.48	0.48	0	0	0.46
90000	0.46	0.48	0.48	0	0	0.46
90100	0.46	0.48	0.48	0	0	0.46
90200	0.46	0.48	0.48	0	0	0.46
90300	0.46	0.48	0.48	0	0	0.46
90400	0.46	0.48	0.48	0	0	0.46
90500	0.46	0.48	0.48	0	0	0.46
90600	0.46	0.48	0.48	0	0	0.46
90700	0.46	0.48	0.48	0	0	0.46
90800	0.46	0.48	0.48	0	0	0.46
90900	0.44	0.48	0.48	0	0	0.44
91000	0.44	0.48	0.48	0	0	0.44
91100	0.44	0.48	0.48	0	0	0.44
91200	0.44	0.48	0.48	0	0	0.44
91300	0.44	0.48	0.48	0	0	0.44
91400	0.44	0.5	0.5	0	0	0.44
91500	0.44	0.48	0.48	0	0	0.44
91600	0.46	0.48	0.48	0	0	0.46
91700	0.46	0.48	0.48	0	0	0.46
91800	0.46	0.48	0.48	0	0	0.46
91900	0.46	0.48	0.48	0	0	0.46
92000	0.46	0.48	0.48	0	0	0.46
92100	0.46	0.48	0.48	0	0	0.46
92200	0.46	0.48	0.48	0	0	0.46
92300	0.46	0.48	0.48	0	0	0.46
92400	0.46	0.48	0.48	0	0	0.46
92500	0.44	0.48	0.48	0	0	0.44
92600	0.44	0.48	0.48	0	0	0.44
92700	0.44	0.48	0.48	0	0	0.44
92800	0.44	0.48	0.48	0	0	0.44
92900	0.44	0.48	0.48	0	0	0.44
93000	0.44	0.48	0.48	0	0	0.44
93100	0.44	0.48	0.48	0	0	0.44
93200	0.44	0.48	0.48	0	0	0.44
93300	0.44	0.48	0.48	0	0	0.44
93400	0.44	0.48	0.48	0	0	0.44
93500	0.44	0.48	0.48	0	0	0.44
93600	0.44	0.48	0.48	0	0	0.44
93700	0.44	0.48	0.48	0	0	0.44
93800	0.44	0.48	0.48	0	0	0.44
93900	0.44	0.5	0.5	0	0	0.44
94000	0.44	0.5	0.5	0	0	0.44
94100	0.44	0.5	0.5	0	0	0.44
94200	0.46	0.5	0.5	0	0	0.46
94300	0.46	0.5	0.5	0	0	0.46
94400	0.46	0.5	0.5	0	0	0.46
94500	0.46	0.5	0.5	0	0	0.46
94600	0.46	0.5	0.5	0	0	0.46
94700	0.46	0.5	0.5	0	0	0.46
94800	0.46	0.5	0.5	0	0	0.46
94900	0.46	0.5	0.5	0	0	0.46
95000	0.46	0.5	0.5	0	0	0.46
95100	0.46	0.5	0.5	0	0	0.46
95200	0.46	0.5	0.5	0	0	0.46
95300	0.46	0.5	0.5	0	0	0.46
95400	0.46	0.5	0.5	0	0	0.46
95500	0.46	0.5	0.5	0	0	0.46
95600	0.46	0.5	0.5	0	0	0.46
95700	0.46	0.5	0.5	0	0	0.46
95800	0.46	0.5	0.5	0	0	0.46
95900	0.46	0.5	0.5	0	0	0.46
96000	0.46	0.5	0.5	0	0	0.46
96100	0.46	0.5	0.5	0	0	0.46
96200	0.46	0.5	0.5	0	0	0.46
96300	0.46	0.5	0.5	0	0	0.46
96400	0.46	0.5	0.5	0	0	0.46
96500	0.46	0.5	0.5	0	0	0.46
96600	0.46	0.5	0.5	0	0	0.46
96700	0.46	0.5	0.5	0	0	0.46
96800	0.46	0.5	0.5	0	0	0.46
96900	0.46	0.5	0.5	0	0	0.46
97000	0.46	0.5	0.5	0	0	0.46
97100	0.46	0.5	0.5	0	0	0.46
97200	0.46	0.5	0.5	0	0	0.46
97300	0.46	0.5	0.5	0	0	0.46
97400	0.46	0.5	0.5	0	0	0.46
97500	0.48	0.5	0.5	0	0	0.48
97600	0.48	0.5	0.5	0	0	0.48
97700	0.48	0.5	0.5	0	0	0.48
97800	0.48	0.5	0.5	0	0	0.48
97900	0.48	0.5	0.5	0	0	0.48
98000	0.48	0.52	0.52	0	0	0.48
98100	0.48	0.52	0.52	0	0	0.48
98200	0.48	0.52	0.52	0	0	0.48
98300	0.48	0.52	0.52	0	0	0.48
98400	0.48	0.52	0.52	0	0	0.48
98500	0.48	0.52	0.52	0	0	0.48
98600	0.48	0.52	0.52	0	0	0.48
98700	0.48	0.52	0.52	0	0	0.48
98800	0.48	0.52	0.52	0	0	0.48
98900	0.48	0.52	0.52	0	0	0.48
99000	0.48	0.52	0.52	0	0	0.48
99100	0.48	0.52	0.52	0	0	0.48
99200	0.48	0.52	0.52	0	0	0.48
99300	0.48	0.52	0.52	0	0	0.48
99400	0.48	0.52	0.52	0	0	0.48
99500	0.48	0.52	0.52	0	0	0.48
99600	0.48	0.52	0.52	0	0	0.48
99700	0.48	0.52	0.52	0	0	0.48
99800	0.48	0.52	0.52	0	0	0.48
99900	0.48	0.52	0.52	0	0	0.48
100000	0.48	0.52	0.52	0	0	0.48
