100	0.08	0.02	0.02	0	0	0.08
200	0.12	0.02	0.02	0	0	0.12
300	0.12	0.02	0.02	0	0	0.12
400	0.14	0.04	0.04	0	0	0.14
500	0.12	0.04	0.04	0	0	0.12
600	0.14	0.06	0.06	0	0	0.14
700	0.14	0.06	0.06	0	0	0.14
800	0.16	0.06	0.06	0	0	0.16
900	0.16	0.08	0.08	0	0	0.16
1000	0.2	0.12	0.12	0	0	0.2
1100	0.22	0.12	0.12	0	0	0.22
1200	0.22	0.12	0.12	0	0	0.22
1300	0.24	0.12	0.12	0	0	0.24
1400	0.24	0.12	0.12	0	0	0.24
1500	0.24	0.12	0.12	0	0	0.24
1600	0.24	0.12	0.12	0	0	0.24
1700	0.24	0.16	0.16	0	0	0.24
1800	0.26	0.16	0.16	0	0	0.26
1900	0.24	0.18	0.18	0	0	0.24
2000	0.26	0.2	0.2	0	0	0.26
2100	0.26	0.2	0.2	0	0	0.26
2200	0.3	0.2	0.2	0	0	0.3
2300	0.26	0.2	0.2	0	0	0.26
2400	0.26	0.2	0.2	0	0	0.26
2500	0.28	0.2	0.2	0	0	0.28
2600	0.32	0.2	0.2	0	0	0.32
2700	0.34	0.2	0.2	0	0	0.34
2800	0.34	0.2	0.2	0	0	0.34
2900	0.32	0.2	0.2	0	0	0.32
3000	0.32	0.2	0.2	0	0	0.32
3100	0.3	0.22	0.22	0	0	0.3
3200	0.3	0.22	0.22	0	0	0.3
3300	0.3	0.22	0.22	0	0	0.3
3400	0.3	0.22	0.22	0	0	0.3
3500	0.3	0.24	0.24	0	0	0.3
3600	0.32	0.22	0.22	0	0	0.32
3700	0.32	0.22	0.22	0	0	0.32
3800	0.32	0.24	0.24	0	0	0.32
3900	0.34	0.24	0.24	0	0	0.34
4000	0.34	0.24	0.24	0	0	0.34
4100	0.36	0.24	0.24	0	0	0.36
4200	0.38	0.24	0.24	0	0	0.38
4300	0.38	0.24	0.24	0	0	0.38
4400	0.38	0.24	0.24	0	0	0.38
4500	0.4	0.24	0.24	0	0	0.4
4600	0.4	0.24	0.24	0	0	0.4
4700	0.42	0.24	0.24	0	0	0.42
4800	0.42	0.24	0.24	0	0	0.42
4900	0.42	0.24	0.24	0	0	0.42
5000	0.42	0.24	0.24	0	0	0.42
5100	0.42	0.26	0.26	0	0	0.42
5200	0.4	0.26	0.26	0	0	0.4
5300	0.42	0.28	0.28	0	0	0.42
5400	0.42	0.3	0.3	0	0	0.42
5500	0.42	0.3	0.3	0	0	0.42
5600	0.44	0.3	0.3	0	0	0.44
5700	0.44	0.3	0.3	0	0	0.44
5800	0.44	0.32	0.32	0	0	0.44
5900	0.46	0.3	0.3	0	0	0.46
6000	0.48	0.3	0.3	0	0	0.48
6100	0.46	0.28	0.28	0	0	0.46
6200	0.46	0.28	0.28	0	0	0.46
6300	0.46	0.28	0.28	0	0	0.46
6400	0.46	0.28	0.28	0	0	0.46
6500	0.46	0.28	0.28	0	0	0.46
6600	0.46	0.3	0.3	0	0	0.46
6700	0.46	0.3	0.3	0	0	0.46
6800	0.42	0.3	0.3	0	0	0.42
6900	0.42	0.32	0.32	0	0	0.42
7000	0.4	0.32	0.32	0	0	0.4
7100	0.4	0.32	0.32	0	0	0.4
7200	0.42	0.32	0.32	0	0	0.42
7300	0.42	0.34	0.34	0	0	0.42
7400	0.42	0.34	0.34	0	0	0.42
7500	0.42	0.34	0.34	0	0	0.42
7600	0.42	0.34	0.34	0	0	0.42
7700	0.42	0.36	0.36	0	0	0.42
7800	0.42	0.36	0.36	0	0	0.42
7900	0.42	0.38	0.38	0	0	0.42
8000	0.42	0.36	0.36	0	0	0.42
8100	0.42	0.36	0.36	0	0	0.42
8200	0.42	0.36	0.36	0	0	0.42
8300	0.42	0.38	0.38	0	0	0.42
8400	0.42	0.38	0.38	0	0	0.42
8500	0.44	0.38	0.38	0	0	0.44
8600	0.44	0.4	0.4	0	0	0.44
8700	0.44	0.38	0.38	0	0	0.44
8800	0.44	0.36	0.36	0	0	0.44
8900	0.44	0.38	0.38	0	0	0.44
9000	0.44	0.38	0.38	0	0	0.44
9100	0.44	0.38	0.38	0	0	0.44
9200	0.44	0.38	0.38	0	0	0.44
9300	0.44	0.38	0.38	0	0	0.44
9400	0.42	0.38	0.38	0	0	0.42
9500	0.42	0.38	0.38	0	0	0.42
9600	0.42	0.38	0.38	0	0	0.42
9700	0.42	0.38	0.38	0	0	0.42
9800	0.42	0.38	0.38	0	0	0.42
9900	0.42	0.38	0.38	0	0	0.42
10000	0.42	0.38	0.38	0	0	0.42
10100	0.42	0.38	0.38	0	0	0.42
10200	0.42	0.4	0.4	0	0	0.42
10300	0.44	0.4	0.4	0	0	0.44
10400	0.44	0.42	0.42	0	0	0.44
10500	0.44	0.42	0.42	0	0	0.44
10600	0.44	0.42	0.42	0	0	0.44
10700	0.44	0.44	0.44	0	0	0.44
10800	0.44	0.44	0.44	0	0	0.44
10900	0.44	0.44	0.44	0	0	0.44
11000	0.44	0.44	0.44	0	0	0.44
11100	0.44	0.44	0.44	0	0	0.44
11200	0.46	0.44	0.44	0	0	0.46
11300	0.46	0.44	0.44	0	0	0.46
11400	0.46	0.44	0.44	0	0	0.46
11500	0.46	0.44	0.44	0	0	0.46
11600	0.46	0.44	0.44	0	0	0.46
11700	0.46	0.44	0.44	0	0	0.46
11800	0.46	0.44	0.44	0	0	0.46
11900	0.46	0.44	0.44	0	0	0.46
12000	0.46	0.44	0.44	0	0	0.46
12100	0.46	0.44	0.44	0	0	0.46
12200	0.46	0.44	0.44	0	0	0.46
12300	0.46	0.46	0.46	0	0	0.46
12400	0.46	0.46	0.46	0	0	0.46
12500	0.46	0.42	0.42	0	0	0.46
12600	0.46	0.42	0.42	0	0	0.46
12700	0.44	0.4	0.4	0	0	0.44
12800	0.44	0.4	0.4	0	0	0.44
12900	0.44	0.4	0.4	0	0	0.44
13000	0.44	0.4	0.4	0	0	0.44
13100	0.44	0.4	0.4	0	0	0.44
13200	0.44	0.38	0.38	0	0	0.44
13300	0.44	0.38	0.38	0	0	0.44
13400	0.44	0.4	0.4	0	0	0.44
13500	0.44	0.4	0.4	0	0	0.44
13600	0.44	0.4	0.4	0	0	0.44
13700	0.44	0.4	0.4	0	0	0.44
13800	0.44	0.4	0.4	0	0	0.44
13900	0.44	0.4	0.4	0	0	0.44
14000	0.44	0.42	0.42	0	0	0.44
14100	0.44	0.42	0.42	0	0	0.44
14200	0.44	0.42	0.42	0	0	0.44
14300	0.44	0.4	0.4	0	0	0.44
14400	0.44	0.4	0.4	0	0	0.44
14500	0.44	0.4	0.4	0	0	0.44
14600	0.44	0.4	0.4	0	0	0.44
14700	0.44	0.4	0.4	0	0	0.44
14800	0.44	0.4	0.4	0	0	0.44
14900	0.42	0.4	0.4	0	0	0.42
15000	0.4	0.4	0.4	0	0	0.4
15100	0.4	0.4	0.4	0	0	0.4
15200	0.4	0.4	0.4	0	0	0.4
15300	0.4	0.42	0.42	0	0	0.4
15400	0.4	0.46	0.46	0	0	0.4
15500	0.4	0.46	0.46	0	0	0.4
15600	0.4	0.46	0.46	0	0	0.4
15700	0.4	0.46	0.46	0	0	0.4
15800	0.4	0.46	0.46	0	0	0.4
15900	0.4	0.46	0.46	0	0	0.4
16000	0.4	0.48	0.48	0	0	0.4
16100	0.4	0.48	0.48	0	0	0.4
16200	0.4	0.48	0.48	0	0	0.4
16300	0.4	0.5	0.5	0	0	0.4
16400	0.4	0.5	0.5	0	0	0.4
16500	0.4	0.5	0.5	0	0	0.4
16600	0.38	0.5	0.5	0	0	0.38
16700	0.38	0.5	0.5	0	0	0.38
16800	0.38	0.5	0.5	0	0	0.38
16900	0.38	0.5	0.5	0	0	0.38
17000	0.38	0.5	0.5	0	0	0.38
17100	0.38	0.52	0.52	0	0	0.38
17200	0.38	0.52	0.52	0	0	0.38
17300	0.38	0.52	0.52	0	0	0.38
17400	0.38	0.52	0.52	0	0	0.38
17500	0.38	0.52	0.52	0	0	0.38
17600	0.38	0.52	0.52	0	0	0.38
17700	0.38	0.52	0.52	0	0	0.38
17800	0.38	0.52	0.52	0	0	0.38
17900	0.38	0.5	0.5	0	0	0.38
18000	0.38	0.5	0.5	0	0	0.38
18100	0.38	0.5	0.5	0	0	0.38
18200	0.38	0.5	0.5	0	0	0.38
18300	0.38	0.5	0.5	0	0	0.38
18400	0.38	0.5	0.5	0	0	0.38
18500	0.38	0.5	0.5	0	0	0.38
18600	0.38	0.5	0.5	0	0	0.38
18700	0.38	0.5	0.5	0	0	0.38
18800	0.38	0.5	0.5	0	0	0.38
18900	0.38	0.5	0.5	0	0	0.38
19000	0.38	0.5	0.5	0	0	0.38
19100	0.38	0.5	0.5	0	0	0.38
19200	0.38	0.5	0.5	0	0	0.38
19300	0.38	0.5	0.5	0	0	0.38
19400	0.38	0.5	0.5	0	0	0.38
19500	0.38	0.5	0.5	0	0	0.38
19600	0.38	0.5	0.5	0	0	0.38
19700	0.38	0.5	0.5	0	0	0.38
19800	0.38	0.5	0.5	0	0	0.38
19900	0.38	0.52	0.52	0	0	0.38
20000	0.38	0.52	0.52	0	0	0.38
20100	0.38	0.52	0.52	0	0	0.38
20200	0.38	0.52	0.52	0	0	0.38
20300	0.38	0.54	0.54	0	0	0.38
20400	0.38	0.52	0.52	0	0	0.38
20500	0.38	0.5	0.5	0	0	0.38
20600	0.38	0.5	0.5	0	0	0.38
20700	0.38	0.5	0.5	0	0	0.38
20800	0.38	0.5	0.5	0	0	0.38
20900	0.38	0.5	0.5	0	0	0.38
21000	0.38	0.5	0.5	0	0	0.38
21100	0.4	0.5	0.5	0	0	0.4
21200	0.4	0.5	0.5	0	0	0.4
21300	0.4	0.5	0.5	0	0	0.4
21400	0.4	0.5	0.5	0	0	0.4
21500	0.4	0.5	0.5	0	0	0.4
21600	0.42	0.5	0.5	0	0	0.42
21700	0.42	0.5	0.5	0	0	0.42
21800	0.42	0.5	0.5	0	0	0.42
21900	0.42	0.5	0.5	0	0	0.42
22000	0.42	0.5	0.5	0	0	0.42
22100	0.42	0.5	0.5	0	0	0.42
22200	0.42	0.5	0.5	0	0	0.42
22300	0.42	0.48	0.48	0	0	0.42
22400	0.42	0.48	0.48	0	0	0.42
22500	0.42	0.48	0.48	0	0	0.42
22600	0.42	0.48	0.48	0	0	0.42
22700	0.42	0.48	0.48	0	0	0.42
22800	0.42	0.48	0.48	0	0	0.42
22900	0.42	0.46	0.46	0	0	0.42
23000	0.42	0.46	0.46	0	0	0.42
23100	0.42	0.46	0.46	0	0	0.42
23200	0.42	0.46	0.46	0	0	0.42
23300	0.42	0.46	0.46	0	0	0.42
23400	0.42	0.46	0.46	0	0	0.42
23500	0.42	0.46	0.46	0	0	0.42
23600	0.42	0.46	0.46	0	0	0.42
23700	0.42	0.46	0.46	0	0	0.42
23800	0.42	0.46	0.46	0	0	0.42
23900	0.42	0.46	0.46	0	0	0.42
24000	0.42	0.46	0.46	0	0	0.42
24100	0.42	0.46	0.46	0	0	0.42
24200	0.42	0.46	0.46	0	0	0.42
24300	0.42	0.46	0.46	0	0	0.42
24400	0.42	0.46	0.46	0	0	0.42
24500	0.42	0.46	0.46	0	0	0.42
24600	0.42	0.46	0.46	0	0	0.42
24700	0.42	0.46	0.46	0	0	0.42
24800	0.42	0.46	0.46	0	0	0.42
24900	0.42	0.46	0.46	0	0	0.42
25000	0.42	0.46	0.46	0	0	0.42
25100	0.42	0.46	0.46	0	0	0.42
25200	0.42	0.46	0.46	0	0	0.42
25300	0.42	0.46	0.46	0	0	0.42
25400	0.42	0.46	0.46	0	0	0.42
25500	0.42	0.46	0.46	0	0	0.42
25600	0.42	0.46	0.46	0	0	0.42
25700	0.42	0.46	0.46	0	0	0.42
25800	0.42	0.46	0.46	0	0	0.42
25900	0.42	0.44	0.44	0	0	0.42
26000	0.42	0.44	0.44	0	0	0.42
26100	0.42	0.48	0.48	0	0	0.42
26200	0.42	0.48	0.48	0	0	0.42
26300	0.42	0.48	0.48	0	0	0.42
26400	0.42	0.48	0.48	0	0	0.42
26500	0.42	0.48	0.48	0	0	0.42
26600	0.42	0.48	0.48	0	0	0.42
26700	0.42	0.48	0.48	0	0	0.42
26800	0.42	0.5	0.5	0	0	0.42
26900	0.42	0.5	0.5	0	0	0.42
27000	0.42	0.5	0.5	0	0	0.42
27100	0.42	0.5	0.5	0	0	0.42
27200	0.42	0.5	0.5	0	0	0.42
27300	0.42	0.5	0.5	0	0	0.42
27400	0.42	0.52	0.52	0	0	0.42
27500	0.42	0.52	0.52	0	0	0.42
27600	0.42	0.52	0.52	0	0	0.42
27700	0.44	0.52	0.52	0	0	0.44
27800	0.44	0.52	0.52	0	0	0.44
27900	0.44	0.52	0.52	0	0	0.44
28000	0.44	0.5	0.5	0	0	0.44
28100	0.44	0.5	0.5	0	0	0.44
28200	0.44	0.5	0.5	0	0	0.44
28300	0.46	0.5	0.5	0	0	0.46
28400	0.46	0.5	0.5	0	0	0.46
28500	0.46	0.5	0.5	0	0	0.46
28600	0.46	0.5	0.5	0	0	0.46
28700	0.46	0.5	0.5	0	0	0.46
28800	0.46	0.5	0.5	0	0	0.46
28900	0.44	0.5	0.5	0	0	0.44
29000	0.44	0.5	0.5	0	0	0.44
29100	0.44	0.52	0.52	0	0	0.44
29200	0.44	0.5	0.5	0	0	0.44
29300	0.44	0.5	0.5	0	0	0.44
29400	0.44	0.5	0.5	0	0	0.44
29500	0.44	0.5	0.5	0	0	0.44
29600	0.44	0.5	0.5	0	0	0.44
29700	0.44	0.48	0.48	0	0	0.44
29800	0.44	0.48	0.48	0	0	0.44
29900	0.44	0.48	0.48	0	0	0.44
30000	0.44	0.48	0.48	0	0	0.44
30100	0.44	0.46	0.46	0	0	0.44
30200	0.44	0.46	0.46	0	0	0.44
30300	0.44	0.46	0.46	0	0	0.44
30400	0.44	0.46	0.46	0	0	0.44
30500	0.44	0.46	0.46	0	0	0.44
30600	0.44	0.48	0.48	0	0	0.44
30700	0.44	0.48	0.48	0	0	0.44
30800	0.44	0.48	0.48	0	0	0.44
30900	0.44	0.48	0.48	0	0	0.44
31000	0.44	0.48	0.48	0	0	0.44
31100	0.44	0.48	0.48	0	0	0.44
31200	0.46	0.48	0.48	0	0	0.46
31300	0.46	0.48	0.48	0	0	0.46
31400	0.46	0.48	0.48	0	0	0.46
31500	0.46	0.48	0.48	0	0	0.46
31600	0.46	0.5	0.5	0	0	0.46
31700	0.46	0.5	0.5	0	0	0.46
31800	0.46	0.5	0.5	0	0	0.46
31900	0.46	0.5	0.5	0	0	0.46
32000	0.46	0.5	0.5	0	0	0.46
32100	0.46	0.48	0.48	0	0	0.46
32200	0.46	0.48	0.48	0	0	0.46
32300	0.46	0.48	0.48	0	0	0.46
32400	0.46	0.48	0.48	0	0	0.46
32500	0.46	0.48	0.48	0	0	0.46
32600	0.46	0.48	0.48	0	0	0.46
32700	0.46	0.48	0.48	0	0	0.46
32800	0.46	0.52	0.52	0	0	0.46
32900	0.46	0.52	0.52	0	0	0.46
33000	0.46	0.52	0.52	0	0	0.46
33100	0.46	0.52	0.52	0	0	0.46
33200	0.46	0.52	0.52	0	0	0.46
33300	0.46	0.52	0.52	0	0	0.46
33400	0.46	0.52	0.52	0	0	0.46
33500	0.46	0.52	0.52	0	0	0.46
33600	0.46	0.52	0.52	0	0	0.46
33700	0.46	0.52	0.52	0	0	0.46
33800	0.46	0.52	0.52	0	0	0.46
33900	0.46	0.52	0.52	0	0	0.46
34000	0.46	0.52	0.52	0	0	0.46
34100	0.46	0.54	0.54	0	0	0.46
34200	0.46	0.54	0.54	0	0	0.46
34300	0.46	0.54	0.54	0	0	0.46
34400	0.46	0.54	0.54	0	0	0.46
34500	0.46	0.54	0.54	0	0	0.46
34600	0.46	0.54	0.54	0	0	0.46
34700	0.46	0.54	0.54	0	0	0.46
34800	0.46	0.54	0.54	0	0	0.46
34900	0.46	0.54	0.54	0	0	0.46
35000	0.46	0.54	0.54	0	0	0.46
35100	0.46	0.54	0.54	0	0	0.46
35200	0.46	0.54	0.54	0	0	0.46
35300	0.46	0.54	0.54	0	0	0.46
35400	0.46	0.54	0.54	0	0	0.46
35500	0.46	0.54	0.54	0	0	0.46
35600	0.46	0.54	0.54	0	0	0.46
35700	0.46	0.54	0.54	0	0	0.46
35800	0.46	0.54	0.54	0	0	0.46
35900	0.46	0.54	0.54	0	0	0.46
36000	0.46	0.54	0.54	0	0	0.46
36100	0.46	0.54	0.54	0	0	0.46
36200	0.46	0.54	0.54	0	0	0.46
36300	0.46	0.54	0.54	0	0	0.46
36400	0.46	0.54	0.54	0	0	0.46
36500	0.46	0.54	0.54	0	0	0.46
36600	0.46	0.54	0.54	0	0	0.46
36700	0.46	0.54	0.54	0	0	0.46
36800	0.44	0.54	0.54	0	0	0.44
36900	0.44	0.54	0.54	0	0	0.44
37000	0.44	0.54	0.54	0	0	0.44
37100	0.44	0.54	0.54	0	0	0.44
37200	0.44	0.54	0.54	0	0	0.44
37300	0.44	0.54	0.54	0	0	0.44
37400	0.44	0.54	0.54	0	0	0.44
37500	0.44	0.54	0.54	0	0	0.44
37600	0.44	0.54	0.54	0	0	0.44
37700	0.44	0.54	0.54	0	0	0.44
37800	0.44	0.54	0.54	0	0	0.44
37900	0.44	0.54	0.54	0	0	0.44
38000	0.42	0.54	0.54	0	0	0.42
38100	0.42	0.54	0.54	0	0	0.42
38200	0.42	0.54	0.54	0	0	0.42
38300	0.4	0.54	0.54	0	0	0.4
38400	0.4	0.54	0.54	0	0	0.4
38500	0.4	0.54	0.54	0	0	0.4
38600	0.4	0.54	0.54	0	0	0.4
38700	0.4	0.54	0.54	0	0	0.4
38800	0.4	0.54	0.54	0	0	0.4
38900	0.4	0.54	0.54	0	0	0.4
39000	0.4	0.54	0.54	0	0	0.4
39100	0.4	0.54	0.54	0	0	0.4
39200	0.4	0.54	0.54	0	0	0.4
39300	0.4	0.54	0.54	0	0	0.4
39400	0.42	0.54	0.54	0	0	0.42
39500	0.42	0.54	0.54	0	0	0.42
39600	0.42	0.54	0.54	0	0	0.42
39700	0.42	0.54	0.54	0	0	0.42
39800	0.42	0.54	0.54	0	0	0.42
39900	0.42	0.54	0.54	0	0	0.42
40000	0.42	0.54	0.54	0	0	0.42
40100	0.42	0.54	0.54	0	0	0.42
40200	0.42	0.54	0.54	0	0	0.42
40300	0.42	0.54	0.54	0	0	0.42
40400	0.42	0.54	0.54	0	0	0.42
40500	0.42	0.54	0.54	0	0	0.42
40600	0.42	0.54	0.54	0	0	0.42
40700	0.42	0.54	0.54	0	0	0.42
40800	0.42	0.54	0.54	0	0	0.42
40900	0.42	0.54	0.54	0	0	0.42
41000	0.42	0.52	0.52	0	0	0.42
41100	0.42	0.52	0.52	0	0	0.42
41200	0.42	0.52	0.52	0	0	0.42
41300	0.42	0.52	0.52	0	0	0.42
41400	0.42	0.52	0.52	0	0	0.42
41500	0.42	0.52	0.52	0	0	0.42
41600	0.42	0.52	0.52	0	0	0.42
41700	0.42	0.52	0.52	0	0	0.42
41800	0.42	0.52	0.52	0	0	0.42
41900	0.42	0.52	0.52	0	0	0.42
42000	0.42	0.52	0.52	0	0	0.42
42100	0.42	0.52	0.52	0	0	0.42
42200	0.42	0.52	0.52	0	0	0.42
42300	0.42	0.52	0.52	0	0	0.42
42400	0.42	0.52	0.52	0	0	0.42
42500	0.42	0.52	0.52	0	0	0.42
42600	0.42	0.52	0.52	0	0	0.42
42700	0.42	0.52	0.52	0	0	0.42
42800	0.42	0.52	0.52	0	0	0.42
42900	0.42	0.52	0.52	0	0	0.42
43000	0.42	0.52	0.52	0	0	0.42
43100	0.42	0.52	0.52	0	0	0.42
43200	0.42	0.52	0.52	0	0	0.42
43300	0.44	0.52	0.52	0	0	0.44
43400	0.44	0.52	0.52	0	0	0.44
43500	0.44	0.5	0.5	0	0	0.44
43600	0.44	0.5	0.5	0	0	0.44
43700	0.44	0.5	0.5	0	0	0.44
43800	0.44	0.5	0.5	0	0	0.44
43900	0.44	0.5	0.5	0	0	0.44
44000	0.44	0.5	0.5	0	0	0.44
44100	0.44	0.5	0.5	0	0	0.44
44200	0.44	0.5	0.5	0	0	0.44
44300	0.44	0.5	0.5	0	0	0.44
44400	0.44	0.5	0.5	0	0	0.44
44500	0.44	0.5	0.5	0	0	0.44
44600	0.44	0.5	0.5	0	0	0.44
44700	0.44	0.5	0.5	0	0	0.44
44800	0.44	0.48	0.48	0	0	0.44
44900	0.44	0.48	0.48	0	0	0.44
45000	0.44	0.48	0.48	0	0	0.44
45100	0.44	0.48	0.48	0	0	0.44
45200	0.46	0.48	0.48	0	0	0.46
45300	0.46	0.48	0.48	0	0	0.46
45400	0.46	0.48	0.48	0	0	0.46
45500	0.46	0.48	0.48	0	0	0.46
45600	0.46	0.48	0.48	0	0	0.46
45700	0.48	0.48	0.48	0	0	0.48
45800	0.48	0.48	0.48	0	0	0.48
45900	0.48	0.48	0.48	0	0	0.48
46000	0.48	0.48	0.48	0	0	0.48
46100	0.48	0.48	0.48	0	0	0.48
46200	0.48	0.48	0.48	0	0	0.48
46300	0.48	0.48	0.48	0	0	0.48
46400	0.48	0.46	0.46	0	0	0.48
46500	0.48	0.46	0.46	0	0	0.48
46600	0.48	0.46	0.46	0	0	0.48
46700	0.48	0.46	0.46	0	0	0.48
46800	0.48	0.46	0.46	0	0	0.48
46900	0.48	0.46	0.46	0	0	0.48
47000	0.46	0.46	0.46	0	0	0.46
47100	0.46	0.46	0.46	0	0	0.46
47200	0.46	0.46	0.46	0	0	0.46
47300	0.46	0.46	0.46	0	0	0.46
47400	0.46	0.46	0.46	0	0	0.46
47500	0.46	0.46	0.46	0	0	0.46
47600	0.46	0.46	0.46	0	0	0.46
47700	0.46	0.46	0.46	0	0	0.46
47800	0.46	0.46	0.46	0	0	0.46
47900	0.46	0.46	0.46	0	0	0.46
48000	0.48	0.46	0.46	0	0	0.48
48100	0.48	0.48	0.48	0	0	0.48
48200	0.46	0.48	0.48	0	0	0.46
48300	0.46	0.48	0.48	0	0	0.46
48400	0.46	0.48	0.48	0	0	0.46
48500	0.46	0.48	0.48	0	0	0.46
48600	0.46	0.48	0.48	0	0	0.46
48700	0.46	0.48	0.48	0	0	0.46
48800	0.46	0.48	0.48	0	0	0.46
48900	0.46	0.48	0.48	0	0	0.46
49000	0.46	0.48	0.48	0	0	0.46
49100	0.46	0.48	0.48	0	0	0.46
49200	0.46	0.48	0.48	0	0	0.46
49300	0.46	0.48	0.48	0	0	0.46
49400	0.46	0.48	0.48	0	0	0.46
49500	0.46	0.48	0.48	0	0	0.46
49600	0.46	0.48	0.48	0	0	0.46
49700	0.46	0.48	0.48	0	0	0.46
49800	0.46	0.5	0.5	0	0	0.46
49900	0.46	0.5	0.5	0	0	0.46
50000	0.46	0.5	0.5	0	0	0.46
50100	0.46	0.5	0.5	0	0	0.46
50200	0.46	0.5	0.5	0	0	0.46
50300	0.46	0.5	0.5	0	0	0.46
50400	0.46	0.5	0.5	0	0	0.46
50500	0.46	0.48	0.48	0	0	0.46
50600	0.46	0.48	0.48	0	0	0.46
50700	0.46	0.48	0.48	0	0	0.46
50800	0.46	0.48	0.48	0	0	0.46
50900	0.46	0.48	0.48	0	0	0.46
51000	0.46	0.48	0.48	0	0	0.46
51100	0.46	0.48	0.48	0	0	0.46
51200	0.46	0.48	0.48	0	0	0.46
51300	0.46	0.48	0.48	0	0	0.46
51400	0.46	0.48	0.48	0	0	0.46
51500	0.46	0.48	0.48	0	0	0.46
51600	0.46	0.48	0.48	0	0	0.46
51700	0.46	0.48	0.48	0	0	0.46
51800	0.46	0.48	0.48	0	0	0.46
51900	0.46	0.48	0.48	0	0	0.46
52000	0.46	0.48	0.48	0	0	0.46
52100	0.46	0.48	0.48	0	0	0.46
52200	0.46	0.48	0.48	0	0	0.46
52300	0.46	0.48	0.48	0	0	0.46
52400	0.46	0.48	0.48	0	0	0.46
52500	0.46	0.48	0.48	0	0	0.46
52600	0.46	0.48	0.48	0	0	0.46
52700	0.46	0.5	0.5	0	0	0.46
52800	0.46	0.5	0.5	0	0	0.46
52900	0.46	0.5	0.5	0	0	0.46
53000	0.46	0.48	0.48	0	0	0.46
53100	0.46	0.48	0.48	0	0	0.46
53200	0.46	0.48	0.48	0	0	0.46
53300	0.46	0.48	0.48	0	0	0.46
53400	0.46	0.48	0.48	0	0	0.46
53500	0.46	0.48	0.48	0	0	0.46
53600	0.46	0.48	0.48	0	0	0.46
53700	0.44	0.48	0.48	0	0	0.44
53800	0.44	0.48	0.48	0	0	0.44
53900	0.44	0.48	0.48	0	0	0.44
54000	0.44	0.48	0.48	0	0	0.44
54100	0.44	0.48	0.48	0	0	0.44
54200	0.44	0.48	0.48	0	0	0.44
54300	0.44	0.48	0.48	0	0	0.44
54400	0.44	0.48	0.48	0	0	0.44
54500	0.44	0.48	0.48	0	0	0.44
54600	0.44	0.48	0.48	0	0	0.44
54700	0.44	0.48	0.48	0	0	0.44
54800	0.44	0.48	0.48	0	0	0.44
54900	0.44	0.48	0.48	0	0	0.44
55000	0.44	0.48	0.48	0	0	0.44
55100	0.44	0.48	0.48	0	0	0.44
55200	0.44	0.48	0.48	0	0	0.44
55300	0.44	0.5	0.5	0	0	0.44
55400	0.44	0.5	0.5	0	0	0.44
55500	0.44	0.52	0.52	0	0	0.44
55600	0.44	0.52	0.52	0	0	0.44
55700	0.44	0.52	0.52	0	0	0.44
55800	0.44	0.52	0.52	0	0	0.44
55900	0.44	0.52	0.52	0	0	0.44
56000	0.44	0.52	0.52	0	0	0.44
56100	0.44	0.52	0.52	0	0	0.44
56200	0.44	0.52	0.52	0	0	0.44
56300	0.44	0.52	0.52	0	0	0.44
56400	0.44	0.52	0.52	0	0	0.44
56500	0.44	0.52	0.52	0	0	0.44
56600	0.44	0.52	0.52	0	0	0.44
56700	0.44	0.52	0.52	0	0	0.44
56800	0.44	0.52	0.52	0	0	0.44
56900	0.44	0.52	0.52	0	0	0.44
57000	0.44	0.52	0.52	0	0	0.44
57100	0.44	0.52	0.52	0	0	0.44
57200	0.44	0.52	0.52	0	0	0.44
57300	0.44	0.52	0.52	0	0	0.44
57400	0.44	0.52	0.52	0	0	0.44
57500	0.44	0.52	0.52	0	0	0.44
57600	0.44	0.52	0.52	0	0	0.44
57700	0.46	0.52	0.52	0	0	0.46
57800	0.46	0.52	0.52	0	0	0.46
57900	0.46	0.52	0.52	0	0	0.46
58000	0.46	0.52	0.52	0	0	0.46
58100	0.46	0.52	0.52	0	0	0.46
58200	0.46	0.52	0.52	0	0	0.46
58300	0.46	0.52	0.52	0	0	0.46
58400	0.46	0.52	0.52	0	0	0.46
58500	0.46	0.52	0.52	0	0	0.46
58600	0.46	0.5	0.5	0	0	0.46
58700	0.46	0.5	0.5	0	0	0.46
58800	0.46	0.5	0.5	0	0	0.46
58900	0.46	0.48	0.48	0	0	0.46
59000	0.46	0.48	0.48	0	0	0.46
59100	0.46	0.48	0.48	0	0	0.46
59200	0.46	0.48	0.48	0	0	0.46
59300	0.46	0.48	0.48	0	0	0.46
59400	0.48	0.48	0.48	0	0	0.48
59500	0.44	0.48	0.48	0	0	0.44
59600	0.44	0.48	0.48	0	0	0.44
59700	0.44	0.48	0.48	0	0	0.44
59800	0.44	0.48	0.48	0	0	0.44
59900	0.44	0.48	0.48	0	0	0.44
60000	0.44	0.48	0.48	0	0	0.44
60100	0.44	0.48	0.48	0	0	0.44
60200	0.44	0.48	0.48	0	0	0.44
60300	0.46	0.48	0.48	0	0	0.46
60400	0.46	0.48	0.48	0	0	0.46
60500	0.46	0.48	0.48	0	0	0.46
60600	0.46	0.5	0.5	0	0	0.46
60700	0.46	0.5	0.5	0	0	0.46
60800	0.46	0.5	0.5	0	0	0.46
60900	0.46	0.5	0.5	0	0	0.46
61000	0.46	0.5	0.5	0	0	0.46
61100	0.46	0.5	0.5	0	0	0.46
61200	0.46	0.5	0.5	0	0	0.46
61300	0.48	0.5	0.5	0	0	0.48
61400	0.48	0.5	0.5	0	0	0.48
61500	0.48	0.5	0.5	0	0	0.48
61600	0.48	0.5	0.5	0	0	0.48
61700	0.48	0.5	0.5	0	0	0.48
61800	0.48	0.5	0.5	0	0	0.48
61900	0.48	0.5	0.5	0	0	0.48
62000	0.48	0.5	0.5	0	0	0.48
62100	0.48	0.5	0.5	0	0	0.48
62200	0.48	0.5	0.5	0	0	0.48
62300	0.48	0.5	0.5	0	0	0.48
62400	0.48	0.5	0.5	0	0	0.48
62500	0.48	0.5	0.5	0	0	0.48
62600	0.48	0.5	0.5	0	0	0.48
62700	0.48	0.5	0.5	0	0	0.48
62800	0.48	0.5	0.5	0	0	0.48
62900	0.48	0.5	0.5	0	0	0.48
63000	0.48	0.5	0.5	0	0	0.48
63100	0.48	0.5	0.5	0	0	0.48
63200	0.48	0.5	0.5	0	0	0.48
63300	0.48	0.5	0.5	0	0	0.48
63400	0.48	0.5	0.5	0	0	0.48
63500	0.48	0.5	0.5	0	0	0.48
63600	0.48	0.5	0.5	0	0	0.48
63700	0.48	0.5	0.5	0	0	0.48
63800	0.48	0.5	0.5	0	0	0.48
63900	0.48	0.5	0.5	0	0	0.48
64000	0.48	0.5	0.5	0	0	0.48
64100	0.48	0.5	0.5	0	0	0.48
64200	0.48	0.52	0.52	0	0	0.48
64300	0.48	0.52	0.52	0	0	0.48
64400	0.46	0.52	0.52	0	0	0.46
64500	0.46	0.52	0.52	0	0	0.46
64600	0.46	0.52	0.52	0	0	0.46
64700	0.46	0.52	0.52	0	0	0.46
64800	0.46	0.52	0.52	0	0	0.46
64900	0.46	0.52	0.52	0	0	0.46
65000	0.46	0.52	0.52	0	0	0.46
65100	0.46	0.52	0.52	0	0	0.46
65200	0.46	0.52	0.52	0	0	0.46
65300	0.46	0.52	0.52	0	0	0.46
65400	0.46	0.52	0.52	0	0	0.46
65500	0.46	0.52	0.52	0	0	0.46
65600	0.46	0.52	0.52	0	0	0.46
65700	0.46	0.52	0.52	0	0	0.46
65800	0.46	0.52	0.52	0	0	0.46
65900	0.46	0.52	0.52	0	0	0.46
66000	0.46	0.52	0.52	0	0	0.46
66100	0.46	0.52	0.52	0	0	0.46
66200	0.46	0.52	0.52	0	0	0.46
66300	0.46	0.52	0.52	0	0	0.46
66400	0.46	0.52	0.52	0	0	0.46
66500	0.46	0.52	0.52	0	0	0.46
66600	0.46	0.52	0.52	0	0	0.46
66700	0.46	0.52	0.52	0	0	0.46
66800	0.46	0.52	0.52	0	0	0.46
66900	0.46	0.52	0.52	0	0	0.46
67000	0.46	0.52	0.52	0	0	0.46
67100	0.46	0.52	0.52	0	0	0.46
67200	0.46	0.52	0.52	0	0	0.46
67300	0.46	0.52	0.52	0	0	0.46
67400	0.46	0.52	0.52	0	0	0.46
67500	0.46	0.52	0.52	0	0	0.46
67600	0.46	0.52	0.52	0	0	0.46
67700	0.46	0.52	0.52	0	0	0.46
67800	0.46	0.52	0.52	0	0	0.46
67900	0.46	0.52	0.52	0	0	0.46
68000	0.46	0.52	0.52	0	0	0.46
68100	0.46	0.52	0.52	0	0	0.46
68200	0.46	0.52	0.52	0	0	0.46
68300	0.46	0.52	0.52	0	0	0.46
68400	0.46	0.52	0.52	0	0	0.46
68500	0.46	0.52	0.52	0	0	0.46
68600	0.46	0.52	0.52	0	0	0.46
68700	0.48	0.52	0.52	0	0	0.48
68800	0.48	0.52	0.52	0	0	0.48
68900	0.48	0.52	0.52	0	0	0.48
69000	0.48	0.52	0.52	0	0	0.48
69100	0.48	0.52	0.52	0	0	0.48
69200	0.48	0.52	0.52	0	0	0.48
69300	0.48	0.52	0.52	0	0	0.48
69400	0.48	0.52	0.52	0	0	0.48
69500	0.48	0.52	0.52	0	0	0.48
69600	0.48	0.52	0.52	0	0	0.48
69700	0.48	0.52	0.52	0	0	0.48
69800	0.48	0.52	0.52	0	0	0.48
69900	0.48	0.52	0.52	0	0	0.48
70000	0.48	0.52	0.52	0	0	0.48
70100	0.48	0.52	0.52	0	0	0.48
70200	0.48	0.52	0.52	0	0	0.48
70300	0.48	0.5	0.5	0	0	0.48
70400	0.48	0.5	0.5	0	0	0.48
70500	0.48	0.5	0.5	0	0	0.48
70600	0.48	0.5	0.5	0	0	0.48
70700	0.48	0.5	0.5	0	0	0.48
70800	0.48	0.5	0.5	0	0	0.48
70900	0.48	0.5	0.5	0	0	0.48
71000	0.48	0.5	0.5	0	0	0.48
71100	0.48	0.5	0.5	0	0	0.48
71200	0.48	0.48	0.48	0	0	0.48
71300	0.48	0.48	0.48	0	0	0.48
71400	0.48	0.48	0.48	0	0	0.48
71500	0.48	0.48	0.48	0	0	0.48
71600	0.48	0.48	0.48	0	0	0.48
71700	0.48	0.48	0.48	0	0	0.48
71800	0.48	0.48	0.48	0	0	0.48
71900	0.48	0.48	0.48	0	0	0.48
72000	0.48	0.48	0.48	0	0	0.48
72100	0.48	0.48	0.48	0	0	0.48
72200	0.48	0.48	0.48	0	0	0.48
72300	0.48	0.48	0.48	0	0	0.48
72400	0.48	0.48	0.48	0	0	0.48
72500	0.48	0.48	0.48	0	0	0.48
72600	0.48	0.48	0.48	0	0	0.48
72700	0.48	0.48	0.48	0	0	0.48
72800	0.48	0.48	0.48	0	0	0.48
72900	0.48	0.48	0.48	0	0	0.48
73000	0.48	0.48	0.48	0	0	0.48
73100	0.48	0.48	0.48	0	0	0.48
73200	0.48	0.48	0.48	0	0	0.48
73300	0.48	0.48	0.48	0	0	0.48
73400	0.48	0.48	0.48	0	0	0.48
73500	0.5	0.48	0.48	0	0	0.5
73600	0.5	0.48	0.48	0	0	0.5
73700	0.5	0.48	0.48	0	0	0.5
73800	0.5	0.48	0.48	0	0	0.5
73900	0.5	0.48	0.48	0	0	0.5
74000	0.5	0.48	0.48	0	0	0.5
74100	0.5	0.48	0.48	0	0	0.5
74200	0.48	0.48	0.48	0	0	0.48
74300	0.48	0.48	0.48	0	0	0.48
74400	0.48	0.5	0.5	0	0	0.48
74500	0.48	0.5	0.5	0	0	0.48
74600	0.48	0.5	0.5	0	0	0.48
74700	0.48	0.5	0.5	0	0	0.48
74800	0.48	0.5	0.5	0	0	0.48
74900	0.48	0.5	0.5	0	0	0.48
75000	0.48	0.5	0.5	0	0	0.48
75100	0.48	0.5	0.5	0	0	0.48
75200	0.48	0.5	0.5	0	0	0.48
75300	0.48	0.5	0.5	0	0	0.48
75400	0.48	0.5	0.5	0	0	0.48
75500	0.48	0.5	0.5	0	0	0.48
75600	0.48	0.5	0.5	0	0	0.48
75700	0.48	0.5	0.5	0	0	0.48
75800	0.48	0.5	0.5	0	0	0.48
75900	0.48	0.5	0.5	0	0	0.48
76000	0.48	0.5	0.5	0	0	0.48
76100	0.48	0.5	0.5	0	0	0.48
76200	0.48	0.5	0.5	0	0	0.48
76300	0.48	0.5	0.5	0	0	0.48
76400	0.48	0.5	0.5	0	0	0.48
76500	0.48	0.5	0.5	0	0	0.48
76600	0.48	0.5	0.5	0	0	0.48
76700	0.48	0.5	0.5	0	0	0.48
76800	0.48	0.5	0.5	0	0	0.48
76900	0.48	0.5	0.5	0	0	0.48
77000	0.48	0.5	0.5	0	0	0.48
77100	0.48	0.5	0.5	0	0	0.48
77200	0.48	0.5	0.5	0	0	0.48
77300	0.48	0.5	0.5	0	0	0.48
77400	0.48	0.5	0.5	0	0	0.48
77500	0.48	0.5	0.5	0	0	0.48
77600	0.48	0.5	0.5	0	0	0.48
77700	0.48	0.5	0.5	0	0	0.48
77800	0.48	0.5	0.5	0	0	0.48
77900	0.48	0.5	0.5	0	0	0.48
78000	0.48	0.5	0.5	0	0	0.48
78100	0.48	0.5	0.5	0	0	0.48
78200	0.48	0.5	0.5	0	0	0.48
78300	0.48	0.5	0.5	0	0	0.48
78400	0.48	0.5	0.5	0	0	0.48
78500	0.48	0.5	0.5	0	0	0.48
78600	0.48	0.5	0.5	0	0	0.48
78700	0.46	0.5	0.5	0	0	0.46
78800	0.46	0.5	0.5	0	0	0.46
78900	0.46	0.5	0.5	0	0	0.46
79000	0.46	0.5	0.5	0	0	0.46
79100	0.46	0.5	0.5	0	0	0.46
79200	0.46	0.5	0.5	0	0	0.46
79300	0.46	0.5	0.5	0	0	0.46
79400	0.46	0.5	0.5	0	0	0.46
79500	0.46	0.5	0.5	0	0	0.46
79600	0.46	0.5	0.5	0	0	0.46
79700	0.46	0.5	0.5	0	0	0.46
79800	0.46	0.5	0.5	0	0	0.46
79900	0.46	0.5	0.5	0	0	0.46
80000	0.46	0.5	0.5	0	0	0.46
80100	0.46	0.5	0.5	0	0	0.46
80200	0.46	0.5	0.5	0	0	0.46
80300	0.46	0.5	0.5	0	0	0.46
80400	0.46	0.5	0.5	0	0	0.46
80500	0.46	0.5	0.5	0	0	0.46
80600	0.46	0.5	0.5	0	0	0.46
80700	0.46	0.5	0.5	0	0	0.46
80800	0.46	0.5	0.5	0	0	0.46
80900	0.46	0.5	0.5	0	0	0.46
81000	0.46	0.5	0.5	0	0	0.46
81100	0.46	0.5	0.5	0	0	0.46
81200	0.46	0.5	0.5	0	0	0.46
81300	0.46	0.5	0.5	0	0	0.46
81400	0.46	0.5	0.5	0	0	0.46
81500	0.46	0.5	0.5	0	0	0.46
81600	0.46	0.5	0.5	0	0	0.46
81700	0.44	0.5	0.5	0	0	0.44
81800	0.44	0.5	0.5	0	0	0.44
81900	0.44	0.5	0.5	0	0	0.44
82000	0.44	0.5	0.5	0	0	0.44
82100	0.44	0.5	0.5	0	0	0.44
82200	0.44	0.5	0.5	0	0	0.44
82300	0.44	0.5	0.5	0	0	0.44
82400	0.44	0.5	0.5	0	0	0.44
82500	0.44	0.5	0.5	0	0	0.44
82600	0.46	0.5	0.5	0	0	0.46
82700	0.46	0.5	0.5	0	0	0.46
82800	0.46	0.5	0.5	0	0	0.46
82900	0.46	0.5	0.5	0	0	0.46
83000	0.46	0.5	0.5	0	0	0.46
83100	0.46	0.5	0.5	0	0	0.46
83200	0.46	0.5	0.5	0	0	0.46
83300	0.46	0.5	0.5	0	0	0.46
83400	0.46	0.5	0.5	0	0	0.46
83500	0.46	0.5	0.5	0	0	0.46
83600	0.46	0.48	0.48	0	0	0.46
83700	0.46	0.48	0.48	0	0	0.46
83800	0.46	0.48	0.48	0	0	0.46
83900	0.46	0.48	0.48	0	0	0.46
84000	0.46	0.48	0.48	0	0	0.46
84100	0.46	0.48	0.48	0	0	0.46
84200	0.46	0.48	0.48	0	0	0.46
84300	0.46	0.48	0.48	0	0	0.46
84400	0.46	0.48	0.48	0	0	0.46
84500	0.46	0.48	0.48	0	0	0.46
84600	0.46	0.48	0.48	0	0	0.46
84700	0.46	0.48	0.48	0	0	0.46
84800	0.46	0.5	0.5	0	0	0.46
84900	0.46	0.48	0.48	0	0	0.46
85000	0.46	0.48	0.48	0	0	0.46
85100	0.46	0.48	0.48	0	0	0.46
85200	0.46	0.48	0.48	0	0	0.46
85300	0.46	0.48	0.48	0	0	0.46
85400	0.46	0.48	0.48	0	0	0.46
85500	0.46	0.48	0.48	0	0	0.46
85600	0.46	0.48	0.48	0	0	0.46
85700	0.46	0.5	0.5	0	0	0.46
85800	0.46	0.5	0.5	0	0	0.46
85900	0.46	0.48	0.48	0	0	0.46
86000	0.46	0.48	0.48	0	0	0.46
86100	0.46	0.48	0.48	0	0	0.46
86200	0.46	0.48	0.48	0	0	0.46
86300	0.46	0.48	0.48	0	0	0.46
86400	0.46	0.48	0.48	0	0	0.46
86500	0.46	0.48	0.48	0	0	0.46
86600	0.46	0.48	0.48	0	0	0.46
86700	0.46	0.48	0.48	0	0	0.46
86800	0.46	0.48	0.48	0	0	0.46
86900	0.46	0.48	0.48	0	0	0.46
87000	0.46	0.48	0.48	0	0	0.46
87100	0.48	0.48	0.48	0	0	0.48
87200	0.48	0.48	0.48	0	0	0.48
87300	0.48	0.48	0.48	0	0	0.48
87400	0.48	0.48	0.48	0	0	0.48
87500	0.48	0.48	0.48	0	0	0.48
87600	0.48	0.48	0.48	0	0	0.48
87700	0.48	0.48	0.48	0	0	0.48
87800	0.48	0.48	0.48	0	0	0.48
87900	0.48	0.48	0.48	0	0	0.48
88000	0.48	0.48	0.48	0	0	0.48
88100	0.48	0.5	0.5	0	0	0.48
88200	0.48	0.5	0.5	0	0	0.48
88300	0.48	0.5	0.5	0	0	0.48
88400	0.48	0.5	0.5	0	0	0.48
88500	0.48	0.5	0.5	0	0	0.48
88600	0.46	0.5	0.5	0	0	0.46
88700	0.46	0.5	0.5	0	0	0.46
88800	0.46	0.5	0.5	0	0	0.46
88900	0.46	0.5	0.5	0	0	0.46
89000	0.46	0.5	0.5	0	0	0.46
89100	0.46	0.5	0.5	0	0	0.46
89200	0.46	0.5	0.5	0	0	0.46
89300	0.46	0.5	0.5	0	0	0.46
89400	0.46	0.5	0.5	0	0	0.46
89500	0.46	0.5	0.5	0	0	0.46
89600	0.46	0.5	0.5	0	0	0.46
89700	0.46	0.5	0.5	0	0	0.46
89800	0.48	0.5	0.5	0	0	0.48
89900	0.48	0.5	0.5	0	0	0.48
90000	0.48	0.5	0.5	0	0	0.48
90100	0.48	0.5	0.5	0	0	0.48
90200	0.48	0.5	0.5	0	0	0.48
90300	0.48	0.5	0.5	0	0	0.48
90400	0.48	0.5	0.5	0	0	0.48
90500	0.48	0.5	0.5	0	0	0.48
90600	0.48	0.5	0.5	0	0	0.48
90700	0.48	0.5	0.5	0	0	0.48
90800	0.48	0.5	0.5	0	0	0.48
90900	0.48	0.5	0.5	0	0	0.48
91000	0.48	0.5	0.5	0	0	0.48
91100	0.48	0.5	0.5	0	0	0.48
91200	0.48	0.5	0.5	0	0	0.48
91300	0.48	0.5	0.5	0	0	0.48
91400	0.48	0.5	0.5	0	0	0.48
91500	0.48	0.5	0.5	0	0	0.48
91600	0.48	0.5	0.5	0	0	0.48
91700	0.48	0.5	0.5	0	0	0.48
91800	0.48	0.5	0.5	0	0	0.48
91900	0.48	0.5	0.5	0	0	0.48
92000	0.48	0.5	0.5	0	0	0.48
92100	0.48	0.5	0.5	0	0	0.48
92200	0.48	0.5	0.5	0	0	0.48
92300	0.48	0.5	0.5	0	0	0.48
92400	0.48	0.5	0.5	0	0	0.48
92500	0.48	0.5	0.5	0	0	0.48
92600	0.48	0.5	0.5	0	0	0.48
92700	0.48	0.5	0.5	0	0	0.48
92800	0.48	0.5	0.5	0	0	0.48
92900	0.46	0.5	0.5	0	0	0.46
93000	0.46	0.5	0.5	0	0	0.46
93100	0.48	0.5	0.5	0	0	0.48
93200	0.48	0.5	0.5	0	0	0.48
93300	0.48	0.5	0.5	0	0	0.48
93400	0.48	0.5	0.5	0	0	0.48
93500	0.48	0.48	0.48	0	0	0.48
93600	0.48	0.48	0.48	0	0	0.48
93700	0.48	0.48	0.48	0	0	0.48
93800	0.48	0.48	0.48	0	0	0.48
93900	0.48	0.48	0.48	0	0	0.48
94000	0.48	0.48	0.48	0	0	0.48
94100	0.48	0.48	0.48	0	0	0.48
94200	0.48	0.48	0.48	0	0	0.48
94300	0.48	0.48	0.48	0	0	0.48
94400	0.48	0.48	0.48	0	0	0.48
94500	0.48	0.48	0.48	0	0	0.48
94600	0.48	0.48	0.48	0	0	0.48
94700	0.48	0.48	0.48	0	0	0.48
94800	0.48	0.48	0.48	0	0	0.48
94900	0.48	0.48	0.48	0	0	0.48
95000	0.48	0.48	0.48	0	0	0.48
95100	0.48	0.5	0.5	0	0	0.48
95200	0.48	0.5	0.5	0	0	0.48
95300	0.48	0.5	0.5	0	0	0.48
95400	0.48	0.5	0.5	0	0	0.48
95500	0.48	0.5	0.5	0	0	0.48
95600	0.48	0.5	0.5	0	0	0.48
95700	0.48	0.5	0.5	0	0	0.48
95800	0.48	0.5	0.5	0	0	0.48
95900	0.48	0.5	0.5	0	0	0.48
96000	0.48	0.5	0.5	0	0	0.48
96100	0.48	0.5	0.5	0	0	0.48
96200	0.48	0.5	0.5	0	0	0.48
96300	0.48	0.5	0.5	0	0	0.48
96400	0.48	0.5	0.5	0	0	0.48
96500	0.48	0.5	0.5	0	0	0.48
96600	0.48	0.5	0.5	0	0	0.48
96700	0.48	0.5	0.5	0	0	0.48
96800	0.48	0.5	0.5	0	0	0.48
96900	0.48	0.5	0.5	0	0	0.48
97000	0.48	0.5	0.5	0	0	0.48
97100	0.48	0.5	0.5	0	0	0.48
97200	0.48	0.5	0.5	0	0	0.48
97300	0.48	0.5	0.5	0	0	0.48
97400	0.48	0.5	0.5	0	0	0.48
97500	0.48	0.5	0.5	0	0	0.48
97600	0.48	0.5	0.5	0	0	0.48
97700	0.48	0.5	0.5	0	0	0.48
97800	0.48	0.5	0.5	0	0	0.48
97900	0.48	0.5	0.5	0	0	0.48
98000	0.48	0.5	0.5	0	0	0.48
98100	0.48	0.5	0.5	0	0	0.48
98200	0.48	0.5	0.5	0	0	0.48
98300	0.48	0.5	0.5	0	0	0.48
98400	0.48	0.5	0.5	0	0	0.48
98500	0.48	0.5	0.5	0	0	0.48
98600	0.48	0.5	0.5	0	0	0.48
98700	0.48	0.5	0.5	0	0	0.48
98800	0.48	0.5	0.5	0	0	0.48
98900	0.48	0.5	0.5	0	0	0.48
99000	0.48	0.5	0.5	0	0	0.48
99100	0.48	0.5	0.5	0	0	0.48
99200	0.48	0.5	0.5	0	0	0.48
99300	0.48	0.5	0.5	0	0	0.48
99400	0.48	0.5	0.5	0	0	0.48
99500	0.48	0.5	0.5	0	0	0.48
99600	0.48	0.5	0.5	0	0	0.48
99700	0.48	0.5	0.5	0	0	0.48
99800	0.48	0.5	0.5	0	0	0.48
99900	0.48	0.52	0.52	0	0	0.48
100000	0.48	0.52	0.52	0	0	0.48
