100	0.06	0.24	0.24	0	0	0.06
200	0.04	0.22	0.22	0	0	0.04
300	0.04	0.22	0.22	0	0	0.04
400	0.06	0.24	0.24	0	0	0.06
500	0.06	0.24	0.24	0	0	0.06
600	0.06	0.28	0.28	0	0	0.06
700	0.06	0.32	0.32	0	0	0.06
800	0.08	0.32	0.32	0	0	0.08
900	0.12	0.32	0.32	0	0	0.12
1000	0.1	0.32	0.32	0	0	0.1
1100	0.12	0.34	0.34	0	0	0.12
1200	0.14	0.34	0.34	0	0	0.14
1300	0.14	0.36	0.36	0	0	0.14
1400	0.14	0.36	0.36	0	0	0.14
1500	0.14	0.38	0.38	0	0	0.14
1600	0.16	0.38	0.38	0	0	0.16
1700	0.16	0.38	0.38	0	0	0.16
1800	0.18	0.38	0.38	0	0	0.18
1900	0.18	0.42	0.42	0	0	0.18
2000	0.18	0.42	0.42	0	0	0.18
2100	0.2	0.42	0.42	0	0	0.2
2200	0.2	0.44	0.44	0	0	0.2
2300	0.2	0.42	0.42	0	0	0.2
2400	0.24	0.42	0.42	0	0	0.24
2500	0.24	0.46	0.46	0	0	0.24
2600	0.24	0.46	0.46	0	0	0.24
2700	0.26	0.46	0.46	0	0	0.26
2800	0.26	0.46	0.46	0	0	0.26
2900	0.28	0.46	0.46	0	0	0.28
3000	0.28	0.48	0.48	0	0	0.28
3100	0.28	0.48	0.48	0	0	0.28
3200	0.28	0.48	0.48	0	0	0.28
3300	0.28	0.48	0.48	0	0	0.28
3400	0.28	0.48	0.48	0	0	0.28
3500	0.28	0.48	0.48	0	0	0.28
3600	0.26	0.48	0.48	0	0	0.26
3700	0.26	0.48	0.48	0	0	0.26
3800	0.28	0.48	0.48	0	0	0.28
3900	0.28	0.5	0.5	0	0	0.28
4000	0.28	0.5	0.5	0	0	0.28
4100	0.28	0.46	0.46	0	0	0.28
4200	0.28	0.48	0.48	0	0	0.28
4300	0.28	0.48	0.48	0	0	0.28
4400	0.28	0.48	0.48	0	0	0.28
4500	0.28	0.48	0.48	0	0	0.28
4600	0.28	0.48	0.48	0	0	0.28
4700	0.3	0.48	0.48	0	0	0.3
4800	0.3	0.48	0.48	0	0	0.3
4900	0.32	0.48	0.48	0	0	0.32
5000	0.3	0.48	0.48	0	0	0.3
5100	0.3	0.48	0.48	0	0	0.3
5200	0.3	0.48	0.48	0	0	0.3
5300	0.3	0.48	0.48	0	0	0.3
5400	0.3	0.48	0.48	0	0	0.3
5500	0.3	0.48	0.48	0	0	0.3
5600	0.32	0.5	0.5	0	0	0.32
5700	0.3	0.5	0.5	0	0	0.3
5800	0.3	0.5	0.5	0	0	0.3
5900	0.3	0.5	0.5	0	0	0.3
6000	0.3	0.5	0.5	0	0	0.3
6100	0.3	0.48	0.48	0	0	0.3
6200	0.3	0.48	0.48	0	0	0.3
6300	0.3	0.48	0.48	0	0	0.3
6400	0.28	0.46	0.46	0	0	0.28
6500	0.28	0.46	0.46	0	0	0.28
6600	0.28	0.46	0.46	0	0	0.28
6700	0.28	0.48	0.48	0	0	0.28
6800	0.28	0.48	0.48	0	0	0.28
6900	0.28	0.48	0.48	0	0	0.28
7000	0.28	0.48	0.48	0	0	0.28
7100	0.28	0.48	0.48	0	0	0.28
7200	0.28	0.48	0.48	0	0	0.28
7300	0.28	0.5	0.5	0	0	0.28
7400	0.28	0.52	0.52	0	0	0.28
7500	0.3	0.52	0.52	0	0	0.3
7600	0.3	0.5	0.5	0	0	0.3
7700	0.3	0.5	0.5	0	0	0.3
7800	0.3	0.5	0.5	0	0	0.3
7900	0.36	0.5	0.5	0	0	0.36
8000	0.38	0.5	0.5	0	0	0.38
8100	0.36	0.5	0.5	0	0	0.36
8200	0.36	0.5	0.5	0	0	0.36
8300	0.36	0.52	0.52	0	0	0.36
8400	0.36	0.52	0.52	0	0	0.36
8500	0.36	0.52	0.52	0	0	0.36
8600	0.36	0.52	0.52	0	0	0.36
8700	0.36	0.52	0.52	0	0	0.36
8800	0.34	0.52	0.52	0	0	0.34
8900	0.34	0.52	0.52	0	0	0.34
9000	0.34	0.52	0.52	0	0	0.34
9100	0.34	0.52	0.52	0	0	0.34
9200	0.34	0.52	0.52	0	0	0.34
9300	0.34	0.52	0.52	0	0	0.34
9400	0.34	0.52	0.52	0	0	0.34
9500	0.34	0.52	0.52	0	0	0.34
9600	0.34	0.52	0.52	0	0	0.34
9700	0.34	0.54	0.54	0	0	0.34
9800	0.34	0.54	0.54	0	0	0.34
9900	0.34	0.54	0.54	0	0	0.34
10000	0.34	0.54	0.54	0	0	0.34
10100	0.34	0.56	0.56	0	0	0.34
10200	0.34	0.56	0.56	0	0	0.34
10300	0.34	0.56	0.56	0	0	0.34
10400	0.34	0.58	0.58	0	0	0.34
10500	0.34	0.58	0.58	0	0	0.34
10600	0.34	0.58	0.58	0	0	0.34
10700	0.34	0.58	0.58	0	0	0.34
10800	0.34	0.58	0.58	0	0	0.34
10900	0.34	0.56	0.56	0	0	0.34
11000	0.34	0.56	0.56	0	0	0.34
11100	0.34	0.56	0.56	0	0	0.34
11200	0.34	0.56	0.56	0	0	0.34
11300	0.34	0.56	0.56	0	0	0.34
11400	0.34	0.56	0.56	0	0	0.34
11500	0.34	0.56	0.56	0	0	0.34
11600	0.34	0.56	0.56	0	0	0.34
11700	0.34	0.56	0.56	0	0	0.34
11800	0.34	0.56	0.56	0	0	0.34
11900	0.34	0.56	0.56	0	0	0.34
12000	0.34	0.56	0.56	0	0	0.34
12100	0.34	0.56	0.56	0	0	0.34
12200	0.34	0.56	0.56	0	0	0.34
12300	0.34	0.56	0.56	0	0	0.34
12400	0.34	0.56	0.56	0	0	0.34
12500	0.34	0.56	0.56	0	0	0.34
12600	0.34	0.54	0.54	0	0	0.34
12700	0.36	0.54	0.54	0	0	0.36
12800	0.38	0.54	0.54	0	0	0.38
12900	0.38	0.54	0.54	0	0	0.38
13000	0.38	0.54	0.54	0	0	0.38
13100	0.38	0.54	0.54	0	0	0.38
13200	0.38	0.54	0.54	0	0	0.38
13300	0.38	0.54	0.54	0	0	0.38
13400	0.38	0.54	0.54	0	0	0.38
13500	0.38	0.54	0.54	0	0	0.38
13600	0.38	0.54	0.54	0	0	0.38
13700	0.38	0.54	0.54	0	0	0.38
13800	0.4	0.54	0.54	0	0	0.4
13900	0.4	0.54	0.54	0	0	0.4
14000	0.42	0.52	0.52	0	0	0.42
14100	0.42	0.52	0.52	0	0	0.42
14200	0.4	0.5	0.5	0	0	0.4
14300	0.38	0.5	0.5	0	0	0.38
14400	0.38	0.48	0.48	0	0	0.38
14500	0.38	0.48	0.48	0	0	0.38
14600	0.38	0.48	0.48	0	0	0.38
14700	0.38	0.48	0.48	0	0	0.38
14800	0.38	0.48	0.48	0	0	0.38
14900	0.38	0.48	0.48	0	0	0.38
15000	0.38	0.48	0.48	0	0	0.38
15100	0.38	0.48	0.48	0	0	0.38
15200	0.38	0.48	0.48	0	0	0.38
15300	0.38	0.48	0.48	0	0	0.38
15400	0.38	0.48	0.48	0	0	0.38
15500	0.38	0.46	0.46	0	0	0.38
15600	0.38	0.46	0.46	0	0	0.38
15700	0.38	0.46	0.46	0	0	0.38
15800	0.38	0.48	0.48	0	0	0.38
15900	0.38	0.48	0.48	0	0	0.38
16000	0.4	0.48	0.48	0	0	0.4
16100	0.4	0.48	0.48	0	0	0.4
16200	0.4	0.48	0.48	0	0	0.4
16300	0.4	0.48	0.48	0	0	0.4
16400	0.4	0.48	0.48	0	0	0.4
16500	0.4	0.48	0.48	0	0	0.4
16600	0.4	0.48	0.48	0	0	0.4
16700	0.4	0.48	0.48	0	0	0.4
16800	0.4	0.48	0.48	0	0	0.4
16900	0.4	0.48	0.48	0	0	0.4
17000	0.4	0.5	0.5	0	0	0.4
17100	0.4	0.48	0.48	0	0	0.4
17200	0.4	0.48	0.48	0	0	0.4
17300	0.4	0.5	0.5	0	0	0.4
17400	0.38	0.46	0.46	0	0	0.38
17500	0.38	0.46	0.46	0	0	0.38
17600	0.38	0.46	0.46	0	0	0.38
17700	0.38	0.46	0.46	0	0	0.38
17800	0.38	0.46	0.46	0	0	0.38
17900	0.38	0.46	0.46	0	0	0.38
18000	0.38	0.46	0.46	0	0	0.38
18100	0.38	0.46	0.46	0	0	0.38
18200	0.4	0.46	0.46	0	0	0.4
18300	0.38	0.46	0.46	0	0	0.38
18400	0.38	0.46	0.46	0	0	0.38
18500	0.38	0.46	0.46	0	0	0.38
18600	0.38	0.44	0.44	0	0	0.38
18700	0.38	0.44	0.44	0	0	0.38
18800	0.38	0.46	0.46	0	0	0.38
18900	0.4	0.46	0.46	0	0	0.4
19000	0.4	0.46	0.46	0	0	0.4
19100	0.4	0.46	0.46	0	0	0.4
19200	0.4	0.46	0.46	0	0	0.4
19300	0.4	0.46	0.46	0	0	0.4
19400	0.4	0.46	0.46	0	0	0.4
19500	0.4	0.46	0.46	0	0	0.4
19600	0.4	0.46	0.46	0	0	0.4
19700	0.4	0.46	0.46	0	0	0.4
19800	0.4	0.44	0.44	0	0	0.4
19900	0.4	0.46	0.46	0	0	0.4
20000	0.42	0.46	0.46	0	0	0.42
20100	0.42	0.46	0.46	0	0	0.42
20200	0.42	0.46	0.46	0	0	0.42
20300	0.42	0.46	0.46	0	0	0.42
20400	0.42	0.46	0.46	0	0	0.42
20500	0.42	0.48	0.48	0	0	0.42
20600	0.42	0.46	0.46	0	0	0.42
20700	0.42	0.46	0.46	0	0	0.42
20800	0.42	0.46	0.46	0	0	0.42
20900	0.44	0.46	0.46	0	0	0.44
21000	0.44	0.46	0.46	0	0	0.44
21100	0.44	0.46	0.46	0	0	0.44
21200	0.44	0.46	0.46	0	0	0.44
21300	0.44	0.46	0.46	0	0	0.44
21400	0.44	0.46	0.46	0	0	0.44
21500	0.46	0.46	0.46	0	0	0.46
21600	0.46	0.46	0.46	0	0	0.46
21700	0.46	0.46	0.46	0	0	0.46
21800	0.46	0.46	0.46	0	0	0.46
21900	0.46	0.46	0.46	0	0	0.46
22000	0.46	0.46	0.46	0	0	0.46
22100	0.44	0.46	0.46	0	0	0.44
22200	0.44	0.48	0.48	0	0	0.44
22300	0.44	0.48	0.48	0	0	0.44
22400	0.44	0.48	0.48	0	0	0.44
22500	0.44	0.46	0.46	0	0	0.44
22600	0.44	0.46	0.46	0	0	0.44
22700	0.44	0.46	0.46	0	0	0.44
22800	0.44	0.46	0.46	0	0	0.44
22900	0.44	0.46	0.46	0	0	0.44
23000	0.44	0.46	0.46	0	0	0.44
23100	0.46	0.46	0.46	0	0	0.46
23200	0.46	0.46	0.46	0	0	0.46
23300	0.46	0.46	0.46	0	0	0.46
23400	0.46	0.46	0.46	0	0	0.46
23500	0.46	0.46	0.46	0	0	0.46
23600	0.46	0.44	0.44	0	0	0.46
23700	0.46	0.44	0.44	0	0	0.46
23800	0.46	0.44	0.44	0	0	0.46
23900	0.46	0.44	0.44	0	0	0.46
24000	0.44	0.44	0.44	0	0	0.44
24100	0.44	0.44	0.44	0	0	0.44
24200	0.44	0.44	0.44	0	0	0.44
24300	0.44	0.44	0.44	0	0	0.44
24400	0.44	0.44	0.44	0	0	0.44
24500	0.44	0.44	0.44	0	0	0.44
24600	0.46	0.44	0.44	0	0	0.46
24700	0.46	0.44	0.44	0	0	0.46
24800	0.46	0.44	0.44	0	0	0.46
24900	0.46	0.44	0.44	0	0	0.46
25000	0.46	0.44	0.44	0	0	0.46
25100	0.46	0.44	0.44	0	0	0.46
25200	0.46	0.44	0.44	0	0	0.46
25300	0.46	0.44	0.44	0	0	0.46
25400	0.46	0.42	0.42	0	0	0.46
25500	0.44	0.42	0.42	0	0	0.44
25600	0.44	0.42	0.42	0	0	0.44
25700	0.44	0.42	0.42	0	0	0.44
25800	0.46	0.42	0.42	0	0	0.46
25900	0.46	0.4	0.4	0	0	0.46
26000	0.46	0.4	0.4	0	0	0.46
26100	0.46	0.4	0.4	0	0	0.46
26200	0.46	0.4	0.4	0	0	0.46
26300	0.46	0.42	0.42	0	0	0.46
26400	0.46	0.42	0.42	0	0	0.46
26500	0.46	0.42	0.42	0	0	0.46
26600	0.46	0.4	0.4	0	0	0.46
26700	0.46	0.4	0.4	0	0	0.46
26800	0.46	0.42	0.42	0	0	0.46
26900	0.46	0.42	0.42	0	0	0.46
27000	0.48	0.42	0.42	0	0	0.48
27100	0.5	0.42	0.42	0	0	0.5
27200	0.5	0.42	0.42	0	0	0.5
27300	0.5	0.42	0.42	0	0	0.5
27400	0.5	0.42	0.42	0	0	0.5
27500	0.5	0.42	0.42	0	0	0.5
27600	0.5	0.42	0.42	0	0	0.5
27700	0.5	0.42	0.42	0	0	0.5
27800	0.5	0.42	0.42	0	0	0.5
27900	0.5	0.42	0.42	0	0	0.5
28000	0.5	0.42	0.42	0	0	0.5
28100	0.5	0.42	0.42	0	0	0.5
28200	0.5	0.42	0.42	0	0	0.5
28300	0.5	0.42	0.42	0	0	0.5
28400	0.5	0.42	0.42	0	0	0.5
28500	0.52	0.42	0.42	0	0	0.52
28600	0.52	0.42	0.42	0	0	0.52
28700	0.52	0.42	0.42	0	0	0.52
28800	0.52	0.42	0.42	0	0	0.52
28900	0.52	0.42	0.42	0	0	0.52
29000	0.52	0.42	0.42	0	0	0.52
29100	0.5	0.42	0.42	0	0	0.5
29200	0.5	0.42	0.42	0	0	0.5
29300	0.5	0.42	0.42	0	0	0.5
29400	0.5	0.42	0.42	0	0	0.5
29500	0.5	0.42	0.42	0	0	0.5
29600	0.5	0.42	0.42	0	0	0.5
29700	0.5	0.42	0.42	0	0	0.5
29800	0.5	0.42	0.42	0	0	0.5
29900	0.5	0.42	0.42	0	0	0.5
30000	0.5	0.42	0.42	0	0	0.5
30100	0.5	0.42	0.42	0	0	0.5
30200	0.5	0.42	0.42	0	0	0.5
30300	0.5	0.42	0.42	0	0	0.5
30400	0.5	0.42	0.42	0	0	0.5
30500	0.52	0.42	0.42	0	0	0.52
30600	0.5	0.42	0.42	0	0	0.5
30700	0.5	0.42	0.42	0	0	0.5
30800	0.5	0.42	0.42	0	0	0.5
30900	0.5	0.42	0.42	0	0	0.5
31000	0.5	0.42	0.42	0	0	0.5
31100	0.5	0.42	0.42	0	0	0.5
31200	0.5	0.42	0.42	0	0	0.5
31300	0.52	0.42	0.42	0	0	0.52
31400	0.52	0.42	0.42	0	0	0.52
31500	0.52	0.42	0.42	0	0	0.52
31600	0.52	0.42	0.42	0	0	0.52
31700	0.52	0.4	0.4	0	0	0.52
31800	0.52	0.4	0.4	0	0	0.52
31900	0.52	0.4	0.4	0	0	0.52
32000	0.52	0.4	0.4	0	0	0.52
32100	0.52	0.4	0.4	0	0	0.52
32200	0.52	0.4	0.4	0	0	0.52
32300	0.52	0.4	0.4	0	0	0.52
32400	0.52	0.4	0.4	0	0	0.52
32500	0.52	0.42	0.42	0	0	0.52
32600	0.52	0.42	0.42	0	0	0.52
32700	0.52	0.42	0.42	0	0	0.52
32800	0.54	0.4	0.4	0	0	0.54
32900	0.54	0.4	0.4	0	0	0.54
33000	0.54	0.4	0.4	0	0	0.54
33100	0.54	0.4	0.4	0	0	0.54
33200	0.54	0.4	0.4	0	0	0.54
33300	0.54	0.4	0.4	0	0	0.54
33400	0.54	0.4	0.4	0	0	0.54
33500	0.54	0.4	0.4	0	0	0.54
33600	0.54	0.4	0.4	0	0	0.54
33700	0.54	0.4	0.4	0	0	0.54
33800	0.54	0.4	0.4	0	0	0.54
33900	0.52	0.4	0.4	0	0	0.52
34000	0.52	0.4	0.4	0	0	0.52
34100	0.52	0.4	0.4	0	0	0.52
34200	0.52	0.4	0.4	0	0	0.52
34300	0.5	0.4	0.4	0	0	0.5
34400	0.5	0.4	0.4	0	0	0.5
34500	0.5	0.4	0.4	0	0	0.5
34600	0.5	0.4	0.4	0	0	0.5
34700	0.5	0.4	0.4	0	0	0.5
34800	0.5	0.4	0.4	0	0	0.5
34900	0.5	0.4	0.4	0	0	0.5
35000	0.5	0.4	0.4	0	0	0.5
35100	0.5	0.4	0.4	0	0	0.5
35200	0.5	0.4	0.4	0	0	0.5
35300	0.5	0.4	0.4	0	0	0.5
35400	0.5	0.4	0.4	0	0	0.5
35500	0.52	0.4	0.4	0	0	0.52
35600	0.52	0.4	0.4	0	0	0.52
35700	0.52	0.4	0.4	0	0	0.52
35800	0.52	0.4	0.4	0	0	0.52
35900	0.52	0.4	0.4	0	0	0.52
36000	0.52	0.4	0.4	0	0	0.52
36100	0.52	0.4	0.4	0	0	0.52
36200	0.52	0.4	0.4	0	0	0.52
36300	0.5	0.4	0.4	0	0	0.5
36400	0.5	0.4	0.4	0	0	0.5
36500	0.5	0.4	0.4	0	0	0.5
36600	0.5	0.4	0.4	0	0	0.5
36700	0.5	0.4	0.4	0	0	0.5
36800	0.5	0.4	0.4	0	0	0.5
36900	0.5	0.4	0.4	0	0	0.5
37000	0.5	0.4	0.4	0	0	0.5
37100	0.5	0.4	0.4	0	0	0.5
37200	0.5	0.4	0.4	0	0	0.5
37300	0.5	0.4	0.4	0	0	0.5
37400	0.5	0.4	0.4	0	0	0.5
37500	0.5	0.42	0.42	0	0	0.5
37600	0.5	0.42	0.42	0	0	0.5
37700	0.5	0.42	0.42	0	0	0.5
37800	0.5	0.42	0.42	0	0	0.5
37900	0.5	0.42	0.42	0	0	0.5
38000	0.5	0.4	0.4	0	0	0.5
38100	0.5	0.4	0.4	0	0	0.5
38200	0.5	0.4	0.4	0	0	0.5
38300	0.52	0.4	0.4	0	0	0.52
38400	0.52	0.4	0.4	0	0	0.52
38500	0.52	0.42	0.42	0	0	0.52
38600	0.52	0.42	0.42	0	0	0.52
38700	0.52	0.42	0.42	0	0	0.52
38800	0.52	0.42	0.42	0	0	0.52
38900	0.52	0.42	0.42	0	0	0.52
39000	0.52	0.42	0.42	0	0	0.52
39100	0.52	0.42	0.42	0	0	0.52
39200	0.52	0.42	0.42	0	0	0.52
39300	0.52	0.42	0.42	0	0	0.52
39400	0.52	0.42	0.42	0	0	0.52
39500	0.52	0.42	0.42	0	0	0.52
39600	0.52	0.42	0.42	0	0	0.52
39700	0.52	0.42	0.42	0	0	0.52
39800	0.52	0.42	0.42	0	0	0.52
39900	0.52	0.42	0.42	0	0	0.52
40000	0.52	0.42	0.42	0	0	0.52
40100	0.52	0.42	0.42	0	0	0.52
40200	0.52	0.42	0.42	0	0	0.52
40300	0.52	0.42	0.42	0	0	0.52
40400	0.54	0.42	0.42	0	0	0.54
40500	0.52	0.42	0.42	0	0	0.52
40600	0.54	0.42	0.42	0	0	0.54
40700	0.54	0.42	0.42	0	0	0.54
40800	0.54	0.42	0.42	0	0	0.54
40900	0.54	0.42	0.42	0	0	0.54
41000	0.54	0.42	0.42	0	0	0.54
41100	0.54	0.42	0.42	0	0	0.54
41200	0.52	0.42	0.42	0	0	0.52
41300	0.52	0.42	0.42	0	0	0.52
41400	0.52	0.42	0.42	0	0	0.52
41500	0.52	0.42	0.42	0	0	0.52
41600	0.52	0.42	0.42	0	0	0.52
41700	0.52	0.42	0.42	0	0	0.52
41800	0.52	0.42	0.42	0	0	0.52
41900	0.52	0.42	0.42	0	0	0.52
42000	0.52	0.42	0.42	0	0	0.52
42100	0.52	0.42	0.42	0	0	0.52
42200	0.52	0.42	0.42	0	0	0.52
42300	0.54	0.42	0.42	0	0	0.54
42400	0.54	0.42	0.42	0	0	0.54
42500	0.54	0.42	0.42	0	0	0.54
42600	0.54	0.42	0.42	0	0	0.54
42700	0.54	0.42	0.42	0	0	0.54
42800	0.54	0.42	0.42	0	0	0.54
42900	0.54	0.42	0.42	0	0	0.54
43000	0.54	0.42	0.42	0	0	0.54
43100	0.54	0.42	0.42	0	0	0.54
43200	0.54	0.42	0.42	0	0	0.54
43300	0.54	0.42	0.42	0	0	0.54
43400	0.54	0.42	0.42	0	0	0.54
43500	0.54	0.42	0.42	0	0	0.54
43600	0.54	0.42	0.42	0	0	0.54
43700	0.54	0.42	0.42	0	0	0.54
43800	0.54	0.42	0.42	0	0	0.54
43900	0.54	0.42	0.42	0	0	0.54
44000	0.54	0.42	0.42	0	0	0.54
44100	0.54	0.42	0.42	0	0	0.54
44200	0.54	0.42	0.42	0	0	0.54
44300	0.54	0.44	0.44	0	0	0.54
44400	0.54	0.44	0.44	0	0	0.54
44500	0.54	0.44	0.44	0	0	0.54
44600	0.54	0.44	0.44	0	0	0.54
44700	0.54	0.44	0.44	0	0	0.54
44800	0.54	0.44	0.44	0	0	0.54
44900	0.54	0.44	0.44	0	0	0.54
45000	0.54	0.44	0.44	0	0	0.54
45100	0.52	0.44	0.44	0	0	0.52
45200	0.52	0.44	0.44	0	0	0.52
45300	0.52	0.44	0.44	0	0	0.52
45400	0.52	0.44	0.44	0	0	0.52
45500	0.52	0.44	0.44	0	0	0.52
45600	0.52	0.44	0.44	0	0	0.52
45700	0.52	0.44	0.44	0	0	0.52
45800	0.52	0.44	0.44	0	0	0.52
45900	0.52	0.44	0.44	0	0	0.52
46000	0.52	0.44	0.44	0	0	0.52
46100	0.52	0.44	0.44	0	0	0.52
46200	0.5	0.42	0.42	0	0	0.5
46300	0.5	0.42	0.42	0	0	0.5
46400	0.48	0.4	0.4	0	0	0.48
46500	0.48	0.4	0.4	0	0	0.48
46600	0.48	0.4	0.4	0	0	0.48
46700	0.48	0.4	0.4	0	0	0.48
46800	0.48	0.4	0.4	0	0	0.48
46900	0.48	0.4	0.4	0	0	0.48
47000	0.48	0.4	0.4	0	0	0.48
47100	0.5	0.42	0.42	0	0	0.5
47200	0.5	0.42	0.42	0	0	0.5
47300	0.5	0.42	0.42	0	0	0.5
47400	0.5	0.42	0.42	0	0	0.5
47500	0.5	0.42	0.42	0	0	0.5
47600	0.5	0.42	0.42	0	0	0.5
47700	0.5	0.42	0.42	0	0	0.5
47800	0.5	0.42	0.42	0	0	0.5
47900	0.5	0.42	0.42	0	0	0.5
48000	0.5	0.42	0.42	0	0	0.5
48100	0.5	0.42	0.42	0	0	0.5
48200	0.5	0.42	0.42	0	0	0.5
48300	0.52	0.42	0.42	0	0	0.52
48400	0.52	0.42	0.42	0	0	0.52
48500	0.52	0.42	0.42	0	0	0.52
48600	0.52	0.42	0.42	0	0	0.52
48700	0.52	0.42	0.42	0	0	0.52
48800	0.5	0.42	0.42	0	0	0.5
48900	0.5	0.42	0.42	0	0	0.5
49000	0.5	0.42	0.42	0	0	0.5
49100	0.5	0.42	0.42	0	0	0.5
49200	0.48	0.42	0.42	0	0	0.48
49300	0.48	0.44	0.44	0	0	0.48
49400	0.48	0.44	0.44	0	0	0.48
49500	0.48	0.42	0.42	0	0	0.48
49600	0.48	0.42	0.42	0	0	0.48
49700	0.48	0.42	0.42	0	0	0.48
49800	0.48	0.42	0.42	0	0	0.48
49900	0.48	0.42	0.42	0	0	0.48
50000	0.5	0.42	0.42	0	0	0.5
50100	0.5	0.42	0.42	0	0	0.5
50200	0.5	0.42	0.42	0	0	0.5
50300	0.5	0.42	0.42	0	0	0.5
50400	0.5	0.42	0.42	0	0	0.5
50500	0.5	0.42	0.42	0	0	0.5
50600	0.5	0.42	0.42	0	0	0.5
50700	0.5	0.42	0.42	0	0	0.5
50800	0.5	0.42	0.42	0	0	0.5
50900	0.5	0.42	0.42	0	0	0.5
51000	0.5	0.42	0.42	0	0	0.5
51100	0.5	0.42	0.42	0	0	0.5
51200	0.5	0.42	0.42	0	0	0.5
51300	0.5	0.42	0.42	0	0	0.5
51400	0.5	0.42	0.42	0	0	0.5
51500	0.5	0.42	0.42	0	0	0.5
51600	0.5	0.42	0.42	0	0	0.5
51700	0.5	0.42	0.42	0	0	0.5
51800	0.5	0.42	0.42	0	0	0.5
51900	0.5	0.42	0.42	0	0	0.5
52000	0.5	0.42	0.42	0	0	0.5
52100	0.5	0.42	0.42	0	0	0.5
52200	0.5	0.42	0.42	0	0	0.5
52300	0.48	0.42	0.42	0	0	0.48
52400	0.48	0.42	0.42	0	0	0.48
52500	0.48	0.42	0.42	0	0	0.48
52600	0.48	0.42	0.42	0	0	0.48
52700	0.46	0.42	0.42	0	0	0.46
52800	0.46	0.44	0.44	0	0	0.46
52900	0.46	0.44	0.44	0	0	0.46
53000	0.46	0.44	0.44	0	0	0.46
53100	0.46	0.44	0.44	0	0	0.46
53200	0.46	0.44	0.44	0	0	0.46
53300	0.46	0.44	0.44	0	0	0.46
53400	0.46	0.44	0.44	0	0	0.46
53500	0.46	0.44	0.44	0	0	0.46
53600	0.46	0.44	0.44	0	0	0.46
53700	0.46	0.44	0.44	0	0	0.46
53800	0.48	0.44	0.44	0	0	0.48
53900	0.48	0.44	0.44	0	0	0.48
54000	0.48	0.44	0.44	0	0	0.48
54100	0.48	0.44	0.44	0	0	0.48
54200	0.48	0.44	0.44	0	0	0.48
54300	0.48	0.44	0.44	0	0	0.48
54400	0.48	0.44	0.44	0	0	0.48
54500	0.48	0.42	0.42	0	0	0.48
54600	0.48	0.42	0.42	0	0	0.48
54700	0.48	0.42	0.42	0	0	0.48
54800	0.48	0.42	0.42	0	0	0.48
54900	0.48	0.42	0.42	0	0	0.48
55000	0.48	0.42	0.42	0	0	0.48
55100	0.48	0.42	0.42	0	0	0.48
55200	0.48	0.42	0.42	0	0	0.48
55300	0.48	0.42	0.42	0	0	0.48
55400	0.48	0.42	0.42	0	0	0.48
55500	0.5	0.42	0.42	0	0	0.5
55600	0.5	0.42	0.42	0	0	0.5
55700	0.5	0.42	0.42	0	0	0.5
55800	0.5	0.42	0.42	0	0	0.5
55900	0.5	0.42	0.42	0	0	0.5
56000	0.52	0.42	0.42	0	0	0.52
56100	0.5	0.44	0.44	0	0	0.5
56200	0.5	0.44	0.44	0	0	0.5
56300	0.5	0.44	0.44	0	0	0.5
56400	0.5	0.44	0.44	0	0	0.5
56500	0.5	0.44	0.44	0	0	0.5
56600	0.5	0.44	0.44	0	0	0.5
56700	0.5	0.44	0.44	0	0	0.5
56800	0.5	0.44	0.44	0	0	0.5
56900	0.5	0.44	0.44	0	0	0.5
57000	0.5	0.44	0.44	0	0	0.5
57100	0.5	0.44	0.44	0	0	0.5
57200	0.5	0.44	0.44	0	0	0.5
57300	0.5	0.44	0.44	0	0	0.5
57400	0.5	0.44	0.44	0	0	0.5
57500	0.5	0.44	0.44	0	0	0.5
57600	0.5	0.44	0.44	0	0	0.5
57700	0.5	0.44	0.44	0	0	0.5
57800	0.5	0.44	0.44	0	0	0.5
57900	0.5	0.44	0.44	0	0	0.5
58000	0.5	0.44	0.44	0	0	0.5
58100	0.5	0.44	0.44	0	0	0.5
58200	0.52	0.44	0.44	0	0	0.52
58300	0.52	0.44	0.44	0	0	0.52
58400	0.52	0.44	0.44	0	0	0.52
58500	0.52	0.44	0.44	0	0	0.52
58600	0.52	0.44	0.44	0	0	0.52
58700	0.52	0.44	0.44	0	0	0.52
58800	0.52	0.44	0.44	0	0	0.52
58900	0.52	0.44	0.44	0	0	0.52
59000	0.52	0.44	0.44	0	0	0.52
59100	0.52	0.46	0.46	0	0	0.52
59200	0.52	0.44	0.44	0	0	0.52
59300	0.52	0.44	0.44	0	0	0.52
59400	0.52	0.44	0.44	0	0	0.52
59500	0.52	0.44	0.44	0	0	0.52
59600	0.52	0.44	0.44	0	0	0.52
59700	0.52	0.44	0.44	0	0	0.52
59800	0.52	0.44	0.44	0	0	0.52
59900	0.52	0.44	0.44	0	0	0.52
60000	0.52	0.44	0.44	0	0	0.52
60100	0.52	0.44	0.44	0	0	0.52
60200	0.52	0.44	0.44	0	0	0.52
60300	0.52	0.44	0.44	0	0	0.52
60400	0.52	0.44	0.44	0	0	0.52
60500	0.52	0.46	0.46	0	0	0.52
60600	0.52	0.46	0.46	0	0	0.52
60700	0.52	0.46	0.46	0	0	0.52
60800	0.52	0.46	0.46	0	0	0.52
60900	0.54	0.46	0.46	0	0	0.54
61000	0.54	0.46	0.46	0	0	0.54
61100	0.54	0.46	0.46	0	0	0.54
61200	0.54	0.44	0.44	0	0	0.54
61300	0.54	0.44	0.44	0	0	0.54
61400	0.54	0.44	0.44	0	0	0.54
61500	0.56	0.44	0.44	0	0	0.56
61600	0.56	0.44	0.44	0	0	0.56
61700	0.56	0.44	0.44	0	0	0.56
61800	0.56	0.44	0.44	0	0	0.56
61900	0.56	0.44	0.44	0	0	0.56
62000	0.56	0.44	0.44	0	0	0.56
62100	0.56	0.44	0.44	0	0	0.56
62200	0.56	0.44	0.44	0	0	0.56
62300	0.56	0.44	0.44	0	0	0.56
62400	0.56	0.44	0.44	0	0	0.56
62500	0.56	0.44	0.44	0	0	0.56
62600	0.56	0.44	0.44	0	0	0.56
62700	0.56	0.44	0.44	0	0	0.56
62800	0.56	0.44	0.44	0	0	0.56
62900	0.56	0.44	0.44	0	0	0.56
63000	0.56	0.44	0.44	0	0	0.56
63100	0.56	0.44	0.44	0	0	0.56
63200	0.56	0.44	0.44	0	0	0.56
63300	0.56	0.44	0.44	0	0	0.56
63400	0.56	0.44	0.44	0	0	0.56
63500	0.56	0.44	0.44	0	0	0.56
63600	0.56	0.44	0.44	0	0	0.56
63700	0.56	0.44	0.44	0	0	0.56
63800	0.56	0.44	0.44	0	0	0.56
63900	0.56	0.42	0.42	0	0	0.56
64000	0.56	0.42	0.42	0	0	0.56
64100	0.56	0.42	0.42	0	0	0.56
64200	0.56	0.42	0.42	0	0	0.56
64300	0.56	0.42	0.42	0	0	0.56
64400	0.54	0.42	0.42	0	0	0.54
64500	0.54	0.42	0.42	0	0	0.54
64600	0.54	0.42	0.42	0	0	0.54
64700	0.54	0.42	0.42	0	0	0.54
64800	0.52	0.42	0.42	0	0	0.52
64900	0.52	0.42	0.42	0	0	0.52
65000	0.54	0.42	0.42	0	0	0.54
65100	0.54	0.42	0.42	0	0	0.54
65200	0.54	0.42	0.42	0	0	0.54
65300	0.54	0.42	0.42	0	0	0.54
65400	0.54	0.42	0.42	0	0	0.54
65500	0.54	0.42	0.42	0	0	0.54
65600	0.54	0.4	0.4	0	0	0.54
65700	0.54	0.4	0.4	0	0	0.54
65800	0.54	0.4	0.4	0	0	0.54
65900	0.54	0.4	0.4	0	0	0.54
66000	0.54	0.4	0.4	0	0	0.54
66100	0.54	0.4	0.4	0	0	0.54
66200	0.54	0.4	0.4	0	0	0.54
66300	0.54	0.4	0.4	0	0	0.54
66400	0.52	0.4	0.4	0	0	0.52
66500	0.52	0.4	0.4	0	0	0.52
66600	0.52	0.4	0.4	0	0	0.52
66700	0.52	0.4	0.4	0	0	0.52
66800	0.52	0.4	0.4	0	0	0.52
66900	0.52	0.4	0.4	0	0	0.52
67000	0.52	0.4	0.4	0	0	0.52
67100	0.5	0.4	0.4	0	0	0.5
67200	0.5	0.4	0.4	0	0	0.5
67300	0.5	0.4	0.4	0	0	0.5
67400	0.5	0.4	0.4	0	0	0.5
67500	0.5	0.4	0.4	0	0	0.5
67600	0.5	0.4	0.4	0	0	0.5
67700	0.5	0.4	0.4	0	0	0.5
67800	0.5	0.4	0.4	0	0	0.5
67900	0.5	0.4	0.4	0	0	0.5
68000	0.5	0.4	0.4	0	0	0.5
68100	0.5	0.4	0.4	0	0	0.5
68200	0.5	0.4	0.4	0	0	0.5
68300	0.5	0.42	0.42	0	0	0.5
68400	0.52	0.42	0.42	0	0	0.52
68500	0.52	0.42	0.42	0	0	0.52
68600	0.52	0.42	0.42	0	0	0.52
68700	0.52	0.44	0.44	0	0	0.52
68800	0.54	0.44	0.44	0	0	0.54
68900	0.54	0.44	0.44	0	0	0.54
69000	0.54	0.44	0.44	0	0	0.54
69100	0.52	0.44	0.44	0	0	0.52
69200	0.52	0.44	0.44	0	0	0.52
69300	0.52	0.44	0.44	0	0	0.52
69400	0.52	0.44	0.44	0	0	0.52
69500	0.52	0.44	0.44	0	0	0.52
69600	0.52	0.44	0.44	0	0	0.52
69700	0.52	0.44	0.44	0	0	0.52
69800	0.52	0.44	0.44	0	0	0.52
69900	0.52	0.44	0.44	0	0	0.52
70000	0.52	0.42	0.42	0	0	0.52
70100	0.52	0.42	0.42	0	0	0.52
70200	0.52	0.42	0.42	0	0	0.52
70300	0.52	0.42	0.42	0	0	0.52
70400	0.52	0.42	0.42	0	0	0.52
70500	0.52	0.42	0.42	0	0	0.52
70600	0.52	0.42	0.42	0	0	0.52
70700	0.52	0.42	0.42	0	0	0.52
70800	0.52	0.42	0.42	0	0	0.52
70900	0.52	0.42	0.42	0	0	0.52
71000	0.52	0.42	0.42	0	0	0.52
71100	0.52	0.42	0.42	0	0	0.52
71200	0.52	0.42	0.42	0	0	0.52
71300	0.52	0.42	0.42	0	0	0.52
71400	0.52	0.42	0.42	0	0	0.52
71500	0.52	0.42	0.42	0	0	0.52
71600	0.52	0.42	0.42	0	0	0.52
71700	0.52	0.44	0.44	0	0	0.52
71800	0.52	0.44	0.44	0	0	0.52
71900	0.52	0.44	0.44	0	0	0.52
72000	0.52	0.44	0.44	0	0	0.52
72100	0.52	0.44	0.44	0	0	0.52
72200	0.54	0.44	0.44	0	0	0.54
72300	0.54	0.44	0.44	0	0	0.54
72400	0.54	0.44	0.44	0	0	0.54
72500	0.54	0.44	0.44	0	0	0.54
72600	0.54	0.44	0.44	0	0	0.54
72700	0.54	0.44	0.44	0	0	0.54
72800	0.54	0.44	0.44	0	0	0.54
72900	0.54	0.44	0.44	0	0	0.54
73000	0.54	0.44	0.44	0	0	0.54
73100	0.54	0.44	0.44	0	0	0.54
73200	0.54	0.44	0.44	0	0	0.54
73300	0.54	0.44	0.44	0	0	0.54
73400	0.54	0.44	0.44	0	0	0.54
73500	0.54	0.44	0.44	0	0	0.54
73600	0.54	0.44	0.44	0	0	0.54
73700	0.54	0.44	0.44	0	0	0.54
73800	0.54	0.42	0.42	0	0	0.54
73900	0.54	0.42	0.42	0	0	0.54
74000	0.54	0.42	0.42	0	0	0.54
74100	0.54	0.42	0.42	0	0	0.54
74200	0.54	0.42	0.42	0	0	0.54
74300	0.54	0.42	0.42	0	0	0.54
74400	0.54	0.42	0.42	0	0	0.54
74500	0.54	0.42	0.42	0	0	0.54
74600	0.54	0.44	0.44	0	0	0.54
74700	0.54	0.44	0.44	0	0	0.54
74800	0.54	0.44	0.44	0	0	0.54
74900	0.54	0.44	0.44	0	0	0.54
75000	0.54	0.44	0.44	0	0	0.54
75100	0.54	0.44	0.44	0	0	0.54
75200	0.54	0.44	0.44	0	0	0.54
75300	0.54	0.44	0.44	0	0	0.54
75400	0.54	0.44	0.44	0	0	0.54
75500	0.54	0.44	0.44	0	0	0.54
75600	0.54	0.46	0.46	0	0	0.54
75700	0.54	0.46	0.46	0	0	0.54
75800	0.54	0.46	0.46	0	0	0.54
75900	0.54	0.44	0.44	0	0	0.54
76000	0.54	0.44	0.44	0	0	0.54
76100	0.54	0.44	0.44	0	0	0.54
76200	0.54	0.44	0.44	0	0	0.54
76300	0.54	0.44	0.44	0	0	0.54
76400	0.54	0.44	0.44	0	0	0.54
76500	0.54	0.44	0.44	0	0	0.54
76600	0.54	0.44	0.44	0	0	0.54
76700	0.54	0.44	0.44	0	0	0.54
76800	0.54	0.44	0.44	0	0	0.54
76900	0.54	0.44	0.44	0	0	0.54
77000	0.54	0.44	0.44	0	0	0.54
77100	0.54	0.44	0.44	0	0	0.54
77200	0.54	0.44	0.44	0	0	0.54
77300	0.54	0.44	0.44	0	0	0.54
77400	0.54	0.44	0.44	0	0	0.54
77500	0.54	0.44	0.44	0	0	0.54
77600	0.54	0.44	0.44	0	0	0.54
77700	0.54	0.44	0.44	0	0	0.54
77800	0.52	0.44	0.44	0	0	0.52
77900	0.52	0.44	0.44	0	0	0.52
78000	0.52	0.44	0.44	0	0	0.52
78100	0.52	0.44	0.44	0	0	0.52
78200	0.52	0.44	0.44	0	0	0.52
78300	0.52	0.44	0.44	0	0	0.52
78400	0.52	0.44	0.44	0	0	0.52
78500	0.52	0.44	0.44	0	0	0.52
78600	0.52	0.44	0.44	0	0	0.52
78700	0.52	0.44	0.44	0	0	0.52
78800	0.52	0.44	0.44	0	0	0.52
78900	0.52	0.44	0.44	0	0	0.52
79000	0.52	0.44	0.44	0	0	0.52
79100	0.52	0.44	0.44	0	0	0.52
79200	0.52	0.44	0.44	0	0	0.52
79300	0.52	0.44	0.44	0	0	0.52
79400	0.54	0.44	0.44	0	0	0.54
79500	0.54	0.44	0.44	0	0	0.54
79600	0.52	0.44	0.44	0	0	0.52
79700	0.52	0.44	0.44	0	0	0.52
79800	0.52	0.42	0.42	0	0	0.52
79900	0.52	0.42	0.42	0	0	0.52
80000	0.52	0.42	0.42	0	0	0.52
80100	0.5	0.42	0.42	0	0	0.5
80200	0.5	0.42	0.42	0	0	0.5
80300	0.5	0.42	0.42	0	0	0.5
80400	0.5	0.42	0.42	0	0	0.5
80500	0.5	0.42	0.42	0	0	0.5
80600	0.5	0.4	0.4	0	0	0.5
80700	0.5	0.4	0.4	0	0	0.5
80800	0.5	0.4	0.4	0	0	0.5
80900	0.5	0.4	0.4	0	0	0.5
81000	0.48	0.4	0.4	0	0	0.48
81100	0.48	0.38	0.38	0	0	0.48
81200	0.48	0.4	0.4	0	0	0.48
81300	0.48	0.4	0.4	0	0	0.48
81400	0.48	0.4	0.4	0	0	0.48
81500	0.48	0.4	0.4	0	0	0.48
81600	0.48	0.4	0.4	0	0	0.48
81700	0.48	0.4	0.4	0	0	0.48
81800	0.48	0.4	0.4	0	0	0.48
81900	0.48	0.4	0.4	0	0	0.48
82000	0.48	0.4	0.4	0	0	0.48
82100	0.48	0.4	0.4	0	0	0.48
82200	0.5	0.4	0.4	0	0	0.5
82300	0.5	0.4	0.4	0	0	0.5
82400	0.5	0.42	0.42	0	0	0.5
82500	0.5	0.42	0.42	0	0	0.5
82600	0.5	0.42	0.42	0	0	0.5
82700	0.5	0.42	0.42	0	0	0.5
82800	0.5	0.42	0.42	0	0	0.5
82900	0.5	0.44	0.44	0	0	0.5
83000	0.5	0.44	0.44	0	0	0.5
83100	0.5	0.44	0.44	0	0	0.5
83200	0.5	0.44	0.44	0	0	0.5
83300	0.5	0.44	0.44	0	0	0.5
83400	0.5	0.44	0.44	0	0	0.5
83500	0.5	0.44	0.44	0	0	0.5
83600	0.5	0.44	0.44	0	0	0.5
83700	0.52	0.44	0.44	0	0	0.52
83800	0.54	0.44	0.44	0	0	0.54
83900	0.54	0.44	0.44	0	0	0.54
84000	0.54	0.44	0.44	0	0	0.54
84100	0.54	0.44	0.44	0	0	0.54
84200	0.54	0.44	0.44	0	0	0.54
84300	0.54	0.44	0.44	0	0	0.54
84400	0.54	0.44	0.44	0	0	0.54
84500	0.54	0.44	0.44	0	0	0.54
84600	0.54	0.44	0.44	0	0	0.54
84700	0.54	0.44	0.44	0	0	0.54
84800	0.54	0.44	0.44	0	0	0.54
84900	0.54	0.44	0.44	0	0	0.54
85000	0.54	0.44	0.44	0	0	0.54
85100	0.54	0.44	0.44	0	0	0.54
85200	0.54	0.44	0.44	0	0	0.54
85300	0.54	0.44	0.44	0	0	0.54
85400	0.5	0.44	0.44	0	0	0.5
85500	0.5	0.44	0.44	0	0	0.5
85600	0.5	0.44	0.44	0	0	0.5
85700	0.5	0.46	0.46	0	0	0.5
85800	0.5	0.46	0.46	0	0	0.5
85900	0.5	0.46	0.46	0	0	0.5
86000	0.5	0.46	0.46	0	0	0.5
86100	0.5	0.44	0.44	0	0	0.5
86200	0.5	0.44	0.44	0	0	0.5
86300	0.5	0.44	0.44	0	0	0.5
86400	0.5	0.44	0.44	0	0	0.5
86500	0.5	0.44	0.44	0	0	0.5
86600	0.5	0.44	0.44	0	0	0.5
86700	0.5	0.44	0.44	0	0	0.5
86800	0.5	0.44	0.44	0	0	0.5
86900	0.5	0.44	0.44	0	0	0.5
87000	0.5	0.44	0.44	0	0	0.5
87100	0.5	0.44	0.44	0	0	0.5
87200	0.5	0.44	0.44	0	0	0.5
87300	0.5	0.44	0.44	0	0	0.5
87400	0.5	0.44	0.44	0	0	0.5
87500	0.5	0.44	0.44	0	0	0.5
87600	0.5	0.44	0.44	0	0	0.5
87700	0.5	0.44	0.44	0	0	0.5
87800	0.5	0.44	0.44	0	0	0.5
87900	0.5	0.44	0.44	0	0	0.5
88000	0.5	0.44	0.44	0	0	0.5
88100	0.5	0.44	0.44	0	0	0.5
88200	0.5	0.44	0.44	0	0	0.5
88300	0.52	0.44	0.44	0	0	0.52
88400	0.5	0.44	0.44	0	0	0.5
88500	0.5	0.44	0.44	0	0	0.5
88600	0.5	0.44	0.44	0	0	0.5
88700	0.5	0.44	0.44	0	0	0.5
88800	0.48	0.44	0.44	0	0	0.48
88900	0.48	0.44	0.44	0	0	0.48
89000	0.48	0.44	0.44	0	0	0.48
89100	0.48	0.44	0.44	0	0	0.48
89200	0.48	0.44	0.44	0	0	0.48
89300	0.48	0.44	0.44	0	0	0.48
89400	0.48	0.44	0.44	0	0	0.48
89500	0.48	0.44	0.44	0	0	0.48
89600	0.48	0.44	0.44	0	0	0.48
89700	0.48	0.44	0.44	0	0	0.48
89800	0.48	0.44	0.44	0	0	0.48
89900	0.48	0.44	0.44	0	0	0.48
90000	0.48	0.44	0.44	0	0	0.48
90100	0.48	0.44	0.44	0	0	0.48
90200	0.48	0.44	0.44	0	0	0.48
90300	0.5	0.44	0.44	0	0	0.5
90400	0.5	0.44	0.44	0	0	0.5
90500	0.48	0.44	0.44	0	0	0.48
90600	0.48	0.44	0.44	0	0	0.48
90700	0.48	0.44	0.44	0	0	0.48
90800	0.48	0.44	0.44	0	0	0.48
90900	0.5	0.44	0.44	0	0	0.5
91000	0.5	0.44	0.44	0	0	0.5
91100	0.5	0.44	0.44	0	0	0.5
91200	0.5	0.44	0.44	0	0	0.5
91300	0.5	0.44	0.44	0	0	0.5
91400	0.48	0.44	0.44	0	0	0.48
91500	0.48	0.44	0.44	0	0	0.48
91600	0.48	0.44	0.44	0	0	0.48
91700	0.48	0.44	0.44	0	0	0.48
91800	0.5	0.44	0.44	0	0	0.5
91900	0.5	0.44	0.44	0	0	0.5
92000	0.5	0.44	0.44	0	0	0.5
92100	0.48	0.44	0.44	0	0	0.48
92200	0.48	0.44	0.44	0	0	0.48
92300	0.5	0.44	0.44	0	0	0.5
92400	0.48	0.44	0.44	0	0	0.48
92500	0.48	0.42	0.42	0	0	0.48
92600	0.48	0.42	0.42	0	0	0.48
92700	0.48	0.42	0.42	0	0	0.48
92800	0.48	0.42	0.42	0	0	0.48
92900	0.48	0.42	0.42	0	0	0.48
93000	0.46	0.42	0.42	0	0	0.46
93100	0.46	0.42	0.42	0	0	0.46
93200	0.46	0.42	0.42	0	0	0.46
93300	0.46	0.42	0.42	0	0	0.46
93400	0.46	0.42	0.42	0	0	0.46
93500	0.46	0.4	0.4	0	0	0.46
93600	0.46	0.4	0.4	0	0	0.46
93700	0.48	0.4	0.4	0	0	0.48
93800	0.48	0.4	0.4	0	0	0.48
93900	0.48	0.4	0.4	0	0	0.48
94000	0.48	0.4	0.4	0	0	0.48
94100	0.48	0.4	0.4	0	0	0.48
94200	0.48	0.42	0.42	0	0	0.48
94300	0.5	0.42	0.42	0	0	0.5
94400	0.5	0.42	0.42	0	0	0.5
94500	0.5	0.42	0.42	0	0	0.5
94600	0.5	0.42	0.42	0	0	0.5
94700	0.5	0.42	0.42	0	0	0.5
94800	0.5	0.42	0.42	0	0	0.5
94900	0.5	0.42	0.42	0	0	0.5
95000	0.5	0.42	0.42	0	0	0.5
95100	0.5	0.42	0.42	0	0	0.5
95200	0.5	0.42	0.42	0	0	0.5
95300	0.5	0.44	0.44	0	0	0.5
95400	0.5	0.44	0.44	0	0	0.5
95500	0.5	0.44	0.44	0	0	0.5
95600	0.5	0.44	0.44	0	0	0.5
95700	0.5	0.46	0.46	0	0	0.5
95800	0.5	0.46	0.46	0	0	0.5
95900	0.5	0.46	0.46	0	0	0.5
96000	0.5	0.46	0.46	0	0	0.5
96100	0.5	0.44	0.44	0	0	0.5
96200	0.5	0.44	0.44	0	0	0.5
96300	0.5	0.44	0.44	0	0	0.5
96400	0.5	0.44	0.44	0	0	0.5
96500	0.5	0.44	0.44	0	0	0.5
96600	0.5	0.44	0.44	0	0	0.5
96700	0.5	0.44	0.44	0	0	0.5
96800	0.5	0.44	0.44	0	0	0.5
96900	0.52	0.44	0.44	0	0	0.52
97000	0.52	0.44	0.44	0	0	0.52
97100	0.5	0.44	0.44	0	0	0.5
97200	0.48	0.44	0.44	0	0	0.48
97300	0.48	0.44	0.44	0	0	0.48
97400	0.48	0.44	0.44	0	0	0.48
97500	0.48	0.44	0.44	0	0	0.48
97600	0.48	0.44	0.44	0	0	0.48
97700	0.48	0.44	0.44	0	0	0.48
97800	0.48	0.44	0.44	0	0	0.48
97900	0.48	0.44	0.44	0	0	0.48
98000	0.48	0.44	0.44	0	0	0.48
98100	0.48	0.44	0.44	0	0	0.48
98200	0.52	0.44	0.44	0	0	0.52
98300	0.52	0.44	0.44	0	0	0.52
98400	0.52	0.44	0.44	0	0	0.52
98500	0.5	0.44	0.44	0	0	0.5
98600	0.5	0.44	0.44	0	0	0.5
98700	0.5	0.44	0.44	0	0	0.5
98800	0.5	0.44	0.44	0	0	0.5
98900	0.5	0.44	0.44	0	0	0.5
99000	0.5	0.44	0.44	0	0	0.5
99100	0.5	0.44	0.44	0	0	0.5
99200	0.5	0.44	0.44	0	0	0.5
99300	0.5	0.44	0.44	0	0	0.5
99400	0.5	0.44	0.44	0	0	0.5
99500	0.5	0.44	0.44	0	0	0.5
99600	0.5	0.44	0.44	0	0	0.5
99700	0.5	0.44	0.44	0	0	0.5
99800	0.5	0.44	0.44	0	0	0.5
99900	0.5	0.44	0.44	0	0	0.5
100000	0.5	0.44	0.44	0	0	0.5
