100	0.02	0.1	0.1	0	0	0.02
200	0.02	0.12	0.12	0	0	0.02
300	0.02	0.12	0.12	0	0	0.02
400	0.04	0.12	0.12	0	0	0.04
500	0.06	0.12	0.12	0	0	0.06
600	0.06	0.16	0.16	0	0	0.06
700	0.06	0.18	0.18	0	0	0.06
800	0.08	0.22	0.22	0	0	0.08
900	0.08	0.22	0.22	0	0	0.08
1000	0.08	0.24	0.24	0	0	0.08
1100	0.08	0.24	0.24	0	0	0.08
1200	0.14	0.26	0.26	0	0	0.14
1300	0.14	0.28	0.28	0	0	0.14
1400	0.14	0.3	0.3	0	0	0.14
1500	0.12	0.3	0.3	0	0	0.12
1600	0.12	0.3	0.3	0	0	0.12
1700	0.12	0.32	0.32	0	0	0.12
1800	0.14	0.32	0.32	0	0	0.14
1900	0.14	0.32	0.32	0	0	0.14
2000	0.14	0.32	0.32	0	0	0.14
2100	0.14	0.32	0.32	0	0	0.14
2200	0.14	0.34	0.34	0	0	0.14
2300	0.16	0.36	0.36	0	0	0.16
2400	0.16	0.34	0.34	0	0	0.16
2500	0.18	0.36	0.36	0	0	0.18
2600	0.18	0.36	0.36	0	0	0.18
2700	0.18	0.38	0.38	0	0	0.18
2800	0.18	0.38	0.38	0	0	0.18
2900	0.2	0.38	0.38	0	0	0.2
3000	0.2	0.38	0.38	0	0	0.2
3100	0.2	0.38	0.38	0	0	0.2
3200	0.2	0.36	0.36	0	0	0.2
3300	0.2	0.36	0.36	0	0	0.2
3400	0.2	0.36	0.36	0	0	0.2
3500	0.2	0.38	0.38	0	0	0.2
3600	0.22	0.38	0.38	0	0	0.22
3700	0.22	0.4	0.4	0	0	0.22
3800	0.22	0.38	0.38	0	0	0.22
3900	0.22	0.38	0.38	0	0	0.22
4000	0.22	0.38	0.38	0	0	0.22
4100	0.22	0.4	0.4	0	0	0.22
4200	0.22	0.4	0.4	0	0	0.22
4300	0.24	0.42	0.42	0	0	0.24
4400	0.24	0.42	0.42	0	0	0.24
4500	0.24	0.42	0.42	0	0	0.24
4600	0.24	0.44	0.44	0	0	0.24
4700	0.24	0.44	0.44	0	0	0.24
4800	0.24	0.42	0.42	0	0	0.24
4900	0.24	0.42	0.42	0	0	0.24
5000	0.24	0.42	0.42	0	0	0.24
5100	0.26	0.42	0.42	0	0	0.26
5200	0.24	0.42	0.42	0	0	0.24
5300	0.24	0.42	0.42	0	0	0.24
5400	0.24	0.44	0.44	0	0	0.24
5500	0.24	0.42	0.42	0	0	0.24
5600	0.24	0.42	0.42	0	0	0.24
5700	0.26	0.42	0.42	0	0	0.26
5800	0.26	0.42	0.42	0	0	0.26
5900	0.26	0.44	0.44	0	0	0.26
6000	0.26	0.44	0.44	0	0	0.26
6100	0.26	0.44	0.44	0	0	0.26
6200	0.24	0.44	0.44	0	0	0.24
6300	0.24	0.44	0.44	0	0	0.24
6400	0.24	0.44	0.44	0	0	0.24
6500	0.24	0.44	0.44	0	0	0.24
6600	0.22	0.44	0.44	0	0	0.22
6700	0.22	0.44	0.44	0	0	0.22
6800	0.24	0.46	0.46	0	0	0.24
6900	0.24	0.44	0.44	0	0	0.24
7000	0.24	0.46	0.46	0	0	0.24
7100	0.24	0.46	0.46	0	0	0.24
7200	0.24	0.46	0.46	0	0	0.24
7300	0.24	0.46	0.46	0	0	0.24
7400	0.24	0.46	0.46	0	0	0.24
7500	0.24	0.46	0.46	0	0	0.24
7600	0.24	0.46	0.46	0	0	0.24
7700	0.24	0.48	0.48	0	0	0.24
7800	0.24	0.48	0.48	0	0	0.24
7900	0.24	0.48	0.48	0	0	0.24
8000	0.22	0.48	0.48	0	0	0.22
8100	0.26	0.48	0.48	0	0	0.26
8200	0.24	0.46	0.46	0	0	0.24
8300	0.24	0.46	0.46	0	0	0.24
8400	0.24	0.46	0.46	0	0	0.24
8500	0.26	0.46	0.46	0	0	0.26
8600	0.26	0.46	0.46	0	0	0.26
8700	0.26	0.46	0.46	0	0	0.26
8800	0.26	0.46	0.46	0	0	0.26
8900	0.26	0.46	0.46	0	0	0.26
9000	0.26	0.44	0.44	0	0	0.26
9100	0.26	0.42	0.42	0	0	0.26
9200	0.28	0.42	0.42	0	0	0.28
9300	0.28	0.42	0.42	0	0	0.28
9400	0.28	0.42	0.42	0	0	0.28
9500	0.26	0.42	0.42	0	0	0.26
9600	0.26	0.44	0.44	0	0	0.26
9700	0.26	0.44	0.44	0	0	0.26
9800	0.26	0.44	0.44	0	0	0.26
9900	0.28	0.44	0.44	0	0	0.28
10000	0.28	0.44	0.44	0	0	0.28
10100	0.28	0.44	0.44	0	0	0.28
10200	0.28	0.44	0.44	0	0	0.28
10300	0.3	0.44	0.44	0	0	0.3
10400	0.3	0.44	0.44	0	0	0.3
10500	0.3	0.44	0.44	0	0	0.3
10600	0.3	0.46	0.46	0	0	0.3
10700	0.3	0.46	0.46	0	0	0.3
10800	0.3	0.46	0.46	0	0	0.3
10900	0.3	0.48	0.48	0	0	0.3
11000	0.28	0.5	0.5	0	0	0.28
11100	0.28	0.5	0.5	0	0	0.28
11200	0.28	0.5	0.5	0	0	0.28
11300	0.28	0.5	0.5	0	0	0.28
11400	0.28	0.5	0.5	0	0	0.28
11500	0.28	0.5	0.5	0	0	0.28
11600	0.28	0.5	0.5	0	0	0.28
11700	0.28	0.5	0.5	0	0	0.28
11800	0.28	0.5	0.5	0	0	0.28
11900	0.28	0.5	0.5	0	0	0.28
12000	0.28	0.5	0.5	0	0	0.28
12100	0.28	0.5	0.5	0	0	0.28
12200	0.3	0.5	0.5	0	0	0.3
12300	0.3	0.5	0.5	0	0	0.3
12400	0.3	0.5	0.5	0	0	0.3
12500	0.3	0.52	0.52	0	0	0.3
12600	0.3	0.54	0.54	0	0	0.3
12700	0.3	0.54	0.54	0	0	0.3
12800	0.28	0.54	0.54	0	0	0.28
12900	0.28	0.54	0.54	0	0	0.28
13000	0.28	0.54	0.54	0	0	0.28
13100	0.28	0.54	0.54	0	0	0.28
13200	0.28	0.54	0.54	0	0	0.28
13300	0.28	0.52	0.52	0	0	0.28
13400	0.28	0.52	0.52	0	0	0.28
13500	0.28	0.52	0.52	0	0	0.28
13600	0.28	0.5	0.5	0	0	0.28
13700	0.28	0.5	0.5	0	0	0.28
13800	0.28	0.5	0.5	0	0	0.28
13900	0.28	0.5	0.5	0	0	0.28
14000	0.28	0.5	0.5	0	0	0.28
14100	0.28	0.5	0.5	0	0	0.28
14200	0.28	0.48	0.48	0	0	0.28
14300	0.28	0.48	0.48	0	0	0.28
14400	0.28	0.48	0.48	0	0	0.28
14500	0.28	0.46	0.46	0	0	0.28
14600	0.28	0.46	0.46	0	0	0.28
14700	0.28	0.48	0.48	0	0	0.28
14800	0.28	0.48	0.48	0	0	0.28
14900	0.28	0.48	0.48	0	0	0.28
15000	0.28	0.48	0.48	0	0	0.28
15100	0.28	0.48	0.48	0	0	0.28
15200	0.28	0.48	0.48	0	0	0.28
15300	0.28	0.48	0.48	0	0	0.28
15400	0.28	0.48	0.48	0	0	0.28
15500	0.3	0.48	0.48	0	0	0.3
15600	0.3	0.48	0.48	0	0	0.3
15700	0.3	0.48	0.48	0	0	0.3
15800	0.3	0.48	0.48	0	0	0.3
15900	0.3	0.48	0.48	0	0	0.3
16000	0.3	0.48	0.48	0	0	0.3
16100	0.3	0.46	0.46	0	0	0.3
16200	0.3	0.46	0.46	0	0	0.3
16300	0.3	0.48	0.48	0	0	0.3
16400	0.3	0.48	0.48	0	0	0.3
16500	0.3	0.48	0.48	0	0	0.3
16600	0.3	0.48	0.48	0	0	0.3
16700	0.3	0.48	0.48	0	0	0.3
16800	0.3	0.48	0.48	0	0	0.3
16900	0.32	0.48	0.48	0	0	0.32
17000	0.32	0.48	0.48	0	0	0.32
17100	0.32	0.46	0.46	0	0	0.32
17200	0.32	0.46	0.46	0	0	0.32
17300	0.32	0.46	0.46	0	0	0.32
17400	0.32	0.48	0.48	0	0	0.32
17500	0.32	0.48	0.48	0	0	0.32
17600	0.32	0.48	0.48	0	0	0.32
17700	0.32	0.48	0.48	0	0	0.32
17800	0.3	0.5	0.5	0	0	0.3
17900	0.3	0.48	0.48	0	0	0.3
18000	0.3	0.48	0.48	0	0	0.3
18100	0.3	0.48	0.48	0	0	0.3
18200	0.3	0.48	0.48	0	0	0.3
18300	0.3	0.48	0.48	0	0	0.3
18400	0.3	0.48	0.48	0	0	0.3
18500	0.3	0.46	0.46	0	0	0.3
18600	0.3	0.46	0.46	0	0	0.3
18700	0.3	0.46	0.46	0	0	0.3
18800	0.3	0.46	0.46	0	0	0.3
18900	0.3	0.48	0.48	0	0	0.3
19000	0.3	0.5	0.5	0	0	0.3
19100	0.3	0.48	0.48	0	0	0.3
19200	0.3	0.48	0.48	0	0	0.3
19300	0.3	0.48	0.48	0	0	0.3
19400	0.3	0.5	0.5	0	0	0.3
19500	0.3	0.48	0.48	0	0	0.3
19600	0.3	0.46	0.46	0	0	0.3
19700	0.28	0.46	0.46	0	0	0.28
19800	0.28	0.46	0.46	0	0	0.28
19900	0.28	0.44	0.44	0	0	0.28
20000	0.28	0.44	0.44	0	0	0.28
20100	0.28	0.44	0.44	0	0	0.28
20200	0.28	0.44	0.44	0	0	0.28
20300	0.28	0.46	0.46	0	0	0.28
20400	0.28	0.46	0.46	0	0	0.28
20500	0.28	0.46	0.46	0	0	0.28
20600	0.28	0.46	0.46	0	0	0.28
20700	0.28	0.44	0.44	0	0	0.28
20800	0.28	0.44	0.44	0	0	0.28
20900	0.28	0.44	0.44	0	0	0.28
21000	0.3	0.44	0.44	0	0	0.3
21100	0.3	0.46	0.46	0	0	0.3
21200	0.3	0.42	0.42	0	0	0.3
21300	0.3	0.42	0.42	0	0	0.3
21400	0.3	0.42	0.42	0	0	0.3
21500	0.3	0.42	0.42	0	0	0.3
21600	0.3	0.42	0.42	0	0	0.3
21700	0.3	0.42	0.42	0	0	0.3
21800	0.3	0.42	0.42	0	0	0.3
21900	0.32	0.42	0.42	0	0	0.32
22000	0.32	0.42	0.42	0	0	0.32
22100	0.32	0.42	0.42	0	0	0.32
22200	0.32	0.44	0.44	0	0	0.32
22300	0.32	0.44	0.44	0	0	0.32
22400	0.32	0.44	0.44	0	0	0.32
22500	0.32	0.42	0.42	0	0	0.32
22600	0.34	0.42	0.42	0	0	0.34
22700	0.34	0.42	0.42	0	0	0.34
22800	0.34	0.42	0.42	0	0	0.34
22900	0.34	0.42	0.42	0	0	0.34
23000	0.34	0.44	0.44	0	0	0.34
23100	0.34	0.44	0.44	0	0	0.34
23200	0.34	0.44	0.44	0	0	0.34
23300	0.34	0.44	0.44	0	0	0.34
23400	0.34	0.46	0.46	0	0	0.34
23500	0.34	0.46	0.46	0	0	0.34
23600	0.34	0.46	0.46	0	0	0.34
23700	0.34	0.46	0.46	0	0	0.34
23800	0.34	0.46	0.46	0	0	0.34
23900	0.34	0.46	0.46	0	0	0.34
24000	0.34	0.46	0.46	0	0	0.34
24100	0.34	0.46	0.46	0	0	0.34
24200	0.34	0.46	0.46	0	0	0.34
24300	0.34	0.48	0.48	0	0	0.34
24400	0.34	0.48	0.48	0	0	0.34
24500	0.34	0.48	0.48	0	0	0.34
24600	0.34	0.48	0.48	0	0	0.34
24700	0.34	0.48	0.48	0	0	0.34
24800	0.34	0.48	0.48	0	0	0.34
24900	0.34	0.48	0.48	0	0	0.34
25000	0.34	0.48	0.48	0	0	0.34
25100	0.34	0.5	0.5	0	0	0.34
25200	0.34	0.5	0.5	0	0	0.34
25300	0.34	0.52	0.52	0	0	0.34
25400	0.36	0.52	0.52	0	0	0.36
25500	0.36	0.52	0.52	0	0	0.36
25600	0.36	0.52	0.52	0	0	0.36
25700	0.36	0.52	0.52	0	0	0.36
25800	0.36	0.52	0.52	0	0	0.36
25900	0.38	0.52	0.52	0	0	0.38
26000	0.38	0.52	0.52	0	0	0.38
26100	0.38	0.54	0.54	0	0	0.38
26200	0.38	0.54	0.54	0	0	0.38
26300	0.38	0.54	0.54	0	0	0.38
26400	0.38	0.54	0.54	0	0	0.38
26500	0.38	0.54	0.54	0	0	0.38
26600	0.38	0.54	0.54	0	0	0.38
26700	0.38	0.54	0.54	0	0	0.38
26800	0.38	0.54	0.54	0	0	0.38
26900	0.38	0.54	0.54	0	0	0.38
27000	0.38	0.54	0.54	0	0	0.38
27100	0.38	0.54	0.54	0	0	0.38
27200	0.38	0.54	0.54	0	0	0.38
27300	0.38	0.54	0.54	0	0	0.38
27400	0.38	0.54	0.54	0	0	0.38
27500	0.38	0.54	0.54	0	0	0.38
27600	0.38	0.54	0.54	0	0	0.38
27700	0.38	0.54	0.54	0	0	0.38
27800	0.38	0.54	0.54	0	0	0.38
27900	0.38	0.54	0.54	0	0	0.38
28000	0.38	0.54	0.54	0	0	0.38
28100	0.38	0.54	0.54	0	0	0.38
28200	0.38	0.54	0.54	0	0	0.38
28300	0.4	0.54	0.54	0	0	0.4
28400	0.4	0.54	0.54	0	0	0.4
28500	0.4	0.56	0.56	0	0	0.4
28600	0.4	0.56	0.56	0	0	0.4
28700	0.4	0.56	0.56	0	0	0.4
28800	0.4	0.56	0.56	0	0	0.4
28900	0.4	0.56	0.56	0	0	0.4
29000	0.4	0.56	0.56	0	0	0.4
29100	0.4	0.56	0.56	0	0	0.4
29200	0.4	0.56	0.56	0	0	0.4
29300	0.4	0.56	0.56	0	0	0.4
29400	0.4	0.56	0.56	0	0	0.4
29500	0.4	0.56	0.56	0	0	0.4
29600	0.4	0.56	0.56	0	0	0.4
29700	0.4	0.56	0.56	0	0	0.4
29800	0.4	0.56	0.56	0	0	0.4
29900	0.4	0.56	0.56	0	0	0.4
30000	0.38	0.56	0.56	0	0	0.38
30100	0.38	0.56	0.56	0	0	0.38
30200	0.38	0.56	0.56	0	0	0.38
30300	0.38	0.56	0.56	0	0	0.38
30400	0.38	0.56	0.56	0	0	0.38
30500	0.38	0.56	0.56	0	0	0.38
30600	0.38	0.56	0.56	0	0	0.38
30700	0.38	0.56	0.56	0	0	0.38
30800	0.4	0.54	0.54	0	0	0.4
30900	0.4	0.54	0.54	0	0	0.4
31000	0.4	0.54	0.54	0	0	0.4
31100	0.4	0.54	0.54	0	0	0.4
31200	0.4	0.54	0.54	0	0	0.4
31300	0.4	0.54	0.54	0	0	0.4
31400	0.4	0.54	0.54	0	0	0.4
31500	0.4	0.54	0.54	0	0	0.4
31600	0.4	0.54	0.54	0	0	0.4
31700	0.4	0.52	0.52	0	0	0.4
31800	0.4	0.52	0.52	0	0	0.4
31900	0.4	0.52	0.52	0	0	0.4
32000	0.4	0.52	0.52	0	0	0.4
32100	0.4	0.52	0.52	0	0	0.4
32200	0.4	0.52	0.52	0	0	0.4
32300	0.4	0.52	0.52	0	0	0.4
32400	0.4	0.52	0.52	0	0	0.4
32500	0.4	0.5	0.5	0	0	0.4
32600	0.4	0.5	0.5	0	0	0.4
32700	0.4	0.5	0.5	0	0	0.4
32800	0.4	0.5	0.5	0	0	0.4
32900	0.4	0.5	0.5	0	0	0.4
33000	0.4	0.5	0.5	0	0	0.4
33100	0.4	0.5	0.5	0	0	0.4
33200	0.4	0.5	0.5	0	0	0.4
33300	0.4	0.52	0.52	0	0	0.4
33400	0.4	0.52	0.52	0	0	0.4
33500	0.4	0.52	0.52	0	0	0.4
33600	0.4	0.52	0.52	0	0	0.4
33700	0.4	0.52	0.52	0	0	0.4
33800	0.4	0.52	0.52	0	0	0.4
33900	0.4	0.52	0.52	0	0	0.4
34000	0.4	0.52	0.52	0	0	0.4
34100	0.4	0.52	0.52	0	0	0.4
34200	0.4	0.52	0.52	0	0	0.4
34300	0.4	0.52	0.52	0	0	0.4
34400	0.4	0.52	0.52	0	0	0.4
34500	0.4	0.54	0.54	0	0	0.4
34600	0.4	0.54	0.54	0	0	0.4
34700	0.4	0.54	0.54	0	0	0.4
34800	0.4	0.54	0.54	0	0	0.4
34900	0.4	0.54	0.54	0	0	0.4
35000	0.4	0.54	0.54	0	0	0.4
35100	0.4	0.54	0.54	0	0	0.4
35200	0.4	0.54	0.54	0	0	0.4
35300	0.4	0.54	0.54	0	0	0.4
35400	0.4	0.54	0.54	0	0	0.4
35500	0.4	0.54	0.54	0	0	0.4
35600	0.4	0.54	0.54	0	0	0.4
35700	0.4	0.54	0.54	0	0	0.4
35800	0.4	0.54	0.54	0	0	0.4
35900	0.4	0.54	0.54	0	0	0.4
36000	0.4	0.54	0.54	0	0	0.4
36100	0.4	0.54	0.54	0	0	0.4
36200	0.4	0.54	0.54	0	0	0.4
36300	0.4	0.54	0.54	0	0	0.4
36400	0.38	0.54	0.54	0	0	0.38
36500	0.38	0.54	0.54	0	0	0.38
36600	0.38	0.54	0.54	0	0	0.38
36700	0.38	0.54	0.54	0	0	0.38
36800	0.38	0.54	0.54	0	0	0.38
36900	0.38	0.54	0.54	0	0	0.38
37000	0.38	0.54	0.54	0	0	0.38
37100	0.38	0.54	0.54	0	0	0.38
37200	0.38	0.54	0.54	0	0	0.38
37300	0.38	0.54	0.54	0	0	0.38
37400	0.38	0.54	0.54	0	0	0.38
37500	0.38	0.54	0.54	0	0	0.38
37600	0.38	0.54	0.54	0	0	0.38
37700	0.4	0.54	0.54	0	0	0.4
37800	0.4	0.54	0.54	0	0	0.4
37900	0.4	0.54	0.54	0	0	0.4
38000	0.4	0.54	0.54	0	0	0.4
38100	0.4	0.54	0.54	0	0	0.4
38200	0.4	0.54	0.54	0	0	0.4
38300	0.4	0.54	0.54	0	0	0.4
38400	0.4	0.54	0.54	0	0	0.4
38500	0.4	0.54	0.54	0	0	0.4
38600	0.4	0.54	0.54	0	0	0.4
38700	0.4	0.54	0.54	0	0	0.4
38800	0.4	0.54	0.54	0	0	0.4
38900	0.4	0.54	0.54	0	0	0.4
39000	0.4	0.56	0.56	0	0	0.4
39100	0.4	0.56	0.56	0	0	0.4
39200	0.4	0.56	0.56	0	0	0.4
39300	0.4	0.56	0.56	0	0	0.4
39400	0.4	0.56	0.56	0	0	0.4
39500	0.4	0.56	0.56	0	0	0.4
39600	0.4	0.56	0.56	0	0	0.4
39700	0.4	0.56	0.56	0	0	0.4
39800	0.4	0.56	0.56	0	0	0.4
39900	0.4	0.56	0.56	0	0	0.4
40000	0.4	0.56	0.56	0	0	0.4
40100	0.38	0.56	0.56	0	0	0.38
40200	0.38	0.56	0.56	0	0	0.38
40300	0.38	0.56	0.56	0	0	0.38
40400	0.38	0.56	0.56	0	0	0.38
40500	0.38	0.56	0.56	0	0	0.38
40600	0.38	0.56	0.56	0	0	0.38
40700	0.34	0.56	0.56	0	0	0.34
40800	0.34	0.56	0.56	0	0	0.34
40900	0.34	0.56	0.56	0	0	0.34
41000	0.34	0.56	0.56	0	0	0.34
41100	0.34	0.56	0.56	0	0	0.34
41200	0.34	0.56	0.56	0	0	0.34
41300	0.34	0.56	0.56	0	0	0.34
41400	0.34	0.56	0.56	0	0	0.34
41500	0.34	0.56	0.56	0	0	0.34
41600	0.34	0.56	0.56	0	0	0.34
41700	0.34	0.58	0.58	0	0	0.34
41800	0.34	0.58	0.58	0	0	0.34
41900	0.34	0.56	0.56	0	0	0.34
42000	0.34	0.56	0.56	0	0	0.34
42100	0.34	0.56	0.56	0	0	0.34
42200	0.34	0.56	0.56	0	0	0.34
42300	0.34	0.56	0.56	0	0	0.34
42400	0.34	0.54	0.54	0	0	0.34
42500	0.36	0.54	0.54	0	0	0.36
42600	0.36	0.54	0.54	0	0	0.36
42700	0.36	0.54	0.54	0	0	0.36
42800	0.36	0.54	0.54	0	0	0.36
42900	0.36	0.54	0.54	0	0	0.36
43000	0.36	0.54	0.54	0	0	0.36
43100	0.36	0.54	0.54	0	0	0.36
43200	0.36	0.54	0.54	0	0	0.36
43300	0.36	0.54	0.54	0	0	0.36
43400	0.36	0.54	0.54	0	0	0.36
43500	0.36	0.54	0.54	0	0	0.36
43600	0.36	0.54	0.54	0	0	0.36
43700	0.36	0.54	0.54	0	0	0.36
43800	0.36	0.54	0.54	0	0	0.36
43900	0.36	0.54	0.54	0	0	0.36
44000	0.38	0.54	0.54	0	0	0.38
44100	0.4	0.54	0.54	0	0	0.4
44200	0.4	0.54	0.54	0	0	0.4
44300	0.4	0.54	0.54	0	0	0.4
44400	0.4	0.54	0.54	0	0	0.4
44500	0.4	0.54	0.54	0	0	0.4
44600	0.4	0.54	0.54	0	0	0.4
44700	0.4	0.54	0.54	0	0	0.4
44800	0.4	0.54	0.54	0	0	0.4
44900	0.42	0.54	0.54	0	0	0.42
45000	0.42	0.54	0.54	0	0	0.42
45100	0.42	0.54	0.54	0	0	0.42
45200	0.42	0.54	0.54	0	0	0.42
45300	0.42	0.54	0.54	0	0	0.42
45400	0.42	0.54	0.54	0	0	0.42
45500	0.42	0.54	0.54	0	0	0.42
45600	0.42	0.52	0.52	0	0	0.42
45700	0.42	0.52	0.52	0	0	0.42
45800	0.42	0.52	0.52	0	0	0.42
45900	0.42	0.52	0.52	0	0	0.42
46000	0.42	0.52	0.52	0	0	0.42
46100	0.42	0.52	0.52	0	0	0.42
46200	0.42	0.52	0.52	0	0	0.42
46300	0.42	0.52	0.52	0	0	0.42
46400	0.42	0.52	0.52	0	0	0.42
46500	0.42	0.5	0.5	0	0	0.42
46600	0.42	0.5	0.5	0	0	0.42
46700	0.42	0.5	0.5	0	0	0.42
46800	0.42	0.5	0.5	0	0	0.42
46900	0.44	0.5	0.5	0	0	0.44
47000	0.44	0.5	0.5	0	0	0.44
47100	0.44	0.5	0.5	0	0	0.44
47200	0.44	0.5	0.5	0	0	0.44
47300	0.42	0.5	0.5	0	0	0.42
47400	0.42	0.5	0.5	0	0	0.42
47500	0.42	0.5	0.5	0	0	0.42
47600	0.42	0.5	0.5	0	0	0.42
47700	0.42	0.5	0.5	0	0	0.42
47800	0.42	0.5	0.5	0	0	0.42
47900	0.42	0.5	0.5	0	0	0.42
48000	0.42	0.5	0.5	0	0	0.42
48100	0.44	0.5	0.5	0	0	0.44
48200	0.44	0.5	0.5	0	0	0.44
48300	0.44	0.5	0.5	0	0	0.44
48400	0.44	0.5	0.5	0	0	0.44
48500	0.44	0.48	0.48	0	0	0.44
48600	0.44	0.48	0.48	0	0	0.44
48700	0.42	0.48	0.48	0	0	0.42
48800	0.42	0.48	0.48	0	0	0.42
48900	0.42	0.48	0.48	0	0	0.42
49000	0.42	0.48	0.48	0	0	0.42
49100	0.42	0.48	0.48	0	0	0.42
49200	0.42	0.48	0.48	0	0	0.42
49300	0.42	0.48	0.48	0	0	0.42
49400	0.42	0.48	0.48	0	0	0.42
49500	0.42	0.48	0.48	0	0	0.42
49600	0.44	0.48	0.48	0	0	0.44
49700	0.44	0.48	0.48	0	0	0.44
49800	0.44	0.48	0.48	0	0	0.44
49900	0.44	0.48	0.48	0	0	0.44
50000	0.44	0.48	0.48	0	0	0.44
50100	0.46	0.48	0.48	0	0	0.46
50200	0.46	0.48	0.48	0	0	0.46
50300	0.46	0.48	0.48	0	0	0.46
50400	0.46	0.48	0.48	0	0	0.46
50500	0.46	0.48	0.48	0	0	0.46
50600	0.46	0.48	0.48	0	0	0.46
50700	0.46	0.48	0.48	0	0	0.46
50800	0.46	0.48	0.48	0	0	0.46
50900	0.46	0.48	0.48	0	0	0.46
51000	0.46	0.48	0.48	0	0	0.46
51100	0.46	0.48	0.48	0	0	0.46
51200	0.46	0.48	0.48	0	0	0.46
51300	0.46	0.48	0.48	0	0	0.46
51400	0.46	0.48	0.48	0	0	0.46
51500	0.46	0.48	0.48	0	0	0.46
51600	0.46	0.48	0.48	0	0	0.46
51700	0.46	0.48	0.48	0	0	0.46
51800	0.46	0.48	0.48	0	0	0.46
51900	0.46	0.48	0.48	0	0	0.46
52000	0.48	0.48	0.48	0	0	0.48
52100	0.48	0.48	0.48	0	0	0.48
52200	0.48	0.48	0.48	0	0	0.48
52300	0.48	0.48	0.48	0	0	0.48
52400	0.48	0.48	0.48	0	0	0.48
52500	0.48	0.48	0.48	0	0	0.48
52600	0.48	0.48	0.48	0	0	0.48
52700	0.46	0.48	0.48	0	0	0.46
52800	0.46	0.48	0.48	0	0	0.46
52900	0.46	0.48	0.48	0	0	0.46
53000	0.48	0.48	0.48	0	0	0.48
53100	0.46	0.48	0.48	0	0	0.46
53200	0.46	0.48	0.48	0	0	0.46
53300	0.46	0.48	0.48	0	0	0.46
53400	0.46	0.48	0.48	0	0	0.46
53500	0.46	0.48	0.48	0	0	0.46
53600	0.46	0.5	0.5	0	0	0.46
53700	0.46	0.48	0.48	0	0	0.46
53800	0.46	0.48	0.48	0	0	0.46
53900	0.46	0.48	0.48	0	0	0.46
54000	0.46	0.48	0.48	0	0	0.46
54100	0.44	0.48	0.48	0	0	0.44
54200	0.44	0.48	0.48	0	0	0.44
54300	0.44	0.48	0.48	0	0	0.44
54400	0.44	0.48	0.48	0	0	0.44
54500	0.44	0.48	0.48	0	0	0.44
54600	0.44	0.48	0.48	0	0	0.44
54700	0.44	0.48	0.48	0	0	0.44
54800	0.44	0.48	0.48	0	0	0.44
54900	0.42	0.48	0.48	0	0	0.42
55000	0.42	0.48	0.48	0	0	0.42
55100	0.42	0.48	0.48	0	0	0.42
55200	0.42	0.48	0.48	0	0	0.42
55300	0.42	0.48	0.48	0	0	0.42
55400	0.42	0.48	0.48	0	0	0.42
55500	0.42	0.48	0.48	0	0	0.42
55600	0.42	0.46	0.46	0	0	0.42
55700	0.42	0.46	0.46	0	0	0.42
55800	0.42	0.46	0.46	0	0	0.42
55900	0.42	0.44	0.44	0	0	0.42
56000	0.42	0.44	0.44	0	0	0.42
56100	0.42	0.44	0.44	0	0	0.42
56200	0.42	0.44	0.44	0	0	0.42
56300	0.42	0.44	0.44	0	0	0.42
56400	0.42	0.44	0.44	0	0	0.42
56500	0.42	0.44	0.44	0	0	0.42
56600	0.42	0.46	0.46	0	0	0.42
56700	0.42	0.48	0.48	0	0	0.42
56800	0.42	0.48	0.48	0	0	0.42
56900	0.42	0.48	0.48	0	0	0.42
57000	0.42	0.46	0.46	0	0	0.42
57100	0.42	0.46	0.46	0	0	0.42
57200	0.42	0.46	0.46	0	0	0.42
57300	0.42	0.46	0.46	0	0	0.42
57400	0.4	0.46	0.46	0	0	0.4
57500	0.4	0.46	0.46	0	0	0.4
57600	0.4	0.46	0.46	0	0	0.4
57700	0.4	0.46	0.46	0	0	0.4
57800	0.4	0.46	0.46	0	0	0.4
57900	0.4	0.46	0.46	0	0	0.4
58000	0.4	0.46	0.46	0	0	0.4
58100	0.4	0.48	0.48	0	0	0.4
58200	0.4	0.48	0.48	0	0	0.4
58300	0.4	0.5	0.5	0	0	0.4
58400	0.4	0.5	0.5	0	0	0.4
58500	0.4	0.5	0.5	0	0	0.4
58600	0.4	0.5	0.5	0	0	0.4
58700	0.4	0.5	0.5	0	0	0.4
58800	0.4	0.5	0.5	0	0	0.4
58900	0.4	0.5	0.5	0	0	0.4
59000	0.4	0.5	0.5	0	0	0.4
59100	0.4	0.5	0.5	0	0	0.4
59200	0.4	0.5	0.5	0	0	0.4
59300	0.4	0.5	0.5	0	0	0.4
59400	0.4	0.5	0.5	0	0	0.4
59500	0.4	0.5	0.5	0	0	0.4
59600	0.4	0.5	0.5	0	0	0.4
59700	0.4	0.5	0.5	0	0	0.4
59800	0.4	0.52	0.52	0	0	0.4
59900	0.4	0.52	0.52	0	0	0.4
60000	0.4	0.52	0.52	0	0	0.4
60100	0.4	0.52	0.52	0	0	0.4
60200	0.4	0.52	0.52	0	0	0.4
60300	0.38	0.52	0.52	0	0	0.38
60400	0.38	0.52	0.52	0	0	0.38
60500	0.38	0.52	0.52	0	0	0.38
60600	0.38	0.52	0.52	0	0	0.38
60700	0.38	0.52	0.52	0	0	0.38
60800	0.38	0.52	0.52	0	0	0.38
60900	0.38	0.5	0.5	0	0	0.38
61000	0.38	0.5	0.5	0	0	0.38
61100	0.4	0.5	0.5	0	0	0.4
61200	0.4	0.5	0.5	0	0	0.4
61300	0.4	0.5	0.5	0	0	0.4
61400	0.4	0.5	0.5	0	0	0.4
61500	0.4	0.5	0.5	0	0	0.4
61600	0.4	0.5	0.5	0	0	0.4
61700	0.4	0.5	0.5	0	0	0.4
61800	0.4	0.5	0.5	0	0	0.4
61900	0.4	0.5	0.5	0	0	0.4
62000	0.4	0.5	0.5	0	0	0.4
62100	0.4	0.5	0.5	0	0	0.4
62200	0.4	0.5	0.5	0	0	0.4
62300	0.4	0.5	0.5	0	0	0.4
62400	0.4	0.5	0.5	0	0	0.4
62500	0.4	0.5	0.5	0	0	0.4
62600	0.4	0.5	0.5	0	0	0.4
62700	0.4	0.5	0.5	0	0	0.4
62800	0.4	0.5	0.5	0	0	0.4
62900	0.4	0.5	0.5	0	0	0.4
63000	0.4	0.52	0.52	0	0	0.4
63100	0.4	0.5	0.5	0	0	0.4
63200	0.4	0.48	0.48	0	0	0.4
63300	0.4	0.48	0.48	0	0	0.4
63400	0.4	0.5	0.5	0	0	0.4
63500	0.4	0.5	0.5	0	0	0.4
63600	0.4	0.5	0.5	0	0	0.4
63700	0.4	0.5	0.5	0	0	0.4
63800	0.4	0.5	0.5	0	0	0.4
63900	0.4	0.52	0.52	0	0	0.4
64000	0.4	0.5	0.5	0	0	0.4
64100	0.4	0.5	0.5	0	0	0.4
64200	0.4	0.5	0.5	0	0	0.4
64300	0.4	0.5	0.5	0	0	0.4
64400	0.4	0.5	0.5	0	0	0.4
64500	0.4	0.5	0.5	0	0	0.4
64600	0.4	0.5	0.5	0	0	0.4
64700	0.4	0.5	0.5	0	0	0.4
64800	0.4	0.5	0.5	0	0	0.4
64900	0.4	0.5	0.5	0	0	0.4
65000	0.4	0.5	0.5	0	0	0.4
65100	0.4	0.5	0.5	0	0	0.4
65200	0.4	0.5	0.5	0	0	0.4
65300	0.4	0.5	0.5	0	0	0.4
65400	0.4	0.48	0.48	0	0	0.4
65500	0.4	0.48	0.48	0	0	0.4
65600	0.4	0.48	0.48	0	0	0.4
65700	0.4	0.48	0.48	0	0	0.4
65800	0.4	0.48	0.48	0	0	0.4
65900	0.4	0.48	0.48	0	0	0.4
66000	0.4	0.48	0.48	0	0	0.4
66100	0.4	0.48	0.48	0	0	0.4
66200	0.4	0.48	0.48	0	0	0.4
66300	0.4	0.48	0.48	0	0	0.4
66400	0.4	0.48	0.48	0	0	0.4
66500	0.4	0.48	0.48	0	0	0.4
66600	0.4	0.48	0.48	0	0	0.4
66700	0.4	0.48	0.48	0	0	0.4
66800	0.4	0.46	0.46	0	0	0.4
66900	0.4	0.46	0.46	0	0	0.4
67000	0.4	0.46	0.46	0	0	0.4
67100	0.4	0.46	0.46	0	0	0.4
67200	0.4	0.46	0.46	0	0	0.4
67300	0.4	0.46	0.46	0	0	0.4
67400	0.4	0.46	0.46	0	0	0.4
67500	0.4	0.46	0.46	0	0	0.4
67600	0.4	0.46	0.46	0	0	0.4
67700	0.4	0.46	0.46	0	0	0.4
67800	0.4	0.46	0.46	0	0	0.4
67900	0.4	0.48	0.48	0	0	0.4
68000	0.4	0.48	0.48	0	0	0.4
68100	0.4	0.48	0.48	0	0	0.4
68200	0.4	0.48	0.48	0	0	0.4
68300	0.4	0.46	0.46	0	0	0.4
68400	0.4	0.46	0.46	0	0	0.4
68500	0.4	0.46	0.46	0	0	0.4
68600	0.4	0.46	0.46	0	0	0.4
68700	0.4	0.46	0.46	0	0	0.4
68800	0.4	0.46	0.46	0	0	0.4
68900	0.4	0.46	0.46	0	0	0.4
69000	0.4	0.46	0.46	0	0	0.4
69100	0.4	0.46	0.46	0	0	0.4
69200	0.4	0.46	0.46	0	0	0.4
69300	0.4	0.46	0.46	0	0	0.4
69400	0.42	0.46	0.46	0	0	0.42
69500	0.42	0.48	0.48	0	0	0.42
69600	0.42	0.5	0.5	0	0	0.42
69700	0.42	0.48	0.48	0	0	0.42
69800	0.42	0.48	0.48	0	0	0.42
69900	0.42	0.48	0.48	0	0	0.42
70000	0.42	0.48	0.48	0	0	0.42
70100	0.42	0.48	0.48	0	0	0.42
70200	0.42	0.48	0.48	0	0	0.42
70300	0.42	0.48	0.48	0	0	0.42
70400	0.42	0.48	0.48	0	0	0.42
70500	0.42	0.5	0.5	0	0	0.42
70600	0.42	0.5	0.5	0	0	0.42
70700	0.42	0.5	0.5	0	0	0.42
70800	0.42	0.5	0.5	0	0	0.42
70900	0.42	0.5	0.5	0	0	0.42
71000	0.42	0.5	0.5	0	0	0.42
71100	0.42	0.5	0.5	0	0	0.42
71200	0.42	0.5	0.5	0	0	0.42
71300	0.42	0.5	0.5	0	0	0.42
71400	0.42	0.5	0.5	0	0	0.42
71500	0.42	0.5	0.5	0	0	0.42
71600	0.42	0.5	0.5	0	0	0.42
71700	0.42	0.5	0.5	0	0	0.42
71800	0.42	0.5	0.5	0	0	0.42
71900	0.42	0.5	0.5	0	0	0.42
72000	0.42	0.5	0.5	0	0	0.42
72100	0.42	0.5	0.5	0	0	0.42
72200	0.42	0.5	0.5	0	0	0.42
72300	0.42	0.5	0.5	0	0	0.42
72400	0.42	0.5	0.5	0	0	0.42
72500	0.42	0.5	0.5	0	0	0.42
72600	0.42	0.5	0.5	0	0	0.42
72700	0.42	0.5	0.5	0	0	0.42
72800	0.42	0.52	0.52	0	0	0.42
72900	0.42	0.52	0.52	0	0	0.42
73000	0.44	0.52	0.52	0	0	0.44
73100	0.42	0.52	0.52	0	0	0.42
73200	0.42	0.52	0.52	0	0	0.42
73300	0.42	0.52	0.52	0	0	0.42
73400	0.42	0.52	0.52	0	0	0.42
73500	0.42	0.52	0.52	0	0	0.42
73600	0.42	0.5	0.5	0	0	0.42
73700	0.42	0.5	0.5	0	0	0.42
73800	0.42	0.5	0.5	0	0	0.42
73900	0.42	0.5	0.5	0	0	0.42
74000	0.42	0.5	0.5	0	0	0.42
74100	0.42	0.5	0.5	0	0	0.42
74200	0.42	0.5	0.5	0	0	0.42
74300	0.42	0.5	0.5	0	0	0.42
74400	0.42	0.5	0.5	0	0	0.42
74500	0.42	0.48	0.48	0	0	0.42
74600	0.42	0.48	0.48	0	0	0.42
74700	0.44	0.46	0.46	0	0	0.44
74800	0.44	0.48	0.48	0	0	0.44
74900	0.44	0.48	0.48	0	0	0.44
75000	0.44	0.48	0.48	0	0	0.44
75100	0.44	0.48	0.48	0	0	0.44
75200	0.44	0.48	0.48	0	0	0.44
75300	0.44	0.48	0.48	0	0	0.44
75400	0.44	0.48	0.48	0	0	0.44
75500	0.44	0.48	0.48	0	0	0.44
75600	0.44	0.48	0.48	0	0	0.44
75700	0.44	0.48	0.48	0	0	0.44
75800	0.44	0.48	0.48	0	0	0.44
75900	0.42	0.48	0.48	0	0	0.42
76000	0.42	0.48	0.48	0	0	0.42
76100	0.42	0.48	0.48	0	0	0.42
76200	0.42	0.48	0.48	0	0	0.42
76300	0.42	0.48	0.48	0	0	0.42
76400	0.42	0.46	0.46	0	0	0.42
76500	0.42	0.46	0.46	0	0	0.42
76600	0.42	0.46	0.46	0	0	0.42
76700	0.42	0.46	0.46	0	0	0.42
76800	0.42	0.46	0.46	0	0	0.42
76900	0.42	0.46	0.46	0	0	0.42
77000	0.42	0.46	0.46	0	0	0.42
77100	0.42	0.48	0.48	0	0	0.42
77200	0.4	0.5	0.5	0	0	0.4
77300	0.4	0.52	0.52	0	0	0.4
77400	0.4	0.54	0.54	0	0	0.4
77500	0.4	0.54	0.54	0	0	0.4
77600	0.4	0.54	0.54	0	0	0.4
77700	0.4	0.54	0.54	0	0	0.4
77800	0.4	0.52	0.52	0	0	0.4
77900	0.4	0.52	0.52	0	0	0.4
78000	0.38	0.52	0.52	0	0	0.38
78100	0.38	0.52	0.52	0	0	0.38
78200	0.38	0.52	0.52	0	0	0.38
78300	0.38	0.52	0.52	0	0	0.38
78400	0.38	0.52	0.52	0	0	0.38
78500	0.38	0.52	0.52	0	0	0.38
78600	0.38	0.52	0.52	0	0	0.38
78700	0.38	0.52	0.52	0	0	0.38
78800	0.38	0.52	0.52	0	0	0.38
78900	0.38	0.52	0.52	0	0	0.38
79000	0.38	0.52	0.52	0	0	0.38
79100	0.4	0.52	0.52	0	0	0.4
79200	0.4	0.52	0.52	0	0	0.4
79300	0.4	0.52	0.52	0	0	0.4
79400	0.4	0.52	0.52	0	0	0.4
79500	0.4	0.52	0.52	0	0	0.4
79600	0.4	0.5	0.5	0	0	0.4
79700	0.4	0.5	0.5	0	0	0.4
79800	0.4	0.5	0.5	0	0	0.4
79900	0.4	0.5	0.5	0	0	0.4
80000	0.4	0.5	0.5	0	0	0.4
80100	0.4	0.5	0.5	0	0	0.4
80200	0.4	0.5	0.5	0	0	0.4
80300	0.4	0.5	0.5	0	0	0.4
80400	0.4	0.5	0.5	0	0	0.4
80500	0.4	0.5	0.5	0	0	0.4
80600	0.4	0.5	0.5	0	0	0.4
80700	0.4	0.5	0.5	0	0	0.4
80800	0.4	0.5	0.5	0	0	0.4
80900	0.4	0.5	0.5	0	0	0.4
81000	0.42	0.5	0.5	0	0	0.42
81100	0.42	0.5	0.5	0	0	0.42
81200	0.42	0.5	0.5	0	0	0.42
81300	0.42	0.52	0.52	0	0	0.42
81400	0.42	0.52	0.52	0	0	0.42
81500	0.42	0.54	0.54	0	0	0.42
81600	0.42	0.54	0.54	0	0	0.42
81700	0.42	0.54	0.54	0	0	0.42
81800	0.42	0.54	0.54	0	0	0.42
81900	0.42	0.54	0.54	0	0	0.42
82000	0.42	0.54	0.54	0	0	0.42
82100	0.42	0.54	0.54	0	0	0.42
82200	0.42	0.54	0.54	0	0	0.42
82300	0.42	0.54	0.54	0	0	0.42
82400	0.42	0.54	0.54	0	0	0.42
82500	0.42	0.54	0.54	0	0	0.42
82600	0.42	0.54	0.54	0	0	0.42
82700	0.42	0.54	0.54	0	0	0.42
82800	0.42	0.54	0.54	0	0	0.42
82900	0.42	0.54	0.54	0	0	0.42
83000	0.42	0.54	0.54	0	0	0.42
83100	0.42	0.54	0.54	0	0	0.42
83200	0.42	0.54	0.54	0	0	0.42
83300	0.42	0.54	0.54	0	0	0.42
83400	0.44	0.54	0.54	0	0	0.44
83500	0.44	0.52	0.52	0	0	0.44
83600	0.44	0.52	0.52	0	0	0.44
83700	0.44	0.52	0.52	0	0	0.44
83800	0.44	0.52	0.52	0	0	0.44
83900	0.44	0.52	0.52	0	0	0.44
84000	0.44	0.52	0.52	0	0	0.44
84100	0.44	0.52	0.52	0	0	0.44
84200	0.44	0.52	0.52	0	0	0.44
84300	0.44	0.5	0.5	0	0	0.44
84400	0.44	0.5	0.5	0	0	0.44
84500	0.44	0.5	0.5	0	0	0.44
84600	0.44	0.5	0.5	0	0	0.44
84700	0.44	0.5	0.5	0	0	0.44
84800	0.44	0.5	0.5	0	0	0.44
84900	0.44	0.5	0.5	0	0	0.44
85000	0.44	0.5	0.5	0	0	0.44
85100	0.44	0.5	0.5	0	0	0.44
85200	0.44	0.5	0.5	0	0	0.44
85300	0.44	0.5	0.5	0	0	0.44
85400	0.44	0.5	0.5	0	0	0.44
85500	0.44	0.5	0.5	0	0	0.44
85600	0.46	0.5	0.5	0	0	0.46
85700	0.46	0.5	0.5	0	0	0.46
85800	0.46	0.5	0.5	0	0	0.46
85900	0.44	0.5	0.5	0	0	0.44
86000	0.44	0.5	0.5	0	0	0.44
86100	0.44	0.48	0.48	0	0	0.44
86200	0.44	0.48	0.48	0	0	0.44
86300	0.44	0.48	0.48	0	0	0.44
86400	0.44	0.48	0.48	0	0	0.44
86500	0.44	0.48	0.48	0	0	0.44
86600	0.44	0.48	0.48	0	0	0.44
86700	0.44	0.48	0.48	0	0	0.44
86800	0.44	0.48	0.48	0	0	0.44
86900	0.44	0.48	0.48	0	0	0.44
87000	0.44	0.48	0.48	0	0	0.44
87100	0.44	0.48	0.48	0	0	0.44
87200	0.44	0.48	0.48	0	0	0.44
87300	0.44	0.48	0.48	0	0	0.44
87400	0.44	0.48	0.48	0	0	0.44
87500	0.46	0.48	0.48	0	0	0.46
87600	0.46	0.48	0.48	0	0	0.46
87700	0.44	0.48	0.48	0	0	0.44
87800	0.44	0.48	0.48	0	0	0.44
87900	0.44	0.48	0.48	0	0	0.44
88000	0.44	0.48	0.48	0	0	0.44
88100	0.44	0.48	0.48	0	0	0.44
88200	0.44	0.5	0.5	0	0	0.44
88300	0.44	0.52	0.52	0	0	0.44
88400	0.44	0.52	0.52	0	0	0.44
88500	0.44	0.52	0.52	0	0	0.44
88600	0.44	0.52	0.52	0	0	0.44
88700	0.44	0.52	0.52	0	0	0.44
88800	0.44	0.52	0.52	0	0	0.44
88900	0.44	0.52	0.52	0	0	0.44
89000	0.44	0.52	0.52	0	0	0.44
89100	0.44	0.52	0.52	0	0	0.44
89200	0.44	0.52	0.52	0	0	0.44
89300	0.44	0.52	0.52	0	0	0.44
89400	0.44	0.52	0.52	0	0	0.44
89500	0.44	0.52	0.52	0	0	0.44
89600	0.44	0.5	0.5	0	0	0.44
89700	0.44	0.5	0.5	0	0	0.44
89800	0.44	0.5	0.5	0	0	0.44
89900	0.44	0.5	0.5	0	0	0.44
90000	0.44	0.5	0.5	0	0	0.44
90100	0.44	0.5	0.5	0	0	0.44
90200	0.44	0.5	0.5	0	0	0.44
90300	0.44	0.5	0.5	0	0	0.44
90400	0.44	0.5	0.5	0	0	0.44
90500	0.44	0.5	0.5	0	0	0.44
90600	0.44	0.5	0.5	0	0	0.44
90700	0.44	0.5	0.5	0	0	0.44
90800	0.44	0.5	0.5	0	0	0.44
90900	0.44	0.5	0.5	0	0	0.44
91000	0.44	0.5	0.5	0	0	0.44
91100	0.44	0.5	0.5	0	0	0.44
91200	0.44	0.5	0.5	0	0	0.44
91300	0.44	0.5	0.5	0	0	0.44
91400	0.44	0.5	0.5	0	0	0.44
91500	0.44	0.5	0.5	0	0	0.44
91600	0.44	0.5	0.5	0	0	0.44
91700	0.44	0.5	0.5	0	0	0.44
91800	0.44	0.52	0.52	0	0	0.44
91900	0.44	0.52	0.52	0	0	0.44
92000	0.44	0.52	0.52	0	0	0.44
92100	0.44	0.52	0.52	0	0	0.44
92200	0.44	0.52	0.52	0	0	0.44
92300	0.44	0.52	0.52	0	0	0.44
92400	0.44	0.52	0.52	0	0	0.44
92500	0.44	0.52	0.52	0	0	0.44
92600	0.44	0.52	0.52	0	0	0.44
92700	0.44	0.52	0.52	0	0	0.44
92800	0.44	0.52	0.52	0	0	0.44
92900	0.44	0.52	0.52	0	0	0.44
93000	0.44	0.52	0.52	0	0	0.44
93100	0.44	0.52	0.52	0	0	0.44
93200	0.44	0.52	0.52	0	0	0.44
93300	0.44	0.52	0.52	0	0	0.44
93400	0.44	0.52	0.52	0	0	0.44
93500	0.44	0.52	0.52	0	0	0.44
93600	0.44	0.52	0.52	0	0	0.44
93700	0.44	0.52	0.52	0	0	0.44
93800	0.44	0.52	0.52	0	0	0.44
93900	0.44	0.52	0.52	0	0	0.44
94000	0.44	0.52	0.52	0	0	0.44
94100	0.44	0.52	0.52	0	0	0.44
94200	0.44	0.52	0.52	0	0	0.44
94300	0.44	0.52	0.52	0	0	0.44
94400	0.44	0.52	0.52	0	0	0.44
94500	0.44	0.52	0.52	0	0	0.44
94600	0.44	0.52	0.52	0	0	0.44
94700	0.44	0.52	0.52	0	0	0.44
94800	0.44	0.52	0.52	0	0	0.44
94900	0.44	0.52	0.52	0	0	0.44
95000	0.44	0.52	0.52	0	0	0.44
95100	0.44	0.52	0.52	0	0	0.44
95200	0.44	0.52	0.52	0	0	0.44
95300	0.44	0.52	0.52	0	0	0.44
95400	0.44	0.52	0.52	0	0	0.44
95500	0.44	0.52	0.52	0	0	0.44
95600	0.44	0.52	0.52	0	0	0.44
95700	0.44	0.52	0.52	0	0	0.44
95800	0.42	0.52	0.52	0	0	0.42
95900	0.42	0.52	0.52	0	0	0.42
96000	0.42	0.52	0.52	0	0	0.42
96100	0.42	0.52	0.52	0	0	0.42
96200	0.42	0.54	0.54	0	0	0.42
96300	0.42	0.54	0.54	0	0	0.42
96400	0.42	0.54	0.54	0	0	0.42
96500	0.42	0.54	0.54	0	0	0.42
96600	0.42	0.54	0.54	0	0	0.42
96700	0.42	0.54	0.54	0	0	0.42
96800	0.42	0.54	0.54	0	0	0.42
96900	0.42	0.54	0.54	0	0	0.42
97000	0.42	0.54	0.54	0	0	0.42
97100	0.42	0.54	0.54	0	0	0.42
97200	0.42	0.54	0.54	0	0	0.42
97300	0.42	0.54	0.54	0	0	0.42
97400	0.42	0.54	0.54	0	0	0.42
97500	0.42	0.54	0.54	0	0	0.42
97600	0.42	0.54	0.54	0	0	0.42
97700	0.42	0.54	0.54	0	0	0.42
97800	0.42	0.54	0.54	0	0	0.42
97900	0.42	0.54	0.54	0	0	0.42
98000	0.42	0.54	0.54	0	0	0.42
98100	0.42	0.54	0.54	0	0	0.42
98200	0.42	0.54	0.54	0	0	0.42
98300	0.42	0.54	0.54	0	0	0.42
98400	0.42	0.54	0.54	0	0	0.42
98500	0.42	0.54	0.54	0	0	0.42
98600	0.42	0.54	0.54	0	0	0.42
98700	0.42	0.54	0.54	0	0	0.42
98800	0.42	0.54	0.54	0	0	0.42
98900	0.42	0.54	0.54	0	0	0.42
99000	0.42	0.54	0.54	0	0	0.42
99100	0.4	0.54	0.54	0	0	0.4
99200	0.4	0.54	0.54	0	0	0.4
99300	0.4	0.54	0.54	0	0	0.4
99400	0.4	0.54	0.54	0	0	0.4
99500	0.4	0.54	0.54	0	0	0.4
99600	0.4	0.54	0.54	0	0	0.4
99700	0.4	0.54	0.54	0	0	0.4
99800	0.4	0.54	0.54	0	0	0.4
99900	0.42	0.54	0.54	0	0	0.42
100000	0.42	0.54	0.54	0	0	0.42
