100	0.06	0.12	0.12	0	0	0.06
200	0.06	0.12	0.12	0	0	0.06
300	0.08	0.14	0.14	0	0	0.08
400	0.08	0.14	0.14	0	0	0.08
500	0.08	0.14	0.14	0	0	0.08
600	0.08	0.14	0.14	0	0	0.08
700	0.14	0.14	0.14	0	0	0.14
800	0.16	0.14	0.14	0	0	0.16
900	0.16	0.14	0.14	0	0	0.16
1000	0.16	0.14	0.14	0	0	0.16
1100	0.16	0.18	0.18	0	0	0.16
1200	0.16	0.2	0.2	0	0	0.16
1300	0.18	0.22	0.22	0	0	0.18
1400	0.18	0.22	0.22	0	0	0.18
1500	0.18	0.22	0.22	0	0	0.18
1600	0.2	0.24	0.24	0	0	0.2
1700	0.22	0.26	0.26	0	0	0.22
1800	0.2	0.28	0.28	0	0	0.2
1900	0.2	0.3	0.3	0	0	0.2
2000	0.2	0.32	0.32	0	0	0.2
2100	0.22	0.32	0.32	0	0	0.22
2200	0.22	0.34	0.34	0	0	0.22
2300	0.24	0.36	0.36	0	0	0.24
2400	0.24	0.34	0.34	0	0	0.24
2500	0.24	0.36	0.36	0	0	0.24
2600	0.24	0.36	0.36	0	0	0.24
2700	0.24	0.36	0.36	0	0	0.24
2800	0.24	0.36	0.36	0	0	0.24
2900	0.24	0.38	0.38	0	0	0.24
3000	0.24	0.42	0.42	0	0	0.24
3100	0.24	0.44	0.44	0	0	0.24
3200	0.24	0.44	0.44	0	0	0.24
3300	0.24	0.44	0.44	0	0	0.24
3400	0.24	0.46	0.46	0	0	0.24
3500	0.24	0.46	0.46	0	0	0.24
3600	0.26	0.46	0.46	0	0	0.26
3700	0.26	0.46	0.46	0	0	0.26
3800	0.26	0.44	0.44	0	0	0.26
3900	0.24	0.44	0.44	0	0	0.24
4000	0.24	0.44	0.44	0	0	0.24
4100	0.24	0.46	0.46	0	0	0.24
4200	0.24	0.46	0.46	0	0	0.24
4300	0.26	0.46	0.46	0	0	0.26
4400	0.26	0.44	0.44	0	0	0.26
4500	0.26	0.44	0.44	0	0	0.26
4600	0.26	0.44	0.44	0	0	0.26
4700	0.26	0.44	0.44	0	0	0.26
4800	0.26	0.44	0.44	0	0	0.26
4900	0.26	0.44	0.44	0	0	0.26
5000	0.26	0.44	0.44	0	0	0.26
5100	0.28	0.46	0.46	0	0	0.28
5200	0.3	0.46	0.46	0	0	0.3
5300	0.28	0.46	0.46	0	0	0.28
5400	0.3	0.46	0.46	0	0	0.3
5500	0.3	0.46	0.46	0	0	0.3
5600	0.3	0.46	0.46	0	0	0.3
5700	0.28	0.46	0.46	0	0	0.28
5800	0.28	0.44	0.44	0	0	0.28
5900	0.28	0.44	0.44	0	0	0.28
6000	0.28	0.44	0.44	0	0	0.28
6100	0.28	0.44	0.44	0	0	0.28
6200	0.28	0.44	0.44	0	0	0.28
6300	0.28	0.46	0.46	0	0	0.28
6400	0.28	0.46	0.46	0	0	0.28
6500	0.28	0.44	0.44	0	0	0.28
6600	0.28	0.44	0.44	0	0	0.28
6700	0.3	0.44	0.44	0	0	0.3
6800	0.32	0.44	0.44	0	0	0.32
6900	0.34	0.44	0.44	0	0	0.34
7000	0.34	0.44	0.44	0	0	0.34
7100	0.34	0.42	0.42	0	0	0.34
7200	0.34	0.42	0.42	0	0	0.34
7300	0.36	0.42	0.42	0	0	0.36
7400	0.36	0.42	0.42	0	0	0.36
7500	0.36	0.44	0.44	0	0	0.36
7600	0.36	0.44	0.44	0	0	0.36
7700	0.36	0.44	0.44	0	0	0.36
7800	0.36	0.46	0.46	0	0	0.36
7900	0.36	0.46	0.46	0	0	0.36
8000	0.36	0.46	0.46	0	0	0.36
8100	0.36	0.46	0.46	0	0	0.36
8200	0.36	0.46	0.46	0	0	0.36
8300	0.36	0.46	0.46	0	0	0.36
8400	0.36	0.46	0.46	0	0	0.36
8500	0.36	0.46	0.46	0	0	0.36
8600	0.36	0.46	0.46	0	0	0.36
8700	0.36	0.46	0.46	0	0	0.36
8800	0.36	0.46	0.46	0	0	0.36
8900	0.36	0.46	0.46	0	0	0.36
9000	0.36	0.46	0.46	0	0	0.36
9100	0.36	0.46	0.46	0	0	0.36
9200	0.36	0.44	0.44	0	0	0.36
9300	0.36	0.44	0.44	0	0	0.36
9400	0.36	0.42	0.42	0	0	0.36
9500	0.36	0.42	0.42	0	0	0.36
9600	0.36	0.46	0.46	0	0	0.36
9700	0.36	0.46	0.46	0	0	0.36
9800	0.36	0.46	0.46	0	0	0.36
9900	0.36	0.48	0.48	0	0	0.36
10000	0.36	0.48	0.48	0	0	0.36
10100	0.36	0.46	0.46	0	0	0.36
10200	0.38	0.46	0.46	0	0	0.38
10300	0.38	0.48	0.48	0	0	0.38
10400	0.38	0.48	0.48	0	0	0.38
10500	0.38	0.48	0.48	0	0	0.38
10600	0.38	0.48	0.48	0	0	0.38
10700	0.38	0.48	0.48	0	0	0.38
10800	0.38	0.48	0.48	0	0	0.38
10900	0.38	0.48	0.48	0	0	0.38
11000	0.38	0.48	0.48	0	0	0.38
11100	0.38	0.48	0.48	0	0	0.38
11200	0.36	0.48	0.48	0	0	0.36
11300	0.36	0.46	0.46	0	0	0.36
11400	0.36	0.46	0.46	0	0	0.36
11500	0.36	0.46	0.46	0	0	0.36
11600	0.36	0.46	0.46	0	0	0.36
11700	0.36	0.46	0.46	0	0	0.36
11800	0.36	0.46	0.46	0	0	0.36
11900	0.36	0.46	0.46	0	0	0.36
12000	0.36	0.46	0.46	0	0	0.36
12100	0.36	0.44	0.44	0	0	0.36
12200	0.36	0.44	0.44	0	0	0.36
12300	0.36	0.44	0.44	0	0	0.36
12400	0.36	0.44	0.44	0	0	0.36
12500	0.36	0.44	0.44	0	0	0.36
12600	0.36	0.44	0.44	0	0	0.36
12700	0.36	0.44	0.44	0	0	0.36
12800	0.36	0.44	0.44	0	0	0.36
12900	0.36	0.44	0.44	0	0	0.36
13000	0.38	0.42	0.42	0	0	0.38
13100	0.4	0.42	0.42	0	0	0.4
13200	0.4	0.42	0.42	0	0	0.4
13300	0.4	0.42	0.42	0	0	0.4
13400	0.4	0.42	0.42	0	0	0.4
13500	0.38	0.42	0.42	0	0	0.38
13600	0.38	0.44	0.44	0	0	0.38
13700	0.36	0.44	0.44	0	0	0.36
13800	0.36	0.44	0.44	0	0	0.36
13900	0.36	0.44	0.44	0	0	0.36
14000	0.36	0.44	0.44	0	0	0.36
14100	0.36	0.44	0.44	0	0	0.36
14200	0.36	0.44	0.44	0	0	0.36
14300	0.36	0.44	0.44	0	0	0.36
14400	0.34	0.44	0.44	0	0	0.34
14500	0.34	0.44	0.44	0	0	0.34
14600	0.34	0.44	0.44	0	0	0.34
14700	0.34	0.44	0.44	0	0	0.34
14800	0.34	0.44	0.44	0	0	0.34
14900	0.34	0.42	0.42	0	0	0.34
15000	0.34	0.44	0.44	0	0	0.34
15100	0.36	0.44	0.44	0	0	0.36
15200	0.36	0.44	0.44	0	0	0.36
15300	0.36	0.44	0.44	0	0	0.36
15400	0.38	0.44	0.44	0	0	0.38
15500	0.38	0.44	0.44	0	0	0.38
15600	0.38	0.44	0.44	0	0	0.38
15700	0.38	0.46	0.46	0	0	0.38
15800	0.38	0.46	0.46	0	0	0.38
15900	0.38	0.46	0.46	0	0	0.38
16000	0.38	0.46	0.46	0	0	0.38
16100	0.38	0.48	0.48	0	0	0.38
16200	0.38	0.48	0.48	0	0	0.38
16300	0.36	0.46	0.46	0	0	0.36
16400	0.36	0.46	0.46	0	0	0.36
16500	0.36	0.46	0.46	0	0	0.36
16600	0.36	0.46	0.46	0	0	0.36
16700	0.36	0.46	0.46	0	0	0.36
16800	0.36	0.46	0.46	0	0	0.36
16900	0.36	0.46	0.46	0	0	0.36
17000	0.36	0.46	0.46	0	0	0.36
17100	0.36	0.46	0.46	0	0	0.36
17200	0.36	0.46	0.46	0	0	0.36
17300	0.36	0.46	0.46	0	0	0.36
17400	0.36	0.46	0.46	0	0	0.36
17500	0.36	0.46	0.46	0	0	0.36
17600	0.36	0.46	0.46	0	0	0.36
17700	0.36	0.46	0.46	0	0	0.36
17800	0.36	0.46	0.46	0	0	0.36
17900	0.36	0.46	0.46	0	0	0.36
18000	0.38	0.46	0.46	0	0	0.38
18100	0.38	0.46	0.46	0	0	0.38
18200	0.38	0.46	0.46	0	0	0.38
18300	0.38	0.46	0.46	0	0	0.38
18400	0.38	0.46	0.46	0	0	0.38
18500	0.38	0.46	0.46	0	0	0.38
18600	0.38	0.46	0.46	0	0	0.38
18700	0.38	0.46	0.46	0	0	0.38
18800	0.38	0.46	0.46	0	0	0.38
18900	0.38	0.46	0.46	0	0	0.38
19000	0.38	0.46	0.46	0	0	0.38
19100	0.38	0.46	0.46	0	0	0.38
19200	0.38	0.46	0.46	0	0	0.38
19300	0.38	0.46	0.46	0	0	0.38
19400	0.38	0.46	0.46	0	0	0.38
19500	0.38	0.46	0.46	0	0	0.38
19600	0.38	0.46	0.46	0	0	0.38
19700	0.38	0.46	0.46	0	0	0.38
19800	0.38	0.48	0.48	0	0	0.38
19900	0.38	0.48	0.48	0	0	0.38
20000	0.38	0.48	0.48	0	0	0.38
20100	0.38	0.48	0.48	0	0	0.38
20200	0.38	0.48	0.48	0	0	0.38
20300	0.38	0.48	0.48	0	0	0.38
20400	0.38	0.5	0.5	0	0	0.38
20500	0.38	0.48	0.48	0	0	0.38
20600	0.38	0.46	0.46	0	0	0.38
20700	0.38	0.46	0.46	0	0	0.38
20800	0.4	0.46	0.46	0	0	0.4
20900	0.4	0.46	0.46	0	0	0.4
21000	0.4	0.46	0.46	0	0	0.4
21100	0.4	0.46	0.46	0	0	0.4
21200	0.42	0.46	0.46	0	0	0.42
21300	0.42	0.46	0.46	0	0	0.42
21400	0.44	0.46	0.46	0	0	0.44
21500	0.42	0.46	0.46	0	0	0.42
21600	0.42	0.46	0.46	0	0	0.42
21700	0.42	0.46	0.46	0	0	0.42
21800	0.42	0.46	0.46	0	0	0.42
21900	0.42	0.46	0.46	0	0	0.42
22000	0.42	0.46	0.46	0	0	0.42
22100	0.42	0.46	0.46	0	0	0.42
22200	0.42	0.46	0.46	0	0	0.42
22300	0.42	0.46	0.46	0	0	0.42
22400	0.42	0.46	0.46	0	0	0.42
22500	0.42	0.46	0.46	0	0	0.42
22600	0.42	0.46	0.46	0	0	0.42
22700	0.42	0.46	0.46	0	0	0.42
22800	0.44	0.46	0.46	0	0	0.44
22900	0.44	0.46	0.46	0	0	0.44
23000	0.44	0.46	0.46	0	0	0.44
23100	0.44	0.46	0.46	0	0	0.44
23200	0.44	0.46	0.46	0	0	0.44
23300	0.44	0.46	0.46	0	0	0.44
23400	0.44	0.48	0.48	0	0	0.44
23500	0.44	0.48	0.48	0	0	0.44
23600	0.44	0.5	0.5	0	0	0.44
23700	0.44	0.5	0.5	0	0	0.44
23800	0.44	0.5	0.5	0	0	0.44
23900	0.44	0.5	0.5	0	0	0.44
24000	0.44	0.5	0.5	0	0	0.44
24100	0.44	0.5	0.5	0	0	0.44
24200	0.44	0.5	0.5	0	0	0.44
24300	0.44	0.5	0.5	0	0	0.44
24400	0.44	0.5	0.5	0	0	0.44
24500	0.44	0.5	0.5	0	0	0.44
24600	0.44	0.5	0.5	0	0	0.44
24700	0.44	0.5	0.5	0	0	0.44
24800	0.44	0.5	0.5	0	0	0.44
24900	0.44	0.5	0.5	0	0	0.44
25000	0.44	0.48	0.48	0	0	0.44
25100	0.44	0.46	0.46	0	0	0.44
25200	0.44	0.46	0.46	0	0	0.44
25300	0.44	0.46	0.46	0	0	0.44
25400	0.44	0.46	0.46	0	0	0.44
25500	0.44	0.46	0.46	0	0	0.44
25600	0.44	0.46	0.46	0	0	0.44
25700	0.44	0.46	0.46	0	0	0.44
25800	0.44	0.46	0.46	0	0	0.44
25900	0.44	0.46	0.46	0	0	0.44
26000	0.44	0.46	0.46	0	0	0.44
26100	0.44	0.46	0.46	0	0	0.44
26200	0.44	0.46	0.46	0	0	0.44
26300	0.44	0.46	0.46	0	0	0.44
26400	0.44	0.46	0.46	0	0	0.44
26500	0.44	0.46	0.46	0	0	0.44
26600	0.44	0.46	0.46	0	0	0.44
26700	0.44	0.48	0.48	0	0	0.44
26800	0.44	0.48	0.48	0	0	0.44
26900	0.44	0.48	0.48	0	0	0.44
27000	0.44	0.48	0.48	0	0	0.44
27100	0.44	0.48	0.48	0	0	0.44
27200	0.44	0.48	0.48	0	0	0.44
27300	0.44	0.48	0.48	0	0	0.44
27400	0.44	0.48	0.48	0	0	0.44
27500	0.44	0.48	0.48	0	0	0.44
27600	0.44	0.48	0.48	0	0	0.44
27700	0.44	0.48	0.48	0	0	0.44
27800	0.44	0.48	0.48	0	0	0.44
27900	0.44	0.48	0.48	0	0	0.44
28000	0.44	0.48	0.48	0	0	0.44
28100	0.44	0.48	0.48	0	0	0.44
28200	0.44	0.48	0.48	0	0	0.44
28300	0.44	0.48	0.48	0	0	0.44
28400	0.44	0.48	0.48	0	0	0.44
28500	0.44	0.48	0.48	0	0	0.44
28600	0.44	0.48	0.48	0	0	0.44
28700	0.44	0.48	0.48	0	0	0.44
28800	0.46	0.48	0.48	0	0	0.46
28900	0.46	0.48	0.48	0	0	0.46
29000	0.46	0.48	0.48	0	0	0.46
29100	0.46	0.48	0.48	0	0	0.46
29200	0.46	0.48	0.48	0	0	0.46
29300	0.46	0.48	0.48	0	0	0.46
29400	0.46	0.48	0.48	0	0	0.46
29500	0.46	0.48	0.48	0	0	0.46
29600	0.46	0.48	0.48	0	0	0.46
29700	0.46	0.48	0.48	0	0	0.46
29800	0.46	0.46	0.46	0	0	0.46
29900	0.46	0.46	0.46	0	0	0.46
30000	0.46	0.46	0.46	0	0	0.46
30100	0.46	0.46	0.46	0	0	0.46
30200	0.46	0.46	0.46	0	0	0.46
30300	0.46	0.46	0.46	0	0	0.46
30400	0.46	0.46	0.46	0	0	0.46
30500	0.46	0.46	0.46	0	0	0.46
30600	0.46	0.46	0.46	0	0	0.46
30700	0.46	0.46	0.46	0	0	0.46
30800	0.46	0.48	0.48	0	0	0.46
30900	0.46	0.46	0.46	0	0	0.46
31000	0.46	0.46	0.46	0	0	0.46
31100	0.46	0.46	0.46	0	0	0.46
31200	0.46	0.46	0.46	0	0	0.46
31300	0.46	0.46	0.46	0	0	0.46
31400	0.46	0.46	0.46	0	0	0.46
31500	0.46	0.46	0.46	0	0	0.46
31600	0.46	0.46	0.46	0	0	0.46
31700	0.44	0.46	0.46	0	0	0.44
31800	0.44	0.46	0.46	0	0	0.44
31900	0.44	0.46	0.46	0	0	0.44
32000	0.44	0.46	0.46	0	0	0.44
32100	0.44	0.46	0.46	0	0	0.44
32200	0.44	0.46	0.46	0	0	0.44
32300	0.44	0.44	0.44	0	0	0.44
32400	0.44	0.44	0.44	0	0	0.44
32500	0.44	0.44	0.44	0	0	0.44
32600	0.44	0.44	0.44	0	0	0.44
32700	0.44	0.44	0.44	0	0	0.44
32800	0.44	0.44	0.44	0	0	0.44
32900	0.46	0.44	0.44	0	0	0.46
33000	0.46	0.42	0.42	0	0	0.46
33100	0.46	0.44	0.44	0	0	0.46
33200	0.46	0.44	0.44	0	0	0.46
33300	0.46	0.44	0.44	0	0	0.46
33400	0.46	0.42	0.42	0	0	0.46
33500	0.46	0.42	0.42	0	0	0.46
33600	0.46	0.42	0.42	0	0	0.46
33700	0.46	0.42	0.42	0	0	0.46
33800	0.46	0.42	0.42	0	0	0.46
33900	0.46	0.42	0.42	0	0	0.46
34000	0.46	0.42	0.42	0	0	0.46
34100	0.46	0.42	0.42	0	0	0.46
34200	0.46	0.42	0.42	0	0	0.46
34300	0.46	0.42	0.42	0	0	0.46
34400	0.46	0.42	0.42	0	0	0.46
34500	0.46	0.42	0.42	0	0	0.46
34600	0.46	0.44	0.44	0	0	0.46
34700	0.46	0.44	0.44	0	0	0.46
34800	0.46	0.44	0.44	0	0	0.46
34900	0.46	0.44	0.44	0	0	0.46
35000	0.46	0.44	0.44	0	0	0.46
35100	0.46	0.44	0.44	0	0	0.46
35200	0.46	0.44	0.44	0	0	0.46
35300	0.46	0.44	0.44	0	0	0.46
35400	0.44	0.44	0.44	0	0	0.44
35500	0.44	0.44	0.44	0	0	0.44
35600	0.44	0.44	0.44	0	0	0.44
35700	0.44	0.44	0.44	0	0	0.44
35800	0.44	0.44	0.44	0	0	0.44
35900	0.44	0.42	0.42	0	0	0.44
36000	0.44	0.42	0.42	0	0	0.44
36100	0.44	0.42	0.42	0	0	0.44
36200	0.44	0.42	0.42	0	0	0.44
36300	0.44	0.42	0.42	0	0	0.44
36400	0.44	0.42	0.42	0	0	0.44
36500	0.44	0.42	0.42	0	0	0.44
36600	0.44	0.44	0.44	0	0	0.44
36700	0.44	0.44	0.44	0	0	0.44
36800	0.44	0.44	0.44	0	0	0.44
36900	0.44	0.44	0.44	0	0	0.44
37000	0.44	0.44	0.44	0	0	0.44
37100	0.44	0.44	0.44	0	0	0.44
37200	0.44	0.44	0.44	0	0	0.44
37300	0.44	0.44	0.44	0	0	0.44
37400	0.46	0.46	0.46	0	0	0.46
37500	0.46	0.46	0.46	0	0	0.46
37600	0.46	0.46	0.46	0	0	0.46
37700	0.48	0.46	0.46	0	0	0.48
37800	0.48	0.46	0.46	0	0	0.48
37900	0.48	0.46	0.46	0	0	0.48
38000	0.48	0.46	0.46	0	0	0.48
38100	0.48	0.46	0.46	0	0	0.48
38200	0.48	0.46	0.46	0	0	0.48
38300	0.48	0.46	0.46	0	0	0.48
38400	0.48	0.46	0.46	0	0	0.48
38500	0.48	0.46	0.46	0	0	0.48
38600	0.48	0.46	0.46	0	0	0.48
38700	0.48	0.48	0.48	0	0	0.48
38800	0.48	0.48	0.48	0	0	0.48
38900	0.48	0.48	0.48	0	0	0.48
39000	0.48	0.48	0.48	0	0	0.48
39100	0.48	0.48	0.48	0	0	0.48
39200	0.48	0.48	0.48	0	0	0.48
39300	0.48	0.48	0.48	0	0	0.48
39400	0.48	0.48	0.48	0	0	0.48
39500	0.48	0.5	0.5	0	0	0.48
39600	0.48	0.5	0.5	0	0	0.48
39700	0.48	0.5	0.5	0	0	0.48
39800	0.48	0.5	0.5	0	0	0.48
39900	0.48	0.5	0.5	0	0	0.48
40000	0.48	0.5	0.5	0	0	0.48
40100	0.48	0.5	0.5	0	0	0.48
40200	0.48	0.5	0.5	0	0	0.48
40300	0.48	0.5	0.5	0	0	0.48
40400	0.48	0.5	0.5	0	0	0.48
40500	0.48	0.5	0.5	0	0	0.48
40600	0.48	0.48	0.48	0	0	0.48
40700	0.48	0.46	0.46	0	0	0.48
40800	0.48	0.46	0.46	0	0	0.48
40900	0.48	0.46	0.46	0	0	0.48
41000	0.48	0.46	0.46	0	0	0.48
41100	0.48	0.44	0.44	0	0	0.48
41200	0.48	0.44	0.44	0	0	0.48
41300	0.48	0.44	0.44	0	0	0.48
41400	0.48	0.44	0.44	0	0	0.48
41500	0.48	0.44	0.44	0	0	0.48
41600	0.48	0.44	0.44	0	0	0.48
41700	0.48	0.44	0.44	0	0	0.48
41800	0.48	0.44	0.44	0	0	0.48
41900	0.48	0.44	0.44	0	0	0.48
42000	0.46	0.44	0.44	0	0	0.46
42100	0.44	0.44	0.44	0	0	0.44
42200	0.44	0.44	0.44	0	0	0.44
42300	0.44	0.44	0.44	0	0	0.44
42400	0.44	0.44	0.44	0	0	0.44
42500	0.44	0.46	0.46	0	0	0.44
42600	0.44	0.46	0.46	0	0	0.44
42700	0.44	0.46	0.46	0	0	0.44
42800	0.44	0.46	0.46	0	0	0.44
42900	0.46	0.46	0.46	0	0	0.46
43000	0.46	0.46	0.46	0	0	0.46
43100	0.44	0.46	0.46	0	0	0.44
43200	0.42	0.46	0.46	0	0	0.42
43300	0.42	0.46	0.46	0	0	0.42
43400	0.42	0.46	0.46	0	0	0.42
43500	0.42	0.46	0.46	0	0	0.42
43600	0.42	0.46	0.46	0	0	0.42
43700	0.42	0.46	0.46	0	0	0.42
43800	0.42	0.46	0.46	0	0	0.42
43900	0.42	0.46	0.46	0	0	0.42
44000	0.42	0.46	0.46	0	0	0.42
44100	0.44	0.46	0.46	0	0	0.44
44200	0.44	0.46	0.46	0	0	0.44
44300	0.44	0.46	0.46	0	0	0.44
44400	0.44	0.46	0.46	0	0	0.44
44500	0.44	0.46	0.46	0	0	0.44
44600	0.44	0.46	0.46	0	0	0.44
44700	0.44	0.46	0.46	0	0	0.44
44800	0.44	0.46	0.46	0	0	0.44
44900	0.44	0.46	0.46	0	0	0.44
45000	0.44	0.46	0.46	0	0	0.44
45100	0.44	0.46	0.46	0	0	0.44
45200	0.44	0.48	0.48	0	0	0.44
45300	0.44	0.48	0.48	0	0	0.44
45400	0.44	0.48	0.48	0	0	0.44
45500	0.44	0.48	0.48	0	0	0.44
45600	0.44	0.48	0.48	0	0	0.44
45700	0.44	0.48	0.48	0	0	0.44
45800	0.44	0.48	0.48	0	0	0.44
45900	0.44	0.48	0.48	0	0	0.44
46000	0.44	0.48	0.48	0	0	0.44
46100	0.44	0.48	0.48	0	0	0.44
46200	0.44	0.48	0.48	0	0	0.44
46300	0.44	0.48	0.48	0	0	0.44
46400	0.44	0.48	0.48	0	0	0.44
46500	0.44	0.48	0.48	0	0	0.44
46600	0.44	0.48	0.48	0	0	0.44
46700	0.44	0.48	0.48	0	0	0.44
46800	0.44	0.48	0.48	0	0	0.44
46900	0.44	0.48	0.48	0	0	0.44
47000	0.44	0.48	0.48	0	0	0.44
47100	0.44	0.48	0.48	0	0	0.44
47200	0.44	0.48	0.48	0	0	0.44
47300	0.44	0.48	0.48	0	0	0.44
47400	0.44	0.48	0.48	0	0	0.44
47500	0.44	0.48	0.48	0	0	0.44
47600	0.44	0.48	0.48	0	0	0.44
47700	0.44	0.48	0.48	0	0	0.44
47800	0.44	0.48	0.48	0	0	0.44
47900	0.44	0.48	0.48	0	0	0.44
48000	0.42	0.48	0.48	0	0	0.42
48100	0.42	0.48	0.48	0	0	0.42
48200	0.42	0.48	0.48	0	0	0.42
48300	0.42	0.46	0.46	0	0	0.42
48400	0.42	0.46	0.46	0	0	0.42
48500	0.4	0.46	0.46	0	0	0.4
48600	0.4	0.46	0.46	0	0	0.4
48700	0.4	0.46	0.46	0	0	0.4
48800	0.4	0.46	0.46	0	0	0.4
48900	0.4	0.46	0.46	0	0	0.4
49000	0.4	0.46	0.46	0	0	0.4
49100	0.4	0.46	0.46	0	0	0.4
49200	0.4	0.46	0.46	0	0	0.4
49300	0.42	0.46	0.46	0	0	0.42
49400	0.4	0.46	0.46	0	0	0.4
49500	0.4	0.46	0.46	0	0	0.4
49600	0.4	0.46	0.46	0	0	0.4
49700	0.4	0.46	0.46	0	0	0.4
49800	0.4	0.46	0.46	0	0	0.4
49900	0.42	0.46	0.46	0	0	0.42
50000	0.42	0.46	0.46	0	0	0.42
50100	0.44	0.46	0.46	0	0	0.44
50200	0.44	0.46	0.46	0	0	0.44
50300	0.44	0.46	0.46	0	0	0.44
50400	0.44	0.46	0.46	0	0	0.44
50500	0.44	0.46	0.46	0	0	0.44
50600	0.44	0.46	0.46	0	0	0.44
50700	0.44	0.48	0.48	0	0	0.44
50800	0.44	0.48	0.48	0	0	0.44
50900	0.44	0.48	0.48	0	0	0.44
51000	0.46	0.48	0.48	0	0	0.46
51100	0.46	0.48	0.48	0	0	0.46
51200	0.46	0.48	0.48	0	0	0.46
51300	0.46	0.48	0.48	0	0	0.46
51400	0.46	0.48	0.48	0	0	0.46
51500	0.46	0.48	0.48	0	0	0.46
51600	0.46	0.48	0.48	0	0	0.46
51700	0.46	0.48	0.48	0	0	0.46
51800	0.46	0.48	0.48	0	0	0.46
51900	0.46	0.48	0.48	0	0	0.46
52000	0.46	0.48	0.48	0	0	0.46
52100	0.46	0.48	0.48	0	0	0.46
52200	0.46	0.48	0.48	0	0	0.46
52300	0.46	0.48	0.48	0	0	0.46
52400	0.46	0.5	0.5	0	0	0.46
52500	0.46	0.5	0.5	0	0	0.46
52600	0.46	0.5	0.5	0	0	0.46
52700	0.46	0.5	0.5	0	0	0.46
52800	0.46	0.5	0.5	0	0	0.46
52900	0.46	0.5	0.5	0	0	0.46
53000	0.46	0.5	0.5	0	0	0.46
53100	0.46	0.5	0.5	0	0	0.46
53200	0.46	0.5	0.5	0	0	0.46
53300	0.46	0.5	0.5	0	0	0.46
53400	0.46	0.5	0.5	0	0	0.46
53500	0.46	0.5	0.5	0	0	0.46
53600	0.46	0.5	0.5	0	0	0.46
53700	0.46	0.5	0.5	0	0	0.46
53800	0.46	0.5	0.5	0	0	0.46
53900	0.46	0.5	0.5	0	0	0.46
54000	0.46	0.5	0.5	0	0	0.46
54100	0.46	0.5	0.5	0	0	0.46
54200	0.46	0.5	0.5	0	0	0.46
54300	0.46	0.5	0.5	0	0	0.46
54400	0.46	0.5	0.5	0	0	0.46
54500	0.46	0.5	0.5	0	0	0.46
54600	0.46	0.5	0.5	0	0	0.46
54700	0.46	0.5	0.5	0	0	0.46
54800	0.46	0.5	0.5	0	0	0.46
54900	0.46	0.5	0.5	0	0	0.46
55000	0.46	0.5	0.5	0	0	0.46
55100	0.46	0.5	0.5	0	0	0.46
55200	0.46	0.5	0.5	0	0	0.46
55300	0.46	0.5	0.5	0	0	0.46
55400	0.46	0.5	0.5	0	0	0.46
55500	0.46	0.5	0.5	0	0	0.46
55600	0.46	0.5	0.5	0	0	0.46
55700	0.46	0.5	0.5	0	0	0.46
55800	0.46	0.5	0.5	0	0	0.46
55900	0.46	0.5	0.5	0	0	0.46
56000	0.46	0.5	0.5	0	0	0.46
56100	0.46	0.5	0.5	0	0	0.46
56200	0.46	0.5	0.5	0	0	0.46
56300	0.46	0.5	0.5	0	0	0.46
56400	0.46	0.5	0.5	0	0	0.46
56500	0.46	0.5	0.5	0	0	0.46
56600	0.46	0.5	0.5	0	0	0.46
56700	0.46	0.5	0.5	0	0	0.46
56800	0.46	0.5	0.5	0	0	0.46
56900	0.46	0.5	0.5	0	0	0.46
57000	0.44	0.5	0.5	0	0	0.44
57100	0.44	0.5	0.5	0	0	0.44
57200	0.44	0.5	0.5	0	0	0.44
57300	0.44	0.5	0.5	0	0	0.44
57400	0.44	0.5	0.5	0	0	0.44
57500	0.44	0.5	0.5	0	0	0.44
57600	0.44	0.5	0.5	0	0	0.44
57700	0.44	0.5	0.5	0	0	0.44
57800	0.44	0.5	0.5	0	0	0.44
57900	0.44	0.5	0.5	0	0	0.44
58000	0.44	0.5	0.5	0	0	0.44
58100	0.44	0.48	0.48	0	0	0.44
58200	0.44	0.48	0.48	0	0	0.44
58300	0.44	0.48	0.48	0	0	0.44
58400	0.44	0.48	0.48	0	0	0.44
58500	0.44	0.48	0.48	0	0	0.44
58600	0.44	0.48	0.48	0	0	0.44
58700	0.44	0.5	0.5	0	0	0.44
58800	0.44	0.5	0.5	0	0	0.44
58900	0.44	0.5	0.5	0	0	0.44
59000	0.44	0.5	0.5	0	0	0.44
59100	0.44	0.5	0.5	0	0	0.44
59200	0.44	0.5	0.5	0	0	0.44
59300	0.44	0.5	0.5	0	0	0.44
59400	0.44	0.5	0.5	0	0	0.44
59500	0.44	0.5	0.5	0	0	0.44
59600	0.44	0.5	0.5	0	0	0.44
59700	0.44	0.5	0.5	0	0	0.44
59800	0.44	0.5	0.5	0	0	0.44
59900	0.42	0.5	0.5	0	0	0.42
60000	0.42	0.48	0.48	0	0	0.42
60100	0.42	0.48	0.48	0	0	0.42
60200	0.42	0.48	0.48	0	0	0.42
60300	0.42	0.48	0.48	0	0	0.42
60400	0.42	0.48	0.48	0	0	0.42
60500	0.42	0.48	0.48	0	0	0.42
60600	0.42	0.48	0.48	0	0	0.42
60700	0.42	0.48	0.48	0	0	0.42
60800	0.42	0.48	0.48	0	0	0.42
60900	0.42	0.48	0.48	0	0	0.42
61000	0.42	0.48	0.48	0	0	0.42
61100	0.42	0.48	0.48	0	0	0.42
61200	0.42	0.48	0.48	0	0	0.42
61300	0.42	0.48	0.48	0	0	0.42
61400	0.42	0.48	0.48	0	0	0.42
61500	0.42	0.48	0.48	0	0	0.42
61600	0.42	0.48	0.48	0	0	0.42
61700	0.42	0.48	0.48	0	0	0.42
61800	0.42	0.48	0.48	0	0	0.42
61900	0.42	0.48	0.48	0	0	0.42
62000	0.42	0.48	0.48	0	0	0.42
62100	0.42	0.48	0.48	0	0	0.42
62200	0.42	0.48	0.48	0	0	0.42
62300	0.42	0.48	0.48	0	0	0.42
62400	0.42	0.48	0.48	0	0	0.42
62500	0.42	0.48	0.48	0	0	0.42
62600	0.42	0.48	0.48	0	0	0.42
62700	0.42	0.48	0.48	0	0	0.42
62800	0.4	0.48	0.48	0	0	0.4
62900	0.4	0.48	0.48	0	0	0.4
63000	0.4	0.46	0.46	0	0	0.4
63100	0.4	0.46	0.46	0	0	0.4
63200	0.4	0.46	0.46	0	0	0.4
63300	0.4	0.46	0.46	0	0	0.4
63400	0.4	0.46	0.46	0	0	0.4
63500	0.4	0.46	0.46	0	0	0.4
63600	0.4	0.46	0.46	0	0	0.4
63700	0.4	0.48	0.48	0	0	0.4
63800	0.4	0.48	0.48	0	0	0.4
63900	0.4	0.48	0.48	0	0	0.4
64000	0.4	0.48	0.48	0	0	0.4
64100	0.4	0.48	0.48	0	0	0.4
64200	0.4	0.46	0.46	0	0	0.4
64300	0.4	0.46	0.46	0	0	0.4
64400	0.4	0.46	0.46	0	0	0.4
64500	0.4	0.46	0.46	0	0	0.4
64600	0.4	0.46	0.46	0	0	0.4
64700	0.4	0.46	0.46	0	0	0.4
64800	0.4	0.46	0.46	0	0	0.4
64900	0.4	0.46	0.46	0	0	0.4
65000	0.42	0.46	0.46	0	0	0.42
65100	0.4	0.46	0.46	0	0	0.4
65200	0.4	0.46	0.46	0	0	0.4
65300	0.4	0.46	0.46	0	0	0.4
65400	0.4	0.46	0.46	0	0	0.4
65500	0.4	0.46	0.46	0	0	0.4
65600	0.42	0.46	0.46	0	0	0.42
65700	0.42	0.46	0.46	0	0	0.42
65800	0.42	0.46	0.46	0	0	0.42
65900	0.42	0.46	0.46	0	0	0.42
66000	0.44	0.48	0.48	0	0	0.44
66100	0.44	0.48	0.48	0	0	0.44
66200	0.44	0.48	0.48	0	0	0.44
66300	0.44	0.48	0.48	0	0	0.44
66400	0.44	0.5	0.5	0	0	0.44
66500	0.44	0.48	0.48	0	0	0.44
66600	0.44	0.48	0.48	0	0	0.44
66700	0.44	0.48	0.48	0	0	0.44
66800	0.44	0.48	0.48	0	0	0.44
66900	0.44	0.48	0.48	0	0	0.44
67000	0.44	0.48	0.48	0	0	0.44
67100	0.44	0.48	0.48	0	0	0.44
67200	0.44	0.48	0.48	0	0	0.44
67300	0.44	0.48	0.48	0	0	0.44
67400	0.44	0.48	0.48	0	0	0.44
67500	0.44	0.48	0.48	0	0	0.44
67600	0.44	0.48	0.48	0	0	0.44
67700	0.44	0.48	0.48	0	0	0.44
67800	0.44	0.48	0.48	0	0	0.44
67900	0.44	0.48	0.48	0	0	0.44
68000	0.44	0.48	0.48	0	0	0.44
68100	0.44	0.48	0.48	0	0	0.44
68200	0.44	0.48	0.48	0	0	0.44
68300	0.44	0.48	0.48	0	0	0.44
68400	0.44	0.46	0.46	0	0	0.44
68500	0.44	0.46	0.46	0	0	0.44
68600	0.44	0.46	0.46	0	0	0.44
68700	0.44	0.46	0.46	0	0	0.44
68800	0.44	0.46	0.46	0	0	0.44
68900	0.44	0.46	0.46	0	0	0.44
69000	0.44	0.46	0.46	0	0	0.44
69100	0.44	0.46	0.46	0	0	0.44
69200	0.44	0.46	0.46	0	0	0.44
69300	0.44	0.46	0.46	0	0	0.44
69400	0.44	0.44	0.44	0	0	0.44
69500	0.44	0.44	0.44	0	0	0.44
69600	0.44	0.46	0.46	0	0	0.44
69700	0.44	0.46	0.46	0	0	0.44
69800	0.42	0.46	0.46	0	0	0.42
69900	0.42	0.46	0.46	0	0	0.42
70000	0.42	0.46	0.46	0	0	0.42
70100	0.42	0.46	0.46	0	0	0.42
70200	0.42	0.46	0.46	0	0	0.42
70300	0.42	0.46	0.46	0	0	0.42
70400	0.42	0.46	0.46	0	0	0.42
70500	0.4	0.46	0.46	0	0	0.4
70600	0.4	0.46	0.46	0	0	0.4
70700	0.4	0.46	0.46	0	0	0.4
70800	0.42	0.46	0.46	0	0	0.42
70900	0.42	0.46	0.46	0	0	0.42
71000	0.42	0.46	0.46	0	0	0.42
71100	0.42	0.48	0.48	0	0	0.42
71200	0.42	0.48	0.48	0	0	0.42
71300	0.4	0.48	0.48	0	0	0.4
71400	0.4	0.48	0.48	0	0	0.4
71500	0.4	0.48	0.48	0	0	0.4
71600	0.4	0.48	0.48	0	0	0.4
71700	0.4	0.48	0.48	0	0	0.4
71800	0.4	0.5	0.5	0	0	0.4
71900	0.4	0.5	0.5	0	0	0.4
72000	0.4	0.5	0.5	0	0	0.4
72100	0.4	0.5	0.5	0	0	0.4
72200	0.4	0.5	0.5	0	0	0.4
72300	0.4	0.5	0.5	0	0	0.4
72400	0.4	0.5	0.5	0	0	0.4
72500	0.4	0.5	0.5	0	0	0.4
72600	0.4	0.48	0.48	0	0	0.4
72700	0.4	0.48	0.48	0	0	0.4
72800	0.4	0.48	0.48	0	0	0.4
72900	0.42	0.48	0.48	0	0	0.42
73000	0.42	0.48	0.48	0	0	0.42
73100	0.42	0.48	0.48	0	0	0.42
73200	0.42	0.48	0.48	0	0	0.42
73300	0.42	0.48	0.48	0	0	0.42
73400	0.42	0.48	0.48	0	0	0.42
73500	0.42	0.5	0.5	0	0	0.42
73600	0.42	0.5	0.5	0	0	0.42
73700	0.42	0.5	0.5	0	0	0.42
73800	0.42	0.5	0.5	0	0	0.42
73900	0.42	0.5	0.5	0	0	0.42
74000	0.42	0.5	0.5	0	0	0.42
74100	0.42	0.5	0.5	0	0	0.42
74200	0.42	0.48	0.48	0	0	0.42
74300	0.42	0.48	0.48	0	0	0.42
74400	0.42	0.48	0.48	0	0	0.42
74500	0.42	0.48	0.48	0	0	0.42
74600	0.44	0.48	0.48	0	0	0.44
74700	0.44	0.46	0.46	0	0	0.44
74800	0.44	0.46	0.46	0	0	0.44
74900	0.44	0.46	0.46	0	0	0.44
75000	0.44	0.46	0.46	0	0	0.44
75100	0.44	0.46	0.46	0	0	0.44
75200	0.44	0.46	0.46	0	0	0.44
75300	0.44	0.46	0.46	0	0	0.44
75400	0.44	0.48	0.48	0	0	0.44
75500	0.44	0.48	0.48	0	0	0.44
75600	0.44	0.48	0.48	0	0	0.44
75700	0.44	0.48	0.48	0	0	0.44
75800	0.44	0.48	0.48	0	0	0.44
75900	0.44	0.48	0.48	0	0	0.44
76000	0.44	0.48	0.48	0	0	0.44
76100	0.44	0.48	0.48	0	0	0.44
76200	0.44	0.48	0.48	0	0	0.44
76300	0.44	0.5	0.5	0	0	0.44
76400	0.44	0.5	0.5	0	0	0.44
76500	0.44	0.5	0.5	0	0	0.44
76600	0.44	0.5	0.5	0	0	0.44
76700	0.44	0.5	0.5	0	0	0.44
76800	0.44	0.5	0.5	0	0	0.44
76900	0.44	0.5	0.5	0	0	0.44
77000	0.44	0.5	0.5	0	0	0.44
77100	0.44	0.5	0.5	0	0	0.44
77200	0.44	0.5	0.5	0	0	0.44
77300	0.44	0.5	0.5	0	0	0.44
77400	0.44	0.5	0.5	0	0	0.44
77500	0.44	0.5	0.5	0	0	0.44
77600	0.44	0.5	0.5	0	0	0.44
77700	0.44	0.5	0.5	0	0	0.44
77800	0.44	0.5	0.5	0	0	0.44
77900	0.44	0.5	0.5	0	0	0.44
78000	0.44	0.5	0.5	0	0	0.44
78100	0.44	0.5	0.5	0	0	0.44
78200	0.44	0.5	0.5	0	0	0.44
78300	0.44	0.5	0.5	0	0	0.44
78400	0.44	0.5	0.5	0	0	0.44
78500	0.44	0.5	0.5	0	0	0.44
78600	0.44	0.5	0.5	0	0	0.44
78700	0.44	0.5	0.5	0	0	0.44
78800	0.44	0.5	0.5	0	0	0.44
78900	0.44	0.5	0.5	0	0	0.44
79000	0.44	0.5	0.5	0	0	0.44
79100	0.44	0.48	0.48	0	0	0.44
79200	0.44	0.48	0.48	0	0	0.44
79300	0.44	0.48	0.48	0	0	0.44
79400	0.44	0.48	0.48	0	0	0.44
79500	0.44	0.48	0.48	0	0	0.44
79600	0.44	0.48	0.48	0	0	0.44
79700	0.44	0.48	0.48	0	0	0.44
79800	0.44	0.48	0.48	0	0	0.44
79900	0.44	0.48	0.48	0	0	0.44
80000	0.44	0.48	0.48	0	0	0.44
80100	0.44	0.48	0.48	0	0	0.44
80200	0.44	0.48	0.48	0	0	0.44
80300	0.44	0.48	0.48	0	0	0.44
80400	0.44	0.48	0.48	0	0	0.44
80500	0.44	0.48	0.48	0	0	0.44
80600	0.44	0.48	0.48	0	0	0.44
80700	0.44	0.48	0.48	0	0	0.44
80800	0.44	0.48	0.48	0	0	0.44
80900	0.44	0.48	0.48	0	0	0.44
81000	0.44	0.48	0.48	0	0	0.44
81100	0.44	0.48	0.48	0	0	0.44
81200	0.44	0.48	0.48	0	0	0.44
81300	0.44	0.48	0.48	0	0	0.44
81400	0.44	0.48	0.48	0	0	0.44
81500	0.44	0.48	0.48	0	0	0.44
81600	0.44	0.48	0.48	0	0	0.44
81700	0.44	0.48	0.48	0	0	0.44
81800	0.44	0.5	0.5	0	0	0.44
81900	0.44	0.5	0.5	0	0	0.44
82000	0.44	0.5	0.5	0	0	0.44
82100	0.44	0.5	0.5	0	0	0.44
82200	0.44	0.5	0.5	0	0	0.44
82300	0.44	0.5	0.5	0	0	0.44
82400	0.44	0.5	0.5	0	0	0.44
82500	0.44	0.5	0.5	0	0	0.44
82600	0.44	0.5	0.5	0	0	0.44
82700	0.44	0.5	0.5	0	0	0.44
82800	0.44	0.5	0.5	0	0	0.44
82900	0.44	0.5	0.5	0	0	0.44
83000	0.44	0.5	0.5	0	0	0.44
83100	0.44	0.5	0.5	0	0	0.44
83200	0.44	0.5	0.5	0	0	0.44
83300	0.44	0.5	0.5	0	0	0.44
83400	0.44	0.5	0.5	0	0	0.44
83500	0.44	0.5	0.5	0	0	0.44
83600	0.44	0.5	0.5	0	0	0.44
83700	0.44	0.5	0.5	0	0	0.44
83800	0.44	0.5	0.5	0	0	0.44
83900	0.44	0.5	0.5	0	0	0.44
84000	0.44	0.5	0.5	0	0	0.44
84100	0.44	0.5	0.5	0	0	0.44
84200	0.44	0.5	0.5	0	0	0.44
84300	0.44	0.5	0.5	0	0	0.44
84400	0.44	0.5	0.5	0	0	0.44
84500	0.44	0.5	0.5	0	0	0.44
84600	0.44	0.5	0.5	0	0	0.44
84700	0.44	0.5	0.5	0	0	0.44
84800	0.44	0.5	0.5	0	0	0.44
84900	0.44	0.5	0.5	0	0	0.44
85000	0.44	0.5	0.5	0	0	0.44
85100	0.44	0.5	0.5	0	0	0.44
85200	0.44	0.5	0.5	0	0	0.44
85300	0.44	0.5	0.5	0	0	0.44
85400	0.44	0.5	0.5	0	0	0.44
85500	0.44	0.5	0.5	0	0	0.44
85600	0.44	0.5	0.5	0	0	0.44
85700	0.44	0.5	0.5	0	0	0.44
85800	0.44	0.5	0.5	0	0	0.44
85900	0.44	0.5	0.5	0	0	0.44
86000	0.44	0.5	0.5	0	0	0.44
86100	0.44	0.5	0.5	0	0	0.44
86200	0.44	0.5	0.5	0	0	0.44
86300	0.44	0.5	0.5	0	0	0.44
86400	0.44	0.5	0.5	0	0	0.44
86500	0.44	0.5	0.5	0	0	0.44
86600	0.44	0.5	0.5	0	0	0.44
86700	0.44	0.5	0.5	0	0	0.44
86800	0.44	0.5	0.5	0	0	0.44
86900	0.44	0.5	0.5	0	0	0.44
87000	0.44	0.5	0.5	0	0	0.44
87100	0.44	0.5	0.5	0	0	0.44
87200	0.44	0.5	0.5	0	0	0.44
87300	0.44	0.5	0.5	0	0	0.44
87400	0.44	0.5	0.5	0	0	0.44
87500	0.44	0.5	0.5	0	0	0.44
87600	0.44	0.5	0.5	0	0	0.44
87700	0.44	0.5	0.5	0	0	0.44
87800	0.44	0.5	0.5	0	0	0.44
87900	0.44	0.5	0.5	0	0	0.44
88000	0.46	0.5	0.5	0	0	0.46
88100	0.46	0.5	0.5	0	0	0.46
88200	0.46	0.5	0.5	0	0	0.46
88300	0.44	0.5	0.5	0	0	0.44
88400	0.44	0.5	0.5	0	0	0.44
88500	0.44	0.5	0.5	0	0	0.44
88600	0.44	0.5	0.5	0	0	0.44
88700	0.44	0.5	0.5	0	0	0.44
88800	0.44	0.5	0.5	0	0	0.44
88900	0.44	0.5	0.5	0	0	0.44
89000	0.44	0.5	0.5	0	0	0.44
89100	0.44	0.5	0.5	0	0	0.44
89200	0.44	0.5	0.5	0	0	0.44
89300	0.44	0.5	0.5	0	0	0.44
89400	0.44	0.5	0.5	0	0	0.44
89500	0.44	0.5	0.5	0	0	0.44
89600	0.44	0.5	0.5	0	0	0.44
89700	0.44	0.5	0.5	0	0	0.44
89800	0.44	0.5	0.5	0	0	0.44
89900	0.44	0.5	0.5	0	0	0.44
90000	0.44	0.5	0.5	0	0	0.44
90100	0.44	0.5	0.5	0	0	0.44
90200	0.44	0.5	0.5	0	0	0.44
90300	0.44	0.5	0.5	0	0	0.44
90400	0.44	0.5	0.5	0	0	0.44
90500	0.44	0.5	0.5	0	0	0.44
90600	0.44	0.5	0.5	0	0	0.44
90700	0.44	0.5	0.5	0	0	0.44
90800	0.44	0.5	0.5	0	0	0.44
90900	0.44	0.5	0.5	0	0	0.44
91000	0.44	0.5	0.5	0	0	0.44
91100	0.44	0.5	0.5	0	0	0.44
91200	0.44	0.5	0.5	0	0	0.44
91300	0.44	0.48	0.48	0	0	0.44
91400	0.44	0.48	0.48	0	0	0.44
91500	0.44	0.48	0.48	0	0	0.44
91600	0.44	0.48	0.48	0	0	0.44
91700	0.44	0.48	0.48	0	0	0.44
91800	0.44	0.48	0.48	0	0	0.44
91900	0.44	0.48	0.48	0	0	0.44
92000	0.44	0.48	0.48	0	0	0.44
92100	0.44	0.48	0.48	0	0	0.44
92200	0.44	0.48	0.48	0	0	0.44
92300	0.44	0.48	0.48	0	0	0.44
92400	0.44	0.48	0.48	0	0	0.44
92500	0.44	0.48	0.48	0	0	0.44
92600	0.44	0.48	0.48	0	0	0.44
92700	0.44	0.48	0.48	0	0	0.44
92800	0.44	0.48	0.48	0	0	0.44
92900	0.44	0.46	0.46	0	0	0.44
93000	0.44	0.46	0.46	0	0	0.44
93100	0.44	0.46	0.46	0	0	0.44
93200	0.44	0.46	0.46	0	0	0.44
93300	0.44	0.46	0.46	0	0	0.44
93400	0.44	0.46	0.46	0	0	0.44
93500	0.46	0.46	0.46	0	0	0.46
93600	0.44	0.46	0.46	0	0	0.44
93700	0.44	0.46	0.46	0	0	0.44
93800	0.44	0.44	0.44	0	0	0.44
93900	0.44	0.44	0.44	0	0	0.44
94000	0.44	0.44	0.44	0	0	0.44
94100	0.44	0.44	0.44	0	0	0.44
94200	0.44	0.48	0.48	0	0	0.44
94300	0.44	0.48	0.48	0	0	0.44
94400	0.44	0.48	0.48	0	0	0.44
94500	0.44	0.48	0.48	0	0	0.44
94600	0.44	0.48	0.48	0	0	0.44
94700	0.44	0.48	0.48	0	0	0.44
94800	0.44	0.48	0.48	0	0	0.44
94900	0.44	0.48	0.48	0	0	0.44
95000	0.44	0.48	0.48	0	0	0.44
95100	0.44	0.48	0.48	0	0	0.44
95200	0.44	0.48	0.48	0	0	0.44
95300	0.44	0.46	0.46	0	0	0.44
95400	0.44	0.46	0.46	0	0	0.44
95500	0.44	0.46	0.46	0	0	0.44
95600	0.44	0.46	0.46	0	0	0.44
95700	0.46	0.46	0.46	0	0	0.46
95800	0.48	0.46	0.46	0	0	0.48
95900	0.48	0.46	0.46	0	0	0.48
96000	0.48	0.46	0.46	0	0	0.48
96100	0.48	0.46	0.46	0	0	0.48
96200	0.48	0.46	0.46	0	0	0.48
96300	0.48	0.46	0.46	0	0	0.48
96400	0.48	0.46	0.46	0	0	0.48
96500	0.48	0.46	0.46	0	0	0.48
96600	0.48	0.46	0.46	0	0	0.48
96700	0.48	0.46	0.46	0	0	0.48
96800	0.48	0.46	0.46	0	0	0.48
96900	0.48	0.46	0.46	0	0	0.48
97000	0.48	0.46	0.46	0	0	0.48
97100	0.48	0.46	0.46	0	0	0.48
97200	0.48	0.46	0.46	0	0	0.48
97300	0.48	0.46	0.46	0	0	0.48
97400	0.48	0.46	0.46	0	0	0.48
97500	0.48	0.46	0.46	0	0	0.48
97600	0.48	0.46	0.46	0	0	0.48
97700	0.48	0.46	0.46	0	0	0.48
97800	0.48	0.48	0.48	0	0	0.48
97900	0.48	0.46	0.46	0	0	0.48
98000	0.48	0.46	0.46	0	0	0.48
98100	0.48	0.46	0.46	0	0	0.48
98200	0.48	0.46	0.46	0	0	0.48
98300	0.48	0.46	0.46	0	0	0.48
98400	0.48	0.46	0.46	0	0	0.48
98500	0.48	0.46	0.46	0	0	0.48
98600	0.48	0.46	0.46	0	0	0.48
98700	0.48	0.48	0.48	0	0	0.48
98800	0.48	0.48	0.48	0	0	0.48
98900	0.48	0.48	0.48	0	0	0.48
99000	0.48	0.48	0.48	0	0	0.48
99100	0.48	0.48	0.48	0	0	0.48
99200	0.48	0.48	0.48	0	0	0.48
99300	0.48	0.48	0.48	0	0	0.48
99400	0.48	0.48	0.48	0	0	0.48
99500	0.48	0.48	0.48	0	0	0.48
99600	0.48	0.48	0.48	0	0	0.48
99700	0.48	0.48	0.48	0	0	0.48
99800	0.48	0.48	0.48	0	0	0.48
99900	0.48	0.48	0.48	0	0	0.48
100000	0.46	0.48	0.48	0	0	0.46
