100	0.06	0.06	0.06	0	0	0.06
200	0.06	0.08	0.08	0	0	0.06
300	0.08	0.1	0.1	0	0	0.08
400	0.1	0.1	0.1	0	0	0.1
500	0.12	0.16	0.16	0	0	0.12
600	0.14	0.16	0.16	0	0	0.14
700	0.12	0.18	0.18	0	0	0.12
800	0.12	0.18	0.18	0	0	0.12
900	0.14	0.2	0.2	0	0	0.14
1000	0.14	0.26	0.26	0	0	0.14
1100	0.14	0.28	0.28	0	0	0.14
1200	0.14	0.3	0.3	0	0	0.14
1300	0.16	0.28	0.28	0	0	0.16
1400	0.16	0.28	0.28	0	0	0.16
1500	0.16	0.28	0.28	0	0	0.16
1600	0.16	0.28	0.28	0	0	0.16
1700	0.16	0.3	0.3	0	0	0.16
1800	0.16	0.28	0.28	0	0	0.16
1900	0.16	0.3	0.3	0	0	0.16
2000	0.2	0.32	0.32	0	0	0.2
2100	0.2	0.32	0.32	0	0	0.2
2200	0.2	0.32	0.32	0	0	0.2
2300	0.2	0.34	0.34	0	0	0.2
2400	0.22	0.34	0.34	0	0	0.22
2500	0.22	0.34	0.34	0	0	0.22
2600	0.24	0.34	0.34	0	0	0.24
2700	0.26	0.34	0.34	0	0	0.26
2800	0.26	0.34	0.34	0	0	0.26
2900	0.24	0.34	0.34	0	0	0.24
3000	0.28	0.34	0.34	0	0	0.28
3100	0.28	0.34	0.34	0	0	0.28
3200	0.28	0.34	0.34	0	0	0.28
3300	0.28	0.34	0.34	0	0	0.28
3400	0.32	0.34	0.34	0	0	0.32
3500	0.3	0.34	0.34	0	0	0.3
3600	0.32	0.38	0.38	0	0	0.32
3700	0.32	0.4	0.4	0	0	0.32
3800	0.34	0.4	0.4	0	0	0.34
3900	0.34	0.4	0.4	0	0	0.34
4000	0.34	0.42	0.42	0	0	0.34
4100	0.36	0.44	0.44	0	0	0.36
4200	0.34	0.44	0.44	0	0	0.34
4300	0.32	0.44	0.44	0	0	0.32
4400	0.32	0.44	0.44	0	0	0.32
4500	0.32	0.44	0.44	0	0	0.32
4600	0.32	0.44	0.44	0	0	0.32
4700	0.32	0.44	0.44	0	0	0.32
4800	0.32	0.46	0.46	0	0	0.32
4900	0.32	0.46	0.46	0	0	0.32
5000	0.3	0.46	0.46	0	0	0.3
5100	0.3	0.46	0.46	0	0	0.3
5200	0.3	0.46	0.46	0	0	0.3
5300	0.3	0.46	0.46	0	0	0.3
5400	0.32	0.46	0.46	0	0	0.32
5500	0.34	0.46	0.46	0	0	0.34
5600	0.34	0.44	0.44	0	0	0.34
5700	0.32	0.44	0.44	0	0	0.32
5800	0.32	0.44	0.44	0	0	0.32
5900	0.32	0.44	0.44	0	0	0.32
6000	0.32	0.44	0.44	0	0	0.32
6100	0.32	0.42	0.42	0	0	0.32
6200	0.32	0.42	0.42	0	0	0.32
6300	0.32	0.42	0.42	0	0	0.32
6400	0.3	0.42	0.42	0	0	0.3
6500	0.3	0.42	0.42	0	0	0.3
6600	0.3	0.42	0.42	0	0	0.3
6700	0.3	0.44	0.44	0	0	0.3
6800	0.3	0.44	0.44	0	0	0.3
6900	0.3	0.46	0.46	0	0	0.3
7000	0.3	0.44	0.44	0	0	0.3
7100	0.3	0.44	0.44	0	0	0.3
7200	0.34	0.44	0.44	0	0	0.34
7300	0.34	0.46	0.46	0	0	0.34
7400	0.34	0.44	0.44	0	0	0.34
7500	0.34	0.44	0.44	0	0	0.34
7600	0.34	0.44	0.44	0	0	0.34
7700	0.34	0.44	0.44	0	0	0.34
7800	0.34	0.44	0.44	0	0	0.34
7900	0.34	0.44	0.44	0	0	0.34
8000	0.34	0.44	0.44	0	0	0.34
8100	0.34	0.44	0.44	0	0	0.34
8200	0.34	0.46	0.46	0	0	0.34
8300	0.34	0.46	0.46	0	0	0.34
8400	0.34	0.46	0.46	0	0	0.34
8500	0.36	0.46	0.46	0	0	0.36
8600	0.36	0.46	0.46	0	0	0.36
8700	0.36	0.46	0.46	0	0	0.36
8800	0.36	0.46	0.46	0	0	0.36
8900	0.36	0.48	0.48	0	0	0.36
9000	0.36	0.48	0.48	0	0	0.36
9100	0.36	0.48	0.48	0	0	0.36
9200	0.36	0.48	0.48	0	0	0.36
9300	0.36	0.48	0.48	0	0	0.36
9400	0.34	0.46	0.46	0	0	0.34
9500	0.34	0.44	0.44	0	0	0.34
9600	0.36	0.44	0.44	0	0	0.36
9700	0.36	0.44	0.44	0	0	0.36
9800	0.36	0.46	0.46	0	0	0.36
9900	0.36	0.46	0.46	0	0	0.36
10000	0.36	0.46	0.46	0	0	0.36
10100	0.34	0.46	0.46	0	0	0.34
10200	0.34	0.48	0.48	0	0	0.34
10300	0.32	0.48	0.48	0	0	0.32
10400	0.32	0.48	0.48	0	0	0.32
10500	0.32	0.48	0.48	0	0	0.32
10600	0.32	0.48	0.48	0	0	0.32
10700	0.32	0.48	0.48	0	0	0.32
10800	0.32	0.48	0.48	0	0	0.32
10900	0.32	0.5	0.5	0	0	0.32
11000	0.36	0.48	0.48	0	0	0.36
11100	0.36	0.48	0.48	0	0	0.36
11200	0.36	0.48	0.48	0	0	0.36
11300	0.36	0.5	0.5	0	0	0.36
11400	0.36	0.5	0.5	0	0	0.36
11500	0.36	0.5	0.5	0	0	0.36
11600	0.36	0.5	0.5	0	0	0.36
11700	0.36	0.5	0.5	0	0	0.36
11800	0.36	0.5	0.5	0	0	0.36
11900	0.36	0.5	0.5	0	0	0.36
12000	0.36	0.5	0.5	0	0	0.36
12100	0.38	0.5	0.5	0	0	0.38
12200	0.38	0.5	0.5	0	0	0.38
12300	0.4	0.5	0.5	0	0	0.4
12400	0.42	0.5	0.5	0	0	0.42
12500	0.42	0.5	0.5	0	0	0.42
12600	0.42	0.5	0.5	0	0	0.42
12700	0.42	0.5	0.5	0	0	0.42
12800	0.42	0.5	0.5	0	0	0.42
12900	0.42	0.5	0.5	0	0	0.42
13000	0.42	0.5	0.5	0	0	0.42
13100	0.42	0.5	0.5	0	0	0.42
13200	0.42	0.5	0.5	0	0	0.42
13300	0.42	0.5	0.5	0	0	0.42
13400	0.4	0.5	0.5	0	0	0.4
13500	0.4	0.5	0.5	0	0	0.4
13600	0.4	0.5	0.5	0	0	0.4
13700	0.4	0.5	0.5	0	0	0.4
13800	0.4	0.5	0.5	0	0	0.4
13900	0.4	0.5	0.5	0	0	0.4
14000	0.4	0.5	0.5	0	0	0.4
14100	0.4	0.52	0.52	0	0	0.4
14200	0.4	0.52	0.52	0	0	0.4
14300	0.4	0.52	0.52	0	0	0.4
14400	0.4	0.52	0.52	0	0	0.4
14500	0.4	0.52	0.52	0	0	0.4
14600	0.4	0.52	0.52	0	0	0.4
14700	0.4	0.52	0.52	0	0	0.4
14800	0.4	0.52	0.52	0	0	0.4
14900	0.4	0.52	0.52	0	0	0.4
15000	0.4	0.52	0.52	0	0	0.4
15100	0.4	0.52	0.52	0	0	0.4
15200	0.4	0.52	0.52	0	0	0.4
15300	0.4	0.52	0.52	0	0	0.4
15400	0.4	0.5	0.5	0	0	0.4
15500	0.4	0.5	0.5	0	0	0.4
15600	0.4	0.5	0.5	0	0	0.4
15700	0.4	0.5	0.5	0	0	0.4
15800	0.4	0.5	0.5	0	0	0.4
15900	0.4	0.5	0.5	0	0	0.4
16000	0.4	0.5	0.5	0	0	0.4
16100	0.4	0.48	0.48	0	0	0.4
16200	0.4	0.48	0.48	0	0	0.4
16300	0.4	0.48	0.48	0	0	0.4
16400	0.4	0.48	0.48	0	0	0.4
16500	0.4	0.48	0.48	0	0	0.4
16600	0.4	0.48	0.48	0	0	0.4
16700	0.4	0.48	0.48	0	0	0.4
16800	0.4	0.48	0.48	0	0	0.4
16900	0.4	0.48	0.48	0	0	0.4
17000	0.4	0.5	0.5	0	0	0.4
17100	0.4	0.5	0.5	0	0	0.4
17200	0.4	0.5	0.5	0	0	0.4
17300	0.4	0.5	0.5	0	0	0.4
17400	0.4	0.5	0.5	0	0	0.4
17500	0.4	0.5	0.5	0	0	0.4
17600	0.4	0.5	0.5	0	0	0.4
17700	0.4	0.5	0.5	0	0	0.4
17800	0.4	0.5	0.5	0	0	0.4
17900	0.4	0.5	0.5	0	0	0.4
18000	0.42	0.48	0.48	0	0	0.42
18100	0.42	0.48	0.48	0	0	0.42
18200	0.42	0.46	0.46	0	0	0.42
18300	0.4	0.44	0.44	0	0	0.4
18400	0.4	0.44	0.44	0	0	0.4
18500	0.4	0.42	0.42	0	0	0.4
18600	0.4	0.42	0.42	0	0	0.4
18700	0.4	0.42	0.42	0	0	0.4
18800	0.4	0.42	0.42	0	0	0.4
18900	0.4	0.42	0.42	0	0	0.4
19000	0.4	0.44	0.44	0	0	0.4
19100	0.4	0.44	0.44	0	0	0.4
19200	0.42	0.44	0.44	0	0	0.42
19300	0.42	0.46	0.46	0	0	0.42
19400	0.42	0.46	0.46	0	0	0.42
19500	0.42	0.46	0.46	0	0	0.42
19600	0.42	0.46	0.46	0	0	0.42
19700	0.42	0.46	0.46	0	0	0.42
19800	0.42	0.48	0.48	0	0	0.42
19900	0.42	0.48	0.48	0	0	0.42
20000	0.42	0.48	0.48	0	0	0.42
20100	0.42	0.46	0.46	0	0	0.42
20200	0.42	0.46	0.46	0	0	0.42
20300	0.42	0.46	0.46	0	0	0.42
20400	0.42	0.46	0.46	0	0	0.42
20500	0.42	0.46	0.46	0	0	0.42
20600	0.42	0.44	0.44	0	0	0.42
20700	0.42	0.44	0.44	0	0	0.42
20800	0.42	0.44	0.44	0	0	0.42
20900	0.42	0.44	0.44	0	0	0.42
21000	0.42	0.44	0.44	0	0	0.42
21100	0.42	0.44	0.44	0	0	0.42
21200	0.42	0.44	0.44	0	0	0.42
21300	0.42	0.44	0.44	0	0	0.42
21400	0.42	0.44	0.44	0	0	0.42
21500	0.42	0.44	0.44	0	0	0.42
21600	0.42	0.44	0.44	0	0	0.42
21700	0.42	0.44	0.44	0	0	0.42
21800	0.42	0.46	0.46	0	0	0.42
21900	0.42	0.46	0.46	0	0	0.42
22000	0.42	0.46	0.46	0	0	0.42
22100	0.42	0.44	0.44	0	0	0.42
22200	0.42	0.44	0.44	0	0	0.42
22300	0.42	0.42	0.42	0	0	0.42
22400	0.42	0.42	0.42	0	0	0.42
22500	0.42	0.4	0.4	0	0	0.42
22600	0.44	0.4	0.4	0	0	0.44
22700	0.44	0.4	0.4	0	0	0.44
22800	0.44	0.4	0.4	0	0	0.44
22900	0.44	0.4	0.4	0	0	0.44
23000	0.44	0.4	0.4	0	0	0.44
23100	0.46	0.4	0.4	0	0	0.46
23200	0.46	0.4	0.4	0	0	0.46
23300	0.46	0.4	0.4	0	0	0.46
23400	0.46	0.4	0.4	0	0	0.46
23500	0.46	0.42	0.42	0	0	0.46
23600	0.46	0.42	0.42	0	0	0.46
23700	0.46	0.4	0.4	0	0	0.46
23800	0.48	0.38	0.38	0	0	0.48
23900	0.48	0.38	0.38	0	0	0.48
24000	0.48	0.38	0.38	0	0	0.48
24100	0.48	0.38	0.38	0	0	0.48
24200	0.48	0.38	0.38	0	0	0.48
24300	0.48	0.38	0.38	0	0	0.48
24400	0.48	0.38	0.38	0	0	0.48
24500	0.48	0.38	0.38	0	0	0.48
24600	0.48	0.38	0.38	0	0	0.48
24700	0.48	0.38	0.38	0	0	0.48
24800	0.48	0.38	0.38	0	0	0.48
24900	0.48	0.38	0.38	0	0	0.48
25000	0.48	0.38	0.38	0	0	0.48
25100	0.48	0.38	0.38	0	0	0.48
25200	0.48	0.38	0.38	0	0	0.48
25300	0.48	0.38	0.38	0	0	0.48
25400	0.48	0.38	0.38	0	0	0.48
25500	0.48	0.38	0.38	0	0	0.48
25600	0.48	0.38	0.38	0	0	0.48
25700	0.48	0.38	0.38	0	0	0.48
25800	0.48	0.42	0.42	0	0	0.48
25900	0.48	0.42	0.42	0	0	0.48
26000	0.48	0.42	0.42	0	0	0.48
26100	0.48	0.42	0.42	0	0	0.48
26200	0.48	0.42	0.42	0	0	0.48
26300	0.48	0.42	0.42	0	0	0.48
26400	0.48	0.42	0.42	0	0	0.48
26500	0.48	0.42	0.42	0	0	0.48
26600	0.48	0.42	0.42	0	0	0.48
26700	0.48	0.42	0.42	0	0	0.48
26800	0.48	0.42	0.42	0	0	0.48
26900	0.48	0.42	0.42	0	0	0.48
27000	0.48	0.42	0.42	0	0	0.48
27100	0.48	0.42	0.42	0	0	0.48
27200	0.48	0.42	0.42	0	0	0.48
27300	0.48	0.44	0.44	0	0	0.48
27400	0.48	0.44	0.44	0	0	0.48
27500	0.48	0.42	0.42	0	0	0.48
27600	0.48	0.42	0.42	0	0	0.48
27700	0.48	0.42	0.42	0	0	0.48
27800	0.48	0.42	0.42	0	0	0.48
27900	0.48	0.42	0.42	0	0	0.48
28000	0.48	0.42	0.42	0	0	0.48
28100	0.48	0.4	0.4	0	0	0.48
28200	0.48	0.4	0.4	0	0	0.48
28300	0.48	0.4	0.4	0	0	0.48
28400	0.48	0.4	0.4	0	0	0.48
28500	0.48	0.4	0.4	0	0	0.48
28600	0.48	0.42	0.42	0	0	0.48
28700	0.48	0.42	0.42	0	0	0.48
28800	0.48	0.42	0.42	0	0	0.48
28900	0.48	0.42	0.42	0	0	0.48
29000	0.48	0.42	0.42	0	0	0.48
29100	0.48	0.42	0.42	0	0	0.48
29200	0.48	0.42	0.42	0	0	0.48
29300	0.48	0.42	0.42	0	0	0.48
29400	0.5	0.42	0.42	0	0	0.5
29500	0.5	0.42	0.42	0	0	0.5
29600	0.5	0.42	0.42	0	0	0.5
29700	0.5	0.42	0.42	0	0	0.5
29800	0.5	0.42	0.42	0	0	0.5
29900	0.5	0.42	0.42	0	0	0.5
30000	0.5	0.42	0.42	0	0	0.5
30100	0.5	0.42	0.42	0	0	0.5
30200	0.5	0.42	0.42	0	0	0.5
30300	0.5	0.42	0.42	0	0	0.5
30400	0.5	0.42	0.42	0	0	0.5
30500	0.5	0.42	0.42	0	0	0.5
30600	0.5	0.42	0.42	0	0	0.5
30700	0.5	0.42	0.42	0	0	0.5
30800	0.5	0.42	0.42	0	0	0.5
30900	0.5	0.42	0.42	0	0	0.5
31000	0.48	0.42	0.42	0	0	0.48
31100	0.48	0.42	0.42	0	0	0.48
31200	0.48	0.42	0.42	0	0	0.48
31300	0.48	0.42	0.42	0	0	0.48
31400	0.48	0.42	0.42	0	0	0.48
31500	0.48	0.42	0.42	0	0	0.48
31600	0.5	0.42	0.42	0	0	0.5
31700	0.5	0.42	0.42	0	0	0.5
31800	0.5	0.42	0.42	0	0	0.5
31900	0.5	0.42	0.42	0	0	0.5
32000	0.5	0.42	0.42	0	0	0.5
32100	0.5	0.42	0.42	0	0	0.5
32200	0.5	0.42	0.42	0	0	0.5
32300	0.5	0.42	0.42	0	0	0.5
32400	0.5	0.42	0.42	0	0	0.5
32500	0.5	0.42	0.42	0	0	0.5
32600	0.5	0.44	0.44	0	0	0.5
32700	0.5	0.44	0.44	0	0	0.5
32800	0.5	0.44	0.44	0	0	0.5
32900	0.5	0.44	0.44	0	0	0.5
33000	0.5	0.44	0.44	0	0	0.5
33100	0.5	0.44	0.44	0	0	0.5
33200	0.5	0.44	0.44	0	0	0.5
33300	0.5	0.44	0.44	0	0	0.5
33400	0.5	0.44	0.44	0	0	0.5
33500	0.5	0.42	0.42	0	0	0.5
33600	0.5	0.42	0.42	0	0	0.5
33700	0.5	0.42	0.42	0	0	0.5
33800	0.5	0.42	0.42	0	0	0.5
33900	0.5	0.42	0.42	0	0	0.5
34000	0.48	0.42	0.42	0	0	0.48
34100	0.46	0.42	0.42	0	0	0.46
34200	0.46	0.42	0.42	0	0	0.46
34300	0.46	0.42	0.42	0	0	0.46
34400	0.46	0.42	0.42	0	0	0.46
34500	0.46	0.44	0.44	0	0	0.46
34600	0.46	0.44	0.44	0	0	0.46
34700	0.46	0.42	0.42	0	0	0.46
34800	0.46	0.42	0.42	0	0	0.46
34900	0.46	0.42	0.42	0	0	0.46
35000	0.44	0.42	0.42	0	0	0.44
35100	0.44	0.42	0.42	0	0	0.44
35200	0.44	0.42	0.42	0	0	0.44
35300	0.44	0.44	0.44	0	0	0.44
35400	0.44	0.44	0.44	0	0	0.44
35500	0.44	0.44	0.44	0	0	0.44
35600	0.44	0.44	0.44	0	0	0.44
35700	0.42	0.44	0.44	0	0	0.42
35800	0.42	0.46	0.46	0	0	0.42
35900	0.42	0.44	0.44	0	0	0.42
36000	0.42	0.44	0.44	0	0	0.42
36100	0.42	0.44	0.44	0	0	0.42
36200	0.42	0.44	0.44	0	0	0.42
36300	0.44	0.44	0.44	0	0	0.44
36400	0.44	0.42	0.42	0	0	0.44
36500	0.44	0.42	0.42	0	0	0.44
36600	0.42	0.44	0.44	0	0	0.42
36700	0.42	0.44	0.44	0	0	0.42
36800	0.44	0.44	0.44	0	0	0.44
36900	0.44	0.44	0.44	0	0	0.44
37000	0.44	0.44	0.44	0	0	0.44
37100	0.44	0.44	0.44	0	0	0.44
37200	0.44	0.44	0.44	0	0	0.44
37300	0.44	0.44	0.44	0	0	0.44
37400	0.44	0.44	0.44	0	0	0.44
37500	0.46	0.44	0.44	0	0	0.46
37600	0.46	0.44	0.44	0	0	0.46
37700	0.46	0.44	0.44	0	0	0.46
37800	0.46	0.44	0.44	0	0	0.46
37900	0.46	0.44	0.44	0	0	0.46
38000	0.46	0.44	0.44	0	0	0.46
38100	0.46	0.44	0.44	0	0	0.46
38200	0.46	0.44	0.44	0	0	0.46
38300	0.46	0.46	0.46	0	0	0.46
38400	0.46	0.46	0.46	0	0	0.46
38500	0.46	0.46	0.46	0	0	0.46
38600	0.46	0.46	0.46	0	0	0.46
38700	0.46	0.46	0.46	0	0	0.46
38800	0.46	0.46	0.46	0	0	0.46
38900	0.46	0.46	0.46	0	0	0.46
39000	0.46	0.46	0.46	0	0	0.46
39100	0.46	0.46	0.46	0	0	0.46
39200	0.46	0.46	0.46	0	0	0.46
39300	0.46	0.46	0.46	0	0	0.46
39400	0.46	0.46	0.46	0	0	0.46
39500	0.46	0.46	0.46	0	0	0.46
39600	0.46	0.46	0.46	0	0	0.46
39700	0.46	0.46	0.46	0	0	0.46
39800	0.46	0.46	0.46	0	0	0.46
39900	0.46	0.46	0.46	0	0	0.46
40000	0.46	0.46	0.46	0	0	0.46
40100	0.46	0.46	0.46	0	0	0.46
40200	0.46	0.46	0.46	0	0	0.46
40300	0.46	0.46	0.46	0	0	0.46
40400	0.46	0.46	0.46	0	0	0.46
40500	0.46	0.48	0.48	0	0	0.46
40600	0.46	0.5	0.5	0	0	0.46
40700	0.46	0.5	0.5	0	0	0.46
40800	0.46	0.5	0.5	0	0	0.46
40900	0.46	0.5	0.5	0	0	0.46
41000	0.46	0.5	0.5	0	0	0.46
41100	0.46	0.52	0.52	0	0	0.46
41200	0.46	0.52	0.52	0	0	0.46
41300	0.46	0.52	0.52	0	0	0.46
41400	0.46	0.52	0.52	0	0	0.46
41500	0.46	0.52	0.52	0	0	0.46
41600	0.46	0.52	0.52	0	0	0.46
41700	0.46	0.52	0.52	0	0	0.46
41800	0.46	0.52	0.52	0	0	0.46
41900	0.46	0.52	0.52	0	0	0.46
42000	0.46	0.52	0.52	0	0	0.46
42100	0.46	0.52	0.52	0	0	0.46
42200	0.46	0.52	0.52	0	0	0.46
42300	0.46	0.52	0.52	0	0	0.46
42400	0.46	0.5	0.5	0	0	0.46
42500	0.44	0.5	0.5	0	0	0.44
42600	0.46	0.5	0.5	0	0	0.46
42700	0.46	0.48	0.48	0	0	0.46
42800	0.46	0.48	0.48	0	0	0.46
42900	0.46	0.48	0.48	0	0	0.46
43000	0.46	0.48	0.48	0	0	0.46
43100	0.46	0.48	0.48	0	0	0.46
43200	0.46	0.48	0.48	0	0	0.46
43300	0.46	0.48	0.48	0	0	0.46
43400	0.44	0.48	0.48	0	0	0.44
43500	0.44	0.48	0.48	0	0	0.44
43600	0.44	0.48	0.48	0	0	0.44
43700	0.44	0.48	0.48	0	0	0.44
43800	0.44	0.48	0.48	0	0	0.44
43900	0.44	0.48	0.48	0	0	0.44
44000	0.44	0.48	0.48	0	0	0.44
44100	0.44	0.48	0.48	0	0	0.44
44200	0.44	0.48	0.48	0	0	0.44
44300	0.46	0.48	0.48	0	0	0.46
44400	0.46	0.48	0.48	0	0	0.46
44500	0.46	0.48	0.48	0	0	0.46
44600	0.46	0.48	0.48	0	0	0.46
44700	0.46	0.48	0.48	0	0	0.46
44800	0.46	0.48	0.48	0	0	0.46
44900	0.46	0.46	0.46	0	0	0.46
45000	0.46	0.44	0.44	0	0	0.46
45100	0.46	0.42	0.42	0	0	0.46
45200	0.46	0.42	0.42	0	0	0.46
45300	0.46	0.42	0.42	0	0	0.46
45400	0.46	0.42	0.42	0	0	0.46
45500	0.46	0.42	0.42	0	0	0.46
45600	0.46	0.42	0.42	0	0	0.46
45700	0.46	0.42	0.42	0	0	0.46
45800	0.46	0.42	0.42	0	0	0.46
45900	0.46	0.42	0.42	0	0	0.46
46000	0.46	0.42	0.42	0	0	0.46
46100	0.46	0.42	0.42	0	0	0.46
46200	0.46	0.42	0.42	0	0	0.46
46300	0.46	0.44	0.44	0	0	0.46
46400	0.46	0.44	0.44	0	0	0.46
46500	0.46	0.44	0.44	0	0	0.46
46600	0.46	0.46	0.46	0	0	0.46
46700	0.46	0.46	0.46	0	0	0.46
46800	0.46	0.46	0.46	0	0	0.46
46900	0.46	0.46	0.46	0	0	0.46
47000	0.48	0.46	0.46	0	0	0.48
47100	0.48	0.46	0.46	0	0	0.48
47200	0.48	0.46	0.46	0	0	0.48
47300	0.48	0.46	0.46	0	0	0.48
47400	0.46	0.46	0.46	0	0	0.46
47500	0.44	0.46	0.46	0	0	0.44
47600	0.44	0.46	0.46	0	0	0.44
47700	0.44	0.46	0.46	0	0	0.44
47800	0.44	0.48	0.48	0	0	0.44
47900	0.44	0.48	0.48	0	0	0.44
48000	0.44	0.48	0.48	0	0	0.44
48100	0.44	0.48	0.48	0	0	0.44
48200	0.44	0.48	0.48	0	0	0.44
48300	0.44	0.48	0.48	0	0	0.44
48400	0.44	0.48	0.48	0	0	0.44
48500	0.44	0.48	0.48	0	0	0.44
48600	0.44	0.48	0.48	0	0	0.44
48700	0.44	0.48	0.48	0	0	0.44
48800	0.44	0.48	0.48	0	0	0.44
48900	0.44	0.48	0.48	0	0	0.44
49000	0.44	0.48	0.48	0	0	0.44
49100	0.44	0.48	0.48	0	0	0.44
49200	0.44	0.48	0.48	0	0	0.44
49300	0.44	0.48	0.48	0	0	0.44
49400	0.44	0.5	0.5	0	0	0.44
49500	0.44	0.5	0.5	0	0	0.44
49600	0.44	0.5	0.5	0	0	0.44
49700	0.44	0.5	0.5	0	0	0.44
49800	0.44	0.5	0.5	0	0	0.44
49900	0.44	0.5	0.5	0	0	0.44
50000	0.44	0.5	0.5	0	0	0.44
50100	0.44	0.5	0.5	0	0	0.44
50200	0.44	0.5	0.5	0	0	0.44
50300	0.44	0.5	0.5	0	0	0.44
50400	0.44	0.5	0.5	0	0	0.44
50500	0.44	0.5	0.5	0	0	0.44
50600	0.44	0.5	0.5	0	0	0.44
50700	0.44	0.5	0.5	0	0	0.44
50800	0.44	0.5	0.5	0	0	0.44
50900	0.44	0.5	0.5	0	0	0.44
51000	0.44	0.5	0.5	0	0	0.44
51100	0.44	0.5	0.5	0	0	0.44
51200	0.44	0.52	0.52	0	0	0.44
51300	0.44	0.54	0.54	0	0	0.44
51400	0.42	0.52	0.52	0	0	0.42
51500	0.42	0.52	0.52	0	0	0.42
51600	0.42	0.52	0.52	0	0	0.42
51700	0.42	0.52	0.52	0	0	0.42
51800	0.44	0.52	0.52	0	0	0.44
51900	0.44	0.52	0.52	0	0	0.44
52000	0.44	0.52	0.52	0	0	0.44
52100	0.44	0.52	0.52	0	0	0.44
52200	0.44	0.52	0.52	0	0	0.44
52300	0.44	0.52	0.52	0	0	0.44
52400	0.44	0.52	0.52	0	0	0.44
52500	0.44	0.52	0.52	0	0	0.44
52600	0.44	0.52	0.52	0	0	0.44
52700	0.44	0.52	0.52	0	0	0.44
52800	0.44	0.52	0.52	0	0	0.44
52900	0.44	0.5	0.5	0	0	0.44
53000	0.44	0.5	0.5	0	0	0.44
53100	0.44	0.52	0.52	0	0	0.44
53200	0.44	0.52	0.52	0	0	0.44
53300	0.44	0.52	0.52	0	0	0.44
53400	0.44	0.52	0.52	0	0	0.44
53500	0.44	0.52	0.52	0	0	0.44
53600	0.44	0.52	0.52	0	0	0.44
53700	0.44	0.52	0.52	0	0	0.44
53800	0.44	0.5	0.5	0	0	0.44
53900	0.44	0.5	0.5	0	0	0.44
54000	0.44	0.5	0.5	0	0	0.44
54100	0.44	0.5	0.5	0	0	0.44
54200	0.44	0.5	0.5	0	0	0.44
54300	0.44	0.5	0.5	0	0	0.44
54400	0.44	0.5	0.5	0	0	0.44
54500	0.44	0.5	0.5	0	0	0.44
54600	0.44	0.5	0.5	0	0	0.44
54700	0.44	0.5	0.5	0	0	0.44
54800	0.44	0.5	0.5	0	0	0.44
54900	0.42	0.5	0.5	0	0	0.42
55000	0.42	0.5	0.5	0	0	0.42
55100	0.42	0.5	0.5	0	0	0.42
55200	0.42	0.5	0.5	0	0	0.42
55300	0.44	0.5	0.5	0	0	0.44
55400	0.44	0.5	0.5	0	0	0.44
55500	0.44	0.5	0.5	0	0	0.44
55600	0.44	0.5	0.5	0	0	0.44
55700	0.44	0.5	0.5	0	0	0.44
55800	0.44	0.5	0.5	0	0	0.44
55900	0.44	0.5	0.5	0	0	0.44
56000	0.44	0.5	0.5	0	0	0.44
56100	0.44	0.5	0.5	0	0	0.44
56200	0.44	0.5	0.5	0	0	0.44
56300	0.44	0.5	0.5	0	0	0.44
56400	0.44	0.5	0.5	0	0	0.44
56500	0.44	0.5	0.5	0	0	0.44
56600	0.44	0.5	0.5	0	0	0.44
56700	0.44	0.5	0.5	0	0	0.44
56800	0.44	0.5	0.5	0	0	0.44
56900	0.44	0.5	0.5	0	0	0.44
57000	0.44	0.5	0.5	0	0	0.44
57100	0.44	0.5	0.5	0	0	0.44
57200	0.44	0.5	0.5	0	0	0.44
57300	0.44	0.5	0.5	0	0	0.44
57400	0.44	0.5	0.5	0	0	0.44
57500	0.44	0.5	0.5	0	0	0.44
57600	0.44	0.5	0.5	0	0	0.44
57700	0.44	0.5	0.5	0	0	0.44
57800	0.44	0.5	0.5	0	0	0.44
57900	0.44	0.5	0.5	0	0	0.44
58000	0.44	0.5	0.5	0	0	0.44
58100	0.44	0.5	0.5	0	0	0.44
58200	0.44	0.5	0.5	0	0	0.44
58300	0.44	0.5	0.5	0	0	0.44
58400	0.44	0.5	0.5	0	0	0.44
58500	0.44	0.5	0.5	0	0	0.44
58600	0.44	0.5	0.5	0	0	0.44
58700	0.44	0.5	0.5	0	0	0.44
58800	0.44	0.5	0.5	0	0	0.44
58900	0.44	0.5	0.5	0	0	0.44
59000	0.44	0.5	0.5	0	0	0.44
59100	0.44	0.5	0.5	0	0	0.44
59200	0.46	0.5	0.5	0	0	0.46
59300	0.46	0.5	0.5	0	0	0.46
59400	0.46	0.5	0.5	0	0	0.46
59500	0.46	0.5	0.5	0	0	0.46
59600	0.46	0.5	0.5	0	0	0.46
59700	0.46	0.5	0.5	0	0	0.46
59800	0.46	0.5	0.5	0	0	0.46
59900	0.46	0.5	0.5	0	0	0.46
60000	0.46	0.48	0.48	0	0	0.46
60100	0.46	0.48	0.48	0	0	0.46
60200	0.46	0.48	0.48	0	0	0.46
60300	0.46	0.48	0.48	0	0	0.46
60400	0.46	0.48	0.48	0	0	0.46
60500	0.46	0.48	0.48	0	0	0.46
60600	0.46	0.46	0.46	0	0	0.46
60700	0.46	0.46	0.46	0	0	0.46
60800	0.46	0.46	0.46	0	0	0.46
60900	0.46	0.46	0.46	0	0	0.46
61000	0.46	0.46	0.46	0	0	0.46
61100	0.46	0.46	0.46	0	0	0.46
61200	0.44	0.46	0.46	0	0	0.44
61300	0.44	0.46	0.46	0	0	0.44
61400	0.44	0.46	0.46	0	0	0.44
61500	0.44	0.46	0.46	0	0	0.44
61600	0.44	0.46	0.46	0	0	0.44
61700	0.44	0.46	0.46	0	0	0.44
61800	0.44	0.46	0.46	0	0	0.44
61900	0.44	0.46	0.46	0	0	0.44
62000	0.44	0.46	0.46	0	0	0.44
62100	0.44	0.46	0.46	0	0	0.44
62200	0.44	0.46	0.46	0	0	0.44
62300	0.44	0.46	0.46	0	0	0.44
62400	0.44	0.48	0.48	0	0	0.44
62500	0.44	0.48	0.48	0	0	0.44
62600	0.44	0.48	0.48	0	0	0.44
62700	0.44	0.48	0.48	0	0	0.44
62800	0.44	0.48	0.48	0	0	0.44
62900	0.44	0.48	0.48	0	0	0.44
63000	0.44	0.48	0.48	0	0	0.44
63100	0.44	0.5	0.5	0	0	0.44
63200	0.44	0.5	0.5	0	0	0.44
63300	0.44	0.5	0.5	0	0	0.44
63400	0.44	0.5	0.5	0	0	0.44
63500	0.44	0.5	0.5	0	0	0.44
63600	0.44	0.5	0.5	0	0	0.44
63700	0.44	0.5	0.5	0	0	0.44
63800	0.44	0.48	0.48	0	0	0.44
63900	0.44	0.48	0.48	0	0	0.44
64000	0.44	0.48	0.48	0	0	0.44
64100	0.44	0.48	0.48	0	0	0.44
64200	0.44	0.48	0.48	0	0	0.44
64300	0.44	0.48	0.48	0	0	0.44
64400	0.44	0.48	0.48	0	0	0.44
64500	0.44	0.48	0.48	0	0	0.44
64600	0.44	0.48	0.48	0	0	0.44
64700	0.44	0.48	0.48	0	0	0.44
64800	0.44	0.48	0.48	0	0	0.44
64900	0.44	0.48	0.48	0	0	0.44
65000	0.44	0.48	0.48	0	0	0.44
65100	0.44	0.48	0.48	0	0	0.44
65200	0.44	0.48	0.48	0	0	0.44
65300	0.44	0.48	0.48	0	0	0.44
65400	0.44	0.48	0.48	0	0	0.44
65500	0.44	0.48	0.48	0	0	0.44
65600	0.44	0.48	0.48	0	0	0.44
65700	0.44	0.48	0.48	0	0	0.44
65800	0.44	0.48	0.48	0	0	0.44
65900	0.44	0.48	0.48	0	0	0.44
66000	0.44	0.48	0.48	0	0	0.44
66100	0.44	0.48	0.48	0	0	0.44
66200	0.46	0.48	0.48	0	0	0.46
66300	0.46	0.48	0.48	0	0	0.46
66400	0.46	0.48	0.48	0	0	0.46
66500	0.46	0.48	0.48	0	0	0.46
66600	0.46	0.48	0.48	0	0	0.46
66700	0.46	0.48	0.48	0	0	0.46
66800	0.46	0.48	0.48	0	0	0.46
66900	0.46	0.48	0.48	0	0	0.46
67000	0.46	0.48	0.48	0	0	0.46
67100	0.46	0.48	0.48	0	0	0.46
67200	0.46	0.48	0.48	0	0	0.46
67300	0.46	0.48	0.48	0	0	0.46
67400	0.46	0.48	0.48	0	0	0.46
67500	0.46	0.48	0.48	0	0	0.46
67600	0.46	0.48	0.48	0	0	0.46
67700	0.46	0.48	0.48	0	0	0.46
67800	0.46	0.48	0.48	0	0	0.46
67900	0.46	0.48	0.48	0	0	0.46
68000	0.46	0.48	0.48	0	0	0.46
68100	0.46	0.48	0.48	0	0	0.46
68200	0.46	0.48	0.48	0	0	0.46
68300	0.46	0.48	0.48	0	0	0.46
68400	0.46	0.48	0.48	0	0	0.46
68500	0.46	0.48	0.48	0	0	0.46
68600	0.46	0.48	0.48	0	0	0.46
68700	0.46	0.48	0.48	0	0	0.46
68800	0.46	0.48	0.48	0	0	0.46
68900	0.46	0.48	0.48	0	0	0.46
69000	0.46	0.48	0.48	0	0	0.46
69100	0.46	0.48	0.48	0	0	0.46
69200	0.46	0.48	0.48	0	0	0.46
69300	0.46	0.48	0.48	0	0	0.46
69400	0.46	0.48	0.48	0	0	0.46
69500	0.46	0.48	0.48	0	0	0.46
69600	0.46	0.48	0.48	0	0	0.46
69700	0.46	0.5	0.5	0	0	0.46
69800	0.46	0.5	0.5	0	0	0.46
69900	0.46	0.5	0.5	0	0	0.46
70000	0.46	0.5	0.5	0	0	0.46
70100	0.46	0.5	0.5	0	0	0.46
70200	0.46	0.5	0.5	0	0	0.46
70300	0.46	0.5	0.5	0	0	0.46
70400	0.46	0.5	0.5	0	0	0.46
70500	0.46	0.5	0.5	0	0	0.46
70600	0.46	0.5	0.5	0	0	0.46
70700	0.46	0.5	0.5	0	0	0.46
70800	0.46	0.5	0.5	0	0	0.46
70900	0.46	0.5	0.5	0	0	0.46
71000	0.46	0.5	0.5	0	0	0.46
71100	0.46	0.5	0.5	0	0	0.46
71200	0.46	0.5	0.5	0	0	0.46
71300	0.46	0.5	0.5	0	0	0.46
71400	0.46	0.5	0.5	0	0	0.46
71500	0.46	0.5	0.5	0	0	0.46
71600	0.46	0.5	0.5	0	0	0.46
71700	0.46	0.5	0.5	0	0	0.46
71800	0.46	0.5	0.5	0	0	0.46
71900	0.46	0.5	0.5	0	0	0.46
72000	0.46	0.5	0.5	0	0	0.46
72100	0.46	0.5	0.5	0	0	0.46
72200	0.46	0.5	0.5	0	0	0.46
72300	0.46	0.5	0.5	0	0	0.46
72400	0.46	0.5	0.5	0	0	0.46
72500	0.46	0.5	0.5	0	0	0.46
72600	0.46	0.5	0.5	0	0	0.46
72700	0.46	0.52	0.52	0	0	0.46
72800	0.46	0.52	0.52	0	0	0.46
72900	0.46	0.5	0.5	0	0	0.46
73000	0.46	0.5	0.5	0	0	0.46
73100	0.46	0.5	0.5	0	0	0.46
73200	0.46	0.5	0.5	0	0	0.46
73300	0.46	0.5	0.5	0	0	0.46
73400	0.46	0.5	0.5	0	0	0.46
73500	0.46	0.5	0.5	0	0	0.46
73600	0.46	0.5	0.5	0	0	0.46
73700	0.46	0.5	0.5	0	0	0.46
73800	0.46	0.5	0.5	0	0	0.46
73900	0.46	0.5	0.5	0	0	0.46
74000	0.46	0.5	0.5	0	0	0.46
74100	0.46	0.5	0.5	0	0	0.46
74200	0.44	0.5	0.5	0	0	0.44
74300	0.44	0.5	0.5	0	0	0.44
74400	0.44	0.5	0.5	0	0	0.44
74500	0.44	0.5	0.5	0	0	0.44
74600	0.42	0.5	0.5	0	0	0.42
74700	0.42	0.5	0.5	0	0	0.42
74800	0.42	0.5	0.5	0	0	0.42
74900	0.44	0.5	0.5	0	0	0.44
75000	0.44	0.5	0.5	0	0	0.44
75100	0.44	0.5	0.5	0	0	0.44
75200	0.44	0.5	0.5	0	0	0.44
75300	0.44	0.5	0.5	0	0	0.44
75400	0.44	0.5	0.5	0	0	0.44
75500	0.44	0.5	0.5	0	0	0.44
75600	0.46	0.5	0.5	0	0	0.46
75700	0.46	0.5	0.5	0	0	0.46
75800	0.46	0.5	0.5	0	0	0.46
75900	0.46	0.5	0.5	0	0	0.46
76000	0.46	0.5	0.5	0	0	0.46
76100	0.46	0.5	0.5	0	0	0.46
76200	0.46	0.5	0.5	0	0	0.46
76300	0.46	0.5	0.5	0	0	0.46
76400	0.46	0.5	0.5	0	0	0.46
76500	0.46	0.5	0.5	0	0	0.46
76600	0.46	0.5	0.5	0	0	0.46
76700	0.46	0.5	0.5	0	0	0.46
76800	0.46	0.5	0.5	0	0	0.46
76900	0.46	0.5	0.5	0	0	0.46
77000	0.46	0.5	0.5	0	0	0.46
77100	0.46	0.5	0.5	0	0	0.46
77200	0.46	0.5	0.5	0	0	0.46
77300	0.46	0.5	0.5	0	0	0.46
77400	0.46	0.5	0.5	0	0	0.46
77500	0.46	0.5	0.5	0	0	0.46
77600	0.46	0.5	0.5	0	0	0.46
77700	0.46	0.5	0.5	0	0	0.46
77800	0.46	0.5	0.5	0	0	0.46
77900	0.46	0.5	0.5	0	0	0.46
78000	0.46	0.5	0.5	0	0	0.46
78100	0.46	0.5	0.5	0	0	0.46
78200	0.46	0.5	0.5	0	0	0.46
78300	0.46	0.5	0.5	0	0	0.46
78400	0.46	0.52	0.52	0	0	0.46
78500	0.46	0.52	0.52	0	0	0.46
78600	0.46	0.52	0.52	0	0	0.46
78700	0.46	0.52	0.52	0	0	0.46
78800	0.46	0.52	0.52	0	0	0.46
78900	0.46	0.52	0.52	0	0	0.46
79000	0.46	0.52	0.52	0	0	0.46
79100	0.46	0.52	0.52	0	0	0.46
79200	0.46	0.52	0.52	0	0	0.46
79300	0.46	0.52	0.52	0	0	0.46
79400	0.46	0.52	0.52	0	0	0.46
79500	0.46	0.52	0.52	0	0	0.46
79600	0.46	0.52	0.52	0	0	0.46
79700	0.46	0.52	0.52	0	0	0.46
79800	0.46	0.52	0.52	0	0	0.46
79900	0.46	0.52	0.52	0	0	0.46
80000	0.46	0.52	0.52	0	0	0.46
80100	0.46	0.52	0.52	0	0	0.46
80200	0.46	0.52	0.52	0	0	0.46
80300	0.46	0.52	0.52	0	0	0.46
80400	0.46	0.52	0.52	0	0	0.46
80500	0.46	0.52	0.52	0	0	0.46
80600	0.46	0.52	0.52	0	0	0.46
80700	0.46	0.52	0.52	0	0	0.46
80800	0.46	0.52	0.52	0	0	0.46
80900	0.46	0.52	0.52	0	0	0.46
81000	0.46	0.52	0.52	0	0	0.46
81100	0.46	0.52	0.52	0	0	0.46
81200	0.46	0.52	0.52	0	0	0.46
81300	0.46	0.52	0.52	0	0	0.46
81400	0.46	0.52	0.52	0	0	0.46
81500	0.46	0.52	0.52	0	0	0.46
81600	0.46	0.52	0.52	0	0	0.46
81700	0.46	0.52	0.52	0	0	0.46
81800	0.46	0.52	0.52	0	0	0.46
81900	0.46	0.52	0.52	0	0	0.46
82000	0.46	0.52	0.52	0	0	0.46
82100	0.46	0.52	0.52	0	0	0.46
82200	0.46	0.52	0.52	0	0	0.46
82300	0.46	0.5	0.5	0	0	0.46
82400	0.46	0.5	0.5	0	0	0.46
82500	0.46	0.5	0.5	0	0	0.46
82600	0.46	0.5	0.5	0	0	0.46
82700	0.46	0.5	0.5	0	0	0.46
82800	0.46	0.5	0.5	0	0	0.46
82900	0.46	0.5	0.5	0	0	0.46
83000	0.46	0.5	0.5	0	0	0.46
83100	0.46	0.5	0.5	0	0	0.46
83200	0.46	0.5	0.5	0	0	0.46
83300	0.46	0.5	0.5	0	0	0.46
83400	0.46	0.5	0.5	0	0	0.46
83500	0.46	0.5	0.5	0	0	0.46
83600	0.46	0.5	0.5	0	0	0.46
83700	0.46	0.5	0.5	0	0	0.46
83800	0.46	0.5	0.5	0	0	0.46
83900	0.46	0.5	0.5	0	0	0.46
84000	0.46	0.5	0.5	0	0	0.46
84100	0.46	0.5	0.5	0	0	0.46
84200	0.46	0.5	0.5	0	0	0.46
84300	0.46	0.5	0.5	0	0	0.46
84400	0.46	0.5	0.5	0	0	0.46
84500	0.46	0.5	0.5	0	0	0.46
84600	0.46	0.5	0.5	0	0	0.46
84700	0.46	0.5	0.5	0	0	0.46
84800	0.46	0.5	0.5	0	0	0.46
84900	0.46	0.5	0.5	0	0	0.46
85000	0.46	0.5	0.5	0	0	0.46
85100	0.46	0.5	0.5	0	0	0.46
85200	0.46	0.5	0.5	0	0	0.46
85300	0.48	0.5	0.5	0	0	0.48
85400	0.48	0.5	0.5	0	0	0.48
85500	0.48	0.5	0.5	0	0	0.48
85600	0.5	0.5	0.5	0	0	0.5
85700	0.5	0.5	0.5	0	0	0.5
85800	0.5	0.5	0.5	0	0	0.5
85900	0.5	0.5	0.5	0	0	0.5
86000	0.5	0.5	0.5	0	0	0.5
86100	0.5	0.5	0.5	0	0	0.5
86200	0.5	0.5	0.5	0	0	0.5
86300	0.5	0.5	0.5	0	0	0.5
86400	0.5	0.5	0.5	0	0	0.5
86500	0.5	0.5	0.5	0	0	0.5
86600	0.5	0.5	0.5	0	0	0.5
86700	0.5	0.5	0.5	0	0	0.5
86800	0.5	0.5	0.5	0	0	0.5
86900	0.5	0.5	0.5	0	0	0.5
87000	0.5	0.5	0.5	0	0	0.5
87100	0.5	0.5	0.5	0	0	0.5
87200	0.5	0.5	0.5	0	0	0.5
87300	0.5	0.5	0.5	0	0	0.5
87400	0.5	0.5	0.5	0	0	0.5
87500	0.5	0.5	0.5	0	0	0.5
87600	0.5	0.5	0.5	0	0	0.5
87700	0.5	0.5	0.5	0	0	0.5
87800	0.5	0.5	0.5	0	0	0.5
87900	0.5	0.5	0.5	0	0	0.5
88000	0.5	0.5	0.5	0	0	0.5
88100	0.5	0.5	0.5	0	0	0.5
88200	0.5	0.5	0.5	0	0	0.5
88300	0.5	0.5	0.5	0	0	0.5
88400	0.5	0.5	0.5	0	0	0.5
88500	0.5	0.5	0.5	0	0	0.5
88600	0.5	0.5	0.5	0	0	0.5
88700	0.5	0.5	0.5	0	0	0.5
88800	0.5	0.5	0.5	0	0	0.5
88900	0.5	0.5	0.5	0	0	0.5
89000	0.5	0.5	0.5	0	0	0.5
89100	0.5	0.5	0.5	0	0	0.5
89200	0.5	0.5	0.5	0	0	0.5
89300	0.5	0.5	0.5	0	0	0.5
89400	0.5	0.5	0.5	0	0	0.5
89500	0.5	0.5	0.5	0	0	0.5
89600	0.5	0.5	0.5	0	0	0.5
89700	0.5	0.5	0.5	0	0	0.5
89800	0.5	0.5	0.5	0	0	0.5
89900	0.5	0.5	0.5	0	0	0.5
90000	0.5	0.5	0.5	0	0	0.5
90100	0.5	0.5	0.5	0	0	0.5
90200	0.5	0.5	0.5	0	0	0.5
90300	0.5	0.5	0.5	0	0	0.5
90400	0.48	0.5	0.5	0	0	0.48
90500	0.48	0.5	0.5	0	0	0.48
90600	0.48	0.5	0.5	0	0	0.48
90700	0.48	0.5	0.5	0	0	0.48
90800	0.48	0.5	0.5	0	0	0.48
90900	0.48	0.5	0.5	0	0	0.48
91000	0.48	0.5	0.5	0	0	0.48
91100	0.48	0.5	0.5	0	0	0.48
91200	0.48	0.5	0.5	0	0	0.48
91300	0.48	0.5	0.5	0	0	0.48
91400	0.48	0.5	0.5	0	0	0.48
91500	0.48	0.5	0.5	0	0	0.48
91600	0.48	0.5	0.5	0	0	0.48
91700	0.48	0.5	0.5	0	0	0.48
91800	0.48	0.5	0.5	0	0	0.48
91900	0.48	0.5	0.5	0	0	0.48
92000	0.48	0.5	0.5	0	0	0.48
92100	0.48	0.5	0.5	0	0	0.48
92200	0.48	0.5	0.5	0	0	0.48
92300	0.48	0.5	0.5	0	0	0.48
92400	0.48	0.5	0.5	0	0	0.48
92500	0.48	0.5	0.5	0	0	0.48
92600	0.48	0.5	0.5	0	0	0.48
92700	0.48	0.5	0.5	0	0	0.48
92800	0.48	0.5	0.5	0	0	0.48
92900	0.48	0.5	0.5	0	0	0.48
93000	0.48	0.5	0.5	0	0	0.48
93100	0.48	0.5	0.5	0	0	0.48
93200	0.48	0.5	0.5	0	0	0.48
93300	0.48	0.5	0.5	0	0	0.48
93400	0.48	0.5	0.5	0	0	0.48
93500	0.48	0.5	0.5	0	0	0.48
93600	0.48	0.5	0.5	0	0	0.48
93700	0.48	0.5	0.5	0	0	0.48
93800	0.48	0.5	0.5	0	0	0.48
93900	0.48	0.5	0.5	0	0	0.48
94000	0.48	0.5	0.5	0	0	0.48
94100	0.48	0.5	0.5	0	0	0.48
94200	0.48	0.5	0.5	0	0	0.48
94300	0.46	0.5	0.5	0	0	0.46
94400	0.46	0.5	0.5	0	0	0.46
94500	0.46	0.5	0.5	0	0	0.46
94600	0.46	0.5	0.5	0	0	0.46
94700	0.46	0.5	0.5	0	0	0.46
94800	0.46	0.5	0.5	0	0	0.46
94900	0.46	0.5	0.5	0	0	0.46
95000	0.46	0.5	0.5	0	0	0.46
95100	0.46	0.5	0.5	0	0	0.46
95200	0.46	0.5	0.5	0	0	0.46
95300	0.46	0.5	0.5	0	0	0.46
95400	0.46	0.5	0.5	0	0	0.46
95500	0.46	0.5	0.5	0	0	0.46
95600	0.46	0.5	0.5	0	0	0.46
95700	0.46	0.5	0.5	0	0	0.46
95800	0.48	0.5	0.5	0	0	0.48
95900	0.48	0.5	0.5	0	0	0.48
96000	0.48	0.5	0.5	0	0	0.48
96100	0.48	0.5	0.5	0	0	0.48
96200	0.48	0.5	0.5	0	0	0.48
96300	0.48	0.5	0.5	0	0	0.48
96400	0.48	0.5	0.5	0	0	0.48
96500	0.48	0.5	0.5	0	0	0.48
96600	0.48	0.5	0.5	0	0	0.48
96700	0.48	0.48	0.48	0	0	0.48
96800	0.48	0.48	0.48	0	0	0.48
96900	0.48	0.48	0.48	0	0	0.48
97000	0.48	0.46	0.46	0	0	0.48
97100	0.48	0.46	0.46	0	0	0.48
97200	0.48	0.46	0.46	0	0	0.48
97300	0.48	0.46	0.46	0	0	0.48
97400	0.46	0.46	0.46	0	0	0.46
97500	0.46	0.46	0.46	0	0	0.46
97600	0.44	0.46	0.46	0	0	0.44
97700	0.44	0.46	0.46	0	0	0.44
97800	0.44	0.46	0.46	0	0	0.44
97900	0.44	0.46	0.46	0	0	0.44
98000	0.44	0.46	0.46	0	0	0.44
98100	0.44	0.46	0.46	0	0	0.44
98200	0.44	0.46	0.46	0	0	0.44
98300	0.44	0.46	0.46	0	0	0.44
98400	0.44	0.46	0.46	0	0	0.44
98500	0.44	0.48	0.48	0	0	0.44
98600	0.46	0.5	0.5	0	0	0.46
98700	0.46	0.5	0.5	0	0	0.46
98800	0.46	0.5	0.5	0	0	0.46
98900	0.46	0.5	0.5	0	0	0.46
99000	0.46	0.5	0.5	0	0	0.46
99100	0.46	0.5	0.5	0	0	0.46
99200	0.48	0.5	0.5	0	0	0.48
99300	0.48	0.5	0.5	0	0	0.48
99400	0.48	0.5	0.5	0	0	0.48
99500	0.48	0.5	0.5	0	0	0.48
99600	0.48	0.5	0.5	0	0	0.48
99700	0.48	0.5	0.5	0	0	0.48
99800	0.48	0.5	0.5	0	0	0.48
99900	0.48	0.5	0.5	0	0	0.48
100000	0.48	0.5	0.5	0	0	0.48
