100	0.08	0.12	0.12	0	0	0.08
200	0.1	0.12	0.12	0	0	0.1
300	0.14	0.16	0.16	0	0	0.14
400	0.14	0.16	0.16	0	0	0.14
500	0.16	0.18	0.18	0	0	0.16
600	0.16	0.2	0.2	0	0	0.16
700	0.16	0.2	0.2	0	0	0.16
800	0.16	0.2	0.2	0	0	0.16
900	0.16	0.22	0.22	0	0	0.16
1000	0.16	0.22	0.22	0	0	0.16
1100	0.16	0.26	0.26	0	0	0.16
1200	0.16	0.26	0.26	0	0	0.16
1300	0.16	0.28	0.28	0	0	0.16
1400	0.18	0.28	0.28	0	0	0.18
1500	0.18	0.3	0.3	0	0	0.18
1600	0.18	0.3	0.3	0	0	0.18
1700	0.18	0.32	0.32	0	0	0.18
1800	0.18	0.34	0.34	0	0	0.18
1900	0.18	0.36	0.36	0	0	0.18
2000	0.18	0.38	0.38	0	0	0.18
2100	0.18	0.38	0.38	0	0	0.18
2200	0.18	0.4	0.4	0	0	0.18
2300	0.18	0.38	0.38	0	0	0.18
2400	0.18	0.38	0.38	0	0	0.18
2500	0.2	0.38	0.38	0	0	0.2
2600	0.2	0.38	0.38	0	0	0.2
2700	0.2	0.38	0.38	0	0	0.2
2800	0.2	0.38	0.38	0	0	0.2
2900	0.2	0.38	0.38	0	0	0.2
3000	0.22	0.38	0.38	0	0	0.22
3100	0.22	0.42	0.42	0	0	0.22
3200	0.22	0.42	0.42	0	0	0.22
3300	0.22	0.42	0.42	0	0	0.22
3400	0.22	0.42	0.42	0	0	0.22
3500	0.22	0.42	0.42	0	0	0.22
3600	0.22	0.42	0.42	0	0	0.22
3700	0.22	0.42	0.42	0	0	0.22
3800	0.22	0.42	0.42	0	0	0.22
3900	0.24	0.42	0.42	0	0	0.24
4000	0.24	0.42	0.42	0	0	0.24
4100	0.26	0.42	0.42	0	0	0.26
4200	0.28	0.42	0.42	0	0	0.28
4300	0.28	0.42	0.42	0	0	0.28
4400	0.28	0.44	0.44	0	0	0.28
4500	0.26	0.46	0.46	0	0	0.26
4600	0.26	0.46	0.46	0	0	0.26
4700	0.26	0.46	0.46	0	0	0.26
4800	0.26	0.46	0.46	0	0	0.26
4900	0.26	0.46	0.46	0	0	0.26
5000	0.26	0.46	0.46	0	0	0.26
5100	0.26	0.46	0.46	0	0	0.26
5200	0.26	0.46	0.46	0	0	0.26
5300	0.26	0.48	0.48	0	0	0.26
5400	0.26	0.48	0.48	0	0	0.26
5500	0.26	0.5	0.5	0	0	0.26
5600	0.26	0.5	0.5	0	0	0.26
5700	0.26	0.5	0.5	0	0	0.26
5800	0.26	0.52	0.52	0	0	0.26
5900	0.26	0.52	0.52	0	0	0.26
6000	0.26	0.5	0.5	0	0	0.26
6100	0.26	0.5	0.5	0	0	0.26
6200	0.26	0.5	0.5	0	0	0.26
6300	0.26	0.5	0.5	0	0	0.26
6400	0.26	0.52	0.52	0	0	0.26
6500	0.26	0.52	0.52	0	0	0.26
6600	0.26	0.52	0.52	0	0	0.26
6700	0.26	0.52	0.52	0	0	0.26
6800	0.26	0.52	0.52	0	0	0.26
6900	0.26	0.5	0.5	0	0	0.26
7000	0.26	0.5	0.5	0	0	0.26
7100	0.26	0.5	0.5	0	0	0.26
7200	0.26	0.46	0.46	0	0	0.26
7300	0.26	0.46	0.46	0	0	0.26
7400	0.26	0.46	0.46	0	0	0.26
7500	0.26	0.48	0.48	0	0	0.26
7600	0.26	0.48	0.48	0	0	0.26
7700	0.26	0.48	0.48	0	0	0.26
7800	0.26	0.48	0.48	0	0	0.26
7900	0.26	0.48	0.48	0	0	0.26
8000	0.26	0.48	0.48	0	0	0.26
8100	0.26	0.48	0.48	0	0	0.26
8200	0.26	0.44	0.44	0	0	0.26
8300	0.26	0.46	0.46	0	0	0.26
8400	0.26	0.46	0.46	0	0	0.26
8500	0.26	0.46	0.46	0	0	0.26
8600	0.26	0.46	0.46	0	0	0.26
8700	0.26	0.46	0.46	0	0	0.26
8800	0.3	0.44	0.44	0	0	0.3
8900	0.3	0.44	0.44	0	0	0.3
9000	0.3	0.44	0.44	0	0	0.3
9100	0.3	0.46	0.46	0	0	0.3
9200	0.3	0.48	0.48	0	0	0.3
9300	0.3	0.44	0.44	0	0	0.3
9400	0.3	0.44	0.44	0	0	0.3
9500	0.3	0.46	0.46	0	0	0.3
9600	0.3	0.46	0.46	0	0	0.3
9700	0.32	0.46	0.46	0	0	0.32
9800	0.32	0.46	0.46	0	0	0.32
9900	0.32	0.46	0.46	0	0	0.32
10000	0.32	0.46	0.46	0	0	0.32
10100	0.32	0.48	0.48	0	0	0.32
10200	0.32	0.5	0.5	0	0	0.32
10300	0.32	0.5	0.5	0	0	0.32
10400	0.32	0.5	0.5	0	0	0.32
10500	0.32	0.5	0.5	0	0	0.32
10600	0.32	0.5	0.5	0	0	0.32
10700	0.34	0.52	0.52	0	0	0.34
10800	0.34	0.52	0.52	0	0	0.34
10900	0.34	0.54	0.54	0	0	0.34
11000	0.34	0.54	0.54	0	0	0.34
11100	0.36	0.54	0.54	0	0	0.36
11200	0.36	0.54	0.54	0	0	0.36
11300	0.36	0.54	0.54	0	0	0.36
11400	0.36	0.54	0.54	0	0	0.36
11500	0.38	0.54	0.54	0	0	0.38
11600	0.38	0.54	0.54	0	0	0.38
11700	0.38	0.54	0.54	0	0	0.38
11800	0.38	0.54	0.54	0	0	0.38
11900	0.38	0.54	0.54	0	0	0.38
12000	0.38	0.54	0.54	0	0	0.38
12100	0.38	0.54	0.54	0	0	0.38
12200	0.38	0.54	0.54	0	0	0.38
12300	0.38	0.54	0.54	0	0	0.38
12400	0.38	0.52	0.52	0	0	0.38
12500	0.38	0.52	0.52	0	0	0.38
12600	0.38	0.52	0.52	0	0	0.38
12700	0.38	0.52	0.52	0	0	0.38
12800	0.36	0.52	0.52	0	0	0.36
12900	0.36	0.52	0.52	0	0	0.36
13000	0.34	0.52	0.52	0	0	0.34
13100	0.34	0.52	0.52	0	0	0.34
13200	0.34	0.52	0.52	0	0	0.34
13300	0.34	0.52	0.52	0	0	0.34
13400	0.32	0.52	0.52	0	0	0.32
13500	0.32	0.5	0.5	0	0	0.32
13600	0.32	0.5	0.5	0	0	0.32
13700	0.32	0.5	0.5	0	0	0.32
13800	0.32	0.5	0.5	0	0	0.32
13900	0.32	0.5	0.5	0	0	0.32
14000	0.32	0.52	0.52	0	0	0.32
14100	0.32	0.52	0.52	0	0	0.32
14200	0.32	0.52	0.52	0	0	0.32
14300	0.32	0.52	0.52	0	0	0.32
14400	0.32	0.52	0.52	0	0	0.32
14500	0.32	0.52	0.52	0	0	0.32
14600	0.32	0.54	0.54	0	0	0.32
14700	0.32	0.54	0.54	0	0	0.32
14800	0.34	0.54	0.54	0	0	0.34
14900	0.34	0.52	0.52	0	0	0.34
15000	0.34	0.52	0.52	0	0	0.34
15100	0.34	0.52	0.52	0	0	0.34
15200	0.34	0.52	0.52	0	0	0.34
15300	0.36	0.52	0.52	0	0	0.36
15400	0.36	0.52	0.52	0	0	0.36
15500	0.38	0.52	0.52	0	0	0.38
15600	0.38	0.52	0.52	0	0	0.38
15700	0.38	0.52	0.52	0	0	0.38
15800	0.38	0.52	0.52	0	0	0.38
15900	0.36	0.52	0.52	0	0	0.36
16000	0.36	0.52	0.52	0	0	0.36
16100	0.36	0.54	0.54	0	0	0.36
16200	0.34	0.54	0.54	0	0	0.34
16300	0.34	0.54	0.54	0	0	0.34
16400	0.32	0.54	0.54	0	0	0.32
16500	0.34	0.54	0.54	0	0	0.34
16600	0.34	0.54	0.54	0	0	0.34
16700	0.34	0.54	0.54	0	0	0.34
16800	0.34	0.54	0.54	0	0	0.34
16900	0.34	0.54	0.54	0	0	0.34
17000	0.34	0.54	0.54	0	0	0.34
17100	0.34	0.54	0.54	0	0	0.34
17200	0.36	0.54	0.54	0	0	0.36
17300	0.36	0.54	0.54	0	0	0.36
17400	0.36	0.54	0.54	0	0	0.36
17500	0.36	0.54	0.54	0	0	0.36
17600	0.36	0.54	0.54	0	0	0.36
17700	0.36	0.54	0.54	0	0	0.36
17800	0.36	0.54	0.54	0	0	0.36
17900	0.36	0.54	0.54	0	0	0.36
18000	0.36	0.54	0.54	0	0	0.36
18100	0.36	0.54	0.54	0	0	0.36
18200	0.36	0.54	0.54	0	0	0.36
18300	0.36	0.54	0.54	0	0	0.36
18400	0.36	0.54	0.54	0	0	0.36
18500	0.36	0.54	0.54	0	0	0.36
18600	0.36	0.54	0.54	0	0	0.36
18700	0.38	0.54	0.54	0	0	0.38
18800	0.38	0.54	0.54	0	0	0.38
18900	0.38	0.54	0.54	0	0	0.38
19000	0.38	0.54	0.54	0	0	0.38
19100	0.38	0.54	0.54	0	0	0.38
19200	0.4	0.54	0.54	0	0	0.4
19300	0.4	0.54	0.54	0	0	0.4
19400	0.4	0.54	0.54	0	0	0.4
19500	0.4	0.54	0.54	0	0	0.4
19600	0.4	0.54	0.54	0	0	0.4
19700	0.4	0.54	0.54	0	0	0.4
19800	0.4	0.54	0.54	0	0	0.4
19900	0.4	0.54	0.54	0	0	0.4
20000	0.4	0.54	0.54	0	0	0.4
20100	0.4	0.54	0.54	0	0	0.4
20200	0.38	0.54	0.54	0	0	0.38
20300	0.38	0.54	0.54	0	0	0.38
20400	0.38	0.54	0.54	0	0	0.38
20500	0.38	0.54	0.54	0	0	0.38
20600	0.38	0.54	0.54	0	0	0.38
20700	0.38	0.54	0.54	0	0	0.38
20800	0.38	0.54	0.54	0	0	0.38
20900	0.38	0.54	0.54	0	0	0.38
21000	0.36	0.54	0.54	0	0	0.36
21100	0.36	0.54	0.54	0	0	0.36
21200	0.36	0.54	0.54	0	0	0.36
21300	0.36	0.52	0.52	0	0	0.36
21400	0.36	0.52	0.52	0	0	0.36
21500	0.36	0.52	0.52	0	0	0.36
21600	0.36	0.52	0.52	0	0	0.36
21700	0.36	0.52	0.52	0	0	0.36
21800	0.36	0.5	0.5	0	0	0.36
21900	0.36	0.5	0.5	0	0	0.36
22000	0.36	0.52	0.52	0	0	0.36
22100	0.36	0.52	0.52	0	0	0.36
22200	0.36	0.54	0.54	0	0	0.36
22300	0.36	0.5	0.5	0	0	0.36
22400	0.38	0.5	0.5	0	0	0.38
22500	0.38	0.48	0.48	0	0	0.38
22600	0.36	0.48	0.48	0	0	0.36
22700	0.36	0.48	0.48	0	0	0.36
22800	0.36	0.48	0.48	0	0	0.36
22900	0.36	0.48	0.48	0	0	0.36
23000	0.36	0.48	0.48	0	0	0.36
23100	0.36	0.48	0.48	0	0	0.36
23200	0.36	0.5	0.5	0	0	0.36
23300	0.36	0.5	0.5	0	0	0.36
23400	0.36	0.5	0.5	0	0	0.36
23500	0.36	0.52	0.52	0	0	0.36
23600	0.36	0.5	0.5	0	0	0.36
23700	0.36	0.5	0.5	0	0	0.36
23800	0.36	0.5	0.5	0	0	0.36
23900	0.36	0.5	0.5	0	0	0.36
24000	0.36	0.5	0.5	0	0	0.36
24100	0.34	0.5	0.5	0	0	0.34
24200	0.34	0.5	0.5	0	0	0.34
24300	0.34	0.5	0.5	0	0	0.34
24400	0.34	0.52	0.52	0	0	0.34
24500	0.34	0.52	0.52	0	0	0.34
24600	0.34	0.52	0.52	0	0	0.34
24700	0.34	0.52	0.52	0	0	0.34
24800	0.34	0.52	0.52	0	0	0.34
24900	0.34	0.52	0.52	0	0	0.34
25000	0.34	0.52	0.52	0	0	0.34
25100	0.34	0.52	0.52	0	0	0.34
25200	0.34	0.52	0.52	0	0	0.34
25300	0.34	0.52	0.52	0	0	0.34
25400	0.34	0.52	0.52	0	0	0.34
25500	0.34	0.5	0.5	0	0	0.34
25600	0.34	0.5	0.5	0	0	0.34
25700	0.34	0.48	0.48	0	0	0.34
25800	0.34	0.5	0.5	0	0	0.34
25900	0.34	0.5	0.5	0	0	0.34
26000	0.34	0.5	0.5	0	0	0.34
26100	0.34	0.5	0.5	0	0	0.34
26200	0.34	0.5	0.5	0	0	0.34
26300	0.34	0.5	0.5	0	0	0.34
26400	0.34	0.5	0.5	0	0	0.34
26500	0.34	0.5	0.5	0	0	0.34
26600	0.34	0.5	0.5	0	0	0.34
26700	0.34	0.5	0.5	0	0	0.34
26800	0.34	0.5	0.5	0	0	0.34
26900	0.34	0.5	0.5	0	0	0.34
27000	0.34	0.5	0.5	0	0	0.34
27100	0.34	0.48	0.48	0	0	0.34
27200	0.34	0.48	0.48	0	0	0.34
27300	0.34	0.5	0.5	0	0	0.34
27400	0.34	0.5	0.5	0	0	0.34
27500	0.34	0.5	0.5	0	0	0.34
27600	0.34	0.5	0.5	0	0	0.34
27700	0.34	0.5	0.5	0	0	0.34
27800	0.34	0.5	0.5	0	0	0.34
27900	0.34	0.5	0.5	0	0	0.34
28000	0.34	0.5	0.5	0	0	0.34
28100	0.34	0.5	0.5	0	0	0.34
28200	0.34	0.5	0.5	0	0	0.34
28300	0.34	0.52	0.52	0	0	0.34
28400	0.34	0.52	0.52	0	0	0.34
28500	0.34	0.5	0.5	0	0	0.34
28600	0.34	0.5	0.5	0	0	0.34
28700	0.34	0.5	0.5	0	0	0.34
28800	0.34	0.5	0.5	0	0	0.34
28900	0.34	0.5	0.5	0	0	0.34
29000	0.34	0.52	0.52	0	0	0.34
29100	0.36	0.52	0.52	0	0	0.36
29200	0.36	0.52	0.52	0	0	0.36
29300	0.36	0.48	0.48	0	0	0.36
29400	0.36	0.48	0.48	0	0	0.36
29500	0.36	0.48	0.48	0	0	0.36
29600	0.36	0.48	0.48	0	0	0.36
29700	0.36	0.48	0.48	0	0	0.36
29800	0.34	0.48	0.48	0	0	0.34
29900	0.34	0.48	0.48	0	0	0.34
30000	0.34	0.48	0.48	0	0	0.34
30100	0.34	0.48	0.48	0	0	0.34
30200	0.34	0.48	0.48	0	0	0.34
30300	0.34	0.48	0.48	0	0	0.34
30400	0.36	0.48	0.48	0	0	0.36
30500	0.36	0.48	0.48	0	0	0.36
30600	0.36	0.48	0.48	0	0	0.36
30700	0.36	0.48	0.48	0	0	0.36
30800	0.38	0.48	0.48	0	0	0.38
30900	0.36	0.48	0.48	0	0	0.36
31000	0.36	0.46	0.46	0	0	0.36
31100	0.36	0.46	0.46	0	0	0.36
31200	0.36	0.46	0.46	0	0	0.36
31300	0.38	0.46	0.46	0	0	0.38
31400	0.38	0.46	0.46	0	0	0.38
31500	0.38	0.46	0.46	0	0	0.38
31600	0.38	0.46	0.46	0	0	0.38
31700	0.38	0.48	0.48	0	0	0.38
31800	0.38	0.48	0.48	0	0	0.38
31900	0.38	0.48	0.48	0	0	0.38
32000	0.38	0.48	0.48	0	0	0.38
32100	0.4	0.48	0.48	0	0	0.4
32200	0.4	0.48	0.48	0	0	0.4
32300	0.4	0.5	0.5	0	0	0.4
32400	0.4	0.52	0.52	0	0	0.4
32500	0.4	0.52	0.52	0	0	0.4
32600	0.4	0.52	0.52	0	0	0.4
32700	0.4	0.52	0.52	0	0	0.4
32800	0.4	0.52	0.52	0	0	0.4
32900	0.4	0.52	0.52	0	0	0.4
33000	0.4	0.5	0.5	0	0	0.4
33100	0.4	0.5	0.5	0	0	0.4
33200	0.38	0.5	0.5	0	0	0.38
33300	0.38	0.5	0.5	0	0	0.38
33400	0.38	0.5	0.5	0	0	0.38
33500	0.38	0.5	0.5	0	0	0.38
33600	0.38	0.5	0.5	0	0	0.38
33700	0.38	0.5	0.5	0	0	0.38
33800	0.38	0.5	0.5	0	0	0.38
33900	0.38	0.5	0.5	0	0	0.38
34000	0.38	0.5	0.5	0	0	0.38
34100	0.38	0.5	0.5	0	0	0.38
34200	0.38	0.5	0.5	0	0	0.38
34300	0.38	0.5	0.5	0	0	0.38
34400	0.38	0.5	0.5	0	0	0.38
34500	0.38	0.52	0.52	0	0	0.38
34600	0.38	0.5	0.5	0	0	0.38
34700	0.38	0.5	0.5	0	0	0.38
34800	0.38	0.5	0.5	0	0	0.38
34900	0.38	0.5	0.5	0	0	0.38
35000	0.38	0.5	0.5	0	0	0.38
35100	0.38	0.5	0.5	0	0	0.38
35200	0.38	0.5	0.5	0	0	0.38
35300	0.4	0.5	0.5	0	0	0.4
35400	0.4	0.5	0.5	0	0	0.4
35500	0.4	0.5	0.5	0	0	0.4
35600	0.38	0.5	0.5	0	0	0.38
35700	0.38	0.5	0.5	0	0	0.38
35800	0.38	0.5	0.5	0	0	0.38
35900	0.38	0.5	0.5	0	0	0.38
36000	0.38	0.5	0.5	0	0	0.38
36100	0.38	0.5	0.5	0	0	0.38
36200	0.38	0.5	0.5	0	0	0.38
36300	0.38	0.5	0.5	0	0	0.38
36400	0.38	0.5	0.5	0	0	0.38
36500	0.36	0.5	0.5	0	0	0.36
36600	0.36	0.5	0.5	0	0	0.36
36700	0.36	0.5	0.5	0	0	0.36
36800	0.36	0.5	0.5	0	0	0.36
36900	0.34	0.48	0.48	0	0	0.34
37000	0.34	0.5	0.5	0	0	0.34
37100	0.34	0.5	0.5	0	0	0.34
37200	0.34	0.5	0.5	0	0	0.34
37300	0.34	0.5	0.5	0	0	0.34
37400	0.34	0.5	0.5	0	0	0.34
37500	0.34	0.5	0.5	0	0	0.34
37600	0.34	0.52	0.52	0	0	0.34
37700	0.34	0.52	0.52	0	0	0.34
37800	0.34	0.52	0.52	0	0	0.34
37900	0.34	0.52	0.52	0	0	0.34
38000	0.34	0.52	0.52	0	0	0.34
38100	0.34	0.54	0.54	0	0	0.34
38200	0.34	0.54	0.54	0	0	0.34
38300	0.34	0.52	0.52	0	0	0.34
38400	0.34	0.54	0.54	0	0	0.34
38500	0.34	0.54	0.54	0	0	0.34
38600	0.34	0.52	0.52	0	0	0.34
38700	0.34	0.52	0.52	0	0	0.34
38800	0.34	0.52	0.52	0	0	0.34
38900	0.34	0.52	0.52	0	0	0.34
39000	0.34	0.52	0.52	0	0	0.34
39100	0.34	0.52	0.52	0	0	0.34
39200	0.34	0.52	0.52	0	0	0.34
39300	0.34	0.52	0.52	0	0	0.34
39400	0.34	0.52	0.52	0	0	0.34
39500	0.34	0.54	0.54	0	0	0.34
39600	0.34	0.54	0.54	0	0	0.34
39700	0.34	0.52	0.52	0	0	0.34
39800	0.34	0.52	0.52	0	0	0.34
39900	0.34	0.54	0.54	0	0	0.34
40000	0.34	0.52	0.52	0	0	0.34
40100	0.34	0.52	0.52	0	0	0.34
40200	0.36	0.52	0.52	0	0	0.36
40300	0.36	0.5	0.5	0	0	0.36
40400	0.36	0.5	0.5	0	0	0.36
40500	0.36	0.5	0.5	0	0	0.36
40600	0.36	0.5	0.5	0	0	0.36
40700	0.36	0.5	0.5	0	0	0.36
40800	0.36	0.5	0.5	0	0	0.36
40900	0.36	0.5	0.5	0	0	0.36
41000	0.36	0.5	0.5	0	0	0.36
41100	0.36	0.5	0.5	0	0	0.36
41200	0.36	0.5	0.5	0	0	0.36
41300	0.36	0.5	0.5	0	0	0.36
41400	0.38	0.5	0.5	0	0	0.38
41500	0.38	0.5	0.5	0	0	0.38
41600	0.38	0.5	0.5	0	0	0.38
41700	0.38	0.5	0.5	0	0	0.38
41800	0.38	0.5	0.5	0	0	0.38
41900	0.38	0.5	0.5	0	0	0.38
42000	0.36	0.5	0.5	0	0	0.36
42100	0.36	0.5	0.5	0	0	0.36
42200	0.36	0.5	0.5	0	0	0.36
42300	0.36	0.5	0.5	0	0	0.36
42400	0.36	0.5	0.5	0	0	0.36
42500	0.36	0.5	0.5	0	0	0.36
42600	0.36	0.5	0.5	0	0	0.36
42700	0.36	0.5	0.5	0	0	0.36
42800	0.36	0.5	0.5	0	0	0.36
42900	0.36	0.5	0.5	0	0	0.36
43000	0.36	0.52	0.52	0	0	0.36
43100	0.36	0.52	0.52	0	0	0.36
43200	0.36	0.54	0.54	0	0	0.36
43300	0.36	0.54	0.54	0	0	0.36
43400	0.36	0.52	0.52	0	0	0.36
43500	0.36	0.52	0.52	0	0	0.36
43600	0.36	0.54	0.54	0	0	0.36
43700	0.36	0.54	0.54	0	0	0.36
43800	0.36	0.54	0.54	0	0	0.36
43900	0.38	0.54	0.54	0	0	0.38
44000	0.38	0.54	0.54	0	0	0.38
44100	0.38	0.52	0.52	0	0	0.38
44200	0.38	0.52	0.52	0	0	0.38
44300	0.38	0.52	0.52	0	0	0.38
44400	0.38	0.52	0.52	0	0	0.38
44500	0.38	0.52	0.52	0	0	0.38
44600	0.38	0.52	0.52	0	0	0.38
44700	0.38	0.52	0.52	0	0	0.38
44800	0.38	0.52	0.52	0	0	0.38
44900	0.38	0.52	0.52	0	0	0.38
45000	0.38	0.52	0.52	0	0	0.38
45100	0.38	0.52	0.52	0	0	0.38
45200	0.38	0.52	0.52	0	0	0.38
45300	0.38	0.52	0.52	0	0	0.38
45400	0.38	0.52	0.52	0	0	0.38
45500	0.38	0.52	0.52	0	0	0.38
45600	0.38	0.52	0.52	0	0	0.38
45700	0.38	0.5	0.5	0	0	0.38
45800	0.38	0.5	0.5	0	0	0.38
45900	0.38	0.5	0.5	0	0	0.38
46000	0.38	0.5	0.5	0	0	0.38
46100	0.38	0.5	0.5	0	0	0.38
46200	0.38	0.5	0.5	0	0	0.38
46300	0.38	0.5	0.5	0	0	0.38
46400	0.36	0.5	0.5	0	0	0.36
46500	0.36	0.5	0.5	0	0	0.36
46600	0.36	0.5	0.5	0	0	0.36
46700	0.36	0.5	0.5	0	0	0.36
46800	0.36	0.5	0.5	0	0	0.36
46900	0.36	0.5	0.5	0	0	0.36
47000	0.36	0.5	0.5	0	0	0.36
47100	0.36	0.5	0.5	0	0	0.36
47200	0.36	0.5	0.5	0	0	0.36
47300	0.36	0.5	0.5	0	0	0.36
47400	0.36	0.5	0.5	0	0	0.36
47500	0.36	0.5	0.5	0	0	0.36
47600	0.36	0.5	0.5	0	0	0.36
47700	0.36	0.5	0.5	0	0	0.36
47800	0.36	0.5	0.5	0	0	0.36
47900	0.36	0.48	0.48	0	0	0.36
48000	0.34	0.48	0.48	0	0	0.34
48100	0.34	0.48	0.48	0	0	0.34
48200	0.34	0.48	0.48	0	0	0.34
48300	0.34	0.48	0.48	0	0	0.34
48400	0.34	0.48	0.48	0	0	0.34
48500	0.34	0.48	0.48	0	0	0.34
48600	0.34	0.48	0.48	0	0	0.34
48700	0.34	0.48	0.48	0	0	0.34
48800	0.34	0.48	0.48	0	0	0.34
48900	0.34	0.48	0.48	0	0	0.34
49000	0.34	0.48	0.48	0	0	0.34
49100	0.34	0.48	0.48	0	0	0.34
49200	0.34	0.48	0.48	0	0	0.34
49300	0.34	0.48	0.48	0	0	0.34
49400	0.34	0.48	0.48	0	0	0.34
49500	0.32	0.48	0.48	0	0	0.32
49600	0.32	0.48	0.48	0	0	0.32
49700	0.32	0.5	0.5	0	0	0.32
49800	0.32	0.5	0.5	0	0	0.32
49900	0.32	0.5	0.5	0	0	0.32
50000	0.32	0.5	0.5	0	0	0.32
50100	0.32	0.5	0.5	0	0	0.32
50200	0.32	0.5	0.5	0	0	0.32
50300	0.32	0.5	0.5	0	0	0.32
50400	0.32	0.5	0.5	0	0	0.32
50500	0.32	0.5	0.5	0	0	0.32
50600	0.32	0.5	0.5	0	0	0.32
50700	0.32	0.5	0.5	0	0	0.32
50800	0.32	0.5	0.5	0	0	0.32
50900	0.32	0.5	0.5	0	0	0.32
51000	0.32	0.5	0.5	0	0	0.32
51100	0.34	0.5	0.5	0	0	0.34
51200	0.34	0.5	0.5	0	0	0.34
51300	0.34	0.5	0.5	0	0	0.34
51400	0.34	0.5	0.5	0	0	0.34
51500	0.34	0.5	0.5	0	0	0.34
51600	0.34	0.5	0.5	0	0	0.34
51700	0.34	0.52	0.52	0	0	0.34
51800	0.34	0.52	0.52	0	0	0.34
51900	0.34	0.52	0.52	0	0	0.34
52000	0.34	0.52	0.52	0	0	0.34
52100	0.34	0.52	0.52	0	0	0.34
52200	0.34	0.54	0.54	0	0	0.34
52300	0.34	0.54	0.54	0	0	0.34
52400	0.34	0.54	0.54	0	0	0.34
52500	0.34	0.54	0.54	0	0	0.34
52600	0.34	0.54	0.54	0	0	0.34
52700	0.34	0.54	0.54	0	0	0.34
52800	0.34	0.54	0.54	0	0	0.34
52900	0.34	0.54	0.54	0	0	0.34
53000	0.34	0.54	0.54	0	0	0.34
53100	0.34	0.54	0.54	0	0	0.34
53200	0.34	0.54	0.54	0	0	0.34
53300	0.34	0.54	0.54	0	0	0.34
53400	0.34	0.56	0.56	0	0	0.34
53500	0.34	0.56	0.56	0	0	0.34
53600	0.34	0.56	0.56	0	0	0.34
53700	0.34	0.56	0.56	0	0	0.34
53800	0.34	0.56	0.56	0	0	0.34
53900	0.34	0.56	0.56	0	0	0.34
54000	0.34	0.56	0.56	0	0	0.34
54100	0.34	0.56	0.56	0	0	0.34
54200	0.34	0.56	0.56	0	0	0.34
54300	0.34	0.56	0.56	0	0	0.34
54400	0.34	0.56	0.56	0	0	0.34
54500	0.34	0.56	0.56	0	0	0.34
54600	0.34	0.56	0.56	0	0	0.34
54700	0.34	0.56	0.56	0	0	0.34
54800	0.34	0.56	0.56	0	0	0.34
54900	0.34	0.56	0.56	0	0	0.34
55000	0.34	0.56	0.56	0	0	0.34
55100	0.34	0.56	0.56	0	0	0.34
55200	0.34	0.56	0.56	0	0	0.34
55300	0.34	0.56	0.56	0	0	0.34
55400	0.34	0.56	0.56	0	0	0.34
55500	0.34	0.56	0.56	0	0	0.34
55600	0.34	0.56	0.56	0	0	0.34
55700	0.34	0.56	0.56	0	0	0.34
55800	0.34	0.56	0.56	0	0	0.34
55900	0.34	0.56	0.56	0	0	0.34
56000	0.34	0.56	0.56	0	0	0.34
56100	0.34	0.56	0.56	0	0	0.34
56200	0.34	0.56	0.56	0	0	0.34
56300	0.34	0.56	0.56	0	0	0.34
56400	0.34	0.56	0.56	0	0	0.34
56500	0.34	0.56	0.56	0	0	0.34
56600	0.34	0.54	0.54	0	0	0.34
56700	0.34	0.56	0.56	0	0	0.34
56800	0.34	0.56	0.56	0	0	0.34
56900	0.34	0.56	0.56	0	0	0.34
57000	0.34	0.56	0.56	0	0	0.34
57100	0.34	0.56	0.56	0	0	0.34
57200	0.34	0.56	0.56	0	0	0.34
57300	0.34	0.56	0.56	0	0	0.34
57400	0.34	0.56	0.56	0	0	0.34
57500	0.34	0.56	0.56	0	0	0.34
57600	0.34	0.56	0.56	0	0	0.34
57700	0.34	0.56	0.56	0	0	0.34
57800	0.34	0.54	0.54	0	0	0.34
57900	0.34	0.54	0.54	0	0	0.34
58000	0.34	0.54	0.54	0	0	0.34
58100	0.34	0.54	0.54	0	0	0.34
58200	0.34	0.54	0.54	0	0	0.34
58300	0.34	0.54	0.54	0	0	0.34
58400	0.34	0.54	0.54	0	0	0.34
58500	0.34	0.54	0.54	0	0	0.34
58600	0.34	0.54	0.54	0	0	0.34
58700	0.34	0.54	0.54	0	0	0.34
58800	0.34	0.54	0.54	0	0	0.34
58900	0.34	0.54	0.54	0	0	0.34
59000	0.34	0.54	0.54	0	0	0.34
59100	0.34	0.54	0.54	0	0	0.34
59200	0.34	0.54	0.54	0	0	0.34
59300	0.34	0.54	0.54	0	0	0.34
59400	0.34	0.54	0.54	0	0	0.34
59500	0.34	0.54	0.54	0	0	0.34
59600	0.34	0.54	0.54	0	0	0.34
59700	0.34	0.54	0.54	0	0	0.34
59800	0.34	0.54	0.54	0	0	0.34
59900	0.34	0.54	0.54	0	0	0.34
60000	0.34	0.54	0.54	0	0	0.34
60100	0.34	0.54	0.54	0	0	0.34
60200	0.34	0.54	0.54	0	0	0.34
60300	0.34	0.54	0.54	0	0	0.34
60400	0.34	0.54	0.54	0	0	0.34
60500	0.34	0.54	0.54	0	0	0.34
60600	0.34	0.54	0.54	0	0	0.34
60700	0.34	0.54	0.54	0	0	0.34
60800	0.34	0.54	0.54	0	0	0.34
60900	0.34	0.54	0.54	0	0	0.34
61000	0.34	0.54	0.54	0	0	0.34
61100	0.34	0.54	0.54	0	0	0.34
61200	0.34	0.54	0.54	0	0	0.34
61300	0.34	0.54	0.54	0	0	0.34
61400	0.34	0.54	0.54	0	0	0.34
61500	0.34	0.54	0.54	0	0	0.34
61600	0.34	0.54	0.54	0	0	0.34
61700	0.34	0.54	0.54	0	0	0.34
61800	0.34	0.54	0.54	0	0	0.34
61900	0.34	0.54	0.54	0	0	0.34
62000	0.34	0.54	0.54	0	0	0.34
62100	0.34	0.54	0.54	0	0	0.34
62200	0.34	0.54	0.54	0	0	0.34
62300	0.34	0.54	0.54	0	0	0.34
62400	0.34	0.54	0.54	0	0	0.34
62500	0.34	0.54	0.54	0	0	0.34
62600	0.34	0.54	0.54	0	0	0.34
62700	0.34	0.54	0.54	0	0	0.34
62800	0.34	0.54	0.54	0	0	0.34
62900	0.34	0.54	0.54	0	0	0.34
63000	0.34	0.54	0.54	0	0	0.34
63100	0.34	0.54	0.54	0	0	0.34
63200	0.34	0.54	0.54	0	0	0.34
63300	0.34	0.52	0.52	0	0	0.34
63400	0.34	0.52	0.52	0	0	0.34
63500	0.34	0.52	0.52	0	0	0.34
63600	0.34	0.52	0.52	0	0	0.34
63700	0.34	0.52	0.52	0	0	0.34
63800	0.34	0.52	0.52	0	0	0.34
63900	0.34	0.52	0.52	0	0	0.34
64000	0.34	0.52	0.52	0	0	0.34
64100	0.34	0.52	0.52	0	0	0.34
64200	0.34	0.52	0.52	0	0	0.34
64300	0.36	0.52	0.52	0	0	0.36
64400	0.36	0.52	0.52	0	0	0.36
64500	0.36	0.52	0.52	0	0	0.36
64600	0.36	0.52	0.52	0	0	0.36
64700	0.36	0.52	0.52	0	0	0.36
64800	0.36	0.54	0.54	0	0	0.36
64900	0.36	0.54	0.54	0	0	0.36
65000	0.36	0.54	0.54	0	0	0.36
65100	0.36	0.54	0.54	0	0	0.36
65200	0.34	0.54	0.54	0	0	0.34
65300	0.34	0.54	0.54	0	0	0.34
65400	0.34	0.54	0.54	0	0	0.34
65500	0.34	0.54	0.54	0	0	0.34
65600	0.34	0.54	0.54	0	0	0.34
65700	0.34	0.54	0.54	0	0	0.34
65800	0.34	0.54	0.54	0	0	0.34
65900	0.34	0.54	0.54	0	0	0.34
66000	0.34	0.54	0.54	0	0	0.34
66100	0.34	0.54	0.54	0	0	0.34
66200	0.34	0.54	0.54	0	0	0.34
66300	0.34	0.54	0.54	0	0	0.34
66400	0.34	0.54	0.54	0	0	0.34
66500	0.34	0.54	0.54	0	0	0.34
66600	0.34	0.54	0.54	0	0	0.34
66700	0.34	0.54	0.54	0	0	0.34
66800	0.34	0.54	0.54	0	0	0.34
66900	0.34	0.54	0.54	0	0	0.34
67000	0.34	0.54	0.54	0	0	0.34
67100	0.34	0.54	0.54	0	0	0.34
67200	0.34	0.54	0.54	0	0	0.34
67300	0.34	0.54	0.54	0	0	0.34
67400	0.34	0.54	0.54	0	0	0.34
67500	0.34	0.54	0.54	0	0	0.34
67600	0.34	0.54	0.54	0	0	0.34
67700	0.34	0.54	0.54	0	0	0.34
67800	0.34	0.54	0.54	0	0	0.34
67900	0.34	0.54	0.54	0	0	0.34
68000	0.34	0.54	0.54	0	0	0.34
68100	0.34	0.54	0.54	0	0	0.34
68200	0.34	0.54	0.54	0	0	0.34
68300	0.34	0.54	0.54	0	0	0.34
68400	0.34	0.54	0.54	0	0	0.34
68500	0.34	0.54	0.54	0	0	0.34
68600	0.34	0.54	0.54	0	0	0.34
68700	0.34	0.54	0.54	0	0	0.34
68800	0.34	0.54	0.54	0	0	0.34
68900	0.34	0.54	0.54	0	0	0.34
69000	0.34	0.52	0.52	0	0	0.34
69100	0.34	0.52	0.52	0	0	0.34
69200	0.34	0.52	0.52	0	0	0.34
69300	0.34	0.52	0.52	0	0	0.34
69400	0.36	0.52	0.52	0	0	0.36
69500	0.36	0.52	0.52	0	0	0.36
69600	0.36	0.52	0.52	0	0	0.36
69700	0.36	0.52	0.52	0	0	0.36
69800	0.36	0.52	0.52	0	0	0.36
69900	0.36	0.52	0.52	0	0	0.36
70000	0.36	0.52	0.52	0	0	0.36
70100	0.36	0.52	0.52	0	0	0.36
70200	0.36	0.52	0.52	0	0	0.36
70300	0.36	0.52	0.52	0	0	0.36
70400	0.36	0.52	0.52	0	0	0.36
70500	0.36	0.52	0.52	0	0	0.36
70600	0.36	0.52	0.52	0	0	0.36
70700	0.36	0.52	0.52	0	0	0.36
70800	0.36	0.52	0.52	0	0	0.36
70900	0.36	0.52	0.52	0	0	0.36
71000	0.36	0.52	0.52	0	0	0.36
71100	0.36	0.52	0.52	0	0	0.36
71200	0.36	0.52	0.52	0	0	0.36
71300	0.36	0.52	0.52	0	0	0.36
71400	0.36	0.52	0.52	0	0	0.36
71500	0.36	0.52	0.52	0	0	0.36
71600	0.36	0.52	0.52	0	0	0.36
71700	0.36	0.52	0.52	0	0	0.36
71800	0.36	0.52	0.52	0	0	0.36
71900	0.36	0.5	0.5	0	0	0.36
72000	0.36	0.52	0.52	0	0	0.36
72100	0.36	0.52	0.52	0	0	0.36
72200	0.36	0.52	0.52	0	0	0.36
72300	0.36	0.52	0.52	0	0	0.36
72400	0.36	0.52	0.52	0	0	0.36
72500	0.36	0.52	0.52	0	0	0.36
72600	0.36	0.52	0.52	0	0	0.36
72700	0.36	0.52	0.52	0	0	0.36
72800	0.36	0.52	0.52	0	0	0.36
72900	0.36	0.52	0.52	0	0	0.36
73000	0.36	0.52	0.52	0	0	0.36
73100	0.36	0.52	0.52	0	0	0.36
73200	0.36	0.52	0.52	0	0	0.36
73300	0.36	0.52	0.52	0	0	0.36
73400	0.36	0.56	0.56	0	0	0.36
73500	0.36	0.56	0.56	0	0	0.36
73600	0.36	0.56	0.56	0	0	0.36
73700	0.36	0.56	0.56	0	0	0.36
73800	0.36	0.56	0.56	0	0	0.36
73900	0.36	0.56	0.56	0	0	0.36
74000	0.36	0.56	0.56	0	0	0.36
74100	0.36	0.56	0.56	0	0	0.36
74200	0.36	0.56	0.56	0	0	0.36
74300	0.36	0.56	0.56	0	0	0.36
74400	0.36	0.56	0.56	0	0	0.36
74500	0.36	0.56	0.56	0	0	0.36
74600	0.36	0.56	0.56	0	0	0.36
74700	0.36	0.56	0.56	0	0	0.36
74800	0.36	0.56	0.56	0	0	0.36
74900	0.36	0.56	0.56	0	0	0.36
75000	0.36	0.56	0.56	0	0	0.36
75100	0.36	0.56	0.56	0	0	0.36
75200	0.36	0.56	0.56	0	0	0.36
75300	0.36	0.56	0.56	0	0	0.36
75400	0.36	0.56	0.56	0	0	0.36
75500	0.36	0.56	0.56	0	0	0.36
75600	0.34	0.56	0.56	0	0	0.34
75700	0.34	0.56	0.56	0	0	0.34
75800	0.34	0.56	0.56	0	0	0.34
75900	0.34	0.56	0.56	0	0	0.34
76000	0.34	0.56	0.56	0	0	0.34
76100	0.34	0.56	0.56	0	0	0.34
76200	0.34	0.56	0.56	0	0	0.34
76300	0.34	0.56	0.56	0	0	0.34
76400	0.34	0.56	0.56	0	0	0.34
76500	0.34	0.56	0.56	0	0	0.34
76600	0.34	0.56	0.56	0	0	0.34
76700	0.34	0.56	0.56	0	0	0.34
76800	0.34	0.56	0.56	0	0	0.34
76900	0.34	0.56	0.56	0	0	0.34
77000	0.34	0.56	0.56	0	0	0.34
77100	0.34	0.56	0.56	0	0	0.34
77200	0.36	0.56	0.56	0	0	0.36
77300	0.36	0.56	0.56	0	0	0.36
77400	0.36	0.56	0.56	0	0	0.36
77500	0.36	0.56	0.56	0	0	0.36
77600	0.36	0.56	0.56	0	0	0.36
77700	0.36	0.56	0.56	0	0	0.36
77800	0.36	0.56	0.56	0	0	0.36
77900	0.36	0.56	0.56	0	0	0.36
78000	0.36	0.58	0.58	0	0	0.36
78100	0.36	0.58	0.58	0	0	0.36
78200	0.36	0.58	0.58	0	0	0.36
78300	0.36	0.58	0.58	0	0	0.36
78400	0.36	0.58	0.58	0	0	0.36
78500	0.36	0.58	0.58	0	0	0.36
78600	0.36	0.58	0.58	0	0	0.36
78700	0.36	0.58	0.58	0	0	0.36
78800	0.36	0.58	0.58	0	0	0.36
78900	0.36	0.58	0.58	0	0	0.36
79000	0.36	0.58	0.58	0	0	0.36
79100	0.36	0.58	0.58	0	0	0.36
79200	0.36	0.58	0.58	0	0	0.36
79300	0.36	0.58	0.58	0	0	0.36
79400	0.36	0.58	0.58	0	0	0.36
79500	0.36	0.58	0.58	0	0	0.36
79600	0.36	0.58	0.58	0	0	0.36
79700	0.36	0.58	0.58	0	0	0.36
79800	0.38	0.58	0.58	0	0	0.38
79900	0.38	0.58	0.58	0	0	0.38
80000	0.38	0.58	0.58	0	0	0.38
80100	0.38	0.58	0.58	0	0	0.38
80200	0.38	0.58	0.58	0	0	0.38
80300	0.38	0.58	0.58	0	0	0.38
80400	0.38	0.58	0.58	0	0	0.38
80500	0.38	0.56	0.56	0	0	0.38
80600	0.38	0.56	0.56	0	0	0.38
80700	0.38	0.56	0.56	0	0	0.38
80800	0.38	0.56	0.56	0	0	0.38
80900	0.38	0.56	0.56	0	0	0.38
81000	0.38	0.56	0.56	0	0	0.38
81100	0.38	0.56	0.56	0	0	0.38
81200	0.38	0.56	0.56	0	0	0.38
81300	0.38	0.56	0.56	0	0	0.38
81400	0.38	0.56	0.56	0	0	0.38
81500	0.38	0.56	0.56	0	0	0.38
81600	0.38	0.56	0.56	0	0	0.38
81700	0.38	0.56	0.56	0	0	0.38
81800	0.38	0.56	0.56	0	0	0.38
81900	0.38	0.56	0.56	0	0	0.38
82000	0.38	0.56	0.56	0	0	0.38
82100	0.38	0.58	0.58	0	0	0.38
82200	0.38	0.58	0.58	0	0	0.38
82300	0.38	0.58	0.58	0	0	0.38
82400	0.38	0.58	0.58	0	0	0.38
82500	0.38	0.58	0.58	0	0	0.38
82600	0.38	0.58	0.58	0	0	0.38
82700	0.38	0.58	0.58	0	0	0.38
82800	0.38	0.58	0.58	0	0	0.38
82900	0.38	0.58	0.58	0	0	0.38
83000	0.38	0.58	0.58	0	0	0.38
83100	0.38	0.58	0.58	0	0	0.38
83200	0.38	0.58	0.58	0	0	0.38
83300	0.38	0.58	0.58	0	0	0.38
83400	0.38	0.58	0.58	0	0	0.38
83500	0.38	0.58	0.58	0	0	0.38
83600	0.38	0.58	0.58	0	0	0.38
83700	0.38	0.58	0.58	0	0	0.38
83800	0.38	0.58	0.58	0	0	0.38
83900	0.38	0.58	0.58	0	0	0.38
84000	0.38	0.58	0.58	0	0	0.38
84100	0.38	0.58	0.58	0	0	0.38
84200	0.38	0.58	0.58	0	0	0.38
84300	0.38	0.58	0.58	0	0	0.38
84400	0.38	0.58	0.58	0	0	0.38
84500	0.38	0.58	0.58	0	0	0.38
84600	0.38	0.58	0.58	0	0	0.38
84700	0.38	0.58	0.58	0	0	0.38
84800	0.38	0.58	0.58	0	0	0.38
84900	0.38	0.58	0.58	0	0	0.38
85000	0.38	0.58	0.58	0	0	0.38
85100	0.38	0.58	0.58	0	0	0.38
85200	0.38	0.58	0.58	0	0	0.38
85300	0.38	0.58	0.58	0	0	0.38
85400	0.38	0.58	0.58	0	0	0.38
85500	0.38	0.58	0.58	0	0	0.38
85600	0.38	0.58	0.58	0	0	0.38
85700	0.38	0.56	0.56	0	0	0.38
85800	0.38	0.56	0.56	0	0	0.38
85900	0.38	0.56	0.56	0	0	0.38
86000	0.38	0.56	0.56	0	0	0.38
86100	0.38	0.56	0.56	0	0	0.38
86200	0.38	0.56	0.56	0	0	0.38
86300	0.38	0.56	0.56	0	0	0.38
86400	0.38	0.56	0.56	0	0	0.38
86500	0.38	0.56	0.56	0	0	0.38
86600	0.38	0.56	0.56	0	0	0.38
86700	0.38	0.56	0.56	0	0	0.38
86800	0.38	0.56	0.56	0	0	0.38
86900	0.38	0.56	0.56	0	0	0.38
87000	0.38	0.54	0.54	0	0	0.38
87100	0.38	0.54	0.54	0	0	0.38
87200	0.38	0.54	0.54	0	0	0.38
87300	0.38	0.54	0.54	0	0	0.38
87400	0.38	0.54	0.54	0	0	0.38
87500	0.38	0.54	0.54	0	0	0.38
87600	0.38	0.54	0.54	0	0	0.38
87700	0.38	0.54	0.54	0	0	0.38
87800	0.38	0.54	0.54	0	0	0.38
87900	0.38	0.54	0.54	0	0	0.38
88000	0.38	0.54	0.54	0	0	0.38
88100	0.38	0.54	0.54	0	0	0.38
88200	0.38	0.54	0.54	0	0	0.38
88300	0.38	0.54	0.54	0	0	0.38
88400	0.38	0.54	0.54	0	0	0.38
88500	0.38	0.54	0.54	0	0	0.38
88600	0.38	0.54	0.54	0	0	0.38
88700	0.38	0.54	0.54	0	0	0.38
88800	0.38	0.54	0.54	0	0	0.38
88900	0.38	0.54	0.54	0	0	0.38
89000	0.38	0.54	0.54	0	0	0.38
89100	0.38	0.54	0.54	0	0	0.38
89200	0.38	0.54	0.54	0	0	0.38
89300	0.38	0.54	0.54	0	0	0.38
89400	0.38	0.54	0.54	0	0	0.38
89500	0.38	0.54	0.54	0	0	0.38
89600	0.38	0.54	0.54	0	0	0.38
89700	0.38	0.54	0.54	0	0	0.38
89800	0.38	0.54	0.54	0	0	0.38
89900	0.36	0.54	0.54	0	0	0.36
90000	0.36	0.54	0.54	0	0	0.36
90100	0.36	0.54	0.54	0	0	0.36
90200	0.36	0.54	0.54	0	0	0.36
90300	0.38	0.54	0.54	0	0	0.38
90400	0.38	0.54	0.54	0	0	0.38
90500	0.38	0.54	0.54	0	0	0.38
90600	0.4	0.54	0.54	0	0	0.4
90700	0.4	0.54	0.54	0	0	0.4
90800	0.4	0.54	0.54	0	0	0.4
90900	0.4	0.54	0.54	0	0	0.4
91000	0.38	0.54	0.54	0	0	0.38
91100	0.38	0.54	0.54	0	0	0.38
91200	0.38	0.54	0.54	0	0	0.38
91300	0.38	0.54	0.54	0	0	0.38
91400	0.38	0.54	0.54	0	0	0.38
91500	0.38	0.54	0.54	0	0	0.38
91600	0.38	0.54	0.54	0	0	0.38
91700	0.38	0.54	0.54	0	0	0.38
91800	0.38	0.54	0.54	0	0	0.38
91900	0.38	0.54	0.54	0	0	0.38
92000	0.38	0.54	0.54	0	0	0.38
92100	0.38	0.54	0.54	0	0	0.38
92200	0.38	0.54	0.54	0	0	0.38
92300	0.38	0.54	0.54	0	0	0.38
92400	0.38	0.54	0.54	0	0	0.38
92500	0.4	0.54	0.54	0	0	0.4
92600	0.42	0.54	0.54	0	0	0.42
92700	0.42	0.54	0.54	0	0	0.42
92800	0.42	0.54	0.54	0	0	0.42
92900	0.42	0.54	0.54	0	0	0.42
93000	0.42	0.54	0.54	0	0	0.42
93100	0.42	0.54	0.54	0	0	0.42
93200	0.42	0.54	0.54	0	0	0.42
93300	0.42	0.54	0.54	0	0	0.42
93400	0.42	0.54	0.54	0	0	0.42
93500	0.42	0.54	0.54	0	0	0.42
93600	0.42	0.54	0.54	0	0	0.42
93700	0.42	0.54	0.54	0	0	0.42
93800	0.42	0.54	0.54	0	0	0.42
93900	0.42	0.54	0.54	0	0	0.42
94000	0.42	0.54	0.54	0	0	0.42
94100	0.42	0.54	0.54	0	0	0.42
94200	0.42	0.54	0.54	0	0	0.42
94300	0.42	0.52	0.52	0	0	0.42
94400	0.42	0.52	0.52	0	0	0.42
94500	0.42	0.52	0.52	0	0	0.42
94600	0.42	0.52	0.52	0	0	0.42
94700	0.42	0.52	0.52	0	0	0.42
94800	0.42	0.52	0.52	0	0	0.42
94900	0.42	0.52	0.52	0	0	0.42
95000	0.42	0.52	0.52	0	0	0.42
95100	0.42	0.52	0.52	0	0	0.42
95200	0.42	0.52	0.52	0	0	0.42
95300	0.42	0.52	0.52	0	0	0.42
95400	0.42	0.5	0.5	0	0	0.42
95500	0.42	0.5	0.5	0	0	0.42
95600	0.42	0.5	0.5	0	0	0.42
95700	0.42	0.5	0.5	0	0	0.42
95800	0.42	0.5	0.5	0	0	0.42
95900	0.42	0.5	0.5	0	0	0.42
96000	0.42	0.5	0.5	0	0	0.42
96100	0.42	0.5	0.5	0	0	0.42
96200	0.42	0.5	0.5	0	0	0.42
96300	0.42	0.5	0.5	0	0	0.42
96400	0.42	0.48	0.48	0	0	0.42
96500	0.42	0.48	0.48	0	0	0.42
96600	0.42	0.48	0.48	0	0	0.42
96700	0.42	0.5	0.5	0	0	0.42
96800	0.42	0.5	0.5	0	0	0.42
96900	0.42	0.5	0.5	0	0	0.42
97000	0.42	0.5	0.5	0	0	0.42
97100	0.42	0.5	0.5	0	0	0.42
97200	0.42	0.5	0.5	0	0	0.42
97300	0.42	0.5	0.5	0	0	0.42
97400	0.42	0.5	0.5	0	0	0.42
97500	0.42	0.5	0.5	0	0	0.42
97600	0.42	0.5	0.5	0	0	0.42
97700	0.42	0.5	0.5	0	0	0.42
97800	0.42	0.5	0.5	0	0	0.42
97900	0.42	0.5	0.5	0	0	0.42
98000	0.42	0.5	0.5	0	0	0.42
98100	0.42	0.5	0.5	0	0	0.42
98200	0.42	0.5	0.5	0	0	0.42
98300	0.42	0.5	0.5	0	0	0.42
98400	0.42	0.5	0.5	0	0	0.42
98500	0.42	0.5	0.5	0	0	0.42
98600	0.42	0.5	0.5	0	0	0.42
98700	0.42	0.5	0.5	0	0	0.42
98800	0.42	0.5	0.5	0	0	0.42
98900	0.42	0.5	0.5	0	0	0.42
99000	0.42	0.5	0.5	0	0	0.42
99100	0.42	0.5	0.5	0	0	0.42
99200	0.42	0.5	0.5	0	0	0.42
99300	0.42	0.5	0.5	0	0	0.42
99400	0.42	0.5	0.5	0	0	0.42
99500	0.42	0.5	0.5	0	0	0.42
99600	0.42	0.5	0.5	0	0	0.42
99700	0.42	0.5	0.5	0	0	0.42
99800	0.42	0.5	0.5	0	0	0.42
99900	0.42	0.5	0.5	0	0	0.42
100000	0.42	0.5	0.5	0	0	0.42
