100	0.1	0.12	0.12	0	0	0.1
200	0.1	0.14	0.14	0	0	0.1
300	0.12	0.16	0.16	0	0	0.12
400	0.16	0.16	0.16	0	0	0.16
500	0.16	0.16	0.16	0	0	0.16
600	0.16	0.16	0.16	0	0	0.16
700	0.16	0.16	0.16	0	0	0.16
800	0.16	0.18	0.18	0	0	0.16
900	0.2	0.18	0.18	0	0	0.2
1000	0.22	0.18	0.18	0	0	0.22
1100	0.24	0.2	0.2	0	0	0.24
1200	0.22	0.22	0.22	0	0	0.22
1300	0.22	0.22	0.22	0	0	0.22
1400	0.22	0.22	0.22	0	0	0.22
1500	0.22	0.22	0.22	0	0	0.22
1600	0.22	0.22	0.22	0	0	0.22
1700	0.22	0.22	0.22	0	0	0.22
1800	0.22	0.24	0.24	0	0	0.22
1900	0.22	0.24	0.24	0	0	0.22
2000	0.26	0.26	0.26	0	0	0.26
2100	0.24	0.28	0.28	0	0	0.24
2200	0.22	0.28	0.28	0	0	0.22
2300	0.22	0.28	0.28	0	0	0.22
2400	0.22	0.28	0.28	0	0	0.22
2500	0.22	0.32	0.32	0	0	0.22
2600	0.22	0.32	0.32	0	0	0.22
2700	0.22	0.34	0.34	0	0	0.22
2800	0.22	0.32	0.32	0	0	0.22
2900	0.24	0.32	0.32	0	0	0.24
3000	0.22	0.32	0.32	0	0	0.22
3100	0.24	0.3	0.3	0	0	0.24
3200	0.24	0.32	0.32	0	0	0.24
3300	0.24	0.32	0.32	0	0	0.24
3400	0.24	0.32	0.32	0	0	0.24
3500	0.24	0.32	0.32	0	0	0.24
3600	0.24	0.32	0.32	0	0	0.24
3700	0.24	0.32	0.32	0	0	0.24
3800	0.24	0.32	0.32	0	0	0.24
3900	0.22	0.32	0.32	0	0	0.22
4000	0.26	0.32	0.32	0	0	0.26
4100	0.28	0.32	0.32	0	0	0.28
4200	0.26	0.32	0.32	0	0	0.26
4300	0.26	0.3	0.3	0	0	0.26
4400	0.26	0.3	0.3	0	0	0.26
4500	0.26	0.3	0.3	0	0	0.26
4600	0.26	0.34	0.34	0	0	0.26
4700	0.26	0.34	0.34	0	0	0.26
4800	0.28	0.34	0.34	0	0	0.28
4900	0.28	0.34	0.34	0	0	0.28
5000	0.3	0.34	0.34	0	0	0.3
5100	0.3	0.34	0.34	0	0	0.3
5200	0.3	0.34	0.34	0	0	0.3
5300	0.3	0.36	0.36	0	0	0.3
5400	0.3	0.36	0.36	0	0	0.3
5500	0.3	0.36	0.36	0	0	0.3
5600	0.3	0.36	0.36	0	0	0.3
5700	0.3	0.36	0.36	0	0	0.3
5800	0.3	0.36	0.36	0	0	0.3
5900	0.3	0.36	0.36	0	0	0.3
6000	0.3	0.36	0.36	0	0	0.3
6100	0.3	0.36	0.36	0	0	0.3
6200	0.3	0.36	0.36	0	0	0.3
6300	0.3	0.4	0.4	0	0	0.3
6400	0.3	0.38	0.38	0	0	0.3
6500	0.3	0.38	0.38	0	0	0.3
6600	0.3	0.38	0.38	0	0	0.3
6700	0.3	0.38	0.38	0	0	0.3
6800	0.3	0.38	0.38	0	0	0.3
6900	0.3	0.38	0.38	0	0	0.3
7000	0.3	0.38	0.38	0	0	0.3
7100	0.3	0.38	0.38	0	0	0.3
7200	0.3	0.38	0.38	0	0	0.3
7300	0.3	0.38	0.38	0	0	0.3
7400	0.3	0.38	0.38	0	0	0.3
7500	0.3	0.38	0.38	0	0	0.3
7600	0.3	0.38	0.38	0	0	0.3
7700	0.3	0.38	0.38	0	0	0.3
7800	0.3	0.38	0.38	0	0	0.3
7900	0.3	0.4	0.4	0	0	0.3
8000	0.3	0.4	0.4	0	0	0.3
8100	0.3	0.4	0.4	0	0	0.3
8200	0.3	0.4	0.4	0	0	0.3
8300	0.3	0.4	0.4	0	0	0.3
8400	0.28	0.4	0.4	0	0	0.28
8500	0.28	0.42	0.42	0	0	0.28
8600	0.28	0.42	0.42	0	0	0.28
8700	0.28	0.42	0.42	0	0	0.28
8800	0.28	0.42	0.42	0	0	0.28
8900	0.26	0.4	0.4	0	0	0.26
9000	0.26	0.42	0.42	0	0	0.26
9100	0.26	0.4	0.4	0	0	0.26
9200	0.26	0.4	0.4	0	0	0.26
9300	0.26	0.4	0.4	0	0	0.26
9400	0.26	0.4	0.4	0	0	0.26
9500	0.26	0.4	0.4	0	0	0.26
9600	0.26	0.4	0.4	0	0	0.26
9700	0.26	0.4	0.4	0	0	0.26
9800	0.26	0.4	0.4	0	0	0.26
9900	0.26	0.42	0.42	0	0	0.26
10000	0.26	0.4	0.4	0	0	0.26
10100	0.26	0.4	0.4	0	0	0.26
10200	0.26	0.4	0.4	0	0	0.26
10300	0.26	0.4	0.4	0	0	0.26
10400	0.26	0.4	0.4	0	0	0.26
10500	0.26	0.38	0.38	0	0	0.26
10600	0.26	0.4	0.4	0	0	0.26
10700	0.26	0.4	0.4	0	0	0.26
10800	0.26	0.4	0.4	0	0	0.26
10900	0.26	0.42	0.42	0	0	0.26
11000	0.26	0.42	0.42	0	0	0.26
11100	0.26	0.44	0.44	0	0	0.26
11200	0.26	0.44	0.44	0	0	0.26
11300	0.26	0.44	0.44	0	0	0.26
11400	0.26	0.48	0.48	0	0	0.26
11500	0.26	0.5	0.5	0	0	0.26
11600	0.26	0.5	0.5	0	0	0.26
11700	0.26	0.5	0.5	0	0	0.26
11800	0.26	0.48	0.48	0	0	0.26
11900	0.26	0.48	0.48	0	0	0.26
12000	0.26	0.48	0.48	0	0	0.26
12100	0.26	0.5	0.5	0	0	0.26
12200	0.26	0.5	0.5	0	0	0.26
12300	0.26	0.5	0.5	0	0	0.26
12400	0.28	0.5	0.5	0	0	0.28
12500	0.28	0.48	0.48	0	0	0.28
12600	0.28	0.46	0.46	0	0	0.28
12700	0.28	0.46	0.46	0	0	0.28
12800	0.28	0.46	0.46	0	0	0.28
12900	0.3	0.48	0.48	0	0	0.3
13000	0.3	0.48	0.48	0	0	0.3
13100	0.3	0.48	0.48	0	0	0.3
13200	0.32	0.48	0.48	0	0	0.32
13300	0.32	0.48	0.48	0	0	0.32
13400	0.32	0.48	0.48	0	0	0.32
13500	0.32	0.48	0.48	0	0	0.32
13600	0.32	0.46	0.46	0	0	0.32
13700	0.32	0.46	0.46	0	0	0.32
13800	0.32	0.46	0.46	0	0	0.32
13900	0.34	0.46	0.46	0	0	0.34
14000	0.32	0.46	0.46	0	0	0.32
14100	0.32	0.46	0.46	0	0	0.32
14200	0.32	0.46	0.46	0	0	0.32
14300	0.32	0.46	0.46	0	0	0.32
14400	0.3	0.46	0.46	0	0	0.3
14500	0.3	0.46	0.46	0	0	0.3
14600	0.3	0.46	0.46	0	0	0.3
14700	0.3	0.48	0.48	0	0	0.3
14800	0.3	0.48	0.48	0	0	0.3
14900	0.3	0.48	0.48	0	0	0.3
15000	0.3	0.48	0.48	0	0	0.3
15100	0.3	0.48	0.48	0	0	0.3
15200	0.3	0.5	0.5	0	0	0.3
15300	0.3	0.48	0.48	0	0	0.3
15400	0.3	0.48	0.48	0	0	0.3
15500	0.3	0.5	0.5	0	0	0.3
15600	0.3	0.5	0.5	0	0	0.3
15700	0.32	0.5	0.5	0	0	0.32
15800	0.32	0.5	0.5	0	0	0.32
15900	0.32	0.5	0.5	0	0	0.32
16000	0.32	0.5	0.5	0	0	0.32
16100	0.32	0.5	0.5	0	0	0.32
16200	0.32	0.48	0.48	0	0	0.32
16300	0.32	0.48	0.48	0	0	0.32
16400	0.32	0.46	0.46	0	0	0.32
16500	0.32	0.46	0.46	0	0	0.32
16600	0.32	0.46	0.46	0	0	0.32
16700	0.32	0.46	0.46	0	0	0.32
16800	0.32	0.46	0.46	0	0	0.32
16900	0.32	0.46	0.46	0	0	0.32
17000	0.32	0.46	0.46	0	0	0.32
17100	0.34	0.44	0.44	0	0	0.34
17200	0.34	0.46	0.46	0	0	0.34
17300	0.34	0.46	0.46	0	0	0.34
17400	0.34	0.46	0.46	0	0	0.34
17500	0.34	0.46	0.46	0	0	0.34
17600	0.34	0.46	0.46	0	0	0.34
17700	0.34	0.46	0.46	0	0	0.34
17800	0.34	0.46	0.46	0	0	0.34
17900	0.34	0.46	0.46	0	0	0.34
18000	0.32	0.46	0.46	0	0	0.32
18100	0.32	0.46	0.46	0	0	0.32
18200	0.34	0.46	0.46	0	0	0.34
18300	0.34	0.46	0.46	0	0	0.34
18400	0.36	0.46	0.46	0	0	0.36
18500	0.36	0.46	0.46	0	0	0.36
18600	0.36	0.46	0.46	0	0	0.36
18700	0.36	0.48	0.48	0	0	0.36
18800	0.36	0.48	0.48	0	0	0.36
18900	0.36	0.48	0.48	0	0	0.36
19000	0.36	0.48	0.48	0	0	0.36
19100	0.36	0.48	0.48	0	0	0.36
19200	0.36	0.48	0.48	0	0	0.36
19300	0.36	0.48	0.48	0	0	0.36
19400	0.36	0.48	0.48	0	0	0.36
19500	0.36	0.48	0.48	0	0	0.36
19600	0.34	0.48	0.48	0	0	0.34
19700	0.34	0.48	0.48	0	0	0.34
19800	0.34	0.48	0.48	0	0	0.34
19900	0.34	0.5	0.5	0	0	0.34
20000	0.34	0.5	0.5	0	0	0.34
20100	0.34	0.5	0.5	0	0	0.34
20200	0.34	0.5	0.5	0	0	0.34
20300	0.34	0.5	0.5	0	0	0.34
20400	0.34	0.5	0.5	0	0	0.34
20500	0.34	0.5	0.5	0	0	0.34
20600	0.34	0.5	0.5	0	0	0.34
20700	0.34	0.5	0.5	0	0	0.34
20800	0.34	0.5	0.5	0	0	0.34
20900	0.34	0.5	0.5	0	0	0.34
21000	0.34	0.5	0.5	0	0	0.34
21100	0.34	0.5	0.5	0	0	0.34
21200	0.34	0.5	0.5	0	0	0.34
21300	0.34	0.5	0.5	0	0	0.34
21400	0.34	0.5	0.5	0	0	0.34
21500	0.34	0.5	0.5	0	0	0.34
21600	0.36	0.5	0.5	0	0	0.36
21700	0.34	0.5	0.5	0	0	0.34
21800	0.34	0.52	0.52	0	0	0.34
21900	0.34	0.52	0.52	0	0	0.34
22000	0.34	0.52	0.52	0	0	0.34
22100	0.34	0.52	0.52	0	0	0.34
22200	0.34	0.52	0.52	0	0	0.34
22300	0.36	0.52	0.52	0	0	0.36
22400	0.36	0.52	0.52	0	0	0.36
22500	0.36	0.52	0.52	0	0	0.36
22600	0.36	0.52	0.52	0	0	0.36
22700	0.36	0.52	0.52	0	0	0.36
22800	0.36	0.52	0.52	0	0	0.36
22900	0.36	0.52	0.52	0	0	0.36
23000	0.38	0.52	0.52	0	0	0.38
23100	0.38	0.52	0.52	0	0	0.38
23200	0.38	0.54	0.54	0	0	0.38
23300	0.38	0.54	0.54	0	0	0.38
23400	0.38	0.54	0.54	0	0	0.38
23500	0.36	0.54	0.54	0	0	0.36
23600	0.36	0.54	0.54	0	0	0.36
23700	0.36	0.54	0.54	0	0	0.36
23800	0.38	0.54	0.54	0	0	0.38
23900	0.38	0.54	0.54	0	0	0.38
24000	0.38	0.54	0.54	0	0	0.38
24100	0.38	0.54	0.54	0	0	0.38
24200	0.38	0.54	0.54	0	0	0.38
24300	0.38	0.54	0.54	0	0	0.38
24400	0.38	0.54	0.54	0	0	0.38
24500	0.38	0.54	0.54	0	0	0.38
24600	0.38	0.54	0.54	0	0	0.38
24700	0.38	0.52	0.52	0	0	0.38
24800	0.36	0.52	0.52	0	0	0.36
24900	0.36	0.52	0.52	0	0	0.36
25000	0.36	0.52	0.52	0	0	0.36
25100	0.36	0.52	0.52	0	0	0.36
25200	0.36	0.52	0.52	0	0	0.36
25300	0.38	0.52	0.52	0	0	0.38
25400	0.38	0.52	0.52	0	0	0.38
25500	0.38	0.52	0.52	0	0	0.38
25600	0.38	0.54	0.54	0	0	0.38
25700	0.38	0.54	0.54	0	0	0.38
25800	0.38	0.54	0.54	0	0	0.38
25900	0.38	0.54	0.54	0	0	0.38
26000	0.38	0.54	0.54	0	0	0.38
26100	0.38	0.54	0.54	0	0	0.38
26200	0.38	0.54	0.54	0	0	0.38
26300	0.38	0.54	0.54	0	0	0.38
26400	0.38	0.54	0.54	0	0	0.38
26500	0.36	0.54	0.54	0	0	0.36
26600	0.36	0.54	0.54	0	0	0.36
26700	0.36	0.54	0.54	0	0	0.36
26800	0.36	0.54	0.54	0	0	0.36
26900	0.36	0.54	0.54	0	0	0.36
27000	0.36	0.54	0.54	0	0	0.36
27100	0.36	0.54	0.54	0	0	0.36
27200	0.36	0.54	0.54	0	0	0.36
27300	0.36	0.54	0.54	0	0	0.36
27400	0.36	0.54	0.54	0	0	0.36
27500	0.36	0.54	0.54	0	0	0.36
27600	0.36	0.54	0.54	0	0	0.36
27700	0.36	0.54	0.54	0	0	0.36
27800	0.36	0.54	0.54	0	0	0.36
27900	0.36	0.54	0.54	0	0	0.36
28000	0.36	0.54	0.54	0	0	0.36
28100	0.36	0.54	0.54	0	0	0.36
28200	0.36	0.54	0.54	0	0	0.36
28300	0.36	0.56	0.56	0	0	0.36
28400	0.36	0.56	0.56	0	0	0.36
28500	0.36	0.56	0.56	0	0	0.36
28600	0.36	0.56	0.56	0	0	0.36
28700	0.36	0.58	0.58	0	0	0.36
28800	0.36	0.56	0.56	0	0	0.36
28900	0.36	0.56	0.56	0	0	0.36
29000	0.36	0.56	0.56	0	0	0.36
29100	0.36	0.56	0.56	0	0	0.36
29200	0.36	0.56	0.56	0	0	0.36
29300	0.36	0.56	0.56	0	0	0.36
29400	0.36	0.56	0.56	0	0	0.36
29500	0.36	0.56	0.56	0	0	0.36
29600	0.36	0.56	0.56	0	0	0.36
29700	0.36	0.56	0.56	0	0	0.36
29800	0.36	0.56	0.56	0	0	0.36
29900	0.36	0.58	0.58	0	0	0.36
30000	0.36	0.58	0.58	0	0	0.36
30100	0.36	0.58	0.58	0	0	0.36
30200	0.36	0.58	0.58	0	0	0.36
30300	0.36	0.58	0.58	0	0	0.36
30400	0.36	0.58	0.58	0	0	0.36
30500	0.36	0.58	0.58	0	0	0.36
30600	0.36	0.58	0.58	0	0	0.36
30700	0.36	0.58	0.58	0	0	0.36
30800	0.38	0.58	0.58	0	0	0.38
30900	0.38	0.58	0.58	0	0	0.38
31000	0.38	0.58	0.58	0	0	0.38
31100	0.38	0.58	0.58	0	0	0.38
31200	0.38	0.58	0.58	0	0	0.38
31300	0.38	0.58	0.58	0	0	0.38
31400	0.38	0.58	0.58	0	0	0.38
31500	0.36	0.56	0.56	0	0	0.36
31600	0.34	0.56	0.56	0	0	0.34
31700	0.34	0.56	0.56	0	0	0.34
31800	0.34	0.56	0.56	0	0	0.34
31900	0.34	0.56	0.56	0	0	0.34
32000	0.34	0.56	0.56	0	0	0.34
32100	0.34	0.56	0.56	0	0	0.34
32200	0.34	0.56	0.56	0	0	0.34
32300	0.34	0.56	0.56	0	0	0.34
32400	0.34	0.56	0.56	0	0	0.34
32500	0.34	0.56	0.56	0	0	0.34
32600	0.34	0.56	0.56	0	0	0.34
32700	0.36	0.56	0.56	0	0	0.36
32800	0.36	0.56	0.56	0	0	0.36
32900	0.36	0.56	0.56	0	0	0.36
33000	0.36	0.56	0.56	0	0	0.36
33100	0.36	0.58	0.58	0	0	0.36
33200	0.36	0.58	0.58	0	0	0.36
33300	0.36	0.58	0.58	0	0	0.36
33400	0.36	0.58	0.58	0	0	0.36
33500	0.36	0.58	0.58	0	0	0.36
33600	0.36	0.58	0.58	0	0	0.36
33700	0.36	0.58	0.58	0	0	0.36
33800	0.36	0.58	0.58	0	0	0.36
33900	0.36	0.58	0.58	0	0	0.36
34000	0.34	0.56	0.56	0	0	0.34
34100	0.34	0.56	0.56	0	0	0.34
34200	0.34	0.56	0.56	0	0	0.34
34300	0.34	0.56	0.56	0	0	0.34
34400	0.34	0.56	0.56	0	0	0.34
34500	0.34	0.56	0.56	0	0	0.34
34600	0.34	0.56	0.56	0	0	0.34
34700	0.34	0.56	0.56	0	0	0.34
34800	0.34	0.56	0.56	0	0	0.34
34900	0.34	0.56	0.56	0	0	0.34
35000	0.34	0.56	0.56	0	0	0.34
35100	0.34	0.56	0.56	0	0	0.34
35200	0.34	0.56	0.56	0	0	0.34
35300	0.36	0.56	0.56	0	0	0.36
35400	0.36	0.56	0.56	0	0	0.36
35500	0.36	0.56	0.56	0	0	0.36
35600	0.36	0.56	0.56	0	0	0.36
35700	0.36	0.56	0.56	0	0	0.36
35800	0.36	0.56	0.56	0	0	0.36
35900	0.36	0.56	0.56	0	0	0.36
36000	0.36	0.56	0.56	0	0	0.36
36100	0.38	0.56	0.56	0	0	0.38
36200	0.38	0.56	0.56	0	0	0.38
36300	0.38	0.56	0.56	0	0	0.38
36400	0.38	0.56	0.56	0	0	0.38
36500	0.38	0.56	0.56	0	0	0.38
36600	0.38	0.56	0.56	0	0	0.38
36700	0.38	0.54	0.54	0	0	0.38
36800	0.38	0.54	0.54	0	0	0.38
36900	0.38	0.54	0.54	0	0	0.38
37000	0.38	0.54	0.54	0	0	0.38
37100	0.38	0.54	0.54	0	0	0.38
37200	0.4	0.54	0.54	0	0	0.4
37300	0.4	0.54	0.54	0	0	0.4
37400	0.4	0.54	0.54	0	0	0.4
37500	0.4	0.54	0.54	0	0	0.4
37600	0.4	0.54	0.54	0	0	0.4
37700	0.4	0.54	0.54	0	0	0.4
37800	0.4	0.52	0.52	0	0	0.4
37900	0.4	0.52	0.52	0	0	0.4
38000	0.4	0.52	0.52	0	0	0.4
38100	0.4	0.5	0.5	0	0	0.4
38200	0.4	0.5	0.5	0	0	0.4
38300	0.4	0.5	0.5	0	0	0.4
38400	0.38	0.5	0.5	0	0	0.38
38500	0.38	0.5	0.5	0	0	0.38
38600	0.38	0.5	0.5	0	0	0.38
38700	0.38	0.5	0.5	0	0	0.38
38800	0.38	0.52	0.52	0	0	0.38
38900	0.38	0.5	0.5	0	0	0.38
39000	0.38	0.5	0.5	0	0	0.38
39100	0.38	0.5	0.5	0	0	0.38
39200	0.38	0.5	0.5	0	0	0.38
39300	0.38	0.5	0.5	0	0	0.38
39400	0.38	0.5	0.5	0	0	0.38
39500	0.36	0.5	0.5	0	0	0.36
39600	0.36	0.5	0.5	0	0	0.36
39700	0.36	0.5	0.5	0	0	0.36
39800	0.34	0.5	0.5	0	0	0.34
39900	0.34	0.5	0.5	0	0	0.34
40000	0.34	0.5	0.5	0	0	0.34
40100	0.34	0.5	0.5	0	0	0.34
40200	0.34	0.5	0.5	0	0	0.34
40300	0.34	0.5	0.5	0	0	0.34
40400	0.34	0.5	0.5	0	0	0.34
40500	0.36	0.52	0.52	0	0	0.36
40600	0.36	0.52	0.52	0	0	0.36
40700	0.36	0.52	0.52	0	0	0.36
40800	0.36	0.52	0.52	0	0	0.36
40900	0.36	0.52	0.52	0	0	0.36
41000	0.36	0.52	0.52	0	0	0.36
41100	0.36	0.5	0.5	0	0	0.36
41200	0.36	0.5	0.5	0	0	0.36
41300	0.36	0.5	0.5	0	0	0.36
41400	0.36	0.5	0.5	0	0	0.36
41500	0.34	0.5	0.5	0	0	0.34
41600	0.34	0.5	0.5	0	0	0.34
41700	0.34	0.5	0.5	0	0	0.34
41800	0.34	0.5	0.5	0	0	0.34
41900	0.34	0.5	0.5	0	0	0.34
42000	0.34	0.5	0.5	0	0	0.34
42100	0.34	0.5	0.5	0	0	0.34
42200	0.34	0.5	0.5	0	0	0.34
42300	0.34	0.5	0.5	0	0	0.34
42400	0.34	0.52	0.52	0	0	0.34
42500	0.34	0.54	0.54	0	0	0.34
42600	0.34	0.54	0.54	0	0	0.34
42700	0.34	0.54	0.54	0	0	0.34
42800	0.34	0.52	0.52	0	0	0.34
42900	0.34	0.5	0.5	0	0	0.34
43000	0.34	0.5	0.5	0	0	0.34
43100	0.34	0.5	0.5	0	0	0.34
43200	0.34	0.5	0.5	0	0	0.34
43300	0.34	0.5	0.5	0	0	0.34
43400	0.34	0.5	0.5	0	0	0.34
43500	0.34	0.5	0.5	0	0	0.34
43600	0.34	0.5	0.5	0	0	0.34
43700	0.34	0.5	0.5	0	0	0.34
43800	0.34	0.5	0.5	0	0	0.34
43900	0.34	0.5	0.5	0	0	0.34
44000	0.34	0.5	0.5	0	0	0.34
44100	0.34	0.5	0.5	0	0	0.34
44200	0.34	0.5	0.5	0	0	0.34
44300	0.34	0.5	0.5	0	0	0.34
44400	0.34	0.5	0.5	0	0	0.34
44500	0.34	0.5	0.5	0	0	0.34
44600	0.34	0.5	0.5	0	0	0.34
44700	0.34	0.5	0.5	0	0	0.34
44800	0.34	0.5	0.5	0	0	0.34
44900	0.34	0.5	0.5	0	0	0.34
45000	0.32	0.48	0.48	0	0	0.32
45100	0.32	0.48	0.48	0	0	0.32
45200	0.32	0.48	0.48	0	0	0.32
45300	0.32	0.48	0.48	0	0	0.32
45400	0.32	0.48	0.48	0	0	0.32
45500	0.32	0.48	0.48	0	0	0.32
45600	0.32	0.48	0.48	0	0	0.32
45700	0.32	0.5	0.5	0	0	0.32
45800	0.34	0.5	0.5	0	0	0.34
45900	0.34	0.5	0.5	0	0	0.34
46000	0.34	0.52	0.52	0	0	0.34
46100	0.34	0.52	0.52	0	0	0.34
46200	0.34	0.52	0.52	0	0	0.34
46300	0.34	0.52	0.52	0	0	0.34
46400	0.34	0.52	0.52	0	0	0.34
46500	0.34	0.52	0.52	0	0	0.34
46600	0.34	0.52	0.52	0	0	0.34
46700	0.36	0.52	0.52	0	0	0.36
46800	0.36	0.52	0.52	0	0	0.36
46900	0.36	0.52	0.52	0	0	0.36
47000	0.36	0.52	0.52	0	0	0.36
47100	0.36	0.52	0.52	0	0	0.36
47200	0.36	0.52	0.52	0	0	0.36
47300	0.36	0.52	0.52	0	0	0.36
47400	0.36	0.52	0.52	0	0	0.36
47500	0.36	0.52	0.52	0	0	0.36
47600	0.36	0.52	0.52	0	0	0.36
47700	0.36	0.52	0.52	0	0	0.36
47800	0.36	0.52	0.52	0	0	0.36
47900	0.36	0.52	0.52	0	0	0.36
48000	0.36	0.52	0.52	0	0	0.36
48100	0.36	0.54	0.54	0	0	0.36
48200	0.36	0.52	0.52	0	0	0.36
48300	0.36	0.52	0.52	0	0	0.36
48400	0.36	0.52	0.52	0	0	0.36
48500	0.36	0.52	0.52	0	0	0.36
48600	0.36	0.54	0.54	0	0	0.36
48700	0.36	0.54	0.54	0	0	0.36
48800	0.36	0.54	0.54	0	0	0.36
48900	0.36	0.54	0.54	0	0	0.36
49000	0.36	0.54	0.54	0	0	0.36
49100	0.36	0.54	0.54	0	0	0.36
49200	0.36	0.54	0.54	0	0	0.36
49300	0.36	0.54	0.54	0	0	0.36
49400	0.36	0.54	0.54	0	0	0.36
49500	0.36	0.54	0.54	0	0	0.36
49600	0.36	0.54	0.54	0	0	0.36
49700	0.36	0.54	0.54	0	0	0.36
49800	0.36	0.54	0.54	0	0	0.36
49900	0.36	0.54	0.54	0	0	0.36
50000	0.36	0.54	0.54	0	0	0.36
50100	0.36	0.54	0.54	0	0	0.36
50200	0.36	0.54	0.54	0	0	0.36
50300	0.36	0.54	0.54	0	0	0.36
50400	0.36	0.54	0.54	0	0	0.36
50500	0.36	0.54	0.54	0	0	0.36
50600	0.36	0.54	0.54	0	0	0.36
50700	0.36	0.54	0.54	0	0	0.36
50800	0.36	0.54	0.54	0	0	0.36
50900	0.36	0.54	0.54	0	0	0.36
51000	0.36	0.54	0.54	0	0	0.36
51100	0.36	0.54	0.54	0	0	0.36
51200	0.36	0.52	0.52	0	0	0.36
51300	0.36	0.52	0.52	0	0	0.36
51400	0.36	0.52	0.52	0	0	0.36
51500	0.36	0.52	0.52	0	0	0.36
51600	0.38	0.52	0.52	0	0	0.38
51700	0.38	0.52	0.52	0	0	0.38
51800	0.38	0.52	0.52	0	0	0.38
51900	0.38	0.52	0.52	0	0	0.38
52000	0.38	0.52	0.52	0	0	0.38
52100	0.38	0.5	0.5	0	0	0.38
52200	0.38	0.5	0.5	0	0	0.38
52300	0.38	0.5	0.5	0	0	0.38
52400	0.38	0.5	0.5	0	0	0.38
52500	0.38	0.5	0.5	0	0	0.38
52600	0.38	0.5	0.5	0	0	0.38
52700	0.38	0.5	0.5	0	0	0.38
52800	0.38	0.5	0.5	0	0	0.38
52900	0.38	0.5	0.5	0	0	0.38
53000	0.38	0.5	0.5	0	0	0.38
53100	0.38	0.5	0.5	0	0	0.38
53200	0.4	0.5	0.5	0	0	0.4
53300	0.4	0.5	0.5	0	0	0.4
53400	0.4	0.5	0.5	0	0	0.4
53500	0.4	0.5	0.5	0	0	0.4
53600	0.4	0.5	0.5	0	0	0.4
53700	0.4	0.5	0.5	0	0	0.4
53800	0.4	0.5	0.5	0	0	0.4
53900	0.4	0.5	0.5	0	0	0.4
54000	0.4	0.5	0.5	0	0	0.4
54100	0.4	0.5	0.5	0	0	0.4
54200	0.4	0.5	0.5	0	0	0.4
54300	0.4	0.5	0.5	0	0	0.4
54400	0.4	0.5	0.5	0	0	0.4
54500	0.4	0.5	0.5	0	0	0.4
54600	0.4	0.5	0.5	0	0	0.4
54700	0.4	0.5	0.5	0	0	0.4
54800	0.4	0.5	0.5	0	0	0.4
54900	0.4	0.48	0.48	0	0	0.4
55000	0.4	0.48	0.48	0	0	0.4
55100	0.4	0.48	0.48	0	0	0.4
55200	0.4	0.5	0.5	0	0	0.4
55300	0.4	0.5	0.5	0	0	0.4
55400	0.4	0.5	0.5	0	0	0.4
55500	0.4	0.5	0.5	0	0	0.4
55600	0.4	0.5	0.5	0	0	0.4
55700	0.4	0.52	0.52	0	0	0.4
55800	0.4	0.52	0.52	0	0	0.4
55900	0.4	0.52	0.52	0	0	0.4
56000	0.4	0.52	0.52	0	0	0.4
56100	0.4	0.52	0.52	0	0	0.4
56200	0.4	0.52	0.52	0	0	0.4
56300	0.4	0.52	0.52	0	0	0.4
56400	0.4	0.52	0.52	0	0	0.4
56500	0.4	0.52	0.52	0	0	0.4
56600	0.4	0.52	0.52	0	0	0.4
56700	0.4	0.52	0.52	0	0	0.4
56800	0.4	0.52	0.52	0	0	0.4
56900	0.4	0.52	0.52	0	0	0.4
57000	0.4	0.52	0.52	0	0	0.4
57100	0.4	0.52	0.52	0	0	0.4
57200	0.4	0.52	0.52	0	0	0.4
57300	0.4	0.52	0.52	0	0	0.4
57400	0.4	0.52	0.52	0	0	0.4
57500	0.4	0.5	0.5	0	0	0.4
57600	0.4	0.5	0.5	0	0	0.4
57700	0.4	0.52	0.52	0	0	0.4
57800	0.4	0.52	0.52	0	0	0.4
57900	0.4	0.52	0.52	0	0	0.4
58000	0.4	0.52	0.52	0	0	0.4
58100	0.4	0.52	0.52	0	0	0.4
58200	0.4	0.52	0.52	0	0	0.4
58300	0.4	0.52	0.52	0	0	0.4
58400	0.4	0.52	0.52	0	0	0.4
58500	0.4	0.52	0.52	0	0	0.4
58600	0.4	0.54	0.54	0	0	0.4
58700	0.4	0.52	0.52	0	0	0.4
58800	0.38	0.52	0.52	0	0	0.38
58900	0.38	0.52	0.52	0	0	0.38
59000	0.38	0.52	0.52	0	0	0.38
59100	0.38	0.52	0.52	0	0	0.38
59200	0.38	0.52	0.52	0	0	0.38
59300	0.38	0.52	0.52	0	0	0.38
59400	0.38	0.52	0.52	0	0	0.38
59500	0.38	0.52	0.52	0	0	0.38
59600	0.38	0.52	0.52	0	0	0.38
59700	0.38	0.5	0.5	0	0	0.38
59800	0.38	0.5	0.5	0	0	0.38
59900	0.38	0.5	0.5	0	0	0.38
60000	0.38	0.5	0.5	0	0	0.38
60100	0.38	0.5	0.5	0	0	0.38
60200	0.38	0.5	0.5	0	0	0.38
60300	0.38	0.5	0.5	0	0	0.38
60400	0.4	0.5	0.5	0	0	0.4
60500	0.4	0.5	0.5	0	0	0.4
60600	0.4	0.5	0.5	0	0	0.4
60700	0.4	0.5	0.5	0	0	0.4
60800	0.4	0.5	0.5	0	0	0.4
60900	0.4	0.5	0.5	0	0	0.4
61000	0.4	0.5	0.5	0	0	0.4
61100	0.4	0.5	0.5	0	0	0.4
61200	0.4	0.5	0.5	0	0	0.4
61300	0.4	0.5	0.5	0	0	0.4
61400	0.4	0.5	0.5	0	0	0.4
61500	0.4	0.5	0.5	0	0	0.4
61600	0.4	0.52	0.52	0	0	0.4
61700	0.4	0.52	0.52	0	0	0.4
61800	0.4	0.52	0.52	0	0	0.4
61900	0.4	0.52	0.52	0	0	0.4
62000	0.4	0.52	0.52	0	0	0.4
62100	0.4	0.52	0.52	0	0	0.4
62200	0.4	0.52	0.52	0	0	0.4
62300	0.4	0.52	0.52	0	0	0.4
62400	0.4	0.52	0.52	0	0	0.4
62500	0.4	0.52	0.52	0	0	0.4
62600	0.4	0.52	0.52	0	0	0.4
62700	0.4	0.52	0.52	0	0	0.4
62800	0.4	0.52	0.52	0	0	0.4
62900	0.4	0.54	0.54	0	0	0.4
63000	0.4	0.54	0.54	0	0	0.4
63100	0.4	0.54	0.54	0	0	0.4
63200	0.4	0.52	0.52	0	0	0.4
63300	0.4	0.52	0.52	0	0	0.4
63400	0.4	0.52	0.52	0	0	0.4
63500	0.4	0.52	0.52	0	0	0.4
63600	0.4	0.52	0.52	0	0	0.4
63700	0.4	0.52	0.52	0	0	0.4
63800	0.4	0.52	0.52	0	0	0.4
63900	0.4	0.52	0.52	0	0	0.4
64000	0.4	0.52	0.52	0	0	0.4
64100	0.4	0.52	0.52	0	0	0.4
64200	0.4	0.52	0.52	0	0	0.4
64300	0.4	0.52	0.52	0	0	0.4
64400	0.4	0.52	0.52	0	0	0.4
64500	0.4	0.52	0.52	0	0	0.4
64600	0.4	0.52	0.52	0	0	0.4
64700	0.4	0.52	0.52	0	0	0.4
64800	0.4	0.52	0.52	0	0	0.4
64900	0.4	0.52	0.52	0	0	0.4
65000	0.4	0.52	0.52	0	0	0.4
65100	0.4	0.52	0.52	0	0	0.4
65200	0.4	0.52	0.52	0	0	0.4
65300	0.4	0.52	0.52	0	0	0.4
65400	0.38	0.52	0.52	0	0	0.38
65500	0.38	0.52	0.52	0	0	0.38
65600	0.38	0.52	0.52	0	0	0.38
65700	0.38	0.52	0.52	0	0	0.38
65800	0.38	0.52	0.52	0	0	0.38
65900	0.38	0.54	0.54	0	0	0.38
66000	0.38	0.54	0.54	0	0	0.38
66100	0.38	0.54	0.54	0	0	0.38
66200	0.38	0.54	0.54	0	0	0.38
66300	0.38	0.54	0.54	0	0	0.38
66400	0.38	0.54	0.54	0	0	0.38
66500	0.38	0.54	0.54	0	0	0.38
66600	0.38	0.54	0.54	0	0	0.38
66700	0.38	0.54	0.54	0	0	0.38
66800	0.38	0.54	0.54	0	0	0.38
66900	0.38	0.54	0.54	0	0	0.38
67000	0.38	0.54	0.54	0	0	0.38
67100	0.38	0.54	0.54	0	0	0.38
67200	0.38	0.54	0.54	0	0	0.38
67300	0.38	0.54	0.54	0	0	0.38
67400	0.38	0.54	0.54	0	0	0.38
67500	0.38	0.52	0.52	0	0	0.38
67600	0.38	0.52	0.52	0	0	0.38
67700	0.38	0.52	0.52	0	0	0.38
67800	0.38	0.52	0.52	0	0	0.38
67900	0.38	0.52	0.52	0	0	0.38
68000	0.38	0.52	0.52	0	0	0.38
68100	0.38	0.52	0.52	0	0	0.38
68200	0.38	0.52	0.52	0	0	0.38
68300	0.4	0.52	0.52	0	0	0.4
68400	0.4	0.52	0.52	0	0	0.4
68500	0.4	0.52	0.52	0	0	0.4
68600	0.4	0.52	0.52	0	0	0.4
68700	0.4	0.52	0.52	0	0	0.4
68800	0.4	0.52	0.52	0	0	0.4
68900	0.4	0.52	0.52	0	0	0.4
69000	0.4	0.52	0.52	0	0	0.4
69100	0.4	0.52	0.52	0	0	0.4
69200	0.4	0.52	0.52	0	0	0.4
69300	0.4	0.52	0.52	0	0	0.4
69400	0.4	0.52	0.52	0	0	0.4
69500	0.4	0.52	0.52	0	0	0.4
69600	0.4	0.52	0.52	0	0	0.4
69700	0.38	0.52	0.52	0	0	0.38
69800	0.38	0.52	0.52	0	0	0.38
69900	0.38	0.52	0.52	0	0	0.38
70000	0.38	0.5	0.5	0	0	0.38
70100	0.38	0.5	0.5	0	0	0.38
70200	0.38	0.5	0.5	0	0	0.38
70300	0.38	0.5	0.5	0	0	0.38
70400	0.4	0.5	0.5	0	0	0.4
70500	0.4	0.5	0.5	0	0	0.4
70600	0.4	0.5	0.5	0	0	0.4
70700	0.4	0.5	0.5	0	0	0.4
70800	0.4	0.5	0.5	0	0	0.4
70900	0.4	0.5	0.5	0	0	0.4
71000	0.4	0.5	0.5	0	0	0.4
71100	0.4	0.5	0.5	0	0	0.4
71200	0.4	0.5	0.5	0	0	0.4
71300	0.4	0.5	0.5	0	0	0.4
71400	0.4	0.5	0.5	0	0	0.4
71500	0.4	0.5	0.5	0	0	0.4
71600	0.4	0.5	0.5	0	0	0.4
71700	0.4	0.5	0.5	0	0	0.4
71800	0.4	0.5	0.5	0	0	0.4
71900	0.4	0.5	0.5	0	0	0.4
72000	0.4	0.5	0.5	0	0	0.4
72100	0.4	0.5	0.5	0	0	0.4
72200	0.4	0.5	0.5	0	0	0.4
72300	0.4	0.5	0.5	0	0	0.4
72400	0.4	0.5	0.5	0	0	0.4
72500	0.4	0.5	0.5	0	0	0.4
72600	0.4	0.5	0.5	0	0	0.4
72700	0.4	0.5	0.5	0	0	0.4
72800	0.4	0.5	0.5	0	0	0.4
72900	0.4	0.5	0.5	0	0	0.4
73000	0.4	0.5	0.5	0	0	0.4
73100	0.42	0.48	0.48	0	0	0.42
73200	0.42	0.48	0.48	0	0	0.42
73300	0.42	0.48	0.48	0	0	0.42
73400	0.42	0.48	0.48	0	0	0.42
73500	0.44	0.48	0.48	0	0	0.44
73600	0.44	0.48	0.48	0	0	0.44
73700	0.44	0.48	0.48	0	0	0.44
73800	0.44	0.48	0.48	0	0	0.44
73900	0.44	0.48	0.48	0	0	0.44
74000	0.44	0.48	0.48	0	0	0.44
74100	0.44	0.48	0.48	0	0	0.44
74200	0.44	0.48	0.48	0	0	0.44
74300	0.44	0.48	0.48	0	0	0.44
74400	0.44	0.48	0.48	0	0	0.44
74500	0.44	0.48	0.48	0	0	0.44
74600	0.44	0.48	0.48	0	0	0.44
74700	0.46	0.48	0.48	0	0	0.46
74800	0.44	0.48	0.48	0	0	0.44
74900	0.44	0.48	0.48	0	0	0.44
75000	0.44	0.48	0.48	0	0	0.44
75100	0.44	0.48	0.48	0	0	0.44
75200	0.44	0.48	0.48	0	0	0.44
75300	0.44	0.48	0.48	0	0	0.44
75400	0.42	0.5	0.5	0	0	0.42
75500	0.42	0.48	0.48	0	0	0.42
75600	0.42	0.48	0.48	0	0	0.42
75700	0.42	0.48	0.48	0	0	0.42
75800	0.4	0.48	0.48	0	0	0.4
75900	0.4	0.52	0.52	0	0	0.4
76000	0.4	0.5	0.5	0	0	0.4
76100	0.4	0.5	0.5	0	0	0.4
76200	0.4	0.5	0.5	0	0	0.4
76300	0.4	0.5	0.5	0	0	0.4
76400	0.4	0.5	0.5	0	0	0.4
76500	0.4	0.5	0.5	0	0	0.4
76600	0.4	0.5	0.5	0	0	0.4
76700	0.4	0.5	0.5	0	0	0.4
76800	0.4	0.5	0.5	0	0	0.4
76900	0.4	0.5	0.5	0	0	0.4
77000	0.4	0.5	0.5	0	0	0.4
77100	0.4	0.5	0.5	0	0	0.4
77200	0.4	0.5	0.5	0	0	0.4
77300	0.4	0.5	0.5	0	0	0.4
77400	0.4	0.5	0.5	0	0	0.4
77500	0.4	0.52	0.52	0	0	0.4
77600	0.42	0.52	0.52	0	0	0.42
77700	0.42	0.52	0.52	0	0	0.42
77800	0.42	0.52	0.52	0	0	0.42
77900	0.42	0.52	0.52	0	0	0.42
78000	0.42	0.52	0.52	0	0	0.42
78100	0.42	0.52	0.52	0	0	0.42
78200	0.42	0.52	0.52	0	0	0.42
78300	0.42	0.52	0.52	0	0	0.42
78400	0.42	0.52	0.52	0	0	0.42
78500	0.42	0.52	0.52	0	0	0.42
78600	0.42	0.52	0.52	0	0	0.42
78700	0.42	0.52	0.52	0	0	0.42
78800	0.42	0.52	0.52	0	0	0.42
78900	0.42	0.52	0.52	0	0	0.42
79000	0.42	0.52	0.52	0	0	0.42
79100	0.42	0.52	0.52	0	0	0.42
79200	0.42	0.52	0.52	0	0	0.42
79300	0.42	0.52	0.52	0	0	0.42
79400	0.44	0.52	0.52	0	0	0.44
79500	0.44	0.52	0.52	0	0	0.44
79600	0.44	0.52	0.52	0	0	0.44
79700	0.44	0.52	0.52	0	0	0.44
79800	0.44	0.52	0.52	0	0	0.44
79900	0.44	0.52	0.52	0	0	0.44
80000	0.44	0.52	0.52	0	0	0.44
80100	0.44	0.52	0.52	0	0	0.44
80200	0.44	0.52	0.52	0	0	0.44
80300	0.44	0.52	0.52	0	0	0.44
80400	0.44	0.52	0.52	0	0	0.44
80500	0.44	0.54	0.54	0	0	0.44
80600	0.44	0.52	0.52	0	0	0.44
80700	0.44	0.52	0.52	0	0	0.44
80800	0.44	0.52	0.52	0	0	0.44
80900	0.44	0.52	0.52	0	0	0.44
81000	0.44	0.52	0.52	0	0	0.44
81100	0.44	0.52	0.52	0	0	0.44
81200	0.44	0.52	0.52	0	0	0.44
81300	0.44	0.52	0.52	0	0	0.44
81400	0.44	0.52	0.52	0	0	0.44
81500	0.44	0.52	0.52	0	0	0.44
81600	0.44	0.52	0.52	0	0	0.44
81700	0.44	0.54	0.54	0	0	0.44
81800	0.44	0.54	0.54	0	0	0.44
81900	0.44	0.54	0.54	0	0	0.44
82000	0.44	0.54	0.54	0	0	0.44
82100	0.44	0.54	0.54	0	0	0.44
82200	0.44	0.52	0.52	0	0	0.44
82300	0.44	0.52	0.52	0	0	0.44
82400	0.44	0.52	0.52	0	0	0.44
82500	0.42	0.52	0.52	0	0	0.42
82600	0.42	0.52	0.52	0	0	0.42
82700	0.42	0.52	0.52	0	0	0.42
82800	0.42	0.54	0.54	0	0	0.42
82900	0.42	0.56	0.56	0	0	0.42
83000	0.42	0.56	0.56	0	0	0.42
83100	0.42	0.56	0.56	0	0	0.42
83200	0.42	0.56	0.56	0	0	0.42
83300	0.42	0.56	0.56	0	0	0.42
83400	0.42	0.56	0.56	0	0	0.42
83500	0.44	0.56	0.56	0	0	0.44
83600	0.44	0.56	0.56	0	0	0.44
83700	0.44	0.56	0.56	0	0	0.44
83800	0.44	0.56	0.56	0	0	0.44
83900	0.44	0.56	0.56	0	0	0.44
84000	0.44	0.56	0.56	0	0	0.44
84100	0.44	0.56	0.56	0	0	0.44
84200	0.44	0.56	0.56	0	0	0.44
84300	0.44	0.56	0.56	0	0	0.44
84400	0.44	0.56	0.56	0	0	0.44
84500	0.44	0.56	0.56	0	0	0.44
84600	0.44	0.56	0.56	0	0	0.44
84700	0.44	0.56	0.56	0	0	0.44
84800	0.44	0.56	0.56	0	0	0.44
84900	0.44	0.56	0.56	0	0	0.44
85000	0.44	0.56	0.56	0	0	0.44
85100	0.44	0.56	0.56	0	0	0.44
85200	0.44	0.56	0.56	0	0	0.44
85300	0.42	0.56	0.56	0	0	0.42
85400	0.42	0.56	0.56	0	0	0.42
85500	0.42	0.56	0.56	0	0	0.42
85600	0.42	0.56	0.56	0	0	0.42
85700	0.42	0.56	0.56	0	0	0.42
85800	0.42	0.56	0.56	0	0	0.42
85900	0.42	0.56	0.56	0	0	0.42
86000	0.42	0.56	0.56	0	0	0.42
86100	0.42	0.56	0.56	0	0	0.42
86200	0.42	0.56	0.56	0	0	0.42
86300	0.42	0.56	0.56	0	0	0.42
86400	0.42	0.56	0.56	0	0	0.42
86500	0.4	0.56	0.56	0	0	0.4
86600	0.4	0.56	0.56	0	0	0.4
86700	0.4	0.56	0.56	0	0	0.4
86800	0.42	0.56	0.56	0	0	0.42
86900	0.42	0.56	0.56	0	0	0.42
87000	0.42	0.54	0.54	0	0	0.42
87100	0.42	0.54	0.54	0	0	0.42
87200	0.42	0.54	0.54	0	0	0.42
87300	0.42	0.54	0.54	0	0	0.42
87400	0.42	0.54	0.54	0	0	0.42
87500	0.42	0.54	0.54	0	0	0.42
87600	0.42	0.52	0.52	0	0	0.42
87700	0.42	0.52	0.52	0	0	0.42
87800	0.42	0.52	0.52	0	0	0.42
87900	0.42	0.52	0.52	0	0	0.42
88000	0.42	0.52	0.52	0	0	0.42
88100	0.42	0.52	0.52	0	0	0.42
88200	0.42	0.52	0.52	0	0	0.42
88300	0.42	0.52	0.52	0	0	0.42
88400	0.42	0.52	0.52	0	0	0.42
88500	0.42	0.52	0.52	0	0	0.42
88600	0.42	0.52	0.52	0	0	0.42
88700	0.42	0.52	0.52	0	0	0.42
88800	0.42	0.52	0.52	0	0	0.42
88900	0.42	0.5	0.5	0	0	0.42
89000	0.42	0.5	0.5	0	0	0.42
89100	0.42	0.5	0.5	0	0	0.42
89200	0.42	0.5	0.5	0	0	0.42
89300	0.42	0.5	0.5	0	0	0.42
89400	0.42	0.5	0.5	0	0	0.42
89500	0.42	0.5	0.5	0	0	0.42
89600	0.42	0.5	0.5	0	0	0.42
89700	0.42	0.5	0.5	0	0	0.42
89800	0.42	0.5	0.5	0	0	0.42
89900	0.42	0.5	0.5	0	0	0.42
90000	0.42	0.5	0.5	0	0	0.42
90100	0.44	0.5	0.5	0	0	0.44
90200	0.44	0.5	0.5	0	0	0.44
90300	0.44	0.5	0.5	0	0	0.44
90400	0.44	0.5	0.5	0	0	0.44
90500	0.44	0.5	0.5	0	0	0.44
90600	0.44	0.5	0.5	0	0	0.44
90700	0.44	0.5	0.5	0	0	0.44
90800	0.44	0.5	0.5	0	0	0.44
90900	0.44	0.5	0.5	0	0	0.44
91000	0.44	0.5	0.5	0	0	0.44
91100	0.44	0.5	0.5	0	0	0.44
91200	0.44	0.5	0.5	0	0	0.44
91300	0.44	0.5	0.5	0	0	0.44
91400	0.44	0.52	0.52	0	0	0.44
91500	0.44	0.52	0.52	0	0	0.44
91600	0.44	0.52	0.52	0	0	0.44
91700	0.44	0.5	0.5	0	0	0.44
91800	0.44	0.5	0.5	0	0	0.44
91900	0.44	0.5	0.5	0	0	0.44
92000	0.44	0.5	0.5	0	0	0.44
92100	0.44	0.5	0.5	0	0	0.44
92200	0.44	0.5	0.5	0	0	0.44
92300	0.44	0.5	0.5	0	0	0.44
92400	0.44	0.5	0.5	0	0	0.44
92500	0.44	0.5	0.5	0	0	0.44
92600	0.44	0.5	0.5	0	0	0.44
92700	0.44	0.5	0.5	0	0	0.44
92800	0.44	0.5	0.5	0	0	0.44
92900	0.44	0.5	0.5	0	0	0.44
93000	0.44	0.5	0.5	0	0	0.44
93100	0.44	0.5	0.5	0	0	0.44
93200	0.44	0.5	0.5	0	0	0.44
93300	0.44	0.5	0.5	0	0	0.44
93400	0.44	0.52	0.52	0	0	0.44
93500	0.44	0.52	0.52	0	0	0.44
93600	0.44	0.52	0.52	0	0	0.44
93700	0.46	0.52	0.52	0	0	0.46
93800	0.46	0.52	0.52	0	0	0.46
93900	0.46	0.52	0.52	0	0	0.46
94000	0.46	0.52	0.52	0	0	0.46
94100	0.46	0.52	0.52	0	0	0.46
94200	0.46	0.52	0.52	0	0	0.46
94300	0.46	0.52	0.52	0	0	0.46
94400	0.46	0.52	0.52	0	0	0.46
94500	0.46	0.52	0.52	0	0	0.46
94600	0.46	0.52	0.52	0	0	0.46
94700	0.46	0.52	0.52	0	0	0.46
94800	0.46	0.52	0.52	0	0	0.46
94900	0.46	0.52	0.52	0	0	0.46
95000	0.46	0.52	0.52	0	0	0.46
95100	0.46	0.52	0.52	0	0	0.46
95200	0.46	0.52	0.52	0	0	0.46
95300	0.46	0.52	0.52	0	0	0.46
95400	0.46	0.52	0.52	0	0	0.46
95500	0.46	0.52	0.52	0	0	0.46
95600	0.46	0.52	0.52	0	0	0.46
95700	0.46	0.52	0.52	0	0	0.46
95800	0.46	0.52	0.52	0	0	0.46
95900	0.46	0.5	0.5	0	0	0.46
96000	0.46	0.5	0.5	0	0	0.46
96100	0.46	0.5	0.5	0	0	0.46
96200	0.46	0.5	0.5	0	0	0.46
96300	0.46	0.5	0.5	0	0	0.46
96400	0.46	0.5	0.5	0	0	0.46
96500	0.46	0.5	0.5	0	0	0.46
96600	0.46	0.5	0.5	0	0	0.46
96700	0.46	0.5	0.5	0	0	0.46
96800	0.46	0.5	0.5	0	0	0.46
96900	0.46	0.5	0.5	0	0	0.46
97000	0.46	0.5	0.5	0	0	0.46
97100	0.46	0.5	0.5	0	0	0.46
97200	0.46	0.5	0.5	0	0	0.46
97300	0.46	0.5	0.5	0	0	0.46
97400	0.46	0.5	0.5	0	0	0.46
97500	0.46	0.5	0.5	0	0	0.46
97600	0.46	0.5	0.5	0	0	0.46
97700	0.46	0.5	0.5	0	0	0.46
97800	0.46	0.5	0.5	0	0	0.46
97900	0.46	0.5	0.5	0	0	0.46
98000	0.46	0.5	0.5	0	0	0.46
98100	0.46	0.5	0.5	0	0	0.46
98200	0.46	0.5	0.5	0	0	0.46
98300	0.46	0.5	0.5	0	0	0.46
98400	0.46	0.5	0.5	0	0	0.46
98500	0.46	0.5	0.5	0	0	0.46
98600	0.46	0.5	0.5	0	0	0.46
98700	0.46	0.5	0.5	0	0	0.46
98800	0.46	0.5	0.5	0	0	0.46
98900	0.46	0.5	0.5	0	0	0.46
99000	0.46	0.5	0.5	0	0	0.46
99100	0.46	0.5	0.5	0	0	0.46
99200	0.46	0.5	0.5	0	0	0.46
99300	0.46	0.5	0.5	0	0	0.46
99400	0.46	0.5	0.5	0	0	0.46
99500	0.46	0.5	0.5	0	0	0.46
99600	0.46	0.5	0.5	0	0	0.46
99700	0.46	0.5	0.5	0	0	0.46
99800	0.46	0.5	0.5	0	0	0.46
99900	0.46	0.5	0.5	0	0	0.46
100000	0.46	0.5	0.5	0	0	0.46
