100	0	0.02	0.02	0	0	0
200	0.02	0.02	0.02	0	0	0.02
300	0.04	0.02	0.02	0	0	0.04
400	0.04	0.02	0.02	0	0	0.04
500	0.06	0.04	0.04	0	0	0.06
600	0.08	0.06	0.06	0	0	0.08
700	0.08	0.06	0.06	0	0	0.08
800	0.04	0.06	0.06	0	0	0.04
900	0.04	0.06	0.06	0	0	0.04
1000	0.08	0.08	0.08	0	0	0.08
1100	0.08	0.1	0.1	0	0	0.08
1200	0.08	0.1	0.1	0	0	0.08
1300	0.08	0.1	0.1	0	0	0.08
1400	0.08	0.16	0.16	0	0	0.08
1500	0.1	0.16	0.16	0	0	0.1
1600	0.12	0.18	0.18	0	0	0.12
1700	0.12	0.18	0.18	0	0	0.12
1800	0.16	0.18	0.18	0	0	0.16
1900	0.16	0.2	0.2	0	0	0.16
2000	0.16	0.2	0.2	0	0	0.16
2100	0.16	0.22	0.22	0	0	0.16
2200	0.18	0.22	0.22	0	0	0.18
2300	0.2	0.24	0.24	0	0	0.2
2400	0.2	0.24	0.24	0	0	0.2
2500	0.2	0.24	0.24	0	0	0.2
2600	0.2	0.22	0.22	0	0	0.2
2700	0.2	0.26	0.26	0	0	0.2
2800	0.2	0.28	0.28	0	0	0.2
2900	0.2	0.28	0.28	0	0	0.2
3000	0.2	0.28	0.28	0	0	0.2
3100	0.2	0.3	0.3	0	0	0.2
3200	0.22	0.3	0.3	0	0	0.22
3300	0.22	0.32	0.32	0	0	0.22
3400	0.22	0.34	0.34	0	0	0.22
3500	0.22	0.36	0.36	0	0	0.22
3600	0.24	0.36	0.36	0	0	0.24
3700	0.24	0.36	0.36	0	0	0.24
3800	0.26	0.36	0.36	0	0	0.26
3900	0.26	0.36	0.36	0	0	0.26
4000	0.24	0.36	0.36	0	0	0.24
4100	0.24	0.34	0.34	0	0	0.24
4200	0.26	0.34	0.34	0	0	0.26
4300	0.28	0.34	0.34	0	0	0.28
4400	0.3	0.36	0.36	0	0	0.3
4500	0.3	0.34	0.34	0	0	0.3
4600	0.3	0.34	0.34	0	0	0.3
4700	0.3	0.36	0.36	0	0	0.3
4800	0.3	0.38	0.38	0	0	0.3
4900	0.28	0.38	0.38	0	0	0.28
5000	0.28	0.38	0.38	0	0	0.28
5100	0.28	0.38	0.38	0	0	0.28
5200	0.28	0.38	0.38	0	0	0.28
5300	0.28	0.4	0.4	0	0	0.28
5400	0.28	0.4	0.4	0	0	0.28
5500	0.3	0.4	0.4	0	0	0.3
5600	0.3	0.38	0.38	0	0	0.3
5700	0.28	0.38	0.38	0	0	0.28
5800	0.3	0.38	0.38	0	0	0.3
5900	0.3	0.36	0.36	0	0	0.3
6000	0.28	0.36	0.36	0	0	0.28
6100	0.28	0.38	0.38	0	0	0.28
6200	0.28	0.4	0.4	0	0	0.28
6300	0.28	0.42	0.42	0	0	0.28
6400	0.28	0.42	0.42	0	0	0.28
6500	0.28	0.44	0.44	0	0	0.28
6600	0.28	0.42	0.42	0	0	0.28
6700	0.28	0.42	0.42	0	0	0.28
6800	0.26	0.4	0.4	0	0	0.26
6900	0.26	0.38	0.38	0	0	0.26
7000	0.26	0.38	0.38	0	0	0.26
7100	0.26	0.38	0.38	0	0	0.26
7200	0.26	0.38	0.38	0	0	0.26
7300	0.26	0.38	0.38	0	0	0.26
7400	0.26	0.4	0.4	0	0	0.26
7500	0.26	0.42	0.42	0	0	0.26
7600	0.26	0.42	0.42	0	0	0.26
7700	0.26	0.42	0.42	0	0	0.26
7800	0.26	0.42	0.42	0	0	0.26
7900	0.26	0.44	0.44	0	0	0.26
8000	0.26	0.42	0.42	0	0	0.26
8100	0.26	0.4	0.4	0	0	0.26
8200	0.26	0.42	0.42	0	0	0.26
8300	0.26	0.42	0.42	0	0	0.26
8400	0.26	0.4	0.4	0	0	0.26
8500	0.26	0.4	0.4	0	0	0.26
8600	0.26	0.4	0.4	0	0	0.26
8700	0.26	0.4	0.4	0	0	0.26
8800	0.26	0.4	0.4	0	0	0.26
8900	0.26	0.42	0.42	0	0	0.26
9000	0.26	0.4	0.4	0	0	0.26
9100	0.26	0.4	0.4	0	0	0.26
9200	0.26	0.42	0.42	0	0	0.26
9300	0.26	0.42	0.42	0	0	0.26
9400	0.26	0.4	0.4	0	0	0.26
9500	0.28	0.4	0.4	0	0	0.28
9600	0.3	0.4	0.4	0	0	0.3
9700	0.3	0.42	0.42	0	0	0.3
9800	0.28	0.42	0.42	0	0	0.28
9900	0.28	0.44	0.44	0	0	0.28
10000	0.28	0.46	0.46	0	0	0.28
10100	0.3	0.46	0.46	0	0	0.3
10200	0.3	0.46	0.46	0	0	0.3
10300	0.3	0.46	0.46	0	0	0.3
10400	0.32	0.46	0.46	0	0	0.32
10500	0.32	0.46	0.46	0	0	0.32
10600	0.32	0.46	0.46	0	0	0.32
10700	0.32	0.46	0.46	0	0	0.32
10800	0.32	0.48	0.48	0	0	0.32
10900	0.32	0.48	0.48	0	0	0.32
11000	0.32	0.46	0.46	0	0	0.32
11100	0.32	0.46	0.46	0	0	0.32
11200	0.32	0.46	0.46	0	0	0.32
11300	0.32	0.46	0.46	0	0	0.32
11400	0.32	0.46	0.46	0	0	0.32
11500	0.32	0.46	0.46	0	0	0.32
11600	0.32	0.46	0.46	0	0	0.32
11700	0.32	0.46	0.46	0	0	0.32
11800	0.32	0.46	0.46	0	0	0.32
11900	0.32	0.48	0.48	0	0	0.32
12000	0.32	0.48	0.48	0	0	0.32
12100	0.32	0.48	0.48	0	0	0.32
12200	0.32	0.48	0.48	0	0	0.32
12300	0.32	0.48	0.48	0	0	0.32
12400	0.32	0.48	0.48	0	0	0.32
12500	0.32	0.48	0.48	0	0	0.32
12600	0.32	0.48	0.48	0	0	0.32
12700	0.34	0.48	0.48	0	0	0.34
12800	0.34	0.48	0.48	0	0	0.34
12900	0.34	0.48	0.48	0	0	0.34
13000	0.34	0.48	0.48	0	0	0.34
13100	0.34	0.48	0.48	0	0	0.34
13200	0.34	0.48	0.48	0	0	0.34
13300	0.34	0.48	0.48	0	0	0.34
13400	0.34	0.48	0.48	0	0	0.34
13500	0.34	0.48	0.48	0	0	0.34
13600	0.34	0.5	0.5	0	0	0.34
13700	0.32	0.5	0.5	0	0	0.32
13800	0.32	0.5	0.5	0	0	0.32
13900	0.32	0.5	0.5	0	0	0.32
14000	0.32	0.5	0.5	0	0	0.32
14100	0.32	0.5	0.5	0	0	0.32
14200	0.32	0.5	0.5	0	0	0.32
14300	0.32	0.5	0.5	0	0	0.32
14400	0.32	0.5	0.5	0	0	0.32
14500	0.32	0.5	0.5	0	0	0.32
14600	0.32	0.5	0.5	0	0	0.32
14700	0.32	0.5	0.5	0	0	0.32
14800	0.32	0.5	0.5	0	0	0.32
14900	0.32	0.5	0.5	0	0	0.32
15000	0.32	0.5	0.5	0	0	0.32
15100	0.32	0.5	0.5	0	0	0.32
15200	0.32	0.5	0.5	0	0	0.32
15300	0.32	0.5	0.5	0	0	0.32
15400	0.32	0.5	0.5	0	0	0.32
15500	0.32	0.5	0.5	0	0	0.32
15600	0.32	0.5	0.5	0	0	0.32
15700	0.32	0.52	0.52	0	0	0.32
15800	0.32	0.52	0.52	0	0	0.32
15900	0.32	0.52	0.52	0	0	0.32
16000	0.32	0.52	0.52	0	0	0.32
16100	0.32	0.52	0.52	0	0	0.32
16200	0.32	0.48	0.48	0	0	0.32
16300	0.32	0.48	0.48	0	0	0.32
16400	0.32	0.48	0.48	0	0	0.32
16500	0.32	0.46	0.46	0	0	0.32
16600	0.32	0.46	0.46	0	0	0.32
16700	0.32	0.46	0.46	0	0	0.32
16800	0.32	0.48	0.48	0	0	0.32
16900	0.32	0.48	0.48	0	0	0.32
17000	0.32	0.48	0.48	0	0	0.32
17100	0.34	0.48	0.48	0	0	0.34
17200	0.34	0.48	0.48	0	0	0.34
17300	0.34	0.48	0.48	0	0	0.34
17400	0.34	0.48	0.48	0	0	0.34
17500	0.34	0.48	0.48	0	0	0.34
17600	0.34	0.48	0.48	0	0	0.34
17700	0.34	0.48	0.48	0	0	0.34
17800	0.34	0.48	0.48	0	0	0.34
17900	0.34	0.48	0.48	0	0	0.34
18000	0.34	0.5	0.5	0	0	0.34
18100	0.34	0.5	0.5	0	0	0.34
18200	0.34	0.5	0.5	0	0	0.34
18300	0.34	0.5	0.5	0	0	0.34
18400	0.34	0.5	0.5	0	0	0.34
18500	0.34	0.5	0.5	0	0	0.34
18600	0.34	0.52	0.52	0	0	0.34
18700	0.34	0.52	0.52	0	0	0.34
18800	0.34	0.52	0.52	0	0	0.34
18900	0.34	0.52	0.52	0	0	0.34
19000	0.34	0.52	0.52	0	0	0.34
19100	0.34	0.52	0.52	0	0	0.34
19200	0.34	0.52	0.52	0	0	0.34
19300	0.34	0.52	0.52	0	0	0.34
19400	0.34	0.52	0.52	0	0	0.34
19500	0.34	0.52	0.52	0	0	0.34
19600	0.34	0.52	0.52	0	0	0.34
19700	0.34	0.52	0.52	0	0	0.34
19800	0.34	0.52	0.52	0	0	0.34
19900	0.34	0.54	0.54	0	0	0.34
20000	0.34	0.54	0.54	0	0	0.34
20100	0.32	0.54	0.54	0	0	0.32
20200	0.32	0.54	0.54	0	0	0.32
20300	0.34	0.54	0.54	0	0	0.34
20400	0.34	0.54	0.54	0	0	0.34
20500	0.34	0.52	0.52	0	0	0.34
20600	0.34	0.52	0.52	0	0	0.34
20700	0.34	0.52	0.52	0	0	0.34
20800	0.34	0.52	0.52	0	0	0.34
20900	0.34	0.52	0.52	0	0	0.34
21000	0.34	0.52	0.52	0	0	0.34
21100	0.34	0.52	0.52	0	0	0.34
21200	0.34	0.52	0.52	0	0	0.34
21300	0.32	0.52	0.52	0	0	0.32
21400	0.32	0.52	0.52	0	0	0.32
21500	0.32	0.54	0.54	0	0	0.32
21600	0.32	0.54	0.54	0	0	0.32
21700	0.32	0.54	0.54	0	0	0.32
21800	0.32	0.52	0.52	0	0	0.32
21900	0.32	0.52	0.52	0	0	0.32
22000	0.32	0.52	0.52	0	0	0.32
22100	0.32	0.5	0.5	0	0	0.32
22200	0.32	0.5	0.5	0	0	0.32
22300	0.32	0.5	0.5	0	0	0.32
22400	0.32	0.5	0.5	0	0	0.32
22500	0.32	0.5	0.5	0	0	0.32
22600	0.32	0.5	0.5	0	0	0.32
22700	0.32	0.5	0.5	0	0	0.32
22800	0.32	0.5	0.5	0	0	0.32
22900	0.34	0.48	0.48	0	0	0.34
23000	0.34	0.48	0.48	0	0	0.34
23100	0.36	0.5	0.5	0	0	0.36
23200	0.36	0.52	0.52	0	0	0.36
23300	0.36	0.52	0.52	0	0	0.36
23400	0.38	0.54	0.54	0	0	0.38
23500	0.38	0.54	0.54	0	0	0.38
23600	0.38	0.54	0.54	0	0	0.38
23700	0.38	0.54	0.54	0	0	0.38
23800	0.38	0.52	0.52	0	0	0.38
23900	0.38	0.52	0.52	0	0	0.38
24000	0.38	0.5	0.5	0	0	0.38
24100	0.38	0.5	0.5	0	0	0.38
24200	0.38	0.5	0.5	0	0	0.38
24300	0.4	0.5	0.5	0	0	0.4
24400	0.4	0.5	0.5	0	0	0.4
24500	0.4	0.5	0.5	0	0	0.4
24600	0.4	0.5	0.5	0	0	0.4
24700	0.4	0.5	0.5	0	0	0.4
24800	0.42	0.5	0.5	0	0	0.42
24900	0.42	0.5	0.5	0	0	0.42
25000	0.42	0.5	0.5	0	0	0.42
25100	0.42	0.5	0.5	0	0	0.42
25200	0.42	0.46	0.46	0	0	0.42
25300	0.42	0.46	0.46	0	0	0.42
25400	0.42	0.46	0.46	0	0	0.42
25500	0.42	0.46	0.46	0	0	0.42
25600	0.42	0.46	0.46	0	0	0.42
25700	0.42	0.46	0.46	0	0	0.42
25800	0.42	0.46	0.46	0	0	0.42
25900	0.42	0.46	0.46	0	0	0.42
26000	0.42	0.44	0.44	0	0	0.42
26100	0.42	0.44	0.44	0	0	0.42
26200	0.4	0.44	0.44	0	0	0.4
26300	0.4	0.44	0.44	0	0	0.4
26400	0.4	0.44	0.44	0	0	0.4
26500	0.4	0.44	0.44	0	0	0.4
26600	0.4	0.42	0.42	0	0	0.4
26700	0.4	0.42	0.42	0	0	0.4
26800	0.42	0.42	0.42	0	0	0.42
26900	0.42	0.42	0.42	0	0	0.42
27000	0.42	0.42	0.42	0	0	0.42
27100	0.42	0.42	0.42	0	0	0.42
27200	0.42	0.42	0.42	0	0	0.42
27300	0.42	0.44	0.44	0	0	0.42
27400	0.42	0.42	0.42	0	0	0.42
27500	0.42	0.42	0.42	0	0	0.42
27600	0.42	0.42	0.42	0	0	0.42
27700	0.42	0.42	0.42	0	0	0.42
27800	0.42	0.44	0.44	0	0	0.42
27900	0.42	0.44	0.44	0	0	0.42
28000	0.42	0.44	0.44	0	0	0.42
28100	0.4	0.44	0.44	0	0	0.4
28200	0.4	0.46	0.46	0	0	0.4
28300	0.42	0.46	0.46	0	0	0.42
28400	0.42	0.46	0.46	0	0	0.42
28500	0.4	0.46	0.46	0	0	0.4
28600	0.4	0.46	0.46	0	0	0.4
28700	0.4	0.46	0.46	0	0	0.4
28800	0.4	0.48	0.48	0	0	0.4
28900	0.4	0.46	0.46	0	0	0.4
29000	0.4	0.46	0.46	0	0	0.4
29100	0.38	0.46	0.46	0	0	0.38
29200	0.38	0.46	0.46	0	0	0.38
29300	0.38	0.46	0.46	0	0	0.38
29400	0.38	0.46	0.46	0	0	0.38
29500	0.38	0.48	0.48	0	0	0.38
29600	0.38	0.48	0.48	0	0	0.38
29700	0.38	0.5	0.5	0	0	0.38
29800	0.38	0.5	0.5	0	0	0.38
29900	0.38	0.5	0.5	0	0	0.38
30000	0.38	0.5	0.5	0	0	0.38
30100	0.38	0.5	0.5	0	0	0.38
30200	0.38	0.5	0.5	0	0	0.38
30300	0.38	0.5	0.5	0	0	0.38
30400	0.38	0.5	0.5	0	0	0.38
30500	0.38	0.5	0.5	0	0	0.38
30600	0.38	0.5	0.5	0	0	0.38
30700	0.38	0.5	0.5	0	0	0.38
30800	0.38	0.5	0.5	0	0	0.38
30900	0.4	0.5	0.5	0	0	0.4
31000	0.4	0.5	0.5	0	0	0.4
31100	0.4	0.5	0.5	0	0	0.4
31200	0.4	0.5	0.5	0	0	0.4
31300	0.4	0.5	0.5	0	0	0.4
31400	0.4	0.5	0.5	0	0	0.4
31500	0.4	0.5	0.5	0	0	0.4
31600	0.4	0.5	0.5	0	0	0.4
31700	0.4	0.5	0.5	0	0	0.4
31800	0.4	0.5	0.5	0	0	0.4
31900	0.4	0.5	0.5	0	0	0.4
32000	0.4	0.5	0.5	0	0	0.4
32100	0.4	0.5	0.5	0	0	0.4
32200	0.4	0.5	0.5	0	0	0.4
32300	0.4	0.5	0.5	0	0	0.4
32400	0.4	0.5	0.5	0	0	0.4
32500	0.4	0.5	0.5	0	0	0.4
32600	0.4	0.5	0.5	0	0	0.4
32700	0.4	0.5	0.5	0	0	0.4
32800	0.4	0.5	0.5	0	0	0.4
32900	0.4	0.5	0.5	0	0	0.4
33000	0.4	0.52	0.52	0	0	0.4
33100	0.4	0.52	0.52	0	0	0.4
33200	0.4	0.52	0.52	0	0	0.4
33300	0.4	0.52	0.52	0	0	0.4
33400	0.4	0.52	0.52	0	0	0.4
33500	0.4	0.52	0.52	0	0	0.4
33600	0.4	0.52	0.52	0	0	0.4
33700	0.4	0.52	0.52	0	0	0.4
33800	0.4	0.52	0.52	0	0	0.4
33900	0.4	0.52	0.52	0	0	0.4
34000	0.4	0.52	0.52	0	0	0.4
34100	0.4	0.52	0.52	0	0	0.4
34200	0.4	0.5	0.5	0	0	0.4
34300	0.4	0.5	0.5	0	0	0.4
34400	0.4	0.5	0.5	0	0	0.4
34500	0.4	0.5	0.5	0	0	0.4
34600	0.4	0.5	0.5	0	0	0.4
34700	0.4	0.5	0.5	0	0	0.4
34800	0.4	0.5	0.5	0	0	0.4
34900	0.4	0.5	0.5	0	0	0.4
35000	0.4	0.5	0.5	0	0	0.4
35100	0.4	0.48	0.48	0	0	0.4
35200	0.4	0.48	0.48	0	0	0.4
35300	0.4	0.48	0.48	0	0	0.4
35400	0.4	0.48	0.48	0	0	0.4
35500	0.4	0.46	0.46	0	0	0.4
35600	0.4	0.46	0.46	0	0	0.4
35700	0.4	0.46	0.46	0	0	0.4
35800	0.4	0.46	0.46	0	0	0.4
35900	0.4	0.46	0.46	0	0	0.4
36000	0.4	0.46	0.46	0	0	0.4
36100	0.4	0.46	0.46	0	0	0.4
36200	0.4	0.46	0.46	0	0	0.4
36300	0.4	0.46	0.46	0	0	0.4
36400	0.4	0.46	0.46	0	0	0.4
36500	0.4	0.46	0.46	0	0	0.4
36600	0.4	0.46	0.46	0	0	0.4
36700	0.4	0.46	0.46	0	0	0.4
36800	0.4	0.46	0.46	0	0	0.4
36900	0.4	0.46	0.46	0	0	0.4
37000	0.4	0.46	0.46	0	0	0.4
37100	0.4	0.46	0.46	0	0	0.4
37200	0.4	0.46	0.46	0	0	0.4
37300	0.4	0.46	0.46	0	0	0.4
37400	0.4	0.44	0.44	0	0	0.4
37500	0.4	0.44	0.44	0	0	0.4
37600	0.4	0.44	0.44	0	0	0.4
37700	0.4	0.44	0.44	0	0	0.4
37800	0.4	0.46	0.46	0	0	0.4
37900	0.42	0.44	0.44	0	0	0.42
38000	0.42	0.44	0.44	0	0	0.42
38100	0.42	0.44	0.44	0	0	0.42
38200	0.42	0.44	0.44	0	0	0.42
38300	0.42	0.44	0.44	0	0	0.42
38400	0.42	0.44	0.44	0	0	0.42
38500	0.42	0.44	0.44	0	0	0.42
38600	0.42	0.44	0.44	0	0	0.42
38700	0.42	0.44	0.44	0	0	0.42
38800	0.44	0.44	0.44	0	0	0.44
38900	0.44	0.44	0.44	0	0	0.44
39000	0.44	0.44	0.44	0	0	0.44
39100	0.44	0.42	0.42	0	0	0.44
39200	0.44	0.42	0.42	0	0	0.44
39300	0.44	0.42	0.42	0	0	0.44
39400	0.42	0.42	0.42	0	0	0.42
39500	0.42	0.42	0.42	0	0	0.42
39600	0.42	0.42	0.42	0	0	0.42
39700	0.42	0.42	0.42	0	0	0.42
39800	0.42	0.42	0.42	0	0	0.42
39900	0.42	0.42	0.42	0	0	0.42
40000	0.42	0.42	0.42	0	0	0.42
40100	0.42	0.42	0.42	0	0	0.42
40200	0.42	0.42	0.42	0	0	0.42
40300	0.42	0.42	0.42	0	0	0.42
40400	0.42	0.42	0.42	0	0	0.42
40500	0.42	0.42	0.42	0	0	0.42
40600	0.42	0.42	0.42	0	0	0.42
40700	0.44	0.42	0.42	0	0	0.44
40800	0.42	0.42	0.42	0	0	0.42
40900	0.44	0.44	0.44	0	0	0.44
41000	0.44	0.44	0.44	0	0	0.44
41100	0.44	0.42	0.42	0	0	0.44
41200	0.44	0.42	0.42	0	0	0.44
41300	0.44	0.42	0.42	0	0	0.44
41400	0.44	0.42	0.42	0	0	0.44
41500	0.44	0.42	0.42	0	0	0.44
41600	0.44	0.42	0.42	0	0	0.44
41700	0.44	0.42	0.42	0	0	0.44
41800	0.44	0.42	0.42	0	0	0.44
41900	0.44	0.42	0.42	0	0	0.44
42000	0.42	0.42	0.42	0	0	0.42
42100	0.42	0.42	0.42	0	0	0.42
42200	0.42	0.42	0.42	0	0	0.42
42300	0.42	0.42	0.42	0	0	0.42
42400	0.42	0.42	0.42	0	0	0.42
42500	0.42	0.42	0.42	0	0	0.42
42600	0.42	0.42	0.42	0	0	0.42
42700	0.42	0.42	0.42	0	0	0.42
42800	0.42	0.42	0.42	0	0	0.42
42900	0.42	0.42	0.42	0	0	0.42
43000	0.42	0.44	0.44	0	0	0.42
43100	0.42	0.44	0.44	0	0	0.42
43200	0.42	0.44	0.44	0	0	0.42
43300	0.42	0.44	0.44	0	0	0.42
43400	0.42	0.44	0.44	0	0	0.42
43500	0.42	0.44	0.44	0	0	0.42
43600	0.42	0.44	0.44	0	0	0.42
43700	0.42	0.44	0.44	0	0	0.42
43800	0.42	0.44	0.44	0	0	0.42
43900	0.42	0.44	0.44	0	0	0.42
44000	0.42	0.44	0.44	0	0	0.42
44100	0.42	0.44	0.44	0	0	0.42
44200	0.42	0.44	0.44	0	0	0.42
44300	0.42	0.44	0.44	0	0	0.42
44400	0.42	0.44	0.44	0	0	0.42
44500	0.42	0.44	0.44	0	0	0.42
44600	0.42	0.44	0.44	0	0	0.42
44700	0.42	0.44	0.44	0	0	0.42
44800	0.42	0.44	0.44	0	0	0.42
44900	0.42	0.44	0.44	0	0	0.42
45000	0.42	0.44	0.44	0	0	0.42
45100	0.42	0.44	0.44	0	0	0.42
45200	0.42	0.44	0.44	0	0	0.42
45300	0.42	0.44	0.44	0	0	0.42
45400	0.42	0.44	0.44	0	0	0.42
45500	0.42	0.44	0.44	0	0	0.42
45600	0.42	0.46	0.46	0	0	0.42
45700	0.42	0.46	0.46	0	0	0.42
45800	0.42	0.48	0.48	0	0	0.42
45900	0.42	0.48	0.48	0	0	0.42
46000	0.42	0.48	0.48	0	0	0.42
46100	0.42	0.48	0.48	0	0	0.42
46200	0.42	0.48	0.48	0	0	0.42
46300	0.42	0.48	0.48	0	0	0.42
46400	0.42	0.48	0.48	0	0	0.42
46500	0.42	0.48	0.48	0	0	0.42
46600	0.42	0.48	0.48	0	0	0.42
46700	0.42	0.48	0.48	0	0	0.42
46800	0.42	0.48	0.48	0	0	0.42
46900	0.42	0.48	0.48	0	0	0.42
47000	0.42	0.48	0.48	0	0	0.42
47100	0.42	0.5	0.5	0	0	0.42
47200	0.42	0.5	0.5	0	0	0.42
47300	0.42	0.5	0.5	0	0	0.42
47400	0.42	0.5	0.5	0	0	0.42
47500	0.42	0.5	0.5	0	0	0.42
47600	0.42	0.5	0.5	0	0	0.42
47700	0.42	0.5	0.5	0	0	0.42
47800	0.42	0.5	0.5	0	0	0.42
47900	0.42	0.5	0.5	0	0	0.42
48000	0.42	0.5	0.5	0	0	0.42
48100	0.42	0.5	0.5	0	0	0.42
48200	0.42	0.5	0.5	0	0	0.42
48300	0.42	0.5	0.5	0	0	0.42
48400	0.42	0.5	0.5	0	0	0.42
48500	0.42	0.5	0.5	0	0	0.42
48600	0.42	0.5	0.5	0	0	0.42
48700	0.42	0.5	0.5	0	0	0.42
48800	0.42	0.5	0.5	0	0	0.42
48900	0.42	0.5	0.5	0	0	0.42
49000	0.42	0.5	0.5	0	0	0.42
49100	0.42	0.5	0.5	0	0	0.42
49200	0.42	0.5	0.5	0	0	0.42
49300	0.42	0.5	0.5	0	0	0.42
49400	0.42	0.5	0.5	0	0	0.42
49500	0.42	0.5	0.5	0	0	0.42
49600	0.42	0.5	0.5	0	0	0.42
49700	0.42	0.5	0.5	0	0	0.42
49800	0.42	0.5	0.5	0	0	0.42
49900	0.42	0.5	0.5	0	0	0.42
50000	0.42	0.5	0.5	0	0	0.42
50100	0.42	0.5	0.5	0	0	0.42
50200	0.42	0.5	0.5	0	0	0.42
50300	0.42	0.5	0.5	0	0	0.42
50400	0.42	0.5	0.5	0	0	0.42
50500	0.42	0.5	0.5	0	0	0.42
50600	0.42	0.5	0.5	0	0	0.42
50700	0.42	0.5	0.5	0	0	0.42
50800	0.42	0.5	0.5	0	0	0.42
50900	0.4	0.5	0.5	0	0	0.4
51000	0.4	0.5	0.5	0	0	0.4
51100	0.4	0.5	0.5	0	0	0.4
51200	0.4	0.5	0.5	0	0	0.4
51300	0.4	0.5	0.5	0	0	0.4
51400	0.4	0.5	0.5	0	0	0.4
51500	0.4	0.5	0.5	0	0	0.4
51600	0.4	0.52	0.52	0	0	0.4
51700	0.4	0.52	0.52	0	0	0.4
51800	0.4	0.52	0.52	0	0	0.4
51900	0.4	0.52	0.52	0	0	0.4
52000	0.4	0.52	0.52	0	0	0.4
52100	0.4	0.52	0.52	0	0	0.4
52200	0.4	0.52	0.52	0	0	0.4
52300	0.4	0.52	0.52	0	0	0.4
52400	0.4	0.52	0.52	0	0	0.4
52500	0.4	0.5	0.5	0	0	0.4
52600	0.4	0.5	0.5	0	0	0.4
52700	0.4	0.5	0.5	0	0	0.4
52800	0.4	0.5	0.5	0	0	0.4
52900	0.4	0.5	0.5	0	0	0.4
53000	0.4	0.5	0.5	0	0	0.4
53100	0.4	0.5	0.5	0	0	0.4
53200	0.4	0.5	0.5	0	0	0.4
53300	0.4	0.5	0.5	0	0	0.4
53400	0.4	0.5	0.5	0	0	0.4
53500	0.4	0.5	0.5	0	0	0.4
53600	0.4	0.5	0.5	0	0	0.4
53700	0.4	0.5	0.5	0	0	0.4
53800	0.4	0.5	0.5	0	0	0.4
53900	0.4	0.52	0.52	0	0	0.4
54000	0.4	0.52	0.52	0	0	0.4
54100	0.4	0.52	0.52	0	0	0.4
54200	0.4	0.52	0.52	0	0	0.4
54300	0.4	0.52	0.52	0	0	0.4
54400	0.4	0.52	0.52	0	0	0.4
54500	0.4	0.5	0.5	0	0	0.4
54600	0.4	0.5	0.5	0	0	0.4
54700	0.4	0.5	0.5	0	0	0.4
54800	0.4	0.5	0.5	0	0	0.4
54900	0.4	0.5	0.5	0	0	0.4
55000	0.4	0.5	0.5	0	0	0.4
55100	0.4	0.5	0.5	0	0	0.4
55200	0.4	0.5	0.5	0	0	0.4
55300	0.4	0.5	0.5	0	0	0.4
55400	0.42	0.5	0.5	0	0	0.42
55500	0.4	0.5	0.5	0	0	0.4
55600	0.4	0.5	0.5	0	0	0.4
55700	0.4	0.5	0.5	0	0	0.4
55800	0.4	0.52	0.52	0	0	0.4
55900	0.4	0.52	0.52	0	0	0.4
56000	0.4	0.52	0.52	0	0	0.4
56100	0.4	0.52	0.52	0	0	0.4
56200	0.4	0.52	0.52	0	0	0.4
56300	0.4	0.52	0.52	0	0	0.4
56400	0.4	0.52	0.52	0	0	0.4
56500	0.4	0.52	0.52	0	0	0.4
56600	0.4	0.52	0.52	0	0	0.4
56700	0.4	0.52	0.52	0	0	0.4
56800	0.4	0.52	0.52	0	0	0.4
56900	0.4	0.52	0.52	0	0	0.4
57000	0.4	0.52	0.52	0	0	0.4
57100	0.4	0.52	0.52	0	0	0.4
57200	0.4	0.52	0.52	0	0	0.4
57300	0.4	0.52	0.52	0	0	0.4
57400	0.4	0.52	0.52	0	0	0.4
57500	0.4	0.52	0.52	0	0	0.4
57600	0.4	0.52	0.52	0	0	0.4
57700	0.4	0.52	0.52	0	0	0.4
57800	0.4	0.52	0.52	0	0	0.4
57900	0.4	0.52	0.52	0	0	0.4
58000	0.4	0.52	0.52	0	0	0.4
58100	0.4	0.52	0.52	0	0	0.4
58200	0.4	0.52	0.52	0	0	0.4
58300	0.4	0.52	0.52	0	0	0.4
58400	0.4	0.52	0.52	0	0	0.4
58500	0.42	0.52	0.52	0	0	0.42
58600	0.42	0.52	0.52	0	0	0.42
58700	0.42	0.52	0.52	0	0	0.42
58800	0.42	0.52	0.52	0	0	0.42
58900	0.42	0.52	0.52	0	0	0.42
59000	0.42	0.52	0.52	0	0	0.42
59100	0.42	0.52	0.52	0	0	0.42
59200	0.42	0.52	0.52	0	0	0.42
59300	0.42	0.54	0.54	0	0	0.42
59400	0.42	0.54	0.54	0	0	0.42
59500	0.42	0.54	0.54	0	0	0.42
59600	0.42	0.54	0.54	0	0	0.42
59700	0.42	0.54	0.54	0	0	0.42
59800	0.42	0.54	0.54	0	0	0.42
59900	0.42	0.54	0.54	0	0	0.42
60000	0.42	0.54	0.54	0	0	0.42
60100	0.42	0.54	0.54	0	0	0.42
60200	0.42	0.54	0.54	0	0	0.42
60300	0.42	0.54	0.54	0	0	0.42
60400	0.42	0.54	0.54	0	0	0.42
60500	0.42	0.54	0.54	0	0	0.42
60600	0.42	0.54	0.54	0	0	0.42
60700	0.42	0.54	0.54	0	0	0.42
60800	0.42	0.54	0.54	0	0	0.42
60900	0.42	0.54	0.54	0	0	0.42
61000	0.42	0.54	0.54	0	0	0.42
61100	0.42	0.52	0.52	0	0	0.42
61200	0.42	0.52	0.52	0	0	0.42
61300	0.42	0.52	0.52	0	0	0.42
61400	0.42	0.52	0.52	0	0	0.42
61500	0.44	0.52	0.52	0	0	0.44
61600	0.44	0.52	0.52	0	0	0.44
61700	0.44	0.52	0.52	0	0	0.44
61800	0.44	0.52	0.52	0	0	0.44
61900	0.44	0.52	0.52	0	0	0.44
62000	0.44	0.52	0.52	0	0	0.44
62100	0.44	0.5	0.5	0	0	0.44
62200	0.44	0.5	0.5	0	0	0.44
62300	0.44	0.5	0.5	0	0	0.44
62400	0.44	0.48	0.48	0	0	0.44
62500	0.44	0.48	0.48	0	0	0.44
62600	0.44	0.5	0.5	0	0	0.44
62700	0.44	0.52	0.52	0	0	0.44
62800	0.44	0.52	0.52	0	0	0.44
62900	0.44	0.52	0.52	0	0	0.44
63000	0.44	0.52	0.52	0	0	0.44
63100	0.44	0.52	0.52	0	0	0.44
63200	0.44	0.52	0.52	0	0	0.44
63300	0.44	0.52	0.52	0	0	0.44
63400	0.44	0.52	0.52	0	0	0.44
63500	0.44	0.52	0.52	0	0	0.44
63600	0.44	0.52	0.52	0	0	0.44
63700	0.44	0.52	0.52	0	0	0.44
63800	0.44	0.52	0.52	0	0	0.44
63900	0.44	0.52	0.52	0	0	0.44
64000	0.44	0.52	0.52	0	0	0.44
64100	0.44	0.52	0.52	0	0	0.44
64200	0.44	0.52	0.52	0	0	0.44
64300	0.44	0.52	0.52	0	0	0.44
64400	0.44	0.52	0.52	0	0	0.44
64500	0.44	0.5	0.5	0	0	0.44
64600	0.44	0.5	0.5	0	0	0.44
64700	0.44	0.5	0.5	0	0	0.44
64800	0.44	0.5	0.5	0	0	0.44
64900	0.44	0.5	0.5	0	0	0.44
65000	0.44	0.5	0.5	0	0	0.44
65100	0.44	0.5	0.5	0	0	0.44
65200	0.44	0.5	0.5	0	0	0.44
65300	0.44	0.5	0.5	0	0	0.44
65400	0.44	0.5	0.5	0	0	0.44
65500	0.44	0.5	0.5	0	0	0.44
65600	0.44	0.5	0.5	0	0	0.44
65700	0.44	0.5	0.5	0	0	0.44
65800	0.44	0.5	0.5	0	0	0.44
65900	0.44	0.5	0.5	0	0	0.44
66000	0.44	0.5	0.5	0	0	0.44
66100	0.44	0.5	0.5	0	0	0.44
66200	0.44	0.5	0.5	0	0	0.44
66300	0.44	0.52	0.52	0	0	0.44
66400	0.44	0.52	0.52	0	0	0.44
66500	0.44	0.52	0.52	0	0	0.44
66600	0.44	0.52	0.52	0	0	0.44
66700	0.44	0.52	0.52	0	0	0.44
66800	0.44	0.52	0.52	0	0	0.44
66900	0.44	0.52	0.52	0	0	0.44
67000	0.44	0.52	0.52	0	0	0.44
67100	0.44	0.52	0.52	0	0	0.44
67200	0.44	0.52	0.52	0	0	0.44
67300	0.44	0.52	0.52	0	0	0.44
67400	0.44	0.52	0.52	0	0	0.44
67500	0.44	0.52	0.52	0	0	0.44
67600	0.44	0.52	0.52	0	0	0.44
67700	0.44	0.52	0.52	0	0	0.44
67800	0.44	0.52	0.52	0	0	0.44
67900	0.44	0.52	0.52	0	0	0.44
68000	0.44	0.52	0.52	0	0	0.44
68100	0.44	0.52	0.52	0	0	0.44
68200	0.44	0.52	0.52	0	0	0.44
68300	0.44	0.52	0.52	0	0	0.44
68400	0.44	0.52	0.52	0	0	0.44
68500	0.44	0.52	0.52	0	0	0.44
68600	0.44	0.52	0.52	0	0	0.44
68700	0.44	0.52	0.52	0	0	0.44
68800	0.44	0.52	0.52	0	0	0.44
68900	0.44	0.52	0.52	0	0	0.44
69000	0.44	0.52	0.52	0	0	0.44
69100	0.44	0.52	0.52	0	0	0.44
69200	0.44	0.52	0.52	0	0	0.44
69300	0.44	0.52	0.52	0	0	0.44
69400	0.44	0.52	0.52	0	0	0.44
69500	0.44	0.52	0.52	0	0	0.44
69600	0.44	0.52	0.52	0	0	0.44
69700	0.44	0.52	0.52	0	0	0.44
69800	0.44	0.52	0.52	0	0	0.44
69900	0.44	0.52	0.52	0	0	0.44
70000	0.44	0.5	0.5	0	0	0.44
70100	0.44	0.5	0.5	0	0	0.44
70200	0.44	0.5	0.5	0	0	0.44
70300	0.44	0.5	0.5	0	0	0.44
70400	0.44	0.5	0.5	0	0	0.44
70500	0.44	0.5	0.5	0	0	0.44
70600	0.44	0.5	0.5	0	0	0.44
70700	0.44	0.5	0.5	0	0	0.44
70800	0.44	0.5	0.5	0	0	0.44
70900	0.44	0.5	0.5	0	0	0.44
71000	0.44	0.5	0.5	0	0	0.44
71100	0.44	0.52	0.52	0	0	0.44
71200	0.44	0.52	0.52	0	0	0.44
71300	0.44	0.52	0.52	0	0	0.44
71400	0.44	0.52	0.52	0	0	0.44
71500	0.44	0.52	0.52	0	0	0.44
71600	0.44	0.52	0.52	0	0	0.44
71700	0.44	0.52	0.52	0	0	0.44
71800	0.44	0.52	0.52	0	0	0.44
71900	0.44	0.52	0.52	0	0	0.44
72000	0.44	0.52	0.52	0	0	0.44
72100	0.44	0.54	0.54	0	0	0.44
72200	0.44	0.54	0.54	0	0	0.44
72300	0.44	0.54	0.54	0	0	0.44
72400	0.44	0.54	0.54	0	0	0.44
72500	0.44	0.54	0.54	0	0	0.44
72600	0.44	0.54	0.54	0	0	0.44
72700	0.44	0.54	0.54	0	0	0.44
72800	0.44	0.54	0.54	0	0	0.44
72900	0.44	0.54	0.54	0	0	0.44
73000	0.44	0.54	0.54	0	0	0.44
73100	0.44	0.52	0.52	0	0	0.44
73200	0.44	0.52	0.52	0	0	0.44
73300	0.44	0.52	0.52	0	0	0.44
73400	0.44	0.52	0.52	0	0	0.44
73500	0.44	0.52	0.52	0	0	0.44
73600	0.44	0.52	0.52	0	0	0.44
73700	0.44	0.52	0.52	0	0	0.44
73800	0.44	0.52	0.52	0	0	0.44
73900	0.44	0.52	0.52	0	0	0.44
74000	0.44	0.52	0.52	0	0	0.44
74100	0.44	0.52	0.52	0	0	0.44
74200	0.44	0.52	0.52	0	0	0.44
74300	0.44	0.52	0.52	0	0	0.44
74400	0.44	0.52	0.52	0	0	0.44
74500	0.44	0.52	0.52	0	0	0.44
74600	0.44	0.52	0.52	0	0	0.44
74700	0.44	0.52	0.52	0	0	0.44
74800	0.44	0.52	0.52	0	0	0.44
74900	0.44	0.52	0.52	0	0	0.44
75000	0.44	0.5	0.5	0	0	0.44
75100	0.44	0.5	0.5	0	0	0.44
75200	0.44	0.5	0.5	0	0	0.44
75300	0.44	0.5	0.5	0	0	0.44
75400	0.44	0.5	0.5	0	0	0.44
75500	0.44	0.5	0.5	0	0	0.44
75600	0.44	0.5	0.5	0	0	0.44
75700	0.44	0.5	0.5	0	0	0.44
75800	0.44	0.5	0.5	0	0	0.44
75900	0.44	0.5	0.5	0	0	0.44
76000	0.44	0.5	0.5	0	0	0.44
76100	0.44	0.5	0.5	0	0	0.44
76200	0.44	0.52	0.52	0	0	0.44
76300	0.44	0.52	0.52	0	0	0.44
76400	0.44	0.5	0.5	0	0	0.44
76500	0.44	0.5	0.5	0	0	0.44
76600	0.44	0.5	0.5	0	0	0.44
76700	0.44	0.5	0.5	0	0	0.44
76800	0.44	0.5	0.5	0	0	0.44
76900	0.44	0.5	0.5	0	0	0.44
77000	0.44	0.5	0.5	0	0	0.44
77100	0.44	0.5	0.5	0	0	0.44
77200	0.42	0.5	0.5	0	0	0.42
77300	0.42	0.5	0.5	0	0	0.42
77400	0.42	0.5	0.5	0	0	0.42
77500	0.42	0.5	0.5	0	0	0.42
77600	0.42	0.5	0.5	0	0	0.42
77700	0.44	0.5	0.5	0	0	0.44
77800	0.44	0.5	0.5	0	0	0.44
77900	0.44	0.5	0.5	0	0	0.44
78000	0.44	0.5	0.5	0	0	0.44
78100	0.44	0.5	0.5	0	0	0.44
78200	0.44	0.5	0.5	0	0	0.44
78300	0.44	0.5	0.5	0	0	0.44
78400	0.44	0.5	0.5	0	0	0.44
78500	0.44	0.5	0.5	0	0	0.44
78600	0.44	0.5	0.5	0	0	0.44
78700	0.44	0.5	0.5	0	0	0.44
78800	0.46	0.5	0.5	0	0	0.46
78900	0.46	0.5	0.5	0	0	0.46
79000	0.46	0.5	0.5	0	0	0.46
79100	0.46	0.5	0.5	0	0	0.46
79200	0.46	0.5	0.5	0	0	0.46
79300	0.46	0.5	0.5	0	0	0.46
79400	0.46	0.5	0.5	0	0	0.46
79500	0.46	0.5	0.5	0	0	0.46
79600	0.46	0.5	0.5	0	0	0.46
79700	0.46	0.5	0.5	0	0	0.46
79800	0.46	0.5	0.5	0	0	0.46
79900	0.46	0.5	0.5	0	0	0.46
80000	0.46	0.5	0.5	0	0	0.46
80100	0.46	0.5	0.5	0	0	0.46
80200	0.46	0.5	0.5	0	0	0.46
80300	0.46	0.5	0.5	0	0	0.46
80400	0.46	0.5	0.5	0	0	0.46
80500	0.46	0.5	0.5	0	0	0.46
80600	0.46	0.5	0.5	0	0	0.46
80700	0.46	0.5	0.5	0	0	0.46
80800	0.46	0.5	0.5	0	0	0.46
80900	0.46	0.52	0.52	0	0	0.46
81000	0.46	0.5	0.5	0	0	0.46
81100	0.46	0.5	0.5	0	0	0.46
81200	0.46	0.5	0.5	0	0	0.46
81300	0.46	0.5	0.5	0	0	0.46
81400	0.46	0.5	0.5	0	0	0.46
81500	0.46	0.5	0.5	0	0	0.46
81600	0.46	0.5	0.5	0	0	0.46
81700	0.46	0.5	0.5	0	0	0.46
81800	0.46	0.5	0.5	0	0	0.46
81900	0.46	0.5	0.5	0	0	0.46
82000	0.46	0.5	0.5	0	0	0.46
82100	0.46	0.5	0.5	0	0	0.46
82200	0.46	0.5	0.5	0	0	0.46
82300	0.46	0.5	0.5	0	0	0.46
82400	0.46	0.5	0.5	0	0	0.46
82500	0.46	0.5	0.5	0	0	0.46
82600	0.46	0.5	0.5	0	0	0.46
82700	0.46	0.5	0.5	0	0	0.46
82800	0.46	0.5	0.5	0	0	0.46
82900	0.46	0.5	0.5	0	0	0.46
83000	0.46	0.5	0.5	0	0	0.46
83100	0.46	0.5	0.5	0	0	0.46
83200	0.46	0.5	0.5	0	0	0.46
83300	0.46	0.5	0.5	0	0	0.46
83400	0.46	0.5	0.5	0	0	0.46
83500	0.46	0.5	0.5	0	0	0.46
83600	0.46	0.5	0.5	0	0	0.46
83700	0.46	0.5	0.5	0	0	0.46
83800	0.46	0.5	0.5	0	0	0.46
83900	0.46	0.5	0.5	0	0	0.46
84000	0.46	0.5	0.5	0	0	0.46
84100	0.46	0.5	0.5	0	0	0.46
84200	0.46	0.5	0.5	0	0	0.46
84300	0.46	0.5	0.5	0	0	0.46
84400	0.46	0.5	0.5	0	0	0.46
84500	0.46	0.5	0.5	0	0	0.46
84600	0.46	0.5	0.5	0	0	0.46
84700	0.46	0.5	0.5	0	0	0.46
84800	0.46	0.5	0.5	0	0	0.46
84900	0.46	0.5	0.5	0	0	0.46
85000	0.46	0.5	0.5	0	0	0.46
85100	0.46	0.5	0.5	0	0	0.46
85200	0.46	0.5	0.5	0	0	0.46
85300	0.46	0.5	0.5	0	0	0.46
85400	0.46	0.5	0.5	0	0	0.46
85500	0.46	0.5	0.5	0	0	0.46
85600	0.46	0.5	0.5	0	0	0.46
85700	0.46	0.5	0.5	0	0	0.46
85800	0.46	0.5	0.5	0	0	0.46
85900	0.46	0.5	0.5	0	0	0.46
86000	0.46	0.5	0.5	0	0	0.46
86100	0.46	0.5	0.5	0	0	0.46
86200	0.46	0.52	0.52	0	0	0.46
86300	0.46	0.52	0.52	0	0	0.46
86400	0.46	0.52	0.52	0	0	0.46
86500	0.46	0.52	0.52	0	0	0.46
86600	0.46	0.52	0.52	0	0	0.46
86700	0.46	0.52	0.52	0	0	0.46
86800	0.46	0.52	0.52	0	0	0.46
86900	0.46	0.52	0.52	0	0	0.46
87000	0.46	0.52	0.52	0	0	0.46
87100	0.44	0.52	0.52	0	0	0.44
87200	0.44	0.52	0.52	0	0	0.44
87300	0.44	0.52	0.52	0	0	0.44
87400	0.44	0.52	0.52	0	0	0.44
87500	0.44	0.52	0.52	0	0	0.44
87600	0.44	0.52	0.52	0	0	0.44
87700	0.44	0.52	0.52	0	0	0.44
87800	0.44	0.52	0.52	0	0	0.44
87900	0.44	0.52	0.52	0	0	0.44
88000	0.44	0.52	0.52	0	0	0.44
88100	0.44	0.52	0.52	0	0	0.44
88200	0.44	0.52	0.52	0	0	0.44
88300	0.44	0.52	0.52	0	0	0.44
88400	0.44	0.52	0.52	0	0	0.44
88500	0.44	0.52	0.52	0	0	0.44
88600	0.42	0.52	0.52	0	0	0.42
88700	0.42	0.52	0.52	0	0	0.42
88800	0.42	0.52	0.52	0	0	0.42
88900	0.42	0.52	0.52	0	0	0.42
89000	0.42	0.52	0.52	0	0	0.42
89100	0.42	0.52	0.52	0	0	0.42
89200	0.42	0.52	0.52	0	0	0.42
89300	0.42	0.52	0.52	0	0	0.42
89400	0.42	0.52	0.52	0	0	0.42
89500	0.42	0.52	0.52	0	0	0.42
89600	0.42	0.52	0.52	0	0	0.42
89700	0.42	0.52	0.52	0	0	0.42
89800	0.4	0.52	0.52	0	0	0.4
89900	0.4	0.52	0.52	0	0	0.4
90000	0.4	0.52	0.52	0	0	0.4
90100	0.4	0.52	0.52	0	0	0.4
90200	0.4	0.52	0.52	0	0	0.4
90300	0.38	0.52	0.52	0	0	0.38
90400	0.38	0.52	0.52	0	0	0.38
90500	0.38	0.52	0.52	0	0	0.38
90600	0.38	0.52	0.52	0	0	0.38
90700	0.38	0.52	0.52	0	0	0.38
90800	0.38	0.52	0.52	0	0	0.38
90900	0.38	0.52	0.52	0	0	0.38
91000	0.38	0.52	0.52	0	0	0.38
91100	0.38	0.52	0.52	0	0	0.38
91200	0.38	0.52	0.52	0	0	0.38
91300	0.38	0.52	0.52	0	0	0.38
91400	0.38	0.52	0.52	0	0	0.38
91500	0.4	0.52	0.52	0	0	0.4
91600	0.4	0.52	0.52	0	0	0.4
91700	0.4	0.52	0.52	0	0	0.4
91800	0.4	0.52	0.52	0	0	0.4
91900	0.4	0.52	0.52	0	0	0.4
92000	0.38	0.52	0.52	0	0	0.38
92100	0.38	0.52	0.52	0	0	0.38
92200	0.38	0.52	0.52	0	0	0.38
92300	0.38	0.52	0.52	0	0	0.38
92400	0.38	0.52	0.52	0	0	0.38
92500	0.38	0.52	0.52	0	0	0.38
92600	0.38	0.52	0.52	0	0	0.38
92700	0.38	0.52	0.52	0	0	0.38
92800	0.38	0.52	0.52	0	0	0.38
92900	0.38	0.52	0.52	0	0	0.38
93000	0.38	0.52	0.52	0	0	0.38
93100	0.38	0.52	0.52	0	0	0.38
93200	0.38	0.52	0.52	0	0	0.38
93300	0.38	0.52	0.52	0	0	0.38
93400	0.38	0.52	0.52	0	0	0.38
93500	0.38	0.52	0.52	0	0	0.38
93600	0.38	0.52	0.52	0	0	0.38
93700	0.38	0.52	0.52	0	0	0.38
93800	0.38	0.52	0.52	0	0	0.38
93900	0.38	0.52	0.52	0	0	0.38
94000	0.38	0.52	0.52	0	0	0.38
94100	0.38	0.52	0.52	0	0	0.38
94200	0.38	0.52	0.52	0	0	0.38
94300	0.38	0.52	0.52	0	0	0.38
94400	0.38	0.52	0.52	0	0	0.38
94500	0.4	0.52	0.52	0	0	0.4
94600	0.4	0.52	0.52	0	0	0.4
94700	0.4	0.52	0.52	0	0	0.4
94800	0.4	0.52	0.52	0	0	0.4
94900	0.4	0.52	0.52	0	0	0.4
95000	0.4	0.52	0.52	0	0	0.4
95100	0.4	0.52	0.52	0	0	0.4
95200	0.4	0.52	0.52	0	0	0.4
95300	0.4	0.52	0.52	0	0	0.4
95400	0.4	0.52	0.52	0	0	0.4
95500	0.4	0.52	0.52	0	0	0.4
95600	0.42	0.52	0.52	0	0	0.42
95700	0.42	0.52	0.52	0	0	0.42
95800	0.42	0.52	0.52	0	0	0.42
95900	0.44	0.52	0.52	0	0	0.44
96000	0.44	0.52	0.52	0	0	0.44
96100	0.44	0.54	0.54	0	0	0.44
96200	0.44	0.54	0.54	0	0	0.44
96300	0.44	0.54	0.54	0	0	0.44
96400	0.44	0.54	0.54	0	0	0.44
96500	0.44	0.52	0.52	0	0	0.44
96600	0.44	0.52	0.52	0	0	0.44
96700	0.44	0.52	0.52	0	0	0.44
96800	0.44	0.52	0.52	0	0	0.44
96900	0.44	0.52	0.52	0	0	0.44
97000	0.44	0.52	0.52	0	0	0.44
97100	0.44	0.52	0.52	0	0	0.44
97200	0.44	0.52	0.52	0	0	0.44
97300	0.44	0.52	0.52	0	0	0.44
97400	0.44	0.52	0.52	0	0	0.44
97500	0.44	0.52	0.52	0	0	0.44
97600	0.44	0.52	0.52	0	0	0.44
97700	0.44	0.52	0.52	0	0	0.44
97800	0.44	0.52	0.52	0	0	0.44
97900	0.44	0.52	0.52	0	0	0.44
98000	0.44	0.52	0.52	0	0	0.44
98100	0.44	0.52	0.52	0	0	0.44
98200	0.44	0.52	0.52	0	0	0.44
98300	0.44	0.52	0.52	0	0	0.44
98400	0.44	0.52	0.52	0	0	0.44
98500	0.44	0.52	0.52	0	0	0.44
98600	0.44	0.52	0.52	0	0	0.44
98700	0.44	0.52	0.52	0	0	0.44
98800	0.44	0.52	0.52	0	0	0.44
98900	0.44	0.52	0.52	0	0	0.44
99000	0.44	0.52	0.52	0	0	0.44
99100	0.44	0.52	0.52	0	0	0.44
99200	0.44	0.52	0.52	0	0	0.44
99300	0.46	0.52	0.52	0	0	0.46
99400	0.46	0.52	0.52	0	0	0.46
99500	0.46	0.52	0.52	0	0	0.46
99600	0.46	0.52	0.52	0	0	0.46
99700	0.46	0.52	0.52	0	0	0.46
99800	0.46	0.52	0.52	0	0	0.46
99900	0.46	0.52	0.52	0	0	0.46
100000	0.46	0.52	0.52	0	0	0.46
