100	0.08	0.1	0.1	0	0	0.08
200	0.08	0.14	0.14	0	0	0.08
300	0.1	0.14	0.14	0	0	0.1
400	0.1	0.16	0.16	0	0	0.1
500	0.1	0.18	0.18	0	0	0.1
600	0.12	0.2	0.2	0	0	0.12
700	0.12	0.22	0.22	0	0	0.12
800	0.12	0.22	0.22	0	0	0.12
900	0.12	0.26	0.26	0	0	0.12
1000	0.12	0.26	0.26	0	0	0.12
1100	0.12	0.26	0.26	0	0	0.12
1200	0.14	0.28	0.28	0	0	0.14
1300	0.16	0.28	0.28	0	0	0.16
1400	0.18	0.28	0.28	0	0	0.18
1500	0.2	0.32	0.32	0	0	0.2
1600	0.18	0.32	0.32	0	0	0.18
1700	0.18	0.34	0.34	0	0	0.18
1800	0.18	0.34	0.34	0	0	0.18
1900	0.2	0.34	0.34	0	0	0.2
2000	0.2	0.36	0.36	0	0	0.2
2100	0.2	0.34	0.34	0	0	0.2
2200	0.2	0.34	0.34	0	0	0.2
2300	0.2	0.34	0.34	0	0	0.2
2400	0.2	0.34	0.34	0	0	0.2
2500	0.2	0.34	0.34	0	0	0.2
2600	0.2	0.32	0.32	0	0	0.2
2700	0.2	0.32	0.32	0	0	0.2
2800	0.22	0.32	0.32	0	0	0.22
2900	0.22	0.32	0.32	0	0	0.22
3000	0.22	0.32	0.32	0	0	0.22
3100	0.22	0.32	0.32	0	0	0.22
3200	0.24	0.32	0.32	0	0	0.24
3300	0.22	0.34	0.34	0	0	0.22
3400	0.22	0.3	0.3	0	0	0.22
3500	0.22	0.3	0.3	0	0	0.22
3600	0.22	0.3	0.3	0	0	0.22
3700	0.22	0.3	0.3	0	0	0.22
3800	0.22	0.3	0.3	0	0	0.22
3900	0.22	0.32	0.32	0	0	0.22
4000	0.22	0.32	0.32	0	0	0.22
4100	0.2	0.32	0.32	0	0	0.2
4200	0.2	0.32	0.32	0	0	0.2
4300	0.2	0.34	0.34	0	0	0.2
4400	0.2	0.34	0.34	0	0	0.2
4500	0.2	0.34	0.34	0	0	0.2
4600	0.2	0.34	0.34	0	0	0.2
4700	0.2	0.38	0.38	0	0	0.2
4800	0.22	0.38	0.38	0	0	0.22
4900	0.22	0.38	0.38	0	0	0.22
5000	0.22	0.38	0.38	0	0	0.22
5100	0.24	0.38	0.38	0	0	0.24
5200	0.24	0.38	0.38	0	0	0.24
5300	0.26	0.38	0.38	0	0	0.26
5400	0.28	0.4	0.4	0	0	0.28
5500	0.28	0.38	0.38	0	0	0.28
5600	0.28	0.38	0.38	0	0	0.28
5700	0.26	0.38	0.38	0	0	0.26
5800	0.26	0.36	0.36	0	0	0.26
5900	0.26	0.36	0.36	0	0	0.26
6000	0.26	0.36	0.36	0	0	0.26
6100	0.28	0.38	0.38	0	0	0.28
6200	0.28	0.38	0.38	0	0	0.28
6300	0.28	0.36	0.36	0	0	0.28
6400	0.28	0.38	0.38	0	0	0.28
6500	0.28	0.38	0.38	0	0	0.28
6600	0.28	0.4	0.4	0	0	0.28
6700	0.28	0.4	0.4	0	0	0.28
6800	0.28	0.4	0.4	0	0	0.28
6900	0.28	0.42	0.42	0	0	0.28
7000	0.28	0.42	0.42	0	0	0.28
7100	0.28	0.42	0.42	0	0	0.28
7200	0.28	0.42	0.42	0	0	0.28
7300	0.32	0.42	0.42	0	0	0.32
7400	0.32	0.42	0.42	0	0	0.32
7500	0.32	0.42	0.42	0	0	0.32
7600	0.3	0.42	0.42	0	0	0.3
7700	0.3	0.4	0.4	0	0	0.3
7800	0.32	0.4	0.4	0	0	0.32
7900	0.32	0.4	0.4	0	0	0.32
8000	0.32	0.4	0.4	0	0	0.32
8100	0.32	0.4	0.4	0	0	0.32
8200	0.34	0.4	0.4	0	0	0.34
8300	0.38	0.4	0.4	0	0	0.38
8400	0.38	0.4	0.4	0	0	0.38
8500	0.36	0.4	0.4	0	0	0.36
8600	0.36	0.4	0.4	0	0	0.36
8700	0.36	0.4	0.4	0	0	0.36
8800	0.36	0.4	0.4	0	0	0.36
8900	0.36	0.42	0.42	0	0	0.36
9000	0.36	0.42	0.42	0	0	0.36
9100	0.38	0.44	0.44	0	0	0.38
9200	0.38	0.44	0.44	0	0	0.38
9300	0.38	0.44	0.44	0	0	0.38
9400	0.36	0.44	0.44	0	0	0.36
9500	0.38	0.44	0.44	0	0	0.38
9600	0.38	0.44	0.44	0	0	0.38
9700	0.38	0.44	0.44	0	0	0.38
9800	0.38	0.44	0.44	0	0	0.38
9900	0.36	0.44	0.44	0	0	0.36
10000	0.36	0.44	0.44	0	0	0.36
10100	0.36	0.42	0.42	0	0	0.36
10200	0.36	0.42	0.42	0	0	0.36
10300	0.36	0.42	0.42	0	0	0.36
10400	0.38	0.42	0.42	0	0	0.38
10500	0.38	0.42	0.42	0	0	0.38
10600	0.38	0.42	0.42	0	0	0.38
10700	0.38	0.42	0.42	0	0	0.38
10800	0.38	0.42	0.42	0	0	0.38
10900	0.38	0.42	0.42	0	0	0.38
11000	0.38	0.42	0.42	0	0	0.38
11100	0.38	0.42	0.42	0	0	0.38
11200	0.38	0.42	0.42	0	0	0.38
11300	0.38	0.44	0.44	0	0	0.38
11400	0.38	0.44	0.44	0	0	0.38
11500	0.38	0.44	0.44	0	0	0.38
11600	0.4	0.44	0.44	0	0	0.4
11700	0.4	0.44	0.44	0	0	0.4
11800	0.4	0.44	0.44	0	0	0.4
11900	0.4	0.42	0.42	0	0	0.4
12000	0.4	0.4	0.4	0	0	0.4
12100	0.4	0.42	0.42	0	0	0.4
12200	0.4	0.42	0.42	0	0	0.4
12300	0.4	0.42	0.42	0	0	0.4
12400	0.4	0.42	0.42	0	0	0.4
12500	0.4	0.42	0.42	0	0	0.4
12600	0.4	0.42	0.42	0	0	0.4
12700	0.4	0.42	0.42	0	0	0.4
12800	0.4	0.42	0.42	0	0	0.4
12900	0.4	0.44	0.44	0	0	0.4
13000	0.38	0.44	0.44	0	0	0.38
13100	0.38	0.44	0.44	0	0	0.38
13200	0.4	0.44	0.44	0	0	0.4
13300	0.4	0.44	0.44	0	0	0.4
13400	0.42	0.42	0.42	0	0	0.42
13500	0.4	0.42	0.42	0	0	0.4
13600	0.36	0.42	0.42	0	0	0.36
13700	0.36	0.42	0.42	0	0	0.36
13800	0.34	0.42	0.42	0	0	0.34
13900	0.34	0.42	0.42	0	0	0.34
14000	0.34	0.42	0.42	0	0	0.34
14100	0.34	0.42	0.42	0	0	0.34
14200	0.34	0.42	0.42	0	0	0.34
14300	0.36	0.42	0.42	0	0	0.36
14400	0.36	0.42	0.42	0	0	0.36
14500	0.38	0.42	0.42	0	0	0.38
14600	0.38	0.42	0.42	0	0	0.38
14700	0.38	0.42	0.42	0	0	0.38
14800	0.4	0.42	0.42	0	0	0.4
14900	0.4	0.44	0.44	0	0	0.4
15000	0.4	0.44	0.44	0	0	0.4
15100	0.4	0.44	0.44	0	0	0.4
15200	0.4	0.44	0.44	0	0	0.4
15300	0.4	0.44	0.44	0	0	0.4
15400	0.4	0.42	0.42	0	0	0.4
15500	0.4	0.42	0.42	0	0	0.4
15600	0.4	0.42	0.42	0	0	0.4
15700	0.4	0.42	0.42	0	0	0.4
15800	0.4	0.42	0.42	0	0	0.4
15900	0.4	0.42	0.42	0	0	0.4
16000	0.4	0.42	0.42	0	0	0.4
16100	0.4	0.44	0.44	0	0	0.4
16200	0.4	0.44	0.44	0	0	0.4
16300	0.4	0.44	0.44	0	0	0.4
16400	0.4	0.44	0.44	0	0	0.4
16500	0.4	0.46	0.46	0	0	0.4
16600	0.4	0.46	0.46	0	0	0.4
16700	0.4	0.48	0.48	0	0	0.4
16800	0.4	0.48	0.48	0	0	0.4
16900	0.4	0.48	0.48	0	0	0.4
17000	0.4	0.48	0.48	0	0	0.4
17100	0.42	0.48	0.48	0	0	0.42
17200	0.42	0.48	0.48	0	0	0.42
17300	0.42	0.48	0.48	0	0	0.42
17400	0.42	0.48	0.48	0	0	0.42
17500	0.42	0.48	0.48	0	0	0.42
17600	0.42	0.48	0.48	0	0	0.42
17700	0.44	0.48	0.48	0	0	0.44
17800	0.44	0.46	0.46	0	0	0.44
17900	0.44	0.46	0.46	0	0	0.44
18000	0.44	0.46	0.46	0	0	0.44
18100	0.44	0.46	0.46	0	0	0.44
18200	0.44	0.46	0.46	0	0	0.44
18300	0.44	0.46	0.46	0	0	0.44
18400	0.42	0.46	0.46	0	0	0.42
18500	0.42	0.46	0.46	0	0	0.42
18600	0.42	0.44	0.44	0	0	0.42
18700	0.42	0.44	0.44	0	0	0.42
18800	0.42	0.44	0.44	0	0	0.42
18900	0.42	0.44	0.44	0	0	0.42
19000	0.42	0.44	0.44	0	0	0.42
19100	0.42	0.44	0.44	0	0	0.42
19200	0.42	0.44	0.44	0	0	0.42
19300	0.4	0.44	0.44	0	0	0.4
19400	0.4	0.44	0.44	0	0	0.4
19500	0.4	0.44	0.44	0	0	0.4
19600	0.4	0.42	0.42	0	0	0.4
19700	0.4	0.42	0.42	0	0	0.4
19800	0.38	0.44	0.44	0	0	0.38
19900	0.38	0.44	0.44	0	0	0.38
20000	0.38	0.42	0.42	0	0	0.38
20100	0.38	0.42	0.42	0	0	0.38
20200	0.38	0.42	0.42	0	0	0.38
20300	0.38	0.42	0.42	0	0	0.38
20400	0.38	0.42	0.42	0	0	0.38
20500	0.38	0.42	0.42	0	0	0.38
20600	0.38	0.42	0.42	0	0	0.38
20700	0.4	0.42	0.42	0	0	0.4
20800	0.4	0.42	0.42	0	0	0.4
20900	0.4	0.42	0.42	0	0	0.4
21000	0.4	0.42	0.42	0	0	0.4
21100	0.38	0.42	0.42	0	0	0.38
21200	0.38	0.42	0.42	0	0	0.38
21300	0.38	0.4	0.4	0	0	0.38
21400	0.38	0.4	0.4	0	0	0.38
21500	0.38	0.4	0.4	0	0	0.38
21600	0.36	0.4	0.4	0	0	0.36
21700	0.36	0.4	0.4	0	0	0.36
21800	0.36	0.4	0.4	0	0	0.36
21900	0.36	0.4	0.4	0	0	0.36
22000	0.36	0.4	0.4	0	0	0.36
22100	0.36	0.4	0.4	0	0	0.36
22200	0.36	0.4	0.4	0	0	0.36
22300	0.36	0.4	0.4	0	0	0.36
22400	0.36	0.4	0.4	0	0	0.36
22500	0.36	0.4	0.4	0	0	0.36
22600	0.38	0.42	0.42	0	0	0.38
22700	0.38	0.42	0.42	0	0	0.38
22800	0.4	0.42	0.42	0	0	0.4
22900	0.42	0.42	0.42	0	0	0.42
23000	0.42	0.42	0.42	0	0	0.42
23100	0.42	0.42	0.42	0	0	0.42
23200	0.42	0.42	0.42	0	0	0.42
23300	0.42	0.42	0.42	0	0	0.42
23400	0.42	0.42	0.42	0	0	0.42
23500	0.42	0.42	0.42	0	0	0.42
23600	0.42	0.42	0.42	0	0	0.42
23700	0.42	0.42	0.42	0	0	0.42
23800	0.42	0.42	0.42	0	0	0.42
23900	0.42	0.42	0.42	0	0	0.42
24000	0.42	0.42	0.42	0	0	0.42
24100	0.42	0.42	0.42	0	0	0.42
24200	0.44	0.42	0.42	0	0	0.44
24300	0.44	0.42	0.42	0	0	0.44
24400	0.44	0.42	0.42	0	0	0.44
24500	0.44	0.42	0.42	0	0	0.44
24600	0.44	0.42	0.42	0	0	0.44
24700	0.44	0.42	0.42	0	0	0.44
24800	0.44	0.42	0.42	0	0	0.44
24900	0.44	0.42	0.42	0	0	0.44
25000	0.44	0.42	0.42	0	0	0.44
25100	0.44	0.44	0.44	0	0	0.44
25200	0.44	0.44	0.44	0	0	0.44
25300	0.44	0.44	0.44	0	0	0.44
25400	0.44	0.44	0.44	0	0	0.44
25500	0.44	0.44	0.44	0	0	0.44
25600	0.44	0.44	0.44	0	0	0.44
25700	0.44	0.44	0.44	0	0	0.44
25800	0.44	0.44	0.44	0	0	0.44
25900	0.44	0.44	0.44	0	0	0.44
26000	0.44	0.44	0.44	0	0	0.44
26100	0.44	0.44	0.44	0	0	0.44
26200	0.44	0.44	0.44	0	0	0.44
26300	0.44	0.42	0.42	0	0	0.44
26400	0.44	0.42	0.42	0	0	0.44
26500	0.44	0.42	0.42	0	0	0.44
26600	0.44	0.42	0.42	0	0	0.44
26700	0.44	0.42	0.42	0	0	0.44
26800	0.44	0.42	0.42	0	0	0.44
26900	0.44	0.42	0.42	0	0	0.44
27000	0.44	0.42	0.42	0	0	0.44
27100	0.44	0.42	0.42	0	0	0.44
27200	0.44	0.42	0.42	0	0	0.44
27300	0.44	0.42	0.42	0	0	0.44
27400	0.44	0.42	0.42	0	0	0.44
27500	0.44	0.42	0.42	0	0	0.44
27600	0.44	0.42	0.42	0	0	0.44
27700	0.44	0.42	0.42	0	0	0.44
27800	0.46	0.42	0.42	0	0	0.46
27900	0.46	0.42	0.42	0	0	0.46
28000	0.46	0.44	0.44	0	0	0.46
28100	0.46	0.44	0.44	0	0	0.46
28200	0.46	0.44	0.44	0	0	0.46
28300	0.46	0.44	0.44	0	0	0.46
28400	0.46	0.44	0.44	0	0	0.46
28500	0.46	0.44	0.44	0	0	0.46
28600	0.46	0.44	0.44	0	0	0.46
28700	0.46	0.44	0.44	0	0	0.46
28800	0.46	0.44	0.44	0	0	0.46
28900	0.46	0.44	0.44	0	0	0.46
29000	0.46	0.44	0.44	0	0	0.46
29100	0.46	0.44	0.44	0	0	0.46
29200	0.46	0.44	0.44	0	0	0.46
29300	0.46	0.44	0.44	0	0	0.46
29400	0.46	0.44	0.44	0	0	0.46
29500	0.46	0.44	0.44	0	0	0.46
29600	0.46	0.44	0.44	0	0	0.46
29700	0.46	0.44	0.44	0	0	0.46
29800	0.46	0.44	0.44	0	0	0.46
29900	0.46	0.44	0.44	0	0	0.46
30000	0.46	0.44	0.44	0	0	0.46
30100	0.46	0.44	0.44	0	0	0.46
30200	0.46	0.44	0.44	0	0	0.46
30300	0.46	0.44	0.44	0	0	0.46
30400	0.46	0.46	0.46	0	0	0.46
30500	0.46	0.44	0.44	0	0	0.46
30600	0.46	0.44	0.44	0	0	0.46
30700	0.46	0.44	0.44	0	0	0.46
30800	0.48	0.44	0.44	0	0	0.48
30900	0.48	0.44	0.44	0	0	0.48
31000	0.48	0.44	0.44	0	0	0.48
31100	0.48	0.44	0.44	0	0	0.48
31200	0.48	0.44	0.44	0	0	0.48
31300	0.48	0.44	0.44	0	0	0.48
31400	0.48	0.44	0.44	0	0	0.48
31500	0.48	0.44	0.44	0	0	0.48
31600	0.48	0.44	0.44	0	0	0.48
31700	0.48	0.44	0.44	0	0	0.48
31800	0.48	0.44	0.44	0	0	0.48
31900	0.48	0.44	0.44	0	0	0.48
32000	0.48	0.44	0.44	0	0	0.48
32100	0.48	0.44	0.44	0	0	0.48
32200	0.48	0.44	0.44	0	0	0.48
32300	0.48	0.44	0.44	0	0	0.48
32400	0.48	0.44	0.44	0	0	0.48
32500	0.48	0.44	0.44	0	0	0.48
32600	0.48	0.44	0.44	0	0	0.48
32700	0.48	0.44	0.44	0	0	0.48
32800	0.48	0.44	0.44	0	0	0.48
32900	0.48	0.44	0.44	0	0	0.48
33000	0.48	0.44	0.44	0	0	0.48
33100	0.48	0.44	0.44	0	0	0.48
33200	0.48	0.44	0.44	0	0	0.48
33300	0.48	0.44	0.44	0	0	0.48
33400	0.48	0.44	0.44	0	0	0.48
33500	0.48	0.44	0.44	0	0	0.48
33600	0.48	0.44	0.44	0	0	0.48
33700	0.48	0.44	0.44	0	0	0.48
33800	0.48	0.42	0.42	0	0	0.48
33900	0.48	0.42	0.42	0	0	0.48
34000	0.48	0.42	0.42	0	0	0.48
34100	0.48	0.42	0.42	0	0	0.48
34200	0.48	0.42	0.42	0	0	0.48
34300	0.48	0.42	0.42	0	0	0.48
34400	0.48	0.44	0.44	0	0	0.48
34500	0.48	0.44	0.44	0	0	0.48
34600	0.48	0.44	0.44	0	0	0.48
34700	0.48	0.44	0.44	0	0	0.48
34800	0.48	0.44	0.44	0	0	0.48
34900	0.48	0.42	0.42	0	0	0.48
35000	0.48	0.42	0.42	0	0	0.48
35100	0.48	0.42	0.42	0	0	0.48
35200	0.48	0.42	0.42	0	0	0.48
35300	0.48	0.44	0.44	0	0	0.48
35400	0.48	0.42	0.42	0	0	0.48
35500	0.48	0.42	0.42	0	0	0.48
35600	0.48	0.42	0.42	0	0	0.48
35700	0.48	0.44	0.44	0	0	0.48
35800	0.48	0.44	0.44	0	0	0.48
35900	0.48	0.44	0.44	0	0	0.48
36000	0.48	0.44	0.44	0	0	0.48
36100	0.48	0.44	0.44	0	0	0.48
36200	0.48	0.44	0.44	0	0	0.48
36300	0.48	0.44	0.44	0	0	0.48
36400	0.48	0.44	0.44	0	0	0.48
36500	0.48	0.46	0.46	0	0	0.48
36600	0.48	0.46	0.46	0	0	0.48
36700	0.48	0.46	0.46	0	0	0.48
36800	0.48	0.46	0.46	0	0	0.48
36900	0.48	0.46	0.46	0	0	0.48
37000	0.48	0.46	0.46	0	0	0.48
37100	0.48	0.46	0.46	0	0	0.48
37200	0.48	0.46	0.46	0	0	0.48
37300	0.48	0.46	0.46	0	0	0.48
37400	0.48	0.46	0.46	0	0	0.48
37500	0.48	0.46	0.46	0	0	0.48
37600	0.48	0.46	0.46	0	0	0.48
37700	0.48	0.46	0.46	0	0	0.48
37800	0.48	0.46	0.46	0	0	0.48
37900	0.48	0.46	0.46	0	0	0.48
38000	0.48	0.46	0.46	0	0	0.48
38100	0.48	0.46	0.46	0	0	0.48
38200	0.48	0.46	0.46	0	0	0.48
38300	0.48	0.46	0.46	0	0	0.48
38400	0.48	0.46	0.46	0	0	0.48
38500	0.48	0.46	0.46	0	0	0.48
38600	0.48	0.46	0.46	0	0	0.48
38700	0.48	0.46	0.46	0	0	0.48
38800	0.48	0.46	0.46	0	0	0.48
38900	0.48	0.46	0.46	0	0	0.48
39000	0.48	0.44	0.44	0	0	0.48
39100	0.48	0.44	0.44	0	0	0.48
39200	0.48	0.44	0.44	0	0	0.48
39300	0.48	0.44	0.44	0	0	0.48
39400	0.48	0.44	0.44	0	0	0.48
39500	0.48	0.44	0.44	0	0	0.48
39600	0.48	0.44	0.44	0	0	0.48
39700	0.48	0.44	0.44	0	0	0.48
39800	0.48	0.46	0.46	0	0	0.48
39900	0.48	0.46	0.46	0	0	0.48
40000	0.48	0.44	0.44	0	0	0.48
40100	0.48	0.44	0.44	0	0	0.48
40200	0.48	0.44	0.44	0	0	0.48
40300	0.48	0.44	0.44	0	0	0.48
40400	0.48	0.44	0.44	0	0	0.48
40500	0.48	0.44	0.44	0	0	0.48
40600	0.48	0.44	0.44	0	0	0.48
40700	0.48	0.44	0.44	0	0	0.48
40800	0.48	0.44	0.44	0	0	0.48
40900	0.48	0.44	0.44	0	0	0.48
41000	0.48	0.44	0.44	0	0	0.48
41100	0.48	0.44	0.44	0	0	0.48
41200	0.48	0.44	0.44	0	0	0.48
41300	0.48	0.44	0.44	0	0	0.48
41400	0.48	0.42	0.42	0	0	0.48
41500	0.48	0.42	0.42	0	0	0.48
41600	0.48	0.42	0.42	0	0	0.48
41700	0.48	0.42	0.42	0	0	0.48
41800	0.48	0.42	0.42	0	0	0.48
41900	0.48	0.42	0.42	0	0	0.48
42000	0.48	0.42	0.42	0	0	0.48
42100	0.48	0.42	0.42	0	0	0.48
42200	0.48	0.42	0.42	0	0	0.48
42300	0.46	0.42	0.42	0	0	0.46
42400	0.46	0.42	0.42	0	0	0.46
42500	0.46	0.42	0.42	0	0	0.46
42600	0.46	0.42	0.42	0	0	0.46
42700	0.46	0.42	0.42	0	0	0.46
42800	0.46	0.42	0.42	0	0	0.46
42900	0.46	0.42	0.42	0	0	0.46
43000	0.48	0.42	0.42	0	0	0.48
43100	0.48	0.42	0.42	0	0	0.48
43200	0.48	0.42	0.42	0	0	0.48
43300	0.48	0.42	0.42	0	0	0.48
43400	0.48	0.42	0.42	0	0	0.48
43500	0.48	0.42	0.42	0	0	0.48
43600	0.48	0.42	0.42	0	0	0.48
43700	0.48	0.42	0.42	0	0	0.48
43800	0.46	0.42	0.42	0	0	0.46
43900	0.46	0.42	0.42	0	0	0.46
44000	0.46	0.42	0.42	0	0	0.46
44100	0.46	0.42	0.42	0	0	0.46
44200	0.46	0.42	0.42	0	0	0.46
44300	0.46	0.42	0.42	0	0	0.46
44400	0.46	0.42	0.42	0	0	0.46
44500	0.46	0.42	0.42	0	0	0.46
44600	0.46	0.42	0.42	0	0	0.46
44700	0.46	0.42	0.42	0	0	0.46
44800	0.46	0.42	0.42	0	0	0.46
44900	0.46	0.42	0.42	0	0	0.46
45000	0.46	0.42	0.42	0	0	0.46
45100	0.46	0.42	0.42	0	0	0.46
45200	0.46	0.42	0.42	0	0	0.46
45300	0.46	0.42	0.42	0	0	0.46
45400	0.46	0.42	0.42	0	0	0.46
45500	0.46	0.42	0.42	0	0	0.46
45600	0.46	0.42	0.42	0	0	0.46
45700	0.46	0.42	0.42	0	0	0.46
45800	0.44	0.42	0.42	0	0	0.44
45900	0.44	0.42	0.42	0	0	0.44
46000	0.44	0.42	0.42	0	0	0.44
46100	0.44	0.4	0.4	0	0	0.44
46200	0.44	0.4	0.4	0	0	0.44
46300	0.44	0.4	0.4	0	0	0.44
46400	0.44	0.4	0.4	0	0	0.44
46500	0.44	0.4	0.4	0	0	0.44
46600	0.44	0.4	0.4	0	0	0.44
46700	0.44	0.4	0.4	0	0	0.44
46800	0.44	0.4	0.4	0	0	0.44
46900	0.44	0.42	0.42	0	0	0.44
47000	0.44	0.42	0.42	0	0	0.44
47100	0.44	0.42	0.42	0	0	0.44
47200	0.44	0.42	0.42	0	0	0.44
47300	0.44	0.44	0.44	0	0	0.44
47400	0.44	0.42	0.42	0	0	0.44
47500	0.44	0.42	0.42	0	0	0.44
47600	0.44	0.42	0.42	0	0	0.44
47700	0.44	0.42	0.42	0	0	0.44
47800	0.44	0.42	0.42	0	0	0.44
47900	0.44	0.42	0.42	0	0	0.44
48000	0.44	0.42	0.42	0	0	0.44
48100	0.44	0.42	0.42	0	0	0.44
48200	0.44	0.42	0.42	0	0	0.44
48300	0.44	0.42	0.42	0	0	0.44
48400	0.44	0.42	0.42	0	0	0.44
48500	0.44	0.42	0.42	0	0	0.44
48600	0.44	0.42	0.42	0	0	0.44
48700	0.44	0.44	0.44	0	0	0.44
48800	0.44	0.44	0.44	0	0	0.44
48900	0.44	0.44	0.44	0	0	0.44
49000	0.44	0.44	0.44	0	0	0.44
49100	0.44	0.44	0.44	0	0	0.44
49200	0.44	0.44	0.44	0	0	0.44
49300	0.44	0.44	0.44	0	0	0.44
49400	0.44	0.44	0.44	0	0	0.44
49500	0.44	0.46	0.46	0	0	0.44
49600	0.44	0.46	0.46	0	0	0.44
49700	0.44	0.46	0.46	0	0	0.44
49800	0.44	0.46	0.46	0	0	0.44
49900	0.44	0.46	0.46	0	0	0.44
50000	0.44	0.46	0.46	0	0	0.44
50100	0.44	0.46	0.46	0	0	0.44
50200	0.44	0.46	0.46	0	0	0.44
50300	0.44	0.46	0.46	0	0	0.44
50400	0.44	0.46	0.46	0	0	0.44
50500	0.44	0.46	0.46	0	0	0.44
50600	0.44	0.46	0.46	0	0	0.44
50700	0.44	0.46	0.46	0	0	0.44
50800	0.44	0.46	0.46	0	0	0.44
50900	0.44	0.46	0.46	0	0	0.44
51000	0.44	0.46	0.46	0	0	0.44
51100	0.44	0.46	0.46	0	0	0.44
51200	0.42	0.46	0.46	0	0	0.42
51300	0.42	0.46	0.46	0	0	0.42
51400	0.42	0.46	0.46	0	0	0.42
51500	0.42	0.46	0.46	0	0	0.42
51600	0.42	0.46	0.46	0	0	0.42
51700	0.42	0.46	0.46	0	0	0.42
51800	0.42	0.46	0.46	0	0	0.42
51900	0.42	0.46	0.46	0	0	0.42
52000	0.42	0.46	0.46	0	0	0.42
52100	0.42	0.46	0.46	0	0	0.42
52200	0.42	0.46	0.46	0	0	0.42
52300	0.42	0.46	0.46	0	0	0.42
52400	0.42	0.46	0.46	0	0	0.42
52500	0.42	0.46	0.46	0	0	0.42
52600	0.42	0.46	0.46	0	0	0.42
52700	0.42	0.46	0.46	0	0	0.42
52800	0.42	0.44	0.44	0	0	0.42
52900	0.42	0.44	0.44	0	0	0.42
53000	0.42	0.44	0.44	0	0	0.42
53100	0.42	0.44	0.44	0	0	0.42
53200	0.42	0.44	0.44	0	0	0.42
53300	0.42	0.46	0.46	0	0	0.42
53400	0.42	0.46	0.46	0	0	0.42
53500	0.42	0.46	0.46	0	0	0.42
53600	0.42	0.46	0.46	0	0	0.42
53700	0.42	0.46	0.46	0	0	0.42
53800	0.42	0.44	0.44	0	0	0.42
53900	0.42	0.44	0.44	0	0	0.42
54000	0.42	0.44	0.44	0	0	0.42
54100	0.42	0.44	0.44	0	0	0.42
54200	0.42	0.44	0.44	0	0	0.42
54300	0.42	0.44	0.44	0	0	0.42
54400	0.42	0.44	0.44	0	0	0.42
54500	0.42	0.44	0.44	0	0	0.42
54600	0.42	0.44	0.44	0	0	0.42
54700	0.42	0.44	0.44	0	0	0.42
54800	0.44	0.44	0.44	0	0	0.44
54900	0.44	0.44	0.44	0	0	0.44
55000	0.44	0.44	0.44	0	0	0.44
55100	0.44	0.44	0.44	0	0	0.44
55200	0.44	0.44	0.44	0	0	0.44
55300	0.44	0.44	0.44	0	0	0.44
55400	0.44	0.44	0.44	0	0	0.44
55500	0.44	0.44	0.44	0	0	0.44
55600	0.44	0.44	0.44	0	0	0.44
55700	0.44	0.44	0.44	0	0	0.44
55800	0.46	0.44	0.44	0	0	0.46
55900	0.46	0.44	0.44	0	0	0.46
56000	0.46	0.44	0.44	0	0	0.46
56100	0.46	0.44	0.44	0	0	0.46
56200	0.48	0.44	0.44	0	0	0.48
56300	0.48	0.44	0.44	0	0	0.48
56400	0.48	0.44	0.44	0	0	0.48
56500	0.48	0.42	0.42	0	0	0.48
56600	0.48	0.42	0.42	0	0	0.48
56700	0.48	0.42	0.42	0	0	0.48
56800	0.48	0.42	0.42	0	0	0.48
56900	0.48	0.42	0.42	0	0	0.48
57000	0.48	0.42	0.42	0	0	0.48
57100	0.48	0.42	0.42	0	0	0.48
57200	0.48	0.42	0.42	0	0	0.48
57300	0.48	0.42	0.42	0	0	0.48
57400	0.48	0.42	0.42	0	0	0.48
57500	0.46	0.42	0.42	0	0	0.46
57600	0.46	0.42	0.42	0	0	0.46
57700	0.46	0.42	0.42	0	0	0.46
57800	0.46	0.42	0.42	0	0	0.46
57900	0.46	0.42	0.42	0	0	0.46
58000	0.46	0.42	0.42	0	0	0.46
58100	0.46	0.42	0.42	0	0	0.46
58200	0.46	0.42	0.42	0	0	0.46
58300	0.46	0.42	0.42	0	0	0.46
58400	0.46	0.42	0.42	0	0	0.46
58500	0.44	0.42	0.42	0	0	0.44
58600	0.44	0.42	0.42	0	0	0.44
58700	0.44	0.42	0.42	0	0	0.44
58800	0.46	0.42	0.42	0	0	0.46
58900	0.46	0.42	0.42	0	0	0.46
59000	0.46	0.4	0.4	0	0	0.46
59100	0.46	0.4	0.4	0	0	0.46
59200	0.46	0.4	0.4	0	0	0.46
59300	0.46	0.4	0.4	0	0	0.46
59400	0.46	0.4	0.4	0	0	0.46
59500	0.46	0.4	0.4	0	0	0.46
59600	0.46	0.4	0.4	0	0	0.46
59700	0.46	0.4	0.4	0	0	0.46
59800	0.46	0.4	0.4	0	0	0.46
59900	0.46	0.38	0.38	0	0	0.46
60000	0.46	0.38	0.38	0	0	0.46
60100	0.46	0.38	0.38	0	0	0.46
60200	0.44	0.38	0.38	0	0	0.44
60300	0.44	0.38	0.38	0	0	0.44
60400	0.44	0.38	0.38	0	0	0.44
60500	0.44	0.38	0.38	0	0	0.44
60600	0.44	0.4	0.4	0	0	0.44
60700	0.44	0.38	0.38	0	0	0.44
60800	0.44	0.4	0.4	0	0	0.44
60900	0.42	0.4	0.4	0	0	0.42
61000	0.42	0.4	0.4	0	0	0.42
61100	0.42	0.4	0.4	0	0	0.42
61200	0.42	0.4	0.4	0	0	0.42
61300	0.42	0.4	0.4	0	0	0.42
61400	0.4	0.42	0.42	0	0	0.4
61500	0.4	0.42	0.42	0	0	0.4
61600	0.4	0.42	0.42	0	0	0.4
61700	0.4	0.42	0.42	0	0	0.4
61800	0.42	0.42	0.42	0	0	0.42
61900	0.4	0.42	0.42	0	0	0.4
62000	0.4	0.42	0.42	0	0	0.4
62100	0.38	0.42	0.42	0	0	0.38
62200	0.38	0.42	0.42	0	0	0.38
62300	0.38	0.42	0.42	0	0	0.38
62400	0.38	0.42	0.42	0	0	0.38
62500	0.38	0.42	0.42	0	0	0.38
62600	0.38	0.42	0.42	0	0	0.38
62700	0.38	0.42	0.42	0	0	0.38
62800	0.38	0.44	0.44	0	0	0.38
62900	0.38	0.44	0.44	0	0	0.38
63000	0.38	0.44	0.44	0	0	0.38
63100	0.38	0.44	0.44	0	0	0.38
63200	0.38	0.44	0.44	0	0	0.38
63300	0.38	0.44	0.44	0	0	0.38
63400	0.38	0.44	0.44	0	0	0.38
63500	0.38	0.44	0.44	0	0	0.38
63600	0.38	0.44	0.44	0	0	0.38
63700	0.38	0.44	0.44	0	0	0.38
63800	0.38	0.44	0.44	0	0	0.38
63900	0.38	0.44	0.44	0	0	0.38
64000	0.38	0.44	0.44	0	0	0.38
64100	0.4	0.44	0.44	0	0	0.4
64200	0.38	0.44	0.44	0	0	0.38
64300	0.38	0.44	0.44	0	0	0.38
64400	0.38	0.44	0.44	0	0	0.38
64500	0.38	0.44	0.44	0	0	0.38
64600	0.38	0.44	0.44	0	0	0.38
64700	0.4	0.44	0.44	0	0	0.4
64800	0.4	0.44	0.44	0	0	0.4
64900	0.4	0.44	0.44	0	0	0.4
65000	0.4	0.44	0.44	0	0	0.4
65100	0.4	0.44	0.44	0	0	0.4
65200	0.42	0.44	0.44	0	0	0.42
65300	0.42	0.44	0.44	0	0	0.42
65400	0.42	0.44	0.44	0	0	0.42
65500	0.42	0.46	0.46	0	0	0.42
65600	0.42	0.46	0.46	0	0	0.42
65700	0.42	0.44	0.44	0	0	0.42
65800	0.42	0.44	0.44	0	0	0.42
65900	0.42	0.44	0.44	0	0	0.42
66000	0.42	0.44	0.44	0	0	0.42
66100	0.42	0.44	0.44	0	0	0.42
66200	0.42	0.44	0.44	0	0	0.42
66300	0.42	0.44	0.44	0	0	0.42
66400	0.42	0.44	0.44	0	0	0.42
66500	0.4	0.44	0.44	0	0	0.4
66600	0.4	0.44	0.44	0	0	0.4
66700	0.4	0.44	0.44	0	0	0.4
66800	0.4	0.46	0.46	0	0	0.4
66900	0.4	0.46	0.46	0	0	0.4
67000	0.4	0.46	0.46	0	0	0.4
67100	0.4	0.46	0.46	0	0	0.4
67200	0.4	0.46	0.46	0	0	0.4
67300	0.4	0.46	0.46	0	0	0.4
67400	0.4	0.46	0.46	0	0	0.4
67500	0.4	0.46	0.46	0	0	0.4
67600	0.4	0.46	0.46	0	0	0.4
67700	0.4	0.44	0.44	0	0	0.4
67800	0.4	0.44	0.44	0	0	0.4
67900	0.4	0.44	0.44	0	0	0.4
68000	0.4	0.44	0.44	0	0	0.4
68100	0.4	0.44	0.44	0	0	0.4
68200	0.4	0.44	0.44	0	0	0.4
68300	0.4	0.44	0.44	0	0	0.4
68400	0.4	0.44	0.44	0	0	0.4
68500	0.4	0.44	0.44	0	0	0.4
68600	0.4	0.44	0.44	0	0	0.4
68700	0.4	0.44	0.44	0	0	0.4
68800	0.4	0.44	0.44	0	0	0.4
68900	0.4	0.44	0.44	0	0	0.4
69000	0.4	0.44	0.44	0	0	0.4
69100	0.4	0.44	0.44	0	0	0.4
69200	0.4	0.44	0.44	0	0	0.4
69300	0.4	0.44	0.44	0	0	0.4
69400	0.4	0.46	0.46	0	0	0.4
69500	0.4	0.46	0.46	0	0	0.4
69600	0.4	0.46	0.46	0	0	0.4
69700	0.4	0.46	0.46	0	0	0.4
69800	0.4	0.46	0.46	0	0	0.4
69900	0.4	0.44	0.44	0	0	0.4
70000	0.4	0.44	0.44	0	0	0.4
70100	0.4	0.44	0.44	0	0	0.4
70200	0.4	0.44	0.44	0	0	0.4
70300	0.4	0.44	0.44	0	0	0.4
70400	0.4	0.44	0.44	0	0	0.4
70500	0.4	0.44	0.44	0	0	0.4
70600	0.38	0.44	0.44	0	0	0.38
70700	0.36	0.44	0.44	0	0	0.36
70800	0.36	0.44	0.44	0	0	0.36
70900	0.36	0.44	0.44	0	0	0.36
71000	0.36	0.44	0.44	0	0	0.36
71100	0.34	0.44	0.44	0	0	0.34
71200	0.34	0.44	0.44	0	0	0.34
71300	0.34	0.44	0.44	0	0	0.34
71400	0.36	0.46	0.46	0	0	0.36
71500	0.36	0.46	0.46	0	0	0.36
71600	0.36	0.46	0.46	0	0	0.36
71700	0.36	0.46	0.46	0	0	0.36
71800	0.36	0.46	0.46	0	0	0.36
71900	0.36	0.46	0.46	0	0	0.36
72000	0.36	0.46	0.46	0	0	0.36
72100	0.36	0.46	0.46	0	0	0.36
72200	0.36	0.46	0.46	0	0	0.36
72300	0.36	0.46	0.46	0	0	0.36
72400	0.4	0.46	0.46	0	0	0.4
72500	0.4	0.46	0.46	0	0	0.4
72600	0.4	0.48	0.48	0	0	0.4
72700	0.4	0.46	0.46	0	0	0.4
72800	0.4	0.46	0.46	0	0	0.4
72900	0.42	0.46	0.46	0	0	0.42
73000	0.42	0.46	0.46	0	0	0.42
73100	0.42	0.46	0.46	0	0	0.42
73200	0.42	0.46	0.46	0	0	0.42
73300	0.42	0.46	0.46	0	0	0.42
73400	0.42	0.46	0.46	0	0	0.42
73500	0.42	0.46	0.46	0	0	0.42
73600	0.42	0.46	0.46	0	0	0.42
73700	0.42	0.46	0.46	0	0	0.42
73800	0.42	0.46	0.46	0	0	0.42
73900	0.42	0.46	0.46	0	0	0.42
74000	0.42	0.46	0.46	0	0	0.42
74100	0.42	0.46	0.46	0	0	0.42
74200	0.42	0.46	0.46	0	0	0.42
74300	0.42	0.46	0.46	0	0	0.42
74400	0.42	0.46	0.46	0	0	0.42
74500	0.42	0.48	0.48	0	0	0.42
74600	0.42	0.48	0.48	0	0	0.42
74700	0.44	0.46	0.46	0	0	0.44
74800	0.44	0.46	0.46	0	0	0.44
74900	0.44	0.46	0.46	0	0	0.44
75000	0.44	0.46	0.46	0	0	0.44
75100	0.46	0.46	0.46	0	0	0.46
75200	0.46	0.46	0.46	0	0	0.46
75300	0.46	0.46	0.46	0	0	0.46
75400	0.46	0.46	0.46	0	0	0.46
75500	0.46	0.48	0.48	0	0	0.46
75600	0.46	0.48	0.48	0	0	0.46
75700	0.48	0.48	0.48	0	0	0.48
75800	0.48	0.48	0.48	0	0	0.48
75900	0.48	0.48	0.48	0	0	0.48
76000	0.48	0.48	0.48	0	0	0.48
76100	0.48	0.48	0.48	0	0	0.48
76200	0.48	0.48	0.48	0	0	0.48
76300	0.48	0.48	0.48	0	0	0.48
76400	0.48	0.48	0.48	0	0	0.48
76500	0.48	0.48	0.48	0	0	0.48
76600	0.48	0.48	0.48	0	0	0.48
76700	0.48	0.48	0.48	0	0	0.48
76800	0.46	0.48	0.48	0	0	0.46
76900	0.46	0.48	0.48	0	0	0.46
77000	0.46	0.48	0.48	0	0	0.46
77100	0.46	0.48	0.48	0	0	0.46
77200	0.46	0.48	0.48	0	0	0.46
77300	0.46	0.48	0.48	0	0	0.46
77400	0.46	0.48	0.48	0	0	0.46
77500	0.46	0.48	0.48	0	0	0.46
77600	0.46	0.48	0.48	0	0	0.46
77700	0.46	0.48	0.48	0	0	0.46
77800	0.46	0.48	0.48	0	0	0.46
77900	0.48	0.48	0.48	0	0	0.48
78000	0.48	0.48	0.48	0	0	0.48
78100	0.48	0.48	0.48	0	0	0.48
78200	0.48	0.48	0.48	0	0	0.48
78300	0.48	0.48	0.48	0	0	0.48
78400	0.48	0.48	0.48	0	0	0.48
78500	0.48	0.48	0.48	0	0	0.48
78600	0.48	0.48	0.48	0	0	0.48
78700	0.48	0.48	0.48	0	0	0.48
78800	0.48	0.48	0.48	0	0	0.48
78900	0.48	0.48	0.48	0	0	0.48
79000	0.48	0.48	0.48	0	0	0.48
79100	0.48	0.48	0.48	0	0	0.48
79200	0.48	0.48	0.48	0	0	0.48
79300	0.48	0.48	0.48	0	0	0.48
79400	0.48	0.48	0.48	0	0	0.48
79500	0.48	0.48	0.48	0	0	0.48
79600	0.48	0.48	0.48	0	0	0.48
79700	0.48	0.5	0.5	0	0	0.48
79800	0.48	0.5	0.5	0	0	0.48
79900	0.48	0.5	0.5	0	0	0.48
80000	0.48	0.5	0.5	0	0	0.48
80100	0.48	0.5	0.5	0	0	0.48
80200	0.48	0.5	0.5	0	0	0.48
80300	0.48	0.5	0.5	0	0	0.48
80400	0.48	0.5	0.5	0	0	0.48
80500	0.48	0.5	0.5	0	0	0.48
80600	0.48	0.5	0.5	0	0	0.48
80700	0.48	0.52	0.52	0	0	0.48
80800	0.48	0.52	0.52	0	0	0.48
80900	0.48	0.52	0.52	0	0	0.48
81000	0.48	0.52	0.52	0	0	0.48
81100	0.48	0.52	0.52	0	0	0.48
81200	0.48	0.52	0.52	0	0	0.48
81300	0.48	0.52	0.52	0	0	0.48
81400	0.48	0.52	0.52	0	0	0.48
81500	0.48	0.52	0.52	0	0	0.48
81600	0.48	0.52	0.52	0	0	0.48
81700	0.48	0.52	0.52	0	0	0.48
81800	0.48	0.52	0.52	0	0	0.48
81900	0.48	0.52	0.52	0	0	0.48
82000	0.48	0.52	0.52	0	0	0.48
82100	0.48	0.52	0.52	0	0	0.48
82200	0.48	0.52	0.52	0	0	0.48
82300	0.48	0.52	0.52	0	0	0.48
82400	0.48	0.52	0.52	0	0	0.48
82500	0.46	0.52	0.52	0	0	0.46
82600	0.46	0.52	0.52	0	0	0.46
82700	0.44	0.52	0.52	0	0	0.44
82800	0.44	0.52	0.52	0	0	0.44
82900	0.44	0.5	0.5	0	0	0.44
83000	0.44	0.5	0.5	0	0	0.44
83100	0.44	0.5	0.5	0	0	0.44
83200	0.44	0.5	0.5	0	0	0.44
83300	0.44	0.5	0.5	0	0	0.44
83400	0.44	0.52	0.52	0	0	0.44
83500	0.44	0.52	0.52	0	0	0.44
83600	0.42	0.52	0.52	0	0	0.42
83700	0.42	0.52	0.52	0	0	0.42
83800	0.42	0.52	0.52	0	0	0.42
83900	0.42	0.52	0.52	0	0	0.42
84000	0.42	0.52	0.52	0	0	0.42
84100	0.42	0.52	0.52	0	0	0.42
84200	0.42	0.52	0.52	0	0	0.42
84300	0.42	0.52	0.52	0	0	0.42
84400	0.42	0.52	0.52	0	0	0.42
84500	0.42	0.52	0.52	0	0	0.42
84600	0.42	0.54	0.54	0	0	0.42
84700	0.42	0.54	0.54	0	0	0.42
84800	0.42	0.54	0.54	0	0	0.42
84900	0.42	0.54	0.54	0	0	0.42
85000	0.42	0.54	0.54	0	0	0.42
85100	0.42	0.54	0.54	0	0	0.42
85200	0.44	0.54	0.54	0	0	0.44
85300	0.44	0.54	0.54	0	0	0.44
85400	0.44	0.54	0.54	0	0	0.44
85500	0.44	0.54	0.54	0	0	0.44
85600	0.44	0.54	0.54	0	0	0.44
85700	0.44	0.54	0.54	0	0	0.44
85800	0.44	0.54	0.54	0	0	0.44
85900	0.44	0.54	0.54	0	0	0.44
86000	0.44	0.54	0.54	0	0	0.44
86100	0.44	0.54	0.54	0	0	0.44
86200	0.44	0.54	0.54	0	0	0.44
86300	0.44	0.54	0.54	0	0	0.44
86400	0.42	0.54	0.54	0	0	0.42
86500	0.42	0.54	0.54	0	0	0.42
86600	0.42	0.54	0.54	0	0	0.42
86700	0.42	0.52	0.52	0	0	0.42
86800	0.42	0.52	0.52	0	0	0.42
86900	0.42	0.52	0.52	0	0	0.42
87000	0.42	0.52	0.52	0	0	0.42
87100	0.42	0.52	0.52	0	0	0.42
87200	0.42	0.52	0.52	0	0	0.42
87300	0.42	0.52	0.52	0	0	0.42
87400	0.42	0.52	0.52	0	0	0.42
87500	0.42	0.52	0.52	0	0	0.42
87600	0.42	0.52	0.52	0	0	0.42
87700	0.42	0.52	0.52	0	0	0.42
87800	0.42	0.52	0.52	0	0	0.42
87900	0.42	0.52	0.52	0	0	0.42
88000	0.4	0.52	0.52	0	0	0.4
88100	0.4	0.52	0.52	0	0	0.4
88200	0.4	0.54	0.54	0	0	0.4
88300	0.4	0.54	0.54	0	0	0.4
88400	0.4	0.54	0.54	0	0	0.4
88500	0.42	0.54	0.54	0	0	0.42
88600	0.42	0.54	0.54	0	0	0.42
88700	0.42	0.54	0.54	0	0	0.42
88800	0.42	0.52	0.52	0	0	0.42
88900	0.42	0.52	0.52	0	0	0.42
89000	0.42	0.52	0.52	0	0	0.42
89100	0.42	0.52	0.52	0	0	0.42
89200	0.42	0.52	0.52	0	0	0.42
89300	0.42	0.52	0.52	0	0	0.42
89400	0.42	0.52	0.52	0	0	0.42
89500	0.44	0.52	0.52	0	0	0.44
89600	0.44	0.52	0.52	0	0	0.44
89700	0.44	0.52	0.52	0	0	0.44
89800	0.44	0.52	0.52	0	0	0.44
89900	0.42	0.52	0.52	0	0	0.42
90000	0.42	0.52	0.52	0	0	0.42
90100	0.42	0.52	0.52	0	0	0.42
90200	0.42	0.52	0.52	0	0	0.42
90300	0.42	0.52	0.52	0	0	0.42
90400	0.42	0.52	0.52	0	0	0.42
90500	0.42	0.52	0.52	0	0	0.42
90600	0.42	0.52	0.52	0	0	0.42
90700	0.42	0.52	0.52	0	0	0.42
90800	0.42	0.54	0.54	0	0	0.42
90900	0.42	0.54	0.54	0	0	0.42
91000	0.42	0.54	0.54	0	0	0.42
91100	0.42	0.54	0.54	0	0	0.42
91200	0.42	0.54	0.54	0	0	0.42
91300	0.42	0.54	0.54	0	0	0.42
91400	0.42	0.54	0.54	0	0	0.42
91500	0.42	0.54	0.54	0	0	0.42
91600	0.42	0.54	0.54	0	0	0.42
91700	0.42	0.54	0.54	0	0	0.42
91800	0.42	0.54	0.54	0	0	0.42
91900	0.42	0.54	0.54	0	0	0.42
92000	0.42	0.54	0.54	0	0	0.42
92100	0.42	0.54	0.54	0	0	0.42
92200	0.42	0.54	0.54	0	0	0.42
92300	0.42	0.54	0.54	0	0	0.42
92400	0.42	0.54	0.54	0	0	0.42
92500	0.42	0.56	0.56	0	0	0.42
92600	0.42	0.56	0.56	0	0	0.42
92700	0.42	0.56	0.56	0	0	0.42
92800	0.42	0.56	0.56	0	0	0.42
92900	0.42	0.56	0.56	0	0	0.42
93000	0.42	0.56	0.56	0	0	0.42
93100	0.42	0.56	0.56	0	0	0.42
93200	0.42	0.56	0.56	0	0	0.42
93300	0.42	0.56	0.56	0	0	0.42
93400	0.42	0.56	0.56	0	0	0.42
93500	0.42	0.56	0.56	0	0	0.42
93600	0.42	0.56	0.56	0	0	0.42
93700	0.42	0.56	0.56	0	0	0.42
93800	0.42	0.56	0.56	0	0	0.42
93900	0.42	0.56	0.56	0	0	0.42
94000	0.42	0.56	0.56	0	0	0.42
94100	0.42	0.56	0.56	0	0	0.42
94200	0.42	0.56	0.56	0	0	0.42
94300	0.42	0.56	0.56	0	0	0.42
94400	0.42	0.56	0.56	0	0	0.42
94500	0.42	0.56	0.56	0	0	0.42
94600	0.42	0.56	0.56	0	0	0.42
94700	0.42	0.56	0.56	0	0	0.42
94800	0.42	0.56	0.56	0	0	0.42
94900	0.42	0.56	0.56	0	0	0.42
95000	0.42	0.56	0.56	0	0	0.42
95100	0.42	0.56	0.56	0	0	0.42
95200	0.42	0.56	0.56	0	0	0.42
95300	0.42	0.56	0.56	0	0	0.42
95400	0.44	0.56	0.56	0	0	0.44
95500	0.44	0.56	0.56	0	0	0.44
95600	0.44	0.56	0.56	0	0	0.44
95700	0.44	0.56	0.56	0	0	0.44
95800	0.44	0.56	0.56	0	0	0.44
95900	0.44	0.56	0.56	0	0	0.44
96000	0.44	0.56	0.56	0	0	0.44
96100	0.44	0.56	0.56	0	0	0.44
96200	0.44	0.56	0.56	0	0	0.44
96300	0.44	0.56	0.56	0	0	0.44
96400	0.44	0.56	0.56	0	0	0.44
96500	0.44	0.56	0.56	0	0	0.44
96600	0.44	0.56	0.56	0	0	0.44
96700	0.44	0.56	0.56	0	0	0.44
96800	0.44	0.56	0.56	0	0	0.44
96900	0.44	0.56	0.56	0	0	0.44
97000	0.44	0.56	0.56	0	0	0.44
97100	0.44	0.56	0.56	0	0	0.44
97200	0.44	0.56	0.56	0	0	0.44
97300	0.44	0.56	0.56	0	0	0.44
97400	0.44	0.56	0.56	0	0	0.44
97500	0.44	0.56	0.56	0	0	0.44
97600	0.44	0.56	0.56	0	0	0.44
97700	0.44	0.54	0.54	0	0	0.44
97800	0.44	0.54	0.54	0	0	0.44
97900	0.44	0.54	0.54	0	0	0.44
98000	0.44	0.54	0.54	0	0	0.44
98100	0.44	0.54	0.54	0	0	0.44
98200	0.44	0.54	0.54	0	0	0.44
98300	0.44	0.54	0.54	0	0	0.44
98400	0.44	0.54	0.54	0	0	0.44
98500	0.44	0.54	0.54	0	0	0.44
98600	0.44	0.54	0.54	0	0	0.44
98700	0.44	0.54	0.54	0	0	0.44
98800	0.44	0.54	0.54	0	0	0.44
98900	0.46	0.54	0.54	0	0	0.46
99000	0.44	0.54	0.54	0	0	0.44
99100	0.44	0.54	0.54	0	0	0.44
99200	0.44	0.54	0.54	0	0	0.44
99300	0.44	0.54	0.54	0	0	0.44
99400	0.44	0.54	0.54	0	0	0.44
99500	0.44	0.54	0.54	0	0	0.44
99600	0.44	0.54	0.54	0	0	0.44
99700	0.44	0.54	0.54	0	0	0.44
99800	0.42	0.54	0.54	0	0	0.42
99900	0.42	0.54	0.54	0	0	0.42
100000	0.42	0.54	0.54	0	0	0.42
