100	0.06	0.12	0.12	0	0	0.06
200	0.1	0.14	0.14	0	0	0.1
300	0.14	0.16	0.16	0	0	0.14
400	0.14	0.18	0.18	0	0	0.14
500	0.12	0.2	0.2	0	0	0.12
600	0.12	0.22	0.22	0	0	0.12
700	0.14	0.24	0.24	0	0	0.14
800	0.14	0.24	0.24	0	0	0.14
900	0.14	0.26	0.26	0	0	0.14
1000	0.14	0.28	0.28	0	0	0.14
1100	0.14	0.26	0.26	0	0	0.14
1200	0.14	0.28	0.28	0	0	0.14
1300	0.14	0.3	0.3	0	0	0.14
1400	0.14	0.3	0.3	0	0	0.14
1500	0.16	0.3	0.3	0	0	0.16
1600	0.16	0.32	0.32	0	0	0.16
1700	0.16	0.32	0.32	0	0	0.16
1800	0.16	0.32	0.32	0	0	0.16
1900	0.18	0.32	0.32	0	0	0.18
2000	0.2	0.32	0.32	0	0	0.2
2100	0.22	0.34	0.34	0	0	0.22
2200	0.22	0.34	0.34	0	0	0.22
2300	0.22	0.34	0.34	0	0	0.22
2400	0.24	0.34	0.34	0	0	0.24
2500	0.24	0.4	0.4	0	0	0.24
2600	0.24	0.4	0.4	0	0	0.24
2700	0.24	0.4	0.4	0	0	0.24
2800	0.24	0.4	0.4	0	0	0.24
2900	0.24	0.42	0.42	0	0	0.24
3000	0.24	0.44	0.44	0	0	0.24
3100	0.24	0.44	0.44	0	0	0.24
3200	0.24	0.44	0.44	0	0	0.24
3300	0.24	0.44	0.44	0	0	0.24
3400	0.24	0.44	0.44	0	0	0.24
3500	0.24	0.44	0.44	0	0	0.24
3600	0.24	0.44	0.44	0	0	0.24
3700	0.24	0.44	0.44	0	0	0.24
3800	0.24	0.44	0.44	0	0	0.24
3900	0.24	0.44	0.44	0	0	0.24
4000	0.26	0.44	0.44	0	0	0.26
4100	0.26	0.44	0.44	0	0	0.26
4200	0.26	0.44	0.44	0	0	0.26
4300	0.28	0.44	0.44	0	0	0.28
4400	0.28	0.44	0.44	0	0	0.28
4500	0.28	0.44	0.44	0	0	0.28
4600	0.32	0.42	0.42	0	0	0.32
4700	0.32	0.4	0.4	0	0	0.32
4800	0.32	0.4	0.4	0	0	0.32
4900	0.32	0.4	0.4	0	0	0.32
5000	0.32	0.4	0.4	0	0	0.32
5100	0.32	0.4	0.4	0	0	0.32
5200	0.32	0.4	0.4	0	0	0.32
5300	0.34	0.4	0.4	0	0	0.34
5400	0.34	0.4	0.4	0	0	0.34
5500	0.34	0.4	0.4	0	0	0.34
5600	0.34	0.4	0.4	0	0	0.34
5700	0.36	0.4	0.4	0	0	0.36
5800	0.36	0.4	0.4	0	0	0.36
5900	0.36	0.4	0.4	0	0	0.36
6000	0.36	0.4	0.4	0	0	0.36
6100	0.36	0.4	0.4	0	0	0.36
6200	0.36	0.4	0.4	0	0	0.36
6300	0.36	0.4	0.4	0	0	0.36
6400	0.36	0.4	0.4	0	0	0.36
6500	0.36	0.4	0.4	0	0	0.36
6600	0.36	0.4	0.4	0	0	0.36
6700	0.36	0.42	0.42	0	0	0.36
6800	0.36	0.42	0.42	0	0	0.36
6900	0.36	0.42	0.42	0	0	0.36
7000	0.38	0.42	0.42	0	0	0.38
7100	0.38	0.42	0.42	0	0	0.38
7200	0.36	0.4	0.4	0	0	0.36
7300	0.36	0.4	0.4	0	0	0.36
7400	0.38	0.38	0.38	0	0	0.38
7500	0.36	0.38	0.38	0	0	0.36
7600	0.36	0.4	0.4	0	0	0.36
7700	0.36	0.4	0.4	0	0	0.36
7800	0.36	0.42	0.42	0	0	0.36
7900	0.36	0.42	0.42	0	0	0.36
8000	0.36	0.44	0.44	0	0	0.36
8100	0.36	0.44	0.44	0	0	0.36
8200	0.36	0.44	0.44	0	0	0.36
8300	0.36	0.44	0.44	0	0	0.36
8400	0.36	0.44	0.44	0	0	0.36
8500	0.36	0.44	0.44	0	0	0.36
8600	0.36	0.44	0.44	0	0	0.36
8700	0.36	0.44	0.44	0	0	0.36
8800	0.36	0.44	0.44	0	0	0.36
8900	0.36	0.44	0.44	0	0	0.36
9000	0.34	0.44	0.44	0	0	0.34
9100	0.34	0.44	0.44	0	0	0.34
9200	0.34	0.44	0.44	0	0	0.34
9300	0.32	0.44	0.44	0	0	0.32
9400	0.32	0.44	0.44	0	0	0.32
9500	0.32	0.44	0.44	0	0	0.32
9600	0.32	0.44	0.44	0	0	0.32
9700	0.32	0.44	0.44	0	0	0.32
9800	0.32	0.44	0.44	0	0	0.32
9900	0.32	0.44	0.44	0	0	0.32
10000	0.32	0.44	0.44	0	0	0.32
10100	0.32	0.44	0.44	0	0	0.32
10200	0.32	0.44	0.44	0	0	0.32
10300	0.32	0.44	0.44	0	0	0.32
10400	0.32	0.44	0.44	0	0	0.32
10500	0.32	0.46	0.46	0	0	0.32
10600	0.32	0.46	0.46	0	0	0.32
10700	0.3	0.44	0.44	0	0	0.3
10800	0.3	0.44	0.44	0	0	0.3
10900	0.3	0.44	0.44	0	0	0.3
11000	0.28	0.44	0.44	0	0	0.28
11100	0.28	0.44	0.44	0	0	0.28
11200	0.28	0.44	0.44	0	0	0.28
11300	0.28	0.44	0.44	0	0	0.28
11400	0.28	0.44	0.44	0	0	0.28
11500	0.28	0.44	0.44	0	0	0.28
11600	0.28	0.46	0.46	0	0	0.28
11700	0.28	0.46	0.46	0	0	0.28
11800	0.28	0.46	0.46	0	0	0.28
11900	0.28	0.46	0.46	0	0	0.28
12000	0.28	0.46	0.46	0	0	0.28
12100	0.28	0.46	0.46	0	0	0.28
12200	0.28	0.46	0.46	0	0	0.28
12300	0.3	0.46	0.46	0	0	0.3
12400	0.3	0.46	0.46	0	0	0.3
12500	0.3	0.46	0.46	0	0	0.3
12600	0.3	0.46	0.46	0	0	0.3
12700	0.3	0.44	0.44	0	0	0.3
12800	0.3	0.44	0.44	0	0	0.3
12900	0.3	0.44	0.44	0	0	0.3
13000	0.3	0.44	0.44	0	0	0.3
13100	0.3	0.44	0.44	0	0	0.3
13200	0.3	0.44	0.44	0	0	0.3
13300	0.3	0.44	0.44	0	0	0.3
13400	0.3	0.44	0.44	0	0	0.3
13500	0.3	0.44	0.44	0	0	0.3
13600	0.3	0.44	0.44	0	0	0.3
13700	0.3	0.44	0.44	0	0	0.3
13800	0.3	0.42	0.42	0	0	0.3
13900	0.3	0.44	0.44	0	0	0.3
14000	0.3	0.44	0.44	0	0	0.3
14100	0.3	0.46	0.46	0	0	0.3
14200	0.3	0.46	0.46	0	0	0.3
14300	0.3	0.46	0.46	0	0	0.3
14400	0.28	0.46	0.46	0	0	0.28
14500	0.28	0.46	0.46	0	0	0.28
14600	0.28	0.46	0.46	0	0	0.28
14700	0.28	0.46	0.46	0	0	0.28
14800	0.28	0.46	0.46	0	0	0.28
14900	0.28	0.44	0.44	0	0	0.28
15000	0.28	0.44	0.44	0	0	0.28
15100	0.28	0.44	0.44	0	0	0.28
15200	0.28	0.44	0.44	0	0	0.28
15300	0.28	0.44	0.44	0	0	0.28
15400	0.28	0.44	0.44	0	0	0.28
15500	0.3	0.46	0.46	0	0	0.3
15600	0.3	0.46	0.46	0	0	0.3
15700	0.3	0.46	0.46	0	0	0.3
15800	0.3	0.46	0.46	0	0	0.3
15900	0.3	0.46	0.46	0	0	0.3
16000	0.3	0.46	0.46	0	0	0.3
16100	0.3	0.46	0.46	0	0	0.3
16200	0.3	0.46	0.46	0	0	0.3
16300	0.3	0.48	0.48	0	0	0.3
16400	0.3	0.48	0.48	0	0	0.3
16500	0.3	0.48	0.48	0	0	0.3
16600	0.3	0.48	0.48	0	0	0.3
16700	0.3	0.48	0.48	0	0	0.3
16800	0.3	0.48	0.48	0	0	0.3
16900	0.3	0.48	0.48	0	0	0.3
17000	0.3	0.5	0.5	0	0	0.3
17100	0.32	0.5	0.5	0	0	0.32
17200	0.32	0.5	0.5	0	0	0.32
17300	0.32	0.5	0.5	0	0	0.32
17400	0.32	0.52	0.52	0	0	0.32
17500	0.32	0.52	0.52	0	0	0.32
17600	0.32	0.52	0.52	0	0	0.32
17700	0.32	0.5	0.5	0	0	0.32
17800	0.32	0.5	0.5	0	0	0.32
17900	0.32	0.52	0.52	0	0	0.32
18000	0.32	0.52	0.52	0	0	0.32
18100	0.32	0.54	0.54	0	0	0.32
18200	0.32	0.54	0.54	0	0	0.32
18300	0.32	0.54	0.54	0	0	0.32
18400	0.32	0.54	0.54	0	0	0.32
18500	0.32	0.54	0.54	0	0	0.32
18600	0.32	0.56	0.56	0	0	0.32
18700	0.32	0.56	0.56	0	0	0.32
18800	0.32	0.56	0.56	0	0	0.32
18900	0.34	0.56	0.56	0	0	0.34
19000	0.34	0.56	0.56	0	0	0.34
19100	0.34	0.56	0.56	0	0	0.34
19200	0.34	0.56	0.56	0	0	0.34
19300	0.34	0.58	0.58	0	0	0.34
19400	0.34	0.58	0.58	0	0	0.34
19500	0.34	0.58	0.58	0	0	0.34
19600	0.34	0.58	0.58	0	0	0.34
19700	0.34	0.58	0.58	0	0	0.34
19800	0.34	0.56	0.56	0	0	0.34
19900	0.34	0.54	0.54	0	0	0.34
20000	0.34	0.54	0.54	0	0	0.34
20100	0.34	0.54	0.54	0	0	0.34
20200	0.34	0.54	0.54	0	0	0.34
20300	0.34	0.54	0.54	0	0	0.34
20400	0.34	0.54	0.54	0	0	0.34
20500	0.34	0.56	0.56	0	0	0.34
20600	0.34	0.56	0.56	0	0	0.34
20700	0.36	0.58	0.58	0	0	0.36
20800	0.36	0.58	0.58	0	0	0.36
20900	0.36	0.56	0.56	0	0	0.36
21000	0.36	0.56	0.56	0	0	0.36
21100	0.36	0.56	0.56	0	0	0.36
21200	0.36	0.56	0.56	0	0	0.36
21300	0.36	0.56	0.56	0	0	0.36
21400	0.36	0.56	0.56	0	0	0.36
21500	0.36	0.56	0.56	0	0	0.36
21600	0.36	0.56	0.56	0	0	0.36
21700	0.36	0.56	0.56	0	0	0.36
21800	0.36	0.54	0.54	0	0	0.36
21900	0.36	0.54	0.54	0	0	0.36
22000	0.36	0.54	0.54	0	0	0.36
22100	0.36	0.54	0.54	0	0	0.36
22200	0.36	0.54	0.54	0	0	0.36
22300	0.36	0.54	0.54	0	0	0.36
22400	0.36	0.54	0.54	0	0	0.36
22500	0.36	0.54	0.54	0	0	0.36
22600	0.36	0.54	0.54	0	0	0.36
22700	0.36	0.54	0.54	0	0	0.36
22800	0.36	0.54	0.54	0	0	0.36
22900	0.36	0.54	0.54	0	0	0.36
23000	0.38	0.54	0.54	0	0	0.38
23100	0.38	0.54	0.54	0	0	0.38
23200	0.38	0.54	0.54	0	0	0.38
23300	0.38	0.54	0.54	0	0	0.38
23400	0.38	0.54	0.54	0	0	0.38
23500	0.38	0.54	0.54	0	0	0.38
23600	0.38	0.54	0.54	0	0	0.38
23700	0.38	0.54	0.54	0	0	0.38
23800	0.38	0.54	0.54	0	0	0.38
23900	0.38	0.54	0.54	0	0	0.38
24000	0.38	0.54	0.54	0	0	0.38
24100	0.38	0.54	0.54	0	0	0.38
24200	0.38	0.54	0.54	0	0	0.38
24300	0.38	0.54	0.54	0	0	0.38
24400	0.38	0.54	0.54	0	0	0.38
24500	0.38	0.54	0.54	0	0	0.38
24600	0.38	0.54	0.54	0	0	0.38
24700	0.38	0.54	0.54	0	0	0.38
24800	0.38	0.54	0.54	0	0	0.38
24900	0.38	0.54	0.54	0	0	0.38
25000	0.38	0.54	0.54	0	0	0.38
25100	0.38	0.54	0.54	0	0	0.38
25200	0.38	0.56	0.56	0	0	0.38
25300	0.38	0.56	0.56	0	0	0.38
25400	0.38	0.56	0.56	0	0	0.38
25500	0.38	0.56	0.56	0	0	0.38
25600	0.38	0.56	0.56	0	0	0.38
25700	0.38	0.56	0.56	0	0	0.38
25800	0.38	0.56	0.56	0	0	0.38
25900	0.38	0.56	0.56	0	0	0.38
26000	0.38	0.56	0.56	0	0	0.38
26100	0.38	0.56	0.56	0	0	0.38
26200	0.38	0.54	0.54	0	0	0.38
26300	0.38	0.54	0.54	0	0	0.38
26400	0.38	0.52	0.52	0	0	0.38
26500	0.38	0.52	0.52	0	0	0.38
26600	0.38	0.52	0.52	0	0	0.38
26700	0.38	0.52	0.52	0	0	0.38
26800	0.38	0.52	0.52	0	0	0.38
26900	0.38	0.52	0.52	0	0	0.38
27000	0.38	0.52	0.52	0	0	0.38
27100	0.38	0.52	0.52	0	0	0.38
27200	0.38	0.52	0.52	0	0	0.38
27300	0.38	0.54	0.54	0	0	0.38
27400	0.38	0.54	0.54	0	0	0.38
27500	0.38	0.54	0.54	0	0	0.38
27600	0.38	0.54	0.54	0	0	0.38
27700	0.38	0.54	0.54	0	0	0.38
27800	0.38	0.54	0.54	0	0	0.38
27900	0.38	0.54	0.54	0	0	0.38
28000	0.38	0.54	0.54	0	0	0.38
28100	0.38	0.54	0.54	0	0	0.38
28200	0.38	0.54	0.54	0	0	0.38
28300	0.38	0.54	0.54	0	0	0.38
28400	0.38	0.54	0.54	0	0	0.38
28500	0.38	0.54	0.54	0	0	0.38
28600	0.38	0.54	0.54	0	0	0.38
28700	0.38	0.54	0.54	0	0	0.38
28800	0.38	0.54	0.54	0	0	0.38
28900	0.38	0.54	0.54	0	0	0.38
29000	0.38	0.54	0.54	0	0	0.38
29100	0.38	0.54	0.54	0	0	0.38
29200	0.38	0.54	0.54	0	0	0.38
29300	0.38	0.54	0.54	0	0	0.38
29400	0.38	0.54	0.54	0	0	0.38
29500	0.38	0.54	0.54	0	0	0.38
29600	0.38	0.54	0.54	0	0	0.38
29700	0.38	0.54	0.54	0	0	0.38
29800	0.38	0.54	0.54	0	0	0.38
29900	0.36	0.54	0.54	0	0	0.36
30000	0.36	0.54	0.54	0	0	0.36
30100	0.36	0.54	0.54	0	0	0.36
30200	0.36	0.54	0.54	0	0	0.36
30300	0.36	0.54	0.54	0	0	0.36
30400	0.36	0.54	0.54	0	0	0.36
30500	0.36	0.54	0.54	0	0	0.36
30600	0.36	0.54	0.54	0	0	0.36
30700	0.36	0.54	0.54	0	0	0.36
30800	0.36	0.54	0.54	0	0	0.36
30900	0.36	0.54	0.54	0	0	0.36
31000	0.36	0.54	0.54	0	0	0.36
31100	0.36	0.54	0.54	0	0	0.36
31200	0.36	0.54	0.54	0	0	0.36
31300	0.36	0.54	0.54	0	0	0.36
31400	0.36	0.54	0.54	0	0	0.36
31500	0.36	0.54	0.54	0	0	0.36
31600	0.38	0.54	0.54	0	0	0.38
31700	0.38	0.54	0.54	0	0	0.38
31800	0.38	0.54	0.54	0	0	0.38
31900	0.38	0.54	0.54	0	0	0.38
32000	0.36	0.54	0.54	0	0	0.36
32100	0.36	0.54	0.54	0	0	0.36
32200	0.36	0.54	0.54	0	0	0.36
32300	0.36	0.54	0.54	0	0	0.36
32400	0.36	0.54	0.54	0	0	0.36
32500	0.38	0.54	0.54	0	0	0.38
32600	0.38	0.54	0.54	0	0	0.38
32700	0.38	0.54	0.54	0	0	0.38
32800	0.38	0.54	0.54	0	0	0.38
32900	0.38	0.54	0.54	0	0	0.38
33000	0.38	0.54	0.54	0	0	0.38
33100	0.38	0.54	0.54	0	0	0.38
33200	0.38	0.54	0.54	0	0	0.38
33300	0.38	0.54	0.54	0	0	0.38
33400	0.38	0.54	0.54	0	0	0.38
33500	0.38	0.54	0.54	0	0	0.38
33600	0.38	0.56	0.56	0	0	0.38
33700	0.38	0.56	0.56	0	0	0.38
33800	0.38	0.56	0.56	0	0	0.38
33900	0.38	0.56	0.56	0	0	0.38
34000	0.38	0.56	0.56	0	0	0.38
34100	0.38	0.56	0.56	0	0	0.38
34200	0.38	0.56	0.56	0	0	0.38
34300	0.38	0.56	0.56	0	0	0.38
34400	0.38	0.56	0.56	0	0	0.38
34500	0.38	0.56	0.56	0	0	0.38
34600	0.38	0.56	0.56	0	0	0.38
34700	0.38	0.56	0.56	0	0	0.38
34800	0.38	0.58	0.58	0	0	0.38
34900	0.38	0.58	0.58	0	0	0.38
35000	0.38	0.58	0.58	0	0	0.38
35100	0.36	0.58	0.58	0	0	0.36
35200	0.36	0.58	0.58	0	0	0.36
35300	0.36	0.58	0.58	0	0	0.36
35400	0.36	0.58	0.58	0	0	0.36
35500	0.36	0.58	0.58	0	0	0.36
35600	0.36	0.58	0.58	0	0	0.36
35700	0.36	0.58	0.58	0	0	0.36
35800	0.36	0.58	0.58	0	0	0.36
35900	0.36	0.58	0.58	0	0	0.36
36000	0.36	0.58	0.58	0	0	0.36
36100	0.36	0.58	0.58	0	0	0.36
36200	0.36	0.58	0.58	0	0	0.36
36300	0.36	0.6	0.6	0	0	0.36
36400	0.36	0.6	0.6	0	0	0.36
36500	0.36	0.6	0.6	0	0	0.36
36600	0.36	0.6	0.6	0	0	0.36
36700	0.36	0.6	0.6	0	0	0.36
36800	0.36	0.6	0.6	0	0	0.36
36900	0.36	0.6	0.6	0	0	0.36
37000	0.36	0.6	0.6	0	0	0.36
37100	0.36	0.6	0.6	0	0	0.36
37200	0.36	0.6	0.6	0	0	0.36
37300	0.36	0.6	0.6	0	0	0.36
37400	0.36	0.6	0.6	0	0	0.36
37500	0.36	0.6	0.6	0	0	0.36
37600	0.36	0.6	0.6	0	0	0.36
37700	0.36	0.6	0.6	0	0	0.36
37800	0.36	0.6	0.6	0	0	0.36
37900	0.36	0.6	0.6	0	0	0.36
38000	0.36	0.6	0.6	0	0	0.36
38100	0.36	0.6	0.6	0	0	0.36
38200	0.36	0.6	0.6	0	0	0.36
38300	0.36	0.6	0.6	0	0	0.36
38400	0.36	0.6	0.6	0	0	0.36
38500	0.36	0.6	0.6	0	0	0.36
38600	0.34	0.6	0.6	0	0	0.34
38700	0.34	0.6	0.6	0	0	0.34
38800	0.34	0.6	0.6	0	0	0.34
38900	0.34	0.6	0.6	0	0	0.34
39000	0.34	0.6	0.6	0	0	0.34
39100	0.34	0.6	0.6	0	0	0.34
39200	0.34	0.6	0.6	0	0	0.34
39300	0.34	0.6	0.6	0	0	0.34
39400	0.34	0.6	0.6	0	0	0.34
39500	0.34	0.6	0.6	0	0	0.34
39600	0.34	0.6	0.6	0	0	0.34
39700	0.34	0.6	0.6	0	0	0.34
39800	0.34	0.6	0.6	0	0	0.34
39900	0.36	0.6	0.6	0	0	0.36
40000	0.36	0.6	0.6	0	0	0.36
40100	0.36	0.6	0.6	0	0	0.36
40200	0.36	0.6	0.6	0	0	0.36
40300	0.36	0.6	0.6	0	0	0.36
40400	0.36	0.6	0.6	0	0	0.36
40500	0.36	0.6	0.6	0	0	0.36
40600	0.36	0.6	0.6	0	0	0.36
40700	0.36	0.6	0.6	0	0	0.36
40800	0.34	0.6	0.6	0	0	0.34
40900	0.34	0.6	0.6	0	0	0.34
41000	0.34	0.6	0.6	0	0	0.34
41100	0.34	0.6	0.6	0	0	0.34
41200	0.34	0.6	0.6	0	0	0.34
41300	0.34	0.6	0.6	0	0	0.34
41400	0.34	0.6	0.6	0	0	0.34
41500	0.34	0.6	0.6	0	0	0.34
41600	0.34	0.6	0.6	0	0	0.34
41700	0.36	0.6	0.6	0	0	0.36
41800	0.36	0.6	0.6	0	0	0.36
41900	0.36	0.6	0.6	0	0	0.36
42000	0.34	0.6	0.6	0	0	0.34
42100	0.34	0.62	0.62	0	0	0.34
42200	0.34	0.62	0.62	0	0	0.34
42300	0.34	0.62	0.62	0	0	0.34
42400	0.34	0.62	0.62	0	0	0.34
42500	0.34	0.62	0.62	0	0	0.34
42600	0.34	0.62	0.62	0	0	0.34
42700	0.34	0.62	0.62	0	0	0.34
42800	0.34	0.64	0.64	0	0	0.34
42900	0.34	0.64	0.64	0	0	0.34
43000	0.34	0.64	0.64	0	0	0.34
43100	0.34	0.64	0.64	0	0	0.34
43200	0.34	0.64	0.64	0	0	0.34
43300	0.34	0.62	0.62	0	0	0.34
43400	0.34	0.62	0.62	0	0	0.34
43500	0.34	0.62	0.62	0	0	0.34
43600	0.36	0.62	0.62	0	0	0.36
43700	0.36	0.62	0.62	0	0	0.36
43800	0.36	0.62	0.62	0	0	0.36
43900	0.36	0.62	0.62	0	0	0.36
44000	0.36	0.62	0.62	0	0	0.36
44100	0.36	0.62	0.62	0	0	0.36
44200	0.36	0.62	0.62	0	0	0.36
44300	0.36	0.62	0.62	0	0	0.36
44400	0.36	0.62	0.62	0	0	0.36
44500	0.36	0.62	0.62	0	0	0.36
44600	0.38	0.62	0.62	0	0	0.38
44700	0.38	0.62	0.62	0	0	0.38
44800	0.38	0.62	0.62	0	0	0.38
44900	0.38	0.62	0.62	0	0	0.38
45000	0.38	0.62	0.62	0	0	0.38
45100	0.38	0.62	0.62	0	0	0.38
45200	0.38	0.62	0.62	0	0	0.38
45300	0.36	0.62	0.62	0	0	0.36
45400	0.36	0.62	0.62	0	0	0.36
45500	0.36	0.62	0.62	0	0	0.36
45600	0.36	0.62	0.62	0	0	0.36
45700	0.36	0.64	0.64	0	0	0.36
45800	0.36	0.64	0.64	0	0	0.36
45900	0.36	0.64	0.64	0	0	0.36
46000	0.36	0.64	0.64	0	0	0.36
46100	0.36	0.64	0.64	0	0	0.36
46200	0.36	0.64	0.64	0	0	0.36
46300	0.36	0.64	0.64	0	0	0.36
46400	0.34	0.64	0.64	0	0	0.34
46500	0.34	0.64	0.64	0	0	0.34
46600	0.34	0.64	0.64	0	0	0.34
46700	0.34	0.64	0.64	0	0	0.34
46800	0.34	0.64	0.64	0	0	0.34
46900	0.34	0.64	0.64	0	0	0.34
47000	0.34	0.64	0.64	0	0	0.34
47100	0.34	0.64	0.64	0	0	0.34
47200	0.32	0.64	0.64	0	0	0.32
47300	0.32	0.64	0.64	0	0	0.32
47400	0.32	0.64	0.64	0	0	0.32
47500	0.32	0.64	0.64	0	0	0.32
47600	0.32	0.64	0.64	0	0	0.32
47700	0.32	0.64	0.64	0	0	0.32
47800	0.32	0.64	0.64	0	0	0.32
47900	0.32	0.64	0.64	0	0	0.32
48000	0.32	0.64	0.64	0	0	0.32
48100	0.32	0.64	0.64	0	0	0.32
48200	0.32	0.64	0.64	0	0	0.32
48300	0.32	0.64	0.64	0	0	0.32
48400	0.32	0.64	0.64	0	0	0.32
48500	0.32	0.64	0.64	0	0	0.32
48600	0.32	0.64	0.64	0	0	0.32
48700	0.32	0.64	0.64	0	0	0.32
48800	0.32	0.64	0.64	0	0	0.32
48900	0.32	0.64	0.64	0	0	0.32
49000	0.32	0.64	0.64	0	0	0.32
49100	0.32	0.64	0.64	0	0	0.32
49200	0.32	0.64	0.64	0	0	0.32
49300	0.32	0.64	0.64	0	0	0.32
49400	0.32	0.64	0.64	0	0	0.32
49500	0.32	0.64	0.64	0	0	0.32
49600	0.32	0.62	0.62	0	0	0.32
49700	0.32	0.6	0.6	0	0	0.32
49800	0.32	0.6	0.6	0	0	0.32
49900	0.32	0.6	0.6	0	0	0.32
50000	0.32	0.6	0.6	0	0	0.32
50100	0.32	0.6	0.6	0	0	0.32
50200	0.32	0.6	0.6	0	0	0.32
50300	0.32	0.6	0.6	0	0	0.32
50400	0.32	0.6	0.6	0	0	0.32
50500	0.32	0.6	0.6	0	0	0.32
50600	0.32	0.6	0.6	0	0	0.32
50700	0.32	0.6	0.6	0	0	0.32
50800	0.32	0.6	0.6	0	0	0.32
50900	0.32	0.58	0.58	0	0	0.32
51000	0.32	0.58	0.58	0	0	0.32
51100	0.32	0.58	0.58	0	0	0.32
51200	0.32	0.58	0.58	0	0	0.32
51300	0.32	0.58	0.58	0	0	0.32
51400	0.32	0.58	0.58	0	0	0.32
51500	0.32	0.6	0.6	0	0	0.32
51600	0.32	0.6	0.6	0	0	0.32
51700	0.32	0.6	0.6	0	0	0.32
51800	0.32	0.6	0.6	0	0	0.32
51900	0.32	0.6	0.6	0	0	0.32
52000	0.32	0.6	0.6	0	0	0.32
52100	0.32	0.6	0.6	0	0	0.32
52200	0.32	0.6	0.6	0	0	0.32
52300	0.32	0.6	0.6	0	0	0.32
52400	0.32	0.6	0.6	0	0	0.32
52500	0.32	0.6	0.6	0	0	0.32
52600	0.32	0.6	0.6	0	0	0.32
52700	0.32	0.6	0.6	0	0	0.32
52800	0.32	0.6	0.6	0	0	0.32
52900	0.32	0.6	0.6	0	0	0.32
53000	0.34	0.6	0.6	0	0	0.34
53100	0.34	0.6	0.6	0	0	0.34
53200	0.34	0.6	0.6	0	0	0.34
53300	0.34	0.6	0.6	0	0	0.34
53400	0.34	0.6	0.6	0	0	0.34
53500	0.34	0.6	0.6	0	0	0.34
53600	0.34	0.6	0.6	0	0	0.34
53700	0.34	0.6	0.6	0	0	0.34
53800	0.34	0.6	0.6	0	0	0.34
53900	0.34	0.6	0.6	0	0	0.34
54000	0.34	0.6	0.6	0	0	0.34
54100	0.34	0.6	0.6	0	0	0.34
54200	0.34	0.6	0.6	0	0	0.34
54300	0.34	0.6	0.6	0	0	0.34
54400	0.34	0.6	0.6	0	0	0.34
54500	0.34	0.6	0.6	0	0	0.34
54600	0.34	0.6	0.6	0	0	0.34
54700	0.34	0.6	0.6	0	0	0.34
54800	0.34	0.6	0.6	0	0	0.34
54900	0.34	0.6	0.6	0	0	0.34
55000	0.34	0.6	0.6	0	0	0.34
55100	0.34	0.6	0.6	0	0	0.34
55200	0.34	0.6	0.6	0	0	0.34
55300	0.34	0.6	0.6	0	0	0.34
55400	0.34	0.62	0.62	0	0	0.34
55500	0.34	0.62	0.62	0	0	0.34
55600	0.34	0.62	0.62	0	0	0.34
55700	0.34	0.62	0.62	0	0	0.34
55800	0.34	0.6	0.6	0	0	0.34
55900	0.34	0.58	0.58	0	0	0.34
56000	0.34	0.58	0.58	0	0	0.34
56100	0.34	0.58	0.58	0	0	0.34
56200	0.34	0.58	0.58	0	0	0.34
56300	0.34	0.58	0.58	0	0	0.34
56400	0.34	0.58	0.58	0	0	0.34
56500	0.34	0.58	0.58	0	0	0.34
56600	0.34	0.58	0.58	0	0	0.34
56700	0.34	0.58	0.58	0	0	0.34
56800	0.34	0.58	0.58	0	0	0.34
56900	0.34	0.58	0.58	0	0	0.34
57000	0.34	0.58	0.58	0	0	0.34
57100	0.36	0.58	0.58	0	0	0.36
57200	0.36	0.58	0.58	0	0	0.36
57300	0.36	0.58	0.58	0	0	0.36
57400	0.36	0.56	0.56	0	0	0.36
57500	0.36	0.56	0.56	0	0	0.36
57600	0.36	0.56	0.56	0	0	0.36
57700	0.36	0.56	0.56	0	0	0.36
57800	0.36	0.56	0.56	0	0	0.36
57900	0.36	0.56	0.56	0	0	0.36
58000	0.36	0.56	0.56	0	0	0.36
58100	0.36	0.56	0.56	0	0	0.36
58200	0.36	0.56	0.56	0	0	0.36
58300	0.36	0.56	0.56	0	0	0.36
58400	0.36	0.56	0.56	0	0	0.36
58500	0.36	0.56	0.56	0	0	0.36
58600	0.36	0.56	0.56	0	0	0.36
58700	0.36	0.54	0.54	0	0	0.36
58800	0.36	0.54	0.54	0	0	0.36
58900	0.36	0.54	0.54	0	0	0.36
59000	0.36	0.54	0.54	0	0	0.36
59100	0.36	0.54	0.54	0	0	0.36
59200	0.36	0.54	0.54	0	0	0.36
59300	0.36	0.54	0.54	0	0	0.36
59400	0.36	0.54	0.54	0	0	0.36
59500	0.36	0.54	0.54	0	0	0.36
59600	0.36	0.54	0.54	0	0	0.36
59700	0.36	0.54	0.54	0	0	0.36
59800	0.36	0.54	0.54	0	0	0.36
59900	0.36	0.54	0.54	0	0	0.36
60000	0.36	0.54	0.54	0	0	0.36
60100	0.36	0.54	0.54	0	0	0.36
60200	0.36	0.54	0.54	0	0	0.36
60300	0.36	0.54	0.54	0	0	0.36
60400	0.36	0.54	0.54	0	0	0.36
60500	0.36	0.54	0.54	0	0	0.36
60600	0.36	0.54	0.54	0	0	0.36
60700	0.36	0.54	0.54	0	0	0.36
60800	0.36	0.54	0.54	0	0	0.36
60900	0.36	0.54	0.54	0	0	0.36
61000	0.36	0.54	0.54	0	0	0.36
61100	0.36	0.54	0.54	0	0	0.36
61200	0.36	0.54	0.54	0	0	0.36
61300	0.36	0.52	0.52	0	0	0.36
61400	0.36	0.52	0.52	0	0	0.36
61500	0.36	0.52	0.52	0	0	0.36
61600	0.36	0.52	0.52	0	0	0.36
61700	0.36	0.52	0.52	0	0	0.36
61800	0.36	0.52	0.52	0	0	0.36
61900	0.36	0.52	0.52	0	0	0.36
62000	0.36	0.52	0.52	0	0	0.36
62100	0.36	0.52	0.52	0	0	0.36
62200	0.36	0.52	0.52	0	0	0.36
62300	0.36	0.52	0.52	0	0	0.36
62400	0.36	0.52	0.52	0	0	0.36
62500	0.36	0.52	0.52	0	0	0.36
62600	0.36	0.52	0.52	0	0	0.36
62700	0.36	0.52	0.52	0	0	0.36
62800	0.36	0.52	0.52	0	0	0.36
62900	0.36	0.52	0.52	0	0	0.36
63000	0.36	0.52	0.52	0	0	0.36
63100	0.36	0.52	0.52	0	0	0.36
63200	0.38	0.52	0.52	0	0	0.38
63300	0.38	0.52	0.52	0	0	0.38
63400	0.38	0.52	0.52	0	0	0.38
63500	0.38	0.52	0.52	0	0	0.38
63600	0.38	0.52	0.52	0	0	0.38
63700	0.38	0.52	0.52	0	0	0.38
63800	0.38	0.52	0.52	0	0	0.38
63900	0.36	0.52	0.52	0	0	0.36
64000	0.36	0.52	0.52	0	0	0.36
64100	0.36	0.52	0.52	0	0	0.36
64200	0.36	0.52	0.52	0	0	0.36
64300	0.36	0.52	0.52	0	0	0.36
64400	0.36	0.52	0.52	0	0	0.36
64500	0.36	0.52	0.52	0	0	0.36
64600	0.36	0.52	0.52	0	0	0.36
64700	0.36	0.52	0.52	0	0	0.36
64800	0.36	0.52	0.52	0	0	0.36
64900	0.36	0.52	0.52	0	0	0.36
65000	0.36	0.5	0.5	0	0	0.36
65100	0.36	0.5	0.5	0	0	0.36
65200	0.36	0.5	0.5	0	0	0.36
65300	0.36	0.5	0.5	0	0	0.36
65400	0.36	0.5	0.5	0	0	0.36
65500	0.36	0.5	0.5	0	0	0.36
65600	0.36	0.5	0.5	0	0	0.36
65700	0.36	0.5	0.5	0	0	0.36
65800	0.36	0.5	0.5	0	0	0.36
65900	0.36	0.5	0.5	0	0	0.36
66000	0.36	0.5	0.5	0	0	0.36
66100	0.36	0.5	0.5	0	0	0.36
66200	0.36	0.5	0.5	0	0	0.36
66300	0.36	0.52	0.52	0	0	0.36
66400	0.36	0.54	0.54	0	0	0.36
66500	0.36	0.54	0.54	0	0	0.36
66600	0.36	0.54	0.54	0	0	0.36
66700	0.36	0.54	0.54	0	0	0.36
66800	0.36	0.54	0.54	0	0	0.36
66900	0.36	0.54	0.54	0	0	0.36
67000	0.36	0.54	0.54	0	0	0.36
67100	0.36	0.54	0.54	0	0	0.36
67200	0.36	0.54	0.54	0	0	0.36
67300	0.36	0.54	0.54	0	0	0.36
67400	0.36	0.54	0.54	0	0	0.36
67500	0.36	0.54	0.54	0	0	0.36
67600	0.36	0.54	0.54	0	0	0.36
67700	0.36	0.54	0.54	0	0	0.36
67800	0.36	0.54	0.54	0	0	0.36
67900	0.36	0.54	0.54	0	0	0.36
68000	0.36	0.54	0.54	0	0	0.36
68100	0.36	0.54	0.54	0	0	0.36
68200	0.36	0.54	0.54	0	0	0.36
68300	0.36	0.54	0.54	0	0	0.36
68400	0.36	0.54	0.54	0	0	0.36
68500	0.36	0.54	0.54	0	0	0.36
68600	0.36	0.54	0.54	0	0	0.36
68700	0.36	0.54	0.54	0	0	0.36
68800	0.36	0.52	0.52	0	0	0.36
68900	0.36	0.52	0.52	0	0	0.36
69000	0.36	0.52	0.52	0	0	0.36
69100	0.34	0.52	0.52	0	0	0.34
69200	0.34	0.52	0.52	0	0	0.34
69300	0.34	0.54	0.54	0	0	0.34
69400	0.34	0.54	0.54	0	0	0.34
69500	0.34	0.54	0.54	0	0	0.34
69600	0.34	0.54	0.54	0	0	0.34
69700	0.34	0.54	0.54	0	0	0.34
69800	0.34	0.54	0.54	0	0	0.34
69900	0.34	0.54	0.54	0	0	0.34
70000	0.34	0.54	0.54	0	0	0.34
70100	0.34	0.56	0.56	0	0	0.34
70200	0.34	0.56	0.56	0	0	0.34
70300	0.34	0.56	0.56	0	0	0.34
70400	0.34	0.56	0.56	0	0	0.34
70500	0.34	0.54	0.54	0	0	0.34
70600	0.34	0.56	0.56	0	0	0.34
70700	0.34	0.56	0.56	0	0	0.34
70800	0.34	0.56	0.56	0	0	0.34
70900	0.34	0.56	0.56	0	0	0.34
71000	0.34	0.56	0.56	0	0	0.34
71100	0.34	0.56	0.56	0	0	0.34
71200	0.34	0.56	0.56	0	0	0.34
71300	0.34	0.56	0.56	0	0	0.34
71400	0.34	0.54	0.54	0	0	0.34
71500	0.36	0.54	0.54	0	0	0.36
71600	0.36	0.54	0.54	0	0	0.36
71700	0.36	0.54	0.54	0	0	0.36
71800	0.36	0.54	0.54	0	0	0.36
71900	0.36	0.54	0.54	0	0	0.36
72000	0.36	0.54	0.54	0	0	0.36
72100	0.36	0.54	0.54	0	0	0.36
72200	0.36	0.54	0.54	0	0	0.36
72300	0.36	0.54	0.54	0	0	0.36
72400	0.36	0.54	0.54	0	0	0.36
72500	0.36	0.54	0.54	0	0	0.36
72600	0.36	0.54	0.54	0	0	0.36
72700	0.36	0.54	0.54	0	0	0.36
72800	0.36	0.54	0.54	0	0	0.36
72900	0.36	0.54	0.54	0	0	0.36
73000	0.36	0.54	0.54	0	0	0.36
73100	0.36	0.54	0.54	0	0	0.36
73200	0.36	0.54	0.54	0	0	0.36
73300	0.36	0.54	0.54	0	0	0.36
73400	0.36	0.54	0.54	0	0	0.36
73500	0.36	0.52	0.52	0	0	0.36
73600	0.36	0.52	0.52	0	0	0.36
73700	0.36	0.52	0.52	0	0	0.36
73800	0.36	0.52	0.52	0	0	0.36
73900	0.36	0.52	0.52	0	0	0.36
74000	0.36	0.52	0.52	0	0	0.36
74100	0.36	0.52	0.52	0	0	0.36
74200	0.36	0.52	0.52	0	0	0.36
74300	0.36	0.52	0.52	0	0	0.36
74400	0.36	0.5	0.5	0	0	0.36
74500	0.36	0.5	0.5	0	0	0.36
74600	0.36	0.5	0.5	0	0	0.36
74700	0.36	0.5	0.5	0	0	0.36
74800	0.36	0.5	0.5	0	0	0.36
74900	0.36	0.5	0.5	0	0	0.36
75000	0.36	0.5	0.5	0	0	0.36
75100	0.36	0.5	0.5	0	0	0.36
75200	0.36	0.5	0.5	0	0	0.36
75300	0.36	0.5	0.5	0	0	0.36
75400	0.36	0.5	0.5	0	0	0.36
75500	0.36	0.5	0.5	0	0	0.36
75600	0.36	0.5	0.5	0	0	0.36
75700	0.36	0.5	0.5	0	0	0.36
75800	0.36	0.5	0.5	0	0	0.36
75900	0.36	0.5	0.5	0	0	0.36
76000	0.36	0.5	0.5	0	0	0.36
76100	0.36	0.5	0.5	0	0	0.36
76200	0.36	0.5	0.5	0	0	0.36
76300	0.36	0.5	0.5	0	0	0.36
76400	0.36	0.5	0.5	0	0	0.36
76500	0.36	0.5	0.5	0	0	0.36
76600	0.36	0.5	0.5	0	0	0.36
76700	0.36	0.5	0.5	0	0	0.36
76800	0.36	0.5	0.5	0	0	0.36
76900	0.36	0.5	0.5	0	0	0.36
77000	0.36	0.5	0.5	0	0	0.36
77100	0.36	0.5	0.5	0	0	0.36
77200	0.36	0.5	0.5	0	0	0.36
77300	0.36	0.5	0.5	0	0	0.36
77400	0.36	0.5	0.5	0	0	0.36
77500	0.36	0.5	0.5	0	0	0.36
77600	0.36	0.5	0.5	0	0	0.36
77700	0.36	0.5	0.5	0	0	0.36
77800	0.36	0.5	0.5	0	0	0.36
77900	0.36	0.5	0.5	0	0	0.36
78000	0.36	0.5	0.5	0	0	0.36
78100	0.36	0.5	0.5	0	0	0.36
78200	0.36	0.5	0.5	0	0	0.36
78300	0.34	0.52	0.52	0	0	0.34
78400	0.36	0.52	0.52	0	0	0.36
78500	0.36	0.52	0.52	0	0	0.36
78600	0.36	0.52	0.52	0	0	0.36
78700	0.36	0.54	0.54	0	0	0.36
78800	0.36	0.54	0.54	0	0	0.36
78900	0.36	0.54	0.54	0	0	0.36
79000	0.36	0.54	0.54	0	0	0.36
79100	0.36	0.54	0.54	0	0	0.36
79200	0.36	0.54	0.54	0	0	0.36
79300	0.36	0.54	0.54	0	0	0.36
79400	0.36	0.52	0.52	0	0	0.36
79500	0.36	0.52	0.52	0	0	0.36
79600	0.36	0.52	0.52	0	0	0.36
79700	0.36	0.5	0.5	0	0	0.36
79800	0.36	0.5	0.5	0	0	0.36
79900	0.36	0.5	0.5	0	0	0.36
80000	0.36	0.5	0.5	0	0	0.36
80100	0.36	0.5	0.5	0	0	0.36
80200	0.36	0.5	0.5	0	0	0.36
80300	0.34	0.5	0.5	0	0	0.34
80400	0.34	0.5	0.5	0	0	0.34
80500	0.34	0.5	0.5	0	0	0.34
80600	0.34	0.5	0.5	0	0	0.34
80700	0.34	0.5	0.5	0	0	0.34
80800	0.34	0.5	0.5	0	0	0.34
80900	0.34	0.5	0.5	0	0	0.34
81000	0.34	0.5	0.5	0	0	0.34
81100	0.34	0.5	0.5	0	0	0.34
81200	0.34	0.5	0.5	0	0	0.34
81300	0.34	0.5	0.5	0	0	0.34
81400	0.34	0.5	0.5	0	0	0.34
81500	0.34	0.5	0.5	0	0	0.34
81600	0.34	0.5	0.5	0	0	0.34
81700	0.34	0.5	0.5	0	0	0.34
81800	0.34	0.5	0.5	0	0	0.34
81900	0.34	0.5	0.5	0	0	0.34
82000	0.34	0.5	0.5	0	0	0.34
82100	0.34	0.5	0.5	0	0	0.34
82200	0.36	0.5	0.5	0	0	0.36
82300	0.36	0.5	0.5	0	0	0.36
82400	0.36	0.5	0.5	0	0	0.36
82500	0.36	0.48	0.48	0	0	0.36
82600	0.36	0.48	0.48	0	0	0.36
82700	0.36	0.48	0.48	0	0	0.36
82800	0.36	0.48	0.48	0	0	0.36
82900	0.36	0.46	0.46	0	0	0.36
83000	0.36	0.46	0.46	0	0	0.36
83100	0.36	0.46	0.46	0	0	0.36
83200	0.36	0.46	0.46	0	0	0.36
83300	0.36	0.46	0.46	0	0	0.36
83400	0.36	0.46	0.46	0	0	0.36
83500	0.36	0.46	0.46	0	0	0.36
83600	0.36	0.46	0.46	0	0	0.36
83700	0.36	0.46	0.46	0	0	0.36
83800	0.36	0.46	0.46	0	0	0.36
83900	0.36	0.46	0.46	0	0	0.36
84000	0.36	0.46	0.46	0	0	0.36
84100	0.36	0.48	0.48	0	0	0.36
84200	0.36	0.46	0.46	0	0	0.36
84300	0.36	0.46	0.46	0	0	0.36
84400	0.36	0.48	0.48	0	0	0.36
84500	0.36	0.48	0.48	0	0	0.36
84600	0.36	0.48	0.48	0	0	0.36
84700	0.36	0.48	0.48	0	0	0.36
84800	0.36	0.48	0.48	0	0	0.36
84900	0.38	0.46	0.46	0	0	0.38
85000	0.38	0.46	0.46	0	0	0.38
85100	0.38	0.46	0.46	0	0	0.38
85200	0.38	0.46	0.46	0	0	0.38
85300	0.38	0.46	0.46	0	0	0.38
85400	0.36	0.46	0.46	0	0	0.36
85500	0.36	0.48	0.48	0	0	0.36
85600	0.36	0.48	0.48	0	0	0.36
85700	0.36	0.48	0.48	0	0	0.36
85800	0.36	0.48	0.48	0	0	0.36
85900	0.36	0.48	0.48	0	0	0.36
86000	0.36	0.48	0.48	0	0	0.36
86100	0.36	0.48	0.48	0	0	0.36
86200	0.36	0.48	0.48	0	0	0.36
86300	0.36	0.48	0.48	0	0	0.36
86400	0.36	0.48	0.48	0	0	0.36
86500	0.36	0.48	0.48	0	0	0.36
86600	0.36	0.48	0.48	0	0	0.36
86700	0.36	0.5	0.5	0	0	0.36
86800	0.36	0.5	0.5	0	0	0.36
86900	0.36	0.5	0.5	0	0	0.36
87000	0.36	0.52	0.52	0	0	0.36
87100	0.36	0.52	0.52	0	0	0.36
87200	0.36	0.52	0.52	0	0	0.36
87300	0.36	0.52	0.52	0	0	0.36
87400	0.36	0.52	0.52	0	0	0.36
87500	0.36	0.52	0.52	0	0	0.36
87600	0.36	0.52	0.52	0	0	0.36
87700	0.36	0.52	0.52	0	0	0.36
87800	0.36	0.52	0.52	0	0	0.36
87900	0.36	0.52	0.52	0	0	0.36
88000	0.36	0.52	0.52	0	0	0.36
88100	0.36	0.52	0.52	0	0	0.36
88200	0.36	0.52	0.52	0	0	0.36
88300	0.36	0.52	0.52	0	0	0.36
88400	0.36	0.52	0.52	0	0	0.36
88500	0.34	0.52	0.52	0	0	0.34
88600	0.34	0.52	0.52	0	0	0.34
88700	0.32	0.52	0.52	0	0	0.32
88800	0.34	0.52	0.52	0	0	0.34
88900	0.32	0.52	0.52	0	0	0.32
89000	0.3	0.52	0.52	0	0	0.3
89100	0.3	0.52	0.52	0	0	0.3
89200	0.3	0.52	0.52	0	0	0.3
89300	0.3	0.5	0.5	0	0	0.3
89400	0.3	0.5	0.5	0	0	0.3
89500	0.3	0.52	0.52	0	0	0.3
89600	0.3	0.52	0.52	0	0	0.3
89700	0.32	0.52	0.52	0	0	0.32
89800	0.32	0.52	0.52	0	0	0.32
89900	0.32	0.52	0.52	0	0	0.32
90000	0.32	0.52	0.52	0	0	0.32
90100	0.32	0.52	0.52	0	0	0.32
90200	0.32	0.52	0.52	0	0	0.32
90300	0.32	0.52	0.52	0	0	0.32
90400	0.32	0.54	0.54	0	0	0.32
90500	0.32	0.54	0.54	0	0	0.32
90600	0.32	0.54	0.54	0	0	0.32
90700	0.32	0.54	0.54	0	0	0.32
90800	0.32	0.52	0.52	0	0	0.32
90900	0.32	0.52	0.52	0	0	0.32
91000	0.32	0.52	0.52	0	0	0.32
91100	0.32	0.52	0.52	0	0	0.32
91200	0.32	0.52	0.52	0	0	0.32
91300	0.32	0.52	0.52	0	0	0.32
91400	0.32	0.52	0.52	0	0	0.32
91500	0.32	0.52	0.52	0	0	0.32
91600	0.32	0.52	0.52	0	0	0.32
91700	0.32	0.52	0.52	0	0	0.32
91800	0.32	0.52	0.52	0	0	0.32
91900	0.32	0.52	0.52	0	0	0.32
92000	0.32	0.52	0.52	0	0	0.32
92100	0.32	0.52	0.52	0	0	0.32
92200	0.32	0.52	0.52	0	0	0.32
92300	0.32	0.52	0.52	0	0	0.32
92400	0.32	0.52	0.52	0	0	0.32
92500	0.32	0.52	0.52	0	0	0.32
92600	0.32	0.52	0.52	0	0	0.32
92700	0.32	0.52	0.52	0	0	0.32
92800	0.32	0.52	0.52	0	0	0.32
92900	0.32	0.52	0.52	0	0	0.32
93000	0.32	0.52	0.52	0	0	0.32
93100	0.32	0.52	0.52	0	0	0.32
93200	0.32	0.52	0.52	0	0	0.32
93300	0.32	0.52	0.52	0	0	0.32
93400	0.32	0.52	0.52	0	0	0.32
93500	0.32	0.52	0.52	0	0	0.32
93600	0.32	0.52	0.52	0	0	0.32
93700	0.32	0.52	0.52	0	0	0.32
93800	0.32	0.52	0.52	0	0	0.32
93900	0.32	0.52	0.52	0	0	0.32
94000	0.32	0.52	0.52	0	0	0.32
94100	0.32	0.52	0.52	0	0	0.32
94200	0.32	0.52	0.52	0	0	0.32
94300	0.32	0.52	0.52	0	0	0.32
94400	0.32	0.52	0.52	0	0	0.32
94500	0.32	0.52	0.52	0	0	0.32
94600	0.32	0.52	0.52	0	0	0.32
94700	0.32	0.52	0.52	0	0	0.32
94800	0.32	0.52	0.52	0	0	0.32
94900	0.32	0.54	0.54	0	0	0.32
95000	0.32	0.54	0.54	0	0	0.32
95100	0.32	0.54	0.54	0	0	0.32
95200	0.32	0.54	0.54	0	0	0.32
95300	0.32	0.54	0.54	0	0	0.32
95400	0.32	0.54	0.54	0	0	0.32
95500	0.32	0.54	0.54	0	0	0.32
95600	0.32	0.54	0.54	0	0	0.32
95700	0.32	0.54	0.54	0	0	0.32
95800	0.32	0.54	0.54	0	0	0.32
95900	0.32	0.54	0.54	0	0	0.32
96000	0.32	0.54	0.54	0	0	0.32
96100	0.32	0.54	0.54	0	0	0.32
96200	0.32	0.54	0.54	0	0	0.32
96300	0.32	0.54	0.54	0	0	0.32
96400	0.34	0.54	0.54	0	0	0.34
96500	0.34	0.54	0.54	0	0	0.34
96600	0.34	0.54	0.54	0	0	0.34
96700	0.34	0.54	0.54	0	0	0.34
96800	0.34	0.54	0.54	0	0	0.34
96900	0.34	0.54	0.54	0	0	0.34
97000	0.34	0.54	0.54	0	0	0.34
97100	0.34	0.54	0.54	0	0	0.34
97200	0.34	0.54	0.54	0	0	0.34
97300	0.34	0.54	0.54	0	0	0.34
97400	0.34	0.54	0.54	0	0	0.34
97500	0.34	0.54	0.54	0	0	0.34
97600	0.34	0.54	0.54	0	0	0.34
97700	0.34	0.54	0.54	0	0	0.34
97800	0.34	0.54	0.54	0	0	0.34
97900	0.34	0.54	0.54	0	0	0.34
98000	0.34	0.54	0.54	0	0	0.34
98100	0.34	0.54	0.54	0	0	0.34
98200	0.34	0.54	0.54	0	0	0.34
98300	0.34	0.54	0.54	0	0	0.34
98400	0.34	0.54	0.54	0	0	0.34
98500	0.36	0.54	0.54	0	0	0.36
98600	0.36	0.54	0.54	0	0	0.36
98700	0.36	0.54	0.54	0	0	0.36
98800	0.36	0.52	0.52	0	0	0.36
98900	0.36	0.52	0.52	0	0	0.36
99000	0.36	0.52	0.52	0	0	0.36
99100	0.36	0.52	0.52	0	0	0.36
99200	0.36	0.52	0.52	0	0	0.36
99300	0.36	0.52	0.52	0	0	0.36
99400	0.36	0.52	0.52	0	0	0.36
99500	0.36	0.52	0.52	0	0	0.36
99600	0.36	0.52	0.52	0	0	0.36
99700	0.36	0.52	0.52	0	0	0.36
99800	0.36	0.52	0.52	0	0	0.36
99900	0.36	0.52	0.52	0	0	0.36
100000	0.36	0.52	0.52	0	0	0.36
