100	0.12	0.04	0.04	0	0	0.12
200	0.12	0.08	0.08	0	0	0.12
300	0.14	0.06	0.06	0	0	0.14
400	0.14	0.08	0.08	0	0	0.14
500	0.14	0.1	0.1	0	0	0.14
600	0.14	0.1	0.1	0	0	0.14
700	0.16	0.1	0.1	0	0	0.16
800	0.18	0.14	0.14	0	0	0.18
900	0.18	0.18	0.18	0	0	0.18
1000	0.2	0.2	0.2	0	0	0.2
1100	0.2	0.22	0.22	0	0	0.2
1200	0.2	0.24	0.24	0	0	0.2
1300	0.2	0.2	0.2	0	0	0.2
1400	0.2	0.2	0.2	0	0	0.2
1500	0.2	0.24	0.24	0	0	0.2
1600	0.2	0.24	0.24	0	0	0.2
1700	0.2	0.24	0.24	0	0	0.2
1800	0.22	0.26	0.26	0	0	0.22
1900	0.22	0.28	0.28	0	0	0.22
2000	0.24	0.26	0.26	0	0	0.24
2100	0.24	0.28	0.28	0	0	0.24
2200	0.24	0.28	0.28	0	0	0.24
2300	0.24	0.28	0.28	0	0	0.24
2400	0.24	0.28	0.28	0	0	0.24
2500	0.24	0.28	0.28	0	0	0.24
2600	0.24	0.3	0.3	0	0	0.24
2700	0.24	0.32	0.32	0	0	0.24
2800	0.24	0.34	0.34	0	0	0.24
2900	0.24	0.36	0.36	0	0	0.24
3000	0.26	0.34	0.34	0	0	0.26
3100	0.26	0.32	0.32	0	0	0.26
3200	0.26	0.32	0.32	0	0	0.26
3300	0.26	0.32	0.32	0	0	0.26
3400	0.26	0.32	0.32	0	0	0.26
3500	0.26	0.32	0.32	0	0	0.26
3600	0.26	0.32	0.32	0	0	0.26
3700	0.26	0.32	0.32	0	0	0.26
3800	0.26	0.32	0.32	0	0	0.26
3900	0.3	0.32	0.32	0	0	0.3
4000	0.3	0.32	0.32	0	0	0.3
4100	0.28	0.32	0.32	0	0	0.28
4200	0.28	0.32	0.32	0	0	0.28
4300	0.28	0.32	0.32	0	0	0.28
4400	0.26	0.32	0.32	0	0	0.26
4500	0.26	0.32	0.32	0	0	0.26
4600	0.28	0.3	0.3	0	0	0.28
4700	0.3	0.28	0.28	0	0	0.3
4800	0.28	0.28	0.28	0	0	0.28
4900	0.28	0.28	0.28	0	0	0.28
5000	0.28	0.28	0.28	0	0	0.28
5100	0.3	0.28	0.28	0	0	0.3
5200	0.3	0.28	0.28	0	0	0.3
5300	0.3	0.28	0.28	0	0	0.3
5400	0.3	0.28	0.28	0	0	0.3
5500	0.3	0.28	0.28	0	0	0.3
5600	0.3	0.28	0.28	0	0	0.3
5700	0.3	0.3	0.3	0	0	0.3
5800	0.32	0.3	0.3	0	0	0.32
5900	0.32	0.3	0.3	0	0	0.32
6000	0.32	0.34	0.34	0	0	0.32
6100	0.32	0.34	0.34	0	0	0.32
6200	0.32	0.34	0.34	0	0	0.32
6300	0.32	0.34	0.34	0	0	0.32
6400	0.32	0.34	0.34	0	0	0.32
6500	0.32	0.34	0.34	0	0	0.32
6600	0.32	0.34	0.34	0	0	0.32
6700	0.32	0.34	0.34	0	0	0.32
6800	0.32	0.38	0.38	0	0	0.32
6900	0.34	0.38	0.38	0	0	0.34
7000	0.34	0.38	0.38	0	0	0.34
7100	0.36	0.42	0.42	0	0	0.36
7200	0.36	0.38	0.38	0	0	0.36
7300	0.36	0.4	0.4	0	0	0.36
7400	0.36	0.4	0.4	0	0	0.36
7500	0.36	0.4	0.4	0	0	0.36
7600	0.36	0.4	0.4	0	0	0.36
7700	0.36	0.4	0.4	0	0	0.36
7800	0.36	0.4	0.4	0	0	0.36
7900	0.36	0.4	0.4	0	0	0.36
8000	0.36	0.4	0.4	0	0	0.36
8100	0.36	0.4	0.4	0	0	0.36
8200	0.36	0.4	0.4	0	0	0.36
8300	0.36	0.4	0.4	0	0	0.36
8400	0.36	0.42	0.42	0	0	0.36
8500	0.36	0.42	0.42	0	0	0.36
8600	0.36	0.4	0.4	0	0	0.36
8700	0.36	0.4	0.4	0	0	0.36
8800	0.36	0.4	0.4	0	0	0.36
8900	0.38	0.4	0.4	0	0	0.38
9000	0.36	0.4	0.4	0	0	0.36
9100	0.36	0.4	0.4	0	0	0.36
9200	0.38	0.4	0.4	0	0	0.38
9300	0.38	0.4	0.4	0	0	0.38
9400	0.38	0.4	0.4	0	0	0.38
9500	0.4	0.4	0.4	0	0	0.4
9600	0.42	0.4	0.4	0	0	0.42
9700	0.42	0.4	0.4	0	0	0.42
9800	0.44	0.42	0.42	0	0	0.44
9900	0.44	0.4	0.4	0	0	0.44
10000	0.44	0.4	0.4	0	0	0.44
10100	0.44	0.4	0.4	0	0	0.44
10200	0.46	0.4	0.4	0	0	0.46
10300	0.44	0.4	0.4	0	0	0.44
10400	0.44	0.38	0.38	0	0	0.44
10500	0.44	0.38	0.38	0	0	0.44
10600	0.44	0.38	0.38	0	0	0.44
10700	0.44	0.38	0.38	0	0	0.44
10800	0.44	0.38	0.38	0	0	0.44
10900	0.44	0.38	0.38	0	0	0.44
11000	0.44	0.38	0.38	0	0	0.44
11100	0.44	0.38	0.38	0	0	0.44
11200	0.44	0.38	0.38	0	0	0.44
11300	0.44	0.38	0.38	0	0	0.44
11400	0.44	0.38	0.38	0	0	0.44
11500	0.44	0.38	0.38	0	0	0.44
11600	0.44	0.38	0.38	0	0	0.44
11700	0.44	0.38	0.38	0	0	0.44
11800	0.44	0.38	0.38	0	0	0.44
11900	0.44	0.38	0.38	0	0	0.44
12000	0.44	0.38	0.38	0	0	0.44
12100	0.44	0.38	0.38	0	0	0.44
12200	0.44	0.38	0.38	0	0	0.44
12300	0.44	0.38	0.38	0	0	0.44
12400	0.44	0.4	0.4	0	0	0.44
12500	0.46	0.4	0.4	0	0	0.46
12600	0.46	0.4	0.4	0	0	0.46
12700	0.46	0.4	0.4	0	0	0.46
12800	0.46	0.4	0.4	0	0	0.46
12900	0.46	0.4	0.4	0	0	0.46
13000	0.46	0.4	0.4	0	0	0.46
13100	0.46	0.4	0.4	0	0	0.46
13200	0.46	0.4	0.4	0	0	0.46
13300	0.46	0.4	0.4	0	0	0.46
13400	0.46	0.4	0.4	0	0	0.46
13500	0.46	0.4	0.4	0	0	0.46
13600	0.46	0.4	0.4	0	0	0.46
13700	0.46	0.4	0.4	0	0	0.46
13800	0.46	0.4	0.4	0	0	0.46
13900	0.46	0.4	0.4	0	0	0.46
14000	0.46	0.42	0.42	0	0	0.46
14100	0.46	0.42	0.42	0	0	0.46
14200	0.46	0.42	0.42	0	0	0.46
14300	0.46	0.4	0.4	0	0	0.46
14400	0.46	0.4	0.4	0	0	0.46
14500	0.46	0.38	0.38	0	0	0.46
14600	0.46	0.38	0.38	0	0	0.46
14700	0.46	0.38	0.38	0	0	0.46
14800	0.46	0.38	0.38	0	0	0.46
14900	0.46	0.38	0.38	0	0	0.46
15000	0.46	0.4	0.4	0	0	0.46
15100	0.46	0.4	0.4	0	0	0.46
15200	0.46	0.4	0.4	0	0	0.46
15300	0.46	0.4	0.4	0	0	0.46
15400	0.46	0.4	0.4	0	0	0.46
15500	0.46	0.4	0.4	0	0	0.46
15600	0.46	0.4	0.4	0	0	0.46
15700	0.46	0.4	0.4	0	0	0.46
15800	0.46	0.4	0.4	0	0	0.46
15900	0.46	0.4	0.4	0	0	0.46
16000	0.46	0.4	0.4	0	0	0.46
16100	0.46	0.4	0.4	0	0	0.46
16200	0.46	0.4	0.4	0	0	0.46
16300	0.46	0.4	0.4	0	0	0.46
16400	0.46	0.4	0.4	0	0	0.46
16500	0.46	0.38	0.38	0	0	0.46
16600	0.46	0.38	0.38	0	0	0.46
16700	0.46	0.4	0.4	0	0	0.46
16800	0.46	0.4	0.4	0	0	0.46
16900	0.46	0.4	0.4	0	0	0.46
17000	0.46	0.4	0.4	0	0	0.46
17100	0.46	0.4	0.4	0	0	0.46
17200	0.44	0.4	0.4	0	0	0.44
17300	0.44	0.4	0.4	0	0	0.44
17400	0.44	0.4	0.4	0	0	0.44
17500	0.44	0.42	0.42	0	0	0.44
17600	0.44	0.42	0.42	0	0	0.44
17700	0.44	0.42	0.42	0	0	0.44
17800	0.44	0.42	0.42	0	0	0.44
17900	0.44	0.44	0.44	0	0	0.44
18000	0.44	0.44	0.44	0	0	0.44
18100	0.44	0.44	0.44	0	0	0.44
18200	0.44	0.44	0.44	0	0	0.44
18300	0.42	0.44	0.44	0	0	0.42
18400	0.42	0.44	0.44	0	0	0.42
18500	0.42	0.44	0.44	0	0	0.42
18600	0.42	0.44	0.44	0	0	0.42
18700	0.4	0.44	0.44	0	0	0.4
18800	0.4	0.42	0.42	0	0	0.4
18900	0.4	0.42	0.42	0	0	0.4
19000	0.4	0.42	0.42	0	0	0.4
19100	0.4	0.42	0.42	0	0	0.4
19200	0.4	0.42	0.42	0	0	0.4
19300	0.4	0.42	0.42	0	0	0.4
19400	0.4	0.42	0.42	0	0	0.4
19500	0.4	0.42	0.42	0	0	0.4
19600	0.4	0.42	0.42	0	0	0.4
19700	0.4	0.42	0.42	0	0	0.4
19800	0.38	0.44	0.44	0	0	0.38
19900	0.38	0.44	0.44	0	0	0.38
20000	0.36	0.44	0.44	0	0	0.36
20100	0.36	0.44	0.44	0	0	0.36
20200	0.36	0.44	0.44	0	0	0.36
20300	0.36	0.44	0.44	0	0	0.36
20400	0.36	0.44	0.44	0	0	0.36
20500	0.36	0.44	0.44	0	0	0.36
20600	0.36	0.42	0.42	0	0	0.36
20700	0.36	0.42	0.42	0	0	0.36
20800	0.36	0.44	0.44	0	0	0.36
20900	0.36	0.44	0.44	0	0	0.36
21000	0.36	0.44	0.44	0	0	0.36
21100	0.36	0.44	0.44	0	0	0.36
21200	0.36	0.44	0.44	0	0	0.36
21300	0.36	0.44	0.44	0	0	0.36
21400	0.36	0.44	0.44	0	0	0.36
21500	0.36	0.44	0.44	0	0	0.36
21600	0.36	0.42	0.42	0	0	0.36
21700	0.36	0.4	0.4	0	0	0.36
21800	0.36	0.4	0.4	0	0	0.36
21900	0.38	0.4	0.4	0	0	0.38
22000	0.38	0.4	0.4	0	0	0.38
22100	0.38	0.4	0.4	0	0	0.38
22200	0.38	0.4	0.4	0	0	0.38
22300	0.38	0.42	0.42	0	0	0.38
22400	0.38	0.42	0.42	0	0	0.38
22500	0.38	0.42	0.42	0	0	0.38
22600	0.38	0.42	0.42	0	0	0.38
22700	0.38	0.42	0.42	0	0	0.38
22800	0.38	0.42	0.42	0	0	0.38
22900	0.4	0.42	0.42	0	0	0.4
23000	0.4	0.42	0.42	0	0	0.4
23100	0.4	0.42	0.42	0	0	0.4
23200	0.4	0.4	0.4	0	0	0.4
23300	0.4	0.4	0.4	0	0	0.4
23400	0.4	0.4	0.4	0	0	0.4
23500	0.4	0.4	0.4	0	0	0.4
23600	0.38	0.4	0.4	0	0	0.38
23700	0.38	0.4	0.4	0	0	0.38
23800	0.38	0.4	0.4	0	0	0.38
23900	0.38	0.4	0.4	0	0	0.38
24000	0.38	0.4	0.4	0	0	0.38
24100	0.38	0.4	0.4	0	0	0.38
24200	0.38	0.4	0.4	0	0	0.38
24300	0.38	0.4	0.4	0	0	0.38
24400	0.38	0.4	0.4	0	0	0.38
24500	0.38	0.4	0.4	0	0	0.38
24600	0.38	0.4	0.4	0	0	0.38
24700	0.38	0.4	0.4	0	0	0.38
24800	0.38	0.4	0.4	0	0	0.38
24900	0.4	0.4	0.4	0	0	0.4
25000	0.4	0.4	0.4	0	0	0.4
25100	0.4	0.4	0.4	0	0	0.4
25200	0.4	0.42	0.42	0	0	0.4
25300	0.4	0.42	0.42	0	0	0.4
25400	0.4	0.42	0.42	0	0	0.4
25500	0.4	0.42	0.42	0	0	0.4
25600	0.42	0.42	0.42	0	0	0.42
25700	0.42	0.42	0.42	0	0	0.42
25800	0.44	0.42	0.42	0	0	0.44
25900	0.44	0.42	0.42	0	0	0.44
26000	0.44	0.44	0.44	0	0	0.44
26100	0.42	0.44	0.44	0	0	0.42
26200	0.42	0.44	0.44	0	0	0.42
26300	0.42	0.44	0.44	0	0	0.42
26400	0.42	0.44	0.44	0	0	0.42
26500	0.42	0.44	0.44	0	0	0.42
26600	0.42	0.44	0.44	0	0	0.42
26700	0.42	0.44	0.44	0	0	0.42
26800	0.42	0.44	0.44	0	0	0.42
26900	0.42	0.44	0.44	0	0	0.42
27000	0.42	0.44	0.44	0	0	0.42
27100	0.44	0.44	0.44	0	0	0.44
27200	0.44	0.44	0.44	0	0	0.44
27300	0.44	0.44	0.44	0	0	0.44
27400	0.44	0.44	0.44	0	0	0.44
27500	0.44	0.46	0.46	0	0	0.44
27600	0.44	0.46	0.46	0	0	0.44
27700	0.44	0.46	0.46	0	0	0.44
27800	0.44	0.46	0.46	0	0	0.44
27900	0.44	0.46	0.46	0	0	0.44
28000	0.44	0.46	0.46	0	0	0.44
28100	0.44	0.46	0.46	0	0	0.44
28200	0.44	0.46	0.46	0	0	0.44
28300	0.44	0.46	0.46	0	0	0.44
28400	0.44	0.46	0.46	0	0	0.44
28500	0.44	0.46	0.46	0	0	0.44
28600	0.44	0.44	0.44	0	0	0.44
28700	0.44	0.42	0.42	0	0	0.44
28800	0.44	0.42	0.42	0	0	0.44
28900	0.44	0.42	0.42	0	0	0.44
29000	0.44	0.44	0.44	0	0	0.44
29100	0.44	0.44	0.44	0	0	0.44
29200	0.44	0.44	0.44	0	0	0.44
29300	0.44	0.44	0.44	0	0	0.44
29400	0.44	0.44	0.44	0	0	0.44
29500	0.44	0.46	0.46	0	0	0.44
29600	0.44	0.46	0.46	0	0	0.44
29700	0.44	0.46	0.46	0	0	0.44
29800	0.44	0.46	0.46	0	0	0.44
29900	0.44	0.46	0.46	0	0	0.44
30000	0.44	0.42	0.42	0	0	0.44
30100	0.44	0.42	0.42	0	0	0.44
30200	0.44	0.42	0.42	0	0	0.44
30300	0.44	0.42	0.42	0	0	0.44
30400	0.44	0.42	0.42	0	0	0.44
30500	0.44	0.42	0.42	0	0	0.44
30600	0.44	0.42	0.42	0	0	0.44
30700	0.44	0.42	0.42	0	0	0.44
30800	0.44	0.42	0.42	0	0	0.44
30900	0.44	0.42	0.42	0	0	0.44
31000	0.44	0.42	0.42	0	0	0.44
31100	0.44	0.42	0.42	0	0	0.44
31200	0.44	0.42	0.42	0	0	0.44
31300	0.44	0.42	0.42	0	0	0.44
31400	0.44	0.4	0.4	0	0	0.44
31500	0.44	0.4	0.4	0	0	0.44
31600	0.44	0.42	0.42	0	0	0.44
31700	0.44	0.42	0.42	0	0	0.44
31800	0.44	0.42	0.42	0	0	0.44
31900	0.44	0.42	0.42	0	0	0.44
32000	0.44	0.42	0.42	0	0	0.44
32100	0.44	0.42	0.42	0	0	0.44
32200	0.44	0.44	0.44	0	0	0.44
32300	0.44	0.42	0.42	0	0	0.44
32400	0.44	0.42	0.42	0	0	0.44
32500	0.44	0.42	0.42	0	0	0.44
32600	0.44	0.42	0.42	0	0	0.44
32700	0.44	0.44	0.44	0	0	0.44
32800	0.44	0.44	0.44	0	0	0.44
32900	0.44	0.44	0.44	0	0	0.44
33000	0.44	0.44	0.44	0	0	0.44
33100	0.44	0.44	0.44	0	0	0.44
33200	0.44	0.44	0.44	0	0	0.44
33300	0.44	0.44	0.44	0	0	0.44
33400	0.44	0.44	0.44	0	0	0.44
33500	0.44	0.44	0.44	0	0	0.44
33600	0.44	0.44	0.44	0	0	0.44
33700	0.44	0.46	0.46	0	0	0.44
33800	0.44	0.46	0.46	0	0	0.44
33900	0.44	0.46	0.46	0	0	0.44
34000	0.44	0.46	0.46	0	0	0.44
34100	0.44	0.46	0.46	0	0	0.44
34200	0.44	0.46	0.46	0	0	0.44
34300	0.44	0.48	0.48	0	0	0.44
34400	0.44	0.48	0.48	0	0	0.44
34500	0.44	0.5	0.5	0	0	0.44
34600	0.44	0.5	0.5	0	0	0.44
34700	0.44	0.48	0.48	0	0	0.44
34800	0.44	0.48	0.48	0	0	0.44
34900	0.44	0.46	0.46	0	0	0.44
35000	0.44	0.46	0.46	0	0	0.44
35100	0.44	0.46	0.46	0	0	0.44
35200	0.44	0.46	0.46	0	0	0.44
35300	0.44	0.44	0.44	0	0	0.44
35400	0.44	0.44	0.44	0	0	0.44
35500	0.44	0.44	0.44	0	0	0.44
35600	0.44	0.44	0.44	0	0	0.44
35700	0.44	0.44	0.44	0	0	0.44
35800	0.44	0.44	0.44	0	0	0.44
35900	0.44	0.44	0.44	0	0	0.44
36000	0.44	0.44	0.44	0	0	0.44
36100	0.44	0.46	0.46	0	0	0.44
36200	0.44	0.48	0.48	0	0	0.44
36300	0.44	0.48	0.48	0	0	0.44
36400	0.44	0.48	0.48	0	0	0.44
36500	0.44	0.48	0.48	0	0	0.44
36600	0.44	0.5	0.5	0	0	0.44
36700	0.44	0.5	0.5	0	0	0.44
36800	0.44	0.5	0.5	0	0	0.44
36900	0.44	0.5	0.5	0	0	0.44
37000	0.44	0.5	0.5	0	0	0.44
37100	0.44	0.5	0.5	0	0	0.44
37200	0.44	0.5	0.5	0	0	0.44
37300	0.44	0.5	0.5	0	0	0.44
37400	0.44	0.5	0.5	0	0	0.44
37500	0.44	0.5	0.5	0	0	0.44
37600	0.44	0.5	0.5	0	0	0.44
37700	0.44	0.5	0.5	0	0	0.44
37800	0.44	0.5	0.5	0	0	0.44
37900	0.44	0.5	0.5	0	0	0.44
38000	0.44	0.5	0.5	0	0	0.44
38100	0.44	0.5	0.5	0	0	0.44
38200	0.44	0.5	0.5	0	0	0.44
38300	0.44	0.52	0.52	0	0	0.44
38400	0.44	0.52	0.52	0	0	0.44
38500	0.44	0.52	0.52	0	0	0.44
38600	0.44	0.52	0.52	0	0	0.44
38700	0.44	0.5	0.5	0	0	0.44
38800	0.44	0.5	0.5	0	0	0.44
38900	0.44	0.5	0.5	0	0	0.44
39000	0.44	0.5	0.5	0	0	0.44
39100	0.44	0.48	0.48	0	0	0.44
39200	0.44	0.48	0.48	0	0	0.44
39300	0.44	0.48	0.48	0	0	0.44
39400	0.44	0.48	0.48	0	0	0.44
39500	0.44	0.48	0.48	0	0	0.44
39600	0.44	0.48	0.48	0	0	0.44
39700	0.44	0.48	0.48	0	0	0.44
39800	0.44	0.48	0.48	0	0	0.44
39900	0.44	0.5	0.5	0	0	0.44
40000	0.44	0.52	0.52	0	0	0.44
40100	0.44	0.5	0.5	0	0	0.44
40200	0.44	0.5	0.5	0	0	0.44
40300	0.44	0.5	0.5	0	0	0.44
40400	0.44	0.5	0.5	0	0	0.44
40500	0.44	0.5	0.5	0	0	0.44
40600	0.44	0.5	0.5	0	0	0.44
40700	0.44	0.5	0.5	0	0	0.44
40800	0.44	0.5	0.5	0	0	0.44
40900	0.44	0.5	0.5	0	0	0.44
41000	0.44	0.5	0.5	0	0	0.44
41100	0.44	0.5	0.5	0	0	0.44
41200	0.44	0.5	0.5	0	0	0.44
41300	0.44	0.5	0.5	0	0	0.44
41400	0.44	0.5	0.5	0	0	0.44
41500	0.44	0.48	0.48	0	0	0.44
41600	0.44	0.48	0.48	0	0	0.44
41700	0.44	0.48	0.48	0	0	0.44
41800	0.44	0.48	0.48	0	0	0.44
41900	0.44	0.48	0.48	0	0	0.44
42000	0.44	0.48	0.48	0	0	0.44
42100	0.44	0.46	0.46	0	0	0.44
42200	0.44	0.46	0.46	0	0	0.44
42300	0.44	0.46	0.46	0	0	0.44
42400	0.44	0.46	0.46	0	0	0.44
42500	0.44	0.46	0.46	0	0	0.44
42600	0.44	0.46	0.46	0	0	0.44
42700	0.44	0.46	0.46	0	0	0.44
42800	0.44	0.46	0.46	0	0	0.44
42900	0.44	0.46	0.46	0	0	0.44
43000	0.44	0.46	0.46	0	0	0.44
43100	0.44	0.46	0.46	0	0	0.44
43200	0.44	0.46	0.46	0	0	0.44
43300	0.44	0.46	0.46	0	0	0.44
43400	0.44	0.46	0.46	0	0	0.44
43500	0.44	0.46	0.46	0	0	0.44
43600	0.44	0.46	0.46	0	0	0.44
43700	0.44	0.46	0.46	0	0	0.44
43800	0.44	0.46	0.46	0	0	0.44
43900	0.44	0.46	0.46	0	0	0.44
44000	0.44	0.48	0.48	0	0	0.44
44100	0.44	0.46	0.46	0	0	0.44
44200	0.44	0.46	0.46	0	0	0.44
44300	0.44	0.46	0.46	0	0	0.44
44400	0.44	0.46	0.46	0	0	0.44
44500	0.44	0.46	0.46	0	0	0.44
44600	0.42	0.46	0.46	0	0	0.42
44700	0.42	0.46	0.46	0	0	0.42
44800	0.4	0.46	0.46	0	0	0.4
44900	0.4	0.48	0.48	0	0	0.4
45000	0.4	0.48	0.48	0	0	0.4
45100	0.4	0.48	0.48	0	0	0.4
45200	0.4	0.48	0.48	0	0	0.4
45300	0.4	0.48	0.48	0	0	0.4
45400	0.4	0.48	0.48	0	0	0.4
45500	0.4	0.48	0.48	0	0	0.4
45600	0.4	0.48	0.48	0	0	0.4
45700	0.4	0.48	0.48	0	0	0.4
45800	0.4	0.48	0.48	0	0	0.4
45900	0.4	0.5	0.5	0	0	0.4
46000	0.4	0.5	0.5	0	0	0.4
46100	0.38	0.5	0.5	0	0	0.38
46200	0.38	0.5	0.5	0	0	0.38
46300	0.38	0.5	0.5	0	0	0.38
46400	0.38	0.5	0.5	0	0	0.38
46500	0.38	0.5	0.5	0	0	0.38
46600	0.38	0.5	0.5	0	0	0.38
46700	0.38	0.5	0.5	0	0	0.38
46800	0.38	0.5	0.5	0	0	0.38
46900	0.38	0.5	0.5	0	0	0.38
47000	0.38	0.5	0.5	0	0	0.38
47100	0.38	0.5	0.5	0	0	0.38
47200	0.38	0.5	0.5	0	0	0.38
47300	0.38	0.5	0.5	0	0	0.38
47400	0.38	0.5	0.5	0	0	0.38
47500	0.38	0.5	0.5	0	0	0.38
47600	0.38	0.5	0.5	0	0	0.38
47700	0.38	0.5	0.5	0	0	0.38
47800	0.38	0.5	0.5	0	0	0.38
47900	0.38	0.5	0.5	0	0	0.38
48000	0.38	0.5	0.5	0	0	0.38
48100	0.38	0.52	0.52	0	0	0.38
48200	0.38	0.52	0.52	0	0	0.38
48300	0.38	0.52	0.52	0	0	0.38
48400	0.38	0.52	0.52	0	0	0.38
48500	0.38	0.52	0.52	0	0	0.38
48600	0.38	0.52	0.52	0	0	0.38
48700	0.38	0.52	0.52	0	0	0.38
48800	0.38	0.52	0.52	0	0	0.38
48900	0.38	0.52	0.52	0	0	0.38
49000	0.38	0.52	0.52	0	0	0.38
49100	0.38	0.52	0.52	0	0	0.38
49200	0.38	0.52	0.52	0	0	0.38
49300	0.38	0.52	0.52	0	0	0.38
49400	0.38	0.52	0.52	0	0	0.38
49500	0.38	0.52	0.52	0	0	0.38
49600	0.38	0.52	0.52	0	0	0.38
49700	0.38	0.52	0.52	0	0	0.38
49800	0.38	0.52	0.52	0	0	0.38
49900	0.38	0.52	0.52	0	0	0.38
50000	0.38	0.52	0.52	0	0	0.38
50100	0.38	0.52	0.52	0	0	0.38
50200	0.4	0.52	0.52	0	0	0.4
50300	0.4	0.52	0.52	0	0	0.4
50400	0.4	0.52	0.52	0	0	0.4
50500	0.4	0.52	0.52	0	0	0.4
50600	0.4	0.52	0.52	0	0	0.4
50700	0.4	0.52	0.52	0	0	0.4
50800	0.4	0.52	0.52	0	0	0.4
50900	0.4	0.5	0.5	0	0	0.4
51000	0.4	0.5	0.5	0	0	0.4
51100	0.4	0.52	0.52	0	0	0.4
51200	0.4	0.52	0.52	0	0	0.4
51300	0.4	0.52	0.52	0	0	0.4
51400	0.4	0.52	0.52	0	0	0.4
51500	0.4	0.52	0.52	0	0	0.4
51600	0.4	0.52	0.52	0	0	0.4
51700	0.4	0.52	0.52	0	0	0.4
51800	0.4	0.52	0.52	0	0	0.4
51900	0.42	0.52	0.52	0	0	0.42
52000	0.4	0.52	0.52	0	0	0.4
52100	0.4	0.52	0.52	0	0	0.4
52200	0.4	0.52	0.52	0	0	0.4
52300	0.4	0.52	0.52	0	0	0.4
52400	0.4	0.52	0.52	0	0	0.4
52500	0.4	0.52	0.52	0	0	0.4
52600	0.4	0.52	0.52	0	0	0.4
52700	0.4	0.52	0.52	0	0	0.4
52800	0.4	0.52	0.52	0	0	0.4
52900	0.4	0.52	0.52	0	0	0.4
53000	0.4	0.52	0.52	0	0	0.4
53100	0.4	0.52	0.52	0	0	0.4
53200	0.4	0.52	0.52	0	0	0.4
53300	0.4	0.52	0.52	0	0	0.4
53400	0.4	0.52	0.52	0	0	0.4
53500	0.4	0.52	0.52	0	0	0.4
53600	0.4	0.52	0.52	0	0	0.4
53700	0.4	0.52	0.52	0	0	0.4
53800	0.4	0.52	0.52	0	0	0.4
53900	0.4	0.52	0.52	0	0	0.4
54000	0.4	0.52	0.52	0	0	0.4
54100	0.4	0.52	0.52	0	0	0.4
54200	0.4	0.52	0.52	0	0	0.4
54300	0.4	0.54	0.54	0	0	0.4
54400	0.4	0.54	0.54	0	0	0.4
54500	0.38	0.54	0.54	0	0	0.38
54600	0.38	0.56	0.56	0	0	0.38
54700	0.38	0.56	0.56	0	0	0.38
54800	0.38	0.56	0.56	0	0	0.38
54900	0.38	0.56	0.56	0	0	0.38
55000	0.38	0.56	0.56	0	0	0.38
55100	0.38	0.56	0.56	0	0	0.38
55200	0.38	0.56	0.56	0	0	0.38
55300	0.38	0.56	0.56	0	0	0.38
55400	0.38	0.56	0.56	0	0	0.38
55500	0.38	0.56	0.56	0	0	0.38
55600	0.38	0.56	0.56	0	0	0.38
55700	0.38	0.56	0.56	0	0	0.38
55800	0.38	0.56	0.56	0	0	0.38
55900	0.38	0.56	0.56	0	0	0.38
56000	0.38	0.56	0.56	0	0	0.38
56100	0.38	0.56	0.56	0	0	0.38
56200	0.38	0.56	0.56	0	0	0.38
56300	0.38	0.56	0.56	0	0	0.38
56400	0.38	0.56	0.56	0	0	0.38
56500	0.38	0.56	0.56	0	0	0.38
56600	0.38	0.56	0.56	0	0	0.38
56700	0.38	0.56	0.56	0	0	0.38
56800	0.38	0.56	0.56	0	0	0.38
56900	0.38	0.56	0.56	0	0	0.38
57000	0.38	0.56	0.56	0	0	0.38
57100	0.38	0.56	0.56	0	0	0.38
57200	0.38	0.56	0.56	0	0	0.38
57300	0.38	0.56	0.56	0	0	0.38
57400	0.38	0.56	0.56	0	0	0.38
57500	0.38	0.56	0.56	0	0	0.38
57600	0.38	0.56	0.56	0	0	0.38
57700	0.38	0.56	0.56	0	0	0.38
57800	0.38	0.56	0.56	0	0	0.38
57900	0.38	0.56	0.56	0	0	0.38
58000	0.38	0.56	0.56	0	0	0.38
58100	0.38	0.56	0.56	0	0	0.38
58200	0.38	0.54	0.54	0	0	0.38
58300	0.38	0.54	0.54	0	0	0.38
58400	0.38	0.54	0.54	0	0	0.38
58500	0.38	0.54	0.54	0	0	0.38
58600	0.38	0.54	0.54	0	0	0.38
58700	0.38	0.54	0.54	0	0	0.38
58800	0.38	0.54	0.54	0	0	0.38
58900	0.38	0.54	0.54	0	0	0.38
59000	0.38	0.54	0.54	0	0	0.38
59100	0.38	0.54	0.54	0	0	0.38
59200	0.38	0.54	0.54	0	0	0.38
59300	0.38	0.56	0.56	0	0	0.38
59400	0.38	0.56	0.56	0	0	0.38
59500	0.38	0.56	0.56	0	0	0.38
59600	0.38	0.56	0.56	0	0	0.38
59700	0.38	0.56	0.56	0	0	0.38
59800	0.38	0.56	0.56	0	0	0.38
59900	0.38	0.56	0.56	0	0	0.38
60000	0.38	0.56	0.56	0	0	0.38
60100	0.38	0.54	0.54	0	0	0.38
60200	0.38	0.54	0.54	0	0	0.38
60300	0.38	0.54	0.54	0	0	0.38
60400	0.38	0.54	0.54	0	0	0.38
60500	0.38	0.52	0.52	0	0	0.38
60600	0.4	0.52	0.52	0	0	0.4
60700	0.4	0.52	0.52	0	0	0.4
60800	0.4	0.52	0.52	0	0	0.4
60900	0.4	0.52	0.52	0	0	0.4
61000	0.4	0.48	0.48	0	0	0.4
61100	0.4	0.48	0.48	0	0	0.4
61200	0.4	0.48	0.48	0	0	0.4
61300	0.38	0.48	0.48	0	0	0.38
61400	0.38	0.48	0.48	0	0	0.38
61500	0.38	0.48	0.48	0	0	0.38
61600	0.38	0.48	0.48	0	0	0.38
61700	0.38	0.48	0.48	0	0	0.38
61800	0.38	0.48	0.48	0	0	0.38
61900	0.38	0.48	0.48	0	0	0.38
62000	0.38	0.48	0.48	0	0	0.38
62100	0.38	0.48	0.48	0	0	0.38
62200	0.4	0.48	0.48	0	0	0.4
62300	0.4	0.48	0.48	0	0	0.4
62400	0.4	0.48	0.48	0	0	0.4
62500	0.4	0.48	0.48	0	0	0.4
62600	0.4	0.48	0.48	0	0	0.4
62700	0.4	0.48	0.48	0	0	0.4
62800	0.4	0.46	0.46	0	0	0.4
62900	0.4	0.46	0.46	0	0	0.4
63000	0.4	0.46	0.46	0	0	0.4
63100	0.4	0.46	0.46	0	0	0.4
63200	0.4	0.46	0.46	0	0	0.4
63300	0.4	0.44	0.44	0	0	0.4
63400	0.4	0.44	0.44	0	0	0.4
63500	0.4	0.44	0.44	0	0	0.4
63600	0.4	0.44	0.44	0	0	0.4
63700	0.4	0.44	0.44	0	0	0.4
63800	0.4	0.44	0.44	0	0	0.4
63900	0.4	0.44	0.44	0	0	0.4
64000	0.4	0.44	0.44	0	0	0.4
64100	0.4	0.44	0.44	0	0	0.4
64200	0.4	0.44	0.44	0	0	0.4
64300	0.42	0.44	0.44	0	0	0.42
64400	0.42	0.44	0.44	0	0	0.42
64500	0.42	0.44	0.44	0	0	0.42
64600	0.42	0.44	0.44	0	0	0.42
64700	0.42	0.44	0.44	0	0	0.42
64800	0.42	0.44	0.44	0	0	0.42
64900	0.42	0.44	0.44	0	0	0.42
65000	0.42	0.44	0.44	0	0	0.42
65100	0.42	0.44	0.44	0	0	0.42
65200	0.42	0.44	0.44	0	0	0.42
65300	0.42	0.44	0.44	0	0	0.42
65400	0.42	0.44	0.44	0	0	0.42
65500	0.42	0.44	0.44	0	0	0.42
65600	0.42	0.44	0.44	0	0	0.42
65700	0.42	0.44	0.44	0	0	0.42
65800	0.42	0.44	0.44	0	0	0.42
65900	0.42	0.44	0.44	0	0	0.42
66000	0.42	0.44	0.44	0	0	0.42
66100	0.42	0.44	0.44	0	0	0.42
66200	0.42	0.44	0.44	0	0	0.42
66300	0.42	0.44	0.44	0	0	0.42
66400	0.42	0.44	0.44	0	0	0.42
66500	0.42	0.44	0.44	0	0	0.42
66600	0.42	0.44	0.44	0	0	0.42
66700	0.42	0.44	0.44	0	0	0.42
66800	0.42	0.44	0.44	0	0	0.42
66900	0.42	0.44	0.44	0	0	0.42
67000	0.42	0.44	0.44	0	0	0.42
67100	0.42	0.44	0.44	0	0	0.42
67200	0.42	0.44	0.44	0	0	0.42
67300	0.42	0.44	0.44	0	0	0.42
67400	0.44	0.44	0.44	0	0	0.44
67500	0.44	0.44	0.44	0	0	0.44
67600	0.44	0.44	0.44	0	0	0.44
67700	0.44	0.44	0.44	0	0	0.44
67800	0.44	0.44	0.44	0	0	0.44
67900	0.44	0.44	0.44	0	0	0.44
68000	0.44	0.44	0.44	0	0	0.44
68100	0.44	0.44	0.44	0	0	0.44
68200	0.44	0.46	0.46	0	0	0.44
68300	0.44	0.46	0.46	0	0	0.44
68400	0.44	0.48	0.48	0	0	0.44
68500	0.42	0.48	0.48	0	0	0.42
68600	0.42	0.48	0.48	0	0	0.42
68700	0.42	0.48	0.48	0	0	0.42
68800	0.42	0.48	0.48	0	0	0.42
68900	0.42	0.48	0.48	0	0	0.42
69000	0.42	0.48	0.48	0	0	0.42
69100	0.42	0.48	0.48	0	0	0.42
69200	0.42	0.48	0.48	0	0	0.42
69300	0.42	0.48	0.48	0	0	0.42
69400	0.42	0.46	0.46	0	0	0.42
69500	0.42	0.46	0.46	0	0	0.42
69600	0.42	0.46	0.46	0	0	0.42
69700	0.42	0.46	0.46	0	0	0.42
69800	0.42	0.46	0.46	0	0	0.42
69900	0.42	0.46	0.46	0	0	0.42
70000	0.4	0.46	0.46	0	0	0.4
70100	0.4	0.46	0.46	0	0	0.4
70200	0.4	0.46	0.46	0	0	0.4
70300	0.4	0.46	0.46	0	0	0.4
70400	0.4	0.46	0.46	0	0	0.4
70500	0.38	0.46	0.46	0	0	0.38
70600	0.38	0.46	0.46	0	0	0.38
70700	0.38	0.46	0.46	0	0	0.38
70800	0.38	0.46	0.46	0	0	0.38
70900	0.38	0.46	0.46	0	0	0.38
71000	0.38	0.46	0.46	0	0	0.38
71100	0.38	0.46	0.46	0	0	0.38
71200	0.38	0.48	0.48	0	0	0.38
71300	0.38	0.46	0.46	0	0	0.38
71400	0.38	0.46	0.46	0	0	0.38
71500	0.38	0.46	0.46	0	0	0.38
71600	0.38	0.46	0.46	0	0	0.38
71700	0.38	0.46	0.46	0	0	0.38
71800	0.38	0.46	0.46	0	0	0.38
71900	0.38	0.46	0.46	0	0	0.38
72000	0.38	0.46	0.46	0	0	0.38
72100	0.38	0.46	0.46	0	0	0.38
72200	0.38	0.46	0.46	0	0	0.38
72300	0.38	0.46	0.46	0	0	0.38
72400	0.38	0.46	0.46	0	0	0.38
72500	0.38	0.46	0.46	0	0	0.38
72600	0.38	0.46	0.46	0	0	0.38
72700	0.38	0.46	0.46	0	0	0.38
72800	0.38	0.46	0.46	0	0	0.38
72900	0.38	0.46	0.46	0	0	0.38
73000	0.38	0.46	0.46	0	0	0.38
73100	0.38	0.46	0.46	0	0	0.38
73200	0.38	0.46	0.46	0	0	0.38
73300	0.38	0.46	0.46	0	0	0.38
73400	0.38	0.46	0.46	0	0	0.38
73500	0.38	0.46	0.46	0	0	0.38
73600	0.38	0.46	0.46	0	0	0.38
73700	0.38	0.46	0.46	0	0	0.38
73800	0.38	0.46	0.46	0	0	0.38
73900	0.38	0.46	0.46	0	0	0.38
74000	0.38	0.46	0.46	0	0	0.38
74100	0.38	0.46	0.46	0	0	0.38
74200	0.38	0.46	0.46	0	0	0.38
74300	0.38	0.46	0.46	0	0	0.38
74400	0.38	0.46	0.46	0	0	0.38
74500	0.38	0.46	0.46	0	0	0.38
74600	0.38	0.46	0.46	0	0	0.38
74700	0.38	0.46	0.46	0	0	0.38
74800	0.38	0.46	0.46	0	0	0.38
74900	0.38	0.46	0.46	0	0	0.38
75000	0.38	0.46	0.46	0	0	0.38
75100	0.38	0.46	0.46	0	0	0.38
75200	0.38	0.46	0.46	0	0	0.38
75300	0.38	0.46	0.46	0	0	0.38
75400	0.38	0.46	0.46	0	0	0.38
75500	0.38	0.46	0.46	0	0	0.38
75600	0.38	0.46	0.46	0	0	0.38
75700	0.38	0.46	0.46	0	0	0.38
75800	0.4	0.46	0.46	0	0	0.4
75900	0.4	0.46	0.46	0	0	0.4
76000	0.4	0.46	0.46	0	0	0.4
76100	0.4	0.46	0.46	0	0	0.4
76200	0.4	0.46	0.46	0	0	0.4
76300	0.4	0.46	0.46	0	0	0.4
76400	0.4	0.46	0.46	0	0	0.4
76500	0.38	0.46	0.46	0	0	0.38
76600	0.38	0.46	0.46	0	0	0.38
76700	0.38	0.46	0.46	0	0	0.38
76800	0.38	0.46	0.46	0	0	0.38
76900	0.38	0.46	0.46	0	0	0.38
77000	0.38	0.46	0.46	0	0	0.38
77100	0.38	0.46	0.46	0	0	0.38
77200	0.36	0.48	0.48	0	0	0.36
77300	0.36	0.48	0.48	0	0	0.36
77400	0.36	0.48	0.48	0	0	0.36
77500	0.36	0.48	0.48	0	0	0.36
77600	0.36	0.48	0.48	0	0	0.36
77700	0.36	0.48	0.48	0	0	0.36
77800	0.36	0.48	0.48	0	0	0.36
77900	0.36	0.48	0.48	0	0	0.36
78000	0.38	0.48	0.48	0	0	0.38
78100	0.38	0.48	0.48	0	0	0.38
78200	0.38	0.48	0.48	0	0	0.38
78300	0.38	0.48	0.48	0	0	0.38
78400	0.38	0.48	0.48	0	0	0.38
78500	0.38	0.48	0.48	0	0	0.38
78600	0.38	0.48	0.48	0	0	0.38
78700	0.4	0.48	0.48	0	0	0.4
78800	0.4	0.48	0.48	0	0	0.4
78900	0.4	0.48	0.48	0	0	0.4
79000	0.4	0.48	0.48	0	0	0.4
79100	0.4	0.48	0.48	0	0	0.4
79200	0.4	0.48	0.48	0	0	0.4
79300	0.4	0.48	0.48	0	0	0.4
79400	0.4	0.48	0.48	0	0	0.4
79500	0.4	0.48	0.48	0	0	0.4
79600	0.4	0.48	0.48	0	0	0.4
79700	0.4	0.48	0.48	0	0	0.4
79800	0.38	0.48	0.48	0	0	0.38
79900	0.38	0.48	0.48	0	0	0.38
80000	0.38	0.48	0.48	0	0	0.38
80100	0.38	0.48	0.48	0	0	0.38
80200	0.38	0.48	0.48	0	0	0.38
80300	0.38	0.48	0.48	0	0	0.38
80400	0.38	0.48	0.48	0	0	0.38
80500	0.38	0.48	0.48	0	0	0.38
80600	0.4	0.5	0.5	0	0	0.4
80700	0.4	0.5	0.5	0	0	0.4
80800	0.4	0.5	0.5	0	0	0.4
80900	0.4	0.5	0.5	0	0	0.4
81000	0.4	0.5	0.5	0	0	0.4
81100	0.4	0.5	0.5	0	0	0.4
81200	0.4	0.5	0.5	0	0	0.4
81300	0.4	0.5	0.5	0	0	0.4
81400	0.4	0.5	0.5	0	0	0.4
81500	0.4	0.5	0.5	0	0	0.4
81600	0.4	0.5	0.5	0	0	0.4
81700	0.4	0.5	0.5	0	0	0.4
81800	0.4	0.5	0.5	0	0	0.4
81900	0.38	0.5	0.5	0	0	0.38
82000	0.38	0.5	0.5	0	0	0.38
82100	0.38	0.5	0.5	0	0	0.38
82200	0.38	0.5	0.5	0	0	0.38
82300	0.38	0.5	0.5	0	0	0.38
82400	0.4	0.5	0.5	0	0	0.4
82500	0.4	0.5	0.5	0	0	0.4
82600	0.4	0.5	0.5	0	0	0.4
82700	0.42	0.5	0.5	0	0	0.42
82800	0.42	0.5	0.5	0	0	0.42
82900	0.42	0.5	0.5	0	0	0.42
83000	0.42	0.5	0.5	0	0	0.42
83100	0.42	0.5	0.5	0	0	0.42
83200	0.42	0.5	0.5	0	0	0.42
83300	0.42	0.52	0.52	0	0	0.42
83400	0.42	0.52	0.52	0	0	0.42
83500	0.42	0.52	0.52	0	0	0.42
83600	0.4	0.52	0.52	0	0	0.4
83700	0.38	0.52	0.52	0	0	0.38
83800	0.38	0.52	0.52	0	0	0.38
83900	0.38	0.52	0.52	0	0	0.38
84000	0.38	0.52	0.52	0	0	0.38
84100	0.38	0.5	0.5	0	0	0.38
84200	0.38	0.5	0.5	0	0	0.38
84300	0.38	0.5	0.5	0	0	0.38
84400	0.38	0.5	0.5	0	0	0.38
84500	0.38	0.5	0.5	0	0	0.38
84600	0.38	0.5	0.5	0	0	0.38
84700	0.38	0.5	0.5	0	0	0.38
84800	0.38	0.5	0.5	0	0	0.38
84900	0.38	0.5	0.5	0	0	0.38
85000	0.38	0.5	0.5	0	0	0.38
85100	0.38	0.5	0.5	0	0	0.38
85200	0.38	0.5	0.5	0	0	0.38
85300	0.38	0.5	0.5	0	0	0.38
85400	0.38	0.5	0.5	0	0	0.38
85500	0.38	0.5	0.5	0	0	0.38
85600	0.38	0.5	0.5	0	0	0.38
85700	0.36	0.5	0.5	0	0	0.36
85800	0.36	0.5	0.5	0	0	0.36
85900	0.36	0.5	0.5	0	0	0.36
86000	0.36	0.5	0.5	0	0	0.36
86100	0.36	0.5	0.5	0	0	0.36
86200	0.36	0.5	0.5	0	0	0.36
86300	0.36	0.52	0.52	0	0	0.36
86400	0.36	0.52	0.52	0	0	0.36
86500	0.36	0.52	0.52	0	0	0.36
86600	0.36	0.52	0.52	0	0	0.36
86700	0.36	0.52	0.52	0	0	0.36
86800	0.36	0.52	0.52	0	0	0.36
86900	0.36	0.5	0.5	0	0	0.36
87000	0.36	0.48	0.48	0	0	0.36
87100	0.36	0.48	0.48	0	0	0.36
87200	0.36	0.48	0.48	0	0	0.36
87300	0.36	0.48	0.48	0	0	0.36
87400	0.36	0.48	0.48	0	0	0.36
87500	0.36	0.48	0.48	0	0	0.36
87600	0.36	0.48	0.48	0	0	0.36
87700	0.36	0.48	0.48	0	0	0.36
87800	0.36	0.48	0.48	0	0	0.36
87900	0.36	0.48	0.48	0	0	0.36
88000	0.36	0.48	0.48	0	0	0.36
88100	0.36	0.48	0.48	0	0	0.36
88200	0.36	0.48	0.48	0	0	0.36
88300	0.36	0.48	0.48	0	0	0.36
88400	0.36	0.48	0.48	0	0	0.36
88500	0.36	0.48	0.48	0	0	0.36
88600	0.38	0.46	0.46	0	0	0.38
88700	0.38	0.46	0.46	0	0	0.38
88800	0.38	0.46	0.46	0	0	0.38
88900	0.38	0.46	0.46	0	0	0.38
89000	0.38	0.46	0.46	0	0	0.38
89100	0.38	0.46	0.46	0	0	0.38
89200	0.38	0.48	0.48	0	0	0.38
89300	0.38	0.48	0.48	0	0	0.38
89400	0.38	0.48	0.48	0	0	0.38
89500	0.38	0.48	0.48	0	0	0.38
89600	0.38	0.48	0.48	0	0	0.38
89700	0.38	0.48	0.48	0	0	0.38
89800	0.38	0.48	0.48	0	0	0.38
89900	0.38	0.48	0.48	0	0	0.38
90000	0.38	0.48	0.48	0	0	0.38
90100	0.38	0.48	0.48	0	0	0.38
90200	0.38	0.48	0.48	0	0	0.38
90300	0.38	0.48	0.48	0	0	0.38
90400	0.38	0.48	0.48	0	0	0.38
90500	0.38	0.48	0.48	0	0	0.38
90600	0.38	0.48	0.48	0	0	0.38
90700	0.38	0.48	0.48	0	0	0.38
90800	0.38	0.48	0.48	0	0	0.38
90900	0.38	0.48	0.48	0	0	0.38
91000	0.38	0.48	0.48	0	0	0.38
91100	0.38	0.48	0.48	0	0	0.38
91200	0.36	0.48	0.48	0	0	0.36
91300	0.36	0.48	0.48	0	0	0.36
91400	0.36	0.5	0.5	0	0	0.36
91500	0.36	0.52	0.52	0	0	0.36
91600	0.36	0.52	0.52	0	0	0.36
91700	0.36	0.52	0.52	0	0	0.36
91800	0.36	0.52	0.52	0	0	0.36
91900	0.36	0.52	0.52	0	0	0.36
92000	0.36	0.52	0.52	0	0	0.36
92100	0.36	0.52	0.52	0	0	0.36
92200	0.34	0.52	0.52	0	0	0.34
92300	0.34	0.52	0.52	0	0	0.34
92400	0.34	0.52	0.52	0	0	0.34
92500	0.34	0.52	0.52	0	0	0.34
92600	0.34	0.52	0.52	0	0	0.34
92700	0.34	0.52	0.52	0	0	0.34
92800	0.34	0.52	0.52	0	0	0.34
92900	0.36	0.52	0.52	0	0	0.36
93000	0.36	0.52	0.52	0	0	0.36
93100	0.38	0.52	0.52	0	0	0.38
93200	0.36	0.52	0.52	0	0	0.36
93300	0.36	0.52	0.52	0	0	0.36
93400	0.36	0.52	0.52	0	0	0.36
93500	0.36	0.54	0.54	0	0	0.36
93600	0.36	0.54	0.54	0	0	0.36
93700	0.36	0.54	0.54	0	0	0.36
93800	0.36	0.54	0.54	0	0	0.36
93900	0.38	0.54	0.54	0	0	0.38
94000	0.38	0.54	0.54	0	0	0.38
94100	0.38	0.54	0.54	0	0	0.38
94200	0.38	0.54	0.54	0	0	0.38
94300	0.38	0.54	0.54	0	0	0.38
94400	0.38	0.54	0.54	0	0	0.38
94500	0.38	0.54	0.54	0	0	0.38
94600	0.38	0.54	0.54	0	0	0.38
94700	0.38	0.54	0.54	0	0	0.38
94800	0.38	0.54	0.54	0	0	0.38
94900	0.38	0.54	0.54	0	0	0.38
95000	0.38	0.54	0.54	0	0	0.38
95100	0.38	0.54	0.54	0	0	0.38
95200	0.38	0.54	0.54	0	0	0.38
95300	0.38	0.54	0.54	0	0	0.38
95400	0.38	0.52	0.52	0	0	0.38
95500	0.38	0.52	0.52	0	0	0.38
95600	0.38	0.52	0.52	0	0	0.38
95700	0.38	0.52	0.52	0	0	0.38
95800	0.38	0.52	0.52	0	0	0.38
95900	0.38	0.52	0.52	0	0	0.38
96000	0.38	0.52	0.52	0	0	0.38
96100	0.38	0.52	0.52	0	0	0.38
96200	0.38	0.52	0.52	0	0	0.38
96300	0.38	0.52	0.52	0	0	0.38
96400	0.38	0.52	0.52	0	0	0.38
96500	0.36	0.52	0.52	0	0	0.36
96600	0.34	0.52	0.52	0	0	0.34
96700	0.34	0.52	0.52	0	0	0.34
96800	0.34	0.52	0.52	0	0	0.34
96900	0.34	0.52	0.52	0	0	0.34
97000	0.34	0.52	0.52	0	0	0.34
97100	0.34	0.52	0.52	0	0	0.34
97200	0.34	0.52	0.52	0	0	0.34
97300	0.34	0.52	0.52	0	0	0.34
97400	0.36	0.52	0.52	0	0	0.36
97500	0.36	0.5	0.5	0	0	0.36
97600	0.36	0.5	0.5	0	0	0.36
97700	0.36	0.5	0.5	0	0	0.36
97800	0.36	0.5	0.5	0	0	0.36
97900	0.36	0.5	0.5	0	0	0.36
98000	0.36	0.5	0.5	0	0	0.36
98100	0.36	0.5	0.5	0	0	0.36
98200	0.36	0.5	0.5	0	0	0.36
98300	0.36	0.5	0.5	0	0	0.36
98400	0.36	0.5	0.5	0	0	0.36
98500	0.38	0.5	0.5	0	0	0.38
98600	0.38	0.5	0.5	0	0	0.38
98700	0.38	0.5	0.5	0	0	0.38
98800	0.38	0.5	0.5	0	0	0.38
98900	0.38	0.5	0.5	0	0	0.38
99000	0.4	0.5	0.5	0	0	0.4
99100	0.4	0.5	0.5	0	0	0.4
99200	0.4	0.5	0.5	0	0	0.4
99300	0.4	0.5	0.5	0	0	0.4
99400	0.4	0.5	0.5	0	0	0.4
99500	0.42	0.5	0.5	0	0	0.42
99600	0.4	0.5	0.5	0	0	0.4
99700	0.4	0.5	0.5	0	0	0.4
99800	0.4	0.5	0.5	0	0	0.4
99900	0.4	0.5	0.5	0	0	0.4
100000	0.4	0.5	0.5	0	0	0.4
