100	0.04	0.16	0.16	0	0	0.04
200	0.04	0.14	0.14	0	0	0.04
300	0.06	0.18	0.18	0	0	0.06
400	0.06	0.18	0.18	0	0	0.06
500	0.06	0.18	0.18	0	0	0.06
600	0.06	0.18	0.18	0	0	0.06
700	0.06	0.18	0.18	0	0	0.06
800	0.06	0.2	0.2	0	0	0.06
900	0.06	0.24	0.24	0	0	0.06
1000	0.06	0.24	0.24	0	0	0.06
1100	0.08	0.24	0.24	0	0	0.08
1200	0.08	0.3	0.3	0	0	0.08
1300	0.08	0.3	0.3	0	0	0.08
1400	0.08	0.3	0.3	0	0	0.08
1500	0.08	0.32	0.32	0	0	0.08
1600	0.08	0.32	0.32	0	0	0.08
1700	0.1	0.34	0.34	0	0	0.1
1800	0.08	0.36	0.36	0	0	0.08
1900	0.1	0.38	0.38	0	0	0.1
2000	0.1	0.38	0.38	0	0	0.1
2100	0.1	0.4	0.4	0	0	0.1
2200	0.12	0.38	0.38	0	0	0.12
2300	0.12	0.38	0.38	0	0	0.12
2400	0.12	0.38	0.38	0	0	0.12
2500	0.14	0.4	0.4	0	0	0.14
2600	0.16	0.42	0.42	0	0	0.16
2700	0.18	0.44	0.44	0	0	0.18
2800	0.16	0.48	0.48	0	0	0.16
2900	0.16	0.5	0.5	0	0	0.16
3000	0.16	0.5	0.5	0	0	0.16
3100	0.16	0.48	0.48	0	0	0.16
3200	0.16	0.48	0.48	0	0	0.16
3300	0.18	0.48	0.48	0	0	0.18
3400	0.18	0.48	0.48	0	0	0.18
3500	0.18	0.48	0.48	0	0	0.18
3600	0.18	0.46	0.46	0	0	0.18
3700	0.18	0.48	0.48	0	0	0.18
3800	0.2	0.48	0.48	0	0	0.2
3900	0.22	0.44	0.44	0	0	0.22
4000	0.22	0.44	0.44	0	0	0.22
4100	0.22	0.44	0.44	0	0	0.22
4200	0.22	0.44	0.44	0	0	0.22
4300	0.22	0.44	0.44	0	0	0.22
4400	0.22	0.44	0.44	0	0	0.22
4500	0.22	0.44	0.44	0	0	0.22
4600	0.22	0.44	0.44	0	0	0.22
4700	0.22	0.44	0.44	0	0	0.22
4800	0.22	0.44	0.44	0	0	0.22
4900	0.24	0.44	0.44	0	0	0.24
5000	0.24	0.44	0.44	0	0	0.24
5100	0.22	0.44	0.44	0	0	0.22
5200	0.22	0.44	0.44	0	0	0.22
5300	0.22	0.44	0.44	0	0	0.22
5400	0.22	0.46	0.46	0	0	0.22
5500	0.22	0.46	0.46	0	0	0.22
5600	0.22	0.46	0.46	0	0	0.22
5700	0.22	0.46	0.46	0	0	0.22
5800	0.22	0.46	0.46	0	0	0.22
5900	0.22	0.46	0.46	0	0	0.22
6000	0.22	0.44	0.44	0	0	0.22
6100	0.22	0.44	0.44	0	0	0.22
6200	0.22	0.44	0.44	0	0	0.22
6300	0.22	0.44	0.44	0	0	0.22
6400	0.22	0.44	0.44	0	0	0.22
6500	0.22	0.44	0.44	0	0	0.22
6600	0.22	0.44	0.44	0	0	0.22
6700	0.22	0.44	0.44	0	0	0.22
6800	0.24	0.44	0.44	0	0	0.24
6900	0.24	0.42	0.42	0	0	0.24
7000	0.24	0.44	0.44	0	0	0.24
7100	0.24	0.44	0.44	0	0	0.24
7200	0.24	0.48	0.48	0	0	0.24
7300	0.24	0.48	0.48	0	0	0.24
7400	0.24	0.48	0.48	0	0	0.24
7500	0.24	0.48	0.48	0	0	0.24
7600	0.26	0.48	0.48	0	0	0.26
7700	0.26	0.46	0.46	0	0	0.26
7800	0.26	0.46	0.46	0	0	0.26
7900	0.26	0.46	0.46	0	0	0.26
8000	0.26	0.46	0.46	0	0	0.26
8100	0.26	0.48	0.48	0	0	0.26
8200	0.26	0.48	0.48	0	0	0.26
8300	0.26	0.48	0.48	0	0	0.26
8400	0.26	0.48	0.48	0	0	0.26
8500	0.26	0.48	0.48	0	0	0.26
8600	0.26	0.46	0.46	0	0	0.26
8700	0.28	0.44	0.44	0	0	0.28
8800	0.26	0.44	0.44	0	0	0.26
8900	0.26	0.44	0.44	0	0	0.26
9000	0.26	0.46	0.46	0	0	0.26
9100	0.26	0.48	0.48	0	0	0.26
9200	0.26	0.48	0.48	0	0	0.26
9300	0.26	0.48	0.48	0	0	0.26
9400	0.26	0.48	0.48	0	0	0.26
9500	0.28	0.48	0.48	0	0	0.28
9600	0.28	0.48	0.48	0	0	0.28
9700	0.28	0.48	0.48	0	0	0.28
9800	0.28	0.48	0.48	0	0	0.28
9900	0.28	0.48	0.48	0	0	0.28
10000	0.28	0.48	0.48	0	0	0.28
10100	0.28	0.5	0.5	0	0	0.28
10200	0.28	0.5	0.5	0	0	0.28
10300	0.28	0.5	0.5	0	0	0.28
10400	0.28	0.5	0.5	0	0	0.28
10500	0.28	0.5	0.5	0	0	0.28
10600	0.28	0.5	0.5	0	0	0.28
10700	0.28	0.52	0.52	0	0	0.28
10800	0.28	0.52	0.52	0	0	0.28
10900	0.28	0.52	0.52	0	0	0.28
11000	0.28	0.52	0.52	0	0	0.28
11100	0.28	0.52	0.52	0	0	0.28
11200	0.28	0.52	0.52	0	0	0.28
11300	0.28	0.52	0.52	0	0	0.28
11400	0.28	0.52	0.52	0	0	0.28
11500	0.28	0.54	0.54	0	0	0.28
11600	0.3	0.52	0.52	0	0	0.3
11700	0.3	0.5	0.5	0	0	0.3
11800	0.32	0.5	0.5	0	0	0.32
11900	0.32	0.5	0.5	0	0	0.32
12000	0.34	0.5	0.5	0	0	0.34
12100	0.34	0.5	0.5	0	0	0.34
12200	0.34	0.5	0.5	0	0	0.34
12300	0.34	0.5	0.5	0	0	0.34
12400	0.34	0.5	0.5	0	0	0.34
12500	0.34	0.48	0.48	0	0	0.34
12600	0.34	0.48	0.48	0	0	0.34
12700	0.34	0.48	0.48	0	0	0.34
12800	0.34	0.5	0.5	0	0	0.34
12900	0.34	0.5	0.5	0	0	0.34
13000	0.34	0.5	0.5	0	0	0.34
13100	0.34	0.5	0.5	0	0	0.34
13200	0.34	0.5	0.5	0	0	0.34
13300	0.34	0.5	0.5	0	0	0.34
13400	0.34	0.5	0.5	0	0	0.34
13500	0.34	0.5	0.5	0	0	0.34
13600	0.34	0.5	0.5	0	0	0.34
13700	0.34	0.52	0.52	0	0	0.34
13800	0.34	0.52	0.52	0	0	0.34
13900	0.34	0.52	0.52	0	0	0.34
14000	0.34	0.52	0.52	0	0	0.34
14100	0.34	0.52	0.52	0	0	0.34
14200	0.34	0.52	0.52	0	0	0.34
14300	0.34	0.54	0.54	0	0	0.34
14400	0.34	0.52	0.52	0	0	0.34
14500	0.34	0.52	0.52	0	0	0.34
14600	0.34	0.52	0.52	0	0	0.34
14700	0.34	0.52	0.52	0	0	0.34
14800	0.34	0.52	0.52	0	0	0.34
14900	0.34	0.52	0.52	0	0	0.34
15000	0.34	0.52	0.52	0	0	0.34
15100	0.34	0.52	0.52	0	0	0.34
15200	0.34	0.52	0.52	0	0	0.34
15300	0.34	0.52	0.52	0	0	0.34
15400	0.34	0.52	0.52	0	0	0.34
15500	0.34	0.52	0.52	0	0	0.34
15600	0.34	0.52	0.52	0	0	0.34
15700	0.34	0.52	0.52	0	0	0.34
15800	0.34	0.52	0.52	0	0	0.34
15900	0.34	0.54	0.54	0	0	0.34
16000	0.34	0.52	0.52	0	0	0.34
16100	0.34	0.52	0.52	0	0	0.34
16200	0.34	0.52	0.52	0	0	0.34
16300	0.34	0.54	0.54	0	0	0.34
16400	0.34	0.52	0.52	0	0	0.34
16500	0.34	0.52	0.52	0	0	0.34
16600	0.32	0.5	0.5	0	0	0.32
16700	0.32	0.52	0.52	0	0	0.32
16800	0.32	0.52	0.52	0	0	0.32
16900	0.32	0.52	0.52	0	0	0.32
17000	0.32	0.52	0.52	0	0	0.32
17100	0.32	0.52	0.52	0	0	0.32
17200	0.32	0.52	0.52	0	0	0.32
17300	0.32	0.52	0.52	0	0	0.32
17400	0.32	0.52	0.52	0	0	0.32
17500	0.32	0.52	0.52	0	0	0.32
17600	0.32	0.52	0.52	0	0	0.32
17700	0.32	0.52	0.52	0	0	0.32
17800	0.32	0.52	0.52	0	0	0.32
17900	0.34	0.52	0.52	0	0	0.34
18000	0.32	0.52	0.52	0	0	0.32
18100	0.32	0.52	0.52	0	0	0.32
18200	0.32	0.52	0.52	0	0	0.32
18300	0.32	0.52	0.52	0	0	0.32
18400	0.32	0.52	0.52	0	0	0.32
18500	0.32	0.52	0.52	0	0	0.32
18600	0.32	0.52	0.52	0	0	0.32
18700	0.32	0.52	0.52	0	0	0.32
18800	0.34	0.52	0.52	0	0	0.34
18900	0.34	0.5	0.5	0	0	0.34
19000	0.34	0.5	0.5	0	0	0.34
19100	0.34	0.5	0.5	0	0	0.34
19200	0.34	0.5	0.5	0	0	0.34
19300	0.34	0.5	0.5	0	0	0.34
19400	0.34	0.5	0.5	0	0	0.34
19500	0.34	0.5	0.5	0	0	0.34
19600	0.34	0.5	0.5	0	0	0.34
19700	0.34	0.48	0.48	0	0	0.34
19800	0.34	0.48	0.48	0	0	0.34
19900	0.34	0.48	0.48	0	0	0.34
20000	0.34	0.48	0.48	0	0	0.34
20100	0.34	0.48	0.48	0	0	0.34
20200	0.36	0.48	0.48	0	0	0.36
20300	0.36	0.5	0.5	0	0	0.36
20400	0.34	0.48	0.48	0	0	0.34
20500	0.34	0.48	0.48	0	0	0.34
20600	0.34	0.48	0.48	0	0	0.34
20700	0.34	0.48	0.48	0	0	0.34
20800	0.34	0.48	0.48	0	0	0.34
20900	0.34	0.48	0.48	0	0	0.34
21000	0.34	0.48	0.48	0	0	0.34
21100	0.34	0.46	0.46	0	0	0.34
21200	0.34	0.46	0.46	0	0	0.34
21300	0.34	0.46	0.46	0	0	0.34
21400	0.36	0.46	0.46	0	0	0.36
21500	0.36	0.46	0.46	0	0	0.36
21600	0.36	0.46	0.46	0	0	0.36
21700	0.36	0.46	0.46	0	0	0.36
21800	0.36	0.46	0.46	0	0	0.36
21900	0.36	0.46	0.46	0	0	0.36
22000	0.36	0.48	0.48	0	0	0.36
22100	0.36	0.48	0.48	0	0	0.36
22200	0.36	0.48	0.48	0	0	0.36
22300	0.36	0.48	0.48	0	0	0.36
22400	0.36	0.5	0.5	0	0	0.36
22500	0.36	0.48	0.48	0	0	0.36
22600	0.36	0.48	0.48	0	0	0.36
22700	0.36	0.48	0.48	0	0	0.36
22800	0.36	0.48	0.48	0	0	0.36
22900	0.36	0.48	0.48	0	0	0.36
23000	0.34	0.48	0.48	0	0	0.34
23100	0.34	0.48	0.48	0	0	0.34
23200	0.34	0.48	0.48	0	0	0.34
23300	0.34	0.48	0.48	0	0	0.34
23400	0.34	0.48	0.48	0	0	0.34
23500	0.34	0.48	0.48	0	0	0.34
23600	0.34	0.48	0.48	0	0	0.34
23700	0.34	0.48	0.48	0	0	0.34
23800	0.34	0.48	0.48	0	0	0.34
23900	0.36	0.48	0.48	0	0	0.36
24000	0.36	0.48	0.48	0	0	0.36
24100	0.36	0.48	0.48	0	0	0.36
24200	0.36	0.48	0.48	0	0	0.36
24300	0.36	0.5	0.5	0	0	0.36
24400	0.34	0.5	0.5	0	0	0.34
24500	0.34	0.5	0.5	0	0	0.34
24600	0.34	0.5	0.5	0	0	0.34
24700	0.34	0.5	0.5	0	0	0.34
24800	0.34	0.5	0.5	0	0	0.34
24900	0.34	0.5	0.5	0	0	0.34
25000	0.34	0.5	0.5	0	0	0.34
25100	0.36	0.5	0.5	0	0	0.36
25200	0.36	0.5	0.5	0	0	0.36
25300	0.36	0.5	0.5	0	0	0.36
25400	0.36	0.5	0.5	0	0	0.36
25500	0.36	0.5	0.5	0	0	0.36
25600	0.36	0.5	0.5	0	0	0.36
25700	0.36	0.52	0.52	0	0	0.36
25800	0.36	0.5	0.5	0	0	0.36
25900	0.36	0.5	0.5	0	0	0.36
26000	0.36	0.5	0.5	0	0	0.36
26100	0.36	0.5	0.5	0	0	0.36
26200	0.36	0.5	0.5	0	0	0.36
26300	0.36	0.5	0.5	0	0	0.36
26400	0.36	0.5	0.5	0	0	0.36
26500	0.36	0.5	0.5	0	0	0.36
26600	0.36	0.5	0.5	0	0	0.36
26700	0.36	0.5	0.5	0	0	0.36
26800	0.36	0.5	0.5	0	0	0.36
26900	0.36	0.5	0.5	0	0	0.36
27000	0.36	0.5	0.5	0	0	0.36
27100	0.36	0.5	0.5	0	0	0.36
27200	0.36	0.5	0.5	0	0	0.36
27300	0.34	0.5	0.5	0	0	0.34
27400	0.34	0.5	0.5	0	0	0.34
27500	0.34	0.5	0.5	0	0	0.34
27600	0.34	0.5	0.5	0	0	0.34
27700	0.34	0.5	0.5	0	0	0.34
27800	0.34	0.52	0.52	0	0	0.34
27900	0.34	0.52	0.52	0	0	0.34
28000	0.34	0.52	0.52	0	0	0.34
28100	0.34	0.52	0.52	0	0	0.34
28200	0.34	0.52	0.52	0	0	0.34
28300	0.34	0.52	0.52	0	0	0.34
28400	0.34	0.52	0.52	0	0	0.34
28500	0.34	0.52	0.52	0	0	0.34
28600	0.34	0.52	0.52	0	0	0.34
28700	0.34	0.52	0.52	0	0	0.34
28800	0.34	0.52	0.52	0	0	0.34
28900	0.34	0.52	0.52	0	0	0.34
29000	0.34	0.52	0.52	0	0	0.34
29100	0.34	0.54	0.54	0	0	0.34
29200	0.34	0.54	0.54	0	0	0.34
29300	0.34	0.54	0.54	0	0	0.34
29400	0.34	0.54	0.54	0	0	0.34
29500	0.34	0.54	0.54	0	0	0.34
29600	0.34	0.54	0.54	0	0	0.34
29700	0.34	0.54	0.54	0	0	0.34
29800	0.34	0.52	0.52	0	0	0.34
29900	0.34	0.52	0.52	0	0	0.34
30000	0.34	0.52	0.52	0	0	0.34
30100	0.34	0.52	0.52	0	0	0.34
30200	0.34	0.52	0.52	0	0	0.34
30300	0.34	0.52	0.52	0	0	0.34
30400	0.34	0.52	0.52	0	0	0.34
30500	0.34	0.52	0.52	0	0	0.34
30600	0.34	0.52	0.52	0	0	0.34
30700	0.34	0.52	0.52	0	0	0.34
30800	0.34	0.52	0.52	0	0	0.34
30900	0.34	0.52	0.52	0	0	0.34
31000	0.34	0.52	0.52	0	0	0.34
31100	0.34	0.52	0.52	0	0	0.34
31200	0.34	0.52	0.52	0	0	0.34
31300	0.34	0.52	0.52	0	0	0.34
31400	0.34	0.52	0.52	0	0	0.34
31500	0.34	0.52	0.52	0	0	0.34
31600	0.34	0.52	0.52	0	0	0.34
31700	0.34	0.52	0.52	0	0	0.34
31800	0.34	0.52	0.52	0	0	0.34
31900	0.34	0.52	0.52	0	0	0.34
32000	0.34	0.52	0.52	0	0	0.34
32100	0.34	0.52	0.52	0	0	0.34
32200	0.34	0.52	0.52	0	0	0.34
32300	0.34	0.52	0.52	0	0	0.34
32400	0.34	0.52	0.52	0	0	0.34
32500	0.34	0.52	0.52	0	0	0.34
32600	0.34	0.52	0.52	0	0	0.34
32700	0.34	0.52	0.52	0	0	0.34
32800	0.34	0.52	0.52	0	0	0.34
32900	0.34	0.52	0.52	0	0	0.34
33000	0.34	0.52	0.52	0	0	0.34
33100	0.34	0.52	0.52	0	0	0.34
33200	0.34	0.52	0.52	0	0	0.34
33300	0.34	0.52	0.52	0	0	0.34
33400	0.34	0.54	0.54	0	0	0.34
33500	0.34	0.54	0.54	0	0	0.34
33600	0.34	0.54	0.54	0	0	0.34
33700	0.34	0.54	0.54	0	0	0.34
33800	0.34	0.54	0.54	0	0	0.34
33900	0.34	0.54	0.54	0	0	0.34
34000	0.34	0.54	0.54	0	0	0.34
34100	0.34	0.54	0.54	0	0	0.34
34200	0.34	0.54	0.54	0	0	0.34
34300	0.34	0.54	0.54	0	0	0.34
34400	0.34	0.56	0.56	0	0	0.34
34500	0.34	0.54	0.54	0	0	0.34
34600	0.34	0.54	0.54	0	0	0.34
34700	0.34	0.54	0.54	0	0	0.34
34800	0.34	0.54	0.54	0	0	0.34
34900	0.34	0.56	0.56	0	0	0.34
35000	0.34	0.56	0.56	0	0	0.34
35100	0.34	0.56	0.56	0	0	0.34
35200	0.34	0.56	0.56	0	0	0.34
35300	0.34	0.54	0.54	0	0	0.34
35400	0.34	0.54	0.54	0	0	0.34
35500	0.34	0.54	0.54	0	0	0.34
35600	0.34	0.54	0.54	0	0	0.34
35700	0.34	0.54	0.54	0	0	0.34
35800	0.34	0.54	0.54	0	0	0.34
35900	0.34	0.54	0.54	0	0	0.34
36000	0.34	0.54	0.54	0	0	0.34
36100	0.34	0.54	0.54	0	0	0.34
36200	0.34	0.54	0.54	0	0	0.34
36300	0.34	0.54	0.54	0	0	0.34
36400	0.34	0.54	0.54	0	0	0.34
36500	0.34	0.54	0.54	0	0	0.34
36600	0.36	0.54	0.54	0	0	0.36
36700	0.36	0.54	0.54	0	0	0.36
36800	0.36	0.54	0.54	0	0	0.36
36900	0.34	0.54	0.54	0	0	0.34
37000	0.34	0.54	0.54	0	0	0.34
37100	0.34	0.54	0.54	0	0	0.34
37200	0.34	0.54	0.54	0	0	0.34
37300	0.34	0.54	0.54	0	0	0.34
37400	0.34	0.54	0.54	0	0	0.34
37500	0.36	0.54	0.54	0	0	0.36
37600	0.36	0.54	0.54	0	0	0.36
37700	0.36	0.54	0.54	0	0	0.36
37800	0.36	0.54	0.54	0	0	0.36
37900	0.36	0.54	0.54	0	0	0.36
38000	0.36	0.54	0.54	0	0	0.36
38100	0.36	0.54	0.54	0	0	0.36
38200	0.36	0.54	0.54	0	0	0.36
38300	0.36	0.54	0.54	0	0	0.36
38400	0.36	0.54	0.54	0	0	0.36
38500	0.36	0.54	0.54	0	0	0.36
38600	0.36	0.54	0.54	0	0	0.36
38700	0.36	0.54	0.54	0	0	0.36
38800	0.36	0.54	0.54	0	0	0.36
38900	0.36	0.54	0.54	0	0	0.36
39000	0.36	0.54	0.54	0	0	0.36
39100	0.36	0.54	0.54	0	0	0.36
39200	0.36	0.56	0.56	0	0	0.36
39300	0.36	0.56	0.56	0	0	0.36
39400	0.36	0.56	0.56	0	0	0.36
39500	0.36	0.56	0.56	0	0	0.36
39600	0.36	0.56	0.56	0	0	0.36
39700	0.36	0.56	0.56	0	0	0.36
39800	0.36	0.56	0.56	0	0	0.36
39900	0.36	0.56	0.56	0	0	0.36
40000	0.36	0.56	0.56	0	0	0.36
40100	0.36	0.56	0.56	0	0	0.36
40200	0.36	0.56	0.56	0	0	0.36
40300	0.36	0.56	0.56	0	0	0.36
40400	0.36	0.54	0.54	0	0	0.36
40500	0.36	0.54	0.54	0	0	0.36
40600	0.36	0.54	0.54	0	0	0.36
40700	0.36	0.54	0.54	0	0	0.36
40800	0.36	0.54	0.54	0	0	0.36
40900	0.36	0.54	0.54	0	0	0.36
41000	0.36	0.54	0.54	0	0	0.36
41100	0.36	0.54	0.54	0	0	0.36
41200	0.36	0.54	0.54	0	0	0.36
41300	0.36	0.56	0.56	0	0	0.36
41400	0.36	0.56	0.56	0	0	0.36
41500	0.36	0.56	0.56	0	0	0.36
41600	0.36	0.58	0.58	0	0	0.36
41700	0.36	0.58	0.58	0	0	0.36
41800	0.36	0.58	0.58	0	0	0.36
41900	0.36	0.58	0.58	0	0	0.36
42000	0.36	0.58	0.58	0	0	0.36
42100	0.36	0.56	0.56	0	0	0.36
42200	0.36	0.56	0.56	0	0	0.36
42300	0.36	0.56	0.56	0	0	0.36
42400	0.36	0.56	0.56	0	0	0.36
42500	0.36	0.56	0.56	0	0	0.36
42600	0.36	0.56	0.56	0	0	0.36
42700	0.36	0.56	0.56	0	0	0.36
42800	0.36	0.56	0.56	0	0	0.36
42900	0.36	0.56	0.56	0	0	0.36
43000	0.36	0.56	0.56	0	0	0.36
43100	0.36	0.56	0.56	0	0	0.36
43200	0.36	0.56	0.56	0	0	0.36
43300	0.36	0.52	0.52	0	0	0.36
43400	0.36	0.52	0.52	0	0	0.36
43500	0.36	0.52	0.52	0	0	0.36
43600	0.36	0.52	0.52	0	0	0.36
43700	0.34	0.52	0.52	0	0	0.34
43800	0.34	0.52	0.52	0	0	0.34
43900	0.34	0.52	0.52	0	0	0.34
44000	0.32	0.52	0.52	0	0	0.32
44100	0.32	0.52	0.52	0	0	0.32
44200	0.32	0.52	0.52	0	0	0.32
44300	0.32	0.52	0.52	0	0	0.32
44400	0.32	0.54	0.54	0	0	0.32
44500	0.32	0.54	0.54	0	0	0.32
44600	0.32	0.54	0.54	0	0	0.32
44700	0.32	0.54	0.54	0	0	0.32
44800	0.32	0.54	0.54	0	0	0.32
44900	0.32	0.56	0.56	0	0	0.32
45000	0.32	0.56	0.56	0	0	0.32
45100	0.32	0.56	0.56	0	0	0.32
45200	0.32	0.56	0.56	0	0	0.32
45300	0.32	0.56	0.56	0	0	0.32
45400	0.32	0.56	0.56	0	0	0.32
45500	0.32	0.54	0.54	0	0	0.32
45600	0.32	0.54	0.54	0	0	0.32
45700	0.32	0.54	0.54	0	0	0.32
45800	0.32	0.56	0.56	0	0	0.32
45900	0.32	0.56	0.56	0	0	0.32
46000	0.34	0.56	0.56	0	0	0.34
46100	0.34	0.56	0.56	0	0	0.34
46200	0.34	0.56	0.56	0	0	0.34
46300	0.34	0.54	0.54	0	0	0.34
46400	0.34	0.54	0.54	0	0	0.34
46500	0.32	0.54	0.54	0	0	0.32
46600	0.32	0.54	0.54	0	0	0.32
46700	0.32	0.54	0.54	0	0	0.32
46800	0.32	0.54	0.54	0	0	0.32
46900	0.32	0.54	0.54	0	0	0.32
47000	0.32	0.54	0.54	0	0	0.32
47100	0.32	0.54	0.54	0	0	0.32
47200	0.32	0.54	0.54	0	0	0.32
47300	0.32	0.54	0.54	0	0	0.32
47400	0.32	0.54	0.54	0	0	0.32
47500	0.3	0.54	0.54	0	0	0.3
47600	0.3	0.54	0.54	0	0	0.3
47700	0.3	0.54	0.54	0	0	0.3
47800	0.3	0.54	0.54	0	0	0.3
47900	0.3	0.54	0.54	0	0	0.3
48000	0.3	0.54	0.54	0	0	0.3
48100	0.3	0.54	0.54	0	0	0.3
48200	0.3	0.54	0.54	0	0	0.3
48300	0.3	0.54	0.54	0	0	0.3
48400	0.32	0.54	0.54	0	0	0.32
48500	0.32	0.54	0.54	0	0	0.32
48600	0.32	0.5	0.5	0	0	0.32
48700	0.32	0.5	0.5	0	0	0.32
48800	0.32	0.5	0.5	0	0	0.32
48900	0.32	0.5	0.5	0	0	0.32
49000	0.32	0.5	0.5	0	0	0.32
49100	0.34	0.5	0.5	0	0	0.34
49200	0.34	0.5	0.5	0	0	0.34
49300	0.34	0.5	0.5	0	0	0.34
49400	0.34	0.5	0.5	0	0	0.34
49500	0.34	0.5	0.5	0	0	0.34
49600	0.34	0.5	0.5	0	0	0.34
49700	0.34	0.5	0.5	0	0	0.34
49800	0.34	0.5	0.5	0	0	0.34
49900	0.34	0.5	0.5	0	0	0.34
50000	0.34	0.5	0.5	0	0	0.34
50100	0.34	0.52	0.52	0	0	0.34
50200	0.34	0.54	0.54	0	0	0.34
50300	0.34	0.54	0.54	0	0	0.34
50400	0.34	0.54	0.54	0	0	0.34
50500	0.34	0.54	0.54	0	0	0.34
50600	0.34	0.54	0.54	0	0	0.34
50700	0.34	0.54	0.54	0	0	0.34
50800	0.34	0.54	0.54	0	0	0.34
50900	0.34	0.56	0.56	0	0	0.34
51000	0.34	0.56	0.56	0	0	0.34
51100	0.34	0.56	0.56	0	0	0.34
51200	0.34	0.56	0.56	0	0	0.34
51300	0.34	0.56	0.56	0	0	0.34
51400	0.34	0.56	0.56	0	0	0.34
51500	0.34	0.56	0.56	0	0	0.34
51600	0.34	0.56	0.56	0	0	0.34
51700	0.34	0.56	0.56	0	0	0.34
51800	0.34	0.56	0.56	0	0	0.34
51900	0.34	0.56	0.56	0	0	0.34
52000	0.36	0.56	0.56	0	0	0.36
52100	0.36	0.56	0.56	0	0	0.36
52200	0.36	0.56	0.56	0	0	0.36
52300	0.36	0.56	0.56	0	0	0.36
52400	0.36	0.56	0.56	0	0	0.36
52500	0.36	0.56	0.56	0	0	0.36
52600	0.36	0.56	0.56	0	0	0.36
52700	0.36	0.56	0.56	0	0	0.36
52800	0.36	0.56	0.56	0	0	0.36
52900	0.36	0.56	0.56	0	0	0.36
53000	0.36	0.56	0.56	0	0	0.36
53100	0.36	0.56	0.56	0	0	0.36
53200	0.36	0.56	0.56	0	0	0.36
53300	0.36	0.56	0.56	0	0	0.36
53400	0.36	0.56	0.56	0	0	0.36
53500	0.36	0.54	0.54	0	0	0.36
53600	0.36	0.54	0.54	0	0	0.36
53700	0.36	0.54	0.54	0	0	0.36
53800	0.36	0.54	0.54	0	0	0.36
53900	0.36	0.54	0.54	0	0	0.36
54000	0.36	0.54	0.54	0	0	0.36
54100	0.36	0.54	0.54	0	0	0.36
54200	0.36	0.54	0.54	0	0	0.36
54300	0.36	0.54	0.54	0	0	0.36
54400	0.36	0.54	0.54	0	0	0.36
54500	0.36	0.54	0.54	0	0	0.36
54600	0.34	0.52	0.52	0	0	0.34
54700	0.34	0.52	0.52	0	0	0.34
54800	0.34	0.52	0.52	0	0	0.34
54900	0.34	0.52	0.52	0	0	0.34
55000	0.36	0.52	0.52	0	0	0.36
55100	0.36	0.54	0.54	0	0	0.36
55200	0.34	0.52	0.52	0	0	0.34
55300	0.34	0.54	0.54	0	0	0.34
55400	0.34	0.54	0.54	0	0	0.34
55500	0.34	0.54	0.54	0	0	0.34
55600	0.34	0.54	0.54	0	0	0.34
55700	0.34	0.54	0.54	0	0	0.34
55800	0.34	0.54	0.54	0	0	0.34
55900	0.34	0.54	0.54	0	0	0.34
56000	0.34	0.54	0.54	0	0	0.34
56100	0.34	0.54	0.54	0	0	0.34
56200	0.34	0.54	0.54	0	0	0.34
56300	0.34	0.54	0.54	0	0	0.34
56400	0.34	0.56	0.56	0	0	0.34
56500	0.34	0.56	0.56	0	0	0.34
56600	0.36	0.54	0.54	0	0	0.36
56700	0.36	0.54	0.54	0	0	0.36
56800	0.36	0.54	0.54	0	0	0.36
56900	0.36	0.54	0.54	0	0	0.36
57000	0.34	0.54	0.54	0	0	0.34
57100	0.34	0.54	0.54	0	0	0.34
57200	0.34	0.54	0.54	0	0	0.34
57300	0.34	0.54	0.54	0	0	0.34
57400	0.34	0.54	0.54	0	0	0.34
57500	0.34	0.54	0.54	0	0	0.34
57600	0.32	0.54	0.54	0	0	0.32
57700	0.32	0.54	0.54	0	0	0.32
57800	0.32	0.54	0.54	0	0	0.32
57900	0.32	0.54	0.54	0	0	0.32
58000	0.32	0.56	0.56	0	0	0.32
58100	0.32	0.56	0.56	0	0	0.32
58200	0.32	0.56	0.56	0	0	0.32
58300	0.32	0.56	0.56	0	0	0.32
58400	0.32	0.56	0.56	0	0	0.32
58500	0.32	0.58	0.58	0	0	0.32
58600	0.32	0.58	0.58	0	0	0.32
58700	0.32	0.58	0.58	0	0	0.32
58800	0.32	0.58	0.58	0	0	0.32
58900	0.32	0.58	0.58	0	0	0.32
59000	0.32	0.58	0.58	0	0	0.32
59100	0.32	0.58	0.58	0	0	0.32
59200	0.32	0.58	0.58	0	0	0.32
59300	0.32	0.58	0.58	0	0	0.32
59400	0.32	0.58	0.58	0	0	0.32
59500	0.32	0.58	0.58	0	0	0.32
59600	0.32	0.58	0.58	0	0	0.32
59700	0.32	0.58	0.58	0	0	0.32
59800	0.32	0.6	0.6	0	0	0.32
59900	0.32	0.6	0.6	0	0	0.32
60000	0.32	0.6	0.6	0	0	0.32
60100	0.32	0.58	0.58	0	0	0.32
60200	0.32	0.58	0.58	0	0	0.32
60300	0.32	0.56	0.56	0	0	0.32
60400	0.32	0.56	0.56	0	0	0.32
60500	0.32	0.58	0.58	0	0	0.32
60600	0.32	0.56	0.56	0	0	0.32
60700	0.32	0.56	0.56	0	0	0.32
60800	0.32	0.56	0.56	0	0	0.32
60900	0.32	0.56	0.56	0	0	0.32
61000	0.32	0.54	0.54	0	0	0.32
61100	0.32	0.54	0.54	0	0	0.32
61200	0.32	0.54	0.54	0	0	0.32
61300	0.32	0.54	0.54	0	0	0.32
61400	0.32	0.54	0.54	0	0	0.32
61500	0.32	0.54	0.54	0	0	0.32
61600	0.32	0.54	0.54	0	0	0.32
61700	0.32	0.54	0.54	0	0	0.32
61800	0.32	0.54	0.54	0	0	0.32
61900	0.32	0.56	0.56	0	0	0.32
62000	0.32	0.56	0.56	0	0	0.32
62100	0.32	0.54	0.54	0	0	0.32
62200	0.32	0.54	0.54	0	0	0.32
62300	0.34	0.54	0.54	0	0	0.34
62400	0.34	0.54	0.54	0	0	0.34
62500	0.36	0.54	0.54	0	0	0.36
62600	0.36	0.54	0.54	0	0	0.36
62700	0.36	0.54	0.54	0	0	0.36
62800	0.36	0.54	0.54	0	0	0.36
62900	0.36	0.54	0.54	0	0	0.36
63000	0.38	0.54	0.54	0	0	0.38
63100	0.38	0.54	0.54	0	0	0.38
63200	0.38	0.54	0.54	0	0	0.38
63300	0.38	0.54	0.54	0	0	0.38
63400	0.38	0.54	0.54	0	0	0.38
63500	0.38	0.54	0.54	0	0	0.38
63600	0.36	0.54	0.54	0	0	0.36
63700	0.36	0.54	0.54	0	0	0.36
63800	0.36	0.54	0.54	0	0	0.36
63900	0.36	0.54	0.54	0	0	0.36
64000	0.36	0.54	0.54	0	0	0.36
64100	0.36	0.54	0.54	0	0	0.36
64200	0.36	0.54	0.54	0	0	0.36
64300	0.36	0.54	0.54	0	0	0.36
64400	0.36	0.54	0.54	0	0	0.36
64500	0.36	0.58	0.58	0	0	0.36
64600	0.36	0.58	0.58	0	0	0.36
64700	0.36	0.58	0.58	0	0	0.36
64800	0.36	0.58	0.58	0	0	0.36
64900	0.36	0.58	0.58	0	0	0.36
65000	0.36	0.58	0.58	0	0	0.36
65100	0.36	0.58	0.58	0	0	0.36
65200	0.36	0.58	0.58	0	0	0.36
65300	0.36	0.58	0.58	0	0	0.36
65400	0.36	0.58	0.58	0	0	0.36
65500	0.36	0.58	0.58	0	0	0.36
65600	0.36	0.58	0.58	0	0	0.36
65700	0.36	0.58	0.58	0	0	0.36
65800	0.36	0.58	0.58	0	0	0.36
65900	0.36	0.58	0.58	0	0	0.36
66000	0.36	0.58	0.58	0	0	0.36
66100	0.36	0.58	0.58	0	0	0.36
66200	0.36	0.58	0.58	0	0	0.36
66300	0.36	0.6	0.6	0	0	0.36
66400	0.36	0.6	0.6	0	0	0.36
66500	0.36	0.6	0.6	0	0	0.36
66600	0.36	0.6	0.6	0	0	0.36
66700	0.36	0.6	0.6	0	0	0.36
66800	0.36	0.6	0.6	0	0	0.36
66900	0.36	0.6	0.6	0	0	0.36
67000	0.36	0.6	0.6	0	0	0.36
67100	0.36	0.6	0.6	0	0	0.36
67200	0.36	0.6	0.6	0	0	0.36
67300	0.36	0.6	0.6	0	0	0.36
67400	0.36	0.6	0.6	0	0	0.36
67500	0.36	0.6	0.6	0	0	0.36
67600	0.36	0.6	0.6	0	0	0.36
67700	0.36	0.6	0.6	0	0	0.36
67800	0.36	0.6	0.6	0	0	0.36
67900	0.36	0.6	0.6	0	0	0.36
68000	0.36	0.6	0.6	0	0	0.36
68100	0.36	0.6	0.6	0	0	0.36
68200	0.36	0.6	0.6	0	0	0.36
68300	0.36	0.6	0.6	0	0	0.36
68400	0.36	0.6	0.6	0	0	0.36
68500	0.36	0.6	0.6	0	0	0.36
68600	0.36	0.6	0.6	0	0	0.36
68700	0.36	0.6	0.6	0	0	0.36
68800	0.36	0.6	0.6	0	0	0.36
68900	0.36	0.6	0.6	0	0	0.36
69000	0.36	0.6	0.6	0	0	0.36
69100	0.36	0.6	0.6	0	0	0.36
69200	0.36	0.6	0.6	0	0	0.36
69300	0.36	0.6	0.6	0	0	0.36
69400	0.34	0.6	0.6	0	0	0.34
69500	0.34	0.6	0.6	0	0	0.34
69600	0.34	0.6	0.6	0	0	0.34
69700	0.34	0.6	0.6	0	0	0.34
69800	0.34	0.6	0.6	0	0	0.34
69900	0.34	0.58	0.58	0	0	0.34
70000	0.34	0.58	0.58	0	0	0.34
70100	0.34	0.58	0.58	0	0	0.34
70200	0.34	0.58	0.58	0	0	0.34
70300	0.34	0.58	0.58	0	0	0.34
70400	0.34	0.58	0.58	0	0	0.34
70500	0.34	0.58	0.58	0	0	0.34
70600	0.34	0.58	0.58	0	0	0.34
70700	0.34	0.58	0.58	0	0	0.34
70800	0.34	0.58	0.58	0	0	0.34
70900	0.34	0.58	0.58	0	0	0.34
71000	0.34	0.58	0.58	0	0	0.34
71100	0.34	0.58	0.58	0	0	0.34
71200	0.34	0.58	0.58	0	0	0.34
71300	0.34	0.58	0.58	0	0	0.34
71400	0.34	0.58	0.58	0	0	0.34
71500	0.34	0.58	0.58	0	0	0.34
71600	0.34	0.58	0.58	0	0	0.34
71700	0.34	0.58	0.58	0	0	0.34
71800	0.34	0.6	0.6	0	0	0.34
71900	0.34	0.6	0.6	0	0	0.34
72000	0.34	0.6	0.6	0	0	0.34
72100	0.34	0.6	0.6	0	0	0.34
72200	0.34	0.6	0.6	0	0	0.34
72300	0.34	0.6	0.6	0	0	0.34
72400	0.34	0.56	0.56	0	0	0.34
72500	0.34	0.56	0.56	0	0	0.34
72600	0.34	0.56	0.56	0	0	0.34
72700	0.34	0.56	0.56	0	0	0.34
72800	0.34	0.56	0.56	0	0	0.34
72900	0.34	0.56	0.56	0	0	0.34
73000	0.34	0.56	0.56	0	0	0.34
73100	0.34	0.56	0.56	0	0	0.34
73200	0.34	0.56	0.56	0	0	0.34
73300	0.34	0.56	0.56	0	0	0.34
73400	0.34	0.56	0.56	0	0	0.34
73500	0.34	0.56	0.56	0	0	0.34
73600	0.34	0.56	0.56	0	0	0.34
73700	0.34	0.56	0.56	0	0	0.34
73800	0.34	0.56	0.56	0	0	0.34
73900	0.34	0.56	0.56	0	0	0.34
74000	0.34	0.56	0.56	0	0	0.34
74100	0.34	0.58	0.58	0	0	0.34
74200	0.34	0.58	0.58	0	0	0.34
74300	0.34	0.58	0.58	0	0	0.34
74400	0.34	0.58	0.58	0	0	0.34
74500	0.34	0.58	0.58	0	0	0.34
74600	0.34	0.58	0.58	0	0	0.34
74700	0.34	0.6	0.6	0	0	0.34
74800	0.34	0.6	0.6	0	0	0.34
74900	0.34	0.58	0.58	0	0	0.34
75000	0.34	0.58	0.58	0	0	0.34
75100	0.34	0.58	0.58	0	0	0.34
75200	0.34	0.58	0.58	0	0	0.34
75300	0.34	0.58	0.58	0	0	0.34
75400	0.34	0.58	0.58	0	0	0.34
75500	0.34	0.58	0.58	0	0	0.34
75600	0.34	0.58	0.58	0	0	0.34
75700	0.34	0.58	0.58	0	0	0.34
75800	0.34	0.58	0.58	0	0	0.34
75900	0.34	0.58	0.58	0	0	0.34
76000	0.34	0.58	0.58	0	0	0.34
76100	0.34	0.58	0.58	0	0	0.34
76200	0.34	0.58	0.58	0	0	0.34
76300	0.34	0.58	0.58	0	0	0.34
76400	0.34	0.58	0.58	0	0	0.34
76500	0.34	0.58	0.58	0	0	0.34
76600	0.34	0.58	0.58	0	0	0.34
76700	0.34	0.58	0.58	0	0	0.34
76800	0.34	0.58	0.58	0	0	0.34
76900	0.34	0.58	0.58	0	0	0.34
77000	0.34	0.56	0.56	0	0	0.34
77100	0.34	0.56	0.56	0	0	0.34
77200	0.34	0.56	0.56	0	0	0.34
77300	0.34	0.56	0.56	0	0	0.34
77400	0.34	0.56	0.56	0	0	0.34
77500	0.34	0.56	0.56	0	0	0.34
77600	0.34	0.56	0.56	0	0	0.34
77700	0.34	0.56	0.56	0	0	0.34
77800	0.34	0.56	0.56	0	0	0.34
77900	0.34	0.56	0.56	0	0	0.34
78000	0.34	0.58	0.58	0	0	0.34
78100	0.34	0.58	0.58	0	0	0.34
78200	0.32	0.58	0.58	0	0	0.32
78300	0.32	0.58	0.58	0	0	0.32
78400	0.32	0.58	0.58	0	0	0.32
78500	0.32	0.6	0.6	0	0	0.32
78600	0.32	0.6	0.6	0	0	0.32
78700	0.32	0.6	0.6	0	0	0.32
78800	0.32	0.6	0.6	0	0	0.32
78900	0.32	0.6	0.6	0	0	0.32
79000	0.32	0.6	0.6	0	0	0.32
79100	0.32	0.6	0.6	0	0	0.32
79200	0.32	0.6	0.6	0	0	0.32
79300	0.32	0.58	0.58	0	0	0.32
79400	0.32	0.54	0.54	0	0	0.32
79500	0.32	0.54	0.54	0	0	0.32
79600	0.32	0.54	0.54	0	0	0.32
79700	0.34	0.54	0.54	0	0	0.34
79800	0.34	0.54	0.54	0	0	0.34
79900	0.34	0.54	0.54	0	0	0.34
80000	0.34	0.54	0.54	0	0	0.34
80100	0.34	0.54	0.54	0	0	0.34
80200	0.34	0.54	0.54	0	0	0.34
80300	0.34	0.54	0.54	0	0	0.34
80400	0.34	0.54	0.54	0	0	0.34
80500	0.34	0.54	0.54	0	0	0.34
80600	0.34	0.54	0.54	0	0	0.34
80700	0.34	0.54	0.54	0	0	0.34
80800	0.34	0.54	0.54	0	0	0.34
80900	0.34	0.54	0.54	0	0	0.34
81000	0.34	0.56	0.56	0	0	0.34
81100	0.34	0.56	0.56	0	0	0.34
81200	0.34	0.56	0.56	0	0	0.34
81300	0.34	0.56	0.56	0	0	0.34
81400	0.34	0.56	0.56	0	0	0.34
81500	0.34	0.56	0.56	0	0	0.34
81600	0.34	0.56	0.56	0	0	0.34
81700	0.34	0.56	0.56	0	0	0.34
81800	0.34	0.56	0.56	0	0	0.34
81900	0.34	0.56	0.56	0	0	0.34
82000	0.34	0.56	0.56	0	0	0.34
82100	0.34	0.56	0.56	0	0	0.34
82200	0.34	0.56	0.56	0	0	0.34
82300	0.34	0.56	0.56	0	0	0.34
82400	0.34	0.56	0.56	0	0	0.34
82500	0.34	0.56	0.56	0	0	0.34
82600	0.34	0.56	0.56	0	0	0.34
82700	0.34	0.56	0.56	0	0	0.34
82800	0.34	0.56	0.56	0	0	0.34
82900	0.34	0.56	0.56	0	0	0.34
83000	0.34	0.56	0.56	0	0	0.34
83100	0.34	0.54	0.54	0	0	0.34
83200	0.34	0.54	0.54	0	0	0.34
83300	0.34	0.56	0.56	0	0	0.34
83400	0.34	0.56	0.56	0	0	0.34
83500	0.34	0.56	0.56	0	0	0.34
83600	0.34	0.56	0.56	0	0	0.34
83700	0.34	0.56	0.56	0	0	0.34
83800	0.34	0.56	0.56	0	0	0.34
83900	0.34	0.56	0.56	0	0	0.34
84000	0.34	0.56	0.56	0	0	0.34
84100	0.34	0.56	0.56	0	0	0.34
84200	0.34	0.56	0.56	0	0	0.34
84300	0.34	0.56	0.56	0	0	0.34
84400	0.34	0.56	0.56	0	0	0.34
84500	0.34	0.56	0.56	0	0	0.34
84600	0.36	0.56	0.56	0	0	0.36
84700	0.36	0.56	0.56	0	0	0.36
84800	0.36	0.56	0.56	0	0	0.36
84900	0.36	0.56	0.56	0	0	0.36
85000	0.36	0.56	0.56	0	0	0.36
85100	0.36	0.56	0.56	0	0	0.36
85200	0.36	0.56	0.56	0	0	0.36
85300	0.36	0.56	0.56	0	0	0.36
85400	0.36	0.56	0.56	0	0	0.36
85500	0.36	0.56	0.56	0	0	0.36
85600	0.36	0.58	0.58	0	0	0.36
85700	0.36	0.58	0.58	0	0	0.36
85800	0.36	0.58	0.58	0	0	0.36
85900	0.36	0.58	0.58	0	0	0.36
86000	0.36	0.58	0.58	0	0	0.36
86100	0.36	0.58	0.58	0	0	0.36
86200	0.36	0.58	0.58	0	0	0.36
86300	0.36	0.58	0.58	0	0	0.36
86400	0.36	0.58	0.58	0	0	0.36
86500	0.34	0.58	0.58	0	0	0.34
86600	0.34	0.58	0.58	0	0	0.34
86700	0.34	0.58	0.58	0	0	0.34
86800	0.34	0.58	0.58	0	0	0.34
86900	0.34	0.58	0.58	0	0	0.34
87000	0.34	0.58	0.58	0	0	0.34
87100	0.34	0.58	0.58	0	0	0.34
87200	0.34	0.58	0.58	0	0	0.34
87300	0.34	0.58	0.58	0	0	0.34
87400	0.34	0.58	0.58	0	0	0.34
87500	0.34	0.58	0.58	0	0	0.34
87600	0.36	0.58	0.58	0	0	0.36
87700	0.34	0.58	0.58	0	0	0.34
87800	0.36	0.58	0.58	0	0	0.36
87900	0.34	0.58	0.58	0	0	0.34
88000	0.34	0.58	0.58	0	0	0.34
88100	0.34	0.58	0.58	0	0	0.34
88200	0.34	0.58	0.58	0	0	0.34
88300	0.34	0.58	0.58	0	0	0.34
88400	0.34	0.58	0.58	0	0	0.34
88500	0.34	0.58	0.58	0	0	0.34
88600	0.34	0.6	0.6	0	0	0.34
88700	0.34	0.6	0.6	0	0	0.34
88800	0.34	0.6	0.6	0	0	0.34
88900	0.34	0.6	0.6	0	0	0.34
89000	0.34	0.6	0.6	0	0	0.34
89100	0.32	0.6	0.6	0	0	0.32
89200	0.32	0.6	0.6	0	0	0.32
89300	0.32	0.6	0.6	0	0	0.32
89400	0.32	0.6	0.6	0	0	0.32
89500	0.32	0.6	0.6	0	0	0.32
89600	0.32	0.6	0.6	0	0	0.32
89700	0.32	0.6	0.6	0	0	0.32
89800	0.32	0.6	0.6	0	0	0.32
89900	0.32	0.6	0.6	0	0	0.32
90000	0.32	0.6	0.6	0	0	0.32
90100	0.3	0.62	0.62	0	0	0.3
90200	0.3	0.62	0.62	0	0	0.3
90300	0.3	0.62	0.62	0	0	0.3
90400	0.3	0.62	0.62	0	0	0.3
90500	0.3	0.62	0.62	0	0	0.3
90600	0.3	0.62	0.62	0	0	0.3
90700	0.32	0.62	0.62	0	0	0.32
90800	0.32	0.62	0.62	0	0	0.32
90900	0.32	0.62	0.62	0	0	0.32
91000	0.32	0.62	0.62	0	0	0.32
91100	0.32	0.62	0.62	0	0	0.32
91200	0.32	0.62	0.62	0	0	0.32
91300	0.32	0.62	0.62	0	0	0.32
91400	0.32	0.62	0.62	0	0	0.32
91500	0.32	0.62	0.62	0	0	0.32
91600	0.32	0.62	0.62	0	0	0.32
91700	0.32	0.62	0.62	0	0	0.32
91800	0.32	0.62	0.62	0	0	0.32
91900	0.32	0.62	0.62	0	0	0.32
92000	0.32	0.62	0.62	0	0	0.32
92100	0.32	0.62	0.62	0	0	0.32
92200	0.32	0.62	0.62	0	0	0.32
92300	0.32	0.62	0.62	0	0	0.32
92400	0.32	0.62	0.62	0	0	0.32
92500	0.32	0.62	0.62	0	0	0.32
92600	0.32	0.62	0.62	0	0	0.32
92700	0.32	0.62	0.62	0	0	0.32
92800	0.32	0.62	0.62	0	0	0.32
92900	0.32	0.62	0.62	0	0	0.32
93000	0.32	0.62	0.62	0	0	0.32
93100	0.32	0.62	0.62	0	0	0.32
93200	0.32	0.62	0.62	0	0	0.32
93300	0.32	0.62	0.62	0	0	0.32
93400	0.32	0.62	0.62	0	0	0.32
93500	0.32	0.62	0.62	0	0	0.32
93600	0.32	0.62	0.62	0	0	0.32
93700	0.32	0.62	0.62	0	0	0.32
93800	0.32	0.62	0.62	0	0	0.32
93900	0.32	0.62	0.62	0	0	0.32
94000	0.32	0.62	0.62	0	0	0.32
94100	0.32	0.62	0.62	0	0	0.32
94200	0.32	0.62	0.62	0	0	0.32
94300	0.32	0.64	0.64	0	0	0.32
94400	0.32	0.64	0.64	0	0	0.32
94500	0.32	0.64	0.64	0	0	0.32
94600	0.32	0.64	0.64	0	0	0.32
94700	0.3	0.64	0.64	0	0	0.3
94800	0.3	0.66	0.66	0	0	0.3
94900	0.3	0.66	0.66	0	0	0.3
95000	0.3	0.66	0.66	0	0	0.3
95100	0.3	0.66	0.66	0	0	0.3
95200	0.3	0.66	0.66	0	0	0.3
95300	0.3	0.66	0.66	0	0	0.3
95400	0.3	0.66	0.66	0	0	0.3
95500	0.3	0.66	0.66	0	0	0.3
95600	0.3	0.66	0.66	0	0	0.3
95700	0.3	0.66	0.66	0	0	0.3
95800	0.3	0.66	0.66	0	0	0.3
95900	0.3	0.66	0.66	0	0	0.3
96000	0.3	0.66	0.66	0	0	0.3
96100	0.3	0.66	0.66	0	0	0.3
96200	0.3	0.68	0.68	0	0	0.3
96300	0.3	0.68	0.68	0	0	0.3
96400	0.3	0.68	0.68	0	0	0.3
96500	0.3	0.68	0.68	0	0	0.3
96600	0.3	0.68	0.68	0	0	0.3
96700	0.3	0.68	0.68	0	0	0.3
96800	0.3	0.68	0.68	0	0	0.3
96900	0.3	0.68	0.68	0	0	0.3
97000	0.3	0.68	0.68	0	0	0.3
97100	0.3	0.68	0.68	0	0	0.3
97200	0.3	0.68	0.68	0	0	0.3
97300	0.3	0.68	0.68	0	0	0.3
97400	0.32	0.68	0.68	0	0	0.32
97500	0.32	0.68	0.68	0	0	0.32
97600	0.32	0.68	0.68	0	0	0.32
97700	0.32	0.68	0.68	0	0	0.32
97800	0.32	0.68	0.68	0	0	0.32
97900	0.32	0.68	0.68	0	0	0.32
98000	0.32	0.68	0.68	0	0	0.32
98100	0.32	0.68	0.68	0	0	0.32
98200	0.32	0.68	0.68	0	0	0.32
98300	0.32	0.68	0.68	0	0	0.32
98400	0.32	0.68	0.68	0	0	0.32
98500	0.32	0.68	0.68	0	0	0.32
98600	0.32	0.68	0.68	0	0	0.32
98700	0.32	0.68	0.68	0	0	0.32
98800	0.32	0.68	0.68	0	0	0.32
98900	0.3	0.68	0.68	0	0	0.3
99000	0.3	0.68	0.68	0	0	0.3
99100	0.3	0.68	0.68	0	0	0.3
99200	0.3	0.68	0.68	0	0	0.3
99300	0.3	0.68	0.68	0	0	0.3
99400	0.3	0.68	0.68	0	0	0.3
99500	0.3	0.66	0.66	0	0	0.3
99600	0.3	0.66	0.66	0	0	0.3
99700	0.3	0.66	0.66	0	0	0.3
99800	0.3	0.66	0.66	0	0	0.3
99900	0.3	0.66	0.66	0	0	0.3
100000	0.3	0.66	0.66	0	0	0.3
