100	0.02	0.12	0.12	0	0	0.02
200	0.02	0.16	0.16	0	0	0.02
300	0.04	0.16	0.16	0	0	0.04
400	0.04	0.16	0.16	0	0	0.04
500	0.06	0.16	0.16	0	0	0.06
600	0.08	0.16	0.16	0	0	0.08
700	0.08	0.16	0.16	0	0	0.08
800	0.1	0.16	0.16	0	0	0.1
900	0.12	0.16	0.16	0	0	0.12
1000	0.14	0.18	0.18	0	0	0.14
1100	0.16	0.16	0.16	0	0	0.16
1200	0.16	0.18	0.18	0	0	0.16
1300	0.14	0.18	0.18	0	0	0.14
1400	0.14	0.18	0.18	0	0	0.14
1500	0.14	0.22	0.22	0	0	0.14
1600	0.16	0.22	0.22	0	0	0.16
1700	0.16	0.24	0.24	0	0	0.16
1800	0.16	0.24	0.24	0	0	0.16
1900	0.16	0.24	0.24	0	0	0.16
2000	0.16	0.26	0.26	0	0	0.16
2100	0.16	0.28	0.28	0	0	0.16
2200	0.16	0.3	0.3	0	0	0.16
2300	0.18	0.3	0.3	0	0	0.18
2400	0.24	0.3	0.3	0	0	0.24
2500	0.24	0.3	0.3	0	0	0.24
2600	0.26	0.3	0.3	0	0	0.26
2700	0.26	0.32	0.32	0	0	0.26
2800	0.26	0.34	0.34	0	0	0.26
2900	0.28	0.36	0.36	0	0	0.28
3000	0.26	0.36	0.36	0	0	0.26
3100	0.28	0.36	0.36	0	0	0.28
3200	0.28	0.36	0.36	0	0	0.28
3300	0.28	0.36	0.36	0	0	0.28
3400	0.28	0.38	0.38	0	0	0.28
3500	0.26	0.38	0.38	0	0	0.26
3600	0.28	0.44	0.44	0	0	0.28
3700	0.28	0.44	0.44	0	0	0.28
3800	0.28	0.42	0.42	0	0	0.28
3900	0.28	0.4	0.4	0	0	0.28
4000	0.28	0.4	0.4	0	0	0.28
4100	0.28	0.4	0.4	0	0	0.28
4200	0.28	0.4	0.4	0	0	0.28
4300	0.28	0.4	0.4	0	0	0.28
4400	0.28	0.4	0.4	0	0	0.28
4500	0.28	0.42	0.42	0	0	0.28
4600	0.28	0.42	0.42	0	0	0.28
4700	0.28	0.4	0.4	0	0	0.28
4800	0.28	0.4	0.4	0	0	0.28
4900	0.28	0.4	0.4	0	0	0.28
5000	0.3	0.42	0.42	0	0	0.3
5100	0.3	0.42	0.42	0	0	0.3
5200	0.28	0.44	0.44	0	0	0.28
5300	0.28	0.4	0.4	0	0	0.28
5400	0.28	0.38	0.38	0	0	0.28
5500	0.28	0.38	0.38	0	0	0.28
5600	0.28	0.4	0.4	0	0	0.28
5700	0.28	0.4	0.4	0	0	0.28
5800	0.28	0.4	0.4	0	0	0.28
5900	0.28	0.38	0.38	0	0	0.28
6000	0.28	0.38	0.38	0	0	0.28
6100	0.3	0.38	0.38	0	0	0.3
6200	0.32	0.38	0.38	0	0	0.32
6300	0.32	0.38	0.38	0	0	0.32
6400	0.36	0.38	0.38	0	0	0.36
6500	0.34	0.38	0.38	0	0	0.34
6600	0.34	0.38	0.38	0	0	0.34
6700	0.34	0.38	0.38	0	0	0.34
6800	0.34	0.38	0.38	0	0	0.34
6900	0.34	0.4	0.4	0	0	0.34
7000	0.36	0.4	0.4	0	0	0.36
7100	0.36	0.4	0.4	0	0	0.36
7200	0.36	0.4	0.4	0	0	0.36
7300	0.34	0.4	0.4	0	0	0.34
7400	0.36	0.4	0.4	0	0	0.36
7500	0.36	0.4	0.4	0	0	0.36
7600	0.36	0.42	0.42	0	0	0.36
7700	0.36	0.42	0.42	0	0	0.36
7800	0.36	0.42	0.42	0	0	0.36
7900	0.36	0.42	0.42	0	0	0.36
8000	0.36	0.42	0.42	0	0	0.36
8100	0.38	0.42	0.42	0	0	0.38
8200	0.38	0.42	0.42	0	0	0.38
8300	0.38	0.42	0.42	0	0	0.38
8400	0.36	0.42	0.42	0	0	0.36
8500	0.36	0.42	0.42	0	0	0.36
8600	0.36	0.42	0.42	0	0	0.36
8700	0.36	0.42	0.42	0	0	0.36
8800	0.36	0.4	0.4	0	0	0.36
8900	0.36	0.4	0.4	0	0	0.36
9000	0.38	0.4	0.4	0	0	0.38
9100	0.36	0.4	0.4	0	0	0.36
9200	0.36	0.4	0.4	0	0	0.36
9300	0.36	0.4	0.4	0	0	0.36
9400	0.38	0.4	0.4	0	0	0.38
9500	0.38	0.4	0.4	0	0	0.38
9600	0.38	0.4	0.4	0	0	0.38
9700	0.38	0.4	0.4	0	0	0.38
9800	0.36	0.42	0.42	0	0	0.36
9900	0.36	0.42	0.42	0	0	0.36
10000	0.36	0.42	0.42	0	0	0.36
10100	0.36	0.42	0.42	0	0	0.36
10200	0.36	0.42	0.42	0	0	0.36
10300	0.36	0.44	0.44	0	0	0.36
10400	0.36	0.44	0.44	0	0	0.36
10500	0.36	0.44	0.44	0	0	0.36
10600	0.36	0.42	0.42	0	0	0.36
10700	0.36	0.42	0.42	0	0	0.36
10800	0.34	0.44	0.44	0	0	0.34
10900	0.34	0.44	0.44	0	0	0.34
11000	0.34	0.44	0.44	0	0	0.34
11100	0.36	0.46	0.46	0	0	0.36
11200	0.36	0.46	0.46	0	0	0.36
11300	0.34	0.46	0.46	0	0	0.34
11400	0.32	0.46	0.46	0	0	0.32
11500	0.34	0.46	0.46	0	0	0.34
11600	0.34	0.46	0.46	0	0	0.34
11700	0.34	0.46	0.46	0	0	0.34
11800	0.34	0.46	0.46	0	0	0.34
11900	0.34	0.46	0.46	0	0	0.34
12000	0.36	0.46	0.46	0	0	0.36
12100	0.36	0.46	0.46	0	0	0.36
12200	0.36	0.44	0.44	0	0	0.36
12300	0.36	0.44	0.44	0	0	0.36
12400	0.34	0.44	0.44	0	0	0.34
12500	0.34	0.44	0.44	0	0	0.34
12600	0.34	0.44	0.44	0	0	0.34
12700	0.36	0.44	0.44	0	0	0.36
12800	0.36	0.44	0.44	0	0	0.36
12900	0.36	0.44	0.44	0	0	0.36
13000	0.36	0.44	0.44	0	0	0.36
13100	0.36	0.44	0.44	0	0	0.36
13200	0.36	0.44	0.44	0	0	0.36
13300	0.36	0.44	0.44	0	0	0.36
13400	0.36	0.46	0.46	0	0	0.36
13500	0.36	0.46	0.46	0	0	0.36
13600	0.36	0.46	0.46	0	0	0.36
13700	0.36	0.46	0.46	0	0	0.36
13800	0.36	0.46	0.46	0	0	0.36
13900	0.36	0.46	0.46	0	0	0.36
14000	0.36	0.46	0.46	0	0	0.36
14100	0.36	0.46	0.46	0	0	0.36
14200	0.34	0.46	0.46	0	0	0.34
14300	0.36	0.46	0.46	0	0	0.36
14400	0.34	0.46	0.46	0	0	0.34
14500	0.34	0.46	0.46	0	0	0.34
14600	0.34	0.46	0.46	0	0	0.34
14700	0.34	0.44	0.44	0	0	0.34
14800	0.34	0.44	0.44	0	0	0.34
14900	0.34	0.44	0.44	0	0	0.34
15000	0.34	0.44	0.44	0	0	0.34
15100	0.34	0.44	0.44	0	0	0.34
15200	0.34	0.44	0.44	0	0	0.34
15300	0.34	0.44	0.44	0	0	0.34
15400	0.34	0.44	0.44	0	0	0.34
15500	0.34	0.42	0.42	0	0	0.34
15600	0.34	0.44	0.44	0	0	0.34
15700	0.34	0.44	0.44	0	0	0.34
15800	0.34	0.44	0.44	0	0	0.34
15900	0.34	0.46	0.46	0	0	0.34
16000	0.34	0.44	0.44	0	0	0.34
16100	0.34	0.44	0.44	0	0	0.34
16200	0.34	0.44	0.44	0	0	0.34
16300	0.34	0.44	0.44	0	0	0.34
16400	0.34	0.44	0.44	0	0	0.34
16500	0.34	0.44	0.44	0	0	0.34
16600	0.36	0.44	0.44	0	0	0.36
16700	0.36	0.44	0.44	0	0	0.36
16800	0.36	0.46	0.46	0	0	0.36
16900	0.36	0.46	0.46	0	0	0.36
17000	0.36	0.48	0.48	0	0	0.36
17100	0.36	0.48	0.48	0	0	0.36
17200	0.34	0.48	0.48	0	0	0.34
17300	0.34	0.46	0.46	0	0	0.34
17400	0.34	0.46	0.46	0	0	0.34
17500	0.34	0.44	0.44	0	0	0.34
17600	0.32	0.44	0.44	0	0	0.32
17700	0.32	0.44	0.44	0	0	0.32
17800	0.34	0.44	0.44	0	0	0.34
17900	0.32	0.44	0.44	0	0	0.32
18000	0.32	0.44	0.44	0	0	0.32
18100	0.32	0.42	0.42	0	0	0.32
18200	0.32	0.42	0.42	0	0	0.32
18300	0.34	0.44	0.44	0	0	0.34
18400	0.34	0.44	0.44	0	0	0.34
18500	0.32	0.44	0.44	0	0	0.32
18600	0.32	0.46	0.46	0	0	0.32
18700	0.32	0.46	0.46	0	0	0.32
18800	0.32	0.48	0.48	0	0	0.32
18900	0.32	0.5	0.5	0	0	0.32
19000	0.32	0.5	0.5	0	0	0.32
19100	0.32	0.5	0.5	0	0	0.32
19200	0.32	0.5	0.5	0	0	0.32
19300	0.32	0.5	0.5	0	0	0.32
19400	0.32	0.5	0.5	0	0	0.32
19500	0.32	0.5	0.5	0	0	0.32
19600	0.32	0.52	0.52	0	0	0.32
19700	0.32	0.54	0.54	0	0	0.32
19800	0.32	0.54	0.54	0	0	0.32
19900	0.32	0.52	0.52	0	0	0.32
20000	0.32	0.52	0.52	0	0	0.32
20100	0.32	0.52	0.52	0	0	0.32
20200	0.32	0.52	0.52	0	0	0.32
20300	0.32	0.5	0.5	0	0	0.32
20400	0.32	0.5	0.5	0	0	0.32
20500	0.32	0.5	0.5	0	0	0.32
20600	0.32	0.5	0.5	0	0	0.32
20700	0.32	0.52	0.52	0	0	0.32
20800	0.32	0.52	0.52	0	0	0.32
20900	0.32	0.54	0.54	0	0	0.32
21000	0.32	0.52	0.52	0	0	0.32
21100	0.32	0.52	0.52	0	0	0.32
21200	0.34	0.52	0.52	0	0	0.34
21300	0.34	0.52	0.52	0	0	0.34
21400	0.34	0.52	0.52	0	0	0.34
21500	0.34	0.5	0.5	0	0	0.34
21600	0.36	0.5	0.5	0	0	0.36
21700	0.36	0.5	0.5	0	0	0.36
21800	0.36	0.5	0.5	0	0	0.36
21900	0.36	0.46	0.46	0	0	0.36
22000	0.36	0.46	0.46	0	0	0.36
22100	0.36	0.46	0.46	0	0	0.36
22200	0.36	0.46	0.46	0	0	0.36
22300	0.38	0.48	0.48	0	0	0.38
22400	0.38	0.48	0.48	0	0	0.38
22500	0.38	0.48	0.48	0	0	0.38
22600	0.38	0.48	0.48	0	0	0.38
22700	0.38	0.48	0.48	0	0	0.38
22800	0.38	0.48	0.48	0	0	0.38
22900	0.38	0.48	0.48	0	0	0.38
23000	0.38	0.48	0.48	0	0	0.38
23100	0.38	0.48	0.48	0	0	0.38
23200	0.38	0.48	0.48	0	0	0.38
23300	0.38	0.48	0.48	0	0	0.38
23400	0.38	0.48	0.48	0	0	0.38
23500	0.38	0.48	0.48	0	0	0.38
23600	0.38	0.48	0.48	0	0	0.38
23700	0.38	0.48	0.48	0	0	0.38
23800	0.38	0.48	0.48	0	0	0.38
23900	0.38	0.48	0.48	0	0	0.38
24000	0.38	0.48	0.48	0	0	0.38
24100	0.38	0.48	0.48	0	0	0.38
24200	0.38	0.48	0.48	0	0	0.38
24300	0.38	0.48	0.48	0	0	0.38
24400	0.38	0.46	0.46	0	0	0.38
24500	0.38	0.46	0.46	0	0	0.38
24600	0.36	0.46	0.46	0	0	0.36
24700	0.36	0.46	0.46	0	0	0.36
24800	0.36	0.46	0.46	0	0	0.36
24900	0.36	0.46	0.46	0	0	0.36
25000	0.36	0.48	0.48	0	0	0.36
25100	0.36	0.48	0.48	0	0	0.36
25200	0.36	0.48	0.48	0	0	0.36
25300	0.36	0.48	0.48	0	0	0.36
25400	0.36	0.48	0.48	0	0	0.36
25500	0.36	0.48	0.48	0	0	0.36
25600	0.36	0.48	0.48	0	0	0.36
25700	0.36	0.48	0.48	0	0	0.36
25800	0.36	0.48	0.48	0	0	0.36
25900	0.36	0.48	0.48	0	0	0.36
26000	0.36	0.48	0.48	0	0	0.36
26100	0.36	0.48	0.48	0	0	0.36
26200	0.36	0.48	0.48	0	0	0.36
26300	0.36	0.48	0.48	0	0	0.36
26400	0.36	0.48	0.48	0	0	0.36
26500	0.36	0.48	0.48	0	0	0.36
26600	0.36	0.48	0.48	0	0	0.36
26700	0.38	0.48	0.48	0	0	0.38
26800	0.38	0.48	0.48	0	0	0.38
26900	0.38	0.48	0.48	0	0	0.38
27000	0.38	0.46	0.46	0	0	0.38
27100	0.38	0.46	0.46	0	0	0.38
27200	0.38	0.46	0.46	0	0	0.38
27300	0.4	0.46	0.46	0	0	0.4
27400	0.4	0.46	0.46	0	0	0.4
27500	0.4	0.46	0.46	0	0	0.4
27600	0.4	0.46	0.46	0	0	0.4
27700	0.4	0.46	0.46	0	0	0.4
27800	0.4	0.46	0.46	0	0	0.4
27900	0.4	0.46	0.46	0	0	0.4
28000	0.42	0.46	0.46	0	0	0.42
28100	0.42	0.46	0.46	0	0	0.42
28200	0.42	0.46	0.46	0	0	0.42
28300	0.42	0.44	0.44	0	0	0.42
28400	0.4	0.44	0.44	0	0	0.4
28500	0.4	0.44	0.44	0	0	0.4
28600	0.4	0.44	0.44	0	0	0.4
28700	0.4	0.44	0.44	0	0	0.4
28800	0.4	0.44	0.44	0	0	0.4
28900	0.4	0.46	0.46	0	0	0.4
29000	0.4	0.46	0.46	0	0	0.4
29100	0.4	0.46	0.46	0	0	0.4
29200	0.4	0.46	0.46	0	0	0.4
29300	0.4	0.46	0.46	0	0	0.4
29400	0.4	0.46	0.46	0	0	0.4
29500	0.4	0.46	0.46	0	0	0.4
29600	0.38	0.48	0.48	0	0	0.38
29700	0.38	0.48	0.48	0	0	0.38
29800	0.38	0.48	0.48	0	0	0.38
29900	0.38	0.48	0.48	0	0	0.38
30000	0.38	0.48	0.48	0	0	0.38
30100	0.38	0.48	0.48	0	0	0.38
30200	0.38	0.5	0.5	0	0	0.38
30300	0.38	0.5	0.5	0	0	0.38
30400	0.38	0.5	0.5	0	0	0.38
30500	0.38	0.5	0.5	0	0	0.38
30600	0.38	0.5	0.5	0	0	0.38
30700	0.38	0.5	0.5	0	0	0.38
30800	0.4	0.5	0.5	0	0	0.4
30900	0.4	0.5	0.5	0	0	0.4
31000	0.4	0.5	0.5	0	0	0.4
31100	0.4	0.48	0.48	0	0	0.4
31200	0.38	0.48	0.48	0	0	0.38
31300	0.38	0.48	0.48	0	0	0.38
31400	0.4	0.48	0.48	0	0	0.4
31500	0.4	0.48	0.48	0	0	0.4
31600	0.4	0.46	0.46	0	0	0.4
31700	0.4	0.46	0.46	0	0	0.4
31800	0.4	0.46	0.46	0	0	0.4
31900	0.4	0.46	0.46	0	0	0.4
32000	0.4	0.46	0.46	0	0	0.4
32100	0.4	0.46	0.46	0	0	0.4
32200	0.4	0.46	0.46	0	0	0.4
32300	0.4	0.46	0.46	0	0	0.4
32400	0.4	0.44	0.44	0	0	0.4
32500	0.4	0.44	0.44	0	0	0.4
32600	0.4	0.44	0.44	0	0	0.4
32700	0.42	0.44	0.44	0	0	0.42
32800	0.42	0.44	0.44	0	0	0.42
32900	0.42	0.44	0.44	0	0	0.42
33000	0.42	0.44	0.44	0	0	0.42
33100	0.42	0.44	0.44	0	0	0.42
33200	0.42	0.44	0.44	0	0	0.42
33300	0.42	0.44	0.44	0	0	0.42
33400	0.42	0.44	0.44	0	0	0.42
33500	0.42	0.44	0.44	0	0	0.42
33600	0.42	0.44	0.44	0	0	0.42
33700	0.42	0.44	0.44	0	0	0.42
33800	0.42	0.44	0.44	0	0	0.42
33900	0.42	0.44	0.44	0	0	0.42
34000	0.42	0.44	0.44	0	0	0.42
34100	0.42	0.44	0.44	0	0	0.42
34200	0.42	0.44	0.44	0	0	0.42
34300	0.42	0.44	0.44	0	0	0.42
34400	0.42	0.44	0.44	0	0	0.42
34500	0.44	0.44	0.44	0	0	0.44
34600	0.44	0.44	0.44	0	0	0.44
34700	0.44	0.46	0.46	0	0	0.44
34800	0.44	0.46	0.46	0	0	0.44
34900	0.44	0.46	0.46	0	0	0.44
35000	0.44	0.46	0.46	0	0	0.44
35100	0.44	0.46	0.46	0	0	0.44
35200	0.44	0.46	0.46	0	0	0.44
35300	0.44	0.46	0.46	0	0	0.44
35400	0.44	0.46	0.46	0	0	0.44
35500	0.44	0.46	0.46	0	0	0.44
35600	0.44	0.46	0.46	0	0	0.44
35700	0.44	0.46	0.46	0	0	0.44
35800	0.44	0.46	0.46	0	0	0.44
35900	0.44	0.44	0.44	0	0	0.44
36000	0.44	0.46	0.46	0	0	0.44
36100	0.42	0.48	0.48	0	0	0.42
36200	0.42	0.48	0.48	0	0	0.42
36300	0.42	0.48	0.48	0	0	0.42
36400	0.42	0.48	0.48	0	0	0.42
36500	0.42	0.5	0.5	0	0	0.42
36600	0.42	0.5	0.5	0	0	0.42
36700	0.42	0.5	0.5	0	0	0.42
36800	0.42	0.5	0.5	0	0	0.42
36900	0.42	0.5	0.5	0	0	0.42
37000	0.42	0.5	0.5	0	0	0.42
37100	0.42	0.5	0.5	0	0	0.42
37200	0.42	0.5	0.5	0	0	0.42
37300	0.42	0.5	0.5	0	0	0.42
37400	0.42	0.5	0.5	0	0	0.42
37500	0.42	0.5	0.5	0	0	0.42
37600	0.42	0.5	0.5	0	0	0.42
37700	0.42	0.5	0.5	0	0	0.42
37800	0.4	0.5	0.5	0	0	0.4
37900	0.4	0.5	0.5	0	0	0.4
38000	0.4	0.5	0.5	0	0	0.4
38100	0.4	0.5	0.5	0	0	0.4
38200	0.4	0.5	0.5	0	0	0.4
38300	0.4	0.5	0.5	0	0	0.4
38400	0.4	0.5	0.5	0	0	0.4
38500	0.4	0.5	0.5	0	0	0.4
38600	0.4	0.5	0.5	0	0	0.4
38700	0.4	0.5	0.5	0	0	0.4
38800	0.4	0.5	0.5	0	0	0.4
38900	0.4	0.5	0.5	0	0	0.4
39000	0.4	0.5	0.5	0	0	0.4
39100	0.4	0.5	0.5	0	0	0.4
39200	0.4	0.5	0.5	0	0	0.4
39300	0.4	0.5	0.5	0	0	0.4
39400	0.4	0.5	0.5	0	0	0.4
39500	0.4	0.5	0.5	0	0	0.4
39600	0.4	0.5	0.5	0	0	0.4
39700	0.4	0.5	0.5	0	0	0.4
39800	0.4	0.48	0.48	0	0	0.4
39900	0.4	0.48	0.48	0	0	0.4
40000	0.4	0.48	0.48	0	0	0.4
40100	0.4	0.5	0.5	0	0	0.4
40200	0.4	0.48	0.48	0	0	0.4
40300	0.4	0.48	0.48	0	0	0.4
40400	0.4	0.48	0.48	0	0	0.4
40500	0.4	0.48	0.48	0	0	0.4
40600	0.4	0.48	0.48	0	0	0.4
40700	0.4	0.48	0.48	0	0	0.4
40800	0.4	0.48	0.48	0	0	0.4
40900	0.4	0.48	0.48	0	0	0.4
41000	0.4	0.48	0.48	0	0	0.4
41100	0.4	0.48	0.48	0	0	0.4
41200	0.4	0.48	0.48	0	0	0.4
41300	0.4	0.48	0.48	0	0	0.4
41400	0.4	0.48	0.48	0	0	0.4
41500	0.4	0.48	0.48	0	0	0.4
41600	0.4	0.48	0.48	0	0	0.4
41700	0.4	0.48	0.48	0	0	0.4
41800	0.4	0.48	0.48	0	0	0.4
41900	0.4	0.48	0.48	0	0	0.4
42000	0.4	0.48	0.48	0	0	0.4
42100	0.4	0.46	0.46	0	0	0.4
42200	0.4	0.46	0.46	0	0	0.4
42300	0.4	0.46	0.46	0	0	0.4
42400	0.4	0.46	0.46	0	0	0.4
42500	0.4	0.46	0.46	0	0	0.4
42600	0.4	0.46	0.46	0	0	0.4
42700	0.4	0.46	0.46	0	0	0.4
42800	0.4	0.46	0.46	0	0	0.4
42900	0.4	0.46	0.46	0	0	0.4
43000	0.4	0.48	0.48	0	0	0.4
43100	0.4	0.46	0.46	0	0	0.4
43200	0.4	0.46	0.46	0	0	0.4
43300	0.4	0.44	0.44	0	0	0.4
43400	0.4	0.44	0.44	0	0	0.4
43500	0.4	0.44	0.44	0	0	0.4
43600	0.4	0.44	0.44	0	0	0.4
43700	0.4	0.44	0.44	0	0	0.4
43800	0.4	0.44	0.44	0	0	0.4
43900	0.4	0.44	0.44	0	0	0.4
44000	0.4	0.44	0.44	0	0	0.4
44100	0.4	0.44	0.44	0	0	0.4
44200	0.4	0.44	0.44	0	0	0.4
44300	0.38	0.44	0.44	0	0	0.38
44400	0.38	0.44	0.44	0	0	0.38
44500	0.38	0.46	0.46	0	0	0.38
44600	0.38	0.46	0.46	0	0	0.38
44700	0.38	0.46	0.46	0	0	0.38
44800	0.38	0.46	0.46	0	0	0.38
44900	0.38	0.46	0.46	0	0	0.38
45000	0.38	0.46	0.46	0	0	0.38
45100	0.38	0.46	0.46	0	0	0.38
45200	0.38	0.46	0.46	0	0	0.38
45300	0.38	0.46	0.46	0	0	0.38
45400	0.38	0.46	0.46	0	0	0.38
45500	0.38	0.46	0.46	0	0	0.38
45600	0.38	0.46	0.46	0	0	0.38
45700	0.38	0.46	0.46	0	0	0.38
45800	0.38	0.46	0.46	0	0	0.38
45900	0.38	0.46	0.46	0	0	0.38
46000	0.38	0.46	0.46	0	0	0.38
46100	0.38	0.46	0.46	0	0	0.38
46200	0.38	0.46	0.46	0	0	0.38
46300	0.38	0.46	0.46	0	0	0.38
46400	0.38	0.46	0.46	0	0	0.38
46500	0.38	0.46	0.46	0	0	0.38
46600	0.38	0.46	0.46	0	0	0.38
46700	0.38	0.46	0.46	0	0	0.38
46800	0.38	0.46	0.46	0	0	0.38
46900	0.38	0.46	0.46	0	0	0.38
47000	0.38	0.46	0.46	0	0	0.38
47100	0.38	0.46	0.46	0	0	0.38
47200	0.38	0.46	0.46	0	0	0.38
47300	0.38	0.46	0.46	0	0	0.38
47400	0.38	0.46	0.46	0	0	0.38
47500	0.38	0.46	0.46	0	0	0.38
47600	0.38	0.46	0.46	0	0	0.38
47700	0.38	0.48	0.48	0	0	0.38
47800	0.38	0.48	0.48	0	0	0.38
47900	0.38	0.48	0.48	0	0	0.38
48000	0.38	0.48	0.48	0	0	0.38
48100	0.38	0.48	0.48	0	0	0.38
48200	0.38	0.48	0.48	0	0	0.38
48300	0.38	0.48	0.48	0	0	0.38
48400	0.38	0.46	0.46	0	0	0.38
48500	0.38	0.46	0.46	0	0	0.38
48600	0.38	0.46	0.46	0	0	0.38
48700	0.38	0.46	0.46	0	0	0.38
48800	0.38	0.46	0.46	0	0	0.38
48900	0.36	0.46	0.46	0	0	0.36
49000	0.36	0.46	0.46	0	0	0.36
49100	0.36	0.46	0.46	0	0	0.36
49200	0.36	0.46	0.46	0	0	0.36
49300	0.36	0.46	0.46	0	0	0.36
49400	0.36	0.46	0.46	0	0	0.36
49500	0.36	0.46	0.46	0	0	0.36
49600	0.38	0.46	0.46	0	0	0.38
49700	0.38	0.46	0.46	0	0	0.38
49800	0.38	0.46	0.46	0	0	0.38
49900	0.38	0.46	0.46	0	0	0.38
50000	0.38	0.46	0.46	0	0	0.38
50100	0.38	0.46	0.46	0	0	0.38
50200	0.38	0.46	0.46	0	0	0.38
50300	0.38	0.46	0.46	0	0	0.38
50400	0.38	0.46	0.46	0	0	0.38
50500	0.38	0.44	0.44	0	0	0.38
50600	0.38	0.46	0.46	0	0	0.38
50700	0.38	0.46	0.46	0	0	0.38
50800	0.38	0.48	0.48	0	0	0.38
50900	0.38	0.46	0.46	0	0	0.38
51000	0.38	0.46	0.46	0	0	0.38
51100	0.38	0.46	0.46	0	0	0.38
51200	0.4	0.46	0.46	0	0	0.4
51300	0.4	0.46	0.46	0	0	0.4
51400	0.4	0.46	0.46	0	0	0.4
51500	0.4	0.46	0.46	0	0	0.4
51600	0.4	0.46	0.46	0	0	0.4
51700	0.42	0.44	0.44	0	0	0.42
51800	0.42	0.44	0.44	0	0	0.42
51900	0.42	0.44	0.44	0	0	0.42
52000	0.42	0.44	0.44	0	0	0.42
52100	0.42	0.44	0.44	0	0	0.42
52200	0.42	0.44	0.44	0	0	0.42
52300	0.42	0.44	0.44	0	0	0.42
52400	0.42	0.44	0.44	0	0	0.42
52500	0.42	0.44	0.44	0	0	0.42
52600	0.42	0.44	0.44	0	0	0.42
52700	0.4	0.46	0.46	0	0	0.4
52800	0.4	0.46	0.46	0	0	0.4
52900	0.4	0.46	0.46	0	0	0.4
53000	0.4	0.46	0.46	0	0	0.4
53100	0.4	0.46	0.46	0	0	0.4
53200	0.4	0.46	0.46	0	0	0.4
53300	0.4	0.46	0.46	0	0	0.4
53400	0.4	0.46	0.46	0	0	0.4
53500	0.4	0.46	0.46	0	0	0.4
53600	0.4	0.46	0.46	0	0	0.4
53700	0.4	0.46	0.46	0	0	0.4
53800	0.4	0.46	0.46	0	0	0.4
53900	0.4	0.5	0.5	0	0	0.4
54000	0.4	0.5	0.5	0	0	0.4
54100	0.4	0.5	0.5	0	0	0.4
54200	0.4	0.5	0.5	0	0	0.4
54300	0.4	0.48	0.48	0	0	0.4
54400	0.4	0.48	0.48	0	0	0.4
54500	0.4	0.48	0.48	0	0	0.4
54600	0.4	0.48	0.48	0	0	0.4
54700	0.4	0.48	0.48	0	0	0.4
54800	0.4	0.48	0.48	0	0	0.4
54900	0.4	0.48	0.48	0	0	0.4
55000	0.4	0.48	0.48	0	0	0.4
55100	0.4	0.48	0.48	0	0	0.4
55200	0.4	0.48	0.48	0	0	0.4
55300	0.4	0.48	0.48	0	0	0.4
55400	0.4	0.48	0.48	0	0	0.4
55500	0.4	0.48	0.48	0	0	0.4
55600	0.4	0.48	0.48	0	0	0.4
55700	0.4	0.48	0.48	0	0	0.4
55800	0.4	0.46	0.46	0	0	0.4
55900	0.4	0.46	0.46	0	0	0.4
56000	0.38	0.46	0.46	0	0	0.38
56100	0.38	0.46	0.46	0	0	0.38
56200	0.4	0.46	0.46	0	0	0.4
56300	0.4	0.46	0.46	0	0	0.4
56400	0.4	0.46	0.46	0	0	0.4
56500	0.4	0.46	0.46	0	0	0.4
56600	0.4	0.46	0.46	0	0	0.4
56700	0.4	0.46	0.46	0	0	0.4
56800	0.4	0.46	0.46	0	0	0.4
56900	0.4	0.46	0.46	0	0	0.4
57000	0.4	0.46	0.46	0	0	0.4
57100	0.4	0.46	0.46	0	0	0.4
57200	0.4	0.46	0.46	0	0	0.4
57300	0.4	0.46	0.46	0	0	0.4
57400	0.4	0.46	0.46	0	0	0.4
57500	0.4	0.46	0.46	0	0	0.4
57600	0.4	0.46	0.46	0	0	0.4
57700	0.4	0.46	0.46	0	0	0.4
57800	0.4	0.46	0.46	0	0	0.4
57900	0.4	0.46	0.46	0	0	0.4
58000	0.4	0.46	0.46	0	0	0.4
58100	0.4	0.46	0.46	0	0	0.4
58200	0.4	0.46	0.46	0	0	0.4
58300	0.4	0.46	0.46	0	0	0.4
58400	0.4	0.46	0.46	0	0	0.4
58500	0.4	0.46	0.46	0	0	0.4
58600	0.4	0.46	0.46	0	0	0.4
58700	0.4	0.46	0.46	0	0	0.4
58800	0.4	0.46	0.46	0	0	0.4
58900	0.4	0.46	0.46	0	0	0.4
59000	0.4	0.46	0.46	0	0	0.4
59100	0.4	0.46	0.46	0	0	0.4
59200	0.4	0.46	0.46	0	0	0.4
59300	0.4	0.46	0.46	0	0	0.4
59400	0.42	0.48	0.48	0	0	0.42
59500	0.42	0.46	0.46	0	0	0.42
59600	0.42	0.46	0.46	0	0	0.42
59700	0.42	0.46	0.46	0	0	0.42
59800	0.42	0.46	0.46	0	0	0.42
59900	0.42	0.46	0.46	0	0	0.42
60000	0.42	0.48	0.48	0	0	0.42
60100	0.42	0.48	0.48	0	0	0.42
60200	0.42	0.48	0.48	0	0	0.42
60300	0.42	0.48	0.48	0	0	0.42
60400	0.42	0.48	0.48	0	0	0.42
60500	0.42	0.48	0.48	0	0	0.42
60600	0.42	0.48	0.48	0	0	0.42
60700	0.42	0.48	0.48	0	0	0.42
60800	0.42	0.5	0.5	0	0	0.42
60900	0.42	0.5	0.5	0	0	0.42
61000	0.42	0.5	0.5	0	0	0.42
61100	0.42	0.5	0.5	0	0	0.42
61200	0.42	0.5	0.5	0	0	0.42
61300	0.42	0.5	0.5	0	0	0.42
61400	0.42	0.5	0.5	0	0	0.42
61500	0.42	0.5	0.5	0	0	0.42
61600	0.42	0.5	0.5	0	0	0.42
61700	0.42	0.5	0.5	0	0	0.42
61800	0.42	0.52	0.52	0	0	0.42
61900	0.42	0.52	0.52	0	0	0.42
62000	0.42	0.52	0.52	0	0	0.42
62100	0.42	0.52	0.52	0	0	0.42
62200	0.42	0.52	0.52	0	0	0.42
62300	0.42	0.52	0.52	0	0	0.42
62400	0.42	0.52	0.52	0	0	0.42
62500	0.42	0.52	0.52	0	0	0.42
62600	0.42	0.52	0.52	0	0	0.42
62700	0.42	0.52	0.52	0	0	0.42
62800	0.42	0.52	0.52	0	0	0.42
62900	0.42	0.52	0.52	0	0	0.42
63000	0.42	0.52	0.52	0	0	0.42
63100	0.42	0.52	0.52	0	0	0.42
63200	0.42	0.52	0.52	0	0	0.42
63300	0.42	0.52	0.52	0	0	0.42
63400	0.42	0.54	0.54	0	0	0.42
63500	0.42	0.54	0.54	0	0	0.42
63600	0.42	0.54	0.54	0	0	0.42
63700	0.42	0.54	0.54	0	0	0.42
63800	0.42	0.54	0.54	0	0	0.42
63900	0.42	0.54	0.54	0	0	0.42
64000	0.42	0.54	0.54	0	0	0.42
64100	0.42	0.54	0.54	0	0	0.42
64200	0.42	0.54	0.54	0	0	0.42
64300	0.42	0.54	0.54	0	0	0.42
64400	0.42	0.54	0.54	0	0	0.42
64500	0.42	0.54	0.54	0	0	0.42
64600	0.42	0.54	0.54	0	0	0.42
64700	0.42	0.54	0.54	0	0	0.42
64800	0.42	0.54	0.54	0	0	0.42
64900	0.42	0.54	0.54	0	0	0.42
65000	0.42	0.54	0.54	0	0	0.42
65100	0.42	0.54	0.54	0	0	0.42
65200	0.42	0.54	0.54	0	0	0.42
65300	0.42	0.54	0.54	0	0	0.42
65400	0.42	0.54	0.54	0	0	0.42
65500	0.42	0.54	0.54	0	0	0.42
65600	0.42	0.54	0.54	0	0	0.42
65700	0.42	0.54	0.54	0	0	0.42
65800	0.42	0.54	0.54	0	0	0.42
65900	0.42	0.54	0.54	0	0	0.42
66000	0.42	0.54	0.54	0	0	0.42
66100	0.42	0.54	0.54	0	0	0.42
66200	0.42	0.54	0.54	0	0	0.42
66300	0.42	0.54	0.54	0	0	0.42
66400	0.42	0.54	0.54	0	0	0.42
66500	0.42	0.54	0.54	0	0	0.42
66600	0.42	0.56	0.56	0	0	0.42
66700	0.42	0.56	0.56	0	0	0.42
66800	0.42	0.56	0.56	0	0	0.42
66900	0.42	0.56	0.56	0	0	0.42
67000	0.42	0.56	0.56	0	0	0.42
67100	0.42	0.56	0.56	0	0	0.42
67200	0.42	0.56	0.56	0	0	0.42
67300	0.42	0.56	0.56	0	0	0.42
67400	0.42	0.56	0.56	0	0	0.42
67500	0.42	0.56	0.56	0	0	0.42
67600	0.42	0.56	0.56	0	0	0.42
67700	0.42	0.56	0.56	0	0	0.42
67800	0.42	0.56	0.56	0	0	0.42
67900	0.42	0.56	0.56	0	0	0.42
68000	0.42	0.56	0.56	0	0	0.42
68100	0.42	0.56	0.56	0	0	0.42
68200	0.42	0.56	0.56	0	0	0.42
68300	0.42	0.56	0.56	0	0	0.42
68400	0.42	0.56	0.56	0	0	0.42
68500	0.42	0.56	0.56	0	0	0.42
68600	0.42	0.56	0.56	0	0	0.42
68700	0.42	0.56	0.56	0	0	0.42
68800	0.42	0.56	0.56	0	0	0.42
68900	0.42	0.56	0.56	0	0	0.42
69000	0.42	0.56	0.56	0	0	0.42
69100	0.42	0.56	0.56	0	0	0.42
69200	0.42	0.56	0.56	0	0	0.42
69300	0.42	0.56	0.56	0	0	0.42
69400	0.42	0.56	0.56	0	0	0.42
69500	0.42	0.56	0.56	0	0	0.42
69600	0.42	0.56	0.56	0	0	0.42
69700	0.42	0.56	0.56	0	0	0.42
69800	0.42	0.56	0.56	0	0	0.42
69900	0.42	0.56	0.56	0	0	0.42
70000	0.42	0.56	0.56	0	0	0.42
70100	0.42	0.56	0.56	0	0	0.42
70200	0.42	0.56	0.56	0	0	0.42
70300	0.42	0.56	0.56	0	0	0.42
70400	0.42	0.56	0.56	0	0	0.42
70500	0.42	0.56	0.56	0	0	0.42
70600	0.42	0.56	0.56	0	0	0.42
70700	0.42	0.56	0.56	0	0	0.42
70800	0.42	0.56	0.56	0	0	0.42
70900	0.42	0.56	0.56	0	0	0.42
71000	0.42	0.56	0.56	0	0	0.42
71100	0.42	0.56	0.56	0	0	0.42
71200	0.42	0.56	0.56	0	0	0.42
71300	0.42	0.54	0.54	0	0	0.42
71400	0.42	0.54	0.54	0	0	0.42
71500	0.42	0.54	0.54	0	0	0.42
71600	0.42	0.54	0.54	0	0	0.42
71700	0.42	0.54	0.54	0	0	0.42
71800	0.42	0.54	0.54	0	0	0.42
71900	0.42	0.54	0.54	0	0	0.42
72000	0.42	0.54	0.54	0	0	0.42
72100	0.42	0.54	0.54	0	0	0.42
72200	0.42	0.54	0.54	0	0	0.42
72300	0.4	0.54	0.54	0	0	0.4
72400	0.4	0.54	0.54	0	0	0.4
72500	0.4	0.54	0.54	0	0	0.4
72600	0.4	0.54	0.54	0	0	0.4
72700	0.4	0.54	0.54	0	0	0.4
72800	0.4	0.54	0.54	0	0	0.4
72900	0.4	0.54	0.54	0	0	0.4
73000	0.4	0.54	0.54	0	0	0.4
73100	0.4	0.54	0.54	0	0	0.4
73200	0.4	0.54	0.54	0	0	0.4
73300	0.4	0.54	0.54	0	0	0.4
73400	0.4	0.54	0.54	0	0	0.4
73500	0.4	0.54	0.54	0	0	0.4
73600	0.4	0.54	0.54	0	0	0.4
73700	0.4	0.54	0.54	0	0	0.4
73800	0.4	0.54	0.54	0	0	0.4
73900	0.4	0.54	0.54	0	0	0.4
74000	0.4	0.54	0.54	0	0	0.4
74100	0.4	0.54	0.54	0	0	0.4
74200	0.4	0.54	0.54	0	0	0.4
74300	0.4	0.54	0.54	0	0	0.4
74400	0.4	0.54	0.54	0	0	0.4
74500	0.4	0.54	0.54	0	0	0.4
74600	0.4	0.54	0.54	0	0	0.4
74700	0.4	0.54	0.54	0	0	0.4
74800	0.4	0.54	0.54	0	0	0.4
74900	0.4	0.54	0.54	0	0	0.4
75000	0.4	0.54	0.54	0	0	0.4
75100	0.4	0.54	0.54	0	0	0.4
75200	0.4	0.54	0.54	0	0	0.4
75300	0.4	0.54	0.54	0	0	0.4
75400	0.4	0.54	0.54	0	0	0.4
75500	0.4	0.54	0.54	0	0	0.4
75600	0.4	0.54	0.54	0	0	0.4
75700	0.4	0.54	0.54	0	0	0.4
75800	0.4	0.54	0.54	0	0	0.4
75900	0.4	0.54	0.54	0	0	0.4
76000	0.4	0.54	0.54	0	0	0.4
76100	0.4	0.52	0.52	0	0	0.4
76200	0.4	0.52	0.52	0	0	0.4
76300	0.4	0.52	0.52	0	0	0.4
76400	0.4	0.52	0.52	0	0	0.4
76500	0.4	0.52	0.52	0	0	0.4
76600	0.4	0.52	0.52	0	0	0.4
76700	0.4	0.52	0.52	0	0	0.4
76800	0.4	0.52	0.52	0	0	0.4
76900	0.4	0.52	0.52	0	0	0.4
77000	0.4	0.52	0.52	0	0	0.4
77100	0.4	0.52	0.52	0	0	0.4
77200	0.4	0.52	0.52	0	0	0.4
77300	0.4	0.52	0.52	0	0	0.4
77400	0.4	0.52	0.52	0	0	0.4
77500	0.4	0.52	0.52	0	0	0.4
77600	0.4	0.52	0.52	0	0	0.4
77700	0.4	0.52	0.52	0	0	0.4
77800	0.4	0.52	0.52	0	0	0.4
77900	0.4	0.52	0.52	0	0	0.4
78000	0.4	0.52	0.52	0	0	0.4
78100	0.4	0.52	0.52	0	0	0.4
78200	0.4	0.52	0.52	0	0	0.4
78300	0.4	0.52	0.52	0	0	0.4
78400	0.4	0.52	0.52	0	0	0.4
78500	0.4	0.54	0.54	0	0	0.4
78600	0.42	0.54	0.54	0	0	0.42
78700	0.42	0.54	0.54	0	0	0.42
78800	0.42	0.54	0.54	0	0	0.42
78900	0.42	0.54	0.54	0	0	0.42
79000	0.42	0.54	0.54	0	0	0.42
79100	0.42	0.54	0.54	0	0	0.42
79200	0.42	0.54	0.54	0	0	0.42
79300	0.42	0.54	0.54	0	0	0.42
79400	0.42	0.54	0.54	0	0	0.42
79500	0.42	0.54	0.54	0	0	0.42
79600	0.42	0.54	0.54	0	0	0.42
79700	0.42	0.54	0.54	0	0	0.42
79800	0.44	0.54	0.54	0	0	0.44
79900	0.44	0.54	0.54	0	0	0.44
80000	0.42	0.54	0.54	0	0	0.42
80100	0.42	0.54	0.54	0	0	0.42
80200	0.42	0.54	0.54	0	0	0.42
80300	0.42	0.54	0.54	0	0	0.42
80400	0.42	0.54	0.54	0	0	0.42
80500	0.42	0.54	0.54	0	0	0.42
80600	0.42	0.54	0.54	0	0	0.42
80700	0.42	0.54	0.54	0	0	0.42
80800	0.42	0.54	0.54	0	0	0.42
80900	0.42	0.54	0.54	0	0	0.42
81000	0.42	0.54	0.54	0	0	0.42
81100	0.42	0.54	0.54	0	0	0.42
81200	0.42	0.54	0.54	0	0	0.42
81300	0.42	0.54	0.54	0	0	0.42
81400	0.42	0.54	0.54	0	0	0.42
81500	0.42	0.54	0.54	0	0	0.42
81600	0.42	0.54	0.54	0	0	0.42
81700	0.42	0.54	0.54	0	0	0.42
81800	0.42	0.54	0.54	0	0	0.42
81900	0.42	0.54	0.54	0	0	0.42
82000	0.42	0.54	0.54	0	0	0.42
82100	0.42	0.52	0.52	0	0	0.42
82200	0.42	0.52	0.52	0	0	0.42
82300	0.42	0.52	0.52	0	0	0.42
82400	0.42	0.52	0.52	0	0	0.42
82500	0.42	0.52	0.52	0	0	0.42
82600	0.42	0.52	0.52	0	0	0.42
82700	0.44	0.52	0.52	0	0	0.44
82800	0.44	0.52	0.52	0	0	0.44
82900	0.44	0.52	0.52	0	0	0.44
83000	0.44	0.52	0.52	0	0	0.44
83100	0.44	0.52	0.52	0	0	0.44
83200	0.44	0.52	0.52	0	0	0.44
83300	0.44	0.52	0.52	0	0	0.44
83400	0.44	0.52	0.52	0	0	0.44
83500	0.44	0.52	0.52	0	0	0.44
83600	0.44	0.52	0.52	0	0	0.44
83700	0.44	0.52	0.52	0	0	0.44
83800	0.46	0.52	0.52	0	0	0.46
83900	0.46	0.52	0.52	0	0	0.46
84000	0.46	0.52	0.52	0	0	0.46
84100	0.46	0.52	0.52	0	0	0.46
84200	0.46	0.52	0.52	0	0	0.46
84300	0.46	0.52	0.52	0	0	0.46
84400	0.46	0.52	0.52	0	0	0.46
84500	0.46	0.52	0.52	0	0	0.46
84600	0.46	0.52	0.52	0	0	0.46
84700	0.46	0.52	0.52	0	0	0.46
84800	0.46	0.52	0.52	0	0	0.46
84900	0.46	0.52	0.52	0	0	0.46
85000	0.46	0.52	0.52	0	0	0.46
85100	0.46	0.52	0.52	0	0	0.46
85200	0.46	0.52	0.52	0	0	0.46
85300	0.46	0.52	0.52	0	0	0.46
85400	0.46	0.52	0.52	0	0	0.46
85500	0.46	0.52	0.52	0	0	0.46
85600	0.46	0.52	0.52	0	0	0.46
85700	0.46	0.52	0.52	0	0	0.46
85800	0.46	0.52	0.52	0	0	0.46
85900	0.46	0.52	0.52	0	0	0.46
86000	0.46	0.52	0.52	0	0	0.46
86100	0.46	0.52	0.52	0	0	0.46
86200	0.46	0.52	0.52	0	0	0.46
86300	0.46	0.52	0.52	0	0	0.46
86400	0.46	0.52	0.52	0	0	0.46
86500	0.46	0.52	0.52	0	0	0.46
86600	0.46	0.52	0.52	0	0	0.46
86700	0.46	0.52	0.52	0	0	0.46
86800	0.46	0.52	0.52	0	0	0.46
86900	0.46	0.52	0.52	0	0	0.46
87000	0.46	0.52	0.52	0	0	0.46
87100	0.46	0.52	0.52	0	0	0.46
87200	0.46	0.52	0.52	0	0	0.46
87300	0.46	0.52	0.52	0	0	0.46
87400	0.46	0.52	0.52	0	0	0.46
87500	0.46	0.52	0.52	0	0	0.46
87600	0.46	0.52	0.52	0	0	0.46
87700	0.46	0.52	0.52	0	0	0.46
87800	0.46	0.52	0.52	0	0	0.46
87900	0.46	0.52	0.52	0	0	0.46
88000	0.46	0.52	0.52	0	0	0.46
88100	0.46	0.52	0.52	0	0	0.46
88200	0.46	0.52	0.52	0	0	0.46
88300	0.46	0.52	0.52	0	0	0.46
88400	0.46	0.52	0.52	0	0	0.46
88500	0.46	0.52	0.52	0	0	0.46
88600	0.46	0.52	0.52	0	0	0.46
88700	0.46	0.52	0.52	0	0	0.46
88800	0.46	0.52	0.52	0	0	0.46
88900	0.46	0.52	0.52	0	0	0.46
89000	0.46	0.52	0.52	0	0	0.46
89100	0.46	0.52	0.52	0	0	0.46
89200	0.46	0.52	0.52	0	0	0.46
89300	0.46	0.52	0.52	0	0	0.46
89400	0.46	0.52	0.52	0	0	0.46
89500	0.46	0.52	0.52	0	0	0.46
89600	0.46	0.52	0.52	0	0	0.46
89700	0.46	0.52	0.52	0	0	0.46
89800	0.46	0.52	0.52	0	0	0.46
89900	0.46	0.52	0.52	0	0	0.46
90000	0.46	0.52	0.52	0	0	0.46
90100	0.46	0.52	0.52	0	0	0.46
90200	0.46	0.52	0.52	0	0	0.46
90300	0.46	0.52	0.52	0	0	0.46
90400	0.46	0.52	0.52	0	0	0.46
90500	0.46	0.52	0.52	0	0	0.46
90600	0.46	0.52	0.52	0	0	0.46
90700	0.46	0.52	0.52	0	0	0.46
90800	0.46	0.52	0.52	0	0	0.46
90900	0.46	0.52	0.52	0	0	0.46
91000	0.46	0.52	0.52	0	0	0.46
91100	0.46	0.52	0.52	0	0	0.46
91200	0.46	0.52	0.52	0	0	0.46
91300	0.46	0.52	0.52	0	0	0.46
91400	0.46	0.52	0.52	0	0	0.46
91500	0.44	0.52	0.52	0	0	0.44
91600	0.44	0.52	0.52	0	0	0.44
91700	0.44	0.52	0.52	0	0	0.44
91800	0.44	0.52	0.52	0	0	0.44
91900	0.44	0.52	0.52	0	0	0.44
92000	0.44	0.52	0.52	0	0	0.44
92100	0.44	0.52	0.52	0	0	0.44
92200	0.44	0.52	0.52	0	0	0.44
92300	0.44	0.52	0.52	0	0	0.44
92400	0.44	0.52	0.52	0	0	0.44
92500	0.44	0.52	0.52	0	0	0.44
92600	0.44	0.52	0.52	0	0	0.44
92700	0.44	0.52	0.52	0	0	0.44
92800	0.44	0.52	0.52	0	0	0.44
92900	0.44	0.52	0.52	0	0	0.44
93000	0.44	0.52	0.52	0	0	0.44
93100	0.44	0.52	0.52	0	0	0.44
93200	0.44	0.52	0.52	0	0	0.44
93300	0.44	0.52	0.52	0	0	0.44
93400	0.44	0.52	0.52	0	0	0.44
93500	0.44	0.52	0.52	0	0	0.44
93600	0.44	0.52	0.52	0	0	0.44
93700	0.44	0.52	0.52	0	0	0.44
93800	0.44	0.52	0.52	0	0	0.44
93900	0.44	0.52	0.52	0	0	0.44
94000	0.44	0.52	0.52	0	0	0.44
94100	0.44	0.52	0.52	0	0	0.44
94200	0.44	0.52	0.52	0	0	0.44
94300	0.44	0.52	0.52	0	0	0.44
94400	0.44	0.52	0.52	0	0	0.44
94500	0.44	0.52	0.52	0	0	0.44
94600	0.44	0.52	0.52	0	0	0.44
94700	0.44	0.52	0.52	0	0	0.44
94800	0.44	0.52	0.52	0	0	0.44
94900	0.44	0.52	0.52	0	0	0.44
95000	0.44	0.52	0.52	0	0	0.44
95100	0.44	0.52	0.52	0	0	0.44
95200	0.44	0.52	0.52	0	0	0.44
95300	0.44	0.52	0.52	0	0	0.44
95400	0.44	0.52	0.52	0	0	0.44
95500	0.44	0.52	0.52	0	0	0.44
95600	0.44	0.52	0.52	0	0	0.44
95700	0.44	0.52	0.52	0	0	0.44
95800	0.44	0.52	0.52	0	0	0.44
95900	0.44	0.52	0.52	0	0	0.44
96000	0.44	0.52	0.52	0	0	0.44
96100	0.44	0.52	0.52	0	0	0.44
96200	0.44	0.52	0.52	0	0	0.44
96300	0.44	0.52	0.52	0	0	0.44
96400	0.44	0.52	0.52	0	0	0.44
96500	0.44	0.52	0.52	0	0	0.44
96600	0.44	0.52	0.52	0	0	0.44
96700	0.44	0.52	0.52	0	0	0.44
96800	0.44	0.52	0.52	0	0	0.44
96900	0.44	0.52	0.52	0	0	0.44
97000	0.44	0.52	0.52	0	0	0.44
97100	0.44	0.52	0.52	0	0	0.44
97200	0.44	0.52	0.52	0	0	0.44
97300	0.44	0.52	0.52	0	0	0.44
97400	0.44	0.52	0.52	0	0	0.44
97500	0.44	0.52	0.52	0	0	0.44
97600	0.44	0.5	0.5	0	0	0.44
97700	0.44	0.5	0.5	0	0	0.44
97800	0.44	0.5	0.5	0	0	0.44
97900	0.44	0.5	0.5	0	0	0.44
98000	0.44	0.5	0.5	0	0	0.44
98100	0.44	0.5	0.5	0	0	0.44
98200	0.44	0.5	0.5	0	0	0.44
98300	0.44	0.5	0.5	0	0	0.44
98400	0.44	0.5	0.5	0	0	0.44
98500	0.44	0.5	0.5	0	0	0.44
98600	0.44	0.5	0.5	0	0	0.44
98700	0.44	0.5	0.5	0	0	0.44
98800	0.44	0.5	0.5	0	0	0.44
98900	0.44	0.5	0.5	0	0	0.44
99000	0.44	0.5	0.5	0	0	0.44
99100	0.44	0.5	0.5	0	0	0.44
99200	0.44	0.5	0.5	0	0	0.44
99300	0.44	0.5	0.5	0	0	0.44
99400	0.44	0.5	0.5	0	0	0.44
99500	0.42	0.5	0.5	0	0	0.42
99600	0.42	0.5	0.5	0	0	0.42
99700	0.42	0.5	0.5	0	0	0.42
99800	0.42	0.5	0.5	0	0	0.42
99900	0.42	0.48	0.48	0	0	0.42
100000	0.42	0.48	0.48	0	0	0.42
