100	0.18	0.08	0.08	0	0	0.18
200	0.2	0.1	0.1	0	0	0.2
300	0.2	0.12	0.12	0	0	0.2
400	0.2	0.12	0.12	0	0	0.2
500	0.2	0.12	0.12	0	0	0.2
600	0.2	0.12	0.12	0	0	0.2
700	0.2	0.12	0.12	0	0	0.2
800	0.2	0.12	0.12	0	0	0.2
900	0.2	0.12	0.12	0	0	0.2
1000	0.22	0.16	0.16	0	0	0.22
1100	0.22	0.16	0.16	0	0	0.22
1200	0.24	0.16	0.16	0	0	0.24
1300	0.22	0.16	0.16	0	0	0.22
1400	0.22	0.16	0.16	0	0	0.22
1500	0.22	0.18	0.18	0	0	0.22
1600	0.22	0.2	0.2	0	0	0.22
1700	0.24	0.22	0.22	0	0	0.24
1800	0.24	0.22	0.22	0	0	0.24
1900	0.24	0.24	0.24	0	0	0.24
2000	0.24	0.26	0.26	0	0	0.24
2100	0.24	0.28	0.28	0	0	0.24
2200	0.24	0.28	0.28	0	0	0.24
2300	0.26	0.3	0.3	0	0	0.26
2400	0.28	0.3	0.3	0	0	0.28
2500	0.28	0.3	0.3	0	0	0.28
2600	0.28	0.3	0.3	0	0	0.28
2700	0.3	0.3	0.3	0	0	0.3
2800	0.3	0.3	0.3	0	0	0.3
2900	0.3	0.3	0.3	0	0	0.3
3000	0.32	0.3	0.3	0	0	0.32
3100	0.32	0.34	0.34	0	0	0.32
3200	0.32	0.34	0.34	0	0	0.32
3300	0.34	0.34	0.34	0	0	0.34
3400	0.34	0.34	0.34	0	0	0.34
3500	0.34	0.34	0.34	0	0	0.34
3600	0.34	0.32	0.32	0	0	0.34
3700	0.32	0.32	0.32	0	0	0.32
3800	0.32	0.34	0.34	0	0	0.32
3900	0.32	0.34	0.34	0	0	0.32
4000	0.32	0.34	0.34	0	0	0.32
4100	0.32	0.34	0.34	0	0	0.32
4200	0.32	0.34	0.34	0	0	0.32
4300	0.3	0.34	0.34	0	0	0.3
4400	0.3	0.34	0.34	0	0	0.3
4500	0.3	0.36	0.36	0	0	0.3
4600	0.3	0.36	0.36	0	0	0.3
4700	0.3	0.36	0.36	0	0	0.3
4800	0.3	0.36	0.36	0	0	0.3
4900	0.3	0.38	0.38	0	0	0.3
5000	0.3	0.38	0.38	0	0	0.3
5100	0.3	0.38	0.38	0	0	0.3
5200	0.3	0.38	0.38	0	0	0.3
5300	0.3	0.38	0.38	0	0	0.3
5400	0.3	0.38	0.38	0	0	0.3
5500	0.3	0.38	0.38	0	0	0.3
5600	0.3	0.4	0.4	0	0	0.3
5700	0.3	0.4	0.4	0	0	0.3
5800	0.3	0.4	0.4	0	0	0.3
5900	0.3	0.4	0.4	0	0	0.3
6000	0.32	0.38	0.38	0	0	0.32
6100	0.32	0.38	0.38	0	0	0.32
6200	0.32	0.36	0.36	0	0	0.32
6300	0.32	0.36	0.36	0	0	0.32
6400	0.32	0.36	0.36	0	0	0.32
6500	0.34	0.36	0.36	0	0	0.34
6600	0.34	0.36	0.36	0	0	0.34
6700	0.34	0.36	0.36	0	0	0.34
6800	0.34	0.38	0.38	0	0	0.34
6900	0.34	0.38	0.38	0	0	0.34
7000	0.34	0.38	0.38	0	0	0.34
7100	0.34	0.38	0.38	0	0	0.34
7200	0.34	0.38	0.38	0	0	0.34
7300	0.34	0.38	0.38	0	0	0.34
7400	0.34	0.4	0.4	0	0	0.34
7500	0.34	0.4	0.4	0	0	0.34
7600	0.34	0.4	0.4	0	0	0.34
7700	0.34	0.4	0.4	0	0	0.34
7800	0.34	0.4	0.4	0	0	0.34
7900	0.34	0.4	0.4	0	0	0.34
8000	0.34	0.4	0.4	0	0	0.34
8100	0.34	0.4	0.4	0	0	0.34
8200	0.34	0.38	0.38	0	0	0.34
8300	0.34	0.4	0.4	0	0	0.34
8400	0.34	0.4	0.4	0	0	0.34
8500	0.34	0.42	0.42	0	0	0.34
8600	0.34	0.42	0.42	0	0	0.34
8700	0.34	0.44	0.44	0	0	0.34
8800	0.34	0.44	0.44	0	0	0.34
8900	0.34	0.46	0.46	0	0	0.34
9000	0.34	0.44	0.44	0	0	0.34
9100	0.34	0.44	0.44	0	0	0.34
9200	0.34	0.44	0.44	0	0	0.34
9300	0.34	0.42	0.42	0	0	0.34
9400	0.34	0.42	0.42	0	0	0.34
9500	0.34	0.42	0.42	0	0	0.34
9600	0.34	0.42	0.42	0	0	0.34
9700	0.34	0.44	0.44	0	0	0.34
9800	0.34	0.44	0.44	0	0	0.34
9900	0.34	0.42	0.42	0	0	0.34
10000	0.34	0.42	0.42	0	0	0.34
10100	0.34	0.42	0.42	0	0	0.34
10200	0.34	0.42	0.42	0	0	0.34
10300	0.34	0.42	0.42	0	0	0.34
10400	0.34	0.42	0.42	0	0	0.34
10500	0.34	0.42	0.42	0	0	0.34
10600	0.34	0.42	0.42	0	0	0.34
10700	0.34	0.42	0.42	0	0	0.34
10800	0.34	0.42	0.42	0	0	0.34
10900	0.34	0.42	0.42	0	0	0.34
11000	0.36	0.44	0.44	0	0	0.36
11100	0.36	0.44	0.44	0	0	0.36
11200	0.36	0.44	0.44	0	0	0.36
11300	0.36	0.44	0.44	0	0	0.36
11400	0.36	0.44	0.44	0	0	0.36
11500	0.36	0.44	0.44	0	0	0.36
11600	0.36	0.44	0.44	0	0	0.36
11700	0.36	0.44	0.44	0	0	0.36
11800	0.36	0.44	0.44	0	0	0.36
11900	0.36	0.44	0.44	0	0	0.36
12000	0.36	0.44	0.44	0	0	0.36
12100	0.36	0.42	0.42	0	0	0.36
12200	0.36	0.42	0.42	0	0	0.36
12300	0.36	0.42	0.42	0	0	0.36
12400	0.36	0.42	0.42	0	0	0.36
12500	0.36	0.42	0.42	0	0	0.36
12600	0.36	0.42	0.42	0	0	0.36
12700	0.36	0.42	0.42	0	0	0.36
12800	0.36	0.42	0.42	0	0	0.36
12900	0.36	0.42	0.42	0	0	0.36
13000	0.36	0.42	0.42	0	0	0.36
13100	0.36	0.42	0.42	0	0	0.36
13200	0.36	0.42	0.42	0	0	0.36
13300	0.36	0.42	0.42	0	0	0.36
13400	0.36	0.42	0.42	0	0	0.36
13500	0.36	0.42	0.42	0	0	0.36
13600	0.36	0.42	0.42	0	0	0.36
13700	0.36	0.42	0.42	0	0	0.36
13800	0.36	0.44	0.44	0	0	0.36
13900	0.36	0.44	0.44	0	0	0.36
14000	0.36	0.44	0.44	0	0	0.36
14100	0.38	0.44	0.44	0	0	0.38
14200	0.38	0.44	0.44	0	0	0.38
14300	0.4	0.44	0.44	0	0	0.4
14400	0.4	0.44	0.44	0	0	0.4
14500	0.4	0.44	0.44	0	0	0.4
14600	0.4	0.44	0.44	0	0	0.4
14700	0.4	0.44	0.44	0	0	0.4
14800	0.4	0.44	0.44	0	0	0.4
14900	0.4	0.44	0.44	0	0	0.4
15000	0.4	0.44	0.44	0	0	0.4
15100	0.4	0.44	0.44	0	0	0.4
15200	0.4	0.44	0.44	0	0	0.4
15300	0.4	0.44	0.44	0	0	0.4
15400	0.4	0.44	0.44	0	0	0.4
15500	0.4	0.44	0.44	0	0	0.4
15600	0.4	0.44	0.44	0	0	0.4
15700	0.4	0.44	0.44	0	0	0.4
15800	0.4	0.44	0.44	0	0	0.4
15900	0.4	0.44	0.44	0	0	0.4
16000	0.4	0.44	0.44	0	0	0.4
16100	0.4	0.44	0.44	0	0	0.4
16200	0.4	0.44	0.44	0	0	0.4
16300	0.4	0.46	0.46	0	0	0.4
16400	0.4	0.46	0.46	0	0	0.4
16500	0.38	0.46	0.46	0	0	0.38
16600	0.38	0.44	0.44	0	0	0.38
16700	0.36	0.44	0.44	0	0	0.36
16800	0.36	0.42	0.42	0	0	0.36
16900	0.36	0.42	0.42	0	0	0.36
17000	0.36	0.42	0.42	0	0	0.36
17100	0.38	0.42	0.42	0	0	0.38
17200	0.38	0.42	0.42	0	0	0.38
17300	0.38	0.42	0.42	0	0	0.38
17400	0.38	0.42	0.42	0	0	0.38
17500	0.38	0.42	0.42	0	0	0.38
17600	0.38	0.42	0.42	0	0	0.38
17700	0.38	0.42	0.42	0	0	0.38
17800	0.38	0.42	0.42	0	0	0.38
17900	0.38	0.42	0.42	0	0	0.38
18000	0.38	0.44	0.44	0	0	0.38
18100	0.38	0.46	0.46	0	0	0.38
18200	0.38	0.46	0.46	0	0	0.38
18300	0.38	0.46	0.46	0	0	0.38
18400	0.38	0.48	0.48	0	0	0.38
18500	0.38	0.5	0.5	0	0	0.38
18600	0.38	0.5	0.5	0	0	0.38
18700	0.38	0.5	0.5	0	0	0.38
18800	0.38	0.5	0.5	0	0	0.38
18900	0.4	0.5	0.5	0	0	0.4
19000	0.4	0.5	0.5	0	0	0.4
19100	0.4	0.5	0.5	0	0	0.4
19200	0.4	0.5	0.5	0	0	0.4
19300	0.4	0.5	0.5	0	0	0.4
19400	0.4	0.5	0.5	0	0	0.4
19500	0.4	0.5	0.5	0	0	0.4
19600	0.38	0.5	0.5	0	0	0.38
19700	0.38	0.5	0.5	0	0	0.38
19800	0.38	0.52	0.52	0	0	0.38
19900	0.38	0.52	0.52	0	0	0.38
20000	0.38	0.52	0.52	0	0	0.38
20100	0.38	0.52	0.52	0	0	0.38
20200	0.38	0.52	0.52	0	0	0.38
20300	0.38	0.52	0.52	0	0	0.38
20400	0.38	0.52	0.52	0	0	0.38
20500	0.36	0.52	0.52	0	0	0.36
20600	0.36	0.52	0.52	0	0	0.36
20700	0.36	0.52	0.52	0	0	0.36
20800	0.36	0.52	0.52	0	0	0.36
20900	0.36	0.52	0.52	0	0	0.36
21000	0.36	0.52	0.52	0	0	0.36
21100	0.36	0.52	0.52	0	0	0.36
21200	0.36	0.54	0.54	0	0	0.36
21300	0.36	0.52	0.52	0	0	0.36
21400	0.36	0.52	0.52	0	0	0.36
21500	0.36	0.52	0.52	0	0	0.36
21600	0.36	0.52	0.52	0	0	0.36
21700	0.36	0.52	0.52	0	0	0.36
21800	0.34	0.52	0.52	0	0	0.34
21900	0.34	0.54	0.54	0	0	0.34
22000	0.34	0.5	0.5	0	0	0.34
22100	0.34	0.5	0.5	0	0	0.34
22200	0.34	0.5	0.5	0	0	0.34
22300	0.34	0.48	0.48	0	0	0.34
22400	0.34	0.5	0.5	0	0	0.34
22500	0.34	0.5	0.5	0	0	0.34
22600	0.34	0.5	0.5	0	0	0.34
22700	0.34	0.5	0.5	0	0	0.34
22800	0.34	0.5	0.5	0	0	0.34
22900	0.34	0.5	0.5	0	0	0.34
23000	0.34	0.5	0.5	0	0	0.34
23100	0.34	0.5	0.5	0	0	0.34
23200	0.34	0.5	0.5	0	0	0.34
23300	0.34	0.5	0.5	0	0	0.34
23400	0.34	0.52	0.52	0	0	0.34
23500	0.34	0.52	0.52	0	0	0.34
23600	0.34	0.54	0.54	0	0	0.34
23700	0.34	0.54	0.54	0	0	0.34
23800	0.34	0.54	0.54	0	0	0.34
23900	0.36	0.54	0.54	0	0	0.36
24000	0.36	0.54	0.54	0	0	0.36
24100	0.36	0.54	0.54	0	0	0.36
24200	0.36	0.54	0.54	0	0	0.36
24300	0.36	0.54	0.54	0	0	0.36
24400	0.36	0.54	0.54	0	0	0.36
24500	0.38	0.54	0.54	0	0	0.38
24600	0.38	0.54	0.54	0	0	0.38
24700	0.38	0.52	0.52	0	0	0.38
24800	0.38	0.54	0.54	0	0	0.38
24900	0.38	0.54	0.54	0	0	0.38
25000	0.38	0.54	0.54	0	0	0.38
25100	0.38	0.54	0.54	0	0	0.38
25200	0.38	0.54	0.54	0	0	0.38
25300	0.38	0.54	0.54	0	0	0.38
25400	0.38	0.52	0.52	0	0	0.38
25500	0.38	0.52	0.52	0	0	0.38
25600	0.38	0.52	0.52	0	0	0.38
25700	0.38	0.54	0.54	0	0	0.38
25800	0.38	0.52	0.52	0	0	0.38
25900	0.38	0.54	0.54	0	0	0.38
26000	0.38	0.54	0.54	0	0	0.38
26100	0.4	0.54	0.54	0	0	0.4
26200	0.4	0.54	0.54	0	0	0.4
26300	0.4	0.54	0.54	0	0	0.4
26400	0.4	0.54	0.54	0	0	0.4
26500	0.4	0.54	0.54	0	0	0.4
26600	0.4	0.54	0.54	0	0	0.4
26700	0.4	0.54	0.54	0	0	0.4
26800	0.4	0.54	0.54	0	0	0.4
26900	0.4	0.54	0.54	0	0	0.4
27000	0.4	0.54	0.54	0	0	0.4
27100	0.4	0.54	0.54	0	0	0.4
27200	0.4	0.54	0.54	0	0	0.4
27300	0.4	0.54	0.54	0	0	0.4
27400	0.38	0.54	0.54	0	0	0.38
27500	0.38	0.54	0.54	0	0	0.38
27600	0.38	0.54	0.54	0	0	0.38
27700	0.38	0.54	0.54	0	0	0.38
27800	0.38	0.54	0.54	0	0	0.38
27900	0.38	0.54	0.54	0	0	0.38
28000	0.38	0.54	0.54	0	0	0.38
28100	0.38	0.52	0.52	0	0	0.38
28200	0.38	0.52	0.52	0	0	0.38
28300	0.38	0.52	0.52	0	0	0.38
28400	0.38	0.52	0.52	0	0	0.38
28500	0.38	0.52	0.52	0	0	0.38
28600	0.38	0.52	0.52	0	0	0.38
28700	0.38	0.52	0.52	0	0	0.38
28800	0.38	0.52	0.52	0	0	0.38
28900	0.4	0.52	0.52	0	0	0.4
29000	0.4	0.52	0.52	0	0	0.4
29100	0.4	0.52	0.52	0	0	0.4
29200	0.4	0.52	0.52	0	0	0.4
29300	0.4	0.52	0.52	0	0	0.4
29400	0.4	0.52	0.52	0	0	0.4
29500	0.4	0.5	0.5	0	0	0.4
29600	0.4	0.5	0.5	0	0	0.4
29700	0.4	0.5	0.5	0	0	0.4
29800	0.4	0.5	0.5	0	0	0.4
29900	0.4	0.5	0.5	0	0	0.4
30000	0.4	0.5	0.5	0	0	0.4
30100	0.4	0.5	0.5	0	0	0.4
30200	0.4	0.5	0.5	0	0	0.4
30300	0.4	0.52	0.52	0	0	0.4
30400	0.4	0.52	0.52	0	0	0.4
30500	0.4	0.52	0.52	0	0	0.4
30600	0.4	0.52	0.52	0	0	0.4
30700	0.4	0.52	0.52	0	0	0.4
30800	0.4	0.52	0.52	0	0	0.4
30900	0.4	0.52	0.52	0	0	0.4
31000	0.4	0.52	0.52	0	0	0.4
31100	0.4	0.52	0.52	0	0	0.4
31200	0.4	0.52	0.52	0	0	0.4
31300	0.4	0.52	0.52	0	0	0.4
31400	0.4	0.52	0.52	0	0	0.4
31500	0.4	0.52	0.52	0	0	0.4
31600	0.4	0.52	0.52	0	0	0.4
31700	0.4	0.52	0.52	0	0	0.4
31800	0.4	0.52	0.52	0	0	0.4
31900	0.4	0.52	0.52	0	0	0.4
32000	0.4	0.52	0.52	0	0	0.4
32100	0.4	0.52	0.52	0	0	0.4
32200	0.4	0.52	0.52	0	0	0.4
32300	0.4	0.52	0.52	0	0	0.4
32400	0.4	0.52	0.52	0	0	0.4
32500	0.4	0.52	0.52	0	0	0.4
32600	0.4	0.52	0.52	0	0	0.4
32700	0.4	0.52	0.52	0	0	0.4
32800	0.4	0.52	0.52	0	0	0.4
32900	0.4	0.52	0.52	0	0	0.4
33000	0.4	0.52	0.52	0	0	0.4
33100	0.4	0.54	0.54	0	0	0.4
33200	0.4	0.54	0.54	0	0	0.4
33300	0.4	0.54	0.54	0	0	0.4
33400	0.4	0.54	0.54	0	0	0.4
33500	0.4	0.54	0.54	0	0	0.4
33600	0.4	0.54	0.54	0	0	0.4
33700	0.4	0.54	0.54	0	0	0.4
33800	0.4	0.54	0.54	0	0	0.4
33900	0.4	0.54	0.54	0	0	0.4
34000	0.4	0.54	0.54	0	0	0.4
34100	0.4	0.54	0.54	0	0	0.4
34200	0.4	0.54	0.54	0	0	0.4
34300	0.4	0.54	0.54	0	0	0.4
34400	0.4	0.54	0.54	0	0	0.4
34500	0.4	0.54	0.54	0	0	0.4
34600	0.4	0.54	0.54	0	0	0.4
34700	0.4	0.54	0.54	0	0	0.4
34800	0.4	0.54	0.54	0	0	0.4
34900	0.4	0.54	0.54	0	0	0.4
35000	0.4	0.54	0.54	0	0	0.4
35100	0.4	0.54	0.54	0	0	0.4
35200	0.4	0.54	0.54	0	0	0.4
35300	0.4	0.54	0.54	0	0	0.4
35400	0.4	0.54	0.54	0	0	0.4
35500	0.4	0.54	0.54	0	0	0.4
35600	0.4	0.52	0.52	0	0	0.4
35700	0.4	0.52	0.52	0	0	0.4
35800	0.4	0.52	0.52	0	0	0.4
35900	0.4	0.5	0.5	0	0	0.4
36000	0.4	0.5	0.5	0	0	0.4
36100	0.4	0.5	0.5	0	0	0.4
36200	0.4	0.5	0.5	0	0	0.4
36300	0.4	0.5	0.5	0	0	0.4
36400	0.4	0.5	0.5	0	0	0.4
36500	0.4	0.5	0.5	0	0	0.4
36600	0.4	0.5	0.5	0	0	0.4
36700	0.4	0.5	0.5	0	0	0.4
36800	0.4	0.5	0.5	0	0	0.4
36900	0.4	0.52	0.52	0	0	0.4
37000	0.4	0.52	0.52	0	0	0.4
37100	0.4	0.5	0.5	0	0	0.4
37200	0.4	0.5	0.5	0	0	0.4
37300	0.42	0.5	0.5	0	0	0.42
37400	0.42	0.5	0.5	0	0	0.42
37500	0.42	0.5	0.5	0	0	0.42
37600	0.42	0.5	0.5	0	0	0.42
37700	0.42	0.5	0.5	0	0	0.42
37800	0.42	0.5	0.5	0	0	0.42
37900	0.42	0.5	0.5	0	0	0.42
38000	0.42	0.5	0.5	0	0	0.42
38100	0.42	0.5	0.5	0	0	0.42
38200	0.42	0.5	0.5	0	0	0.42
38300	0.42	0.48	0.48	0	0	0.42
38400	0.42	0.48	0.48	0	0	0.42
38500	0.42	0.48	0.48	0	0	0.42
38600	0.42	0.48	0.48	0	0	0.42
38700	0.42	0.48	0.48	0	0	0.42
38800	0.42	0.48	0.48	0	0	0.42
38900	0.42	0.48	0.48	0	0	0.42
39000	0.42	0.5	0.5	0	0	0.42
39100	0.42	0.5	0.5	0	0	0.42
39200	0.42	0.52	0.52	0	0	0.42
39300	0.42	0.52	0.52	0	0	0.42
39400	0.42	0.52	0.52	0	0	0.42
39500	0.42	0.52	0.52	0	0	0.42
39600	0.42	0.52	0.52	0	0	0.42
39700	0.42	0.52	0.52	0	0	0.42
39800	0.42	0.52	0.52	0	0	0.42
39900	0.42	0.52	0.52	0	0	0.42
40000	0.42	0.52	0.52	0	0	0.42
40100	0.42	0.52	0.52	0	0	0.42
40200	0.42	0.52	0.52	0	0	0.42
40300	0.42	0.52	0.52	0	0	0.42
40400	0.42	0.52	0.52	0	0	0.42
40500	0.42	0.52	0.52	0	0	0.42
40600	0.42	0.52	0.52	0	0	0.42
40700	0.42	0.52	0.52	0	0	0.42
40800	0.42	0.52	0.52	0	0	0.42
40900	0.42	0.52	0.52	0	0	0.42
41000	0.42	0.52	0.52	0	0	0.42
41100	0.42	0.52	0.52	0	0	0.42
41200	0.42	0.52	0.52	0	0	0.42
41300	0.42	0.52	0.52	0	0	0.42
41400	0.42	0.52	0.52	0	0	0.42
41500	0.42	0.52	0.52	0	0	0.42
41600	0.42	0.52	0.52	0	0	0.42
41700	0.42	0.52	0.52	0	0	0.42
41800	0.42	0.5	0.5	0	0	0.42
41900	0.42	0.5	0.5	0	0	0.42
42000	0.42	0.5	0.5	0	0	0.42
42100	0.42	0.52	0.52	0	0	0.42
42200	0.42	0.52	0.52	0	0	0.42
42300	0.42	0.52	0.52	0	0	0.42
42400	0.42	0.52	0.52	0	0	0.42
42500	0.42	0.52	0.52	0	0	0.42
42600	0.42	0.52	0.52	0	0	0.42
42700	0.42	0.52	0.52	0	0	0.42
42800	0.42	0.52	0.52	0	0	0.42
42900	0.42	0.52	0.52	0	0	0.42
43000	0.42	0.52	0.52	0	0	0.42
43100	0.42	0.52	0.52	0	0	0.42
43200	0.42	0.52	0.52	0	0	0.42
43300	0.42	0.52	0.52	0	0	0.42
43400	0.42	0.52	0.52	0	0	0.42
43500	0.42	0.52	0.52	0	0	0.42
43600	0.42	0.52	0.52	0	0	0.42
43700	0.42	0.54	0.54	0	0	0.42
43800	0.42	0.54	0.54	0	0	0.42
43900	0.42	0.54	0.54	0	0	0.42
44000	0.42	0.54	0.54	0	0	0.42
44100	0.42	0.54	0.54	0	0	0.42
44200	0.4	0.54	0.54	0	0	0.4
44300	0.4	0.54	0.54	0	0	0.4
44400	0.4	0.54	0.54	0	0	0.4
44500	0.4	0.54	0.54	0	0	0.4
44600	0.38	0.54	0.54	0	0	0.38
44700	0.38	0.54	0.54	0	0	0.38
44800	0.38	0.54	0.54	0	0	0.38
44900	0.38	0.54	0.54	0	0	0.38
45000	0.38	0.54	0.54	0	0	0.38
45100	0.4	0.54	0.54	0	0	0.4
45200	0.4	0.54	0.54	0	0	0.4
45300	0.4	0.54	0.54	0	0	0.4
45400	0.4	0.54	0.54	0	0	0.4
45500	0.4	0.54	0.54	0	0	0.4
45600	0.4	0.54	0.54	0	0	0.4
45700	0.4	0.54	0.54	0	0	0.4
45800	0.4	0.54	0.54	0	0	0.4
45900	0.38	0.54	0.54	0	0	0.38
46000	0.38	0.54	0.54	0	0	0.38
46100	0.38	0.54	0.54	0	0	0.38
46200	0.38	0.54	0.54	0	0	0.38
46300	0.38	0.54	0.54	0	0	0.38
46400	0.38	0.54	0.54	0	0	0.38
46500	0.38	0.54	0.54	0	0	0.38
46600	0.38	0.54	0.54	0	0	0.38
46700	0.38	0.54	0.54	0	0	0.38
46800	0.38	0.54	0.54	0	0	0.38
46900	0.38	0.54	0.54	0	0	0.38
47000	0.38	0.54	0.54	0	0	0.38
47100	0.38	0.54	0.54	0	0	0.38
47200	0.38	0.54	0.54	0	0	0.38
47300	0.38	0.54	0.54	0	0	0.38
47400	0.38	0.54	0.54	0	0	0.38
47500	0.36	0.54	0.54	0	0	0.36
47600	0.36	0.54	0.54	0	0	0.36
47700	0.36	0.54	0.54	0	0	0.36
47800	0.36	0.54	0.54	0	0	0.36
47900	0.36	0.52	0.52	0	0	0.36
48000	0.36	0.52	0.52	0	0	0.36
48100	0.36	0.52	0.52	0	0	0.36
48200	0.36	0.52	0.52	0	0	0.36
48300	0.36	0.52	0.52	0	0	0.36
48400	0.36	0.52	0.52	0	0	0.36
48500	0.36	0.52	0.52	0	0	0.36
48600	0.36	0.52	0.52	0	0	0.36
48700	0.36	0.52	0.52	0	0	0.36
48800	0.36	0.52	0.52	0	0	0.36
48900	0.36	0.52	0.52	0	0	0.36
49000	0.36	0.52	0.52	0	0	0.36
49100	0.36	0.52	0.52	0	0	0.36
49200	0.36	0.52	0.52	0	0	0.36
49300	0.36	0.52	0.52	0	0	0.36
49400	0.36	0.52	0.52	0	0	0.36
49500	0.36	0.52	0.52	0	0	0.36
49600	0.36	0.52	0.52	0	0	0.36
49700	0.36	0.52	0.52	0	0	0.36
49800	0.36	0.52	0.52	0	0	0.36
49900	0.36	0.52	0.52	0	0	0.36
50000	0.36	0.52	0.52	0	0	0.36
50100	0.36	0.52	0.52	0	0	0.36
50200	0.36	0.52	0.52	0	0	0.36
50300	0.36	0.52	0.52	0	0	0.36
50400	0.36	0.52	0.52	0	0	0.36
50500	0.36	0.52	0.52	0	0	0.36
50600	0.36	0.52	0.52	0	0	0.36
50700	0.36	0.5	0.5	0	0	0.36
50800	0.36	0.48	0.48	0	0	0.36
50900	0.36	0.48	0.48	0	0	0.36
51000	0.36	0.48	0.48	0	0	0.36
51100	0.36	0.48	0.48	0	0	0.36
51200	0.36	0.48	0.48	0	0	0.36
51300	0.36	0.48	0.48	0	0	0.36
51400	0.36	0.48	0.48	0	0	0.36
51500	0.36	0.5	0.5	0	0	0.36
51600	0.36	0.5	0.5	0	0	0.36
51700	0.36	0.5	0.5	0	0	0.36
51800	0.36	0.5	0.5	0	0	0.36
51900	0.36	0.5	0.5	0	0	0.36
52000	0.36	0.48	0.48	0	0	0.36
52100	0.36	0.48	0.48	0	0	0.36
52200	0.36	0.48	0.48	0	0	0.36
52300	0.36	0.48	0.48	0	0	0.36
52400	0.36	0.48	0.48	0	0	0.36
52500	0.36	0.48	0.48	0	0	0.36
52600	0.36	0.48	0.48	0	0	0.36
52700	0.36	0.48	0.48	0	0	0.36
52800	0.36	0.5	0.5	0	0	0.36
52900	0.36	0.5	0.5	0	0	0.36
53000	0.36	0.5	0.5	0	0	0.36
53100	0.36	0.5	0.5	0	0	0.36
53200	0.36	0.5	0.5	0	0	0.36
53300	0.36	0.5	0.5	0	0	0.36
53400	0.36	0.52	0.52	0	0	0.36
53500	0.36	0.5	0.5	0	0	0.36
53600	0.36	0.5	0.5	0	0	0.36
53700	0.36	0.5	0.5	0	0	0.36
53800	0.36	0.5	0.5	0	0	0.36
53900	0.36	0.52	0.52	0	0	0.36
54000	0.38	0.52	0.52	0	0	0.38
54100	0.38	0.52	0.52	0	0	0.38
54200	0.38	0.52	0.52	0	0	0.38
54300	0.38	0.52	0.52	0	0	0.38
54400	0.38	0.52	0.52	0	0	0.38
54500	0.38	0.52	0.52	0	0	0.38
54600	0.38	0.52	0.52	0	0	0.38
54700	0.36	0.52	0.52	0	0	0.36
54800	0.34	0.52	0.52	0	0	0.34
54900	0.34	0.52	0.52	0	0	0.34
55000	0.34	0.52	0.52	0	0	0.34
55100	0.34	0.52	0.52	0	0	0.34
55200	0.34	0.52	0.52	0	0	0.34
55300	0.34	0.52	0.52	0	0	0.34
55400	0.34	0.52	0.52	0	0	0.34
55500	0.34	0.52	0.52	0	0	0.34
55600	0.34	0.52	0.52	0	0	0.34
55700	0.34	0.52	0.52	0	0	0.34
55800	0.34	0.52	0.52	0	0	0.34
55900	0.34	0.52	0.52	0	0	0.34
56000	0.34	0.52	0.52	0	0	0.34
56100	0.34	0.52	0.52	0	0	0.34
56200	0.34	0.52	0.52	0	0	0.34
56300	0.34	0.52	0.52	0	0	0.34
56400	0.34	0.52	0.52	0	0	0.34
56500	0.34	0.52	0.52	0	0	0.34
56600	0.34	0.54	0.54	0	0	0.34
56700	0.34	0.54	0.54	0	0	0.34
56800	0.34	0.54	0.54	0	0	0.34
56900	0.34	0.54	0.54	0	0	0.34
57000	0.34	0.54	0.54	0	0	0.34
57100	0.34	0.54	0.54	0	0	0.34
57200	0.36	0.54	0.54	0	0	0.36
57300	0.36	0.54	0.54	0	0	0.36
57400	0.34	0.54	0.54	0	0	0.34
57500	0.34	0.54	0.54	0	0	0.34
57600	0.34	0.54	0.54	0	0	0.34
57700	0.34	0.54	0.54	0	0	0.34
57800	0.34	0.54	0.54	0	0	0.34
57900	0.34	0.54	0.54	0	0	0.34
58000	0.34	0.54	0.54	0	0	0.34
58100	0.34	0.52	0.52	0	0	0.34
58200	0.34	0.52	0.52	0	0	0.34
58300	0.34	0.52	0.52	0	0	0.34
58400	0.34	0.52	0.52	0	0	0.34
58500	0.34	0.52	0.52	0	0	0.34
58600	0.34	0.52	0.52	0	0	0.34
58700	0.34	0.5	0.5	0	0	0.34
58800	0.34	0.5	0.5	0	0	0.34
58900	0.34	0.5	0.5	0	0	0.34
59000	0.34	0.5	0.5	0	0	0.34
59100	0.34	0.5	0.5	0	0	0.34
59200	0.34	0.5	0.5	0	0	0.34
59300	0.34	0.52	0.52	0	0	0.34
59400	0.34	0.52	0.52	0	0	0.34
59500	0.34	0.52	0.52	0	0	0.34
59600	0.34	0.54	0.54	0	0	0.34
59700	0.34	0.54	0.54	0	0	0.34
59800	0.34	0.54	0.54	0	0	0.34
59900	0.34	0.54	0.54	0	0	0.34
60000	0.34	0.54	0.54	0	0	0.34
60100	0.34	0.54	0.54	0	0	0.34
60200	0.34	0.54	0.54	0	0	0.34
60300	0.34	0.54	0.54	0	0	0.34
60400	0.34	0.54	0.54	0	0	0.34
60500	0.34	0.54	0.54	0	0	0.34
60600	0.34	0.54	0.54	0	0	0.34
60700	0.34	0.54	0.54	0	0	0.34
60800	0.34	0.54	0.54	0	0	0.34
60900	0.34	0.54	0.54	0	0	0.34
61000	0.34	0.54	0.54	0	0	0.34
61100	0.34	0.54	0.54	0	0	0.34
61200	0.34	0.54	0.54	0	0	0.34
61300	0.34	0.54	0.54	0	0	0.34
61400	0.34	0.54	0.54	0	0	0.34
61500	0.34	0.54	0.54	0	0	0.34
61600	0.34	0.54	0.54	0	0	0.34
61700	0.34	0.54	0.54	0	0	0.34
61800	0.34	0.54	0.54	0	0	0.34
61900	0.34	0.54	0.54	0	0	0.34
62000	0.34	0.54	0.54	0	0	0.34
62100	0.34	0.54	0.54	0	0	0.34
62200	0.34	0.54	0.54	0	0	0.34
62300	0.34	0.54	0.54	0	0	0.34
62400	0.34	0.54	0.54	0	0	0.34
62500	0.34	0.54	0.54	0	0	0.34
62600	0.34	0.54	0.54	0	0	0.34
62700	0.32	0.54	0.54	0	0	0.32
62800	0.32	0.54	0.54	0	0	0.32
62900	0.32	0.54	0.54	0	0	0.32
63000	0.32	0.56	0.56	0	0	0.32
63100	0.32	0.58	0.58	0	0	0.32
63200	0.32	0.58	0.58	0	0	0.32
63300	0.32	0.58	0.58	0	0	0.32
63400	0.32	0.58	0.58	0	0	0.32
63500	0.32	0.58	0.58	0	0	0.32
63600	0.32	0.58	0.58	0	0	0.32
63700	0.32	0.58	0.58	0	0	0.32
63800	0.32	0.58	0.58	0	0	0.32
63900	0.34	0.58	0.58	0	0	0.34
64000	0.32	0.58	0.58	0	0	0.32
64100	0.32	0.58	0.58	0	0	0.32
64200	0.32	0.58	0.58	0	0	0.32
64300	0.32	0.58	0.58	0	0	0.32
64400	0.32	0.58	0.58	0	0	0.32
64500	0.32	0.58	0.58	0	0	0.32
64600	0.32	0.58	0.58	0	0	0.32
64700	0.32	0.58	0.58	0	0	0.32
64800	0.32	0.58	0.58	0	0	0.32
64900	0.32	0.58	0.58	0	0	0.32
65000	0.32	0.58	0.58	0	0	0.32
65100	0.32	0.58	0.58	0	0	0.32
65200	0.32	0.58	0.58	0	0	0.32
65300	0.32	0.58	0.58	0	0	0.32
65400	0.32	0.58	0.58	0	0	0.32
65500	0.32	0.58	0.58	0	0	0.32
65600	0.32	0.58	0.58	0	0	0.32
65700	0.32	0.58	0.58	0	0	0.32
65800	0.3	0.58	0.58	0	0	0.3
65900	0.3	0.58	0.58	0	0	0.3
66000	0.3	0.58	0.58	0	0	0.3
66100	0.3	0.58	0.58	0	0	0.3
66200	0.3	0.58	0.58	0	0	0.3
66300	0.3	0.58	0.58	0	0	0.3
66400	0.3	0.58	0.58	0	0	0.3
66500	0.3	0.56	0.56	0	0	0.3
66600	0.3	0.56	0.56	0	0	0.3
66700	0.3	0.56	0.56	0	0	0.3
66800	0.3	0.56	0.56	0	0	0.3
66900	0.3	0.54	0.54	0	0	0.3
67000	0.3	0.54	0.54	0	0	0.3
67100	0.3	0.54	0.54	0	0	0.3
67200	0.3	0.54	0.54	0	0	0.3
67300	0.32	0.54	0.54	0	0	0.32
67400	0.32	0.54	0.54	0	0	0.32
67500	0.32	0.52	0.52	0	0	0.32
67600	0.32	0.52	0.52	0	0	0.32
67700	0.32	0.52	0.52	0	0	0.32
67800	0.32	0.52	0.52	0	0	0.32
67900	0.32	0.52	0.52	0	0	0.32
68000	0.34	0.52	0.52	0	0	0.34
68100	0.34	0.52	0.52	0	0	0.34
68200	0.34	0.52	0.52	0	0	0.34
68300	0.34	0.52	0.52	0	0	0.34
68400	0.34	0.52	0.52	0	0	0.34
68500	0.34	0.5	0.5	0	0	0.34
68600	0.36	0.5	0.5	0	0	0.36
68700	0.36	0.5	0.5	0	0	0.36
68800	0.36	0.5	0.5	0	0	0.36
68900	0.36	0.5	0.5	0	0	0.36
69000	0.36	0.5	0.5	0	0	0.36
69100	0.36	0.5	0.5	0	0	0.36
69200	0.36	0.5	0.5	0	0	0.36
69300	0.36	0.5	0.5	0	0	0.36
69400	0.36	0.5	0.5	0	0	0.36
69500	0.36	0.5	0.5	0	0	0.36
69600	0.36	0.5	0.5	0	0	0.36
69700	0.36	0.5	0.5	0	0	0.36
69800	0.36	0.5	0.5	0	0	0.36
69900	0.34	0.5	0.5	0	0	0.34
70000	0.34	0.5	0.5	0	0	0.34
70100	0.34	0.5	0.5	0	0	0.34
70200	0.34	0.5	0.5	0	0	0.34
70300	0.34	0.5	0.5	0	0	0.34
70400	0.34	0.52	0.52	0	0	0.34
70500	0.34	0.52	0.52	0	0	0.34
70600	0.34	0.52	0.52	0	0	0.34
70700	0.34	0.52	0.52	0	0	0.34
70800	0.34	0.52	0.52	0	0	0.34
70900	0.34	0.52	0.52	0	0	0.34
71000	0.34	0.54	0.54	0	0	0.34
71100	0.34	0.54	0.54	0	0	0.34
71200	0.34	0.54	0.54	0	0	0.34
71300	0.34	0.54	0.54	0	0	0.34
71400	0.34	0.54	0.54	0	0	0.34
71500	0.34	0.54	0.54	0	0	0.34
71600	0.34	0.54	0.54	0	0	0.34
71700	0.34	0.54	0.54	0	0	0.34
71800	0.34	0.54	0.54	0	0	0.34
71900	0.34	0.52	0.52	0	0	0.34
72000	0.34	0.52	0.52	0	0	0.34
72100	0.34	0.52	0.52	0	0	0.34
72200	0.34	0.52	0.52	0	0	0.34
72300	0.34	0.52	0.52	0	0	0.34
72400	0.34	0.52	0.52	0	0	0.34
72500	0.34	0.52	0.52	0	0	0.34
72600	0.34	0.52	0.52	0	0	0.34
72700	0.34	0.52	0.52	0	0	0.34
72800	0.34	0.52	0.52	0	0	0.34
72900	0.34	0.52	0.52	0	0	0.34
73000	0.34	0.52	0.52	0	0	0.34
73100	0.34	0.52	0.52	0	0	0.34
73200	0.34	0.52	0.52	0	0	0.34
73300	0.34	0.52	0.52	0	0	0.34
73400	0.34	0.52	0.52	0	0	0.34
73500	0.34	0.52	0.52	0	0	0.34
73600	0.34	0.52	0.52	0	0	0.34
73700	0.34	0.52	0.52	0	0	0.34
73800	0.34	0.52	0.52	0	0	0.34
73900	0.34	0.52	0.52	0	0	0.34
74000	0.34	0.52	0.52	0	0	0.34
74100	0.34	0.54	0.54	0	0	0.34
74200	0.34	0.52	0.52	0	0	0.34
74300	0.34	0.52	0.52	0	0	0.34
74400	0.34	0.52	0.52	0	0	0.34
74500	0.34	0.52	0.52	0	0	0.34
74600	0.34	0.54	0.54	0	0	0.34
74700	0.34	0.54	0.54	0	0	0.34
74800	0.36	0.54	0.54	0	0	0.36
74900	0.36	0.52	0.52	0	0	0.36
75000	0.36	0.52	0.52	0	0	0.36
75100	0.36	0.54	0.54	0	0	0.36
75200	0.36	0.52	0.52	0	0	0.36
75300	0.36	0.52	0.52	0	0	0.36
75400	0.36	0.52	0.52	0	0	0.36
75500	0.36	0.52	0.52	0	0	0.36
75600	0.36	0.52	0.52	0	0	0.36
75700	0.36	0.5	0.5	0	0	0.36
75800	0.36	0.5	0.5	0	0	0.36
75900	0.38	0.5	0.5	0	0	0.38
76000	0.38	0.5	0.5	0	0	0.38
76100	0.38	0.5	0.5	0	0	0.38
76200	0.38	0.5	0.5	0	0	0.38
76300	0.38	0.5	0.5	0	0	0.38
76400	0.38	0.5	0.5	0	0	0.38
76500	0.38	0.5	0.5	0	0	0.38
76600	0.38	0.5	0.5	0	0	0.38
76700	0.38	0.5	0.5	0	0	0.38
76800	0.38	0.5	0.5	0	0	0.38
76900	0.4	0.5	0.5	0	0	0.4
77000	0.4	0.52	0.52	0	0	0.4
77100	0.4	0.52	0.52	0	0	0.4
77200	0.4	0.52	0.52	0	0	0.4
77300	0.38	0.52	0.52	0	0	0.38
77400	0.38	0.52	0.52	0	0	0.38
77500	0.38	0.52	0.52	0	0	0.38
77600	0.38	0.52	0.52	0	0	0.38
77700	0.38	0.52	0.52	0	0	0.38
77800	0.38	0.52	0.52	0	0	0.38
77900	0.4	0.52	0.52	0	0	0.4
78000	0.4	0.52	0.52	0	0	0.4
78100	0.4	0.52	0.52	0	0	0.4
78200	0.4	0.52	0.52	0	0	0.4
78300	0.4	0.52	0.52	0	0	0.4
78400	0.4	0.52	0.52	0	0	0.4
78500	0.4	0.52	0.52	0	0	0.4
78600	0.4	0.52	0.52	0	0	0.4
78700	0.4	0.52	0.52	0	0	0.4
78800	0.4	0.5	0.5	0	0	0.4
78900	0.4	0.5	0.5	0	0	0.4
79000	0.4	0.5	0.5	0	0	0.4
79100	0.4	0.5	0.5	0	0	0.4
79200	0.4	0.5	0.5	0	0	0.4
79300	0.4	0.5	0.5	0	0	0.4
79400	0.4	0.5	0.5	0	0	0.4
79500	0.4	0.5	0.5	0	0	0.4
79600	0.4	0.5	0.5	0	0	0.4
79700	0.4	0.5	0.5	0	0	0.4
79800	0.4	0.5	0.5	0	0	0.4
79900	0.4	0.5	0.5	0	0	0.4
80000	0.4	0.5	0.5	0	0	0.4
80100	0.4	0.5	0.5	0	0	0.4
80200	0.4	0.5	0.5	0	0	0.4
80300	0.4	0.5	0.5	0	0	0.4
80400	0.4	0.5	0.5	0	0	0.4
80500	0.4	0.5	0.5	0	0	0.4
80600	0.4	0.5	0.5	0	0	0.4
80700	0.4	0.5	0.5	0	0	0.4
80800	0.4	0.5	0.5	0	0	0.4
80900	0.38	0.5	0.5	0	0	0.38
81000	0.38	0.5	0.5	0	0	0.38
81100	0.38	0.5	0.5	0	0	0.38
81200	0.38	0.5	0.5	0	0	0.38
81300	0.38	0.5	0.5	0	0	0.38
81400	0.38	0.5	0.5	0	0	0.38
81500	0.38	0.5	0.5	0	0	0.38
81600	0.38	0.5	0.5	0	0	0.38
81700	0.38	0.5	0.5	0	0	0.38
81800	0.38	0.5	0.5	0	0	0.38
81900	0.38	0.52	0.52	0	0	0.38
82000	0.36	0.52	0.52	0	0	0.36
82100	0.38	0.52	0.52	0	0	0.38
82200	0.36	0.52	0.52	0	0	0.36
82300	0.36	0.52	0.52	0	0	0.36
82400	0.36	0.52	0.52	0	0	0.36
82500	0.36	0.52	0.52	0	0	0.36
82600	0.36	0.52	0.52	0	0	0.36
82700	0.36	0.52	0.52	0	0	0.36
82800	0.36	0.52	0.52	0	0	0.36
82900	0.36	0.5	0.5	0	0	0.36
83000	0.36	0.5	0.5	0	0	0.36
83100	0.36	0.5	0.5	0	0	0.36
83200	0.36	0.5	0.5	0	0	0.36
83300	0.36	0.5	0.5	0	0	0.36
83400	0.36	0.5	0.5	0	0	0.36
83500	0.36	0.5	0.5	0	0	0.36
83600	0.36	0.5	0.5	0	0	0.36
83700	0.36	0.48	0.48	0	0	0.36
83800	0.36	0.48	0.48	0	0	0.36
83900	0.36	0.48	0.48	0	0	0.36
84000	0.36	0.48	0.48	0	0	0.36
84100	0.36	0.48	0.48	0	0	0.36
84200	0.36	0.48	0.48	0	0	0.36
84300	0.36	0.48	0.48	0	0	0.36
84400	0.36	0.48	0.48	0	0	0.36
84500	0.36	0.48	0.48	0	0	0.36
84600	0.36	0.48	0.48	0	0	0.36
84700	0.36	0.48	0.48	0	0	0.36
84800	0.36	0.48	0.48	0	0	0.36
84900	0.36	0.48	0.48	0	0	0.36
85000	0.36	0.48	0.48	0	0	0.36
85100	0.36	0.48	0.48	0	0	0.36
85200	0.38	0.48	0.48	0	0	0.38
85300	0.38	0.5	0.5	0	0	0.38
85400	0.38	0.5	0.5	0	0	0.38
85500	0.38	0.5	0.5	0	0	0.38
85600	0.38	0.52	0.52	0	0	0.38
85700	0.38	0.52	0.52	0	0	0.38
85800	0.38	0.52	0.52	0	0	0.38
85900	0.38	0.52	0.52	0	0	0.38
86000	0.38	0.52	0.52	0	0	0.38
86100	0.38	0.52	0.52	0	0	0.38
86200	0.38	0.52	0.52	0	0	0.38
86300	0.38	0.52	0.52	0	0	0.38
86400	0.38	0.52	0.52	0	0	0.38
86500	0.38	0.52	0.52	0	0	0.38
86600	0.38	0.52	0.52	0	0	0.38
86700	0.38	0.52	0.52	0	0	0.38
86800	0.38	0.52	0.52	0	0	0.38
86900	0.38	0.52	0.52	0	0	0.38
87000	0.38	0.52	0.52	0	0	0.38
87100	0.38	0.52	0.52	0	0	0.38
87200	0.38	0.52	0.52	0	0	0.38
87300	0.4	0.52	0.52	0	0	0.4
87400	0.4	0.52	0.52	0	0	0.4
87500	0.4	0.52	0.52	0	0	0.4
87600	0.4	0.52	0.52	0	0	0.4
87700	0.4	0.52	0.52	0	0	0.4
87800	0.4	0.52	0.52	0	0	0.4
87900	0.4	0.52	0.52	0	0	0.4
88000	0.4	0.52	0.52	0	0	0.4
88100	0.4	0.52	0.52	0	0	0.4
88200	0.4	0.52	0.52	0	0	0.4
88300	0.4	0.52	0.52	0	0	0.4
88400	0.4	0.52	0.52	0	0	0.4
88500	0.4	0.52	0.52	0	0	0.4
88600	0.4	0.52	0.52	0	0	0.4
88700	0.4	0.52	0.52	0	0	0.4
88800	0.4	0.52	0.52	0	0	0.4
88900	0.4	0.52	0.52	0	0	0.4
89000	0.4	0.52	0.52	0	0	0.4
89100	0.4	0.52	0.52	0	0	0.4
89200	0.4	0.52	0.52	0	0	0.4
89300	0.4	0.52	0.52	0	0	0.4
89400	0.4	0.52	0.52	0	0	0.4
89500	0.4	0.52	0.52	0	0	0.4
89600	0.4	0.54	0.54	0	0	0.4
89700	0.4	0.54	0.54	0	0	0.4
89800	0.4	0.54	0.54	0	0	0.4
89900	0.4	0.54	0.54	0	0	0.4
90000	0.4	0.54	0.54	0	0	0.4
90100	0.4	0.54	0.54	0	0	0.4
90200	0.4	0.54	0.54	0	0	0.4
90300	0.4	0.54	0.54	0	0	0.4
90400	0.4	0.54	0.54	0	0	0.4
90500	0.4	0.54	0.54	0	0	0.4
90600	0.4	0.54	0.54	0	0	0.4
90700	0.4	0.54	0.54	0	0	0.4
90800	0.4	0.54	0.54	0	0	0.4
90900	0.4	0.54	0.54	0	0	0.4
91000	0.4	0.54	0.54	0	0	0.4
91100	0.4	0.54	0.54	0	0	0.4
91200	0.4	0.54	0.54	0	0	0.4
91300	0.4	0.54	0.54	0	0	0.4
91400	0.4	0.54	0.54	0	0	0.4
91500	0.4	0.54	0.54	0	0	0.4
91600	0.4	0.54	0.54	0	0	0.4
91700	0.4	0.54	0.54	0	0	0.4
91800	0.4	0.54	0.54	0	0	0.4
91900	0.4	0.54	0.54	0	0	0.4
92000	0.4	0.54	0.54	0	0	0.4
92100	0.4	0.54	0.54	0	0	0.4
92200	0.4	0.54	0.54	0	0	0.4
92300	0.4	0.54	0.54	0	0	0.4
92400	0.4	0.52	0.52	0	0	0.4
92500	0.4	0.52	0.52	0	0	0.4
92600	0.4	0.52	0.52	0	0	0.4
92700	0.4	0.52	0.52	0	0	0.4
92800	0.4	0.52	0.52	0	0	0.4
92900	0.4	0.52	0.52	0	0	0.4
93000	0.4	0.52	0.52	0	0	0.4
93100	0.4	0.52	0.52	0	0	0.4
93200	0.4	0.52	0.52	0	0	0.4
93300	0.4	0.52	0.52	0	0	0.4
93400	0.4	0.52	0.52	0	0	0.4
93500	0.4	0.52	0.52	0	0	0.4
93600	0.4	0.52	0.52	0	0	0.4
93700	0.4	0.52	0.52	0	0	0.4
93800	0.4	0.52	0.52	0	0	0.4
93900	0.4	0.52	0.52	0	0	0.4
94000	0.42	0.52	0.52	0	0	0.42
94100	0.42	0.52	0.52	0	0	0.42
94200	0.42	0.52	0.52	0	0	0.42
94300	0.42	0.52	0.52	0	0	0.42
94400	0.4	0.52	0.52	0	0	0.4
94500	0.38	0.52	0.52	0	0	0.38
94600	0.38	0.52	0.52	0	0	0.38
94700	0.38	0.52	0.52	0	0	0.38
94800	0.38	0.54	0.54	0	0	0.38
94900	0.38	0.54	0.54	0	0	0.38
95000	0.38	0.54	0.54	0	0	0.38
95100	0.38	0.54	0.54	0	0	0.38
95200	0.38	0.54	0.54	0	0	0.38
95300	0.38	0.54	0.54	0	0	0.38
95400	0.38	0.54	0.54	0	0	0.38
95500	0.38	0.54	0.54	0	0	0.38
95600	0.38	0.54	0.54	0	0	0.38
95700	0.38	0.54	0.54	0	0	0.38
95800	0.38	0.54	0.54	0	0	0.38
95900	0.38	0.54	0.54	0	0	0.38
96000	0.38	0.54	0.54	0	0	0.38
96100	0.38	0.54	0.54	0	0	0.38
96200	0.38	0.54	0.54	0	0	0.38
96300	0.38	0.52	0.52	0	0	0.38
96400	0.38	0.52	0.52	0	0	0.38
96500	0.38	0.52	0.52	0	0	0.38
96600	0.38	0.52	0.52	0	0	0.38
96700	0.38	0.52	0.52	0	0	0.38
96800	0.38	0.52	0.52	0	0	0.38
96900	0.4	0.52	0.52	0	0	0.4
97000	0.4	0.52	0.52	0	0	0.4
97100	0.4	0.52	0.52	0	0	0.4
97200	0.4	0.54	0.54	0	0	0.4
97300	0.4	0.54	0.54	0	0	0.4
97400	0.4	0.52	0.52	0	0	0.4
97500	0.4	0.52	0.52	0	0	0.4
97600	0.4	0.52	0.52	0	0	0.4
97700	0.4	0.52	0.52	0	0	0.4
97800	0.4	0.52	0.52	0	0	0.4
97900	0.4	0.52	0.52	0	0	0.4
98000	0.4	0.52	0.52	0	0	0.4
98100	0.4	0.52	0.52	0	0	0.4
98200	0.4	0.52	0.52	0	0	0.4
98300	0.4	0.52	0.52	0	0	0.4
98400	0.4	0.52	0.52	0	0	0.4
98500	0.42	0.52	0.52	0	0	0.42
98600	0.42	0.52	0.52	0	0	0.42
98700	0.42	0.52	0.52	0	0	0.42
98800	0.42	0.52	0.52	0	0	0.42
98900	0.42	0.52	0.52	0	0	0.42
99000	0.42	0.52	0.52	0	0	0.42
99100	0.42	0.52	0.52	0	0	0.42
99200	0.42	0.52	0.52	0	0	0.42
99300	0.42	0.52	0.52	0	0	0.42
99400	0.42	0.52	0.52	0	0	0.42
99500	0.42	0.52	0.52	0	0	0.42
99600	0.42	0.52	0.52	0	0	0.42
99700	0.42	0.52	0.52	0	0	0.42
99800	0.42	0.52	0.52	0	0	0.42
99900	0.42	0.52	0.52	0	0	0.42
100000	0.42	0.52	0.52	0	0	0.42
