100	0.06	0.12	0.12	0	0	0.06
200	0.08	0.16	0.16	0	0	0.08
300	0.08	0.2	0.2	0	0	0.08
400	0.08	0.18	0.18	0	0	0.08
500	0.08	0.22	0.22	0	0	0.08
600	0.1	0.24	0.24	0	0	0.1
700	0.12	0.24	0.24	0	0	0.12
800	0.12	0.24	0.24	0	0	0.12
900	0.14	0.24	0.24	0	0	0.14
1000	0.16	0.24	0.24	0	0	0.16
1100	0.16	0.26	0.26	0	0	0.16
1200	0.18	0.32	0.32	0	0	0.18
1300	0.18	0.32	0.32	0	0	0.18
1400	0.18	0.34	0.34	0	0	0.18
1500	0.18	0.34	0.34	0	0	0.18
1600	0.18	0.34	0.34	0	0	0.18
1700	0.18	0.36	0.36	0	0	0.18
1800	0.18	0.36	0.36	0	0	0.18
1900	0.2	0.34	0.34	0	0	0.2
2000	0.2	0.34	0.34	0	0	0.2
2100	0.22	0.34	0.34	0	0	0.22
2200	0.22	0.34	0.34	0	0	0.22
2300	0.24	0.34	0.34	0	0	0.24
2400	0.24	0.38	0.38	0	0	0.24
2500	0.22	0.38	0.38	0	0	0.22
2600	0.2	0.38	0.38	0	0	0.2
2700	0.2	0.36	0.36	0	0	0.2
2800	0.22	0.38	0.38	0	0	0.22
2900	0.22	0.36	0.36	0	0	0.22
3000	0.22	0.36	0.36	0	0	0.22
3100	0.22	0.36	0.36	0	0	0.22
3200	0.22	0.36	0.36	0	0	0.22
3300	0.24	0.36	0.36	0	0	0.24
3400	0.24	0.38	0.38	0	0	0.24
3500	0.24	0.36	0.36	0	0	0.24
3600	0.24	0.36	0.36	0	0	0.24
3700	0.24	0.36	0.36	0	0	0.24
3800	0.26	0.36	0.36	0	0	0.26
3900	0.26	0.36	0.36	0	0	0.26
4000	0.26	0.36	0.36	0	0	0.26
4100	0.26	0.36	0.36	0	0	0.26
4200	0.26	0.36	0.36	0	0	0.26
4300	0.28	0.36	0.36	0	0	0.28
4400	0.28	0.38	0.38	0	0	0.28
4500	0.28	0.38	0.38	0	0	0.28
4600	0.28	0.38	0.38	0	0	0.28
4700	0.28	0.38	0.38	0	0	0.28
4800	0.28	0.38	0.38	0	0	0.28
4900	0.28	0.38	0.38	0	0	0.28
5000	0.28	0.38	0.38	0	0	0.28
5100	0.28	0.36	0.36	0	0	0.28
5200	0.28	0.36	0.36	0	0	0.28
5300	0.28	0.36	0.36	0	0	0.28
5400	0.28	0.36	0.36	0	0	0.28
5500	0.32	0.36	0.36	0	0	0.32
5600	0.32	0.36	0.36	0	0	0.32
5700	0.32	0.36	0.36	0	0	0.32
5800	0.32	0.36	0.36	0	0	0.32
5900	0.32	0.36	0.36	0	0	0.32
6000	0.32	0.36	0.36	0	0	0.32
6100	0.32	0.38	0.38	0	0	0.32
6200	0.32	0.36	0.36	0	0	0.32
6300	0.32	0.36	0.36	0	0	0.32
6400	0.32	0.36	0.36	0	0	0.32
6500	0.32	0.36	0.36	0	0	0.32
6600	0.32	0.36	0.36	0	0	0.32
6700	0.32	0.36	0.36	0	0	0.32
6800	0.32	0.36	0.36	0	0	0.32
6900	0.34	0.36	0.36	0	0	0.34
7000	0.34	0.36	0.36	0	0	0.34
7100	0.34	0.36	0.36	0	0	0.34
7200	0.36	0.36	0.36	0	0	0.36
7300	0.34	0.38	0.38	0	0	0.34
7400	0.34	0.38	0.38	0	0	0.34
7500	0.34	0.4	0.4	0	0	0.34
7600	0.36	0.4	0.4	0	0	0.36
7700	0.36	0.4	0.4	0	0	0.36
7800	0.36	0.4	0.4	0	0	0.36
7900	0.36	0.42	0.42	0	0	0.36
8000	0.36	0.42	0.42	0	0	0.36
8100	0.36	0.42	0.42	0	0	0.36
8200	0.36	0.4	0.4	0	0	0.36
8300	0.36	0.4	0.4	0	0	0.36
8400	0.36	0.4	0.4	0	0	0.36
8500	0.36	0.42	0.42	0	0	0.36
8600	0.38	0.44	0.44	0	0	0.38
8700	0.38	0.44	0.44	0	0	0.38
8800	0.4	0.44	0.44	0	0	0.4
8900	0.4	0.44	0.44	0	0	0.4
9000	0.4	0.44	0.44	0	0	0.4
9100	0.4	0.44	0.44	0	0	0.4
9200	0.4	0.44	0.44	0	0	0.4
9300	0.4	0.44	0.44	0	0	0.4
9400	0.4	0.44	0.44	0	0	0.4
9500	0.4	0.44	0.44	0	0	0.4
9600	0.4	0.46	0.46	0	0	0.4
9700	0.4	0.46	0.46	0	0	0.4
9800	0.4	0.46	0.46	0	0	0.4
9900	0.4	0.46	0.46	0	0	0.4
10000	0.4	0.46	0.46	0	0	0.4
10100	0.4	0.46	0.46	0	0	0.4
10200	0.4	0.46	0.46	0	0	0.4
10300	0.42	0.46	0.46	0	0	0.42
10400	0.44	0.46	0.46	0	0	0.44
10500	0.44	0.46	0.46	0	0	0.44
10600	0.44	0.46	0.46	0	0	0.44
10700	0.44	0.46	0.46	0	0	0.44
10800	0.46	0.46	0.46	0	0	0.46
10900	0.46	0.46	0.46	0	0	0.46
11000	0.46	0.46	0.46	0	0	0.46
11100	0.44	0.46	0.46	0	0	0.44
11200	0.44	0.46	0.46	0	0	0.44
11300	0.44	0.48	0.48	0	0	0.44
11400	0.44	0.48	0.48	0	0	0.44
11500	0.44	0.48	0.48	0	0	0.44
11600	0.44	0.48	0.48	0	0	0.44
11700	0.44	0.48	0.48	0	0	0.44
11800	0.44	0.46	0.46	0	0	0.44
11900	0.44	0.46	0.46	0	0	0.44
12000	0.44	0.46	0.46	0	0	0.44
12100	0.44	0.46	0.46	0	0	0.44
12200	0.44	0.46	0.46	0	0	0.44
12300	0.44	0.46	0.46	0	0	0.44
12400	0.44	0.46	0.46	0	0	0.44
12500	0.44	0.46	0.46	0	0	0.44
12600	0.44	0.48	0.48	0	0	0.44
12700	0.44	0.48	0.48	0	0	0.44
12800	0.46	0.46	0.46	0	0	0.46
12900	0.46	0.46	0.46	0	0	0.46
13000	0.46	0.46	0.46	0	0	0.46
13100	0.46	0.46	0.46	0	0	0.46
13200	0.46	0.46	0.46	0	0	0.46
13300	0.46	0.46	0.46	0	0	0.46
13400	0.46	0.46	0.46	0	0	0.46
13500	0.46	0.46	0.46	0	0	0.46
13600	0.46	0.46	0.46	0	0	0.46
13700	0.46	0.46	0.46	0	0	0.46
13800	0.46	0.46	0.46	0	0	0.46
13900	0.44	0.46	0.46	0	0	0.44
14000	0.44	0.46	0.46	0	0	0.44
14100	0.44	0.48	0.48	0	0	0.44
14200	0.44	0.48	0.48	0	0	0.44
14300	0.44	0.48	0.48	0	0	0.44
14400	0.44	0.5	0.5	0	0	0.44
14500	0.44	0.5	0.5	0	0	0.44
14600	0.44	0.5	0.5	0	0	0.44
14700	0.44	0.5	0.5	0	0	0.44
14800	0.46	0.5	0.5	0	0	0.46
14900	0.46	0.5	0.5	0	0	0.46
15000	0.46	0.5	0.5	0	0	0.46
15100	0.46	0.5	0.5	0	0	0.46
15200	0.46	0.5	0.5	0	0	0.46
15300	0.46	0.5	0.5	0	0	0.46
15400	0.46	0.5	0.5	0	0	0.46
15500	0.46	0.5	0.5	0	0	0.46
15600	0.46	0.5	0.5	0	0	0.46
15700	0.46	0.5	0.5	0	0	0.46
15800	0.46	0.5	0.5	0	0	0.46
15900	0.46	0.5	0.5	0	0	0.46
16000	0.46	0.5	0.5	0	0	0.46
16100	0.46	0.5	0.5	0	0	0.46
16200	0.46	0.5	0.5	0	0	0.46
16300	0.46	0.5	0.5	0	0	0.46
16400	0.46	0.5	0.5	0	0	0.46
16500	0.46	0.5	0.5	0	0	0.46
16600	0.46	0.5	0.5	0	0	0.46
16700	0.46	0.5	0.5	0	0	0.46
16800	0.46	0.5	0.5	0	0	0.46
16900	0.46	0.5	0.5	0	0	0.46
17000	0.46	0.5	0.5	0	0	0.46
17100	0.46	0.52	0.52	0	0	0.46
17200	0.46	0.52	0.52	0	0	0.46
17300	0.46	0.52	0.52	0	0	0.46
17400	0.46	0.52	0.52	0	0	0.46
17500	0.46	0.52	0.52	0	0	0.46
17600	0.46	0.52	0.52	0	0	0.46
17700	0.46	0.52	0.52	0	0	0.46
17800	0.46	0.52	0.52	0	0	0.46
17900	0.46	0.52	0.52	0	0	0.46
18000	0.46	0.5	0.5	0	0	0.46
18100	0.46	0.5	0.5	0	0	0.46
18200	0.46	0.5	0.5	0	0	0.46
18300	0.46	0.5	0.5	0	0	0.46
18400	0.46	0.5	0.5	0	0	0.46
18500	0.46	0.5	0.5	0	0	0.46
18600	0.46	0.48	0.48	0	0	0.46
18700	0.46	0.48	0.48	0	0	0.46
18800	0.46	0.48	0.48	0	0	0.46
18900	0.46	0.48	0.48	0	0	0.46
19000	0.44	0.48	0.48	0	0	0.44
19100	0.44	0.48	0.48	0	0	0.44
19200	0.44	0.48	0.48	0	0	0.44
19300	0.44	0.48	0.48	0	0	0.44
19400	0.44	0.48	0.48	0	0	0.44
19500	0.44	0.48	0.48	0	0	0.44
19600	0.44	0.48	0.48	0	0	0.44
19700	0.44	0.48	0.48	0	0	0.44
19800	0.44	0.48	0.48	0	0	0.44
19900	0.44	0.48	0.48	0	0	0.44
20000	0.44	0.48	0.48	0	0	0.44
20100	0.44	0.48	0.48	0	0	0.44
20200	0.44	0.48	0.48	0	0	0.44
20300	0.44	0.48	0.48	0	0	0.44
20400	0.44	0.48	0.48	0	0	0.44
20500	0.44	0.48	0.48	0	0	0.44
20600	0.44	0.48	0.48	0	0	0.44
20700	0.44	0.48	0.48	0	0	0.44
20800	0.44	0.48	0.48	0	0	0.44
20900	0.44	0.48	0.48	0	0	0.44
21000	0.44	0.48	0.48	0	0	0.44
21100	0.44	0.48	0.48	0	0	0.44
21200	0.44	0.48	0.48	0	0	0.44
21300	0.44	0.48	0.48	0	0	0.44
21400	0.44	0.48	0.48	0	0	0.44
21500	0.44	0.5	0.5	0	0	0.44
21600	0.44	0.5	0.5	0	0	0.44
21700	0.44	0.5	0.5	0	0	0.44
21800	0.42	0.5	0.5	0	0	0.42
21900	0.4	0.5	0.5	0	0	0.4
22000	0.4	0.5	0.5	0	0	0.4
22100	0.4	0.5	0.5	0	0	0.4
22200	0.38	0.5	0.5	0	0	0.38
22300	0.38	0.5	0.5	0	0	0.38
22400	0.38	0.5	0.5	0	0	0.38
22500	0.38	0.48	0.48	0	0	0.38
22600	0.4	0.48	0.48	0	0	0.4
22700	0.38	0.48	0.48	0	0	0.38
22800	0.38	0.48	0.48	0	0	0.38
22900	0.38	0.48	0.48	0	0	0.38
23000	0.38	0.46	0.46	0	0	0.38
23100	0.38	0.44	0.44	0	0	0.38
23200	0.36	0.44	0.44	0	0	0.36
23300	0.36	0.44	0.44	0	0	0.36
23400	0.36	0.44	0.44	0	0	0.36
23500	0.36	0.44	0.44	0	0	0.36
23600	0.36	0.44	0.44	0	0	0.36
23700	0.36	0.44	0.44	0	0	0.36
23800	0.36	0.44	0.44	0	0	0.36
23900	0.36	0.44	0.44	0	0	0.36
24000	0.36	0.44	0.44	0	0	0.36
24100	0.36	0.44	0.44	0	0	0.36
24200	0.36	0.44	0.44	0	0	0.36
24300	0.36	0.44	0.44	0	0	0.36
24400	0.36	0.44	0.44	0	0	0.36
24500	0.38	0.44	0.44	0	0	0.38
24600	0.38	0.44	0.44	0	0	0.38
24700	0.38	0.44	0.44	0	0	0.38
24800	0.38	0.44	0.44	0	0	0.38
24900	0.38	0.44	0.44	0	0	0.38
25000	0.4	0.44	0.44	0	0	0.4
25100	0.4	0.44	0.44	0	0	0.4
25200	0.4	0.44	0.44	0	0	0.4
25300	0.42	0.46	0.46	0	0	0.42
25400	0.42	0.46	0.46	0	0	0.42
25500	0.42	0.44	0.44	0	0	0.42
25600	0.4	0.44	0.44	0	0	0.4
25700	0.4	0.44	0.44	0	0	0.4
25800	0.4	0.44	0.44	0	0	0.4
25900	0.4	0.44	0.44	0	0	0.4
26000	0.4	0.44	0.44	0	0	0.4
26100	0.4	0.44	0.44	0	0	0.4
26200	0.4	0.44	0.44	0	0	0.4
26300	0.4	0.44	0.44	0	0	0.4
26400	0.38	0.44	0.44	0	0	0.38
26500	0.38	0.44	0.44	0	0	0.38
26600	0.38	0.44	0.44	0	0	0.38
26700	0.38	0.44	0.44	0	0	0.38
26800	0.36	0.44	0.44	0	0	0.36
26900	0.36	0.44	0.44	0	0	0.36
27000	0.36	0.44	0.44	0	0	0.36
27100	0.36	0.42	0.42	0	0	0.36
27200	0.36	0.4	0.4	0	0	0.36
27300	0.34	0.4	0.4	0	0	0.34
27400	0.36	0.42	0.42	0	0	0.36
27500	0.36	0.42	0.42	0	0	0.36
27600	0.36	0.42	0.42	0	0	0.36
27700	0.36	0.42	0.42	0	0	0.36
27800	0.36	0.42	0.42	0	0	0.36
27900	0.36	0.42	0.42	0	0	0.36
28000	0.36	0.42	0.42	0	0	0.36
28100	0.36	0.42	0.42	0	0	0.36
28200	0.38	0.42	0.42	0	0	0.38
28300	0.38	0.42	0.42	0	0	0.38
28400	0.4	0.42	0.42	0	0	0.4
28500	0.4	0.44	0.44	0	0	0.4
28600	0.4	0.44	0.44	0	0	0.4
28700	0.4	0.44	0.44	0	0	0.4
28800	0.4	0.44	0.44	0	0	0.4
28900	0.4	0.44	0.44	0	0	0.4
29000	0.4	0.44	0.44	0	0	0.4
29100	0.4	0.44	0.44	0	0	0.4
29200	0.42	0.44	0.44	0	0	0.42
29300	0.42	0.44	0.44	0	0	0.42
29400	0.42	0.44	0.44	0	0	0.42
29500	0.44	0.44	0.44	0	0	0.44
29600	0.44	0.44	0.44	0	0	0.44
29700	0.42	0.44	0.44	0	0	0.42
29800	0.42	0.44	0.44	0	0	0.42
29900	0.42	0.44	0.44	0	0	0.42
30000	0.42	0.44	0.44	0	0	0.42
30100	0.42	0.44	0.44	0	0	0.42
30200	0.42	0.44	0.44	0	0	0.42
30300	0.42	0.44	0.44	0	0	0.42
30400	0.42	0.44	0.44	0	0	0.42
30500	0.4	0.44	0.44	0	0	0.4
30600	0.4	0.44	0.44	0	0	0.4
30700	0.42	0.44	0.44	0	0	0.42
30800	0.42	0.44	0.44	0	0	0.42
30900	0.42	0.44	0.44	0	0	0.42
31000	0.42	0.44	0.44	0	0	0.42
31100	0.42	0.44	0.44	0	0	0.42
31200	0.42	0.44	0.44	0	0	0.42
31300	0.42	0.44	0.44	0	0	0.42
31400	0.42	0.44	0.44	0	0	0.42
31500	0.42	0.44	0.44	0	0	0.42
31600	0.42	0.44	0.44	0	0	0.42
31700	0.42	0.44	0.44	0	0	0.42
31800	0.42	0.44	0.44	0	0	0.42
31900	0.42	0.44	0.44	0	0	0.42
32000	0.42	0.44	0.44	0	0	0.42
32100	0.42	0.44	0.44	0	0	0.42
32200	0.42	0.44	0.44	0	0	0.42
32300	0.42	0.46	0.46	0	0	0.42
32400	0.42	0.44	0.44	0	0	0.42
32500	0.44	0.44	0.44	0	0	0.44
32600	0.42	0.44	0.44	0	0	0.42
32700	0.42	0.44	0.44	0	0	0.42
32800	0.42	0.44	0.44	0	0	0.42
32900	0.42	0.44	0.44	0	0	0.42
33000	0.44	0.44	0.44	0	0	0.44
33100	0.42	0.44	0.44	0	0	0.42
33200	0.42	0.44	0.44	0	0	0.42
33300	0.42	0.44	0.44	0	0	0.42
33400	0.42	0.44	0.44	0	0	0.42
33500	0.42	0.44	0.44	0	0	0.42
33600	0.42	0.44	0.44	0	0	0.42
33700	0.42	0.44	0.44	0	0	0.42
33800	0.42	0.44	0.44	0	0	0.42
33900	0.42	0.44	0.44	0	0	0.42
34000	0.42	0.44	0.44	0	0	0.42
34100	0.42	0.44	0.44	0	0	0.42
34200	0.42	0.44	0.44	0	0	0.42
34300	0.42	0.44	0.44	0	0	0.42
34400	0.42	0.44	0.44	0	0	0.42
34500	0.42	0.44	0.44	0	0	0.42
34600	0.42	0.44	0.44	0	0	0.42
34700	0.42	0.44	0.44	0	0	0.42
34800	0.42	0.44	0.44	0	0	0.42
34900	0.42	0.44	0.44	0	0	0.42
35000	0.44	0.44	0.44	0	0	0.44
35100	0.44	0.44	0.44	0	0	0.44
35200	0.44	0.44	0.44	0	0	0.44
35300	0.44	0.44	0.44	0	0	0.44
35400	0.44	0.44	0.44	0	0	0.44
35500	0.44	0.44	0.44	0	0	0.44
35600	0.44	0.44	0.44	0	0	0.44
35700	0.44	0.46	0.46	0	0	0.44
35800	0.44	0.46	0.46	0	0	0.44
35900	0.44	0.46	0.46	0	0	0.44
36000	0.46	0.46	0.46	0	0	0.46
36100	0.44	0.46	0.46	0	0	0.44
36200	0.44	0.46	0.46	0	0	0.44
36300	0.44	0.46	0.46	0	0	0.44
36400	0.44	0.46	0.46	0	0	0.44
36500	0.44	0.46	0.46	0	0	0.44
36600	0.44	0.46	0.46	0	0	0.44
36700	0.44	0.46	0.46	0	0	0.44
36800	0.46	0.46	0.46	0	0	0.46
36900	0.44	0.46	0.46	0	0	0.44
37000	0.44	0.46	0.46	0	0	0.44
37100	0.44	0.46	0.46	0	0	0.44
37200	0.44	0.46	0.46	0	0	0.44
37300	0.44	0.46	0.46	0	0	0.44
37400	0.44	0.46	0.46	0	0	0.44
37500	0.44	0.46	0.46	0	0	0.44
37600	0.44	0.46	0.46	0	0	0.44
37700	0.44	0.46	0.46	0	0	0.44
37800	0.44	0.46	0.46	0	0	0.44
37900	0.44	0.46	0.46	0	0	0.44
38000	0.44	0.46	0.46	0	0	0.44
38100	0.44	0.46	0.46	0	0	0.44
38200	0.44	0.46	0.46	0	0	0.44
38300	0.44	0.46	0.46	0	0	0.44
38400	0.44	0.46	0.46	0	0	0.44
38500	0.44	0.46	0.46	0	0	0.44
38600	0.44	0.46	0.46	0	0	0.44
38700	0.44	0.46	0.46	0	0	0.44
38800	0.44	0.44	0.44	0	0	0.44
38900	0.44	0.44	0.44	0	0	0.44
39000	0.44	0.44	0.44	0	0	0.44
39100	0.44	0.44	0.44	0	0	0.44
39200	0.44	0.44	0.44	0	0	0.44
39300	0.44	0.44	0.44	0	0	0.44
39400	0.44	0.44	0.44	0	0	0.44
39500	0.44	0.44	0.44	0	0	0.44
39600	0.44	0.44	0.44	0	0	0.44
39700	0.46	0.44	0.44	0	0	0.46
39800	0.46	0.44	0.44	0	0	0.46
39900	0.46	0.44	0.44	0	0	0.46
40000	0.46	0.44	0.44	0	0	0.46
40100	0.46	0.44	0.44	0	0	0.46
40200	0.46	0.44	0.44	0	0	0.46
40300	0.46	0.44	0.44	0	0	0.46
40400	0.46	0.44	0.44	0	0	0.46
40500	0.46	0.44	0.44	0	0	0.46
40600	0.46	0.44	0.44	0	0	0.46
40700	0.46	0.42	0.42	0	0	0.46
40800	0.46	0.42	0.42	0	0	0.46
40900	0.44	0.42	0.42	0	0	0.44
41000	0.44	0.42	0.42	0	0	0.44
41100	0.44	0.44	0.44	0	0	0.44
41200	0.44	0.44	0.44	0	0	0.44
41300	0.44	0.44	0.44	0	0	0.44
41400	0.44	0.44	0.44	0	0	0.44
41500	0.44	0.46	0.46	0	0	0.44
41600	0.44	0.46	0.46	0	0	0.44
41700	0.44	0.46	0.46	0	0	0.44
41800	0.44	0.46	0.46	0	0	0.44
41900	0.44	0.46	0.46	0	0	0.44
42000	0.44	0.46	0.46	0	0	0.44
42100	0.44	0.46	0.46	0	0	0.44
42200	0.44	0.46	0.46	0	0	0.44
42300	0.44	0.46	0.46	0	0	0.44
42400	0.46	0.46	0.46	0	0	0.46
42500	0.46	0.46	0.46	0	0	0.46
42600	0.46	0.46	0.46	0	0	0.46
42700	0.46	0.46	0.46	0	0	0.46
42800	0.46	0.46	0.46	0	0	0.46
42900	0.46	0.46	0.46	0	0	0.46
43000	0.46	0.46	0.46	0	0	0.46
43100	0.46	0.46	0.46	0	0	0.46
43200	0.46	0.46	0.46	0	0	0.46
43300	0.46	0.46	0.46	0	0	0.46
43400	0.46	0.46	0.46	0	0	0.46
43500	0.46	0.46	0.46	0	0	0.46
43600	0.46	0.46	0.46	0	0	0.46
43700	0.46	0.48	0.48	0	0	0.46
43800	0.46	0.48	0.48	0	0	0.46
43900	0.46	0.48	0.48	0	0	0.46
44000	0.46	0.48	0.48	0	0	0.46
44100	0.46	0.48	0.48	0	0	0.46
44200	0.46	0.48	0.48	0	0	0.46
44300	0.46	0.48	0.48	0	0	0.46
44400	0.46	0.48	0.48	0	0	0.46
44500	0.46	0.48	0.48	0	0	0.46
44600	0.46	0.48	0.48	0	0	0.46
44700	0.46	0.48	0.48	0	0	0.46
44800	0.46	0.48	0.48	0	0	0.46
44900	0.46	0.48	0.48	0	0	0.46
45000	0.46	0.48	0.48	0	0	0.46
45100	0.46	0.46	0.46	0	0	0.46
45200	0.46	0.46	0.46	0	0	0.46
45300	0.46	0.46	0.46	0	0	0.46
45400	0.46	0.46	0.46	0	0	0.46
45500	0.46	0.46	0.46	0	0	0.46
45600	0.46	0.46	0.46	0	0	0.46
45700	0.48	0.46	0.46	0	0	0.48
45800	0.48	0.46	0.46	0	0	0.48
45900	0.48	0.46	0.46	0	0	0.48
46000	0.48	0.46	0.46	0	0	0.48
46100	0.48	0.46	0.46	0	0	0.48
46200	0.48	0.46	0.46	0	0	0.48
46300	0.48	0.46	0.46	0	0	0.48
46400	0.48	0.46	0.46	0	0	0.48
46500	0.48	0.46	0.46	0	0	0.48
46600	0.48	0.46	0.46	0	0	0.48
46700	0.48	0.46	0.46	0	0	0.48
46800	0.48	0.46	0.46	0	0	0.48
46900	0.48	0.46	0.46	0	0	0.48
47000	0.48	0.46	0.46	0	0	0.48
47100	0.48	0.46	0.46	0	0	0.48
47200	0.48	0.46	0.46	0	0	0.48
47300	0.48	0.46	0.46	0	0	0.48
47400	0.48	0.46	0.46	0	0	0.48
47500	0.5	0.46	0.46	0	0	0.5
47600	0.48	0.46	0.46	0	0	0.48
47700	0.48	0.46	0.46	0	0	0.48
47800	0.48	0.46	0.46	0	0	0.48
47900	0.5	0.46	0.46	0	0	0.5
48000	0.5	0.46	0.46	0	0	0.5
48100	0.5	0.46	0.46	0	0	0.5
48200	0.5	0.46	0.46	0	0	0.5
48300	0.5	0.46	0.46	0	0	0.5
48400	0.5	0.46	0.46	0	0	0.5
48500	0.5	0.46	0.46	0	0	0.5
48600	0.5	0.46	0.46	0	0	0.5
48700	0.5	0.46	0.46	0	0	0.5
48800	0.5	0.46	0.46	0	0	0.5
48900	0.5	0.46	0.46	0	0	0.5
49000	0.5	0.46	0.46	0	0	0.5
49100	0.5	0.46	0.46	0	0	0.5
49200	0.5	0.46	0.46	0	0	0.5
49300	0.5	0.46	0.46	0	0	0.5
49400	0.5	0.46	0.46	0	0	0.5
49500	0.48	0.46	0.46	0	0	0.48
49600	0.48	0.46	0.46	0	0	0.48
49700	0.48	0.48	0.48	0	0	0.48
49800	0.48	0.48	0.48	0	0	0.48
49900	0.48	0.48	0.48	0	0	0.48
50000	0.48	0.48	0.48	0	0	0.48
50100	0.48	0.48	0.48	0	0	0.48
50200	0.48	0.48	0.48	0	0	0.48
50300	0.48	0.48	0.48	0	0	0.48
50400	0.48	0.48	0.48	0	0	0.48
50500	0.48	0.48	0.48	0	0	0.48
50600	0.48	0.48	0.48	0	0	0.48
50700	0.44	0.48	0.48	0	0	0.44
50800	0.44	0.48	0.48	0	0	0.44
50900	0.44	0.48	0.48	0	0	0.44
51000	0.44	0.5	0.5	0	0	0.44
51100	0.44	0.5	0.5	0	0	0.44
51200	0.44	0.5	0.5	0	0	0.44
51300	0.44	0.5	0.5	0	0	0.44
51400	0.44	0.5	0.5	0	0	0.44
51500	0.44	0.5	0.5	0	0	0.44
51600	0.44	0.5	0.5	0	0	0.44
51700	0.44	0.5	0.5	0	0	0.44
51800	0.44	0.5	0.5	0	0	0.44
51900	0.44	0.5	0.5	0	0	0.44
52000	0.44	0.5	0.5	0	0	0.44
52100	0.44	0.5	0.5	0	0	0.44
52200	0.44	0.5	0.5	0	0	0.44
52300	0.44	0.5	0.5	0	0	0.44
52400	0.44	0.5	0.5	0	0	0.44
52500	0.44	0.5	0.5	0	0	0.44
52600	0.44	0.5	0.5	0	0	0.44
52700	0.44	0.5	0.5	0	0	0.44
52800	0.44	0.5	0.5	0	0	0.44
52900	0.44	0.5	0.5	0	0	0.44
53000	0.44	0.5	0.5	0	0	0.44
53100	0.44	0.5	0.5	0	0	0.44
53200	0.44	0.5	0.5	0	0	0.44
53300	0.44	0.5	0.5	0	0	0.44
53400	0.44	0.5	0.5	0	0	0.44
53500	0.44	0.5	0.5	0	0	0.44
53600	0.44	0.5	0.5	0	0	0.44
53700	0.44	0.5	0.5	0	0	0.44
53800	0.44	0.5	0.5	0	0	0.44
53900	0.44	0.5	0.5	0	0	0.44
54000	0.44	0.5	0.5	0	0	0.44
54100	0.46	0.5	0.5	0	0	0.46
54200	0.46	0.5	0.5	0	0	0.46
54300	0.46	0.5	0.5	0	0	0.46
54400	0.46	0.5	0.5	0	0	0.46
54500	0.46	0.5	0.5	0	0	0.46
54600	0.46	0.5	0.5	0	0	0.46
54700	0.46	0.5	0.5	0	0	0.46
54800	0.46	0.5	0.5	0	0	0.46
54900	0.46	0.5	0.5	0	0	0.46
55000	0.46	0.5	0.5	0	0	0.46
55100	0.46	0.5	0.5	0	0	0.46
55200	0.46	0.5	0.5	0	0	0.46
55300	0.46	0.52	0.52	0	0	0.46
55400	0.46	0.52	0.52	0	0	0.46
55500	0.46	0.52	0.52	0	0	0.46
55600	0.46	0.52	0.52	0	0	0.46
55700	0.46	0.52	0.52	0	0	0.46
55800	0.46	0.52	0.52	0	0	0.46
55900	0.46	0.52	0.52	0	0	0.46
56000	0.46	0.52	0.52	0	0	0.46
56100	0.46	0.52	0.52	0	0	0.46
56200	0.46	0.52	0.52	0	0	0.46
56300	0.46	0.52	0.52	0	0	0.46
56400	0.46	0.5	0.5	0	0	0.46
56500	0.46	0.48	0.48	0	0	0.46
56600	0.46	0.48	0.48	0	0	0.46
56700	0.46	0.48	0.48	0	0	0.46
56800	0.46	0.48	0.48	0	0	0.46
56900	0.46	0.48	0.48	0	0	0.46
57000	0.46	0.48	0.48	0	0	0.46
57100	0.46	0.48	0.48	0	0	0.46
57200	0.46	0.48	0.48	0	0	0.46
57300	0.46	0.5	0.5	0	0	0.46
57400	0.46	0.5	0.5	0	0	0.46
57500	0.46	0.5	0.5	0	0	0.46
57600	0.46	0.5	0.5	0	0	0.46
57700	0.46	0.5	0.5	0	0	0.46
57800	0.46	0.5	0.5	0	0	0.46
57900	0.46	0.5	0.5	0	0	0.46
58000	0.46	0.5	0.5	0	0	0.46
58100	0.46	0.5	0.5	0	0	0.46
58200	0.46	0.5	0.5	0	0	0.46
58300	0.46	0.5	0.5	0	0	0.46
58400	0.46	0.5	0.5	0	0	0.46
58500	0.46	0.5	0.5	0	0	0.46
58600	0.46	0.5	0.5	0	0	0.46
58700	0.46	0.5	0.5	0	0	0.46
58800	0.46	0.5	0.5	0	0	0.46
58900	0.46	0.5	0.5	0	0	0.46
59000	0.46	0.5	0.5	0	0	0.46
59100	0.46	0.5	0.5	0	0	0.46
59200	0.46	0.5	0.5	0	0	0.46
59300	0.46	0.5	0.5	0	0	0.46
59400	0.46	0.5	0.5	0	0	0.46
59500	0.46	0.5	0.5	0	0	0.46
59600	0.46	0.5	0.5	0	0	0.46
59700	0.46	0.5	0.5	0	0	0.46
59800	0.46	0.5	0.5	0	0	0.46
59900	0.46	0.5	0.5	0	0	0.46
60000	0.46	0.5	0.5	0	0	0.46
60100	0.46	0.5	0.5	0	0	0.46
60200	0.46	0.5	0.5	0	0	0.46
60300	0.46	0.5	0.5	0	0	0.46
60400	0.46	0.5	0.5	0	0	0.46
60500	0.46	0.5	0.5	0	0	0.46
60600	0.46	0.5	0.5	0	0	0.46
60700	0.46	0.5	0.5	0	0	0.46
60800	0.46	0.5	0.5	0	0	0.46
60900	0.46	0.5	0.5	0	0	0.46
61000	0.46	0.5	0.5	0	0	0.46
61100	0.46	0.5	0.5	0	0	0.46
61200	0.46	0.5	0.5	0	0	0.46
61300	0.46	0.5	0.5	0	0	0.46
61400	0.46	0.5	0.5	0	0	0.46
61500	0.46	0.5	0.5	0	0	0.46
61600	0.46	0.5	0.5	0	0	0.46
61700	0.46	0.5	0.5	0	0	0.46
61800	0.46	0.5	0.5	0	0	0.46
61900	0.46	0.5	0.5	0	0	0.46
62000	0.46	0.5	0.5	0	0	0.46
62100	0.46	0.5	0.5	0	0	0.46
62200	0.46	0.5	0.5	0	0	0.46
62300	0.46	0.5	0.5	0	0	0.46
62400	0.46	0.5	0.5	0	0	0.46
62500	0.46	0.5	0.5	0	0	0.46
62600	0.46	0.5	0.5	0	0	0.46
62700	0.46	0.5	0.5	0	0	0.46
62800	0.46	0.5	0.5	0	0	0.46
62900	0.46	0.5	0.5	0	0	0.46
63000	0.46	0.5	0.5	0	0	0.46
63100	0.46	0.5	0.5	0	0	0.46
63200	0.46	0.5	0.5	0	0	0.46
63300	0.46	0.5	0.5	0	0	0.46
63400	0.46	0.5	0.5	0	0	0.46
63500	0.46	0.5	0.5	0	0	0.46
63600	0.46	0.5	0.5	0	0	0.46
63700	0.46	0.5	0.5	0	0	0.46
63800	0.46	0.5	0.5	0	0	0.46
63900	0.46	0.5	0.5	0	0	0.46
64000	0.46	0.5	0.5	0	0	0.46
64100	0.46	0.5	0.5	0	0	0.46
64200	0.46	0.5	0.5	0	0	0.46
64300	0.46	0.5	0.5	0	0	0.46
64400	0.46	0.5	0.5	0	0	0.46
64500	0.46	0.5	0.5	0	0	0.46
64600	0.46	0.5	0.5	0	0	0.46
64700	0.46	0.5	0.5	0	0	0.46
64800	0.46	0.5	0.5	0	0	0.46
64900	0.46	0.5	0.5	0	0	0.46
65000	0.46	0.5	0.5	0	0	0.46
65100	0.46	0.5	0.5	0	0	0.46
65200	0.46	0.5	0.5	0	0	0.46
65300	0.46	0.5	0.5	0	0	0.46
65400	0.46	0.5	0.5	0	0	0.46
65500	0.46	0.5	0.5	0	0	0.46
65600	0.46	0.5	0.5	0	0	0.46
65700	0.46	0.5	0.5	0	0	0.46
65800	0.46	0.5	0.5	0	0	0.46
65900	0.46	0.5	0.5	0	0	0.46
66000	0.46	0.5	0.5	0	0	0.46
66100	0.46	0.5	0.5	0	0	0.46
66200	0.46	0.5	0.5	0	0	0.46
66300	0.46	0.5	0.5	0	0	0.46
66400	0.46	0.5	0.5	0	0	0.46
66500	0.46	0.5	0.5	0	0	0.46
66600	0.46	0.5	0.5	0	0	0.46
66700	0.46	0.5	0.5	0	0	0.46
66800	0.46	0.5	0.5	0	0	0.46
66900	0.46	0.48	0.48	0	0	0.46
67000	0.46	0.48	0.48	0	0	0.46
67100	0.46	0.48	0.48	0	0	0.46
67200	0.46	0.48	0.48	0	0	0.46
67300	0.46	0.48	0.48	0	0	0.46
67400	0.46	0.48	0.48	0	0	0.46
67500	0.46	0.48	0.48	0	0	0.46
67600	0.46	0.48	0.48	0	0	0.46
67700	0.46	0.48	0.48	0	0	0.46
67800	0.46	0.48	0.48	0	0	0.46
67900	0.46	0.48	0.48	0	0	0.46
68000	0.46	0.48	0.48	0	0	0.46
68100	0.46	0.48	0.48	0	0	0.46
68200	0.46	0.48	0.48	0	0	0.46
68300	0.46	0.48	0.48	0	0	0.46
68400	0.46	0.48	0.48	0	0	0.46
68500	0.46	0.48	0.48	0	0	0.46
68600	0.46	0.48	0.48	0	0	0.46
68700	0.46	0.48	0.48	0	0	0.46
68800	0.46	0.48	0.48	0	0	0.46
68900	0.46	0.48	0.48	0	0	0.46
69000	0.46	0.48	0.48	0	0	0.46
69100	0.46	0.48	0.48	0	0	0.46
69200	0.46	0.48	0.48	0	0	0.46
69300	0.46	0.48	0.48	0	0	0.46
69400	0.46	0.48	0.48	0	0	0.46
69500	0.46	0.48	0.48	0	0	0.46
69600	0.46	0.48	0.48	0	0	0.46
69700	0.46	0.48	0.48	0	0	0.46
69800	0.46	0.46	0.46	0	0	0.46
69900	0.46	0.46	0.46	0	0	0.46
70000	0.46	0.46	0.46	0	0	0.46
70100	0.46	0.46	0.46	0	0	0.46
70200	0.46	0.46	0.46	0	0	0.46
70300	0.46	0.48	0.48	0	0	0.46
70400	0.46	0.48	0.48	0	0	0.46
70500	0.46	0.48	0.48	0	0	0.46
70600	0.46	0.48	0.48	0	0	0.46
70700	0.46	0.5	0.5	0	0	0.46
70800	0.46	0.5	0.5	0	0	0.46
70900	0.46	0.5	0.5	0	0	0.46
71000	0.46	0.5	0.5	0	0	0.46
71100	0.48	0.5	0.5	0	0	0.48
71200	0.48	0.5	0.5	0	0	0.48
71300	0.48	0.5	0.5	0	0	0.48
71400	0.48	0.5	0.5	0	0	0.48
71500	0.48	0.5	0.5	0	0	0.48
71600	0.48	0.5	0.5	0	0	0.48
71700	0.48	0.5	0.5	0	0	0.48
71800	0.48	0.5	0.5	0	0	0.48
71900	0.48	0.5	0.5	0	0	0.48
72000	0.48	0.46	0.46	0	0	0.48
72100	0.48	0.46	0.46	0	0	0.48
72200	0.48	0.46	0.46	0	0	0.48
72300	0.48	0.46	0.46	0	0	0.48
72400	0.48	0.46	0.46	0	0	0.48
72500	0.48	0.46	0.46	0	0	0.48
72600	0.48	0.46	0.46	0	0	0.48
72700	0.48	0.46	0.46	0	0	0.48
72800	0.48	0.46	0.46	0	0	0.48
72900	0.48	0.46	0.46	0	0	0.48
73000	0.48	0.46	0.46	0	0	0.48
73100	0.48	0.46	0.46	0	0	0.48
73200	0.48	0.46	0.46	0	0	0.48
73300	0.48	0.46	0.46	0	0	0.48
73400	0.48	0.46	0.46	0	0	0.48
73500	0.48	0.46	0.46	0	0	0.48
73600	0.48	0.46	0.46	0	0	0.48
73700	0.48	0.46	0.46	0	0	0.48
73800	0.48	0.46	0.46	0	0	0.48
73900	0.48	0.48	0.48	0	0	0.48
74000	0.48	0.48	0.48	0	0	0.48
74100	0.48	0.48	0.48	0	0	0.48
74200	0.48	0.48	0.48	0	0	0.48
74300	0.48	0.48	0.48	0	0	0.48
74400	0.48	0.48	0.48	0	0	0.48
74500	0.48	0.48	0.48	0	0	0.48
74600	0.48	0.48	0.48	0	0	0.48
74700	0.48	0.48	0.48	0	0	0.48
74800	0.48	0.48	0.48	0	0	0.48
74900	0.48	0.48	0.48	0	0	0.48
75000	0.48	0.48	0.48	0	0	0.48
75100	0.48	0.48	0.48	0	0	0.48
75200	0.48	0.48	0.48	0	0	0.48
75300	0.48	0.48	0.48	0	0	0.48
75400	0.48	0.48	0.48	0	0	0.48
75500	0.48	0.48	0.48	0	0	0.48
75600	0.48	0.48	0.48	0	0	0.48
75700	0.46	0.48	0.48	0	0	0.46
75800	0.46	0.48	0.48	0	0	0.46
75900	0.46	0.48	0.48	0	0	0.46
76000	0.46	0.48	0.48	0	0	0.46
76100	0.46	0.48	0.48	0	0	0.46
76200	0.46	0.48	0.48	0	0	0.46
76300	0.46	0.48	0.48	0	0	0.46
76400	0.46	0.48	0.48	0	0	0.46
76500	0.48	0.48	0.48	0	0	0.48
76600	0.46	0.48	0.48	0	0	0.46
76700	0.46	0.48	0.48	0	0	0.46
76800	0.46	0.48	0.48	0	0	0.46
76900	0.46	0.48	0.48	0	0	0.46
77000	0.46	0.48	0.48	0	0	0.46
77100	0.46	0.48	0.48	0	0	0.46
77200	0.46	0.48	0.48	0	0	0.46
77300	0.46	0.48	0.48	0	0	0.46
77400	0.46	0.48	0.48	0	0	0.46
77500	0.46	0.48	0.48	0	0	0.46
77600	0.46	0.48	0.48	0	0	0.46
77700	0.46	0.48	0.48	0	0	0.46
77800	0.46	0.48	0.48	0	0	0.46
77900	0.46	0.48	0.48	0	0	0.46
78000	0.46	0.48	0.48	0	0	0.46
78100	0.46	0.48	0.48	0	0	0.46
78200	0.46	0.48	0.48	0	0	0.46
78300	0.46	0.48	0.48	0	0	0.46
78400	0.46	0.48	0.48	0	0	0.46
78500	0.46	0.48	0.48	0	0	0.46
78600	0.46	0.48	0.48	0	0	0.46
78700	0.46	0.48	0.48	0	0	0.46
78800	0.46	0.48	0.48	0	0	0.46
78900	0.46	0.46	0.46	0	0	0.46
79000	0.46	0.46	0.46	0	0	0.46
79100	0.46	0.46	0.46	0	0	0.46
79200	0.46	0.46	0.46	0	0	0.46
79300	0.46	0.46	0.46	0	0	0.46
79400	0.46	0.46	0.46	0	0	0.46
79500	0.46	0.46	0.46	0	0	0.46
79600	0.46	0.46	0.46	0	0	0.46
79700	0.46	0.48	0.48	0	0	0.46
79800	0.46	0.48	0.48	0	0	0.46
79900	0.46	0.48	0.48	0	0	0.46
80000	0.46	0.48	0.48	0	0	0.46
80100	0.46	0.48	0.48	0	0	0.46
80200	0.46	0.48	0.48	0	0	0.46
80300	0.46	0.48	0.48	0	0	0.46
80400	0.46	0.48	0.48	0	0	0.46
80500	0.46	0.48	0.48	0	0	0.46
80600	0.46	0.48	0.48	0	0	0.46
80700	0.46	0.48	0.48	0	0	0.46
80800	0.46	0.48	0.48	0	0	0.46
80900	0.46	0.48	0.48	0	0	0.46
81000	0.46	0.48	0.48	0	0	0.46
81100	0.46	0.48	0.48	0	0	0.46
81200	0.46	0.48	0.48	0	0	0.46
81300	0.46	0.48	0.48	0	0	0.46
81400	0.46	0.48	0.48	0	0	0.46
81500	0.46	0.48	0.48	0	0	0.46
81600	0.46	0.46	0.46	0	0	0.46
81700	0.46	0.46	0.46	0	0	0.46
81800	0.46	0.46	0.46	0	0	0.46
81900	0.46	0.46	0.46	0	0	0.46
82000	0.46	0.46	0.46	0	0	0.46
82100	0.46	0.46	0.46	0	0	0.46
82200	0.46	0.46	0.46	0	0	0.46
82300	0.46	0.46	0.46	0	0	0.46
82400	0.46	0.46	0.46	0	0	0.46
82500	0.48	0.46	0.46	0	0	0.48
82600	0.48	0.46	0.46	0	0	0.48
82700	0.48	0.46	0.46	0	0	0.48
82800	0.48	0.46	0.46	0	0	0.48
82900	0.48	0.46	0.46	0	0	0.48
83000	0.48	0.46	0.46	0	0	0.48
83100	0.48	0.46	0.46	0	0	0.48
83200	0.48	0.46	0.46	0	0	0.48
83300	0.48	0.46	0.46	0	0	0.48
83400	0.48	0.46	0.46	0	0	0.48
83500	0.48	0.46	0.46	0	0	0.48
83600	0.48	0.46	0.46	0	0	0.48
83700	0.48	0.46	0.46	0	0	0.48
83800	0.48	0.44	0.44	0	0	0.48
83900	0.48	0.44	0.44	0	0	0.48
84000	0.48	0.44	0.44	0	0	0.48
84100	0.48	0.44	0.44	0	0	0.48
84200	0.48	0.44	0.44	0	0	0.48
84300	0.48	0.44	0.44	0	0	0.48
84400	0.48	0.44	0.44	0	0	0.48
84500	0.48	0.44	0.44	0	0	0.48
84600	0.48	0.44	0.44	0	0	0.48
84700	0.48	0.44	0.44	0	0	0.48
84800	0.48	0.44	0.44	0	0	0.48
84900	0.48	0.44	0.44	0	0	0.48
85000	0.48	0.44	0.44	0	0	0.48
85100	0.48	0.44	0.44	0	0	0.48
85200	0.48	0.44	0.44	0	0	0.48
85300	0.48	0.44	0.44	0	0	0.48
85400	0.48	0.44	0.44	0	0	0.48
85500	0.48	0.44	0.44	0	0	0.48
85600	0.48	0.44	0.44	0	0	0.48
85700	0.48	0.44	0.44	0	0	0.48
85800	0.48	0.44	0.44	0	0	0.48
85900	0.48	0.44	0.44	0	0	0.48
86000	0.48	0.44	0.44	0	0	0.48
86100	0.48	0.44	0.44	0	0	0.48
86200	0.48	0.44	0.44	0	0	0.48
86300	0.48	0.44	0.44	0	0	0.48
86400	0.48	0.44	0.44	0	0	0.48
86500	0.48	0.44	0.44	0	0	0.48
86600	0.48	0.44	0.44	0	0	0.48
86700	0.48	0.44	0.44	0	0	0.48
86800	0.48	0.44	0.44	0	0	0.48
86900	0.46	0.44	0.44	0	0	0.46
87000	0.46	0.44	0.44	0	0	0.46
87100	0.46	0.44	0.44	0	0	0.46
87200	0.46	0.44	0.44	0	0	0.46
87300	0.46	0.44	0.44	0	0	0.46
87400	0.46	0.44	0.44	0	0	0.46
87500	0.46	0.44	0.44	0	0	0.46
87600	0.46	0.44	0.44	0	0	0.46
87700	0.46	0.44	0.44	0	0	0.46
87800	0.46	0.44	0.44	0	0	0.46
87900	0.46	0.44	0.44	0	0	0.46
88000	0.46	0.44	0.44	0	0	0.46
88100	0.46	0.42	0.42	0	0	0.46
88200	0.46	0.44	0.44	0	0	0.46
88300	0.46	0.44	0.44	0	0	0.46
88400	0.46	0.44	0.44	0	0	0.46
88500	0.46	0.44	0.44	0	0	0.46
88600	0.46	0.44	0.44	0	0	0.46
88700	0.46	0.44	0.44	0	0	0.46
88800	0.46	0.44	0.44	0	0	0.46
88900	0.46	0.46	0.46	0	0	0.46
89000	0.46	0.46	0.46	0	0	0.46
89100	0.46	0.46	0.46	0	0	0.46
89200	0.46	0.46	0.46	0	0	0.46
89300	0.46	0.46	0.46	0	0	0.46
89400	0.46	0.46	0.46	0	0	0.46
89500	0.46	0.46	0.46	0	0	0.46
89600	0.46	0.46	0.46	0	0	0.46
89700	0.46	0.48	0.48	0	0	0.46
89800	0.46	0.48	0.48	0	0	0.46
89900	0.46	0.48	0.48	0	0	0.46
90000	0.46	0.48	0.48	0	0	0.46
90100	0.46	0.48	0.48	0	0	0.46
90200	0.46	0.48	0.48	0	0	0.46
90300	0.46	0.48	0.48	0	0	0.46
90400	0.46	0.48	0.48	0	0	0.46
90500	0.46	0.48	0.48	0	0	0.46
90600	0.46	0.48	0.48	0	0	0.46
90700	0.46	0.48	0.48	0	0	0.46
90800	0.46	0.48	0.48	0	0	0.46
90900	0.46	0.48	0.48	0	0	0.46
91000	0.46	0.48	0.48	0	0	0.46
91100	0.46	0.48	0.48	0	0	0.46
91200	0.46	0.48	0.48	0	0	0.46
91300	0.46	0.48	0.48	0	0	0.46
91400	0.46	0.48	0.48	0	0	0.46
91500	0.46	0.48	0.48	0	0	0.46
91600	0.46	0.48	0.48	0	0	0.46
91700	0.46	0.48	0.48	0	0	0.46
91800	0.46	0.48	0.48	0	0	0.46
91900	0.46	0.48	0.48	0	0	0.46
92000	0.46	0.48	0.48	0	0	0.46
92100	0.46	0.48	0.48	0	0	0.46
92200	0.46	0.48	0.48	0	0	0.46
92300	0.46	0.48	0.48	0	0	0.46
92400	0.46	0.48	0.48	0	0	0.46
92500	0.46	0.46	0.46	0	0	0.46
92600	0.46	0.48	0.48	0	0	0.46
92700	0.46	0.46	0.46	0	0	0.46
92800	0.46	0.46	0.46	0	0	0.46
92900	0.46	0.46	0.46	0	0	0.46
93000	0.46	0.46	0.46	0	0	0.46
93100	0.46	0.46	0.46	0	0	0.46
93200	0.46	0.46	0.46	0	0	0.46
93300	0.48	0.46	0.46	0	0	0.48
93400	0.46	0.46	0.46	0	0	0.46
93500	0.46	0.46	0.46	0	0	0.46
93600	0.46	0.46	0.46	0	0	0.46
93700	0.46	0.46	0.46	0	0	0.46
93800	0.46	0.46	0.46	0	0	0.46
93900	0.46	0.46	0.46	0	0	0.46
94000	0.46	0.46	0.46	0	0	0.46
94100	0.46	0.46	0.46	0	0	0.46
94200	0.46	0.46	0.46	0	0	0.46
94300	0.46	0.46	0.46	0	0	0.46
94400	0.44	0.46	0.46	0	0	0.44
94500	0.44	0.46	0.46	0	0	0.44
94600	0.44	0.46	0.46	0	0	0.44
94700	0.44	0.46	0.46	0	0	0.44
94800	0.44	0.46	0.46	0	0	0.44
94900	0.44	0.46	0.46	0	0	0.44
95000	0.46	0.46	0.46	0	0	0.46
95100	0.46	0.46	0.46	0	0	0.46
95200	0.46	0.46	0.46	0	0	0.46
95300	0.46	0.46	0.46	0	0	0.46
95400	0.46	0.46	0.46	0	0	0.46
95500	0.44	0.46	0.46	0	0	0.44
95600	0.44	0.46	0.46	0	0	0.44
95700	0.44	0.46	0.46	0	0	0.44
95800	0.44	0.46	0.46	0	0	0.44
95900	0.44	0.46	0.46	0	0	0.44
96000	0.44	0.46	0.46	0	0	0.44
96100	0.44	0.46	0.46	0	0	0.44
96200	0.44	0.46	0.46	0	0	0.44
96300	0.44	0.46	0.46	0	0	0.44
96400	0.44	0.46	0.46	0	0	0.44
96500	0.44	0.46	0.46	0	0	0.44
96600	0.44	0.46	0.46	0	0	0.44
96700	0.44	0.46	0.46	0	0	0.44
96800	0.44	0.46	0.46	0	0	0.44
96900	0.44	0.46	0.46	0	0	0.44
97000	0.44	0.46	0.46	0	0	0.44
97100	0.44	0.46	0.46	0	0	0.44
97200	0.44	0.46	0.46	0	0	0.44
97300	0.44	0.46	0.46	0	0	0.44
97400	0.44	0.46	0.46	0	0	0.44
97500	0.44	0.46	0.46	0	0	0.44
97600	0.44	0.46	0.46	0	0	0.44
97700	0.44	0.46	0.46	0	0	0.44
97800	0.44	0.46	0.46	0	0	0.44
97900	0.44	0.46	0.46	0	0	0.44
98000	0.44	0.46	0.46	0	0	0.44
98100	0.44	0.46	0.46	0	0	0.44
98200	0.44	0.46	0.46	0	0	0.44
98300	0.44	0.46	0.46	0	0	0.44
98400	0.44	0.46	0.46	0	0	0.44
98500	0.44	0.46	0.46	0	0	0.44
98600	0.44	0.46	0.46	0	0	0.44
98700	0.44	0.46	0.46	0	0	0.44
98800	0.44	0.46	0.46	0	0	0.44
98900	0.44	0.46	0.46	0	0	0.44
99000	0.44	0.46	0.46	0	0	0.44
99100	0.44	0.46	0.46	0	0	0.44
99200	0.44	0.46	0.46	0	0	0.44
99300	0.44	0.46	0.46	0	0	0.44
99400	0.44	0.46	0.46	0	0	0.44
99500	0.44	0.46	0.46	0	0	0.44
99600	0.44	0.46	0.46	0	0	0.44
99700	0.46	0.46	0.46	0	0	0.46
99800	0.46	0.46	0.46	0	0	0.46
99900	0.46	0.46	0.46	0	0	0.46
100000	0.46	0.46	0.46	0	0	0.46
