100	0.02	0.16	0.16	0	0	0.02
200	0.02	0.2	0.2	0	0	0.02
300	0.02	0.22	0.22	0	0	0.02
400	0.04	0.2	0.2	0	0	0.04
500	0.04	0.2	0.2	0	0	0.04
600	0.06	0.2	0.2	0	0	0.06
700	0.06	0.22	0.22	0	0	0.06
800	0.06	0.22	0.22	0	0	0.06
900	0.06	0.22	0.22	0	0	0.06
1000	0.1	0.24	0.24	0	0	0.1
1100	0.1	0.26	0.26	0	0	0.1
1200	0.14	0.26	0.26	0	0	0.14
1300	0.14	0.26	0.26	0	0	0.14
1400	0.14	0.26	0.26	0	0	0.14
1500	0.14	0.26	0.26	0	0	0.14
1600	0.14	0.28	0.28	0	0	0.14
1700	0.14	0.28	0.28	0	0	0.14
1800	0.14	0.28	0.28	0	0	0.14
1900	0.14	0.28	0.28	0	0	0.14
2000	0.18	0.28	0.28	0	0	0.18
2100	0.2	0.28	0.28	0	0	0.2
2200	0.2	0.28	0.28	0	0	0.2
2300	0.2	0.3	0.3	0	0	0.2
2400	0.2	0.36	0.36	0	0	0.2
2500	0.2	0.38	0.38	0	0	0.2
2600	0.22	0.36	0.36	0	0	0.22
2700	0.22	0.36	0.36	0	0	0.22
2800	0.22	0.36	0.36	0	0	0.22
2900	0.22	0.38	0.38	0	0	0.22
3000	0.24	0.4	0.4	0	0	0.24
3100	0.24	0.4	0.4	0	0	0.24
3200	0.24	0.4	0.4	0	0	0.24
3300	0.24	0.42	0.42	0	0	0.24
3400	0.24	0.4	0.4	0	0	0.24
3500	0.24	0.4	0.4	0	0	0.24
3600	0.24	0.4	0.4	0	0	0.24
3700	0.24	0.46	0.46	0	0	0.24
3800	0.24	0.46	0.46	0	0	0.24
3900	0.22	0.46	0.46	0	0	0.22
4000	0.22	0.48	0.48	0	0	0.22
4100	0.22	0.44	0.44	0	0	0.22
4200	0.24	0.46	0.46	0	0	0.24
4300	0.24	0.48	0.48	0	0	0.24
4400	0.24	0.46	0.46	0	0	0.24
4500	0.24	0.46	0.46	0	0	0.24
4600	0.24	0.46	0.46	0	0	0.24
4700	0.24	0.46	0.46	0	0	0.24
4800	0.24	0.48	0.48	0	0	0.24
4900	0.24	0.48	0.48	0	0	0.24
5000	0.24	0.46	0.46	0	0	0.24
5100	0.26	0.46	0.46	0	0	0.26
5200	0.26	0.46	0.46	0	0	0.26
5300	0.26	0.5	0.5	0	0	0.26
5400	0.26	0.48	0.48	0	0	0.26
5500	0.26	0.48	0.48	0	0	0.26
5600	0.26	0.48	0.48	0	0	0.26
5700	0.26	0.48	0.48	0	0	0.26
5800	0.26	0.5	0.5	0	0	0.26
5900	0.26	0.5	0.5	0	0	0.26
6000	0.24	0.5	0.5	0	0	0.24
6100	0.22	0.5	0.5	0	0	0.22
6200	0.24	0.5	0.5	0	0	0.24
6300	0.24	0.52	0.52	0	0	0.24
6400	0.26	0.52	0.52	0	0	0.26
6500	0.26	0.5	0.5	0	0	0.26
6600	0.26	0.5	0.5	0	0	0.26
6700	0.26	0.5	0.5	0	0	0.26
6800	0.26	0.48	0.48	0	0	0.26
6900	0.26	0.48	0.48	0	0	0.26
7000	0.28	0.46	0.46	0	0	0.28
7100	0.3	0.46	0.46	0	0	0.3
7200	0.3	0.46	0.46	0	0	0.3
7300	0.3	0.46	0.46	0	0	0.3
7400	0.3	0.46	0.46	0	0	0.3
7500	0.3	0.44	0.44	0	0	0.3
7600	0.3	0.44	0.44	0	0	0.3
7700	0.3	0.44	0.44	0	0	0.3
7800	0.34	0.44	0.44	0	0	0.34
7900	0.34	0.44	0.44	0	0	0.34
8000	0.34	0.44	0.44	0	0	0.34
8100	0.32	0.44	0.44	0	0	0.32
8200	0.32	0.44	0.44	0	0	0.32
8300	0.32	0.44	0.44	0	0	0.32
8400	0.34	0.46	0.46	0	0	0.34
8500	0.34	0.46	0.46	0	0	0.34
8600	0.34	0.46	0.46	0	0	0.34
8700	0.34	0.48	0.48	0	0	0.34
8800	0.34	0.48	0.48	0	0	0.34
8900	0.34	0.48	0.48	0	0	0.34
9000	0.34	0.46	0.46	0	0	0.34
9100	0.34	0.46	0.46	0	0	0.34
9200	0.34	0.46	0.46	0	0	0.34
9300	0.34	0.48	0.48	0	0	0.34
9400	0.32	0.52	0.52	0	0	0.32
9500	0.32	0.54	0.54	0	0	0.32
9600	0.32	0.54	0.54	0	0	0.32
9700	0.32	0.54	0.54	0	0	0.32
9800	0.32	0.54	0.54	0	0	0.32
9900	0.32	0.54	0.54	0	0	0.32
10000	0.32	0.5	0.5	0	0	0.32
10100	0.32	0.48	0.48	0	0	0.32
10200	0.32	0.52	0.52	0	0	0.32
10300	0.32	0.52	0.52	0	0	0.32
10400	0.34	0.52	0.52	0	0	0.34
10500	0.34	0.52	0.52	0	0	0.34
10600	0.32	0.54	0.54	0	0	0.32
10700	0.32	0.52	0.52	0	0	0.32
10800	0.32	0.52	0.52	0	0	0.32
10900	0.32	0.54	0.54	0	0	0.32
11000	0.32	0.54	0.54	0	0	0.32
11100	0.32	0.54	0.54	0	0	0.32
11200	0.32	0.54	0.54	0	0	0.32
11300	0.32	0.54	0.54	0	0	0.32
11400	0.32	0.54	0.54	0	0	0.32
11500	0.32	0.54	0.54	0	0	0.32
11600	0.32	0.54	0.54	0	0	0.32
11700	0.32	0.52	0.52	0	0	0.32
11800	0.32	0.52	0.52	0	0	0.32
11900	0.32	0.52	0.52	0	0	0.32
12000	0.32	0.52	0.52	0	0	0.32
12100	0.32	0.52	0.52	0	0	0.32
12200	0.32	0.52	0.52	0	0	0.32
12300	0.32	0.52	0.52	0	0	0.32
12400	0.32	0.52	0.52	0	0	0.32
12500	0.32	0.52	0.52	0	0	0.32
12600	0.32	0.5	0.5	0	0	0.32
12700	0.32	0.5	0.5	0	0	0.32
12800	0.32	0.52	0.52	0	0	0.32
12900	0.32	0.52	0.52	0	0	0.32
13000	0.34	0.52	0.52	0	0	0.34
13100	0.34	0.52	0.52	0	0	0.34
13200	0.34	0.52	0.52	0	0	0.34
13300	0.34	0.52	0.52	0	0	0.34
13400	0.36	0.52	0.52	0	0	0.36
13500	0.34	0.52	0.52	0	0	0.34
13600	0.34	0.52	0.52	0	0	0.34
13700	0.34	0.52	0.52	0	0	0.34
13800	0.34	0.54	0.54	0	0	0.34
13900	0.34	0.54	0.54	0	0	0.34
14000	0.34	0.52	0.52	0	0	0.34
14100	0.34	0.52	0.52	0	0	0.34
14200	0.34	0.52	0.52	0	0	0.34
14300	0.34	0.52	0.52	0	0	0.34
14400	0.34	0.52	0.52	0	0	0.34
14500	0.34	0.52	0.52	0	0	0.34
14600	0.34	0.52	0.52	0	0	0.34
14700	0.34	0.54	0.54	0	0	0.34
14800	0.34	0.52	0.52	0	0	0.34
14900	0.34	0.52	0.52	0	0	0.34
15000	0.32	0.52	0.52	0	0	0.32
15100	0.32	0.52	0.52	0	0	0.32
15200	0.32	0.52	0.52	0	0	0.32
15300	0.32	0.52	0.52	0	0	0.32
15400	0.32	0.52	0.52	0	0	0.32
15500	0.32	0.52	0.52	0	0	0.32
15600	0.32	0.52	0.52	0	0	0.32
15700	0.32	0.52	0.52	0	0	0.32
15800	0.32	0.52	0.52	0	0	0.32
15900	0.32	0.52	0.52	0	0	0.32
16000	0.32	0.52	0.52	0	0	0.32
16100	0.32	0.52	0.52	0	0	0.32
16200	0.32	0.52	0.52	0	0	0.32
16300	0.32	0.54	0.54	0	0	0.32
16400	0.32	0.54	0.54	0	0	0.32
16500	0.32	0.54	0.54	0	0	0.32
16600	0.32	0.56	0.56	0	0	0.32
16700	0.34	0.56	0.56	0	0	0.34
16800	0.34	0.56	0.56	0	0	0.34
16900	0.34	0.56	0.56	0	0	0.34
17000	0.34	0.56	0.56	0	0	0.34
17100	0.34	0.56	0.56	0	0	0.34
17200	0.34	0.56	0.56	0	0	0.34
17300	0.34	0.52	0.52	0	0	0.34
17400	0.34	0.52	0.52	0	0	0.34
17500	0.34	0.52	0.52	0	0	0.34
17600	0.36	0.52	0.52	0	0	0.36
17700	0.36	0.52	0.52	0	0	0.36
17800	0.36	0.52	0.52	0	0	0.36
17900	0.36	0.52	0.52	0	0	0.36
18000	0.36	0.52	0.52	0	0	0.36
18100	0.36	0.52	0.52	0	0	0.36
18200	0.36	0.52	0.52	0	0	0.36
18300	0.36	0.52	0.52	0	0	0.36
18400	0.36	0.52	0.52	0	0	0.36
18500	0.36	0.52	0.52	0	0	0.36
18600	0.36	0.54	0.54	0	0	0.36
18700	0.36	0.54	0.54	0	0	0.36
18800	0.36	0.52	0.52	0	0	0.36
18900	0.36	0.52	0.52	0	0	0.36
19000	0.36	0.52	0.52	0	0	0.36
19100	0.36	0.5	0.5	0	0	0.36
19200	0.36	0.5	0.5	0	0	0.36
19300	0.36	0.5	0.5	0	0	0.36
19400	0.36	0.5	0.5	0	0	0.36
19500	0.36	0.5	0.5	0	0	0.36
19600	0.36	0.5	0.5	0	0	0.36
19700	0.36	0.48	0.48	0	0	0.36
19800	0.36	0.48	0.48	0	0	0.36
19900	0.36	0.48	0.48	0	0	0.36
20000	0.36	0.48	0.48	0	0	0.36
20100	0.36	0.48	0.48	0	0	0.36
20200	0.36	0.48	0.48	0	0	0.36
20300	0.36	0.48	0.48	0	0	0.36
20400	0.36	0.48	0.48	0	0	0.36
20500	0.36	0.48	0.48	0	0	0.36
20600	0.38	0.48	0.48	0	0	0.38
20700	0.38	0.48	0.48	0	0	0.38
20800	0.38	0.48	0.48	0	0	0.38
20900	0.38	0.48	0.48	0	0	0.38
21000	0.38	0.48	0.48	0	0	0.38
21100	0.38	0.48	0.48	0	0	0.38
21200	0.38	0.48	0.48	0	0	0.38
21300	0.38	0.48	0.48	0	0	0.38
21400	0.38	0.48	0.48	0	0	0.38
21500	0.38	0.48	0.48	0	0	0.38
21600	0.38	0.48	0.48	0	0	0.38
21700	0.38	0.5	0.5	0	0	0.38
21800	0.38	0.5	0.5	0	0	0.38
21900	0.38	0.5	0.5	0	0	0.38
22000	0.38	0.5	0.5	0	0	0.38
22100	0.38	0.52	0.52	0	0	0.38
22200	0.38	0.52	0.52	0	0	0.38
22300	0.36	0.54	0.54	0	0	0.36
22400	0.36	0.54	0.54	0	0	0.36
22500	0.36	0.54	0.54	0	0	0.36
22600	0.36	0.54	0.54	0	0	0.36
22700	0.36	0.54	0.54	0	0	0.36
22800	0.36	0.56	0.56	0	0	0.36
22900	0.36	0.56	0.56	0	0	0.36
23000	0.36	0.56	0.56	0	0	0.36
23100	0.36	0.56	0.56	0	0	0.36
23200	0.36	0.56	0.56	0	0	0.36
23300	0.36	0.56	0.56	0	0	0.36
23400	0.36	0.56	0.56	0	0	0.36
23500	0.36	0.56	0.56	0	0	0.36
23600	0.36	0.56	0.56	0	0	0.36
23700	0.36	0.56	0.56	0	0	0.36
23800	0.36	0.56	0.56	0	0	0.36
23900	0.36	0.56	0.56	0	0	0.36
24000	0.36	0.56	0.56	0	0	0.36
24100	0.36	0.56	0.56	0	0	0.36
24200	0.36	0.56	0.56	0	0	0.36
24300	0.34	0.56	0.56	0	0	0.34
24400	0.34	0.56	0.56	0	0	0.34
24500	0.34	0.56	0.56	0	0	0.34
24600	0.32	0.56	0.56	0	0	0.32
24700	0.3	0.56	0.56	0	0	0.3
24800	0.3	0.56	0.56	0	0	0.3
24900	0.3	0.56	0.56	0	0	0.3
25000	0.3	0.56	0.56	0	0	0.3
25100	0.3	0.56	0.56	0	0	0.3
25200	0.3	0.56	0.56	0	0	0.3
25300	0.3	0.56	0.56	0	0	0.3
25400	0.3	0.56	0.56	0	0	0.3
25500	0.3	0.56	0.56	0	0	0.3
25600	0.3	0.56	0.56	0	0	0.3
25700	0.3	0.56	0.56	0	0	0.3
25800	0.3	0.56	0.56	0	0	0.3
25900	0.3	0.54	0.54	0	0	0.3
26000	0.3	0.54	0.54	0	0	0.3
26100	0.32	0.54	0.54	0	0	0.32
26200	0.32	0.54	0.54	0	0	0.32
26300	0.32	0.5	0.5	0	0	0.32
26400	0.32	0.5	0.5	0	0	0.32
26500	0.32	0.5	0.5	0	0	0.32
26600	0.32	0.5	0.5	0	0	0.32
26700	0.32	0.5	0.5	0	0	0.32
26800	0.32	0.5	0.5	0	0	0.32
26900	0.32	0.5	0.5	0	0	0.32
27000	0.32	0.52	0.52	0	0	0.32
27100	0.32	0.52	0.52	0	0	0.32
27200	0.32	0.52	0.52	0	0	0.32
27300	0.32	0.52	0.52	0	0	0.32
27400	0.32	0.54	0.54	0	0	0.32
27500	0.32	0.52	0.52	0	0	0.32
27600	0.32	0.5	0.5	0	0	0.32
27700	0.32	0.5	0.5	0	0	0.32
27800	0.32	0.5	0.5	0	0	0.32
27900	0.36	0.5	0.5	0	0	0.36
28000	0.34	0.5	0.5	0	0	0.34
28100	0.34	0.5	0.5	0	0	0.34
28200	0.34	0.5	0.5	0	0	0.34
28300	0.34	0.5	0.5	0	0	0.34
28400	0.32	0.5	0.5	0	0	0.32
28500	0.32	0.5	0.5	0	0	0.32
28600	0.32	0.5	0.5	0	0	0.32
28700	0.32	0.5	0.5	0	0	0.32
28800	0.32	0.5	0.5	0	0	0.32
28900	0.32	0.5	0.5	0	0	0.32
29000	0.34	0.5	0.5	0	0	0.34
29100	0.34	0.52	0.52	0	0	0.34
29200	0.34	0.52	0.52	0	0	0.34
29300	0.34	0.52	0.52	0	0	0.34
29400	0.34	0.52	0.52	0	0	0.34
29500	0.34	0.52	0.52	0	0	0.34
29600	0.34	0.52	0.52	0	0	0.34
29700	0.34	0.52	0.52	0	0	0.34
29800	0.34	0.52	0.52	0	0	0.34
29900	0.34	0.52	0.52	0	0	0.34
30000	0.34	0.5	0.5	0	0	0.34
30100	0.34	0.5	0.5	0	0	0.34
30200	0.34	0.5	0.5	0	0	0.34
30300	0.32	0.5	0.5	0	0	0.32
30400	0.34	0.5	0.5	0	0	0.34
30500	0.34	0.5	0.5	0	0	0.34
30600	0.32	0.5	0.5	0	0	0.32
30700	0.32	0.5	0.5	0	0	0.32
30800	0.32	0.52	0.52	0	0	0.32
30900	0.32	0.52	0.52	0	0	0.32
31000	0.32	0.52	0.52	0	0	0.32
31100	0.32	0.54	0.54	0	0	0.32
31200	0.32	0.54	0.54	0	0	0.32
31300	0.32	0.54	0.54	0	0	0.32
31400	0.32	0.54	0.54	0	0	0.32
31500	0.32	0.54	0.54	0	0	0.32
31600	0.32	0.54	0.54	0	0	0.32
31700	0.32	0.54	0.54	0	0	0.32
31800	0.32	0.52	0.52	0	0	0.32
31900	0.32	0.52	0.52	0	0	0.32
32000	0.32	0.52	0.52	0	0	0.32
32100	0.32	0.52	0.52	0	0	0.32
32200	0.32	0.52	0.52	0	0	0.32
32300	0.32	0.52	0.52	0	0	0.32
32400	0.32	0.54	0.54	0	0	0.32
32500	0.32	0.52	0.52	0	0	0.32
32600	0.32	0.5	0.5	0	0	0.32
32700	0.32	0.5	0.5	0	0	0.32
32800	0.32	0.5	0.5	0	0	0.32
32900	0.32	0.5	0.5	0	0	0.32
33000	0.32	0.5	0.5	0	0	0.32
33100	0.32	0.5	0.5	0	0	0.32
33200	0.32	0.5	0.5	0	0	0.32
33300	0.32	0.5	0.5	0	0	0.32
33400	0.32	0.5	0.5	0	0	0.32
33500	0.32	0.5	0.5	0	0	0.32
33600	0.32	0.5	0.5	0	0	0.32
33700	0.32	0.5	0.5	0	0	0.32
33800	0.32	0.5	0.5	0	0	0.32
33900	0.34	0.5	0.5	0	0	0.34
34000	0.32	0.5	0.5	0	0	0.32
34100	0.32	0.5	0.5	0	0	0.32
34200	0.32	0.5	0.5	0	0	0.32
34300	0.32	0.52	0.52	0	0	0.32
34400	0.32	0.52	0.52	0	0	0.32
34500	0.32	0.54	0.54	0	0	0.32
34600	0.32	0.54	0.54	0	0	0.32
34700	0.32	0.56	0.56	0	0	0.32
34800	0.32	0.54	0.54	0	0	0.32
34900	0.32	0.54	0.54	0	0	0.32
35000	0.34	0.54	0.54	0	0	0.34
35100	0.34	0.54	0.54	0	0	0.34
35200	0.34	0.54	0.54	0	0	0.34
35300	0.34	0.54	0.54	0	0	0.34
35400	0.34	0.54	0.54	0	0	0.34
35500	0.34	0.54	0.54	0	0	0.34
35600	0.34	0.54	0.54	0	0	0.34
35700	0.34	0.56	0.56	0	0	0.34
35800	0.34	0.56	0.56	0	0	0.34
35900	0.34	0.56	0.56	0	0	0.34
36000	0.34	0.56	0.56	0	0	0.34
36100	0.34	0.56	0.56	0	0	0.34
36200	0.34	0.56	0.56	0	0	0.34
36300	0.34	0.56	0.56	0	0	0.34
36400	0.34	0.54	0.54	0	0	0.34
36500	0.36	0.54	0.54	0	0	0.36
36600	0.36	0.54	0.54	0	0	0.36
36700	0.36	0.54	0.54	0	0	0.36
36800	0.36	0.54	0.54	0	0	0.36
36900	0.38	0.54	0.54	0	0	0.38
37000	0.38	0.54	0.54	0	0	0.38
37100	0.38	0.54	0.54	0	0	0.38
37200	0.38	0.54	0.54	0	0	0.38
37300	0.38	0.54	0.54	0	0	0.38
37400	0.38	0.56	0.56	0	0	0.38
37500	0.38	0.54	0.54	0	0	0.38
37600	0.38	0.54	0.54	0	0	0.38
37700	0.38	0.54	0.54	0	0	0.38
37800	0.4	0.54	0.54	0	0	0.4
37900	0.4	0.54	0.54	0	0	0.4
38000	0.4	0.54	0.54	0	0	0.4
38100	0.4	0.54	0.54	0	0	0.4
38200	0.4	0.54	0.54	0	0	0.4
38300	0.4	0.54	0.54	0	0	0.4
38400	0.4	0.54	0.54	0	0	0.4
38500	0.4	0.54	0.54	0	0	0.4
38600	0.4	0.54	0.54	0	0	0.4
38700	0.4	0.54	0.54	0	0	0.4
38800	0.4	0.54	0.54	0	0	0.4
38900	0.4	0.54	0.54	0	0	0.4
39000	0.4	0.54	0.54	0	0	0.4
39100	0.42	0.54	0.54	0	0	0.42
39200	0.38	0.54	0.54	0	0	0.38
39300	0.38	0.54	0.54	0	0	0.38
39400	0.38	0.56	0.56	0	0	0.38
39500	0.38	0.56	0.56	0	0	0.38
39600	0.38	0.56	0.56	0	0	0.38
39700	0.38	0.56	0.56	0	0	0.38
39800	0.38	0.56	0.56	0	0	0.38
39900	0.38	0.56	0.56	0	0	0.38
40000	0.38	0.56	0.56	0	0	0.38
40100	0.38	0.56	0.56	0	0	0.38
40200	0.38	0.56	0.56	0	0	0.38
40300	0.38	0.56	0.56	0	0	0.38
40400	0.38	0.56	0.56	0	0	0.38
40500	0.38	0.56	0.56	0	0	0.38
40600	0.38	0.56	0.56	0	0	0.38
40700	0.38	0.56	0.56	0	0	0.38
40800	0.4	0.56	0.56	0	0	0.4
40900	0.38	0.56	0.56	0	0	0.38
41000	0.38	0.56	0.56	0	0	0.38
41100	0.38	0.56	0.56	0	0	0.38
41200	0.38	0.56	0.56	0	0	0.38
41300	0.38	0.56	0.56	0	0	0.38
41400	0.38	0.56	0.56	0	0	0.38
41500	0.38	0.56	0.56	0	0	0.38
41600	0.38	0.56	0.56	0	0	0.38
41700	0.38	0.58	0.58	0	0	0.38
41800	0.38	0.58	0.58	0	0	0.38
41900	0.38	0.58	0.58	0	0	0.38
42000	0.38	0.58	0.58	0	0	0.38
42100	0.38	0.58	0.58	0	0	0.38
42200	0.38	0.58	0.58	0	0	0.38
42300	0.36	0.58	0.58	0	0	0.36
42400	0.34	0.58	0.58	0	0	0.34
42500	0.34	0.58	0.58	0	0	0.34
42600	0.34	0.58	0.58	0	0	0.34
42700	0.34	0.58	0.58	0	0	0.34
42800	0.34	0.58	0.58	0	0	0.34
42900	0.34	0.58	0.58	0	0	0.34
43000	0.34	0.6	0.6	0	0	0.34
43100	0.34	0.6	0.6	0	0	0.34
43200	0.34	0.62	0.62	0	0	0.34
43300	0.34	0.62	0.62	0	0	0.34
43400	0.34	0.62	0.62	0	0	0.34
43500	0.34	0.62	0.62	0	0	0.34
43600	0.34	0.62	0.62	0	0	0.34
43700	0.34	0.62	0.62	0	0	0.34
43800	0.34	0.62	0.62	0	0	0.34
43900	0.34	0.62	0.62	0	0	0.34
44000	0.34	0.62	0.62	0	0	0.34
44100	0.34	0.62	0.62	0	0	0.34
44200	0.34	0.62	0.62	0	0	0.34
44300	0.34	0.62	0.62	0	0	0.34
44400	0.34	0.62	0.62	0	0	0.34
44500	0.34	0.62	0.62	0	0	0.34
44600	0.34	0.62	0.62	0	0	0.34
44700	0.34	0.62	0.62	0	0	0.34
44800	0.32	0.62	0.62	0	0	0.32
44900	0.32	0.62	0.62	0	0	0.32
45000	0.32	0.62	0.62	0	0	0.32
45100	0.32	0.62	0.62	0	0	0.32
45200	0.32	0.62	0.62	0	0	0.32
45300	0.32	0.62	0.62	0	0	0.32
45400	0.32	0.62	0.62	0	0	0.32
45500	0.32	0.62	0.62	0	0	0.32
45600	0.32	0.62	0.62	0	0	0.32
45700	0.32	0.6	0.6	0	0	0.32
45800	0.32	0.6	0.6	0	0	0.32
45900	0.32	0.6	0.6	0	0	0.32
46000	0.32	0.6	0.6	0	0	0.32
46100	0.32	0.6	0.6	0	0	0.32
46200	0.32	0.6	0.6	0	0	0.32
46300	0.32	0.6	0.6	0	0	0.32
46400	0.34	0.6	0.6	0	0	0.34
46500	0.34	0.6	0.6	0	0	0.34
46600	0.34	0.6	0.6	0	0	0.34
46700	0.34	0.6	0.6	0	0	0.34
46800	0.34	0.6	0.6	0	0	0.34
46900	0.34	0.6	0.6	0	0	0.34
47000	0.34	0.6	0.6	0	0	0.34
47100	0.34	0.6	0.6	0	0	0.34
47200	0.34	0.58	0.58	0	0	0.34
47300	0.34	0.58	0.58	0	0	0.34
47400	0.34	0.58	0.58	0	0	0.34
47500	0.34	0.58	0.58	0	0	0.34
47600	0.34	0.58	0.58	0	0	0.34
47700	0.34	0.58	0.58	0	0	0.34
47800	0.34	0.58	0.58	0	0	0.34
47900	0.34	0.58	0.58	0	0	0.34
48000	0.34	0.58	0.58	0	0	0.34
48100	0.34	0.58	0.58	0	0	0.34
48200	0.34	0.58	0.58	0	0	0.34
48300	0.34	0.58	0.58	0	0	0.34
48400	0.34	0.58	0.58	0	0	0.34
48500	0.34	0.58	0.58	0	0	0.34
48600	0.34	0.58	0.58	0	0	0.34
48700	0.34	0.58	0.58	0	0	0.34
48800	0.34	0.58	0.58	0	0	0.34
48900	0.34	0.58	0.58	0	0	0.34
49000	0.34	0.58	0.58	0	0	0.34
49100	0.34	0.58	0.58	0	0	0.34
49200	0.34	0.58	0.58	0	0	0.34
49300	0.34	0.58	0.58	0	0	0.34
49400	0.34	0.58	0.58	0	0	0.34
49500	0.34	0.58	0.58	0	0	0.34
49600	0.34	0.58	0.58	0	0	0.34
49700	0.34	0.58	0.58	0	0	0.34
49800	0.34	0.58	0.58	0	0	0.34
49900	0.34	0.58	0.58	0	0	0.34
50000	0.34	0.58	0.58	0	0	0.34
50100	0.34	0.58	0.58	0	0	0.34
50200	0.34	0.56	0.56	0	0	0.34
50300	0.32	0.56	0.56	0	0	0.32
50400	0.32	0.56	0.56	0	0	0.32
50500	0.32	0.54	0.54	0	0	0.32
50600	0.32	0.54	0.54	0	0	0.32
50700	0.32	0.54	0.54	0	0	0.32
50800	0.32	0.54	0.54	0	0	0.32
50900	0.32	0.54	0.54	0	0	0.32
51000	0.32	0.54	0.54	0	0	0.32
51100	0.32	0.54	0.54	0	0	0.32
51200	0.32	0.54	0.54	0	0	0.32
51300	0.32	0.54	0.54	0	0	0.32
51400	0.32	0.54	0.54	0	0	0.32
51500	0.32	0.54	0.54	0	0	0.32
51600	0.32	0.54	0.54	0	0	0.32
51700	0.32	0.54	0.54	0	0	0.32
51800	0.32	0.54	0.54	0	0	0.32
51900	0.32	0.54	0.54	0	0	0.32
52000	0.32	0.54	0.54	0	0	0.32
52100	0.34	0.54	0.54	0	0	0.34
52200	0.34	0.54	0.54	0	0	0.34
52300	0.34	0.54	0.54	0	0	0.34
52400	0.34	0.54	0.54	0	0	0.34
52500	0.34	0.56	0.56	0	0	0.34
52600	0.34	0.54	0.54	0	0	0.34
52700	0.34	0.54	0.54	0	0	0.34
52800	0.34	0.54	0.54	0	0	0.34
52900	0.34	0.54	0.54	0	0	0.34
53000	0.34	0.54	0.54	0	0	0.34
53100	0.34	0.54	0.54	0	0	0.34
53200	0.34	0.54	0.54	0	0	0.34
53300	0.34	0.54	0.54	0	0	0.34
53400	0.34	0.54	0.54	0	0	0.34
53500	0.34	0.54	0.54	0	0	0.34
53600	0.34	0.56	0.56	0	0	0.34
53700	0.34	0.54	0.54	0	0	0.34
53800	0.34	0.56	0.56	0	0	0.34
53900	0.34	0.56	0.56	0	0	0.34
54000	0.36	0.56	0.56	0	0	0.36
54100	0.36	0.56	0.56	0	0	0.36
54200	0.36	0.56	0.56	0	0	0.36
54300	0.36	0.56	0.56	0	0	0.36
54400	0.36	0.56	0.56	0	0	0.36
54500	0.36	0.56	0.56	0	0	0.36
54600	0.36	0.56	0.56	0	0	0.36
54700	0.36	0.56	0.56	0	0	0.36
54800	0.36	0.56	0.56	0	0	0.36
54900	0.36	0.56	0.56	0	0	0.36
55000	0.36	0.56	0.56	0	0	0.36
55100	0.36	0.56	0.56	0	0	0.36
55200	0.36	0.56	0.56	0	0	0.36
55300	0.36	0.56	0.56	0	0	0.36
55400	0.36	0.56	0.56	0	0	0.36
55500	0.36	0.56	0.56	0	0	0.36
55600	0.36	0.56	0.56	0	0	0.36
55700	0.36	0.56	0.56	0	0	0.36
55800	0.36	0.56	0.56	0	0	0.36
55900	0.36	0.56	0.56	0	0	0.36
56000	0.36	0.56	0.56	0	0	0.36
56100	0.36	0.56	0.56	0	0	0.36
56200	0.36	0.56	0.56	0	0	0.36
56300	0.36	0.56	0.56	0	0	0.36
56400	0.36	0.56	0.56	0	0	0.36
56500	0.36	0.56	0.56	0	0	0.36
56600	0.36	0.58	0.58	0	0	0.36
56700	0.36	0.56	0.56	0	0	0.36
56800	0.36	0.56	0.56	0	0	0.36
56900	0.36	0.58	0.58	0	0	0.36
57000	0.36	0.58	0.58	0	0	0.36
57100	0.36	0.58	0.58	0	0	0.36
57200	0.36	0.58	0.58	0	0	0.36
57300	0.36	0.58	0.58	0	0	0.36
57400	0.36	0.58	0.58	0	0	0.36
57500	0.36	0.58	0.58	0	0	0.36
57600	0.36	0.58	0.58	0	0	0.36
57700	0.36	0.58	0.58	0	0	0.36
57800	0.36	0.58	0.58	0	0	0.36
57900	0.36	0.58	0.58	0	0	0.36
58000	0.36	0.58	0.58	0	0	0.36
58100	0.36	0.58	0.58	0	0	0.36
58200	0.36	0.58	0.58	0	0	0.36
58300	0.36	0.58	0.58	0	0	0.36
58400	0.36	0.6	0.6	0	0	0.36
58500	0.36	0.6	0.6	0	0	0.36
58600	0.36	0.6	0.6	0	0	0.36
58700	0.36	0.6	0.6	0	0	0.36
58800	0.36	0.6	0.6	0	0	0.36
58900	0.36	0.6	0.6	0	0	0.36
59000	0.36	0.58	0.58	0	0	0.36
59100	0.36	0.58	0.58	0	0	0.36
59200	0.36	0.58	0.58	0	0	0.36
59300	0.36	0.58	0.58	0	0	0.36
59400	0.36	0.58	0.58	0	0	0.36
59500	0.36	0.58	0.58	0	0	0.36
59600	0.36	0.58	0.58	0	0	0.36
59700	0.36	0.58	0.58	0	0	0.36
59800	0.36	0.58	0.58	0	0	0.36
59900	0.36	0.58	0.58	0	0	0.36
60000	0.36	0.58	0.58	0	0	0.36
60100	0.36	0.58	0.58	0	0	0.36
60200	0.36	0.56	0.56	0	0	0.36
60300	0.36	0.56	0.56	0	0	0.36
60400	0.36	0.56	0.56	0	0	0.36
60500	0.36	0.56	0.56	0	0	0.36
60600	0.36	0.58	0.58	0	0	0.36
60700	0.36	0.58	0.58	0	0	0.36
60800	0.36	0.58	0.58	0	0	0.36
60900	0.36	0.58	0.58	0	0	0.36
61000	0.36	0.58	0.58	0	0	0.36
61100	0.36	0.58	0.58	0	0	0.36
61200	0.36	0.58	0.58	0	0	0.36
61300	0.36	0.58	0.58	0	0	0.36
61400	0.36	0.58	0.58	0	0	0.36
61500	0.36	0.58	0.58	0	0	0.36
61600	0.36	0.58	0.58	0	0	0.36
61700	0.36	0.58	0.58	0	0	0.36
61800	0.36	0.58	0.58	0	0	0.36
61900	0.36	0.6	0.6	0	0	0.36
62000	0.36	0.6	0.6	0	0	0.36
62100	0.36	0.6	0.6	0	0	0.36
62200	0.36	0.62	0.62	0	0	0.36
62300	0.36	0.62	0.62	0	0	0.36
62400	0.36	0.62	0.62	0	0	0.36
62500	0.36	0.62	0.62	0	0	0.36
62600	0.36	0.62	0.62	0	0	0.36
62700	0.36	0.62	0.62	0	0	0.36
62800	0.38	0.62	0.62	0	0	0.38
62900	0.38	0.62	0.62	0	0	0.38
63000	0.38	0.62	0.62	0	0	0.38
63100	0.38	0.62	0.62	0	0	0.38
63200	0.38	0.62	0.62	0	0	0.38
63300	0.38	0.62	0.62	0	0	0.38
63400	0.38	0.62	0.62	0	0	0.38
63500	0.38	0.62	0.62	0	0	0.38
63600	0.38	0.62	0.62	0	0	0.38
63700	0.38	0.62	0.62	0	0	0.38
63800	0.38	0.62	0.62	0	0	0.38
63900	0.38	0.62	0.62	0	0	0.38
64000	0.38	0.62	0.62	0	0	0.38
64100	0.38	0.62	0.62	0	0	0.38
64200	0.38	0.62	0.62	0	0	0.38
64300	0.38	0.62	0.62	0	0	0.38
64400	0.38	0.62	0.62	0	0	0.38
64500	0.38	0.62	0.62	0	0	0.38
64600	0.38	0.62	0.62	0	0	0.38
64700	0.38	0.62	0.62	0	0	0.38
64800	0.38	0.62	0.62	0	0	0.38
64900	0.38	0.62	0.62	0	0	0.38
65000	0.38	0.62	0.62	0	0	0.38
65100	0.38	0.62	0.62	0	0	0.38
65200	0.38	0.62	0.62	0	0	0.38
65300	0.38	0.62	0.62	0	0	0.38
65400	0.38	0.62	0.62	0	0	0.38
65500	0.36	0.62	0.62	0	0	0.36
65600	0.36	0.62	0.62	0	0	0.36
65700	0.36	0.6	0.6	0	0	0.36
65800	0.36	0.6	0.6	0	0	0.36
65900	0.36	0.6	0.6	0	0	0.36
66000	0.36	0.6	0.6	0	0	0.36
66100	0.36	0.6	0.6	0	0	0.36
66200	0.36	0.6	0.6	0	0	0.36
66300	0.36	0.6	0.6	0	0	0.36
66400	0.36	0.6	0.6	0	0	0.36
66500	0.36	0.6	0.6	0	0	0.36
66600	0.36	0.6	0.6	0	0	0.36
66700	0.36	0.6	0.6	0	0	0.36
66800	0.36	0.58	0.58	0	0	0.36
66900	0.36	0.58	0.58	0	0	0.36
67000	0.36	0.58	0.58	0	0	0.36
67100	0.38	0.58	0.58	0	0	0.38
67200	0.38	0.58	0.58	0	0	0.38
67300	0.38	0.58	0.58	0	0	0.38
67400	0.38	0.58	0.58	0	0	0.38
67500	0.38	0.58	0.58	0	0	0.38
67600	0.38	0.58	0.58	0	0	0.38
67700	0.38	0.58	0.58	0	0	0.38
67800	0.38	0.58	0.58	0	0	0.38
67900	0.36	0.58	0.58	0	0	0.36
68000	0.36	0.58	0.58	0	0	0.36
68100	0.36	0.58	0.58	0	0	0.36
68200	0.36	0.58	0.58	0	0	0.36
68300	0.36	0.58	0.58	0	0	0.36
68400	0.36	0.58	0.58	0	0	0.36
68500	0.36	0.58	0.58	0	0	0.36
68600	0.36	0.58	0.58	0	0	0.36
68700	0.36	0.58	0.58	0	0	0.36
68800	0.36	0.58	0.58	0	0	0.36
68900	0.36	0.58	0.58	0	0	0.36
69000	0.36	0.58	0.58	0	0	0.36
69100	0.36	0.58	0.58	0	0	0.36
69200	0.36	0.58	0.58	0	0	0.36
69300	0.36	0.56	0.56	0	0	0.36
69400	0.36	0.56	0.56	0	0	0.36
69500	0.36	0.56	0.56	0	0	0.36
69600	0.36	0.56	0.56	0	0	0.36
69700	0.36	0.56	0.56	0	0	0.36
69800	0.36	0.56	0.56	0	0	0.36
69900	0.36	0.56	0.56	0	0	0.36
70000	0.36	0.54	0.54	0	0	0.36
70100	0.36	0.54	0.54	0	0	0.36
70200	0.36	0.54	0.54	0	0	0.36
70300	0.38	0.54	0.54	0	0	0.38
70400	0.4	0.54	0.54	0	0	0.4
70500	0.4	0.54	0.54	0	0	0.4
70600	0.4	0.54	0.54	0	0	0.4
70700	0.4	0.54	0.54	0	0	0.4
70800	0.4	0.54	0.54	0	0	0.4
70900	0.4	0.54	0.54	0	0	0.4
71000	0.4	0.54	0.54	0	0	0.4
71100	0.4	0.54	0.54	0	0	0.4
71200	0.4	0.52	0.52	0	0	0.4
71300	0.4	0.52	0.52	0	0	0.4
71400	0.4	0.52	0.52	0	0	0.4
71500	0.4	0.52	0.52	0	0	0.4
71600	0.4	0.52	0.52	0	0	0.4
71700	0.4	0.52	0.52	0	0	0.4
71800	0.4	0.52	0.52	0	0	0.4
71900	0.4	0.54	0.54	0	0	0.4
72000	0.4	0.54	0.54	0	0	0.4
72100	0.4	0.54	0.54	0	0	0.4
72200	0.4	0.54	0.54	0	0	0.4
72300	0.4	0.54	0.54	0	0	0.4
72400	0.4	0.54	0.54	0	0	0.4
72500	0.38	0.54	0.54	0	0	0.38
72600	0.38	0.54	0.54	0	0	0.38
72700	0.4	0.54	0.54	0	0	0.4
72800	0.4	0.52	0.52	0	0	0.4
72900	0.4	0.52	0.52	0	0	0.4
73000	0.4	0.52	0.52	0	0	0.4
73100	0.4	0.52	0.52	0	0	0.4
73200	0.4	0.54	0.54	0	0	0.4
73300	0.4	0.54	0.54	0	0	0.4
73400	0.4	0.54	0.54	0	0	0.4
73500	0.4	0.54	0.54	0	0	0.4
73600	0.4	0.56	0.56	0	0	0.4
73700	0.4	0.56	0.56	0	0	0.4
73800	0.38	0.56	0.56	0	0	0.38
73900	0.38	0.56	0.56	0	0	0.38
74000	0.38	0.56	0.56	0	0	0.38
74100	0.38	0.56	0.56	0	0	0.38
74200	0.38	0.56	0.56	0	0	0.38
74300	0.38	0.56	0.56	0	0	0.38
74400	0.38	0.56	0.56	0	0	0.38
74500	0.38	0.56	0.56	0	0	0.38
74600	0.38	0.56	0.56	0	0	0.38
74700	0.38	0.56	0.56	0	0	0.38
74800	0.38	0.56	0.56	0	0	0.38
74900	0.38	0.56	0.56	0	0	0.38
75000	0.38	0.56	0.56	0	0	0.38
75100	0.38	0.56	0.56	0	0	0.38
75200	0.38	0.56	0.56	0	0	0.38
75300	0.38	0.56	0.56	0	0	0.38
75400	0.4	0.56	0.56	0	0	0.4
75500	0.4	0.56	0.56	0	0	0.4
75600	0.4	0.56	0.56	0	0	0.4
75700	0.4	0.56	0.56	0	0	0.4
75800	0.4	0.56	0.56	0	0	0.4
75900	0.4	0.56	0.56	0	0	0.4
76000	0.4	0.56	0.56	0	0	0.4
76100	0.4	0.56	0.56	0	0	0.4
76200	0.4	0.56	0.56	0	0	0.4
76300	0.4	0.56	0.56	0	0	0.4
76400	0.4	0.58	0.58	0	0	0.4
76500	0.4	0.56	0.56	0	0	0.4
76600	0.4	0.56	0.56	0	0	0.4
76700	0.4	0.54	0.54	0	0	0.4
76800	0.4	0.54	0.54	0	0	0.4
76900	0.4	0.54	0.54	0	0	0.4
77000	0.4	0.54	0.54	0	0	0.4
77100	0.4	0.54	0.54	0	0	0.4
77200	0.4	0.52	0.52	0	0	0.4
77300	0.4	0.52	0.52	0	0	0.4
77400	0.4	0.52	0.52	0	0	0.4
77500	0.42	0.52	0.52	0	0	0.42
77600	0.42	0.52	0.52	0	0	0.42
77700	0.42	0.52	0.52	0	0	0.42
77800	0.42	0.52	0.52	0	0	0.42
77900	0.42	0.52	0.52	0	0	0.42
78000	0.42	0.54	0.54	0	0	0.42
78100	0.42	0.54	0.54	0	0	0.42
78200	0.42	0.54	0.54	0	0	0.42
78300	0.42	0.54	0.54	0	0	0.42
78400	0.42	0.54	0.54	0	0	0.42
78500	0.42	0.54	0.54	0	0	0.42
78600	0.42	0.56	0.56	0	0	0.42
78700	0.42	0.56	0.56	0	0	0.42
78800	0.42	0.56	0.56	0	0	0.42
78900	0.42	0.56	0.56	0	0	0.42
79000	0.42	0.56	0.56	0	0	0.42
79100	0.42	0.56	0.56	0	0	0.42
79200	0.42	0.56	0.56	0	0	0.42
79300	0.42	0.56	0.56	0	0	0.42
79400	0.42	0.56	0.56	0	0	0.42
79500	0.42	0.56	0.56	0	0	0.42
79600	0.42	0.56	0.56	0	0	0.42
79700	0.42	0.56	0.56	0	0	0.42
79800	0.42	0.56	0.56	0	0	0.42
79900	0.42	0.56	0.56	0	0	0.42
80000	0.42	0.56	0.56	0	0	0.42
80100	0.42	0.56	0.56	0	0	0.42
80200	0.42	0.56	0.56	0	0	0.42
80300	0.42	0.56	0.56	0	0	0.42
80400	0.42	0.56	0.56	0	0	0.42
80500	0.42	0.56	0.56	0	0	0.42
80600	0.42	0.56	0.56	0	0	0.42
80700	0.42	0.56	0.56	0	0	0.42
80800	0.42	0.56	0.56	0	0	0.42
80900	0.42	0.56	0.56	0	0	0.42
81000	0.42	0.56	0.56	0	0	0.42
81100	0.42	0.56	0.56	0	0	0.42
81200	0.42	0.56	0.56	0	0	0.42
81300	0.42	0.56	0.56	0	0	0.42
81400	0.42	0.56	0.56	0	0	0.42
81500	0.42	0.56	0.56	0	0	0.42
81600	0.42	0.56	0.56	0	0	0.42
81700	0.42	0.56	0.56	0	0	0.42
81800	0.42	0.56	0.56	0	0	0.42
81900	0.42	0.56	0.56	0	0	0.42
82000	0.42	0.56	0.56	0	0	0.42
82100	0.42	0.56	0.56	0	0	0.42
82200	0.42	0.56	0.56	0	0	0.42
82300	0.42	0.56	0.56	0	0	0.42
82400	0.42	0.56	0.56	0	0	0.42
82500	0.42	0.56	0.56	0	0	0.42
82600	0.42	0.56	0.56	0	0	0.42
82700	0.42	0.56	0.56	0	0	0.42
82800	0.42	0.56	0.56	0	0	0.42
82900	0.42	0.56	0.56	0	0	0.42
83000	0.42	0.56	0.56	0	0	0.42
83100	0.42	0.56	0.56	0	0	0.42
83200	0.42	0.56	0.56	0	0	0.42
83300	0.42	0.56	0.56	0	0	0.42
83400	0.42	0.56	0.56	0	0	0.42
83500	0.42	0.56	0.56	0	0	0.42
83600	0.42	0.56	0.56	0	0	0.42
83700	0.42	0.56	0.56	0	0	0.42
83800	0.42	0.56	0.56	0	0	0.42
83900	0.42	0.56	0.56	0	0	0.42
84000	0.42	0.56	0.56	0	0	0.42
84100	0.4	0.56	0.56	0	0	0.4
84200	0.4	0.54	0.54	0	0	0.4
84300	0.4	0.54	0.54	0	0	0.4
84400	0.4	0.54	0.54	0	0	0.4
84500	0.4	0.54	0.54	0	0	0.4
84600	0.4	0.56	0.56	0	0	0.4
84700	0.4	0.56	0.56	0	0	0.4
84800	0.4	0.56	0.56	0	0	0.4
84900	0.4	0.56	0.56	0	0	0.4
85000	0.4	0.56	0.56	0	0	0.4
85100	0.4	0.56	0.56	0	0	0.4
85200	0.4	0.56	0.56	0	0	0.4
85300	0.4	0.56	0.56	0	0	0.4
85400	0.4	0.56	0.56	0	0	0.4
85500	0.4	0.56	0.56	0	0	0.4
85600	0.4	0.58	0.58	0	0	0.4
85700	0.4	0.58	0.58	0	0	0.4
85800	0.4	0.58	0.58	0	0	0.4
85900	0.4	0.58	0.58	0	0	0.4
86000	0.4	0.58	0.58	0	0	0.4
86100	0.4	0.58	0.58	0	0	0.4
86200	0.4	0.58	0.58	0	0	0.4
86300	0.4	0.58	0.58	0	0	0.4
86400	0.4	0.58	0.58	0	0	0.4
86500	0.4	0.58	0.58	0	0	0.4
86600	0.4	0.58	0.58	0	0	0.4
86700	0.4	0.58	0.58	0	0	0.4
86800	0.4	0.58	0.58	0	0	0.4
86900	0.4	0.58	0.58	0	0	0.4
87000	0.4	0.58	0.58	0	0	0.4
87100	0.42	0.58	0.58	0	0	0.42
87200	0.42	0.58	0.58	0	0	0.42
87300	0.42	0.58	0.58	0	0	0.42
87400	0.42	0.56	0.56	0	0	0.42
87500	0.42	0.56	0.56	0	0	0.42
87600	0.42	0.56	0.56	0	0	0.42
87700	0.42	0.56	0.56	0	0	0.42
87800	0.42	0.56	0.56	0	0	0.42
87900	0.42	0.56	0.56	0	0	0.42
88000	0.42	0.56	0.56	0	0	0.42
88100	0.42	0.56	0.56	0	0	0.42
88200	0.42	0.56	0.56	0	0	0.42
88300	0.42	0.56	0.56	0	0	0.42
88400	0.4	0.56	0.56	0	0	0.4
88500	0.4	0.56	0.56	0	0	0.4
88600	0.4	0.56	0.56	0	0	0.4
88700	0.4	0.56	0.56	0	0	0.4
88800	0.4	0.56	0.56	0	0	0.4
88900	0.4	0.54	0.54	0	0	0.4
89000	0.4	0.54	0.54	0	0	0.4
89100	0.4	0.54	0.54	0	0	0.4
89200	0.4	0.54	0.54	0	0	0.4
89300	0.4	0.54	0.54	0	0	0.4
89400	0.4	0.54	0.54	0	0	0.4
89500	0.4	0.54	0.54	0	0	0.4
89600	0.4	0.56	0.56	0	0	0.4
89700	0.4	0.56	0.56	0	0	0.4
89800	0.4	0.56	0.56	0	0	0.4
89900	0.4	0.56	0.56	0	0	0.4
90000	0.4	0.58	0.58	0	0	0.4
90100	0.4	0.58	0.58	0	0	0.4
90200	0.4	0.58	0.58	0	0	0.4
90300	0.4	0.58	0.58	0	0	0.4
90400	0.4	0.58	0.58	0	0	0.4
90500	0.4	0.58	0.58	0	0	0.4
90600	0.4	0.58	0.58	0	0	0.4
90700	0.4	0.58	0.58	0	0	0.4
90800	0.4	0.58	0.58	0	0	0.4
90900	0.4	0.58	0.58	0	0	0.4
91000	0.4	0.58	0.58	0	0	0.4
91100	0.4	0.58	0.58	0	0	0.4
91200	0.4	0.58	0.58	0	0	0.4
91300	0.4	0.58	0.58	0	0	0.4
91400	0.4	0.58	0.58	0	0	0.4
91500	0.4	0.58	0.58	0	0	0.4
91600	0.4	0.58	0.58	0	0	0.4
91700	0.4	0.58	0.58	0	0	0.4
91800	0.4	0.58	0.58	0	0	0.4
91900	0.4	0.58	0.58	0	0	0.4
92000	0.4	0.58	0.58	0	0	0.4
92100	0.4	0.58	0.58	0	0	0.4
92200	0.4	0.58	0.58	0	0	0.4
92300	0.4	0.58	0.58	0	0	0.4
92400	0.4	0.58	0.58	0	0	0.4
92500	0.4	0.58	0.58	0	0	0.4
92600	0.4	0.58	0.58	0	0	0.4
92700	0.4	0.58	0.58	0	0	0.4
92800	0.4	0.58	0.58	0	0	0.4
92900	0.4	0.58	0.58	0	0	0.4
93000	0.4	0.58	0.58	0	0	0.4
93100	0.4	0.58	0.58	0	0	0.4
93200	0.4	0.58	0.58	0	0	0.4
93300	0.38	0.58	0.58	0	0	0.38
93400	0.38	0.58	0.58	0	0	0.38
93500	0.38	0.58	0.58	0	0	0.38
93600	0.38	0.58	0.58	0	0	0.38
93700	0.38	0.58	0.58	0	0	0.38
93800	0.38	0.58	0.58	0	0	0.38
93900	0.38	0.58	0.58	0	0	0.38
94000	0.38	0.58	0.58	0	0	0.38
94100	0.38	0.58	0.58	0	0	0.38
94200	0.38	0.58	0.58	0	0	0.38
94300	0.38	0.58	0.58	0	0	0.38
94400	0.38	0.58	0.58	0	0	0.38
94500	0.38	0.58	0.58	0	0	0.38
94600	0.38	0.58	0.58	0	0	0.38
94700	0.38	0.6	0.6	0	0	0.38
94800	0.38	0.58	0.58	0	0	0.38
94900	0.38	0.58	0.58	0	0	0.38
95000	0.38	0.58	0.58	0	0	0.38
95100	0.38	0.58	0.58	0	0	0.38
95200	0.38	0.58	0.58	0	0	0.38
95300	0.38	0.58	0.58	0	0	0.38
95400	0.38	0.58	0.58	0	0	0.38
95500	0.38	0.58	0.58	0	0	0.38
95600	0.38	0.58	0.58	0	0	0.38
95700	0.38	0.58	0.58	0	0	0.38
95800	0.38	0.58	0.58	0	0	0.38
95900	0.38	0.58	0.58	0	0	0.38
96000	0.38	0.58	0.58	0	0	0.38
96100	0.38	0.58	0.58	0	0	0.38
96200	0.38	0.58	0.58	0	0	0.38
96300	0.38	0.58	0.58	0	0	0.38
96400	0.38	0.58	0.58	0	0	0.38
96500	0.38	0.58	0.58	0	0	0.38
96600	0.38	0.58	0.58	0	0	0.38
96700	0.38	0.6	0.6	0	0	0.38
96800	0.38	0.6	0.6	0	0	0.38
96900	0.38	0.58	0.58	0	0	0.38
97000	0.38	0.58	0.58	0	0	0.38
97100	0.38	0.58	0.58	0	0	0.38
97200	0.38	0.58	0.58	0	0	0.38
97300	0.38	0.58	0.58	0	0	0.38
97400	0.38	0.58	0.58	0	0	0.38
97500	0.38	0.58	0.58	0	0	0.38
97600	0.38	0.58	0.58	0	0	0.38
97700	0.38	0.56	0.56	0	0	0.38
97800	0.38	0.56	0.56	0	0	0.38
97900	0.36	0.56	0.56	0	0	0.36
98000	0.36	0.56	0.56	0	0	0.36
98100	0.36	0.56	0.56	0	0	0.36
98200	0.36	0.54	0.54	0	0	0.36
98300	0.36	0.52	0.52	0	0	0.36
98400	0.36	0.52	0.52	0	0	0.36
98500	0.36	0.52	0.52	0	0	0.36
98600	0.36	0.52	0.52	0	0	0.36
98700	0.36	0.52	0.52	0	0	0.36
98800	0.36	0.52	0.52	0	0	0.36
98900	0.36	0.52	0.52	0	0	0.36
99000	0.36	0.52	0.52	0	0	0.36
99100	0.36	0.52	0.52	0	0	0.36
99200	0.36	0.52	0.52	0	0	0.36
99300	0.36	0.52	0.52	0	0	0.36
99400	0.36	0.52	0.52	0	0	0.36
99500	0.36	0.52	0.52	0	0	0.36
99600	0.36	0.52	0.52	0	0	0.36
99700	0.36	0.52	0.52	0	0	0.36
99800	0.36	0.52	0.52	0	0	0.36
99900	0.36	0.52	0.52	0	0	0.36
100000	0.36	0.52	0.52	0	0	0.36
