100	0.06	0.08	0.08	0	0	0.06
200	0.08	0.1	0.1	0	0	0.08
300	0.08	0.14	0.14	0	0	0.08
400	0.08	0.14	0.14	0	0	0.08
500	0.14	0.14	0.14	0	0	0.14
600	0.14	0.14	0.14	0	0	0.14
700	0.14	0.16	0.16	0	0	0.14
800	0.14	0.2	0.2	0	0	0.14
900	0.14	0.2	0.2	0	0	0.14
1000	0.14	0.22	0.22	0	0	0.14
1100	0.16	0.24	0.24	0	0	0.16
1200	0.16	0.24	0.24	0	0	0.16
1300	0.16	0.26	0.26	0	0	0.16
1400	0.16	0.26	0.26	0	0	0.16
1500	0.16	0.26	0.26	0	0	0.16
1600	0.16	0.26	0.26	0	0	0.16
1700	0.16	0.26	0.26	0	0	0.16
1800	0.18	0.28	0.28	0	0	0.18
1900	0.18	0.28	0.28	0	0	0.18
2000	0.18	0.28	0.28	0	0	0.18
2100	0.18	0.28	0.28	0	0	0.18
2200	0.18	0.3	0.3	0	0	0.18
2300	0.18	0.32	0.32	0	0	0.18
2400	0.2	0.32	0.32	0	0	0.2
2500	0.2	0.32	0.32	0	0	0.2
2600	0.2	0.32	0.32	0	0	0.2
2700	0.2	0.32	0.32	0	0	0.2
2800	0.2	0.34	0.34	0	0	0.2
2900	0.2	0.34	0.34	0	0	0.2
3000	0.2	0.34	0.34	0	0	0.2
3100	0.24	0.34	0.34	0	0	0.24
3200	0.24	0.3	0.3	0	0	0.24
3300	0.26	0.3	0.3	0	0	0.26
3400	0.26	0.3	0.3	0	0	0.26
3500	0.26	0.3	0.3	0	0	0.26
3600	0.26	0.32	0.32	0	0	0.26
3700	0.26	0.32	0.32	0	0	0.26
3800	0.26	0.32	0.32	0	0	0.26
3900	0.26	0.32	0.32	0	0	0.26
4000	0.28	0.32	0.32	0	0	0.28
4100	0.28	0.32	0.32	0	0	0.28
4200	0.28	0.32	0.32	0	0	0.28
4300	0.28	0.32	0.32	0	0	0.28
4400	0.28	0.32	0.32	0	0	0.28
4500	0.28	0.32	0.32	0	0	0.28
4600	0.28	0.32	0.32	0	0	0.28
4700	0.28	0.32	0.32	0	0	0.28
4800	0.28	0.32	0.32	0	0	0.28
4900	0.3	0.32	0.32	0	0	0.3
5000	0.26	0.34	0.34	0	0	0.26
5100	0.26	0.34	0.34	0	0	0.26
5200	0.26	0.36	0.36	0	0	0.26
5300	0.28	0.36	0.36	0	0	0.28
5400	0.28	0.36	0.36	0	0	0.28
5500	0.28	0.36	0.36	0	0	0.28
5600	0.3	0.36	0.36	0	0	0.3
5700	0.3	0.38	0.38	0	0	0.3
5800	0.28	0.4	0.4	0	0	0.28
5900	0.28	0.4	0.4	0	0	0.28
6000	0.3	0.4	0.4	0	0	0.3
6100	0.32	0.4	0.4	0	0	0.32
6200	0.32	0.4	0.4	0	0	0.32
6300	0.3	0.4	0.4	0	0	0.3
6400	0.3	0.4	0.4	0	0	0.3
6500	0.3	0.4	0.4	0	0	0.3
6600	0.28	0.4	0.4	0	0	0.28
6700	0.28	0.4	0.4	0	0	0.28
6800	0.28	0.4	0.4	0	0	0.28
6900	0.28	0.42	0.42	0	0	0.28
7000	0.28	0.42	0.42	0	0	0.28
7100	0.28	0.44	0.44	0	0	0.28
7200	0.28	0.44	0.44	0	0	0.28
7300	0.28	0.44	0.44	0	0	0.28
7400	0.28	0.44	0.44	0	0	0.28
7500	0.28	0.44	0.44	0	0	0.28
7600	0.28	0.44	0.44	0	0	0.28
7700	0.28	0.44	0.44	0	0	0.28
7800	0.28	0.44	0.44	0	0	0.28
7900	0.28	0.44	0.44	0	0	0.28
8000	0.28	0.44	0.44	0	0	0.28
8100	0.28	0.42	0.42	0	0	0.28
8200	0.28	0.42	0.42	0	0	0.28
8300	0.28	0.42	0.42	0	0	0.28
8400	0.28	0.42	0.42	0	0	0.28
8500	0.28	0.4	0.4	0	0	0.28
8600	0.28	0.4	0.4	0	0	0.28
8700	0.28	0.4	0.4	0	0	0.28
8800	0.26	0.4	0.4	0	0	0.26
8900	0.26	0.4	0.4	0	0	0.26
9000	0.26	0.42	0.42	0	0	0.26
9100	0.26	0.42	0.42	0	0	0.26
9200	0.26	0.42	0.42	0	0	0.26
9300	0.26	0.44	0.44	0	0	0.26
9400	0.26	0.46	0.46	0	0	0.26
9500	0.26	0.46	0.46	0	0	0.26
9600	0.26	0.46	0.46	0	0	0.26
9700	0.28	0.46	0.46	0	0	0.28
9800	0.28	0.46	0.46	0	0	0.28
9900	0.28	0.46	0.46	0	0	0.28
10000	0.28	0.48	0.48	0	0	0.28
10100	0.28	0.48	0.48	0	0	0.28
10200	0.28	0.48	0.48	0	0	0.28
10300	0.28	0.48	0.48	0	0	0.28
10400	0.28	0.48	0.48	0	0	0.28
10500	0.3	0.48	0.48	0	0	0.3
10600	0.3	0.48	0.48	0	0	0.3
10700	0.3	0.46	0.46	0	0	0.3
10800	0.3	0.46	0.46	0	0	0.3
10900	0.3	0.46	0.46	0	0	0.3
11000	0.3	0.46	0.46	0	0	0.3
11100	0.28	0.46	0.46	0	0	0.28
11200	0.28	0.48	0.48	0	0	0.28
11300	0.28	0.46	0.46	0	0	0.28
11400	0.28	0.44	0.44	0	0	0.28
11500	0.28	0.44	0.44	0	0	0.28
11600	0.28	0.44	0.44	0	0	0.28
11700	0.28	0.42	0.42	0	0	0.28
11800	0.28	0.42	0.42	0	0	0.28
11900	0.28	0.42	0.42	0	0	0.28
12000	0.28	0.42	0.42	0	0	0.28
12100	0.28	0.42	0.42	0	0	0.28
12200	0.3	0.42	0.42	0	0	0.3
12300	0.28	0.42	0.42	0	0	0.28
12400	0.28	0.42	0.42	0	0	0.28
12500	0.28	0.42	0.42	0	0	0.28
12600	0.28	0.42	0.42	0	0	0.28
12700	0.28	0.42	0.42	0	0	0.28
12800	0.32	0.42	0.42	0	0	0.32
12900	0.32	0.42	0.42	0	0	0.32
13000	0.32	0.44	0.44	0	0	0.32
13100	0.32	0.42	0.42	0	0	0.32
13200	0.32	0.46	0.46	0	0	0.32
13300	0.32	0.46	0.46	0	0	0.32
13400	0.32	0.46	0.46	0	0	0.32
13500	0.34	0.46	0.46	0	0	0.34
13600	0.34	0.46	0.46	0	0	0.34
13700	0.34	0.46	0.46	0	0	0.34
13800	0.34	0.46	0.46	0	0	0.34
13900	0.34	0.46	0.46	0	0	0.34
14000	0.34	0.46	0.46	0	0	0.34
14100	0.34	0.46	0.46	0	0	0.34
14200	0.34	0.46	0.46	0	0	0.34
14300	0.34	0.48	0.48	0	0	0.34
14400	0.34	0.48	0.48	0	0	0.34
14500	0.34	0.48	0.48	0	0	0.34
14600	0.34	0.48	0.48	0	0	0.34
14700	0.34	0.48	0.48	0	0	0.34
14800	0.34	0.48	0.48	0	0	0.34
14900	0.34	0.48	0.48	0	0	0.34
15000	0.34	0.46	0.46	0	0	0.34
15100	0.34	0.46	0.46	0	0	0.34
15200	0.34	0.46	0.46	0	0	0.34
15300	0.34	0.44	0.44	0	0	0.34
15400	0.32	0.42	0.42	0	0	0.32
15500	0.32	0.42	0.42	0	0	0.32
15600	0.32	0.44	0.44	0	0	0.32
15700	0.32	0.44	0.44	0	0	0.32
15800	0.32	0.44	0.44	0	0	0.32
15900	0.32	0.46	0.46	0	0	0.32
16000	0.32	0.46	0.46	0	0	0.32
16100	0.32	0.46	0.46	0	0	0.32
16200	0.32	0.46	0.46	0	0	0.32
16300	0.32	0.46	0.46	0	0	0.32
16400	0.32	0.46	0.46	0	0	0.32
16500	0.32	0.46	0.46	0	0	0.32
16600	0.32	0.46	0.46	0	0	0.32
16700	0.32	0.46	0.46	0	0	0.32
16800	0.34	0.46	0.46	0	0	0.34
16900	0.34	0.46	0.46	0	0	0.34
17000	0.36	0.46	0.46	0	0	0.36
17100	0.36	0.46	0.46	0	0	0.36
17200	0.36	0.46	0.46	0	0	0.36
17300	0.36	0.48	0.48	0	0	0.36
17400	0.36	0.48	0.48	0	0	0.36
17500	0.36	0.5	0.5	0	0	0.36
17600	0.36	0.5	0.5	0	0	0.36
17700	0.36	0.5	0.5	0	0	0.36
17800	0.36	0.5	0.5	0	0	0.36
17900	0.36	0.5	0.5	0	0	0.36
18000	0.36	0.48	0.48	0	0	0.36
18100	0.36	0.5	0.5	0	0	0.36
18200	0.36	0.5	0.5	0	0	0.36
18300	0.36	0.5	0.5	0	0	0.36
18400	0.36	0.5	0.5	0	0	0.36
18500	0.36	0.5	0.5	0	0	0.36
18600	0.36	0.5	0.5	0	0	0.36
18700	0.34	0.48	0.48	0	0	0.34
18800	0.34	0.48	0.48	0	0	0.34
18900	0.34	0.48	0.48	0	0	0.34
19000	0.34	0.48	0.48	0	0	0.34
19100	0.34	0.48	0.48	0	0	0.34
19200	0.34	0.48	0.48	0	0	0.34
19300	0.34	0.48	0.48	0	0	0.34
19400	0.34	0.48	0.48	0	0	0.34
19500	0.34	0.48	0.48	0	0	0.34
19600	0.34	0.48	0.48	0	0	0.34
19700	0.34	0.48	0.48	0	0	0.34
19800	0.32	0.48	0.48	0	0	0.32
19900	0.32	0.48	0.48	0	0	0.32
20000	0.32	0.48	0.48	0	0	0.32
20100	0.32	0.48	0.48	0	0	0.32
20200	0.32	0.46	0.46	0	0	0.32
20300	0.32	0.46	0.46	0	0	0.32
20400	0.32	0.46	0.46	0	0	0.32
20500	0.32	0.46	0.46	0	0	0.32
20600	0.32	0.46	0.46	0	0	0.32
20700	0.32	0.46	0.46	0	0	0.32
20800	0.32	0.46	0.46	0	0	0.32
20900	0.32	0.48	0.48	0	0	0.32
21000	0.32	0.48	0.48	0	0	0.32
21100	0.32	0.5	0.5	0	0	0.32
21200	0.32	0.48	0.48	0	0	0.32
21300	0.32	0.5	0.5	0	0	0.32
21400	0.32	0.5	0.5	0	0	0.32
21500	0.32	0.5	0.5	0	0	0.32
21600	0.32	0.5	0.5	0	0	0.32
21700	0.32	0.5	0.5	0	0	0.32
21800	0.32	0.5	0.5	0	0	0.32
21900	0.3	0.5	0.5	0	0	0.3
22000	0.3	0.5	0.5	0	0	0.3
22100	0.3	0.5	0.5	0	0	0.3
22200	0.3	0.5	0.5	0	0	0.3
22300	0.3	0.5	0.5	0	0	0.3
22400	0.3	0.48	0.48	0	0	0.3
22500	0.3	0.48	0.48	0	0	0.3
22600	0.3	0.48	0.48	0	0	0.3
22700	0.3	0.5	0.5	0	0	0.3
22800	0.3	0.5	0.5	0	0	0.3
22900	0.32	0.5	0.5	0	0	0.32
23000	0.32	0.5	0.5	0	0	0.32
23100	0.32	0.5	0.5	0	0	0.32
23200	0.32	0.5	0.5	0	0	0.32
23300	0.32	0.5	0.5	0	0	0.32
23400	0.32	0.5	0.5	0	0	0.32
23500	0.32	0.5	0.5	0	0	0.32
23600	0.34	0.5	0.5	0	0	0.34
23700	0.34	0.5	0.5	0	0	0.34
23800	0.34	0.5	0.5	0	0	0.34
23900	0.34	0.5	0.5	0	0	0.34
24000	0.34	0.5	0.5	0	0	0.34
24100	0.34	0.5	0.5	0	0	0.34
24200	0.34	0.5	0.5	0	0	0.34
24300	0.34	0.5	0.5	0	0	0.34
24400	0.34	0.52	0.52	0	0	0.34
24500	0.34	0.5	0.5	0	0	0.34
24600	0.34	0.5	0.5	0	0	0.34
24700	0.34	0.52	0.52	0	0	0.34
24800	0.34	0.52	0.52	0	0	0.34
24900	0.34	0.52	0.52	0	0	0.34
25000	0.32	0.52	0.52	0	0	0.32
25100	0.32	0.52	0.52	0	0	0.32
25200	0.32	0.52	0.52	0	0	0.32
25300	0.32	0.52	0.52	0	0	0.32
25400	0.32	0.54	0.54	0	0	0.32
25500	0.32	0.54	0.54	0	0	0.32
25600	0.32	0.52	0.52	0	0	0.32
25700	0.32	0.52	0.52	0	0	0.32
25800	0.32	0.52	0.52	0	0	0.32
25900	0.32	0.52	0.52	0	0	0.32
26000	0.32	0.52	0.52	0	0	0.32
26100	0.32	0.52	0.52	0	0	0.32
26200	0.32	0.52	0.52	0	0	0.32
26300	0.32	0.52	0.52	0	0	0.32
26400	0.32	0.5	0.5	0	0	0.32
26500	0.32	0.5	0.5	0	0	0.32
26600	0.32	0.5	0.5	0	0	0.32
26700	0.32	0.5	0.5	0	0	0.32
26800	0.34	0.48	0.48	0	0	0.34
26900	0.32	0.48	0.48	0	0	0.32
27000	0.32	0.46	0.46	0	0	0.32
27100	0.32	0.46	0.46	0	0	0.32
27200	0.32	0.46	0.46	0	0	0.32
27300	0.32	0.46	0.46	0	0	0.32
27400	0.32	0.46	0.46	0	0	0.32
27500	0.32	0.46	0.46	0	0	0.32
27600	0.32	0.46	0.46	0	0	0.32
27700	0.32	0.46	0.46	0	0	0.32
27800	0.32	0.46	0.46	0	0	0.32
27900	0.34	0.46	0.46	0	0	0.34
28000	0.34	0.46	0.46	0	0	0.34
28100	0.34	0.44	0.44	0	0	0.34
28200	0.34	0.44	0.44	0	0	0.34
28300	0.34	0.44	0.44	0	0	0.34
28400	0.34	0.44	0.44	0	0	0.34
28500	0.34	0.44	0.44	0	0	0.34
28600	0.34	0.44	0.44	0	0	0.34
28700	0.34	0.44	0.44	0	0	0.34
28800	0.34	0.44	0.44	0	0	0.34
28900	0.34	0.44	0.44	0	0	0.34
29000	0.34	0.44	0.44	0	0	0.34
29100	0.36	0.44	0.44	0	0	0.36
29200	0.36	0.44	0.44	0	0	0.36
29300	0.36	0.44	0.44	0	0	0.36
29400	0.36	0.44	0.44	0	0	0.36
29500	0.36	0.44	0.44	0	0	0.36
29600	0.36	0.42	0.42	0	0	0.36
29700	0.36	0.42	0.42	0	0	0.36
29800	0.36	0.42	0.42	0	0	0.36
29900	0.36	0.42	0.42	0	0	0.36
30000	0.36	0.42	0.42	0	0	0.36
30100	0.36	0.42	0.42	0	0	0.36
30200	0.36	0.42	0.42	0	0	0.36
30300	0.36	0.42	0.42	0	0	0.36
30400	0.36	0.44	0.44	0	0	0.36
30500	0.36	0.44	0.44	0	0	0.36
30600	0.36	0.44	0.44	0	0	0.36
30700	0.36	0.44	0.44	0	0	0.36
30800	0.36	0.44	0.44	0	0	0.36
30900	0.36	0.42	0.42	0	0	0.36
31000	0.36	0.42	0.42	0	0	0.36
31100	0.36	0.42	0.42	0	0	0.36
31200	0.36	0.4	0.4	0	0	0.36
31300	0.36	0.4	0.4	0	0	0.36
31400	0.36	0.4	0.4	0	0	0.36
31500	0.36	0.4	0.4	0	0	0.36
31600	0.36	0.4	0.4	0	0	0.36
31700	0.36	0.4	0.4	0	0	0.36
31800	0.36	0.42	0.42	0	0	0.36
31900	0.38	0.42	0.42	0	0	0.38
32000	0.38	0.42	0.42	0	0	0.38
32100	0.38	0.42	0.42	0	0	0.38
32200	0.38	0.42	0.42	0	0	0.38
32300	0.38	0.42	0.42	0	0	0.38
32400	0.38	0.42	0.42	0	0	0.38
32500	0.38	0.42	0.42	0	0	0.38
32600	0.38	0.42	0.42	0	0	0.38
32700	0.36	0.42	0.42	0	0	0.36
32800	0.36	0.42	0.42	0	0	0.36
32900	0.36	0.4	0.4	0	0	0.36
33000	0.36	0.4	0.4	0	0	0.36
33100	0.36	0.4	0.4	0	0	0.36
33200	0.36	0.4	0.4	0	0	0.36
33300	0.36	0.4	0.4	0	0	0.36
33400	0.36	0.4	0.4	0	0	0.36
33500	0.36	0.4	0.4	0	0	0.36
33600	0.36	0.4	0.4	0	0	0.36
33700	0.36	0.4	0.4	0	0	0.36
33800	0.36	0.4	0.4	0	0	0.36
33900	0.36	0.4	0.4	0	0	0.36
34000	0.36	0.4	0.4	0	0	0.36
34100	0.36	0.4	0.4	0	0	0.36
34200	0.36	0.4	0.4	0	0	0.36
34300	0.34	0.4	0.4	0	0	0.34
34400	0.34	0.4	0.4	0	0	0.34
34500	0.32	0.4	0.4	0	0	0.32
34600	0.32	0.4	0.4	0	0	0.32
34700	0.32	0.4	0.4	0	0	0.32
34800	0.32	0.42	0.42	0	0	0.32
34900	0.32	0.42	0.42	0	0	0.32
35000	0.32	0.42	0.42	0	0	0.32
35100	0.34	0.42	0.42	0	0	0.34
35200	0.34	0.44	0.44	0	0	0.34
35300	0.34	0.44	0.44	0	0	0.34
35400	0.34	0.44	0.44	0	0	0.34
35500	0.36	0.44	0.44	0	0	0.36
35600	0.36	0.44	0.44	0	0	0.36
35700	0.36	0.44	0.44	0	0	0.36
35800	0.36	0.44	0.44	0	0	0.36
35900	0.36	0.42	0.42	0	0	0.36
36000	0.38	0.42	0.42	0	0	0.38
36100	0.38	0.42	0.42	0	0	0.38
36200	0.38	0.42	0.42	0	0	0.38
36300	0.38	0.42	0.42	0	0	0.38
36400	0.4	0.42	0.42	0	0	0.4
36500	0.4	0.44	0.44	0	0	0.4
36600	0.4	0.44	0.44	0	0	0.4
36700	0.4	0.44	0.44	0	0	0.4
36800	0.4	0.44	0.44	0	0	0.4
36900	0.4	0.44	0.44	0	0	0.4
37000	0.4	0.44	0.44	0	0	0.4
37100	0.4	0.44	0.44	0	0	0.4
37200	0.4	0.44	0.44	0	0	0.4
37300	0.4	0.44	0.44	0	0	0.4
37400	0.4	0.44	0.44	0	0	0.4
37500	0.4	0.44	0.44	0	0	0.4
37600	0.4	0.44	0.44	0	0	0.4
37700	0.4	0.44	0.44	0	0	0.4
37800	0.4	0.44	0.44	0	0	0.4
37900	0.4	0.42	0.42	0	0	0.4
38000	0.4	0.42	0.42	0	0	0.4
38100	0.4	0.42	0.42	0	0	0.4
38200	0.4	0.42	0.42	0	0	0.4
38300	0.4	0.42	0.42	0	0	0.4
38400	0.4	0.42	0.42	0	0	0.4
38500	0.4	0.42	0.42	0	0	0.4
38600	0.4	0.42	0.42	0	0	0.4
38700	0.4	0.42	0.42	0	0	0.4
38800	0.4	0.42	0.42	0	0	0.4
38900	0.4	0.42	0.42	0	0	0.4
39000	0.4	0.42	0.42	0	0	0.4
39100	0.4	0.42	0.42	0	0	0.4
39200	0.4	0.42	0.42	0	0	0.4
39300	0.4	0.42	0.42	0	0	0.4
39400	0.4	0.42	0.42	0	0	0.4
39500	0.4	0.42	0.42	0	0	0.4
39600	0.4	0.42	0.42	0	0	0.4
39700	0.4	0.42	0.42	0	0	0.4
39800	0.4	0.42	0.42	0	0	0.4
39900	0.4	0.42	0.42	0	0	0.4
40000	0.4	0.42	0.42	0	0	0.4
40100	0.4	0.42	0.42	0	0	0.4
40200	0.42	0.42	0.42	0	0	0.42
40300	0.42	0.42	0.42	0	0	0.42
40400	0.42	0.42	0.42	0	0	0.42
40500	0.42	0.42	0.42	0	0	0.42
40600	0.42	0.42	0.42	0	0	0.42
40700	0.42	0.42	0.42	0	0	0.42
40800	0.42	0.42	0.42	0	0	0.42
40900	0.42	0.42	0.42	0	0	0.42
41000	0.42	0.42	0.42	0	0	0.42
41100	0.42	0.42	0.42	0	0	0.42
41200	0.42	0.42	0.42	0	0	0.42
41300	0.42	0.42	0.42	0	0	0.42
41400	0.4	0.42	0.42	0	0	0.4
41500	0.4	0.42	0.42	0	0	0.4
41600	0.4	0.42	0.42	0	0	0.4
41700	0.4	0.42	0.42	0	0	0.4
41800	0.4	0.42	0.42	0	0	0.4
41900	0.4	0.42	0.42	0	0	0.4
42000	0.4	0.42	0.42	0	0	0.4
42100	0.4	0.42	0.42	0	0	0.4
42200	0.4	0.42	0.42	0	0	0.4
42300	0.4	0.42	0.42	0	0	0.4
42400	0.4	0.42	0.42	0	0	0.4
42500	0.4	0.42	0.42	0	0	0.4
42600	0.4	0.44	0.44	0	0	0.4
42700	0.4	0.44	0.44	0	0	0.4
42800	0.4	0.44	0.44	0	0	0.4
42900	0.4	0.42	0.42	0	0	0.4
43000	0.4	0.42	0.42	0	0	0.4
43100	0.4	0.42	0.42	0	0	0.4
43200	0.4	0.42	0.42	0	0	0.4
43300	0.4	0.42	0.42	0	0	0.4
43400	0.4	0.42	0.42	0	0	0.4
43500	0.4	0.42	0.42	0	0	0.4
43600	0.4	0.42	0.42	0	0	0.4
43700	0.42	0.42	0.42	0	0	0.42
43800	0.46	0.4	0.4	0	0	0.46
43900	0.44	0.4	0.4	0	0	0.44
44000	0.44	0.4	0.4	0	0	0.44
44100	0.44	0.4	0.4	0	0	0.44
44200	0.44	0.4	0.4	0	0	0.44
44300	0.44	0.4	0.4	0	0	0.44
44400	0.44	0.4	0.4	0	0	0.44
44500	0.44	0.4	0.4	0	0	0.44
44600	0.44	0.4	0.4	0	0	0.44
44700	0.44	0.4	0.4	0	0	0.44
44800	0.44	0.4	0.4	0	0	0.44
44900	0.44	0.4	0.4	0	0	0.44
45000	0.44	0.4	0.4	0	0	0.44
45100	0.44	0.4	0.4	0	0	0.44
45200	0.44	0.4	0.4	0	0	0.44
45300	0.44	0.4	0.4	0	0	0.44
45400	0.44	0.4	0.4	0	0	0.44
45500	0.44	0.42	0.42	0	0	0.44
45600	0.44	0.42	0.42	0	0	0.44
45700	0.44	0.42	0.42	0	0	0.44
45800	0.44	0.42	0.42	0	0	0.44
45900	0.44	0.42	0.42	0	0	0.44
46000	0.44	0.44	0.44	0	0	0.44
46100	0.44	0.44	0.44	0	0	0.44
46200	0.44	0.44	0.44	0	0	0.44
46300	0.44	0.44	0.44	0	0	0.44
46400	0.48	0.44	0.44	0	0	0.48
46500	0.48	0.44	0.44	0	0	0.48
46600	0.48	0.44	0.44	0	0	0.48
46700	0.48	0.44	0.44	0	0	0.48
46800	0.48	0.46	0.46	0	0	0.48
46900	0.48	0.46	0.46	0	0	0.48
47000	0.48	0.46	0.46	0	0	0.48
47100	0.48	0.46	0.46	0	0	0.48
47200	0.48	0.46	0.46	0	0	0.48
47300	0.48	0.46	0.46	0	0	0.48
47400	0.48	0.46	0.46	0	0	0.48
47500	0.48	0.46	0.46	0	0	0.48
47600	0.48	0.46	0.46	0	0	0.48
47700	0.48	0.46	0.46	0	0	0.48
47800	0.48	0.46	0.46	0	0	0.48
47900	0.48	0.46	0.46	0	0	0.48
48000	0.48	0.46	0.46	0	0	0.48
48100	0.48	0.46	0.46	0	0	0.48
48200	0.48	0.46	0.46	0	0	0.48
48300	0.48	0.46	0.46	0	0	0.48
48400	0.48	0.46	0.46	0	0	0.48
48500	0.46	0.46	0.46	0	0	0.46
48600	0.46	0.46	0.46	0	0	0.46
48700	0.46	0.46	0.46	0	0	0.46
48800	0.46	0.46	0.46	0	0	0.46
48900	0.46	0.46	0.46	0	0	0.46
49000	0.46	0.46	0.46	0	0	0.46
49100	0.44	0.48	0.48	0	0	0.44
49200	0.44	0.48	0.48	0	0	0.44
49300	0.44	0.48	0.48	0	0	0.44
49400	0.44	0.48	0.48	0	0	0.44
49500	0.44	0.48	0.48	0	0	0.44
49600	0.44	0.48	0.48	0	0	0.44
49700	0.46	0.48	0.48	0	0	0.46
49800	0.46	0.48	0.48	0	0	0.46
49900	0.44	0.48	0.48	0	0	0.44
50000	0.44	0.48	0.48	0	0	0.44
50100	0.42	0.48	0.48	0	0	0.42
50200	0.42	0.48	0.48	0	0	0.42
50300	0.42	0.48	0.48	0	0	0.42
50400	0.42	0.48	0.48	0	0	0.42
50500	0.42	0.48	0.48	0	0	0.42
50600	0.42	0.48	0.48	0	0	0.42
50700	0.42	0.48	0.48	0	0	0.42
50800	0.44	0.48	0.48	0	0	0.44
50900	0.42	0.48	0.48	0	0	0.42
51000	0.42	0.48	0.48	0	0	0.42
51100	0.42	0.48	0.48	0	0	0.42
51200	0.42	0.48	0.48	0	0	0.42
51300	0.42	0.48	0.48	0	0	0.42
51400	0.42	0.48	0.48	0	0	0.42
51500	0.42	0.48	0.48	0	0	0.42
51600	0.42	0.48	0.48	0	0	0.42
51700	0.42	0.48	0.48	0	0	0.42
51800	0.42	0.48	0.48	0	0	0.42
51900	0.42	0.48	0.48	0	0	0.42
52000	0.42	0.48	0.48	0	0	0.42
52100	0.42	0.48	0.48	0	0	0.42
52200	0.42	0.48	0.48	0	0	0.42
52300	0.42	0.48	0.48	0	0	0.42
52400	0.42	0.48	0.48	0	0	0.42
52500	0.42	0.48	0.48	0	0	0.42
52600	0.44	0.48	0.48	0	0	0.44
52700	0.44	0.48	0.48	0	0	0.44
52800	0.44	0.48	0.48	0	0	0.44
52900	0.42	0.48	0.48	0	0	0.42
53000	0.42	0.48	0.48	0	0	0.42
53100	0.42	0.48	0.48	0	0	0.42
53200	0.44	0.48	0.48	0	0	0.44
53300	0.44	0.48	0.48	0	0	0.44
53400	0.44	0.48	0.48	0	0	0.44
53500	0.44	0.48	0.48	0	0	0.44
53600	0.44	0.48	0.48	0	0	0.44
53700	0.44	0.48	0.48	0	0	0.44
53800	0.44	0.46	0.46	0	0	0.44
53900	0.44	0.46	0.46	0	0	0.44
54000	0.46	0.46	0.46	0	0	0.46
54100	0.46	0.46	0.46	0	0	0.46
54200	0.46	0.46	0.46	0	0	0.46
54300	0.46	0.46	0.46	0	0	0.46
54400	0.46	0.46	0.46	0	0	0.46
54500	0.46	0.46	0.46	0	0	0.46
54600	0.46	0.46	0.46	0	0	0.46
54700	0.46	0.46	0.46	0	0	0.46
54800	0.46	0.46	0.46	0	0	0.46
54900	0.46	0.46	0.46	0	0	0.46
55000	0.46	0.46	0.46	0	0	0.46
55100	0.46	0.46	0.46	0	0	0.46
55200	0.46	0.46	0.46	0	0	0.46
55300	0.46	0.46	0.46	0	0	0.46
55400	0.46	0.46	0.46	0	0	0.46
55500	0.46	0.46	0.46	0	0	0.46
55600	0.46	0.46	0.46	0	0	0.46
55700	0.46	0.46	0.46	0	0	0.46
55800	0.46	0.46	0.46	0	0	0.46
55900	0.46	0.46	0.46	0	0	0.46
56000	0.46	0.46	0.46	0	0	0.46
56100	0.46	0.46	0.46	0	0	0.46
56200	0.46	0.46	0.46	0	0	0.46
56300	0.46	0.46	0.46	0	0	0.46
56400	0.48	0.46	0.46	0	0	0.48
56500	0.46	0.46	0.46	0	0	0.46
56600	0.46	0.46	0.46	0	0	0.46
56700	0.46	0.46	0.46	0	0	0.46
56800	0.46	0.46	0.46	0	0	0.46
56900	0.46	0.46	0.46	0	0	0.46
57000	0.46	0.46	0.46	0	0	0.46
57100	0.46	0.46	0.46	0	0	0.46
57200	0.46	0.46	0.46	0	0	0.46
57300	0.46	0.46	0.46	0	0	0.46
57400	0.46	0.48	0.48	0	0	0.46
57500	0.46	0.48	0.48	0	0	0.46
57600	0.46	0.48	0.48	0	0	0.46
57700	0.46	0.48	0.48	0	0	0.46
57800	0.46	0.48	0.48	0	0	0.46
57900	0.46	0.48	0.48	0	0	0.46
58000	0.46	0.48	0.48	0	0	0.46
58100	0.46	0.48	0.48	0	0	0.46
58200	0.46	0.48	0.48	0	0	0.46
58300	0.46	0.46	0.46	0	0	0.46
58400	0.46	0.46	0.46	0	0	0.46
58500	0.46	0.46	0.46	0	0	0.46
58600	0.46	0.46	0.46	0	0	0.46
58700	0.46	0.46	0.46	0	0	0.46
58800	0.46	0.46	0.46	0	0	0.46
58900	0.46	0.46	0.46	0	0	0.46
59000	0.44	0.46	0.46	0	0	0.44
59100	0.44	0.46	0.46	0	0	0.44
59200	0.44	0.46	0.46	0	0	0.44
59300	0.44	0.46	0.46	0	0	0.44
59400	0.44	0.46	0.46	0	0	0.44
59500	0.44	0.46	0.46	0	0	0.44
59600	0.44	0.46	0.46	0	0	0.44
59700	0.44	0.46	0.46	0	0	0.44
59800	0.44	0.46	0.46	0	0	0.44
59900	0.44	0.46	0.46	0	0	0.44
60000	0.44	0.48	0.48	0	0	0.44
60100	0.44	0.48	0.48	0	0	0.44
60200	0.42	0.48	0.48	0	0	0.42
60300	0.42	0.48	0.48	0	0	0.42
60400	0.42	0.48	0.48	0	0	0.42
60500	0.44	0.48	0.48	0	0	0.44
60600	0.44	0.48	0.48	0	0	0.44
60700	0.44	0.48	0.48	0	0	0.44
60800	0.44	0.48	0.48	0	0	0.44
60900	0.44	0.48	0.48	0	0	0.44
61000	0.44	0.48	0.48	0	0	0.44
61100	0.44	0.5	0.5	0	0	0.44
61200	0.44	0.48	0.48	0	0	0.44
61300	0.44	0.48	0.48	0	0	0.44
61400	0.44	0.48	0.48	0	0	0.44
61500	0.44	0.48	0.48	0	0	0.44
61600	0.44	0.48	0.48	0	0	0.44
61700	0.44	0.48	0.48	0	0	0.44
61800	0.44	0.48	0.48	0	0	0.44
61900	0.44	0.48	0.48	0	0	0.44
62000	0.44	0.48	0.48	0	0	0.44
62100	0.44	0.5	0.5	0	0	0.44
62200	0.44	0.5	0.5	0	0	0.44
62300	0.44	0.5	0.5	0	0	0.44
62400	0.44	0.5	0.5	0	0	0.44
62500	0.44	0.5	0.5	0	0	0.44
62600	0.44	0.5	0.5	0	0	0.44
62700	0.44	0.5	0.5	0	0	0.44
62800	0.44	0.5	0.5	0	0	0.44
62900	0.44	0.5	0.5	0	0	0.44
63000	0.44	0.5	0.5	0	0	0.44
63100	0.44	0.5	0.5	0	0	0.44
63200	0.44	0.5	0.5	0	0	0.44
63300	0.44	0.5	0.5	0	0	0.44
63400	0.44	0.52	0.52	0	0	0.44
63500	0.44	0.52	0.52	0	0	0.44
63600	0.44	0.52	0.52	0	0	0.44
63700	0.44	0.52	0.52	0	0	0.44
63800	0.44	0.52	0.52	0	0	0.44
63900	0.44	0.52	0.52	0	0	0.44
64000	0.44	0.52	0.52	0	0	0.44
64100	0.44	0.52	0.52	0	0	0.44
64200	0.44	0.52	0.52	0	0	0.44
64300	0.44	0.52	0.52	0	0	0.44
64400	0.44	0.52	0.52	0	0	0.44
64500	0.44	0.52	0.52	0	0	0.44
64600	0.44	0.52	0.52	0	0	0.44
64700	0.44	0.54	0.54	0	0	0.44
64800	0.44	0.54	0.54	0	0	0.44
64900	0.44	0.54	0.54	0	0	0.44
65000	0.44	0.54	0.54	0	0	0.44
65100	0.44	0.54	0.54	0	0	0.44
65200	0.44	0.54	0.54	0	0	0.44
65300	0.44	0.54	0.54	0	0	0.44
65400	0.44	0.54	0.54	0	0	0.44
65500	0.44	0.54	0.54	0	0	0.44
65600	0.44	0.54	0.54	0	0	0.44
65700	0.44	0.54	0.54	0	0	0.44
65800	0.44	0.54	0.54	0	0	0.44
65900	0.44	0.54	0.54	0	0	0.44
66000	0.44	0.54	0.54	0	0	0.44
66100	0.44	0.54	0.54	0	0	0.44
66200	0.44	0.54	0.54	0	0	0.44
66300	0.44	0.54	0.54	0	0	0.44
66400	0.44	0.54	0.54	0	0	0.44
66500	0.44	0.54	0.54	0	0	0.44
66600	0.44	0.54	0.54	0	0	0.44
66700	0.44	0.54	0.54	0	0	0.44
66800	0.44	0.54	0.54	0	0	0.44
66900	0.44	0.54	0.54	0	0	0.44
67000	0.44	0.54	0.54	0	0	0.44
67100	0.44	0.54	0.54	0	0	0.44
67200	0.44	0.54	0.54	0	0	0.44
67300	0.44	0.54	0.54	0	0	0.44
67400	0.44	0.54	0.54	0	0	0.44
67500	0.44	0.54	0.54	0	0	0.44
67600	0.44	0.54	0.54	0	0	0.44
67700	0.44	0.54	0.54	0	0	0.44
67800	0.44	0.54	0.54	0	0	0.44
67900	0.44	0.54	0.54	0	0	0.44
68000	0.44	0.54	0.54	0	0	0.44
68100	0.44	0.54	0.54	0	0	0.44
68200	0.44	0.54	0.54	0	0	0.44
68300	0.44	0.54	0.54	0	0	0.44
68400	0.44	0.54	0.54	0	0	0.44
68500	0.44	0.54	0.54	0	0	0.44
68600	0.44	0.54	0.54	0	0	0.44
68700	0.44	0.54	0.54	0	0	0.44
68800	0.44	0.54	0.54	0	0	0.44
68900	0.44	0.54	0.54	0	0	0.44
69000	0.44	0.54	0.54	0	0	0.44
69100	0.44	0.54	0.54	0	0	0.44
69200	0.44	0.54	0.54	0	0	0.44
69300	0.44	0.54	0.54	0	0	0.44
69400	0.44	0.54	0.54	0	0	0.44
69500	0.44	0.54	0.54	0	0	0.44
69600	0.44	0.54	0.54	0	0	0.44
69700	0.44	0.54	0.54	0	0	0.44
69800	0.44	0.54	0.54	0	0	0.44
69900	0.44	0.54	0.54	0	0	0.44
70000	0.44	0.54	0.54	0	0	0.44
70100	0.44	0.54	0.54	0	0	0.44
70200	0.44	0.54	0.54	0	0	0.44
70300	0.44	0.52	0.52	0	0	0.44
70400	0.44	0.52	0.52	0	0	0.44
70500	0.44	0.52	0.52	0	0	0.44
70600	0.44	0.52	0.52	0	0	0.44
70700	0.44	0.52	0.52	0	0	0.44
70800	0.44	0.5	0.5	0	0	0.44
70900	0.44	0.5	0.5	0	0	0.44
71000	0.44	0.48	0.48	0	0	0.44
71100	0.46	0.48	0.48	0	0	0.46
71200	0.46	0.48	0.48	0	0	0.46
71300	0.46	0.48	0.48	0	0	0.46
71400	0.46	0.48	0.48	0	0	0.46
71500	0.46	0.48	0.48	0	0	0.46
71600	0.46	0.48	0.48	0	0	0.46
71700	0.46	0.48	0.48	0	0	0.46
71800	0.46	0.48	0.48	0	0	0.46
71900	0.46	0.48	0.48	0	0	0.46
72000	0.46	0.48	0.48	0	0	0.46
72100	0.46	0.48	0.48	0	0	0.46
72200	0.44	0.48	0.48	0	0	0.44
72300	0.44	0.48	0.48	0	0	0.44
72400	0.44	0.48	0.48	0	0	0.44
72500	0.44	0.48	0.48	0	0	0.44
72600	0.44	0.48	0.48	0	0	0.44
72700	0.44	0.48	0.48	0	0	0.44
72800	0.44	0.48	0.48	0	0	0.44
72900	0.44	0.48	0.48	0	0	0.44
73000	0.44	0.48	0.48	0	0	0.44
73100	0.44	0.48	0.48	0	0	0.44
73200	0.44	0.48	0.48	0	0	0.44
73300	0.44	0.48	0.48	0	0	0.44
73400	0.44	0.48	0.48	0	0	0.44
73500	0.44	0.48	0.48	0	0	0.44
73600	0.44	0.48	0.48	0	0	0.44
73700	0.44	0.48	0.48	0	0	0.44
73800	0.44	0.48	0.48	0	0	0.44
73900	0.44	0.48	0.48	0	0	0.44
74000	0.44	0.48	0.48	0	0	0.44
74100	0.46	0.48	0.48	0	0	0.46
74200	0.46	0.48	0.48	0	0	0.46
74300	0.46	0.48	0.48	0	0	0.46
74400	0.46	0.5	0.5	0	0	0.46
74500	0.46	0.5	0.5	0	0	0.46
74600	0.46	0.5	0.5	0	0	0.46
74700	0.46	0.5	0.5	0	0	0.46
74800	0.46	0.5	0.5	0	0	0.46
74900	0.46	0.5	0.5	0	0	0.46
75000	0.46	0.5	0.5	0	0	0.46
75100	0.46	0.5	0.5	0	0	0.46
75200	0.46	0.5	0.5	0	0	0.46
75300	0.46	0.5	0.5	0	0	0.46
75400	0.46	0.5	0.5	0	0	0.46
75500	0.46	0.5	0.5	0	0	0.46
75600	0.46	0.5	0.5	0	0	0.46
75700	0.46	0.5	0.5	0	0	0.46
75800	0.46	0.5	0.5	0	0	0.46
75900	0.46	0.5	0.5	0	0	0.46
76000	0.46	0.5	0.5	0	0	0.46
76100	0.46	0.5	0.5	0	0	0.46
76200	0.46	0.5	0.5	0	0	0.46
76300	0.46	0.5	0.5	0	0	0.46
76400	0.46	0.5	0.5	0	0	0.46
76500	0.46	0.5	0.5	0	0	0.46
76600	0.46	0.5	0.5	0	0	0.46
76700	0.46	0.5	0.5	0	0	0.46
76800	0.46	0.5	0.5	0	0	0.46
76900	0.46	0.5	0.5	0	0	0.46
77000	0.46	0.5	0.5	0	0	0.46
77100	0.46	0.5	0.5	0	0	0.46
77200	0.44	0.5	0.5	0	0	0.44
77300	0.44	0.5	0.5	0	0	0.44
77400	0.44	0.5	0.5	0	0	0.44
77500	0.44	0.5	0.5	0	0	0.44
77600	0.44	0.5	0.5	0	0	0.44
77700	0.44	0.5	0.5	0	0	0.44
77800	0.44	0.5	0.5	0	0	0.44
77900	0.44	0.5	0.5	0	0	0.44
78000	0.44	0.5	0.5	0	0	0.44
78100	0.44	0.5	0.5	0	0	0.44
78200	0.44	0.5	0.5	0	0	0.44
78300	0.44	0.5	0.5	0	0	0.44
78400	0.44	0.5	0.5	0	0	0.44
78500	0.44	0.5	0.5	0	0	0.44
78600	0.44	0.5	0.5	0	0	0.44
78700	0.44	0.5	0.5	0	0	0.44
78800	0.44	0.5	0.5	0	0	0.44
78900	0.44	0.5	0.5	0	0	0.44
79000	0.44	0.5	0.5	0	0	0.44
79100	0.44	0.5	0.5	0	0	0.44
79200	0.44	0.5	0.5	0	0	0.44
79300	0.44	0.5	0.5	0	0	0.44
79400	0.44	0.5	0.5	0	0	0.44
79500	0.44	0.5	0.5	0	0	0.44
79600	0.44	0.5	0.5	0	0	0.44
79700	0.44	0.5	0.5	0	0	0.44
79800	0.44	0.5	0.5	0	0	0.44
79900	0.44	0.5	0.5	0	0	0.44
80000	0.44	0.5	0.5	0	0	0.44
80100	0.44	0.5	0.5	0	0	0.44
80200	0.44	0.5	0.5	0	0	0.44
80300	0.44	0.5	0.5	0	0	0.44
80400	0.44	0.5	0.5	0	0	0.44
80500	0.44	0.5	0.5	0	0	0.44
80600	0.44	0.5	0.5	0	0	0.44
80700	0.44	0.5	0.5	0	0	0.44
80800	0.44	0.5	0.5	0	0	0.44
80900	0.44	0.5	0.5	0	0	0.44
81000	0.44	0.5	0.5	0	0	0.44
81100	0.44	0.5	0.5	0	0	0.44
81200	0.44	0.5	0.5	0	0	0.44
81300	0.44	0.5	0.5	0	0	0.44
81400	0.44	0.5	0.5	0	0	0.44
81500	0.44	0.5	0.5	0	0	0.44
81600	0.44	0.5	0.5	0	0	0.44
81700	0.44	0.5	0.5	0	0	0.44
81800	0.44	0.5	0.5	0	0	0.44
81900	0.44	0.5	0.5	0	0	0.44
82000	0.44	0.5	0.5	0	0	0.44
82100	0.44	0.5	0.5	0	0	0.44
82200	0.44	0.5	0.5	0	0	0.44
82300	0.44	0.5	0.5	0	0	0.44
82400	0.44	0.5	0.5	0	0	0.44
82500	0.44	0.5	0.5	0	0	0.44
82600	0.44	0.52	0.52	0	0	0.44
82700	0.44	0.52	0.52	0	0	0.44
82800	0.44	0.52	0.52	0	0	0.44
82900	0.44	0.52	0.52	0	0	0.44
83000	0.44	0.52	0.52	0	0	0.44
83100	0.44	0.52	0.52	0	0	0.44
83200	0.44	0.52	0.52	0	0	0.44
83300	0.44	0.52	0.52	0	0	0.44
83400	0.44	0.52	0.52	0	0	0.44
83500	0.44	0.52	0.52	0	0	0.44
83600	0.44	0.52	0.52	0	0	0.44
83700	0.44	0.52	0.52	0	0	0.44
83800	0.44	0.52	0.52	0	0	0.44
83900	0.44	0.52	0.52	0	0	0.44
84000	0.44	0.52	0.52	0	0	0.44
84100	0.44	0.52	0.52	0	0	0.44
84200	0.44	0.52	0.52	0	0	0.44
84300	0.44	0.52	0.52	0	0	0.44
84400	0.44	0.52	0.52	0	0	0.44
84500	0.44	0.52	0.52	0	0	0.44
84600	0.44	0.52	0.52	0	0	0.44
84700	0.44	0.52	0.52	0	0	0.44
84800	0.44	0.52	0.52	0	0	0.44
84900	0.44	0.52	0.52	0	0	0.44
85000	0.44	0.52	0.52	0	0	0.44
85100	0.44	0.52	0.52	0	0	0.44
85200	0.44	0.52	0.52	0	0	0.44
85300	0.44	0.52	0.52	0	0	0.44
85400	0.44	0.52	0.52	0	0	0.44
85500	0.44	0.52	0.52	0	0	0.44
85600	0.44	0.52	0.52	0	0	0.44
85700	0.44	0.52	0.52	0	0	0.44
85800	0.44	0.52	0.52	0	0	0.44
85900	0.44	0.52	0.52	0	0	0.44
86000	0.44	0.52	0.52	0	0	0.44
86100	0.44	0.52	0.52	0	0	0.44
86200	0.44	0.52	0.52	0	0	0.44
86300	0.44	0.52	0.52	0	0	0.44
86400	0.44	0.52	0.52	0	0	0.44
86500	0.44	0.52	0.52	0	0	0.44
86600	0.44	0.52	0.52	0	0	0.44
86700	0.44	0.52	0.52	0	0	0.44
86800	0.44	0.52	0.52	0	0	0.44
86900	0.42	0.52	0.52	0	0	0.42
87000	0.42	0.52	0.52	0	0	0.42
87100	0.42	0.52	0.52	0	0	0.42
87200	0.42	0.52	0.52	0	0	0.42
87300	0.42	0.52	0.52	0	0	0.42
87400	0.42	0.52	0.52	0	0	0.42
87500	0.44	0.52	0.52	0	0	0.44
87600	0.44	0.52	0.52	0	0	0.44
87700	0.44	0.52	0.52	0	0	0.44
87800	0.44	0.52	0.52	0	0	0.44
87900	0.44	0.52	0.52	0	0	0.44
88000	0.44	0.52	0.52	0	0	0.44
88100	0.44	0.52	0.52	0	0	0.44
88200	0.44	0.52	0.52	0	0	0.44
88300	0.44	0.52	0.52	0	0	0.44
88400	0.44	0.52	0.52	0	0	0.44
88500	0.44	0.52	0.52	0	0	0.44
88600	0.44	0.52	0.52	0	0	0.44
88700	0.44	0.52	0.52	0	0	0.44
88800	0.46	0.52	0.52	0	0	0.46
88900	0.46	0.52	0.52	0	0	0.46
89000	0.46	0.52	0.52	0	0	0.46
89100	0.46	0.52	0.52	0	0	0.46
89200	0.46	0.52	0.52	0	0	0.46
89300	0.46	0.52	0.52	0	0	0.46
89400	0.46	0.52	0.52	0	0	0.46
89500	0.46	0.52	0.52	0	0	0.46
89600	0.46	0.52	0.52	0	0	0.46
89700	0.46	0.52	0.52	0	0	0.46
89800	0.46	0.52	0.52	0	0	0.46
89900	0.46	0.52	0.52	0	0	0.46
90000	0.46	0.52	0.52	0	0	0.46
90100	0.46	0.52	0.52	0	0	0.46
90200	0.46	0.52	0.52	0	0	0.46
90300	0.46	0.52	0.52	0	0	0.46
90400	0.46	0.52	0.52	0	0	0.46
90500	0.46	0.52	0.52	0	0	0.46
90600	0.46	0.5	0.5	0	0	0.46
90700	0.46	0.5	0.5	0	0	0.46
90800	0.46	0.5	0.5	0	0	0.46
90900	0.46	0.5	0.5	0	0	0.46
91000	0.46	0.5	0.5	0	0	0.46
91100	0.46	0.5	0.5	0	0	0.46
91200	0.46	0.5	0.5	0	0	0.46
91300	0.46	0.5	0.5	0	0	0.46
91400	0.46	0.5	0.5	0	0	0.46
91500	0.46	0.5	0.5	0	0	0.46
91600	0.46	0.5	0.5	0	0	0.46
91700	0.44	0.5	0.5	0	0	0.44
91800	0.44	0.5	0.5	0	0	0.44
91900	0.44	0.5	0.5	0	0	0.44
92000	0.44	0.5	0.5	0	0	0.44
92100	0.44	0.5	0.5	0	0	0.44
92200	0.44	0.5	0.5	0	0	0.44
92300	0.44	0.5	0.5	0	0	0.44
92400	0.44	0.5	0.5	0	0	0.44
92500	0.44	0.5	0.5	0	0	0.44
92600	0.44	0.5	0.5	0	0	0.44
92700	0.44	0.5	0.5	0	0	0.44
92800	0.44	0.5	0.5	0	0	0.44
92900	0.44	0.5	0.5	0	0	0.44
93000	0.44	0.5	0.5	0	0	0.44
93100	0.44	0.5	0.5	0	0	0.44
93200	0.44	0.5	0.5	0	0	0.44
93300	0.44	0.5	0.5	0	0	0.44
93400	0.44	0.5	0.5	0	0	0.44
93500	0.44	0.5	0.5	0	0	0.44
93600	0.44	0.5	0.5	0	0	0.44
93700	0.44	0.5	0.5	0	0	0.44
93800	0.44	0.5	0.5	0	0	0.44
93900	0.44	0.5	0.5	0	0	0.44
94000	0.44	0.5	0.5	0	0	0.44
94100	0.44	0.5	0.5	0	0	0.44
94200	0.44	0.5	0.5	0	0	0.44
94300	0.44	0.5	0.5	0	0	0.44
94400	0.44	0.5	0.5	0	0	0.44
94500	0.44	0.5	0.5	0	0	0.44
94600	0.44	0.5	0.5	0	0	0.44
94700	0.44	0.5	0.5	0	0	0.44
94800	0.44	0.5	0.5	0	0	0.44
94900	0.44	0.5	0.5	0	0	0.44
95000	0.44	0.5	0.5	0	0	0.44
95100	0.44	0.5	0.5	0	0	0.44
95200	0.44	0.5	0.5	0	0	0.44
95300	0.44	0.5	0.5	0	0	0.44
95400	0.44	0.5	0.5	0	0	0.44
95500	0.44	0.5	0.5	0	0	0.44
95600	0.44	0.5	0.5	0	0	0.44
95700	0.44	0.5	0.5	0	0	0.44
95800	0.44	0.5	0.5	0	0	0.44
95900	0.44	0.5	0.5	0	0	0.44
96000	0.44	0.5	0.5	0	0	0.44
96100	0.44	0.5	0.5	0	0	0.44
96200	0.44	0.5	0.5	0	0	0.44
96300	0.44	0.5	0.5	0	0	0.44
96400	0.44	0.5	0.5	0	0	0.44
96500	0.44	0.5	0.5	0	0	0.44
96600	0.44	0.5	0.5	0	0	0.44
96700	0.44	0.5	0.5	0	0	0.44
96800	0.44	0.5	0.5	0	0	0.44
96900	0.44	0.5	0.5	0	0	0.44
97000	0.44	0.5	0.5	0	0	0.44
97100	0.44	0.5	0.5	0	0	0.44
97200	0.44	0.5	0.5	0	0	0.44
97300	0.44	0.5	0.5	0	0	0.44
97400	0.44	0.5	0.5	0	0	0.44
97500	0.44	0.5	0.5	0	0	0.44
97600	0.44	0.5	0.5	0	0	0.44
97700	0.44	0.52	0.52	0	0	0.44
97800	0.44	0.52	0.52	0	0	0.44
97900	0.44	0.52	0.52	0	0	0.44
98000	0.44	0.52	0.52	0	0	0.44
98100	0.44	0.52	0.52	0	0	0.44
98200	0.44	0.52	0.52	0	0	0.44
98300	0.42	0.52	0.52	0	0	0.42
98400	0.42	0.52	0.52	0	0	0.42
98500	0.42	0.52	0.52	0	0	0.42
98600	0.42	0.52	0.52	0	0	0.42
98700	0.42	0.52	0.52	0	0	0.42
98800	0.42	0.52	0.52	0	0	0.42
98900	0.42	0.52	0.52	0	0	0.42
99000	0.42	0.52	0.52	0	0	0.42
99100	0.42	0.52	0.52	0	0	0.42
99200	0.42	0.52	0.52	0	0	0.42
99300	0.42	0.52	0.52	0	0	0.42
99400	0.42	0.52	0.52	0	0	0.42
99500	0.42	0.52	0.52	0	0	0.42
99600	0.42	0.52	0.52	0	0	0.42
99700	0.42	0.52	0.52	0	0	0.42
99800	0.44	0.52	0.52	0	0	0.44
99900	0.44	0.54	0.54	0	0	0.44
100000	0.44	0.54	0.54	0	0	0.44
