100	0.02	0.12	0.12	0	0	0.02
200	0.02	0.16	0.16	0	0	0.02
300	0.06	0.16	0.16	0	0	0.06
400	0.06	0.16	0.16	0	0	0.06
500	0.08	0.16	0.16	0	0	0.08
600	0.1	0.18	0.18	0	0	0.1
700	0.12	0.18	0.18	0	0	0.12
800	0.12	0.18	0.18	0	0	0.12
900	0.16	0.22	0.22	0	0	0.16
1000	0.16	0.24	0.24	0	0	0.16
1100	0.16	0.24	0.24	0	0	0.16
1200	0.16	0.24	0.24	0	0	0.16
1300	0.16	0.26	0.26	0	0	0.16
1400	0.16	0.26	0.26	0	0	0.16
1500	0.18	0.26	0.26	0	0	0.18
1600	0.18	0.26	0.26	0	0	0.18
1700	0.18	0.28	0.28	0	0	0.18
1800	0.18	0.28	0.28	0	0	0.18
1900	0.18	0.28	0.28	0	0	0.18
2000	0.18	0.3	0.3	0	0	0.18
2100	0.18	0.3	0.3	0	0	0.18
2200	0.2	0.3	0.3	0	0	0.2
2300	0.2	0.3	0.3	0	0	0.2
2400	0.2	0.32	0.32	0	0	0.2
2500	0.22	0.32	0.32	0	0	0.22
2600	0.22	0.32	0.32	0	0	0.22
2700	0.22	0.32	0.32	0	0	0.22
2800	0.24	0.36	0.36	0	0	0.24
2900	0.24	0.38	0.38	0	0	0.24
3000	0.24	0.38	0.38	0	0	0.24
3100	0.24	0.4	0.4	0	0	0.24
3200	0.24	0.42	0.42	0	0	0.24
3300	0.24	0.42	0.42	0	0	0.24
3400	0.24	0.42	0.42	0	0	0.24
3500	0.24	0.42	0.42	0	0	0.24
3600	0.24	0.42	0.42	0	0	0.24
3700	0.24	0.42	0.42	0	0	0.24
3800	0.24	0.42	0.42	0	0	0.24
3900	0.26	0.44	0.44	0	0	0.26
4000	0.26	0.44	0.44	0	0	0.26
4100	0.26	0.42	0.42	0	0	0.26
4200	0.26	0.4	0.4	0	0	0.26
4300	0.26	0.4	0.4	0	0	0.26
4400	0.26	0.38	0.38	0	0	0.26
4500	0.24	0.4	0.4	0	0	0.24
4600	0.24	0.4	0.4	0	0	0.24
4700	0.24	0.4	0.4	0	0	0.24
4800	0.24	0.38	0.38	0	0	0.24
4900	0.24	0.4	0.4	0	0	0.24
5000	0.24	0.4	0.4	0	0	0.24
5100	0.24	0.42	0.42	0	0	0.24
5200	0.24	0.42	0.42	0	0	0.24
5300	0.24	0.42	0.42	0	0	0.24
5400	0.26	0.42	0.42	0	0	0.26
5500	0.26	0.44	0.44	0	0	0.26
5600	0.26	0.44	0.44	0	0	0.26
5700	0.26	0.44	0.44	0	0	0.26
5800	0.26	0.44	0.44	0	0	0.26
5900	0.26	0.44	0.44	0	0	0.26
6000	0.26	0.44	0.44	0	0	0.26
6100	0.26	0.44	0.44	0	0	0.26
6200	0.26	0.44	0.44	0	0	0.26
6300	0.28	0.44	0.44	0	0	0.28
6400	0.26	0.46	0.46	0	0	0.26
6500	0.26	0.46	0.46	0	0	0.26
6600	0.26	0.46	0.46	0	0	0.26
6700	0.26	0.46	0.46	0	0	0.26
6800	0.26	0.44	0.44	0	0	0.26
6900	0.26	0.44	0.44	0	0	0.26
7000	0.26	0.44	0.44	0	0	0.26
7100	0.28	0.44	0.44	0	0	0.28
7200	0.26	0.44	0.44	0	0	0.26
7300	0.26	0.44	0.44	0	0	0.26
7400	0.26	0.44	0.44	0	0	0.26
7500	0.26	0.44	0.44	0	0	0.26
7600	0.28	0.44	0.44	0	0	0.28
7700	0.28	0.44	0.44	0	0	0.28
7800	0.28	0.46	0.46	0	0	0.28
7900	0.28	0.46	0.46	0	0	0.28
8000	0.28	0.46	0.46	0	0	0.28
8100	0.28	0.48	0.48	0	0	0.28
8200	0.28	0.48	0.48	0	0	0.28
8300	0.28	0.5	0.5	0	0	0.28
8400	0.32	0.5	0.5	0	0	0.32
8500	0.32	0.5	0.5	0	0	0.32
8600	0.32	0.5	0.5	0	0	0.32
8700	0.32	0.5	0.5	0	0	0.32
8800	0.34	0.52	0.52	0	0	0.34
8900	0.34	0.52	0.52	0	0	0.34
9000	0.34	0.52	0.52	0	0	0.34
9100	0.32	0.52	0.52	0	0	0.32
9200	0.32	0.52	0.52	0	0	0.32
9300	0.32	0.52	0.52	0	0	0.32
9400	0.32	0.52	0.52	0	0	0.32
9500	0.32	0.54	0.54	0	0	0.32
9600	0.32	0.54	0.54	0	0	0.32
9700	0.3	0.52	0.52	0	0	0.3
9800	0.3	0.5	0.5	0	0	0.3
9900	0.3	0.5	0.5	0	0	0.3
10000	0.3	0.5	0.5	0	0	0.3
10100	0.3	0.48	0.48	0	0	0.3
10200	0.3	0.46	0.46	0	0	0.3
10300	0.3	0.46	0.46	0	0	0.3
10400	0.3	0.46	0.46	0	0	0.3
10500	0.3	0.46	0.46	0	0	0.3
10600	0.3	0.46	0.46	0	0	0.3
10700	0.3	0.46	0.46	0	0	0.3
10800	0.3	0.48	0.48	0	0	0.3
10900	0.3	0.48	0.48	0	0	0.3
11000	0.3	0.48	0.48	0	0	0.3
11100	0.32	0.48	0.48	0	0	0.32
11200	0.34	0.5	0.5	0	0	0.34
11300	0.34	0.5	0.5	0	0	0.34
11400	0.34	0.5	0.5	0	0	0.34
11500	0.34	0.5	0.5	0	0	0.34
11600	0.34	0.5	0.5	0	0	0.34
11700	0.34	0.5	0.5	0	0	0.34
11800	0.34	0.5	0.5	0	0	0.34
11900	0.32	0.5	0.5	0	0	0.32
12000	0.32	0.5	0.5	0	0	0.32
12100	0.32	0.5	0.5	0	0	0.32
12200	0.3	0.5	0.5	0	0	0.3
12300	0.32	0.5	0.5	0	0	0.32
12400	0.3	0.5	0.5	0	0	0.3
12500	0.3	0.5	0.5	0	0	0.3
12600	0.32	0.5	0.5	0	0	0.32
12700	0.34	0.5	0.5	0	0	0.34
12800	0.34	0.5	0.5	0	0	0.34
12900	0.34	0.52	0.52	0	0	0.34
13000	0.34	0.52	0.52	0	0	0.34
13100	0.34	0.52	0.52	0	0	0.34
13200	0.34	0.52	0.52	0	0	0.34
13300	0.34	0.54	0.54	0	0	0.34
13400	0.34	0.54	0.54	0	0	0.34
13500	0.34	0.52	0.52	0	0	0.34
13600	0.34	0.5	0.5	0	0	0.34
13700	0.34	0.5	0.5	0	0	0.34
13800	0.34	0.5	0.5	0	0	0.34
13900	0.34	0.5	0.5	0	0	0.34
14000	0.34	0.5	0.5	0	0	0.34
14100	0.34	0.5	0.5	0	0	0.34
14200	0.34	0.5	0.5	0	0	0.34
14300	0.34	0.5	0.5	0	0	0.34
14400	0.34	0.5	0.5	0	0	0.34
14500	0.34	0.5	0.5	0	0	0.34
14600	0.34	0.5	0.5	0	0	0.34
14700	0.34	0.5	0.5	0	0	0.34
14800	0.34	0.5	0.5	0	0	0.34
14900	0.34	0.48	0.48	0	0	0.34
15000	0.34	0.48	0.48	0	0	0.34
15100	0.34	0.48	0.48	0	0	0.34
15200	0.34	0.48	0.48	0	0	0.34
15300	0.34	0.48	0.48	0	0	0.34
15400	0.34	0.48	0.48	0	0	0.34
15500	0.34	0.48	0.48	0	0	0.34
15600	0.34	0.48	0.48	0	0	0.34
15700	0.32	0.46	0.46	0	0	0.32
15800	0.32	0.46	0.46	0	0	0.32
15900	0.32	0.46	0.46	0	0	0.32
16000	0.32	0.48	0.48	0	0	0.32
16100	0.32	0.48	0.48	0	0	0.32
16200	0.32	0.48	0.48	0	0	0.32
16300	0.3	0.5	0.5	0	0	0.3
16400	0.3	0.52	0.52	0	0	0.3
16500	0.32	0.5	0.5	0	0	0.32
16600	0.32	0.52	0.52	0	0	0.32
16700	0.3	0.52	0.52	0	0	0.3
16800	0.3	0.52	0.52	0	0	0.3
16900	0.3	0.52	0.52	0	0	0.3
17000	0.3	0.52	0.52	0	0	0.3
17100	0.3	0.52	0.52	0	0	0.3
17200	0.3	0.54	0.54	0	0	0.3
17300	0.32	0.54	0.54	0	0	0.32
17400	0.34	0.54	0.54	0	0	0.34
17500	0.34	0.54	0.54	0	0	0.34
17600	0.34	0.54	0.54	0	0	0.34
17700	0.32	0.54	0.54	0	0	0.32
17800	0.32	0.54	0.54	0	0	0.32
17900	0.32	0.54	0.54	0	0	0.32
18000	0.32	0.54	0.54	0	0	0.32
18100	0.32	0.56	0.56	0	0	0.32
18200	0.32	0.56	0.56	0	0	0.32
18300	0.32	0.56	0.56	0	0	0.32
18400	0.32	0.56	0.56	0	0	0.32
18500	0.32	0.56	0.56	0	0	0.32
18600	0.34	0.56	0.56	0	0	0.34
18700	0.34	0.56	0.56	0	0	0.34
18800	0.34	0.56	0.56	0	0	0.34
18900	0.32	0.56	0.56	0	0	0.32
19000	0.32	0.56	0.56	0	0	0.32
19100	0.34	0.56	0.56	0	0	0.34
19200	0.34	0.56	0.56	0	0	0.34
19300	0.34	0.56	0.56	0	0	0.34
19400	0.34	0.56	0.56	0	0	0.34
19500	0.34	0.56	0.56	0	0	0.34
19600	0.34	0.54	0.54	0	0	0.34
19700	0.34	0.54	0.54	0	0	0.34
19800	0.34	0.54	0.54	0	0	0.34
19900	0.34	0.54	0.54	0	0	0.34
20000	0.36	0.54	0.54	0	0	0.36
20100	0.36	0.54	0.54	0	0	0.36
20200	0.36	0.54	0.54	0	0	0.36
20300	0.36	0.52	0.52	0	0	0.36
20400	0.34	0.52	0.52	0	0	0.34
20500	0.34	0.52	0.52	0	0	0.34
20600	0.34	0.52	0.52	0	0	0.34
20700	0.34	0.52	0.52	0	0	0.34
20800	0.34	0.54	0.54	0	0	0.34
20900	0.34	0.54	0.54	0	0	0.34
21000	0.34	0.54	0.54	0	0	0.34
21100	0.34	0.54	0.54	0	0	0.34
21200	0.34	0.54	0.54	0	0	0.34
21300	0.34	0.54	0.54	0	0	0.34
21400	0.34	0.52	0.52	0	0	0.34
21500	0.34	0.52	0.52	0	0	0.34
21600	0.36	0.52	0.52	0	0	0.36
21700	0.36	0.52	0.52	0	0	0.36
21800	0.36	0.54	0.54	0	0	0.36
21900	0.36	0.54	0.54	0	0	0.36
22000	0.36	0.54	0.54	0	0	0.36
22100	0.36	0.54	0.54	0	0	0.36
22200	0.36	0.52	0.52	0	0	0.36
22300	0.34	0.52	0.52	0	0	0.34
22400	0.34	0.52	0.52	0	0	0.34
22500	0.34	0.52	0.52	0	0	0.34
22600	0.36	0.52	0.52	0	0	0.36
22700	0.36	0.52	0.52	0	0	0.36
22800	0.36	0.52	0.52	0	0	0.36
22900	0.36	0.52	0.52	0	0	0.36
23000	0.36	0.52	0.52	0	0	0.36
23100	0.32	0.52	0.52	0	0	0.32
23200	0.32	0.52	0.52	0	0	0.32
23300	0.32	0.52	0.52	0	0	0.32
23400	0.34	0.52	0.52	0	0	0.34
23500	0.34	0.52	0.52	0	0	0.34
23600	0.34	0.52	0.52	0	0	0.34
23700	0.34	0.52	0.52	0	0	0.34
23800	0.34	0.52	0.52	0	0	0.34
23900	0.34	0.52	0.52	0	0	0.34
24000	0.34	0.5	0.5	0	0	0.34
24100	0.34	0.5	0.5	0	0	0.34
24200	0.34	0.5	0.5	0	0	0.34
24300	0.34	0.5	0.5	0	0	0.34
24400	0.34	0.5	0.5	0	0	0.34
24500	0.34	0.5	0.5	0	0	0.34
24600	0.34	0.5	0.5	0	0	0.34
24700	0.34	0.5	0.5	0	0	0.34
24800	0.36	0.5	0.5	0	0	0.36
24900	0.36	0.5	0.5	0	0	0.36
25000	0.36	0.48	0.48	0	0	0.36
25100	0.36	0.48	0.48	0	0	0.36
25200	0.36	0.48	0.48	0	0	0.36
25300	0.36	0.48	0.48	0	0	0.36
25400	0.36	0.5	0.5	0	0	0.36
25500	0.36	0.5	0.5	0	0	0.36
25600	0.36	0.5	0.5	0	0	0.36
25700	0.36	0.5	0.5	0	0	0.36
25800	0.36	0.5	0.5	0	0	0.36
25900	0.36	0.5	0.5	0	0	0.36
26000	0.36	0.5	0.5	0	0	0.36
26100	0.36	0.48	0.48	0	0	0.36
26200	0.36	0.5	0.5	0	0	0.36
26300	0.36	0.5	0.5	0	0	0.36
26400	0.36	0.5	0.5	0	0	0.36
26500	0.36	0.5	0.5	0	0	0.36
26600	0.34	0.5	0.5	0	0	0.34
26700	0.34	0.5	0.5	0	0	0.34
26800	0.34	0.5	0.5	0	0	0.34
26900	0.34	0.5	0.5	0	0	0.34
27000	0.34	0.5	0.5	0	0	0.34
27100	0.34	0.5	0.5	0	0	0.34
27200	0.34	0.5	0.5	0	0	0.34
27300	0.34	0.5	0.5	0	0	0.34
27400	0.34	0.5	0.5	0	0	0.34
27500	0.34	0.5	0.5	0	0	0.34
27600	0.34	0.5	0.5	0	0	0.34
27700	0.34	0.5	0.5	0	0	0.34
27800	0.34	0.5	0.5	0	0	0.34
27900	0.34	0.5	0.5	0	0	0.34
28000	0.34	0.5	0.5	0	0	0.34
28100	0.34	0.5	0.5	0	0	0.34
28200	0.34	0.52	0.52	0	0	0.34
28300	0.34	0.52	0.52	0	0	0.34
28400	0.34	0.52	0.52	0	0	0.34
28500	0.34	0.52	0.52	0	0	0.34
28600	0.36	0.54	0.54	0	0	0.36
28700	0.36	0.52	0.52	0	0	0.36
28800	0.36	0.52	0.52	0	0	0.36
28900	0.36	0.52	0.52	0	0	0.36
29000	0.36	0.52	0.52	0	0	0.36
29100	0.36	0.52	0.52	0	0	0.36
29200	0.36	0.52	0.52	0	0	0.36
29300	0.36	0.52	0.52	0	0	0.36
29400	0.36	0.52	0.52	0	0	0.36
29500	0.36	0.54	0.54	0	0	0.36
29600	0.36	0.54	0.54	0	0	0.36
29700	0.36	0.52	0.52	0	0	0.36
29800	0.36	0.52	0.52	0	0	0.36
29900	0.36	0.52	0.52	0	0	0.36
30000	0.36	0.52	0.52	0	0	0.36
30100	0.36	0.52	0.52	0	0	0.36
30200	0.36	0.52	0.52	0	0	0.36
30300	0.36	0.52	0.52	0	0	0.36
30400	0.36	0.54	0.54	0	0	0.36
30500	0.36	0.54	0.54	0	0	0.36
30600	0.36	0.54	0.54	0	0	0.36
30700	0.36	0.54	0.54	0	0	0.36
30800	0.36	0.54	0.54	0	0	0.36
30900	0.36	0.54	0.54	0	0	0.36
31000	0.36	0.54	0.54	0	0	0.36
31100	0.36	0.54	0.54	0	0	0.36
31200	0.36	0.54	0.54	0	0	0.36
31300	0.36	0.54	0.54	0	0	0.36
31400	0.36	0.54	0.54	0	0	0.36
31500	0.36	0.54	0.54	0	0	0.36
31600	0.36	0.54	0.54	0	0	0.36
31700	0.36	0.56	0.56	0	0	0.36
31800	0.36	0.56	0.56	0	0	0.36
31900	0.36	0.54	0.54	0	0	0.36
32000	0.36	0.52	0.52	0	0	0.36
32100	0.36	0.52	0.52	0	0	0.36
32200	0.36	0.48	0.48	0	0	0.36
32300	0.36	0.48	0.48	0	0	0.36
32400	0.36	0.48	0.48	0	0	0.36
32500	0.36	0.46	0.46	0	0	0.36
32600	0.36	0.48	0.48	0	0	0.36
32700	0.36	0.48	0.48	0	0	0.36
32800	0.36	0.48	0.48	0	0	0.36
32900	0.36	0.48	0.48	0	0	0.36
33000	0.36	0.48	0.48	0	0	0.36
33100	0.36	0.48	0.48	0	0	0.36
33200	0.36	0.48	0.48	0	0	0.36
33300	0.36	0.48	0.48	0	0	0.36
33400	0.36	0.48	0.48	0	0	0.36
33500	0.38	0.48	0.48	0	0	0.38
33600	0.38	0.48	0.48	0	0	0.38
33700	0.38	0.48	0.48	0	0	0.38
33800	0.38	0.48	0.48	0	0	0.38
33900	0.38	0.48	0.48	0	0	0.38
34000	0.38	0.48	0.48	0	0	0.38
34100	0.38	0.48	0.48	0	0	0.38
34200	0.36	0.48	0.48	0	0	0.36
34300	0.38	0.48	0.48	0	0	0.38
34400	0.38	0.48	0.48	0	0	0.38
34500	0.38	0.48	0.48	0	0	0.38
34600	0.38	0.48	0.48	0	0	0.38
34700	0.38	0.48	0.48	0	0	0.38
34800	0.36	0.48	0.48	0	0	0.36
34900	0.36	0.48	0.48	0	0	0.36
35000	0.36	0.48	0.48	0	0	0.36
35100	0.36	0.48	0.48	0	0	0.36
35200	0.36	0.48	0.48	0	0	0.36
35300	0.36	0.48	0.48	0	0	0.36
35400	0.36	0.48	0.48	0	0	0.36
35500	0.36	0.5	0.5	0	0	0.36
35600	0.36	0.5	0.5	0	0	0.36
35700	0.36	0.5	0.5	0	0	0.36
35800	0.36	0.5	0.5	0	0	0.36
35900	0.36	0.5	0.5	0	0	0.36
36000	0.36	0.5	0.5	0	0	0.36
36100	0.36	0.5	0.5	0	0	0.36
36200	0.36	0.5	0.5	0	0	0.36
36300	0.36	0.5	0.5	0	0	0.36
36400	0.36	0.5	0.5	0	0	0.36
36500	0.36	0.5	0.5	0	0	0.36
36600	0.36	0.5	0.5	0	0	0.36
36700	0.36	0.5	0.5	0	0	0.36
36800	0.36	0.5	0.5	0	0	0.36
36900	0.36	0.48	0.48	0	0	0.36
37000	0.36	0.48	0.48	0	0	0.36
37100	0.36	0.48	0.48	0	0	0.36
37200	0.36	0.5	0.5	0	0	0.36
37300	0.36	0.5	0.5	0	0	0.36
37400	0.34	0.5	0.5	0	0	0.34
37500	0.34	0.52	0.52	0	0	0.34
37600	0.34	0.52	0.52	0	0	0.34
37700	0.34	0.52	0.52	0	0	0.34
37800	0.34	0.52	0.52	0	0	0.34
37900	0.32	0.52	0.52	0	0	0.32
38000	0.32	0.52	0.52	0	0	0.32
38100	0.32	0.52	0.52	0	0	0.32
38200	0.3	0.52	0.52	0	0	0.3
38300	0.3	0.52	0.52	0	0	0.3
38400	0.3	0.54	0.54	0	0	0.3
38500	0.32	0.54	0.54	0	0	0.32
38600	0.32	0.52	0.52	0	0	0.32
38700	0.34	0.52	0.52	0	0	0.34
38800	0.36	0.52	0.52	0	0	0.36
38900	0.36	0.52	0.52	0	0	0.36
39000	0.36	0.52	0.52	0	0	0.36
39100	0.36	0.54	0.54	0	0	0.36
39200	0.36	0.54	0.54	0	0	0.36
39300	0.36	0.54	0.54	0	0	0.36
39400	0.32	0.54	0.54	0	0	0.32
39500	0.32	0.54	0.54	0	0	0.32
39600	0.32	0.54	0.54	0	0	0.32
39700	0.32	0.54	0.54	0	0	0.32
39800	0.32	0.54	0.54	0	0	0.32
39900	0.32	0.54	0.54	0	0	0.32
40000	0.32	0.54	0.54	0	0	0.32
40100	0.32	0.54	0.54	0	0	0.32
40200	0.32	0.54	0.54	0	0	0.32
40300	0.32	0.54	0.54	0	0	0.32
40400	0.32	0.54	0.54	0	0	0.32
40500	0.32	0.54	0.54	0	0	0.32
40600	0.32	0.54	0.54	0	0	0.32
40700	0.32	0.54	0.54	0	0	0.32
40800	0.32	0.54	0.54	0	0	0.32
40900	0.32	0.54	0.54	0	0	0.32
41000	0.32	0.54	0.54	0	0	0.32
41100	0.32	0.54	0.54	0	0	0.32
41200	0.32	0.54	0.54	0	0	0.32
41300	0.34	0.54	0.54	0	0	0.34
41400	0.34	0.54	0.54	0	0	0.34
41500	0.34	0.54	0.54	0	0	0.34
41600	0.34	0.54	0.54	0	0	0.34
41700	0.34	0.54	0.54	0	0	0.34
41800	0.34	0.54	0.54	0	0	0.34
41900	0.34	0.54	0.54	0	0	0.34
42000	0.34	0.54	0.54	0	0	0.34
42100	0.34	0.54	0.54	0	0	0.34
42200	0.34	0.54	0.54	0	0	0.34
42300	0.34	0.54	0.54	0	0	0.34
42400	0.34	0.54	0.54	0	0	0.34
42500	0.34	0.54	0.54	0	0	0.34
42600	0.34	0.56	0.56	0	0	0.34
42700	0.34	0.56	0.56	0	0	0.34
42800	0.34	0.56	0.56	0	0	0.34
42900	0.34	0.56	0.56	0	0	0.34
43000	0.34	0.56	0.56	0	0	0.34
43100	0.36	0.58	0.58	0	0	0.36
43200	0.38	0.58	0.58	0	0	0.38
43300	0.38	0.58	0.58	0	0	0.38
43400	0.38	0.58	0.58	0	0	0.38
43500	0.38	0.58	0.58	0	0	0.38
43600	0.38	0.58	0.58	0	0	0.38
43700	0.38	0.58	0.58	0	0	0.38
43800	0.38	0.58	0.58	0	0	0.38
43900	0.38	0.58	0.58	0	0	0.38
44000	0.38	0.58	0.58	0	0	0.38
44100	0.38	0.58	0.58	0	0	0.38
44200	0.38	0.58	0.58	0	0	0.38
44300	0.38	0.58	0.58	0	0	0.38
44400	0.38	0.58	0.58	0	0	0.38
44500	0.38	0.58	0.58	0	0	0.38
44600	0.38	0.58	0.58	0	0	0.38
44700	0.38	0.58	0.58	0	0	0.38
44800	0.38	0.58	0.58	0	0	0.38
44900	0.38	0.58	0.58	0	0	0.38
45000	0.38	0.58	0.58	0	0	0.38
45100	0.38	0.58	0.58	0	0	0.38
45200	0.38	0.58	0.58	0	0	0.38
45300	0.38	0.58	0.58	0	0	0.38
45400	0.38	0.58	0.58	0	0	0.38
45500	0.38	0.58	0.58	0	0	0.38
45600	0.38	0.58	0.58	0	0	0.38
45700	0.38	0.58	0.58	0	0	0.38
45800	0.38	0.58	0.58	0	0	0.38
45900	0.38	0.58	0.58	0	0	0.38
46000	0.36	0.58	0.58	0	0	0.36
46100	0.36	0.58	0.58	0	0	0.36
46200	0.36	0.58	0.58	0	0	0.36
46300	0.36	0.58	0.58	0	0	0.36
46400	0.36	0.58	0.58	0	0	0.36
46500	0.36	0.58	0.58	0	0	0.36
46600	0.36	0.58	0.58	0	0	0.36
46700	0.36	0.56	0.56	0	0	0.36
46800	0.36	0.56	0.56	0	0	0.36
46900	0.36	0.56	0.56	0	0	0.36
47000	0.36	0.56	0.56	0	0	0.36
47100	0.36	0.56	0.56	0	0	0.36
47200	0.36	0.56	0.56	0	0	0.36
47300	0.36	0.56	0.56	0	0	0.36
47400	0.36	0.56	0.56	0	0	0.36
47500	0.36	0.56	0.56	0	0	0.36
47600	0.36	0.56	0.56	0	0	0.36
47700	0.36	0.56	0.56	0	0	0.36
47800	0.36	0.56	0.56	0	0	0.36
47900	0.36	0.56	0.56	0	0	0.36
48000	0.36	0.56	0.56	0	0	0.36
48100	0.36	0.56	0.56	0	0	0.36
48200	0.36	0.56	0.56	0	0	0.36
48300	0.36	0.54	0.54	0	0	0.36
48400	0.36	0.54	0.54	0	0	0.36
48500	0.36	0.54	0.54	0	0	0.36
48600	0.36	0.54	0.54	0	0	0.36
48700	0.36	0.54	0.54	0	0	0.36
48800	0.36	0.54	0.54	0	0	0.36
48900	0.36	0.54	0.54	0	0	0.36
49000	0.36	0.54	0.54	0	0	0.36
49100	0.36	0.54	0.54	0	0	0.36
49200	0.36	0.54	0.54	0	0	0.36
49300	0.36	0.54	0.54	0	0	0.36
49400	0.36	0.54	0.54	0	0	0.36
49500	0.36	0.54	0.54	0	0	0.36
49600	0.36	0.54	0.54	0	0	0.36
49700	0.34	0.54	0.54	0	0	0.34
49800	0.34	0.54	0.54	0	0	0.34
49900	0.34	0.54	0.54	0	0	0.34
50000	0.34	0.54	0.54	0	0	0.34
50100	0.34	0.54	0.54	0	0	0.34
50200	0.34	0.54	0.54	0	0	0.34
50300	0.36	0.54	0.54	0	0	0.36
50400	0.36	0.54	0.54	0	0	0.36
50500	0.36	0.56	0.56	0	0	0.36
50600	0.36	0.56	0.56	0	0	0.36
50700	0.36	0.56	0.56	0	0	0.36
50800	0.36	0.56	0.56	0	0	0.36
50900	0.36	0.56	0.56	0	0	0.36
51000	0.36	0.56	0.56	0	0	0.36
51100	0.36	0.56	0.56	0	0	0.36
51200	0.36	0.56	0.56	0	0	0.36
51300	0.36	0.56	0.56	0	0	0.36
51400	0.36	0.56	0.56	0	0	0.36
51500	0.36	0.56	0.56	0	0	0.36
51600	0.36	0.56	0.56	0	0	0.36
51700	0.36	0.56	0.56	0	0	0.36
51800	0.36	0.56	0.56	0	0	0.36
51900	0.36	0.56	0.56	0	0	0.36
52000	0.36	0.56	0.56	0	0	0.36
52100	0.36	0.56	0.56	0	0	0.36
52200	0.36	0.56	0.56	0	0	0.36
52300	0.36	0.56	0.56	0	0	0.36
52400	0.36	0.56	0.56	0	0	0.36
52500	0.36	0.56	0.56	0	0	0.36
52600	0.36	0.56	0.56	0	0	0.36
52700	0.36	0.56	0.56	0	0	0.36
52800	0.36	0.56	0.56	0	0	0.36
52900	0.36	0.56	0.56	0	0	0.36
53000	0.36	0.56	0.56	0	0	0.36
53100	0.34	0.56	0.56	0	0	0.34
53200	0.34	0.56	0.56	0	0	0.34
53300	0.34	0.56	0.56	0	0	0.34
53400	0.34	0.56	0.56	0	0	0.34
53500	0.34	0.56	0.56	0	0	0.34
53600	0.34	0.54	0.54	0	0	0.34
53700	0.34	0.54	0.54	0	0	0.34
53800	0.34	0.54	0.54	0	0	0.34
53900	0.34	0.54	0.54	0	0	0.34
54000	0.34	0.54	0.54	0	0	0.34
54100	0.34	0.54	0.54	0	0	0.34
54200	0.34	0.54	0.54	0	0	0.34
54300	0.34	0.54	0.54	0	0	0.34
54400	0.36	0.54	0.54	0	0	0.36
54500	0.36	0.54	0.54	0	0	0.36
54600	0.38	0.54	0.54	0	0	0.38
54700	0.38	0.54	0.54	0	0	0.38
54800	0.38	0.54	0.54	0	0	0.38
54900	0.38	0.54	0.54	0	0	0.38
55000	0.38	0.54	0.54	0	0	0.38
55100	0.38	0.56	0.56	0	0	0.38
55200	0.38	0.56	0.56	0	0	0.38
55300	0.38	0.56	0.56	0	0	0.38
55400	0.38	0.56	0.56	0	0	0.38
55500	0.38	0.56	0.56	0	0	0.38
55600	0.38	0.56	0.56	0	0	0.38
55700	0.38	0.56	0.56	0	0	0.38
55800	0.38	0.56	0.56	0	0	0.38
55900	0.38	0.56	0.56	0	0	0.38
56000	0.38	0.56	0.56	0	0	0.38
56100	0.38	0.56	0.56	0	0	0.38
56200	0.4	0.56	0.56	0	0	0.4
56300	0.38	0.56	0.56	0	0	0.38
56400	0.38	0.56	0.56	0	0	0.38
56500	0.36	0.56	0.56	0	0	0.36
56600	0.36	0.56	0.56	0	0	0.36
56700	0.36	0.56	0.56	0	0	0.36
56800	0.36	0.56	0.56	0	0	0.36
56900	0.36	0.58	0.58	0	0	0.36
57000	0.36	0.58	0.58	0	0	0.36
57100	0.36	0.58	0.58	0	0	0.36
57200	0.36	0.58	0.58	0	0	0.36
57300	0.36	0.58	0.58	0	0	0.36
57400	0.36	0.58	0.58	0	0	0.36
57500	0.36	0.6	0.6	0	0	0.36
57600	0.36	0.6	0.6	0	0	0.36
57700	0.36	0.6	0.6	0	0	0.36
57800	0.36	0.58	0.58	0	0	0.36
57900	0.36	0.58	0.58	0	0	0.36
58000	0.36	0.58	0.58	0	0	0.36
58100	0.34	0.58	0.58	0	0	0.34
58200	0.34	0.58	0.58	0	0	0.34
58300	0.34	0.58	0.58	0	0	0.34
58400	0.34	0.58	0.58	0	0	0.34
58500	0.34	0.58	0.58	0	0	0.34
58600	0.34	0.58	0.58	0	0	0.34
58700	0.34	0.58	0.58	0	0	0.34
58800	0.34	0.58	0.58	0	0	0.34
58900	0.34	0.58	0.58	0	0	0.34
59000	0.34	0.58	0.58	0	0	0.34
59100	0.36	0.58	0.58	0	0	0.36
59200	0.36	0.58	0.58	0	0	0.36
59300	0.36	0.58	0.58	0	0	0.36
59400	0.36	0.58	0.58	0	0	0.36
59500	0.36	0.58	0.58	0	0	0.36
59600	0.36	0.58	0.58	0	0	0.36
59700	0.36	0.58	0.58	0	0	0.36
59800	0.36	0.58	0.58	0	0	0.36
59900	0.36	0.58	0.58	0	0	0.36
60000	0.36	0.58	0.58	0	0	0.36
60100	0.36	0.58	0.58	0	0	0.36
60200	0.36	0.58	0.58	0	0	0.36
60300	0.36	0.58	0.58	0	0	0.36
60400	0.36	0.58	0.58	0	0	0.36
60500	0.36	0.58	0.58	0	0	0.36
60600	0.36	0.58	0.58	0	0	0.36
60700	0.36	0.58	0.58	0	0	0.36
60800	0.36	0.58	0.58	0	0	0.36
60900	0.36	0.58	0.58	0	0	0.36
61000	0.36	0.58	0.58	0	0	0.36
61100	0.36	0.58	0.58	0	0	0.36
61200	0.36	0.58	0.58	0	0	0.36
61300	0.36	0.58	0.58	0	0	0.36
61400	0.34	0.58	0.58	0	0	0.34
61500	0.34	0.58	0.58	0	0	0.34
61600	0.34	0.58	0.58	0	0	0.34
61700	0.34	0.58	0.58	0	0	0.34
61800	0.34	0.58	0.58	0	0	0.34
61900	0.34	0.58	0.58	0	0	0.34
62000	0.34	0.58	0.58	0	0	0.34
62100	0.34	0.58	0.58	0	0	0.34
62200	0.34	0.58	0.58	0	0	0.34
62300	0.34	0.58	0.58	0	0	0.34
62400	0.34	0.58	0.58	0	0	0.34
62500	0.34	0.58	0.58	0	0	0.34
62600	0.34	0.58	0.58	0	0	0.34
62700	0.34	0.58	0.58	0	0	0.34
62800	0.34	0.58	0.58	0	0	0.34
62900	0.36	0.58	0.58	0	0	0.36
63000	0.36	0.58	0.58	0	0	0.36
63100	0.36	0.58	0.58	0	0	0.36
63200	0.36	0.58	0.58	0	0	0.36
63300	0.36	0.58	0.58	0	0	0.36
63400	0.36	0.58	0.58	0	0	0.36
63500	0.36	0.58	0.58	0	0	0.36
63600	0.36	0.58	0.58	0	0	0.36
63700	0.36	0.58	0.58	0	0	0.36
63800	0.36	0.58	0.58	0	0	0.36
63900	0.36	0.58	0.58	0	0	0.36
64000	0.36	0.58	0.58	0	0	0.36
64100	0.36	0.58	0.58	0	0	0.36
64200	0.36	0.56	0.56	0	0	0.36
64300	0.36	0.56	0.56	0	0	0.36
64400	0.36	0.56	0.56	0	0	0.36
64500	0.36	0.56	0.56	0	0	0.36
64600	0.38	0.56	0.56	0	0	0.38
64700	0.38	0.56	0.56	0	0	0.38
64800	0.38	0.56	0.56	0	0	0.38
64900	0.38	0.56	0.56	0	0	0.38
65000	0.38	0.56	0.56	0	0	0.38
65100	0.38	0.56	0.56	0	0	0.38
65200	0.38	0.56	0.56	0	0	0.38
65300	0.38	0.58	0.58	0	0	0.38
65400	0.38	0.58	0.58	0	0	0.38
65500	0.38	0.58	0.58	0	0	0.38
65600	0.38	0.58	0.58	0	0	0.38
65700	0.38	0.58	0.58	0	0	0.38
65800	0.38	0.58	0.58	0	0	0.38
65900	0.38	0.58	0.58	0	0	0.38
66000	0.38	0.58	0.58	0	0	0.38
66100	0.38	0.58	0.58	0	0	0.38
66200	0.38	0.58	0.58	0	0	0.38
66300	0.38	0.56	0.56	0	0	0.38
66400	0.38	0.56	0.56	0	0	0.38
66500	0.38	0.54	0.54	0	0	0.38
66600	0.38	0.54	0.54	0	0	0.38
66700	0.38	0.54	0.54	0	0	0.38
66800	0.38	0.54	0.54	0	0	0.38
66900	0.38	0.54	0.54	0	0	0.38
67000	0.38	0.54	0.54	0	0	0.38
67100	0.4	0.54	0.54	0	0	0.4
67200	0.38	0.54	0.54	0	0	0.38
67300	0.38	0.54	0.54	0	0	0.38
67400	0.38	0.54	0.54	0	0	0.38
67500	0.38	0.54	0.54	0	0	0.38
67600	0.38	0.54	0.54	0	0	0.38
67700	0.38	0.54	0.54	0	0	0.38
67800	0.38	0.54	0.54	0	0	0.38
67900	0.38	0.54	0.54	0	0	0.38
68000	0.38	0.54	0.54	0	0	0.38
68100	0.38	0.56	0.56	0	0	0.38
68200	0.38	0.56	0.56	0	0	0.38
68300	0.38	0.56	0.56	0	0	0.38
68400	0.38	0.56	0.56	0	0	0.38
68500	0.38	0.56	0.56	0	0	0.38
68600	0.38	0.56	0.56	0	0	0.38
68700	0.36	0.56	0.56	0	0	0.36
68800	0.36	0.56	0.56	0	0	0.36
68900	0.36	0.56	0.56	0	0	0.36
69000	0.36	0.56	0.56	0	0	0.36
69100	0.36	0.58	0.58	0	0	0.36
69200	0.36	0.58	0.58	0	0	0.36
69300	0.36	0.58	0.58	0	0	0.36
69400	0.36	0.58	0.58	0	0	0.36
69500	0.38	0.58	0.58	0	0	0.38
69600	0.38	0.58	0.58	0	0	0.38
69700	0.38	0.58	0.58	0	0	0.38
69800	0.4	0.58	0.58	0	0	0.4
69900	0.4	0.58	0.58	0	0	0.4
70000	0.4	0.58	0.58	0	0	0.4
70100	0.4	0.58	0.58	0	0	0.4
70200	0.4	0.58	0.58	0	0	0.4
70300	0.4	0.58	0.58	0	0	0.4
70400	0.4	0.58	0.58	0	0	0.4
70500	0.4	0.58	0.58	0	0	0.4
70600	0.4	0.58	0.58	0	0	0.4
70700	0.4	0.58	0.58	0	0	0.4
70800	0.4	0.58	0.58	0	0	0.4
70900	0.4	0.58	0.58	0	0	0.4
71000	0.4	0.58	0.58	0	0	0.4
71100	0.4	0.58	0.58	0	0	0.4
71200	0.4	0.58	0.58	0	0	0.4
71300	0.4	0.58	0.58	0	0	0.4
71400	0.4	0.58	0.58	0	0	0.4
71500	0.4	0.58	0.58	0	0	0.4
71600	0.4	0.58	0.58	0	0	0.4
71700	0.4	0.58	0.58	0	0	0.4
71800	0.4	0.58	0.58	0	0	0.4
71900	0.4	0.58	0.58	0	0	0.4
72000	0.4	0.58	0.58	0	0	0.4
72100	0.4	0.58	0.58	0	0	0.4
72200	0.4	0.58	0.58	0	0	0.4
72300	0.4	0.58	0.58	0	0	0.4
72400	0.4	0.58	0.58	0	0	0.4
72500	0.4	0.58	0.58	0	0	0.4
72600	0.4	0.58	0.58	0	0	0.4
72700	0.4	0.58	0.58	0	0	0.4
72800	0.4	0.58	0.58	0	0	0.4
72900	0.4	0.58	0.58	0	0	0.4
73000	0.4	0.58	0.58	0	0	0.4
73100	0.4	0.58	0.58	0	0	0.4
73200	0.4	0.58	0.58	0	0	0.4
73300	0.4	0.58	0.58	0	0	0.4
73400	0.4	0.58	0.58	0	0	0.4
73500	0.4	0.58	0.58	0	0	0.4
73600	0.4	0.58	0.58	0	0	0.4
73700	0.4	0.58	0.58	0	0	0.4
73800	0.4	0.58	0.58	0	0	0.4
73900	0.4	0.58	0.58	0	0	0.4
74000	0.4	0.58	0.58	0	0	0.4
74100	0.4	0.58	0.58	0	0	0.4
74200	0.4	0.58	0.58	0	0	0.4
74300	0.4	0.58	0.58	0	0	0.4
74400	0.4	0.58	0.58	0	0	0.4
74500	0.4	0.58	0.58	0	0	0.4
74600	0.4	0.58	0.58	0	0	0.4
74700	0.4	0.58	0.58	0	0	0.4
74800	0.4	0.58	0.58	0	0	0.4
74900	0.4	0.58	0.58	0	0	0.4
75000	0.4	0.58	0.58	0	0	0.4
75100	0.4	0.58	0.58	0	0	0.4
75200	0.4	0.58	0.58	0	0	0.4
75300	0.4	0.58	0.58	0	0	0.4
75400	0.4	0.58	0.58	0	0	0.4
75500	0.4	0.58	0.58	0	0	0.4
75600	0.4	0.58	0.58	0	0	0.4
75700	0.4	0.58	0.58	0	0	0.4
75800	0.4	0.58	0.58	0	0	0.4
75900	0.4	0.58	0.58	0	0	0.4
76000	0.4	0.58	0.58	0	0	0.4
76100	0.4	0.58	0.58	0	0	0.4
76200	0.4	0.58	0.58	0	0	0.4
76300	0.4	0.58	0.58	0	0	0.4
76400	0.4	0.58	0.58	0	0	0.4
76500	0.4	0.58	0.58	0	0	0.4
76600	0.4	0.58	0.58	0	0	0.4
76700	0.4	0.58	0.58	0	0	0.4
76800	0.4	0.58	0.58	0	0	0.4
76900	0.4	0.58	0.58	0	0	0.4
77000	0.4	0.58	0.58	0	0	0.4
77100	0.4	0.58	0.58	0	0	0.4
77200	0.4	0.58	0.58	0	0	0.4
77300	0.4	0.58	0.58	0	0	0.4
77400	0.4	0.58	0.58	0	0	0.4
77500	0.38	0.58	0.58	0	0	0.38
77600	0.38	0.58	0.58	0	0	0.38
77700	0.38	0.58	0.58	0	0	0.38
77800	0.38	0.58	0.58	0	0	0.38
77900	0.38	0.58	0.58	0	0	0.38
78000	0.38	0.58	0.58	0	0	0.38
78100	0.38	0.58	0.58	0	0	0.38
78200	0.38	0.58	0.58	0	0	0.38
78300	0.38	0.58	0.58	0	0	0.38
78400	0.38	0.58	0.58	0	0	0.38
78500	0.38	0.58	0.58	0	0	0.38
78600	0.4	0.58	0.58	0	0	0.4
78700	0.4	0.58	0.58	0	0	0.4
78800	0.4	0.58	0.58	0	0	0.4
78900	0.4	0.58	0.58	0	0	0.4
79000	0.4	0.58	0.58	0	0	0.4
79100	0.4	0.58	0.58	0	0	0.4
79200	0.38	0.58	0.58	0	0	0.38
79300	0.38	0.58	0.58	0	0	0.38
79400	0.38	0.58	0.58	0	0	0.38
79500	0.38	0.58	0.58	0	0	0.38
79600	0.38	0.58	0.58	0	0	0.38
79700	0.38	0.58	0.58	0	0	0.38
79800	0.38	0.58	0.58	0	0	0.38
79900	0.38	0.58	0.58	0	0	0.38
80000	0.38	0.58	0.58	0	0	0.38
80100	0.38	0.58	0.58	0	0	0.38
80200	0.38	0.58	0.58	0	0	0.38
80300	0.38	0.58	0.58	0	0	0.38
80400	0.38	0.58	0.58	0	0	0.38
80500	0.38	0.56	0.56	0	0	0.38
80600	0.38	0.56	0.56	0	0	0.38
80700	0.38	0.56	0.56	0	0	0.38
80800	0.38	0.56	0.56	0	0	0.38
80900	0.36	0.56	0.56	0	0	0.36
81000	0.36	0.56	0.56	0	0	0.36
81100	0.36	0.56	0.56	0	0	0.36
81200	0.36	0.56	0.56	0	0	0.36
81300	0.36	0.56	0.56	0	0	0.36
81400	0.36	0.56	0.56	0	0	0.36
81500	0.36	0.56	0.56	0	0	0.36
81600	0.36	0.56	0.56	0	0	0.36
81700	0.36	0.58	0.58	0	0	0.36
81800	0.36	0.58	0.58	0	0	0.36
81900	0.36	0.58	0.58	0	0	0.36
82000	0.36	0.58	0.58	0	0	0.36
82100	0.36	0.58	0.58	0	0	0.36
82200	0.36	0.58	0.58	0	0	0.36
82300	0.36	0.58	0.58	0	0	0.36
82400	0.36	0.58	0.58	0	0	0.36
82500	0.36	0.58	0.58	0	0	0.36
82600	0.36	0.58	0.58	0	0	0.36
82700	0.36	0.58	0.58	0	0	0.36
82800	0.36	0.58	0.58	0	0	0.36
82900	0.36	0.58	0.58	0	0	0.36
83000	0.36	0.58	0.58	0	0	0.36
83100	0.36	0.58	0.58	0	0	0.36
83200	0.36	0.6	0.6	0	0	0.36
83300	0.36	0.6	0.6	0	0	0.36
83400	0.36	0.6	0.6	0	0	0.36
83500	0.36	0.6	0.6	0	0	0.36
83600	0.36	0.6	0.6	0	0	0.36
83700	0.36	0.6	0.6	0	0	0.36
83800	0.36	0.6	0.6	0	0	0.36
83900	0.36	0.6	0.6	0	0	0.36
84000	0.36	0.6	0.6	0	0	0.36
84100	0.36	0.6	0.6	0	0	0.36
84200	0.36	0.6	0.6	0	0	0.36
84300	0.36	0.58	0.58	0	0	0.36
84400	0.34	0.58	0.58	0	0	0.34
84500	0.32	0.58	0.58	0	0	0.32
84600	0.32	0.58	0.58	0	0	0.32
84700	0.32	0.58	0.58	0	0	0.32
84800	0.32	0.58	0.58	0	0	0.32
84900	0.34	0.58	0.58	0	0	0.34
85000	0.34	0.58	0.58	0	0	0.34
85100	0.34	0.58	0.58	0	0	0.34
85200	0.34	0.58	0.58	0	0	0.34
85300	0.34	0.58	0.58	0	0	0.34
85400	0.34	0.58	0.58	0	0	0.34
85500	0.34	0.58	0.58	0	0	0.34
85600	0.34	0.58	0.58	0	0	0.34
85700	0.34	0.58	0.58	0	0	0.34
85800	0.34	0.58	0.58	0	0	0.34
85900	0.36	0.58	0.58	0	0	0.36
86000	0.36	0.58	0.58	0	0	0.36
86100	0.36	0.58	0.58	0	0	0.36
86200	0.36	0.58	0.58	0	0	0.36
86300	0.36	0.58	0.58	0	0	0.36
86400	0.36	0.58	0.58	0	0	0.36
86500	0.36	0.58	0.58	0	0	0.36
86600	0.36	0.58	0.58	0	0	0.36
86700	0.36	0.6	0.6	0	0	0.36
86800	0.36	0.6	0.6	0	0	0.36
86900	0.36	0.6	0.6	0	0	0.36
87000	0.36	0.6	0.6	0	0	0.36
87100	0.36	0.6	0.6	0	0	0.36
87200	0.36	0.6	0.6	0	0	0.36
87300	0.36	0.6	0.6	0	0	0.36
87400	0.36	0.6	0.6	0	0	0.36
87500	0.36	0.6	0.6	0	0	0.36
87600	0.36	0.6	0.6	0	0	0.36
87700	0.36	0.6	0.6	0	0	0.36
87800	0.36	0.6	0.6	0	0	0.36
87900	0.36	0.6	0.6	0	0	0.36
88000	0.36	0.6	0.6	0	0	0.36
88100	0.36	0.6	0.6	0	0	0.36
88200	0.36	0.6	0.6	0	0	0.36
88300	0.36	0.6	0.6	0	0	0.36
88400	0.36	0.6	0.6	0	0	0.36
88500	0.36	0.6	0.6	0	0	0.36
88600	0.36	0.6	0.6	0	0	0.36
88700	0.36	0.6	0.6	0	0	0.36
88800	0.36	0.6	0.6	0	0	0.36
88900	0.36	0.6	0.6	0	0	0.36
89000	0.36	0.6	0.6	0	0	0.36
89100	0.36	0.58	0.58	0	0	0.36
89200	0.36	0.58	0.58	0	0	0.36
89300	0.36	0.58	0.58	0	0	0.36
89400	0.34	0.58	0.58	0	0	0.34
89500	0.34	0.58	0.58	0	0	0.34
89600	0.34	0.58	0.58	0	0	0.34
89700	0.34	0.6	0.6	0	0	0.34
89800	0.34	0.6	0.6	0	0	0.34
89900	0.34	0.6	0.6	0	0	0.34
90000	0.34	0.6	0.6	0	0	0.34
90100	0.34	0.6	0.6	0	0	0.34
90200	0.34	0.6	0.6	0	0	0.34
90300	0.34	0.6	0.6	0	0	0.34
90400	0.34	0.6	0.6	0	0	0.34
90500	0.34	0.6	0.6	0	0	0.34
90600	0.34	0.6	0.6	0	0	0.34
90700	0.34	0.6	0.6	0	0	0.34
90800	0.34	0.6	0.6	0	0	0.34
90900	0.34	0.6	0.6	0	0	0.34
91000	0.34	0.6	0.6	0	0	0.34
91100	0.34	0.6	0.6	0	0	0.34
91200	0.34	0.6	0.6	0	0	0.34
91300	0.34	0.6	0.6	0	0	0.34
91400	0.34	0.6	0.6	0	0	0.34
91500	0.34	0.6	0.6	0	0	0.34
91600	0.34	0.6	0.6	0	0	0.34
91700	0.34	0.6	0.6	0	0	0.34
91800	0.34	0.6	0.6	0	0	0.34
91900	0.34	0.6	0.6	0	0	0.34
92000	0.34	0.6	0.6	0	0	0.34
92100	0.34	0.6	0.6	0	0	0.34
92200	0.34	0.6	0.6	0	0	0.34
92300	0.34	0.6	0.6	0	0	0.34
92400	0.34	0.6	0.6	0	0	0.34
92500	0.34	0.6	0.6	0	0	0.34
92600	0.34	0.6	0.6	0	0	0.34
92700	0.34	0.62	0.62	0	0	0.34
92800	0.34	0.62	0.62	0	0	0.34
92900	0.34	0.6	0.6	0	0	0.34
93000	0.34	0.6	0.6	0	0	0.34
93100	0.34	0.6	0.6	0	0	0.34
93200	0.34	0.6	0.6	0	0	0.34
93300	0.34	0.6	0.6	0	0	0.34
93400	0.34	0.6	0.6	0	0	0.34
93500	0.34	0.6	0.6	0	0	0.34
93600	0.34	0.6	0.6	0	0	0.34
93700	0.34	0.6	0.6	0	0	0.34
93800	0.34	0.6	0.6	0	0	0.34
93900	0.34	0.6	0.6	0	0	0.34
94000	0.34	0.6	0.6	0	0	0.34
94100	0.34	0.6	0.6	0	0	0.34
94200	0.34	0.6	0.6	0	0	0.34
94300	0.34	0.6	0.6	0	0	0.34
94400	0.34	0.6	0.6	0	0	0.34
94500	0.34	0.6	0.6	0	0	0.34
94600	0.34	0.6	0.6	0	0	0.34
94700	0.34	0.6	0.6	0	0	0.34
94800	0.34	0.6	0.6	0	0	0.34
94900	0.34	0.6	0.6	0	0	0.34
95000	0.34	0.6	0.6	0	0	0.34
95100	0.34	0.6	0.6	0	0	0.34
95200	0.34	0.6	0.6	0	0	0.34
95300	0.34	0.6	0.6	0	0	0.34
95400	0.34	0.6	0.6	0	0	0.34
95500	0.34	0.6	0.6	0	0	0.34
95600	0.34	0.6	0.6	0	0	0.34
95700	0.34	0.6	0.6	0	0	0.34
95800	0.34	0.6	0.6	0	0	0.34
95900	0.34	0.6	0.6	0	0	0.34
96000	0.34	0.6	0.6	0	0	0.34
96100	0.34	0.6	0.6	0	0	0.34
96200	0.34	0.6	0.6	0	0	0.34
96300	0.34	0.6	0.6	0	0	0.34
96400	0.34	0.6	0.6	0	0	0.34
96500	0.34	0.6	0.6	0	0	0.34
96600	0.34	0.6	0.6	0	0	0.34
96700	0.34	0.6	0.6	0	0	0.34
96800	0.34	0.6	0.6	0	0	0.34
96900	0.34	0.6	0.6	0	0	0.34
97000	0.34	0.6	0.6	0	0	0.34
97100	0.34	0.6	0.6	0	0	0.34
97200	0.34	0.6	0.6	0	0	0.34
97300	0.34	0.6	0.6	0	0	0.34
97400	0.34	0.6	0.6	0	0	0.34
97500	0.34	0.6	0.6	0	0	0.34
97600	0.34	0.6	0.6	0	0	0.34
97700	0.34	0.6	0.6	0	0	0.34
97800	0.36	0.6	0.6	0	0	0.36
97900	0.36	0.6	0.6	0	0	0.36
98000	0.34	0.6	0.6	0	0	0.34
98100	0.36	0.6	0.6	0	0	0.36
98200	0.36	0.6	0.6	0	0	0.36
98300	0.36	0.6	0.6	0	0	0.36
98400	0.36	0.6	0.6	0	0	0.36
98500	0.36	0.6	0.6	0	0	0.36
98600	0.36	0.6	0.6	0	0	0.36
98700	0.36	0.6	0.6	0	0	0.36
98800	0.36	0.6	0.6	0	0	0.36
98900	0.36	0.6	0.6	0	0	0.36
99000	0.36	0.6	0.6	0	0	0.36
99100	0.36	0.6	0.6	0	0	0.36
99200	0.36	0.6	0.6	0	0	0.36
99300	0.36	0.6	0.6	0	0	0.36
99400	0.36	0.6	0.6	0	0	0.36
99500	0.38	0.6	0.6	0	0	0.38
99600	0.38	0.6	0.6	0	0	0.38
99700	0.38	0.6	0.6	0	0	0.38
99800	0.36	0.6	0.6	0	0	0.36
99900	0.36	0.6	0.6	0	0	0.36
100000	0.36	0.6	0.6	0	0	0.36
