100	0.12	0.14	0.14	0	0	0.12
200	0.16	0.18	0.18	0	0	0.16
300	0.14	0.24	0.24	0	0	0.14
400	0.16	0.24	0.24	0	0	0.16
500	0.16	0.26	0.26	0	0	0.16
600	0.16	0.26	0.26	0	0	0.16
700	0.18	0.26	0.26	0	0	0.18
800	0.18	0.26	0.26	0	0	0.18
900	0.18	0.28	0.28	0	0	0.18
1000	0.18	0.3	0.3	0	0	0.18
1100	0.18	0.3	0.3	0	0	0.18
1200	0.2	0.32	0.32	0	0	0.2
1300	0.2	0.34	0.34	0	0	0.2
1400	0.22	0.34	0.34	0	0	0.22
1500	0.2	0.34	0.34	0	0	0.2
1600	0.2	0.36	0.36	0	0	0.2
1700	0.2	0.36	0.36	0	0	0.2
1800	0.2	0.36	0.36	0	0	0.2
1900	0.2	0.36	0.36	0	0	0.2
2000	0.2	0.36	0.36	0	0	0.2
2100	0.2	0.34	0.34	0	0	0.2
2200	0.2	0.34	0.34	0	0	0.2
2300	0.22	0.36	0.36	0	0	0.22
2400	0.24	0.38	0.38	0	0	0.24
2500	0.26	0.38	0.38	0	0	0.26
2600	0.24	0.4	0.4	0	0	0.24
2700	0.26	0.38	0.38	0	0	0.26
2800	0.28	0.38	0.38	0	0	0.28
2900	0.28	0.38	0.38	0	0	0.28
3000	0.3	0.38	0.38	0	0	0.3
3100	0.3	0.38	0.38	0	0	0.3
3200	0.3	0.38	0.38	0	0	0.3
3300	0.3	0.4	0.4	0	0	0.3
3400	0.3	0.38	0.38	0	0	0.3
3500	0.3	0.42	0.42	0	0	0.3
3600	0.3	0.42	0.42	0	0	0.3
3700	0.3	0.42	0.42	0	0	0.3
3800	0.3	0.42	0.42	0	0	0.3
3900	0.3	0.42	0.42	0	0	0.3
4000	0.3	0.42	0.42	0	0	0.3
4100	0.32	0.42	0.42	0	0	0.32
4200	0.32	0.42	0.42	0	0	0.32
4300	0.3	0.42	0.42	0	0	0.3
4400	0.32	0.42	0.42	0	0	0.32
4500	0.32	0.44	0.44	0	0	0.32
4600	0.32	0.44	0.44	0	0	0.32
4700	0.32	0.44	0.44	0	0	0.32
4800	0.34	0.42	0.42	0	0	0.34
4900	0.34	0.42	0.42	0	0	0.34
5000	0.34	0.42	0.42	0	0	0.34
5100	0.34	0.42	0.42	0	0	0.34
5200	0.34	0.42	0.42	0	0	0.34
5300	0.34	0.44	0.44	0	0	0.34
5400	0.34	0.44	0.44	0	0	0.34
5500	0.34	0.44	0.44	0	0	0.34
5600	0.34	0.44	0.44	0	0	0.34
5700	0.36	0.44	0.44	0	0	0.36
5800	0.36	0.44	0.44	0	0	0.36
5900	0.36	0.44	0.44	0	0	0.36
6000	0.36	0.44	0.44	0	0	0.36
6100	0.36	0.44	0.44	0	0	0.36
6200	0.38	0.44	0.44	0	0	0.38
6300	0.38	0.42	0.42	0	0	0.38
6400	0.38	0.42	0.42	0	0	0.38
6500	0.38	0.42	0.42	0	0	0.38
6600	0.38	0.42	0.42	0	0	0.38
6700	0.38	0.4	0.4	0	0	0.38
6800	0.38	0.4	0.4	0	0	0.38
6900	0.36	0.4	0.4	0	0	0.36
7000	0.36	0.38	0.38	0	0	0.36
7100	0.36	0.38	0.38	0	0	0.36
7200	0.36	0.38	0.38	0	0	0.36
7300	0.38	0.38	0.38	0	0	0.38
7400	0.38	0.38	0.38	0	0	0.38
7500	0.4	0.38	0.38	0	0	0.4
7600	0.38	0.38	0.38	0	0	0.38
7700	0.38	0.38	0.38	0	0	0.38
7800	0.38	0.4	0.4	0	0	0.38
7900	0.38	0.38	0.38	0	0	0.38
8000	0.38	0.38	0.38	0	0	0.38
8100	0.38	0.4	0.4	0	0	0.38
8200	0.38	0.38	0.38	0	0	0.38
8300	0.38	0.4	0.4	0	0	0.38
8400	0.38	0.38	0.38	0	0	0.38
8500	0.38	0.38	0.38	0	0	0.38
8600	0.38	0.38	0.38	0	0	0.38
8700	0.38	0.38	0.38	0	0	0.38
8800	0.38	0.38	0.38	0	0	0.38
8900	0.38	0.38	0.38	0	0	0.38
9000	0.38	0.38	0.38	0	0	0.38
9100	0.38	0.4	0.4	0	0	0.38
9200	0.38	0.4	0.4	0	0	0.38
9300	0.38	0.42	0.42	0	0	0.38
9400	0.38	0.42	0.42	0	0	0.38
9500	0.38	0.4	0.4	0	0	0.38
9600	0.38	0.4	0.4	0	0	0.38
9700	0.38	0.4	0.4	0	0	0.38
9800	0.38	0.42	0.42	0	0	0.38
9900	0.38	0.44	0.44	0	0	0.38
10000	0.38	0.44	0.44	0	0	0.38
10100	0.38	0.44	0.44	0	0	0.38
10200	0.4	0.44	0.44	0	0	0.4
10300	0.4	0.44	0.44	0	0	0.4
10400	0.4	0.44	0.44	0	0	0.4
10500	0.4	0.44	0.44	0	0	0.4
10600	0.4	0.44	0.44	0	0	0.4
10700	0.4	0.44	0.44	0	0	0.4
10800	0.4	0.44	0.44	0	0	0.4
10900	0.42	0.44	0.44	0	0	0.42
11000	0.42	0.44	0.44	0	0	0.42
11100	0.42	0.44	0.44	0	0	0.42
11200	0.42	0.44	0.44	0	0	0.42
11300	0.42	0.44	0.44	0	0	0.42
11400	0.42	0.44	0.44	0	0	0.42
11500	0.4	0.44	0.44	0	0	0.4
11600	0.4	0.44	0.44	0	0	0.4
11700	0.4	0.46	0.46	0	0	0.4
11800	0.4	0.46	0.46	0	0	0.4
11900	0.4	0.46	0.46	0	0	0.4
12000	0.4	0.46	0.46	0	0	0.4
12100	0.4	0.46	0.46	0	0	0.4
12200	0.4	0.46	0.46	0	0	0.4
12300	0.4	0.46	0.46	0	0	0.4
12400	0.4	0.46	0.46	0	0	0.4
12500	0.4	0.46	0.46	0	0	0.4
12600	0.4	0.46	0.46	0	0	0.4
12700	0.4	0.46	0.46	0	0	0.4
12800	0.4	0.46	0.46	0	0	0.4
12900	0.4	0.46	0.46	0	0	0.4
13000	0.4	0.46	0.46	0	0	0.4
13100	0.4	0.46	0.46	0	0	0.4
13200	0.4	0.46	0.46	0	0	0.4
13300	0.4	0.46	0.46	0	0	0.4
13400	0.4	0.46	0.46	0	0	0.4
13500	0.4	0.44	0.44	0	0	0.4
13600	0.4	0.46	0.46	0	0	0.4
13700	0.4	0.46	0.46	0	0	0.4
13800	0.4	0.46	0.46	0	0	0.4
13900	0.4	0.46	0.46	0	0	0.4
14000	0.4	0.46	0.46	0	0	0.4
14100	0.4	0.48	0.48	0	0	0.4
14200	0.4	0.48	0.48	0	0	0.4
14300	0.42	0.48	0.48	0	0	0.42
14400	0.42	0.48	0.48	0	0	0.42
14500	0.42	0.48	0.48	0	0	0.42
14600	0.42	0.48	0.48	0	0	0.42
14700	0.4	0.48	0.48	0	0	0.4
14800	0.4	0.48	0.48	0	0	0.4
14900	0.4	0.48	0.48	0	0	0.4
15000	0.4	0.48	0.48	0	0	0.4
15100	0.4	0.48	0.48	0	0	0.4
15200	0.4	0.48	0.48	0	0	0.4
15300	0.4	0.48	0.48	0	0	0.4
15400	0.4	0.48	0.48	0	0	0.4
15500	0.4	0.5	0.5	0	0	0.4
15600	0.4	0.5	0.5	0	0	0.4
15700	0.4	0.5	0.5	0	0	0.4
15800	0.4	0.5	0.5	0	0	0.4
15900	0.4	0.5	0.5	0	0	0.4
16000	0.4	0.48	0.48	0	0	0.4
16100	0.4	0.48	0.48	0	0	0.4
16200	0.4	0.48	0.48	0	0	0.4
16300	0.4	0.48	0.48	0	0	0.4
16400	0.4	0.48	0.48	0	0	0.4
16500	0.42	0.48	0.48	0	0	0.42
16600	0.4	0.48	0.48	0	0	0.4
16700	0.4	0.48	0.48	0	0	0.4
16800	0.4	0.46	0.46	0	0	0.4
16900	0.4	0.44	0.44	0	0	0.4
17000	0.4	0.44	0.44	0	0	0.4
17100	0.4	0.44	0.44	0	0	0.4
17200	0.42	0.44	0.44	0	0	0.42
17300	0.42	0.44	0.44	0	0	0.42
17400	0.4	0.44	0.44	0	0	0.4
17500	0.4	0.44	0.44	0	0	0.4
17600	0.4	0.44	0.44	0	0	0.4
17700	0.4	0.44	0.44	0	0	0.4
17800	0.4	0.44	0.44	0	0	0.4
17900	0.4	0.42	0.42	0	0	0.4
18000	0.4	0.42	0.42	0	0	0.4
18100	0.4	0.42	0.42	0	0	0.4
18200	0.4	0.42	0.42	0	0	0.4
18300	0.38	0.42	0.42	0	0	0.38
18400	0.38	0.42	0.42	0	0	0.38
18500	0.38	0.42	0.42	0	0	0.38
18600	0.38	0.42	0.42	0	0	0.38
18700	0.38	0.42	0.42	0	0	0.38
18800	0.38	0.42	0.42	0	0	0.38
18900	0.38	0.42	0.42	0	0	0.38
19000	0.38	0.42	0.42	0	0	0.38
19100	0.38	0.42	0.42	0	0	0.38
19200	0.38	0.42	0.42	0	0	0.38
19300	0.38	0.42	0.42	0	0	0.38
19400	0.4	0.42	0.42	0	0	0.4
19500	0.4	0.44	0.44	0	0	0.4
19600	0.4	0.42	0.42	0	0	0.4
19700	0.4	0.42	0.42	0	0	0.4
19800	0.42	0.42	0.42	0	0	0.42
19900	0.42	0.42	0.42	0	0	0.42
20000	0.42	0.42	0.42	0	0	0.42
20100	0.42	0.42	0.42	0	0	0.42
20200	0.42	0.42	0.42	0	0	0.42
20300	0.42	0.42	0.42	0	0	0.42
20400	0.42	0.42	0.42	0	0	0.42
20500	0.42	0.42	0.42	0	0	0.42
20600	0.42	0.4	0.4	0	0	0.42
20700	0.42	0.4	0.4	0	0	0.42
20800	0.42	0.4	0.4	0	0	0.42
20900	0.42	0.4	0.4	0	0	0.42
21000	0.42	0.4	0.4	0	0	0.42
21100	0.42	0.4	0.4	0	0	0.42
21200	0.42	0.38	0.38	0	0	0.42
21300	0.44	0.38	0.38	0	0	0.44
21400	0.44	0.38	0.38	0	0	0.44
21500	0.44	0.38	0.38	0	0	0.44
21600	0.44	0.4	0.4	0	0	0.44
21700	0.44	0.42	0.42	0	0	0.44
21800	0.42	0.42	0.42	0	0	0.42
21900	0.42	0.42	0.42	0	0	0.42
22000	0.42	0.42	0.42	0	0	0.42
22100	0.42	0.42	0.42	0	0	0.42
22200	0.42	0.42	0.42	0	0	0.42
22300	0.42	0.42	0.42	0	0	0.42
22400	0.42	0.42	0.42	0	0	0.42
22500	0.4	0.42	0.42	0	0	0.4
22600	0.42	0.42	0.42	0	0	0.42
22700	0.42	0.42	0.42	0	0	0.42
22800	0.42	0.42	0.42	0	0	0.42
22900	0.42	0.42	0.42	0	0	0.42
23000	0.42	0.42	0.42	0	0	0.42
23100	0.46	0.42	0.42	0	0	0.46
23200	0.44	0.42	0.42	0	0	0.44
23300	0.44	0.42	0.42	0	0	0.44
23400	0.44	0.44	0.44	0	0	0.44
23500	0.44	0.44	0.44	0	0	0.44
23600	0.44	0.44	0.44	0	0	0.44
23700	0.46	0.44	0.44	0	0	0.46
23800	0.46	0.46	0.46	0	0	0.46
23900	0.46	0.46	0.46	0	0	0.46
24000	0.46	0.46	0.46	0	0	0.46
24100	0.46	0.46	0.46	0	0	0.46
24200	0.46	0.46	0.46	0	0	0.46
24300	0.46	0.46	0.46	0	0	0.46
24400	0.46	0.46	0.46	0	0	0.46
24500	0.46	0.46	0.46	0	0	0.46
24600	0.46	0.46	0.46	0	0	0.46
24700	0.46	0.46	0.46	0	0	0.46
24800	0.46	0.46	0.46	0	0	0.46
24900	0.46	0.46	0.46	0	0	0.46
25000	0.46	0.46	0.46	0	0	0.46
25100	0.46	0.46	0.46	0	0	0.46
25200	0.46	0.46	0.46	0	0	0.46
25300	0.46	0.46	0.46	0	0	0.46
25400	0.46	0.48	0.48	0	0	0.46
25500	0.48	0.48	0.48	0	0	0.48
25600	0.48	0.48	0.48	0	0	0.48
25700	0.48	0.48	0.48	0	0	0.48
25800	0.48	0.48	0.48	0	0	0.48
25900	0.48	0.48	0.48	0	0	0.48
26000	0.48	0.48	0.48	0	0	0.48
26100	0.48	0.48	0.48	0	0	0.48
26200	0.48	0.48	0.48	0	0	0.48
26300	0.48	0.5	0.5	0	0	0.48
26400	0.48	0.5	0.5	0	0	0.48
26500	0.48	0.5	0.5	0	0	0.48
26600	0.48	0.5	0.5	0	0	0.48
26700	0.48	0.5	0.5	0	0	0.48
26800	0.48	0.5	0.5	0	0	0.48
26900	0.48	0.5	0.5	0	0	0.48
27000	0.46	0.5	0.5	0	0	0.46
27100	0.46	0.5	0.5	0	0	0.46
27200	0.46	0.5	0.5	0	0	0.46
27300	0.46	0.5	0.5	0	0	0.46
27400	0.48	0.5	0.5	0	0	0.48
27500	0.48	0.5	0.5	0	0	0.48
27600	0.48	0.5	0.5	0	0	0.48
27700	0.48	0.5	0.5	0	0	0.48
27800	0.48	0.5	0.5	0	0	0.48
27900	0.48	0.5	0.5	0	0	0.48
28000	0.48	0.5	0.5	0	0	0.48
28100	0.48	0.5	0.5	0	0	0.48
28200	0.48	0.5	0.5	0	0	0.48
28300	0.48	0.5	0.5	0	0	0.48
28400	0.48	0.5	0.5	0	0	0.48
28500	0.48	0.48	0.48	0	0	0.48
28600	0.48	0.48	0.48	0	0	0.48
28700	0.48	0.48	0.48	0	0	0.48
28800	0.48	0.48	0.48	0	0	0.48
28900	0.48	0.48	0.48	0	0	0.48
29000	0.48	0.48	0.48	0	0	0.48
29100	0.48	0.48	0.48	0	0	0.48
29200	0.48	0.5	0.5	0	0	0.48
29300	0.48	0.5	0.5	0	0	0.48
29400	0.48	0.5	0.5	0	0	0.48
29500	0.48	0.5	0.5	0	0	0.48
29600	0.48	0.5	0.5	0	0	0.48
29700	0.48	0.5	0.5	0	0	0.48
29800	0.48	0.5	0.5	0	0	0.48
29900	0.48	0.5	0.5	0	0	0.48
30000	0.48	0.5	0.5	0	0	0.48
30100	0.48	0.5	0.5	0	0	0.48
30200	0.48	0.5	0.5	0	0	0.48
30300	0.48	0.5	0.5	0	0	0.48
30400	0.48	0.5	0.5	0	0	0.48
30500	0.48	0.5	0.5	0	0	0.48
30600	0.48	0.5	0.5	0	0	0.48
30700	0.48	0.5	0.5	0	0	0.48
30800	0.48	0.5	0.5	0	0	0.48
30900	0.48	0.48	0.48	0	0	0.48
31000	0.48	0.5	0.5	0	0	0.48
31100	0.48	0.5	0.5	0	0	0.48
31200	0.48	0.5	0.5	0	0	0.48
31300	0.48	0.5	0.5	0	0	0.48
31400	0.48	0.5	0.5	0	0	0.48
31500	0.48	0.5	0.5	0	0	0.48
31600	0.48	0.5	0.5	0	0	0.48
31700	0.48	0.5	0.5	0	0	0.48
31800	0.48	0.5	0.5	0	0	0.48
31900	0.48	0.5	0.5	0	0	0.48
32000	0.46	0.5	0.5	0	0	0.46
32100	0.46	0.5	0.5	0	0	0.46
32200	0.46	0.5	0.5	0	0	0.46
32300	0.46	0.5	0.5	0	0	0.46
32400	0.46	0.5	0.5	0	0	0.46
32500	0.46	0.5	0.5	0	0	0.46
32600	0.44	0.5	0.5	0	0	0.44
32700	0.44	0.5	0.5	0	0	0.44
32800	0.44	0.5	0.5	0	0	0.44
32900	0.44	0.5	0.5	0	0	0.44
33000	0.44	0.5	0.5	0	0	0.44
33100	0.44	0.5	0.5	0	0	0.44
33200	0.44	0.5	0.5	0	0	0.44
33300	0.44	0.5	0.5	0	0	0.44
33400	0.44	0.5	0.5	0	0	0.44
33500	0.44	0.5	0.5	0	0	0.44
33600	0.44	0.5	0.5	0	0	0.44
33700	0.44	0.5	0.5	0	0	0.44
33800	0.44	0.5	0.5	0	0	0.44
33900	0.44	0.5	0.5	0	0	0.44
34000	0.44	0.5	0.5	0	0	0.44
34100	0.44	0.5	0.5	0	0	0.44
34200	0.44	0.5	0.5	0	0	0.44
34300	0.44	0.5	0.5	0	0	0.44
34400	0.44	0.5	0.5	0	0	0.44
34500	0.44	0.5	0.5	0	0	0.44
34600	0.44	0.5	0.5	0	0	0.44
34700	0.44	0.5	0.5	0	0	0.44
34800	0.44	0.5	0.5	0	0	0.44
34900	0.42	0.5	0.5	0	0	0.42
35000	0.42	0.5	0.5	0	0	0.42
35100	0.42	0.5	0.5	0	0	0.42
35200	0.42	0.5	0.5	0	0	0.42
35300	0.42	0.5	0.5	0	0	0.42
35400	0.42	0.5	0.5	0	0	0.42
35500	0.42	0.5	0.5	0	0	0.42
35600	0.4	0.5	0.5	0	0	0.4
35700	0.4	0.5	0.5	0	0	0.4
35800	0.4	0.5	0.5	0	0	0.4
35900	0.4	0.5	0.5	0	0	0.4
36000	0.38	0.5	0.5	0	0	0.38
36100	0.38	0.5	0.5	0	0	0.38
36200	0.38	0.5	0.5	0	0	0.38
36300	0.38	0.5	0.5	0	0	0.38
36400	0.38	0.5	0.5	0	0	0.38
36500	0.38	0.5	0.5	0	0	0.38
36600	0.38	0.5	0.5	0	0	0.38
36700	0.38	0.5	0.5	0	0	0.38
36800	0.38	0.5	0.5	0	0	0.38
36900	0.38	0.5	0.5	0	0	0.38
37000	0.38	0.5	0.5	0	0	0.38
37100	0.38	0.5	0.5	0	0	0.38
37200	0.38	0.5	0.5	0	0	0.38
37300	0.38	0.5	0.5	0	0	0.38
37400	0.38	0.5	0.5	0	0	0.38
37500	0.38	0.5	0.5	0	0	0.38
37600	0.38	0.5	0.5	0	0	0.38
37700	0.38	0.5	0.5	0	0	0.38
37800	0.4	0.5	0.5	0	0	0.4
37900	0.4	0.5	0.5	0	0	0.4
38000	0.4	0.52	0.52	0	0	0.4
38100	0.4	0.52	0.52	0	0	0.4
38200	0.4	0.52	0.52	0	0	0.4
38300	0.4	0.52	0.52	0	0	0.4
38400	0.4	0.52	0.52	0	0	0.4
38500	0.4	0.52	0.52	0	0	0.4
38600	0.4	0.52	0.52	0	0	0.4
38700	0.4	0.52	0.52	0	0	0.4
38800	0.4	0.52	0.52	0	0	0.4
38900	0.4	0.52	0.52	0	0	0.4
39000	0.4	0.52	0.52	0	0	0.4
39100	0.4	0.52	0.52	0	0	0.4
39200	0.4	0.52	0.52	0	0	0.4
39300	0.4	0.52	0.52	0	0	0.4
39400	0.4	0.54	0.54	0	0	0.4
39500	0.4	0.54	0.54	0	0	0.4
39600	0.4	0.54	0.54	0	0	0.4
39700	0.4	0.54	0.54	0	0	0.4
39800	0.4	0.56	0.56	0	0	0.4
39900	0.4	0.54	0.54	0	0	0.4
40000	0.4	0.54	0.54	0	0	0.4
40100	0.4	0.52	0.52	0	0	0.4
40200	0.4	0.52	0.52	0	0	0.4
40300	0.4	0.52	0.52	0	0	0.4
40400	0.4	0.52	0.52	0	0	0.4
40500	0.38	0.52	0.52	0	0	0.38
40600	0.38	0.52	0.52	0	0	0.38
40700	0.38	0.52	0.52	0	0	0.38
40800	0.38	0.52	0.52	0	0	0.38
40900	0.38	0.52	0.52	0	0	0.38
41000	0.38	0.52	0.52	0	0	0.38
41100	0.4	0.52	0.52	0	0	0.4
41200	0.4	0.52	0.52	0	0	0.4
41300	0.4	0.52	0.52	0	0	0.4
41400	0.4	0.52	0.52	0	0	0.4
41500	0.4	0.52	0.52	0	0	0.4
41600	0.4	0.52	0.52	0	0	0.4
41700	0.4	0.52	0.52	0	0	0.4
41800	0.4	0.52	0.52	0	0	0.4
41900	0.4	0.54	0.54	0	0	0.4
42000	0.38	0.54	0.54	0	0	0.38
42100	0.38	0.54	0.54	0	0	0.38
42200	0.38	0.54	0.54	0	0	0.38
42300	0.38	0.54	0.54	0	0	0.38
42400	0.38	0.54	0.54	0	0	0.38
42500	0.38	0.56	0.56	0	0	0.38
42600	0.38	0.58	0.58	0	0	0.38
42700	0.38	0.58	0.58	0	0	0.38
42800	0.38	0.58	0.58	0	0	0.38
42900	0.38	0.58	0.58	0	0	0.38
43000	0.38	0.58	0.58	0	0	0.38
43100	0.38	0.58	0.58	0	0	0.38
43200	0.38	0.58	0.58	0	0	0.38
43300	0.38	0.58	0.58	0	0	0.38
43400	0.38	0.58	0.58	0	0	0.38
43500	0.4	0.58	0.58	0	0	0.4
43600	0.38	0.58	0.58	0	0	0.38
43700	0.38	0.56	0.56	0	0	0.38
43800	0.38	0.56	0.56	0	0	0.38
43900	0.38	0.56	0.56	0	0	0.38
44000	0.38	0.56	0.56	0	0	0.38
44100	0.38	0.56	0.56	0	0	0.38
44200	0.38	0.56	0.56	0	0	0.38
44300	0.38	0.56	0.56	0	0	0.38
44400	0.38	0.56	0.56	0	0	0.38
44500	0.38	0.58	0.58	0	0	0.38
44600	0.38	0.58	0.58	0	0	0.38
44700	0.38	0.58	0.58	0	0	0.38
44800	0.38	0.58	0.58	0	0	0.38
44900	0.38	0.58	0.58	0	0	0.38
45000	0.38	0.58	0.58	0	0	0.38
45100	0.4	0.58	0.58	0	0	0.4
45200	0.4	0.58	0.58	0	0	0.4
45300	0.4	0.58	0.58	0	0	0.4
45400	0.4	0.58	0.58	0	0	0.4
45500	0.4	0.58	0.58	0	0	0.4
45600	0.4	0.56	0.56	0	0	0.4
45700	0.4	0.56	0.56	0	0	0.4
45800	0.4	0.54	0.54	0	0	0.4
45900	0.4	0.54	0.54	0	0	0.4
46000	0.4	0.54	0.54	0	0	0.4
46100	0.4	0.54	0.54	0	0	0.4
46200	0.4	0.52	0.52	0	0	0.4
46300	0.4	0.52	0.52	0	0	0.4
46400	0.4	0.52	0.52	0	0	0.4
46500	0.4	0.52	0.52	0	0	0.4
46600	0.4	0.52	0.52	0	0	0.4
46700	0.4	0.52	0.52	0	0	0.4
46800	0.4	0.52	0.52	0	0	0.4
46900	0.4	0.52	0.52	0	0	0.4
47000	0.4	0.52	0.52	0	0	0.4
47100	0.4	0.52	0.52	0	0	0.4
47200	0.4	0.52	0.52	0	0	0.4
47300	0.4	0.52	0.52	0	0	0.4
47400	0.4	0.52	0.52	0	0	0.4
47500	0.4	0.52	0.52	0	0	0.4
47600	0.4	0.52	0.52	0	0	0.4
47700	0.4	0.52	0.52	0	0	0.4
47800	0.4	0.52	0.52	0	0	0.4
47900	0.4	0.52	0.52	0	0	0.4
48000	0.4	0.52	0.52	0	0	0.4
48100	0.42	0.52	0.52	0	0	0.42
48200	0.42	0.52	0.52	0	0	0.42
48300	0.42	0.52	0.52	0	0	0.42
48400	0.42	0.52	0.52	0	0	0.42
48500	0.42	0.52	0.52	0	0	0.42
48600	0.42	0.52	0.52	0	0	0.42
48700	0.42	0.52	0.52	0	0	0.42
48800	0.42	0.52	0.52	0	0	0.42
48900	0.42	0.52	0.52	0	0	0.42
49000	0.42	0.52	0.52	0	0	0.42
49100	0.42	0.52	0.52	0	0	0.42
49200	0.42	0.52	0.52	0	0	0.42
49300	0.42	0.52	0.52	0	0	0.42
49400	0.4	0.52	0.52	0	0	0.4
49500	0.4	0.52	0.52	0	0	0.4
49600	0.38	0.52	0.52	0	0	0.38
49700	0.38	0.52	0.52	0	0	0.38
49800	0.38	0.52	0.52	0	0	0.38
49900	0.38	0.52	0.52	0	0	0.38
50000	0.38	0.52	0.52	0	0	0.38
50100	0.38	0.52	0.52	0	0	0.38
50200	0.38	0.52	0.52	0	0	0.38
50300	0.38	0.54	0.54	0	0	0.38
50400	0.38	0.54	0.54	0	0	0.38
50500	0.38	0.54	0.54	0	0	0.38
50600	0.38	0.52	0.52	0	0	0.38
50700	0.38	0.52	0.52	0	0	0.38
50800	0.38	0.52	0.52	0	0	0.38
50900	0.38	0.52	0.52	0	0	0.38
51000	0.38	0.52	0.52	0	0	0.38
51100	0.38	0.52	0.52	0	0	0.38
51200	0.4	0.52	0.52	0	0	0.4
51300	0.4	0.52	0.52	0	0	0.4
51400	0.4	0.52	0.52	0	0	0.4
51500	0.4	0.52	0.52	0	0	0.4
51600	0.4	0.54	0.54	0	0	0.4
51700	0.4	0.54	0.54	0	0	0.4
51800	0.4	0.54	0.54	0	0	0.4
51900	0.4	0.54	0.54	0	0	0.4
52000	0.4	0.54	0.54	0	0	0.4
52100	0.4	0.54	0.54	0	0	0.4
52200	0.4	0.54	0.54	0	0	0.4
52300	0.4	0.54	0.54	0	0	0.4
52400	0.4	0.54	0.54	0	0	0.4
52500	0.4	0.54	0.54	0	0	0.4
52600	0.4	0.54	0.54	0	0	0.4
52700	0.4	0.54	0.54	0	0	0.4
52800	0.4	0.54	0.54	0	0	0.4
52900	0.4	0.54	0.54	0	0	0.4
53000	0.4	0.54	0.54	0	0	0.4
53100	0.4	0.54	0.54	0	0	0.4
53200	0.4	0.54	0.54	0	0	0.4
53300	0.4	0.54	0.54	0	0	0.4
53400	0.4	0.54	0.54	0	0	0.4
53500	0.4	0.54	0.54	0	0	0.4
53600	0.4	0.54	0.54	0	0	0.4
53700	0.4	0.54	0.54	0	0	0.4
53800	0.4	0.54	0.54	0	0	0.4
53900	0.4	0.54	0.54	0	0	0.4
54000	0.4	0.56	0.56	0	0	0.4
54100	0.4	0.56	0.56	0	0	0.4
54200	0.4	0.56	0.56	0	0	0.4
54300	0.4	0.56	0.56	0	0	0.4
54400	0.4	0.56	0.56	0	0	0.4
54500	0.4	0.54	0.54	0	0	0.4
54600	0.4	0.54	0.54	0	0	0.4
54700	0.4	0.54	0.54	0	0	0.4
54800	0.4	0.54	0.54	0	0	0.4
54900	0.4	0.54	0.54	0	0	0.4
55000	0.4	0.52	0.52	0	0	0.4
55100	0.4	0.5	0.5	0	0	0.4
55200	0.4	0.5	0.5	0	0	0.4
55300	0.4	0.5	0.5	0	0	0.4
55400	0.4	0.5	0.5	0	0	0.4
55500	0.4	0.52	0.52	0	0	0.4
55600	0.4	0.54	0.54	0	0	0.4
55700	0.4	0.54	0.54	0	0	0.4
55800	0.4	0.54	0.54	0	0	0.4
55900	0.4	0.54	0.54	0	0	0.4
56000	0.4	0.54	0.54	0	0	0.4
56100	0.4	0.52	0.52	0	0	0.4
56200	0.38	0.52	0.52	0	0	0.38
56300	0.38	0.52	0.52	0	0	0.38
56400	0.38	0.52	0.52	0	0	0.38
56500	0.38	0.52	0.52	0	0	0.38
56600	0.38	0.52	0.52	0	0	0.38
56700	0.38	0.52	0.52	0	0	0.38
56800	0.38	0.52	0.52	0	0	0.38
56900	0.38	0.52	0.52	0	0	0.38
57000	0.38	0.52	0.52	0	0	0.38
57100	0.38	0.52	0.52	0	0	0.38
57200	0.38	0.52	0.52	0	0	0.38
57300	0.38	0.52	0.52	0	0	0.38
57400	0.38	0.52	0.52	0	0	0.38
57500	0.38	0.52	0.52	0	0	0.38
57600	0.38	0.52	0.52	0	0	0.38
57700	0.38	0.52	0.52	0	0	0.38
57800	0.38	0.52	0.52	0	0	0.38
57900	0.38	0.52	0.52	0	0	0.38
58000	0.38	0.52	0.52	0	0	0.38
58100	0.4	0.52	0.52	0	0	0.4
58200	0.4	0.52	0.52	0	0	0.4
58300	0.4	0.52	0.52	0	0	0.4
58400	0.4	0.52	0.52	0	0	0.4
58500	0.4	0.52	0.52	0	0	0.4
58600	0.4	0.52	0.52	0	0	0.4
58700	0.4	0.52	0.52	0	0	0.4
58800	0.4	0.52	0.52	0	0	0.4
58900	0.4	0.52	0.52	0	0	0.4
59000	0.4	0.52	0.52	0	0	0.4
59100	0.4	0.52	0.52	0	0	0.4
59200	0.4	0.52	0.52	0	0	0.4
59300	0.4	0.52	0.52	0	0	0.4
59400	0.4	0.52	0.52	0	0	0.4
59500	0.4	0.52	0.52	0	0	0.4
59600	0.4	0.52	0.52	0	0	0.4
59700	0.4	0.52	0.52	0	0	0.4
59800	0.4	0.52	0.52	0	0	0.4
59900	0.4	0.52	0.52	0	0	0.4
60000	0.4	0.52	0.52	0	0	0.4
60100	0.4	0.52	0.52	0	0	0.4
60200	0.4	0.52	0.52	0	0	0.4
60300	0.4	0.52	0.52	0	0	0.4
60400	0.4	0.52	0.52	0	0	0.4
60500	0.4	0.52	0.52	0	0	0.4
60600	0.4	0.52	0.52	0	0	0.4
60700	0.4	0.52	0.52	0	0	0.4
60800	0.4	0.52	0.52	0	0	0.4
60900	0.4	0.52	0.52	0	0	0.4
61000	0.4	0.52	0.52	0	0	0.4
61100	0.4	0.52	0.52	0	0	0.4
61200	0.4	0.52	0.52	0	0	0.4
61300	0.4	0.52	0.52	0	0	0.4
61400	0.4	0.52	0.52	0	0	0.4
61500	0.4	0.52	0.52	0	0	0.4
61600	0.42	0.52	0.52	0	0	0.42
61700	0.42	0.52	0.52	0	0	0.42
61800	0.42	0.52	0.52	0	0	0.42
61900	0.42	0.52	0.52	0	0	0.42
62000	0.42	0.52	0.52	0	0	0.42
62100	0.42	0.52	0.52	0	0	0.42
62200	0.42	0.52	0.52	0	0	0.42
62300	0.42	0.52	0.52	0	0	0.42
62400	0.42	0.52	0.52	0	0	0.42
62500	0.42	0.52	0.52	0	0	0.42
62600	0.42	0.52	0.52	0	0	0.42
62700	0.42	0.52	0.52	0	0	0.42
62800	0.42	0.54	0.54	0	0	0.42
62900	0.42	0.54	0.54	0	0	0.42
63000	0.42	0.54	0.54	0	0	0.42
63100	0.42	0.54	0.54	0	0	0.42
63200	0.42	0.54	0.54	0	0	0.42
63300	0.42	0.54	0.54	0	0	0.42
63400	0.42	0.54	0.54	0	0	0.42
63500	0.42	0.54	0.54	0	0	0.42
63600	0.42	0.54	0.54	0	0	0.42
63700	0.42	0.54	0.54	0	0	0.42
63800	0.42	0.54	0.54	0	0	0.42
63900	0.42	0.54	0.54	0	0	0.42
64000	0.42	0.54	0.54	0	0	0.42
64100	0.42	0.54	0.54	0	0	0.42
64200	0.42	0.54	0.54	0	0	0.42
64300	0.42	0.54	0.54	0	0	0.42
64400	0.42	0.54	0.54	0	0	0.42
64500	0.42	0.52	0.52	0	0	0.42
64600	0.42	0.52	0.52	0	0	0.42
64700	0.42	0.52	0.52	0	0	0.42
64800	0.42	0.52	0.52	0	0	0.42
64900	0.42	0.52	0.52	0	0	0.42
65000	0.42	0.52	0.52	0	0	0.42
65100	0.42	0.52	0.52	0	0	0.42
65200	0.42	0.52	0.52	0	0	0.42
65300	0.42	0.52	0.52	0	0	0.42
65400	0.42	0.52	0.52	0	0	0.42
65500	0.42	0.52	0.52	0	0	0.42
65600	0.42	0.52	0.52	0	0	0.42
65700	0.42	0.52	0.52	0	0	0.42
65800	0.42	0.52	0.52	0	0	0.42
65900	0.42	0.52	0.52	0	0	0.42
66000	0.42	0.52	0.52	0	0	0.42
66100	0.42	0.52	0.52	0	0	0.42
66200	0.42	0.52	0.52	0	0	0.42
66300	0.42	0.52	0.52	0	0	0.42
66400	0.42	0.5	0.5	0	0	0.42
66500	0.42	0.5	0.5	0	0	0.42
66600	0.42	0.5	0.5	0	0	0.42
66700	0.42	0.5	0.5	0	0	0.42
66800	0.42	0.5	0.5	0	0	0.42
66900	0.42	0.5	0.5	0	0	0.42
67000	0.42	0.5	0.5	0	0	0.42
67100	0.42	0.5	0.5	0	0	0.42
67200	0.42	0.5	0.5	0	0	0.42
67300	0.42	0.52	0.52	0	0	0.42
67400	0.42	0.52	0.52	0	0	0.42
67500	0.42	0.52	0.52	0	0	0.42
67600	0.42	0.52	0.52	0	0	0.42
67700	0.42	0.52	0.52	0	0	0.42
67800	0.42	0.54	0.54	0	0	0.42
67900	0.42	0.54	0.54	0	0	0.42
68000	0.44	0.54	0.54	0	0	0.44
68100	0.42	0.54	0.54	0	0	0.42
68200	0.42	0.54	0.54	0	0	0.42
68300	0.42	0.54	0.54	0	0	0.42
68400	0.42	0.54	0.54	0	0	0.42
68500	0.4	0.54	0.54	0	0	0.4
68600	0.4	0.54	0.54	0	0	0.4
68700	0.4	0.52	0.52	0	0	0.4
68800	0.4	0.52	0.52	0	0	0.4
68900	0.4	0.54	0.54	0	0	0.4
69000	0.4	0.54	0.54	0	0	0.4
69100	0.4	0.54	0.54	0	0	0.4
69200	0.4	0.54	0.54	0	0	0.4
69300	0.4	0.54	0.54	0	0	0.4
69400	0.4	0.54	0.54	0	0	0.4
69500	0.4	0.54	0.54	0	0	0.4
69600	0.4	0.54	0.54	0	0	0.4
69700	0.4	0.54	0.54	0	0	0.4
69800	0.4	0.54	0.54	0	0	0.4
69900	0.4	0.54	0.54	0	0	0.4
70000	0.4	0.54	0.54	0	0	0.4
70100	0.4	0.54	0.54	0	0	0.4
70200	0.4	0.54	0.54	0	0	0.4
70300	0.4	0.54	0.54	0	0	0.4
70400	0.4	0.54	0.54	0	0	0.4
70500	0.4	0.54	0.54	0	0	0.4
70600	0.4	0.54	0.54	0	0	0.4
70700	0.4	0.54	0.54	0	0	0.4
70800	0.4	0.54	0.54	0	0	0.4
70900	0.4	0.54	0.54	0	0	0.4
71000	0.4	0.54	0.54	0	0	0.4
71100	0.4	0.54	0.54	0	0	0.4
71200	0.4	0.54	0.54	0	0	0.4
71300	0.4	0.54	0.54	0	0	0.4
71400	0.4	0.54	0.54	0	0	0.4
71500	0.4	0.54	0.54	0	0	0.4
71600	0.42	0.54	0.54	0	0	0.42
71700	0.42	0.54	0.54	0	0	0.42
71800	0.42	0.54	0.54	0	0	0.42
71900	0.42	0.54	0.54	0	0	0.42
72000	0.42	0.54	0.54	0	0	0.42
72100	0.42	0.54	0.54	0	0	0.42
72200	0.42	0.54	0.54	0	0	0.42
72300	0.42	0.54	0.54	0	0	0.42
72400	0.42	0.54	0.54	0	0	0.42
72500	0.42	0.54	0.54	0	0	0.42
72600	0.42	0.54	0.54	0	0	0.42
72700	0.42	0.54	0.54	0	0	0.42
72800	0.42	0.54	0.54	0	0	0.42
72900	0.42	0.54	0.54	0	0	0.42
73000	0.42	0.56	0.56	0	0	0.42
73100	0.42	0.54	0.54	0	0	0.42
73200	0.42	0.54	0.54	0	0	0.42
73300	0.42	0.54	0.54	0	0	0.42
73400	0.42	0.54	0.54	0	0	0.42
73500	0.42	0.54	0.54	0	0	0.42
73600	0.42	0.54	0.54	0	0	0.42
73700	0.42	0.54	0.54	0	0	0.42
73800	0.42	0.54	0.54	0	0	0.42
73900	0.42	0.54	0.54	0	0	0.42
74000	0.42	0.54	0.54	0	0	0.42
74100	0.42	0.54	0.54	0	0	0.42
74200	0.42	0.54	0.54	0	0	0.42
74300	0.42	0.54	0.54	0	0	0.42
74400	0.42	0.54	0.54	0	0	0.42
74500	0.42	0.54	0.54	0	0	0.42
74600	0.42	0.54	0.54	0	0	0.42
74700	0.44	0.54	0.54	0	0	0.44
74800	0.44	0.54	0.54	0	0	0.44
74900	0.44	0.54	0.54	0	0	0.44
75000	0.44	0.54	0.54	0	0	0.44
75100	0.44	0.54	0.54	0	0	0.44
75200	0.44	0.54	0.54	0	0	0.44
75300	0.44	0.54	0.54	0	0	0.44
75400	0.44	0.56	0.56	0	0	0.44
75500	0.44	0.56	0.56	0	0	0.44
75600	0.44	0.56	0.56	0	0	0.44
75700	0.44	0.56	0.56	0	0	0.44
75800	0.44	0.52	0.52	0	0	0.44
75900	0.44	0.52	0.52	0	0	0.44
76000	0.44	0.52	0.52	0	0	0.44
76100	0.44	0.52	0.52	0	0	0.44
76200	0.44	0.52	0.52	0	0	0.44
76300	0.44	0.52	0.52	0	0	0.44
76400	0.44	0.52	0.52	0	0	0.44
76500	0.44	0.52	0.52	0	0	0.44
76600	0.44	0.52	0.52	0	0	0.44
76700	0.44	0.52	0.52	0	0	0.44
76800	0.44	0.52	0.52	0	0	0.44
76900	0.44	0.52	0.52	0	0	0.44
77000	0.44	0.52	0.52	0	0	0.44
77100	0.44	0.52	0.52	0	0	0.44
77200	0.48	0.5	0.5	0	0	0.48
77300	0.48	0.5	0.5	0	0	0.48
77400	0.48	0.5	0.5	0	0	0.48
77500	0.48	0.5	0.5	0	0	0.48
77600	0.48	0.5	0.5	0	0	0.48
77700	0.48	0.5	0.5	0	0	0.48
77800	0.48	0.5	0.5	0	0	0.48
77900	0.48	0.5	0.5	0	0	0.48
78000	0.48	0.5	0.5	0	0	0.48
78100	0.46	0.5	0.5	0	0	0.46
78200	0.46	0.5	0.5	0	0	0.46
78300	0.46	0.5	0.5	0	0	0.46
78400	0.46	0.5	0.5	0	0	0.46
78500	0.46	0.5	0.5	0	0	0.46
78600	0.46	0.5	0.5	0	0	0.46
78700	0.46	0.5	0.5	0	0	0.46
78800	0.46	0.5	0.5	0	0	0.46
78900	0.46	0.5	0.5	0	0	0.46
79000	0.46	0.5	0.5	0	0	0.46
79100	0.46	0.5	0.5	0	0	0.46
79200	0.46	0.5	0.5	0	0	0.46
79300	0.46	0.5	0.5	0	0	0.46
79400	0.46	0.5	0.5	0	0	0.46
79500	0.46	0.5	0.5	0	0	0.46
79600	0.48	0.5	0.5	0	0	0.48
79700	0.48	0.5	0.5	0	0	0.48
79800	0.48	0.5	0.5	0	0	0.48
79900	0.48	0.5	0.5	0	0	0.48
80000	0.48	0.5	0.5	0	0	0.48
80100	0.48	0.5	0.5	0	0	0.48
80200	0.48	0.5	0.5	0	0	0.48
80300	0.48	0.5	0.5	0	0	0.48
80400	0.48	0.5	0.5	0	0	0.48
80500	0.48	0.5	0.5	0	0	0.48
80600	0.48	0.5	0.5	0	0	0.48
80700	0.48	0.5	0.5	0	0	0.48
80800	0.48	0.5	0.5	0	0	0.48
80900	0.48	0.5	0.5	0	0	0.48
81000	0.48	0.5	0.5	0	0	0.48
81100	0.48	0.5	0.5	0	0	0.48
81200	0.48	0.5	0.5	0	0	0.48
81300	0.5	0.5	0.5	0	0	0.5
81400	0.48	0.5	0.5	0	0	0.48
81500	0.48	0.5	0.5	0	0	0.48
81600	0.48	0.5	0.5	0	0	0.48
81700	0.48	0.5	0.5	0	0	0.48
81800	0.48	0.5	0.5	0	0	0.48
81900	0.48	0.5	0.5	0	0	0.48
82000	0.48	0.5	0.5	0	0	0.48
82100	0.48	0.5	0.5	0	0	0.48
82200	0.48	0.5	0.5	0	0	0.48
82300	0.48	0.5	0.5	0	0	0.48
82400	0.5	0.5	0.5	0	0	0.5
82500	0.5	0.5	0.5	0	0	0.5
82600	0.5	0.5	0.5	0	0	0.5
82700	0.5	0.5	0.5	0	0	0.5
82800	0.5	0.5	0.5	0	0	0.5
82900	0.5	0.5	0.5	0	0	0.5
83000	0.5	0.5	0.5	0	0	0.5
83100	0.5	0.5	0.5	0	0	0.5
83200	0.5	0.5	0.5	0	0	0.5
83300	0.5	0.5	0.5	0	0	0.5
83400	0.5	0.5	0.5	0	0	0.5
83500	0.5	0.5	0.5	0	0	0.5
83600	0.5	0.5	0.5	0	0	0.5
83700	0.5	0.5	0.5	0	0	0.5
83800	0.5	0.5	0.5	0	0	0.5
83900	0.5	0.5	0.5	0	0	0.5
84000	0.48	0.5	0.5	0	0	0.48
84100	0.48	0.5	0.5	0	0	0.48
84200	0.46	0.5	0.5	0	0	0.46
84300	0.46	0.5	0.5	0	0	0.46
84400	0.46	0.5	0.5	0	0	0.46
84500	0.44	0.5	0.5	0	0	0.44
84600	0.44	0.5	0.5	0	0	0.44
84700	0.44	0.5	0.5	0	0	0.44
84800	0.44	0.5	0.5	0	0	0.44
84900	0.44	0.5	0.5	0	0	0.44
85000	0.44	0.5	0.5	0	0	0.44
85100	0.44	0.5	0.5	0	0	0.44
85200	0.44	0.5	0.5	0	0	0.44
85300	0.44	0.5	0.5	0	0	0.44
85400	0.44	0.5	0.5	0	0	0.44
85500	0.44	0.5	0.5	0	0	0.44
85600	0.44	0.5	0.5	0	0	0.44
85700	0.44	0.5	0.5	0	0	0.44
85800	0.44	0.5	0.5	0	0	0.44
85900	0.44	0.5	0.5	0	0	0.44
86000	0.46	0.5	0.5	0	0	0.46
86100	0.46	0.5	0.5	0	0	0.46
86200	0.46	0.5	0.5	0	0	0.46
86300	0.44	0.5	0.5	0	0	0.44
86400	0.44	0.52	0.52	0	0	0.44
86500	0.44	0.52	0.52	0	0	0.44
86600	0.44	0.52	0.52	0	0	0.44
86700	0.44	0.52	0.52	0	0	0.44
86800	0.44	0.52	0.52	0	0	0.44
86900	0.44	0.52	0.52	0	0	0.44
87000	0.44	0.52	0.52	0	0	0.44
87100	0.44	0.52	0.52	0	0	0.44
87200	0.44	0.52	0.52	0	0	0.44
87300	0.44	0.52	0.52	0	0	0.44
87400	0.44	0.52	0.52	0	0	0.44
87500	0.44	0.52	0.52	0	0	0.44
87600	0.44	0.52	0.52	0	0	0.44
87700	0.44	0.52	0.52	0	0	0.44
87800	0.42	0.52	0.52	0	0	0.42
87900	0.42	0.52	0.52	0	0	0.42
88000	0.42	0.52	0.52	0	0	0.42
88100	0.42	0.52	0.52	0	0	0.42
88200	0.42	0.52	0.52	0	0	0.42
88300	0.42	0.52	0.52	0	0	0.42
88400	0.42	0.52	0.52	0	0	0.42
88500	0.44	0.52	0.52	0	0	0.44
88600	0.44	0.5	0.5	0	0	0.44
88700	0.44	0.5	0.5	0	0	0.44
88800	0.44	0.5	0.5	0	0	0.44
88900	0.44	0.5	0.5	0	0	0.44
89000	0.44	0.5	0.5	0	0	0.44
89100	0.44	0.5	0.5	0	0	0.44
89200	0.44	0.5	0.5	0	0	0.44
89300	0.44	0.5	0.5	0	0	0.44
89400	0.44	0.5	0.5	0	0	0.44
89500	0.44	0.5	0.5	0	0	0.44
89600	0.44	0.5	0.5	0	0	0.44
89700	0.44	0.5	0.5	0	0	0.44
89800	0.44	0.5	0.5	0	0	0.44
89900	0.44	0.5	0.5	0	0	0.44
90000	0.44	0.5	0.5	0	0	0.44
90100	0.44	0.5	0.5	0	0	0.44
90200	0.44	0.5	0.5	0	0	0.44
90300	0.44	0.5	0.5	0	0	0.44
90400	0.44	0.5	0.5	0	0	0.44
90500	0.44	0.5	0.5	0	0	0.44
90600	0.44	0.52	0.52	0	0	0.44
90700	0.42	0.52	0.52	0	0	0.42
90800	0.42	0.52	0.52	0	0	0.42
90900	0.42	0.52	0.52	0	0	0.42
91000	0.42	0.52	0.52	0	0	0.42
91100	0.42	0.52	0.52	0	0	0.42
91200	0.42	0.52	0.52	0	0	0.42
91300	0.42	0.52	0.52	0	0	0.42
91400	0.42	0.52	0.52	0	0	0.42
91500	0.42	0.54	0.54	0	0	0.42
91600	0.42	0.54	0.54	0	0	0.42
91700	0.42	0.54	0.54	0	0	0.42
91800	0.42	0.54	0.54	0	0	0.42
91900	0.42	0.54	0.54	0	0	0.42
92000	0.42	0.54	0.54	0	0	0.42
92100	0.42	0.54	0.54	0	0	0.42
92200	0.42	0.54	0.54	0	0	0.42
92300	0.42	0.54	0.54	0	0	0.42
92400	0.42	0.54	0.54	0	0	0.42
92500	0.42	0.54	0.54	0	0	0.42
92600	0.42	0.54	0.54	0	0	0.42
92700	0.42	0.54	0.54	0	0	0.42
92800	0.44	0.54	0.54	0	0	0.44
92900	0.44	0.54	0.54	0	0	0.44
93000	0.44	0.54	0.54	0	0	0.44
93100	0.44	0.54	0.54	0	0	0.44
93200	0.44	0.54	0.54	0	0	0.44
93300	0.44	0.54	0.54	0	0	0.44
93400	0.44	0.54	0.54	0	0	0.44
93500	0.44	0.54	0.54	0	0	0.44
93600	0.44	0.54	0.54	0	0	0.44
93700	0.44	0.54	0.54	0	0	0.44
93800	0.44	0.54	0.54	0	0	0.44
93900	0.44	0.54	0.54	0	0	0.44
94000	0.44	0.54	0.54	0	0	0.44
94100	0.44	0.54	0.54	0	0	0.44
94200	0.44	0.54	0.54	0	0	0.44
94300	0.44	0.54	0.54	0	0	0.44
94400	0.44	0.54	0.54	0	0	0.44
94500	0.44	0.54	0.54	0	0	0.44
94600	0.44	0.54	0.54	0	0	0.44
94700	0.44	0.54	0.54	0	0	0.44
94800	0.44	0.54	0.54	0	0	0.44
94900	0.44	0.54	0.54	0	0	0.44
95000	0.44	0.54	0.54	0	0	0.44
95100	0.44	0.54	0.54	0	0	0.44
95200	0.44	0.54	0.54	0	0	0.44
95300	0.44	0.56	0.56	0	0	0.44
95400	0.44	0.56	0.56	0	0	0.44
95500	0.44	0.56	0.56	0	0	0.44
95600	0.44	0.56	0.56	0	0	0.44
95700	0.42	0.56	0.56	0	0	0.42
95800	0.42	0.56	0.56	0	0	0.42
95900	0.42	0.56	0.56	0	0	0.42
96000	0.42	0.56	0.56	0	0	0.42
96100	0.42	0.56	0.56	0	0	0.42
96200	0.42	0.56	0.56	0	0	0.42
96300	0.42	0.56	0.56	0	0	0.42
96400	0.42	0.56	0.56	0	0	0.42
96500	0.42	0.56	0.56	0	0	0.42
96600	0.42	0.56	0.56	0	0	0.42
96700	0.42	0.56	0.56	0	0	0.42
96800	0.42	0.56	0.56	0	0	0.42
96900	0.42	0.56	0.56	0	0	0.42
97000	0.42	0.58	0.58	0	0	0.42
97100	0.42	0.58	0.58	0	0	0.42
97200	0.42	0.58	0.58	0	0	0.42
97300	0.42	0.58	0.58	0	0	0.42
97400	0.42	0.58	0.58	0	0	0.42
97500	0.42	0.58	0.58	0	0	0.42
97600	0.42	0.58	0.58	0	0	0.42
97700	0.42	0.58	0.58	0	0	0.42
97800	0.42	0.58	0.58	0	0	0.42
97900	0.42	0.58	0.58	0	0	0.42
98000	0.42	0.58	0.58	0	0	0.42
98100	0.42	0.58	0.58	0	0	0.42
98200	0.42	0.58	0.58	0	0	0.42
98300	0.42	0.58	0.58	0	0	0.42
98400	0.42	0.58	0.58	0	0	0.42
98500	0.42	0.58	0.58	0	0	0.42
98600	0.42	0.58	0.58	0	0	0.42
98700	0.42	0.58	0.58	0	0	0.42
98800	0.42	0.58	0.58	0	0	0.42
98900	0.42	0.58	0.58	0	0	0.42
99000	0.42	0.58	0.58	0	0	0.42
99100	0.42	0.58	0.58	0	0	0.42
99200	0.42	0.58	0.58	0	0	0.42
99300	0.42	0.58	0.58	0	0	0.42
99400	0.42	0.58	0.58	0	0	0.42
99500	0.42	0.58	0.58	0	0	0.42
99600	0.42	0.58	0.58	0	0	0.42
99700	0.42	0.58	0.58	0	0	0.42
99800	0.42	0.58	0.58	0	0	0.42
99900	0.42	0.58	0.58	0	0	0.42
100000	0.42	0.58	0.58	0	0	0.42
