100	0.14	0.1	0.1	0	0	0.14
200	0.16	0.12	0.12	0	0	0.16
300	0.16	0.14	0.14	0	0	0.16
400	0.18	0.16	0.16	0	0	0.18
500	0.24	0.16	0.16	0	0	0.24
600	0.26	0.16	0.16	0	0	0.26
700	0.24	0.18	0.18	0	0	0.24
800	0.24	0.18	0.18	0	0	0.24
900	0.24	0.2	0.2	0	0	0.24
1000	0.26	0.24	0.24	0	0	0.26
1100	0.26	0.28	0.28	0	0	0.26
1200	0.26	0.28	0.28	0	0	0.26
1300	0.28	0.28	0.28	0	0	0.28
1400	0.26	0.3	0.3	0	0	0.26
1500	0.26	0.3	0.3	0	0	0.26
1600	0.26	0.3	0.3	0	0	0.26
1700	0.26	0.3	0.3	0	0	0.26
1800	0.26	0.34	0.34	0	0	0.26
1900	0.26	0.36	0.36	0	0	0.26
2000	0.26	0.36	0.36	0	0	0.26
2100	0.26	0.34	0.34	0	0	0.26
2200	0.26	0.34	0.34	0	0	0.26
2300	0.26	0.34	0.34	0	0	0.26
2400	0.26	0.34	0.34	0	0	0.26
2500	0.26	0.34	0.34	0	0	0.26
2600	0.28	0.34	0.34	0	0	0.28
2700	0.28	0.34	0.34	0	0	0.28
2800	0.28	0.34	0.34	0	0	0.28
2900	0.28	0.36	0.36	0	0	0.28
3000	0.28	0.36	0.36	0	0	0.28
3100	0.3	0.36	0.36	0	0	0.3
3200	0.3	0.38	0.38	0	0	0.3
3300	0.3	0.4	0.4	0	0	0.3
3400	0.3	0.4	0.4	0	0	0.3
3500	0.32	0.4	0.4	0	0	0.32
3600	0.32	0.4	0.4	0	0	0.32
3700	0.36	0.4	0.4	0	0	0.36
3800	0.36	0.4	0.4	0	0	0.36
3900	0.38	0.42	0.42	0	0	0.38
4000	0.38	0.42	0.42	0	0	0.38
4100	0.38	0.42	0.42	0	0	0.38
4200	0.38	0.42	0.42	0	0	0.38
4300	0.38	0.42	0.42	0	0	0.38
4400	0.38	0.42	0.42	0	0	0.38
4500	0.38	0.42	0.42	0	0	0.38
4600	0.4	0.42	0.42	0	0	0.4
4700	0.4	0.42	0.42	0	0	0.4
4800	0.4	0.4	0.4	0	0	0.4
4900	0.4	0.4	0.4	0	0	0.4
5000	0.4	0.4	0.4	0	0	0.4
5100	0.4	0.38	0.38	0	0	0.4
5200	0.4	0.42	0.42	0	0	0.4
5300	0.4	0.42	0.42	0	0	0.4
5400	0.4	0.42	0.42	0	0	0.4
5500	0.4	0.42	0.42	0	0	0.4
5600	0.4	0.44	0.44	0	0	0.4
5700	0.42	0.44	0.44	0	0	0.42
5800	0.42	0.46	0.46	0	0	0.42
5900	0.42	0.46	0.46	0	0	0.42
6000	0.42	0.46	0.46	0	0	0.42
6100	0.44	0.46	0.46	0	0	0.44
6200	0.44	0.46	0.46	0	0	0.44
6300	0.44	0.46	0.46	0	0	0.44
6400	0.44	0.46	0.46	0	0	0.44
6500	0.44	0.46	0.46	0	0	0.44
6600	0.44	0.46	0.46	0	0	0.44
6700	0.44	0.46	0.46	0	0	0.44
6800	0.42	0.46	0.46	0	0	0.42
6900	0.42	0.46	0.46	0	0	0.42
7000	0.4	0.44	0.44	0	0	0.4
7100	0.4	0.44	0.44	0	0	0.4
7200	0.4	0.44	0.44	0	0	0.4
7300	0.4	0.44	0.44	0	0	0.4
7400	0.4	0.44	0.44	0	0	0.4
7500	0.4	0.42	0.42	0	0	0.4
7600	0.4	0.4	0.4	0	0	0.4
7700	0.4	0.4	0.4	0	0	0.4
7800	0.4	0.4	0.4	0	0	0.4
7900	0.4	0.4	0.4	0	0	0.4
8000	0.4	0.4	0.4	0	0	0.4
8100	0.42	0.4	0.4	0	0	0.42
8200	0.42	0.4	0.4	0	0	0.42
8300	0.42	0.4	0.4	0	0	0.42
8400	0.42	0.42	0.42	0	0	0.42
8500	0.44	0.42	0.42	0	0	0.44
8600	0.44	0.42	0.42	0	0	0.44
8700	0.44	0.42	0.42	0	0	0.44
8800	0.44	0.42	0.42	0	0	0.44
8900	0.44	0.42	0.42	0	0	0.44
9000	0.44	0.42	0.42	0	0	0.44
9100	0.44	0.42	0.42	0	0	0.44
9200	0.44	0.42	0.42	0	0	0.44
9300	0.44	0.42	0.42	0	0	0.44
9400	0.44	0.42	0.42	0	0	0.44
9500	0.44	0.42	0.42	0	0	0.44
9600	0.42	0.42	0.42	0	0	0.42
9700	0.42	0.42	0.42	0	0	0.42
9800	0.4	0.42	0.42	0	0	0.4
9900	0.4	0.42	0.42	0	0	0.4
10000	0.4	0.42	0.42	0	0	0.4
10100	0.38	0.42	0.42	0	0	0.38
10200	0.38	0.42	0.42	0	0	0.38
10300	0.38	0.44	0.44	0	0	0.38
10400	0.38	0.44	0.44	0	0	0.38
10500	0.38	0.44	0.44	0	0	0.38
10600	0.38	0.44	0.44	0	0	0.38
10700	0.38	0.44	0.44	0	0	0.38
10800	0.38	0.44	0.44	0	0	0.38
10900	0.4	0.44	0.44	0	0	0.4
11000	0.4	0.44	0.44	0	0	0.4
11100	0.4	0.44	0.44	0	0	0.4
11200	0.4	0.44	0.44	0	0	0.4
11300	0.4	0.44	0.44	0	0	0.4
11400	0.4	0.44	0.44	0	0	0.4
11500	0.4	0.44	0.44	0	0	0.4
11600	0.44	0.44	0.44	0	0	0.44
11700	0.44	0.44	0.44	0	0	0.44
11800	0.44	0.44	0.44	0	0	0.44
11900	0.44	0.44	0.44	0	0	0.44
12000	0.44	0.44	0.44	0	0	0.44
12100	0.44	0.44	0.44	0	0	0.44
12200	0.44	0.46	0.46	0	0	0.44
12300	0.44	0.46	0.46	0	0	0.44
12400	0.44	0.44	0.44	0	0	0.44
12500	0.44	0.44	0.44	0	0	0.44
12600	0.44	0.44	0.44	0	0	0.44
12700	0.44	0.44	0.44	0	0	0.44
12800	0.44	0.44	0.44	0	0	0.44
12900	0.44	0.46	0.46	0	0	0.44
13000	0.44	0.46	0.46	0	0	0.44
13100	0.44	0.46	0.46	0	0	0.44
13200	0.44	0.48	0.48	0	0	0.44
13300	0.44	0.48	0.48	0	0	0.44
13400	0.44	0.48	0.48	0	0	0.44
13500	0.44	0.48	0.48	0	0	0.44
13600	0.44	0.48	0.48	0	0	0.44
13700	0.44	0.48	0.48	0	0	0.44
13800	0.44	0.48	0.48	0	0	0.44
13900	0.44	0.48	0.48	0	0	0.44
14000	0.44	0.48	0.48	0	0	0.44
14100	0.42	0.48	0.48	0	0	0.42
14200	0.42	0.48	0.48	0	0	0.42
14300	0.42	0.48	0.48	0	0	0.42
14400	0.42	0.48	0.48	0	0	0.42
14500	0.42	0.48	0.48	0	0	0.42
14600	0.42	0.48	0.48	0	0	0.42
14700	0.42	0.48	0.48	0	0	0.42
14800	0.42	0.48	0.48	0	0	0.42
14900	0.42	0.48	0.48	0	0	0.42
15000	0.42	0.48	0.48	0	0	0.42
15100	0.42	0.48	0.48	0	0	0.42
15200	0.42	0.48	0.48	0	0	0.42
15300	0.42	0.48	0.48	0	0	0.42
15400	0.42	0.48	0.48	0	0	0.42
15500	0.42	0.48	0.48	0	0	0.42
15600	0.42	0.48	0.48	0	0	0.42
15700	0.4	0.48	0.48	0	0	0.4
15800	0.4	0.48	0.48	0	0	0.4
15900	0.4	0.48	0.48	0	0	0.4
16000	0.4	0.48	0.48	0	0	0.4
16100	0.4	0.48	0.48	0	0	0.4
16200	0.4	0.48	0.48	0	0	0.4
16300	0.4	0.48	0.48	0	0	0.4
16400	0.38	0.48	0.48	0	0	0.38
16500	0.38	0.48	0.48	0	0	0.38
16600	0.38	0.48	0.48	0	0	0.38
16700	0.38	0.48	0.48	0	0	0.38
16800	0.38	0.48	0.48	0	0	0.38
16900	0.38	0.48	0.48	0	0	0.38
17000	0.38	0.5	0.5	0	0	0.38
17100	0.38	0.5	0.5	0	0	0.38
17200	0.38	0.5	0.5	0	0	0.38
17300	0.38	0.5	0.5	0	0	0.38
17400	0.38	0.5	0.5	0	0	0.38
17500	0.38	0.5	0.5	0	0	0.38
17600	0.38	0.5	0.5	0	0	0.38
17700	0.38	0.5	0.5	0	0	0.38
17800	0.38	0.5	0.5	0	0	0.38
17900	0.38	0.5	0.5	0	0	0.38
18000	0.38	0.48	0.48	0	0	0.38
18100	0.38	0.48	0.48	0	0	0.38
18200	0.38	0.5	0.5	0	0	0.38
18300	0.38	0.5	0.5	0	0	0.38
18400	0.38	0.5	0.5	0	0	0.38
18500	0.38	0.5	0.5	0	0	0.38
18600	0.38	0.5	0.5	0	0	0.38
18700	0.38	0.5	0.5	0	0	0.38
18800	0.38	0.5	0.5	0	0	0.38
18900	0.38	0.5	0.5	0	0	0.38
19000	0.38	0.5	0.5	0	0	0.38
19100	0.38	0.5	0.5	0	0	0.38
19200	0.38	0.5	0.5	0	0	0.38
19300	0.4	0.52	0.52	0	0	0.4
19400	0.4	0.52	0.52	0	0	0.4
19500	0.4	0.52	0.52	0	0	0.4
19600	0.4	0.52	0.52	0	0	0.4
19700	0.4	0.52	0.52	0	0	0.4
19800	0.42	0.52	0.52	0	0	0.42
19900	0.42	0.52	0.52	0	0	0.42
20000	0.42	0.52	0.52	0	0	0.42
20100	0.42	0.52	0.52	0	0	0.42
20200	0.42	0.52	0.52	0	0	0.42
20300	0.42	0.5	0.5	0	0	0.42
20400	0.42	0.5	0.5	0	0	0.42
20500	0.42	0.48	0.48	0	0	0.42
20600	0.42	0.48	0.48	0	0	0.42
20700	0.42	0.48	0.48	0	0	0.42
20800	0.42	0.48	0.48	0	0	0.42
20900	0.42	0.48	0.48	0	0	0.42
21000	0.42	0.48	0.48	0	0	0.42
21100	0.42	0.48	0.48	0	0	0.42
21200	0.42	0.46	0.46	0	0	0.42
21300	0.42	0.46	0.46	0	0	0.42
21400	0.42	0.46	0.46	0	0	0.42
21500	0.42	0.46	0.46	0	0	0.42
21600	0.42	0.46	0.46	0	0	0.42
21700	0.42	0.46	0.46	0	0	0.42
21800	0.42	0.46	0.46	0	0	0.42
21900	0.42	0.46	0.46	0	0	0.42
22000	0.42	0.46	0.46	0	0	0.42
22100	0.42	0.46	0.46	0	0	0.42
22200	0.42	0.46	0.46	0	0	0.42
22300	0.42	0.46	0.46	0	0	0.42
22400	0.42	0.44	0.44	0	0	0.42
22500	0.44	0.44	0.44	0	0	0.44
22600	0.44	0.44	0.44	0	0	0.44
22700	0.44	0.42	0.42	0	0	0.44
22800	0.44	0.42	0.42	0	0	0.44
22900	0.44	0.42	0.42	0	0	0.44
23000	0.44	0.42	0.42	0	0	0.44
23100	0.44	0.42	0.42	0	0	0.44
23200	0.44	0.42	0.42	0	0	0.44
23300	0.44	0.42	0.42	0	0	0.44
23400	0.44	0.42	0.42	0	0	0.44
23500	0.44	0.42	0.42	0	0	0.44
23600	0.44	0.44	0.44	0	0	0.44
23700	0.44	0.44	0.44	0	0	0.44
23800	0.46	0.44	0.44	0	0	0.46
23900	0.46	0.44	0.44	0	0	0.46
24000	0.46	0.44	0.44	0	0	0.46
24100	0.46	0.44	0.44	0	0	0.46
24200	0.46	0.44	0.44	0	0	0.46
24300	0.46	0.44	0.44	0	0	0.46
24400	0.48	0.44	0.44	0	0	0.48
24500	0.46	0.44	0.44	0	0	0.46
24600	0.46	0.44	0.44	0	0	0.46
24700	0.46	0.44	0.44	0	0	0.46
24800	0.46	0.44	0.44	0	0	0.46
24900	0.46	0.44	0.44	0	0	0.46
25000	0.46	0.46	0.46	0	0	0.46
25100	0.46	0.46	0.46	0	0	0.46
25200	0.46	0.46	0.46	0	0	0.46
25300	0.46	0.46	0.46	0	0	0.46
25400	0.46	0.46	0.46	0	0	0.46
25500	0.46	0.46	0.46	0	0	0.46
25600	0.46	0.46	0.46	0	0	0.46
25700	0.46	0.46	0.46	0	0	0.46
25800	0.46	0.46	0.46	0	0	0.46
25900	0.46	0.46	0.46	0	0	0.46
26000	0.46	0.46	0.46	0	0	0.46
26100	0.46	0.46	0.46	0	0	0.46
26200	0.46	0.46	0.46	0	0	0.46
26300	0.46	0.46	0.46	0	0	0.46
26400	0.46	0.46	0.46	0	0	0.46
26500	0.46	0.46	0.46	0	0	0.46
26600	0.46	0.46	0.46	0	0	0.46
26700	0.46	0.46	0.46	0	0	0.46
26800	0.46	0.46	0.46	0	0	0.46
26900	0.46	0.46	0.46	0	0	0.46
27000	0.46	0.46	0.46	0	0	0.46
27100	0.46	0.46	0.46	0	0	0.46
27200	0.48	0.46	0.46	0	0	0.48
27300	0.48	0.46	0.46	0	0	0.48
27400	0.48	0.46	0.46	0	0	0.48
27500	0.48	0.46	0.46	0	0	0.48
27600	0.48	0.44	0.44	0	0	0.48
27700	0.46	0.44	0.44	0	0	0.46
27800	0.46	0.44	0.44	0	0	0.46
27900	0.46	0.44	0.44	0	0	0.46
28000	0.46	0.44	0.44	0	0	0.46
28100	0.46	0.44	0.44	0	0	0.46
28200	0.46	0.44	0.44	0	0	0.46
28300	0.46	0.44	0.44	0	0	0.46
28400	0.46	0.44	0.44	0	0	0.46
28500	0.46	0.44	0.44	0	0	0.46
28600	0.46	0.44	0.44	0	0	0.46
28700	0.46	0.44	0.44	0	0	0.46
28800	0.46	0.44	0.44	0	0	0.46
28900	0.46	0.44	0.44	0	0	0.46
29000	0.46	0.44	0.44	0	0	0.46
29100	0.46	0.44	0.44	0	0	0.46
29200	0.46	0.44	0.44	0	0	0.46
29300	0.46	0.44	0.44	0	0	0.46
29400	0.44	0.44	0.44	0	0	0.44
29500	0.44	0.44	0.44	0	0	0.44
29600	0.44	0.44	0.44	0	0	0.44
29700	0.44	0.44	0.44	0	0	0.44
29800	0.42	0.44	0.44	0	0	0.42
29900	0.42	0.44	0.44	0	0	0.42
30000	0.42	0.44	0.44	0	0	0.42
30100	0.42	0.44	0.44	0	0	0.42
30200	0.42	0.44	0.44	0	0	0.42
30300	0.42	0.46	0.46	0	0	0.42
30400	0.42	0.46	0.46	0	0	0.42
30500	0.42	0.46	0.46	0	0	0.42
30600	0.42	0.46	0.46	0	0	0.42
30700	0.42	0.46	0.46	0	0	0.42
30800	0.42	0.46	0.46	0	0	0.42
30900	0.42	0.46	0.46	0	0	0.42
31000	0.42	0.46	0.46	0	0	0.42
31100	0.42	0.46	0.46	0	0	0.42
31200	0.42	0.46	0.46	0	0	0.42
31300	0.42	0.46	0.46	0	0	0.42
31400	0.42	0.46	0.46	0	0	0.42
31500	0.42	0.46	0.46	0	0	0.42
31600	0.42	0.46	0.46	0	0	0.42
31700	0.42	0.46	0.46	0	0	0.42
31800	0.46	0.46	0.46	0	0	0.46
31900	0.48	0.46	0.46	0	0	0.48
32000	0.48	0.46	0.46	0	0	0.48
32100	0.48	0.46	0.46	0	0	0.48
32200	0.48	0.46	0.46	0	0	0.48
32300	0.48	0.46	0.46	0	0	0.48
32400	0.46	0.46	0.46	0	0	0.46
32500	0.46	0.46	0.46	0	0	0.46
32600	0.46	0.46	0.46	0	0	0.46
32700	0.46	0.46	0.46	0	0	0.46
32800	0.46	0.46	0.46	0	0	0.46
32900	0.46	0.46	0.46	0	0	0.46
33000	0.46	0.46	0.46	0	0	0.46
33100	0.46	0.46	0.46	0	0	0.46
33200	0.46	0.46	0.46	0	0	0.46
33300	0.46	0.46	0.46	0	0	0.46
33400	0.46	0.46	0.46	0	0	0.46
33500	0.46	0.46	0.46	0	0	0.46
33600	0.46	0.48	0.48	0	0	0.46
33700	0.46	0.48	0.48	0	0	0.46
33800	0.46	0.48	0.48	0	0	0.46
33900	0.46	0.48	0.48	0	0	0.46
34000	0.46	0.48	0.48	0	0	0.46
34100	0.46	0.48	0.48	0	0	0.46
34200	0.46	0.48	0.48	0	0	0.46
34300	0.46	0.48	0.48	0	0	0.46
34400	0.46	0.48	0.48	0	0	0.46
34500	0.46	0.48	0.48	0	0	0.46
34600	0.46	0.48	0.48	0	0	0.46
34700	0.46	0.48	0.48	0	0	0.46
34800	0.46	0.48	0.48	0	0	0.46
34900	0.46	0.48	0.48	0	0	0.46
35000	0.46	0.48	0.48	0	0	0.46
35100	0.46	0.48	0.48	0	0	0.46
35200	0.46	0.48	0.48	0	0	0.46
35300	0.46	0.48	0.48	0	0	0.46
35400	0.46	0.48	0.48	0	0	0.46
35500	0.46	0.46	0.46	0	0	0.46
35600	0.46	0.46	0.46	0	0	0.46
35700	0.44	0.46	0.46	0	0	0.44
35800	0.44	0.46	0.46	0	0	0.44
35900	0.44	0.46	0.46	0	0	0.44
36000	0.44	0.48	0.48	0	0	0.44
36100	0.44	0.48	0.48	0	0	0.44
36200	0.44	0.48	0.48	0	0	0.44
36300	0.42	0.48	0.48	0	0	0.42
36400	0.42	0.48	0.48	0	0	0.42
36500	0.42	0.48	0.48	0	0	0.42
36600	0.42	0.48	0.48	0	0	0.42
36700	0.42	0.48	0.48	0	0	0.42
36800	0.42	0.48	0.48	0	0	0.42
36900	0.42	0.48	0.48	0	0	0.42
37000	0.42	0.48	0.48	0	0	0.42
37100	0.42	0.48	0.48	0	0	0.42
37200	0.42	0.48	0.48	0	0	0.42
37300	0.42	0.48	0.48	0	0	0.42
37400	0.42	0.48	0.48	0	0	0.42
37500	0.42	0.48	0.48	0	0	0.42
37600	0.42	0.48	0.48	0	0	0.42
37700	0.44	0.48	0.48	0	0	0.44
37800	0.44	0.48	0.48	0	0	0.44
37900	0.44	0.48	0.48	0	0	0.44
38000	0.44	0.48	0.48	0	0	0.44
38100	0.44	0.48	0.48	0	0	0.44
38200	0.46	0.48	0.48	0	0	0.46
38300	0.46	0.48	0.48	0	0	0.46
38400	0.46	0.48	0.48	0	0	0.46
38500	0.46	0.48	0.48	0	0	0.46
38600	0.46	0.48	0.48	0	0	0.46
38700	0.46	0.48	0.48	0	0	0.46
38800	0.46	0.48	0.48	0	0	0.46
38900	0.46	0.48	0.48	0	0	0.46
39000	0.46	0.48	0.48	0	0	0.46
39100	0.48	0.48	0.48	0	0	0.48
39200	0.48	0.48	0.48	0	0	0.48
39300	0.48	0.48	0.48	0	0	0.48
39400	0.48	0.48	0.48	0	0	0.48
39500	0.48	0.48	0.48	0	0	0.48
39600	0.48	0.48	0.48	0	0	0.48
39700	0.48	0.48	0.48	0	0	0.48
39800	0.48	0.48	0.48	0	0	0.48
39900	0.48	0.46	0.46	0	0	0.48
40000	0.48	0.46	0.46	0	0	0.48
40100	0.48	0.46	0.46	0	0	0.48
40200	0.48	0.46	0.46	0	0	0.48
40300	0.48	0.46	0.46	0	0	0.48
40400	0.48	0.46	0.46	0	0	0.48
40500	0.48	0.46	0.46	0	0	0.48
40600	0.48	0.46	0.46	0	0	0.48
40700	0.48	0.46	0.46	0	0	0.48
40800	0.48	0.46	0.46	0	0	0.48
40900	0.48	0.46	0.46	0	0	0.48
41000	0.48	0.46	0.46	0	0	0.48
41100	0.48	0.46	0.46	0	0	0.48
41200	0.48	0.46	0.46	0	0	0.48
41300	0.48	0.46	0.46	0	0	0.48
41400	0.48	0.46	0.46	0	0	0.48
41500	0.48	0.46	0.46	0	0	0.48
41600	0.48	0.46	0.46	0	0	0.48
41700	0.48	0.46	0.46	0	0	0.48
41800	0.48	0.46	0.46	0	0	0.48
41900	0.48	0.46	0.46	0	0	0.48
42000	0.48	0.46	0.46	0	0	0.48
42100	0.48	0.46	0.46	0	0	0.48
42200	0.48	0.46	0.46	0	0	0.48
42300	0.48	0.46	0.46	0	0	0.48
42400	0.48	0.46	0.46	0	0	0.48
42500	0.48	0.46	0.46	0	0	0.48
42600	0.48	0.44	0.44	0	0	0.48
42700	0.48	0.44	0.44	0	0	0.48
42800	0.48	0.44	0.44	0	0	0.48
42900	0.48	0.44	0.44	0	0	0.48
43000	0.48	0.44	0.44	0	0	0.48
43100	0.48	0.44	0.44	0	0	0.48
43200	0.48	0.44	0.44	0	0	0.48
43300	0.48	0.44	0.44	0	0	0.48
43400	0.48	0.44	0.44	0	0	0.48
43500	0.48	0.44	0.44	0	0	0.48
43600	0.48	0.44	0.44	0	0	0.48
43700	0.48	0.44	0.44	0	0	0.48
43800	0.48	0.44	0.44	0	0	0.48
43900	0.48	0.44	0.44	0	0	0.48
44000	0.48	0.44	0.44	0	0	0.48
44100	0.48	0.44	0.44	0	0	0.48
44200	0.48	0.44	0.44	0	0	0.48
44300	0.48	0.44	0.44	0	0	0.48
44400	0.48	0.44	0.44	0	0	0.48
44500	0.48	0.44	0.44	0	0	0.48
44600	0.48	0.44	0.44	0	0	0.48
44700	0.48	0.44	0.44	0	0	0.48
44800	0.5	0.44	0.44	0	0	0.5
44900	0.5	0.44	0.44	0	0	0.5
45000	0.5	0.44	0.44	0	0	0.5
45100	0.5	0.44	0.44	0	0	0.5
45200	0.5	0.44	0.44	0	0	0.5
45300	0.5	0.44	0.44	0	0	0.5
45400	0.5	0.44	0.44	0	0	0.5
45500	0.5	0.44	0.44	0	0	0.5
45600	0.5	0.44	0.44	0	0	0.5
45700	0.5	0.44	0.44	0	0	0.5
45800	0.46	0.44	0.44	0	0	0.46
45900	0.46	0.44	0.44	0	0	0.46
46000	0.46	0.44	0.44	0	0	0.46
46100	0.46	0.44	0.44	0	0	0.46
46200	0.44	0.44	0.44	0	0	0.44
46300	0.44	0.44	0.44	0	0	0.44
46400	0.44	0.44	0.44	0	0	0.44
46500	0.44	0.44	0.44	0	0	0.44
46600	0.44	0.44	0.44	0	0	0.44
46700	0.44	0.44	0.44	0	0	0.44
46800	0.44	0.44	0.44	0	0	0.44
46900	0.44	0.44	0.44	0	0	0.44
47000	0.44	0.44	0.44	0	0	0.44
47100	0.44	0.44	0.44	0	0	0.44
47200	0.44	0.44	0.44	0	0	0.44
47300	0.44	0.44	0.44	0	0	0.44
47400	0.44	0.42	0.42	0	0	0.44
47500	0.44	0.42	0.42	0	0	0.44
47600	0.44	0.42	0.42	0	0	0.44
47700	0.44	0.42	0.42	0	0	0.44
47800	0.44	0.42	0.42	0	0	0.44
47900	0.44	0.42	0.42	0	0	0.44
48000	0.44	0.44	0.44	0	0	0.44
48100	0.44	0.46	0.46	0	0	0.44
48200	0.44	0.46	0.46	0	0	0.44
48300	0.44	0.46	0.46	0	0	0.44
48400	0.46	0.46	0.46	0	0	0.46
48500	0.46	0.46	0.46	0	0	0.46
48600	0.46	0.46	0.46	0	0	0.46
48700	0.46	0.46	0.46	0	0	0.46
48800	0.46	0.46	0.46	0	0	0.46
48900	0.46	0.46	0.46	0	0	0.46
49000	0.46	0.46	0.46	0	0	0.46
49100	0.46	0.46	0.46	0	0	0.46
49200	0.46	0.46	0.46	0	0	0.46
49300	0.44	0.48	0.48	0	0	0.44
49400	0.44	0.48	0.48	0	0	0.44
49500	0.44	0.48	0.48	0	0	0.44
49600	0.44	0.48	0.48	0	0	0.44
49700	0.44	0.48	0.48	0	0	0.44
49800	0.44	0.48	0.48	0	0	0.44
49900	0.44	0.48	0.48	0	0	0.44
50000	0.44	0.48	0.48	0	0	0.44
50100	0.44	0.48	0.48	0	0	0.44
50200	0.44	0.48	0.48	0	0	0.44
50300	0.44	0.48	0.48	0	0	0.44
50400	0.44	0.48	0.48	0	0	0.44
50500	0.44	0.48	0.48	0	0	0.44
50600	0.44	0.5	0.5	0	0	0.44
50700	0.44	0.48	0.48	0	0	0.44
50800	0.44	0.48	0.48	0	0	0.44
50900	0.44	0.48	0.48	0	0	0.44
51000	0.44	0.48	0.48	0	0	0.44
51100	0.44	0.5	0.5	0	0	0.44
51200	0.44	0.5	0.5	0	0	0.44
51300	0.44	0.5	0.5	0	0	0.44
51400	0.44	0.5	0.5	0	0	0.44
51500	0.44	0.48	0.48	0	0	0.44
51600	0.44	0.48	0.48	0	0	0.44
51700	0.44	0.48	0.48	0	0	0.44
51800	0.44	0.48	0.48	0	0	0.44
51900	0.44	0.48	0.48	0	0	0.44
52000	0.44	0.48	0.48	0	0	0.44
52100	0.44	0.48	0.48	0	0	0.44
52200	0.44	0.48	0.48	0	0	0.44
52300	0.44	0.48	0.48	0	0	0.44
52400	0.44	0.48	0.48	0	0	0.44
52500	0.44	0.48	0.48	0	0	0.44
52600	0.44	0.48	0.48	0	0	0.44
52700	0.44	0.48	0.48	0	0	0.44
52800	0.44	0.48	0.48	0	0	0.44
52900	0.44	0.48	0.48	0	0	0.44
53000	0.44	0.5	0.5	0	0	0.44
53100	0.44	0.48	0.48	0	0	0.44
53200	0.44	0.48	0.48	0	0	0.44
53300	0.44	0.48	0.48	0	0	0.44
53400	0.44	0.48	0.48	0	0	0.44
53500	0.44	0.48	0.48	0	0	0.44
53600	0.44	0.48	0.48	0	0	0.44
53700	0.44	0.48	0.48	0	0	0.44
53800	0.44	0.48	0.48	0	0	0.44
53900	0.46	0.48	0.48	0	0	0.46
54000	0.46	0.48	0.48	0	0	0.46
54100	0.46	0.48	0.48	0	0	0.46
54200	0.46	0.48	0.48	0	0	0.46
54300	0.48	0.48	0.48	0	0	0.48
54400	0.46	0.48	0.48	0	0	0.46
54500	0.46	0.48	0.48	0	0	0.46
54600	0.46	0.48	0.48	0	0	0.46
54700	0.46	0.48	0.48	0	0	0.46
54800	0.46	0.48	0.48	0	0	0.46
54900	0.46	0.48	0.48	0	0	0.46
55000	0.46	0.48	0.48	0	0	0.46
55100	0.48	0.48	0.48	0	0	0.48
55200	0.48	0.48	0.48	0	0	0.48
55300	0.48	0.48	0.48	0	0	0.48
55400	0.48	0.48	0.48	0	0	0.48
55500	0.48	0.48	0.48	0	0	0.48
55600	0.48	0.48	0.48	0	0	0.48
55700	0.48	0.48	0.48	0	0	0.48
55800	0.48	0.48	0.48	0	0	0.48
55900	0.48	0.48	0.48	0	0	0.48
56000	0.48	0.48	0.48	0	0	0.48
56100	0.48	0.48	0.48	0	0	0.48
56200	0.48	0.48	0.48	0	0	0.48
56300	0.48	0.48	0.48	0	0	0.48
56400	0.48	0.48	0.48	0	0	0.48
56500	0.48	0.48	0.48	0	0	0.48
56600	0.48	0.48	0.48	0	0	0.48
56700	0.48	0.48	0.48	0	0	0.48
56800	0.48	0.5	0.5	0	0	0.48
56900	0.48	0.5	0.5	0	0	0.48
57000	0.48	0.5	0.5	0	0	0.48
57100	0.48	0.5	0.5	0	0	0.48
57200	0.48	0.5	0.5	0	0	0.48
57300	0.48	0.5	0.5	0	0	0.48
57400	0.5	0.5	0.5	0	0	0.5
57500	0.48	0.5	0.5	0	0	0.48
57600	0.48	0.5	0.5	0	0	0.48
57700	0.46	0.5	0.5	0	0	0.46
57800	0.46	0.5	0.5	0	0	0.46
57900	0.46	0.5	0.5	0	0	0.46
58000	0.46	0.5	0.5	0	0	0.46
58100	0.46	0.5	0.5	0	0	0.46
58200	0.46	0.5	0.5	0	0	0.46
58300	0.46	0.5	0.5	0	0	0.46
58400	0.46	0.5	0.5	0	0	0.46
58500	0.46	0.5	0.5	0	0	0.46
58600	0.46	0.5	0.5	0	0	0.46
58700	0.46	0.52	0.52	0	0	0.46
58800	0.46	0.5	0.5	0	0	0.46
58900	0.44	0.5	0.5	0	0	0.44
59000	0.44	0.5	0.5	0	0	0.44
59100	0.44	0.5	0.5	0	0	0.44
59200	0.4	0.5	0.5	0	0	0.4
59300	0.4	0.5	0.5	0	0	0.4
59400	0.4	0.5	0.5	0	0	0.4
59500	0.4	0.5	0.5	0	0	0.4
59600	0.4	0.5	0.5	0	0	0.4
59700	0.4	0.5	0.5	0	0	0.4
59800	0.4	0.5	0.5	0	0	0.4
59900	0.4	0.5	0.5	0	0	0.4
60000	0.4	0.48	0.48	0	0	0.4
60100	0.4	0.48	0.48	0	0	0.4
60200	0.4	0.48	0.48	0	0	0.4
60300	0.4	0.48	0.48	0	0	0.4
60400	0.4	0.48	0.48	0	0	0.4
60500	0.42	0.48	0.48	0	0	0.42
60600	0.42	0.48	0.48	0	0	0.42
60700	0.42	0.48	0.48	0	0	0.42
60800	0.42	0.48	0.48	0	0	0.42
60900	0.42	0.48	0.48	0	0	0.42
61000	0.4	0.48	0.48	0	0	0.4
61100	0.4	0.48	0.48	0	0	0.4
61200	0.4	0.48	0.48	0	0	0.4
61300	0.4	0.48	0.48	0	0	0.4
61400	0.4	0.48	0.48	0	0	0.4
61500	0.4	0.48	0.48	0	0	0.4
61600	0.4	0.48	0.48	0	0	0.4
61700	0.4	0.48	0.48	0	0	0.4
61800	0.4	0.48	0.48	0	0	0.4
61900	0.4	0.48	0.48	0	0	0.4
62000	0.4	0.48	0.48	0	0	0.4
62100	0.4	0.48	0.48	0	0	0.4
62200	0.4	0.48	0.48	0	0	0.4
62300	0.4	0.48	0.48	0	0	0.4
62400	0.4	0.52	0.52	0	0	0.4
62500	0.4	0.52	0.52	0	0	0.4
62600	0.4	0.52	0.52	0	0	0.4
62700	0.4	0.52	0.52	0	0	0.4
62800	0.4	0.52	0.52	0	0	0.4
62900	0.4	0.52	0.52	0	0	0.4
63000	0.4	0.52	0.52	0	0	0.4
63100	0.4	0.52	0.52	0	0	0.4
63200	0.4	0.52	0.52	0	0	0.4
63300	0.4	0.52	0.52	0	0	0.4
63400	0.4	0.52	0.52	0	0	0.4
63500	0.4	0.52	0.52	0	0	0.4
63600	0.4	0.52	0.52	0	0	0.4
63700	0.4	0.52	0.52	0	0	0.4
63800	0.4	0.52	0.52	0	0	0.4
63900	0.4	0.52	0.52	0	0	0.4
64000	0.4	0.52	0.52	0	0	0.4
64100	0.4	0.52	0.52	0	0	0.4
64200	0.4	0.52	0.52	0	0	0.4
64300	0.4	0.52	0.52	0	0	0.4
64400	0.4	0.52	0.52	0	0	0.4
64500	0.4	0.52	0.52	0	0	0.4
64600	0.4	0.52	0.52	0	0	0.4
64700	0.4	0.52	0.52	0	0	0.4
64800	0.4	0.52	0.52	0	0	0.4
64900	0.42	0.52	0.52	0	0	0.42
65000	0.42	0.52	0.52	0	0	0.42
65100	0.42	0.52	0.52	0	0	0.42
65200	0.42	0.52	0.52	0	0	0.42
65300	0.42	0.52	0.52	0	0	0.42
65400	0.42	0.52	0.52	0	0	0.42
65500	0.42	0.52	0.52	0	0	0.42
65600	0.42	0.52	0.52	0	0	0.42
65700	0.42	0.52	0.52	0	0	0.42
65800	0.42	0.52	0.52	0	0	0.42
65900	0.42	0.52	0.52	0	0	0.42
66000	0.42	0.52	0.52	0	0	0.42
66100	0.42	0.52	0.52	0	0	0.42
66200	0.42	0.52	0.52	0	0	0.42
66300	0.42	0.52	0.52	0	0	0.42
66400	0.42	0.54	0.54	0	0	0.42
66500	0.42	0.54	0.54	0	0	0.42
66600	0.42	0.54	0.54	0	0	0.42
66700	0.42	0.54	0.54	0	0	0.42
66800	0.42	0.54	0.54	0	0	0.42
66900	0.42	0.54	0.54	0	0	0.42
67000	0.42	0.54	0.54	0	0	0.42
67100	0.42	0.54	0.54	0	0	0.42
67200	0.42	0.54	0.54	0	0	0.42
67300	0.42	0.54	0.54	0	0	0.42
67400	0.42	0.54	0.54	0	0	0.42
67500	0.42	0.54	0.54	0	0	0.42
67600	0.42	0.54	0.54	0	0	0.42
67700	0.42	0.54	0.54	0	0	0.42
67800	0.42	0.54	0.54	0	0	0.42
67900	0.42	0.54	0.54	0	0	0.42
68000	0.42	0.54	0.54	0	0	0.42
68100	0.4	0.54	0.54	0	0	0.4
68200	0.42	0.54	0.54	0	0	0.42
68300	0.42	0.54	0.54	0	0	0.42
68400	0.4	0.54	0.54	0	0	0.4
68500	0.38	0.54	0.54	0	0	0.38
68600	0.38	0.54	0.54	0	0	0.38
68700	0.38	0.54	0.54	0	0	0.38
68800	0.38	0.56	0.56	0	0	0.38
68900	0.38	0.56	0.56	0	0	0.38
69000	0.38	0.56	0.56	0	0	0.38
69100	0.38	0.56	0.56	0	0	0.38
69200	0.38	0.56	0.56	0	0	0.38
69300	0.38	0.56	0.56	0	0	0.38
69400	0.38	0.56	0.56	0	0	0.38
69500	0.38	0.54	0.54	0	0	0.38
69600	0.38	0.54	0.54	0	0	0.38
69700	0.38	0.54	0.54	0	0	0.38
69800	0.38	0.54	0.54	0	0	0.38
69900	0.38	0.54	0.54	0	0	0.38
70000	0.38	0.54	0.54	0	0	0.38
70100	0.38	0.52	0.52	0	0	0.38
70200	0.38	0.52	0.52	0	0	0.38
70300	0.38	0.52	0.52	0	0	0.38
70400	0.38	0.52	0.52	0	0	0.38
70500	0.38	0.52	0.52	0	0	0.38
70600	0.38	0.52	0.52	0	0	0.38
70700	0.38	0.52	0.52	0	0	0.38
70800	0.38	0.52	0.52	0	0	0.38
70900	0.38	0.52	0.52	0	0	0.38
71000	0.38	0.52	0.52	0	0	0.38
71100	0.38	0.52	0.52	0	0	0.38
71200	0.38	0.52	0.52	0	0	0.38
71300	0.4	0.52	0.52	0	0	0.4
71400	0.4	0.52	0.52	0	0	0.4
71500	0.4	0.52	0.52	0	0	0.4
71600	0.4	0.52	0.52	0	0	0.4
71700	0.4	0.52	0.52	0	0	0.4
71800	0.4	0.52	0.52	0	0	0.4
71900	0.4	0.52	0.52	0	0	0.4
72000	0.4	0.52	0.52	0	0	0.4
72100	0.4	0.52	0.52	0	0	0.4
72200	0.4	0.52	0.52	0	0	0.4
72300	0.4	0.52	0.52	0	0	0.4
72400	0.4	0.52	0.52	0	0	0.4
72500	0.4	0.5	0.5	0	0	0.4
72600	0.4	0.5	0.5	0	0	0.4
72700	0.42	0.52	0.52	0	0	0.42
72800	0.42	0.52	0.52	0	0	0.42
72900	0.42	0.5	0.5	0	0	0.42
73000	0.42	0.5	0.5	0	0	0.42
73100	0.42	0.5	0.5	0	0	0.42
73200	0.42	0.5	0.5	0	0	0.42
73300	0.42	0.5	0.5	0	0	0.42
73400	0.42	0.5	0.5	0	0	0.42
73500	0.42	0.5	0.5	0	0	0.42
73600	0.42	0.5	0.5	0	0	0.42
73700	0.42	0.5	0.5	0	0	0.42
73800	0.42	0.5	0.5	0	0	0.42
73900	0.42	0.5	0.5	0	0	0.42
74000	0.42	0.5	0.5	0	0	0.42
74100	0.42	0.5	0.5	0	0	0.42
74200	0.42	0.5	0.5	0	0	0.42
74300	0.42	0.5	0.5	0	0	0.42
74400	0.44	0.5	0.5	0	0	0.44
74500	0.44	0.5	0.5	0	0	0.44
74600	0.44	0.5	0.5	0	0	0.44
74700	0.44	0.5	0.5	0	0	0.44
74800	0.44	0.5	0.5	0	0	0.44
74900	0.44	0.5	0.5	0	0	0.44
75000	0.44	0.5	0.5	0	0	0.44
75100	0.44	0.5	0.5	0	0	0.44
75200	0.44	0.5	0.5	0	0	0.44
75300	0.44	0.5	0.5	0	0	0.44
75400	0.44	0.48	0.48	0	0	0.44
75500	0.44	0.48	0.48	0	0	0.44
75600	0.44	0.48	0.48	0	0	0.44
75700	0.46	0.48	0.48	0	0	0.46
75800	0.46	0.48	0.48	0	0	0.46
75900	0.46	0.48	0.48	0	0	0.46
76000	0.46	0.48	0.48	0	0	0.46
76100	0.46	0.48	0.48	0	0	0.46
76200	0.46	0.48	0.48	0	0	0.46
76300	0.46	0.48	0.48	0	0	0.46
76400	0.46	0.48	0.48	0	0	0.46
76500	0.46	0.48	0.48	0	0	0.46
76600	0.46	0.48	0.48	0	0	0.46
76700	0.46	0.48	0.48	0	0	0.46
76800	0.46	0.48	0.48	0	0	0.46
76900	0.46	0.48	0.48	0	0	0.46
77000	0.46	0.48	0.48	0	0	0.46
77100	0.46	0.48	0.48	0	0	0.46
77200	0.46	0.48	0.48	0	0	0.46
77300	0.46	0.48	0.48	0	0	0.46
77400	0.46	0.48	0.48	0	0	0.46
77500	0.46	0.48	0.48	0	0	0.46
77600	0.46	0.48	0.48	0	0	0.46
77700	0.46	0.48	0.48	0	0	0.46
77800	0.46	0.48	0.48	0	0	0.46
77900	0.46	0.48	0.48	0	0	0.46
78000	0.46	0.48	0.48	0	0	0.46
78100	0.46	0.48	0.48	0	0	0.46
78200	0.46	0.48	0.48	0	0	0.46
78300	0.46	0.48	0.48	0	0	0.46
78400	0.46	0.48	0.48	0	0	0.46
78500	0.46	0.48	0.48	0	0	0.46
78600	0.46	0.48	0.48	0	0	0.46
78700	0.46	0.48	0.48	0	0	0.46
78800	0.46	0.48	0.48	0	0	0.46
78900	0.46	0.48	0.48	0	0	0.46
79000	0.46	0.48	0.48	0	0	0.46
79100	0.46	0.48	0.48	0	0	0.46
79200	0.46	0.48	0.48	0	0	0.46
79300	0.46	0.48	0.48	0	0	0.46
79400	0.46	0.48	0.48	0	0	0.46
79500	0.46	0.48	0.48	0	0	0.46
79600	0.46	0.48	0.48	0	0	0.46
79700	0.46	0.48	0.48	0	0	0.46
79800	0.46	0.46	0.46	0	0	0.46
79900	0.46	0.46	0.46	0	0	0.46
80000	0.46	0.46	0.46	0	0	0.46
80100	0.46	0.46	0.46	0	0	0.46
80200	0.48	0.46	0.46	0	0	0.48
80300	0.48	0.46	0.46	0	0	0.48
80400	0.48	0.44	0.44	0	0	0.48
80500	0.48	0.44	0.44	0	0	0.48
80600	0.48	0.44	0.44	0	0	0.48
80700	0.48	0.44	0.44	0	0	0.48
80800	0.48	0.44	0.44	0	0	0.48
80900	0.48	0.44	0.44	0	0	0.48
81000	0.48	0.44	0.44	0	0	0.48
81100	0.48	0.44	0.44	0	0	0.48
81200	0.48	0.44	0.44	0	0	0.48
81300	0.48	0.44	0.44	0	0	0.48
81400	0.48	0.44	0.44	0	0	0.48
81500	0.48	0.44	0.44	0	0	0.48
81600	0.48	0.44	0.44	0	0	0.48
81700	0.48	0.44	0.44	0	0	0.48
81800	0.48	0.44	0.44	0	0	0.48
81900	0.48	0.44	0.44	0	0	0.48
82000	0.48	0.44	0.44	0	0	0.48
82100	0.5	0.44	0.44	0	0	0.5
82200	0.5	0.44	0.44	0	0	0.5
82300	0.5	0.44	0.44	0	0	0.5
82400	0.5	0.42	0.42	0	0	0.5
82500	0.48	0.42	0.42	0	0	0.48
82600	0.48	0.42	0.42	0	0	0.48
82700	0.48	0.42	0.42	0	0	0.48
82800	0.5	0.42	0.42	0	0	0.5
82900	0.5	0.42	0.42	0	0	0.5
83000	0.5	0.42	0.42	0	0	0.5
83100	0.5	0.4	0.4	0	0	0.5
83200	0.5	0.4	0.4	0	0	0.5
83300	0.5	0.4	0.4	0	0	0.5
83400	0.5	0.4	0.4	0	0	0.5
83500	0.5	0.4	0.4	0	0	0.5
83600	0.5	0.4	0.4	0	0	0.5
83700	0.52	0.4	0.4	0	0	0.52
83800	0.52	0.4	0.4	0	0	0.52
83900	0.52	0.4	0.4	0	0	0.52
84000	0.52	0.42	0.42	0	0	0.52
84100	0.52	0.42	0.42	0	0	0.52
84200	0.52	0.42	0.42	0	0	0.52
84300	0.52	0.42	0.42	0	0	0.52
84400	0.52	0.42	0.42	0	0	0.52
84500	0.52	0.42	0.42	0	0	0.52
84600	0.52	0.42	0.42	0	0	0.52
84700	0.52	0.42	0.42	0	0	0.52
84800	0.52	0.42	0.42	0	0	0.52
84900	0.5	0.42	0.42	0	0	0.5
85000	0.5	0.42	0.42	0	0	0.5
85100	0.5	0.42	0.42	0	0	0.5
85200	0.5	0.42	0.42	0	0	0.5
85300	0.5	0.42	0.42	0	0	0.5
85400	0.48	0.42	0.42	0	0	0.48
85500	0.48	0.42	0.42	0	0	0.48
85600	0.48	0.42	0.42	0	0	0.48
85700	0.48	0.42	0.42	0	0	0.48
85800	0.48	0.42	0.42	0	0	0.48
85900	0.48	0.42	0.42	0	0	0.48
86000	0.48	0.42	0.42	0	0	0.48
86100	0.48	0.42	0.42	0	0	0.48
86200	0.5	0.42	0.42	0	0	0.5
86300	0.5	0.42	0.42	0	0	0.5
86400	0.5	0.42	0.42	0	0	0.5
86500	0.5	0.42	0.42	0	0	0.5
86600	0.5	0.42	0.42	0	0	0.5
86700	0.5	0.42	0.42	0	0	0.5
86800	0.5	0.42	0.42	0	0	0.5
86900	0.52	0.44	0.44	0	0	0.52
87000	0.52	0.44	0.44	0	0	0.52
87100	0.52	0.44	0.44	0	0	0.52
87200	0.52	0.44	0.44	0	0	0.52
87300	0.52	0.44	0.44	0	0	0.52
87400	0.52	0.44	0.44	0	0	0.52
87500	0.52	0.44	0.44	0	0	0.52
87600	0.52	0.44	0.44	0	0	0.52
87700	0.52	0.44	0.44	0	0	0.52
87800	0.52	0.44	0.44	0	0	0.52
87900	0.52	0.44	0.44	0	0	0.52
88000	0.52	0.44	0.44	0	0	0.52
88100	0.52	0.44	0.44	0	0	0.52
88200	0.52	0.44	0.44	0	0	0.52
88300	0.52	0.44	0.44	0	0	0.52
88400	0.52	0.44	0.44	0	0	0.52
88500	0.52	0.44	0.44	0	0	0.52
88600	0.52	0.44	0.44	0	0	0.52
88700	0.52	0.44	0.44	0	0	0.52
88800	0.52	0.44	0.44	0	0	0.52
88900	0.52	0.44	0.44	0	0	0.52
89000	0.52	0.42	0.42	0	0	0.52
89100	0.52	0.42	0.42	0	0	0.52
89200	0.52	0.42	0.42	0	0	0.52
89300	0.52	0.42	0.42	0	0	0.52
89400	0.52	0.42	0.42	0	0	0.52
89500	0.52	0.42	0.42	0	0	0.52
89600	0.52	0.42	0.42	0	0	0.52
89700	0.52	0.42	0.42	0	0	0.52
89800	0.52	0.42	0.42	0	0	0.52
89900	0.52	0.42	0.42	0	0	0.52
90000	0.52	0.42	0.42	0	0	0.52
90100	0.52	0.42	0.42	0	0	0.52
90200	0.52	0.42	0.42	0	0	0.52
90300	0.54	0.42	0.42	0	0	0.54
90400	0.54	0.42	0.42	0	0	0.54
90500	0.54	0.42	0.42	0	0	0.54
90600	0.54	0.42	0.42	0	0	0.54
90700	0.54	0.42	0.42	0	0	0.54
90800	0.54	0.42	0.42	0	0	0.54
90900	0.54	0.42	0.42	0	0	0.54
91000	0.54	0.42	0.42	0	0	0.54
91100	0.54	0.42	0.42	0	0	0.54
91200	0.54	0.42	0.42	0	0	0.54
91300	0.54	0.42	0.42	0	0	0.54
91400	0.54	0.42	0.42	0	0	0.54
91500	0.54	0.42	0.42	0	0	0.54
91600	0.54	0.42	0.42	0	0	0.54
91700	0.54	0.42	0.42	0	0	0.54
91800	0.54	0.42	0.42	0	0	0.54
91900	0.54	0.42	0.42	0	0	0.54
92000	0.54	0.42	0.42	0	0	0.54
92100	0.54	0.42	0.42	0	0	0.54
92200	0.52	0.42	0.42	0	0	0.52
92300	0.52	0.42	0.42	0	0	0.52
92400	0.52	0.42	0.42	0	0	0.52
92500	0.52	0.42	0.42	0	0	0.52
92600	0.52	0.42	0.42	0	0	0.52
92700	0.52	0.42	0.42	0	0	0.52
92800	0.52	0.42	0.42	0	0	0.52
92900	0.52	0.42	0.42	0	0	0.52
93000	0.52	0.42	0.42	0	0	0.52
93100	0.54	0.42	0.42	0	0	0.54
93200	0.54	0.42	0.42	0	0	0.54
93300	0.54	0.42	0.42	0	0	0.54
93400	0.54	0.42	0.42	0	0	0.54
93500	0.54	0.42	0.42	0	0	0.54
93600	0.54	0.42	0.42	0	0	0.54
93700	0.52	0.42	0.42	0	0	0.52
93800	0.5	0.42	0.42	0	0	0.5
93900	0.5	0.42	0.42	0	0	0.5
94000	0.5	0.42	0.42	0	0	0.5
94100	0.5	0.4	0.4	0	0	0.5
94200	0.5	0.4	0.4	0	0	0.5
94300	0.5	0.4	0.4	0	0	0.5
94400	0.48	0.4	0.4	0	0	0.48
94500	0.48	0.4	0.4	0	0	0.48
94600	0.48	0.4	0.4	0	0	0.48
94700	0.48	0.4	0.4	0	0	0.48
94800	0.48	0.4	0.4	0	0	0.48
94900	0.48	0.4	0.4	0	0	0.48
95000	0.48	0.4	0.4	0	0	0.48
95100	0.48	0.4	0.4	0	0	0.48
95200	0.5	0.4	0.4	0	0	0.5
95300	0.5	0.4	0.4	0	0	0.5
95400	0.5	0.4	0.4	0	0	0.5
95500	0.5	0.4	0.4	0	0	0.5
95600	0.5	0.4	0.4	0	0	0.5
95700	0.5	0.4	0.4	0	0	0.5
95800	0.5	0.4	0.4	0	0	0.5
95900	0.5	0.4	0.4	0	0	0.5
96000	0.5	0.4	0.4	0	0	0.5
96100	0.5	0.4	0.4	0	0	0.5
96200	0.5	0.4	0.4	0	0	0.5
96300	0.5	0.4	0.4	0	0	0.5
96400	0.5	0.4	0.4	0	0	0.5
96500	0.5	0.4	0.4	0	0	0.5
96600	0.5	0.4	0.4	0	0	0.5
96700	0.5	0.4	0.4	0	0	0.5
96800	0.5	0.4	0.4	0	0	0.5
96900	0.5	0.4	0.4	0	0	0.5
97000	0.5	0.4	0.4	0	0	0.5
97100	0.5	0.4	0.4	0	0	0.5
97200	0.5	0.4	0.4	0	0	0.5
97300	0.5	0.4	0.4	0	0	0.5
97400	0.5	0.4	0.4	0	0	0.5
97500	0.5	0.4	0.4	0	0	0.5
97600	0.5	0.4	0.4	0	0	0.5
97700	0.5	0.4	0.4	0	0	0.5
97800	0.5	0.4	0.4	0	0	0.5
97900	0.5	0.4	0.4	0	0	0.5
98000	0.5	0.4	0.4	0	0	0.5
98100	0.5	0.4	0.4	0	0	0.5
98200	0.5	0.4	0.4	0	0	0.5
98300	0.5	0.4	0.4	0	0	0.5
98400	0.5	0.42	0.42	0	0	0.5
98500	0.5	0.42	0.42	0	0	0.5
98600	0.5	0.42	0.42	0	0	0.5
98700	0.5	0.44	0.44	0	0	0.5
98800	0.5	0.44	0.44	0	0	0.5
98900	0.5	0.44	0.44	0	0	0.5
99000	0.48	0.44	0.44	0	0	0.48
99100	0.48	0.44	0.44	0	0	0.48
99200	0.48	0.44	0.44	0	0	0.48
99300	0.46	0.44	0.44	0	0	0.46
99400	0.46	0.44	0.44	0	0	0.46
99500	0.46	0.44	0.44	0	0	0.46
99600	0.46	0.44	0.44	0	0	0.46
99700	0.46	0.44	0.44	0	0	0.46
99800	0.46	0.44	0.44	0	0	0.46
99900	0.46	0.44	0.44	0	0	0.46
100000	0.46	0.44	0.44	0	0	0.46
