100	0.1	0.08	0.08	0	0	0.1
200	0.08	0.12	0.12	0	0	0.08
300	0.08	0.14	0.14	0	0	0.08
400	0.1	0.14	0.14	0	0	0.1
500	0.1	0.14	0.14	0	0	0.1
600	0.12	0.14	0.14	0	0	0.12
700	0.12	0.16	0.16	0	0	0.12
800	0.14	0.16	0.16	0	0	0.14
900	0.14	0.16	0.16	0	0	0.14
1000	0.18	0.16	0.16	0	0	0.18
1100	0.14	0.18	0.18	0	0	0.14
1200	0.14	0.18	0.18	0	0	0.14
1300	0.14	0.18	0.18	0	0	0.14
1400	0.14	0.2	0.2	0	0	0.14
1500	0.16	0.24	0.24	0	0	0.16
1600	0.18	0.24	0.24	0	0	0.18
1700	0.16	0.26	0.26	0	0	0.16
1800	0.16	0.26	0.26	0	0	0.16
1900	0.18	0.3	0.3	0	0	0.18
2000	0.16	0.34	0.34	0	0	0.16
2100	0.16	0.34	0.34	0	0	0.16
2200	0.16	0.38	0.38	0	0	0.16
2300	0.16	0.36	0.36	0	0	0.16
2400	0.16	0.36	0.36	0	0	0.16
2500	0.16	0.4	0.4	0	0	0.16
2600	0.18	0.38	0.38	0	0	0.18
2700	0.18	0.38	0.38	0	0	0.18
2800	0.18	0.38	0.38	0	0	0.18
2900	0.18	0.38	0.38	0	0	0.18
3000	0.18	0.36	0.36	0	0	0.18
3100	0.18	0.38	0.38	0	0	0.18
3200	0.18	0.4	0.4	0	0	0.18
3300	0.18	0.4	0.4	0	0	0.18
3400	0.22	0.42	0.42	0	0	0.22
3500	0.22	0.4	0.4	0	0	0.22
3600	0.22	0.38	0.38	0	0	0.22
3700	0.24	0.42	0.42	0	0	0.24
3800	0.24	0.42	0.42	0	0	0.24
3900	0.24	0.42	0.42	0	0	0.24
4000	0.24	0.4	0.4	0	0	0.24
4100	0.24	0.4	0.4	0	0	0.24
4200	0.26	0.4	0.4	0	0	0.26
4300	0.26	0.4	0.4	0	0	0.26
4400	0.26	0.42	0.42	0	0	0.26
4500	0.26	0.42	0.42	0	0	0.26
4600	0.26	0.44	0.44	0	0	0.26
4700	0.26	0.46	0.46	0	0	0.26
4800	0.26	0.44	0.44	0	0	0.26
4900	0.26	0.42	0.42	0	0	0.26
5000	0.26	0.42	0.42	0	0	0.26
5100	0.26	0.42	0.42	0	0	0.26
5200	0.26	0.42	0.42	0	0	0.26
5300	0.26	0.42	0.42	0	0	0.26
5400	0.26	0.42	0.42	0	0	0.26
5500	0.26	0.44	0.44	0	0	0.26
5600	0.28	0.46	0.46	0	0	0.28
5700	0.28	0.46	0.46	0	0	0.28
5800	0.28	0.46	0.46	0	0	0.28
5900	0.28	0.46	0.46	0	0	0.28
6000	0.28	0.46	0.46	0	0	0.28
6100	0.28	0.46	0.46	0	0	0.28
6200	0.3	0.44	0.44	0	0	0.3
6300	0.3	0.44	0.44	0	0	0.3
6400	0.3	0.44	0.44	0	0	0.3
6500	0.3	0.44	0.44	0	0	0.3
6600	0.34	0.42	0.42	0	0	0.34
6700	0.34	0.42	0.42	0	0	0.34
6800	0.34	0.42	0.42	0	0	0.34
6900	0.34	0.42	0.42	0	0	0.34
7000	0.32	0.42	0.42	0	0	0.32
7100	0.32	0.44	0.44	0	0	0.32
7200	0.32	0.44	0.44	0	0	0.32
7300	0.34	0.44	0.44	0	0	0.34
7400	0.34	0.44	0.44	0	0	0.34
7500	0.34	0.44	0.44	0	0	0.34
7600	0.34	0.44	0.44	0	0	0.34
7700	0.34	0.44	0.44	0	0	0.34
7800	0.34	0.46	0.46	0	0	0.34
7900	0.34	0.46	0.46	0	0	0.34
8000	0.34	0.46	0.46	0	0	0.34
8100	0.34	0.46	0.46	0	0	0.34
8200	0.34	0.48	0.48	0	0	0.34
8300	0.36	0.5	0.5	0	0	0.36
8400	0.36	0.48	0.48	0	0	0.36
8500	0.36	0.48	0.48	0	0	0.36
8600	0.36	0.48	0.48	0	0	0.36
8700	0.36	0.48	0.48	0	0	0.36
8800	0.36	0.48	0.48	0	0	0.36
8900	0.36	0.48	0.48	0	0	0.36
9000	0.38	0.46	0.46	0	0	0.38
9100	0.36	0.46	0.46	0	0	0.36
9200	0.36	0.46	0.46	0	0	0.36
9300	0.36	0.46	0.46	0	0	0.36
9400	0.36	0.46	0.46	0	0	0.36
9500	0.34	0.46	0.46	0	0	0.34
9600	0.34	0.46	0.46	0	0	0.34
9700	0.36	0.46	0.46	0	0	0.36
9800	0.36	0.46	0.46	0	0	0.36
9900	0.36	0.46	0.46	0	0	0.36
10000	0.36	0.46	0.46	0	0	0.36
10100	0.34	0.46	0.46	0	0	0.34
10200	0.34	0.46	0.46	0	0	0.34
10300	0.34	0.46	0.46	0	0	0.34
10400	0.34	0.46	0.46	0	0	0.34
10500	0.34	0.46	0.46	0	0	0.34
10600	0.34	0.46	0.46	0	0	0.34
10700	0.34	0.46	0.46	0	0	0.34
10800	0.34	0.46	0.46	0	0	0.34
10900	0.34	0.46	0.46	0	0	0.34
11000	0.36	0.46	0.46	0	0	0.36
11100	0.38	0.46	0.46	0	0	0.38
11200	0.36	0.46	0.46	0	0	0.36
11300	0.36	0.44	0.44	0	0	0.36
11400	0.36	0.46	0.46	0	0	0.36
11500	0.36	0.48	0.48	0	0	0.36
11600	0.36	0.48	0.48	0	0	0.36
11700	0.36	0.48	0.48	0	0	0.36
11800	0.36	0.48	0.48	0	0	0.36
11900	0.38	0.5	0.5	0	0	0.38
12000	0.36	0.5	0.5	0	0	0.36
12100	0.36	0.48	0.48	0	0	0.36
12200	0.34	0.48	0.48	0	0	0.34
12300	0.34	0.48	0.48	0	0	0.34
12400	0.34	0.48	0.48	0	0	0.34
12500	0.34	0.48	0.48	0	0	0.34
12600	0.34	0.48	0.48	0	0	0.34
12700	0.34	0.48	0.48	0	0	0.34
12800	0.34	0.48	0.48	0	0	0.34
12900	0.34	0.48	0.48	0	0	0.34
13000	0.34	0.48	0.48	0	0	0.34
13100	0.34	0.48	0.48	0	0	0.34
13200	0.34	0.48	0.48	0	0	0.34
13300	0.34	0.48	0.48	0	0	0.34
13400	0.34	0.48	0.48	0	0	0.34
13500	0.34	0.48	0.48	0	0	0.34
13600	0.34	0.48	0.48	0	0	0.34
13700	0.34	0.48	0.48	0	0	0.34
13800	0.36	0.48	0.48	0	0	0.36
13900	0.36	0.48	0.48	0	0	0.36
14000	0.36	0.48	0.48	0	0	0.36
14100	0.36	0.48	0.48	0	0	0.36
14200	0.34	0.48	0.48	0	0	0.34
14300	0.34	0.48	0.48	0	0	0.34
14400	0.34	0.5	0.5	0	0	0.34
14500	0.34	0.5	0.5	0	0	0.34
14600	0.36	0.5	0.5	0	0	0.36
14700	0.36	0.5	0.5	0	0	0.36
14800	0.36	0.5	0.5	0	0	0.36
14900	0.36	0.5	0.5	0	0	0.36
15000	0.36	0.52	0.52	0	0	0.36
15100	0.36	0.5	0.5	0	0	0.36
15200	0.36	0.5	0.5	0	0	0.36
15300	0.36	0.5	0.5	0	0	0.36
15400	0.38	0.5	0.5	0	0	0.38
15500	0.38	0.5	0.5	0	0	0.38
15600	0.38	0.5	0.5	0	0	0.38
15700	0.38	0.5	0.5	0	0	0.38
15800	0.38	0.5	0.5	0	0	0.38
15900	0.4	0.5	0.5	0	0	0.4
16000	0.4	0.5	0.5	0	0	0.4
16100	0.4	0.5	0.5	0	0	0.4
16200	0.4	0.5	0.5	0	0	0.4
16300	0.4	0.5	0.5	0	0	0.4
16400	0.4	0.5	0.5	0	0	0.4
16500	0.4	0.5	0.5	0	0	0.4
16600	0.4	0.5	0.5	0	0	0.4
16700	0.4	0.5	0.5	0	0	0.4
16800	0.4	0.5	0.5	0	0	0.4
16900	0.4	0.5	0.5	0	0	0.4
17000	0.4	0.5	0.5	0	0	0.4
17100	0.4	0.5	0.5	0	0	0.4
17200	0.4	0.5	0.5	0	0	0.4
17300	0.4	0.5	0.5	0	0	0.4
17400	0.4	0.5	0.5	0	0	0.4
17500	0.4	0.5	0.5	0	0	0.4
17600	0.4	0.5	0.5	0	0	0.4
17700	0.4	0.5	0.5	0	0	0.4
17800	0.4	0.5	0.5	0	0	0.4
17900	0.4	0.5	0.5	0	0	0.4
18000	0.4	0.5	0.5	0	0	0.4
18100	0.42	0.5	0.5	0	0	0.42
18200	0.42	0.5	0.5	0	0	0.42
18300	0.42	0.5	0.5	0	0	0.42
18400	0.42	0.5	0.5	0	0	0.42
18500	0.42	0.5	0.5	0	0	0.42
18600	0.42	0.5	0.5	0	0	0.42
18700	0.42	0.5	0.5	0	0	0.42
18800	0.42	0.5	0.5	0	0	0.42
18900	0.42	0.5	0.5	0	0	0.42
19000	0.42	0.5	0.5	0	0	0.42
19100	0.42	0.5	0.5	0	0	0.42
19200	0.42	0.5	0.5	0	0	0.42
19300	0.42	0.5	0.5	0	0	0.42
19400	0.42	0.5	0.5	0	0	0.42
19500	0.42	0.5	0.5	0	0	0.42
19600	0.42	0.5	0.5	0	0	0.42
19700	0.42	0.5	0.5	0	0	0.42
19800	0.42	0.5	0.5	0	0	0.42
19900	0.42	0.5	0.5	0	0	0.42
20000	0.42	0.48	0.48	0	0	0.42
20100	0.42	0.48	0.48	0	0	0.42
20200	0.42	0.48	0.48	0	0	0.42
20300	0.42	0.5	0.5	0	0	0.42
20400	0.42	0.5	0.5	0	0	0.42
20500	0.42	0.5	0.5	0	0	0.42
20600	0.42	0.5	0.5	0	0	0.42
20700	0.42	0.5	0.5	0	0	0.42
20800	0.42	0.5	0.5	0	0	0.42
20900	0.42	0.5	0.5	0	0	0.42
21000	0.42	0.5	0.5	0	0	0.42
21100	0.42	0.5	0.5	0	0	0.42
21200	0.42	0.5	0.5	0	0	0.42
21300	0.42	0.5	0.5	0	0	0.42
21400	0.42	0.5	0.5	0	0	0.42
21500	0.42	0.5	0.5	0	0	0.42
21600	0.42	0.5	0.5	0	0	0.42
21700	0.42	0.52	0.52	0	0	0.42
21800	0.42	0.52	0.52	0	0	0.42
21900	0.42	0.52	0.52	0	0	0.42
22000	0.42	0.52	0.52	0	0	0.42
22100	0.42	0.52	0.52	0	0	0.42
22200	0.42	0.52	0.52	0	0	0.42
22300	0.42	0.52	0.52	0	0	0.42
22400	0.42	0.52	0.52	0	0	0.42
22500	0.42	0.52	0.52	0	0	0.42
22600	0.42	0.52	0.52	0	0	0.42
22700	0.42	0.52	0.52	0	0	0.42
22800	0.44	0.52	0.52	0	0	0.44
22900	0.44	0.52	0.52	0	0	0.44
23000	0.44	0.52	0.52	0	0	0.44
23100	0.44	0.52	0.52	0	0	0.44
23200	0.42	0.52	0.52	0	0	0.42
23300	0.42	0.5	0.5	0	0	0.42
23400	0.42	0.5	0.5	0	0	0.42
23500	0.42	0.5	0.5	0	0	0.42
23600	0.4	0.5	0.5	0	0	0.4
23700	0.4	0.5	0.5	0	0	0.4
23800	0.4	0.5	0.5	0	0	0.4
23900	0.4	0.5	0.5	0	0	0.4
24000	0.4	0.5	0.5	0	0	0.4
24100	0.4	0.5	0.5	0	0	0.4
24200	0.4	0.5	0.5	0	0	0.4
24300	0.4	0.5	0.5	0	0	0.4
24400	0.42	0.5	0.5	0	0	0.42
24500	0.42	0.5	0.5	0	0	0.42
24600	0.42	0.5	0.5	0	0	0.42
24700	0.42	0.5	0.5	0	0	0.42
24800	0.42	0.5	0.5	0	0	0.42
24900	0.42	0.5	0.5	0	0	0.42
25000	0.42	0.5	0.5	0	0	0.42
25100	0.42	0.5	0.5	0	0	0.42
25200	0.42	0.5	0.5	0	0	0.42
25300	0.42	0.52	0.52	0	0	0.42
25400	0.42	0.52	0.52	0	0	0.42
25500	0.42	0.52	0.52	0	0	0.42
25600	0.42	0.52	0.52	0	0	0.42
25700	0.42	0.5	0.5	0	0	0.42
25800	0.44	0.5	0.5	0	0	0.44
25900	0.44	0.5	0.5	0	0	0.44
26000	0.44	0.5	0.5	0	0	0.44
26100	0.44	0.5	0.5	0	0	0.44
26200	0.44	0.48	0.48	0	0	0.44
26300	0.44	0.48	0.48	0	0	0.44
26400	0.44	0.48	0.48	0	0	0.44
26500	0.44	0.46	0.46	0	0	0.44
26600	0.44	0.46	0.46	0	0	0.44
26700	0.44	0.46	0.46	0	0	0.44
26800	0.44	0.46	0.46	0	0	0.44
26900	0.44	0.46	0.46	0	0	0.44
27000	0.44	0.46	0.46	0	0	0.44
27100	0.44	0.46	0.46	0	0	0.44
27200	0.44	0.46	0.46	0	0	0.44
27300	0.42	0.46	0.46	0	0	0.42
27400	0.42	0.48	0.48	0	0	0.42
27500	0.42	0.46	0.46	0	0	0.42
27600	0.42	0.48	0.48	0	0	0.42
27700	0.42	0.48	0.48	0	0	0.42
27800	0.42	0.48	0.48	0	0	0.42
27900	0.42	0.48	0.48	0	0	0.42
28000	0.42	0.48	0.48	0	0	0.42
28100	0.42	0.48	0.48	0	0	0.42
28200	0.44	0.48	0.48	0	0	0.44
28300	0.44	0.48	0.48	0	0	0.44
28400	0.44	0.48	0.48	0	0	0.44
28500	0.44	0.48	0.48	0	0	0.44
28600	0.44	0.48	0.48	0	0	0.44
28700	0.42	0.48	0.48	0	0	0.42
28800	0.42	0.46	0.46	0	0	0.42
28900	0.42	0.46	0.46	0	0	0.42
29000	0.42	0.46	0.46	0	0	0.42
29100	0.42	0.46	0.46	0	0	0.42
29200	0.42	0.46	0.46	0	0	0.42
29300	0.42	0.46	0.46	0	0	0.42
29400	0.42	0.46	0.46	0	0	0.42
29500	0.42	0.46	0.46	0	0	0.42
29600	0.42	0.46	0.46	0	0	0.42
29700	0.42	0.46	0.46	0	0	0.42
29800	0.42	0.46	0.46	0	0	0.42
29900	0.42	0.48	0.48	0	0	0.42
30000	0.42	0.48	0.48	0	0	0.42
30100	0.42	0.48	0.48	0	0	0.42
30200	0.42	0.5	0.5	0	0	0.42
30300	0.42	0.5	0.5	0	0	0.42
30400	0.42	0.5	0.5	0	0	0.42
30500	0.42	0.5	0.5	0	0	0.42
30600	0.42	0.5	0.5	0	0	0.42
30700	0.42	0.5	0.5	0	0	0.42
30800	0.42	0.5	0.5	0	0	0.42
30900	0.42	0.5	0.5	0	0	0.42
31000	0.42	0.5	0.5	0	0	0.42
31100	0.42	0.5	0.5	0	0	0.42
31200	0.42	0.5	0.5	0	0	0.42
31300	0.42	0.5	0.5	0	0	0.42
31400	0.42	0.5	0.5	0	0	0.42
31500	0.42	0.5	0.5	0	0	0.42
31600	0.42	0.5	0.5	0	0	0.42
31700	0.42	0.5	0.5	0	0	0.42
31800	0.42	0.5	0.5	0	0	0.42
31900	0.42	0.5	0.5	0	0	0.42
32000	0.42	0.5	0.5	0	0	0.42
32100	0.42	0.5	0.5	0	0	0.42
32200	0.42	0.5	0.5	0	0	0.42
32300	0.42	0.5	0.5	0	0	0.42
32400	0.44	0.5	0.5	0	0	0.44
32500	0.42	0.5	0.5	0	0	0.42
32600	0.42	0.5	0.5	0	0	0.42
32700	0.42	0.5	0.5	0	0	0.42
32800	0.4	0.5	0.5	0	0	0.4
32900	0.4	0.5	0.5	0	0	0.4
33000	0.4	0.5	0.5	0	0	0.4
33100	0.4	0.5	0.5	0	0	0.4
33200	0.42	0.5	0.5	0	0	0.42
33300	0.4	0.5	0.5	0	0	0.4
33400	0.4	0.5	0.5	0	0	0.4
33500	0.4	0.5	0.5	0	0	0.4
33600	0.4	0.5	0.5	0	0	0.4
33700	0.4	0.5	0.5	0	0	0.4
33800	0.4	0.5	0.5	0	0	0.4
33900	0.4	0.5	0.5	0	0	0.4
34000	0.4	0.5	0.5	0	0	0.4
34100	0.4	0.5	0.5	0	0	0.4
34200	0.4	0.5	0.5	0	0	0.4
34300	0.4	0.5	0.5	0	0	0.4
34400	0.4	0.5	0.5	0	0	0.4
34500	0.4	0.5	0.5	0	0	0.4
34600	0.4	0.5	0.5	0	0	0.4
34700	0.4	0.5	0.5	0	0	0.4
34800	0.4	0.5	0.5	0	0	0.4
34900	0.4	0.5	0.5	0	0	0.4
35000	0.4	0.5	0.5	0	0	0.4
35100	0.42	0.5	0.5	0	0	0.42
35200	0.42	0.5	0.5	0	0	0.42
35300	0.42	0.5	0.5	0	0	0.42
35400	0.42	0.5	0.5	0	0	0.42
35500	0.42	0.5	0.5	0	0	0.42
35600	0.42	0.5	0.5	0	0	0.42
35700	0.42	0.5	0.5	0	0	0.42
35800	0.42	0.5	0.5	0	0	0.42
35900	0.42	0.5	0.5	0	0	0.42
36000	0.42	0.5	0.5	0	0	0.42
36100	0.42	0.5	0.5	0	0	0.42
36200	0.42	0.5	0.5	0	0	0.42
36300	0.42	0.5	0.5	0	0	0.42
36400	0.42	0.5	0.5	0	0	0.42
36500	0.42	0.5	0.5	0	0	0.42
36600	0.44	0.5	0.5	0	0	0.44
36700	0.44	0.5	0.5	0	0	0.44
36800	0.44	0.5	0.5	0	0	0.44
36900	0.44	0.48	0.48	0	0	0.44
37000	0.44	0.48	0.48	0	0	0.44
37100	0.44	0.48	0.48	0	0	0.44
37200	0.44	0.48	0.48	0	0	0.44
37300	0.44	0.48	0.48	0	0	0.44
37400	0.44	0.48	0.48	0	0	0.44
37500	0.44	0.48	0.48	0	0	0.44
37600	0.44	0.48	0.48	0	0	0.44
37700	0.44	0.48	0.48	0	0	0.44
37800	0.44	0.48	0.48	0	0	0.44
37900	0.44	0.48	0.48	0	0	0.44
38000	0.44	0.5	0.5	0	0	0.44
38100	0.44	0.46	0.46	0	0	0.44
38200	0.44	0.46	0.46	0	0	0.44
38300	0.44	0.46	0.46	0	0	0.44
38400	0.44	0.46	0.46	0	0	0.44
38500	0.44	0.46	0.46	0	0	0.44
38600	0.44	0.46	0.46	0	0	0.44
38700	0.44	0.46	0.46	0	0	0.44
38800	0.44	0.46	0.46	0	0	0.44
38900	0.44	0.46	0.46	0	0	0.44
39000	0.44	0.48	0.48	0	0	0.44
39100	0.44	0.48	0.48	0	0	0.44
39200	0.46	0.48	0.48	0	0	0.46
39300	0.46	0.48	0.48	0	0	0.46
39400	0.46	0.48	0.48	0	0	0.46
39500	0.46	0.48	0.48	0	0	0.46
39600	0.46	0.48	0.48	0	0	0.46
39700	0.46	0.48	0.48	0	0	0.46
39800	0.46	0.48	0.48	0	0	0.46
39900	0.46	0.48	0.48	0	0	0.46
40000	0.46	0.48	0.48	0	0	0.46
40100	0.46	0.48	0.48	0	0	0.46
40200	0.46	0.48	0.48	0	0	0.46
40300	0.46	0.48	0.48	0	0	0.46
40400	0.46	0.48	0.48	0	0	0.46
40500	0.46	0.46	0.46	0	0	0.46
40600	0.46	0.48	0.48	0	0	0.46
40700	0.46	0.46	0.46	0	0	0.46
40800	0.46	0.46	0.46	0	0	0.46
40900	0.46	0.46	0.46	0	0	0.46
41000	0.46	0.46	0.46	0	0	0.46
41100	0.46	0.46	0.46	0	0	0.46
41200	0.46	0.46	0.46	0	0	0.46
41300	0.46	0.46	0.46	0	0	0.46
41400	0.46	0.46	0.46	0	0	0.46
41500	0.46	0.46	0.46	0	0	0.46
41600	0.46	0.46	0.46	0	0	0.46
41700	0.46	0.46	0.46	0	0	0.46
41800	0.46	0.46	0.46	0	0	0.46
41900	0.46	0.46	0.46	0	0	0.46
42000	0.46	0.46	0.46	0	0	0.46
42100	0.46	0.46	0.46	0	0	0.46
42200	0.46	0.48	0.48	0	0	0.46
42300	0.46	0.48	0.48	0	0	0.46
42400	0.46	0.48	0.48	0	0	0.46
42500	0.46	0.48	0.48	0	0	0.46
42600	0.44	0.48	0.48	0	0	0.44
42700	0.44	0.48	0.48	0	0	0.44
42800	0.44	0.48	0.48	0	0	0.44
42900	0.44	0.48	0.48	0	0	0.44
43000	0.44	0.48	0.48	0	0	0.44
43100	0.44	0.48	0.48	0	0	0.44
43200	0.44	0.48	0.48	0	0	0.44
43300	0.44	0.48	0.48	0	0	0.44
43400	0.44	0.48	0.48	0	0	0.44
43500	0.44	0.48	0.48	0	0	0.44
43600	0.44	0.48	0.48	0	0	0.44
43700	0.44	0.48	0.48	0	0	0.44
43800	0.44	0.48	0.48	0	0	0.44
43900	0.44	0.48	0.48	0	0	0.44
44000	0.44	0.48	0.48	0	0	0.44
44100	0.44	0.48	0.48	0	0	0.44
44200	0.44	0.48	0.48	0	0	0.44
44300	0.44	0.48	0.48	0	0	0.44
44400	0.44	0.48	0.48	0	0	0.44
44500	0.44	0.48	0.48	0	0	0.44
44600	0.42	0.48	0.48	0	0	0.42
44700	0.42	0.48	0.48	0	0	0.42
44800	0.42	0.48	0.48	0	0	0.42
44900	0.4	0.48	0.48	0	0	0.4
45000	0.4	0.48	0.48	0	0	0.4
45100	0.4	0.48	0.48	0	0	0.4
45200	0.38	0.48	0.48	0	0	0.38
45300	0.38	0.48	0.48	0	0	0.38
45400	0.38	0.48	0.48	0	0	0.38
45500	0.38	0.48	0.48	0	0	0.38
45600	0.38	0.48	0.48	0	0	0.38
45700	0.38	0.5	0.5	0	0	0.38
45800	0.38	0.5	0.5	0	0	0.38
45900	0.38	0.5	0.5	0	0	0.38
46000	0.38	0.5	0.5	0	0	0.38
46100	0.38	0.5	0.5	0	0	0.38
46200	0.38	0.5	0.5	0	0	0.38
46300	0.38	0.5	0.5	0	0	0.38
46400	0.38	0.5	0.5	0	0	0.38
46500	0.38	0.5	0.5	0	0	0.38
46600	0.38	0.48	0.48	0	0	0.38
46700	0.38	0.48	0.48	0	0	0.38
46800	0.38	0.48	0.48	0	0	0.38
46900	0.38	0.48	0.48	0	0	0.38
47000	0.38	0.48	0.48	0	0	0.38
47100	0.38	0.48	0.48	0	0	0.38
47200	0.38	0.48	0.48	0	0	0.38
47300	0.38	0.48	0.48	0	0	0.38
47400	0.38	0.48	0.48	0	0	0.38
47500	0.38	0.5	0.5	0	0	0.38
47600	0.38	0.5	0.5	0	0	0.38
47700	0.4	0.5	0.5	0	0	0.4
47800	0.4	0.5	0.5	0	0	0.4
47900	0.4	0.5	0.5	0	0	0.4
48000	0.4	0.5	0.5	0	0	0.4
48100	0.4	0.5	0.5	0	0	0.4
48200	0.4	0.5	0.5	0	0	0.4
48300	0.4	0.5	0.5	0	0	0.4
48400	0.4	0.5	0.5	0	0	0.4
48500	0.4	0.5	0.5	0	0	0.4
48600	0.4	0.5	0.5	0	0	0.4
48700	0.4	0.5	0.5	0	0	0.4
48800	0.4	0.5	0.5	0	0	0.4
48900	0.4	0.5	0.5	0	0	0.4
49000	0.4	0.5	0.5	0	0	0.4
49100	0.4	0.5	0.5	0	0	0.4
49200	0.4	0.5	0.5	0	0	0.4
49300	0.4	0.48	0.48	0	0	0.4
49400	0.4	0.48	0.48	0	0	0.4
49500	0.4	0.48	0.48	0	0	0.4
49600	0.4	0.48	0.48	0	0	0.4
49700	0.4	0.48	0.48	0	0	0.4
49800	0.4	0.5	0.5	0	0	0.4
49900	0.4	0.5	0.5	0	0	0.4
50000	0.4	0.5	0.5	0	0	0.4
50100	0.4	0.5	0.5	0	0	0.4
50200	0.4	0.5	0.5	0	0	0.4
50300	0.4	0.5	0.5	0	0	0.4
50400	0.4	0.5	0.5	0	0	0.4
50500	0.4	0.5	0.5	0	0	0.4
50600	0.4	0.5	0.5	0	0	0.4
50700	0.4	0.5	0.5	0	0	0.4
50800	0.4	0.5	0.5	0	0	0.4
50900	0.4	0.5	0.5	0	0	0.4
51000	0.4	0.5	0.5	0	0	0.4
51100	0.4	0.5	0.5	0	0	0.4
51200	0.4	0.5	0.5	0	0	0.4
51300	0.4	0.5	0.5	0	0	0.4
51400	0.4	0.5	0.5	0	0	0.4
51500	0.4	0.5	0.5	0	0	0.4
51600	0.4	0.5	0.5	0	0	0.4
51700	0.4	0.5	0.5	0	0	0.4
51800	0.4	0.5	0.5	0	0	0.4
51900	0.4	0.5	0.5	0	0	0.4
52000	0.4	0.5	0.5	0	0	0.4
52100	0.4	0.5	0.5	0	0	0.4
52200	0.4	0.5	0.5	0	0	0.4
52300	0.4	0.5	0.5	0	0	0.4
52400	0.4	0.5	0.5	0	0	0.4
52500	0.4	0.5	0.5	0	0	0.4
52600	0.4	0.5	0.5	0	0	0.4
52700	0.4	0.5	0.5	0	0	0.4
52800	0.4	0.5	0.5	0	0	0.4
52900	0.4	0.5	0.5	0	0	0.4
53000	0.4	0.5	0.5	0	0	0.4
53100	0.4	0.5	0.5	0	0	0.4
53200	0.4	0.5	0.5	0	0	0.4
53300	0.4	0.5	0.5	0	0	0.4
53400	0.4	0.5	0.5	0	0	0.4
53500	0.4	0.5	0.5	0	0	0.4
53600	0.4	0.5	0.5	0	0	0.4
53700	0.4	0.5	0.5	0	0	0.4
53800	0.4	0.5	0.5	0	0	0.4
53900	0.4	0.5	0.5	0	0	0.4
54000	0.4	0.5	0.5	0	0	0.4
54100	0.4	0.5	0.5	0	0	0.4
54200	0.4	0.5	0.5	0	0	0.4
54300	0.4	0.5	0.5	0	0	0.4
54400	0.42	0.5	0.5	0	0	0.42
54500	0.42	0.5	0.5	0	0	0.42
54600	0.42	0.5	0.5	0	0	0.42
54700	0.4	0.5	0.5	0	0	0.4
54800	0.4	0.5	0.5	0	0	0.4
54900	0.4	0.5	0.5	0	0	0.4
55000	0.4	0.5	0.5	0	0	0.4
55100	0.4	0.48	0.48	0	0	0.4
55200	0.4	0.48	0.48	0	0	0.4
55300	0.4	0.48	0.48	0	0	0.4
55400	0.4	0.48	0.48	0	0	0.4
55500	0.4	0.5	0.5	0	0	0.4
55600	0.4	0.5	0.5	0	0	0.4
55700	0.4	0.5	0.5	0	0	0.4
55800	0.4	0.5	0.5	0	0	0.4
55900	0.4	0.48	0.48	0	0	0.4
56000	0.4	0.48	0.48	0	0	0.4
56100	0.4	0.48	0.48	0	0	0.4
56200	0.4	0.48	0.48	0	0	0.4
56300	0.4	0.48	0.48	0	0	0.4
56400	0.4	0.48	0.48	0	0	0.4
56500	0.4	0.48	0.48	0	0	0.4
56600	0.4	0.48	0.48	0	0	0.4
56700	0.4	0.48	0.48	0	0	0.4
56800	0.4	0.48	0.48	0	0	0.4
56900	0.4	0.48	0.48	0	0	0.4
57000	0.4	0.48	0.48	0	0	0.4
57100	0.4	0.48	0.48	0	0	0.4
57200	0.4	0.48	0.48	0	0	0.4
57300	0.4	0.48	0.48	0	0	0.4
57400	0.4	0.48	0.48	0	0	0.4
57500	0.4	0.48	0.48	0	0	0.4
57600	0.4	0.46	0.46	0	0	0.4
57700	0.4	0.44	0.44	0	0	0.4
57800	0.38	0.44	0.44	0	0	0.38
57900	0.38	0.44	0.44	0	0	0.38
58000	0.38	0.44	0.44	0	0	0.38
58100	0.38	0.44	0.44	0	0	0.38
58200	0.38	0.44	0.44	0	0	0.38
58300	0.38	0.44	0.44	0	0	0.38
58400	0.4	0.44	0.44	0	0	0.4
58500	0.38	0.44	0.44	0	0	0.38
58600	0.38	0.44	0.44	0	0	0.38
58700	0.38	0.44	0.44	0	0	0.38
58800	0.38	0.46	0.46	0	0	0.38
58900	0.38	0.44	0.44	0	0	0.38
59000	0.38	0.44	0.44	0	0	0.38
59100	0.38	0.44	0.44	0	0	0.38
59200	0.38	0.44	0.44	0	0	0.38
59300	0.38	0.42	0.42	0	0	0.38
59400	0.38	0.42	0.42	0	0	0.38
59500	0.38	0.42	0.42	0	0	0.38
59600	0.38	0.46	0.46	0	0	0.38
59700	0.38	0.48	0.48	0	0	0.38
59800	0.38	0.48	0.48	0	0	0.38
59900	0.38	0.48	0.48	0	0	0.38
60000	0.38	0.5	0.5	0	0	0.38
60100	0.38	0.5	0.5	0	0	0.38
60200	0.38	0.5	0.5	0	0	0.38
60300	0.38	0.5	0.5	0	0	0.38
60400	0.38	0.5	0.5	0	0	0.38
60500	0.38	0.5	0.5	0	0	0.38
60600	0.38	0.5	0.5	0	0	0.38
60700	0.38	0.5	0.5	0	0	0.38
60800	0.38	0.5	0.5	0	0	0.38
60900	0.38	0.52	0.52	0	0	0.38
61000	0.38	0.52	0.52	0	0	0.38
61100	0.38	0.52	0.52	0	0	0.38
61200	0.38	0.52	0.52	0	0	0.38
61300	0.38	0.52	0.52	0	0	0.38
61400	0.38	0.52	0.52	0	0	0.38
61500	0.38	0.52	0.52	0	0	0.38
61600	0.38	0.52	0.52	0	0	0.38
61700	0.38	0.52	0.52	0	0	0.38
61800	0.38	0.52	0.52	0	0	0.38
61900	0.38	0.52	0.52	0	0	0.38
62000	0.38	0.52	0.52	0	0	0.38
62100	0.38	0.52	0.52	0	0	0.38
62200	0.38	0.52	0.52	0	0	0.38
62300	0.38	0.52	0.52	0	0	0.38
62400	0.38	0.52	0.52	0	0	0.38
62500	0.38	0.52	0.52	0	0	0.38
62600	0.38	0.5	0.5	0	0	0.38
62700	0.38	0.5	0.5	0	0	0.38
62800	0.38	0.5	0.5	0	0	0.38
62900	0.38	0.5	0.5	0	0	0.38
63000	0.38	0.5	0.5	0	0	0.38
63100	0.38	0.5	0.5	0	0	0.38
63200	0.38	0.5	0.5	0	0	0.38
63300	0.38	0.5	0.5	0	0	0.38
63400	0.38	0.52	0.52	0	0	0.38
63500	0.38	0.52	0.52	0	0	0.38
63600	0.38	0.52	0.52	0	0	0.38
63700	0.36	0.52	0.52	0	0	0.36
63800	0.36	0.52	0.52	0	0	0.36
63900	0.36	0.52	0.52	0	0	0.36
64000	0.36	0.52	0.52	0	0	0.36
64100	0.36	0.52	0.52	0	0	0.36
64200	0.36	0.52	0.52	0	0	0.36
64300	0.36	0.52	0.52	0	0	0.36
64400	0.36	0.52	0.52	0	0	0.36
64500	0.36	0.52	0.52	0	0	0.36
64600	0.36	0.52	0.52	0	0	0.36
64700	0.36	0.54	0.54	0	0	0.36
64800	0.36	0.54	0.54	0	0	0.36
64900	0.36	0.54	0.54	0	0	0.36
65000	0.36	0.54	0.54	0	0	0.36
65100	0.36	0.54	0.54	0	0	0.36
65200	0.36	0.54	0.54	0	0	0.36
65300	0.36	0.54	0.54	0	0	0.36
65400	0.36	0.54	0.54	0	0	0.36
65500	0.36	0.54	0.54	0	0	0.36
65600	0.36	0.54	0.54	0	0	0.36
65700	0.36	0.54	0.54	0	0	0.36
65800	0.36	0.54	0.54	0	0	0.36
65900	0.36	0.54	0.54	0	0	0.36
66000	0.36	0.54	0.54	0	0	0.36
66100	0.36	0.54	0.54	0	0	0.36
66200	0.36	0.54	0.54	0	0	0.36
66300	0.36	0.54	0.54	0	0	0.36
66400	0.36	0.54	0.54	0	0	0.36
66500	0.36	0.54	0.54	0	0	0.36
66600	0.36	0.54	0.54	0	0	0.36
66700	0.36	0.54	0.54	0	0	0.36
66800	0.36	0.54	0.54	0	0	0.36
66900	0.36	0.56	0.56	0	0	0.36
67000	0.36	0.56	0.56	0	0	0.36
67100	0.36	0.56	0.56	0	0	0.36
67200	0.36	0.56	0.56	0	0	0.36
67300	0.36	0.56	0.56	0	0	0.36
67400	0.36	0.56	0.56	0	0	0.36
67500	0.36	0.56	0.56	0	0	0.36
67600	0.36	0.56	0.56	0	0	0.36
67700	0.36	0.56	0.56	0	0	0.36
67800	0.36	0.56	0.56	0	0	0.36
67900	0.36	0.56	0.56	0	0	0.36
68000	0.36	0.56	0.56	0	0	0.36
68100	0.36	0.56	0.56	0	0	0.36
68200	0.36	0.56	0.56	0	0	0.36
68300	0.36	0.56	0.56	0	0	0.36
68400	0.36	0.56	0.56	0	0	0.36
68500	0.36	0.56	0.56	0	0	0.36
68600	0.36	0.56	0.56	0	0	0.36
68700	0.36	0.56	0.56	0	0	0.36
68800	0.36	0.56	0.56	0	0	0.36
68900	0.36	0.56	0.56	0	0	0.36
69000	0.36	0.56	0.56	0	0	0.36
69100	0.36	0.56	0.56	0	0	0.36
69200	0.36	0.54	0.54	0	0	0.36
69300	0.36	0.52	0.52	0	0	0.36
69400	0.36	0.52	0.52	0	0	0.36
69500	0.36	0.52	0.52	0	0	0.36
69600	0.36	0.52	0.52	0	0	0.36
69700	0.36	0.52	0.52	0	0	0.36
69800	0.36	0.52	0.52	0	0	0.36
69900	0.36	0.52	0.52	0	0	0.36
70000	0.36	0.52	0.52	0	0	0.36
70100	0.36	0.52	0.52	0	0	0.36
70200	0.36	0.52	0.52	0	0	0.36
70300	0.36	0.54	0.54	0	0	0.36
70400	0.36	0.56	0.56	0	0	0.36
70500	0.36	0.56	0.56	0	0	0.36
70600	0.36	0.56	0.56	0	0	0.36
70700	0.36	0.56	0.56	0	0	0.36
70800	0.36	0.56	0.56	0	0	0.36
70900	0.36	0.56	0.56	0	0	0.36
71000	0.36	0.56	0.56	0	0	0.36
71100	0.36	0.56	0.56	0	0	0.36
71200	0.36	0.56	0.56	0	0	0.36
71300	0.36	0.56	0.56	0	0	0.36
71400	0.36	0.56	0.56	0	0	0.36
71500	0.36	0.56	0.56	0	0	0.36
71600	0.36	0.56	0.56	0	0	0.36
71700	0.36	0.56	0.56	0	0	0.36
71800	0.36	0.56	0.56	0	0	0.36
71900	0.36	0.56	0.56	0	0	0.36
72000	0.36	0.56	0.56	0	0	0.36
72100	0.36	0.56	0.56	0	0	0.36
72200	0.36	0.56	0.56	0	0	0.36
72300	0.36	0.56	0.56	0	0	0.36
72400	0.36	0.56	0.56	0	0	0.36
72500	0.36	0.56	0.56	0	0	0.36
72600	0.36	0.56	0.56	0	0	0.36
72700	0.36	0.56	0.56	0	0	0.36
72800	0.36	0.56	0.56	0	0	0.36
72900	0.36	0.58	0.58	0	0	0.36
73000	0.36	0.58	0.58	0	0	0.36
73100	0.36	0.58	0.58	0	0	0.36
73200	0.36	0.58	0.58	0	0	0.36
73300	0.36	0.58	0.58	0	0	0.36
73400	0.36	0.58	0.58	0	0	0.36
73500	0.36	0.58	0.58	0	0	0.36
73600	0.36	0.58	0.58	0	0	0.36
73700	0.34	0.58	0.58	0	0	0.34
73800	0.34	0.58	0.58	0	0	0.34
73900	0.34	0.58	0.58	0	0	0.34
74000	0.34	0.58	0.58	0	0	0.34
74100	0.34	0.58	0.58	0	0	0.34
74200	0.34	0.58	0.58	0	0	0.34
74300	0.34	0.58	0.58	0	0	0.34
74400	0.34	0.58	0.58	0	0	0.34
74500	0.34	0.58	0.58	0	0	0.34
74600	0.34	0.58	0.58	0	0	0.34
74700	0.34	0.58	0.58	0	0	0.34
74800	0.34	0.58	0.58	0	0	0.34
74900	0.36	0.58	0.58	0	0	0.36
75000	0.36	0.58	0.58	0	0	0.36
75100	0.36	0.58	0.58	0	0	0.36
75200	0.36	0.58	0.58	0	0	0.36
75300	0.36	0.58	0.58	0	0	0.36
75400	0.36	0.58	0.58	0	0	0.36
75500	0.36	0.58	0.58	0	0	0.36
75600	0.36	0.6	0.6	0	0	0.36
75700	0.36	0.6	0.6	0	0	0.36
75800	0.36	0.6	0.6	0	0	0.36
75900	0.36	0.6	0.6	0	0	0.36
76000	0.36	0.6	0.6	0	0	0.36
76100	0.36	0.6	0.6	0	0	0.36
76200	0.36	0.6	0.6	0	0	0.36
76300	0.36	0.6	0.6	0	0	0.36
76400	0.36	0.6	0.6	0	0	0.36
76500	0.36	0.6	0.6	0	0	0.36
76600	0.36	0.6	0.6	0	0	0.36
76700	0.36	0.6	0.6	0	0	0.36
76800	0.36	0.58	0.58	0	0	0.36
76900	0.36	0.58	0.58	0	0	0.36
77000	0.36	0.56	0.56	0	0	0.36
77100	0.36	0.56	0.56	0	0	0.36
77200	0.36	0.56	0.56	0	0	0.36
77300	0.36	0.56	0.56	0	0	0.36
77400	0.36	0.56	0.56	0	0	0.36
77500	0.36	0.56	0.56	0	0	0.36
77600	0.36	0.56	0.56	0	0	0.36
77700	0.36	0.58	0.58	0	0	0.36
77800	0.36	0.58	0.58	0	0	0.36
77900	0.36	0.58	0.58	0	0	0.36
78000	0.36	0.58	0.58	0	0	0.36
78100	0.36	0.58	0.58	0	0	0.36
78200	0.38	0.58	0.58	0	0	0.38
78300	0.38	0.58	0.58	0	0	0.38
78400	0.38	0.58	0.58	0	0	0.38
78500	0.38	0.58	0.58	0	0	0.38
78600	0.38	0.58	0.58	0	0	0.38
78700	0.38	0.58	0.58	0	0	0.38
78800	0.38	0.58	0.58	0	0	0.38
78900	0.38	0.58	0.58	0	0	0.38
79000	0.38	0.58	0.58	0	0	0.38
79100	0.38	0.58	0.58	0	0	0.38
79200	0.38	0.58	0.58	0	0	0.38
79300	0.38	0.58	0.58	0	0	0.38
79400	0.38	0.58	0.58	0	0	0.38
79500	0.38	0.58	0.58	0	0	0.38
79600	0.38	0.58	0.58	0	0	0.38
79700	0.38	0.58	0.58	0	0	0.38
79800	0.38	0.58	0.58	0	0	0.38
79900	0.38	0.58	0.58	0	0	0.38
80000	0.38	0.58	0.58	0	0	0.38
80100	0.38	0.58	0.58	0	0	0.38
80200	0.38	0.58	0.58	0	0	0.38
80300	0.38	0.58	0.58	0	0	0.38
80400	0.38	0.58	0.58	0	0	0.38
80500	0.38	0.58	0.58	0	0	0.38
80600	0.38	0.58	0.58	0	0	0.38
80700	0.38	0.58	0.58	0	0	0.38
80800	0.38	0.58	0.58	0	0	0.38
80900	0.38	0.58	0.58	0	0	0.38
81000	0.38	0.58	0.58	0	0	0.38
81100	0.38	0.58	0.58	0	0	0.38
81200	0.38	0.58	0.58	0	0	0.38
81300	0.38	0.58	0.58	0	0	0.38
81400	0.38	0.58	0.58	0	0	0.38
81500	0.38	0.58	0.58	0	0	0.38
81600	0.38	0.58	0.58	0	0	0.38
81700	0.38	0.58	0.58	0	0	0.38
81800	0.38	0.58	0.58	0	0	0.38
81900	0.38	0.58	0.58	0	0	0.38
82000	0.38	0.58	0.58	0	0	0.38
82100	0.38	0.58	0.58	0	0	0.38
82200	0.38	0.58	0.58	0	0	0.38
82300	0.38	0.58	0.58	0	0	0.38
82400	0.38	0.58	0.58	0	0	0.38
82500	0.38	0.58	0.58	0	0	0.38
82600	0.38	0.58	0.58	0	0	0.38
82700	0.38	0.58	0.58	0	0	0.38
82800	0.38	0.58	0.58	0	0	0.38
82900	0.38	0.58	0.58	0	0	0.38
83000	0.38	0.58	0.58	0	0	0.38
83100	0.38	0.58	0.58	0	0	0.38
83200	0.38	0.58	0.58	0	0	0.38
83300	0.38	0.58	0.58	0	0	0.38
83400	0.38	0.58	0.58	0	0	0.38
83500	0.38	0.58	0.58	0	0	0.38
83600	0.38	0.58	0.58	0	0	0.38
83700	0.38	0.58	0.58	0	0	0.38
83800	0.38	0.58	0.58	0	0	0.38
83900	0.38	0.58	0.58	0	0	0.38
84000	0.38	0.58	0.58	0	0	0.38
84100	0.38	0.58	0.58	0	0	0.38
84200	0.38	0.58	0.58	0	0	0.38
84300	0.38	0.58	0.58	0	0	0.38
84400	0.38	0.58	0.58	0	0	0.38
84500	0.38	0.58	0.58	0	0	0.38
84600	0.38	0.58	0.58	0	0	0.38
84700	0.38	0.58	0.58	0	0	0.38
84800	0.38	0.58	0.58	0	0	0.38
84900	0.38	0.58	0.58	0	0	0.38
85000	0.38	0.58	0.58	0	0	0.38
85100	0.36	0.58	0.58	0	0	0.36
85200	0.36	0.58	0.58	0	0	0.36
85300	0.36	0.58	0.58	0	0	0.36
85400	0.36	0.58	0.58	0	0	0.36
85500	0.36	0.58	0.58	0	0	0.36
85600	0.36	0.58	0.58	0	0	0.36
85700	0.36	0.58	0.58	0	0	0.36
85800	0.36	0.58	0.58	0	0	0.36
85900	0.36	0.58	0.58	0	0	0.36
86000	0.36	0.58	0.58	0	0	0.36
86100	0.36	0.58	0.58	0	0	0.36
86200	0.36	0.58	0.58	0	0	0.36
86300	0.36	0.58	0.58	0	0	0.36
86400	0.36	0.58	0.58	0	0	0.36
86500	0.36	0.58	0.58	0	0	0.36
86600	0.36	0.58	0.58	0	0	0.36
86700	0.36	0.58	0.58	0	0	0.36
86800	0.36	0.58	0.58	0	0	0.36
86900	0.36	0.58	0.58	0	0	0.36
87000	0.36	0.56	0.56	0	0	0.36
87100	0.36	0.56	0.56	0	0	0.36
87200	0.36	0.56	0.56	0	0	0.36
87300	0.38	0.56	0.56	0	0	0.38
87400	0.38	0.56	0.56	0	0	0.38
87500	0.4	0.56	0.56	0	0	0.4
87600	0.4	0.56	0.56	0	0	0.4
87700	0.4	0.56	0.56	0	0	0.4
87800	0.4	0.56	0.56	0	0	0.4
87900	0.4	0.56	0.56	0	0	0.4
88000	0.4	0.54	0.54	0	0	0.4
88100	0.4	0.54	0.54	0	0	0.4
88200	0.4	0.54	0.54	0	0	0.4
88300	0.4	0.54	0.54	0	0	0.4
88400	0.4	0.54	0.54	0	0	0.4
88500	0.4	0.54	0.54	0	0	0.4
88600	0.4	0.54	0.54	0	0	0.4
88700	0.4	0.54	0.54	0	0	0.4
88800	0.4	0.54	0.54	0	0	0.4
88900	0.4	0.54	0.54	0	0	0.4
89000	0.4	0.54	0.54	0	0	0.4
89100	0.4	0.54	0.54	0	0	0.4
89200	0.4	0.54	0.54	0	0	0.4
89300	0.4	0.54	0.54	0	0	0.4
89400	0.4	0.54	0.54	0	0	0.4
89500	0.4	0.54	0.54	0	0	0.4
89600	0.4	0.54	0.54	0	0	0.4
89700	0.4	0.54	0.54	0	0	0.4
89800	0.4	0.54	0.54	0	0	0.4
89900	0.4	0.54	0.54	0	0	0.4
90000	0.4	0.54	0.54	0	0	0.4
90100	0.4	0.54	0.54	0	0	0.4
90200	0.4	0.54	0.54	0	0	0.4
90300	0.4	0.54	0.54	0	0	0.4
90400	0.4	0.54	0.54	0	0	0.4
90500	0.4	0.54	0.54	0	0	0.4
90600	0.4	0.54	0.54	0	0	0.4
90700	0.4	0.54	0.54	0	0	0.4
90800	0.4	0.54	0.54	0	0	0.4
90900	0.4	0.54	0.54	0	0	0.4
91000	0.4	0.54	0.54	0	0	0.4
91100	0.4	0.54	0.54	0	0	0.4
91200	0.4	0.54	0.54	0	0	0.4
91300	0.4	0.54	0.54	0	0	0.4
91400	0.4	0.54	0.54	0	0	0.4
91500	0.4	0.54	0.54	0	0	0.4
91600	0.4	0.54	0.54	0	0	0.4
91700	0.4	0.54	0.54	0	0	0.4
91800	0.4	0.52	0.52	0	0	0.4
91900	0.4	0.52	0.52	0	0	0.4
92000	0.4	0.52	0.52	0	0	0.4
92100	0.4	0.52	0.52	0	0	0.4
92200	0.4	0.52	0.52	0	0	0.4
92300	0.4	0.52	0.52	0	0	0.4
92400	0.4	0.52	0.52	0	0	0.4
92500	0.4	0.52	0.52	0	0	0.4
92600	0.4	0.52	0.52	0	0	0.4
92700	0.4	0.52	0.52	0	0	0.4
92800	0.4	0.52	0.52	0	0	0.4
92900	0.4	0.52	0.52	0	0	0.4
93000	0.4	0.52	0.52	0	0	0.4
93100	0.4	0.52	0.52	0	0	0.4
93200	0.4	0.52	0.52	0	0	0.4
93300	0.4	0.52	0.52	0	0	0.4
93400	0.4	0.52	0.52	0	0	0.4
93500	0.4	0.52	0.52	0	0	0.4
93600	0.4	0.52	0.52	0	0	0.4
93700	0.42	0.52	0.52	0	0	0.42
93800	0.42	0.52	0.52	0	0	0.42
93900	0.42	0.52	0.52	0	0	0.42
94000	0.42	0.52	0.52	0	0	0.42
94100	0.42	0.52	0.52	0	0	0.42
94200	0.42	0.52	0.52	0	0	0.42
94300	0.42	0.52	0.52	0	0	0.42
94400	0.42	0.52	0.52	0	0	0.42
94500	0.42	0.52	0.52	0	0	0.42
94600	0.42	0.52	0.52	0	0	0.42
94700	0.42	0.52	0.52	0	0	0.42
94800	0.42	0.52	0.52	0	0	0.42
94900	0.42	0.52	0.52	0	0	0.42
95000	0.42	0.52	0.52	0	0	0.42
95100	0.42	0.52	0.52	0	0	0.42
95200	0.42	0.52	0.52	0	0	0.42
95300	0.42	0.52	0.52	0	0	0.42
95400	0.42	0.52	0.52	0	0	0.42
95500	0.42	0.52	0.52	0	0	0.42
95600	0.42	0.52	0.52	0	0	0.42
95700	0.42	0.52	0.52	0	0	0.42
95800	0.42	0.52	0.52	0	0	0.42
95900	0.42	0.52	0.52	0	0	0.42
96000	0.42	0.52	0.52	0	0	0.42
96100	0.42	0.52	0.52	0	0	0.42
96200	0.42	0.52	0.52	0	0	0.42
96300	0.42	0.52	0.52	0	0	0.42
96400	0.42	0.52	0.52	0	0	0.42
96500	0.42	0.52	0.52	0	0	0.42
96600	0.42	0.5	0.5	0	0	0.42
96700	0.42	0.5	0.5	0	0	0.42
96800	0.42	0.5	0.5	0	0	0.42
96900	0.42	0.5	0.5	0	0	0.42
97000	0.42	0.5	0.5	0	0	0.42
97100	0.42	0.5	0.5	0	0	0.42
97200	0.42	0.5	0.5	0	0	0.42
97300	0.42	0.5	0.5	0	0	0.42
97400	0.42	0.5	0.5	0	0	0.42
97500	0.42	0.5	0.5	0	0	0.42
97600	0.42	0.5	0.5	0	0	0.42
97700	0.42	0.5	0.5	0	0	0.42
97800	0.42	0.5	0.5	0	0	0.42
97900	0.42	0.5	0.5	0	0	0.42
98000	0.42	0.5	0.5	0	0	0.42
98100	0.42	0.5	0.5	0	0	0.42
98200	0.42	0.5	0.5	0	0	0.42
98300	0.42	0.5	0.5	0	0	0.42
98400	0.4	0.5	0.5	0	0	0.4
98500	0.4	0.5	0.5	0	0	0.4
98600	0.4	0.5	0.5	0	0	0.4
98700	0.4	0.5	0.5	0	0	0.4
98800	0.4	0.5	0.5	0	0	0.4
98900	0.4	0.5	0.5	0	0	0.4
99000	0.4	0.5	0.5	0	0	0.4
99100	0.4	0.5	0.5	0	0	0.4
99200	0.4	0.5	0.5	0	0	0.4
99300	0.4	0.5	0.5	0	0	0.4
99400	0.4	0.5	0.5	0	0	0.4
99500	0.4	0.5	0.5	0	0	0.4
99600	0.4	0.5	0.5	0	0	0.4
99700	0.4	0.5	0.5	0	0	0.4
99800	0.4	0.5	0.5	0	0	0.4
99900	0.4	0.5	0.5	0	0	0.4
100000	0.4	0.5	0.5	0	0	0.4
