100	0.1	0.12	0.12	0	0	0.1
200	0.1	0.12	0.12	0	0	0.1
300	0.1	0.14	0.14	0	0	0.1
400	0.12	0.16	0.16	0	0	0.12
500	0.14	0.16	0.16	0	0	0.14
600	0.14	0.16	0.16	0	0	0.14
700	0.14	0.16	0.16	0	0	0.14
800	0.16	0.18	0.18	0	0	0.16
900	0.18	0.18	0.18	0	0	0.18
1000	0.18	0.18	0.18	0	0	0.18
1100	0.2	0.2	0.2	0	0	0.2
1200	0.2	0.22	0.22	0	0	0.2
1300	0.2	0.22	0.22	0	0	0.2
1400	0.22	0.22	0.22	0	0	0.22
1500	0.22	0.24	0.24	0	0	0.22
1600	0.22	0.24	0.24	0	0	0.22
1700	0.22	0.24	0.24	0	0	0.22
1800	0.22	0.24	0.24	0	0	0.22
1900	0.22	0.26	0.26	0	0	0.22
2000	0.24	0.26	0.26	0	0	0.24
2100	0.26	0.26	0.26	0	0	0.26
2200	0.24	0.28	0.28	0	0	0.24
2300	0.26	0.28	0.28	0	0	0.26
2400	0.26	0.3	0.3	0	0	0.26
2500	0.24	0.28	0.28	0	0	0.24
2600	0.24	0.28	0.28	0	0	0.24
2700	0.22	0.28	0.28	0	0	0.22
2800	0.24	0.26	0.26	0	0	0.24
2900	0.24	0.26	0.26	0	0	0.24
3000	0.22	0.26	0.26	0	0	0.22
3100	0.24	0.28	0.28	0	0	0.24
3200	0.24	0.28	0.28	0	0	0.24
3300	0.24	0.3	0.3	0	0	0.24
3400	0.24	0.32	0.32	0	0	0.24
3500	0.26	0.32	0.32	0	0	0.26
3600	0.26	0.34	0.34	0	0	0.26
3700	0.26	0.34	0.34	0	0	0.26
3800	0.26	0.34	0.34	0	0	0.26
3900	0.24	0.34	0.34	0	0	0.24
4000	0.24	0.36	0.36	0	0	0.24
4100	0.24	0.36	0.36	0	0	0.24
4200	0.24	0.34	0.34	0	0	0.24
4300	0.24	0.38	0.38	0	0	0.24
4400	0.26	0.38	0.38	0	0	0.26
4500	0.28	0.4	0.4	0	0	0.28
4600	0.28	0.4	0.4	0	0	0.28
4700	0.28	0.4	0.4	0	0	0.28
4800	0.3	0.4	0.4	0	0	0.3
4900	0.3	0.4	0.4	0	0	0.3
5000	0.3	0.44	0.44	0	0	0.3
5100	0.3	0.44	0.44	0	0	0.3
5200	0.3	0.44	0.44	0	0	0.3
5300	0.32	0.46	0.46	0	0	0.32
5400	0.32	0.46	0.46	0	0	0.32
5500	0.32	0.46	0.46	0	0	0.32
5600	0.32	0.46	0.46	0	0	0.32
5700	0.34	0.46	0.46	0	0	0.34
5800	0.34	0.46	0.46	0	0	0.34
5900	0.32	0.46	0.46	0	0	0.32
6000	0.32	0.44	0.44	0	0	0.32
6100	0.32	0.44	0.44	0	0	0.32
6200	0.3	0.44	0.44	0	0	0.3
6300	0.3	0.44	0.44	0	0	0.3
6400	0.32	0.44	0.44	0	0	0.32
6500	0.32	0.42	0.42	0	0	0.32
6600	0.32	0.42	0.42	0	0	0.32
6700	0.32	0.4	0.4	0	0	0.32
6800	0.32	0.4	0.4	0	0	0.32
6900	0.32	0.4	0.4	0	0	0.32
7000	0.32	0.4	0.4	0	0	0.32
7100	0.32	0.4	0.4	0	0	0.32
7200	0.32	0.4	0.4	0	0	0.32
7300	0.32	0.4	0.4	0	0	0.32
7400	0.32	0.4	0.4	0	0	0.32
7500	0.32	0.4	0.4	0	0	0.32
7600	0.32	0.4	0.4	0	0	0.32
7700	0.32	0.44	0.44	0	0	0.32
7800	0.32	0.42	0.42	0	0	0.32
7900	0.32	0.42	0.42	0	0	0.32
8000	0.32	0.44	0.44	0	0	0.32
8100	0.3	0.42	0.42	0	0	0.3
8200	0.3	0.4	0.4	0	0	0.3
8300	0.3	0.4	0.4	0	0	0.3
8400	0.3	0.4	0.4	0	0	0.3
8500	0.3	0.42	0.42	0	0	0.3
8600	0.3	0.42	0.42	0	0	0.3
8700	0.3	0.42	0.42	0	0	0.3
8800	0.3	0.42	0.42	0	0	0.3
8900	0.3	0.44	0.44	0	0	0.3
9000	0.3	0.42	0.42	0	0	0.3
9100	0.3	0.4	0.4	0	0	0.3
9200	0.3	0.42	0.42	0	0	0.3
9300	0.32	0.4	0.4	0	0	0.32
9400	0.32	0.42	0.42	0	0	0.32
9500	0.32	0.4	0.4	0	0	0.32
9600	0.32	0.4	0.4	0	0	0.32
9700	0.32	0.4	0.4	0	0	0.32
9800	0.32	0.4	0.4	0	0	0.32
9900	0.32	0.4	0.4	0	0	0.32
10000	0.32	0.42	0.42	0	0	0.32
10100	0.32	0.4	0.4	0	0	0.32
10200	0.32	0.4	0.4	0	0	0.32
10300	0.32	0.4	0.4	0	0	0.32
10400	0.32	0.4	0.4	0	0	0.32
10500	0.32	0.42	0.42	0	0	0.32
10600	0.32	0.4	0.4	0	0	0.32
10700	0.32	0.4	0.4	0	0	0.32
10800	0.32	0.4	0.4	0	0	0.32
10900	0.32	0.44	0.44	0	0	0.32
11000	0.32	0.44	0.44	0	0	0.32
11100	0.32	0.46	0.46	0	0	0.32
11200	0.32	0.46	0.46	0	0	0.32
11300	0.32	0.48	0.48	0	0	0.32
11400	0.32	0.46	0.46	0	0	0.32
11500	0.32	0.48	0.48	0	0	0.32
11600	0.32	0.48	0.48	0	0	0.32
11700	0.32	0.48	0.48	0	0	0.32
11800	0.32	0.46	0.46	0	0	0.32
11900	0.32	0.44	0.44	0	0	0.32
12000	0.32	0.44	0.44	0	0	0.32
12100	0.32	0.44	0.44	0	0	0.32
12200	0.34	0.44	0.44	0	0	0.34
12300	0.34	0.44	0.44	0	0	0.34
12400	0.34	0.46	0.46	0	0	0.34
12500	0.34	0.46	0.46	0	0	0.34
12600	0.34	0.46	0.46	0	0	0.34
12700	0.34	0.46	0.46	0	0	0.34
12800	0.34	0.46	0.46	0	0	0.34
12900	0.34	0.48	0.48	0	0	0.34
13000	0.32	0.48	0.48	0	0	0.32
13100	0.32	0.5	0.5	0	0	0.32
13200	0.32	0.5	0.5	0	0	0.32
13300	0.32	0.5	0.5	0	0	0.32
13400	0.32	0.52	0.52	0	0	0.32
13500	0.32	0.52	0.52	0	0	0.32
13600	0.34	0.5	0.5	0	0	0.34
13700	0.34	0.5	0.5	0	0	0.34
13800	0.34	0.5	0.5	0	0	0.34
13900	0.34	0.5	0.5	0	0	0.34
14000	0.34	0.5	0.5	0	0	0.34
14100	0.34	0.5	0.5	0	0	0.34
14200	0.34	0.52	0.52	0	0	0.34
14300	0.34	0.52	0.52	0	0	0.34
14400	0.34	0.54	0.54	0	0	0.34
14500	0.34	0.52	0.52	0	0	0.34
14600	0.34	0.52	0.52	0	0	0.34
14700	0.34	0.52	0.52	0	0	0.34
14800	0.34	0.54	0.54	0	0	0.34
14900	0.34	0.54	0.54	0	0	0.34
15000	0.34	0.54	0.54	0	0	0.34
15100	0.34	0.54	0.54	0	0	0.34
15200	0.34	0.54	0.54	0	0	0.34
15300	0.34	0.52	0.52	0	0	0.34
15400	0.34	0.52	0.52	0	0	0.34
15500	0.34	0.52	0.52	0	0	0.34
15600	0.34	0.48	0.48	0	0	0.34
15700	0.34	0.48	0.48	0	0	0.34
15800	0.34	0.48	0.48	0	0	0.34
15900	0.34	0.48	0.48	0	0	0.34
16000	0.34	0.46	0.46	0	0	0.34
16100	0.34	0.48	0.48	0	0	0.34
16200	0.34	0.48	0.48	0	0	0.34
16300	0.34	0.48	0.48	0	0	0.34
16400	0.34	0.46	0.46	0	0	0.34
16500	0.34	0.46	0.46	0	0	0.34
16600	0.36	0.46	0.46	0	0	0.36
16700	0.36	0.46	0.46	0	0	0.36
16800	0.36	0.46	0.46	0	0	0.36
16900	0.34	0.46	0.46	0	0	0.34
17000	0.34	0.46	0.46	0	0	0.34
17100	0.34	0.46	0.46	0	0	0.34
17200	0.34	0.46	0.46	0	0	0.34
17300	0.34	0.44	0.44	0	0	0.34
17400	0.34	0.44	0.44	0	0	0.34
17500	0.34	0.44	0.44	0	0	0.34
17600	0.36	0.44	0.44	0	0	0.36
17700	0.36	0.44	0.44	0	0	0.36
17800	0.36	0.44	0.44	0	0	0.36
17900	0.36	0.44	0.44	0	0	0.36
18000	0.36	0.44	0.44	0	0	0.36
18100	0.36	0.44	0.44	0	0	0.36
18200	0.36	0.44	0.44	0	0	0.36
18300	0.36	0.44	0.44	0	0	0.36
18400	0.36	0.44	0.44	0	0	0.36
18500	0.38	0.44	0.44	0	0	0.38
18600	0.38	0.44	0.44	0	0	0.38
18700	0.38	0.44	0.44	0	0	0.38
18800	0.38	0.44	0.44	0	0	0.38
18900	0.38	0.44	0.44	0	0	0.38
19000	0.38	0.44	0.44	0	0	0.38
19100	0.38	0.44	0.44	0	0	0.38
19200	0.38	0.46	0.46	0	0	0.38
19300	0.38	0.46	0.46	0	0	0.38
19400	0.36	0.48	0.48	0	0	0.36
19500	0.36	0.48	0.48	0	0	0.36
19600	0.36	0.5	0.5	0	0	0.36
19700	0.36	0.5	0.5	0	0	0.36
19800	0.36	0.5	0.5	0	0	0.36
19900	0.36	0.5	0.5	0	0	0.36
20000	0.36	0.5	0.5	0	0	0.36
20100	0.36	0.5	0.5	0	0	0.36
20200	0.36	0.5	0.5	0	0	0.36
20300	0.36	0.5	0.5	0	0	0.36
20400	0.36	0.5	0.5	0	0	0.36
20500	0.36	0.5	0.5	0	0	0.36
20600	0.36	0.5	0.5	0	0	0.36
20700	0.36	0.5	0.5	0	0	0.36
20800	0.36	0.5	0.5	0	0	0.36
20900	0.36	0.5	0.5	0	0	0.36
21000	0.38	0.5	0.5	0	0	0.38
21100	0.4	0.5	0.5	0	0	0.4
21200	0.4	0.5	0.5	0	0	0.4
21300	0.4	0.5	0.5	0	0	0.4
21400	0.4	0.5	0.5	0	0	0.4
21500	0.4	0.52	0.52	0	0	0.4
21600	0.42	0.52	0.52	0	0	0.42
21700	0.42	0.52	0.52	0	0	0.42
21800	0.42	0.52	0.52	0	0	0.42
21900	0.42	0.5	0.5	0	0	0.42
22000	0.42	0.5	0.5	0	0	0.42
22100	0.42	0.5	0.5	0	0	0.42
22200	0.42	0.5	0.5	0	0	0.42
22300	0.42	0.5	0.5	0	0	0.42
22400	0.42	0.5	0.5	0	0	0.42
22500	0.42	0.5	0.5	0	0	0.42
22600	0.42	0.52	0.52	0	0	0.42
22700	0.42	0.52	0.52	0	0	0.42
22800	0.42	0.52	0.52	0	0	0.42
22900	0.42	0.52	0.52	0	0	0.42
23000	0.42	0.54	0.54	0	0	0.42
23100	0.42	0.54	0.54	0	0	0.42
23200	0.42	0.54	0.54	0	0	0.42
23300	0.42	0.54	0.54	0	0	0.42
23400	0.42	0.54	0.54	0	0	0.42
23500	0.42	0.54	0.54	0	0	0.42
23600	0.42	0.54	0.54	0	0	0.42
23700	0.42	0.54	0.54	0	0	0.42
23800	0.42	0.54	0.54	0	0	0.42
23900	0.42	0.54	0.54	0	0	0.42
24000	0.4	0.54	0.54	0	0	0.4
24100	0.4	0.54	0.54	0	0	0.4
24200	0.4	0.54	0.54	0	0	0.4
24300	0.4	0.54	0.54	0	0	0.4
24400	0.4	0.54	0.54	0	0	0.4
24500	0.4	0.54	0.54	0	0	0.4
24600	0.4	0.54	0.54	0	0	0.4
24700	0.4	0.54	0.54	0	0	0.4
24800	0.4	0.54	0.54	0	0	0.4
24900	0.4	0.54	0.54	0	0	0.4
25000	0.4	0.54	0.54	0	0	0.4
25100	0.4	0.52	0.52	0	0	0.4
25200	0.4	0.52	0.52	0	0	0.4
25300	0.4	0.52	0.52	0	0	0.4
25400	0.4	0.52	0.52	0	0	0.4
25500	0.4	0.52	0.52	0	0	0.4
25600	0.4	0.52	0.52	0	0	0.4
25700	0.4	0.54	0.54	0	0	0.4
25800	0.4	0.54	0.54	0	0	0.4
25900	0.4	0.54	0.54	0	0	0.4
26000	0.4	0.52	0.52	0	0	0.4
26100	0.4	0.52	0.52	0	0	0.4
26200	0.4	0.52	0.52	0	0	0.4
26300	0.4	0.52	0.52	0	0	0.4
26400	0.4	0.52	0.52	0	0	0.4
26500	0.4	0.52	0.52	0	0	0.4
26600	0.4	0.52	0.52	0	0	0.4
26700	0.4	0.52	0.52	0	0	0.4
26800	0.4	0.52	0.52	0	0	0.4
26900	0.4	0.52	0.52	0	0	0.4
27000	0.4	0.52	0.52	0	0	0.4
27100	0.4	0.52	0.52	0	0	0.4
27200	0.4	0.52	0.52	0	0	0.4
27300	0.4	0.52	0.52	0	0	0.4
27400	0.4	0.52	0.52	0	0	0.4
27500	0.4	0.52	0.52	0	0	0.4
27600	0.4	0.52	0.52	0	0	0.4
27700	0.4	0.52	0.52	0	0	0.4
27800	0.4	0.52	0.52	0	0	0.4
27900	0.4	0.52	0.52	0	0	0.4
28000	0.4	0.52	0.52	0	0	0.4
28100	0.4	0.52	0.52	0	0	0.4
28200	0.4	0.52	0.52	0	0	0.4
28300	0.4	0.52	0.52	0	0	0.4
28400	0.4	0.52	0.52	0	0	0.4
28500	0.4	0.54	0.54	0	0	0.4
28600	0.4	0.54	0.54	0	0	0.4
28700	0.4	0.54	0.54	0	0	0.4
28800	0.42	0.54	0.54	0	0	0.42
28900	0.42	0.54	0.54	0	0	0.42
29000	0.42	0.54	0.54	0	0	0.42
29100	0.42	0.54	0.54	0	0	0.42
29200	0.42	0.54	0.54	0	0	0.42
29300	0.4	0.54	0.54	0	0	0.4
29400	0.4	0.54	0.54	0	0	0.4
29500	0.4	0.54	0.54	0	0	0.4
29600	0.4	0.54	0.54	0	0	0.4
29700	0.4	0.54	0.54	0	0	0.4
29800	0.4	0.54	0.54	0	0	0.4
29900	0.4	0.54	0.54	0	0	0.4
30000	0.4	0.54	0.54	0	0	0.4
30100	0.4	0.54	0.54	0	0	0.4
30200	0.4	0.54	0.54	0	0	0.4
30300	0.4	0.54	0.54	0	0	0.4
30400	0.4	0.54	0.54	0	0	0.4
30500	0.42	0.54	0.54	0	0	0.42
30600	0.42	0.54	0.54	0	0	0.42
30700	0.42	0.54	0.54	0	0	0.42
30800	0.42	0.54	0.54	0	0	0.42
30900	0.42	0.54	0.54	0	0	0.42
31000	0.42	0.54	0.54	0	0	0.42
31100	0.42	0.54	0.54	0	0	0.42
31200	0.42	0.54	0.54	0	0	0.42
31300	0.42	0.54	0.54	0	0	0.42
31400	0.42	0.54	0.54	0	0	0.42
31500	0.42	0.54	0.54	0	0	0.42
31600	0.42	0.54	0.54	0	0	0.42
31700	0.42	0.54	0.54	0	0	0.42
31800	0.42	0.54	0.54	0	0	0.42
31900	0.42	0.54	0.54	0	0	0.42
32000	0.42	0.54	0.54	0	0	0.42
32100	0.42	0.54	0.54	0	0	0.42
32200	0.42	0.54	0.54	0	0	0.42
32300	0.42	0.54	0.54	0	0	0.42
32400	0.42	0.54	0.54	0	0	0.42
32500	0.42	0.54	0.54	0	0	0.42
32600	0.42	0.54	0.54	0	0	0.42
32700	0.4	0.54	0.54	0	0	0.4
32800	0.4	0.54	0.54	0	0	0.4
32900	0.4	0.54	0.54	0	0	0.4
33000	0.4	0.54	0.54	0	0	0.4
33100	0.4	0.54	0.54	0	0	0.4
33200	0.4	0.54	0.54	0	0	0.4
33300	0.4	0.54	0.54	0	0	0.4
33400	0.4	0.54	0.54	0	0	0.4
33500	0.4	0.54	0.54	0	0	0.4
33600	0.4	0.54	0.54	0	0	0.4
33700	0.4	0.54	0.54	0	0	0.4
33800	0.4	0.54	0.54	0	0	0.4
33900	0.4	0.54	0.54	0	0	0.4
34000	0.4	0.56	0.56	0	0	0.4
34100	0.4	0.56	0.56	0	0	0.4
34200	0.4	0.56	0.56	0	0	0.4
34300	0.4	0.56	0.56	0	0	0.4
34400	0.4	0.56	0.56	0	0	0.4
34500	0.4	0.56	0.56	0	0	0.4
34600	0.4	0.56	0.56	0	0	0.4
34700	0.4	0.56	0.56	0	0	0.4
34800	0.4	0.56	0.56	0	0	0.4
34900	0.4	0.56	0.56	0	0	0.4
35000	0.4	0.56	0.56	0	0	0.4
35100	0.4	0.56	0.56	0	0	0.4
35200	0.4	0.56	0.56	0	0	0.4
35300	0.4	0.56	0.56	0	0	0.4
35400	0.4	0.56	0.56	0	0	0.4
35500	0.4	0.58	0.58	0	0	0.4
35600	0.4	0.58	0.58	0	0	0.4
35700	0.4	0.58	0.58	0	0	0.4
35800	0.4	0.58	0.58	0	0	0.4
35900	0.4	0.58	0.58	0	0	0.4
36000	0.4	0.58	0.58	0	0	0.4
36100	0.4	0.58	0.58	0	0	0.4
36200	0.4	0.58	0.58	0	0	0.4
36300	0.4	0.58	0.58	0	0	0.4
36400	0.4	0.58	0.58	0	0	0.4
36500	0.4	0.58	0.58	0	0	0.4
36600	0.4	0.58	0.58	0	0	0.4
36700	0.4	0.58	0.58	0	0	0.4
36800	0.4	0.58	0.58	0	0	0.4
36900	0.4	0.58	0.58	0	0	0.4
37000	0.4	0.58	0.58	0	0	0.4
37100	0.4	0.58	0.58	0	0	0.4
37200	0.4	0.58	0.58	0	0	0.4
37300	0.4	0.58	0.58	0	0	0.4
37400	0.4	0.58	0.58	0	0	0.4
37500	0.4	0.58	0.58	0	0	0.4
37600	0.4	0.58	0.58	0	0	0.4
37700	0.4	0.58	0.58	0	0	0.4
37800	0.4	0.58	0.58	0	0	0.4
37900	0.38	0.58	0.58	0	0	0.38
38000	0.38	0.58	0.58	0	0	0.38
38100	0.38	0.58	0.58	0	0	0.38
38200	0.38	0.6	0.6	0	0	0.38
38300	0.38	0.6	0.6	0	0	0.38
38400	0.38	0.6	0.6	0	0	0.38
38500	0.38	0.6	0.6	0	0	0.38
38600	0.38	0.6	0.6	0	0	0.38
38700	0.38	0.6	0.6	0	0	0.38
38800	0.38	0.6	0.6	0	0	0.38
38900	0.38	0.6	0.6	0	0	0.38
39000	0.38	0.6	0.6	0	0	0.38
39100	0.38	0.6	0.6	0	0	0.38
39200	0.38	0.6	0.6	0	0	0.38
39300	0.38	0.6	0.6	0	0	0.38
39400	0.38	0.6	0.6	0	0	0.38
39500	0.36	0.6	0.6	0	0	0.36
39600	0.34	0.6	0.6	0	0	0.34
39700	0.34	0.6	0.6	0	0	0.34
39800	0.34	0.6	0.6	0	0	0.34
39900	0.34	0.6	0.6	0	0	0.34
40000	0.34	0.6	0.6	0	0	0.34
40100	0.34	0.6	0.6	0	0	0.34
40200	0.34	0.6	0.6	0	0	0.34
40300	0.34	0.6	0.6	0	0	0.34
40400	0.34	0.6	0.6	0	0	0.34
40500	0.34	0.6	0.6	0	0	0.34
40600	0.34	0.62	0.62	0	0	0.34
40700	0.34	0.62	0.62	0	0	0.34
40800	0.34	0.62	0.62	0	0	0.34
40900	0.34	0.62	0.62	0	0	0.34
41000	0.34	0.62	0.62	0	0	0.34
41100	0.34	0.62	0.62	0	0	0.34
41200	0.34	0.62	0.62	0	0	0.34
41300	0.34	0.62	0.62	0	0	0.34
41400	0.34	0.62	0.62	0	0	0.34
41500	0.34	0.62	0.62	0	0	0.34
41600	0.36	0.62	0.62	0	0	0.36
41700	0.36	0.62	0.62	0	0	0.36
41800	0.36	0.62	0.62	0	0	0.36
41900	0.36	0.62	0.62	0	0	0.36
42000	0.36	0.62	0.62	0	0	0.36
42100	0.36	0.62	0.62	0	0	0.36
42200	0.38	0.62	0.62	0	0	0.38
42300	0.38	0.62	0.62	0	0	0.38
42400	0.38	0.62	0.62	0	0	0.38
42500	0.38	0.62	0.62	0	0	0.38
42600	0.38	0.62	0.62	0	0	0.38
42700	0.38	0.62	0.62	0	0	0.38
42800	0.38	0.62	0.62	0	0	0.38
42900	0.38	0.62	0.62	0	0	0.38
43000	0.38	0.62	0.62	0	0	0.38
43100	0.38	0.62	0.62	0	0	0.38
43200	0.38	0.62	0.62	0	0	0.38
43300	0.38	0.62	0.62	0	0	0.38
43400	0.38	0.62	0.62	0	0	0.38
43500	0.38	0.62	0.62	0	0	0.38
43600	0.38	0.62	0.62	0	0	0.38
43700	0.38	0.62	0.62	0	0	0.38
43800	0.38	0.6	0.6	0	0	0.38
43900	0.38	0.6	0.6	0	0	0.38
44000	0.38	0.6	0.6	0	0	0.38
44100	0.38	0.6	0.6	0	0	0.38
44200	0.38	0.6	0.6	0	0	0.38
44300	0.38	0.6	0.6	0	0	0.38
44400	0.38	0.6	0.6	0	0	0.38
44500	0.38	0.6	0.6	0	0	0.38
44600	0.38	0.6	0.6	0	0	0.38
44700	0.38	0.6	0.6	0	0	0.38
44800	0.38	0.6	0.6	0	0	0.38
44900	0.38	0.6	0.6	0	0	0.38
45000	0.38	0.6	0.6	0	0	0.38
45100	0.38	0.6	0.6	0	0	0.38
45200	0.38	0.6	0.6	0	0	0.38
45300	0.38	0.6	0.6	0	0	0.38
45400	0.38	0.6	0.6	0	0	0.38
45500	0.38	0.6	0.6	0	0	0.38
45600	0.38	0.6	0.6	0	0	0.38
45700	0.38	0.6	0.6	0	0	0.38
45800	0.38	0.62	0.62	0	0	0.38
45900	0.38	0.62	0.62	0	0	0.38
46000	0.38	0.62	0.62	0	0	0.38
46100	0.38	0.6	0.6	0	0	0.38
46200	0.38	0.6	0.6	0	0	0.38
46300	0.38	0.6	0.6	0	0	0.38
46400	0.38	0.6	0.6	0	0	0.38
46500	0.38	0.6	0.6	0	0	0.38
46600	0.38	0.6	0.6	0	0	0.38
46700	0.38	0.6	0.6	0	0	0.38
46800	0.38	0.6	0.6	0	0	0.38
46900	0.38	0.6	0.6	0	0	0.38
47000	0.38	0.6	0.6	0	0	0.38
47100	0.38	0.6	0.6	0	0	0.38
47200	0.38	0.6	0.6	0	0	0.38
47300	0.38	0.6	0.6	0	0	0.38
47400	0.38	0.6	0.6	0	0	0.38
47500	0.38	0.6	0.6	0	0	0.38
47600	0.38	0.6	0.6	0	0	0.38
47700	0.38	0.6	0.6	0	0	0.38
47800	0.38	0.6	0.6	0	0	0.38
47900	0.38	0.6	0.6	0	0	0.38
48000	0.38	0.6	0.6	0	0	0.38
48100	0.38	0.6	0.6	0	0	0.38
48200	0.38	0.6	0.6	0	0	0.38
48300	0.38	0.6	0.6	0	0	0.38
48400	0.38	0.6	0.6	0	0	0.38
48500	0.38	0.6	0.6	0	0	0.38
48600	0.38	0.6	0.6	0	0	0.38
48700	0.38	0.6	0.6	0	0	0.38
48800	0.38	0.6	0.6	0	0	0.38
48900	0.38	0.6	0.6	0	0	0.38
49000	0.38	0.6	0.6	0	0	0.38
49100	0.38	0.6	0.6	0	0	0.38
49200	0.38	0.6	0.6	0	0	0.38
49300	0.38	0.6	0.6	0	0	0.38
49400	0.38	0.6	0.6	0	0	0.38
49500	0.38	0.6	0.6	0	0	0.38
49600	0.38	0.6	0.6	0	0	0.38
49700	0.38	0.6	0.6	0	0	0.38
49800	0.38	0.6	0.6	0	0	0.38
49900	0.38	0.6	0.6	0	0	0.38
50000	0.38	0.6	0.6	0	0	0.38
50100	0.38	0.6	0.6	0	0	0.38
50200	0.38	0.6	0.6	0	0	0.38
50300	0.38	0.6	0.6	0	0	0.38
50400	0.38	0.6	0.6	0	0	0.38
50500	0.38	0.62	0.62	0	0	0.38
50600	0.38	0.62	0.62	0	0	0.38
50700	0.38	0.62	0.62	0	0	0.38
50800	0.38	0.62	0.62	0	0	0.38
50900	0.38	0.62	0.62	0	0	0.38
51000	0.38	0.62	0.62	0	0	0.38
51100	0.38	0.62	0.62	0	0	0.38
51200	0.38	0.62	0.62	0	0	0.38
51300	0.38	0.62	0.62	0	0	0.38
51400	0.38	0.62	0.62	0	0	0.38
51500	0.38	0.62	0.62	0	0	0.38
51600	0.38	0.62	0.62	0	0	0.38
51700	0.38	0.62	0.62	0	0	0.38
51800	0.38	0.62	0.62	0	0	0.38
51900	0.38	0.62	0.62	0	0	0.38
52000	0.38	0.62	0.62	0	0	0.38
52100	0.38	0.62	0.62	0	0	0.38
52200	0.38	0.62	0.62	0	0	0.38
52300	0.38	0.62	0.62	0	0	0.38
52400	0.38	0.62	0.62	0	0	0.38
52500	0.38	0.62	0.62	0	0	0.38
52600	0.38	0.62	0.62	0	0	0.38
52700	0.38	0.62	0.62	0	0	0.38
52800	0.38	0.62	0.62	0	0	0.38
52900	0.38	0.62	0.62	0	0	0.38
53000	0.38	0.62	0.62	0	0	0.38
53100	0.38	0.62	0.62	0	0	0.38
53200	0.38	0.62	0.62	0	0	0.38
53300	0.38	0.62	0.62	0	0	0.38
53400	0.38	0.62	0.62	0	0	0.38
53500	0.38	0.62	0.62	0	0	0.38
53600	0.38	0.62	0.62	0	0	0.38
53700	0.38	0.62	0.62	0	0	0.38
53800	0.38	0.62	0.62	0	0	0.38
53900	0.38	0.62	0.62	0	0	0.38
54000	0.38	0.62	0.62	0	0	0.38
54100	0.38	0.62	0.62	0	0	0.38
54200	0.38	0.62	0.62	0	0	0.38
54300	0.38	0.62	0.62	0	0	0.38
54400	0.38	0.62	0.62	0	0	0.38
54500	0.38	0.62	0.62	0	0	0.38
54600	0.38	0.62	0.62	0	0	0.38
54700	0.38	0.62	0.62	0	0	0.38
54800	0.38	0.62	0.62	0	0	0.38
54900	0.38	0.62	0.62	0	0	0.38
55000	0.38	0.62	0.62	0	0	0.38
55100	0.38	0.62	0.62	0	0	0.38
55200	0.38	0.62	0.62	0	0	0.38
55300	0.38	0.62	0.62	0	0	0.38
55400	0.38	0.62	0.62	0	0	0.38
55500	0.38	0.62	0.62	0	0	0.38
55600	0.38	0.62	0.62	0	0	0.38
55700	0.38	0.62	0.62	0	0	0.38
55800	0.38	0.62	0.62	0	0	0.38
55900	0.38	0.62	0.62	0	0	0.38
56000	0.38	0.62	0.62	0	0	0.38
56100	0.38	0.62	0.62	0	0	0.38
56200	0.38	0.62	0.62	0	0	0.38
56300	0.38	0.62	0.62	0	0	0.38
56400	0.38	0.62	0.62	0	0	0.38
56500	0.38	0.62	0.62	0	0	0.38
56600	0.38	0.62	0.62	0	0	0.38
56700	0.38	0.62	0.62	0	0	0.38
56800	0.38	0.62	0.62	0	0	0.38
56900	0.38	0.62	0.62	0	0	0.38
57000	0.38	0.62	0.62	0	0	0.38
57100	0.38	0.62	0.62	0	0	0.38
57200	0.38	0.62	0.62	0	0	0.38
57300	0.38	0.62	0.62	0	0	0.38
57400	0.38	0.62	0.62	0	0	0.38
57500	0.38	0.62	0.62	0	0	0.38
57600	0.38	0.62	0.62	0	0	0.38
57700	0.38	0.62	0.62	0	0	0.38
57800	0.38	0.62	0.62	0	0	0.38
57900	0.38	0.62	0.62	0	0	0.38
58000	0.38	0.62	0.62	0	0	0.38
58100	0.38	0.62	0.62	0	0	0.38
58200	0.36	0.62	0.62	0	0	0.36
58300	0.36	0.62	0.62	0	0	0.36
58400	0.36	0.62	0.62	0	0	0.36
58500	0.34	0.62	0.62	0	0	0.34
58600	0.34	0.62	0.62	0	0	0.34
58700	0.34	0.62	0.62	0	0	0.34
58800	0.34	0.62	0.62	0	0	0.34
58900	0.34	0.62	0.62	0	0	0.34
59000	0.34	0.62	0.62	0	0	0.34
59100	0.34	0.62	0.62	0	0	0.34
59200	0.34	0.62	0.62	0	0	0.34
59300	0.34	0.62	0.62	0	0	0.34
59400	0.34	0.62	0.62	0	0	0.34
59500	0.34	0.62	0.62	0	0	0.34
59600	0.34	0.62	0.62	0	0	0.34
59700	0.34	0.62	0.62	0	0	0.34
59800	0.34	0.62	0.62	0	0	0.34
59900	0.34	0.6	0.6	0	0	0.34
60000	0.34	0.6	0.6	0	0	0.34
60100	0.34	0.6	0.6	0	0	0.34
60200	0.34	0.6	0.6	0	0	0.34
60300	0.34	0.6	0.6	0	0	0.34
60400	0.36	0.6	0.6	0	0	0.36
60500	0.36	0.6	0.6	0	0	0.36
60600	0.36	0.6	0.6	0	0	0.36
60700	0.36	0.6	0.6	0	0	0.36
60800	0.36	0.6	0.6	0	0	0.36
60900	0.36	0.6	0.6	0	0	0.36
61000	0.36	0.6	0.6	0	0	0.36
61100	0.38	0.6	0.6	0	0	0.38
61200	0.38	0.6	0.6	0	0	0.38
61300	0.38	0.6	0.6	0	0	0.38
61400	0.38	0.6	0.6	0	0	0.38
61500	0.38	0.6	0.6	0	0	0.38
61600	0.38	0.6	0.6	0	0	0.38
61700	0.38	0.6	0.6	0	0	0.38
61800	0.38	0.6	0.6	0	0	0.38
61900	0.38	0.6	0.6	0	0	0.38
62000	0.38	0.6	0.6	0	0	0.38
62100	0.38	0.6	0.6	0	0	0.38
62200	0.38	0.6	0.6	0	0	0.38
62300	0.38	0.6	0.6	0	0	0.38
62400	0.38	0.6	0.6	0	0	0.38
62500	0.38	0.6	0.6	0	0	0.38
62600	0.38	0.6	0.6	0	0	0.38
62700	0.38	0.6	0.6	0	0	0.38
62800	0.38	0.6	0.6	0	0	0.38
62900	0.38	0.6	0.6	0	0	0.38
63000	0.38	0.6	0.6	0	0	0.38
63100	0.38	0.6	0.6	0	0	0.38
63200	0.38	0.6	0.6	0	0	0.38
63300	0.38	0.6	0.6	0	0	0.38
63400	0.38	0.6	0.6	0	0	0.38
63500	0.38	0.6	0.6	0	0	0.38
63600	0.38	0.6	0.6	0	0	0.38
63700	0.38	0.6	0.6	0	0	0.38
63800	0.38	0.6	0.6	0	0	0.38
63900	0.38	0.6	0.6	0	0	0.38
64000	0.38	0.6	0.6	0	0	0.38
64100	0.38	0.6	0.6	0	0	0.38
64200	0.38	0.6	0.6	0	0	0.38
64300	0.38	0.6	0.6	0	0	0.38
64400	0.38	0.6	0.6	0	0	0.38
64500	0.38	0.6	0.6	0	0	0.38
64600	0.38	0.6	0.6	0	0	0.38
64700	0.38	0.6	0.6	0	0	0.38
64800	0.38	0.6	0.6	0	0	0.38
64900	0.38	0.6	0.6	0	0	0.38
65000	0.38	0.6	0.6	0	0	0.38
65100	0.38	0.6	0.6	0	0	0.38
65200	0.38	0.6	0.6	0	0	0.38
65300	0.38	0.6	0.6	0	0	0.38
65400	0.38	0.6	0.6	0	0	0.38
65500	0.38	0.6	0.6	0	0	0.38
65600	0.38	0.6	0.6	0	0	0.38
65700	0.38	0.58	0.58	0	0	0.38
65800	0.38	0.58	0.58	0	0	0.38
65900	0.38	0.58	0.58	0	0	0.38
66000	0.38	0.58	0.58	0	0	0.38
66100	0.38	0.58	0.58	0	0	0.38
66200	0.38	0.6	0.6	0	0	0.38
66300	0.38	0.6	0.6	0	0	0.38
66400	0.38	0.6	0.6	0	0	0.38
66500	0.38	0.6	0.6	0	0	0.38
66600	0.38	0.6	0.6	0	0	0.38
66700	0.38	0.6	0.6	0	0	0.38
66800	0.38	0.6	0.6	0	0	0.38
66900	0.38	0.6	0.6	0	0	0.38
67000	0.38	0.6	0.6	0	0	0.38
67100	0.38	0.6	0.6	0	0	0.38
67200	0.38	0.6	0.6	0	0	0.38
67300	0.38	0.6	0.6	0	0	0.38
67400	0.38	0.6	0.6	0	0	0.38
67500	0.38	0.6	0.6	0	0	0.38
67600	0.38	0.6	0.6	0	0	0.38
67700	0.38	0.6	0.6	0	0	0.38
67800	0.38	0.6	0.6	0	0	0.38
67900	0.38	0.6	0.6	0	0	0.38
68000	0.38	0.6	0.6	0	0	0.38
68100	0.38	0.6	0.6	0	0	0.38
68200	0.38	0.6	0.6	0	0	0.38
68300	0.38	0.6	0.6	0	0	0.38
68400	0.38	0.6	0.6	0	0	0.38
68500	0.38	0.6	0.6	0	0	0.38
68600	0.38	0.6	0.6	0	0	0.38
68700	0.38	0.6	0.6	0	0	0.38
68800	0.38	0.6	0.6	0	0	0.38
68900	0.38	0.6	0.6	0	0	0.38
69000	0.38	0.6	0.6	0	0	0.38
69100	0.38	0.6	0.6	0	0	0.38
69200	0.38	0.6	0.6	0	0	0.38
69300	0.38	0.6	0.6	0	0	0.38
69400	0.38	0.6	0.6	0	0	0.38
69500	0.38	0.6	0.6	0	0	0.38
69600	0.38	0.6	0.6	0	0	0.38
69700	0.36	0.6	0.6	0	0	0.36
69800	0.36	0.6	0.6	0	0	0.36
69900	0.36	0.6	0.6	0	0	0.36
70000	0.36	0.6	0.6	0	0	0.36
70100	0.36	0.6	0.6	0	0	0.36
70200	0.36	0.6	0.6	0	0	0.36
70300	0.36	0.6	0.6	0	0	0.36
70400	0.36	0.6	0.6	0	0	0.36
70500	0.36	0.6	0.6	0	0	0.36
70600	0.36	0.6	0.6	0	0	0.36
70700	0.36	0.6	0.6	0	0	0.36
70800	0.36	0.6	0.6	0	0	0.36
70900	0.36	0.6	0.6	0	0	0.36
71000	0.36	0.6	0.6	0	0	0.36
71100	0.36	0.6	0.6	0	0	0.36
71200	0.36	0.6	0.6	0	0	0.36
71300	0.36	0.6	0.6	0	0	0.36
71400	0.36	0.6	0.6	0	0	0.36
71500	0.36	0.6	0.6	0	0	0.36
71600	0.36	0.6	0.6	0	0	0.36
71700	0.36	0.6	0.6	0	0	0.36
71800	0.36	0.6	0.6	0	0	0.36
71900	0.36	0.6	0.6	0	0	0.36
72000	0.36	0.6	0.6	0	0	0.36
72100	0.36	0.6	0.6	0	0	0.36
72200	0.36	0.6	0.6	0	0	0.36
72300	0.36	0.6	0.6	0	0	0.36
72400	0.36	0.6	0.6	0	0	0.36
72500	0.36	0.6	0.6	0	0	0.36
72600	0.36	0.6	0.6	0	0	0.36
72700	0.36	0.6	0.6	0	0	0.36
72800	0.36	0.6	0.6	0	0	0.36
72900	0.36	0.6	0.6	0	0	0.36
73000	0.36	0.6	0.6	0	0	0.36
73100	0.36	0.6	0.6	0	0	0.36
73200	0.36	0.6	0.6	0	0	0.36
73300	0.36	0.6	0.6	0	0	0.36
73400	0.36	0.6	0.6	0	0	0.36
73500	0.36	0.6	0.6	0	0	0.36
73600	0.36	0.6	0.6	0	0	0.36
73700	0.36	0.6	0.6	0	0	0.36
73800	0.36	0.6	0.6	0	0	0.36
73900	0.36	0.6	0.6	0	0	0.36
74000	0.36	0.6	0.6	0	0	0.36
74100	0.36	0.6	0.6	0	0	0.36
74200	0.36	0.6	0.6	0	0	0.36
74300	0.36	0.6	0.6	0	0	0.36
74400	0.36	0.6	0.6	0	0	0.36
74500	0.36	0.6	0.6	0	0	0.36
74600	0.36	0.6	0.6	0	0	0.36
74700	0.36	0.6	0.6	0	0	0.36
74800	0.36	0.6	0.6	0	0	0.36
74900	0.36	0.6	0.6	0	0	0.36
75000	0.36	0.6	0.6	0	0	0.36
75100	0.36	0.6	0.6	0	0	0.36
75200	0.36	0.6	0.6	0	0	0.36
75300	0.36	0.6	0.6	0	0	0.36
75400	0.36	0.6	0.6	0	0	0.36
75500	0.36	0.6	0.6	0	0	0.36
75600	0.36	0.6	0.6	0	0	0.36
75700	0.36	0.6	0.6	0	0	0.36
75800	0.36	0.6	0.6	0	0	0.36
75900	0.36	0.6	0.6	0	0	0.36
76000	0.36	0.6	0.6	0	0	0.36
76100	0.36	0.6	0.6	0	0	0.36
76200	0.36	0.6	0.6	0	0	0.36
76300	0.36	0.6	0.6	0	0	0.36
76400	0.36	0.6	0.6	0	0	0.36
76500	0.36	0.6	0.6	0	0	0.36
76600	0.36	0.6	0.6	0	0	0.36
76700	0.36	0.6	0.6	0	0	0.36
76800	0.36	0.6	0.6	0	0	0.36
76900	0.36	0.6	0.6	0	0	0.36
77000	0.36	0.6	0.6	0	0	0.36
77100	0.38	0.6	0.6	0	0	0.38
77200	0.38	0.6	0.6	0	0	0.38
77300	0.38	0.6	0.6	0	0	0.38
77400	0.38	0.6	0.6	0	0	0.38
77500	0.38	0.58	0.58	0	0	0.38
77600	0.38	0.58	0.58	0	0	0.38
77700	0.38	0.58	0.58	0	0	0.38
77800	0.38	0.58	0.58	0	0	0.38
77900	0.38	0.58	0.58	0	0	0.38
78000	0.38	0.58	0.58	0	0	0.38
78100	0.38	0.58	0.58	0	0	0.38
78200	0.38	0.58	0.58	0	0	0.38
78300	0.38	0.58	0.58	0	0	0.38
78400	0.38	0.58	0.58	0	0	0.38
78500	0.38	0.58	0.58	0	0	0.38
78600	0.38	0.58	0.58	0	0	0.38
78700	0.38	0.58	0.58	0	0	0.38
78800	0.38	0.58	0.58	0	0	0.38
78900	0.38	0.58	0.58	0	0	0.38
79000	0.38	0.58	0.58	0	0	0.38
79100	0.38	0.58	0.58	0	0	0.38
79200	0.38	0.58	0.58	0	0	0.38
79300	0.38	0.58	0.58	0	0	0.38
79400	0.38	0.58	0.58	0	0	0.38
79500	0.38	0.58	0.58	0	0	0.38
79600	0.36	0.58	0.58	0	0	0.36
79700	0.36	0.58	0.58	0	0	0.36
79800	0.36	0.58	0.58	0	0	0.36
79900	0.36	0.58	0.58	0	0	0.36
80000	0.36	0.58	0.58	0	0	0.36
80100	0.36	0.58	0.58	0	0	0.36
80200	0.36	0.58	0.58	0	0	0.36
80300	0.36	0.58	0.58	0	0	0.36
80400	0.36	0.58	0.58	0	0	0.36
80500	0.36	0.58	0.58	0	0	0.36
80600	0.36	0.58	0.58	0	0	0.36
80700	0.36	0.58	0.58	0	0	0.36
80800	0.36	0.58	0.58	0	0	0.36
80900	0.36	0.58	0.58	0	0	0.36
81000	0.36	0.58	0.58	0	0	0.36
81100	0.36	0.58	0.58	0	0	0.36
81200	0.36	0.58	0.58	0	0	0.36
81300	0.36	0.58	0.58	0	0	0.36
81400	0.36	0.58	0.58	0	0	0.36
81500	0.36	0.58	0.58	0	0	0.36
81600	0.36	0.58	0.58	0	0	0.36
81700	0.36	0.6	0.6	0	0	0.36
81800	0.36	0.6	0.6	0	0	0.36
81900	0.36	0.6	0.6	0	0	0.36
82000	0.36	0.6	0.6	0	0	0.36
82100	0.36	0.6	0.6	0	0	0.36
82200	0.36	0.6	0.6	0	0	0.36
82300	0.36	0.6	0.6	0	0	0.36
82400	0.38	0.6	0.6	0	0	0.38
82500	0.38	0.6	0.6	0	0	0.38
82600	0.36	0.58	0.58	0	0	0.36
82700	0.36	0.58	0.58	0	0	0.36
82800	0.36	0.58	0.58	0	0	0.36
82900	0.36	0.58	0.58	0	0	0.36
83000	0.36	0.58	0.58	0	0	0.36
83100	0.36	0.58	0.58	0	0	0.36
83200	0.36	0.58	0.58	0	0	0.36
83300	0.38	0.58	0.58	0	0	0.38
83400	0.38	0.58	0.58	0	0	0.38
83500	0.38	0.58	0.58	0	0	0.38
83600	0.38	0.58	0.58	0	0	0.38
83700	0.38	0.58	0.58	0	0	0.38
83800	0.38	0.58	0.58	0	0	0.38
83900	0.38	0.58	0.58	0	0	0.38
84000	0.38	0.58	0.58	0	0	0.38
84100	0.36	0.6	0.6	0	0	0.36
84200	0.36	0.6	0.6	0	0	0.36
84300	0.36	0.6	0.6	0	0	0.36
84400	0.36	0.6	0.6	0	0	0.36
84500	0.36	0.6	0.6	0	0	0.36
84600	0.36	0.6	0.6	0	0	0.36
84700	0.36	0.6	0.6	0	0	0.36
84800	0.36	0.6	0.6	0	0	0.36
84900	0.36	0.6	0.6	0	0	0.36
85000	0.36	0.6	0.6	0	0	0.36
85100	0.36	0.6	0.6	0	0	0.36
85200	0.36	0.6	0.6	0	0	0.36
85300	0.36	0.6	0.6	0	0	0.36
85400	0.36	0.6	0.6	0	0	0.36
85500	0.36	0.6	0.6	0	0	0.36
85600	0.36	0.6	0.6	0	0	0.36
85700	0.36	0.6	0.6	0	0	0.36
85800	0.36	0.6	0.6	0	0	0.36
85900	0.36	0.6	0.6	0	0	0.36
86000	0.36	0.6	0.6	0	0	0.36
86100	0.36	0.6	0.6	0	0	0.36
86200	0.36	0.6	0.6	0	0	0.36
86300	0.36	0.6	0.6	0	0	0.36
86400	0.36	0.6	0.6	0	0	0.36
86500	0.36	0.6	0.6	0	0	0.36
86600	0.36	0.6	0.6	0	0	0.36
86700	0.36	0.6	0.6	0	0	0.36
86800	0.36	0.6	0.6	0	0	0.36
86900	0.36	0.6	0.6	0	0	0.36
87000	0.36	0.6	0.6	0	0	0.36
87100	0.36	0.6	0.6	0	0	0.36
87200	0.36	0.6	0.6	0	0	0.36
87300	0.38	0.6	0.6	0	0	0.38
87400	0.38	0.6	0.6	0	0	0.38
87500	0.38	0.6	0.6	0	0	0.38
87600	0.38	0.6	0.6	0	0	0.38
87700	0.38	0.6	0.6	0	0	0.38
87800	0.38	0.6	0.6	0	0	0.38
87900	0.38	0.6	0.6	0	0	0.38
88000	0.38	0.6	0.6	0	0	0.38
88100	0.38	0.6	0.6	0	0	0.38
88200	0.38	0.58	0.58	0	0	0.38
88300	0.38	0.58	0.58	0	0	0.38
88400	0.38	0.58	0.58	0	0	0.38
88500	0.38	0.58	0.58	0	0	0.38
88600	0.38	0.58	0.58	0	0	0.38
88700	0.38	0.58	0.58	0	0	0.38
88800	0.38	0.58	0.58	0	0	0.38
88900	0.38	0.58	0.58	0	0	0.38
89000	0.38	0.58	0.58	0	0	0.38
89100	0.38	0.58	0.58	0	0	0.38
89200	0.38	0.58	0.58	0	0	0.38
89300	0.38	0.58	0.58	0	0	0.38
89400	0.38	0.58	0.58	0	0	0.38
89500	0.38	0.58	0.58	0	0	0.38
89600	0.38	0.58	0.58	0	0	0.38
89700	0.38	0.58	0.58	0	0	0.38
89800	0.38	0.58	0.58	0	0	0.38
89900	0.38	0.58	0.58	0	0	0.38
90000	0.38	0.58	0.58	0	0	0.38
90100	0.38	0.58	0.58	0	0	0.38
90200	0.38	0.58	0.58	0	0	0.38
90300	0.38	0.58	0.58	0	0	0.38
90400	0.38	0.58	0.58	0	0	0.38
90500	0.38	0.58	0.58	0	0	0.38
90600	0.38	0.58	0.58	0	0	0.38
90700	0.38	0.58	0.58	0	0	0.38
90800	0.38	0.58	0.58	0	0	0.38
90900	0.38	0.58	0.58	0	0	0.38
91000	0.38	0.58	0.58	0	0	0.38
91100	0.38	0.58	0.58	0	0	0.38
91200	0.4	0.58	0.58	0	0	0.4
91300	0.4	0.58	0.58	0	0	0.4
91400	0.4	0.58	0.58	0	0	0.4
91500	0.4	0.56	0.56	0	0	0.4
91600	0.4	0.56	0.56	0	0	0.4
91700	0.4	0.56	0.56	0	0	0.4
91800	0.4	0.56	0.56	0	0	0.4
91900	0.4	0.56	0.56	0	0	0.4
92000	0.4	0.56	0.56	0	0	0.4
92100	0.4	0.56	0.56	0	0	0.4
92200	0.4	0.54	0.54	0	0	0.4
92300	0.4	0.54	0.54	0	0	0.4
92400	0.4	0.54	0.54	0	0	0.4
92500	0.4	0.54	0.54	0	0	0.4
92600	0.4	0.54	0.54	0	0	0.4
92700	0.4	0.54	0.54	0	0	0.4
92800	0.4	0.54	0.54	0	0	0.4
92900	0.4	0.54	0.54	0	0	0.4
93000	0.4	0.54	0.54	0	0	0.4
93100	0.4	0.52	0.52	0	0	0.4
93200	0.4	0.52	0.52	0	0	0.4
93300	0.4	0.52	0.52	0	0	0.4
93400	0.4	0.52	0.52	0	0	0.4
93500	0.4	0.52	0.52	0	0	0.4
93600	0.4	0.52	0.52	0	0	0.4
93700	0.4	0.52	0.52	0	0	0.4
93800	0.4	0.52	0.52	0	0	0.4
93900	0.4	0.52	0.52	0	0	0.4
94000	0.4	0.52	0.52	0	0	0.4
94100	0.4	0.52	0.52	0	0	0.4
94200	0.4	0.52	0.52	0	0	0.4
94300	0.4	0.54	0.54	0	0	0.4
94400	0.4	0.54	0.54	0	0	0.4
94500	0.4	0.54	0.54	0	0	0.4
94600	0.4	0.54	0.54	0	0	0.4
94700	0.4	0.54	0.54	0	0	0.4
94800	0.4	0.54	0.54	0	0	0.4
94900	0.4	0.54	0.54	0	0	0.4
95000	0.4	0.54	0.54	0	0	0.4
95100	0.4	0.54	0.54	0	0	0.4
95200	0.4	0.54	0.54	0	0	0.4
95300	0.4	0.54	0.54	0	0	0.4
95400	0.4	0.54	0.54	0	0	0.4
95500	0.4	0.54	0.54	0	0	0.4
95600	0.38	0.54	0.54	0	0	0.38
95700	0.38	0.54	0.54	0	0	0.38
95800	0.38	0.54	0.54	0	0	0.38
95900	0.38	0.54	0.54	0	0	0.38
96000	0.38	0.54	0.54	0	0	0.38
96100	0.38	0.54	0.54	0	0	0.38
96200	0.38	0.54	0.54	0	0	0.38
96300	0.38	0.54	0.54	0	0	0.38
96400	0.38	0.54	0.54	0	0	0.38
96500	0.38	0.52	0.52	0	0	0.38
96600	0.38	0.5	0.5	0	0	0.38
96700	0.38	0.5	0.5	0	0	0.38
96800	0.38	0.5	0.5	0	0	0.38
96900	0.38	0.5	0.5	0	0	0.38
97000	0.38	0.5	0.5	0	0	0.38
97100	0.38	0.5	0.5	0	0	0.38
97200	0.38	0.5	0.5	0	0	0.38
97300	0.38	0.5	0.5	0	0	0.38
97400	0.38	0.5	0.5	0	0	0.38
97500	0.38	0.5	0.5	0	0	0.38
97600	0.38	0.5	0.5	0	0	0.38
97700	0.38	0.5	0.5	0	0	0.38
97800	0.38	0.5	0.5	0	0	0.38
97900	0.38	0.5	0.5	0	0	0.38
98000	0.38	0.52	0.52	0	0	0.38
98100	0.38	0.52	0.52	0	0	0.38
98200	0.38	0.52	0.52	0	0	0.38
98300	0.38	0.52	0.52	0	0	0.38
98400	0.38	0.52	0.52	0	0	0.38
98500	0.38	0.52	0.52	0	0	0.38
98600	0.38	0.52	0.52	0	0	0.38
98700	0.38	0.52	0.52	0	0	0.38
98800	0.38	0.52	0.52	0	0	0.38
98900	0.38	0.52	0.52	0	0	0.38
99000	0.38	0.52	0.52	0	0	0.38
99100	0.38	0.52	0.52	0	0	0.38
99200	0.38	0.52	0.52	0	0	0.38
99300	0.38	0.52	0.52	0	0	0.38
99400	0.38	0.52	0.52	0	0	0.38
99500	0.38	0.52	0.52	0	0	0.38
99600	0.4	0.52	0.52	0	0	0.4
99700	0.4	0.52	0.52	0	0	0.4
99800	0.38	0.52	0.52	0	0	0.38
99900	0.4	0.52	0.52	0	0	0.4
100000	0.4	0.52	0.52	0	0	0.4
