100	0.08	0.16	0.16	0	0	0.08
200	0.08	0.2	0.2	0	0	0.08
300	0.12	0.2	0.2	0	0	0.12
400	0.14	0.24	0.24	0	0	0.14
500	0.16	0.26	0.26	0	0	0.16
600	0.16	0.26	0.26	0	0	0.16
700	0.16	0.28	0.28	0	0	0.16
800	0.18	0.28	0.28	0	0	0.18
900	0.2	0.28	0.28	0	0	0.2
1000	0.22	0.28	0.28	0	0	0.22
1100	0.22	0.28	0.28	0	0	0.22
1200	0.22	0.28	0.28	0	0	0.22
1300	0.22	0.28	0.28	0	0	0.22
1400	0.22	0.28	0.28	0	0	0.22
1500	0.22	0.3	0.3	0	0	0.22
1600	0.22	0.3	0.3	0	0	0.22
1700	0.24	0.3	0.3	0	0	0.24
1800	0.24	0.3	0.3	0	0	0.24
1900	0.24	0.28	0.28	0	0	0.24
2000	0.24	0.3	0.3	0	0	0.24
2100	0.24	0.3	0.3	0	0	0.24
2200	0.24	0.3	0.3	0	0	0.24
2300	0.24	0.28	0.28	0	0	0.24
2400	0.28	0.28	0.28	0	0	0.28
2500	0.32	0.28	0.28	0	0	0.32
2600	0.34	0.28	0.28	0	0	0.34
2700	0.34	0.28	0.28	0	0	0.34
2800	0.34	0.28	0.28	0	0	0.34
2900	0.3	0.28	0.28	0	0	0.3
3000	0.3	0.28	0.28	0	0	0.3
3100	0.3	0.28	0.28	0	0	0.3
3200	0.3	0.28	0.28	0	0	0.3
3300	0.28	0.3	0.3	0	0	0.28
3400	0.3	0.3	0.3	0	0	0.3
3500	0.3	0.3	0.3	0	0	0.3
3600	0.3	0.3	0.3	0	0	0.3
3700	0.3	0.32	0.32	0	0	0.3
3800	0.32	0.32	0.32	0	0	0.32
3900	0.32	0.32	0.32	0	0	0.32
4000	0.32	0.34	0.34	0	0	0.32
4100	0.32	0.36	0.36	0	0	0.32
4200	0.32	0.36	0.36	0	0	0.32
4300	0.32	0.36	0.36	0	0	0.32
4400	0.32	0.38	0.38	0	0	0.32
4500	0.32	0.38	0.38	0	0	0.32
4600	0.32	0.44	0.44	0	0	0.32
4700	0.26	0.44	0.44	0	0	0.26
4800	0.26	0.44	0.44	0	0	0.26
4900	0.26	0.44	0.44	0	0	0.26
5000	0.28	0.44	0.44	0	0	0.28
5100	0.28	0.46	0.46	0	0	0.28
5200	0.28	0.46	0.46	0	0	0.28
5300	0.26	0.46	0.46	0	0	0.26
5400	0.28	0.48	0.48	0	0	0.28
5500	0.3	0.48	0.48	0	0	0.3
5600	0.3	0.48	0.48	0	0	0.3
5700	0.3	0.5	0.5	0	0	0.3
5800	0.3	0.5	0.5	0	0	0.3
5900	0.3	0.52	0.52	0	0	0.3
6000	0.3	0.52	0.52	0	0	0.3
6100	0.32	0.5	0.5	0	0	0.32
6200	0.32	0.5	0.5	0	0	0.32
6300	0.32	0.5	0.5	0	0	0.32
6400	0.32	0.52	0.52	0	0	0.32
6500	0.32	0.54	0.54	0	0	0.32
6600	0.32	0.54	0.54	0	0	0.32
6700	0.32	0.54	0.54	0	0	0.32
6800	0.32	0.54	0.54	0	0	0.32
6900	0.32	0.52	0.52	0	0	0.32
7000	0.32	0.52	0.52	0	0	0.32
7100	0.32	0.54	0.54	0	0	0.32
7200	0.32	0.54	0.54	0	0	0.32
7300	0.32	0.52	0.52	0	0	0.32
7400	0.34	0.52	0.52	0	0	0.34
7500	0.34	0.52	0.52	0	0	0.34
7600	0.34	0.52	0.52	0	0	0.34
7700	0.34	0.52	0.52	0	0	0.34
7800	0.34	0.5	0.5	0	0	0.34
7900	0.34	0.5	0.5	0	0	0.34
8000	0.34	0.5	0.5	0	0	0.34
8100	0.34	0.5	0.5	0	0	0.34
8200	0.36	0.5	0.5	0	0	0.36
8300	0.36	0.5	0.5	0	0	0.36
8400	0.36	0.5	0.5	0	0	0.36
8500	0.36	0.5	0.5	0	0	0.36
8600	0.38	0.5	0.5	0	0	0.38
8700	0.38	0.48	0.48	0	0	0.38
8800	0.38	0.48	0.48	0	0	0.38
8900	0.4	0.5	0.5	0	0	0.4
9000	0.38	0.5	0.5	0	0	0.38
9100	0.38	0.48	0.48	0	0	0.38
9200	0.38	0.48	0.48	0	0	0.38
9300	0.38	0.48	0.48	0	0	0.38
9400	0.38	0.48	0.48	0	0	0.38
9500	0.38	0.48	0.48	0	0	0.38
9600	0.4	0.48	0.48	0	0	0.4
9700	0.4	0.48	0.48	0	0	0.4
9800	0.38	0.48	0.48	0	0	0.38
9900	0.38	0.46	0.46	0	0	0.38
10000	0.36	0.46	0.46	0	0	0.36
10100	0.36	0.46	0.46	0	0	0.36
10200	0.36	0.48	0.48	0	0	0.36
10300	0.36	0.48	0.48	0	0	0.36
10400	0.36	0.48	0.48	0	0	0.36
10500	0.36	0.48	0.48	0	0	0.36
10600	0.36	0.48	0.48	0	0	0.36
10700	0.36	0.48	0.48	0	0	0.36
10800	0.36	0.48	0.48	0	0	0.36
10900	0.38	0.48	0.48	0	0	0.38
11000	0.38	0.5	0.5	0	0	0.38
11100	0.38	0.5	0.5	0	0	0.38
11200	0.4	0.5	0.5	0	0	0.4
11300	0.4	0.48	0.48	0	0	0.4
11400	0.4	0.48	0.48	0	0	0.4
11500	0.4	0.48	0.48	0	0	0.4
11600	0.4	0.48	0.48	0	0	0.4
11700	0.4	0.5	0.5	0	0	0.4
11800	0.4	0.5	0.5	0	0	0.4
11900	0.4	0.5	0.5	0	0	0.4
12000	0.4	0.5	0.5	0	0	0.4
12100	0.4	0.5	0.5	0	0	0.4
12200	0.4	0.5	0.5	0	0	0.4
12300	0.4	0.5	0.5	0	0	0.4
12400	0.4	0.5	0.5	0	0	0.4
12500	0.38	0.5	0.5	0	0	0.38
12600	0.38	0.48	0.48	0	0	0.38
12700	0.38	0.48	0.48	0	0	0.38
12800	0.38	0.46	0.46	0	0	0.38
12900	0.38	0.46	0.46	0	0	0.38
13000	0.36	0.46	0.46	0	0	0.36
13100	0.36	0.46	0.46	0	0	0.36
13200	0.36	0.46	0.46	0	0	0.36
13300	0.36	0.46	0.46	0	0	0.36
13400	0.36	0.46	0.46	0	0	0.36
13500	0.38	0.44	0.44	0	0	0.38
13600	0.38	0.44	0.44	0	0	0.38
13700	0.38	0.44	0.44	0	0	0.38
13800	0.38	0.44	0.44	0	0	0.38
13900	0.38	0.44	0.44	0	0	0.38
14000	0.38	0.44	0.44	0	0	0.38
14100	0.38	0.44	0.44	0	0	0.38
14200	0.38	0.44	0.44	0	0	0.38
14300	0.38	0.46	0.46	0	0	0.38
14400	0.38	0.48	0.48	0	0	0.38
14500	0.38	0.48	0.48	0	0	0.38
14600	0.38	0.48	0.48	0	0	0.38
14700	0.38	0.48	0.48	0	0	0.38
14800	0.38	0.48	0.48	0	0	0.38
14900	0.38	0.48	0.48	0	0	0.38
15000	0.36	0.48	0.48	0	0	0.36
15100	0.36	0.48	0.48	0	0	0.36
15200	0.36	0.48	0.48	0	0	0.36
15300	0.36	0.48	0.48	0	0	0.36
15400	0.36	0.48	0.48	0	0	0.36
15500	0.36	0.5	0.5	0	0	0.36
15600	0.36	0.5	0.5	0	0	0.36
15700	0.36	0.5	0.5	0	0	0.36
15800	0.36	0.5	0.5	0	0	0.36
15900	0.36	0.5	0.5	0	0	0.36
16000	0.36	0.5	0.5	0	0	0.36
16100	0.36	0.5	0.5	0	0	0.36
16200	0.38	0.5	0.5	0	0	0.38
16300	0.38	0.5	0.5	0	0	0.38
16400	0.38	0.5	0.5	0	0	0.38
16500	0.38	0.5	0.5	0	0	0.38
16600	0.38	0.5	0.5	0	0	0.38
16700	0.38	0.52	0.52	0	0	0.38
16800	0.38	0.5	0.5	0	0	0.38
16900	0.38	0.5	0.5	0	0	0.38
17000	0.38	0.5	0.5	0	0	0.38
17100	0.38	0.5	0.5	0	0	0.38
17200	0.38	0.5	0.5	0	0	0.38
17300	0.38	0.5	0.5	0	0	0.38
17400	0.38	0.5	0.5	0	0	0.38
17500	0.38	0.5	0.5	0	0	0.38
17600	0.38	0.48	0.48	0	0	0.38
17700	0.38	0.48	0.48	0	0	0.38
17800	0.38	0.46	0.46	0	0	0.38
17900	0.38	0.46	0.46	0	0	0.38
18000	0.4	0.46	0.46	0	0	0.4
18100	0.4	0.46	0.46	0	0	0.4
18200	0.4	0.46	0.46	0	0	0.4
18300	0.4	0.46	0.46	0	0	0.4
18400	0.4	0.46	0.46	0	0	0.4
18500	0.4	0.46	0.46	0	0	0.4
18600	0.4	0.46	0.46	0	0	0.4
18700	0.4	0.46	0.46	0	0	0.4
18800	0.4	0.46	0.46	0	0	0.4
18900	0.4	0.46	0.46	0	0	0.4
19000	0.4	0.46	0.46	0	0	0.4
19100	0.4	0.46	0.46	0	0	0.4
19200	0.4	0.46	0.46	0	0	0.4
19300	0.4	0.46	0.46	0	0	0.4
19400	0.4	0.46	0.46	0	0	0.4
19500	0.4	0.46	0.46	0	0	0.4
19600	0.4	0.46	0.46	0	0	0.4
19700	0.4	0.46	0.46	0	0	0.4
19800	0.4	0.46	0.46	0	0	0.4
19900	0.4	0.46	0.46	0	0	0.4
20000	0.44	0.46	0.46	0	0	0.44
20100	0.44	0.46	0.46	0	0	0.44
20200	0.44	0.46	0.46	0	0	0.44
20300	0.44	0.46	0.46	0	0	0.44
20400	0.44	0.46	0.46	0	0	0.44
20500	0.44	0.46	0.46	0	0	0.44
20600	0.44	0.46	0.46	0	0	0.44
20700	0.44	0.46	0.46	0	0	0.44
20800	0.44	0.46	0.46	0	0	0.44
20900	0.44	0.46	0.46	0	0	0.44
21000	0.44	0.46	0.46	0	0	0.44
21100	0.44	0.48	0.48	0	0	0.44
21200	0.44	0.48	0.48	0	0	0.44
21300	0.44	0.48	0.48	0	0	0.44
21400	0.44	0.48	0.48	0	0	0.44
21500	0.44	0.48	0.48	0	0	0.44
21600	0.44	0.48	0.48	0	0	0.44
21700	0.44	0.48	0.48	0	0	0.44
21800	0.44	0.48	0.48	0	0	0.44
21900	0.44	0.48	0.48	0	0	0.44
22000	0.44	0.48	0.48	0	0	0.44
22100	0.44	0.48	0.48	0	0	0.44
22200	0.44	0.48	0.48	0	0	0.44
22300	0.44	0.48	0.48	0	0	0.44
22400	0.44	0.48	0.48	0	0	0.44
22500	0.44	0.48	0.48	0	0	0.44
22600	0.44	0.48	0.48	0	0	0.44
22700	0.46	0.48	0.48	0	0	0.46
22800	0.46	0.48	0.48	0	0	0.46
22900	0.48	0.48	0.48	0	0	0.48
23000	0.48	0.48	0.48	0	0	0.48
23100	0.48	0.48	0.48	0	0	0.48
23200	0.48	0.48	0.48	0	0	0.48
23300	0.48	0.48	0.48	0	0	0.48
23400	0.48	0.48	0.48	0	0	0.48
23500	0.48	0.48	0.48	0	0	0.48
23600	0.48	0.5	0.5	0	0	0.48
23700	0.48	0.5	0.5	0	0	0.48
23800	0.48	0.5	0.5	0	0	0.48
23900	0.48	0.5	0.5	0	0	0.48
24000	0.48	0.5	0.5	0	0	0.48
24100	0.48	0.5	0.5	0	0	0.48
24200	0.48	0.5	0.5	0	0	0.48
24300	0.48	0.5	0.5	0	0	0.48
24400	0.48	0.5	0.5	0	0	0.48
24500	0.48	0.5	0.5	0	0	0.48
24600	0.48	0.5	0.5	0	0	0.48
24700	0.48	0.5	0.5	0	0	0.48
24800	0.48	0.5	0.5	0	0	0.48
24900	0.48	0.5	0.5	0	0	0.48
25000	0.48	0.5	0.5	0	0	0.48
25100	0.48	0.5	0.5	0	0	0.48
25200	0.48	0.5	0.5	0	0	0.48
25300	0.48	0.5	0.5	0	0	0.48
25400	0.48	0.5	0.5	0	0	0.48
25500	0.48	0.5	0.5	0	0	0.48
25600	0.48	0.5	0.5	0	0	0.48
25700	0.48	0.5	0.5	0	0	0.48
25800	0.48	0.5	0.5	0	0	0.48
25900	0.48	0.5	0.5	0	0	0.48
26000	0.48	0.5	0.5	0	0	0.48
26100	0.48	0.5	0.5	0	0	0.48
26200	0.48	0.5	0.5	0	0	0.48
26300	0.48	0.5	0.5	0	0	0.48
26400	0.48	0.5	0.5	0	0	0.48
26500	0.48	0.5	0.5	0	0	0.48
26600	0.48	0.5	0.5	0	0	0.48
26700	0.48	0.5	0.5	0	0	0.48
26800	0.48	0.5	0.5	0	0	0.48
26900	0.48	0.5	0.5	0	0	0.48
27000	0.48	0.5	0.5	0	0	0.48
27100	0.46	0.5	0.5	0	0	0.46
27200	0.46	0.5	0.5	0	0	0.46
27300	0.46	0.5	0.5	0	0	0.46
27400	0.46	0.5	0.5	0	0	0.46
27500	0.46	0.5	0.5	0	0	0.46
27600	0.46	0.5	0.5	0	0	0.46
27700	0.46	0.5	0.5	0	0	0.46
27800	0.46	0.5	0.5	0	0	0.46
27900	0.46	0.5	0.5	0	0	0.46
28000	0.46	0.5	0.5	0	0	0.46
28100	0.46	0.5	0.5	0	0	0.46
28200	0.46	0.5	0.5	0	0	0.46
28300	0.46	0.5	0.5	0	0	0.46
28400	0.46	0.5	0.5	0	0	0.46
28500	0.46	0.5	0.5	0	0	0.46
28600	0.46	0.5	0.5	0	0	0.46
28700	0.46	0.5	0.5	0	0	0.46
28800	0.46	0.5	0.5	0	0	0.46
28900	0.46	0.5	0.5	0	0	0.46
29000	0.46	0.5	0.5	0	0	0.46
29100	0.46	0.5	0.5	0	0	0.46
29200	0.46	0.5	0.5	0	0	0.46
29300	0.46	0.5	0.5	0	0	0.46
29400	0.46	0.5	0.5	0	0	0.46
29500	0.46	0.5	0.5	0	0	0.46
29600	0.46	0.5	0.5	0	0	0.46
29700	0.46	0.5	0.5	0	0	0.46
29800	0.46	0.5	0.5	0	0	0.46
29900	0.46	0.5	0.5	0	0	0.46
30000	0.46	0.5	0.5	0	0	0.46
30100	0.46	0.5	0.5	0	0	0.46
30200	0.46	0.5	0.5	0	0	0.46
30300	0.46	0.5	0.5	0	0	0.46
30400	0.46	0.5	0.5	0	0	0.46
30500	0.46	0.5	0.5	0	0	0.46
30600	0.46	0.5	0.5	0	0	0.46
30700	0.46	0.5	0.5	0	0	0.46
30800	0.46	0.5	0.5	0	0	0.46
30900	0.46	0.5	0.5	0	0	0.46
31000	0.46	0.5	0.5	0	0	0.46
31100	0.46	0.5	0.5	0	0	0.46
31200	0.46	0.5	0.5	0	0	0.46
31300	0.48	0.5	0.5	0	0	0.48
31400	0.46	0.5	0.5	0	0	0.46
31500	0.46	0.48	0.48	0	0	0.46
31600	0.46	0.48	0.48	0	0	0.46
31700	0.46	0.48	0.48	0	0	0.46
31800	0.46	0.48	0.48	0	0	0.46
31900	0.46	0.48	0.48	0	0	0.46
32000	0.46	0.48	0.48	0	0	0.46
32100	0.46	0.48	0.48	0	0	0.46
32200	0.44	0.48	0.48	0	0	0.44
32300	0.44	0.48	0.48	0	0	0.44
32400	0.44	0.48	0.48	0	0	0.44
32500	0.44	0.48	0.48	0	0	0.44
32600	0.44	0.48	0.48	0	0	0.44
32700	0.44	0.46	0.46	0	0	0.44
32800	0.44	0.46	0.46	0	0	0.44
32900	0.44	0.46	0.46	0	0	0.44
33000	0.44	0.46	0.46	0	0	0.44
33100	0.44	0.46	0.46	0	0	0.44
33200	0.44	0.46	0.46	0	0	0.44
33300	0.44	0.46	0.46	0	0	0.44
33400	0.44	0.46	0.46	0	0	0.44
33500	0.44	0.46	0.46	0	0	0.44
33600	0.44	0.46	0.46	0	0	0.44
33700	0.44	0.46	0.46	0	0	0.44
33800	0.44	0.46	0.46	0	0	0.44
33900	0.42	0.46	0.46	0	0	0.42
34000	0.42	0.48	0.48	0	0	0.42
34100	0.42	0.46	0.46	0	0	0.42
34200	0.42	0.46	0.46	0	0	0.42
34300	0.42	0.44	0.44	0	0	0.42
34400	0.42	0.44	0.44	0	0	0.42
34500	0.44	0.44	0.44	0	0	0.44
34600	0.44	0.44	0.44	0	0	0.44
34700	0.42	0.44	0.44	0	0	0.42
34800	0.44	0.44	0.44	0	0	0.44
34900	0.44	0.44	0.44	0	0	0.44
35000	0.44	0.44	0.44	0	0	0.44
35100	0.44	0.46	0.46	0	0	0.44
35200	0.44	0.46	0.46	0	0	0.44
35300	0.44	0.46	0.46	0	0	0.44
35400	0.46	0.46	0.46	0	0	0.46
35500	0.46	0.46	0.46	0	0	0.46
35600	0.46	0.46	0.46	0	0	0.46
35700	0.46	0.42	0.42	0	0	0.46
35800	0.46	0.42	0.42	0	0	0.46
35900	0.46	0.42	0.42	0	0	0.46
36000	0.46	0.42	0.42	0	0	0.46
36100	0.48	0.44	0.44	0	0	0.48
36200	0.48	0.44	0.44	0	0	0.48
36300	0.48	0.44	0.44	0	0	0.48
36400	0.48	0.44	0.44	0	0	0.48
36500	0.48	0.44	0.44	0	0	0.48
36600	0.48	0.44	0.44	0	0	0.48
36700	0.48	0.44	0.44	0	0	0.48
36800	0.48	0.44	0.44	0	0	0.48
36900	0.48	0.44	0.44	0	0	0.48
37000	0.48	0.44	0.44	0	0	0.48
37100	0.48	0.44	0.44	0	0	0.48
37200	0.48	0.44	0.44	0	0	0.48
37300	0.48	0.44	0.44	0	0	0.48
37400	0.48	0.44	0.44	0	0	0.48
37500	0.48	0.44	0.44	0	0	0.48
37600	0.46	0.44	0.44	0	0	0.46
37700	0.46	0.44	0.44	0	0	0.46
37800	0.46	0.44	0.44	0	0	0.46
37900	0.46	0.44	0.44	0	0	0.46
38000	0.46	0.44	0.44	0	0	0.46
38100	0.48	0.44	0.44	0	0	0.48
38200	0.5	0.44	0.44	0	0	0.5
38300	0.48	0.44	0.44	0	0	0.48
38400	0.48	0.44	0.44	0	0	0.48
38500	0.48	0.44	0.44	0	0	0.48
38600	0.48	0.44	0.44	0	0	0.48
38700	0.48	0.44	0.44	0	0	0.48
38800	0.48	0.44	0.44	0	0	0.48
38900	0.48	0.44	0.44	0	0	0.48
39000	0.46	0.44	0.44	0	0	0.46
39100	0.46	0.44	0.44	0	0	0.46
39200	0.44	0.44	0.44	0	0	0.44
39300	0.44	0.44	0.44	0	0	0.44
39400	0.44	0.44	0.44	0	0	0.44
39500	0.44	0.44	0.44	0	0	0.44
39600	0.44	0.44	0.44	0	0	0.44
39700	0.44	0.44	0.44	0	0	0.44
39800	0.44	0.44	0.44	0	0	0.44
39900	0.44	0.44	0.44	0	0	0.44
40000	0.44	0.42	0.42	0	0	0.44
40100	0.44	0.42	0.42	0	0	0.44
40200	0.44	0.42	0.42	0	0	0.44
40300	0.44	0.42	0.42	0	0	0.44
40400	0.44	0.42	0.42	0	0	0.44
40500	0.44	0.42	0.42	0	0	0.44
40600	0.44	0.42	0.42	0	0	0.44
40700	0.44	0.42	0.42	0	0	0.44
40800	0.44	0.42	0.42	0	0	0.44
40900	0.44	0.42	0.42	0	0	0.44
41000	0.44	0.42	0.42	0	0	0.44
41100	0.44	0.42	0.42	0	0	0.44
41200	0.44	0.42	0.42	0	0	0.44
41300	0.44	0.42	0.42	0	0	0.44
41400	0.46	0.42	0.42	0	0	0.46
41500	0.46	0.42	0.42	0	0	0.46
41600	0.44	0.42	0.42	0	0	0.44
41700	0.44	0.44	0.44	0	0	0.44
41800	0.44	0.44	0.44	0	0	0.44
41900	0.44	0.44	0.44	0	0	0.44
42000	0.44	0.44	0.44	0	0	0.44
42100	0.44	0.44	0.44	0	0	0.44
42200	0.44	0.44	0.44	0	0	0.44
42300	0.44	0.44	0.44	0	0	0.44
42400	0.44	0.44	0.44	0	0	0.44
42500	0.44	0.44	0.44	0	0	0.44
42600	0.44	0.44	0.44	0	0	0.44
42700	0.44	0.44	0.44	0	0	0.44
42800	0.44	0.44	0.44	0	0	0.44
42900	0.44	0.44	0.44	0	0	0.44
43000	0.44	0.44	0.44	0	0	0.44
43100	0.44	0.44	0.44	0	0	0.44
43200	0.44	0.44	0.44	0	0	0.44
43300	0.44	0.46	0.46	0	0	0.44
43400	0.44	0.46	0.46	0	0	0.44
43500	0.44	0.46	0.46	0	0	0.44
43600	0.44	0.46	0.46	0	0	0.44
43700	0.44	0.46	0.46	0	0	0.44
43800	0.44	0.46	0.46	0	0	0.44
43900	0.44	0.46	0.46	0	0	0.44
44000	0.44	0.46	0.46	0	0	0.44
44100	0.44	0.46	0.46	0	0	0.44
44200	0.44	0.46	0.46	0	0	0.44
44300	0.44	0.46	0.46	0	0	0.44
44400	0.44	0.46	0.46	0	0	0.44
44500	0.44	0.46	0.46	0	0	0.44
44600	0.46	0.46	0.46	0	0	0.46
44700	0.46	0.46	0.46	0	0	0.46
44800	0.46	0.46	0.46	0	0	0.46
44900	0.46	0.46	0.46	0	0	0.46
45000	0.46	0.46	0.46	0	0	0.46
45100	0.44	0.46	0.46	0	0	0.44
45200	0.44	0.46	0.46	0	0	0.44
45300	0.44	0.46	0.46	0	0	0.44
45400	0.44	0.48	0.48	0	0	0.44
45500	0.44	0.48	0.48	0	0	0.44
45600	0.44	0.48	0.48	0	0	0.44
45700	0.44	0.48	0.48	0	0	0.44
45800	0.44	0.48	0.48	0	0	0.44
45900	0.44	0.48	0.48	0	0	0.44
46000	0.44	0.5	0.5	0	0	0.44
46100	0.44	0.5	0.5	0	0	0.44
46200	0.44	0.5	0.5	0	0	0.44
46300	0.44	0.5	0.5	0	0	0.44
46400	0.44	0.5	0.5	0	0	0.44
46500	0.44	0.5	0.5	0	0	0.44
46600	0.44	0.5	0.5	0	0	0.44
46700	0.44	0.5	0.5	0	0	0.44
46800	0.44	0.5	0.5	0	0	0.44
46900	0.44	0.5	0.5	0	0	0.44
47000	0.44	0.5	0.5	0	0	0.44
47100	0.44	0.5	0.5	0	0	0.44
47200	0.44	0.5	0.5	0	0	0.44
47300	0.44	0.5	0.5	0	0	0.44
47400	0.44	0.5	0.5	0	0	0.44
47500	0.44	0.5	0.5	0	0	0.44
47600	0.44	0.5	0.5	0	0	0.44
47700	0.44	0.5	0.5	0	0	0.44
47800	0.42	0.5	0.5	0	0	0.42
47900	0.42	0.5	0.5	0	0	0.42
48000	0.42	0.5	0.5	0	0	0.42
48100	0.42	0.5	0.5	0	0	0.42
48200	0.42	0.5	0.5	0	0	0.42
48300	0.42	0.5	0.5	0	0	0.42
48400	0.42	0.5	0.5	0	0	0.42
48500	0.42	0.5	0.5	0	0	0.42
48600	0.42	0.5	0.5	0	0	0.42
48700	0.42	0.5	0.5	0	0	0.42
48800	0.42	0.5	0.5	0	0	0.42
48900	0.42	0.52	0.52	0	0	0.42
49000	0.42	0.52	0.52	0	0	0.42
49100	0.42	0.52	0.52	0	0	0.42
49200	0.42	0.52	0.52	0	0	0.42
49300	0.42	0.52	0.52	0	0	0.42
49400	0.42	0.52	0.52	0	0	0.42
49500	0.42	0.52	0.52	0	0	0.42
49600	0.44	0.52	0.52	0	0	0.44
49700	0.44	0.52	0.52	0	0	0.44
49800	0.44	0.52	0.52	0	0	0.44
49900	0.44	0.52	0.52	0	0	0.44
50000	0.44	0.52	0.52	0	0	0.44
50100	0.44	0.52	0.52	0	0	0.44
50200	0.44	0.52	0.52	0	0	0.44
50300	0.44	0.52	0.52	0	0	0.44
50400	0.44	0.52	0.52	0	0	0.44
50500	0.44	0.52	0.52	0	0	0.44
50600	0.44	0.52	0.52	0	0	0.44
50700	0.44	0.52	0.52	0	0	0.44
50800	0.44	0.52	0.52	0	0	0.44
50900	0.44	0.52	0.52	0	0	0.44
51000	0.44	0.52	0.52	0	0	0.44
51100	0.44	0.52	0.52	0	0	0.44
51200	0.44	0.52	0.52	0	0	0.44
51300	0.46	0.52	0.52	0	0	0.46
51400	0.44	0.52	0.52	0	0	0.44
51500	0.44	0.52	0.52	0	0	0.44
51600	0.44	0.52	0.52	0	0	0.44
51700	0.44	0.52	0.52	0	0	0.44
51800	0.44	0.52	0.52	0	0	0.44
51900	0.44	0.52	0.52	0	0	0.44
52000	0.44	0.52	0.52	0	0	0.44
52100	0.44	0.5	0.5	0	0	0.44
52200	0.44	0.5	0.5	0	0	0.44
52300	0.44	0.5	0.5	0	0	0.44
52400	0.44	0.5	0.5	0	0	0.44
52500	0.44	0.5	0.5	0	0	0.44
52600	0.44	0.5	0.5	0	0	0.44
52700	0.44	0.5	0.5	0	0	0.44
52800	0.44	0.5	0.5	0	0	0.44
52900	0.44	0.5	0.5	0	0	0.44
53000	0.44	0.5	0.5	0	0	0.44
53100	0.42	0.5	0.5	0	0	0.42
53200	0.42	0.5	0.5	0	0	0.42
53300	0.42	0.48	0.48	0	0	0.42
53400	0.42	0.48	0.48	0	0	0.42
53500	0.42	0.5	0.5	0	0	0.42
53600	0.42	0.5	0.5	0	0	0.42
53700	0.42	0.52	0.52	0	0	0.42
53800	0.42	0.52	0.52	0	0	0.42
53900	0.42	0.52	0.52	0	0	0.42
54000	0.42	0.52	0.52	0	0	0.42
54100	0.42	0.52	0.52	0	0	0.42
54200	0.42	0.54	0.54	0	0	0.42
54300	0.42	0.54	0.54	0	0	0.42
54400	0.42	0.54	0.54	0	0	0.42
54500	0.42	0.52	0.52	0	0	0.42
54600	0.42	0.52	0.52	0	0	0.42
54700	0.4	0.52	0.52	0	0	0.4
54800	0.4	0.52	0.52	0	0	0.4
54900	0.4	0.52	0.52	0	0	0.4
55000	0.4	0.52	0.52	0	0	0.4
55100	0.4	0.52	0.52	0	0	0.4
55200	0.4	0.52	0.52	0	0	0.4
55300	0.4	0.52	0.52	0	0	0.4
55400	0.4	0.52	0.52	0	0	0.4
55500	0.42	0.52	0.52	0	0	0.42
55600	0.4	0.52	0.52	0	0	0.4
55700	0.4	0.52	0.52	0	0	0.4
55800	0.4	0.52	0.52	0	0	0.4
55900	0.4	0.52	0.52	0	0	0.4
56000	0.4	0.52	0.52	0	0	0.4
56100	0.4	0.52	0.52	0	0	0.4
56200	0.4	0.52	0.52	0	0	0.4
56300	0.4	0.52	0.52	0	0	0.4
56400	0.4	0.52	0.52	0	0	0.4
56500	0.4	0.52	0.52	0	0	0.4
56600	0.4	0.52	0.52	0	0	0.4
56700	0.4	0.52	0.52	0	0	0.4
56800	0.4	0.52	0.52	0	0	0.4
56900	0.4	0.52	0.52	0	0	0.4
57000	0.4	0.52	0.52	0	0	0.4
57100	0.4	0.52	0.52	0	0	0.4
57200	0.4	0.52	0.52	0	0	0.4
57300	0.4	0.54	0.54	0	0	0.4
57400	0.4	0.52	0.52	0	0	0.4
57500	0.4	0.52	0.52	0	0	0.4
57600	0.4	0.52	0.52	0	0	0.4
57700	0.42	0.52	0.52	0	0	0.42
57800	0.42	0.52	0.52	0	0	0.42
57900	0.42	0.52	0.52	0	0	0.42
58000	0.42	0.52	0.52	0	0	0.42
58100	0.42	0.52	0.52	0	0	0.42
58200	0.42	0.52	0.52	0	0	0.42
58300	0.42	0.52	0.52	0	0	0.42
58400	0.44	0.52	0.52	0	0	0.44
58500	0.44	0.52	0.52	0	0	0.44
58600	0.44	0.52	0.52	0	0	0.44
58700	0.44	0.52	0.52	0	0	0.44
58800	0.44	0.52	0.52	0	0	0.44
58900	0.44	0.52	0.52	0	0	0.44
59000	0.44	0.52	0.52	0	0	0.44
59100	0.44	0.5	0.5	0	0	0.44
59200	0.44	0.5	0.5	0	0	0.44
59300	0.44	0.5	0.5	0	0	0.44
59400	0.44	0.5	0.5	0	0	0.44
59500	0.44	0.5	0.5	0	0	0.44
59600	0.44	0.5	0.5	0	0	0.44
59700	0.44	0.5	0.5	0	0	0.44
59800	0.44	0.5	0.5	0	0	0.44
59900	0.44	0.5	0.5	0	0	0.44
60000	0.44	0.5	0.5	0	0	0.44
60100	0.44	0.5	0.5	0	0	0.44
60200	0.44	0.5	0.5	0	0	0.44
60300	0.44	0.5	0.5	0	0	0.44
60400	0.44	0.5	0.5	0	0	0.44
60500	0.44	0.5	0.5	0	0	0.44
60600	0.44	0.52	0.52	0	0	0.44
60700	0.44	0.52	0.52	0	0	0.44
60800	0.44	0.52	0.52	0	0	0.44
60900	0.44	0.52	0.52	0	0	0.44
61000	0.44	0.52	0.52	0	0	0.44
61100	0.44	0.52	0.52	0	0	0.44
61200	0.44	0.52	0.52	0	0	0.44
61300	0.44	0.54	0.54	0	0	0.44
61400	0.44	0.54	0.54	0	0	0.44
61500	0.44	0.54	0.54	0	0	0.44
61600	0.44	0.54	0.54	0	0	0.44
61700	0.44	0.54	0.54	0	0	0.44
61800	0.44	0.54	0.54	0	0	0.44
61900	0.44	0.52	0.52	0	0	0.44
62000	0.44	0.52	0.52	0	0	0.44
62100	0.44	0.52	0.52	0	0	0.44
62200	0.44	0.52	0.52	0	0	0.44
62300	0.44	0.52	0.52	0	0	0.44
62400	0.44	0.52	0.52	0	0	0.44
62500	0.44	0.52	0.52	0	0	0.44
62600	0.44	0.52	0.52	0	0	0.44
62700	0.44	0.52	0.52	0	0	0.44
62800	0.44	0.52	0.52	0	0	0.44
62900	0.44	0.52	0.52	0	0	0.44
63000	0.44	0.52	0.52	0	0	0.44
63100	0.44	0.52	0.52	0	0	0.44
63200	0.44	0.54	0.54	0	0	0.44
63300	0.44	0.54	0.54	0	0	0.44
63400	0.44	0.52	0.52	0	0	0.44
63500	0.44	0.52	0.52	0	0	0.44
63600	0.44	0.5	0.5	0	0	0.44
63700	0.44	0.5	0.5	0	0	0.44
63800	0.44	0.5	0.5	0	0	0.44
63900	0.44	0.48	0.48	0	0	0.44
64000	0.44	0.48	0.48	0	0	0.44
64100	0.44	0.48	0.48	0	0	0.44
64200	0.44	0.48	0.48	0	0	0.44
64300	0.44	0.48	0.48	0	0	0.44
64400	0.44	0.48	0.48	0	0	0.44
64500	0.44	0.48	0.48	0	0	0.44
64600	0.44	0.48	0.48	0	0	0.44
64700	0.44	0.48	0.48	0	0	0.44
64800	0.44	0.48	0.48	0	0	0.44
64900	0.44	0.48	0.48	0	0	0.44
65000	0.44	0.48	0.48	0	0	0.44
65100	0.44	0.46	0.46	0	0	0.44
65200	0.44	0.46	0.46	0	0	0.44
65300	0.44	0.46	0.46	0	0	0.44
65400	0.44	0.48	0.48	0	0	0.44
65500	0.44	0.48	0.48	0	0	0.44
65600	0.42	0.5	0.5	0	0	0.42
65700	0.4	0.5	0.5	0	0	0.4
65800	0.4	0.5	0.5	0	0	0.4
65900	0.4	0.52	0.52	0	0	0.4
66000	0.4	0.52	0.52	0	0	0.4
66100	0.4	0.52	0.52	0	0	0.4
66200	0.4	0.52	0.52	0	0	0.4
66300	0.42	0.54	0.54	0	0	0.42
66400	0.42	0.54	0.54	0	0	0.42
66500	0.42	0.54	0.54	0	0	0.42
66600	0.42	0.54	0.54	0	0	0.42
66700	0.42	0.52	0.52	0	0	0.42
66800	0.42	0.52	0.52	0	0	0.42
66900	0.42	0.52	0.52	0	0	0.42
67000	0.42	0.52	0.52	0	0	0.42
67100	0.42	0.52	0.52	0	0	0.42
67200	0.42	0.52	0.52	0	0	0.42
67300	0.44	0.52	0.52	0	0	0.44
67400	0.44	0.52	0.52	0	0	0.44
67500	0.44	0.52	0.52	0	0	0.44
67600	0.44	0.52	0.52	0	0	0.44
67700	0.44	0.52	0.52	0	0	0.44
67800	0.44	0.52	0.52	0	0	0.44
67900	0.44	0.52	0.52	0	0	0.44
68000	0.44	0.52	0.52	0	0	0.44
68100	0.44	0.52	0.52	0	0	0.44
68200	0.44	0.52	0.52	0	0	0.44
68300	0.44	0.52	0.52	0	0	0.44
68400	0.44	0.52	0.52	0	0	0.44
68500	0.44	0.52	0.52	0	0	0.44
68600	0.44	0.52	0.52	0	0	0.44
68700	0.44	0.52	0.52	0	0	0.44
68800	0.44	0.52	0.52	0	0	0.44
68900	0.44	0.52	0.52	0	0	0.44
69000	0.44	0.52	0.52	0	0	0.44
69100	0.44	0.52	0.52	0	0	0.44
69200	0.44	0.52	0.52	0	0	0.44
69300	0.44	0.52	0.52	0	0	0.44
69400	0.44	0.52	0.52	0	0	0.44
69500	0.44	0.52	0.52	0	0	0.44
69600	0.44	0.52	0.52	0	0	0.44
69700	0.44	0.52	0.52	0	0	0.44
69800	0.44	0.52	0.52	0	0	0.44
69900	0.44	0.52	0.52	0	0	0.44
70000	0.44	0.52	0.52	0	0	0.44
70100	0.44	0.52	0.52	0	0	0.44
70200	0.44	0.52	0.52	0	0	0.44
70300	0.44	0.52	0.52	0	0	0.44
70400	0.44	0.52	0.52	0	0	0.44
70500	0.44	0.54	0.54	0	0	0.44
70600	0.44	0.54	0.54	0	0	0.44
70700	0.44	0.54	0.54	0	0	0.44
70800	0.44	0.54	0.54	0	0	0.44
70900	0.44	0.54	0.54	0	0	0.44
71000	0.44	0.54	0.54	0	0	0.44
71100	0.44	0.54	0.54	0	0	0.44
71200	0.44	0.54	0.54	0	0	0.44
71300	0.44	0.54	0.54	0	0	0.44
71400	0.44	0.54	0.54	0	0	0.44
71500	0.44	0.54	0.54	0	0	0.44
71600	0.44	0.54	0.54	0	0	0.44
71700	0.44	0.54	0.54	0	0	0.44
71800	0.44	0.54	0.54	0	0	0.44
71900	0.42	0.54	0.54	0	0	0.42
72000	0.42	0.54	0.54	0	0	0.42
72100	0.42	0.54	0.54	0	0	0.42
72200	0.42	0.54	0.54	0	0	0.42
72300	0.42	0.54	0.54	0	0	0.42
72400	0.42	0.54	0.54	0	0	0.42
72500	0.42	0.54	0.54	0	0	0.42
72600	0.42	0.54	0.54	0	0	0.42
72700	0.42	0.54	0.54	0	0	0.42
72800	0.42	0.54	0.54	0	0	0.42
72900	0.42	0.54	0.54	0	0	0.42
73000	0.42	0.54	0.54	0	0	0.42
73100	0.42	0.54	0.54	0	0	0.42
73200	0.42	0.54	0.54	0	0	0.42
73300	0.42	0.54	0.54	0	0	0.42
73400	0.42	0.54	0.54	0	0	0.42
73500	0.42	0.54	0.54	0	0	0.42
73600	0.42	0.54	0.54	0	0	0.42
73700	0.4	0.54	0.54	0	0	0.4
73800	0.4	0.54	0.54	0	0	0.4
73900	0.4	0.52	0.52	0	0	0.4
74000	0.4	0.52	0.52	0	0	0.4
74100	0.4	0.52	0.52	0	0	0.4
74200	0.4	0.52	0.52	0	0	0.4
74300	0.4	0.52	0.52	0	0	0.4
74400	0.4	0.52	0.52	0	0	0.4
74500	0.4	0.52	0.52	0	0	0.4
74600	0.4	0.52	0.52	0	0	0.4
74700	0.4	0.52	0.52	0	0	0.4
74800	0.4	0.52	0.52	0	0	0.4
74900	0.4	0.52	0.52	0	0	0.4
75000	0.4	0.52	0.52	0	0	0.4
75100	0.4	0.54	0.54	0	0	0.4
75200	0.4	0.54	0.54	0	0	0.4
75300	0.4	0.54	0.54	0	0	0.4
75400	0.4	0.52	0.52	0	0	0.4
75500	0.4	0.52	0.52	0	0	0.4
75600	0.4	0.52	0.52	0	0	0.4
75700	0.4	0.52	0.52	0	0	0.4
75800	0.4	0.52	0.52	0	0	0.4
75900	0.4	0.52	0.52	0	0	0.4
76000	0.4	0.52	0.52	0	0	0.4
76100	0.4	0.52	0.52	0	0	0.4
76200	0.4	0.52	0.52	0	0	0.4
76300	0.4	0.52	0.52	0	0	0.4
76400	0.4	0.52	0.52	0	0	0.4
76500	0.4	0.52	0.52	0	0	0.4
76600	0.4	0.52	0.52	0	0	0.4
76700	0.4	0.52	0.52	0	0	0.4
76800	0.4	0.52	0.52	0	0	0.4
76900	0.4	0.52	0.52	0	0	0.4
77000	0.4	0.52	0.52	0	0	0.4
77100	0.4	0.52	0.52	0	0	0.4
77200	0.4	0.52	0.52	0	0	0.4
77300	0.4	0.52	0.52	0	0	0.4
77400	0.4	0.52	0.52	0	0	0.4
77500	0.4	0.52	0.52	0	0	0.4
77600	0.4	0.52	0.52	0	0	0.4
77700	0.4	0.52	0.52	0	0	0.4
77800	0.4	0.52	0.52	0	0	0.4
77900	0.4	0.52	0.52	0	0	0.4
78000	0.4	0.52	0.52	0	0	0.4
78100	0.4	0.52	0.52	0	0	0.4
78200	0.4	0.52	0.52	0	0	0.4
78300	0.4	0.52	0.52	0	0	0.4
78400	0.38	0.54	0.54	0	0	0.38
78500	0.38	0.54	0.54	0	0	0.38
78600	0.38	0.54	0.54	0	0	0.38
78700	0.38	0.54	0.54	0	0	0.38
78800	0.38	0.54	0.54	0	0	0.38
78900	0.36	0.54	0.54	0	0	0.36
79000	0.36	0.54	0.54	0	0	0.36
79100	0.36	0.54	0.54	0	0	0.36
79200	0.36	0.54	0.54	0	0	0.36
79300	0.36	0.54	0.54	0	0	0.36
79400	0.36	0.54	0.54	0	0	0.36
79500	0.36	0.54	0.54	0	0	0.36
79600	0.36	0.54	0.54	0	0	0.36
79700	0.36	0.54	0.54	0	0	0.36
79800	0.36	0.54	0.54	0	0	0.36
79900	0.36	0.54	0.54	0	0	0.36
80000	0.36	0.54	0.54	0	0	0.36
80100	0.36	0.56	0.56	0	0	0.36
80200	0.36	0.56	0.56	0	0	0.36
80300	0.36	0.56	0.56	0	0	0.36
80400	0.36	0.58	0.58	0	0	0.36
80500	0.36	0.58	0.58	0	0	0.36
80600	0.38	0.58	0.58	0	0	0.38
80700	0.38	0.58	0.58	0	0	0.38
80800	0.38	0.58	0.58	0	0	0.38
80900	0.38	0.58	0.58	0	0	0.38
81000	0.38	0.58	0.58	0	0	0.38
81100	0.38	0.58	0.58	0	0	0.38
81200	0.38	0.58	0.58	0	0	0.38
81300	0.38	0.58	0.58	0	0	0.38
81400	0.38	0.58	0.58	0	0	0.38
81500	0.38	0.58	0.58	0	0	0.38
81600	0.38	0.58	0.58	0	0	0.38
81700	0.38	0.58	0.58	0	0	0.38
81800	0.38	0.58	0.58	0	0	0.38
81900	0.38	0.58	0.58	0	0	0.38
82000	0.38	0.58	0.58	0	0	0.38
82100	0.38	0.58	0.58	0	0	0.38
82200	0.38	0.58	0.58	0	0	0.38
82300	0.38	0.58	0.58	0	0	0.38
82400	0.38	0.58	0.58	0	0	0.38
82500	0.36	0.58	0.58	0	0	0.36
82600	0.36	0.58	0.58	0	0	0.36
82700	0.36	0.58	0.58	0	0	0.36
82800	0.36	0.58	0.58	0	0	0.36
82900	0.36	0.58	0.58	0	0	0.36
83000	0.36	0.58	0.58	0	0	0.36
83100	0.36	0.58	0.58	0	0	0.36
83200	0.36	0.58	0.58	0	0	0.36
83300	0.36	0.58	0.58	0	0	0.36
83400	0.36	0.58	0.58	0	0	0.36
83500	0.36	0.58	0.58	0	0	0.36
83600	0.36	0.58	0.58	0	0	0.36
83700	0.36	0.58	0.58	0	0	0.36
83800	0.36	0.58	0.58	0	0	0.36
83900	0.36	0.58	0.58	0	0	0.36
84000	0.36	0.58	0.58	0	0	0.36
84100	0.36	0.58	0.58	0	0	0.36
84200	0.36	0.58	0.58	0	0	0.36
84300	0.36	0.58	0.58	0	0	0.36
84400	0.36	0.58	0.58	0	0	0.36
84500	0.36	0.58	0.58	0	0	0.36
84600	0.36	0.58	0.58	0	0	0.36
84700	0.36	0.58	0.58	0	0	0.36
84800	0.36	0.58	0.58	0	0	0.36
84900	0.36	0.56	0.56	0	0	0.36
85000	0.36	0.56	0.56	0	0	0.36
85100	0.36	0.56	0.56	0	0	0.36
85200	0.36	0.56	0.56	0	0	0.36
85300	0.36	0.54	0.54	0	0	0.36
85400	0.36	0.54	0.54	0	0	0.36
85500	0.36	0.54	0.54	0	0	0.36
85600	0.36	0.54	0.54	0	0	0.36
85700	0.36	0.54	0.54	0	0	0.36
85800	0.36	0.54	0.54	0	0	0.36
85900	0.36	0.54	0.54	0	0	0.36
86000	0.36	0.54	0.54	0	0	0.36
86100	0.36	0.54	0.54	0	0	0.36
86200	0.36	0.54	0.54	0	0	0.36
86300	0.36	0.54	0.54	0	0	0.36
86400	0.36	0.56	0.56	0	0	0.36
86500	0.36	0.56	0.56	0	0	0.36
86600	0.36	0.56	0.56	0	0	0.36
86700	0.36	0.56	0.56	0	0	0.36
86800	0.36	0.56	0.56	0	0	0.36
86900	0.36	0.56	0.56	0	0	0.36
87000	0.36	0.56	0.56	0	0	0.36
87100	0.36	0.56	0.56	0	0	0.36
87200	0.36	0.56	0.56	0	0	0.36
87300	0.36	0.56	0.56	0	0	0.36
87400	0.36	0.56	0.56	0	0	0.36
87500	0.36	0.56	0.56	0	0	0.36
87600	0.36	0.56	0.56	0	0	0.36
87700	0.36	0.56	0.56	0	0	0.36
87800	0.36	0.56	0.56	0	0	0.36
87900	0.36	0.56	0.56	0	0	0.36
88000	0.36	0.56	0.56	0	0	0.36
88100	0.36	0.56	0.56	0	0	0.36
88200	0.36	0.56	0.56	0	0	0.36
88300	0.36	0.56	0.56	0	0	0.36
88400	0.36	0.56	0.56	0	0	0.36
88500	0.38	0.56	0.56	0	0	0.38
88600	0.38	0.56	0.56	0	0	0.38
88700	0.38	0.56	0.56	0	0	0.38
88800	0.38	0.56	0.56	0	0	0.38
88900	0.38	0.56	0.56	0	0	0.38
89000	0.38	0.56	0.56	0	0	0.38
89100	0.38	0.56	0.56	0	0	0.38
89200	0.38	0.56	0.56	0	0	0.38
89300	0.38	0.56	0.56	0	0	0.38
89400	0.38	0.56	0.56	0	0	0.38
89500	0.38	0.56	0.56	0	0	0.38
89600	0.38	0.56	0.56	0	0	0.38
89700	0.38	0.56	0.56	0	0	0.38
89800	0.38	0.56	0.56	0	0	0.38
89900	0.38	0.56	0.56	0	0	0.38
90000	0.38	0.56	0.56	0	0	0.38
90100	0.38	0.56	0.56	0	0	0.38
90200	0.38	0.56	0.56	0	0	0.38
90300	0.38	0.56	0.56	0	0	0.38
90400	0.38	0.56	0.56	0	0	0.38
90500	0.38	0.56	0.56	0	0	0.38
90600	0.38	0.56	0.56	0	0	0.38
90700	0.38	0.56	0.56	0	0	0.38
90800	0.38	0.56	0.56	0	0	0.38
90900	0.38	0.56	0.56	0	0	0.38
91000	0.38	0.56	0.56	0	0	0.38
91100	0.38	0.56	0.56	0	0	0.38
91200	0.38	0.56	0.56	0	0	0.38
91300	0.4	0.56	0.56	0	0	0.4
91400	0.4	0.56	0.56	0	0	0.4
91500	0.4	0.56	0.56	0	0	0.4
91600	0.4	0.56	0.56	0	0	0.4
91700	0.42	0.56	0.56	0	0	0.42
91800	0.42	0.56	0.56	0	0	0.42
91900	0.42	0.56	0.56	0	0	0.42
92000	0.42	0.56	0.56	0	0	0.42
92100	0.42	0.56	0.56	0	0	0.42
92200	0.42	0.56	0.56	0	0	0.42
92300	0.42	0.56	0.56	0	0	0.42
92400	0.42	0.56	0.56	0	0	0.42
92500	0.42	0.56	0.56	0	0	0.42
92600	0.42	0.54	0.54	0	0	0.42
92700	0.42	0.54	0.54	0	0	0.42
92800	0.42	0.54	0.54	0	0	0.42
92900	0.42	0.54	0.54	0	0	0.42
93000	0.42	0.54	0.54	0	0	0.42
93100	0.42	0.54	0.54	0	0	0.42
93200	0.42	0.54	0.54	0	0	0.42
93300	0.42	0.56	0.56	0	0	0.42
93400	0.42	0.56	0.56	0	0	0.42
93500	0.42	0.56	0.56	0	0	0.42
93600	0.42	0.56	0.56	0	0	0.42
93700	0.42	0.56	0.56	0	0	0.42
93800	0.42	0.56	0.56	0	0	0.42
93900	0.42	0.56	0.56	0	0	0.42
94000	0.42	0.56	0.56	0	0	0.42
94100	0.42	0.56	0.56	0	0	0.42
94200	0.42	0.56	0.56	0	0	0.42
94300	0.42	0.54	0.54	0	0	0.42
94400	0.42	0.54	0.54	0	0	0.42
94500	0.42	0.54	0.54	0	0	0.42
94600	0.42	0.54	0.54	0	0	0.42
94700	0.42	0.54	0.54	0	0	0.42
94800	0.42	0.54	0.54	0	0	0.42
94900	0.4	0.54	0.54	0	0	0.4
95000	0.4	0.54	0.54	0	0	0.4
95100	0.38	0.54	0.54	0	0	0.38
95200	0.36	0.54	0.54	0	0	0.36
95300	0.36	0.54	0.54	0	0	0.36
95400	0.36	0.54	0.54	0	0	0.36
95500	0.36	0.56	0.56	0	0	0.36
95600	0.36	0.56	0.56	0	0	0.36
95700	0.36	0.56	0.56	0	0	0.36
95800	0.36	0.56	0.56	0	0	0.36
95900	0.36	0.58	0.58	0	0	0.36
96000	0.36	0.56	0.56	0	0	0.36
96100	0.36	0.56	0.56	0	0	0.36
96200	0.36	0.56	0.56	0	0	0.36
96300	0.36	0.56	0.56	0	0	0.36
96400	0.36	0.56	0.56	0	0	0.36
96500	0.36	0.56	0.56	0	0	0.36
96600	0.36	0.56	0.56	0	0	0.36
96700	0.36	0.56	0.56	0	0	0.36
96800	0.36	0.56	0.56	0	0	0.36
96900	0.36	0.56	0.56	0	0	0.36
97000	0.36	0.56	0.56	0	0	0.36
97100	0.36	0.56	0.56	0	0	0.36
97200	0.36	0.54	0.54	0	0	0.36
97300	0.38	0.54	0.54	0	0	0.38
97400	0.38	0.54	0.54	0	0	0.38
97500	0.38	0.54	0.54	0	0	0.38
97600	0.38	0.54	0.54	0	0	0.38
97700	0.38	0.54	0.54	0	0	0.38
97800	0.38	0.54	0.54	0	0	0.38
97900	0.38	0.54	0.54	0	0	0.38
98000	0.38	0.56	0.56	0	0	0.38
98100	0.38	0.56	0.56	0	0	0.38
98200	0.38	0.56	0.56	0	0	0.38
98300	0.38	0.56	0.56	0	0	0.38
98400	0.38	0.56	0.56	0	0	0.38
98500	0.38	0.56	0.56	0	0	0.38
98600	0.38	0.56	0.56	0	0	0.38
98700	0.38	0.56	0.56	0	0	0.38
98800	0.38	0.56	0.56	0	0	0.38
98900	0.38	0.56	0.56	0	0	0.38
99000	0.38	0.56	0.56	0	0	0.38
99100	0.38	0.56	0.56	0	0	0.38
99200	0.38	0.56	0.56	0	0	0.38
99300	0.38	0.56	0.56	0	0	0.38
99400	0.38	0.56	0.56	0	0	0.38
99500	0.38	0.56	0.56	0	0	0.38
99600	0.38	0.56	0.56	0	0	0.38
99700	0.38	0.56	0.56	0	0	0.38
99800	0.38	0.56	0.56	0	0	0.38
99900	0.38	0.56	0.56	0	0	0.38
100000	0.38	0.56	0.56	0	0	0.38
