100	0.16	0.02	0.02	0	0	0.16
200	0.18	0.06	0.06	0	0	0.18
300	0.22	0.06	0.06	0	0	0.22
400	0.22	0.06	0.06	0	0	0.22
500	0.24	0.1	0.1	0	0	0.24
600	0.26	0.1	0.1	0	0	0.26
700	0.28	0.08	0.08	0	0	0.28
800	0.28	0.08	0.08	0	0	0.28
900	0.28	0.08	0.08	0	0	0.28
1000	0.26	0.08	0.08	0	0	0.26
1100	0.26	0.12	0.12	0	0	0.26
1200	0.3	0.16	0.16	0	0	0.3
1300	0.3	0.16	0.16	0	0	0.3
1400	0.3	0.18	0.18	0	0	0.3
1500	0.3	0.18	0.18	0	0	0.3
1600	0.3	0.18	0.18	0	0	0.3
1700	0.3	0.2	0.2	0	0	0.3
1800	0.3	0.22	0.22	0	0	0.3
1900	0.32	0.22	0.22	0	0	0.32
2000	0.32	0.22	0.22	0	0	0.32
2100	0.32	0.24	0.24	0	0	0.32
2200	0.32	0.26	0.26	0	0	0.32
2300	0.34	0.28	0.28	0	0	0.34
2400	0.36	0.28	0.28	0	0	0.36
2500	0.36	0.28	0.28	0	0	0.36
2600	0.36	0.3	0.3	0	0	0.36
2700	0.36	0.32	0.32	0	0	0.36
2800	0.36	0.32	0.32	0	0	0.36
2900	0.36	0.32	0.32	0	0	0.36
3000	0.36	0.32	0.32	0	0	0.36
3100	0.36	0.34	0.34	0	0	0.36
3200	0.36	0.36	0.36	0	0	0.36
3300	0.36	0.36	0.36	0	0	0.36
3400	0.36	0.34	0.34	0	0	0.36
3500	0.36	0.34	0.34	0	0	0.36
3600	0.36	0.36	0.36	0	0	0.36
3700	0.36	0.34	0.34	0	0	0.36
3800	0.36	0.34	0.34	0	0	0.36
3900	0.38	0.38	0.38	0	0	0.38
4000	0.38	0.38	0.38	0	0	0.38
4100	0.36	0.38	0.38	0	0	0.36
4200	0.36	0.4	0.4	0	0	0.36
4300	0.38	0.38	0.38	0	0	0.38
4400	0.38	0.4	0.4	0	0	0.38
4500	0.38	0.38	0.38	0	0	0.38
4600	0.4	0.38	0.38	0	0	0.4
4700	0.4	0.38	0.38	0	0	0.4
4800	0.38	0.38	0.38	0	0	0.38
4900	0.38	0.38	0.38	0	0	0.38
5000	0.38	0.38	0.38	0	0	0.38
5100	0.38	0.36	0.36	0	0	0.38
5200	0.38	0.36	0.36	0	0	0.38
5300	0.38	0.36	0.36	0	0	0.38
5400	0.38	0.36	0.36	0	0	0.38
5500	0.38	0.34	0.34	0	0	0.38
5600	0.38	0.34	0.34	0	0	0.38
5700	0.38	0.34	0.34	0	0	0.38
5800	0.38	0.34	0.34	0	0	0.38
5900	0.42	0.34	0.34	0	0	0.42
6000	0.42	0.34	0.34	0	0	0.42
6100	0.42	0.32	0.32	0	0	0.42
6200	0.42	0.32	0.32	0	0	0.42
6300	0.42	0.32	0.32	0	0	0.42
6400	0.42	0.32	0.32	0	0	0.42
6500	0.42	0.32	0.32	0	0	0.42
6600	0.42	0.34	0.34	0	0	0.42
6700	0.44	0.34	0.34	0	0	0.44
6800	0.44	0.34	0.34	0	0	0.44
6900	0.44	0.34	0.34	0	0	0.44
7000	0.44	0.36	0.36	0	0	0.44
7100	0.44	0.38	0.38	0	0	0.44
7200	0.44	0.38	0.38	0	0	0.44
7300	0.44	0.38	0.38	0	0	0.44
7400	0.44	0.36	0.36	0	0	0.44
7500	0.44	0.38	0.38	0	0	0.44
7600	0.44	0.38	0.38	0	0	0.44
7700	0.44	0.42	0.42	0	0	0.44
7800	0.46	0.42	0.42	0	0	0.46
7900	0.46	0.42	0.42	0	0	0.46
8000	0.46	0.42	0.42	0	0	0.46
8100	0.46	0.42	0.42	0	0	0.46
8200	0.46	0.42	0.42	0	0	0.46
8300	0.48	0.44	0.44	0	0	0.48
8400	0.48	0.44	0.44	0	0	0.48
8500	0.48	0.42	0.42	0	0	0.48
8600	0.48	0.42	0.42	0	0	0.48
8700	0.48	0.42	0.42	0	0	0.48
8800	0.48	0.42	0.42	0	0	0.48
8900	0.48	0.42	0.42	0	0	0.48
9000	0.48	0.42	0.42	0	0	0.48
9100	0.48	0.42	0.42	0	0	0.48
9200	0.48	0.42	0.42	0	0	0.48
9300	0.48	0.42	0.42	0	0	0.48
9400	0.48	0.44	0.44	0	0	0.48
9500	0.48	0.44	0.44	0	0	0.48
9600	0.48	0.44	0.44	0	0	0.48
9700	0.48	0.44	0.44	0	0	0.48
9800	0.48	0.44	0.44	0	0	0.48
9900	0.48	0.44	0.44	0	0	0.48
10000	0.48	0.44	0.44	0	0	0.48
10100	0.48	0.44	0.44	0	0	0.48
10200	0.48	0.44	0.44	0	0	0.48
10300	0.48	0.46	0.46	0	0	0.48
10400	0.48	0.44	0.44	0	0	0.48
10500	0.5	0.44	0.44	0	0	0.5
10600	0.5	0.44	0.44	0	0	0.5
10700	0.5	0.44	0.44	0	0	0.5
10800	0.5	0.42	0.42	0	0	0.5
10900	0.5	0.42	0.42	0	0	0.5
11000	0.5	0.4	0.4	0	0	0.5
11100	0.5	0.4	0.4	0	0	0.5
11200	0.48	0.4	0.4	0	0	0.48
11300	0.48	0.4	0.4	0	0	0.48
11400	0.46	0.4	0.4	0	0	0.46
11500	0.44	0.4	0.4	0	0	0.44
11600	0.44	0.4	0.4	0	0	0.44
11700	0.44	0.4	0.4	0	0	0.44
11800	0.44	0.4	0.4	0	0	0.44
11900	0.44	0.4	0.4	0	0	0.44
12000	0.42	0.4	0.4	0	0	0.42
12100	0.42	0.4	0.4	0	0	0.42
12200	0.42	0.42	0.42	0	0	0.42
12300	0.44	0.42	0.42	0	0	0.44
12400	0.44	0.44	0.44	0	0	0.44
12500	0.44	0.44	0.44	0	0	0.44
12600	0.44	0.44	0.44	0	0	0.44
12700	0.44	0.44	0.44	0	0	0.44
12800	0.46	0.44	0.44	0	0	0.46
12900	0.48	0.44	0.44	0	0	0.48
13000	0.48	0.44	0.44	0	0	0.48
13100	0.48	0.44	0.44	0	0	0.48
13200	0.48	0.44	0.44	0	0	0.48
13300	0.48	0.44	0.44	0	0	0.48
13400	0.48	0.44	0.44	0	0	0.48
13500	0.48	0.44	0.44	0	0	0.48
13600	0.48	0.44	0.44	0	0	0.48
13700	0.48	0.42	0.42	0	0	0.48
13800	0.48	0.42	0.42	0	0	0.48
13900	0.48	0.42	0.42	0	0	0.48
14000	0.48	0.42	0.42	0	0	0.48
14100	0.48	0.42	0.42	0	0	0.48
14200	0.46	0.42	0.42	0	0	0.46
14300	0.48	0.42	0.42	0	0	0.48
14400	0.48	0.42	0.42	0	0	0.48
14500	0.48	0.42	0.42	0	0	0.48
14600	0.48	0.42	0.42	0	0	0.48
14700	0.48	0.42	0.42	0	0	0.48
14800	0.48	0.42	0.42	0	0	0.48
14900	0.48	0.42	0.42	0	0	0.48
15000	0.5	0.42	0.42	0	0	0.5
15100	0.5	0.42	0.42	0	0	0.5
15200	0.48	0.42	0.42	0	0	0.48
15300	0.48	0.42	0.42	0	0	0.48
15400	0.48	0.42	0.42	0	0	0.48
15500	0.48	0.42	0.42	0	0	0.48
15600	0.48	0.42	0.42	0	0	0.48
15700	0.48	0.42	0.42	0	0	0.48
15800	0.48	0.42	0.42	0	0	0.48
15900	0.48	0.42	0.42	0	0	0.48
16000	0.48	0.42	0.42	0	0	0.48
16100	0.48	0.42	0.42	0	0	0.48
16200	0.48	0.42	0.42	0	0	0.48
16300	0.48	0.42	0.42	0	0	0.48
16400	0.48	0.42	0.42	0	0	0.48
16500	0.48	0.42	0.42	0	0	0.48
16600	0.48	0.42	0.42	0	0	0.48
16700	0.48	0.42	0.42	0	0	0.48
16800	0.48	0.42	0.42	0	0	0.48
16900	0.48	0.42	0.42	0	0	0.48
17000	0.48	0.42	0.42	0	0	0.48
17100	0.48	0.44	0.44	0	0	0.48
17200	0.48	0.44	0.44	0	0	0.48
17300	0.46	0.44	0.44	0	0	0.46
17400	0.48	0.44	0.44	0	0	0.48
17500	0.46	0.44	0.44	0	0	0.46
17600	0.46	0.44	0.44	0	0	0.46
17700	0.46	0.44	0.44	0	0	0.46
17800	0.46	0.44	0.44	0	0	0.46
17900	0.46	0.44	0.44	0	0	0.46
18000	0.46	0.44	0.44	0	0	0.46
18100	0.46	0.44	0.44	0	0	0.46
18200	0.46	0.44	0.44	0	0	0.46
18300	0.46	0.44	0.44	0	0	0.46
18400	0.46	0.44	0.44	0	0	0.46
18500	0.46	0.44	0.44	0	0	0.46
18600	0.46	0.44	0.44	0	0	0.46
18700	0.46	0.44	0.44	0	0	0.46
18800	0.46	0.44	0.44	0	0	0.46
18900	0.46	0.44	0.44	0	0	0.46
19000	0.46	0.44	0.44	0	0	0.46
19100	0.46	0.44	0.44	0	0	0.46
19200	0.46	0.44	0.44	0	0	0.46
19300	0.46	0.44	0.44	0	0	0.46
19400	0.46	0.44	0.44	0	0	0.46
19500	0.46	0.44	0.44	0	0	0.46
19600	0.46	0.44	0.44	0	0	0.46
19700	0.46	0.44	0.44	0	0	0.46
19800	0.46	0.44	0.44	0	0	0.46
19900	0.46	0.44	0.44	0	0	0.46
20000	0.46	0.44	0.44	0	0	0.46
20100	0.46	0.44	0.44	0	0	0.46
20200	0.46	0.44	0.44	0	0	0.46
20300	0.48	0.42	0.42	0	0	0.48
20400	0.48	0.42	0.42	0	0	0.48
20500	0.5	0.42	0.42	0	0	0.5
20600	0.5	0.42	0.42	0	0	0.5
20700	0.5	0.42	0.42	0	0	0.5
20800	0.52	0.42	0.42	0	0	0.52
20900	0.52	0.42	0.42	0	0	0.52
21000	0.52	0.42	0.42	0	0	0.52
21100	0.52	0.42	0.42	0	0	0.52
21200	0.52	0.42	0.42	0	0	0.52
21300	0.52	0.42	0.42	0	0	0.52
21400	0.52	0.42	0.42	0	0	0.52
21500	0.5	0.42	0.42	0	0	0.5
21600	0.5	0.42	0.42	0	0	0.5
21700	0.5	0.42	0.42	0	0	0.5
21800	0.5	0.42	0.42	0	0	0.5
21900	0.5	0.42	0.42	0	0	0.5
22000	0.5	0.42	0.42	0	0	0.5
22100	0.52	0.42	0.42	0	0	0.52
22200	0.52	0.42	0.42	0	0	0.52
22300	0.52	0.42	0.42	0	0	0.52
22400	0.52	0.42	0.42	0	0	0.52
22500	0.52	0.42	0.42	0	0	0.52
22600	0.52	0.42	0.42	0	0	0.52
22700	0.52	0.42	0.42	0	0	0.52
22800	0.52	0.42	0.42	0	0	0.52
22900	0.52	0.42	0.42	0	0	0.52
23000	0.52	0.4	0.4	0	0	0.52
23100	0.52	0.4	0.4	0	0	0.52
23200	0.52	0.4	0.4	0	0	0.52
23300	0.52	0.4	0.4	0	0	0.52
23400	0.52	0.4	0.4	0	0	0.52
23500	0.52	0.4	0.4	0	0	0.52
23600	0.52	0.4	0.4	0	0	0.52
23700	0.52	0.4	0.4	0	0	0.52
23800	0.52	0.4	0.4	0	0	0.52
23900	0.52	0.4	0.4	0	0	0.52
24000	0.52	0.4	0.4	0	0	0.52
24100	0.52	0.4	0.4	0	0	0.52
24200	0.52	0.4	0.4	0	0	0.52
24300	0.52	0.4	0.4	0	0	0.52
24400	0.52	0.4	0.4	0	0	0.52
24500	0.52	0.4	0.4	0	0	0.52
24600	0.52	0.4	0.4	0	0	0.52
24700	0.5	0.4	0.4	0	0	0.5
24800	0.5	0.4	0.4	0	0	0.5
24900	0.5	0.4	0.4	0	0	0.5
25000	0.5	0.4	0.4	0	0	0.5
25100	0.5	0.4	0.4	0	0	0.5
25200	0.5	0.4	0.4	0	0	0.5
25300	0.5	0.4	0.4	0	0	0.5
25400	0.5	0.4	0.4	0	0	0.5
25500	0.5	0.4	0.4	0	0	0.5
25600	0.5	0.4	0.4	0	0	0.5
25700	0.5	0.4	0.4	0	0	0.5
25800	0.5	0.4	0.4	0	0	0.5
25900	0.5	0.4	0.4	0	0	0.5
26000	0.5	0.4	0.4	0	0	0.5
26100	0.5	0.4	0.4	0	0	0.5
26200	0.5	0.4	0.4	0	0	0.5
26300	0.5	0.4	0.4	0	0	0.5
26400	0.5	0.4	0.4	0	0	0.5
26500	0.52	0.4	0.4	0	0	0.52
26600	0.52	0.38	0.38	0	0	0.52
26700	0.52	0.38	0.38	0	0	0.52
26800	0.52	0.36	0.36	0	0	0.52
26900	0.52	0.38	0.38	0	0	0.52
27000	0.52	0.38	0.38	0	0	0.52
27100	0.52	0.38	0.38	0	0	0.52
27200	0.5	0.38	0.38	0	0	0.5
27300	0.5	0.4	0.4	0	0	0.5
27400	0.5	0.4	0.4	0	0	0.5
27500	0.48	0.4	0.4	0	0	0.48
27600	0.48	0.42	0.42	0	0	0.48
27700	0.48	0.44	0.44	0	0	0.48
27800	0.48	0.42	0.42	0	0	0.48
27900	0.5	0.42	0.42	0	0	0.5
28000	0.5	0.42	0.42	0	0	0.5
28100	0.5	0.42	0.42	0	0	0.5
28200	0.5	0.42	0.42	0	0	0.5
28300	0.5	0.42	0.42	0	0	0.5
28400	0.48	0.42	0.42	0	0	0.48
28500	0.48	0.42	0.42	0	0	0.48
28600	0.46	0.44	0.44	0	0	0.46
28700	0.46	0.44	0.44	0	0	0.46
28800	0.46	0.44	0.44	0	0	0.46
28900	0.48	0.44	0.44	0	0	0.48
29000	0.48	0.44	0.44	0	0	0.48
29100	0.48	0.44	0.44	0	0	0.48
29200	0.48	0.44	0.44	0	0	0.48
29300	0.48	0.44	0.44	0	0	0.48
29400	0.48	0.44	0.44	0	0	0.48
29500	0.48	0.44	0.44	0	0	0.48
29600	0.48	0.44	0.44	0	0	0.48
29700	0.48	0.44	0.44	0	0	0.48
29800	0.48	0.44	0.44	0	0	0.48
29900	0.48	0.44	0.44	0	0	0.48
30000	0.48	0.44	0.44	0	0	0.48
30100	0.48	0.46	0.46	0	0	0.48
30200	0.48	0.46	0.46	0	0	0.48
30300	0.48	0.46	0.46	0	0	0.48
30400	0.48	0.46	0.46	0	0	0.48
30500	0.48	0.46	0.46	0	0	0.48
30600	0.48	0.46	0.46	0	0	0.48
30700	0.48	0.46	0.46	0	0	0.48
30800	0.48	0.46	0.46	0	0	0.48
30900	0.48	0.46	0.46	0	0	0.48
31000	0.48	0.48	0.48	0	0	0.48
31100	0.48	0.48	0.48	0	0	0.48
31200	0.48	0.48	0.48	0	0	0.48
31300	0.46	0.48	0.48	0	0	0.46
31400	0.46	0.48	0.48	0	0	0.46
31500	0.46	0.48	0.48	0	0	0.46
31600	0.46	0.48	0.48	0	0	0.46
31700	0.46	0.48	0.48	0	0	0.46
31800	0.46	0.48	0.48	0	0	0.46
31900	0.46	0.48	0.48	0	0	0.46
32000	0.46	0.48	0.48	0	0	0.46
32100	0.46	0.48	0.48	0	0	0.46
32200	0.46	0.48	0.48	0	0	0.46
32300	0.46	0.48	0.48	0	0	0.46
32400	0.46	0.48	0.48	0	0	0.46
32500	0.46	0.48	0.48	0	0	0.46
32600	0.46	0.48	0.48	0	0	0.46
32700	0.46	0.48	0.48	0	0	0.46
32800	0.46	0.48	0.48	0	0	0.46
32900	0.46	0.5	0.5	0	0	0.46
33000	0.46	0.5	0.5	0	0	0.46
33100	0.46	0.5	0.5	0	0	0.46
33200	0.46	0.5	0.5	0	0	0.46
33300	0.46	0.5	0.5	0	0	0.46
33400	0.46	0.5	0.5	0	0	0.46
33500	0.46	0.5	0.5	0	0	0.46
33600	0.46	0.5	0.5	0	0	0.46
33700	0.46	0.5	0.5	0	0	0.46
33800	0.46	0.5	0.5	0	0	0.46
33900	0.46	0.5	0.5	0	0	0.46
34000	0.46	0.5	0.5	0	0	0.46
34100	0.46	0.5	0.5	0	0	0.46
34200	0.46	0.5	0.5	0	0	0.46
34300	0.46	0.5	0.5	0	0	0.46
34400	0.46	0.5	0.5	0	0	0.46
34500	0.46	0.5	0.5	0	0	0.46
34600	0.46	0.5	0.5	0	0	0.46
34700	0.46	0.5	0.5	0	0	0.46
34800	0.46	0.5	0.5	0	0	0.46
34900	0.46	0.5	0.5	0	0	0.46
35000	0.46	0.5	0.5	0	0	0.46
35100	0.46	0.5	0.5	0	0	0.46
35200	0.46	0.5	0.5	0	0	0.46
35300	0.46	0.5	0.5	0	0	0.46
35400	0.48	0.5	0.5	0	0	0.48
35500	0.48	0.5	0.5	0	0	0.48
35600	0.48	0.5	0.5	0	0	0.48
35700	0.48	0.5	0.5	0	0	0.48
35800	0.48	0.5	0.5	0	0	0.48
35900	0.48	0.5	0.5	0	0	0.48
36000	0.48	0.5	0.5	0	0	0.48
36100	0.48	0.5	0.5	0	0	0.48
36200	0.48	0.5	0.5	0	0	0.48
36300	0.48	0.5	0.5	0	0	0.48
36400	0.48	0.5	0.5	0	0	0.48
36500	0.48	0.5	0.5	0	0	0.48
36600	0.48	0.5	0.5	0	0	0.48
36700	0.48	0.5	0.5	0	0	0.48
36800	0.48	0.5	0.5	0	0	0.48
36900	0.48	0.5	0.5	0	0	0.48
37000	0.48	0.5	0.5	0	0	0.48
37100	0.48	0.5	0.5	0	0	0.48
37200	0.48	0.5	0.5	0	0	0.48
37300	0.48	0.5	0.5	0	0	0.48
37400	0.48	0.5	0.5	0	0	0.48
37500	0.48	0.5	0.5	0	0	0.48
37600	0.48	0.5	0.5	0	0	0.48
37700	0.48	0.5	0.5	0	0	0.48
37800	0.48	0.5	0.5	0	0	0.48
37900	0.48	0.5	0.5	0	0	0.48
38000	0.48	0.5	0.5	0	0	0.48
38100	0.48	0.5	0.5	0	0	0.48
38200	0.48	0.5	0.5	0	0	0.48
38300	0.48	0.5	0.5	0	0	0.48
38400	0.48	0.5	0.5	0	0	0.48
38500	0.48	0.5	0.5	0	0	0.48
38600	0.48	0.5	0.5	0	0	0.48
38700	0.48	0.5	0.5	0	0	0.48
38800	0.46	0.5	0.5	0	0	0.46
38900	0.46	0.5	0.5	0	0	0.46
39000	0.46	0.5	0.5	0	0	0.46
39100	0.46	0.48	0.48	0	0	0.46
39200	0.46	0.48	0.48	0	0	0.46
39300	0.46	0.48	0.48	0	0	0.46
39400	0.46	0.48	0.48	0	0	0.46
39500	0.46	0.48	0.48	0	0	0.46
39600	0.46	0.48	0.48	0	0	0.46
39700	0.46	0.48	0.48	0	0	0.46
39800	0.46	0.48	0.48	0	0	0.46
39900	0.46	0.48	0.48	0	0	0.46
40000	0.46	0.48	0.48	0	0	0.46
40100	0.46	0.48	0.48	0	0	0.46
40200	0.46	0.48	0.48	0	0	0.46
40300	0.46	0.48	0.48	0	0	0.46
40400	0.46	0.48	0.48	0	0	0.46
40500	0.46	0.48	0.48	0	0	0.46
40600	0.46	0.48	0.48	0	0	0.46
40700	0.46	0.48	0.48	0	0	0.46
40800	0.46	0.5	0.5	0	0	0.46
40900	0.46	0.5	0.5	0	0	0.46
41000	0.46	0.5	0.5	0	0	0.46
41100	0.46	0.5	0.5	0	0	0.46
41200	0.46	0.5	0.5	0	0	0.46
41300	0.46	0.5	0.5	0	0	0.46
41400	0.46	0.5	0.5	0	0	0.46
41500	0.46	0.5	0.5	0	0	0.46
41600	0.46	0.5	0.5	0	0	0.46
41700	0.46	0.52	0.52	0	0	0.46
41800	0.46	0.52	0.52	0	0	0.46
41900	0.46	0.52	0.52	0	0	0.46
42000	0.46	0.52	0.52	0	0	0.46
42100	0.46	0.52	0.52	0	0	0.46
42200	0.46	0.52	0.52	0	0	0.46
42300	0.46	0.52	0.52	0	0	0.46
42400	0.46	0.52	0.52	0	0	0.46
42500	0.46	0.52	0.52	0	0	0.46
42600	0.46	0.52	0.52	0	0	0.46
42700	0.46	0.52	0.52	0	0	0.46
42800	0.46	0.52	0.52	0	0	0.46
42900	0.46	0.52	0.52	0	0	0.46
43000	0.46	0.52	0.52	0	0	0.46
43100	0.46	0.52	0.52	0	0	0.46
43200	0.46	0.52	0.52	0	0	0.46
43300	0.46	0.52	0.52	0	0	0.46
43400	0.46	0.52	0.52	0	0	0.46
43500	0.46	0.52	0.52	0	0	0.46
43600	0.46	0.52	0.52	0	0	0.46
43700	0.46	0.52	0.52	0	0	0.46
43800	0.44	0.52	0.52	0	0	0.44
43900	0.44	0.52	0.52	0	0	0.44
44000	0.44	0.52	0.52	0	0	0.44
44100	0.44	0.52	0.52	0	0	0.44
44200	0.44	0.52	0.52	0	0	0.44
44300	0.44	0.52	0.52	0	0	0.44
44400	0.44	0.52	0.52	0	0	0.44
44500	0.44	0.52	0.52	0	0	0.44
44600	0.44	0.52	0.52	0	0	0.44
44700	0.44	0.52	0.52	0	0	0.44
44800	0.44	0.52	0.52	0	0	0.44
44900	0.44	0.52	0.52	0	0	0.44
45000	0.44	0.52	0.52	0	0	0.44
45100	0.44	0.5	0.5	0	0	0.44
45200	0.44	0.5	0.5	0	0	0.44
45300	0.44	0.5	0.5	0	0	0.44
45400	0.44	0.5	0.5	0	0	0.44
45500	0.44	0.5	0.5	0	0	0.44
45600	0.44	0.5	0.5	0	0	0.44
45700	0.44	0.5	0.5	0	0	0.44
45800	0.44	0.5	0.5	0	0	0.44
45900	0.44	0.5	0.5	0	0	0.44
46000	0.44	0.5	0.5	0	0	0.44
46100	0.44	0.5	0.5	0	0	0.44
46200	0.44	0.5	0.5	0	0	0.44
46300	0.44	0.48	0.48	0	0	0.44
46400	0.44	0.48	0.48	0	0	0.44
46500	0.44	0.46	0.46	0	0	0.44
46600	0.44	0.46	0.46	0	0	0.44
46700	0.44	0.46	0.46	0	0	0.44
46800	0.44	0.46	0.46	0	0	0.44
46900	0.44	0.46	0.46	0	0	0.44
47000	0.44	0.46	0.46	0	0	0.44
47100	0.44	0.46	0.46	0	0	0.44
47200	0.44	0.46	0.46	0	0	0.44
47300	0.44	0.46	0.46	0	0	0.44
47400	0.44	0.46	0.46	0	0	0.44
47500	0.44	0.46	0.46	0	0	0.44
47600	0.44	0.46	0.46	0	0	0.44
47700	0.44	0.46	0.46	0	0	0.44
47800	0.44	0.46	0.46	0	0	0.44
47900	0.44	0.46	0.46	0	0	0.44
48000	0.44	0.46	0.46	0	0	0.44
48100	0.44	0.46	0.46	0	0	0.44
48200	0.44	0.46	0.46	0	0	0.44
48300	0.44	0.46	0.46	0	0	0.44
48400	0.44	0.46	0.46	0	0	0.44
48500	0.44	0.46	0.46	0	0	0.44
48600	0.44	0.46	0.46	0	0	0.44
48700	0.44	0.46	0.46	0	0	0.44
48800	0.44	0.46	0.46	0	0	0.44
48900	0.44	0.46	0.46	0	0	0.44
49000	0.44	0.46	0.46	0	0	0.44
49100	0.44	0.46	0.46	0	0	0.44
49200	0.44	0.46	0.46	0	0	0.44
49300	0.44	0.48	0.48	0	0	0.44
49400	0.44	0.48	0.48	0	0	0.44
49500	0.44	0.48	0.48	0	0	0.44
49600	0.44	0.5	0.5	0	0	0.44
49700	0.44	0.5	0.5	0	0	0.44
49800	0.44	0.5	0.5	0	0	0.44
49900	0.44	0.5	0.5	0	0	0.44
50000	0.44	0.5	0.5	0	0	0.44
50100	0.44	0.5	0.5	0	0	0.44
50200	0.44	0.5	0.5	0	0	0.44
50300	0.44	0.5	0.5	0	0	0.44
50400	0.44	0.5	0.5	0	0	0.44
50500	0.44	0.5	0.5	0	0	0.44
50600	0.44	0.5	0.5	0	0	0.44
50700	0.44	0.5	0.5	0	0	0.44
50800	0.44	0.48	0.48	0	0	0.44
50900	0.44	0.48	0.48	0	0	0.44
51000	0.44	0.48	0.48	0	0	0.44
51100	0.44	0.48	0.48	0	0	0.44
51200	0.44	0.48	0.48	0	0	0.44
51300	0.44	0.48	0.48	0	0	0.44
51400	0.44	0.48	0.48	0	0	0.44
51500	0.44	0.48	0.48	0	0	0.44
51600	0.44	0.48	0.48	0	0	0.44
51700	0.44	0.48	0.48	0	0	0.44
51800	0.44	0.48	0.48	0	0	0.44
51900	0.44	0.48	0.48	0	0	0.44
52000	0.44	0.48	0.48	0	0	0.44
52100	0.44	0.48	0.48	0	0	0.44
52200	0.44	0.48	0.48	0	0	0.44
52300	0.46	0.48	0.48	0	0	0.46
52400	0.44	0.48	0.48	0	0	0.44
52500	0.44	0.48	0.48	0	0	0.44
52600	0.44	0.48	0.48	0	0	0.44
52700	0.44	0.48	0.48	0	0	0.44
52800	0.44	0.48	0.48	0	0	0.44
52900	0.44	0.48	0.48	0	0	0.44
53000	0.44	0.48	0.48	0	0	0.44
53100	0.44	0.48	0.48	0	0	0.44
53200	0.44	0.48	0.48	0	0	0.44
53300	0.44	0.48	0.48	0	0	0.44
53400	0.44	0.48	0.48	0	0	0.44
53500	0.44	0.48	0.48	0	0	0.44
53600	0.44	0.48	0.48	0	0	0.44
53700	0.44	0.5	0.5	0	0	0.44
53800	0.44	0.48	0.48	0	0	0.44
53900	0.44	0.48	0.48	0	0	0.44
54000	0.44	0.48	0.48	0	0	0.44
54100	0.44	0.48	0.48	0	0	0.44
54200	0.44	0.48	0.48	0	0	0.44
54300	0.44	0.48	0.48	0	0	0.44
54400	0.44	0.48	0.48	0	0	0.44
54500	0.44	0.48	0.48	0	0	0.44
54600	0.44	0.48	0.48	0	0	0.44
54700	0.44	0.5	0.5	0	0	0.44
54800	0.44	0.5	0.5	0	0	0.44
54900	0.44	0.5	0.5	0	0	0.44
55000	0.44	0.5	0.5	0	0	0.44
55100	0.44	0.5	0.5	0	0	0.44
55200	0.44	0.5	0.5	0	0	0.44
55300	0.44	0.5	0.5	0	0	0.44
55400	0.44	0.5	0.5	0	0	0.44
55500	0.44	0.5	0.5	0	0	0.44
55600	0.44	0.5	0.5	0	0	0.44
55700	0.44	0.5	0.5	0	0	0.44
55800	0.44	0.5	0.5	0	0	0.44
55900	0.44	0.5	0.5	0	0	0.44
56000	0.44	0.5	0.5	0	0	0.44
56100	0.44	0.5	0.5	0	0	0.44
56200	0.44	0.5	0.5	0	0	0.44
56300	0.44	0.5	0.5	0	0	0.44
56400	0.44	0.5	0.5	0	0	0.44
56500	0.44	0.5	0.5	0	0	0.44
56600	0.44	0.5	0.5	0	0	0.44
56700	0.44	0.5	0.5	0	0	0.44
56800	0.44	0.5	0.5	0	0	0.44
56900	0.44	0.5	0.5	0	0	0.44
57000	0.46	0.5	0.5	0	0	0.46
57100	0.46	0.5	0.5	0	0	0.46
57200	0.46	0.5	0.5	0	0	0.46
57300	0.44	0.5	0.5	0	0	0.44
57400	0.44	0.5	0.5	0	0	0.44
57500	0.44	0.5	0.5	0	0	0.44
57600	0.44	0.5	0.5	0	0	0.44
57700	0.44	0.5	0.5	0	0	0.44
57800	0.44	0.52	0.52	0	0	0.44
57900	0.44	0.52	0.52	0	0	0.44
58000	0.44	0.52	0.52	0	0	0.44
58100	0.46	0.52	0.52	0	0	0.46
58200	0.46	0.52	0.52	0	0	0.46
58300	0.46	0.52	0.52	0	0	0.46
58400	0.46	0.52	0.52	0	0	0.46
58500	0.46	0.52	0.52	0	0	0.46
58600	0.46	0.5	0.5	0	0	0.46
58700	0.46	0.5	0.5	0	0	0.46
58800	0.46	0.5	0.5	0	0	0.46
58900	0.46	0.5	0.5	0	0	0.46
59000	0.46	0.5	0.5	0	0	0.46
59100	0.46	0.5	0.5	0	0	0.46
59200	0.46	0.5	0.5	0	0	0.46
59300	0.46	0.5	0.5	0	0	0.46
59400	0.46	0.5	0.5	0	0	0.46
59500	0.46	0.5	0.5	0	0	0.46
59600	0.46	0.5	0.5	0	0	0.46
59700	0.46	0.5	0.5	0	0	0.46
59800	0.46	0.5	0.5	0	0	0.46
59900	0.46	0.5	0.5	0	0	0.46
60000	0.46	0.5	0.5	0	0	0.46
60100	0.44	0.5	0.5	0	0	0.44
60200	0.44	0.5	0.5	0	0	0.44
60300	0.44	0.5	0.5	0	0	0.44
60400	0.44	0.52	0.52	0	0	0.44
60500	0.44	0.52	0.52	0	0	0.44
60600	0.44	0.52	0.52	0	0	0.44
60700	0.44	0.5	0.5	0	0	0.44
60800	0.44	0.5	0.5	0	0	0.44
60900	0.44	0.5	0.5	0	0	0.44
61000	0.44	0.5	0.5	0	0	0.44
61100	0.44	0.5	0.5	0	0	0.44
61200	0.44	0.5	0.5	0	0	0.44
61300	0.44	0.5	0.5	0	0	0.44
61400	0.44	0.5	0.5	0	0	0.44
61500	0.44	0.5	0.5	0	0	0.44
61600	0.44	0.5	0.5	0	0	0.44
61700	0.44	0.5	0.5	0	0	0.44
61800	0.44	0.5	0.5	0	0	0.44
61900	0.44	0.5	0.5	0	0	0.44
62000	0.44	0.5	0.5	0	0	0.44
62100	0.44	0.5	0.5	0	0	0.44
62200	0.44	0.5	0.5	0	0	0.44
62300	0.44	0.5	0.5	0	0	0.44
62400	0.44	0.5	0.5	0	0	0.44
62500	0.44	0.5	0.5	0	0	0.44
62600	0.44	0.5	0.5	0	0	0.44
62700	0.44	0.5	0.5	0	0	0.44
62800	0.44	0.5	0.5	0	0	0.44
62900	0.44	0.5	0.5	0	0	0.44
63000	0.44	0.5	0.5	0	0	0.44
63100	0.44	0.5	0.5	0	0	0.44
63200	0.44	0.5	0.5	0	0	0.44
63300	0.44	0.5	0.5	0	0	0.44
63400	0.44	0.5	0.5	0	0	0.44
63500	0.44	0.5	0.5	0	0	0.44
63600	0.44	0.5	0.5	0	0	0.44
63700	0.44	0.5	0.5	0	0	0.44
63800	0.44	0.5	0.5	0	0	0.44
63900	0.44	0.5	0.5	0	0	0.44
64000	0.46	0.5	0.5	0	0	0.46
64100	0.46	0.48	0.48	0	0	0.46
64200	0.46	0.48	0.48	0	0	0.46
64300	0.46	0.48	0.48	0	0	0.46
64400	0.46	0.48	0.48	0	0	0.46
64500	0.48	0.48	0.48	0	0	0.48
64600	0.48	0.48	0.48	0	0	0.48
64700	0.48	0.48	0.48	0	0	0.48
64800	0.48	0.48	0.48	0	0	0.48
64900	0.48	0.48	0.48	0	0	0.48
65000	0.48	0.48	0.48	0	0	0.48
65100	0.48	0.48	0.48	0	0	0.48
65200	0.48	0.48	0.48	0	0	0.48
65300	0.48	0.48	0.48	0	0	0.48
65400	0.48	0.48	0.48	0	0	0.48
65500	0.48	0.48	0.48	0	0	0.48
65600	0.48	0.48	0.48	0	0	0.48
65700	0.48	0.48	0.48	0	0	0.48
65800	0.48	0.48	0.48	0	0	0.48
65900	0.48	0.48	0.48	0	0	0.48
66000	0.48	0.48	0.48	0	0	0.48
66100	0.48	0.48	0.48	0	0	0.48
66200	0.48	0.48	0.48	0	0	0.48
66300	0.48	0.48	0.48	0	0	0.48
66400	0.48	0.48	0.48	0	0	0.48
66500	0.48	0.48	0.48	0	0	0.48
66600	0.48	0.48	0.48	0	0	0.48
66700	0.48	0.48	0.48	0	0	0.48
66800	0.48	0.48	0.48	0	0	0.48
66900	0.48	0.48	0.48	0	0	0.48
67000	0.48	0.48	0.48	0	0	0.48
67100	0.48	0.48	0.48	0	0	0.48
67200	0.48	0.5	0.5	0	0	0.48
67300	0.48	0.48	0.48	0	0	0.48
67400	0.48	0.48	0.48	0	0	0.48
67500	0.48	0.48	0.48	0	0	0.48
67600	0.48	0.48	0.48	0	0	0.48
67700	0.48	0.48	0.48	0	0	0.48
67800	0.48	0.48	0.48	0	0	0.48
67900	0.48	0.48	0.48	0	0	0.48
68000	0.48	0.48	0.48	0	0	0.48
68100	0.48	0.48	0.48	0	0	0.48
68200	0.48	0.48	0.48	0	0	0.48
68300	0.48	0.48	0.48	0	0	0.48
68400	0.48	0.48	0.48	0	0	0.48
68500	0.48	0.48	0.48	0	0	0.48
68600	0.48	0.48	0.48	0	0	0.48
68700	0.48	0.5	0.5	0	0	0.48
68800	0.48	0.5	0.5	0	0	0.48
68900	0.48	0.5	0.5	0	0	0.48
69000	0.48	0.5	0.5	0	0	0.48
69100	0.48	0.5	0.5	0	0	0.48
69200	0.48	0.5	0.5	0	0	0.48
69300	0.48	0.5	0.5	0	0	0.48
69400	0.48	0.5	0.5	0	0	0.48
69500	0.48	0.5	0.5	0	0	0.48
69600	0.48	0.5	0.5	0	0	0.48
69700	0.48	0.5	0.5	0	0	0.48
69800	0.48	0.5	0.5	0	0	0.48
69900	0.48	0.5	0.5	0	0	0.48
70000	0.48	0.5	0.5	0	0	0.48
70100	0.48	0.5	0.5	0	0	0.48
70200	0.48	0.5	0.5	0	0	0.48
70300	0.48	0.5	0.5	0	0	0.48
70400	0.48	0.5	0.5	0	0	0.48
70500	0.48	0.5	0.5	0	0	0.48
70600	0.48	0.5	0.5	0	0	0.48
70700	0.48	0.5	0.5	0	0	0.48
70800	0.48	0.5	0.5	0	0	0.48
70900	0.48	0.5	0.5	0	0	0.48
71000	0.48	0.5	0.5	0	0	0.48
71100	0.48	0.5	0.5	0	0	0.48
71200	0.48	0.5	0.5	0	0	0.48
71300	0.48	0.5	0.5	0	0	0.48
71400	0.48	0.5	0.5	0	0	0.48
71500	0.48	0.5	0.5	0	0	0.48
71600	0.48	0.5	0.5	0	0	0.48
71700	0.48	0.5	0.5	0	0	0.48
71800	0.48	0.5	0.5	0	0	0.48
71900	0.48	0.5	0.5	0	0	0.48
72000	0.48	0.5	0.5	0	0	0.48
72100	0.48	0.5	0.5	0	0	0.48
72200	0.48	0.5	0.5	0	0	0.48
72300	0.48	0.5	0.5	0	0	0.48
72400	0.48	0.5	0.5	0	0	0.48
72500	0.48	0.5	0.5	0	0	0.48
72600	0.48	0.5	0.5	0	0	0.48
72700	0.48	0.5	0.5	0	0	0.48
72800	0.48	0.5	0.5	0	0	0.48
72900	0.48	0.5	0.5	0	0	0.48
73000	0.48	0.5	0.5	0	0	0.48
73100	0.48	0.5	0.5	0	0	0.48
73200	0.48	0.5	0.5	0	0	0.48
73300	0.48	0.5	0.5	0	0	0.48
73400	0.48	0.5	0.5	0	0	0.48
73500	0.48	0.5	0.5	0	0	0.48
73600	0.48	0.5	0.5	0	0	0.48
73700	0.48	0.5	0.5	0	0	0.48
73800	0.48	0.5	0.5	0	0	0.48
73900	0.48	0.5	0.5	0	0	0.48
74000	0.48	0.5	0.5	0	0	0.48
74100	0.48	0.48	0.48	0	0	0.48
74200	0.48	0.48	0.48	0	0	0.48
74300	0.48	0.48	0.48	0	0	0.48
74400	0.48	0.48	0.48	0	0	0.48
74500	0.48	0.48	0.48	0	0	0.48
74600	0.48	0.48	0.48	0	0	0.48
74700	0.48	0.48	0.48	0	0	0.48
74800	0.48	0.48	0.48	0	0	0.48
74900	0.48	0.48	0.48	0	0	0.48
75000	0.48	0.48	0.48	0	0	0.48
75100	0.48	0.48	0.48	0	0	0.48
75200	0.48	0.48	0.48	0	0	0.48
75300	0.48	0.48	0.48	0	0	0.48
75400	0.48	0.48	0.48	0	0	0.48
75500	0.48	0.5	0.5	0	0	0.48
75600	0.48	0.5	0.5	0	0	0.48
75700	0.48	0.48	0.48	0	0	0.48
75800	0.48	0.48	0.48	0	0	0.48
75900	0.48	0.48	0.48	0	0	0.48
76000	0.48	0.48	0.48	0	0	0.48
76100	0.48	0.48	0.48	0	0	0.48
76200	0.48	0.48	0.48	0	0	0.48
76300	0.48	0.48	0.48	0	0	0.48
76400	0.48	0.48	0.48	0	0	0.48
76500	0.48	0.48	0.48	0	0	0.48
76600	0.48	0.48	0.48	0	0	0.48
76700	0.48	0.48	0.48	0	0	0.48
76800	0.48	0.48	0.48	0	0	0.48
76900	0.48	0.48	0.48	0	0	0.48
77000	0.48	0.48	0.48	0	0	0.48
77100	0.48	0.48	0.48	0	0	0.48
77200	0.48	0.48	0.48	0	0	0.48
77300	0.48	0.48	0.48	0	0	0.48
77400	0.48	0.46	0.46	0	0	0.48
77500	0.48	0.46	0.46	0	0	0.48
77600	0.48	0.46	0.46	0	0	0.48
77700	0.48	0.46	0.46	0	0	0.48
77800	0.48	0.46	0.46	0	0	0.48
77900	0.48	0.46	0.46	0	0	0.48
78000	0.48	0.46	0.46	0	0	0.48
78100	0.48	0.48	0.48	0	0	0.48
78200	0.48	0.48	0.48	0	0	0.48
78300	0.48	0.48	0.48	0	0	0.48
78400	0.48	0.48	0.48	0	0	0.48
78500	0.48	0.48	0.48	0	0	0.48
78600	0.48	0.48	0.48	0	0	0.48
78700	0.48	0.48	0.48	0	0	0.48
78800	0.48	0.48	0.48	0	0	0.48
78900	0.48	0.48	0.48	0	0	0.48
79000	0.48	0.48	0.48	0	0	0.48
79100	0.48	0.48	0.48	0	0	0.48
79200	0.48	0.48	0.48	0	0	0.48
79300	0.48	0.48	0.48	0	0	0.48
79400	0.48	0.5	0.5	0	0	0.48
79500	0.48	0.5	0.5	0	0	0.48
79600	0.48	0.5	0.5	0	0	0.48
79700	0.48	0.5	0.5	0	0	0.48
79800	0.48	0.5	0.5	0	0	0.48
79900	0.48	0.5	0.5	0	0	0.48
80000	0.48	0.5	0.5	0	0	0.48
80100	0.48	0.5	0.5	0	0	0.48
80200	0.48	0.5	0.5	0	0	0.48
80300	0.48	0.5	0.5	0	0	0.48
80400	0.48	0.5	0.5	0	0	0.48
80500	0.48	0.5	0.5	0	0	0.48
80600	0.48	0.5	0.5	0	0	0.48
80700	0.48	0.5	0.5	0	0	0.48
80800	0.48	0.5	0.5	0	0	0.48
80900	0.48	0.5	0.5	0	0	0.48
81000	0.48	0.5	0.5	0	0	0.48
81100	0.48	0.5	0.5	0	0	0.48
81200	0.48	0.52	0.52	0	0	0.48
81300	0.48	0.52	0.52	0	0	0.48
81400	0.48	0.52	0.52	0	0	0.48
81500	0.48	0.52	0.52	0	0	0.48
81600	0.48	0.52	0.52	0	0	0.48
81700	0.48	0.52	0.52	0	0	0.48
81800	0.48	0.52	0.52	0	0	0.48
81900	0.48	0.52	0.52	0	0	0.48
82000	0.48	0.52	0.52	0	0	0.48
82100	0.48	0.52	0.52	0	0	0.48
82200	0.48	0.52	0.52	0	0	0.48
82300	0.48	0.52	0.52	0	0	0.48
82400	0.48	0.52	0.52	0	0	0.48
82500	0.48	0.52	0.52	0	0	0.48
82600	0.48	0.52	0.52	0	0	0.48
82700	0.48	0.52	0.52	0	0	0.48
82800	0.46	0.52	0.52	0	0	0.46
82900	0.46	0.52	0.52	0	0	0.46
83000	0.46	0.52	0.52	0	0	0.46
83100	0.46	0.52	0.52	0	0	0.46
83200	0.46	0.52	0.52	0	0	0.46
83300	0.46	0.52	0.52	0	0	0.46
83400	0.46	0.5	0.5	0	0	0.46
83500	0.46	0.5	0.5	0	0	0.46
83600	0.46	0.5	0.5	0	0	0.46
83700	0.46	0.5	0.5	0	0	0.46
83800	0.46	0.5	0.5	0	0	0.46
83900	0.46	0.5	0.5	0	0	0.46
84000	0.46	0.5	0.5	0	0	0.46
84100	0.46	0.52	0.52	0	0	0.46
84200	0.46	0.5	0.5	0	0	0.46
84300	0.46	0.5	0.5	0	0	0.46
84400	0.48	0.5	0.5	0	0	0.48
84500	0.48	0.5	0.5	0	0	0.48
84600	0.48	0.5	0.5	0	0	0.48
84700	0.46	0.5	0.5	0	0	0.46
84800	0.46	0.5	0.5	0	0	0.46
84900	0.46	0.52	0.52	0	0	0.46
85000	0.44	0.52	0.52	0	0	0.44
85100	0.44	0.52	0.52	0	0	0.44
85200	0.44	0.52	0.52	0	0	0.44
85300	0.44	0.52	0.52	0	0	0.44
85400	0.44	0.52	0.52	0	0	0.44
85500	0.44	0.52	0.52	0	0	0.44
85600	0.44	0.52	0.52	0	0	0.44
85700	0.44	0.52	0.52	0	0	0.44
85800	0.44	0.52	0.52	0	0	0.44
85900	0.44	0.52	0.52	0	0	0.44
86000	0.44	0.52	0.52	0	0	0.44
86100	0.44	0.52	0.52	0	0	0.44
86200	0.44	0.52	0.52	0	0	0.44
86300	0.44	0.52	0.52	0	0	0.44
86400	0.46	0.52	0.52	0	0	0.46
86500	0.44	0.52	0.52	0	0	0.44
86600	0.44	0.52	0.52	0	0	0.44
86700	0.44	0.52	0.52	0	0	0.44
86800	0.44	0.52	0.52	0	0	0.44
86900	0.44	0.52	0.52	0	0	0.44
87000	0.44	0.52	0.52	0	0	0.44
87100	0.44	0.52	0.52	0	0	0.44
87200	0.44	0.52	0.52	0	0	0.44
87300	0.44	0.52	0.52	0	0	0.44
87400	0.44	0.52	0.52	0	0	0.44
87500	0.44	0.52	0.52	0	0	0.44
87600	0.44	0.52	0.52	0	0	0.44
87700	0.44	0.52	0.52	0	0	0.44
87800	0.44	0.52	0.52	0	0	0.44
87900	0.44	0.52	0.52	0	0	0.44
88000	0.44	0.52	0.52	0	0	0.44
88100	0.44	0.52	0.52	0	0	0.44
88200	0.44	0.52	0.52	0	0	0.44
88300	0.44	0.52	0.52	0	0	0.44
88400	0.46	0.52	0.52	0	0	0.46
88500	0.46	0.52	0.52	0	0	0.46
88600	0.46	0.52	0.52	0	0	0.46
88700	0.46	0.52	0.52	0	0	0.46
88800	0.46	0.52	0.52	0	0	0.46
88900	0.46	0.52	0.52	0	0	0.46
89000	0.46	0.52	0.52	0	0	0.46
89100	0.46	0.52	0.52	0	0	0.46
89200	0.46	0.52	0.52	0	0	0.46
89300	0.46	0.52	0.52	0	0	0.46
89400	0.46	0.5	0.5	0	0	0.46
89500	0.48	0.5	0.5	0	0	0.48
89600	0.48	0.5	0.5	0	0	0.48
89700	0.48	0.5	0.5	0	0	0.48
89800	0.48	0.5	0.5	0	0	0.48
89900	0.48	0.5	0.5	0	0	0.48
90000	0.48	0.5	0.5	0	0	0.48
90100	0.48	0.5	0.5	0	0	0.48
90200	0.48	0.5	0.5	0	0	0.48
90300	0.48	0.48	0.48	0	0	0.48
90400	0.48	0.48	0.48	0	0	0.48
90500	0.48	0.48	0.48	0	0	0.48
90600	0.48	0.48	0.48	0	0	0.48
90700	0.48	0.48	0.48	0	0	0.48
90800	0.48	0.48	0.48	0	0	0.48
90900	0.48	0.48	0.48	0	0	0.48
91000	0.48	0.48	0.48	0	0	0.48
91100	0.48	0.48	0.48	0	0	0.48
91200	0.48	0.48	0.48	0	0	0.48
91300	0.48	0.48	0.48	0	0	0.48
91400	0.48	0.48	0.48	0	0	0.48
91500	0.48	0.48	0.48	0	0	0.48
91600	0.48	0.48	0.48	0	0	0.48
91700	0.48	0.48	0.48	0	0	0.48
91800	0.48	0.48	0.48	0	0	0.48
91900	0.48	0.48	0.48	0	0	0.48
92000	0.48	0.48	0.48	0	0	0.48
92100	0.48	0.48	0.48	0	0	0.48
92200	0.48	0.48	0.48	0	0	0.48
92300	0.48	0.48	0.48	0	0	0.48
92400	0.48	0.48	0.48	0	0	0.48
92500	0.48	0.48	0.48	0	0	0.48
92600	0.48	0.46	0.46	0	0	0.48
92700	0.48	0.46	0.46	0	0	0.48
92800	0.48	0.46	0.46	0	0	0.48
92900	0.48	0.46	0.46	0	0	0.48
93000	0.48	0.46	0.46	0	0	0.48
93100	0.48	0.48	0.48	0	0	0.48
93200	0.48	0.48	0.48	0	0	0.48
93300	0.48	0.48	0.48	0	0	0.48
93400	0.5	0.48	0.48	0	0	0.5
93500	0.5	0.48	0.48	0	0	0.5
93600	0.5	0.48	0.48	0	0	0.5
93700	0.5	0.48	0.48	0	0	0.5
93800	0.5	0.48	0.48	0	0	0.5
93900	0.5	0.48	0.48	0	0	0.5
94000	0.5	0.48	0.48	0	0	0.5
94100	0.48	0.48	0.48	0	0	0.48
94200	0.48	0.48	0.48	0	0	0.48
94300	0.48	0.48	0.48	0	0	0.48
94400	0.48	0.48	0.48	0	0	0.48
94500	0.48	0.48	0.48	0	0	0.48
94600	0.48	0.48	0.48	0	0	0.48
94700	0.5	0.48	0.48	0	0	0.5
94800	0.5	0.48	0.48	0	0	0.5
94900	0.5	0.48	0.48	0	0	0.5
95000	0.5	0.48	0.48	0	0	0.5
95100	0.5	0.48	0.48	0	0	0.5
95200	0.5	0.48	0.48	0	0	0.5
95300	0.5	0.48	0.48	0	0	0.5
95400	0.5	0.48	0.48	0	0	0.5
95500	0.5	0.48	0.48	0	0	0.5
95600	0.5	0.48	0.48	0	0	0.5
95700	0.5	0.48	0.48	0	0	0.5
95800	0.5	0.48	0.48	0	0	0.5
95900	0.5	0.48	0.48	0	0	0.5
96000	0.5	0.48	0.48	0	0	0.5
96100	0.5	0.48	0.48	0	0	0.5
96200	0.5	0.48	0.48	0	0	0.5
96300	0.5	0.48	0.48	0	0	0.5
96400	0.5	0.48	0.48	0	0	0.5
96500	0.5	0.48	0.48	0	0	0.5
96600	0.5	0.46	0.46	0	0	0.5
96700	0.5	0.46	0.46	0	0	0.5
96800	0.5	0.46	0.46	0	0	0.5
96900	0.5	0.46	0.46	0	0	0.5
97000	0.5	0.46	0.46	0	0	0.5
97100	0.5	0.46	0.46	0	0	0.5
97200	0.5	0.46	0.46	0	0	0.5
97300	0.5	0.46	0.46	0	0	0.5
97400	0.48	0.46	0.46	0	0	0.48
97500	0.48	0.46	0.46	0	0	0.48
97600	0.48	0.46	0.46	0	0	0.48
97700	0.48	0.46	0.46	0	0	0.48
97800	0.48	0.46	0.46	0	0	0.48
97900	0.48	0.46	0.46	0	0	0.48
98000	0.48	0.46	0.46	0	0	0.48
98100	0.5	0.46	0.46	0	0	0.5
98200	0.5	0.46	0.46	0	0	0.5
98300	0.5	0.46	0.46	0	0	0.5
98400	0.5	0.46	0.46	0	0	0.5
98500	0.5	0.46	0.46	0	0	0.5
98600	0.5	0.46	0.46	0	0	0.5
98700	0.5	0.46	0.46	0	0	0.5
98800	0.5	0.46	0.46	0	0	0.5
98900	0.5	0.46	0.46	0	0	0.5
99000	0.5	0.46	0.46	0	0	0.5
99100	0.5	0.46	0.46	0	0	0.5
99200	0.5	0.46	0.46	0	0	0.5
99300	0.5	0.46	0.46	0	0	0.5
99400	0.5	0.46	0.46	0	0	0.5
99500	0.5	0.46	0.46	0	0	0.5
99600	0.5	0.46	0.46	0	0	0.5
99700	0.5	0.46	0.46	0	0	0.5
99800	0.5	0.46	0.46	0	0	0.5
99900	0.5	0.46	0.46	0	0	0.5
100000	0.5	0.46	0.46	0	0	0.5
