100	0.04	0.06	0.06	0	0	0.04
200	0.08	0.1	0.1	0	0	0.08
300	0.14	0.1	0.1	0	0	0.14
400	0.14	0.1	0.1	0	0	0.14
500	0.16	0.1	0.1	0	0	0.16
600	0.18	0.16	0.16	0	0	0.18
700	0.18	0.16	0.16	0	0	0.18
800	0.18	0.16	0.16	0	0	0.18
900	0.18	0.18	0.18	0	0	0.18
1000	0.18	0.18	0.18	0	0	0.18
1100	0.2	0.2	0.2	0	0	0.2
1200	0.2	0.2	0.2	0	0	0.2
1300	0.22	0.22	0.22	0	0	0.22
1400	0.26	0.22	0.22	0	0	0.26
1500	0.26	0.2	0.2	0	0	0.26
1600	0.26	0.2	0.2	0	0	0.26
1700	0.28	0.22	0.22	0	0	0.28
1800	0.28	0.24	0.24	0	0	0.28
1900	0.3	0.22	0.22	0	0	0.3
2000	0.3	0.24	0.24	0	0	0.3
2100	0.3	0.28	0.28	0	0	0.3
2200	0.3	0.28	0.28	0	0	0.3
2300	0.3	0.28	0.28	0	0	0.3
2400	0.3	0.3	0.3	0	0	0.3
2500	0.3	0.28	0.28	0	0	0.3
2600	0.32	0.3	0.3	0	0	0.32
2700	0.32	0.3	0.3	0	0	0.32
2800	0.32	0.32	0.32	0	0	0.32
2900	0.32	0.32	0.32	0	0	0.32
3000	0.32	0.32	0.32	0	0	0.32
3100	0.32	0.32	0.32	0	0	0.32
3200	0.32	0.32	0.32	0	0	0.32
3300	0.32	0.32	0.32	0	0	0.32
3400	0.32	0.32	0.32	0	0	0.32
3500	0.32	0.34	0.34	0	0	0.32
3600	0.34	0.32	0.32	0	0	0.34
3700	0.36	0.32	0.32	0	0	0.36
3800	0.34	0.32	0.32	0	0	0.34
3900	0.34	0.34	0.34	0	0	0.34
4000	0.34	0.32	0.32	0	0	0.34
4100	0.34	0.34	0.34	0	0	0.34
4200	0.34	0.32	0.32	0	0	0.34
4300	0.34	0.32	0.32	0	0	0.34
4400	0.34	0.32	0.32	0	0	0.34
4500	0.34	0.32	0.32	0	0	0.34
4600	0.34	0.32	0.32	0	0	0.34
4700	0.34	0.32	0.32	0	0	0.34
4800	0.34	0.32	0.32	0	0	0.34
4900	0.34	0.34	0.34	0	0	0.34
5000	0.34	0.34	0.34	0	0	0.34
5100	0.34	0.34	0.34	0	0	0.34
5200	0.34	0.34	0.34	0	0	0.34
5300	0.34	0.34	0.34	0	0	0.34
5400	0.34	0.34	0.34	0	0	0.34
5500	0.34	0.34	0.34	0	0	0.34
5600	0.34	0.34	0.34	0	0	0.34
5700	0.34	0.36	0.36	0	0	0.34
5800	0.34	0.36	0.36	0	0	0.34
5900	0.34	0.36	0.36	0	0	0.34
6000	0.34	0.36	0.36	0	0	0.34
6100	0.34	0.36	0.36	0	0	0.34
6200	0.34	0.38	0.38	0	0	0.34
6300	0.34	0.38	0.38	0	0	0.34
6400	0.36	0.38	0.38	0	0	0.36
6500	0.38	0.4	0.4	0	0	0.38
6600	0.38	0.42	0.42	0	0	0.38
6700	0.36	0.42	0.42	0	0	0.36
6800	0.36	0.44	0.44	0	0	0.36
6900	0.36	0.46	0.46	0	0	0.36
7000	0.36	0.46	0.46	0	0	0.36
7100	0.36	0.46	0.46	0	0	0.36
7200	0.36	0.46	0.46	0	0	0.36
7300	0.36	0.46	0.46	0	0	0.36
7400	0.36	0.46	0.46	0	0	0.36
7500	0.36	0.46	0.46	0	0	0.36
7600	0.36	0.46	0.46	0	0	0.36
7700	0.36	0.46	0.46	0	0	0.36
7800	0.36	0.46	0.46	0	0	0.36
7900	0.36	0.46	0.46	0	0	0.36
8000	0.34	0.46	0.46	0	0	0.34
8100	0.34	0.46	0.46	0	0	0.34
8200	0.34	0.46	0.46	0	0	0.34
8300	0.36	0.46	0.46	0	0	0.36
8400	0.36	0.48	0.48	0	0	0.36
8500	0.36	0.48	0.48	0	0	0.36
8600	0.36	0.44	0.44	0	0	0.36
8700	0.36	0.44	0.44	0	0	0.36
8800	0.38	0.44	0.44	0	0	0.38
8900	0.38	0.44	0.44	0	0	0.38
9000	0.38	0.44	0.44	0	0	0.38
9100	0.38	0.44	0.44	0	0	0.38
9200	0.4	0.44	0.44	0	0	0.4
9300	0.4	0.44	0.44	0	0	0.4
9400	0.42	0.44	0.44	0	0	0.42
9500	0.42	0.44	0.44	0	0	0.42
9600	0.42	0.44	0.44	0	0	0.42
9700	0.42	0.44	0.44	0	0	0.42
9800	0.42	0.42	0.42	0	0	0.42
9900	0.42	0.42	0.42	0	0	0.42
10000	0.42	0.44	0.44	0	0	0.42
10100	0.42	0.44	0.44	0	0	0.42
10200	0.42	0.44	0.44	0	0	0.42
10300	0.42	0.44	0.44	0	0	0.42
10400	0.42	0.44	0.44	0	0	0.42
10500	0.44	0.44	0.44	0	0	0.44
10600	0.44	0.44	0.44	0	0	0.44
10700	0.44	0.44	0.44	0	0	0.44
10800	0.44	0.44	0.44	0	0	0.44
10900	0.44	0.44	0.44	0	0	0.44
11000	0.42	0.44	0.44	0	0	0.42
11100	0.42	0.44	0.44	0	0	0.42
11200	0.42	0.44	0.44	0	0	0.42
11300	0.42	0.44	0.44	0	0	0.42
11400	0.42	0.44	0.44	0	0	0.42
11500	0.42	0.44	0.44	0	0	0.42
11600	0.42	0.44	0.44	0	0	0.42
11700	0.42	0.44	0.44	0	0	0.42
11800	0.42	0.46	0.46	0	0	0.42
11900	0.42	0.46	0.46	0	0	0.42
12000	0.42	0.46	0.46	0	0	0.42
12100	0.42	0.46	0.46	0	0	0.42
12200	0.42	0.46	0.46	0	0	0.42
12300	0.42	0.46	0.46	0	0	0.42
12400	0.42	0.46	0.46	0	0	0.42
12500	0.42	0.44	0.44	0	0	0.42
12600	0.42	0.42	0.42	0	0	0.42
12700	0.42	0.42	0.42	0	0	0.42
12800	0.42	0.42	0.42	0	0	0.42
12900	0.42	0.42	0.42	0	0	0.42
13000	0.42	0.42	0.42	0	0	0.42
13100	0.42	0.42	0.42	0	0	0.42
13200	0.42	0.42	0.42	0	0	0.42
13300	0.42	0.42	0.42	0	0	0.42
13400	0.42	0.42	0.42	0	0	0.42
13500	0.42	0.42	0.42	0	0	0.42
13600	0.42	0.42	0.42	0	0	0.42
13700	0.42	0.44	0.44	0	0	0.42
13800	0.42	0.42	0.42	0	0	0.42
13900	0.4	0.42	0.42	0	0	0.4
14000	0.4	0.42	0.42	0	0	0.4
14100	0.4	0.42	0.42	0	0	0.4
14200	0.4	0.42	0.42	0	0	0.4
14300	0.4	0.42	0.42	0	0	0.4
14400	0.4	0.42	0.42	0	0	0.4
14500	0.4	0.42	0.42	0	0	0.4
14600	0.4	0.42	0.42	0	0	0.4
14700	0.4	0.42	0.42	0	0	0.4
14800	0.4	0.42	0.42	0	0	0.4
14900	0.4	0.42	0.42	0	0	0.4
15000	0.4	0.42	0.42	0	0	0.4
15100	0.4	0.42	0.42	0	0	0.4
15200	0.4	0.42	0.42	0	0	0.4
15300	0.4	0.42	0.42	0	0	0.4
15400	0.4	0.42	0.42	0	0	0.4
15500	0.44	0.4	0.4	0	0	0.44
15600	0.44	0.42	0.42	0	0	0.44
15700	0.44	0.42	0.42	0	0	0.44
15800	0.44	0.42	0.42	0	0	0.44
15900	0.46	0.42	0.42	0	0	0.46
16000	0.46	0.42	0.42	0	0	0.46
16100	0.46	0.42	0.42	0	0	0.46
16200	0.46	0.42	0.42	0	0	0.46
16300	0.46	0.42	0.42	0	0	0.46
16400	0.46	0.44	0.44	0	0	0.46
16500	0.48	0.44	0.44	0	0	0.48
16600	0.48	0.44	0.44	0	0	0.48
16700	0.48	0.44	0.44	0	0	0.48
16800	0.48	0.44	0.44	0	0	0.48
16900	0.48	0.44	0.44	0	0	0.48
17000	0.48	0.44	0.44	0	0	0.48
17100	0.48	0.44	0.44	0	0	0.48
17200	0.48	0.44	0.44	0	0	0.48
17300	0.46	0.44	0.44	0	0	0.46
17400	0.46	0.44	0.44	0	0	0.46
17500	0.46	0.44	0.44	0	0	0.46
17600	0.46	0.44	0.44	0	0	0.46
17700	0.46	0.44	0.44	0	0	0.46
17800	0.46	0.46	0.46	0	0	0.46
17900	0.46	0.46	0.46	0	0	0.46
18000	0.46	0.46	0.46	0	0	0.46
18100	0.46	0.46	0.46	0	0	0.46
18200	0.46	0.46	0.46	0	0	0.46
18300	0.46	0.44	0.44	0	0	0.46
18400	0.46	0.44	0.44	0	0	0.46
18500	0.46	0.44	0.44	0	0	0.46
18600	0.46	0.44	0.44	0	0	0.46
18700	0.46	0.44	0.44	0	0	0.46
18800	0.46	0.44	0.44	0	0	0.46
18900	0.46	0.44	0.44	0	0	0.46
19000	0.46	0.44	0.44	0	0	0.46
19100	0.46	0.44	0.44	0	0	0.46
19200	0.46	0.44	0.44	0	0	0.46
19300	0.46	0.44	0.44	0	0	0.46
19400	0.46	0.44	0.44	0	0	0.46
19500	0.46	0.44	0.44	0	0	0.46
19600	0.46	0.42	0.42	0	0	0.46
19700	0.46	0.42	0.42	0	0	0.46
19800	0.46	0.42	0.42	0	0	0.46
19900	0.46	0.42	0.42	0	0	0.46
20000	0.46	0.42	0.42	0	0	0.46
20100	0.46	0.42	0.42	0	0	0.46
20200	0.46	0.42	0.42	0	0	0.46
20300	0.46	0.42	0.42	0	0	0.46
20400	0.46	0.42	0.42	0	0	0.46
20500	0.46	0.42	0.42	0	0	0.46
20600	0.46	0.42	0.42	0	0	0.46
20700	0.46	0.42	0.42	0	0	0.46
20800	0.48	0.42	0.42	0	0	0.48
20900	0.48	0.42	0.42	0	0	0.48
21000	0.48	0.42	0.42	0	0	0.48
21100	0.48	0.42	0.42	0	0	0.48
21200	0.48	0.42	0.42	0	0	0.48
21300	0.48	0.42	0.42	0	0	0.48
21400	0.48	0.42	0.42	0	0	0.48
21500	0.46	0.42	0.42	0	0	0.46
21600	0.46	0.42	0.42	0	0	0.46
21700	0.46	0.42	0.42	0	0	0.46
21800	0.46	0.42	0.42	0	0	0.46
21900	0.46	0.42	0.42	0	0	0.46
22000	0.46	0.42	0.42	0	0	0.46
22100	0.46	0.44	0.44	0	0	0.46
22200	0.46	0.44	0.44	0	0	0.46
22300	0.46	0.44	0.44	0	0	0.46
22400	0.46	0.44	0.44	0	0	0.46
22500	0.46	0.44	0.44	0	0	0.46
22600	0.46	0.44	0.44	0	0	0.46
22700	0.46	0.44	0.44	0	0	0.46
22800	0.46	0.46	0.46	0	0	0.46
22900	0.46	0.46	0.46	0	0	0.46
23000	0.46	0.44	0.44	0	0	0.46
23100	0.48	0.44	0.44	0	0	0.48
23200	0.48	0.44	0.44	0	0	0.48
23300	0.48	0.44	0.44	0	0	0.48
23400	0.48	0.44	0.44	0	0	0.48
23500	0.48	0.44	0.44	0	0	0.48
23600	0.48	0.44	0.44	0	0	0.48
23700	0.48	0.44	0.44	0	0	0.48
23800	0.48	0.44	0.44	0	0	0.48
23900	0.48	0.44	0.44	0	0	0.48
24000	0.48	0.44	0.44	0	0	0.48
24100	0.48	0.44	0.44	0	0	0.48
24200	0.48	0.44	0.44	0	0	0.48
24300	0.48	0.44	0.44	0	0	0.48
24400	0.48	0.44	0.44	0	0	0.48
24500	0.48	0.44	0.44	0	0	0.48
24600	0.48	0.44	0.44	0	0	0.48
24700	0.48	0.44	0.44	0	0	0.48
24800	0.48	0.44	0.44	0	0	0.48
24900	0.48	0.44	0.44	0	0	0.48
25000	0.48	0.44	0.44	0	0	0.48
25100	0.48	0.44	0.44	0	0	0.48
25200	0.48	0.44	0.44	0	0	0.48
25300	0.48	0.44	0.44	0	0	0.48
25400	0.48	0.44	0.44	0	0	0.48
25500	0.48	0.46	0.46	0	0	0.48
25600	0.48	0.46	0.46	0	0	0.48
25700	0.48	0.46	0.46	0	0	0.48
25800	0.48	0.46	0.46	0	0	0.48
25900	0.48	0.46	0.46	0	0	0.48
26000	0.48	0.46	0.46	0	0	0.48
26100	0.48	0.46	0.46	0	0	0.48
26200	0.48	0.46	0.46	0	0	0.48
26300	0.48	0.46	0.46	0	0	0.48
26400	0.48	0.46	0.46	0	0	0.48
26500	0.48	0.46	0.46	0	0	0.48
26600	0.48	0.44	0.44	0	0	0.48
26700	0.48	0.44	0.44	0	0	0.48
26800	0.48	0.44	0.44	0	0	0.48
26900	0.48	0.44	0.44	0	0	0.48
27000	0.48	0.44	0.44	0	0	0.48
27100	0.46	0.44	0.44	0	0	0.46
27200	0.46	0.44	0.44	0	0	0.46
27300	0.46	0.44	0.44	0	0	0.46
27400	0.46	0.46	0.46	0	0	0.46
27500	0.46	0.46	0.46	0	0	0.46
27600	0.46	0.44	0.44	0	0	0.46
27700	0.46	0.44	0.44	0	0	0.46
27800	0.46	0.44	0.44	0	0	0.46
27900	0.46	0.48	0.48	0	0	0.46
28000	0.46	0.48	0.48	0	0	0.46
28100	0.46	0.46	0.46	0	0	0.46
28200	0.46	0.46	0.46	0	0	0.46
28300	0.46	0.46	0.46	0	0	0.46
28400	0.46	0.46	0.46	0	0	0.46
28500	0.46	0.46	0.46	0	0	0.46
28600	0.46	0.46	0.46	0	0	0.46
28700	0.46	0.46	0.46	0	0	0.46
28800	0.46	0.46	0.46	0	0	0.46
28900	0.46	0.46	0.46	0	0	0.46
29000	0.46	0.46	0.46	0	0	0.46
29100	0.46	0.46	0.46	0	0	0.46
29200	0.46	0.48	0.48	0	0	0.46
29300	0.46	0.48	0.48	0	0	0.46
29400	0.46	0.48	0.48	0	0	0.46
29500	0.46	0.48	0.48	0	0	0.46
29600	0.46	0.48	0.48	0	0	0.46
29700	0.46	0.48	0.48	0	0	0.46
29800	0.46	0.48	0.48	0	0	0.46
29900	0.46	0.48	0.48	0	0	0.46
30000	0.46	0.48	0.48	0	0	0.46
30100	0.46	0.46	0.46	0	0	0.46
30200	0.48	0.44	0.44	0	0	0.48
30300	0.48	0.44	0.44	0	0	0.48
30400	0.48	0.44	0.44	0	0	0.48
30500	0.48	0.44	0.44	0	0	0.48
30600	0.48	0.44	0.44	0	0	0.48
30700	0.48	0.44	0.44	0	0	0.48
30800	0.48	0.44	0.44	0	0	0.48
30900	0.48	0.42	0.42	0	0	0.48
31000	0.48	0.42	0.42	0	0	0.48
31100	0.48	0.42	0.42	0	0	0.48
31200	0.48	0.42	0.42	0	0	0.48
31300	0.48	0.42	0.42	0	0	0.48
31400	0.48	0.42	0.42	0	0	0.48
31500	0.48	0.42	0.42	0	0	0.48
31600	0.48	0.42	0.42	0	0	0.48
31700	0.48	0.42	0.42	0	0	0.48
31800	0.5	0.42	0.42	0	0	0.5
31900	0.5	0.42	0.42	0	0	0.5
32000	0.5	0.42	0.42	0	0	0.5
32100	0.52	0.42	0.42	0	0	0.52
32200	0.52	0.42	0.42	0	0	0.52
32300	0.52	0.44	0.44	0	0	0.52
32400	0.52	0.44	0.44	0	0	0.52
32500	0.52	0.46	0.46	0	0	0.52
32600	0.52	0.46	0.46	0	0	0.52
32700	0.52	0.46	0.46	0	0	0.52
32800	0.52	0.46	0.46	0	0	0.52
32900	0.52	0.46	0.46	0	0	0.52
33000	0.52	0.46	0.46	0	0	0.52
33100	0.52	0.46	0.46	0	0	0.52
33200	0.52	0.46	0.46	0	0	0.52
33300	0.52	0.46	0.46	0	0	0.52
33400	0.52	0.46	0.46	0	0	0.52
33500	0.52	0.46	0.46	0	0	0.52
33600	0.52	0.46	0.46	0	0	0.52
33700	0.52	0.46	0.46	0	0	0.52
33800	0.52	0.46	0.46	0	0	0.52
33900	0.52	0.46	0.46	0	0	0.52
34000	0.52	0.46	0.46	0	0	0.52
34100	0.52	0.46	0.46	0	0	0.52
34200	0.52	0.46	0.46	0	0	0.52
34300	0.52	0.46	0.46	0	0	0.52
34400	0.52	0.46	0.46	0	0	0.52
34500	0.52	0.46	0.46	0	0	0.52
34600	0.52	0.46	0.46	0	0	0.52
34700	0.52	0.46	0.46	0	0	0.52
34800	0.52	0.46	0.46	0	0	0.52
34900	0.52	0.46	0.46	0	0	0.52
35000	0.52	0.46	0.46	0	0	0.52
35100	0.52	0.46	0.46	0	0	0.52
35200	0.5	0.46	0.46	0	0	0.5
35300	0.5	0.46	0.46	0	0	0.5
35400	0.5	0.46	0.46	0	0	0.5
35500	0.5	0.46	0.46	0	0	0.5
35600	0.5	0.46	0.46	0	0	0.5
35700	0.5	0.46	0.46	0	0	0.5
35800	0.5	0.46	0.46	0	0	0.5
35900	0.5	0.46	0.46	0	0	0.5
36000	0.5	0.46	0.46	0	0	0.5
36100	0.5	0.46	0.46	0	0	0.5
36200	0.5	0.46	0.46	0	0	0.5
36300	0.5	0.46	0.46	0	0	0.5
36400	0.5	0.46	0.46	0	0	0.5
36500	0.52	0.46	0.46	0	0	0.52
36600	0.52	0.46	0.46	0	0	0.52
36700	0.5	0.46	0.46	0	0	0.5
36800	0.5	0.46	0.46	0	0	0.5
36900	0.5	0.46	0.46	0	0	0.5
37000	0.5	0.46	0.46	0	0	0.5
37100	0.5	0.46	0.46	0	0	0.5
37200	0.5	0.46	0.46	0	0	0.5
37300	0.5	0.46	0.46	0	0	0.5
37400	0.5	0.46	0.46	0	0	0.5
37500	0.5	0.46	0.46	0	0	0.5
37600	0.5	0.46	0.46	0	0	0.5
37700	0.48	0.46	0.46	0	0	0.48
37800	0.48	0.46	0.46	0	0	0.48
37900	0.48	0.44	0.44	0	0	0.48
38000	0.46	0.44	0.44	0	0	0.46
38100	0.46	0.44	0.44	0	0	0.46
38200	0.46	0.44	0.44	0	0	0.46
38300	0.46	0.44	0.44	0	0	0.46
38400	0.46	0.44	0.44	0	0	0.46
38500	0.46	0.44	0.44	0	0	0.46
38600	0.46	0.44	0.44	0	0	0.46
38700	0.46	0.44	0.44	0	0	0.46
38800	0.46	0.44	0.44	0	0	0.46
38900	0.46	0.44	0.44	0	0	0.46
39000	0.46	0.44	0.44	0	0	0.46
39100	0.46	0.44	0.44	0	0	0.46
39200	0.46	0.44	0.44	0	0	0.46
39300	0.46	0.44	0.44	0	0	0.46
39400	0.46	0.44	0.44	0	0	0.46
39500	0.46	0.44	0.44	0	0	0.46
39600	0.46	0.44	0.44	0	0	0.46
39700	0.46	0.44	0.44	0	0	0.46
39800	0.46	0.44	0.44	0	0	0.46
39900	0.46	0.44	0.44	0	0	0.46
40000	0.46	0.46	0.46	0	0	0.46
40100	0.48	0.46	0.46	0	0	0.48
40200	0.48	0.46	0.46	0	0	0.48
40300	0.5	0.48	0.48	0	0	0.5
40400	0.5	0.48	0.48	0	0	0.5
40500	0.5	0.48	0.48	0	0	0.5
40600	0.48	0.48	0.48	0	0	0.48
40700	0.48	0.48	0.48	0	0	0.48
40800	0.48	0.48	0.48	0	0	0.48
40900	0.48	0.48	0.48	0	0	0.48
41000	0.48	0.48	0.48	0	0	0.48
41100	0.48	0.48	0.48	0	0	0.48
41200	0.48	0.48	0.48	0	0	0.48
41300	0.46	0.48	0.48	0	0	0.46
41400	0.46	0.48	0.48	0	0	0.46
41500	0.44	0.48	0.48	0	0	0.44
41600	0.44	0.48	0.48	0	0	0.44
41700	0.44	0.48	0.48	0	0	0.44
41800	0.44	0.48	0.48	0	0	0.44
41900	0.44	0.48	0.48	0	0	0.44
42000	0.46	0.48	0.48	0	0	0.46
42100	0.46	0.48	0.48	0	0	0.46
42200	0.46	0.48	0.48	0	0	0.46
42300	0.46	0.48	0.48	0	0	0.46
42400	0.48	0.48	0.48	0	0	0.48
42500	0.48	0.48	0.48	0	0	0.48
42600	0.46	0.48	0.48	0	0	0.46
42700	0.46	0.48	0.48	0	0	0.46
42800	0.46	0.5	0.5	0	0	0.46
42900	0.46	0.5	0.5	0	0	0.46
43000	0.46	0.5	0.5	0	0	0.46
43100	0.48	0.5	0.5	0	0	0.48
43200	0.48	0.5	0.5	0	0	0.48
43300	0.48	0.5	0.5	0	0	0.48
43400	0.48	0.5	0.5	0	0	0.48
43500	0.48	0.5	0.5	0	0	0.48
43600	0.48	0.5	0.5	0	0	0.48
43700	0.48	0.5	0.5	0	0	0.48
43800	0.48	0.5	0.5	0	0	0.48
43900	0.48	0.5	0.5	0	0	0.48
44000	0.48	0.52	0.52	0	0	0.48
44100	0.48	0.52	0.52	0	0	0.48
44200	0.48	0.52	0.52	0	0	0.48
44300	0.48	0.52	0.52	0	0	0.48
44400	0.48	0.52	0.52	0	0	0.48
44500	0.48	0.52	0.52	0	0	0.48
44600	0.48	0.52	0.52	0	0	0.48
44700	0.48	0.52	0.52	0	0	0.48
44800	0.48	0.52	0.52	0	0	0.48
44900	0.48	0.52	0.52	0	0	0.48
45000	0.48	0.52	0.52	0	0	0.48
45100	0.48	0.52	0.52	0	0	0.48
45200	0.48	0.52	0.52	0	0	0.48
45300	0.48	0.52	0.52	0	0	0.48
45400	0.48	0.52	0.52	0	0	0.48
45500	0.48	0.52	0.52	0	0	0.48
45600	0.48	0.52	0.52	0	0	0.48
45700	0.48	0.52	0.52	0	0	0.48
45800	0.48	0.52	0.52	0	0	0.48
45900	0.48	0.52	0.52	0	0	0.48
46000	0.48	0.52	0.52	0	0	0.48
46100	0.48	0.52	0.52	0	0	0.48
46200	0.48	0.52	0.52	0	0	0.48
46300	0.48	0.52	0.52	0	0	0.48
46400	0.48	0.52	0.52	0	0	0.48
46500	0.48	0.52	0.52	0	0	0.48
46600	0.48	0.52	0.52	0	0	0.48
46700	0.48	0.52	0.52	0	0	0.48
46800	0.48	0.52	0.52	0	0	0.48
46900	0.48	0.52	0.52	0	0	0.48
47000	0.48	0.52	0.52	0	0	0.48
47100	0.48	0.52	0.52	0	0	0.48
47200	0.48	0.52	0.52	0	0	0.48
47300	0.48	0.52	0.52	0	0	0.48
47400	0.48	0.52	0.52	0	0	0.48
47500	0.46	0.52	0.52	0	0	0.46
47600	0.46	0.52	0.52	0	0	0.46
47700	0.46	0.52	0.52	0	0	0.46
47800	0.46	0.52	0.52	0	0	0.46
47900	0.46	0.52	0.52	0	0	0.46
48000	0.46	0.52	0.52	0	0	0.46
48100	0.46	0.52	0.52	0	0	0.46
48200	0.46	0.52	0.52	0	0	0.46
48300	0.46	0.52	0.52	0	0	0.46
48400	0.46	0.52	0.52	0	0	0.46
48500	0.46	0.52	0.52	0	0	0.46
48600	0.44	0.52	0.52	0	0	0.44
48700	0.44	0.52	0.52	0	0	0.44
48800	0.44	0.52	0.52	0	0	0.44
48900	0.44	0.52	0.52	0	0	0.44
49000	0.44	0.52	0.52	0	0	0.44
49100	0.44	0.52	0.52	0	0	0.44
49200	0.44	0.52	0.52	0	0	0.44
49300	0.44	0.52	0.52	0	0	0.44
49400	0.44	0.52	0.52	0	0	0.44
49500	0.44	0.52	0.52	0	0	0.44
49600	0.44	0.52	0.52	0	0	0.44
49700	0.42	0.52	0.52	0	0	0.42
49800	0.42	0.52	0.52	0	0	0.42
49900	0.42	0.52	0.52	0	0	0.42
50000	0.42	0.52	0.52	0	0	0.42
50100	0.42	0.52	0.52	0	0	0.42
50200	0.42	0.5	0.5	0	0	0.42
50300	0.42	0.5	0.5	0	0	0.42
50400	0.42	0.52	0.52	0	0	0.42
50500	0.42	0.52	0.52	0	0	0.42
50600	0.42	0.52	0.52	0	0	0.42
50700	0.42	0.52	0.52	0	0	0.42
50800	0.42	0.52	0.52	0	0	0.42
50900	0.42	0.52	0.52	0	0	0.42
51000	0.42	0.52	0.52	0	0	0.42
51100	0.42	0.52	0.52	0	0	0.42
51200	0.44	0.52	0.52	0	0	0.44
51300	0.44	0.52	0.52	0	0	0.44
51400	0.44	0.52	0.52	0	0	0.44
51500	0.44	0.52	0.52	0	0	0.44
51600	0.44	0.52	0.52	0	0	0.44
51700	0.44	0.52	0.52	0	0	0.44
51800	0.44	0.52	0.52	0	0	0.44
51900	0.44	0.52	0.52	0	0	0.44
52000	0.44	0.52	0.52	0	0	0.44
52100	0.44	0.52	0.52	0	0	0.44
52200	0.44	0.52	0.52	0	0	0.44
52300	0.44	0.52	0.52	0	0	0.44
52400	0.46	0.52	0.52	0	0	0.46
52500	0.46	0.52	0.52	0	0	0.46
52600	0.46	0.52	0.52	0	0	0.46
52700	0.46	0.52	0.52	0	0	0.46
52800	0.46	0.52	0.52	0	0	0.46
52900	0.46	0.52	0.52	0	0	0.46
53000	0.46	0.52	0.52	0	0	0.46
53100	0.46	0.52	0.52	0	0	0.46
53200	0.46	0.52	0.52	0	0	0.46
53300	0.46	0.52	0.52	0	0	0.46
53400	0.46	0.52	0.52	0	0	0.46
53500	0.46	0.52	0.52	0	0	0.46
53600	0.46	0.52	0.52	0	0	0.46
53700	0.46	0.52	0.52	0	0	0.46
53800	0.46	0.52	0.52	0	0	0.46
53900	0.46	0.52	0.52	0	0	0.46
54000	0.46	0.52	0.52	0	0	0.46
54100	0.46	0.52	0.52	0	0	0.46
54200	0.46	0.52	0.52	0	0	0.46
54300	0.46	0.52	0.52	0	0	0.46
54400	0.46	0.52	0.52	0	0	0.46
54500	0.46	0.52	0.52	0	0	0.46
54600	0.46	0.52	0.52	0	0	0.46
54700	0.46	0.52	0.52	0	0	0.46
54800	0.46	0.52	0.52	0	0	0.46
54900	0.46	0.52	0.52	0	0	0.46
55000	0.46	0.52	0.52	0	0	0.46
55100	0.46	0.52	0.52	0	0	0.46
55200	0.46	0.52	0.52	0	0	0.46
55300	0.44	0.52	0.52	0	0	0.44
55400	0.44	0.52	0.52	0	0	0.44
55500	0.44	0.52	0.52	0	0	0.44
55600	0.44	0.52	0.52	0	0	0.44
55700	0.44	0.52	0.52	0	0	0.44
55800	0.46	0.52	0.52	0	0	0.46
55900	0.44	0.52	0.52	0	0	0.44
56000	0.44	0.52	0.52	0	0	0.44
56100	0.44	0.52	0.52	0	0	0.44
56200	0.44	0.52	0.52	0	0	0.44
56300	0.44	0.52	0.52	0	0	0.44
56400	0.46	0.52	0.52	0	0	0.46
56500	0.46	0.52	0.52	0	0	0.46
56600	0.46	0.52	0.52	0	0	0.46
56700	0.46	0.52	0.52	0	0	0.46
56800	0.46	0.52	0.52	0	0	0.46
56900	0.48	0.52	0.52	0	0	0.48
57000	0.48	0.52	0.52	0	0	0.48
57100	0.48	0.52	0.52	0	0	0.48
57200	0.48	0.52	0.52	0	0	0.48
57300	0.48	0.52	0.52	0	0	0.48
57400	0.48	0.52	0.52	0	0	0.48
57500	0.48	0.52	0.52	0	0	0.48
57600	0.48	0.52	0.52	0	0	0.48
57700	0.48	0.52	0.52	0	0	0.48
57800	0.48	0.52	0.52	0	0	0.48
57900	0.48	0.52	0.52	0	0	0.48
58000	0.48	0.52	0.52	0	0	0.48
58100	0.48	0.52	0.52	0	0	0.48
58200	0.48	0.52	0.52	0	0	0.48
58300	0.48	0.52	0.52	0	0	0.48
58400	0.48	0.5	0.5	0	0	0.48
58500	0.48	0.5	0.5	0	0	0.48
58600	0.48	0.5	0.5	0	0	0.48
58700	0.48	0.5	0.5	0	0	0.48
58800	0.48	0.5	0.5	0	0	0.48
58900	0.48	0.5	0.5	0	0	0.48
59000	0.48	0.5	0.5	0	0	0.48
59100	0.48	0.5	0.5	0	0	0.48
59200	0.48	0.5	0.5	0	0	0.48
59300	0.48	0.5	0.5	0	0	0.48
59400	0.48	0.5	0.5	0	0	0.48
59500	0.48	0.5	0.5	0	0	0.48
59600	0.48	0.5	0.5	0	0	0.48
59700	0.48	0.5	0.5	0	0	0.48
59800	0.48	0.5	0.5	0	0	0.48
59900	0.48	0.5	0.5	0	0	0.48
60000	0.48	0.5	0.5	0	0	0.48
60100	0.46	0.5	0.5	0	0	0.46
60200	0.46	0.5	0.5	0	0	0.46
60300	0.46	0.5	0.5	0	0	0.46
60400	0.46	0.5	0.5	0	0	0.46
60500	0.46	0.5	0.5	0	0	0.46
60600	0.44	0.5	0.5	0	0	0.44
60700	0.44	0.5	0.5	0	0	0.44
60800	0.44	0.5	0.5	0	0	0.44
60900	0.44	0.5	0.5	0	0	0.44
61000	0.42	0.5	0.5	0	0	0.42
61100	0.42	0.5	0.5	0	0	0.42
61200	0.42	0.5	0.5	0	0	0.42
61300	0.42	0.5	0.5	0	0	0.42
61400	0.42	0.5	0.5	0	0	0.42
61500	0.42	0.5	0.5	0	0	0.42
61600	0.42	0.48	0.48	0	0	0.42
61700	0.42	0.48	0.48	0	0	0.42
61800	0.42	0.48	0.48	0	0	0.42
61900	0.42	0.48	0.48	0	0	0.42
62000	0.42	0.48	0.48	0	0	0.42
62100	0.42	0.48	0.48	0	0	0.42
62200	0.42	0.48	0.48	0	0	0.42
62300	0.42	0.48	0.48	0	0	0.42
62400	0.42	0.48	0.48	0	0	0.42
62500	0.44	0.48	0.48	0	0	0.44
62600	0.44	0.48	0.48	0	0	0.44
62700	0.44	0.48	0.48	0	0	0.44
62800	0.44	0.48	0.48	0	0	0.44
62900	0.46	0.48	0.48	0	0	0.46
63000	0.44	0.48	0.48	0	0	0.44
63100	0.44	0.48	0.48	0	0	0.44
63200	0.44	0.48	0.48	0	0	0.44
63300	0.44	0.48	0.48	0	0	0.44
63400	0.44	0.48	0.48	0	0	0.44
63500	0.44	0.48	0.48	0	0	0.44
63600	0.44	0.48	0.48	0	0	0.44
63700	0.44	0.48	0.48	0	0	0.44
63800	0.44	0.48	0.48	0	0	0.44
63900	0.46	0.48	0.48	0	0	0.46
64000	0.46	0.48	0.48	0	0	0.46
64100	0.46	0.48	0.48	0	0	0.46
64200	0.46	0.48	0.48	0	0	0.46
64300	0.46	0.48	0.48	0	0	0.46
64400	0.46	0.48	0.48	0	0	0.46
64500	0.46	0.48	0.48	0	0	0.46
64600	0.46	0.48	0.48	0	0	0.46
64700	0.46	0.48	0.48	0	0	0.46
64800	0.46	0.48	0.48	0	0	0.46
64900	0.46	0.48	0.48	0	0	0.46
65000	0.44	0.48	0.48	0	0	0.44
65100	0.44	0.48	0.48	0	0	0.44
65200	0.44	0.48	0.48	0	0	0.44
65300	0.44	0.48	0.48	0	0	0.44
65400	0.44	0.48	0.48	0	0	0.44
65500	0.44	0.48	0.48	0	0	0.44
65600	0.44	0.48	0.48	0	0	0.44
65700	0.44	0.48	0.48	0	0	0.44
65800	0.44	0.48	0.48	0	0	0.44
65900	0.46	0.48	0.48	0	0	0.46
66000	0.46	0.48	0.48	0	0	0.46
66100	0.46	0.46	0.46	0	0	0.46
66200	0.46	0.46	0.46	0	0	0.46
66300	0.46	0.46	0.46	0	0	0.46
66400	0.46	0.46	0.46	0	0	0.46
66500	0.46	0.46	0.46	0	0	0.46
66600	0.46	0.46	0.46	0	0	0.46
66700	0.46	0.48	0.48	0	0	0.46
66800	0.44	0.48	0.48	0	0	0.44
66900	0.44	0.48	0.48	0	0	0.44
67000	0.44	0.48	0.48	0	0	0.44
67100	0.44	0.48	0.48	0	0	0.44
67200	0.44	0.48	0.48	0	0	0.44
67300	0.44	0.48	0.48	0	0	0.44
67400	0.44	0.48	0.48	0	0	0.44
67500	0.44	0.48	0.48	0	0	0.44
67600	0.46	0.48	0.48	0	0	0.46
67700	0.46	0.48	0.48	0	0	0.46
67800	0.46	0.48	0.48	0	0	0.46
67900	0.46	0.48	0.48	0	0	0.46
68000	0.46	0.48	0.48	0	0	0.46
68100	0.46	0.48	0.48	0	0	0.46
68200	0.48	0.48	0.48	0	0	0.48
68300	0.48	0.48	0.48	0	0	0.48
68400	0.48	0.48	0.48	0	0	0.48
68500	0.48	0.48	0.48	0	0	0.48
68600	0.48	0.48	0.48	0	0	0.48
68700	0.48	0.48	0.48	0	0	0.48
68800	0.48	0.48	0.48	0	0	0.48
68900	0.48	0.48	0.48	0	0	0.48
69000	0.48	0.48	0.48	0	0	0.48
69100	0.48	0.48	0.48	0	0	0.48
69200	0.48	0.48	0.48	0	0	0.48
69300	0.48	0.48	0.48	0	0	0.48
69400	0.48	0.48	0.48	0	0	0.48
69500	0.48	0.48	0.48	0	0	0.48
69600	0.48	0.48	0.48	0	0	0.48
69700	0.48	0.48	0.48	0	0	0.48
69800	0.48	0.48	0.48	0	0	0.48
69900	0.48	0.48	0.48	0	0	0.48
70000	0.48	0.48	0.48	0	0	0.48
70100	0.48	0.48	0.48	0	0	0.48
70200	0.48	0.48	0.48	0	0	0.48
70300	0.48	0.48	0.48	0	0	0.48
70400	0.48	0.48	0.48	0	0	0.48
70500	0.48	0.48	0.48	0	0	0.48
70600	0.48	0.48	0.48	0	0	0.48
70700	0.48	0.48	0.48	0	0	0.48
70800	0.48	0.48	0.48	0	0	0.48
70900	0.48	0.48	0.48	0	0	0.48
71000	0.48	0.48	0.48	0	0	0.48
71100	0.48	0.48	0.48	0	0	0.48
71200	0.48	0.48	0.48	0	0	0.48
71300	0.48	0.48	0.48	0	0	0.48
71400	0.48	0.48	0.48	0	0	0.48
71500	0.48	0.48	0.48	0	0	0.48
71600	0.48	0.48	0.48	0	0	0.48
71700	0.48	0.48	0.48	0	0	0.48
71800	0.48	0.48	0.48	0	0	0.48
71900	0.48	0.48	0.48	0	0	0.48
72000	0.48	0.48	0.48	0	0	0.48
72100	0.46	0.46	0.46	0	0	0.46
72200	0.46	0.46	0.46	0	0	0.46
72300	0.46	0.46	0.46	0	0	0.46
72400	0.46	0.46	0.46	0	0	0.46
72500	0.46	0.46	0.46	0	0	0.46
72600	0.46	0.46	0.46	0	0	0.46
72700	0.46	0.46	0.46	0	0	0.46
72800	0.46	0.46	0.46	0	0	0.46
72900	0.46	0.46	0.46	0	0	0.46
73000	0.46	0.46	0.46	0	0	0.46
73100	0.46	0.46	0.46	0	0	0.46
73200	0.46	0.46	0.46	0	0	0.46
73300	0.46	0.46	0.46	0	0	0.46
73400	0.46	0.46	0.46	0	0	0.46
73500	0.46	0.46	0.46	0	0	0.46
73600	0.46	0.46	0.46	0	0	0.46
73700	0.46	0.46	0.46	0	0	0.46
73800	0.46	0.46	0.46	0	0	0.46
73900	0.46	0.46	0.46	0	0	0.46
74000	0.48	0.46	0.46	0	0	0.48
74100	0.48	0.46	0.46	0	0	0.48
74200	0.48	0.46	0.46	0	0	0.48
74300	0.48	0.48	0.48	0	0	0.48
74400	0.48	0.48	0.48	0	0	0.48
74500	0.48	0.48	0.48	0	0	0.48
74600	0.48	0.46	0.46	0	0	0.48
74700	0.48	0.46	0.46	0	0	0.48
74800	0.48	0.46	0.46	0	0	0.48
74900	0.48	0.46	0.46	0	0	0.48
75000	0.48	0.46	0.46	0	0	0.48
75100	0.48	0.46	0.46	0	0	0.48
75200	0.48	0.46	0.46	0	0	0.48
75300	0.46	0.46	0.46	0	0	0.46
75400	0.46	0.46	0.46	0	0	0.46
75500	0.46	0.46	0.46	0	0	0.46
75600	0.46	0.46	0.46	0	0	0.46
75700	0.46	0.46	0.46	0	0	0.46
75800	0.46	0.46	0.46	0	0	0.46
75900	0.46	0.46	0.46	0	0	0.46
76000	0.46	0.46	0.46	0	0	0.46
76100	0.46	0.46	0.46	0	0	0.46
76200	0.46	0.46	0.46	0	0	0.46
76300	0.46	0.46	0.46	0	0	0.46
76400	0.46	0.46	0.46	0	0	0.46
76500	0.46	0.46	0.46	0	0	0.46
76600	0.46	0.46	0.46	0	0	0.46
76700	0.46	0.46	0.46	0	0	0.46
76800	0.46	0.46	0.46	0	0	0.46
76900	0.46	0.46	0.46	0	0	0.46
77000	0.46	0.46	0.46	0	0	0.46
77100	0.46	0.46	0.46	0	0	0.46
77200	0.46	0.46	0.46	0	0	0.46
77300	0.46	0.46	0.46	0	0	0.46
77400	0.46	0.46	0.46	0	0	0.46
77500	0.46	0.46	0.46	0	0	0.46
77600	0.48	0.46	0.46	0	0	0.48
77700	0.46	0.46	0.46	0	0	0.46
77800	0.46	0.46	0.46	0	0	0.46
77900	0.46	0.46	0.46	0	0	0.46
78000	0.46	0.46	0.46	0	0	0.46
78100	0.46	0.46	0.46	0	0	0.46
78200	0.46	0.46	0.46	0	0	0.46
78300	0.46	0.46	0.46	0	0	0.46
78400	0.46	0.46	0.46	0	0	0.46
78500	0.46	0.46	0.46	0	0	0.46
78600	0.46	0.46	0.46	0	0	0.46
78700	0.48	0.46	0.46	0	0	0.48
78800	0.48	0.46	0.46	0	0	0.48
78900	0.48	0.46	0.46	0	0	0.48
79000	0.48	0.46	0.46	0	0	0.48
79100	0.48	0.46	0.46	0	0	0.48
79200	0.48	0.46	0.46	0	0	0.48
79300	0.48	0.46	0.46	0	0	0.48
79400	0.46	0.46	0.46	0	0	0.46
79500	0.46	0.46	0.46	0	0	0.46
79600	0.46	0.46	0.46	0	0	0.46
79700	0.46	0.46	0.46	0	0	0.46
79800	0.46	0.46	0.46	0	0	0.46
79900	0.46	0.46	0.46	0	0	0.46
80000	0.46	0.46	0.46	0	0	0.46
80100	0.46	0.46	0.46	0	0	0.46
80200	0.46	0.46	0.46	0	0	0.46
80300	0.46	0.46	0.46	0	0	0.46
80400	0.46	0.46	0.46	0	0	0.46
80500	0.46	0.46	0.46	0	0	0.46
80600	0.48	0.46	0.46	0	0	0.48
80700	0.48	0.46	0.46	0	0	0.48
80800	0.48	0.46	0.46	0	0	0.48
80900	0.48	0.46	0.46	0	0	0.48
81000	0.48	0.46	0.46	0	0	0.48
81100	0.48	0.46	0.46	0	0	0.48
81200	0.48	0.46	0.46	0	0	0.48
81300	0.48	0.46	0.46	0	0	0.48
81400	0.48	0.46	0.46	0	0	0.48
81500	0.48	0.48	0.48	0	0	0.48
81600	0.48	0.48	0.48	0	0	0.48
81700	0.48	0.48	0.48	0	0	0.48
81800	0.48	0.48	0.48	0	0	0.48
81900	0.48	0.48	0.48	0	0	0.48
82000	0.48	0.48	0.48	0	0	0.48
82100	0.48	0.48	0.48	0	0	0.48
82200	0.48	0.48	0.48	0	0	0.48
82300	0.48	0.48	0.48	0	0	0.48
82400	0.48	0.48	0.48	0	0	0.48
82500	0.48	0.48	0.48	0	0	0.48
82600	0.48	0.48	0.48	0	0	0.48
82700	0.48	0.48	0.48	0	0	0.48
82800	0.48	0.48	0.48	0	0	0.48
82900	0.48	0.48	0.48	0	0	0.48
83000	0.48	0.48	0.48	0	0	0.48
83100	0.48	0.5	0.5	0	0	0.48
83200	0.48	0.5	0.5	0	0	0.48
83300	0.48	0.5	0.5	0	0	0.48
83400	0.48	0.5	0.5	0	0	0.48
83500	0.48	0.5	0.5	0	0	0.48
83600	0.48	0.5	0.5	0	0	0.48
83700	0.48	0.5	0.5	0	0	0.48
83800	0.48	0.5	0.5	0	0	0.48
83900	0.48	0.5	0.5	0	0	0.48
84000	0.48	0.5	0.5	0	0	0.48
84100	0.48	0.5	0.5	0	0	0.48
84200	0.48	0.5	0.5	0	0	0.48
84300	0.48	0.5	0.5	0	0	0.48
84400	0.48	0.5	0.5	0	0	0.48
84500	0.48	0.48	0.48	0	0	0.48
84600	0.46	0.48	0.48	0	0	0.46
84700	0.46	0.48	0.48	0	0	0.46
84800	0.46	0.48	0.48	0	0	0.46
84900	0.44	0.48	0.48	0	0	0.44
85000	0.44	0.48	0.48	0	0	0.44
85100	0.44	0.48	0.48	0	0	0.44
85200	0.44	0.48	0.48	0	0	0.44
85300	0.44	0.48	0.48	0	0	0.44
85400	0.44	0.48	0.48	0	0	0.44
85500	0.44	0.48	0.48	0	0	0.44
85600	0.44	0.48	0.48	0	0	0.44
85700	0.44	0.48	0.48	0	0	0.44
85800	0.44	0.48	0.48	0	0	0.44
85900	0.44	0.48	0.48	0	0	0.44
86000	0.44	0.48	0.48	0	0	0.44
86100	0.44	0.48	0.48	0	0	0.44
86200	0.44	0.48	0.48	0	0	0.44
86300	0.44	0.48	0.48	0	0	0.44
86400	0.44	0.48	0.48	0	0	0.44
86500	0.44	0.48	0.48	0	0	0.44
86600	0.44	0.48	0.48	0	0	0.44
86700	0.44	0.48	0.48	0	0	0.44
86800	0.46	0.48	0.48	0	0	0.46
86900	0.46	0.48	0.48	0	0	0.46
87000	0.46	0.48	0.48	0	0	0.46
87100	0.46	0.48	0.48	0	0	0.46
87200	0.46	0.48	0.48	0	0	0.46
87300	0.46	0.46	0.46	0	0	0.46
87400	0.46	0.46	0.46	0	0	0.46
87500	0.46	0.46	0.46	0	0	0.46
87600	0.46	0.46	0.46	0	0	0.46
87700	0.44	0.46	0.46	0	0	0.44
87800	0.44	0.46	0.46	0	0	0.44
87900	0.44	0.46	0.46	0	0	0.44
88000	0.44	0.46	0.46	0	0	0.44
88100	0.44	0.46	0.46	0	0	0.44
88200	0.44	0.46	0.46	0	0	0.44
88300	0.44	0.46	0.46	0	0	0.44
88400	0.44	0.46	0.46	0	0	0.44
88500	0.44	0.46	0.46	0	0	0.44
88600	0.44	0.46	0.46	0	0	0.44
88700	0.44	0.46	0.46	0	0	0.44
88800	0.44	0.46	0.46	0	0	0.44
88900	0.44	0.46	0.46	0	0	0.44
89000	0.42	0.48	0.48	0	0	0.42
89100	0.42	0.48	0.48	0	0	0.42
89200	0.42	0.48	0.48	0	0	0.42
89300	0.42	0.48	0.48	0	0	0.42
89400	0.42	0.48	0.48	0	0	0.42
89500	0.42	0.48	0.48	0	0	0.42
89600	0.42	0.48	0.48	0	0	0.42
89700	0.42	0.46	0.46	0	0	0.42
89800	0.42	0.46	0.46	0	0	0.42
89900	0.46	0.46	0.46	0	0	0.46
90000	0.46	0.46	0.46	0	0	0.46
90100	0.46	0.46	0.46	0	0	0.46
90200	0.46	0.46	0.46	0	0	0.46
90300	0.46	0.46	0.46	0	0	0.46
90400	0.46	0.46	0.46	0	0	0.46
90500	0.46	0.46	0.46	0	0	0.46
90600	0.46	0.46	0.46	0	0	0.46
90700	0.46	0.46	0.46	0	0	0.46
90800	0.46	0.46	0.46	0	0	0.46
90900	0.46	0.46	0.46	0	0	0.46
91000	0.48	0.46	0.46	0	0	0.48
91100	0.48	0.46	0.46	0	0	0.48
91200	0.48	0.46	0.46	0	0	0.48
91300	0.48	0.46	0.46	0	0	0.48
91400	0.48	0.46	0.46	0	0	0.48
91500	0.48	0.46	0.46	0	0	0.48
91600	0.48	0.46	0.46	0	0	0.48
91700	0.48	0.46	0.46	0	0	0.48
91800	0.48	0.46	0.46	0	0	0.48
91900	0.48	0.46	0.46	0	0	0.48
92000	0.48	0.46	0.46	0	0	0.48
92100	0.48	0.46	0.46	0	0	0.48
92200	0.48	0.46	0.46	0	0	0.48
92300	0.48	0.46	0.46	0	0	0.48
92400	0.46	0.46	0.46	0	0	0.46
92500	0.46	0.46	0.46	0	0	0.46
92600	0.46	0.46	0.46	0	0	0.46
92700	0.46	0.46	0.46	0	0	0.46
92800	0.46	0.46	0.46	0	0	0.46
92900	0.46	0.46	0.46	0	0	0.46
93000	0.46	0.46	0.46	0	0	0.46
93100	0.46	0.46	0.46	0	0	0.46
93200	0.46	0.46	0.46	0	0	0.46
93300	0.46	0.46	0.46	0	0	0.46
93400	0.46	0.46	0.46	0	0	0.46
93500	0.46	0.46	0.46	0	0	0.46
93600	0.46	0.46	0.46	0	0	0.46
93700	0.46	0.46	0.46	0	0	0.46
93800	0.46	0.46	0.46	0	0	0.46
93900	0.46	0.46	0.46	0	0	0.46
94000	0.46	0.46	0.46	0	0	0.46
94100	0.46	0.46	0.46	0	0	0.46
94200	0.46	0.46	0.46	0	0	0.46
94300	0.44	0.46	0.46	0	0	0.44
94400	0.44	0.46	0.46	0	0	0.44
94500	0.44	0.46	0.46	0	0	0.44
94600	0.44	0.46	0.46	0	0	0.44
94700	0.44	0.46	0.46	0	0	0.44
94800	0.46	0.46	0.46	0	0	0.46
94900	0.46	0.46	0.46	0	0	0.46
95000	0.44	0.46	0.46	0	0	0.44
95100	0.44	0.46	0.46	0	0	0.44
95200	0.44	0.46	0.46	0	0	0.44
95300	0.44	0.46	0.46	0	0	0.44
95400	0.44	0.46	0.46	0	0	0.44
95500	0.44	0.46	0.46	0	0	0.44
95600	0.44	0.46	0.46	0	0	0.44
95700	0.46	0.46	0.46	0	0	0.46
95800	0.46	0.46	0.46	0	0	0.46
95900	0.46	0.46	0.46	0	0	0.46
96000	0.46	0.46	0.46	0	0	0.46
96100	0.46	0.46	0.46	0	0	0.46
96200	0.46	0.46	0.46	0	0	0.46
96300	0.46	0.46	0.46	0	0	0.46
96400	0.46	0.46	0.46	0	0	0.46
96500	0.46	0.46	0.46	0	0	0.46
96600	0.46	0.46	0.46	0	0	0.46
96700	0.46	0.46	0.46	0	0	0.46
96800	0.46	0.46	0.46	0	0	0.46
96900	0.46	0.48	0.48	0	0	0.46
97000	0.46	0.48	0.48	0	0	0.46
97100	0.46	0.48	0.48	0	0	0.46
97200	0.46	0.48	0.48	0	0	0.46
97300	0.46	0.48	0.48	0	0	0.46
97400	0.46	0.48	0.48	0	0	0.46
97500	0.46	0.48	0.48	0	0	0.46
97600	0.46	0.48	0.48	0	0	0.46
97700	0.46	0.48	0.48	0	0	0.46
97800	0.46	0.48	0.48	0	0	0.46
97900	0.48	0.48	0.48	0	0	0.48
98000	0.48	0.48	0.48	0	0	0.48
98100	0.48	0.48	0.48	0	0	0.48
98200	0.48	0.48	0.48	0	0	0.48
98300	0.48	0.48	0.48	0	0	0.48
98400	0.48	0.48	0.48	0	0	0.48
98500	0.48	0.48	0.48	0	0	0.48
98600	0.46	0.48	0.48	0	0	0.46
98700	0.46	0.48	0.48	0	0	0.46
98800	0.46	0.48	0.48	0	0	0.46
98900	0.46	0.48	0.48	0	0	0.46
99000	0.46	0.48	0.48	0	0	0.46
99100	0.46	0.48	0.48	0	0	0.46
99200	0.46	0.48	0.48	0	0	0.46
99300	0.46	0.48	0.48	0	0	0.46
99400	0.46	0.48	0.48	0	0	0.46
99500	0.46	0.48	0.48	0	0	0.46
99600	0.46	0.48	0.48	0	0	0.46
99700	0.46	0.48	0.48	0	0	0.46
99800	0.46	0.48	0.48	0	0	0.46
99900	0.46	0.48	0.48	0	0	0.46
100000	0.46	0.48	0.48	0	0	0.46
