100	0.12	0.1	0.1	0	0	0.12
200	0.14	0.1	0.1	0	0	0.14
300	0.16	0.14	0.14	0	0	0.16
400	0.18	0.16	0.16	0	0	0.18
500	0.18	0.16	0.16	0	0	0.18
600	0.22	0.16	0.16	0	0	0.22
700	0.22	0.16	0.16	0	0	0.22
800	0.2	0.16	0.16	0	0	0.2
900	0.22	0.18	0.18	0	0	0.22
1000	0.22	0.18	0.18	0	0	0.22
1100	0.22	0.2	0.2	0	0	0.22
1200	0.24	0.2	0.2	0	0	0.24
1300	0.26	0.2	0.2	0	0	0.26
1400	0.26	0.2	0.2	0	0	0.26
1500	0.26	0.2	0.2	0	0	0.26
1600	0.28	0.2	0.2	0	0	0.28
1700	0.28	0.2	0.2	0	0	0.28
1800	0.28	0.22	0.22	0	0	0.28
1900	0.28	0.24	0.24	0	0	0.28
2000	0.26	0.26	0.26	0	0	0.26
2100	0.26	0.26	0.26	0	0	0.26
2200	0.26	0.26	0.26	0	0	0.26
2300	0.26	0.26	0.26	0	0	0.26
2400	0.26	0.26	0.26	0	0	0.26
2500	0.28	0.26	0.26	0	0	0.28
2600	0.28	0.3	0.3	0	0	0.28
2700	0.28	0.3	0.3	0	0	0.28
2800	0.28	0.3	0.3	0	0	0.28
2900	0.28	0.3	0.3	0	0	0.28
3000	0.28	0.3	0.3	0	0	0.28
3100	0.28	0.3	0.3	0	0	0.28
3200	0.28	0.28	0.28	0	0	0.28
3300	0.28	0.28	0.28	0	0	0.28
3400	0.28	0.28	0.28	0	0	0.28
3500	0.3	0.3	0.3	0	0	0.3
3600	0.3	0.3	0.3	0	0	0.3
3700	0.3	0.3	0.3	0	0	0.3
3800	0.3	0.3	0.3	0	0	0.3
3900	0.32	0.3	0.3	0	0	0.32
4000	0.34	0.3	0.3	0	0	0.34
4100	0.34	0.32	0.32	0	0	0.34
4200	0.34	0.34	0.34	0	0	0.34
4300	0.34	0.34	0.34	0	0	0.34
4400	0.34	0.32	0.32	0	0	0.34
4500	0.34	0.32	0.32	0	0	0.34
4600	0.32	0.34	0.34	0	0	0.32
4700	0.32	0.36	0.36	0	0	0.32
4800	0.32	0.36	0.36	0	0	0.32
4900	0.32	0.36	0.36	0	0	0.32
5000	0.32	0.36	0.36	0	0	0.32
5100	0.3	0.36	0.36	0	0	0.3
5200	0.34	0.38	0.38	0	0	0.34
5300	0.32	0.38	0.38	0	0	0.32
5400	0.34	0.38	0.38	0	0	0.34
5500	0.32	0.38	0.38	0	0	0.32
5600	0.32	0.38	0.38	0	0	0.32
5700	0.32	0.42	0.42	0	0	0.32
5800	0.34	0.4	0.4	0	0	0.34
5900	0.34	0.4	0.4	0	0	0.34
6000	0.34	0.4	0.4	0	0	0.34
6100	0.36	0.4	0.4	0	0	0.36
6200	0.36	0.38	0.38	0	0	0.36
6300	0.36	0.38	0.38	0	0	0.36
6400	0.36	0.38	0.38	0	0	0.36
6500	0.36	0.38	0.38	0	0	0.36
6600	0.36	0.38	0.38	0	0	0.36
6700	0.36	0.38	0.38	0	0	0.36
6800	0.36	0.38	0.38	0	0	0.36
6900	0.36	0.38	0.38	0	0	0.36
7000	0.36	0.38	0.38	0	0	0.36
7100	0.34	0.36	0.36	0	0	0.34
7200	0.34	0.36	0.36	0	0	0.34
7300	0.34	0.36	0.36	0	0	0.34
7400	0.36	0.36	0.36	0	0	0.36
7500	0.36	0.36	0.36	0	0	0.36
7600	0.36	0.34	0.34	0	0	0.36
7700	0.36	0.34	0.34	0	0	0.36
7800	0.36	0.34	0.34	0	0	0.36
7900	0.36	0.34	0.34	0	0	0.36
8000	0.36	0.36	0.36	0	0	0.36
8100	0.36	0.36	0.36	0	0	0.36
8200	0.36	0.36	0.36	0	0	0.36
8300	0.36	0.36	0.36	0	0	0.36
8400	0.36	0.36	0.36	0	0	0.36
8500	0.36	0.38	0.38	0	0	0.36
8600	0.36	0.4	0.4	0	0	0.36
8700	0.4	0.4	0.4	0	0	0.4
8800	0.4	0.4	0.4	0	0	0.4
8900	0.4	0.4	0.4	0	0	0.4
9000	0.42	0.4	0.4	0	0	0.42
9100	0.42	0.4	0.4	0	0	0.42
9200	0.42	0.4	0.4	0	0	0.42
9300	0.44	0.4	0.4	0	0	0.44
9400	0.44	0.4	0.4	0	0	0.44
9500	0.44	0.42	0.42	0	0	0.44
9600	0.44	0.42	0.42	0	0	0.44
9700	0.44	0.42	0.42	0	0	0.44
9800	0.44	0.46	0.46	0	0	0.44
9900	0.44	0.44	0.44	0	0	0.44
10000	0.44	0.44	0.44	0	0	0.44
10100	0.44	0.44	0.44	0	0	0.44
10200	0.46	0.44	0.44	0	0	0.46
10300	0.46	0.44	0.44	0	0	0.46
10400	0.46	0.44	0.44	0	0	0.46
10500	0.46	0.44	0.44	0	0	0.46
10600	0.46	0.44	0.44	0	0	0.46
10700	0.46	0.46	0.46	0	0	0.46
10800	0.46	0.46	0.46	0	0	0.46
10900	0.46	0.46	0.46	0	0	0.46
11000	0.46	0.46	0.46	0	0	0.46
11100	0.46	0.46	0.46	0	0	0.46
11200	0.46	0.46	0.46	0	0	0.46
11300	0.44	0.46	0.46	0	0	0.44
11400	0.44	0.46	0.46	0	0	0.44
11500	0.44	0.46	0.46	0	0	0.44
11600	0.46	0.46	0.46	0	0	0.46
11700	0.46	0.44	0.44	0	0	0.46
11800	0.46	0.44	0.44	0	0	0.46
11900	0.46	0.44	0.44	0	0	0.46
12000	0.46	0.44	0.44	0	0	0.46
12100	0.46	0.44	0.44	0	0	0.46
12200	0.46	0.44	0.44	0	0	0.46
12300	0.48	0.44	0.44	0	0	0.48
12400	0.48	0.44	0.44	0	0	0.48
12500	0.46	0.44	0.44	0	0	0.46
12600	0.46	0.42	0.42	0	0	0.46
12700	0.46	0.42	0.42	0	0	0.46
12800	0.46	0.4	0.4	0	0	0.46
12900	0.46	0.4	0.4	0	0	0.46
13000	0.46	0.4	0.4	0	0	0.46
13100	0.46	0.4	0.4	0	0	0.46
13200	0.46	0.4	0.4	0	0	0.46
13300	0.46	0.4	0.4	0	0	0.46
13400	0.46	0.4	0.4	0	0	0.46
13500	0.46	0.4	0.4	0	0	0.46
13600	0.46	0.4	0.4	0	0	0.46
13700	0.46	0.4	0.4	0	0	0.46
13800	0.46	0.44	0.44	0	0	0.46
13900	0.46	0.44	0.44	0	0	0.46
14000	0.46	0.44	0.44	0	0	0.46
14100	0.46	0.44	0.44	0	0	0.46
14200	0.46	0.44	0.44	0	0	0.46
14300	0.46	0.44	0.44	0	0	0.46
14400	0.46	0.44	0.44	0	0	0.46
14500	0.44	0.44	0.44	0	0	0.44
14600	0.44	0.44	0.44	0	0	0.44
14700	0.44	0.46	0.46	0	0	0.44
14800	0.44	0.46	0.46	0	0	0.44
14900	0.46	0.46	0.46	0	0	0.46
15000	0.46	0.46	0.46	0	0	0.46
15100	0.46	0.46	0.46	0	0	0.46
15200	0.46	0.46	0.46	0	0	0.46
15300	0.46	0.46	0.46	0	0	0.46
15400	0.46	0.46	0.46	0	0	0.46
15500	0.46	0.46	0.46	0	0	0.46
15600	0.46	0.46	0.46	0	0	0.46
15700	0.46	0.44	0.44	0	0	0.46
15800	0.44	0.42	0.42	0	0	0.44
15900	0.44	0.42	0.42	0	0	0.44
16000	0.46	0.44	0.44	0	0	0.46
16100	0.46	0.44	0.44	0	0	0.46
16200	0.46	0.44	0.44	0	0	0.46
16300	0.46	0.44	0.44	0	0	0.46
16400	0.46	0.44	0.44	0	0	0.46
16500	0.46	0.44	0.44	0	0	0.46
16600	0.46	0.44	0.44	0	0	0.46
16700	0.46	0.44	0.44	0	0	0.46
16800	0.46	0.44	0.44	0	0	0.46
16900	0.46	0.44	0.44	0	0	0.46
17000	0.46	0.44	0.44	0	0	0.46
17100	0.46	0.44	0.44	0	0	0.46
17200	0.46	0.44	0.44	0	0	0.46
17300	0.46	0.44	0.44	0	0	0.46
17400	0.46	0.44	0.44	0	0	0.46
17500	0.46	0.44	0.44	0	0	0.46
17600	0.46	0.44	0.44	0	0	0.46
17700	0.46	0.46	0.46	0	0	0.46
17800	0.48	0.48	0.48	0	0	0.48
17900	0.48	0.48	0.48	0	0	0.48
18000	0.48	0.48	0.48	0	0	0.48
18100	0.48	0.48	0.48	0	0	0.48
18200	0.48	0.48	0.48	0	0	0.48
18300	0.48	0.46	0.46	0	0	0.48
18400	0.48	0.46	0.46	0	0	0.48
18500	0.48	0.46	0.46	0	0	0.48
18600	0.48	0.46	0.46	0	0	0.48
18700	0.48	0.46	0.46	0	0	0.48
18800	0.48	0.46	0.46	0	0	0.48
18900	0.44	0.46	0.46	0	0	0.44
19000	0.44	0.46	0.46	0	0	0.44
19100	0.44	0.46	0.46	0	0	0.44
19200	0.44	0.46	0.46	0	0	0.44
19300	0.44	0.46	0.46	0	0	0.44
19400	0.44	0.46	0.46	0	0	0.44
19500	0.44	0.46	0.46	0	0	0.44
19600	0.44	0.46	0.46	0	0	0.44
19700	0.44	0.46	0.46	0	0	0.44
19800	0.44	0.46	0.46	0	0	0.44
19900	0.44	0.46	0.46	0	0	0.44
20000	0.44	0.46	0.46	0	0	0.44
20100	0.44	0.46	0.46	0	0	0.44
20200	0.44	0.44	0.44	0	0	0.44
20300	0.44	0.44	0.44	0	0	0.44
20400	0.44	0.44	0.44	0	0	0.44
20500	0.42	0.44	0.44	0	0	0.42
20600	0.42	0.44	0.44	0	0	0.42
20700	0.42	0.44	0.44	0	0	0.42
20800	0.42	0.44	0.44	0	0	0.42
20900	0.42	0.44	0.44	0	0	0.42
21000	0.42	0.44	0.44	0	0	0.42
21100	0.42	0.44	0.44	0	0	0.42
21200	0.44	0.44	0.44	0	0	0.44
21300	0.44	0.46	0.46	0	0	0.44
21400	0.44	0.46	0.46	0	0	0.44
21500	0.44	0.46	0.46	0	0	0.44
21600	0.42	0.46	0.46	0	0	0.42
21700	0.42	0.46	0.46	0	0	0.42
21800	0.42	0.46	0.46	0	0	0.42
21900	0.42	0.46	0.46	0	0	0.42
22000	0.42	0.46	0.46	0	0	0.42
22100	0.42	0.46	0.46	0	0	0.42
22200	0.44	0.46	0.46	0	0	0.44
22300	0.44	0.46	0.46	0	0	0.44
22400	0.42	0.46	0.46	0	0	0.42
22500	0.42	0.48	0.48	0	0	0.42
22600	0.42	0.48	0.48	0	0	0.42
22700	0.42	0.48	0.48	0	0	0.42
22800	0.42	0.48	0.48	0	0	0.42
22900	0.42	0.5	0.5	0	0	0.42
23000	0.42	0.5	0.5	0	0	0.42
23100	0.42	0.5	0.5	0	0	0.42
23200	0.42	0.5	0.5	0	0	0.42
23300	0.42	0.5	0.5	0	0	0.42
23400	0.42	0.5	0.5	0	0	0.42
23500	0.42	0.48	0.48	0	0	0.42
23600	0.4	0.48	0.48	0	0	0.4
23700	0.4	0.48	0.48	0	0	0.4
23800	0.4	0.48	0.48	0	0	0.4
23900	0.4	0.48	0.48	0	0	0.4
24000	0.4	0.48	0.48	0	0	0.4
24100	0.4	0.48	0.48	0	0	0.4
24200	0.4	0.48	0.48	0	0	0.4
24300	0.38	0.48	0.48	0	0	0.38
24400	0.38	0.48	0.48	0	0	0.38
24500	0.38	0.48	0.48	0	0	0.38
24600	0.38	0.48	0.48	0	0	0.38
24700	0.36	0.48	0.48	0	0	0.36
24800	0.34	0.5	0.5	0	0	0.34
24900	0.34	0.5	0.5	0	0	0.34
25000	0.36	0.48	0.48	0	0	0.36
25100	0.36	0.48	0.48	0	0	0.36
25200	0.36	0.48	0.48	0	0	0.36
25300	0.36	0.48	0.48	0	0	0.36
25400	0.36	0.48	0.48	0	0	0.36
25500	0.36	0.48	0.48	0	0	0.36
25600	0.36	0.48	0.48	0	0	0.36
25700	0.36	0.48	0.48	0	0	0.36
25800	0.36	0.48	0.48	0	0	0.36
25900	0.36	0.48	0.48	0	0	0.36
26000	0.36	0.48	0.48	0	0	0.36
26100	0.38	0.48	0.48	0	0	0.38
26200	0.38	0.48	0.48	0	0	0.38
26300	0.38	0.5	0.5	0	0	0.38
26400	0.38	0.5	0.5	0	0	0.38
26500	0.38	0.52	0.52	0	0	0.38
26600	0.38	0.52	0.52	0	0	0.38
26700	0.38	0.52	0.52	0	0	0.38
26800	0.38	0.52	0.52	0	0	0.38
26900	0.38	0.52	0.52	0	0	0.38
27000	0.38	0.52	0.52	0	0	0.38
27100	0.38	0.52	0.52	0	0	0.38
27200	0.38	0.52	0.52	0	0	0.38
27300	0.38	0.52	0.52	0	0	0.38
27400	0.38	0.52	0.52	0	0	0.38
27500	0.38	0.52	0.52	0	0	0.38
27600	0.4	0.52	0.52	0	0	0.4
27700	0.4	0.52	0.52	0	0	0.4
27800	0.4	0.52	0.52	0	0	0.4
27900	0.4	0.52	0.52	0	0	0.4
28000	0.4	0.52	0.52	0	0	0.4
28100	0.4	0.52	0.52	0	0	0.4
28200	0.4	0.52	0.52	0	0	0.4
28300	0.4	0.52	0.52	0	0	0.4
28400	0.4	0.52	0.52	0	0	0.4
28500	0.4	0.52	0.52	0	0	0.4
28600	0.4	0.52	0.52	0	0	0.4
28700	0.4	0.52	0.52	0	0	0.4
28800	0.4	0.52	0.52	0	0	0.4
28900	0.4	0.5	0.5	0	0	0.4
29000	0.4	0.5	0.5	0	0	0.4
29100	0.4	0.48	0.48	0	0	0.4
29200	0.4	0.48	0.48	0	0	0.4
29300	0.4	0.48	0.48	0	0	0.4
29400	0.4	0.48	0.48	0	0	0.4
29500	0.4	0.48	0.48	0	0	0.4
29600	0.4	0.48	0.48	0	0	0.4
29700	0.4	0.48	0.48	0	0	0.4
29800	0.4	0.48	0.48	0	0	0.4
29900	0.4	0.48	0.48	0	0	0.4
30000	0.4	0.46	0.46	0	0	0.4
30100	0.4	0.46	0.46	0	0	0.4
30200	0.4	0.46	0.46	0	0	0.4
30300	0.4	0.46	0.46	0	0	0.4
30400	0.4	0.46	0.46	0	0	0.4
30500	0.4	0.46	0.46	0	0	0.4
30600	0.4	0.46	0.46	0	0	0.4
30700	0.42	0.46	0.46	0	0	0.42
30800	0.4	0.46	0.46	0	0	0.4
30900	0.4	0.46	0.46	0	0	0.4
31000	0.4	0.46	0.46	0	0	0.4
31100	0.4	0.48	0.48	0	0	0.4
31200	0.4	0.48	0.48	0	0	0.4
31300	0.4	0.46	0.46	0	0	0.4
31400	0.4	0.46	0.46	0	0	0.4
31500	0.4	0.46	0.46	0	0	0.4
31600	0.4	0.46	0.46	0	0	0.4
31700	0.4	0.44	0.44	0	0	0.4
31800	0.4	0.44	0.44	0	0	0.4
31900	0.4	0.44	0.44	0	0	0.4
32000	0.42	0.44	0.44	0	0	0.42
32100	0.42	0.44	0.44	0	0	0.42
32200	0.42	0.44	0.44	0	0	0.42
32300	0.42	0.44	0.44	0	0	0.42
32400	0.42	0.44	0.44	0	0	0.42
32500	0.42	0.44	0.44	0	0	0.42
32600	0.42	0.44	0.44	0	0	0.42
32700	0.42	0.44	0.44	0	0	0.42
32800	0.42	0.44	0.44	0	0	0.42
32900	0.42	0.44	0.44	0	0	0.42
33000	0.42	0.44	0.44	0	0	0.42
33100	0.42	0.44	0.44	0	0	0.42
33200	0.42	0.44	0.44	0	0	0.42
33300	0.42	0.44	0.44	0	0	0.42
33400	0.42	0.44	0.44	0	0	0.42
33500	0.42	0.44	0.44	0	0	0.42
33600	0.42	0.44	0.44	0	0	0.42
33700	0.42	0.44	0.44	0	0	0.42
33800	0.42	0.44	0.44	0	0	0.42
33900	0.42	0.44	0.44	0	0	0.42
34000	0.4	0.44	0.44	0	0	0.4
34100	0.4	0.44	0.44	0	0	0.4
34200	0.4	0.44	0.44	0	0	0.4
34300	0.4	0.44	0.44	0	0	0.4
34400	0.42	0.44	0.44	0	0	0.42
34500	0.42	0.44	0.44	0	0	0.42
34600	0.42	0.44	0.44	0	0	0.42
34700	0.42	0.44	0.44	0	0	0.42
34800	0.42	0.42	0.42	0	0	0.42
34900	0.42	0.42	0.42	0	0	0.42
35000	0.42	0.42	0.42	0	0	0.42
35100	0.44	0.42	0.42	0	0	0.44
35200	0.44	0.42	0.42	0	0	0.44
35300	0.44	0.42	0.42	0	0	0.44
35400	0.46	0.42	0.42	0	0	0.46
35500	0.46	0.44	0.44	0	0	0.46
35600	0.46	0.42	0.42	0	0	0.46
35700	0.46	0.42	0.42	0	0	0.46
35800	0.46	0.42	0.42	0	0	0.46
35900	0.46	0.42	0.42	0	0	0.46
36000	0.46	0.42	0.42	0	0	0.46
36100	0.46	0.42	0.42	0	0	0.46
36200	0.46	0.42	0.42	0	0	0.46
36300	0.46	0.42	0.42	0	0	0.46
36400	0.46	0.4	0.4	0	0	0.46
36500	0.46	0.4	0.4	0	0	0.46
36600	0.46	0.4	0.4	0	0	0.46
36700	0.46	0.4	0.4	0	0	0.46
36800	0.46	0.4	0.4	0	0	0.46
36900	0.46	0.4	0.4	0	0	0.46
37000	0.46	0.44	0.44	0	0	0.46
37100	0.48	0.44	0.44	0	0	0.48
37200	0.48	0.44	0.44	0	0	0.48
37300	0.48	0.44	0.44	0	0	0.48
37400	0.48	0.44	0.44	0	0	0.48
37500	0.48	0.44	0.44	0	0	0.48
37600	0.48	0.44	0.44	0	0	0.48
37700	0.48	0.44	0.44	0	0	0.48
37800	0.48	0.44	0.44	0	0	0.48
37900	0.48	0.44	0.44	0	0	0.48
38000	0.48	0.44	0.44	0	0	0.48
38100	0.48	0.44	0.44	0	0	0.48
38200	0.48	0.44	0.44	0	0	0.48
38300	0.48	0.44	0.44	0	0	0.48
38400	0.48	0.42	0.42	0	0	0.48
38500	0.48	0.42	0.42	0	0	0.48
38600	0.48	0.44	0.44	0	0	0.48
38700	0.48	0.44	0.44	0	0	0.48
38800	0.46	0.44	0.44	0	0	0.46
38900	0.46	0.44	0.44	0	0	0.46
39000	0.46	0.44	0.44	0	0	0.46
39100	0.46	0.44	0.44	0	0	0.46
39200	0.46	0.44	0.44	0	0	0.46
39300	0.46	0.44	0.44	0	0	0.46
39400	0.46	0.44	0.44	0	0	0.46
39500	0.46	0.44	0.44	0	0	0.46
39600	0.46	0.44	0.44	0	0	0.46
39700	0.46	0.44	0.44	0	0	0.46
39800	0.46	0.44	0.44	0	0	0.46
39900	0.46	0.44	0.44	0	0	0.46
40000	0.46	0.44	0.44	0	0	0.46
40100	0.46	0.44	0.44	0	0	0.46
40200	0.46	0.44	0.44	0	0	0.46
40300	0.46	0.44	0.44	0	0	0.46
40400	0.46	0.44	0.44	0	0	0.46
40500	0.46	0.44	0.44	0	0	0.46
40600	0.46	0.44	0.44	0	0	0.46
40700	0.46	0.44	0.44	0	0	0.46
40800	0.46	0.44	0.44	0	0	0.46
40900	0.46	0.44	0.44	0	0	0.46
41000	0.46	0.44	0.44	0	0	0.46
41100	0.46	0.44	0.44	0	0	0.46
41200	0.46	0.46	0.46	0	0	0.46
41300	0.46	0.46	0.46	0	0	0.46
41400	0.46	0.46	0.46	0	0	0.46
41500	0.46	0.46	0.46	0	0	0.46
41600	0.46	0.46	0.46	0	0	0.46
41700	0.46	0.46	0.46	0	0	0.46
41800	0.46	0.46	0.46	0	0	0.46
41900	0.46	0.46	0.46	0	0	0.46
42000	0.46	0.46	0.46	0	0	0.46
42100	0.46	0.46	0.46	0	0	0.46
42200	0.46	0.46	0.46	0	0	0.46
42300	0.46	0.46	0.46	0	0	0.46
42400	0.46	0.46	0.46	0	0	0.46
42500	0.46	0.46	0.46	0	0	0.46
42600	0.46	0.46	0.46	0	0	0.46
42700	0.46	0.46	0.46	0	0	0.46
42800	0.46	0.46	0.46	0	0	0.46
42900	0.46	0.46	0.46	0	0	0.46
43000	0.46	0.46	0.46	0	0	0.46
43100	0.46	0.46	0.46	0	0	0.46
43200	0.46	0.46	0.46	0	0	0.46
43300	0.46	0.46	0.46	0	0	0.46
43400	0.46	0.46	0.46	0	0	0.46
43500	0.46	0.46	0.46	0	0	0.46
43600	0.46	0.46	0.46	0	0	0.46
43700	0.46	0.46	0.46	0	0	0.46
43800	0.46	0.46	0.46	0	0	0.46
43900	0.46	0.46	0.46	0	0	0.46
44000	0.46	0.46	0.46	0	0	0.46
44100	0.46	0.46	0.46	0	0	0.46
44200	0.46	0.46	0.46	0	0	0.46
44300	0.46	0.48	0.48	0	0	0.46
44400	0.46	0.48	0.48	0	0	0.46
44500	0.46	0.48	0.48	0	0	0.46
44600	0.46	0.48	0.48	0	0	0.46
44700	0.46	0.48	0.48	0	0	0.46
44800	0.46	0.48	0.48	0	0	0.46
44900	0.46	0.48	0.48	0	0	0.46
45000	0.46	0.48	0.48	0	0	0.46
45100	0.46	0.48	0.48	0	0	0.46
45200	0.46	0.48	0.48	0	0	0.46
45300	0.46	0.48	0.48	0	0	0.46
45400	0.46	0.48	0.48	0	0	0.46
45500	0.46	0.48	0.48	0	0	0.46
45600	0.46	0.48	0.48	0	0	0.46
45700	0.46	0.48	0.48	0	0	0.46
45800	0.46	0.48	0.48	0	0	0.46
45900	0.46	0.48	0.48	0	0	0.46
46000	0.46	0.48	0.48	0	0	0.46
46100	0.46	0.48	0.48	0	0	0.46
46200	0.46	0.48	0.48	0	0	0.46
46300	0.46	0.48	0.48	0	0	0.46
46400	0.46	0.48	0.48	0	0	0.46
46500	0.46	0.48	0.48	0	0	0.46
46600	0.46	0.48	0.48	0	0	0.46
46700	0.46	0.48	0.48	0	0	0.46
46800	0.46	0.48	0.48	0	0	0.46
46900	0.46	0.48	0.48	0	0	0.46
47000	0.46	0.48	0.48	0	0	0.46
47100	0.46	0.48	0.48	0	0	0.46
47200	0.46	0.48	0.48	0	0	0.46
47300	0.46	0.48	0.48	0	0	0.46
47400	0.46	0.48	0.48	0	0	0.46
47500	0.46	0.48	0.48	0	0	0.46
47600	0.46	0.48	0.48	0	0	0.46
47700	0.46	0.48	0.48	0	0	0.46
47800	0.46	0.48	0.48	0	0	0.46
47900	0.46	0.48	0.48	0	0	0.46
48000	0.46	0.5	0.5	0	0	0.46
48100	0.46	0.5	0.5	0	0	0.46
48200	0.46	0.5	0.5	0	0	0.46
48300	0.46	0.5	0.5	0	0	0.46
48400	0.46	0.5	0.5	0	0	0.46
48500	0.46	0.5	0.5	0	0	0.46
48600	0.46	0.5	0.5	0	0	0.46
48700	0.46	0.48	0.48	0	0	0.46
48800	0.46	0.48	0.48	0	0	0.46
48900	0.46	0.48	0.48	0	0	0.46
49000	0.46	0.48	0.48	0	0	0.46
49100	0.46	0.48	0.48	0	0	0.46
49200	0.46	0.48	0.48	0	0	0.46
49300	0.46	0.48	0.48	0	0	0.46
49400	0.46	0.46	0.46	0	0	0.46
49500	0.46	0.46	0.46	0	0	0.46
49600	0.46	0.46	0.46	0	0	0.46
49700	0.46	0.46	0.46	0	0	0.46
49800	0.46	0.46	0.46	0	0	0.46
49900	0.46	0.46	0.46	0	0	0.46
50000	0.46	0.46	0.46	0	0	0.46
50100	0.46	0.46	0.46	0	0	0.46
50200	0.46	0.46	0.46	0	0	0.46
50300	0.46	0.46	0.46	0	0	0.46
50400	0.46	0.46	0.46	0	0	0.46
50500	0.46	0.46	0.46	0	0	0.46
50600	0.46	0.46	0.46	0	0	0.46
50700	0.46	0.46	0.46	0	0	0.46
50800	0.46	0.46	0.46	0	0	0.46
50900	0.46	0.46	0.46	0	0	0.46
51000	0.46	0.46	0.46	0	0	0.46
51100	0.46	0.46	0.46	0	0	0.46
51200	0.46	0.46	0.46	0	0	0.46
51300	0.46	0.46	0.46	0	0	0.46
51400	0.46	0.46	0.46	0	0	0.46
51500	0.46	0.46	0.46	0	0	0.46
51600	0.46	0.46	0.46	0	0	0.46
51700	0.46	0.46	0.46	0	0	0.46
51800	0.46	0.46	0.46	0	0	0.46
51900	0.46	0.46	0.46	0	0	0.46
52000	0.46	0.46	0.46	0	0	0.46
52100	0.46	0.46	0.46	0	0	0.46
52200	0.46	0.46	0.46	0	0	0.46
52300	0.46	0.46	0.46	0	0	0.46
52400	0.46	0.46	0.46	0	0	0.46
52500	0.46	0.46	0.46	0	0	0.46
52600	0.46	0.46	0.46	0	0	0.46
52700	0.46	0.46	0.46	0	0	0.46
52800	0.46	0.46	0.46	0	0	0.46
52900	0.46	0.46	0.46	0	0	0.46
53000	0.46	0.46	0.46	0	0	0.46
53100	0.46	0.46	0.46	0	0	0.46
53200	0.46	0.46	0.46	0	0	0.46
53300	0.46	0.46	0.46	0	0	0.46
53400	0.46	0.46	0.46	0	0	0.46
53500	0.46	0.46	0.46	0	0	0.46
53600	0.46	0.46	0.46	0	0	0.46
53700	0.46	0.46	0.46	0	0	0.46
53800	0.46	0.46	0.46	0	0	0.46
53900	0.46	0.46	0.46	0	0	0.46
54000	0.46	0.46	0.46	0	0	0.46
54100	0.46	0.46	0.46	0	0	0.46
54200	0.46	0.46	0.46	0	0	0.46
54300	0.46	0.46	0.46	0	0	0.46
54400	0.46	0.46	0.46	0	0	0.46
54500	0.46	0.46	0.46	0	0	0.46
54600	0.46	0.46	0.46	0	0	0.46
54700	0.46	0.46	0.46	0	0	0.46
54800	0.46	0.46	0.46	0	0	0.46
54900	0.46	0.46	0.46	0	0	0.46
55000	0.46	0.46	0.46	0	0	0.46
55100	0.46	0.46	0.46	0	0	0.46
55200	0.46	0.46	0.46	0	0	0.46
55300	0.46	0.46	0.46	0	0	0.46
55400	0.46	0.46	0.46	0	0	0.46
55500	0.46	0.46	0.46	0	0	0.46
55600	0.46	0.46	0.46	0	0	0.46
55700	0.46	0.46	0.46	0	0	0.46
55800	0.46	0.48	0.48	0	0	0.46
55900	0.46	0.48	0.48	0	0	0.46
56000	0.46	0.48	0.48	0	0	0.46
56100	0.46	0.46	0.46	0	0	0.46
56200	0.46	0.46	0.46	0	0	0.46
56300	0.46	0.44	0.44	0	0	0.46
56400	0.46	0.44	0.44	0	0	0.46
56500	0.46	0.44	0.44	0	0	0.46
56600	0.46	0.44	0.44	0	0	0.46
56700	0.46	0.44	0.44	0	0	0.46
56800	0.46	0.44	0.44	0	0	0.46
56900	0.46	0.44	0.44	0	0	0.46
57000	0.46	0.44	0.44	0	0	0.46
57100	0.46	0.44	0.44	0	0	0.46
57200	0.46	0.44	0.44	0	0	0.46
57300	0.46	0.44	0.44	0	0	0.46
57400	0.46	0.44	0.44	0	0	0.46
57500	0.46	0.44	0.44	0	0	0.46
57600	0.46	0.44	0.44	0	0	0.46
57700	0.46	0.44	0.44	0	0	0.46
57800	0.46	0.44	0.44	0	0	0.46
57900	0.46	0.44	0.44	0	0	0.46
58000	0.46	0.42	0.42	0	0	0.46
58100	0.46	0.42	0.42	0	0	0.46
58200	0.46	0.42	0.42	0	0	0.46
58300	0.46	0.42	0.42	0	0	0.46
58400	0.46	0.42	0.42	0	0	0.46
58500	0.46	0.44	0.44	0	0	0.46
58600	0.46	0.46	0.46	0	0	0.46
58700	0.46	0.46	0.46	0	0	0.46
58800	0.46	0.44	0.44	0	0	0.46
58900	0.46	0.44	0.44	0	0	0.46
59000	0.46	0.46	0.46	0	0	0.46
59100	0.46	0.46	0.46	0	0	0.46
59200	0.46	0.46	0.46	0	0	0.46
59300	0.46	0.46	0.46	0	0	0.46
59400	0.46	0.46	0.46	0	0	0.46
59500	0.46	0.46	0.46	0	0	0.46
59600	0.46	0.46	0.46	0	0	0.46
59700	0.46	0.46	0.46	0	0	0.46
59800	0.46	0.46	0.46	0	0	0.46
59900	0.46	0.46	0.46	0	0	0.46
60000	0.46	0.46	0.46	0	0	0.46
60100	0.46	0.46	0.46	0	0	0.46
60200	0.46	0.46	0.46	0	0	0.46
60300	0.46	0.46	0.46	0	0	0.46
60400	0.46	0.46	0.46	0	0	0.46
60500	0.46	0.46	0.46	0	0	0.46
60600	0.46	0.46	0.46	0	0	0.46
60700	0.46	0.46	0.46	0	0	0.46
60800	0.46	0.46	0.46	0	0	0.46
60900	0.46	0.46	0.46	0	0	0.46
61000	0.46	0.46	0.46	0	0	0.46
61100	0.46	0.46	0.46	0	0	0.46
61200	0.46	0.46	0.46	0	0	0.46
61300	0.46	0.46	0.46	0	0	0.46
61400	0.46	0.46	0.46	0	0	0.46
61500	0.46	0.46	0.46	0	0	0.46
61600	0.46	0.46	0.46	0	0	0.46
61700	0.46	0.46	0.46	0	0	0.46
61800	0.46	0.46	0.46	0	0	0.46
61900	0.46	0.46	0.46	0	0	0.46
62000	0.46	0.46	0.46	0	0	0.46
62100	0.46	0.46	0.46	0	0	0.46
62200	0.46	0.46	0.46	0	0	0.46
62300	0.46	0.46	0.46	0	0	0.46
62400	0.46	0.46	0.46	0	0	0.46
62500	0.46	0.46	0.46	0	0	0.46
62600	0.44	0.46	0.46	0	0	0.44
62700	0.44	0.46	0.46	0	0	0.44
62800	0.44	0.46	0.46	0	0	0.44
62900	0.44	0.46	0.46	0	0	0.44
63000	0.44	0.46	0.46	0	0	0.44
63100	0.44	0.46	0.46	0	0	0.44
63200	0.44	0.46	0.46	0	0	0.44
63300	0.44	0.44	0.44	0	0	0.44
63400	0.44	0.44	0.44	0	0	0.44
63500	0.44	0.44	0.44	0	0	0.44
63600	0.44	0.44	0.44	0	0	0.44
63700	0.44	0.44	0.44	0	0	0.44
63800	0.44	0.44	0.44	0	0	0.44
63900	0.44	0.44	0.44	0	0	0.44
64000	0.44	0.44	0.44	0	0	0.44
64100	0.46	0.44	0.44	0	0	0.46
64200	0.46	0.44	0.44	0	0	0.46
64300	0.46	0.44	0.44	0	0	0.46
64400	0.46	0.44	0.44	0	0	0.46
64500	0.46	0.44	0.44	0	0	0.46
64600	0.46	0.44	0.44	0	0	0.46
64700	0.46	0.44	0.44	0	0	0.46
64800	0.46	0.44	0.44	0	0	0.46
64900	0.46	0.44	0.44	0	0	0.46
65000	0.46	0.44	0.44	0	0	0.46
65100	0.46	0.44	0.44	0	0	0.46
65200	0.46	0.44	0.44	0	0	0.46
65300	0.46	0.44	0.44	0	0	0.46
65400	0.46	0.44	0.44	0	0	0.46
65500	0.46	0.44	0.44	0	0	0.46
65600	0.46	0.44	0.44	0	0	0.46
65700	0.46	0.44	0.44	0	0	0.46
65800	0.46	0.44	0.44	0	0	0.46
65900	0.46	0.44	0.44	0	0	0.46
66000	0.46	0.44	0.44	0	0	0.46
66100	0.46	0.44	0.44	0	0	0.46
66200	0.46	0.44	0.44	0	0	0.46
66300	0.46	0.44	0.44	0	0	0.46
66400	0.46	0.44	0.44	0	0	0.46
66500	0.46	0.44	0.44	0	0	0.46
66600	0.46	0.44	0.44	0	0	0.46
66700	0.46	0.44	0.44	0	0	0.46
66800	0.46	0.44	0.44	0	0	0.46
66900	0.46	0.44	0.44	0	0	0.46
67000	0.46	0.44	0.44	0	0	0.46
67100	0.46	0.44	0.44	0	0	0.46
67200	0.46	0.44	0.44	0	0	0.46
67300	0.46	0.44	0.44	0	0	0.46
67400	0.46	0.44	0.44	0	0	0.46
67500	0.46	0.44	0.44	0	0	0.46
67600	0.46	0.44	0.44	0	0	0.46
67700	0.46	0.42	0.42	0	0	0.46
67800	0.46	0.42	0.42	0	0	0.46
67900	0.46	0.42	0.42	0	0	0.46
68000	0.46	0.42	0.42	0	0	0.46
68100	0.46	0.42	0.42	0	0	0.46
68200	0.46	0.42	0.42	0	0	0.46
68300	0.46	0.4	0.4	0	0	0.46
68400	0.46	0.4	0.4	0	0	0.46
68500	0.46	0.4	0.4	0	0	0.46
68600	0.46	0.4	0.4	0	0	0.46
68700	0.46	0.4	0.4	0	0	0.46
68800	0.48	0.4	0.4	0	0	0.48
68900	0.48	0.4	0.4	0	0	0.48
69000	0.48	0.4	0.4	0	0	0.48
69100	0.48	0.4	0.4	0	0	0.48
69200	0.48	0.4	0.4	0	0	0.48
69300	0.48	0.4	0.4	0	0	0.48
69400	0.48	0.4	0.4	0	0	0.48
69500	0.48	0.4	0.4	0	0	0.48
69600	0.48	0.4	0.4	0	0	0.48
69700	0.48	0.4	0.4	0	0	0.48
69800	0.48	0.4	0.4	0	0	0.48
69900	0.48	0.38	0.38	0	0	0.48
70000	0.48	0.38	0.38	0	0	0.48
70100	0.46	0.38	0.38	0	0	0.46
70200	0.46	0.38	0.38	0	0	0.46
70300	0.46	0.38	0.38	0	0	0.46
70400	0.46	0.38	0.38	0	0	0.46
70500	0.46	0.38	0.38	0	0	0.46
70600	0.46	0.38	0.38	0	0	0.46
70700	0.46	0.38	0.38	0	0	0.46
70800	0.46	0.38	0.38	0	0	0.46
70900	0.46	0.38	0.38	0	0	0.46
71000	0.46	0.38	0.38	0	0	0.46
71100	0.46	0.4	0.4	0	0	0.46
71200	0.46	0.4	0.4	0	0	0.46
71300	0.46	0.42	0.42	0	0	0.46
71400	0.46	0.42	0.42	0	0	0.46
71500	0.46	0.42	0.42	0	0	0.46
71600	0.46	0.42	0.42	0	0	0.46
71700	0.46	0.42	0.42	0	0	0.46
71800	0.46	0.42	0.42	0	0	0.46
71900	0.46	0.42	0.42	0	0	0.46
72000	0.44	0.42	0.42	0	0	0.44
72100	0.44	0.42	0.42	0	0	0.44
72200	0.44	0.42	0.42	0	0	0.44
72300	0.44	0.44	0.44	0	0	0.44
72400	0.44	0.44	0.44	0	0	0.44
72500	0.44	0.44	0.44	0	0	0.44
72600	0.44	0.44	0.44	0	0	0.44
72700	0.44	0.44	0.44	0	0	0.44
72800	0.44	0.44	0.44	0	0	0.44
72900	0.44	0.44	0.44	0	0	0.44
73000	0.44	0.44	0.44	0	0	0.44
73100	0.44	0.44	0.44	0	0	0.44
73200	0.44	0.44	0.44	0	0	0.44
73300	0.44	0.44	0.44	0	0	0.44
73400	0.44	0.44	0.44	0	0	0.44
73500	0.44	0.44	0.44	0	0	0.44
73600	0.44	0.44	0.44	0	0	0.44
73700	0.44	0.44	0.44	0	0	0.44
73800	0.44	0.44	0.44	0	0	0.44
73900	0.44	0.42	0.42	0	0	0.44
74000	0.46	0.42	0.42	0	0	0.46
74100	0.46	0.42	0.42	0	0	0.46
74200	0.46	0.42	0.42	0	0	0.46
74300	0.46	0.42	0.42	0	0	0.46
74400	0.46	0.42	0.42	0	0	0.46
74500	0.46	0.42	0.42	0	0	0.46
74600	0.46	0.42	0.42	0	0	0.46
74700	0.46	0.42	0.42	0	0	0.46
74800	0.46	0.42	0.42	0	0	0.46
74900	0.46	0.42	0.42	0	0	0.46
75000	0.46	0.42	0.42	0	0	0.46
75100	0.46	0.42	0.42	0	0	0.46
75200	0.46	0.42	0.42	0	0	0.46
75300	0.46	0.42	0.42	0	0	0.46
75400	0.46	0.42	0.42	0	0	0.46
75500	0.46	0.42	0.42	0	0	0.46
75600	0.46	0.42	0.42	0	0	0.46
75700	0.46	0.42	0.42	0	0	0.46
75800	0.48	0.42	0.42	0	0	0.48
75900	0.5	0.42	0.42	0	0	0.5
76000	0.5	0.42	0.42	0	0	0.5
76100	0.5	0.42	0.42	0	0	0.5
76200	0.5	0.42	0.42	0	0	0.5
76300	0.5	0.44	0.44	0	0	0.5
76400	0.5	0.44	0.44	0	0	0.5
76500	0.5	0.44	0.44	0	0	0.5
76600	0.5	0.44	0.44	0	0	0.5
76700	0.5	0.44	0.44	0	0	0.5
76800	0.5	0.44	0.44	0	0	0.5
76900	0.5	0.44	0.44	0	0	0.5
77000	0.5	0.44	0.44	0	0	0.5
77100	0.5	0.44	0.44	0	0	0.5
77200	0.5	0.44	0.44	0	0	0.5
77300	0.5	0.44	0.44	0	0	0.5
77400	0.5	0.42	0.42	0	0	0.5
77500	0.5	0.42	0.42	0	0	0.5
77600	0.5	0.42	0.42	0	0	0.5
77700	0.5	0.42	0.42	0	0	0.5
77800	0.5	0.42	0.42	0	0	0.5
77900	0.5	0.42	0.42	0	0	0.5
78000	0.5	0.42	0.42	0	0	0.5
78100	0.5	0.42	0.42	0	0	0.5
78200	0.5	0.44	0.44	0	0	0.5
78300	0.5	0.44	0.44	0	0	0.5
78400	0.5	0.44	0.44	0	0	0.5
78500	0.5	0.44	0.44	0	0	0.5
78600	0.5	0.44	0.44	0	0	0.5
78700	0.5	0.44	0.44	0	0	0.5
78800	0.5	0.44	0.44	0	0	0.5
78900	0.5	0.44	0.44	0	0	0.5
79000	0.5	0.44	0.44	0	0	0.5
79100	0.5	0.44	0.44	0	0	0.5
79200	0.5	0.44	0.44	0	0	0.5
79300	0.5	0.44	0.44	0	0	0.5
79400	0.5	0.44	0.44	0	0	0.5
79500	0.5	0.44	0.44	0	0	0.5
79600	0.5	0.44	0.44	0	0	0.5
79700	0.5	0.44	0.44	0	0	0.5
79800	0.5	0.44	0.44	0	0	0.5
79900	0.5	0.44	0.44	0	0	0.5
80000	0.5	0.44	0.44	0	0	0.5
80100	0.5	0.44	0.44	0	0	0.5
80200	0.5	0.44	0.44	0	0	0.5
80300	0.5	0.44	0.44	0	0	0.5
80400	0.5	0.44	0.44	0	0	0.5
80500	0.5	0.44	0.44	0	0	0.5
80600	0.5	0.44	0.44	0	0	0.5
80700	0.5	0.44	0.44	0	0	0.5
80800	0.5	0.44	0.44	0	0	0.5
80900	0.5	0.44	0.44	0	0	0.5
81000	0.5	0.44	0.44	0	0	0.5
81100	0.5	0.44	0.44	0	0	0.5
81200	0.5	0.44	0.44	0	0	0.5
81300	0.5	0.44	0.44	0	0	0.5
81400	0.5	0.44	0.44	0	0	0.5
81500	0.5	0.44	0.44	0	0	0.5
81600	0.5	0.44	0.44	0	0	0.5
81700	0.5	0.44	0.44	0	0	0.5
81800	0.5	0.44	0.44	0	0	0.5
81900	0.5	0.44	0.44	0	0	0.5
82000	0.5	0.44	0.44	0	0	0.5
82100	0.5	0.44	0.44	0	0	0.5
82200	0.5	0.44	0.44	0	0	0.5
82300	0.5	0.44	0.44	0	0	0.5
82400	0.5	0.44	0.44	0	0	0.5
82500	0.5	0.44	0.44	0	0	0.5
82600	0.5	0.44	0.44	0	0	0.5
82700	0.5	0.42	0.42	0	0	0.5
82800	0.5	0.42	0.42	0	0	0.5
82900	0.5	0.42	0.42	0	0	0.5
83000	0.5	0.42	0.42	0	0	0.5
83100	0.5	0.42	0.42	0	0	0.5
83200	0.5	0.42	0.42	0	0	0.5
83300	0.5	0.42	0.42	0	0	0.5
83400	0.5	0.42	0.42	0	0	0.5
83500	0.5	0.42	0.42	0	0	0.5
83600	0.5	0.42	0.42	0	0	0.5
83700	0.5	0.42	0.42	0	0	0.5
83800	0.5	0.42	0.42	0	0	0.5
83900	0.5	0.42	0.42	0	0	0.5
84000	0.5	0.42	0.42	0	0	0.5
84100	0.5	0.4	0.4	0	0	0.5
84200	0.5	0.4	0.4	0	0	0.5
84300	0.5	0.4	0.4	0	0	0.5
84400	0.5	0.4	0.4	0	0	0.5
84500	0.5	0.4	0.4	0	0	0.5
84600	0.5	0.4	0.4	0	0	0.5
84700	0.5	0.4	0.4	0	0	0.5
84800	0.5	0.4	0.4	0	0	0.5
84900	0.5	0.4	0.4	0	0	0.5
85000	0.5	0.4	0.4	0	0	0.5
85100	0.5	0.4	0.4	0	0	0.5
85200	0.5	0.4	0.4	0	0	0.5
85300	0.5	0.4	0.4	0	0	0.5
85400	0.5	0.4	0.4	0	0	0.5
85500	0.5	0.4	0.4	0	0	0.5
85600	0.5	0.4	0.4	0	0	0.5
85700	0.5	0.4	0.4	0	0	0.5
85800	0.5	0.4	0.4	0	0	0.5
85900	0.5	0.4	0.4	0	0	0.5
86000	0.5	0.4	0.4	0	0	0.5
86100	0.5	0.4	0.4	0	0	0.5
86200	0.5	0.4	0.4	0	0	0.5
86300	0.5	0.4	0.4	0	0	0.5
86400	0.5	0.38	0.38	0	0	0.5
86500	0.5	0.38	0.38	0	0	0.5
86600	0.5	0.38	0.38	0	0	0.5
86700	0.5	0.38	0.38	0	0	0.5
86800	0.52	0.38	0.38	0	0	0.52
86900	0.52	0.38	0.38	0	0	0.52
87000	0.52	0.38	0.38	0	0	0.52
87100	0.52	0.38	0.38	0	0	0.52
87200	0.52	0.38	0.38	0	0	0.52
87300	0.52	0.38	0.38	0	0	0.52
87400	0.52	0.38	0.38	0	0	0.52
87500	0.52	0.38	0.38	0	0	0.52
87600	0.52	0.38	0.38	0	0	0.52
87700	0.52	0.38	0.38	0	0	0.52
87800	0.52	0.38	0.38	0	0	0.52
87900	0.52	0.38	0.38	0	0	0.52
88000	0.52	0.38	0.38	0	0	0.52
88100	0.52	0.38	0.38	0	0	0.52
88200	0.52	0.38	0.38	0	0	0.52
88300	0.52	0.38	0.38	0	0	0.52
88400	0.52	0.38	0.38	0	0	0.52
88500	0.52	0.38	0.38	0	0	0.52
88600	0.52	0.38	0.38	0	0	0.52
88700	0.52	0.38	0.38	0	0	0.52
88800	0.52	0.38	0.38	0	0	0.52
88900	0.52	0.38	0.38	0	0	0.52
89000	0.52	0.38	0.38	0	0	0.52
89100	0.52	0.38	0.38	0	0	0.52
89200	0.52	0.38	0.38	0	0	0.52
89300	0.52	0.38	0.38	0	0	0.52
89400	0.52	0.38	0.38	0	0	0.52
89500	0.52	0.38	0.38	0	0	0.52
89600	0.52	0.38	0.38	0	0	0.52
89700	0.52	0.38	0.38	0	0	0.52
89800	0.52	0.38	0.38	0	0	0.52
89900	0.52	0.38	0.38	0	0	0.52
90000	0.52	0.38	0.38	0	0	0.52
90100	0.52	0.38	0.38	0	0	0.52
90200	0.52	0.38	0.38	0	0	0.52
90300	0.52	0.38	0.38	0	0	0.52
90400	0.52	0.38	0.38	0	0	0.52
90500	0.5	0.38	0.38	0	0	0.5
90600	0.5	0.38	0.38	0	0	0.5
90700	0.5	0.38	0.38	0	0	0.5
90800	0.5	0.38	0.38	0	0	0.5
90900	0.5	0.38	0.38	0	0	0.5
91000	0.5	0.38	0.38	0	0	0.5
91100	0.5	0.38	0.38	0	0	0.5
91200	0.5	0.38	0.38	0	0	0.5
91300	0.5	0.38	0.38	0	0	0.5
91400	0.5	0.38	0.38	0	0	0.5
91500	0.48	0.38	0.38	0	0	0.48
91600	0.48	0.38	0.38	0	0	0.48
91700	0.48	0.38	0.38	0	0	0.48
91800	0.48	0.4	0.4	0	0	0.48
91900	0.48	0.4	0.4	0	0	0.48
92000	0.5	0.4	0.4	0	0	0.5
92100	0.48	0.4	0.4	0	0	0.48
92200	0.48	0.4	0.4	0	0	0.48
92300	0.48	0.4	0.4	0	0	0.48
92400	0.48	0.4	0.4	0	0	0.48
92500	0.48	0.4	0.4	0	0	0.48
92600	0.48	0.4	0.4	0	0	0.48
92700	0.48	0.42	0.42	0	0	0.48
92800	0.48	0.42	0.42	0	0	0.48
92900	0.48	0.42	0.42	0	0	0.48
93000	0.48	0.42	0.42	0	0	0.48
93100	0.48	0.42	0.42	0	0	0.48
93200	0.48	0.42	0.42	0	0	0.48
93300	0.48	0.42	0.42	0	0	0.48
93400	0.48	0.42	0.42	0	0	0.48
93500	0.48	0.42	0.42	0	0	0.48
93600	0.48	0.42	0.42	0	0	0.48
93700	0.48	0.44	0.44	0	0	0.48
93800	0.48	0.44	0.44	0	0	0.48
93900	0.48	0.44	0.44	0	0	0.48
94000	0.48	0.42	0.42	0	0	0.48
94100	0.48	0.42	0.42	0	0	0.48
94200	0.5	0.42	0.42	0	0	0.5
94300	0.5	0.42	0.42	0	0	0.5
94400	0.5	0.42	0.42	0	0	0.5
94500	0.52	0.42	0.42	0	0	0.52
94600	0.52	0.42	0.42	0	0	0.52
94700	0.52	0.42	0.42	0	0	0.52
94800	0.52	0.42	0.42	0	0	0.52
94900	0.52	0.42	0.42	0	0	0.52
95000	0.52	0.42	0.42	0	0	0.52
95100	0.52	0.42	0.42	0	0	0.52
95200	0.52	0.42	0.42	0	0	0.52
95300	0.52	0.42	0.42	0	0	0.52
95400	0.52	0.42	0.42	0	0	0.52
95500	0.52	0.42	0.42	0	0	0.52
95600	0.52	0.42	0.42	0	0	0.52
95700	0.52	0.42	0.42	0	0	0.52
95800	0.52	0.42	0.42	0	0	0.52
95900	0.52	0.42	0.42	0	0	0.52
96000	0.52	0.42	0.42	0	0	0.52
96100	0.52	0.42	0.42	0	0	0.52
96200	0.52	0.42	0.42	0	0	0.52
96300	0.52	0.42	0.42	0	0	0.52
96400	0.52	0.42	0.42	0	0	0.52
96500	0.52	0.42	0.42	0	0	0.52
96600	0.52	0.42	0.42	0	0	0.52
96700	0.52	0.42	0.42	0	0	0.52
96800	0.52	0.42	0.42	0	0	0.52
96900	0.52	0.42	0.42	0	0	0.52
97000	0.52	0.42	0.42	0	0	0.52
97100	0.52	0.42	0.42	0	0	0.52
97200	0.52	0.42	0.42	0	0	0.52
97300	0.52	0.42	0.42	0	0	0.52
97400	0.52	0.42	0.42	0	0	0.52
97500	0.52	0.42	0.42	0	0	0.52
97600	0.52	0.42	0.42	0	0	0.52
97700	0.52	0.42	0.42	0	0	0.52
97800	0.52	0.42	0.42	0	0	0.52
97900	0.52	0.42	0.42	0	0	0.52
98000	0.52	0.42	0.42	0	0	0.52
98100	0.52	0.42	0.42	0	0	0.52
98200	0.52	0.42	0.42	0	0	0.52
98300	0.52	0.42	0.42	0	0	0.52
98400	0.52	0.42	0.42	0	0	0.52
98500	0.52	0.42	0.42	0	0	0.52
98600	0.52	0.42	0.42	0	0	0.52
98700	0.52	0.42	0.42	0	0	0.52
98800	0.52	0.42	0.42	0	0	0.52
98900	0.52	0.42	0.42	0	0	0.52
99000	0.52	0.42	0.42	0	0	0.52
99100	0.52	0.42	0.42	0	0	0.52
99200	0.52	0.42	0.42	0	0	0.52
99300	0.52	0.42	0.42	0	0	0.52
99400	0.52	0.42	0.42	0	0	0.52
99500	0.52	0.42	0.42	0	0	0.52
99600	0.52	0.42	0.42	0	0	0.52
99700	0.52	0.42	0.42	0	0	0.52
99800	0.52	0.42	0.42	0	0	0.52
99900	0.52	0.42	0.42	0	0	0.52
100000	0.52	0.42	0.42	0	0	0.52
