100	0.1	0.12	0.12	0	0	0.1
200	0.12	0.12	0.12	0	0	0.12
300	0.18	0.12	0.12	0	0	0.18
400	0.18	0.16	0.16	0	0	0.18
500	0.18	0.16	0.16	0	0	0.18
600	0.18	0.2	0.2	0	0	0.18
700	0.2	0.2	0.2	0	0	0.2
800	0.2	0.22	0.22	0	0	0.2
900	0.18	0.22	0.22	0	0	0.18
1000	0.22	0.22	0.22	0	0	0.22
1100	0.24	0.26	0.26	0	0	0.24
1200	0.26	0.26	0.26	0	0	0.26
1300	0.26	0.26	0.26	0	0	0.26
1400	0.28	0.28	0.28	0	0	0.28
1500	0.28	0.28	0.28	0	0	0.28
1600	0.3	0.28	0.28	0	0	0.3
1700	0.32	0.28	0.28	0	0	0.32
1800	0.32	0.28	0.28	0	0	0.32
1900	0.3	0.28	0.28	0	0	0.3
2000	0.3	0.28	0.28	0	0	0.3
2100	0.3	0.28	0.28	0	0	0.3
2200	0.3	0.28	0.28	0	0	0.3
2300	0.3	0.28	0.28	0	0	0.3
2400	0.3	0.28	0.28	0	0	0.3
2500	0.3	0.28	0.28	0	0	0.3
2600	0.3	0.28	0.28	0	0	0.3
2700	0.3	0.3	0.3	0	0	0.3
2800	0.32	0.32	0.32	0	0	0.32
2900	0.32	0.32	0.32	0	0	0.32
3000	0.32	0.32	0.32	0	0	0.32
3100	0.36	0.32	0.32	0	0	0.36
3200	0.36	0.34	0.34	0	0	0.36
3300	0.36	0.34	0.34	0	0	0.36
3400	0.38	0.34	0.34	0	0	0.38
3500	0.36	0.34	0.34	0	0	0.36
3600	0.38	0.34	0.34	0	0	0.38
3700	0.38	0.34	0.34	0	0	0.38
3800	0.38	0.36	0.36	0	0	0.38
3900	0.38	0.34	0.34	0	0	0.38
4000	0.38	0.36	0.36	0	0	0.38
4100	0.4	0.36	0.36	0	0	0.4
4200	0.4	0.36	0.36	0	0	0.4
4300	0.42	0.36	0.36	0	0	0.42
4400	0.42	0.36	0.36	0	0	0.42
4500	0.42	0.36	0.36	0	0	0.42
4600	0.42	0.36	0.36	0	0	0.42
4700	0.42	0.36	0.36	0	0	0.42
4800	0.42	0.36	0.36	0	0	0.42
4900	0.42	0.36	0.36	0	0	0.42
5000	0.44	0.34	0.34	0	0	0.44
5100	0.44	0.36	0.36	0	0	0.44
5200	0.44	0.36	0.36	0	0	0.44
5300	0.44	0.36	0.36	0	0	0.44
5400	0.42	0.36	0.36	0	0	0.42
5500	0.42	0.36	0.36	0	0	0.42
5600	0.42	0.36	0.36	0	0	0.42
5700	0.4	0.36	0.36	0	0	0.4
5800	0.4	0.36	0.36	0	0	0.4
5900	0.4	0.38	0.38	0	0	0.4
6000	0.4	0.38	0.38	0	0	0.4
6100	0.4	0.38	0.38	0	0	0.4
6200	0.4	0.38	0.38	0	0	0.4
6300	0.42	0.4	0.4	0	0	0.42
6400	0.42	0.4	0.4	0	0	0.42
6500	0.42	0.42	0.42	0	0	0.42
6600	0.42	0.42	0.42	0	0	0.42
6700	0.42	0.42	0.42	0	0	0.42
6800	0.42	0.44	0.44	0	0	0.42
6900	0.42	0.42	0.42	0	0	0.42
7000	0.42	0.42	0.42	0	0	0.42
7100	0.42	0.42	0.42	0	0	0.42
7200	0.42	0.42	0.42	0	0	0.42
7300	0.42	0.4	0.4	0	0	0.42
7400	0.42	0.4	0.4	0	0	0.42
7500	0.42	0.4	0.4	0	0	0.42
7600	0.42	0.4	0.4	0	0	0.42
7700	0.4	0.4	0.4	0	0	0.4
7800	0.4	0.4	0.4	0	0	0.4
7900	0.4	0.4	0.4	0	0	0.4
8000	0.42	0.4	0.4	0	0	0.42
8100	0.42	0.4	0.4	0	0	0.42
8200	0.42	0.4	0.4	0	0	0.42
8300	0.42	0.4	0.4	0	0	0.42
8400	0.42	0.4	0.4	0	0	0.42
8500	0.42	0.38	0.38	0	0	0.42
8600	0.42	0.36	0.36	0	0	0.42
8700	0.42	0.36	0.36	0	0	0.42
8800	0.42	0.38	0.38	0	0	0.42
8900	0.42	0.38	0.38	0	0	0.42
9000	0.42	0.38	0.38	0	0	0.42
9100	0.42	0.4	0.4	0	0	0.42
9200	0.42	0.4	0.4	0	0	0.42
9300	0.42	0.4	0.4	0	0	0.42
9400	0.42	0.4	0.4	0	0	0.42
9500	0.42	0.42	0.42	0	0	0.42
9600	0.42	0.4	0.4	0	0	0.42
9700	0.42	0.4	0.4	0	0	0.42
9800	0.42	0.38	0.38	0	0	0.42
9900	0.42	0.38	0.38	0	0	0.42
10000	0.42	0.38	0.38	0	0	0.42
10100	0.42	0.38	0.38	0	0	0.42
10200	0.42	0.38	0.38	0	0	0.42
10300	0.42	0.38	0.38	0	0	0.42
10400	0.42	0.38	0.38	0	0	0.42
10500	0.42	0.38	0.38	0	0	0.42
10600	0.42	0.38	0.38	0	0	0.42
10700	0.42	0.38	0.38	0	0	0.42
10800	0.44	0.38	0.38	0	0	0.44
10900	0.44	0.38	0.38	0	0	0.44
11000	0.44	0.38	0.38	0	0	0.44
11100	0.44	0.38	0.38	0	0	0.44
11200	0.44	0.38	0.38	0	0	0.44
11300	0.44	0.38	0.38	0	0	0.44
11400	0.44	0.38	0.38	0	0	0.44
11500	0.44	0.38	0.38	0	0	0.44
11600	0.44	0.36	0.36	0	0	0.44
11700	0.44	0.36	0.36	0	0	0.44
11800	0.44	0.36	0.36	0	0	0.44
11900	0.44	0.36	0.36	0	0	0.44
12000	0.44	0.38	0.38	0	0	0.44
12100	0.44	0.38	0.38	0	0	0.44
12200	0.44	0.38	0.38	0	0	0.44
12300	0.44	0.38	0.38	0	0	0.44
12400	0.44	0.38	0.38	0	0	0.44
12500	0.46	0.38	0.38	0	0	0.46
12600	0.46	0.42	0.42	0	0	0.46
12700	0.46	0.42	0.42	0	0	0.46
12800	0.46	0.42	0.42	0	0	0.46
12900	0.46	0.42	0.42	0	0	0.46
13000	0.46	0.42	0.42	0	0	0.46
13100	0.46	0.42	0.42	0	0	0.46
13200	0.46	0.42	0.42	0	0	0.46
13300	0.46	0.42	0.42	0	0	0.46
13400	0.46	0.42	0.42	0	0	0.46
13500	0.46	0.42	0.42	0	0	0.46
13600	0.46	0.42	0.42	0	0	0.46
13700	0.46	0.42	0.42	0	0	0.46
13800	0.42	0.42	0.42	0	0	0.42
13900	0.4	0.42	0.42	0	0	0.4
14000	0.4	0.42	0.42	0	0	0.4
14100	0.4	0.42	0.42	0	0	0.4
14200	0.4	0.42	0.42	0	0	0.4
14300	0.4	0.42	0.42	0	0	0.4
14400	0.4	0.42	0.42	0	0	0.4
14500	0.4	0.42	0.42	0	0	0.4
14600	0.4	0.42	0.42	0	0	0.4
14700	0.4	0.42	0.42	0	0	0.4
14800	0.4	0.42	0.42	0	0	0.4
14900	0.4	0.42	0.42	0	0	0.4
15000	0.4	0.42	0.42	0	0	0.4
15100	0.4	0.42	0.42	0	0	0.4
15200	0.4	0.42	0.42	0	0	0.4
15300	0.4	0.42	0.42	0	0	0.4
15400	0.4	0.42	0.42	0	0	0.4
15500	0.4	0.42	0.42	0	0	0.4
15600	0.4	0.42	0.42	0	0	0.4
15700	0.4	0.4	0.4	0	0	0.4
15800	0.4	0.42	0.42	0	0	0.4
15900	0.4	0.42	0.42	0	0	0.4
16000	0.4	0.42	0.42	0	0	0.4
16100	0.42	0.42	0.42	0	0	0.42
16200	0.42	0.42	0.42	0	0	0.42
16300	0.42	0.42	0.42	0	0	0.42
16400	0.42	0.42	0.42	0	0	0.42
16500	0.42	0.42	0.42	0	0	0.42
16600	0.42	0.42	0.42	0	0	0.42
16700	0.42	0.42	0.42	0	0	0.42
16800	0.42	0.42	0.42	0	0	0.42
16900	0.42	0.42	0.42	0	0	0.42
17000	0.42	0.44	0.44	0	0	0.42
17100	0.42	0.44	0.44	0	0	0.42
17200	0.42	0.44	0.44	0	0	0.42
17300	0.42	0.44	0.44	0	0	0.42
17400	0.44	0.44	0.44	0	0	0.44
17500	0.44	0.44	0.44	0	0	0.44
17600	0.44	0.44	0.44	0	0	0.44
17700	0.44	0.44	0.44	0	0	0.44
17800	0.44	0.44	0.44	0	0	0.44
17900	0.44	0.44	0.44	0	0	0.44
18000	0.44	0.44	0.44	0	0	0.44
18100	0.44	0.44	0.44	0	0	0.44
18200	0.44	0.44	0.44	0	0	0.44
18300	0.44	0.44	0.44	0	0	0.44
18400	0.44	0.44	0.44	0	0	0.44
18500	0.44	0.44	0.44	0	0	0.44
18600	0.42	0.44	0.44	0	0	0.42
18700	0.42	0.44	0.44	0	0	0.42
18800	0.42	0.44	0.44	0	0	0.42
18900	0.42	0.44	0.44	0	0	0.42
19000	0.42	0.46	0.46	0	0	0.42
19100	0.42	0.46	0.46	0	0	0.42
19200	0.42	0.46	0.46	0	0	0.42
19300	0.42	0.46	0.46	0	0	0.42
19400	0.42	0.46	0.46	0	0	0.42
19500	0.42	0.46	0.46	0	0	0.42
19600	0.44	0.46	0.46	0	0	0.44
19700	0.42	0.46	0.46	0	0	0.42
19800	0.42	0.46	0.46	0	0	0.42
19900	0.42	0.46	0.46	0	0	0.42
20000	0.42	0.46	0.46	0	0	0.42
20100	0.42	0.46	0.46	0	0	0.42
20200	0.42	0.46	0.46	0	0	0.42
20300	0.42	0.46	0.46	0	0	0.42
20400	0.44	0.46	0.46	0	0	0.44
20500	0.44	0.46	0.46	0	0	0.44
20600	0.44	0.46	0.46	0	0	0.44
20700	0.44	0.46	0.46	0	0	0.44
20800	0.44	0.46	0.46	0	0	0.44
20900	0.44	0.46	0.46	0	0	0.44
21000	0.44	0.46	0.46	0	0	0.44
21100	0.44	0.46	0.46	0	0	0.44
21200	0.44	0.46	0.46	0	0	0.44
21300	0.44	0.46	0.46	0	0	0.44
21400	0.44	0.46	0.46	0	0	0.44
21500	0.44	0.46	0.46	0	0	0.44
21600	0.44	0.46	0.46	0	0	0.44
21700	0.44	0.46	0.46	0	0	0.44
21800	0.44	0.46	0.46	0	0	0.44
21900	0.44	0.46	0.46	0	0	0.44
22000	0.44	0.46	0.46	0	0	0.44
22100	0.44	0.46	0.46	0	0	0.44
22200	0.44	0.46	0.46	0	0	0.44
22300	0.44	0.46	0.46	0	0	0.44
22400	0.44	0.46	0.46	0	0	0.44
22500	0.44	0.46	0.46	0	0	0.44
22600	0.44	0.46	0.46	0	0	0.44
22700	0.44	0.46	0.46	0	0	0.44
22800	0.44	0.46	0.46	0	0	0.44
22900	0.44	0.46	0.46	0	0	0.44
23000	0.44	0.44	0.44	0	0	0.44
23100	0.44	0.44	0.44	0	0	0.44
23200	0.44	0.44	0.44	0	0	0.44
23300	0.44	0.44	0.44	0	0	0.44
23400	0.44	0.44	0.44	0	0	0.44
23500	0.44	0.44	0.44	0	0	0.44
23600	0.44	0.44	0.44	0	0	0.44
23700	0.44	0.44	0.44	0	0	0.44
23800	0.44	0.44	0.44	0	0	0.44
23900	0.44	0.44	0.44	0	0	0.44
24000	0.44	0.44	0.44	0	0	0.44
24100	0.44	0.44	0.44	0	0	0.44
24200	0.44	0.44	0.44	0	0	0.44
24300	0.44	0.44	0.44	0	0	0.44
24400	0.44	0.44	0.44	0	0	0.44
24500	0.44	0.44	0.44	0	0	0.44
24600	0.44	0.44	0.44	0	0	0.44
24700	0.44	0.44	0.44	0	0	0.44
24800	0.44	0.44	0.44	0	0	0.44
24900	0.44	0.44	0.44	0	0	0.44
25000	0.44	0.44	0.44	0	0	0.44
25100	0.44	0.44	0.44	0	0	0.44
25200	0.44	0.44	0.44	0	0	0.44
25300	0.44	0.44	0.44	0	0	0.44
25400	0.44	0.44	0.44	0	0	0.44
25500	0.44	0.44	0.44	0	0	0.44
25600	0.44	0.44	0.44	0	0	0.44
25700	0.44	0.44	0.44	0	0	0.44
25800	0.44	0.44	0.44	0	0	0.44
25900	0.44	0.44	0.44	0	0	0.44
26000	0.44	0.44	0.44	0	0	0.44
26100	0.44	0.44	0.44	0	0	0.44
26200	0.44	0.44	0.44	0	0	0.44
26300	0.44	0.44	0.44	0	0	0.44
26400	0.44	0.44	0.44	0	0	0.44
26500	0.44	0.44	0.44	0	0	0.44
26600	0.44	0.44	0.44	0	0	0.44
26700	0.44	0.44	0.44	0	0	0.44
26800	0.46	0.44	0.44	0	0	0.46
26900	0.46	0.44	0.44	0	0	0.46
27000	0.46	0.42	0.42	0	0	0.46
27100	0.46	0.42	0.42	0	0	0.46
27200	0.46	0.42	0.42	0	0	0.46
27300	0.46	0.42	0.42	0	0	0.46
27400	0.46	0.42	0.42	0	0	0.46
27500	0.46	0.42	0.42	0	0	0.46
27600	0.46	0.42	0.42	0	0	0.46
27700	0.46	0.42	0.42	0	0	0.46
27800	0.46	0.42	0.42	0	0	0.46
27900	0.46	0.42	0.42	0	0	0.46
28000	0.46	0.42	0.42	0	0	0.46
28100	0.46	0.42	0.42	0	0	0.46
28200	0.46	0.42	0.42	0	0	0.46
28300	0.46	0.42	0.42	0	0	0.46
28400	0.46	0.42	0.42	0	0	0.46
28500	0.46	0.42	0.42	0	0	0.46
28600	0.46	0.42	0.42	0	0	0.46
28700	0.46	0.42	0.42	0	0	0.46
28800	0.44	0.42	0.42	0	0	0.44
28900	0.44	0.42	0.42	0	0	0.44
29000	0.44	0.44	0.44	0	0	0.44
29100	0.44	0.44	0.44	0	0	0.44
29200	0.44	0.44	0.44	0	0	0.44
29300	0.44	0.44	0.44	0	0	0.44
29400	0.44	0.44	0.44	0	0	0.44
29500	0.44	0.44	0.44	0	0	0.44
29600	0.44	0.44	0.44	0	0	0.44
29700	0.44	0.44	0.44	0	0	0.44
29800	0.44	0.44	0.44	0	0	0.44
29900	0.44	0.44	0.44	0	0	0.44
30000	0.44	0.44	0.44	0	0	0.44
30100	0.44	0.46	0.46	0	0	0.44
30200	0.44	0.46	0.46	0	0	0.44
30300	0.44	0.46	0.46	0	0	0.44
30400	0.44	0.46	0.46	0	0	0.44
30500	0.44	0.46	0.46	0	0	0.44
30600	0.44	0.46	0.46	0	0	0.44
30700	0.44	0.44	0.44	0	0	0.44
30800	0.44	0.44	0.44	0	0	0.44
30900	0.44	0.44	0.44	0	0	0.44
31000	0.44	0.44	0.44	0	0	0.44
31100	0.44	0.44	0.44	0	0	0.44
31200	0.44	0.44	0.44	0	0	0.44
31300	0.44	0.44	0.44	0	0	0.44
31400	0.44	0.44	0.44	0	0	0.44
31500	0.44	0.44	0.44	0	0	0.44
31600	0.44	0.44	0.44	0	0	0.44
31700	0.44	0.44	0.44	0	0	0.44
31800	0.44	0.44	0.44	0	0	0.44
31900	0.44	0.44	0.44	0	0	0.44
32000	0.44	0.44	0.44	0	0	0.44
32100	0.44	0.44	0.44	0	0	0.44
32200	0.44	0.44	0.44	0	0	0.44
32300	0.44	0.44	0.44	0	0	0.44
32400	0.44	0.44	0.44	0	0	0.44
32500	0.44	0.44	0.44	0	0	0.44
32600	0.44	0.44	0.44	0	0	0.44
32700	0.44	0.44	0.44	0	0	0.44
32800	0.44	0.44	0.44	0	0	0.44
32900	0.44	0.44	0.44	0	0	0.44
33000	0.44	0.44	0.44	0	0	0.44
33100	0.44	0.44	0.44	0	0	0.44
33200	0.44	0.44	0.44	0	0	0.44
33300	0.44	0.44	0.44	0	0	0.44
33400	0.44	0.44	0.44	0	0	0.44
33500	0.44	0.44	0.44	0	0	0.44
33600	0.44	0.44	0.44	0	0	0.44
33700	0.44	0.44	0.44	0	0	0.44
33800	0.44	0.44	0.44	0	0	0.44
33900	0.44	0.44	0.44	0	0	0.44
34000	0.44	0.44	0.44	0	0	0.44
34100	0.44	0.44	0.44	0	0	0.44
34200	0.44	0.44	0.44	0	0	0.44
34300	0.44	0.44	0.44	0	0	0.44
34400	0.44	0.44	0.44	0	0	0.44
34500	0.44	0.44	0.44	0	0	0.44
34600	0.44	0.44	0.44	0	0	0.44
34700	0.44	0.44	0.44	0	0	0.44
34800	0.44	0.44	0.44	0	0	0.44
34900	0.44	0.42	0.42	0	0	0.44
35000	0.44	0.42	0.42	0	0	0.44
35100	0.44	0.42	0.42	0	0	0.44
35200	0.42	0.42	0.42	0	0	0.42
35300	0.42	0.42	0.42	0	0	0.42
35400	0.44	0.42	0.42	0	0	0.44
35500	0.44	0.42	0.42	0	0	0.44
35600	0.44	0.42	0.42	0	0	0.44
35700	0.44	0.42	0.42	0	0	0.44
35800	0.44	0.42	0.42	0	0	0.44
35900	0.44	0.42	0.42	0	0	0.44
36000	0.42	0.42	0.42	0	0	0.42
36100	0.42	0.42	0.42	0	0	0.42
36200	0.42	0.42	0.42	0	0	0.42
36300	0.4	0.42	0.42	0	0	0.4
36400	0.4	0.42	0.42	0	0	0.4
36500	0.4	0.42	0.42	0	0	0.4
36600	0.4	0.46	0.46	0	0	0.4
36700	0.4	0.44	0.44	0	0	0.4
36800	0.4	0.46	0.46	0	0	0.4
36900	0.4	0.48	0.48	0	0	0.4
37000	0.42	0.48	0.48	0	0	0.42
37100	0.42	0.48	0.48	0	0	0.42
37200	0.4	0.48	0.48	0	0	0.4
37300	0.4	0.48	0.48	0	0	0.4
37400	0.38	0.48	0.48	0	0	0.38
37500	0.38	0.5	0.5	0	0	0.38
37600	0.38	0.5	0.5	0	0	0.38
37700	0.38	0.5	0.5	0	0	0.38
37800	0.38	0.5	0.5	0	0	0.38
37900	0.38	0.5	0.5	0	0	0.38
38000	0.4	0.5	0.5	0	0	0.4
38100	0.4	0.5	0.5	0	0	0.4
38200	0.4	0.5	0.5	0	0	0.4
38300	0.4	0.48	0.48	0	0	0.4
38400	0.4	0.48	0.48	0	0	0.4
38500	0.4	0.48	0.48	0	0	0.4
38600	0.4	0.48	0.48	0	0	0.4
38700	0.4	0.48	0.48	0	0	0.4
38800	0.4	0.46	0.46	0	0	0.4
38900	0.4	0.46	0.46	0	0	0.4
39000	0.4	0.46	0.46	0	0	0.4
39100	0.4	0.46	0.46	0	0	0.4
39200	0.4	0.46	0.46	0	0	0.4
39300	0.4	0.46	0.46	0	0	0.4
39400	0.4	0.44	0.44	0	0	0.4
39500	0.4	0.44	0.44	0	0	0.4
39600	0.4	0.44	0.44	0	0	0.4
39700	0.4	0.44	0.44	0	0	0.4
39800	0.4	0.44	0.44	0	0	0.4
39900	0.4	0.42	0.42	0	0	0.4
40000	0.4	0.42	0.42	0	0	0.4
40100	0.4	0.44	0.44	0	0	0.4
40200	0.4	0.46	0.46	0	0	0.4
40300	0.4	0.48	0.48	0	0	0.4
40400	0.4	0.48	0.48	0	0	0.4
40500	0.4	0.48	0.48	0	0	0.4
40600	0.4	0.48	0.48	0	0	0.4
40700	0.4	0.48	0.48	0	0	0.4
40800	0.4	0.48	0.48	0	0	0.4
40900	0.4	0.48	0.48	0	0	0.4
41000	0.4	0.48	0.48	0	0	0.4
41100	0.4	0.48	0.48	0	0	0.4
41200	0.4	0.48	0.48	0	0	0.4
41300	0.4	0.48	0.48	0	0	0.4
41400	0.4	0.48	0.48	0	0	0.4
41500	0.4	0.48	0.48	0	0	0.4
41600	0.4	0.5	0.5	0	0	0.4
41700	0.4	0.5	0.5	0	0	0.4
41800	0.4	0.5	0.5	0	0	0.4
41900	0.42	0.5	0.5	0	0	0.42
42000	0.42	0.52	0.52	0	0	0.42
42100	0.42	0.52	0.52	0	0	0.42
42200	0.42	0.5	0.5	0	0	0.42
42300	0.42	0.5	0.5	0	0	0.42
42400	0.42	0.5	0.5	0	0	0.42
42500	0.42	0.5	0.5	0	0	0.42
42600	0.4	0.5	0.5	0	0	0.4
42700	0.4	0.5	0.5	0	0	0.4
42800	0.4	0.5	0.5	0	0	0.4
42900	0.4	0.5	0.5	0	0	0.4
43000	0.4	0.5	0.5	0	0	0.4
43100	0.4	0.5	0.5	0	0	0.4
43200	0.38	0.5	0.5	0	0	0.38
43300	0.38	0.5	0.5	0	0	0.38
43400	0.38	0.5	0.5	0	0	0.38
43500	0.38	0.48	0.48	0	0	0.38
43600	0.38	0.48	0.48	0	0	0.38
43700	0.38	0.48	0.48	0	0	0.38
43800	0.38	0.48	0.48	0	0	0.38
43900	0.38	0.48	0.48	0	0	0.38
44000	0.38	0.48	0.48	0	0	0.38
44100	0.4	0.48	0.48	0	0	0.4
44200	0.4	0.48	0.48	0	0	0.4
44300	0.4	0.48	0.48	0	0	0.4
44400	0.4	0.46	0.46	0	0	0.4
44500	0.38	0.46	0.46	0	0	0.38
44600	0.38	0.46	0.46	0	0	0.38
44700	0.38	0.46	0.46	0	0	0.38
44800	0.38	0.46	0.46	0	0	0.38
44900	0.38	0.46	0.46	0	0	0.38
45000	0.38	0.46	0.46	0	0	0.38
45100	0.38	0.44	0.44	0	0	0.38
45200	0.38	0.44	0.44	0	0	0.38
45300	0.38	0.44	0.44	0	0	0.38
45400	0.38	0.42	0.42	0	0	0.38
45500	0.38	0.42	0.42	0	0	0.38
45600	0.38	0.42	0.42	0	0	0.38
45700	0.38	0.42	0.42	0	0	0.38
45800	0.38	0.4	0.4	0	0	0.38
45900	0.38	0.4	0.4	0	0	0.38
46000	0.38	0.4	0.4	0	0	0.38
46100	0.38	0.4	0.4	0	0	0.38
46200	0.38	0.4	0.4	0	0	0.38
46300	0.38	0.4	0.4	0	0	0.38
46400	0.38	0.4	0.4	0	0	0.38
46500	0.38	0.4	0.4	0	0	0.38
46600	0.38	0.4	0.4	0	0	0.38
46700	0.38	0.4	0.4	0	0	0.38
46800	0.38	0.42	0.42	0	0	0.38
46900	0.38	0.44	0.44	0	0	0.38
47000	0.38	0.44	0.44	0	0	0.38
47100	0.38	0.46	0.46	0	0	0.38
47200	0.38	0.48	0.48	0	0	0.38
47300	0.38	0.48	0.48	0	0	0.38
47400	0.38	0.48	0.48	0	0	0.38
47500	0.38	0.5	0.5	0	0	0.38
47600	0.4	0.5	0.5	0	0	0.4
47700	0.4	0.52	0.52	0	0	0.4
47800	0.4	0.52	0.52	0	0	0.4
47900	0.38	0.52	0.52	0	0	0.38
48000	0.38	0.52	0.52	0	0	0.38
48100	0.38	0.52	0.52	0	0	0.38
48200	0.38	0.52	0.52	0	0	0.38
48300	0.38	0.52	0.52	0	0	0.38
48400	0.38	0.52	0.52	0	0	0.38
48500	0.38	0.52	0.52	0	0	0.38
48600	0.38	0.52	0.52	0	0	0.38
48700	0.38	0.52	0.52	0	0	0.38
48800	0.38	0.52	0.52	0	0	0.38
48900	0.38	0.52	0.52	0	0	0.38
49000	0.38	0.52	0.52	0	0	0.38
49100	0.38	0.52	0.52	0	0	0.38
49200	0.38	0.52	0.52	0	0	0.38
49300	0.38	0.52	0.52	0	0	0.38
49400	0.38	0.52	0.52	0	0	0.38
49500	0.38	0.52	0.52	0	0	0.38
49600	0.38	0.52	0.52	0	0	0.38
49700	0.38	0.52	0.52	0	0	0.38
49800	0.38	0.5	0.5	0	0	0.38
49900	0.36	0.5	0.5	0	0	0.36
50000	0.36	0.5	0.5	0	0	0.36
50100	0.36	0.5	0.5	0	0	0.36
50200	0.36	0.5	0.5	0	0	0.36
50300	0.36	0.5	0.5	0	0	0.36
50400	0.36	0.5	0.5	0	0	0.36
50500	0.36	0.5	0.5	0	0	0.36
50600	0.36	0.5	0.5	0	0	0.36
50700	0.36	0.5	0.5	0	0	0.36
50800	0.36	0.52	0.52	0	0	0.36
50900	0.36	0.52	0.52	0	0	0.36
51000	0.36	0.52	0.52	0	0	0.36
51100	0.36	0.52	0.52	0	0	0.36
51200	0.36	0.52	0.52	0	0	0.36
51300	0.36	0.52	0.52	0	0	0.36
51400	0.36	0.52	0.52	0	0	0.36
51500	0.36	0.52	0.52	0	0	0.36
51600	0.36	0.52	0.52	0	0	0.36
51700	0.36	0.52	0.52	0	0	0.36
51800	0.36	0.52	0.52	0	0	0.36
51900	0.36	0.52	0.52	0	0	0.36
52000	0.36	0.52	0.52	0	0	0.36
52100	0.36	0.52	0.52	0	0	0.36
52200	0.36	0.5	0.5	0	0	0.36
52300	0.36	0.5	0.5	0	0	0.36
52400	0.36	0.5	0.5	0	0	0.36
52500	0.36	0.5	0.5	0	0	0.36
52600	0.36	0.5	0.5	0	0	0.36
52700	0.38	0.5	0.5	0	0	0.38
52800	0.38	0.5	0.5	0	0	0.38
52900	0.38	0.5	0.5	0	0	0.38
53000	0.38	0.5	0.5	0	0	0.38
53100	0.38	0.5	0.5	0	0	0.38
53200	0.38	0.5	0.5	0	0	0.38
53300	0.38	0.5	0.5	0	0	0.38
53400	0.38	0.5	0.5	0	0	0.38
53500	0.38	0.48	0.48	0	0	0.38
53600	0.38	0.48	0.48	0	0	0.38
53700	0.38	0.48	0.48	0	0	0.38
53800	0.38	0.48	0.48	0	0	0.38
53900	0.38	0.48	0.48	0	0	0.38
54000	0.38	0.48	0.48	0	0	0.38
54100	0.38	0.48	0.48	0	0	0.38
54200	0.38	0.48	0.48	0	0	0.38
54300	0.38	0.48	0.48	0	0	0.38
54400	0.38	0.48	0.48	0	0	0.38
54500	0.38	0.48	0.48	0	0	0.38
54600	0.38	0.48	0.48	0	0	0.38
54700	0.38	0.48	0.48	0	0	0.38
54800	0.38	0.48	0.48	0	0	0.38
54900	0.36	0.5	0.5	0	0	0.36
55000	0.36	0.5	0.5	0	0	0.36
55100	0.36	0.5	0.5	0	0	0.36
55200	0.38	0.52	0.52	0	0	0.38
55300	0.38	0.52	0.52	0	0	0.38
55400	0.38	0.52	0.52	0	0	0.38
55500	0.38	0.52	0.52	0	0	0.38
55600	0.38	0.52	0.52	0	0	0.38
55700	0.38	0.52	0.52	0	0	0.38
55800	0.38	0.52	0.52	0	0	0.38
55900	0.4	0.52	0.52	0	0	0.4
56000	0.4	0.52	0.52	0	0	0.4
56100	0.4	0.52	0.52	0	0	0.4
56200	0.4	0.52	0.52	0	0	0.4
56300	0.38	0.52	0.52	0	0	0.38
56400	0.38	0.52	0.52	0	0	0.38
56500	0.38	0.52	0.52	0	0	0.38
56600	0.38	0.52	0.52	0	0	0.38
56700	0.38	0.52	0.52	0	0	0.38
56800	0.38	0.52	0.52	0	0	0.38
56900	0.36	0.52	0.52	0	0	0.36
57000	0.36	0.52	0.52	0	0	0.36
57100	0.36	0.52	0.52	0	0	0.36
57200	0.36	0.52	0.52	0	0	0.36
57300	0.36	0.52	0.52	0	0	0.36
57400	0.36	0.52	0.52	0	0	0.36
57500	0.36	0.52	0.52	0	0	0.36
57600	0.36	0.52	0.52	0	0	0.36
57700	0.36	0.52	0.52	0	0	0.36
57800	0.34	0.52	0.52	0	0	0.34
57900	0.34	0.52	0.52	0	0	0.34
58000	0.36	0.52	0.52	0	0	0.36
58100	0.36	0.52	0.52	0	0	0.36
58200	0.36	0.52	0.52	0	0	0.36
58300	0.36	0.52	0.52	0	0	0.36
58400	0.36	0.52	0.52	0	0	0.36
58500	0.36	0.52	0.52	0	0	0.36
58600	0.36	0.52	0.52	0	0	0.36
58700	0.36	0.52	0.52	0	0	0.36
58800	0.36	0.52	0.52	0	0	0.36
58900	0.36	0.52	0.52	0	0	0.36
59000	0.36	0.52	0.52	0	0	0.36
59100	0.36	0.52	0.52	0	0	0.36
59200	0.36	0.5	0.5	0	0	0.36
59300	0.36	0.5	0.5	0	0	0.36
59400	0.36	0.5	0.5	0	0	0.36
59500	0.36	0.5	0.5	0	0	0.36
59600	0.36	0.5	0.5	0	0	0.36
59700	0.36	0.5	0.5	0	0	0.36
59800	0.36	0.5	0.5	0	0	0.36
59900	0.36	0.5	0.5	0	0	0.36
60000	0.36	0.5	0.5	0	0	0.36
60100	0.36	0.5	0.5	0	0	0.36
60200	0.36	0.5	0.5	0	0	0.36
60300	0.36	0.5	0.5	0	0	0.36
60400	0.36	0.5	0.5	0	0	0.36
60500	0.36	0.5	0.5	0	0	0.36
60600	0.36	0.5	0.5	0	0	0.36
60700	0.36	0.5	0.5	0	0	0.36
60800	0.36	0.5	0.5	0	0	0.36
60900	0.36	0.5	0.5	0	0	0.36
61000	0.36	0.5	0.5	0	0	0.36
61100	0.36	0.5	0.5	0	0	0.36
61200	0.36	0.5	0.5	0	0	0.36
61300	0.36	0.5	0.5	0	0	0.36
61400	0.36	0.5	0.5	0	0	0.36
61500	0.36	0.5	0.5	0	0	0.36
61600	0.36	0.5	0.5	0	0	0.36
61700	0.36	0.52	0.52	0	0	0.36
61800	0.36	0.52	0.52	0	0	0.36
61900	0.36	0.52	0.52	0	0	0.36
62000	0.36	0.52	0.52	0	0	0.36
62100	0.36	0.52	0.52	0	0	0.36
62200	0.36	0.52	0.52	0	0	0.36
62300	0.36	0.54	0.54	0	0	0.36
62400	0.36	0.54	0.54	0	0	0.36
62500	0.36	0.54	0.54	0	0	0.36
62600	0.36	0.54	0.54	0	0	0.36
62700	0.36	0.54	0.54	0	0	0.36
62800	0.36	0.54	0.54	0	0	0.36
62900	0.38	0.54	0.54	0	0	0.38
63000	0.38	0.54	0.54	0	0	0.38
63100	0.38	0.54	0.54	0	0	0.38
63200	0.38	0.54	0.54	0	0	0.38
63300	0.4	0.54	0.54	0	0	0.4
63400	0.4	0.54	0.54	0	0	0.4
63500	0.42	0.54	0.54	0	0	0.42
63600	0.42	0.54	0.54	0	0	0.42
63700	0.42	0.54	0.54	0	0	0.42
63800	0.42	0.54	0.54	0	0	0.42
63900	0.42	0.54	0.54	0	0	0.42
64000	0.42	0.54	0.54	0	0	0.42
64100	0.42	0.54	0.54	0	0	0.42
64200	0.42	0.54	0.54	0	0	0.42
64300	0.42	0.54	0.54	0	0	0.42
64400	0.42	0.54	0.54	0	0	0.42
64500	0.42	0.54	0.54	0	0	0.42
64600	0.42	0.54	0.54	0	0	0.42
64700	0.42	0.54	0.54	0	0	0.42
64800	0.42	0.54	0.54	0	0	0.42
64900	0.42	0.54	0.54	0	0	0.42
65000	0.42	0.54	0.54	0	0	0.42
65100	0.42	0.54	0.54	0	0	0.42
65200	0.42	0.54	0.54	0	0	0.42
65300	0.42	0.54	0.54	0	0	0.42
65400	0.42	0.52	0.52	0	0	0.42
65500	0.42	0.52	0.52	0	0	0.42
65600	0.42	0.52	0.52	0	0	0.42
65700	0.42	0.52	0.52	0	0	0.42
65800	0.42	0.52	0.52	0	0	0.42
65900	0.42	0.52	0.52	0	0	0.42
66000	0.42	0.52	0.52	0	0	0.42
66100	0.42	0.5	0.5	0	0	0.42
66200	0.42	0.5	0.5	0	0	0.42
66300	0.42	0.5	0.5	0	0	0.42
66400	0.42	0.5	0.5	0	0	0.42
66500	0.42	0.5	0.5	0	0	0.42
66600	0.42	0.5	0.5	0	0	0.42
66700	0.42	0.5	0.5	0	0	0.42
66800	0.42	0.5	0.5	0	0	0.42
66900	0.42	0.5	0.5	0	0	0.42
67000	0.42	0.5	0.5	0	0	0.42
67100	0.42	0.48	0.48	0	0	0.42
67200	0.42	0.48	0.48	0	0	0.42
67300	0.42	0.48	0.48	0	0	0.42
67400	0.42	0.48	0.48	0	0	0.42
67500	0.42	0.48	0.48	0	0	0.42
67600	0.42	0.48	0.48	0	0	0.42
67700	0.42	0.48	0.48	0	0	0.42
67800	0.42	0.48	0.48	0	0	0.42
67900	0.42	0.48	0.48	0	0	0.42
68000	0.42	0.48	0.48	0	0	0.42
68100	0.42	0.48	0.48	0	0	0.42
68200	0.42	0.48	0.48	0	0	0.42
68300	0.44	0.48	0.48	0	0	0.44
68400	0.44	0.48	0.48	0	0	0.44
68500	0.44	0.48	0.48	0	0	0.44
68600	0.44	0.48	0.48	0	0	0.44
68700	0.44	0.48	0.48	0	0	0.44
68800	0.44	0.48	0.48	0	0	0.44
68900	0.44	0.46	0.46	0	0	0.44
69000	0.44	0.46	0.46	0	0	0.44
69100	0.44	0.46	0.46	0	0	0.44
69200	0.44	0.46	0.46	0	0	0.44
69300	0.44	0.46	0.46	0	0	0.44
69400	0.44	0.46	0.46	0	0	0.44
69500	0.44	0.46	0.46	0	0	0.44
69600	0.44	0.48	0.48	0	0	0.44
69700	0.44	0.46	0.46	0	0	0.44
69800	0.44	0.46	0.46	0	0	0.44
69900	0.44	0.46	0.46	0	0	0.44
70000	0.44	0.46	0.46	0	0	0.44
70100	0.44	0.46	0.46	0	0	0.44
70200	0.44	0.46	0.46	0	0	0.44
70300	0.44	0.46	0.46	0	0	0.44
70400	0.44	0.46	0.46	0	0	0.44
70500	0.44	0.46	0.46	0	0	0.44
70600	0.44	0.46	0.46	0	0	0.44
70700	0.44	0.46	0.46	0	0	0.44
70800	0.44	0.46	0.46	0	0	0.44
70900	0.44	0.46	0.46	0	0	0.44
71000	0.44	0.46	0.46	0	0	0.44
71100	0.44	0.46	0.46	0	0	0.44
71200	0.44	0.46	0.46	0	0	0.44
71300	0.44	0.48	0.48	0	0	0.44
71400	0.44	0.5	0.5	0	0	0.44
71500	0.44	0.5	0.5	0	0	0.44
71600	0.44	0.5	0.5	0	0	0.44
71700	0.44	0.5	0.5	0	0	0.44
71800	0.44	0.5	0.5	0	0	0.44
71900	0.44	0.5	0.5	0	0	0.44
72000	0.44	0.5	0.5	0	0	0.44
72100	0.44	0.5	0.5	0	0	0.44
72200	0.44	0.5	0.5	0	0	0.44
72300	0.44	0.5	0.5	0	0	0.44
72400	0.44	0.5	0.5	0	0	0.44
72500	0.44	0.5	0.5	0	0	0.44
72600	0.44	0.5	0.5	0	0	0.44
72700	0.44	0.5	0.5	0	0	0.44
72800	0.44	0.5	0.5	0	0	0.44
72900	0.44	0.5	0.5	0	0	0.44
73000	0.44	0.48	0.48	0	0	0.44
73100	0.44	0.48	0.48	0	0	0.44
73200	0.44	0.48	0.48	0	0	0.44
73300	0.44	0.48	0.48	0	0	0.44
73400	0.44	0.48	0.48	0	0	0.44
73500	0.44	0.48	0.48	0	0	0.44
73600	0.44	0.48	0.48	0	0	0.44
73700	0.44	0.48	0.48	0	0	0.44
73800	0.44	0.48	0.48	0	0	0.44
73900	0.44	0.48	0.48	0	0	0.44
74000	0.44	0.48	0.48	0	0	0.44
74100	0.44	0.48	0.48	0	0	0.44
74200	0.44	0.48	0.48	0	0	0.44
74300	0.44	0.48	0.48	0	0	0.44
74400	0.44	0.48	0.48	0	0	0.44
74500	0.44	0.48	0.48	0	0	0.44
74600	0.44	0.46	0.46	0	0	0.44
74700	0.44	0.46	0.46	0	0	0.44
74800	0.44	0.46	0.46	0	0	0.44
74900	0.44	0.46	0.46	0	0	0.44
75000	0.44	0.46	0.46	0	0	0.44
75100	0.44	0.46	0.46	0	0	0.44
75200	0.44	0.46	0.46	0	0	0.44
75300	0.44	0.46	0.46	0	0	0.44
75400	0.44	0.46	0.46	0	0	0.44
75500	0.44	0.46	0.46	0	0	0.44
75600	0.44	0.46	0.46	0	0	0.44
75700	0.44	0.46	0.46	0	0	0.44
75800	0.44	0.46	0.46	0	0	0.44
75900	0.44	0.46	0.46	0	0	0.44
76000	0.46	0.46	0.46	0	0	0.46
76100	0.46	0.46	0.46	0	0	0.46
76200	0.46	0.46	0.46	0	0	0.46
76300	0.46	0.46	0.46	0	0	0.46
76400	0.44	0.46	0.46	0	0	0.44
76500	0.44	0.48	0.48	0	0	0.44
76600	0.44	0.48	0.48	0	0	0.44
76700	0.44	0.48	0.48	0	0	0.44
76800	0.44	0.48	0.48	0	0	0.44
76900	0.44	0.48	0.48	0	0	0.44
77000	0.44	0.48	0.48	0	0	0.44
77100	0.44	0.48	0.48	0	0	0.44
77200	0.44	0.48	0.48	0	0	0.44
77300	0.44	0.48	0.48	0	0	0.44
77400	0.44	0.48	0.48	0	0	0.44
77500	0.44	0.48	0.48	0	0	0.44
77600	0.44	0.48	0.48	0	0	0.44
77700	0.44	0.48	0.48	0	0	0.44
77800	0.46	0.48	0.48	0	0	0.46
77900	0.46	0.48	0.48	0	0	0.46
78000	0.46	0.48	0.48	0	0	0.46
78100	0.46	0.48	0.48	0	0	0.46
78200	0.46	0.48	0.48	0	0	0.46
78300	0.46	0.48	0.48	0	0	0.46
78400	0.46	0.48	0.48	0	0	0.46
78500	0.46	0.48	0.48	0	0	0.46
78600	0.46	0.48	0.48	0	0	0.46
78700	0.46	0.48	0.48	0	0	0.46
78800	0.46	0.48	0.48	0	0	0.46
78900	0.46	0.48	0.48	0	0	0.46
79000	0.46	0.48	0.48	0	0	0.46
79100	0.46	0.48	0.48	0	0	0.46
79200	0.46	0.48	0.48	0	0	0.46
79300	0.46	0.48	0.48	0	0	0.46
79400	0.46	0.48	0.48	0	0	0.46
79500	0.46	0.48	0.48	0	0	0.46
79600	0.46	0.48	0.48	0	0	0.46
79700	0.46	0.48	0.48	0	0	0.46
79800	0.46	0.48	0.48	0	0	0.46
79900	0.46	0.48	0.48	0	0	0.46
80000	0.46	0.48	0.48	0	0	0.46
80100	0.44	0.48	0.48	0	0	0.44
80200	0.44	0.48	0.48	0	0	0.44
80300	0.44	0.48	0.48	0	0	0.44
80400	0.44	0.48	0.48	0	0	0.44
80500	0.44	0.48	0.48	0	0	0.44
80600	0.44	0.48	0.48	0	0	0.44
80700	0.44	0.48	0.48	0	0	0.44
80800	0.44	0.48	0.48	0	0	0.44
80900	0.44	0.48	0.48	0	0	0.44
81000	0.44	0.48	0.48	0	0	0.44
81100	0.44	0.48	0.48	0	0	0.44
81200	0.44	0.48	0.48	0	0	0.44
81300	0.44	0.48	0.48	0	0	0.44
81400	0.44	0.48	0.48	0	0	0.44
81500	0.44	0.5	0.5	0	0	0.44
81600	0.46	0.5	0.5	0	0	0.46
81700	0.46	0.5	0.5	0	0	0.46
81800	0.46	0.5	0.5	0	0	0.46
81900	0.46	0.48	0.48	0	0	0.46
82000	0.46	0.48	0.48	0	0	0.46
82100	0.46	0.48	0.48	0	0	0.46
82200	0.46	0.48	0.48	0	0	0.46
82300	0.46	0.48	0.48	0	0	0.46
82400	0.46	0.5	0.5	0	0	0.46
82500	0.46	0.5	0.5	0	0	0.46
82600	0.46	0.5	0.5	0	0	0.46
82700	0.46	0.5	0.5	0	0	0.46
82800	0.46	0.5	0.5	0	0	0.46
82900	0.46	0.5	0.5	0	0	0.46
83000	0.46	0.5	0.5	0	0	0.46
83100	0.46	0.5	0.5	0	0	0.46
83200	0.46	0.5	0.5	0	0	0.46
83300	0.46	0.5	0.5	0	0	0.46
83400	0.46	0.5	0.5	0	0	0.46
83500	0.46	0.5	0.5	0	0	0.46
83600	0.46	0.5	0.5	0	0	0.46
83700	0.46	0.5	0.5	0	0	0.46
83800	0.46	0.5	0.5	0	0	0.46
83900	0.46	0.5	0.5	0	0	0.46
84000	0.46	0.5	0.5	0	0	0.46
84100	0.46	0.5	0.5	0	0	0.46
84200	0.46	0.5	0.5	0	0	0.46
84300	0.46	0.5	0.5	0	0	0.46
84400	0.46	0.5	0.5	0	0	0.46
84500	0.46	0.5	0.5	0	0	0.46
84600	0.46	0.5	0.5	0	0	0.46
84700	0.46	0.5	0.5	0	0	0.46
84800	0.46	0.5	0.5	0	0	0.46
84900	0.46	0.5	0.5	0	0	0.46
85000	0.46	0.5	0.5	0	0	0.46
85100	0.46	0.5	0.5	0	0	0.46
85200	0.46	0.5	0.5	0	0	0.46
85300	0.46	0.5	0.5	0	0	0.46
85400	0.46	0.5	0.5	0	0	0.46
85500	0.46	0.5	0.5	0	0	0.46
85600	0.46	0.5	0.5	0	0	0.46
85700	0.46	0.5	0.5	0	0	0.46
85800	0.46	0.5	0.5	0	0	0.46
85900	0.46	0.5	0.5	0	0	0.46
86000	0.46	0.5	0.5	0	0	0.46
86100	0.46	0.5	0.5	0	0	0.46
86200	0.46	0.5	0.5	0	0	0.46
86300	0.46	0.5	0.5	0	0	0.46
86400	0.46	0.5	0.5	0	0	0.46
86500	0.46	0.5	0.5	0	0	0.46
86600	0.46	0.5	0.5	0	0	0.46
86700	0.46	0.5	0.5	0	0	0.46
86800	0.46	0.5	0.5	0	0	0.46
86900	0.46	0.48	0.48	0	0	0.46
87000	0.46	0.48	0.48	0	0	0.46
87100	0.46	0.48	0.48	0	0	0.46
87200	0.46	0.48	0.48	0	0	0.46
87300	0.46	0.48	0.48	0	0	0.46
87400	0.46	0.48	0.48	0	0	0.46
87500	0.46	0.48	0.48	0	0	0.46
87600	0.46	0.48	0.48	0	0	0.46
87700	0.46	0.48	0.48	0	0	0.46
87800	0.46	0.48	0.48	0	0	0.46
87900	0.46	0.48	0.48	0	0	0.46
88000	0.46	0.48	0.48	0	0	0.46
88100	0.46	0.48	0.48	0	0	0.46
88200	0.46	0.48	0.48	0	0	0.46
88300	0.46	0.48	0.48	0	0	0.46
88400	0.46	0.48	0.48	0	0	0.46
88500	0.46	0.48	0.48	0	0	0.46
88600	0.46	0.48	0.48	0	0	0.46
88700	0.46	0.48	0.48	0	0	0.46
88800	0.46	0.48	0.48	0	0	0.46
88900	0.48	0.48	0.48	0	0	0.48
89000	0.46	0.48	0.48	0	0	0.46
89100	0.46	0.48	0.48	0	0	0.46
89200	0.46	0.48	0.48	0	0	0.46
89300	0.46	0.48	0.48	0	0	0.46
89400	0.46	0.46	0.46	0	0	0.46
89500	0.46	0.46	0.46	0	0	0.46
89600	0.46	0.46	0.46	0	0	0.46
89700	0.46	0.46	0.46	0	0	0.46
89800	0.46	0.46	0.46	0	0	0.46
89900	0.44	0.46	0.46	0	0	0.44
90000	0.44	0.46	0.46	0	0	0.44
90100	0.42	0.46	0.46	0	0	0.42
90200	0.42	0.46	0.46	0	0	0.42
90300	0.42	0.46	0.46	0	0	0.42
90400	0.42	0.46	0.46	0	0	0.42
90500	0.42	0.46	0.46	0	0	0.42
90600	0.42	0.46	0.46	0	0	0.42
90700	0.42	0.46	0.46	0	0	0.42
90800	0.42	0.46	0.46	0	0	0.42
90900	0.42	0.46	0.46	0	0	0.42
91000	0.42	0.46	0.46	0	0	0.42
91100	0.42	0.46	0.46	0	0	0.42
91200	0.42	0.46	0.46	0	0	0.42
91300	0.42	0.46	0.46	0	0	0.42
91400	0.42	0.46	0.46	0	0	0.42
91500	0.42	0.46	0.46	0	0	0.42
91600	0.42	0.48	0.48	0	0	0.42
91700	0.42	0.48	0.48	0	0	0.42
91800	0.42	0.46	0.46	0	0	0.42
91900	0.42	0.46	0.46	0	0	0.42
92000	0.42	0.46	0.46	0	0	0.42
92100	0.42	0.46	0.46	0	0	0.42
92200	0.42	0.46	0.46	0	0	0.42
92300	0.42	0.46	0.46	0	0	0.42
92400	0.42	0.46	0.46	0	0	0.42
92500	0.42	0.46	0.46	0	0	0.42
92600	0.44	0.46	0.46	0	0	0.44
92700	0.44	0.46	0.46	0	0	0.44
92800	0.44	0.46	0.46	0	0	0.44
92900	0.44	0.46	0.46	0	0	0.44
93000	0.44	0.46	0.46	0	0	0.44
93100	0.44	0.46	0.46	0	0	0.44
93200	0.44	0.46	0.46	0	0	0.44
93300	0.44	0.46	0.46	0	0	0.44
93400	0.44	0.46	0.46	0	0	0.44
93500	0.44	0.46	0.46	0	0	0.44
93600	0.44	0.46	0.46	0	0	0.44
93700	0.44	0.46	0.46	0	0	0.44
93800	0.46	0.46	0.46	0	0	0.46
93900	0.46	0.48	0.48	0	0	0.46
94000	0.46	0.48	0.48	0	0	0.46
94100	0.46	0.48	0.48	0	0	0.46
94200	0.46	0.48	0.48	0	0	0.46
94300	0.46	0.48	0.48	0	0	0.46
94400	0.46	0.48	0.48	0	0	0.46
94500	0.46	0.48	0.48	0	0	0.46
94600	0.46	0.48	0.48	0	0	0.46
94700	0.46	0.48	0.48	0	0	0.46
94800	0.46	0.48	0.48	0	0	0.46
94900	0.46	0.48	0.48	0	0	0.46
95000	0.46	0.48	0.48	0	0	0.46
95100	0.46	0.48	0.48	0	0	0.46
95200	0.46	0.48	0.48	0	0	0.46
95300	0.46	0.5	0.5	0	0	0.46
95400	0.46	0.5	0.5	0	0	0.46
95500	0.46	0.5	0.5	0	0	0.46
95600	0.46	0.5	0.5	0	0	0.46
95700	0.46	0.5	0.5	0	0	0.46
95800	0.46	0.5	0.5	0	0	0.46
95900	0.46	0.5	0.5	0	0	0.46
96000	0.46	0.5	0.5	0	0	0.46
96100	0.46	0.5	0.5	0	0	0.46
96200	0.46	0.5	0.5	0	0	0.46
96300	0.48	0.5	0.5	0	0	0.48
96400	0.48	0.5	0.5	0	0	0.48
96500	0.48	0.5	0.5	0	0	0.48
96600	0.48	0.5	0.5	0	0	0.48
96700	0.48	0.5	0.5	0	0	0.48
96800	0.48	0.5	0.5	0	0	0.48
96900	0.48	0.5	0.5	0	0	0.48
97000	0.48	0.52	0.52	0	0	0.48
97100	0.48	0.52	0.52	0	0	0.48
97200	0.48	0.52	0.52	0	0	0.48
97300	0.48	0.52	0.52	0	0	0.48
97400	0.48	0.52	0.52	0	0	0.48
97500	0.48	0.52	0.52	0	0	0.48
97600	0.48	0.52	0.52	0	0	0.48
97700	0.48	0.52	0.52	0	0	0.48
97800	0.48	0.52	0.52	0	0	0.48
97900	0.48	0.52	0.52	0	0	0.48
98000	0.48	0.52	0.52	0	0	0.48
98100	0.48	0.52	0.52	0	0	0.48
98200	0.48	0.52	0.52	0	0	0.48
98300	0.48	0.52	0.52	0	0	0.48
98400	0.48	0.52	0.52	0	0	0.48
98500	0.48	0.52	0.52	0	0	0.48
98600	0.48	0.52	0.52	0	0	0.48
98700	0.48	0.52	0.52	0	0	0.48
98800	0.48	0.52	0.52	0	0	0.48
98900	0.48	0.52	0.52	0	0	0.48
99000	0.48	0.52	0.52	0	0	0.48
99100	0.48	0.52	0.52	0	0	0.48
99200	0.48	0.52	0.52	0	0	0.48
99300	0.48	0.52	0.52	0	0	0.48
99400	0.48	0.52	0.52	0	0	0.48
99500	0.48	0.52	0.52	0	0	0.48
99600	0.48	0.52	0.52	0	0	0.48
99700	0.48	0.52	0.52	0	0	0.48
99800	0.48	0.52	0.52	0	0	0.48
99900	0.48	0.52	0.52	0	0	0.48
100000	0.48	0.52	0.52	0	0	0.48
