100	0.1	0.06	0.06	0	0	0.1
200	0.12	0.08	0.08	0	0	0.12
300	0.14	0.1	0.1	0	0	0.14
400	0.1	0.12	0.12	0	0	0.1
500	0.12	0.12	0.12	0	0	0.12
600	0.12	0.1	0.1	0	0	0.12
700	0.12	0.1	0.1	0	0	0.12
800	0.1	0.12	0.12	0	0	0.1
900	0.1	0.14	0.14	0	0	0.1
1000	0.1	0.16	0.16	0	0	0.1
1100	0.1	0.16	0.16	0	0	0.1
1200	0.12	0.16	0.16	0	0	0.12
1300	0.14	0.16	0.16	0	0	0.14
1400	0.14	0.18	0.18	0	0	0.14
1500	0.18	0.18	0.18	0	0	0.18
1600	0.18	0.18	0.18	0	0	0.18
1700	0.2	0.2	0.2	0	0	0.2
1800	0.2	0.22	0.22	0	0	0.2
1900	0.2	0.22	0.22	0	0	0.2
2000	0.22	0.22	0.22	0	0	0.22
2100	0.24	0.22	0.22	0	0	0.24
2200	0.24	0.24	0.24	0	0	0.24
2300	0.26	0.24	0.24	0	0	0.26
2400	0.26	0.24	0.24	0	0	0.26
2500	0.26	0.26	0.26	0	0	0.26
2600	0.26	0.24	0.24	0	0	0.26
2700	0.28	0.22	0.22	0	0	0.28
2800	0.28	0.22	0.22	0	0	0.28
2900	0.28	0.22	0.22	0	0	0.28
3000	0.3	0.22	0.22	0	0	0.3
3100	0.34	0.22	0.22	0	0	0.34
3200	0.34	0.22	0.22	0	0	0.34
3300	0.34	0.22	0.22	0	0	0.34
3400	0.34	0.22	0.22	0	0	0.34
3500	0.34	0.22	0.22	0	0	0.34
3600	0.34	0.22	0.22	0	0	0.34
3700	0.34	0.22	0.22	0	0	0.34
3800	0.36	0.22	0.22	0	0	0.36
3900	0.36	0.22	0.22	0	0	0.36
4000	0.32	0.22	0.22	0	0	0.32
4100	0.34	0.22	0.22	0	0	0.34
4200	0.34	0.24	0.24	0	0	0.34
4300	0.34	0.24	0.24	0	0	0.34
4400	0.38	0.24	0.24	0	0	0.38
4500	0.36	0.24	0.24	0	0	0.36
4600	0.36	0.26	0.26	0	0	0.36
4700	0.36	0.26	0.26	0	0	0.36
4800	0.36	0.28	0.28	0	0	0.36
4900	0.36	0.3	0.3	0	0	0.36
5000	0.36	0.3	0.3	0	0	0.36
5100	0.36	0.34	0.34	0	0	0.36
5200	0.36	0.36	0.36	0	0	0.36
5300	0.36	0.34	0.34	0	0	0.36
5400	0.36	0.34	0.34	0	0	0.36
5500	0.38	0.34	0.34	0	0	0.38
5600	0.36	0.36	0.36	0	0	0.36
5700	0.36	0.36	0.36	0	0	0.36
5800	0.36	0.36	0.36	0	0	0.36
5900	0.36	0.36	0.36	0	0	0.36
6000	0.38	0.36	0.36	0	0	0.38
6100	0.38	0.36	0.36	0	0	0.38
6200	0.38	0.36	0.36	0	0	0.38
6300	0.38	0.38	0.38	0	0	0.38
6400	0.36	0.38	0.38	0	0	0.36
6500	0.34	0.38	0.38	0	0	0.34
6600	0.34	0.38	0.38	0	0	0.34
6700	0.34	0.38	0.38	0	0	0.34
6800	0.34	0.38	0.38	0	0	0.34
6900	0.34	0.38	0.38	0	0	0.34
7000	0.36	0.4	0.4	0	0	0.36
7100	0.38	0.42	0.42	0	0	0.38
7200	0.38	0.42	0.42	0	0	0.38
7300	0.38	0.44	0.44	0	0	0.38
7400	0.38	0.46	0.46	0	0	0.38
7500	0.38	0.44	0.44	0	0	0.38
7600	0.38	0.44	0.44	0	0	0.38
7700	0.38	0.44	0.44	0	0	0.38
7800	0.38	0.44	0.44	0	0	0.38
7900	0.38	0.44	0.44	0	0	0.38
8000	0.38	0.44	0.44	0	0	0.38
8100	0.36	0.44	0.44	0	0	0.36
8200	0.36	0.44	0.44	0	0	0.36
8300	0.36	0.44	0.44	0	0	0.36
8400	0.36	0.44	0.44	0	0	0.36
8500	0.36	0.44	0.44	0	0	0.36
8600	0.38	0.44	0.44	0	0	0.38
8700	0.38	0.44	0.44	0	0	0.38
8800	0.4	0.44	0.44	0	0	0.4
8900	0.4	0.44	0.44	0	0	0.4
9000	0.4	0.42	0.42	0	0	0.4
9100	0.4	0.42	0.42	0	0	0.4
9200	0.4	0.42	0.42	0	0	0.4
9300	0.4	0.38	0.38	0	0	0.4
9400	0.4	0.38	0.38	0	0	0.4
9500	0.4	0.38	0.38	0	0	0.4
9600	0.4	0.38	0.38	0	0	0.4
9700	0.4	0.38	0.38	0	0	0.4
9800	0.4	0.38	0.38	0	0	0.4
9900	0.4	0.38	0.38	0	0	0.4
10000	0.4	0.38	0.38	0	0	0.4
10100	0.4	0.4	0.4	0	0	0.4
10200	0.38	0.42	0.42	0	0	0.38
10300	0.38	0.42	0.42	0	0	0.38
10400	0.38	0.42	0.42	0	0	0.38
10500	0.4	0.44	0.44	0	0	0.4
10600	0.42	0.44	0.44	0	0	0.42
10700	0.42	0.44	0.44	0	0	0.42
10800	0.42	0.44	0.44	0	0	0.42
10900	0.42	0.44	0.44	0	0	0.42
11000	0.42	0.44	0.44	0	0	0.42
11100	0.42	0.44	0.44	0	0	0.42
11200	0.42	0.44	0.44	0	0	0.42
11300	0.42	0.42	0.42	0	0	0.42
11400	0.4	0.42	0.42	0	0	0.4
11500	0.4	0.42	0.42	0	0	0.4
11600	0.4	0.42	0.42	0	0	0.4
11700	0.4	0.42	0.42	0	0	0.4
11800	0.4	0.42	0.42	0	0	0.4
11900	0.42	0.44	0.44	0	0	0.42
12000	0.4	0.44	0.44	0	0	0.4
12100	0.4	0.44	0.44	0	0	0.4
12200	0.4	0.44	0.44	0	0	0.4
12300	0.4	0.44	0.44	0	0	0.4
12400	0.4	0.44	0.44	0	0	0.4
12500	0.4	0.44	0.44	0	0	0.4
12600	0.4	0.44	0.44	0	0	0.4
12700	0.4	0.44	0.44	0	0	0.4
12800	0.4	0.44	0.44	0	0	0.4
12900	0.4	0.44	0.44	0	0	0.4
13000	0.4	0.44	0.44	0	0	0.4
13100	0.4	0.44	0.44	0	0	0.4
13200	0.4	0.44	0.44	0	0	0.4
13300	0.4	0.44	0.44	0	0	0.4
13400	0.4	0.46	0.46	0	0	0.4
13500	0.4	0.46	0.46	0	0	0.4
13600	0.4	0.46	0.46	0	0	0.4
13700	0.4	0.46	0.46	0	0	0.4
13800	0.4	0.46	0.46	0	0	0.4
13900	0.4	0.46	0.46	0	0	0.4
14000	0.4	0.46	0.46	0	0	0.4
14100	0.4	0.46	0.46	0	0	0.4
14200	0.4	0.48	0.48	0	0	0.4
14300	0.4	0.5	0.5	0	0	0.4
14400	0.4	0.5	0.5	0	0	0.4
14500	0.4	0.5	0.5	0	0	0.4
14600	0.4	0.5	0.5	0	0	0.4
14700	0.4	0.5	0.5	0	0	0.4
14800	0.4	0.5	0.5	0	0	0.4
14900	0.4	0.5	0.5	0	0	0.4
15000	0.4	0.5	0.5	0	0	0.4
15100	0.42	0.5	0.5	0	0	0.42
15200	0.42	0.5	0.5	0	0	0.42
15300	0.42	0.5	0.5	0	0	0.42
15400	0.42	0.48	0.48	0	0	0.42
15500	0.42	0.48	0.48	0	0	0.42
15600	0.42	0.46	0.46	0	0	0.42
15700	0.42	0.48	0.48	0	0	0.42
15800	0.42	0.48	0.48	0	0	0.42
15900	0.42	0.48	0.48	0	0	0.42
16000	0.4	0.48	0.48	0	0	0.4
16100	0.4	0.48	0.48	0	0	0.4
16200	0.38	0.46	0.46	0	0	0.38
16300	0.4	0.46	0.46	0	0	0.4
16400	0.4	0.46	0.46	0	0	0.4
16500	0.4	0.46	0.46	0	0	0.4
16600	0.4	0.46	0.46	0	0	0.4
16700	0.4	0.46	0.46	0	0	0.4
16800	0.4	0.46	0.46	0	0	0.4
16900	0.4	0.46	0.46	0	0	0.4
17000	0.4	0.46	0.46	0	0	0.4
17100	0.4	0.46	0.46	0	0	0.4
17200	0.4	0.48	0.48	0	0	0.4
17300	0.4	0.48	0.48	0	0	0.4
17400	0.4	0.44	0.44	0	0	0.4
17500	0.38	0.44	0.44	0	0	0.38
17600	0.38	0.44	0.44	0	0	0.38
17700	0.4	0.44	0.44	0	0	0.4
17800	0.4	0.44	0.44	0	0	0.4
17900	0.4	0.44	0.44	0	0	0.4
18000	0.4	0.44	0.44	0	0	0.4
18100	0.4	0.42	0.42	0	0	0.4
18200	0.4	0.42	0.42	0	0	0.4
18300	0.42	0.42	0.42	0	0	0.42
18400	0.4	0.38	0.38	0	0	0.4
18500	0.4	0.38	0.38	0	0	0.4
18600	0.4	0.38	0.38	0	0	0.4
18700	0.4	0.38	0.38	0	0	0.4
18800	0.4	0.38	0.38	0	0	0.4
18900	0.4	0.38	0.38	0	0	0.4
19000	0.4	0.38	0.38	0	0	0.4
19100	0.4	0.38	0.38	0	0	0.4
19200	0.38	0.38	0.38	0	0	0.38
19300	0.38	0.38	0.38	0	0	0.38
19400	0.38	0.38	0.38	0	0	0.38
19500	0.36	0.38	0.38	0	0	0.36
19600	0.36	0.38	0.38	0	0	0.36
19700	0.38	0.38	0.38	0	0	0.38
19800	0.36	0.38	0.38	0	0	0.36
19900	0.38	0.38	0.38	0	0	0.38
20000	0.38	0.38	0.38	0	0	0.38
20100	0.38	0.38	0.38	0	0	0.38
20200	0.38	0.38	0.38	0	0	0.38
20300	0.38	0.38	0.38	0	0	0.38
20400	0.38	0.38	0.38	0	0	0.38
20500	0.38	0.38	0.38	0	0	0.38
20600	0.38	0.38	0.38	0	0	0.38
20700	0.38	0.38	0.38	0	0	0.38
20800	0.4	0.38	0.38	0	0	0.4
20900	0.4	0.38	0.38	0	0	0.4
21000	0.4	0.38	0.38	0	0	0.4
21100	0.42	0.38	0.38	0	0	0.42
21200	0.42	0.38	0.38	0	0	0.42
21300	0.42	0.4	0.4	0	0	0.42
21400	0.42	0.4	0.4	0	0	0.42
21500	0.42	0.4	0.4	0	0	0.42
21600	0.42	0.4	0.4	0	0	0.42
21700	0.44	0.4	0.4	0	0	0.44
21800	0.44	0.4	0.4	0	0	0.44
21900	0.44	0.42	0.42	0	0	0.44
22000	0.44	0.42	0.42	0	0	0.44
22100	0.44	0.42	0.42	0	0	0.44
22200	0.44	0.42	0.42	0	0	0.44
22300	0.44	0.42	0.42	0	0	0.44
22400	0.44	0.42	0.42	0	0	0.44
22500	0.44	0.42	0.42	0	0	0.44
22600	0.44	0.42	0.42	0	0	0.44
22700	0.44	0.42	0.42	0	0	0.44
22800	0.44	0.42	0.42	0	0	0.44
22900	0.46	0.44	0.44	0	0	0.46
23000	0.46	0.44	0.44	0	0	0.46
23100	0.46	0.44	0.44	0	0	0.46
23200	0.46	0.44	0.44	0	0	0.46
23300	0.46	0.44	0.44	0	0	0.46
23400	0.46	0.44	0.44	0	0	0.46
23500	0.48	0.44	0.44	0	0	0.48
23600	0.48	0.44	0.44	0	0	0.48
23700	0.48	0.44	0.44	0	0	0.48
23800	0.48	0.44	0.44	0	0	0.48
23900	0.48	0.44	0.44	0	0	0.48
24000	0.48	0.44	0.44	0	0	0.48
24100	0.48	0.46	0.46	0	0	0.48
24200	0.48	0.44	0.44	0	0	0.48
24300	0.48	0.44	0.44	0	0	0.48
24400	0.48	0.44	0.44	0	0	0.48
24500	0.48	0.44	0.44	0	0	0.48
24600	0.48	0.44	0.44	0	0	0.48
24700	0.48	0.44	0.44	0	0	0.48
24800	0.48	0.44	0.44	0	0	0.48
24900	0.48	0.44	0.44	0	0	0.48
25000	0.48	0.44	0.44	0	0	0.48
25100	0.48	0.44	0.44	0	0	0.48
25200	0.48	0.44	0.44	0	0	0.48
25300	0.48	0.44	0.44	0	0	0.48
25400	0.48	0.44	0.44	0	0	0.48
25500	0.48	0.44	0.44	0	0	0.48
25600	0.48	0.44	0.44	0	0	0.48
25700	0.48	0.44	0.44	0	0	0.48
25800	0.48	0.44	0.44	0	0	0.48
25900	0.48	0.44	0.44	0	0	0.48
26000	0.48	0.44	0.44	0	0	0.48
26100	0.48	0.44	0.44	0	0	0.48
26200	0.48	0.44	0.44	0	0	0.48
26300	0.48	0.44	0.44	0	0	0.48
26400	0.48	0.44	0.44	0	0	0.48
26500	0.48	0.44	0.44	0	0	0.48
26600	0.48	0.44	0.44	0	0	0.48
26700	0.48	0.44	0.44	0	0	0.48
26800	0.46	0.44	0.44	0	0	0.46
26900	0.46	0.44	0.44	0	0	0.46
27000	0.46	0.44	0.44	0	0	0.46
27100	0.46	0.44	0.44	0	0	0.46
27200	0.46	0.44	0.44	0	0	0.46
27300	0.46	0.44	0.44	0	0	0.46
27400	0.46	0.44	0.44	0	0	0.46
27500	0.46	0.44	0.44	0	0	0.46
27600	0.46	0.44	0.44	0	0	0.46
27700	0.46	0.44	0.44	0	0	0.46
27800	0.46	0.44	0.44	0	0	0.46
27900	0.46	0.44	0.44	0	0	0.46
28000	0.46	0.44	0.44	0	0	0.46
28100	0.46	0.44	0.44	0	0	0.46
28200	0.46	0.44	0.44	0	0	0.46
28300	0.46	0.46	0.46	0	0	0.46
28400	0.46	0.46	0.46	0	0	0.46
28500	0.46	0.46	0.46	0	0	0.46
28600	0.46	0.46	0.46	0	0	0.46
28700	0.46	0.46	0.46	0	0	0.46
28800	0.46	0.46	0.46	0	0	0.46
28900	0.46	0.46	0.46	0	0	0.46
29000	0.46	0.46	0.46	0	0	0.46
29100	0.46	0.46	0.46	0	0	0.46
29200	0.46	0.46	0.46	0	0	0.46
29300	0.46	0.46	0.46	0	0	0.46
29400	0.44	0.46	0.46	0	0	0.44
29500	0.44	0.46	0.46	0	0	0.44
29600	0.44	0.46	0.46	0	0	0.44
29700	0.44	0.46	0.46	0	0	0.44
29800	0.44	0.46	0.46	0	0	0.44
29900	0.44	0.46	0.46	0	0	0.44
30000	0.44	0.46	0.46	0	0	0.44
30100	0.44	0.46	0.46	0	0	0.44
30200	0.44	0.46	0.46	0	0	0.44
30300	0.44	0.46	0.46	0	0	0.44
30400	0.44	0.46	0.46	0	0	0.44
30500	0.44	0.46	0.46	0	0	0.44
30600	0.44	0.46	0.46	0	0	0.44
30700	0.44	0.46	0.46	0	0	0.44
30800	0.42	0.46	0.46	0	0	0.42
30900	0.42	0.46	0.46	0	0	0.42
31000	0.42	0.46	0.46	0	0	0.42
31100	0.42	0.46	0.46	0	0	0.42
31200	0.42	0.46	0.46	0	0	0.42
31300	0.42	0.46	0.46	0	0	0.42
31400	0.42	0.46	0.46	0	0	0.42
31500	0.42	0.46	0.46	0	0	0.42
31600	0.42	0.46	0.46	0	0	0.42
31700	0.42	0.48	0.48	0	0	0.42
31800	0.42	0.48	0.48	0	0	0.42
31900	0.42	0.44	0.44	0	0	0.42
32000	0.42	0.44	0.44	0	0	0.42
32100	0.42	0.42	0.42	0	0	0.42
32200	0.4	0.42	0.42	0	0	0.4
32300	0.4	0.42	0.42	0	0	0.4
32400	0.4	0.42	0.42	0	0	0.4
32500	0.4	0.44	0.44	0	0	0.4
32600	0.4	0.44	0.44	0	0	0.4
32700	0.4	0.44	0.44	0	0	0.4
32800	0.4	0.44	0.44	0	0	0.4
32900	0.4	0.44	0.44	0	0	0.4
33000	0.38	0.44	0.44	0	0	0.38
33100	0.38	0.44	0.44	0	0	0.38
33200	0.38	0.44	0.44	0	0	0.38
33300	0.4	0.44	0.44	0	0	0.4
33400	0.38	0.46	0.46	0	0	0.38
33500	0.38	0.46	0.46	0	0	0.38
33600	0.38	0.46	0.46	0	0	0.38
33700	0.38	0.46	0.46	0	0	0.38
33800	0.38	0.46	0.46	0	0	0.38
33900	0.38	0.48	0.48	0	0	0.38
34000	0.38	0.48	0.48	0	0	0.38
34100	0.38	0.48	0.48	0	0	0.38
34200	0.38	0.46	0.46	0	0	0.38
34300	0.38	0.46	0.46	0	0	0.38
34400	0.38	0.46	0.46	0	0	0.38
34500	0.38	0.46	0.46	0	0	0.38
34600	0.38	0.46	0.46	0	0	0.38
34700	0.38	0.46	0.46	0	0	0.38
34800	0.38	0.46	0.46	0	0	0.38
34900	0.38	0.48	0.48	0	0	0.38
35000	0.38	0.48	0.48	0	0	0.38
35100	0.38	0.48	0.48	0	0	0.38
35200	0.38	0.48	0.48	0	0	0.38
35300	0.4	0.48	0.48	0	0	0.4
35400	0.4	0.5	0.5	0	0	0.4
35500	0.4	0.5	0.5	0	0	0.4
35600	0.4	0.5	0.5	0	0	0.4
35700	0.4	0.5	0.5	0	0	0.4
35800	0.4	0.5	0.5	0	0	0.4
35900	0.4	0.5	0.5	0	0	0.4
36000	0.4	0.52	0.52	0	0	0.4
36100	0.4	0.52	0.52	0	0	0.4
36200	0.4	0.52	0.52	0	0	0.4
36300	0.4	0.52	0.52	0	0	0.4
36400	0.4	0.52	0.52	0	0	0.4
36500	0.4	0.52	0.52	0	0	0.4
36600	0.4	0.52	0.52	0	0	0.4
36700	0.4	0.52	0.52	0	0	0.4
36800	0.4	0.52	0.52	0	0	0.4
36900	0.4	0.52	0.52	0	0	0.4
37000	0.4	0.52	0.52	0	0	0.4
37100	0.4	0.52	0.52	0	0	0.4
37200	0.4	0.52	0.52	0	0	0.4
37300	0.4	0.52	0.52	0	0	0.4
37400	0.4	0.52	0.52	0	0	0.4
37500	0.4	0.52	0.52	0	0	0.4
37600	0.4	0.52	0.52	0	0	0.4
37700	0.4	0.52	0.52	0	0	0.4
37800	0.4	0.5	0.5	0	0	0.4
37900	0.4	0.5	0.5	0	0	0.4
38000	0.38	0.5	0.5	0	0	0.38
38100	0.38	0.5	0.5	0	0	0.38
38200	0.38	0.5	0.5	0	0	0.38
38300	0.38	0.5	0.5	0	0	0.38
38400	0.38	0.5	0.5	0	0	0.38
38500	0.38	0.5	0.5	0	0	0.38
38600	0.38	0.5	0.5	0	0	0.38
38700	0.38	0.5	0.5	0	0	0.38
38800	0.38	0.5	0.5	0	0	0.38
38900	0.38	0.5	0.5	0	0	0.38
39000	0.38	0.5	0.5	0	0	0.38
39100	0.38	0.5	0.5	0	0	0.38
39200	0.38	0.5	0.5	0	0	0.38
39300	0.38	0.5	0.5	0	0	0.38
39400	0.38	0.54	0.54	0	0	0.38
39500	0.38	0.54	0.54	0	0	0.38
39600	0.38	0.54	0.54	0	0	0.38
39700	0.38	0.52	0.52	0	0	0.38
39800	0.38	0.52	0.52	0	0	0.38
39900	0.38	0.52	0.52	0	0	0.38
40000	0.38	0.5	0.5	0	0	0.38
40100	0.38	0.5	0.5	0	0	0.38
40200	0.38	0.5	0.5	0	0	0.38
40300	0.38	0.48	0.48	0	0	0.38
40400	0.38	0.5	0.5	0	0	0.38
40500	0.38	0.5	0.5	0	0	0.38
40600	0.38	0.5	0.5	0	0	0.38
40700	0.38	0.5	0.5	0	0	0.38
40800	0.38	0.5	0.5	0	0	0.38
40900	0.38	0.5	0.5	0	0	0.38
41000	0.38	0.5	0.5	0	0	0.38
41100	0.38	0.5	0.5	0	0	0.38
41200	0.38	0.5	0.5	0	0	0.38
41300	0.38	0.5	0.5	0	0	0.38
41400	0.38	0.5	0.5	0	0	0.38
41500	0.38	0.52	0.52	0	0	0.38
41600	0.38	0.52	0.52	0	0	0.38
41700	0.38	0.52	0.52	0	0	0.38
41800	0.38	0.52	0.52	0	0	0.38
41900	0.38	0.52	0.52	0	0	0.38
42000	0.38	0.52	0.52	0	0	0.38
42100	0.38	0.52	0.52	0	0	0.38
42200	0.38	0.52	0.52	0	0	0.38
42300	0.4	0.52	0.52	0	0	0.4
42400	0.4	0.52	0.52	0	0	0.4
42500	0.38	0.52	0.52	0	0	0.38
42600	0.36	0.52	0.52	0	0	0.36
42700	0.36	0.52	0.52	0	0	0.36
42800	0.36	0.52	0.52	0	0	0.36
42900	0.36	0.52	0.52	0	0	0.36
43000	0.36	0.52	0.52	0	0	0.36
43100	0.36	0.52	0.52	0	0	0.36
43200	0.36	0.52	0.52	0	0	0.36
43300	0.36	0.52	0.52	0	0	0.36
43400	0.36	0.52	0.52	0	0	0.36
43500	0.36	0.52	0.52	0	0	0.36
43600	0.36	0.52	0.52	0	0	0.36
43700	0.36	0.52	0.52	0	0	0.36
43800	0.36	0.52	0.52	0	0	0.36
43900	0.36	0.52	0.52	0	0	0.36
44000	0.36	0.52	0.52	0	0	0.36
44100	0.36	0.52	0.52	0	0	0.36
44200	0.36	0.52	0.52	0	0	0.36
44300	0.36	0.52	0.52	0	0	0.36
44400	0.36	0.52	0.52	0	0	0.36
44500	0.36	0.52	0.52	0	0	0.36
44600	0.36	0.52	0.52	0	0	0.36
44700	0.36	0.52	0.52	0	0	0.36
44800	0.36	0.52	0.52	0	0	0.36
44900	0.36	0.52	0.52	0	0	0.36
45000	0.36	0.52	0.52	0	0	0.36
45100	0.36	0.52	0.52	0	0	0.36
45200	0.36	0.52	0.52	0	0	0.36
45300	0.36	0.52	0.52	0	0	0.36
45400	0.36	0.52	0.52	0	0	0.36
45500	0.36	0.52	0.52	0	0	0.36
45600	0.36	0.52	0.52	0	0	0.36
45700	0.36	0.52	0.52	0	0	0.36
45800	0.36	0.52	0.52	0	0	0.36
45900	0.36	0.52	0.52	0	0	0.36
46000	0.36	0.52	0.52	0	0	0.36
46100	0.36	0.52	0.52	0	0	0.36
46200	0.36	0.52	0.52	0	0	0.36
46300	0.38	0.52	0.52	0	0	0.38
46400	0.36	0.52	0.52	0	0	0.36
46500	0.38	0.52	0.52	0	0	0.38
46600	0.38	0.52	0.52	0	0	0.38
46700	0.38	0.52	0.52	0	0	0.38
46800	0.38	0.5	0.5	0	0	0.38
46900	0.38	0.48	0.48	0	0	0.38
47000	0.38	0.48	0.48	0	0	0.38
47100	0.38	0.48	0.48	0	0	0.38
47200	0.38	0.48	0.48	0	0	0.38
47300	0.38	0.48	0.48	0	0	0.38
47400	0.38	0.48	0.48	0	0	0.38
47500	0.38	0.48	0.48	0	0	0.38
47600	0.38	0.48	0.48	0	0	0.38
47700	0.38	0.48	0.48	0	0	0.38
47800	0.38	0.48	0.48	0	0	0.38
47900	0.38	0.48	0.48	0	0	0.38
48000	0.38	0.48	0.48	0	0	0.38
48100	0.38	0.48	0.48	0	0	0.38
48200	0.38	0.48	0.48	0	0	0.38
48300	0.38	0.48	0.48	0	0	0.38
48400	0.38	0.48	0.48	0	0	0.38
48500	0.38	0.5	0.5	0	0	0.38
48600	0.38	0.5	0.5	0	0	0.38
48700	0.38	0.5	0.5	0	0	0.38
48800	0.38	0.5	0.5	0	0	0.38
48900	0.38	0.5	0.5	0	0	0.38
49000	0.38	0.5	0.5	0	0	0.38
49100	0.38	0.5	0.5	0	0	0.38
49200	0.38	0.5	0.5	0	0	0.38
49300	0.38	0.52	0.52	0	0	0.38
49400	0.38	0.52	0.52	0	0	0.38
49500	0.38	0.52	0.52	0	0	0.38
49600	0.38	0.54	0.54	0	0	0.38
49700	0.38	0.52	0.52	0	0	0.38
49800	0.38	0.52	0.52	0	0	0.38
49900	0.38	0.5	0.5	0	0	0.38
50000	0.38	0.5	0.5	0	0	0.38
50100	0.38	0.48	0.48	0	0	0.38
50200	0.38	0.48	0.48	0	0	0.38
50300	0.38	0.48	0.48	0	0	0.38
50400	0.4	0.48	0.48	0	0	0.4
50500	0.4	0.48	0.48	0	0	0.4
50600	0.4	0.48	0.48	0	0	0.4
50700	0.4	0.48	0.48	0	0	0.4
50800	0.4	0.48	0.48	0	0	0.4
50900	0.4	0.48	0.48	0	0	0.4
51000	0.4	0.48	0.48	0	0	0.4
51100	0.4	0.48	0.48	0	0	0.4
51200	0.4	0.48	0.48	0	0	0.4
51300	0.4	0.48	0.48	0	0	0.4
51400	0.4	0.48	0.48	0	0	0.4
51500	0.4	0.48	0.48	0	0	0.4
51600	0.4	0.48	0.48	0	0	0.4
51700	0.4	0.48	0.48	0	0	0.4
51800	0.4	0.48	0.48	0	0	0.4
51900	0.4	0.48	0.48	0	0	0.4
52000	0.4	0.48	0.48	0	0	0.4
52100	0.4	0.48	0.48	0	0	0.4
52200	0.4	0.48	0.48	0	0	0.4
52300	0.42	0.48	0.48	0	0	0.42
52400	0.42	0.48	0.48	0	0	0.42
52500	0.42	0.48	0.48	0	0	0.42
52600	0.42	0.48	0.48	0	0	0.42
52700	0.42	0.5	0.5	0	0	0.42
52800	0.42	0.5	0.5	0	0	0.42
52900	0.42	0.5	0.5	0	0	0.42
53000	0.42	0.5	0.5	0	0	0.42
53100	0.42	0.5	0.5	0	0	0.42
53200	0.42	0.5	0.5	0	0	0.42
53300	0.42	0.52	0.52	0	0	0.42
53400	0.42	0.52	0.52	0	0	0.42
53500	0.44	0.52	0.52	0	0	0.44
53600	0.44	0.52	0.52	0	0	0.44
53700	0.44	0.52	0.52	0	0	0.44
53800	0.44	0.52	0.52	0	0	0.44
53900	0.44	0.52	0.52	0	0	0.44
54000	0.44	0.52	0.52	0	0	0.44
54100	0.44	0.52	0.52	0	0	0.44
54200	0.44	0.52	0.52	0	0	0.44
54300	0.44	0.52	0.52	0	0	0.44
54400	0.44	0.52	0.52	0	0	0.44
54500	0.44	0.52	0.52	0	0	0.44
54600	0.44	0.52	0.52	0	0	0.44
54700	0.44	0.52	0.52	0	0	0.44
54800	0.44	0.52	0.52	0	0	0.44
54900	0.44	0.52	0.52	0	0	0.44
55000	0.44	0.52	0.52	0	0	0.44
55100	0.44	0.52	0.52	0	0	0.44
55200	0.44	0.52	0.52	0	0	0.44
55300	0.44	0.52	0.52	0	0	0.44
55400	0.44	0.52	0.52	0	0	0.44
55500	0.44	0.52	0.52	0	0	0.44
55600	0.44	0.52	0.52	0	0	0.44
55700	0.44	0.52	0.52	0	0	0.44
55800	0.44	0.52	0.52	0	0	0.44
55900	0.44	0.52	0.52	0	0	0.44
56000	0.42	0.5	0.5	0	0	0.42
56100	0.42	0.5	0.5	0	0	0.42
56200	0.42	0.5	0.5	0	0	0.42
56300	0.42	0.5	0.5	0	0	0.42
56400	0.42	0.5	0.5	0	0	0.42
56500	0.42	0.52	0.52	0	0	0.42
56600	0.42	0.52	0.52	0	0	0.42
56700	0.42	0.52	0.52	0	0	0.42
56800	0.42	0.52	0.52	0	0	0.42
56900	0.42	0.52	0.52	0	0	0.42
57000	0.42	0.52	0.52	0	0	0.42
57100	0.42	0.52	0.52	0	0	0.42
57200	0.42	0.52	0.52	0	0	0.42
57300	0.42	0.52	0.52	0	0	0.42
57400	0.42	0.52	0.52	0	0	0.42
57500	0.42	0.52	0.52	0	0	0.42
57600	0.42	0.52	0.52	0	0	0.42
57700	0.42	0.52	0.52	0	0	0.42
57800	0.42	0.52	0.52	0	0	0.42
57900	0.42	0.54	0.54	0	0	0.42
58000	0.42	0.54	0.54	0	0	0.42
58100	0.42	0.54	0.54	0	0	0.42
58200	0.42	0.54	0.54	0	0	0.42
58300	0.42	0.54	0.54	0	0	0.42
58400	0.42	0.54	0.54	0	0	0.42
58500	0.42	0.54	0.54	0	0	0.42
58600	0.42	0.54	0.54	0	0	0.42
58700	0.42	0.54	0.54	0	0	0.42
58800	0.42	0.54	0.54	0	0	0.42
58900	0.42	0.52	0.52	0	0	0.42
59000	0.42	0.52	0.52	0	0	0.42
59100	0.42	0.52	0.52	0	0	0.42
59200	0.42	0.52	0.52	0	0	0.42
59300	0.42	0.52	0.52	0	0	0.42
59400	0.42	0.52	0.52	0	0	0.42
59500	0.42	0.52	0.52	0	0	0.42
59600	0.42	0.52	0.52	0	0	0.42
59700	0.42	0.5	0.5	0	0	0.42
59800	0.42	0.5	0.5	0	0	0.42
59900	0.42	0.5	0.5	0	0	0.42
60000	0.42	0.5	0.5	0	0	0.42
60100	0.42	0.5	0.5	0	0	0.42
60200	0.42	0.5	0.5	0	0	0.42
60300	0.42	0.5	0.5	0	0	0.42
60400	0.42	0.5	0.5	0	0	0.42
60500	0.42	0.5	0.5	0	0	0.42
60600	0.42	0.5	0.5	0	0	0.42
60700	0.42	0.5	0.5	0	0	0.42
60800	0.42	0.5	0.5	0	0	0.42
60900	0.42	0.5	0.5	0	0	0.42
61000	0.42	0.5	0.5	0	0	0.42
61100	0.42	0.5	0.5	0	0	0.42
61200	0.42	0.5	0.5	0	0	0.42
61300	0.42	0.5	0.5	0	0	0.42
61400	0.42	0.5	0.5	0	0	0.42
61500	0.42	0.5	0.5	0	0	0.42
61600	0.42	0.5	0.5	0	0	0.42
61700	0.42	0.5	0.5	0	0	0.42
61800	0.42	0.5	0.5	0	0	0.42
61900	0.42	0.5	0.5	0	0	0.42
62000	0.42	0.5	0.5	0	0	0.42
62100	0.42	0.5	0.5	0	0	0.42
62200	0.42	0.5	0.5	0	0	0.42
62300	0.42	0.5	0.5	0	0	0.42
62400	0.42	0.5	0.5	0	0	0.42
62500	0.42	0.5	0.5	0	0	0.42
62600	0.42	0.5	0.5	0	0	0.42
62700	0.42	0.5	0.5	0	0	0.42
62800	0.42	0.5	0.5	0	0	0.42
62900	0.42	0.5	0.5	0	0	0.42
63000	0.42	0.5	0.5	0	0	0.42
63100	0.42	0.5	0.5	0	0	0.42
63200	0.42	0.5	0.5	0	0	0.42
63300	0.42	0.5	0.5	0	0	0.42
63400	0.42	0.5	0.5	0	0	0.42
63500	0.42	0.5	0.5	0	0	0.42
63600	0.42	0.5	0.5	0	0	0.42
63700	0.42	0.5	0.5	0	0	0.42
63800	0.42	0.5	0.5	0	0	0.42
63900	0.42	0.5	0.5	0	0	0.42
64000	0.42	0.5	0.5	0	0	0.42
64100	0.42	0.5	0.5	0	0	0.42
64200	0.42	0.5	0.5	0	0	0.42
64300	0.42	0.5	0.5	0	0	0.42
64400	0.42	0.5	0.5	0	0	0.42
64500	0.42	0.5	0.5	0	0	0.42
64600	0.42	0.5	0.5	0	0	0.42
64700	0.42	0.5	0.5	0	0	0.42
64800	0.42	0.52	0.52	0	0	0.42
64900	0.42	0.5	0.5	0	0	0.42
65000	0.42	0.5	0.5	0	0	0.42
65100	0.42	0.5	0.5	0	0	0.42
65200	0.42	0.5	0.5	0	0	0.42
65300	0.42	0.5	0.5	0	0	0.42
65400	0.42	0.5	0.5	0	0	0.42
65500	0.42	0.5	0.5	0	0	0.42
65600	0.42	0.5	0.5	0	0	0.42
65700	0.42	0.5	0.5	0	0	0.42
65800	0.42	0.5	0.5	0	0	0.42
65900	0.42	0.5	0.5	0	0	0.42
66000	0.42	0.5	0.5	0	0	0.42
66100	0.44	0.5	0.5	0	0	0.44
66200	0.44	0.5	0.5	0	0	0.44
66300	0.44	0.5	0.5	0	0	0.44
66400	0.44	0.5	0.5	0	0	0.44
66500	0.44	0.5	0.5	0	0	0.44
66600	0.44	0.5	0.5	0	0	0.44
66700	0.44	0.5	0.5	0	0	0.44
66800	0.44	0.5	0.5	0	0	0.44
66900	0.44	0.5	0.5	0	0	0.44
67000	0.44	0.5	0.5	0	0	0.44
67100	0.44	0.5	0.5	0	0	0.44
67200	0.44	0.5	0.5	0	0	0.44
67300	0.44	0.5	0.5	0	0	0.44
67400	0.44	0.5	0.5	0	0	0.44
67500	0.44	0.5	0.5	0	0	0.44
67600	0.44	0.5	0.5	0	0	0.44
67700	0.44	0.5	0.5	0	0	0.44
67800	0.44	0.5	0.5	0	0	0.44
67900	0.44	0.5	0.5	0	0	0.44
68000	0.44	0.5	0.5	0	0	0.44
68100	0.44	0.5	0.5	0	0	0.44
68200	0.44	0.5	0.5	0	0	0.44
68300	0.44	0.5	0.5	0	0	0.44
68400	0.44	0.5	0.5	0	0	0.44
68500	0.44	0.5	0.5	0	0	0.44
68600	0.44	0.5	0.5	0	0	0.44
68700	0.42	0.5	0.5	0	0	0.42
68800	0.42	0.5	0.5	0	0	0.42
68900	0.42	0.5	0.5	0	0	0.42
69000	0.42	0.5	0.5	0	0	0.42
69100	0.42	0.5	0.5	0	0	0.42
69200	0.42	0.5	0.5	0	0	0.42
69300	0.42	0.5	0.5	0	0	0.42
69400	0.42	0.5	0.5	0	0	0.42
69500	0.42	0.5	0.5	0	0	0.42
69600	0.42	0.5	0.5	0	0	0.42
69700	0.42	0.5	0.5	0	0	0.42
69800	0.42	0.5	0.5	0	0	0.42
69900	0.42	0.5	0.5	0	0	0.42
70000	0.42	0.5	0.5	0	0	0.42
70100	0.42	0.5	0.5	0	0	0.42
70200	0.42	0.5	0.5	0	0	0.42
70300	0.42	0.5	0.5	0	0	0.42
70400	0.42	0.5	0.5	0	0	0.42
70500	0.42	0.5	0.5	0	0	0.42
70600	0.42	0.5	0.5	0	0	0.42
70700	0.42	0.5	0.5	0	0	0.42
70800	0.44	0.5	0.5	0	0	0.44
70900	0.44	0.5	0.5	0	0	0.44
71000	0.44	0.5	0.5	0	0	0.44
71100	0.44	0.5	0.5	0	0	0.44
71200	0.44	0.5	0.5	0	0	0.44
71300	0.44	0.5	0.5	0	0	0.44
71400	0.44	0.5	0.5	0	0	0.44
71500	0.44	0.5	0.5	0	0	0.44
71600	0.44	0.5	0.5	0	0	0.44
71700	0.44	0.5	0.5	0	0	0.44
71800	0.44	0.5	0.5	0	0	0.44
71900	0.44	0.5	0.5	0	0	0.44
72000	0.44	0.5	0.5	0	0	0.44
72100	0.44	0.48	0.48	0	0	0.44
72200	0.44	0.48	0.48	0	0	0.44
72300	0.44	0.48	0.48	0	0	0.44
72400	0.44	0.48	0.48	0	0	0.44
72500	0.44	0.48	0.48	0	0	0.44
72600	0.44	0.48	0.48	0	0	0.44
72700	0.44	0.48	0.48	0	0	0.44
72800	0.44	0.48	0.48	0	0	0.44
72900	0.44	0.48	0.48	0	0	0.44
73000	0.44	0.48	0.48	0	0	0.44
73100	0.44	0.48	0.48	0	0	0.44
73200	0.44	0.48	0.48	0	0	0.44
73300	0.44	0.48	0.48	0	0	0.44
73400	0.44	0.48	0.48	0	0	0.44
73500	0.44	0.48	0.48	0	0	0.44
73600	0.44	0.48	0.48	0	0	0.44
73700	0.44	0.48	0.48	0	0	0.44
73800	0.44	0.48	0.48	0	0	0.44
73900	0.44	0.48	0.48	0	0	0.44
74000	0.44	0.48	0.48	0	0	0.44
74100	0.44	0.5	0.5	0	0	0.44
74200	0.44	0.48	0.48	0	0	0.44
74300	0.44	0.48	0.48	0	0	0.44
74400	0.44	0.48	0.48	0	0	0.44
74500	0.44	0.48	0.48	0	0	0.44
74600	0.44	0.48	0.48	0	0	0.44
74700	0.44	0.48	0.48	0	0	0.44
74800	0.44	0.48	0.48	0	0	0.44
74900	0.44	0.48	0.48	0	0	0.44
75000	0.44	0.5	0.5	0	0	0.44
75100	0.44	0.5	0.5	0	0	0.44
75200	0.44	0.5	0.5	0	0	0.44
75300	0.42	0.5	0.5	0	0	0.42
75400	0.42	0.5	0.5	0	0	0.42
75500	0.42	0.5	0.5	0	0	0.42
75600	0.42	0.5	0.5	0	0	0.42
75700	0.42	0.5	0.5	0	0	0.42
75800	0.42	0.5	0.5	0	0	0.42
75900	0.42	0.5	0.5	0	0	0.42
76000	0.42	0.5	0.5	0	0	0.42
76100	0.42	0.5	0.5	0	0	0.42
76200	0.42	0.5	0.5	0	0	0.42
76300	0.42	0.5	0.5	0	0	0.42
76400	0.42	0.5	0.5	0	0	0.42
76500	0.42	0.5	0.5	0	0	0.42
76600	0.42	0.5	0.5	0	0	0.42
76700	0.42	0.5	0.5	0	0	0.42
76800	0.44	0.5	0.5	0	0	0.44
76900	0.44	0.5	0.5	0	0	0.44
77000	0.44	0.5	0.5	0	0	0.44
77100	0.44	0.48	0.48	0	0	0.44
77200	0.44	0.48	0.48	0	0	0.44
77300	0.44	0.48	0.48	0	0	0.44
77400	0.44	0.48	0.48	0	0	0.44
77500	0.44	0.48	0.48	0	0	0.44
77600	0.44	0.48	0.48	0	0	0.44
77700	0.44	0.48	0.48	0	0	0.44
77800	0.44	0.48	0.48	0	0	0.44
77900	0.44	0.48	0.48	0	0	0.44
78000	0.44	0.48	0.48	0	0	0.44
78100	0.44	0.48	0.48	0	0	0.44
78200	0.44	0.48	0.48	0	0	0.44
78300	0.44	0.48	0.48	0	0	0.44
78400	0.46	0.48	0.48	0	0	0.46
78500	0.46	0.48	0.48	0	0	0.46
78600	0.46	0.48	0.48	0	0	0.46
78700	0.46	0.48	0.48	0	0	0.46
78800	0.46	0.48	0.48	0	0	0.46
78900	0.46	0.48	0.48	0	0	0.46
79000	0.46	0.48	0.48	0	0	0.46
79100	0.46	0.48	0.48	0	0	0.46
79200	0.46	0.48	0.48	0	0	0.46
79300	0.46	0.48	0.48	0	0	0.46
79400	0.46	0.48	0.48	0	0	0.46
79500	0.46	0.48	0.48	0	0	0.46
79600	0.46	0.46	0.46	0	0	0.46
79700	0.46	0.46	0.46	0	0	0.46
79800	0.46	0.46	0.46	0	0	0.46
79900	0.46	0.46	0.46	0	0	0.46
80000	0.46	0.48	0.48	0	0	0.46
80100	0.46	0.48	0.48	0	0	0.46
80200	0.46	0.48	0.48	0	0	0.46
80300	0.46	0.48	0.48	0	0	0.46
80400	0.46	0.48	0.48	0	0	0.46
80500	0.46	0.48	0.48	0	0	0.46
80600	0.46	0.48	0.48	0	0	0.46
80700	0.46	0.48	0.48	0	0	0.46
80800	0.46	0.48	0.48	0	0	0.46
80900	0.46	0.48	0.48	0	0	0.46
81000	0.46	0.48	0.48	0	0	0.46
81100	0.46	0.48	0.48	0	0	0.46
81200	0.46	0.48	0.48	0	0	0.46
81300	0.46	0.48	0.48	0	0	0.46
81400	0.46	0.48	0.48	0	0	0.46
81500	0.46	0.48	0.48	0	0	0.46
81600	0.46	0.48	0.48	0	0	0.46
81700	0.46	0.46	0.46	0	0	0.46
81800	0.46	0.46	0.46	0	0	0.46
81900	0.48	0.46	0.46	0	0	0.48
82000	0.48	0.46	0.46	0	0	0.48
82100	0.48	0.46	0.46	0	0	0.48
82200	0.48	0.46	0.46	0	0	0.48
82300	0.48	0.46	0.46	0	0	0.48
82400	0.48	0.46	0.46	0	0	0.48
82500	0.48	0.46	0.46	0	0	0.48
82600	0.48	0.46	0.46	0	0	0.48
82700	0.48	0.46	0.46	0	0	0.48
82800	0.48	0.46	0.46	0	0	0.48
82900	0.48	0.46	0.46	0	0	0.48
83000	0.48	0.46	0.46	0	0	0.48
83100	0.48	0.46	0.46	0	0	0.48
83200	0.48	0.46	0.46	0	0	0.48
83300	0.48	0.46	0.46	0	0	0.48
83400	0.48	0.46	0.46	0	0	0.48
83500	0.48	0.46	0.46	0	0	0.48
83600	0.48	0.46	0.46	0	0	0.48
83700	0.48	0.46	0.46	0	0	0.48
83800	0.48	0.46	0.46	0	0	0.48
83900	0.48	0.46	0.46	0	0	0.48
84000	0.48	0.46	0.46	0	0	0.48
84100	0.48	0.46	0.46	0	0	0.48
84200	0.48	0.46	0.46	0	0	0.48
84300	0.48	0.46	0.46	0	0	0.48
84400	0.48	0.46	0.46	0	0	0.48
84500	0.48	0.48	0.48	0	0	0.48
84600	0.48	0.48	0.48	0	0	0.48
84700	0.48	0.48	0.48	0	0	0.48
84800	0.48	0.48	0.48	0	0	0.48
84900	0.48	0.48	0.48	0	0	0.48
85000	0.48	0.48	0.48	0	0	0.48
85100	0.48	0.48	0.48	0	0	0.48
85200	0.48	0.48	0.48	0	0	0.48
85300	0.48	0.48	0.48	0	0	0.48
85400	0.48	0.48	0.48	0	0	0.48
85500	0.48	0.48	0.48	0	0	0.48
85600	0.48	0.48	0.48	0	0	0.48
85700	0.48	0.48	0.48	0	0	0.48
85800	0.48	0.48	0.48	0	0	0.48
85900	0.48	0.48	0.48	0	0	0.48
86000	0.48	0.48	0.48	0	0	0.48
86100	0.48	0.48	0.48	0	0	0.48
86200	0.48	0.48	0.48	0	0	0.48
86300	0.48	0.48	0.48	0	0	0.48
86400	0.48	0.48	0.48	0	0	0.48
86500	0.48	0.48	0.48	0	0	0.48
86600	0.48	0.48	0.48	0	0	0.48
86700	0.48	0.48	0.48	0	0	0.48
86800	0.48	0.48	0.48	0	0	0.48
86900	0.48	0.48	0.48	0	0	0.48
87000	0.48	0.48	0.48	0	0	0.48
87100	0.48	0.48	0.48	0	0	0.48
87200	0.48	0.48	0.48	0	0	0.48
87300	0.48	0.48	0.48	0	0	0.48
87400	0.48	0.48	0.48	0	0	0.48
87500	0.48	0.48	0.48	0	0	0.48
87600	0.48	0.48	0.48	0	0	0.48
87700	0.48	0.48	0.48	0	0	0.48
87800	0.48	0.48	0.48	0	0	0.48
87900	0.48	0.48	0.48	0	0	0.48
88000	0.48	0.48	0.48	0	0	0.48
88100	0.48	0.48	0.48	0	0	0.48
88200	0.48	0.48	0.48	0	0	0.48
88300	0.48	0.48	0.48	0	0	0.48
88400	0.48	0.48	0.48	0	0	0.48
88500	0.48	0.48	0.48	0	0	0.48
88600	0.48	0.46	0.46	0	0	0.48
88700	0.48	0.46	0.46	0	0	0.48
88800	0.48	0.48	0.48	0	0	0.48
88900	0.48	0.48	0.48	0	0	0.48
89000	0.48	0.48	0.48	0	0	0.48
89100	0.48	0.48	0.48	0	0	0.48
89200	0.48	0.48	0.48	0	0	0.48
89300	0.48	0.48	0.48	0	0	0.48
89400	0.48	0.48	0.48	0	0	0.48
89500	0.48	0.48	0.48	0	0	0.48
89600	0.48	0.48	0.48	0	0	0.48
89700	0.48	0.48	0.48	0	0	0.48
89800	0.48	0.48	0.48	0	0	0.48
89900	0.48	0.48	0.48	0	0	0.48
90000	0.48	0.48	0.48	0	0	0.48
90100	0.48	0.48	0.48	0	0	0.48
90200	0.48	0.48	0.48	0	0	0.48
90300	0.48	0.48	0.48	0	0	0.48
90400	0.48	0.48	0.48	0	0	0.48
90500	0.48	0.48	0.48	0	0	0.48
90600	0.48	0.48	0.48	0	0	0.48
90700	0.48	0.48	0.48	0	0	0.48
90800	0.48	0.48	0.48	0	0	0.48
90900	0.48	0.48	0.48	0	0	0.48
91000	0.48	0.48	0.48	0	0	0.48
91100	0.48	0.48	0.48	0	0	0.48
91200	0.48	0.48	0.48	0	0	0.48
91300	0.48	0.48	0.48	0	0	0.48
91400	0.5	0.48	0.48	0	0	0.5
91500	0.48	0.48	0.48	0	0	0.48
91600	0.48	0.48	0.48	0	0	0.48
91700	0.48	0.48	0.48	0	0	0.48
91800	0.48	0.48	0.48	0	0	0.48
91900	0.48	0.48	0.48	0	0	0.48
92000	0.48	0.48	0.48	0	0	0.48
92100	0.48	0.48	0.48	0	0	0.48
92200	0.48	0.48	0.48	0	0	0.48
92300	0.48	0.48	0.48	0	0	0.48
92400	0.48	0.48	0.48	0	0	0.48
92500	0.48	0.48	0.48	0	0	0.48
92600	0.48	0.48	0.48	0	0	0.48
92700	0.48	0.48	0.48	0	0	0.48
92800	0.48	0.48	0.48	0	0	0.48
92900	0.48	0.48	0.48	0	0	0.48
93000	0.48	0.48	0.48	0	0	0.48
93100	0.48	0.48	0.48	0	0	0.48
93200	0.46	0.48	0.48	0	0	0.46
93300	0.46	0.48	0.48	0	0	0.46
93400	0.46	0.48	0.48	0	0	0.46
93500	0.46	0.48	0.48	0	0	0.46
93600	0.46	0.48	0.48	0	0	0.46
93700	0.46	0.48	0.48	0	0	0.46
93800	0.46	0.48	0.48	0	0	0.46
93900	0.46	0.48	0.48	0	0	0.46
94000	0.44	0.48	0.48	0	0	0.44
94100	0.44	0.48	0.48	0	0	0.44
94200	0.44	0.48	0.48	0	0	0.44
94300	0.44	0.48	0.48	0	0	0.44
94400	0.44	0.48	0.48	0	0	0.44
94500	0.44	0.48	0.48	0	0	0.44
94600	0.44	0.48	0.48	0	0	0.44
94700	0.46	0.48	0.48	0	0	0.46
94800	0.46	0.48	0.48	0	0	0.46
94900	0.46	0.48	0.48	0	0	0.46
95000	0.46	0.48	0.48	0	0	0.46
95100	0.46	0.48	0.48	0	0	0.46
95200	0.46	0.48	0.48	0	0	0.46
95300	0.46	0.48	0.48	0	0	0.46
95400	0.46	0.48	0.48	0	0	0.46
95500	0.46	0.48	0.48	0	0	0.46
95600	0.46	0.48	0.48	0	0	0.46
95700	0.46	0.48	0.48	0	0	0.46
95800	0.46	0.48	0.48	0	0	0.46
95900	0.44	0.48	0.48	0	0	0.44
96000	0.44	0.48	0.48	0	0	0.44
96100	0.44	0.48	0.48	0	0	0.44
96200	0.44	0.48	0.48	0	0	0.44
96300	0.44	0.48	0.48	0	0	0.44
96400	0.44	0.48	0.48	0	0	0.44
96500	0.44	0.48	0.48	0	0	0.44
96600	0.44	0.48	0.48	0	0	0.44
96700	0.44	0.48	0.48	0	0	0.44
96800	0.44	0.48	0.48	0	0	0.44
96900	0.44	0.48	0.48	0	0	0.44
97000	0.44	0.48	0.48	0	0	0.44
97100	0.44	0.48	0.48	0	0	0.44
97200	0.44	0.48	0.48	0	0	0.44
97300	0.44	0.48	0.48	0	0	0.44
97400	0.44	0.48	0.48	0	0	0.44
97500	0.44	0.5	0.5	0	0	0.44
97600	0.44	0.5	0.5	0	0	0.44
97700	0.44	0.5	0.5	0	0	0.44
97800	0.44	0.5	0.5	0	0	0.44
97900	0.42	0.5	0.5	0	0	0.42
98000	0.42	0.5	0.5	0	0	0.42
98100	0.42	0.5	0.5	0	0	0.42
98200	0.42	0.5	0.5	0	0	0.42
98300	0.42	0.5	0.5	0	0	0.42
98400	0.42	0.5	0.5	0	0	0.42
98500	0.42	0.5	0.5	0	0	0.42
98600	0.42	0.5	0.5	0	0	0.42
98700	0.42	0.5	0.5	0	0	0.42
98800	0.42	0.5	0.5	0	0	0.42
98900	0.42	0.5	0.5	0	0	0.42
99000	0.42	0.5	0.5	0	0	0.42
99100	0.42	0.5	0.5	0	0	0.42
99200	0.42	0.5	0.5	0	0	0.42
99300	0.42	0.5	0.5	0	0	0.42
99400	0.42	0.5	0.5	0	0	0.42
99500	0.42	0.5	0.5	0	0	0.42
99600	0.42	0.5	0.5	0	0	0.42
99700	0.42	0.5	0.5	0	0	0.42
99800	0.42	0.5	0.5	0	0	0.42
99900	0.42	0.5	0.5	0	0	0.42
100000	0.42	0.5	0.5	0	0	0.42
