100	0.08	0.1	0.1	0	0	0.08
200	0.14	0.12	0.12	0	0	0.14
300	0.14	0.16	0.16	0	0	0.14
400	0.18	0.16	0.16	0	0	0.18
500	0.16	0.18	0.18	0	0	0.16
600	0.16	0.22	0.22	0	0	0.16
700	0.22	0.22	0.22	0	0	0.22
800	0.22	0.22	0.22	0	0	0.22
900	0.26	0.24	0.24	0	0	0.26
1000	0.26	0.24	0.24	0	0	0.26
1100	0.28	0.26	0.26	0	0	0.28
1200	0.28	0.32	0.32	0	0	0.28
1300	0.3	0.32	0.32	0	0	0.3
1400	0.3	0.32	0.32	0	0	0.3
1500	0.3	0.34	0.34	0	0	0.3
1600	0.3	0.34	0.34	0	0	0.3
1700	0.3	0.34	0.34	0	0	0.3
1800	0.3	0.34	0.34	0	0	0.3
1900	0.3	0.34	0.34	0	0	0.3
2000	0.3	0.34	0.34	0	0	0.3
2100	0.3	0.34	0.34	0	0	0.3
2200	0.3	0.34	0.34	0	0	0.3
2300	0.3	0.34	0.34	0	0	0.3
2400	0.3	0.34	0.34	0	0	0.3
2500	0.3	0.34	0.34	0	0	0.3
2600	0.3	0.34	0.34	0	0	0.3
2700	0.3	0.34	0.34	0	0	0.3
2800	0.3	0.34	0.34	0	0	0.3
2900	0.3	0.36	0.36	0	0	0.3
3000	0.3	0.34	0.34	0	0	0.3
3100	0.3	0.34	0.34	0	0	0.3
3200	0.3	0.34	0.34	0	0	0.3
3300	0.3	0.32	0.32	0	0	0.3
3400	0.3	0.32	0.32	0	0	0.3
3500	0.3	0.32	0.32	0	0	0.3
3600	0.3	0.32	0.32	0	0	0.3
3700	0.3	0.34	0.34	0	0	0.3
3800	0.3	0.36	0.36	0	0	0.3
3900	0.32	0.38	0.38	0	0	0.32
4000	0.32	0.36	0.36	0	0	0.32
4100	0.3	0.36	0.36	0	0	0.3
4200	0.3	0.36	0.36	0	0	0.3
4300	0.3	0.36	0.36	0	0	0.3
4400	0.28	0.36	0.36	0	0	0.28
4500	0.28	0.36	0.36	0	0	0.28
4600	0.28	0.34	0.34	0	0	0.28
4700	0.3	0.34	0.34	0	0	0.3
4800	0.3	0.34	0.34	0	0	0.3
4900	0.3	0.36	0.36	0	0	0.3
5000	0.32	0.36	0.36	0	0	0.32
5100	0.3	0.38	0.38	0	0	0.3
5200	0.3	0.38	0.38	0	0	0.3
5300	0.3	0.38	0.38	0	0	0.3
5400	0.28	0.34	0.34	0	0	0.28
5500	0.3	0.34	0.34	0	0	0.3
5600	0.32	0.36	0.36	0	0	0.32
5700	0.32	0.38	0.38	0	0	0.32
5800	0.32	0.38	0.38	0	0	0.32
5900	0.32	0.38	0.38	0	0	0.32
6000	0.32	0.38	0.38	0	0	0.32
6100	0.32	0.38	0.38	0	0	0.32
6200	0.32	0.38	0.38	0	0	0.32
6300	0.32	0.38	0.38	0	0	0.32
6400	0.32	0.38	0.38	0	0	0.32
6500	0.34	0.38	0.38	0	0	0.34
6600	0.34	0.42	0.42	0	0	0.34
6700	0.34	0.42	0.42	0	0	0.34
6800	0.36	0.42	0.42	0	0	0.36
6900	0.36	0.42	0.42	0	0	0.36
7000	0.36	0.42	0.42	0	0	0.36
7100	0.36	0.42	0.42	0	0	0.36
7200	0.36	0.42	0.42	0	0	0.36
7300	0.36	0.44	0.44	0	0	0.36
7400	0.36	0.44	0.44	0	0	0.36
7500	0.36	0.44	0.44	0	0	0.36
7600	0.38	0.44	0.44	0	0	0.38
7700	0.38	0.44	0.44	0	0	0.38
7800	0.38	0.44	0.44	0	0	0.38
7900	0.38	0.44	0.44	0	0	0.38
8000	0.38	0.44	0.44	0	0	0.38
8100	0.38	0.42	0.42	0	0	0.38
8200	0.36	0.42	0.42	0	0	0.36
8300	0.34	0.44	0.44	0	0	0.34
8400	0.34	0.44	0.44	0	0	0.34
8500	0.34	0.44	0.44	0	0	0.34
8600	0.34	0.42	0.42	0	0	0.34
8700	0.34	0.42	0.42	0	0	0.34
8800	0.34	0.4	0.4	0	0	0.34
8900	0.34	0.42	0.42	0	0	0.34
9000	0.34	0.44	0.44	0	0	0.34
9100	0.34	0.44	0.44	0	0	0.34
9200	0.34	0.44	0.44	0	0	0.34
9300	0.34	0.44	0.44	0	0	0.34
9400	0.34	0.44	0.44	0	0	0.34
9500	0.34	0.44	0.44	0	0	0.34
9600	0.34	0.44	0.44	0	0	0.34
9700	0.34	0.44	0.44	0	0	0.34
9800	0.34	0.46	0.46	0	0	0.34
9900	0.34	0.46	0.46	0	0	0.34
10000	0.34	0.44	0.44	0	0	0.34
10100	0.34	0.44	0.44	0	0	0.34
10200	0.34	0.44	0.44	0	0	0.34
10300	0.34	0.44	0.44	0	0	0.34
10400	0.34	0.46	0.46	0	0	0.34
10500	0.34	0.46	0.46	0	0	0.34
10600	0.34	0.46	0.46	0	0	0.34
10700	0.34	0.46	0.46	0	0	0.34
10800	0.34	0.44	0.44	0	0	0.34
10900	0.34	0.44	0.44	0	0	0.34
11000	0.34	0.44	0.44	0	0	0.34
11100	0.34	0.44	0.44	0	0	0.34
11200	0.34	0.44	0.44	0	0	0.34
11300	0.36	0.44	0.44	0	0	0.36
11400	0.36	0.44	0.44	0	0	0.36
11500	0.36	0.44	0.44	0	0	0.36
11600	0.36	0.44	0.44	0	0	0.36
11700	0.36	0.44	0.44	0	0	0.36
11800	0.38	0.42	0.42	0	0	0.38
11900	0.38	0.42	0.42	0	0	0.38
12000	0.38	0.42	0.42	0	0	0.38
12100	0.38	0.42	0.42	0	0	0.38
12200	0.38	0.42	0.42	0	0	0.38
12300	0.38	0.42	0.42	0	0	0.38
12400	0.38	0.42	0.42	0	0	0.38
12500	0.38	0.42	0.42	0	0	0.38
12600	0.38	0.42	0.42	0	0	0.38
12700	0.38	0.42	0.42	0	0	0.38
12800	0.36	0.42	0.42	0	0	0.36
12900	0.36	0.4	0.4	0	0	0.36
13000	0.36	0.4	0.4	0	0	0.36
13100	0.36	0.4	0.4	0	0	0.36
13200	0.36	0.42	0.42	0	0	0.36
13300	0.36	0.42	0.42	0	0	0.36
13400	0.36	0.42	0.42	0	0	0.36
13500	0.38	0.42	0.42	0	0	0.38
13600	0.38	0.42	0.42	0	0	0.38
13700	0.36	0.42	0.42	0	0	0.36
13800	0.38	0.44	0.44	0	0	0.38
13900	0.38	0.44	0.44	0	0	0.38
14000	0.38	0.44	0.44	0	0	0.38
14100	0.38	0.44	0.44	0	0	0.38
14200	0.38	0.44	0.44	0	0	0.38
14300	0.38	0.46	0.46	0	0	0.38
14400	0.38	0.44	0.44	0	0	0.38
14500	0.38	0.44	0.44	0	0	0.38
14600	0.38	0.4	0.4	0	0	0.38
14700	0.38	0.4	0.4	0	0	0.38
14800	0.38	0.4	0.4	0	0	0.38
14900	0.38	0.4	0.4	0	0	0.38
15000	0.36	0.4	0.4	0	0	0.36
15100	0.36	0.4	0.4	0	0	0.36
15200	0.36	0.4	0.4	0	0	0.36
15300	0.36	0.4	0.4	0	0	0.36
15400	0.36	0.4	0.4	0	0	0.36
15500	0.36	0.4	0.4	0	0	0.36
15600	0.36	0.4	0.4	0	0	0.36
15700	0.36	0.4	0.4	0	0	0.36
15800	0.36	0.4	0.4	0	0	0.36
15900	0.36	0.4	0.4	0	0	0.36
16000	0.36	0.4	0.4	0	0	0.36
16100	0.36	0.4	0.4	0	0	0.36
16200	0.38	0.4	0.4	0	0	0.38
16300	0.4	0.4	0.4	0	0	0.4
16400	0.4	0.4	0.4	0	0	0.4
16500	0.4	0.4	0.4	0	0	0.4
16600	0.42	0.4	0.4	0	0	0.42
16700	0.42	0.4	0.4	0	0	0.42
16800	0.42	0.4	0.4	0	0	0.42
16900	0.42	0.4	0.4	0	0	0.42
17000	0.42	0.4	0.4	0	0	0.42
17100	0.44	0.4	0.4	0	0	0.44
17200	0.44	0.4	0.4	0	0	0.44
17300	0.44	0.4	0.4	0	0	0.44
17400	0.44	0.4	0.4	0	0	0.44
17500	0.44	0.4	0.4	0	0	0.44
17600	0.44	0.4	0.4	0	0	0.44
17700	0.44	0.4	0.4	0	0	0.44
17800	0.44	0.4	0.4	0	0	0.44
17900	0.44	0.4	0.4	0	0	0.44
18000	0.44	0.4	0.4	0	0	0.44
18100	0.42	0.4	0.4	0	0	0.42
18200	0.42	0.4	0.4	0	0	0.42
18300	0.42	0.4	0.4	0	0	0.42
18400	0.42	0.4	0.4	0	0	0.42
18500	0.42	0.4	0.4	0	0	0.42
18600	0.42	0.42	0.42	0	0	0.42
18700	0.42	0.42	0.42	0	0	0.42
18800	0.42	0.44	0.44	0	0	0.42
18900	0.42	0.44	0.44	0	0	0.42
19000	0.42	0.44	0.44	0	0	0.42
19100	0.42	0.44	0.44	0	0	0.42
19200	0.42	0.44	0.44	0	0	0.42
19300	0.42	0.44	0.44	0	0	0.42
19400	0.42	0.46	0.46	0	0	0.42
19500	0.42	0.46	0.46	0	0	0.42
19600	0.42	0.46	0.46	0	0	0.42
19700	0.42	0.46	0.46	0	0	0.42
19800	0.42	0.46	0.46	0	0	0.42
19900	0.42	0.46	0.46	0	0	0.42
20000	0.42	0.46	0.46	0	0	0.42
20100	0.42	0.46	0.46	0	0	0.42
20200	0.42	0.46	0.46	0	0	0.42
20300	0.42	0.46	0.46	0	0	0.42
20400	0.42	0.48	0.48	0	0	0.42
20500	0.42	0.48	0.48	0	0	0.42
20600	0.4	0.46	0.46	0	0	0.4
20700	0.4	0.48	0.48	0	0	0.4
20800	0.4	0.48	0.48	0	0	0.4
20900	0.4	0.48	0.48	0	0	0.4
21000	0.4	0.48	0.48	0	0	0.4
21100	0.4	0.48	0.48	0	0	0.4
21200	0.4	0.48	0.48	0	0	0.4
21300	0.4	0.48	0.48	0	0	0.4
21400	0.4	0.48	0.48	0	0	0.4
21500	0.4	0.48	0.48	0	0	0.4
21600	0.4	0.48	0.48	0	0	0.4
21700	0.4	0.48	0.48	0	0	0.4
21800	0.4	0.48	0.48	0	0	0.4
21900	0.4	0.48	0.48	0	0	0.4
22000	0.4	0.5	0.5	0	0	0.4
22100	0.4	0.5	0.5	0	0	0.4
22200	0.4	0.48	0.48	0	0	0.4
22300	0.4	0.46	0.46	0	0	0.4
22400	0.4	0.46	0.46	0	0	0.4
22500	0.4	0.44	0.44	0	0	0.4
22600	0.4	0.42	0.42	0	0	0.4
22700	0.4	0.42	0.42	0	0	0.4
22800	0.4	0.42	0.42	0	0	0.4
22900	0.4	0.42	0.42	0	0	0.4
23000	0.4	0.42	0.42	0	0	0.4
23100	0.4	0.42	0.42	0	0	0.4
23200	0.4	0.42	0.42	0	0	0.4
23300	0.4	0.42	0.42	0	0	0.4
23400	0.4	0.42	0.42	0	0	0.4
23500	0.4	0.42	0.42	0	0	0.4
23600	0.42	0.42	0.42	0	0	0.42
23700	0.42	0.42	0.42	0	0	0.42
23800	0.42	0.42	0.42	0	0	0.42
23900	0.44	0.42	0.42	0	0	0.44
24000	0.44	0.42	0.42	0	0	0.44
24100	0.44	0.42	0.42	0	0	0.44
24200	0.44	0.42	0.42	0	0	0.44
24300	0.44	0.42	0.42	0	0	0.44
24400	0.42	0.42	0.42	0	0	0.42
24500	0.42	0.42	0.42	0	0	0.42
24600	0.42	0.42	0.42	0	0	0.42
24700	0.42	0.42	0.42	0	0	0.42
24800	0.44	0.42	0.42	0	0	0.44
24900	0.44	0.42	0.42	0	0	0.44
25000	0.4	0.42	0.42	0	0	0.4
25100	0.4	0.42	0.42	0	0	0.4
25200	0.4	0.42	0.42	0	0	0.4
25300	0.4	0.42	0.42	0	0	0.4
25400	0.4	0.42	0.42	0	0	0.4
25500	0.4	0.42	0.42	0	0	0.4
25600	0.4	0.42	0.42	0	0	0.4
25700	0.4	0.42	0.42	0	0	0.4
25800	0.4	0.42	0.42	0	0	0.4
25900	0.4	0.42	0.42	0	0	0.4
26000	0.4	0.42	0.42	0	0	0.4
26100	0.4	0.42	0.42	0	0	0.4
26200	0.4	0.42	0.42	0	0	0.4
26300	0.4	0.42	0.42	0	0	0.4
26400	0.4	0.42	0.42	0	0	0.4
26500	0.4	0.46	0.46	0	0	0.4
26600	0.4	0.46	0.46	0	0	0.4
26700	0.4	0.46	0.46	0	0	0.4
26800	0.42	0.48	0.48	0	0	0.42
26900	0.42	0.48	0.48	0	0	0.42
27000	0.42	0.48	0.48	0	0	0.42
27100	0.42	0.48	0.48	0	0	0.42
27200	0.42	0.5	0.5	0	0	0.42
27300	0.42	0.5	0.5	0	0	0.42
27400	0.42	0.48	0.48	0	0	0.42
27500	0.42	0.48	0.48	0	0	0.42
27600	0.42	0.48	0.48	0	0	0.42
27700	0.42	0.48	0.48	0	0	0.42
27800	0.42	0.48	0.48	0	0	0.42
27900	0.42	0.48	0.48	0	0	0.42
28000	0.42	0.48	0.48	0	0	0.42
28100	0.42	0.48	0.48	0	0	0.42
28200	0.42	0.48	0.48	0	0	0.42
28300	0.42	0.5	0.5	0	0	0.42
28400	0.42	0.5	0.5	0	0	0.42
28500	0.42	0.5	0.5	0	0	0.42
28600	0.42	0.5	0.5	0	0	0.42
28700	0.42	0.5	0.5	0	0	0.42
28800	0.42	0.5	0.5	0	0	0.42
28900	0.42	0.48	0.48	0	0	0.42
29000	0.42	0.48	0.48	0	0	0.42
29100	0.42	0.48	0.48	0	0	0.42
29200	0.42	0.48	0.48	0	0	0.42
29300	0.42	0.48	0.48	0	0	0.42
29400	0.42	0.48	0.48	0	0	0.42
29500	0.4	0.48	0.48	0	0	0.4
29600	0.4	0.48	0.48	0	0	0.4
29700	0.4	0.48	0.48	0	0	0.4
29800	0.4	0.48	0.48	0	0	0.4
29900	0.4	0.48	0.48	0	0	0.4
30000	0.4	0.48	0.48	0	0	0.4
30100	0.4	0.48	0.48	0	0	0.4
30200	0.4	0.48	0.48	0	0	0.4
30300	0.4	0.48	0.48	0	0	0.4
30400	0.4	0.48	0.48	0	0	0.4
30500	0.4	0.48	0.48	0	0	0.4
30600	0.4	0.48	0.48	0	0	0.4
30700	0.4	0.48	0.48	0	0	0.4
30800	0.42	0.5	0.5	0	0	0.42
30900	0.42	0.5	0.5	0	0	0.42
31000	0.42	0.5	0.5	0	0	0.42
31100	0.42	0.5	0.5	0	0	0.42
31200	0.42	0.5	0.5	0	0	0.42
31300	0.42	0.5	0.5	0	0	0.42
31400	0.42	0.5	0.5	0	0	0.42
31500	0.42	0.52	0.52	0	0	0.42
31600	0.42	0.52	0.52	0	0	0.42
31700	0.42	0.5	0.5	0	0	0.42
31800	0.4	0.5	0.5	0	0	0.4
31900	0.4	0.5	0.5	0	0	0.4
32000	0.4	0.5	0.5	0	0	0.4
32100	0.4	0.5	0.5	0	0	0.4
32200	0.4	0.5	0.5	0	0	0.4
32300	0.4	0.5	0.5	0	0	0.4
32400	0.38	0.5	0.5	0	0	0.38
32500	0.38	0.5	0.5	0	0	0.38
32600	0.4	0.5	0.5	0	0	0.4
32700	0.4	0.5	0.5	0	0	0.4
32800	0.4	0.5	0.5	0	0	0.4
32900	0.4	0.5	0.5	0	0	0.4
33000	0.4	0.5	0.5	0	0	0.4
33100	0.42	0.5	0.5	0	0	0.42
33200	0.42	0.5	0.5	0	0	0.42
33300	0.42	0.5	0.5	0	0	0.42
33400	0.42	0.5	0.5	0	0	0.42
33500	0.42	0.5	0.5	0	0	0.42
33600	0.42	0.5	0.5	0	0	0.42
33700	0.42	0.5	0.5	0	0	0.42
33800	0.42	0.5	0.5	0	0	0.42
33900	0.42	0.5	0.5	0	0	0.42
34000	0.42	0.5	0.5	0	0	0.42
34100	0.42	0.5	0.5	0	0	0.42
34200	0.42	0.5	0.5	0	0	0.42
34300	0.42	0.5	0.5	0	0	0.42
34400	0.42	0.5	0.5	0	0	0.42
34500	0.42	0.5	0.5	0	0	0.42
34600	0.42	0.5	0.5	0	0	0.42
34700	0.42	0.5	0.5	0	0	0.42
34800	0.42	0.5	0.5	0	0	0.42
34900	0.42	0.5	0.5	0	0	0.42
35000	0.42	0.5	0.5	0	0	0.42
35100	0.42	0.5	0.5	0	0	0.42
35200	0.42	0.5	0.5	0	0	0.42
35300	0.42	0.5	0.5	0	0	0.42
35400	0.42	0.5	0.5	0	0	0.42
35500	0.42	0.5	0.5	0	0	0.42
35600	0.42	0.5	0.5	0	0	0.42
35700	0.42	0.5	0.5	0	0	0.42
35800	0.42	0.5	0.5	0	0	0.42
35900	0.42	0.5	0.5	0	0	0.42
36000	0.42	0.5	0.5	0	0	0.42
36100	0.42	0.5	0.5	0	0	0.42
36200	0.42	0.5	0.5	0	0	0.42
36300	0.42	0.5	0.5	0	0	0.42
36400	0.44	0.5	0.5	0	0	0.44
36500	0.44	0.5	0.5	0	0	0.44
36600	0.44	0.5	0.5	0	0	0.44
36700	0.44	0.5	0.5	0	0	0.44
36800	0.44	0.5	0.5	0	0	0.44
36900	0.44	0.5	0.5	0	0	0.44
37000	0.44	0.5	0.5	0	0	0.44
37100	0.44	0.5	0.5	0	0	0.44
37200	0.44	0.5	0.5	0	0	0.44
37300	0.44	0.5	0.5	0	0	0.44
37400	0.44	0.5	0.5	0	0	0.44
37500	0.44	0.5	0.5	0	0	0.44
37600	0.42	0.5	0.5	0	0	0.42
37700	0.42	0.5	0.5	0	0	0.42
37800	0.42	0.5	0.5	0	0	0.42
37900	0.42	0.5	0.5	0	0	0.42
38000	0.42	0.5	0.5	0	0	0.42
38100	0.42	0.5	0.5	0	0	0.42
38200	0.42	0.5	0.5	0	0	0.42
38300	0.42	0.5	0.5	0	0	0.42
38400	0.42	0.5	0.5	0	0	0.42
38500	0.42	0.5	0.5	0	0	0.42
38600	0.42	0.5	0.5	0	0	0.42
38700	0.42	0.5	0.5	0	0	0.42
38800	0.42	0.5	0.5	0	0	0.42
38900	0.42	0.5	0.5	0	0	0.42
39000	0.42	0.5	0.5	0	0	0.42
39100	0.42	0.5	0.5	0	0	0.42
39200	0.42	0.5	0.5	0	0	0.42
39300	0.42	0.5	0.5	0	0	0.42
39400	0.42	0.5	0.5	0	0	0.42
39500	0.42	0.52	0.52	0	0	0.42
39600	0.42	0.52	0.52	0	0	0.42
39700	0.42	0.52	0.52	0	0	0.42
39800	0.42	0.52	0.52	0	0	0.42
39900	0.42	0.52	0.52	0	0	0.42
40000	0.42	0.52	0.52	0	0	0.42
40100	0.42	0.52	0.52	0	0	0.42
40200	0.42	0.52	0.52	0	0	0.42
40300	0.42	0.52	0.52	0	0	0.42
40400	0.42	0.52	0.52	0	0	0.42
40500	0.42	0.52	0.52	0	0	0.42
40600	0.42	0.52	0.52	0	0	0.42
40700	0.42	0.52	0.52	0	0	0.42
40800	0.42	0.52	0.52	0	0	0.42
40900	0.42	0.54	0.54	0	0	0.42
41000	0.42	0.54	0.54	0	0	0.42
41100	0.42	0.54	0.54	0	0	0.42
41200	0.42	0.52	0.52	0	0	0.42
41300	0.42	0.54	0.54	0	0	0.42
41400	0.42	0.54	0.54	0	0	0.42
41500	0.42	0.54	0.54	0	0	0.42
41600	0.42	0.52	0.52	0	0	0.42
41700	0.42	0.52	0.52	0	0	0.42
41800	0.42	0.52	0.52	0	0	0.42
41900	0.42	0.52	0.52	0	0	0.42
42000	0.42	0.52	0.52	0	0	0.42
42100	0.42	0.52	0.52	0	0	0.42
42200	0.42	0.52	0.52	0	0	0.42
42300	0.42	0.52	0.52	0	0	0.42
42400	0.42	0.52	0.52	0	0	0.42
42500	0.42	0.54	0.54	0	0	0.42
42600	0.42	0.54	0.54	0	0	0.42
42700	0.42	0.54	0.54	0	0	0.42
42800	0.42	0.52	0.52	0	0	0.42
42900	0.42	0.52	0.52	0	0	0.42
43000	0.42	0.54	0.54	0	0	0.42
43100	0.42	0.52	0.52	0	0	0.42
43200	0.42	0.52	0.52	0	0	0.42
43300	0.42	0.52	0.52	0	0	0.42
43400	0.42	0.52	0.52	0	0	0.42
43500	0.42	0.52	0.52	0	0	0.42
43600	0.4	0.52	0.52	0	0	0.4
43700	0.4	0.52	0.52	0	0	0.4
43800	0.4	0.52	0.52	0	0	0.4
43900	0.4	0.52	0.52	0	0	0.4
44000	0.4	0.52	0.52	0	0	0.4
44100	0.4	0.52	0.52	0	0	0.4
44200	0.4	0.52	0.52	0	0	0.4
44300	0.4	0.52	0.52	0	0	0.4
44400	0.4	0.52	0.52	0	0	0.4
44500	0.4	0.52	0.52	0	0	0.4
44600	0.4	0.52	0.52	0	0	0.4
44700	0.4	0.52	0.52	0	0	0.4
44800	0.4	0.52	0.52	0	0	0.4
44900	0.4	0.52	0.52	0	0	0.4
45000	0.4	0.52	0.52	0	0	0.4
45100	0.4	0.52	0.52	0	0	0.4
45200	0.4	0.52	0.52	0	0	0.4
45300	0.4	0.52	0.52	0	0	0.4
45400	0.4	0.54	0.54	0	0	0.4
45500	0.4	0.54	0.54	0	0	0.4
45600	0.4	0.54	0.54	0	0	0.4
45700	0.4	0.54	0.54	0	0	0.4
45800	0.4	0.54	0.54	0	0	0.4
45900	0.4	0.54	0.54	0	0	0.4
46000	0.4	0.54	0.54	0	0	0.4
46100	0.4	0.54	0.54	0	0	0.4
46200	0.4	0.54	0.54	0	0	0.4
46300	0.42	0.54	0.54	0	0	0.42
46400	0.42	0.54	0.54	0	0	0.42
46500	0.42	0.54	0.54	0	0	0.42
46600	0.42	0.54	0.54	0	0	0.42
46700	0.42	0.54	0.54	0	0	0.42
46800	0.42	0.52	0.52	0	0	0.42
46900	0.42	0.52	0.52	0	0	0.42
47000	0.42	0.52	0.52	0	0	0.42
47100	0.42	0.52	0.52	0	0	0.42
47200	0.42	0.52	0.52	0	0	0.42
47300	0.42	0.52	0.52	0	0	0.42
47400	0.42	0.52	0.52	0	0	0.42
47500	0.42	0.52	0.52	0	0	0.42
47600	0.42	0.52	0.52	0	0	0.42
47700	0.42	0.52	0.52	0	0	0.42
47800	0.42	0.52	0.52	0	0	0.42
47900	0.42	0.52	0.52	0	0	0.42
48000	0.42	0.52	0.52	0	0	0.42
48100	0.42	0.52	0.52	0	0	0.42
48200	0.42	0.52	0.52	0	0	0.42
48300	0.42	0.52	0.52	0	0	0.42
48400	0.42	0.52	0.52	0	0	0.42
48500	0.42	0.52	0.52	0	0	0.42
48600	0.42	0.52	0.52	0	0	0.42
48700	0.42	0.52	0.52	0	0	0.42
48800	0.42	0.52	0.52	0	0	0.42
48900	0.42	0.52	0.52	0	0	0.42
49000	0.42	0.52	0.52	0	0	0.42
49100	0.42	0.52	0.52	0	0	0.42
49200	0.42	0.52	0.52	0	0	0.42
49300	0.42	0.52	0.52	0	0	0.42
49400	0.42	0.52	0.52	0	0	0.42
49500	0.42	0.52	0.52	0	0	0.42
49600	0.42	0.52	0.52	0	0	0.42
49700	0.42	0.52	0.52	0	0	0.42
49800	0.42	0.52	0.52	0	0	0.42
49900	0.42	0.52	0.52	0	0	0.42
50000	0.44	0.52	0.52	0	0	0.44
50100	0.44	0.52	0.52	0	0	0.44
50200	0.44	0.52	0.52	0	0	0.44
50300	0.44	0.52	0.52	0	0	0.44
50400	0.44	0.52	0.52	0	0	0.44
50500	0.44	0.52	0.52	0	0	0.44
50600	0.44	0.52	0.52	0	0	0.44
50700	0.44	0.52	0.52	0	0	0.44
50800	0.44	0.52	0.52	0	0	0.44
50900	0.44	0.52	0.52	0	0	0.44
51000	0.44	0.52	0.52	0	0	0.44
51100	0.44	0.52	0.52	0	0	0.44
51200	0.44	0.52	0.52	0	0	0.44
51300	0.42	0.52	0.52	0	0	0.42
51400	0.42	0.52	0.52	0	0	0.42
51500	0.42	0.52	0.52	0	0	0.42
51600	0.42	0.52	0.52	0	0	0.42
51700	0.42	0.52	0.52	0	0	0.42
51800	0.42	0.52	0.52	0	0	0.42
51900	0.42	0.52	0.52	0	0	0.42
52000	0.42	0.52	0.52	0	0	0.42
52100	0.42	0.52	0.52	0	0	0.42
52200	0.4	0.52	0.52	0	0	0.4
52300	0.4	0.52	0.52	0	0	0.4
52400	0.4	0.52	0.52	0	0	0.4
52500	0.4	0.52	0.52	0	0	0.4
52600	0.4	0.52	0.52	0	0	0.4
52700	0.4	0.5	0.5	0	0	0.4
52800	0.4	0.5	0.5	0	0	0.4
52900	0.4	0.5	0.5	0	0	0.4
53000	0.4	0.5	0.5	0	0	0.4
53100	0.4	0.5	0.5	0	0	0.4
53200	0.4	0.5	0.5	0	0	0.4
53300	0.4	0.5	0.5	0	0	0.4
53400	0.4	0.5	0.5	0	0	0.4
53500	0.4	0.5	0.5	0	0	0.4
53600	0.4	0.5	0.5	0	0	0.4
53700	0.4	0.5	0.5	0	0	0.4
53800	0.4	0.5	0.5	0	0	0.4
53900	0.4	0.5	0.5	0	0	0.4
54000	0.4	0.5	0.5	0	0	0.4
54100	0.4	0.5	0.5	0	0	0.4
54200	0.4	0.5	0.5	0	0	0.4
54300	0.4	0.52	0.52	0	0	0.4
54400	0.4	0.5	0.5	0	0	0.4
54500	0.4	0.5	0.5	0	0	0.4
54600	0.4	0.5	0.5	0	0	0.4
54700	0.42	0.5	0.5	0	0	0.42
54800	0.42	0.5	0.5	0	0	0.42
54900	0.42	0.5	0.5	0	0	0.42
55000	0.42	0.5	0.5	0	0	0.42
55100	0.42	0.48	0.48	0	0	0.42
55200	0.42	0.48	0.48	0	0	0.42
55300	0.42	0.48	0.48	0	0	0.42
55400	0.44	0.48	0.48	0	0	0.44
55500	0.44	0.48	0.48	0	0	0.44
55600	0.44	0.48	0.48	0	0	0.44
55700	0.44	0.48	0.48	0	0	0.44
55800	0.44	0.48	0.48	0	0	0.44
55900	0.44	0.48	0.48	0	0	0.44
56000	0.44	0.48	0.48	0	0	0.44
56100	0.44	0.48	0.48	0	0	0.44
56200	0.44	0.48	0.48	0	0	0.44
56300	0.44	0.48	0.48	0	0	0.44
56400	0.44	0.46	0.46	0	0	0.44
56500	0.44	0.46	0.46	0	0	0.44
56600	0.44	0.46	0.46	0	0	0.44
56700	0.44	0.46	0.46	0	0	0.44
56800	0.44	0.46	0.46	0	0	0.44
56900	0.44	0.46	0.46	0	0	0.44
57000	0.44	0.46	0.46	0	0	0.44
57100	0.46	0.46	0.46	0	0	0.46
57200	0.46	0.46	0.46	0	0	0.46
57300	0.46	0.46	0.46	0	0	0.46
57400	0.46	0.46	0.46	0	0	0.46
57500	0.46	0.46	0.46	0	0	0.46
57600	0.46	0.46	0.46	0	0	0.46
57700	0.46	0.46	0.46	0	0	0.46
57800	0.46	0.46	0.46	0	0	0.46
57900	0.46	0.46	0.46	0	0	0.46
58000	0.46	0.46	0.46	0	0	0.46
58100	0.46	0.46	0.46	0	0	0.46
58200	0.46	0.46	0.46	0	0	0.46
58300	0.46	0.46	0.46	0	0	0.46
58400	0.44	0.46	0.46	0	0	0.44
58500	0.44	0.46	0.46	0	0	0.44
58600	0.44	0.46	0.46	0	0	0.44
58700	0.44	0.46	0.46	0	0	0.44
58800	0.44	0.46	0.46	0	0	0.44
58900	0.44	0.46	0.46	0	0	0.44
59000	0.44	0.46	0.46	0	0	0.44
59100	0.44	0.46	0.46	0	0	0.44
59200	0.44	0.46	0.46	0	0	0.44
59300	0.44	0.46	0.46	0	0	0.44
59400	0.44	0.46	0.46	0	0	0.44
59500	0.44	0.46	0.46	0	0	0.44
59600	0.44	0.46	0.46	0	0	0.44
59700	0.44	0.46	0.46	0	0	0.44
59800	0.44	0.46	0.46	0	0	0.44
59900	0.44	0.46	0.46	0	0	0.44
60000	0.44	0.46	0.46	0	0	0.44
60100	0.44	0.46	0.46	0	0	0.44
60200	0.44	0.46	0.46	0	0	0.44
60300	0.42	0.46	0.46	0	0	0.42
60400	0.42	0.46	0.46	0	0	0.42
60500	0.42	0.46	0.46	0	0	0.42
60600	0.42	0.44	0.44	0	0	0.42
60700	0.42	0.44	0.44	0	0	0.42
60800	0.42	0.44	0.44	0	0	0.42
60900	0.42	0.46	0.46	0	0	0.42
61000	0.42	0.46	0.46	0	0	0.42
61100	0.44	0.46	0.46	0	0	0.44
61200	0.44	0.46	0.46	0	0	0.44
61300	0.44	0.46	0.46	0	0	0.44
61400	0.44	0.46	0.46	0	0	0.44
61500	0.44	0.46	0.46	0	0	0.44
61600	0.44	0.46	0.46	0	0	0.44
61700	0.44	0.48	0.48	0	0	0.44
61800	0.44	0.48	0.48	0	0	0.44
61900	0.44	0.48	0.48	0	0	0.44
62000	0.44	0.48	0.48	0	0	0.44
62100	0.44	0.48	0.48	0	0	0.44
62200	0.44	0.48	0.48	0	0	0.44
62300	0.44	0.48	0.48	0	0	0.44
62400	0.44	0.48	0.48	0	0	0.44
62500	0.44	0.48	0.48	0	0	0.44
62600	0.44	0.48	0.48	0	0	0.44
62700	0.44	0.48	0.48	0	0	0.44
62800	0.46	0.48	0.48	0	0	0.46
62900	0.46	0.48	0.48	0	0	0.46
63000	0.44	0.48	0.48	0	0	0.44
63100	0.44	0.48	0.48	0	0	0.44
63200	0.44	0.48	0.48	0	0	0.44
63300	0.44	0.48	0.48	0	0	0.44
63400	0.44	0.48	0.48	0	0	0.44
63500	0.44	0.48	0.48	0	0	0.44
63600	0.44	0.48	0.48	0	0	0.44
63700	0.44	0.48	0.48	0	0	0.44
63800	0.44	0.5	0.5	0	0	0.44
63900	0.44	0.48	0.48	0	0	0.44
64000	0.44	0.48	0.48	0	0	0.44
64100	0.44	0.48	0.48	0	0	0.44
64200	0.44	0.48	0.48	0	0	0.44
64300	0.44	0.48	0.48	0	0	0.44
64400	0.44	0.48	0.48	0	0	0.44
64500	0.44	0.48	0.48	0	0	0.44
64600	0.44	0.48	0.48	0	0	0.44
64700	0.44	0.48	0.48	0	0	0.44
64800	0.44	0.48	0.48	0	0	0.44
64900	0.44	0.48	0.48	0	0	0.44
65000	0.44	0.48	0.48	0	0	0.44
65100	0.44	0.48	0.48	0	0	0.44
65200	0.44	0.48	0.48	0	0	0.44
65300	0.44	0.48	0.48	0	0	0.44
65400	0.44	0.48	0.48	0	0	0.44
65500	0.44	0.48	0.48	0	0	0.44
65600	0.44	0.48	0.48	0	0	0.44
65700	0.44	0.48	0.48	0	0	0.44
65800	0.44	0.48	0.48	0	0	0.44
65900	0.44	0.48	0.48	0	0	0.44
66000	0.44	0.48	0.48	0	0	0.44
66100	0.44	0.48	0.48	0	0	0.44
66200	0.44	0.48	0.48	0	0	0.44
66300	0.44	0.48	0.48	0	0	0.44
66400	0.44	0.48	0.48	0	0	0.44
66500	0.44	0.48	0.48	0	0	0.44
66600	0.44	0.48	0.48	0	0	0.44
66700	0.44	0.48	0.48	0	0	0.44
66800	0.44	0.48	0.48	0	0	0.44
66900	0.44	0.48	0.48	0	0	0.44
67000	0.44	0.48	0.48	0	0	0.44
67100	0.44	0.48	0.48	0	0	0.44
67200	0.44	0.48	0.48	0	0	0.44
67300	0.44	0.48	0.48	0	0	0.44
67400	0.44	0.48	0.48	0	0	0.44
67500	0.44	0.48	0.48	0	0	0.44
67600	0.44	0.48	0.48	0	0	0.44
67700	0.44	0.48	0.48	0	0	0.44
67800	0.44	0.5	0.5	0	0	0.44
67900	0.44	0.5	0.5	0	0	0.44
68000	0.44	0.5	0.5	0	0	0.44
68100	0.44	0.5	0.5	0	0	0.44
68200	0.44	0.5	0.5	0	0	0.44
68300	0.44	0.5	0.5	0	0	0.44
68400	0.44	0.5	0.5	0	0	0.44
68500	0.44	0.5	0.5	0	0	0.44
68600	0.44	0.5	0.5	0	0	0.44
68700	0.44	0.5	0.5	0	0	0.44
68800	0.44	0.5	0.5	0	0	0.44
68900	0.44	0.5	0.5	0	0	0.44
69000	0.44	0.5	0.5	0	0	0.44
69100	0.44	0.5	0.5	0	0	0.44
69200	0.44	0.5	0.5	0	0	0.44
69300	0.44	0.5	0.5	0	0	0.44
69400	0.44	0.5	0.5	0	0	0.44
69500	0.44	0.5	0.5	0	0	0.44
69600	0.44	0.5	0.5	0	0	0.44
69700	0.44	0.5	0.5	0	0	0.44
69800	0.44	0.5	0.5	0	0	0.44
69900	0.44	0.5	0.5	0	0	0.44
70000	0.44	0.5	0.5	0	0	0.44
70100	0.44	0.5	0.5	0	0	0.44
70200	0.44	0.52	0.52	0	0	0.44
70300	0.44	0.52	0.52	0	0	0.44
70400	0.44	0.52	0.52	0	0	0.44
70500	0.44	0.52	0.52	0	0	0.44
70600	0.44	0.52	0.52	0	0	0.44
70700	0.44	0.52	0.52	0	0	0.44
70800	0.44	0.52	0.52	0	0	0.44
70900	0.44	0.54	0.54	0	0	0.44
71000	0.44	0.54	0.54	0	0	0.44
71100	0.44	0.54	0.54	0	0	0.44
71200	0.44	0.54	0.54	0	0	0.44
71300	0.44	0.54	0.54	0	0	0.44
71400	0.44	0.54	0.54	0	0	0.44
71500	0.44	0.54	0.54	0	0	0.44
71600	0.44	0.54	0.54	0	0	0.44
71700	0.42	0.52	0.52	0	0	0.42
71800	0.4	0.52	0.52	0	0	0.4
71900	0.4	0.5	0.5	0	0	0.4
72000	0.4	0.5	0.5	0	0	0.4
72100	0.4	0.5	0.5	0	0	0.4
72200	0.4	0.5	0.5	0	0	0.4
72300	0.4	0.5	0.5	0	0	0.4
72400	0.4	0.5	0.5	0	0	0.4
72500	0.4	0.5	0.5	0	0	0.4
72600	0.4	0.5	0.5	0	0	0.4
72700	0.4	0.5	0.5	0	0	0.4
72800	0.4	0.5	0.5	0	0	0.4
72900	0.4	0.5	0.5	0	0	0.4
73000	0.4	0.52	0.52	0	0	0.4
73100	0.4	0.52	0.52	0	0	0.4
73200	0.4	0.52	0.52	0	0	0.4
73300	0.4	0.52	0.52	0	0	0.4
73400	0.4	0.52	0.52	0	0	0.4
73500	0.4	0.52	0.52	0	0	0.4
73600	0.4	0.52	0.52	0	0	0.4
73700	0.4	0.52	0.52	0	0	0.4
73800	0.4	0.52	0.52	0	0	0.4
73900	0.4	0.52	0.52	0	0	0.4
74000	0.42	0.52	0.52	0	0	0.42
74100	0.42	0.52	0.52	0	0	0.42
74200	0.42	0.52	0.52	0	0	0.42
74300	0.42	0.52	0.52	0	0	0.42
74400	0.42	0.52	0.52	0	0	0.42
74500	0.42	0.52	0.52	0	0	0.42
74600	0.42	0.52	0.52	0	0	0.42
74700	0.44	0.52	0.52	0	0	0.44
74800	0.44	0.52	0.52	0	0	0.44
74900	0.44	0.52	0.52	0	0	0.44
75000	0.44	0.52	0.52	0	0	0.44
75100	0.44	0.52	0.52	0	0	0.44
75200	0.44	0.52	0.52	0	0	0.44
75300	0.44	0.52	0.52	0	0	0.44
75400	0.44	0.52	0.52	0	0	0.44
75500	0.44	0.52	0.52	0	0	0.44
75600	0.44	0.52	0.52	0	0	0.44
75700	0.44	0.54	0.54	0	0	0.44
75800	0.44	0.54	0.54	0	0	0.44
75900	0.44	0.54	0.54	0	0	0.44
76000	0.44	0.54	0.54	0	0	0.44
76100	0.44	0.54	0.54	0	0	0.44
76200	0.44	0.54	0.54	0	0	0.44
76300	0.44	0.54	0.54	0	0	0.44
76400	0.44	0.54	0.54	0	0	0.44
76500	0.44	0.54	0.54	0	0	0.44
76600	0.44	0.54	0.54	0	0	0.44
76700	0.44	0.54	0.54	0	0	0.44
76800	0.44	0.54	0.54	0	0	0.44
76900	0.44	0.54	0.54	0	0	0.44
77000	0.44	0.54	0.54	0	0	0.44
77100	0.44	0.52	0.52	0	0	0.44
77200	0.44	0.52	0.52	0	0	0.44
77300	0.44	0.52	0.52	0	0	0.44
77400	0.44	0.52	0.52	0	0	0.44
77500	0.44	0.52	0.52	0	0	0.44
77600	0.44	0.52	0.52	0	0	0.44
77700	0.44	0.52	0.52	0	0	0.44
77800	0.44	0.52	0.52	0	0	0.44
77900	0.44	0.52	0.52	0	0	0.44
78000	0.44	0.52	0.52	0	0	0.44
78100	0.44	0.52	0.52	0	0	0.44
78200	0.44	0.52	0.52	0	0	0.44
78300	0.44	0.52	0.52	0	0	0.44
78400	0.44	0.52	0.52	0	0	0.44
78500	0.44	0.52	0.52	0	0	0.44
78600	0.44	0.52	0.52	0	0	0.44
78700	0.44	0.52	0.52	0	0	0.44
78800	0.44	0.52	0.52	0	0	0.44
78900	0.44	0.52	0.52	0	0	0.44
79000	0.44	0.52	0.52	0	0	0.44
79100	0.44	0.52	0.52	0	0	0.44
79200	0.44	0.52	0.52	0	0	0.44
79300	0.44	0.52	0.52	0	0	0.44
79400	0.44	0.52	0.52	0	0	0.44
79500	0.44	0.52	0.52	0	0	0.44
79600	0.44	0.52	0.52	0	0	0.44
79700	0.44	0.52	0.52	0	0	0.44
79800	0.44	0.52	0.52	0	0	0.44
79900	0.44	0.5	0.5	0	0	0.44
80000	0.44	0.5	0.5	0	0	0.44
80100	0.44	0.5	0.5	0	0	0.44
80200	0.44	0.5	0.5	0	0	0.44
80300	0.44	0.5	0.5	0	0	0.44
80400	0.44	0.5	0.5	0	0	0.44
80500	0.44	0.5	0.5	0	0	0.44
80600	0.44	0.5	0.5	0	0	0.44
80700	0.44	0.5	0.5	0	0	0.44
80800	0.44	0.5	0.5	0	0	0.44
80900	0.44	0.5	0.5	0	0	0.44
81000	0.44	0.5	0.5	0	0	0.44
81100	0.44	0.5	0.5	0	0	0.44
81200	0.44	0.5	0.5	0	0	0.44
81300	0.44	0.5	0.5	0	0	0.44
81400	0.44	0.5	0.5	0	0	0.44
81500	0.44	0.5	0.5	0	0	0.44
81600	0.44	0.5	0.5	0	0	0.44
81700	0.44	0.5	0.5	0	0	0.44
81800	0.44	0.5	0.5	0	0	0.44
81900	0.44	0.5	0.5	0	0	0.44
82000	0.44	0.5	0.5	0	0	0.44
82100	0.44	0.5	0.5	0	0	0.44
82200	0.44	0.5	0.5	0	0	0.44
82300	0.44	0.5	0.5	0	0	0.44
82400	0.44	0.5	0.5	0	0	0.44
82500	0.44	0.5	0.5	0	0	0.44
82600	0.44	0.5	0.5	0	0	0.44
82700	0.44	0.5	0.5	0	0	0.44
82800	0.44	0.5	0.5	0	0	0.44
82900	0.44	0.5	0.5	0	0	0.44
83000	0.44	0.5	0.5	0	0	0.44
83100	0.44	0.5	0.5	0	0	0.44
83200	0.44	0.5	0.5	0	0	0.44
83300	0.44	0.5	0.5	0	0	0.44
83400	0.44	0.5	0.5	0	0	0.44
83500	0.44	0.5	0.5	0	0	0.44
83600	0.44	0.48	0.48	0	0	0.44
83700	0.44	0.48	0.48	0	0	0.44
83800	0.44	0.48	0.48	0	0	0.44
83900	0.44	0.48	0.48	0	0	0.44
84000	0.44	0.48	0.48	0	0	0.44
84100	0.44	0.48	0.48	0	0	0.44
84200	0.44	0.48	0.48	0	0	0.44
84300	0.44	0.48	0.48	0	0	0.44
84400	0.44	0.48	0.48	0	0	0.44
84500	0.44	0.48	0.48	0	0	0.44
84600	0.44	0.48	0.48	0	0	0.44
84700	0.44	0.48	0.48	0	0	0.44
84800	0.44	0.48	0.48	0	0	0.44
84900	0.44	0.48	0.48	0	0	0.44
85000	0.44	0.48	0.48	0	0	0.44
85100	0.44	0.48	0.48	0	0	0.44
85200	0.44	0.48	0.48	0	0	0.44
85300	0.44	0.48	0.48	0	0	0.44
85400	0.44	0.48	0.48	0	0	0.44
85500	0.46	0.48	0.48	0	0	0.46
85600	0.46	0.48	0.48	0	0	0.46
85700	0.46	0.48	0.48	0	0	0.46
85800	0.46	0.48	0.48	0	0	0.46
85900	0.46	0.48	0.48	0	0	0.46
86000	0.46	0.48	0.48	0	0	0.46
86100	0.46	0.48	0.48	0	0	0.46
86200	0.48	0.48	0.48	0	0	0.48
86300	0.48	0.48	0.48	0	0	0.48
86400	0.48	0.48	0.48	0	0	0.48
86500	0.48	0.48	0.48	0	0	0.48
86600	0.48	0.5	0.5	0	0	0.48
86700	0.48	0.5	0.5	0	0	0.48
86800	0.48	0.5	0.5	0	0	0.48
86900	0.48	0.5	0.5	0	0	0.48
87000	0.48	0.5	0.5	0	0	0.48
87100	0.48	0.5	0.5	0	0	0.48
87200	0.48	0.5	0.5	0	0	0.48
87300	0.48	0.5	0.5	0	0	0.48
87400	0.48	0.5	0.5	0	0	0.48
87500	0.48	0.5	0.5	0	0	0.48
87600	0.48	0.5	0.5	0	0	0.48
87700	0.48	0.5	0.5	0	0	0.48
87800	0.48	0.5	0.5	0	0	0.48
87900	0.48	0.5	0.5	0	0	0.48
88000	0.48	0.5	0.5	0	0	0.48
88100	0.46	0.5	0.5	0	0	0.46
88200	0.46	0.5	0.5	0	0	0.46
88300	0.46	0.5	0.5	0	0	0.46
88400	0.46	0.5	0.5	0	0	0.46
88500	0.46	0.5	0.5	0	0	0.46
88600	0.46	0.48	0.48	0	0	0.46
88700	0.46	0.48	0.48	0	0	0.46
88800	0.46	0.48	0.48	0	0	0.46
88900	0.46	0.48	0.48	0	0	0.46
89000	0.46	0.48	0.48	0	0	0.46
89100	0.46	0.48	0.48	0	0	0.46
89200	0.46	0.48	0.48	0	0	0.46
89300	0.46	0.48	0.48	0	0	0.46
89400	0.46	0.48	0.48	0	0	0.46
89500	0.46	0.48	0.48	0	0	0.46
89600	0.46	0.48	0.48	0	0	0.46
89700	0.46	0.48	0.48	0	0	0.46
89800	0.46	0.48	0.48	0	0	0.46
89900	0.46	0.48	0.48	0	0	0.46
90000	0.46	0.48	0.48	0	0	0.46
90100	0.46	0.48	0.48	0	0	0.46
90200	0.46	0.48	0.48	0	0	0.46
90300	0.44	0.48	0.48	0	0	0.44
90400	0.44	0.48	0.48	0	0	0.44
90500	0.44	0.48	0.48	0	0	0.44
90600	0.44	0.48	0.48	0	0	0.44
90700	0.44	0.48	0.48	0	0	0.44
90800	0.44	0.48	0.48	0	0	0.44
90900	0.44	0.48	0.48	0	0	0.44
91000	0.44	0.48	0.48	0	0	0.44
91100	0.44	0.48	0.48	0	0	0.44
91200	0.44	0.5	0.5	0	0	0.44
91300	0.44	0.5	0.5	0	0	0.44
91400	0.44	0.5	0.5	0	0	0.44
91500	0.44	0.5	0.5	0	0	0.44
91600	0.44	0.5	0.5	0	0	0.44
91700	0.44	0.5	0.5	0	0	0.44
91800	0.44	0.5	0.5	0	0	0.44
91900	0.44	0.5	0.5	0	0	0.44
92000	0.44	0.5	0.5	0	0	0.44
92100	0.44	0.5	0.5	0	0	0.44
92200	0.44	0.5	0.5	0	0	0.44
92300	0.44	0.5	0.5	0	0	0.44
92400	0.44	0.5	0.5	0	0	0.44
92500	0.44	0.5	0.5	0	0	0.44
92600	0.44	0.5	0.5	0	0	0.44
92700	0.44	0.5	0.5	0	0	0.44
92800	0.44	0.5	0.5	0	0	0.44
92900	0.44	0.5	0.5	0	0	0.44
93000	0.44	0.5	0.5	0	0	0.44
93100	0.44	0.5	0.5	0	0	0.44
93200	0.44	0.5	0.5	0	0	0.44
93300	0.44	0.5	0.5	0	0	0.44
93400	0.44	0.5	0.5	0	0	0.44
93500	0.44	0.5	0.5	0	0	0.44
93600	0.44	0.5	0.5	0	0	0.44
93700	0.44	0.5	0.5	0	0	0.44
93800	0.44	0.5	0.5	0	0	0.44
93900	0.44	0.48	0.48	0	0	0.44
94000	0.44	0.48	0.48	0	0	0.44
94100	0.44	0.48	0.48	0	0	0.44
94200	0.44	0.48	0.48	0	0	0.44
94300	0.44	0.48	0.48	0	0	0.44
94400	0.44	0.48	0.48	0	0	0.44
94500	0.44	0.48	0.48	0	0	0.44
94600	0.44	0.48	0.48	0	0	0.44
94700	0.44	0.48	0.48	0	0	0.44
94800	0.44	0.48	0.48	0	0	0.44
94900	0.44	0.48	0.48	0	0	0.44
95000	0.44	0.48	0.48	0	0	0.44
95100	0.44	0.48	0.48	0	0	0.44
95200	0.44	0.48	0.48	0	0	0.44
95300	0.44	0.48	0.48	0	0	0.44
95400	0.44	0.48	0.48	0	0	0.44
95500	0.44	0.48	0.48	0	0	0.44
95600	0.44	0.48	0.48	0	0	0.44
95700	0.44	0.48	0.48	0	0	0.44
95800	0.44	0.48	0.48	0	0	0.44
95900	0.44	0.5	0.5	0	0	0.44
96000	0.46	0.5	0.5	0	0	0.46
96100	0.46	0.5	0.5	0	0	0.46
96200	0.46	0.5	0.5	0	0	0.46
96300	0.46	0.5	0.5	0	0	0.46
96400	0.46	0.5	0.5	0	0	0.46
96500	0.46	0.5	0.5	0	0	0.46
96600	0.46	0.48	0.48	0	0	0.46
96700	0.46	0.48	0.48	0	0	0.46
96800	0.46	0.48	0.48	0	0	0.46
96900	0.46	0.48	0.48	0	0	0.46
97000	0.46	0.48	0.48	0	0	0.46
97100	0.46	0.48	0.48	0	0	0.46
97200	0.46	0.48	0.48	0	0	0.46
97300	0.46	0.48	0.48	0	0	0.46
97400	0.46	0.48	0.48	0	0	0.46
97500	0.46	0.48	0.48	0	0	0.46
97600	0.46	0.48	0.48	0	0	0.46
97700	0.46	0.48	0.48	0	0	0.46
97800	0.46	0.48	0.48	0	0	0.46
97900	0.46	0.48	0.48	0	0	0.46
98000	0.46	0.48	0.48	0	0	0.46
98100	0.46	0.48	0.48	0	0	0.46
98200	0.46	0.48	0.48	0	0	0.46
98300	0.46	0.48	0.48	0	0	0.46
98400	0.46	0.48	0.48	0	0	0.46
98500	0.46	0.48	0.48	0	0	0.46
98600	0.46	0.48	0.48	0	0	0.46
98700	0.44	0.48	0.48	0	0	0.44
98800	0.44	0.48	0.48	0	0	0.44
98900	0.44	0.48	0.48	0	0	0.44
99000	0.44	0.48	0.48	0	0	0.44
99100	0.44	0.48	0.48	0	0	0.44
99200	0.44	0.48	0.48	0	0	0.44
99300	0.44	0.48	0.48	0	0	0.44
99400	0.46	0.48	0.48	0	0	0.46
99500	0.48	0.48	0.48	0	0	0.48
99600	0.48	0.48	0.48	0	0	0.48
99700	0.48	0.48	0.48	0	0	0.48
99800	0.48	0.48	0.48	0	0	0.48
99900	0.48	0.48	0.48	0	0	0.48
100000	0.48	0.48	0.48	0	0	0.48
