100	0.02	0.02	0.02	0	0	0.02
200	0.02	0.04	0.04	0	0	0.02
300	0.04	0.08	0.08	0	0	0.04
400	0.08	0.08	0.08	0	0	0.08
500	0.08	0.1	0.1	0	0	0.08
600	0.12	0.1	0.1	0	0	0.12
700	0.12	0.12	0.12	0	0	0.12
800	0.12	0.12	0.12	0	0	0.12
900	0.14	0.14	0.14	0	0	0.14
1000	0.16	0.14	0.14	0	0	0.16
1100	0.18	0.14	0.14	0	0	0.18
1200	0.18	0.16	0.16	0	0	0.18
1300	0.18	0.16	0.16	0	0	0.18
1400	0.2	0.18	0.18	0	0	0.2
1500	0.24	0.2	0.2	0	0	0.24
1600	0.24	0.2	0.2	0	0	0.24
1700	0.24	0.16	0.16	0	0	0.24
1800	0.24	0.16	0.16	0	0	0.24
1900	0.24	0.16	0.16	0	0	0.24
2000	0.24	0.18	0.18	0	0	0.24
2100	0.24	0.2	0.2	0	0	0.24
2200	0.22	0.26	0.26	0	0	0.22
2300	0.22	0.26	0.26	0	0	0.22
2400	0.22	0.26	0.26	0	0	0.22
2500	0.22	0.28	0.28	0	0	0.22
2600	0.22	0.3	0.3	0	0	0.22
2700	0.22	0.3	0.3	0	0	0.22
2800	0.22	0.3	0.3	0	0	0.22
2900	0.24	0.32	0.32	0	0	0.24
3000	0.26	0.34	0.34	0	0	0.26
3100	0.26	0.32	0.32	0	0	0.26
3200	0.26	0.32	0.32	0	0	0.26
3300	0.26	0.34	0.34	0	0	0.26
3400	0.26	0.34	0.34	0	0	0.26
3500	0.26	0.34	0.34	0	0	0.26
3600	0.26	0.38	0.38	0	0	0.26
3700	0.26	0.38	0.38	0	0	0.26
3800	0.26	0.4	0.4	0	0	0.26
3900	0.26	0.4	0.4	0	0	0.26
4000	0.26	0.4	0.4	0	0	0.26
4100	0.26	0.4	0.4	0	0	0.26
4200	0.26	0.4	0.4	0	0	0.26
4300	0.26	0.38	0.38	0	0	0.26
4400	0.28	0.38	0.38	0	0	0.28
4500	0.26	0.4	0.4	0	0	0.26
4600	0.26	0.4	0.4	0	0	0.26
4700	0.26	0.4	0.4	0	0	0.26
4800	0.26	0.4	0.4	0	0	0.26
4900	0.26	0.4	0.4	0	0	0.26
5000	0.24	0.4	0.4	0	0	0.24
5100	0.24	0.4	0.4	0	0	0.24
5200	0.24	0.4	0.4	0	0	0.24
5300	0.24	0.4	0.4	0	0	0.24
5400	0.24	0.4	0.4	0	0	0.24
5500	0.24	0.4	0.4	0	0	0.24
5600	0.26	0.42	0.42	0	0	0.26
5700	0.26	0.42	0.42	0	0	0.26
5800	0.26	0.42	0.42	0	0	0.26
5900	0.26	0.42	0.42	0	0	0.26
6000	0.28	0.42	0.42	0	0	0.28
6100	0.28	0.44	0.44	0	0	0.28
6200	0.28	0.44	0.44	0	0	0.28
6300	0.3	0.44	0.44	0	0	0.3
6400	0.3	0.44	0.44	0	0	0.3
6500	0.3	0.44	0.44	0	0	0.3
6600	0.3	0.46	0.46	0	0	0.3
6700	0.3	0.46	0.46	0	0	0.3
6800	0.3	0.46	0.46	0	0	0.3
6900	0.3	0.46	0.46	0	0	0.3
7000	0.3	0.46	0.46	0	0	0.3
7100	0.3	0.46	0.46	0	0	0.3
7200	0.3	0.46	0.46	0	0	0.3
7300	0.32	0.46	0.46	0	0	0.32
7400	0.32	0.48	0.48	0	0	0.32
7500	0.32	0.48	0.48	0	0	0.32
7600	0.32	0.52	0.52	0	0	0.32
7700	0.32	0.52	0.52	0	0	0.32
7800	0.32	0.52	0.52	0	0	0.32
7900	0.32	0.52	0.52	0	0	0.32
8000	0.32	0.5	0.5	0	0	0.32
8100	0.32	0.5	0.5	0	0	0.32
8200	0.32	0.5	0.5	0	0	0.32
8300	0.32	0.5	0.5	0	0	0.32
8400	0.32	0.5	0.5	0	0	0.32
8500	0.3	0.5	0.5	0	0	0.3
8600	0.3	0.5	0.5	0	0	0.3
8700	0.3	0.5	0.5	0	0	0.3
8800	0.3	0.5	0.5	0	0	0.3
8900	0.3	0.5	0.5	0	0	0.3
9000	0.3	0.5	0.5	0	0	0.3
9100	0.3	0.5	0.5	0	0	0.3
9200	0.3	0.5	0.5	0	0	0.3
9300	0.3	0.5	0.5	0	0	0.3
9400	0.3	0.5	0.5	0	0	0.3
9500	0.3	0.5	0.5	0	0	0.3
9600	0.3	0.5	0.5	0	0	0.3
9700	0.3	0.5	0.5	0	0	0.3
9800	0.3	0.48	0.48	0	0	0.3
9900	0.3	0.48	0.48	0	0	0.3
10000	0.3	0.5	0.5	0	0	0.3
10100	0.3	0.5	0.5	0	0	0.3
10200	0.3	0.5	0.5	0	0	0.3
10300	0.3	0.52	0.52	0	0	0.3
10400	0.3	0.52	0.52	0	0	0.3
10500	0.3	0.52	0.52	0	0	0.3
10600	0.3	0.52	0.52	0	0	0.3
10700	0.3	0.52	0.52	0	0	0.3
10800	0.3	0.52	0.52	0	0	0.3
10900	0.3	0.52	0.52	0	0	0.3
11000	0.3	0.54	0.54	0	0	0.3
11100	0.3	0.52	0.52	0	0	0.3
11200	0.3	0.52	0.52	0	0	0.3
11300	0.3	0.5	0.5	0	0	0.3
11400	0.3	0.5	0.5	0	0	0.3
11500	0.32	0.5	0.5	0	0	0.32
11600	0.32	0.5	0.5	0	0	0.32
11700	0.32	0.48	0.48	0	0	0.32
11800	0.3	0.48	0.48	0	0	0.3
11900	0.3	0.48	0.48	0	0	0.3
12000	0.3	0.48	0.48	0	0	0.3
12100	0.3	0.48	0.48	0	0	0.3
12200	0.3	0.48	0.48	0	0	0.3
12300	0.3	0.48	0.48	0	0	0.3
12400	0.3	0.48	0.48	0	0	0.3
12500	0.3	0.48	0.48	0	0	0.3
12600	0.32	0.48	0.48	0	0	0.32
12700	0.32	0.48	0.48	0	0	0.32
12800	0.32	0.48	0.48	0	0	0.32
12900	0.32	0.48	0.48	0	0	0.32
13000	0.32	0.5	0.5	0	0	0.32
13100	0.32	0.5	0.5	0	0	0.32
13200	0.32	0.5	0.5	0	0	0.32
13300	0.34	0.48	0.48	0	0	0.34
13400	0.34	0.48	0.48	0	0	0.34
13500	0.34	0.48	0.48	0	0	0.34
13600	0.34	0.48	0.48	0	0	0.34
13700	0.34	0.48	0.48	0	0	0.34
13800	0.34	0.48	0.48	0	0	0.34
13900	0.34	0.48	0.48	0	0	0.34
14000	0.34	0.48	0.48	0	0	0.34
14100	0.34	0.48	0.48	0	0	0.34
14200	0.34	0.48	0.48	0	0	0.34
14300	0.34	0.46	0.46	0	0	0.34
14400	0.34	0.46	0.46	0	0	0.34
14500	0.34	0.46	0.46	0	0	0.34
14600	0.36	0.46	0.46	0	0	0.36
14700	0.38	0.46	0.46	0	0	0.38
14800	0.38	0.46	0.46	0	0	0.38
14900	0.38	0.46	0.46	0	0	0.38
15000	0.38	0.46	0.46	0	0	0.38
15100	0.38	0.46	0.46	0	0	0.38
15200	0.38	0.46	0.46	0	0	0.38
15300	0.38	0.46	0.46	0	0	0.38
15400	0.38	0.46	0.46	0	0	0.38
15500	0.38	0.46	0.46	0	0	0.38
15600	0.38	0.46	0.46	0	0	0.38
15700	0.38	0.46	0.46	0	0	0.38
15800	0.38	0.46	0.46	0	0	0.38
15900	0.38	0.46	0.46	0	0	0.38
16000	0.38	0.46	0.46	0	0	0.38
16100	0.38	0.46	0.46	0	0	0.38
16200	0.38	0.46	0.46	0	0	0.38
16300	0.38	0.46	0.46	0	0	0.38
16400	0.38	0.46	0.46	0	0	0.38
16500	0.38	0.46	0.46	0	0	0.38
16600	0.38	0.46	0.46	0	0	0.38
16700	0.38	0.46	0.46	0	0	0.38
16800	0.38	0.46	0.46	0	0	0.38
16900	0.38	0.48	0.48	0	0	0.38
17000	0.38	0.48	0.48	0	0	0.38
17100	0.38	0.46	0.46	0	0	0.38
17200	0.38	0.46	0.46	0	0	0.38
17300	0.38	0.48	0.48	0	0	0.38
17400	0.38	0.48	0.48	0	0	0.38
17500	0.4	0.48	0.48	0	0	0.4
17600	0.4	0.46	0.46	0	0	0.4
17700	0.4	0.46	0.46	0	0	0.4
17800	0.4	0.46	0.46	0	0	0.4
17900	0.4	0.46	0.46	0	0	0.4
18000	0.4	0.46	0.46	0	0	0.4
18100	0.38	0.46	0.46	0	0	0.38
18200	0.38	0.46	0.46	0	0	0.38
18300	0.38	0.46	0.46	0	0	0.38
18400	0.38	0.46	0.46	0	0	0.38
18500	0.38	0.46	0.46	0	0	0.38
18600	0.38	0.46	0.46	0	0	0.38
18700	0.38	0.46	0.46	0	0	0.38
18800	0.38	0.46	0.46	0	0	0.38
18900	0.38	0.46	0.46	0	0	0.38
19000	0.38	0.46	0.46	0	0	0.38
19100	0.36	0.46	0.46	0	0	0.36
19200	0.36	0.44	0.44	0	0	0.36
19300	0.36	0.44	0.44	0	0	0.36
19400	0.36	0.44	0.44	0	0	0.36
19500	0.36	0.44	0.44	0	0	0.36
19600	0.36	0.46	0.46	0	0	0.36
19700	0.36	0.46	0.46	0	0	0.36
19800	0.4	0.46	0.46	0	0	0.4
19900	0.4	0.46	0.46	0	0	0.4
20000	0.4	0.46	0.46	0	0	0.4
20100	0.4	0.46	0.46	0	0	0.4
20200	0.4	0.46	0.46	0	0	0.4
20300	0.4	0.46	0.46	0	0	0.4
20400	0.4	0.46	0.46	0	0	0.4
20500	0.4	0.48	0.48	0	0	0.4
20600	0.4	0.48	0.48	0	0	0.4
20700	0.4	0.48	0.48	0	0	0.4
20800	0.4	0.48	0.48	0	0	0.4
20900	0.4	0.48	0.48	0	0	0.4
21000	0.4	0.48	0.48	0	0	0.4
21100	0.4	0.48	0.48	0	0	0.4
21200	0.4	0.48	0.48	0	0	0.4
21300	0.4	0.48	0.48	0	0	0.4
21400	0.4	0.48	0.48	0	0	0.4
21500	0.4	0.48	0.48	0	0	0.4
21600	0.4	0.48	0.48	0	0	0.4
21700	0.4	0.48	0.48	0	0	0.4
21800	0.4	0.5	0.5	0	0	0.4
21900	0.4	0.5	0.5	0	0	0.4
22000	0.4	0.5	0.5	0	0	0.4
22100	0.4	0.5	0.5	0	0	0.4
22200	0.4	0.52	0.52	0	0	0.4
22300	0.4	0.52	0.52	0	0	0.4
22400	0.4	0.52	0.52	0	0	0.4
22500	0.4	0.52	0.52	0	0	0.4
22600	0.4	0.5	0.5	0	0	0.4
22700	0.4	0.5	0.5	0	0	0.4
22800	0.4	0.5	0.5	0	0	0.4
22900	0.4	0.5	0.5	0	0	0.4
23000	0.38	0.5	0.5	0	0	0.38
23100	0.38	0.5	0.5	0	0	0.38
23200	0.38	0.5	0.5	0	0	0.38
23300	0.38	0.5	0.5	0	0	0.38
23400	0.38	0.5	0.5	0	0	0.38
23500	0.38	0.5	0.5	0	0	0.38
23600	0.38	0.5	0.5	0	0	0.38
23700	0.38	0.5	0.5	0	0	0.38
23800	0.38	0.5	0.5	0	0	0.38
23900	0.4	0.5	0.5	0	0	0.4
24000	0.4	0.5	0.5	0	0	0.4
24100	0.4	0.5	0.5	0	0	0.4
24200	0.38	0.5	0.5	0	0	0.38
24300	0.38	0.5	0.5	0	0	0.38
24400	0.38	0.48	0.48	0	0	0.38
24500	0.38	0.48	0.48	0	0	0.38
24600	0.38	0.48	0.48	0	0	0.38
24700	0.36	0.48	0.48	0	0	0.36
24800	0.36	0.48	0.48	0	0	0.36
24900	0.36	0.48	0.48	0	0	0.36
25000	0.36	0.48	0.48	0	0	0.36
25100	0.36	0.48	0.48	0	0	0.36
25200	0.36	0.48	0.48	0	0	0.36
25300	0.36	0.48	0.48	0	0	0.36
25400	0.36	0.46	0.46	0	0	0.36
25500	0.36	0.46	0.46	0	0	0.36
25600	0.36	0.46	0.46	0	0	0.36
25700	0.38	0.46	0.46	0	0	0.38
25800	0.38	0.46	0.46	0	0	0.38
25900	0.38	0.46	0.46	0	0	0.38
26000	0.4	0.46	0.46	0	0	0.4
26100	0.4	0.46	0.46	0	0	0.4
26200	0.38	0.46	0.46	0	0	0.38
26300	0.38	0.46	0.46	0	0	0.38
26400	0.38	0.46	0.46	0	0	0.38
26500	0.38	0.46	0.46	0	0	0.38
26600	0.38	0.46	0.46	0	0	0.38
26700	0.38	0.48	0.48	0	0	0.38
26800	0.4	0.48	0.48	0	0	0.4
26900	0.4	0.48	0.48	0	0	0.4
27000	0.42	0.48	0.48	0	0	0.42
27100	0.42	0.48	0.48	0	0	0.42
27200	0.42	0.48	0.48	0	0	0.42
27300	0.42	0.48	0.48	0	0	0.42
27400	0.42	0.48	0.48	0	0	0.42
27500	0.42	0.48	0.48	0	0	0.42
27600	0.42	0.48	0.48	0	0	0.42
27700	0.44	0.48	0.48	0	0	0.44
27800	0.44	0.5	0.5	0	0	0.44
27900	0.44	0.5	0.5	0	0	0.44
28000	0.44	0.5	0.5	0	0	0.44
28100	0.44	0.5	0.5	0	0	0.44
28200	0.44	0.5	0.5	0	0	0.44
28300	0.46	0.5	0.5	0	0	0.46
28400	0.46	0.5	0.5	0	0	0.46
28500	0.44	0.5	0.5	0	0	0.44
28600	0.44	0.5	0.5	0	0	0.44
28700	0.44	0.5	0.5	0	0	0.44
28800	0.44	0.5	0.5	0	0	0.44
28900	0.44	0.5	0.5	0	0	0.44
29000	0.44	0.5	0.5	0	0	0.44
29100	0.44	0.5	0.5	0	0	0.44
29200	0.44	0.5	0.5	0	0	0.44
29300	0.44	0.5	0.5	0	0	0.44
29400	0.44	0.5	0.5	0	0	0.44
29500	0.44	0.5	0.5	0	0	0.44
29600	0.44	0.5	0.5	0	0	0.44
29700	0.44	0.5	0.5	0	0	0.44
29800	0.44	0.5	0.5	0	0	0.44
29900	0.44	0.5	0.5	0	0	0.44
30000	0.46	0.5	0.5	0	0	0.46
30100	0.46	0.5	0.5	0	0	0.46
30200	0.46	0.5	0.5	0	0	0.46
30300	0.46	0.5	0.5	0	0	0.46
30400	0.46	0.5	0.5	0	0	0.46
30500	0.46	0.5	0.5	0	0	0.46
30600	0.46	0.5	0.5	0	0	0.46
30700	0.46	0.5	0.5	0	0	0.46
30800	0.46	0.5	0.5	0	0	0.46
30900	0.44	0.5	0.5	0	0	0.44
31000	0.44	0.5	0.5	0	0	0.44
31100	0.42	0.52	0.52	0	0	0.42
31200	0.42	0.5	0.5	0	0	0.42
31300	0.42	0.5	0.5	0	0	0.42
31400	0.42	0.5	0.5	0	0	0.42
31500	0.42	0.5	0.5	0	0	0.42
31600	0.42	0.5	0.5	0	0	0.42
31700	0.42	0.5	0.5	0	0	0.42
31800	0.42	0.5	0.5	0	0	0.42
31900	0.42	0.5	0.5	0	0	0.42
32000	0.42	0.5	0.5	0	0	0.42
32100	0.42	0.5	0.5	0	0	0.42
32200	0.42	0.5	0.5	0	0	0.42
32300	0.44	0.5	0.5	0	0	0.44
32400	0.44	0.5	0.5	0	0	0.44
32500	0.44	0.5	0.5	0	0	0.44
32600	0.44	0.5	0.5	0	0	0.44
32700	0.44	0.5	0.5	0	0	0.44
32800	0.44	0.5	0.5	0	0	0.44
32900	0.44	0.5	0.5	0	0	0.44
33000	0.44	0.5	0.5	0	0	0.44
33100	0.44	0.5	0.5	0	0	0.44
33200	0.44	0.5	0.5	0	0	0.44
33300	0.44	0.5	0.5	0	0	0.44
33400	0.44	0.5	0.5	0	0	0.44
33500	0.44	0.5	0.5	0	0	0.44
33600	0.44	0.5	0.5	0	0	0.44
33700	0.44	0.52	0.52	0	0	0.44
33800	0.44	0.52	0.52	0	0	0.44
33900	0.44	0.52	0.52	0	0	0.44
34000	0.44	0.52	0.52	0	0	0.44
34100	0.44	0.52	0.52	0	0	0.44
34200	0.44	0.52	0.52	0	0	0.44
34300	0.44	0.52	0.52	0	0	0.44
34400	0.44	0.52	0.52	0	0	0.44
34500	0.44	0.52	0.52	0	0	0.44
34600	0.44	0.52	0.52	0	0	0.44
34700	0.44	0.52	0.52	0	0	0.44
34800	0.44	0.52	0.52	0	0	0.44
34900	0.44	0.52	0.52	0	0	0.44
35000	0.44	0.52	0.52	0	0	0.44
35100	0.44	0.52	0.52	0	0	0.44
35200	0.44	0.52	0.52	0	0	0.44
35300	0.44	0.52	0.52	0	0	0.44
35400	0.44	0.52	0.52	0	0	0.44
35500	0.44	0.52	0.52	0	0	0.44
35600	0.44	0.52	0.52	0	0	0.44
35700	0.44	0.52	0.52	0	0	0.44
35800	0.44	0.52	0.52	0	0	0.44
35900	0.44	0.52	0.52	0	0	0.44
36000	0.44	0.52	0.52	0	0	0.44
36100	0.44	0.52	0.52	0	0	0.44
36200	0.44	0.52	0.52	0	0	0.44
36300	0.44	0.52	0.52	0	0	0.44
36400	0.44	0.52	0.52	0	0	0.44
36500	0.44	0.52	0.52	0	0	0.44
36600	0.44	0.52	0.52	0	0	0.44
36700	0.44	0.52	0.52	0	0	0.44
36800	0.44	0.52	0.52	0	0	0.44
36900	0.44	0.52	0.52	0	0	0.44
37000	0.44	0.52	0.52	0	0	0.44
37100	0.44	0.52	0.52	0	0	0.44
37200	0.44	0.52	0.52	0	0	0.44
37300	0.44	0.52	0.52	0	0	0.44
37400	0.44	0.52	0.52	0	0	0.44
37500	0.44	0.52	0.52	0	0	0.44
37600	0.44	0.52	0.52	0	0	0.44
37700	0.44	0.52	0.52	0	0	0.44
37800	0.44	0.52	0.52	0	0	0.44
37900	0.44	0.52	0.52	0	0	0.44
38000	0.44	0.52	0.52	0	0	0.44
38100	0.44	0.52	0.52	0	0	0.44
38200	0.44	0.52	0.52	0	0	0.44
38300	0.44	0.52	0.52	0	0	0.44
38400	0.44	0.52	0.52	0	0	0.44
38500	0.44	0.52	0.52	0	0	0.44
38600	0.44	0.52	0.52	0	0	0.44
38700	0.44	0.52	0.52	0	0	0.44
38800	0.44	0.52	0.52	0	0	0.44
38900	0.44	0.52	0.52	0	0	0.44
39000	0.44	0.52	0.52	0	0	0.44
39100	0.44	0.52	0.52	0	0	0.44
39200	0.44	0.52	0.52	0	0	0.44
39300	0.44	0.52	0.52	0	0	0.44
39400	0.44	0.52	0.52	0	0	0.44
39500	0.44	0.52	0.52	0	0	0.44
39600	0.44	0.52	0.52	0	0	0.44
39700	0.44	0.52	0.52	0	0	0.44
39800	0.44	0.52	0.52	0	0	0.44
39900	0.44	0.52	0.52	0	0	0.44
40000	0.44	0.52	0.52	0	0	0.44
40100	0.44	0.52	0.52	0	0	0.44
40200	0.44	0.52	0.52	0	0	0.44
40300	0.44	0.52	0.52	0	0	0.44
40400	0.44	0.52	0.52	0	0	0.44
40500	0.44	0.52	0.52	0	0	0.44
40600	0.44	0.52	0.52	0	0	0.44
40700	0.44	0.52	0.52	0	0	0.44
40800	0.44	0.52	0.52	0	0	0.44
40900	0.44	0.52	0.52	0	0	0.44
41000	0.44	0.52	0.52	0	0	0.44
41100	0.44	0.52	0.52	0	0	0.44
41200	0.44	0.52	0.52	0	0	0.44
41300	0.44	0.52	0.52	0	0	0.44
41400	0.44	0.52	0.52	0	0	0.44
41500	0.44	0.52	0.52	0	0	0.44
41600	0.44	0.52	0.52	0	0	0.44
41700	0.44	0.52	0.52	0	0	0.44
41800	0.44	0.52	0.52	0	0	0.44
41900	0.44	0.52	0.52	0	0	0.44
42000	0.44	0.52	0.52	0	0	0.44
42100	0.44	0.52	0.52	0	0	0.44
42200	0.44	0.52	0.52	0	0	0.44
42300	0.44	0.52	0.52	0	0	0.44
42400	0.44	0.52	0.52	0	0	0.44
42500	0.44	0.52	0.52	0	0	0.44
42600	0.44	0.52	0.52	0	0	0.44
42700	0.44	0.52	0.52	0	0	0.44
42800	0.44	0.52	0.52	0	0	0.44
42900	0.44	0.52	0.52	0	0	0.44
43000	0.44	0.52	0.52	0	0	0.44
43100	0.44	0.52	0.52	0	0	0.44
43200	0.44	0.52	0.52	0	0	0.44
43300	0.44	0.52	0.52	0	0	0.44
43400	0.44	0.52	0.52	0	0	0.44
43500	0.44	0.52	0.52	0	0	0.44
43600	0.44	0.52	0.52	0	0	0.44
43700	0.44	0.52	0.52	0	0	0.44
43800	0.44	0.5	0.5	0	0	0.44
43900	0.44	0.5	0.5	0	0	0.44
44000	0.44	0.5	0.5	0	0	0.44
44100	0.44	0.5	0.5	0	0	0.44
44200	0.44	0.5	0.5	0	0	0.44
44300	0.44	0.5	0.5	0	0	0.44
44400	0.44	0.5	0.5	0	0	0.44
44500	0.44	0.5	0.5	0	0	0.44
44600	0.44	0.52	0.52	0	0	0.44
44700	0.44	0.52	0.52	0	0	0.44
44800	0.44	0.52	0.52	0	0	0.44
44900	0.44	0.5	0.5	0	0	0.44
45000	0.44	0.5	0.5	0	0	0.44
45100	0.44	0.5	0.5	0	0	0.44
45200	0.44	0.5	0.5	0	0	0.44
45300	0.44	0.5	0.5	0	0	0.44
45400	0.44	0.5	0.5	0	0	0.44
45500	0.44	0.5	0.5	0	0	0.44
45600	0.44	0.5	0.5	0	0	0.44
45700	0.44	0.5	0.5	0	0	0.44
45800	0.44	0.5	0.5	0	0	0.44
45900	0.44	0.48	0.48	0	0	0.44
46000	0.44	0.48	0.48	0	0	0.44
46100	0.44	0.48	0.48	0	0	0.44
46200	0.46	0.48	0.48	0	0	0.46
46300	0.46	0.48	0.48	0	0	0.46
46400	0.46	0.48	0.48	0	0	0.46
46500	0.46	0.48	0.48	0	0	0.46
46600	0.46	0.48	0.48	0	0	0.46
46700	0.46	0.48	0.48	0	0	0.46
46800	0.46	0.48	0.48	0	0	0.46
46900	0.46	0.48	0.48	0	0	0.46
47000	0.46	0.48	0.48	0	0	0.46
47100	0.46	0.48	0.48	0	0	0.46
47200	0.46	0.48	0.48	0	0	0.46
47300	0.46	0.48	0.48	0	0	0.46
47400	0.46	0.48	0.48	0	0	0.46
47500	0.46	0.48	0.48	0	0	0.46
47600	0.46	0.48	0.48	0	0	0.46
47700	0.46	0.48	0.48	0	0	0.46
47800	0.46	0.48	0.48	0	0	0.46
47900	0.46	0.48	0.48	0	0	0.46
48000	0.46	0.48	0.48	0	0	0.46
48100	0.46	0.48	0.48	0	0	0.46
48200	0.46	0.48	0.48	0	0	0.46
48300	0.46	0.48	0.48	0	0	0.46
48400	0.46	0.48	0.48	0	0	0.46
48500	0.46	0.48	0.48	0	0	0.46
48600	0.46	0.48	0.48	0	0	0.46
48700	0.44	0.48	0.48	0	0	0.44
48800	0.44	0.48	0.48	0	0	0.44
48900	0.44	0.48	0.48	0	0	0.44
49000	0.44	0.48	0.48	0	0	0.44
49100	0.44	0.48	0.48	0	0	0.44
49200	0.44	0.48	0.48	0	0	0.44
49300	0.44	0.48	0.48	0	0	0.44
49400	0.44	0.48	0.48	0	0	0.44
49500	0.44	0.48	0.48	0	0	0.44
49600	0.44	0.48	0.48	0	0	0.44
49700	0.44	0.46	0.46	0	0	0.44
49800	0.44	0.46	0.46	0	0	0.44
49900	0.44	0.46	0.46	0	0	0.44
50000	0.44	0.46	0.46	0	0	0.44
50100	0.44	0.46	0.46	0	0	0.44
50200	0.44	0.46	0.46	0	0	0.44
50300	0.44	0.46	0.46	0	0	0.44
50400	0.44	0.46	0.46	0	0	0.44
50500	0.44	0.46	0.46	0	0	0.44
50600	0.44	0.46	0.46	0	0	0.44
50700	0.44	0.46	0.46	0	0	0.44
50800	0.44	0.46	0.46	0	0	0.44
50900	0.44	0.46	0.46	0	0	0.44
51000	0.44	0.46	0.46	0	0	0.44
51100	0.44	0.44	0.44	0	0	0.44
51200	0.44	0.44	0.44	0	0	0.44
51300	0.44	0.44	0.44	0	0	0.44
51400	0.44	0.46	0.46	0	0	0.44
51500	0.44	0.44	0.44	0	0	0.44
51600	0.42	0.44	0.44	0	0	0.42
51700	0.42	0.44	0.44	0	0	0.42
51800	0.42	0.44	0.44	0	0	0.42
51900	0.42	0.44	0.44	0	0	0.42
52000	0.42	0.44	0.44	0	0	0.42
52100	0.42	0.44	0.44	0	0	0.42
52200	0.42	0.44	0.44	0	0	0.42
52300	0.42	0.44	0.44	0	0	0.42
52400	0.42	0.44	0.44	0	0	0.42
52500	0.42	0.44	0.44	0	0	0.42
52600	0.44	0.44	0.44	0	0	0.44
52700	0.44	0.44	0.44	0	0	0.44
52800	0.44	0.44	0.44	0	0	0.44
52900	0.44	0.44	0.44	0	0	0.44
53000	0.44	0.44	0.44	0	0	0.44
53100	0.44	0.44	0.44	0	0	0.44
53200	0.44	0.44	0.44	0	0	0.44
53300	0.44	0.44	0.44	0	0	0.44
53400	0.44	0.44	0.44	0	0	0.44
53500	0.44	0.44	0.44	0	0	0.44
53600	0.44	0.44	0.44	0	0	0.44
53700	0.44	0.44	0.44	0	0	0.44
53800	0.44	0.44	0.44	0	0	0.44
53900	0.44	0.44	0.44	0	0	0.44
54000	0.44	0.44	0.44	0	0	0.44
54100	0.44	0.44	0.44	0	0	0.44
54200	0.44	0.44	0.44	0	0	0.44
54300	0.44	0.46	0.46	0	0	0.44
54400	0.44	0.46	0.46	0	0	0.44
54500	0.46	0.46	0.46	0	0	0.46
54600	0.46	0.46	0.46	0	0	0.46
54700	0.46	0.46	0.46	0	0	0.46
54800	0.46	0.46	0.46	0	0	0.46
54900	0.46	0.46	0.46	0	0	0.46
55000	0.46	0.44	0.44	0	0	0.46
55100	0.46	0.44	0.44	0	0	0.46
55200	0.46	0.44	0.44	0	0	0.46
55300	0.46	0.44	0.44	0	0	0.46
55400	0.46	0.44	0.44	0	0	0.46
55500	0.46	0.44	0.44	0	0	0.46
55600	0.46	0.44	0.44	0	0	0.46
55700	0.46	0.44	0.44	0	0	0.46
55800	0.46	0.44	0.44	0	0	0.46
55900	0.46	0.44	0.44	0	0	0.46
56000	0.46	0.44	0.44	0	0	0.46
56100	0.46	0.44	0.44	0	0	0.46
56200	0.46	0.44	0.44	0	0	0.46
56300	0.46	0.44	0.44	0	0	0.46
56400	0.46	0.44	0.44	0	0	0.46
56500	0.46	0.44	0.44	0	0	0.46
56600	0.48	0.44	0.44	0	0	0.48
56700	0.48	0.44	0.44	0	0	0.48
56800	0.48	0.44	0.44	0	0	0.48
56900	0.48	0.44	0.44	0	0	0.48
57000	0.48	0.44	0.44	0	0	0.48
57100	0.48	0.44	0.44	0	0	0.48
57200	0.48	0.44	0.44	0	0	0.48
57300	0.48	0.44	0.44	0	0	0.48
57400	0.48	0.44	0.44	0	0	0.48
57500	0.48	0.44	0.44	0	0	0.48
57600	0.48	0.44	0.44	0	0	0.48
57700	0.48	0.44	0.44	0	0	0.48
57800	0.48	0.44	0.44	0	0	0.48
57900	0.48	0.44	0.44	0	0	0.48
58000	0.48	0.44	0.44	0	0	0.48
58100	0.48	0.44	0.44	0	0	0.48
58200	0.48	0.44	0.44	0	0	0.48
58300	0.48	0.46	0.46	0	0	0.48
58400	0.48	0.46	0.46	0	0	0.48
58500	0.48	0.46	0.46	0	0	0.48
58600	0.48	0.46	0.46	0	0	0.48
58700	0.48	0.46	0.46	0	0	0.48
58800	0.48	0.46	0.46	0	0	0.48
58900	0.48	0.46	0.46	0	0	0.48
59000	0.48	0.46	0.46	0	0	0.48
59100	0.48	0.46	0.46	0	0	0.48
59200	0.48	0.44	0.44	0	0	0.48
59300	0.48	0.44	0.44	0	0	0.48
59400	0.48	0.44	0.44	0	0	0.48
59500	0.48	0.44	0.44	0	0	0.48
59600	0.48	0.44	0.44	0	0	0.48
59700	0.48	0.44	0.44	0	0	0.48
59800	0.48	0.44	0.44	0	0	0.48
59900	0.48	0.44	0.44	0	0	0.48
60000	0.48	0.44	0.44	0	0	0.48
60100	0.48	0.44	0.44	0	0	0.48
60200	0.48	0.44	0.44	0	0	0.48
60300	0.48	0.44	0.44	0	0	0.48
60400	0.46	0.44	0.44	0	0	0.46
60500	0.46	0.44	0.44	0	0	0.46
60600	0.46	0.44	0.44	0	0	0.46
60700	0.46	0.44	0.44	0	0	0.46
60800	0.46	0.44	0.44	0	0	0.46
60900	0.46	0.44	0.44	0	0	0.46
61000	0.46	0.44	0.44	0	0	0.46
61100	0.46	0.44	0.44	0	0	0.46
61200	0.46	0.44	0.44	0	0	0.46
61300	0.46	0.44	0.44	0	0	0.46
61400	0.46	0.44	0.44	0	0	0.46
61500	0.46	0.44	0.44	0	0	0.46
61600	0.46	0.44	0.44	0	0	0.46
61700	0.46	0.48	0.48	0	0	0.46
61800	0.46	0.46	0.46	0	0	0.46
61900	0.46	0.46	0.46	0	0	0.46
62000	0.46	0.46	0.46	0	0	0.46
62100	0.46	0.46	0.46	0	0	0.46
62200	0.46	0.46	0.46	0	0	0.46
62300	0.46	0.46	0.46	0	0	0.46
62400	0.46	0.46	0.46	0	0	0.46
62500	0.46	0.46	0.46	0	0	0.46
62600	0.46	0.46	0.46	0	0	0.46
62700	0.46	0.46	0.46	0	0	0.46
62800	0.46	0.46	0.46	0	0	0.46
62900	0.46	0.46	0.46	0	0	0.46
63000	0.46	0.44	0.44	0	0	0.46
63100	0.46	0.44	0.44	0	0	0.46
63200	0.46	0.44	0.44	0	0	0.46
63300	0.46	0.44	0.44	0	0	0.46
63400	0.46	0.44	0.44	0	0	0.46
63500	0.46	0.44	0.44	0	0	0.46
63600	0.46	0.44	0.44	0	0	0.46
63700	0.46	0.46	0.46	0	0	0.46
63800	0.46	0.46	0.46	0	0	0.46
63900	0.46	0.46	0.46	0	0	0.46
64000	0.46	0.46	0.46	0	0	0.46
64100	0.46	0.46	0.46	0	0	0.46
64200	0.46	0.46	0.46	0	0	0.46
64300	0.44	0.46	0.46	0	0	0.44
64400	0.44	0.46	0.46	0	0	0.44
64500	0.44	0.46	0.46	0	0	0.44
64600	0.44	0.46	0.46	0	0	0.44
64700	0.44	0.46	0.46	0	0	0.44
64800	0.44	0.46	0.46	0	0	0.44
64900	0.44	0.46	0.46	0	0	0.44
65000	0.44	0.46	0.46	0	0	0.44
65100	0.44	0.46	0.46	0	0	0.44
65200	0.44	0.46	0.46	0	0	0.44
65300	0.44	0.46	0.46	0	0	0.44
65400	0.42	0.46	0.46	0	0	0.42
65500	0.42	0.46	0.46	0	0	0.42
65600	0.42	0.46	0.46	0	0	0.42
65700	0.44	0.46	0.46	0	0	0.44
65800	0.44	0.46	0.46	0	0	0.44
65900	0.44	0.46	0.46	0	0	0.44
66000	0.44	0.46	0.46	0	0	0.44
66100	0.44	0.46	0.46	0	0	0.44
66200	0.44	0.46	0.46	0	0	0.44
66300	0.44	0.46	0.46	0	0	0.44
66400	0.44	0.46	0.46	0	0	0.44
66500	0.44	0.46	0.46	0	0	0.44
66600	0.44	0.46	0.46	0	0	0.44
66700	0.4	0.46	0.46	0	0	0.4
66800	0.4	0.46	0.46	0	0	0.4
66900	0.4	0.46	0.46	0	0	0.4
67000	0.4	0.46	0.46	0	0	0.4
67100	0.42	0.46	0.46	0	0	0.42
67200	0.42	0.46	0.46	0	0	0.42
67300	0.4	0.46	0.46	0	0	0.4
67400	0.4	0.46	0.46	0	0	0.4
67500	0.4	0.46	0.46	0	0	0.4
67600	0.4	0.46	0.46	0	0	0.4
67700	0.4	0.46	0.46	0	0	0.4
67800	0.4	0.46	0.46	0	0	0.4
67900	0.4	0.46	0.46	0	0	0.4
68000	0.4	0.48	0.48	0	0	0.4
68100	0.4	0.48	0.48	0	0	0.4
68200	0.4	0.48	0.48	0	0	0.4
68300	0.4	0.48	0.48	0	0	0.4
68400	0.4	0.48	0.48	0	0	0.4
68500	0.4	0.48	0.48	0	0	0.4
68600	0.4	0.48	0.48	0	0	0.4
68700	0.4	0.48	0.48	0	0	0.4
68800	0.4	0.48	0.48	0	0	0.4
68900	0.4	0.48	0.48	0	0	0.4
69000	0.4	0.48	0.48	0	0	0.4
69100	0.4	0.48	0.48	0	0	0.4
69200	0.4	0.48	0.48	0	0	0.4
69300	0.4	0.48	0.48	0	0	0.4
69400	0.4	0.48	0.48	0	0	0.4
69500	0.4	0.48	0.48	0	0	0.4
69600	0.4	0.48	0.48	0	0	0.4
69700	0.4	0.48	0.48	0	0	0.4
69800	0.4	0.48	0.48	0	0	0.4
69900	0.4	0.48	0.48	0	0	0.4
70000	0.4	0.48	0.48	0	0	0.4
70100	0.4	0.48	0.48	0	0	0.4
70200	0.4	0.48	0.48	0	0	0.4
70300	0.4	0.48	0.48	0	0	0.4
70400	0.4	0.48	0.48	0	0	0.4
70500	0.4	0.48	0.48	0	0	0.4
70600	0.4	0.48	0.48	0	0	0.4
70700	0.4	0.48	0.48	0	0	0.4
70800	0.38	0.48	0.48	0	0	0.38
70900	0.38	0.48	0.48	0	0	0.38
71000	0.38	0.48	0.48	0	0	0.38
71100	0.38	0.48	0.48	0	0	0.38
71200	0.4	0.48	0.48	0	0	0.4
71300	0.4	0.48	0.48	0	0	0.4
71400	0.4	0.48	0.48	0	0	0.4
71500	0.4	0.48	0.48	0	0	0.4
71600	0.4	0.48	0.48	0	0	0.4
71700	0.4	0.5	0.5	0	0	0.4
71800	0.4	0.5	0.5	0	0	0.4
71900	0.4	0.5	0.5	0	0	0.4
72000	0.4	0.5	0.5	0	0	0.4
72100	0.4	0.5	0.5	0	0	0.4
72200	0.4	0.5	0.5	0	0	0.4
72300	0.4	0.5	0.5	0	0	0.4
72400	0.4	0.5	0.5	0	0	0.4
72500	0.4	0.5	0.5	0	0	0.4
72600	0.42	0.48	0.48	0	0	0.42
72700	0.42	0.48	0.48	0	0	0.42
72800	0.42	0.48	0.48	0	0	0.42
72900	0.42	0.48	0.48	0	0	0.42
73000	0.42	0.48	0.48	0	0	0.42
73100	0.42	0.48	0.48	0	0	0.42
73200	0.42	0.48	0.48	0	0	0.42
73300	0.42	0.48	0.48	0	0	0.42
73400	0.42	0.48	0.48	0	0	0.42
73500	0.42	0.48	0.48	0	0	0.42
73600	0.42	0.48	0.48	0	0	0.42
73700	0.42	0.48	0.48	0	0	0.42
73800	0.42	0.48	0.48	0	0	0.42
73900	0.42	0.48	0.48	0	0	0.42
74000	0.42	0.48	0.48	0	0	0.42
74100	0.42	0.48	0.48	0	0	0.42
74200	0.42	0.48	0.48	0	0	0.42
74300	0.42	0.48	0.48	0	0	0.42
74400	0.44	0.48	0.48	0	0	0.44
74500	0.46	0.48	0.48	0	0	0.46
74600	0.46	0.48	0.48	0	0	0.46
74700	0.46	0.48	0.48	0	0	0.46
74800	0.46	0.48	0.48	0	0	0.46
74900	0.46	0.48	0.48	0	0	0.46
75000	0.46	0.48	0.48	0	0	0.46
75100	0.46	0.48	0.48	0	0	0.46
75200	0.46	0.48	0.48	0	0	0.46
75300	0.46	0.48	0.48	0	0	0.46
75400	0.46	0.48	0.48	0	0	0.46
75500	0.46	0.48	0.48	0	0	0.46
75600	0.46	0.5	0.5	0	0	0.46
75700	0.44	0.5	0.5	0	0	0.44
75800	0.44	0.5	0.5	0	0	0.44
75900	0.44	0.5	0.5	0	0	0.44
76000	0.44	0.5	0.5	0	0	0.44
76100	0.44	0.5	0.5	0	0	0.44
76200	0.44	0.5	0.5	0	0	0.44
76300	0.44	0.5	0.5	0	0	0.44
76400	0.44	0.5	0.5	0	0	0.44
76500	0.44	0.5	0.5	0	0	0.44
76600	0.44	0.5	0.5	0	0	0.44
76700	0.44	0.5	0.5	0	0	0.44
76800	0.44	0.5	0.5	0	0	0.44
76900	0.44	0.5	0.5	0	0	0.44
77000	0.44	0.5	0.5	0	0	0.44
77100	0.44	0.5	0.5	0	0	0.44
77200	0.44	0.5	0.5	0	0	0.44
77300	0.44	0.5	0.5	0	0	0.44
77400	0.44	0.5	0.5	0	0	0.44
77500	0.44	0.5	0.5	0	0	0.44
77600	0.44	0.5	0.5	0	0	0.44
77700	0.44	0.5	0.5	0	0	0.44
77800	0.46	0.5	0.5	0	0	0.46
77900	0.46	0.5	0.5	0	0	0.46
78000	0.46	0.5	0.5	0	0	0.46
78100	0.46	0.5	0.5	0	0	0.46
78200	0.46	0.5	0.5	0	0	0.46
78300	0.46	0.5	0.5	0	0	0.46
78400	0.46	0.5	0.5	0	0	0.46
78500	0.46	0.5	0.5	0	0	0.46
78600	0.46	0.5	0.5	0	0	0.46
78700	0.46	0.5	0.5	0	0	0.46
78800	0.46	0.48	0.48	0	0	0.46
78900	0.46	0.48	0.48	0	0	0.46
79000	0.46	0.48	0.48	0	0	0.46
79100	0.46	0.48	0.48	0	0	0.46
79200	0.46	0.48	0.48	0	0	0.46
79300	0.46	0.48	0.48	0	0	0.46
79400	0.46	0.48	0.48	0	0	0.46
79500	0.46	0.48	0.48	0	0	0.46
79600	0.46	0.48	0.48	0	0	0.46
79700	0.46	0.48	0.48	0	0	0.46
79800	0.46	0.48	0.48	0	0	0.46
79900	0.48	0.48	0.48	0	0	0.48
80000	0.48	0.48	0.48	0	0	0.48
80100	0.48	0.48	0.48	0	0	0.48
80200	0.48	0.48	0.48	0	0	0.48
80300	0.48	0.48	0.48	0	0	0.48
80400	0.48	0.48	0.48	0	0	0.48
80500	0.48	0.48	0.48	0	0	0.48
80600	0.48	0.48	0.48	0	0	0.48
80700	0.48	0.48	0.48	0	0	0.48
80800	0.48	0.48	0.48	0	0	0.48
80900	0.48	0.48	0.48	0	0	0.48
81000	0.48	0.48	0.48	0	0	0.48
81100	0.48	0.48	0.48	0	0	0.48
81200	0.48	0.5	0.5	0	0	0.48
81300	0.46	0.5	0.5	0	0	0.46
81400	0.46	0.5	0.5	0	0	0.46
81500	0.46	0.5	0.5	0	0	0.46
81600	0.46	0.5	0.5	0	0	0.46
81700	0.46	0.5	0.5	0	0	0.46
81800	0.46	0.5	0.5	0	0	0.46
81900	0.46	0.5	0.5	0	0	0.46
82000	0.46	0.5	0.5	0	0	0.46
82100	0.46	0.5	0.5	0	0	0.46
82200	0.46	0.5	0.5	0	0	0.46
82300	0.46	0.5	0.5	0	0	0.46
82400	0.46	0.5	0.5	0	0	0.46
82500	0.46	0.5	0.5	0	0	0.46
82600	0.44	0.5	0.5	0	0	0.44
82700	0.44	0.5	0.5	0	0	0.44
82800	0.44	0.5	0.5	0	0	0.44
82900	0.44	0.5	0.5	0	0	0.44
83000	0.44	0.5	0.5	0	0	0.44
83100	0.44	0.5	0.5	0	0	0.44
83200	0.44	0.5	0.5	0	0	0.44
83300	0.44	0.5	0.5	0	0	0.44
83400	0.44	0.5	0.5	0	0	0.44
83500	0.44	0.5	0.5	0	0	0.44
83600	0.44	0.5	0.5	0	0	0.44
83700	0.44	0.5	0.5	0	0	0.44
83800	0.44	0.5	0.5	0	0	0.44
83900	0.44	0.52	0.52	0	0	0.44
84000	0.44	0.52	0.52	0	0	0.44
84100	0.44	0.52	0.52	0	0	0.44
84200	0.44	0.54	0.54	0	0	0.44
84300	0.44	0.54	0.54	0	0	0.44
84400	0.44	0.54	0.54	0	0	0.44
84500	0.44	0.54	0.54	0	0	0.44
84600	0.44	0.54	0.54	0	0	0.44
84700	0.44	0.54	0.54	0	0	0.44
84800	0.44	0.54	0.54	0	0	0.44
84900	0.44	0.54	0.54	0	0	0.44
85000	0.44	0.54	0.54	0	0	0.44
85100	0.44	0.54	0.54	0	0	0.44
85200	0.44	0.54	0.54	0	0	0.44
85300	0.42	0.54	0.54	0	0	0.42
85400	0.42	0.52	0.52	0	0	0.42
85500	0.42	0.52	0.52	0	0	0.42
85600	0.42	0.52	0.52	0	0	0.42
85700	0.42	0.52	0.52	0	0	0.42
85800	0.42	0.52	0.52	0	0	0.42
85900	0.42	0.52	0.52	0	0	0.42
86000	0.42	0.52	0.52	0	0	0.42
86100	0.42	0.52	0.52	0	0	0.42
86200	0.42	0.52	0.52	0	0	0.42
86300	0.42	0.52	0.52	0	0	0.42
86400	0.42	0.52	0.52	0	0	0.42
86500	0.42	0.52	0.52	0	0	0.42
86600	0.42	0.52	0.52	0	0	0.42
86700	0.42	0.52	0.52	0	0	0.42
86800	0.42	0.52	0.52	0	0	0.42
86900	0.42	0.52	0.52	0	0	0.42
87000	0.42	0.52	0.52	0	0	0.42
87100	0.42	0.52	0.52	0	0	0.42
87200	0.42	0.52	0.52	0	0	0.42
87300	0.42	0.52	0.52	0	0	0.42
87400	0.42	0.52	0.52	0	0	0.42
87500	0.42	0.52	0.52	0	0	0.42
87600	0.42	0.52	0.52	0	0	0.42
87700	0.42	0.52	0.52	0	0	0.42
87800	0.42	0.52	0.52	0	0	0.42
87900	0.42	0.52	0.52	0	0	0.42
88000	0.42	0.52	0.52	0	0	0.42
88100	0.42	0.52	0.52	0	0	0.42
88200	0.42	0.52	0.52	0	0	0.42
88300	0.42	0.52	0.52	0	0	0.42
88400	0.42	0.52	0.52	0	0	0.42
88500	0.42	0.52	0.52	0	0	0.42
88600	0.42	0.52	0.52	0	0	0.42
88700	0.42	0.52	0.52	0	0	0.42
88800	0.42	0.52	0.52	0	0	0.42
88900	0.42	0.52	0.52	0	0	0.42
89000	0.42	0.52	0.52	0	0	0.42
89100	0.42	0.52	0.52	0	0	0.42
89200	0.42	0.52	0.52	0	0	0.42
89300	0.44	0.52	0.52	0	0	0.44
89400	0.42	0.52	0.52	0	0	0.42
89500	0.44	0.52	0.52	0	0	0.44
89600	0.44	0.52	0.52	0	0	0.44
89700	0.44	0.52	0.52	0	0	0.44
89800	0.44	0.52	0.52	0	0	0.44
89900	0.44	0.52	0.52	0	0	0.44
90000	0.44	0.52	0.52	0	0	0.44
90100	0.44	0.52	0.52	0	0	0.44
90200	0.44	0.52	0.52	0	0	0.44
90300	0.44	0.52	0.52	0	0	0.44
90400	0.44	0.52	0.52	0	0	0.44
90500	0.44	0.52	0.52	0	0	0.44
90600	0.44	0.52	0.52	0	0	0.44
90700	0.44	0.52	0.52	0	0	0.44
90800	0.44	0.52	0.52	0	0	0.44
90900	0.44	0.52	0.52	0	0	0.44
91000	0.44	0.52	0.52	0	0	0.44
91100	0.44	0.52	0.52	0	0	0.44
91200	0.44	0.52	0.52	0	0	0.44
91300	0.44	0.52	0.52	0	0	0.44
91400	0.44	0.52	0.52	0	0	0.44
91500	0.44	0.52	0.52	0	0	0.44
91600	0.44	0.52	0.52	0	0	0.44
91700	0.44	0.52	0.52	0	0	0.44
91800	0.44	0.52	0.52	0	0	0.44
91900	0.44	0.52	0.52	0	0	0.44
92000	0.44	0.52	0.52	0	0	0.44
92100	0.44	0.52	0.52	0	0	0.44
92200	0.44	0.52	0.52	0	0	0.44
92300	0.44	0.52	0.52	0	0	0.44
92400	0.44	0.52	0.52	0	0	0.44
92500	0.44	0.52	0.52	0	0	0.44
92600	0.44	0.52	0.52	0	0	0.44
92700	0.44	0.52	0.52	0	0	0.44
92800	0.42	0.52	0.52	0	0	0.42
92900	0.42	0.52	0.52	0	0	0.42
93000	0.42	0.52	0.52	0	0	0.42
93100	0.42	0.52	0.52	0	0	0.42
93200	0.42	0.52	0.52	0	0	0.42
93300	0.42	0.52	0.52	0	0	0.42
93400	0.42	0.52	0.52	0	0	0.42
93500	0.46	0.52	0.52	0	0	0.46
93600	0.46	0.52	0.52	0	0	0.46
93700	0.46	0.52	0.52	0	0	0.46
93800	0.46	0.52	0.52	0	0	0.46
93900	0.44	0.52	0.52	0	0	0.44
94000	0.44	0.52	0.52	0	0	0.44
94100	0.44	0.52	0.52	0	0	0.44
94200	0.44	0.52	0.52	0	0	0.44
94300	0.44	0.52	0.52	0	0	0.44
94400	0.44	0.52	0.52	0	0	0.44
94500	0.44	0.52	0.52	0	0	0.44
94600	0.44	0.52	0.52	0	0	0.44
94700	0.44	0.52	0.52	0	0	0.44
94800	0.44	0.52	0.52	0	0	0.44
94900	0.44	0.52	0.52	0	0	0.44
95000	0.44	0.52	0.52	0	0	0.44
95100	0.44	0.52	0.52	0	0	0.44
95200	0.44	0.52	0.52	0	0	0.44
95300	0.46	0.52	0.52	0	0	0.46
95400	0.46	0.52	0.52	0	0	0.46
95500	0.46	0.52	0.52	0	0	0.46
95600	0.46	0.52	0.52	0	0	0.46
95700	0.46	0.52	0.52	0	0	0.46
95800	0.46	0.52	0.52	0	0	0.46
95900	0.46	0.52	0.52	0	0	0.46
96000	0.46	0.52	0.52	0	0	0.46
96100	0.46	0.52	0.52	0	0	0.46
96200	0.46	0.52	0.52	0	0	0.46
96300	0.46	0.52	0.52	0	0	0.46
96400	0.46	0.52	0.52	0	0	0.46
96500	0.46	0.52	0.52	0	0	0.46
96600	0.46	0.52	0.52	0	0	0.46
96700	0.46	0.52	0.52	0	0	0.46
96800	0.46	0.52	0.52	0	0	0.46
96900	0.46	0.52	0.52	0	0	0.46
97000	0.46	0.52	0.52	0	0	0.46
97100	0.46	0.52	0.52	0	0	0.46
97200	0.46	0.52	0.52	0	0	0.46
97300	0.46	0.52	0.52	0	0	0.46
97400	0.46	0.52	0.52	0	0	0.46
97500	0.46	0.52	0.52	0	0	0.46
97600	0.46	0.52	0.52	0	0	0.46
97700	0.46	0.52	0.52	0	0	0.46
97800	0.46	0.52	0.52	0	0	0.46
97900	0.46	0.52	0.52	0	0	0.46
98000	0.46	0.52	0.52	0	0	0.46
98100	0.46	0.52	0.52	0	0	0.46
98200	0.46	0.52	0.52	0	0	0.46
98300	0.46	0.52	0.52	0	0	0.46
98400	0.46	0.52	0.52	0	0	0.46
98500	0.46	0.52	0.52	0	0	0.46
98600	0.46	0.52	0.52	0	0	0.46
98700	0.46	0.52	0.52	0	0	0.46
98800	0.46	0.52	0.52	0	0	0.46
98900	0.46	0.52	0.52	0	0	0.46
99000	0.46	0.52	0.52	0	0	0.46
99100	0.46	0.52	0.52	0	0	0.46
99200	0.46	0.52	0.52	0	0	0.46
99300	0.46	0.52	0.52	0	0	0.46
99400	0.46	0.52	0.52	0	0	0.46
99500	0.46	0.52	0.52	0	0	0.46
99600	0.46	0.52	0.52	0	0	0.46
99700	0.46	0.52	0.52	0	0	0.46
99800	0.46	0.52	0.52	0	0	0.46
99900	0.46	0.52	0.52	0	0	0.46
100000	0.46	0.52	0.52	0	0	0.46
