100	0.14	0.14	0.14	0	0	0.14
200	0.12	0.2	0.2	0	0	0.12
300	0.16	0.24	0.24	0	0	0.16
400	0.16	0.24	0.24	0	0	0.16
500	0.18	0.26	0.26	0	0	0.18
600	0.18	0.26	0.26	0	0	0.18
700	0.18	0.26	0.26	0	0	0.18
800	0.18	0.26	0.26	0	0	0.18
900	0.18	0.26	0.26	0	0	0.18
1000	0.2	0.26	0.26	0	0	0.2
1100	0.2	0.26	0.26	0	0	0.2
1200	0.2	0.26	0.26	0	0	0.2
1300	0.2	0.26	0.26	0	0	0.2
1400	0.2	0.26	0.26	0	0	0.2
1500	0.2	0.26	0.26	0	0	0.2
1600	0.22	0.26	0.26	0	0	0.22
1700	0.22	0.26	0.26	0	0	0.22
1800	0.22	0.26	0.26	0	0	0.22
1900	0.22	0.26	0.26	0	0	0.22
2000	0.24	0.3	0.3	0	0	0.24
2100	0.24	0.3	0.3	0	0	0.24
2200	0.24	0.32	0.32	0	0	0.24
2300	0.26	0.32	0.32	0	0	0.26
2400	0.26	0.32	0.32	0	0	0.26
2500	0.26	0.32	0.32	0	0	0.26
2600	0.26	0.32	0.32	0	0	0.26
2700	0.3	0.34	0.34	0	0	0.3
2800	0.32	0.34	0.34	0	0	0.32
2900	0.34	0.34	0.34	0	0	0.34
3000	0.34	0.34	0.34	0	0	0.34
3100	0.34	0.34	0.34	0	0	0.34
3200	0.32	0.34	0.34	0	0	0.32
3300	0.32	0.34	0.34	0	0	0.32
3400	0.32	0.36	0.36	0	0	0.32
3500	0.32	0.38	0.38	0	0	0.32
3600	0.32	0.38	0.38	0	0	0.32
3700	0.3	0.38	0.38	0	0	0.3
3800	0.3	0.38	0.38	0	0	0.3
3900	0.3	0.36	0.36	0	0	0.3
4000	0.28	0.36	0.36	0	0	0.28
4100	0.3	0.38	0.38	0	0	0.3
4200	0.3	0.38	0.38	0	0	0.3
4300	0.3	0.38	0.38	0	0	0.3
4400	0.3	0.38	0.38	0	0	0.3
4500	0.3	0.38	0.38	0	0	0.3
4600	0.3	0.38	0.38	0	0	0.3
4700	0.3	0.4	0.4	0	0	0.3
4800	0.3	0.4	0.4	0	0	0.3
4900	0.32	0.4	0.4	0	0	0.32
5000	0.32	0.4	0.4	0	0	0.32
5100	0.32	0.4	0.4	0	0	0.32
5200	0.32	0.4	0.4	0	0	0.32
5300	0.32	0.42	0.42	0	0	0.32
5400	0.32	0.42	0.42	0	0	0.32
5500	0.32	0.42	0.42	0	0	0.32
5600	0.32	0.42	0.42	0	0	0.32
5700	0.34	0.42	0.42	0	0	0.34
5800	0.34	0.42	0.42	0	0	0.34
5900	0.34	0.42	0.42	0	0	0.34
6000	0.34	0.42	0.42	0	0	0.34
6100	0.32	0.42	0.42	0	0	0.32
6200	0.32	0.42	0.42	0	0	0.32
6300	0.32	0.42	0.42	0	0	0.32
6400	0.34	0.42	0.42	0	0	0.34
6500	0.34	0.42	0.42	0	0	0.34
6600	0.34	0.42	0.42	0	0	0.34
6700	0.34	0.42	0.42	0	0	0.34
6800	0.36	0.4	0.4	0	0	0.36
6900	0.36	0.4	0.4	0	0	0.36
7000	0.34	0.4	0.4	0	0	0.34
7100	0.34	0.4	0.4	0	0	0.34
7200	0.34	0.42	0.42	0	0	0.34
7300	0.34	0.42	0.42	0	0	0.34
7400	0.34	0.42	0.42	0	0	0.34
7500	0.34	0.42	0.42	0	0	0.34
7600	0.34	0.44	0.44	0	0	0.34
7700	0.34	0.46	0.46	0	0	0.34
7800	0.34	0.46	0.46	0	0	0.34
7900	0.34	0.46	0.46	0	0	0.34
8000	0.34	0.46	0.46	0	0	0.34
8100	0.34	0.46	0.46	0	0	0.34
8200	0.36	0.48	0.48	0	0	0.36
8300	0.36	0.48	0.48	0	0	0.36
8400	0.36	0.48	0.48	0	0	0.36
8500	0.38	0.48	0.48	0	0	0.38
8600	0.38	0.48	0.48	0	0	0.38
8700	0.38	0.48	0.48	0	0	0.38
8800	0.38	0.48	0.48	0	0	0.38
8900	0.38	0.48	0.48	0	0	0.38
9000	0.38	0.5	0.5	0	0	0.38
9100	0.36	0.5	0.5	0	0	0.36
9200	0.36	0.5	0.5	0	0	0.36
9300	0.36	0.5	0.5	0	0	0.36
9400	0.36	0.5	0.5	0	0	0.36
9500	0.36	0.5	0.5	0	0	0.36
9600	0.36	0.5	0.5	0	0	0.36
9700	0.36	0.5	0.5	0	0	0.36
9800	0.36	0.5	0.5	0	0	0.36
9900	0.36	0.5	0.5	0	0	0.36
10000	0.36	0.5	0.5	0	0	0.36
10100	0.36	0.5	0.5	0	0	0.36
10200	0.36	0.5	0.5	0	0	0.36
10300	0.36	0.5	0.5	0	0	0.36
10400	0.36	0.5	0.5	0	0	0.36
10500	0.34	0.5	0.5	0	0	0.34
10600	0.34	0.5	0.5	0	0	0.34
10700	0.34	0.5	0.5	0	0	0.34
10800	0.32	0.5	0.5	0	0	0.32
10900	0.32	0.5	0.5	0	0	0.32
11000	0.32	0.5	0.5	0	0	0.32
11100	0.32	0.5	0.5	0	0	0.32
11200	0.32	0.5	0.5	0	0	0.32
11300	0.32	0.5	0.5	0	0	0.32
11400	0.32	0.48	0.48	0	0	0.32
11500	0.32	0.5	0.5	0	0	0.32
11600	0.32	0.5	0.5	0	0	0.32
11700	0.32	0.5	0.5	0	0	0.32
11800	0.32	0.5	0.5	0	0	0.32
11900	0.32	0.5	0.5	0	0	0.32
12000	0.32	0.5	0.5	0	0	0.32
12100	0.32	0.5	0.5	0	0	0.32
12200	0.32	0.52	0.52	0	0	0.32
12300	0.34	0.52	0.52	0	0	0.34
12400	0.34	0.54	0.54	0	0	0.34
12500	0.36	0.54	0.54	0	0	0.36
12600	0.36	0.54	0.54	0	0	0.36
12700	0.36	0.54	0.54	0	0	0.36
12800	0.36	0.54	0.54	0	0	0.36
12900	0.36	0.54	0.54	0	0	0.36
13000	0.36	0.54	0.54	0	0	0.36
13100	0.36	0.54	0.54	0	0	0.36
13200	0.36	0.54	0.54	0	0	0.36
13300	0.36	0.52	0.52	0	0	0.36
13400	0.36	0.5	0.5	0	0	0.36
13500	0.36	0.52	0.52	0	0	0.36
13600	0.36	0.52	0.52	0	0	0.36
13700	0.36	0.52	0.52	0	0	0.36
13800	0.36	0.52	0.52	0	0	0.36
13900	0.36	0.52	0.52	0	0	0.36
14000	0.36	0.5	0.5	0	0	0.36
14100	0.36	0.5	0.5	0	0	0.36
14200	0.36	0.5	0.5	0	0	0.36
14300	0.36	0.5	0.5	0	0	0.36
14400	0.36	0.5	0.5	0	0	0.36
14500	0.36	0.5	0.5	0	0	0.36
14600	0.36	0.5	0.5	0	0	0.36
14700	0.36	0.5	0.5	0	0	0.36
14800	0.36	0.5	0.5	0	0	0.36
14900	0.38	0.5	0.5	0	0	0.38
15000	0.38	0.5	0.5	0	0	0.38
15100	0.38	0.52	0.52	0	0	0.38
15200	0.38	0.5	0.5	0	0	0.38
15300	0.38	0.5	0.5	0	0	0.38
15400	0.4	0.5	0.5	0	0	0.4
15500	0.4	0.5	0.5	0	0	0.4
15600	0.4	0.5	0.5	0	0	0.4
15700	0.4	0.52	0.52	0	0	0.4
15800	0.4	0.52	0.52	0	0	0.4
15900	0.4	0.5	0.5	0	0	0.4
16000	0.4	0.5	0.5	0	0	0.4
16100	0.4	0.5	0.5	0	0	0.4
16200	0.4	0.5	0.5	0	0	0.4
16300	0.4	0.5	0.5	0	0	0.4
16400	0.4	0.5	0.5	0	0	0.4
16500	0.4	0.5	0.5	0	0	0.4
16600	0.4	0.5	0.5	0	0	0.4
16700	0.4	0.5	0.5	0	0	0.4
16800	0.4	0.5	0.5	0	0	0.4
16900	0.4	0.48	0.48	0	0	0.4
17000	0.4	0.48	0.48	0	0	0.4
17100	0.42	0.48	0.48	0	0	0.42
17200	0.42	0.48	0.48	0	0	0.42
17300	0.42	0.48	0.48	0	0	0.42
17400	0.42	0.46	0.46	0	0	0.42
17500	0.42	0.46	0.46	0	0	0.42
17600	0.42	0.46	0.46	0	0	0.42
17700	0.42	0.46	0.46	0	0	0.42
17800	0.42	0.46	0.46	0	0	0.42
17900	0.42	0.46	0.46	0	0	0.42
18000	0.42	0.46	0.46	0	0	0.42
18100	0.42	0.44	0.44	0	0	0.42
18200	0.42	0.44	0.44	0	0	0.42
18300	0.42	0.44	0.44	0	0	0.42
18400	0.42	0.44	0.44	0	0	0.42
18500	0.42	0.44	0.44	0	0	0.42
18600	0.42	0.44	0.44	0	0	0.42
18700	0.42	0.44	0.44	0	0	0.42
18800	0.42	0.44	0.44	0	0	0.42
18900	0.42	0.44	0.44	0	0	0.42
19000	0.42	0.44	0.44	0	0	0.42
19100	0.42	0.44	0.44	0	0	0.42
19200	0.42	0.44	0.44	0	0	0.42
19300	0.42	0.44	0.44	0	0	0.42
19400	0.42	0.44	0.44	0	0	0.42
19500	0.42	0.44	0.44	0	0	0.42
19600	0.42	0.46	0.46	0	0	0.42
19700	0.42	0.46	0.46	0	0	0.42
19800	0.42	0.46	0.46	0	0	0.42
19900	0.42	0.46	0.46	0	0	0.42
20000	0.42	0.46	0.46	0	0	0.42
20100	0.42	0.46	0.46	0	0	0.42
20200	0.42	0.46	0.46	0	0	0.42
20300	0.42	0.46	0.46	0	0	0.42
20400	0.42	0.46	0.46	0	0	0.42
20500	0.42	0.46	0.46	0	0	0.42
20600	0.42	0.46	0.46	0	0	0.42
20700	0.42	0.46	0.46	0	0	0.42
20800	0.42	0.46	0.46	0	0	0.42
20900	0.4	0.46	0.46	0	0	0.4
21000	0.4	0.46	0.46	0	0	0.4
21100	0.4	0.46	0.46	0	0	0.4
21200	0.4	0.46	0.46	0	0	0.4
21300	0.4	0.48	0.48	0	0	0.4
21400	0.4	0.48	0.48	0	0	0.4
21500	0.4	0.48	0.48	0	0	0.4
21600	0.4	0.48	0.48	0	0	0.4
21700	0.4	0.48	0.48	0	0	0.4
21800	0.4	0.48	0.48	0	0	0.4
21900	0.4	0.48	0.48	0	0	0.4
22000	0.4	0.48	0.48	0	0	0.4
22100	0.4	0.48	0.48	0	0	0.4
22200	0.42	0.48	0.48	0	0	0.42
22300	0.42	0.48	0.48	0	0	0.42
22400	0.42	0.48	0.48	0	0	0.42
22500	0.42	0.48	0.48	0	0	0.42
22600	0.42	0.48	0.48	0	0	0.42
22700	0.42	0.48	0.48	0	0	0.42
22800	0.42	0.48	0.48	0	0	0.42
22900	0.42	0.48	0.48	0	0	0.42
23000	0.42	0.48	0.48	0	0	0.42
23100	0.42	0.5	0.5	0	0	0.42
23200	0.42	0.52	0.52	0	0	0.42
23300	0.42	0.52	0.52	0	0	0.42
23400	0.42	0.52	0.52	0	0	0.42
23500	0.42	0.5	0.5	0	0	0.42
23600	0.42	0.5	0.5	0	0	0.42
23700	0.42	0.5	0.5	0	0	0.42
23800	0.42	0.5	0.5	0	0	0.42
23900	0.42	0.52	0.52	0	0	0.42
24000	0.42	0.52	0.52	0	0	0.42
24100	0.42	0.52	0.52	0	0	0.42
24200	0.44	0.52	0.52	0	0	0.44
24300	0.44	0.52	0.52	0	0	0.44
24400	0.44	0.52	0.52	0	0	0.44
24500	0.44	0.52	0.52	0	0	0.44
24600	0.44	0.52	0.52	0	0	0.44
24700	0.44	0.52	0.52	0	0	0.44
24800	0.44	0.52	0.52	0	0	0.44
24900	0.44	0.52	0.52	0	0	0.44
25000	0.44	0.52	0.52	0	0	0.44
25100	0.44	0.52	0.52	0	0	0.44
25200	0.44	0.52	0.52	0	0	0.44
25300	0.44	0.52	0.52	0	0	0.44
25400	0.44	0.52	0.52	0	0	0.44
25500	0.44	0.52	0.52	0	0	0.44
25600	0.44	0.52	0.52	0	0	0.44
25700	0.44	0.52	0.52	0	0	0.44
25800	0.44	0.52	0.52	0	0	0.44
25900	0.44	0.52	0.52	0	0	0.44
26000	0.44	0.52	0.52	0	0	0.44
26100	0.44	0.52	0.52	0	0	0.44
26200	0.44	0.52	0.52	0	0	0.44
26300	0.44	0.52	0.52	0	0	0.44
26400	0.42	0.52	0.52	0	0	0.42
26500	0.42	0.52	0.52	0	0	0.42
26600	0.42	0.52	0.52	0	0	0.42
26700	0.42	0.52	0.52	0	0	0.42
26800	0.42	0.52	0.52	0	0	0.42
26900	0.42	0.52	0.52	0	0	0.42
27000	0.42	0.52	0.52	0	0	0.42
27100	0.42	0.52	0.52	0	0	0.42
27200	0.42	0.52	0.52	0	0	0.42
27300	0.42	0.52	0.52	0	0	0.42
27400	0.42	0.52	0.52	0	0	0.42
27500	0.42	0.52	0.52	0	0	0.42
27600	0.42	0.52	0.52	0	0	0.42
27700	0.42	0.52	0.52	0	0	0.42
27800	0.42	0.52	0.52	0	0	0.42
27900	0.42	0.52	0.52	0	0	0.42
28000	0.42	0.52	0.52	0	0	0.42
28100	0.42	0.52	0.52	0	0	0.42
28200	0.42	0.52	0.52	0	0	0.42
28300	0.42	0.52	0.52	0	0	0.42
28400	0.42	0.52	0.52	0	0	0.42
28500	0.42	0.52	0.52	0	0	0.42
28600	0.42	0.52	0.52	0	0	0.42
28700	0.42	0.52	0.52	0	0	0.42
28800	0.42	0.52	0.52	0	0	0.42
28900	0.42	0.52	0.52	0	0	0.42
29000	0.42	0.52	0.52	0	0	0.42
29100	0.42	0.52	0.52	0	0	0.42
29200	0.44	0.52	0.52	0	0	0.44
29300	0.44	0.52	0.52	0	0	0.44
29400	0.44	0.52	0.52	0	0	0.44
29500	0.44	0.52	0.52	0	0	0.44
29600	0.44	0.52	0.52	0	0	0.44
29700	0.44	0.52	0.52	0	0	0.44
29800	0.44	0.52	0.52	0	0	0.44
29900	0.44	0.52	0.52	0	0	0.44
30000	0.44	0.52	0.52	0	0	0.44
30100	0.44	0.52	0.52	0	0	0.44
30200	0.44	0.52	0.52	0	0	0.44
30300	0.44	0.52	0.52	0	0	0.44
30400	0.44	0.52	0.52	0	0	0.44
30500	0.44	0.52	0.52	0	0	0.44
30600	0.44	0.52	0.52	0	0	0.44
30700	0.46	0.52	0.52	0	0	0.46
30800	0.46	0.52	0.52	0	0	0.46
30900	0.46	0.52	0.52	0	0	0.46
31000	0.44	0.52	0.52	0	0	0.44
31100	0.44	0.52	0.52	0	0	0.44
31200	0.44	0.52	0.52	0	0	0.44
31300	0.44	0.52	0.52	0	0	0.44
31400	0.44	0.52	0.52	0	0	0.44
31500	0.44	0.52	0.52	0	0	0.44
31600	0.44	0.52	0.52	0	0	0.44
31700	0.42	0.52	0.52	0	0	0.42
31800	0.42	0.52	0.52	0	0	0.42
31900	0.42	0.52	0.52	0	0	0.42
32000	0.42	0.52	0.52	0	0	0.42
32100	0.42	0.52	0.52	0	0	0.42
32200	0.42	0.52	0.52	0	0	0.42
32300	0.42	0.52	0.52	0	0	0.42
32400	0.42	0.52	0.52	0	0	0.42
32500	0.42	0.52	0.52	0	0	0.42
32600	0.42	0.52	0.52	0	0	0.42
32700	0.42	0.52	0.52	0	0	0.42
32800	0.42	0.5	0.5	0	0	0.42
32900	0.42	0.48	0.48	0	0	0.42
33000	0.42	0.48	0.48	0	0	0.42
33100	0.42	0.46	0.46	0	0	0.42
33200	0.42	0.46	0.46	0	0	0.42
33300	0.42	0.46	0.46	0	0	0.42
33400	0.42	0.44	0.44	0	0	0.42
33500	0.42	0.44	0.44	0	0	0.42
33600	0.42	0.42	0.42	0	0	0.42
33700	0.42	0.42	0.42	0	0	0.42
33800	0.42	0.42	0.42	0	0	0.42
33900	0.42	0.42	0.42	0	0	0.42
34000	0.42	0.42	0.42	0	0	0.42
34100	0.42	0.42	0.42	0	0	0.42
34200	0.42	0.42	0.42	0	0	0.42
34300	0.42	0.42	0.42	0	0	0.42
34400	0.42	0.42	0.42	0	0	0.42
34500	0.42	0.42	0.42	0	0	0.42
34600	0.42	0.42	0.42	0	0	0.42
34700	0.42	0.42	0.42	0	0	0.42
34800	0.42	0.42	0.42	0	0	0.42
34900	0.4	0.42	0.42	0	0	0.4
35000	0.4	0.42	0.42	0	0	0.4
35100	0.4	0.42	0.42	0	0	0.4
35200	0.4	0.42	0.42	0	0	0.4
35300	0.4	0.42	0.42	0	0	0.4
35400	0.4	0.46	0.46	0	0	0.4
35500	0.38	0.46	0.46	0	0	0.38
35600	0.38	0.44	0.44	0	0	0.38
35700	0.38	0.44	0.44	0	0	0.38
35800	0.38	0.44	0.44	0	0	0.38
35900	0.4	0.44	0.44	0	0	0.4
36000	0.4	0.44	0.44	0	0	0.4
36100	0.4	0.46	0.46	0	0	0.4
36200	0.4	0.46	0.46	0	0	0.4
36300	0.4	0.46	0.46	0	0	0.4
36400	0.4	0.46	0.46	0	0	0.4
36500	0.4	0.46	0.46	0	0	0.4
36600	0.4	0.46	0.46	0	0	0.4
36700	0.4	0.46	0.46	0	0	0.4
36800	0.4	0.46	0.46	0	0	0.4
36900	0.4	0.46	0.46	0	0	0.4
37000	0.4	0.46	0.46	0	0	0.4
37100	0.4	0.48	0.48	0	0	0.4
37200	0.4	0.48	0.48	0	0	0.4
37300	0.38	0.48	0.48	0	0	0.38
37400	0.38	0.48	0.48	0	0	0.38
37500	0.38	0.48	0.48	0	0	0.38
37600	0.4	0.48	0.48	0	0	0.4
37700	0.4	0.48	0.48	0	0	0.4
37800	0.4	0.48	0.48	0	0	0.4
37900	0.4	0.48	0.48	0	0	0.4
38000	0.4	0.48	0.48	0	0	0.4
38100	0.4	0.48	0.48	0	0	0.4
38200	0.4	0.48	0.48	0	0	0.4
38300	0.4	0.48	0.48	0	0	0.4
38400	0.4	0.48	0.48	0	0	0.4
38500	0.38	0.48	0.48	0	0	0.38
38600	0.4	0.48	0.48	0	0	0.4
38700	0.4	0.48	0.48	0	0	0.4
38800	0.4	0.48	0.48	0	0	0.4
38900	0.4	0.48	0.48	0	0	0.4
39000	0.4	0.48	0.48	0	0	0.4
39100	0.4	0.48	0.48	0	0	0.4
39200	0.4	0.48	0.48	0	0	0.4
39300	0.4	0.48	0.48	0	0	0.4
39400	0.4	0.48	0.48	0	0	0.4
39500	0.4	0.48	0.48	0	0	0.4
39600	0.4	0.48	0.48	0	0	0.4
39700	0.4	0.48	0.48	0	0	0.4
39800	0.4	0.5	0.5	0	0	0.4
39900	0.4	0.52	0.52	0	0	0.4
40000	0.4	0.52	0.52	0	0	0.4
40100	0.4	0.52	0.52	0	0	0.4
40200	0.4	0.52	0.52	0	0	0.4
40300	0.4	0.52	0.52	0	0	0.4
40400	0.4	0.52	0.52	0	0	0.4
40500	0.4	0.52	0.52	0	0	0.4
40600	0.4	0.52	0.52	0	0	0.4
40700	0.4	0.52	0.52	0	0	0.4
40800	0.4	0.52	0.52	0	0	0.4
40900	0.4	0.52	0.52	0	0	0.4
41000	0.4	0.52	0.52	0	0	0.4
41100	0.4	0.52	0.52	0	0	0.4
41200	0.4	0.52	0.52	0	0	0.4
41300	0.4	0.52	0.52	0	0	0.4
41400	0.4	0.52	0.52	0	0	0.4
41500	0.4	0.52	0.52	0	0	0.4
41600	0.42	0.52	0.52	0	0	0.42
41700	0.4	0.52	0.52	0	0	0.4
41800	0.4	0.52	0.52	0	0	0.4
41900	0.4	0.54	0.54	0	0	0.4
42000	0.4	0.54	0.54	0	0	0.4
42100	0.4	0.54	0.54	0	0	0.4
42200	0.4	0.54	0.54	0	0	0.4
42300	0.4	0.54	0.54	0	0	0.4
42400	0.4	0.54	0.54	0	0	0.4
42500	0.4	0.54	0.54	0	0	0.4
42600	0.4	0.54	0.54	0	0	0.4
42700	0.4	0.54	0.54	0	0	0.4
42800	0.4	0.54	0.54	0	0	0.4
42900	0.4	0.54	0.54	0	0	0.4
43000	0.4	0.54	0.54	0	0	0.4
43100	0.4	0.54	0.54	0	0	0.4
43200	0.4	0.54	0.54	0	0	0.4
43300	0.4	0.54	0.54	0	0	0.4
43400	0.4	0.54	0.54	0	0	0.4
43500	0.4	0.54	0.54	0	0	0.4
43600	0.4	0.54	0.54	0	0	0.4
43700	0.4	0.54	0.54	0	0	0.4
43800	0.4	0.54	0.54	0	0	0.4
43900	0.4	0.54	0.54	0	0	0.4
44000	0.4	0.54	0.54	0	0	0.4
44100	0.4	0.54	0.54	0	0	0.4
44200	0.4	0.54	0.54	0	0	0.4
44300	0.4	0.54	0.54	0	0	0.4
44400	0.4	0.54	0.54	0	0	0.4
44500	0.4	0.54	0.54	0	0	0.4
44600	0.4	0.52	0.52	0	0	0.4
44700	0.4	0.52	0.52	0	0	0.4
44800	0.4	0.52	0.52	0	0	0.4
44900	0.42	0.52	0.52	0	0	0.42
45000	0.42	0.52	0.52	0	0	0.42
45100	0.42	0.52	0.52	0	0	0.42
45200	0.42	0.52	0.52	0	0	0.42
45300	0.42	0.52	0.52	0	0	0.42
45400	0.42	0.52	0.52	0	0	0.42
45500	0.42	0.52	0.52	0	0	0.42
45600	0.42	0.52	0.52	0	0	0.42
45700	0.42	0.52	0.52	0	0	0.42
45800	0.42	0.52	0.52	0	0	0.42
45900	0.42	0.52	0.52	0	0	0.42
46000	0.42	0.52	0.52	0	0	0.42
46100	0.42	0.52	0.52	0	0	0.42
46200	0.42	0.52	0.52	0	0	0.42
46300	0.4	0.52	0.52	0	0	0.4
46400	0.4	0.52	0.52	0	0	0.4
46500	0.4	0.52	0.52	0	0	0.4
46600	0.4	0.52	0.52	0	0	0.4
46700	0.4	0.52	0.52	0	0	0.4
46800	0.4	0.52	0.52	0	0	0.4
46900	0.4	0.52	0.52	0	0	0.4
47000	0.4	0.52	0.52	0	0	0.4
47100	0.4	0.52	0.52	0	0	0.4
47200	0.38	0.52	0.52	0	0	0.38
47300	0.38	0.52	0.52	0	0	0.38
47400	0.38	0.52	0.52	0	0	0.38
47500	0.38	0.52	0.52	0	0	0.38
47600	0.38	0.52	0.52	0	0	0.38
47700	0.38	0.52	0.52	0	0	0.38
47800	0.38	0.52	0.52	0	0	0.38
47900	0.38	0.52	0.52	0	0	0.38
48000	0.38	0.52	0.52	0	0	0.38
48100	0.38	0.52	0.52	0	0	0.38
48200	0.38	0.52	0.52	0	0	0.38
48300	0.38	0.52	0.52	0	0	0.38
48400	0.36	0.52	0.52	0	0	0.36
48500	0.36	0.54	0.54	0	0	0.36
48600	0.36	0.54	0.54	0	0	0.36
48700	0.34	0.54	0.54	0	0	0.34
48800	0.34	0.54	0.54	0	0	0.34
48900	0.34	0.54	0.54	0	0	0.34
49000	0.34	0.54	0.54	0	0	0.34
49100	0.34	0.56	0.56	0	0	0.34
49200	0.34	0.56	0.56	0	0	0.34
49300	0.34	0.56	0.56	0	0	0.34
49400	0.34	0.56	0.56	0	0	0.34
49500	0.34	0.56	0.56	0	0	0.34
49600	0.34	0.56	0.56	0	0	0.34
49700	0.34	0.56	0.56	0	0	0.34
49800	0.34	0.56	0.56	0	0	0.34
49900	0.34	0.54	0.54	0	0	0.34
50000	0.34	0.54	0.54	0	0	0.34
50100	0.34	0.52	0.52	0	0	0.34
50200	0.34	0.52	0.52	0	0	0.34
50300	0.34	0.52	0.52	0	0	0.34
50400	0.34	0.52	0.52	0	0	0.34
50500	0.34	0.52	0.52	0	0	0.34
50600	0.34	0.52	0.52	0	0	0.34
50700	0.34	0.5	0.5	0	0	0.34
50800	0.34	0.5	0.5	0	0	0.34
50900	0.34	0.48	0.48	0	0	0.34
51000	0.36	0.48	0.48	0	0	0.36
51100	0.36	0.48	0.48	0	0	0.36
51200	0.36	0.48	0.48	0	0	0.36
51300	0.38	0.48	0.48	0	0	0.38
51400	0.38	0.48	0.48	0	0	0.38
51500	0.38	0.48	0.48	0	0	0.38
51600	0.38	0.48	0.48	0	0	0.38
51700	0.38	0.48	0.48	0	0	0.38
51800	0.38	0.48	0.48	0	0	0.38
51900	0.38	0.52	0.52	0	0	0.38
52000	0.38	0.5	0.5	0	0	0.38
52100	0.38	0.5	0.5	0	0	0.38
52200	0.38	0.5	0.5	0	0	0.38
52300	0.36	0.5	0.5	0	0	0.36
52400	0.36	0.5	0.5	0	0	0.36
52500	0.36	0.52	0.52	0	0	0.36
52600	0.36	0.52	0.52	0	0	0.36
52700	0.36	0.54	0.54	0	0	0.36
52800	0.36	0.52	0.52	0	0	0.36
52900	0.36	0.52	0.52	0	0	0.36
53000	0.36	0.54	0.54	0	0	0.36
53100	0.36	0.54	0.54	0	0	0.36
53200	0.36	0.54	0.54	0	0	0.36
53300	0.36	0.54	0.54	0	0	0.36
53400	0.36	0.54	0.54	0	0	0.36
53500	0.36	0.54	0.54	0	0	0.36
53600	0.36	0.54	0.54	0	0	0.36
53700	0.36	0.54	0.54	0	0	0.36
53800	0.36	0.56	0.56	0	0	0.36
53900	0.36	0.56	0.56	0	0	0.36
54000	0.36	0.54	0.54	0	0	0.36
54100	0.36	0.54	0.54	0	0	0.36
54200	0.36	0.52	0.52	0	0	0.36
54300	0.36	0.52	0.52	0	0	0.36
54400	0.36	0.52	0.52	0	0	0.36
54500	0.36	0.52	0.52	0	0	0.36
54600	0.36	0.52	0.52	0	0	0.36
54700	0.36	0.52	0.52	0	0	0.36
54800	0.36	0.52	0.52	0	0	0.36
54900	0.36	0.52	0.52	0	0	0.36
55000	0.36	0.52	0.52	0	0	0.36
55100	0.36	0.52	0.52	0	0	0.36
55200	0.36	0.52	0.52	0	0	0.36
55300	0.38	0.52	0.52	0	0	0.38
55400	0.38	0.52	0.52	0	0	0.38
55500	0.38	0.52	0.52	0	0	0.38
55600	0.36	0.52	0.52	0	0	0.36
55700	0.36	0.52	0.52	0	0	0.36
55800	0.36	0.5	0.5	0	0	0.36
55900	0.36	0.5	0.5	0	0	0.36
56000	0.36	0.5	0.5	0	0	0.36
56100	0.36	0.5	0.5	0	0	0.36
56200	0.36	0.5	0.5	0	0	0.36
56300	0.36	0.5	0.5	0	0	0.36
56400	0.36	0.5	0.5	0	0	0.36
56500	0.38	0.5	0.5	0	0	0.38
56600	0.38	0.5	0.5	0	0	0.38
56700	0.38	0.5	0.5	0	0	0.38
56800	0.38	0.5	0.5	0	0	0.38
56900	0.38	0.5	0.5	0	0	0.38
57000	0.38	0.5	0.5	0	0	0.38
57100	0.38	0.5	0.5	0	0	0.38
57200	0.38	0.5	0.5	0	0	0.38
57300	0.38	0.5	0.5	0	0	0.38
57400	0.4	0.5	0.5	0	0	0.4
57500	0.38	0.5	0.5	0	0	0.38
57600	0.38	0.5	0.5	0	0	0.38
57700	0.38	0.5	0.5	0	0	0.38
57800	0.38	0.5	0.5	0	0	0.38
57900	0.38	0.5	0.5	0	0	0.38
58000	0.38	0.5	0.5	0	0	0.38
58100	0.38	0.5	0.5	0	0	0.38
58200	0.4	0.52	0.52	0	0	0.4
58300	0.4	0.52	0.52	0	0	0.4
58400	0.4	0.52	0.52	0	0	0.4
58500	0.4	0.52	0.52	0	0	0.4
58600	0.4	0.52	0.52	0	0	0.4
58700	0.4	0.52	0.52	0	0	0.4
58800	0.4	0.52	0.52	0	0	0.4
58900	0.4	0.52	0.52	0	0	0.4
59000	0.4	0.52	0.52	0	0	0.4
59100	0.4	0.52	0.52	0	0	0.4
59200	0.4	0.52	0.52	0	0	0.4
59300	0.4	0.52	0.52	0	0	0.4
59400	0.4	0.52	0.52	0	0	0.4
59500	0.4	0.52	0.52	0	0	0.4
59600	0.4	0.52	0.52	0	0	0.4
59700	0.4	0.52	0.52	0	0	0.4
59800	0.4	0.52	0.52	0	0	0.4
59900	0.4	0.52	0.52	0	0	0.4
60000	0.4	0.5	0.5	0	0	0.4
60100	0.4	0.5	0.5	0	0	0.4
60200	0.4	0.5	0.5	0	0	0.4
60300	0.4	0.5	0.5	0	0	0.4
60400	0.4	0.5	0.5	0	0	0.4
60500	0.4	0.5	0.5	0	0	0.4
60600	0.4	0.5	0.5	0	0	0.4
60700	0.4	0.5	0.5	0	0	0.4
60800	0.4	0.5	0.5	0	0	0.4
60900	0.4	0.5	0.5	0	0	0.4
61000	0.38	0.5	0.5	0	0	0.38
61100	0.38	0.5	0.5	0	0	0.38
61200	0.38	0.5	0.5	0	0	0.38
61300	0.38	0.5	0.5	0	0	0.38
61400	0.38	0.5	0.5	0	0	0.38
61500	0.38	0.5	0.5	0	0	0.38
61600	0.38	0.5	0.5	0	0	0.38
61700	0.38	0.5	0.5	0	0	0.38
61800	0.38	0.48	0.48	0	0	0.38
61900	0.38	0.48	0.48	0	0	0.38
62000	0.38	0.48	0.48	0	0	0.38
62100	0.38	0.48	0.48	0	0	0.38
62200	0.38	0.48	0.48	0	0	0.38
62300	0.4	0.48	0.48	0	0	0.4
62400	0.4	0.48	0.48	0	0	0.4
62500	0.4	0.48	0.48	0	0	0.4
62600	0.4	0.5	0.5	0	0	0.4
62700	0.4	0.5	0.5	0	0	0.4
62800	0.4	0.5	0.5	0	0	0.4
62900	0.4	0.5	0.5	0	0	0.4
63000	0.4	0.5	0.5	0	0	0.4
63100	0.4	0.5	0.5	0	0	0.4
63200	0.4	0.5	0.5	0	0	0.4
63300	0.4	0.5	0.5	0	0	0.4
63400	0.4	0.52	0.52	0	0	0.4
63500	0.4	0.52	0.52	0	0	0.4
63600	0.4	0.52	0.52	0	0	0.4
63700	0.4	0.52	0.52	0	0	0.4
63800	0.4	0.52	0.52	0	0	0.4
63900	0.4	0.5	0.5	0	0	0.4
64000	0.4	0.5	0.5	0	0	0.4
64100	0.4	0.5	0.5	0	0	0.4
64200	0.4	0.5	0.5	0	0	0.4
64300	0.4	0.5	0.5	0	0	0.4
64400	0.4	0.5	0.5	0	0	0.4
64500	0.4	0.5	0.5	0	0	0.4
64600	0.4	0.5	0.5	0	0	0.4
64700	0.4	0.5	0.5	0	0	0.4
64800	0.4	0.5	0.5	0	0	0.4
64900	0.4	0.5	0.5	0	0	0.4
65000	0.4	0.5	0.5	0	0	0.4
65100	0.4	0.5	0.5	0	0	0.4
65200	0.4	0.5	0.5	0	0	0.4
65300	0.4	0.5	0.5	0	0	0.4
65400	0.4	0.5	0.5	0	0	0.4
65500	0.4	0.5	0.5	0	0	0.4
65600	0.4	0.5	0.5	0	0	0.4
65700	0.4	0.5	0.5	0	0	0.4
65800	0.4	0.5	0.5	0	0	0.4
65900	0.4	0.5	0.5	0	0	0.4
66000	0.4	0.48	0.48	0	0	0.4
66100	0.4	0.48	0.48	0	0	0.4
66200	0.4	0.48	0.48	0	0	0.4
66300	0.38	0.48	0.48	0	0	0.38
66400	0.38	0.48	0.48	0	0	0.38
66500	0.38	0.48	0.48	0	0	0.38
66600	0.38	0.48	0.48	0	0	0.38
66700	0.38	0.48	0.48	0	0	0.38
66800	0.38	0.48	0.48	0	0	0.38
66900	0.38	0.48	0.48	0	0	0.38
67000	0.38	0.48	0.48	0	0	0.38
67100	0.38	0.48	0.48	0	0	0.38
67200	0.38	0.48	0.48	0	0	0.38
67300	0.38	0.48	0.48	0	0	0.38
67400	0.38	0.48	0.48	0	0	0.38
67500	0.38	0.48	0.48	0	0	0.38
67600	0.4	0.48	0.48	0	0	0.4
67700	0.38	0.48	0.48	0	0	0.38
67800	0.38	0.48	0.48	0	0	0.38
67900	0.38	0.48	0.48	0	0	0.38
68000	0.38	0.48	0.48	0	0	0.38
68100	0.38	0.48	0.48	0	0	0.38
68200	0.42	0.46	0.46	0	0	0.42
68300	0.42	0.46	0.46	0	0	0.42
68400	0.42	0.46	0.46	0	0	0.42
68500	0.42	0.46	0.46	0	0	0.42
68600	0.42	0.48	0.48	0	0	0.42
68700	0.42	0.5	0.5	0	0	0.42
68800	0.42	0.5	0.5	0	0	0.42
68900	0.42	0.5	0.5	0	0	0.42
69000	0.42	0.5	0.5	0	0	0.42
69100	0.42	0.5	0.5	0	0	0.42
69200	0.42	0.5	0.5	0	0	0.42
69300	0.42	0.52	0.52	0	0	0.42
69400	0.42	0.52	0.52	0	0	0.42
69500	0.42	0.52	0.52	0	0	0.42
69600	0.42	0.52	0.52	0	0	0.42
69700	0.42	0.52	0.52	0	0	0.42
69800	0.42	0.52	0.52	0	0	0.42
69900	0.42	0.52	0.52	0	0	0.42
70000	0.42	0.52	0.52	0	0	0.42
70100	0.42	0.52	0.52	0	0	0.42
70200	0.42	0.52	0.52	0	0	0.42
70300	0.42	0.52	0.52	0	0	0.42
70400	0.42	0.52	0.52	0	0	0.42
70500	0.42	0.52	0.52	0	0	0.42
70600	0.42	0.52	0.52	0	0	0.42
70700	0.42	0.52	0.52	0	0	0.42
70800	0.42	0.52	0.52	0	0	0.42
70900	0.42	0.52	0.52	0	0	0.42
71000	0.42	0.52	0.52	0	0	0.42
71100	0.42	0.52	0.52	0	0	0.42
71200	0.42	0.52	0.52	0	0	0.42
71300	0.42	0.52	0.52	0	0	0.42
71400	0.42	0.52	0.52	0	0	0.42
71500	0.42	0.52	0.52	0	0	0.42
71600	0.44	0.52	0.52	0	0	0.44
71700	0.44	0.52	0.52	0	0	0.44
71800	0.44	0.52	0.52	0	0	0.44
71900	0.44	0.52	0.52	0	0	0.44
72000	0.44	0.52	0.52	0	0	0.44
72100	0.44	0.52	0.52	0	0	0.44
72200	0.44	0.52	0.52	0	0	0.44
72300	0.44	0.52	0.52	0	0	0.44
72400	0.42	0.52	0.52	0	0	0.42
72500	0.42	0.52	0.52	0	0	0.42
72600	0.42	0.52	0.52	0	0	0.42
72700	0.42	0.52	0.52	0	0	0.42
72800	0.42	0.52	0.52	0	0	0.42
72900	0.42	0.52	0.52	0	0	0.42
73000	0.42	0.52	0.52	0	0	0.42
73100	0.42	0.52	0.52	0	0	0.42
73200	0.42	0.52	0.52	0	0	0.42
73300	0.42	0.52	0.52	0	0	0.42
73400	0.42	0.5	0.5	0	0	0.42
73500	0.42	0.5	0.5	0	0	0.42
73600	0.42	0.5	0.5	0	0	0.42
73700	0.42	0.5	0.5	0	0	0.42
73800	0.4	0.5	0.5	0	0	0.4
73900	0.4	0.5	0.5	0	0	0.4
74000	0.4	0.5	0.5	0	0	0.4
74100	0.4	0.5	0.5	0	0	0.4
74200	0.4	0.5	0.5	0	0	0.4
74300	0.4	0.52	0.52	0	0	0.4
74400	0.38	0.52	0.52	0	0	0.38
74500	0.38	0.52	0.52	0	0	0.38
74600	0.38	0.52	0.52	0	0	0.38
74700	0.38	0.52	0.52	0	0	0.38
74800	0.38	0.54	0.54	0	0	0.38
74900	0.38	0.54	0.54	0	0	0.38
75000	0.38	0.54	0.54	0	0	0.38
75100	0.36	0.54	0.54	0	0	0.36
75200	0.36	0.54	0.54	0	0	0.36
75300	0.36	0.54	0.54	0	0	0.36
75400	0.38	0.54	0.54	0	0	0.38
75500	0.36	0.54	0.54	0	0	0.36
75600	0.36	0.54	0.54	0	0	0.36
75700	0.36	0.56	0.56	0	0	0.36
75800	0.38	0.56	0.56	0	0	0.38
75900	0.38	0.56	0.56	0	0	0.38
76000	0.38	0.56	0.56	0	0	0.38
76100	0.38	0.56	0.56	0	0	0.38
76200	0.38	0.56	0.56	0	0	0.38
76300	0.38	0.56	0.56	0	0	0.38
76400	0.38	0.56	0.56	0	0	0.38
76500	0.38	0.56	0.56	0	0	0.38
76600	0.38	0.56	0.56	0	0	0.38
76700	0.38	0.56	0.56	0	0	0.38
76800	0.38	0.56	0.56	0	0	0.38
76900	0.38	0.56	0.56	0	0	0.38
77000	0.38	0.56	0.56	0	0	0.38
77100	0.4	0.56	0.56	0	0	0.4
77200	0.4	0.56	0.56	0	0	0.4
77300	0.4	0.56	0.56	0	0	0.4
77400	0.4	0.56	0.56	0	0	0.4
77500	0.4	0.56	0.56	0	0	0.4
77600	0.4	0.58	0.58	0	0	0.4
77700	0.4	0.58	0.58	0	0	0.4
77800	0.4	0.58	0.58	0	0	0.4
77900	0.4	0.58	0.58	0	0	0.4
78000	0.4	0.58	0.58	0	0	0.4
78100	0.4	0.58	0.58	0	0	0.4
78200	0.4	0.58	0.58	0	0	0.4
78300	0.4	0.58	0.58	0	0	0.4
78400	0.4	0.58	0.58	0	0	0.4
78500	0.4	0.56	0.56	0	0	0.4
78600	0.4	0.56	0.56	0	0	0.4
78700	0.38	0.56	0.56	0	0	0.38
78800	0.38	0.56	0.56	0	0	0.38
78900	0.38	0.56	0.56	0	0	0.38
79000	0.38	0.56	0.56	0	0	0.38
79100	0.38	0.56	0.56	0	0	0.38
79200	0.38	0.56	0.56	0	0	0.38
79300	0.38	0.56	0.56	0	0	0.38
79400	0.38	0.56	0.56	0	0	0.38
79500	0.38	0.56	0.56	0	0	0.38
79600	0.38	0.56	0.56	0	0	0.38
79700	0.38	0.56	0.56	0	0	0.38
79800	0.38	0.56	0.56	0	0	0.38
79900	0.38	0.56	0.56	0	0	0.38
80000	0.38	0.54	0.54	0	0	0.38
80100	0.38	0.54	0.54	0	0	0.38
80200	0.38	0.54	0.54	0	0	0.38
80300	0.38	0.54	0.54	0	0	0.38
80400	0.38	0.54	0.54	0	0	0.38
80500	0.38	0.54	0.54	0	0	0.38
80600	0.38	0.54	0.54	0	0	0.38
80700	0.38	0.54	0.54	0	0	0.38
80800	0.38	0.54	0.54	0	0	0.38
80900	0.38	0.54	0.54	0	0	0.38
81000	0.38	0.54	0.54	0	0	0.38
81100	0.38	0.54	0.54	0	0	0.38
81200	0.38	0.54	0.54	0	0	0.38
81300	0.38	0.54	0.54	0	0	0.38
81400	0.38	0.56	0.56	0	0	0.38
81500	0.38	0.56	0.56	0	0	0.38
81600	0.38	0.56	0.56	0	0	0.38
81700	0.38	0.56	0.56	0	0	0.38
81800	0.38	0.56	0.56	0	0	0.38
81900	0.38	0.56	0.56	0	0	0.38
82000	0.38	0.54	0.54	0	0	0.38
82100	0.38	0.54	0.54	0	0	0.38
82200	0.38	0.54	0.54	0	0	0.38
82300	0.38	0.54	0.54	0	0	0.38
82400	0.38	0.54	0.54	0	0	0.38
82500	0.38	0.54	0.54	0	0	0.38
82600	0.38	0.54	0.54	0	0	0.38
82700	0.38	0.54	0.54	0	0	0.38
82800	0.38	0.54	0.54	0	0	0.38
82900	0.38	0.54	0.54	0	0	0.38
83000	0.38	0.54	0.54	0	0	0.38
83100	0.38	0.54	0.54	0	0	0.38
83200	0.38	0.54	0.54	0	0	0.38
83300	0.38	0.54	0.54	0	0	0.38
83400	0.38	0.54	0.54	0	0	0.38
83500	0.38	0.54	0.54	0	0	0.38
83600	0.38	0.54	0.54	0	0	0.38
83700	0.38	0.54	0.54	0	0	0.38
83800	0.38	0.54	0.54	0	0	0.38
83900	0.38	0.54	0.54	0	0	0.38
84000	0.38	0.54	0.54	0	0	0.38
84100	0.38	0.54	0.54	0	0	0.38
84200	0.38	0.54	0.54	0	0	0.38
84300	0.38	0.54	0.54	0	0	0.38
84400	0.38	0.54	0.54	0	0	0.38
84500	0.38	0.54	0.54	0	0	0.38
84600	0.38	0.54	0.54	0	0	0.38
84700	0.38	0.54	0.54	0	0	0.38
84800	0.38	0.54	0.54	0	0	0.38
84900	0.38	0.54	0.54	0	0	0.38
85000	0.38	0.54	0.54	0	0	0.38
85100	0.38	0.54	0.54	0	0	0.38
85200	0.38	0.54	0.54	0	0	0.38
85300	0.38	0.54	0.54	0	0	0.38
85400	0.4	0.54	0.54	0	0	0.4
85500	0.4	0.54	0.54	0	0	0.4
85600	0.4	0.54	0.54	0	0	0.4
85700	0.4	0.54	0.54	0	0	0.4
85800	0.4	0.54	0.54	0	0	0.4
85900	0.4	0.54	0.54	0	0	0.4
86000	0.4	0.54	0.54	0	0	0.4
86100	0.4	0.54	0.54	0	0	0.4
86200	0.4	0.54	0.54	0	0	0.4
86300	0.4	0.54	0.54	0	0	0.4
86400	0.4	0.54	0.54	0	0	0.4
86500	0.4	0.54	0.54	0	0	0.4
86600	0.4	0.54	0.54	0	0	0.4
86700	0.4	0.54	0.54	0	0	0.4
86800	0.4	0.54	0.54	0	0	0.4
86900	0.4	0.54	0.54	0	0	0.4
87000	0.4	0.54	0.54	0	0	0.4
87100	0.4	0.54	0.54	0	0	0.4
87200	0.4	0.54	0.54	0	0	0.4
87300	0.4	0.54	0.54	0	0	0.4
87400	0.4	0.56	0.56	0	0	0.4
87500	0.4	0.56	0.56	0	0	0.4
87600	0.4	0.56	0.56	0	0	0.4
87700	0.4	0.56	0.56	0	0	0.4
87800	0.4	0.56	0.56	0	0	0.4
87900	0.4	0.56	0.56	0	0	0.4
88000	0.4	0.56	0.56	0	0	0.4
88100	0.4	0.56	0.56	0	0	0.4
88200	0.4	0.56	0.56	0	0	0.4
88300	0.4	0.56	0.56	0	0	0.4
88400	0.4	0.58	0.58	0	0	0.4
88500	0.4	0.58	0.58	0	0	0.4
88600	0.4	0.58	0.58	0	0	0.4
88700	0.4	0.56	0.56	0	0	0.4
88800	0.4	0.56	0.56	0	0	0.4
88900	0.4	0.56	0.56	0	0	0.4
89000	0.4	0.56	0.56	0	0	0.4
89100	0.4	0.56	0.56	0	0	0.4
89200	0.4	0.56	0.56	0	0	0.4
89300	0.4	0.56	0.56	0	0	0.4
89400	0.4	0.56	0.56	0	0	0.4
89500	0.4	0.56	0.56	0	0	0.4
89600	0.4	0.56	0.56	0	0	0.4
89700	0.4	0.56	0.56	0	0	0.4
89800	0.4	0.56	0.56	0	0	0.4
89900	0.4	0.56	0.56	0	0	0.4
90000	0.4	0.56	0.56	0	0	0.4
90100	0.4	0.56	0.56	0	0	0.4
90200	0.4	0.56	0.56	0	0	0.4
90300	0.4	0.56	0.56	0	0	0.4
90400	0.4	0.56	0.56	0	0	0.4
90500	0.4	0.56	0.56	0	0	0.4
90600	0.4	0.56	0.56	0	0	0.4
90700	0.4	0.56	0.56	0	0	0.4
90800	0.4	0.56	0.56	0	0	0.4
90900	0.4	0.56	0.56	0	0	0.4
91000	0.4	0.56	0.56	0	0	0.4
91100	0.4	0.56	0.56	0	0	0.4
91200	0.4	0.56	0.56	0	0	0.4
91300	0.4	0.56	0.56	0	0	0.4
91400	0.4	0.56	0.56	0	0	0.4
91500	0.4	0.56	0.56	0	0	0.4
91600	0.4	0.56	0.56	0	0	0.4
91700	0.4	0.56	0.56	0	0	0.4
91800	0.4	0.56	0.56	0	0	0.4
91900	0.4	0.56	0.56	0	0	0.4
92000	0.4	0.56	0.56	0	0	0.4
92100	0.4	0.56	0.56	0	0	0.4
92200	0.4	0.56	0.56	0	0	0.4
92300	0.4	0.56	0.56	0	0	0.4
92400	0.4	0.56	0.56	0	0	0.4
92500	0.4	0.56	0.56	0	0	0.4
92600	0.4	0.56	0.56	0	0	0.4
92700	0.4	0.56	0.56	0	0	0.4
92800	0.4	0.56	0.56	0	0	0.4
92900	0.4	0.56	0.56	0	0	0.4
93000	0.38	0.56	0.56	0	0	0.38
93100	0.38	0.56	0.56	0	0	0.38
93200	0.38	0.56	0.56	0	0	0.38
93300	0.38	0.56	0.56	0	0	0.38
93400	0.4	0.56	0.56	0	0	0.4
93500	0.4	0.56	0.56	0	0	0.4
93600	0.4	0.56	0.56	0	0	0.4
93700	0.4	0.56	0.56	0	0	0.4
93800	0.4	0.54	0.54	0	0	0.4
93900	0.4	0.54	0.54	0	0	0.4
94000	0.4	0.54	0.54	0	0	0.4
94100	0.4	0.54	0.54	0	0	0.4
94200	0.4	0.54	0.54	0	0	0.4
94300	0.42	0.54	0.54	0	0	0.42
94400	0.42	0.54	0.54	0	0	0.42
94500	0.42	0.54	0.54	0	0	0.42
94600	0.42	0.54	0.54	0	0	0.42
94700	0.42	0.54	0.54	0	0	0.42
94800	0.42	0.54	0.54	0	0	0.42
94900	0.42	0.54	0.54	0	0	0.42
95000	0.4	0.54	0.54	0	0	0.4
95100	0.4	0.54	0.54	0	0	0.4
95200	0.4	0.54	0.54	0	0	0.4
95300	0.4	0.54	0.54	0	0	0.4
95400	0.4	0.54	0.54	0	0	0.4
95500	0.4	0.54	0.54	0	0	0.4
95600	0.42	0.54	0.54	0	0	0.42
95700	0.42	0.54	0.54	0	0	0.42
95800	0.42	0.54	0.54	0	0	0.42
95900	0.42	0.54	0.54	0	0	0.42
96000	0.42	0.54	0.54	0	0	0.42
96100	0.42	0.54	0.54	0	0	0.42
96200	0.42	0.54	0.54	0	0	0.42
96300	0.42	0.54	0.54	0	0	0.42
96400	0.4	0.54	0.54	0	0	0.4
96500	0.4	0.54	0.54	0	0	0.4
96600	0.4	0.54	0.54	0	0	0.4
96700	0.4	0.54	0.54	0	0	0.4
96800	0.4	0.54	0.54	0	0	0.4
96900	0.4	0.54	0.54	0	0	0.4
97000	0.4	0.54	0.54	0	0	0.4
97100	0.4	0.54	0.54	0	0	0.4
97200	0.4	0.54	0.54	0	0	0.4
97300	0.4	0.56	0.56	0	0	0.4
97400	0.4	0.56	0.56	0	0	0.4
97500	0.4	0.56	0.56	0	0	0.4
97600	0.4	0.56	0.56	0	0	0.4
97700	0.4	0.56	0.56	0	0	0.4
97800	0.4	0.56	0.56	0	0	0.4
97900	0.4	0.56	0.56	0	0	0.4
98000	0.4	0.56	0.56	0	0	0.4
98100	0.4	0.56	0.56	0	0	0.4
98200	0.4	0.56	0.56	0	0	0.4
98300	0.4	0.56	0.56	0	0	0.4
98400	0.4	0.56	0.56	0	0	0.4
98500	0.4	0.56	0.56	0	0	0.4
98600	0.4	0.56	0.56	0	0	0.4
98700	0.42	0.56	0.56	0	0	0.42
98800	0.42	0.56	0.56	0	0	0.42
98900	0.42	0.56	0.56	0	0	0.42
99000	0.42	0.56	0.56	0	0	0.42
99100	0.42	0.56	0.56	0	0	0.42
99200	0.42	0.56	0.56	0	0	0.42
99300	0.42	0.56	0.56	0	0	0.42
99400	0.42	0.56	0.56	0	0	0.42
99500	0.42	0.56	0.56	0	0	0.42
99600	0.42	0.56	0.56	0	0	0.42
99700	0.42	0.56	0.56	0	0	0.42
99800	0.42	0.56	0.56	0	0	0.42
99900	0.42	0.56	0.56	0	0	0.42
100000	0.42	0.56	0.56	0	0	0.42
